"iteration","obs_index","y_true","y_pred"
1,1,-105,-104.93220338983
1,2,-61,-39.7242524916944
1,3,-33,-39.7242524916944
1,4,-38,-14.9288793103448
1,5,-20,-14.9288793103448
1,6,-18,-14.9288793103448
1,7,-9,-14.9288793103448
1,8,-1,-14.9288793103448
1,9,0,4.81508515815085
1,10,1,4.81508515815085
1,11,21,4.81508515815085
1,12,52,69.8695652173913
1,13,137,135.239436619718
1,14,173,135.239436619718
1,15,-161,-166.291666666667
1,16,-141,-104.93220338983
1,17,-2,-39.7242524916944
1,18,36,4.81508515815085
1,19,-2,-20.5769230769231
1,20,-1,4.81508515815085
1,21,2,4.81508515815085
1,22,78,59
1,23,215,211.108108108108
1,24,-29,-79.1428571428571
1,25,-118,-155.396946564885
1,26,-88,-110.381578947368
1,27,-80,-39.7242524916944
1,28,-26,-39.7242524916944
1,29,-11,-14.9288793103448
1,30,-35,-14.9288793103448
1,31,-17,-14.9288793103448
1,32,-3,-14.9288793103448
1,33,-1,4.81508515815085
1,34,-1,4.81508515815085
1,35,10,4.81508515815085
1,36,57,4.81508515815085
1,37,135,140.266666666667
1,38,242,135.239436619718
1,39,-206,-166.291666666667
1,40,-125,-155.396946564885
1,41,22,-110.381578947368
1,42,53,30.9859154929577
1,43,13,-20.5769230769231
1,44,-26,-20.5769230769231
1,45,44,-14.9288793103448
1,46,72,101.333333333333
1,47,182,228.342857142857
1,48,-57,-53.5833333333333
1,49,-147,-104.93220338983
1,50,-95,-39.7242524916944
1,51,-23,-39.7242524916944
1,52,-19,-14.9288793103448
1,53,-34,-14.9288793103448
1,54,-22,-14.9288793103448
1,55,-17,-14.9288793103448
1,56,-24,-14.9288793103448
1,57,-18,-14.9288793103448
1,58,-10,-14.9288793103448
1,59,-1,-14.9288793103448
1,60,-2,4.81508515815085
1,61,13,4.81508515815085
1,62,44,69.8695652173913
1,63,66,140.266666666667
1,64,73,135.239436619718
1,65,121,14.3461538461538
1,66,52,-127.081081081081
1,67,69,-46.6190476190476
1,68,67,30.9859154929577
1,69,-63,-20.5769230769231
1,70,-48,-39.7242524916944
1,71,-79,-39.7242524916944
1,72,-25,-39.7242524916944
1,73,-82,-14.9288793103448
1,74,-45,-39.7242524916944
1,75,-30,-39.7242524916944
1,76,-31,-14.9288793103448
1,77,10,-14.9288793103448
1,78,-28,4.81508515815085
1,79,-19,-14.9288793103448
1,80,-5,-14.9288793103448
1,81,-35,4.81508515815085
1,82,-26,-14.9288793103448
1,83,-4,-14.9288793103448
1,84,0,4.81508515815085
1,85,22,4.81508515815085
1,86,33,69.8695652173913
1,87,68,44.6279069767442
1,88,83,155.730769230769
1,89,48,101.333333333333
1,90,95,110.452380952381
1,91,-8,-127.081081081081
1,92,-15,-14.9288793103448
1,93,2,-14.9288793103448
1,94,-16,4.81508515815085
1,95,-95,-14.9288793103448
1,96,-38,-39.7242524916944
1,97,-69,-14.9288793103448
1,98,14,-39.7242524916944
1,99,-35,-12.8
1,100,-33,-14.9288793103448
1,101,-28,-14.9288793103448
1,102,-15,-14.9288793103448
1,103,-10,-14.9288793103448
1,104,0,-14.9288793103448
1,105,-2,4.81508515815085
1,106,1,4.81508515815085
1,107,17,4.81508515815085
1,108,67,69.8695652173913
1,109,152,135.239436619718
1,110,180,135.239436619718
1,111,-223,-234
1,112,-89,-104.93220338983
1,113,-20,15.7333333333333
1,114,15,-14.9288793103448
1,115,-23,-20.5769230769231
1,116,-30,-14.9288793103448
1,117,19,-14.9288793103448
1,118,-20,92.1946308724832
1,119,103,-14.9288793103448
1,120,12,135.239436619718
1,121,26,44.6279069767442
1,122,-58,69.8695652173913
1,123,-53,-39.7242524916944
1,124,-17,-39.7242524916944
1,125,-10,-14.9288793103448
1,126,-38,-14.9288793103448
1,127,-9,-14.9288793103448
1,128,-1,-14.9288793103448
1,129,0,4.81508515815085
1,130,19,4.81508515815085
1,131,56,69.8695652173913
1,132,143,135.239436619718
1,133,249,155.730769230769
1,134,-276,-166.291666666667
1,135,-112,-155.396946564885
1,136,18,-110.381578947368
1,137,39,30.9859154929577
1,138,38,-20.5769230769231
1,139,-72,-20.5769230769231
1,140,30,-39.7242524916944
1,141,104,92.1946308724832
1,142,220,228.342857142857
1,143,-75,-53.5833333333333
1,144,-104,-155.396946564885
1,145,-81,-110.381578947368
1,146,-84,-39.7242524916944
1,147,-2,-39.7242524916944
1,148,-73,4.81508515815085
1,149,-13,-39.7242524916944
1,150,-21,-14.9288793103448
1,151,-2,-14.9288793103448
1,152,-1,4.81508515815085
1,153,-2,4.81508515815085
1,154,20,4.81508515815085
1,155,52,92.1946308724832
1,156,182,135.239436619718
1,157,243,135.239436619718
1,158,-274,-166.291666666667
1,159,-128,-155.396946564885
1,160,2,-110.381578947368
1,161,-44,4.81508515815085
1,162,10,-39.7242524916944
1,163,8,4.81508515815085
1,164,6,4.81508515815085
1,165,39,107.474576271186
1,166,16,168.178571428571
1,167,-36,44.6279069767442
1,168,-5,-14.9288793103448
1,169,-36,4.81508515815085
1,170,-28,-14.9288793103448
1,171,20,-14.9288793103448
1,172,-40,-20.5769230769231
1,173,-6,-14.9288793103448
1,174,0,4.81508515815085
1,175,-1,4.81508515815085
1,176,1,4.81508515815085
1,177,-1,4.81508515815085
1,178,14,4.81508515815085
1,179,73,69.8695652173913
1,180,131,110.452380952381
1,181,288,-79.1428571428571
1,182,-278,-234
1,183,-140,-155.396946564885
1,184,29,-110.381578947368
1,185,25,30.9859154929577
1,186,39,-20.5769230769231
1,187,-27,-20.5769230769231
1,188,32,-14.9288793103448
1,189,93,92.1946308724832
1,190,214,228.342857142857
1,191,-74,-53.5833333333333
1,192,-91,-155.396946564885
1,193,-90,-110.381578947368
1,194,-66,-39.7242524916944
1,195,-41,-39.7242524916944
1,196,-66,-39.7242524916944
1,197,-25,-39.7242524916944
1,198,-30,-14.9288793103448
1,199,2,-14.9288793103448
1,200,-7,4.81508515815085
1,201,-4,-14.9288793103448
1,202,18,4.81508515815085
1,203,52,92.1946308724832
1,204,104,140.266666666667
1,205,242,155.730769230769
1,206,-205,-127.081081081081
1,207,-111,-155.396946564885
1,208,11,-110.381578947368
1,209,40,30.9859154929577
1,210,0,-20.5769230769231
1,211,-25,4.81508515815085
1,212,9,-14.9288793103448
1,213,95,107.474576271186
1,214,99,228.342857142857
1,215,-31,-79.1428571428571
1,216,-95,-14.9288793103448
1,217,-70,-39.7242524916944
1,218,-34,-39.7242524916944
1,219,-37,-14.9288793103448
1,220,0,-14.9288793103448
1,221,-21,4.81508515815085
1,222,6,-14.9288793103448
1,223,-12,4.81508515815085
1,224,-18,-14.9288793103448
1,225,-17,-14.9288793103448
1,226,1,-14.9288793103448
1,227,1,4.81508515815085
1,228,19,4.81508515815085
1,229,68,44.6279069767442
1,230,-11,135.239436619718
1,231,68,-14.9288793103448
1,232,29,14.3461538461538
1,233,41,44.6279069767442
1,234,1,30.9859154929577
1,235,11,4.81508515815085
1,236,-5,-20.5769230769231
1,237,-20,4.81508515815085
1,238,-62,-14.9288793103448
1,239,-1,-39.7242524916944
1,240,-41,4.81508515815085
1,241,1,-39.7242524916944
1,242,-34,4.81508515815085
1,243,-3,-14.9288793103448
1,244,10,4.81508515815085
1,245,-17,4.81508515815085
1,246,-17,-14.9288793103448
1,247,1,-14.9288793103448
1,248,-18,4.81508515815085
1,249,-19,-14.9288793103448
1,250,-1,-14.9288793103448
1,251,3,4.81508515815085
1,252,9,4.81508515815085
1,253,19,4.81508515815085
1,254,54,44.6279069767442
1,255,36,135.239436619718
1,256,39,69.8695652173913
1,257,69,44.6279069767442
1,258,-10,30.9859154929577
1,259,-36,-14.9288793103448
1,260,18,-14.9288793103448
1,261,-1,-20.5769230769231
1,262,-59,4.81508515815085
1,263,-26,-39.7242524916944
1,264,-10,-14.9288793103448
1,265,-15,-14.9288793103448
1,266,-23,-14.9288793103448
1,267,-12,-14.9288793103448
1,268,-31,-14.9288793103448
1,269,-4,-14.9288793103448
1,270,-5,4.81508515815085
1,271,-3,4.81508515815085
1,272,-14,4.81508515815085
1,273,5,-14.9288793103448
1,274,-2,4.81508515815085
1,275,7,4.81508515815085
1,276,20,4.81508515815085
1,277,45,44.6279069767442
1,278,18,44.6279069767442
1,279,30,69.8695652173913
1,280,53,44.6279069767442
1,281,6,30.9859154929577
1,282,43,4.81508515815085
1,283,-47,-20.5769230769231
1,284,11,-39.7242524916944
1,285,-12,-20.5769230769231
1,286,13,-14.9288793103448
1,287,-12,-20.5769230769231
1,288,-37,-14.9288793103448
1,289,-54,-14.9288793103448
1,290,-41,-39.7242524916944
1,291,-6,-39.7242524916944
1,292,-15,4.81508515815085
1,293,-16,-14.9288793103448
1,294,-10,-14.9288793103448
1,295,10,-14.9288793103448
1,296,-10,4.81508515815085
1,297,11,-14.9288793103448
1,298,44,44.6279069767442
1,299,69,101.333333333333
1,300,-33,135.239436619718
1,301,-25,-14.9288793103448
1,302,-6,-14.9288793103448
1,303,13,4.81508515815085
1,304,11,30.9859154929577
1,305,17,-20.5769230769231
1,306,29,-20.5769230769231
1,307,-3,69.8695652173913
1,308,90,4.81508515815085
1,309,243,-40
1,310,1,-79.1428571428571
1,311,-155,-155.396946564885
1,312,-128,-110.381578947368
1,313,0,-93.21875
1,314,-90,4.81508515815085
1,315,-29,-39.7242524916944
1,316,-44,-14.9288793103448
1,317,-7,-39.7242524916944
1,318,-8,-14.9288793103448
1,319,2,-14.9288793103448
1,320,-3,4.81508515815085
1,321,28,4.81508515815085
1,322,59,-12.8
1,323,175,140.266666666667
1,324,226,76
1,325,-287,-234
1,326,-109,-155.396946564885
1,327,21,-110.381578947368
1,328,47,30.9859154929577
1,329,-31,-20.5769230769231
1,330,-25,-14.9288793103448
1,331,25,-14.9288793103448
1,332,46,92.1946308724832
1,333,170,168.178571428571
1,334,9,-53.5833333333333
1,335,-99,-104.93220338983
1,336,-91,-39.7242524916944
1,337,-41,-39.7242524916944
1,338,-46,-39.7242524916944
1,339,-40,-39.7242524916944
1,340,-22,-14.9288793103448
1,341,-11,-14.9288793103448
1,342,-2,-14.9288793103448
1,343,1,4.81508515815085
1,344,-3,4.81508515815085
1,345,18,4.81508515815085
1,346,67,-12.8
1,347,120,135.239436619718
1,348,217,135.239436619718
1,349,-213,-234
1,350,-102,-155.396946564885
1,351,-9,-110.381578947368
1,352,12,-14.9288793103448
1,353,13,-20.5769230769231
1,354,-5,-20.5769230769231
1,355,8,4.81508515815085
1,356,66,107.474576271186
1,357,192,228.342857142857
1,358,-24,135.239436619718
1,359,-127,-104.93220338983
1,360,-43,-39.7242524916944
1,361,-70,-39.7242524916944
1,362,-31,-39.7242524916944
1,363,-34,-14.9288793103448
1,364,-29,-14.9288793103448
1,365,-12,-14.9288793103448
1,366,-4,-14.9288793103448
1,367,-7,4.81508515815085
1,368,-1,-14.9288793103448
1,369,16,4.81508515815085
1,370,49,69.8695652173913
1,371,117,140.266666666667
1,372,240,135.239436619718
1,373,-162,-166.291666666667
1,374,-166,-155.396946564885
1,375,26,-110.381578947368
1,376,1,30.9859154929577
1,377,32,4.81508515815085
1,378,-41,-20.5769230769231
1,379,41,-39.7242524916944
1,380,18,92.1946308724832
1,381,175,168.178571428571
1,382,-48,-127.081081081081
1,383,-109,-104.93220338983
1,384,-50,-39.7242524916944
1,385,-38,-39.7242524916944
1,386,-32,-14.9288793103448
1,387,-34,-14.9288793103448
1,388,-14,-14.9288793103448
1,389,-1,-14.9288793103448
1,390,3,59
1,391,-13,4.81508515815085
1,392,-12,-14.9288793103448
1,393,1,-14.9288793103448
1,394,-1,4.81508515815085
1,395,12,4.81508515815085
1,396,12,44.6279069767442
1,397,17,44.6279069767442
1,398,3,69.8695652173913
1,399,18,4.81508515815085
1,400,4,44.6279069767442
1,401,9,4.81508515815085
1,402,19,4.81508515815085
1,403,24,-20.5769230769231
1,404,-1,-20.5769230769231
1,405,-12,4.81508515815085
1,406,4,-14.9288793103448
1,407,-25,4.81508515815085
1,408,-18,-14.9288793103448
1,409,2,-14.9288793103448
1,410,-10,4.81508515815085
1,411,-7,-14.9288793103448
1,412,0,-14.9288793103448
1,413,-2,4.81508515815085
1,414,-3,4.81508515815085
1,415,-26,4.81508515815085
1,416,-19,-14.9288793103448
1,417,1,-14.9288793103448
1,418,1,4.81508515815085
1,419,9,4.81508515815085
1,420,19,4.81508515815085
1,421,31,44.6279069767442
1,422,66,69.8695652173913
1,423,4,14.3461538461538
1,424,52,4.81508515815085
1,425,14,30.9859154929577
1,426,-17,30.9859154929577
1,427,-6,-14.9288793103448
1,428,-21,4.81508515815085
1,429,-47,-14.9288793103448
1,430,13,-39.7242524916944
1,431,-32,30.9859154929577
1,432,-15,-14.9288793103448
1,433,-30,-14.9288793103448
1,434,14,-14.9288793103448
1,435,-21,-12.8
1,436,-18,-14.9288793103448
1,437,-15,-14.9288793103448
1,438,-2,-14.9288793103448
1,439,-1,4.81508515815085
1,440,0,4.81508515815085
1,441,18,4.81508515815085
1,442,23,69.8695652173913
1,443,80,69.8695652173913
1,444,150,135.239436619718
1,445,-61,-79.1428571428571
1,446,-62,-104.93220338983
1,447,-87,-39.7242524916944
1,448,0,-39.7242524916944
1,449,-25,4.81508515815085
1,450,24,-14.9288793103448
1,451,13,24.0666666666667
1,452,48,92.1946308724832
1,453,154,89.1818181818182
1,454,6,14.3461538461538
1,455,-62,-104.93220338983
1,456,-51,-39.7242524916944
1,457,-49,-39.7242524916944
1,458,-52,-39.7242524916944
1,459,-31,-39.7242524916944
1,460,-12,-14.9288793103448
1,461,-16,-14.9288793103448
1,462,-1,-14.9288793103448
1,463,-5,4.81508515815085
1,464,-1,4.81508515815085
1,465,24,4.81508515815085
1,466,63,69.8695652173913
1,467,143,135.239436619718
1,468,258,135.239436619718
1,469,-235,-234
1,470,-139,-155.396946564885
1,471,37,-110.381578947368
1,472,22,30.9859154929577
1,473,28,-20.5769230769231
1,474,-30,-20.5769230769231
1,475,35,-14.9288793103448
1,476,70,92.1946308724832
1,477,237,228.342857142857
1,478,-92,-127.081081081081
1,479,-92,-155.396946564885
1,480,-102,-110.381578947368
1,481,-57,-93.21875
1,482,-47,-39.7242524916944
1,483,-26,-39.7242524916944
1,484,-68,-14.9288793103448
1,485,-18,-39.7242524916944
1,486,-7,-14.9288793103448
1,487,-5,-14.9288793103448
1,488,3,4.81508515815085
1,489,29,4.81508515815085
1,490,55,69.8695652173913
1,491,169,140.266666666667
1,492,256,76
1,493,-277,-166.291666666667
1,494,-95,-155.396946564885
1,495,16,-110.381578947368
1,496,36,30.9859154929577
1,497,19,-20.5769230769231
1,498,-52,-20.5769230769231
1,499,-5,-39.7242524916944
1,500,91,107.474576271186
1,501,224,228.342857142857
1,502,-31,-79.1428571428571
1,503,-123,-155.396946564885
1,504,-81,-110.381578947368
1,505,-50,-39.7242524916944
1,506,-72,-39.7242524916944
1,507,-47,-39.7242524916944
1,508,-41,-39.7242524916944
1,509,-4,-39.7242524916944
1,510,-14,59
1,511,-1,-14.9288793103448
1,512,-3,4.81508515815085
1,513,25,4.81508515815085
1,514,60,-12.8
1,515,151,140.266666666667
1,516,291,99.8333333333333
1,517,-256,-234
1,518,-166,-155.396946564885
1,519,3,-110.381578947368
1,520,54,4.81508515815085
1,521,8,-20.5769230769231
1,522,-45,4.81508515815085
1,523,36,-39.7242524916944
1,524,60,92.1946308724832
1,525,189,168.178571428571
1,526,-7,-53.5833333333333
1,527,-93,-104.93220338983
1,528,-89,-39.7242524916944
1,529,-32,-39.7242524916944
1,530,-50,-14.9288793103448
1,531,-51,-39.7242524916944
1,532,-53,-39.7242524916944
1,533,-9,-39.7242524916944
1,534,-16,-14.9288793103448
1,535,-5,-14.9288793103448
1,536,-4,4.81508515815085
1,537,20,4.81508515815085
1,538,48,92.1946308724832
1,539,62,140.266666666667
1,540,86,135.239436619718
1,541,-113,101.333333333333
1,542,19,-39.7242524916944
1,543,-21,30.9859154929577
1,544,75,-14.9288793103448
1,545,21,-20.5769230769231
1,546,-25,-20.5769230769231
1,547,21,-14.9288793103448
1,548,70,92.1946308724832
1,549,155,110.452380952381
1,550,-39,135.239436619718
1,551,-132,-104.93220338983
1,552,-92,-39.7242524916944
1,553,-24,-39.7242524916944
1,554,-16,-14.9288793103448
1,555,-33,-14.9288793103448
1,556,-17,-14.9288793103448
1,557,-11,-14.9288793103448
1,558,-17,-14.9288793103448
1,559,-24,-14.9288793103448
1,560,-9,-14.9288793103448
1,561,2,-14.9288793103448
1,562,5,4.81508515815085
1,563,16,4.81508515815085
1,564,60,69.8695652173913
1,565,67,135.239436619718
1,566,33,101.333333333333
1,567,105,69.8695652173913
1,568,18,-127.081081081081
1,569,59,30.9859154929577
1,570,-11,30.9859154929577
1,571,48,-14.9288793103448
1,572,-3,-20.5769230769231
1,573,-117,4.81508515815085
1,574,-49,-39.7242524916944
1,575,-35,-39.7242524916944
1,576,-86,-14.9288793103448
1,577,7,-39.7242524916944
1,578,-24,4.81508515815085
1,579,-18,-14.9288793103448
1,580,11,-14.9288793103448
1,581,-23,92.1946308724832
1,582,-22,-14.9288793103448
1,583,-30,-14.9288793103448
1,584,-16,-14.9288793103448
1,585,2,-14.9288793103448
1,586,-2,4.81508515815085
1,587,7,4.81508515815085
1,588,58,4.81508515815085
1,589,41,135.239436619718
1,590,80,69.8695652173913
1,591,64,14.3461538461538
1,592,33,110.452380952381
1,593,28,30.9859154929577
1,594,-36,30.9859154929577
1,595,30,-14.9288793103448
1,596,12,-20.5769230769231
1,597,-88,-103.538461538462
1,598,-66,-39.7242524916944
1,599,-9,-39.7242524916944
1,600,-48,-14.9288793103448
1,601,-42,-39.7242524916944
1,602,-5,-39.7242524916944
1,603,-39,4.81508515815085
1,604,-15,-14.9288793103448
1,605,-1,-14.9288793103448
1,606,-2,4.81508515815085
1,607,-3,4.81508515815085
1,608,1,4.81508515815085
1,609,21,4.81508515815085
1,610,54,69.8695652173913
1,611,145,135.239436619718
1,612,268,-3.52380952380952
1,613,-295,-166.291666666667
1,614,-113,-155.396946564885
1,615,14,-110.381578947368
1,616,35,30.9859154929577
1,617,-2,-20.5769230769231
1,618,-17,4.81508515815085
1,619,23,-14.9288793103448
1,620,83,92.1946308724832
1,621,217,228.342857142857
1,622,-28,-79.1428571428571
1,623,-104,-155.396946564885
1,624,-125,-110.381578947368
1,625,-19,-39.7242524916944
1,626,-68,-14.9288793103448
1,627,-42,-39.7242524916944
1,628,-37,-39.7242524916944
1,629,-7,-14.9288793103448
1,630,-6,-14.9288793103448
1,631,0,4.81508515815085
1,632,-1,4.81508515815085
1,633,21,4.81508515815085
1,634,82,69.8695652173913
1,635,175,192.233644859813
1,636,233,135.239436619718
1,637,-251,-234
1,638,-117,-155.396946564885
1,639,-5,-110.381578947368
1,640,55,4.81508515815085
1,641,4,-20.5769230769231
1,642,-38,4.81508515815085
1,643,17,-14.9288793103448
1,644,130,92.1946308724832
1,645,252,228.342857142857
1,646,-57,-66.6818181818182
1,647,-174,-155.396946564885
1,648,-90,-110.381578947368
1,649,-73,-93.21875
1,650,-36,-39.7242524916944
1,651,-66,-14.9288793103448
1,652,-32,-39.7242524916944
1,653,-27,-14.9288793103448
1,654,3,-14.9288793103448
1,655,-4,4.81508515815085
1,656,-2,4.81508515815085
1,657,17,4.81508515815085
1,658,49,92.1946308724832
1,659,141,140.266666666667
1,660,312,155.730769230769
1,661,-244,-166.291666666667
1,662,-143,-155.396946564885
1,663,10,-110.381578947368
1,664,36,4.81508515815085
1,665,7,-20.5769230769231
1,666,6,4.81508515815085
1,667,2,4.81508515815085
1,668,89,107.474576271186
1,669,256,228.342857142857
1,670,-13,-79.1428571428571
1,671,-191,-155.396946564885
1,672,-71,-110.381578947368
1,673,-31,-93.21875
1,674,-93,-14.9288793103448
1,675,-43,-39.7242524916944
1,676,-66,-39.7242524916944
1,677,-14,-39.7242524916944
1,678,-8,-14.9288793103448
1,679,-7,-14.9288793103448
1,680,-1,-14.9288793103448
1,681,18,4.81508515815085
1,682,55,69.8695652173913
1,683,131,140.266666666667
1,684,240,135.239436619718
1,685,-217,-166.291666666667
1,686,-150,-155.396946564885
1,687,27,-110.381578947368
1,688,43,30.9859154929577
1,689,-11,-20.5769230769231
1,690,4,-14.9288793103448
1,691,33,4.81508515815085
1,692,55,92.1946308724832
1,693,221,168.178571428571
1,694,-40,-53.5833333333333
1,695,-83,-155.396946564885
1,696,-114,-110.381578947368
1,697,-65,-39.7242524916944
1,698,-39,-39.7242524916944
1,699,-48,-14.9288793103448
1,700,-23,-39.7242524916944
1,701,-16,-14.9288793103448
1,702,-16,-14.9288793103448
1,703,-2,-14.9288793103448
1,704,-2,4.81508515815085
1,705,15,4.81508515815085
1,706,71,92.1946308724832
1,707,138,192.233644859813
1,708,215,135.239436619718
1,709,-171,-234
1,710,-141,-155.396946564885
1,711,35,-110.381578947368
1,712,52,30.9859154929577
1,713,-18,-20.5769230769231
1,714,-28,-14.9288793103448
1,715,46,-14.9288793103448
1,716,95,101.333333333333
1,717,177,211.108108108108
1,718,-103,-53.5833333333333
1,719,-118,-104.93220338983
1,720,-104,-39.7242524916944
1,721,-29,-39.7242524916944
1,722,-15,-14.9288793103448
1,723,-42,-14.9288793103448
1,724,9,-39.7242524916944
1,725,-43,4.81508515815085
1,726,1,-39.7242524916944
1,727,-26,4.81508515815085
1,728,-12,-14.9288793103448
1,729,-2,-14.9288793103448
1,730,1,4.81508515815085
1,731,23,4.81508515815085
1,732,62,69.8695652173913
1,733,67,110.452380952381
1,734,67,155.730769230769
1,735,46,14.3461538461538
1,736,30,110.452380952381
1,737,2,30.9859154929577
1,738,-26,4.81508515815085
1,739,29,-14.9288793103448
1,740,-162,-20.5769230769231
1,741,-76,-39.7242524916944
1,742,-3,-39.7242524916944
1,743,16,4.81508515815085
1,744,-3,-103.538461538462
1,745,1,4.81508515815085
1,746,17,4.81508515815085
1,747,-25,92.1946308724832
1,748,-9,-14.9288793103448
1,749,-10,-14.9288793103448
1,750,12,-14.9288793103448
1,751,-46,-20.5769230769231
1,752,-8,-39.7242524916944
1,753,-5,-14.9288793103448
1,754,0,4.81508515815085
1,755,12,4.81508515815085
1,756,46,69.8695652173913
1,757,30,110.452380952381
1,758,56,69.8695652173913
1,759,34,101.333333333333
1,760,66,44.6279069767442
1,761,26,30.9859154929577
1,762,-31,30.9859154929577
1,763,29,-14.9288793103448
1,764,24,-20.5769230769231
1,765,10,-103.538461538462
1,766,-125,4.81508515815085
1,767,-112,-39.7242524916944
1,768,-19,-39.7242524916944
1,769,16,-14.9288793103448
1,770,125,30.9859154929577
1,771,-149,-3.52380952380952
1,772,-21,-46.6190476190476
1,773,-15,-14.9288793103448
1,774,-3,-14.9288793103448
1,775,-1,4.81508515815085
1,776,15,4.81508515815085
1,777,55,24.0666666666667
1,778,162,140.266666666667
1,779,210,211.108108108108
1,780,-167,-166.291666666667
1,781,-161,-155.396946564885
1,782,0,-110.381578947368
1,783,34,4.81508515815085
1,784,-9,-20.5769230769231
1,785,-1,-14.9288793103448
1,786,31,4.81508515815085
1,787,57,92.1946308724832
1,788,202,168.178571428571
1,789,7,-53.5833333333333
1,790,-146,-155.396946564885
1,791,-90,-39.7242524916944
1,792,-47,-39.7242524916944
1,793,-67,-39.7242524916944
1,794,-41,-39.7242524916944
1,795,-23,-39.7242524916944
1,796,-9,-14.9288793103448
1,797,-10,-14.9288793103448
1,798,-2,-14.9288793103448
1,799,1,4.81508515815085
1,800,12,4.81508515815085
1,801,85,69.8695652173913
1,802,199,192.233644859813
1,803,230,135.239436619718
1,804,-240,-234
1,805,-173,-155.396946564885
1,806,13,-110.381578947368
1,807,43,30.9859154929577
1,808,12,-20.5769230769231
1,809,-46,-20.5769230769231
1,810,8,-39.7242524916944
1,811,130,107.474576271186
1,812,233,228.342857142857
1,813,9,-66.6818181818182
1,814,-180,-155.396946564885
1,815,-126,-110.381578947368
1,816,-22,-93.21875
1,817,-72,-14.9288793103448
1,818,-67,-39.7242524916944
1,819,-28,-39.7242524916944
1,820,-13,-14.9288793103448
1,821,-9,-14.9288793103448
1,822,0,-14.9288793103448
1,823,0,4.81508515815085
1,824,19,4.81508515815085
1,825,78,92.1946308724832
1,826,183,192.233644859813
1,827,227,135.239436619718
1,828,-255,-234
1,829,-145,-155.396946564885
1,830,-6,-110.381578947368
1,831,36,4.81508515815085
1,832,-12,-20.5769230769231
1,833,-18,-14.9288793103448
1,834,-54,-14.9288793103448
1,835,21,107.474576271186
1,836,80,168.178571428571
1,837,12,-40
1,838,-6,44.6279069767442
1,839,-36,4.81508515815085
1,840,4,-14.9288793103448
1,841,-31,4.81508515815085
1,842,-38,-14.9288793103448
1,843,-34,-14.9288793103448
1,844,-14,-14.9288793103448
1,845,-10,-14.9288793103448
1,846,2,-14.9288793103448
1,847,-3,4.81508515815085
1,848,17,4.81508515815085
1,849,58,-12.8
1,850,191,140.266666666667
1,851,217,135.239436619718
1,852,-246,-234
1,853,-141,-155.396946564885
1,854,2,-110.381578947368
1,855,59,4.81508515815085
1,856,-4,-20.5769230769231
1,857,-10,4.81508515815085
1,858,-10,-14.9288793103448
1,859,104,107.474576271186
1,860,161,228.342857142857
1,861,18,-79.1428571428571
1,862,-122,-104.93220338983
1,863,-96,-39.7242524916944
1,864,-22,-39.7242524916944
1,865,-70,-14.9288793103448
1,866,-23,-39.7242524916944
1,867,-41,-14.9288793103448
1,868,-30,-39.7242524916944
1,869,3,-14.9288793103448
1,870,-11,4.81508515815085
1,871,-3,-14.9288793103448
1,872,15,4.81508515815085
1,873,47,-12.8
1,874,166,140.266666666667
1,875,218,155.730769230769
1,876,-173,-166.291666666667
1,877,-151,-155.396946564885
1,878,29,-110.381578947368
1,879,23,30.9859154929577
1,880,16,-20.5769230769231
1,881,-46,-20.5769230769231
1,882,45,-39.7242524916944
1,883,77,101.333333333333
1,884,128,211.108108108108
1,885,-37,-127.081081081081
1,886,-97,-104.93220338983
1,887,-111,-39.7242524916944
1,888,-29,-39.7242524916944
1,889,-9,-14.9288793103448
1,890,-48,-14.9288793103448
1,891,-12,-39.7242524916944
1,892,-8,-14.9288793103448
1,893,-19,-14.9288793103448
1,894,-17,-14.9288793103448
1,895,-5,-14.9288793103448
1,896,-2,4.81508515815085
1,897,7,4.81508515815085
1,898,10,4.81508515815085
1,899,59,4.81508515815085
1,900,12,135.239436619718
1,901,76,69.8695652173913
1,902,17,110.452380952381
1,903,38,30.9859154929577
1,904,14,30.9859154929577
1,905,8,-20.5769230769231
1,906,-119,4.81508515815085
1,907,22,-39.7242524916944
1,908,-2,-103.538461538462
1,909,-36,4.81508515815085
1,910,-21,-14.9288793103448
1,911,-24,-14.9288793103448
1,912,-15,-14.9288793103448
1,913,-2,-14.9288793103448
1,914,-26,4.81508515815085
1,915,1,-14.9288793103448
1,916,3,4.81508515815085
1,917,3,4.81508515815085
1,918,-13,4.81508515815085
1,919,-13,-14.9288793103448
1,920,2,-14.9288793103448
1,921,-1,4.81508515815085
1,922,16,4.81508515815085
1,923,8,44.6279069767442
1,924,37,4.81508515815085
1,925,28,69.8695652173913
1,926,33,69.8695652173913
1,927,16,44.6279069767442
1,928,-2,30.9859154929577
1,929,-27,4.81508515815085
1,930,44,-14.9288793103448
1,931,9,-20.5769230769231
1,932,-77,4.81508515815085
1,933,9,-39.7242524916944
1,934,-16,4.81508515815085
1,935,-23,-14.9288793103448
1,936,-21,-14.9288793103448
1,937,-8,-14.9288793103448
1,938,-5,-14.9288793103448
1,939,-14,4.81508515815085
1,940,-3,-14.9288793103448
1,941,-2,4.81508515815085
1,942,-3,4.81508515815085
1,943,1,4.81508515815085
1,944,15,4.81508515815085
1,945,55,44.6279069767442
1,946,123,135.239436619718
1,947,222,-3.52380952380952
1,948,-212,-166.291666666667
1,949,-134,-155.396946564885
1,950,19,-110.381578947368
1,951,28,30.9859154929577
1,952,22,-20.5769230769231
1,953,-5,-20.5769230769231
1,954,20,4.81508515815085
1,955,56,92.1946308724832
1,956,196,168.178571428571
1,957,-2,-3.52380952380952
1,958,-142,-104.93220338983
1,959,-49,-39.7242524916944
1,960,-67,-39.7242524916944
1,961,-45,-39.7242524916944
1,962,-66,-39.7242524916944
1,963,-22,-39.7242524916944
1,964,-8,-14.9288793103448
1,965,-3,-14.9288793103448
1,966,0,4.81508515815085
1,967,-1,4.81508515815085
1,968,20,4.81508515815085
1,969,68,92.1946308724832
1,970,190,135.239436619718
1,971,233,135.239436619718
1,972,-251,-234
1,973,-164,-155.396946564885
1,974,14,-110.381578947368
1,975,60,30.9859154929577
1,976,1,-20.5769230769231
1,977,-49,4.81508515815085
1,978,21,-39.7242524916944
1,979,121,92.1946308724832
1,980,257,228.342857142857
1,981,-117,-66.6818181818182
1,982,-125,-155.396946564885
1,983,-97,-110.381578947368
1,984,-75,-93.21875
1,985,-32,-39.7242524916944
1,986,-20,-14.9288793103448
1,987,-35,-14.9288793103448
1,988,-17,-14.9288793103448
1,989,-1,-14.9288793103448
1,990,-1,4.81508515815085
1,991,-2,4.81508515815085
1,992,24,4.81508515815085
1,993,70,69.8695652173913
1,994,226,192.233644859813
1,995,194,135.239436619718
1,996,-284,-234
1,997,-111,-104.93220338983
1,998,18,15.7333333333333
1,999,25,30.9859154929577
1,1000,7,-20.5769230769231
1,1001,-36,4.81508515815085
1,1002,37,-14.9288793103448
1,1003,60,92.1946308724832
1,1004,256,168.178571428571
1,1005,-19,-53.5833333333333
1,1006,-157,-155.396946564885
1,1007,-100,-110.381578947368
1,1008,-33,-93.21875
1,1009,-71,-14.9288793103448
1,1010,-49,-39.7242524916944
1,1011,-35,-39.7242524916944
1,1012,-18,-14.9288793103448
1,1013,2,-14.9288793103448
1,1014,-6,4.81508515815085
1,1015,2,4.81508515815085
1,1016,17,4.81508515815085
1,1017,67,92.1946308724832
1,1018,201,192.233644859813
1,1019,210,135.239436619718
1,1020,-296,-234
1,1021,-158,-155.396946564885
1,1022,27,-110.381578947368
1,1023,-26,30.9859154929577
1,1024,19,-14.9288793103448
1,1025,-33,-20.5769230769231
1,1026,22,-14.9288793103448
1,1027,65,92.1946308724832
1,1028,171,228.342857142857
1,1029,64,99.8333333333333
1,1030,-95,-104.93220338983
1,1031,-42,-39.7242524916944
1,1032,-71,-39.7242524916944
1,1033,-34,-39.7242524916944
1,1034,-38,-14.9288793103448
1,1035,-39,-14.9288793103448
1,1036,-16,-14.9288793103448
1,1037,-6,-14.9288793103448
1,1038,-11,4.81508515815085
1,1039,0,-14.9288793103448
1,1040,15,4.81508515815085
1,1041,55,69.8695652173913
1,1042,155,140.266666666667
1,1043,294,135.239436619718
1,1044,-237,-166.291666666667
1,1045,-167,-155.396946564885
1,1046,26,-110.381578947368
1,1047,56,30.9859154929577
1,1048,7,-20.5769230769231
1,1049,-35,4.81508515815085
1,1050,51,-14.9288793103448
1,1051,86,101.333333333333
1,1052,158,228.342857142857
1,1053,-88,-53.5833333333333
1,1054,-95,-104.93220338983
1,1055,-111,-39.7242524916944
1,1056,-42,-39.7242524916944
1,1057,-22,-39.7242524916944
1,1058,-25,-14.9288793103448
1,1059,4,-14.9288793103448
1,1060,-41,4.81508515815085
1,1061,0,-39.7242524916944
1,1062,-27,4.81508515815085
1,1063,-11,-14.9288793103448
1,1064,-6,-14.9288793103448
1,1065,8,4.81508515815085
1,1066,32,4.81508515815085
1,1067,61,69.8695652173913
1,1068,36,110.452380952381
1,1069,67,69.8695652173913
1,1070,81,101.333333333333
1,1071,83,-40
1,1072,15,-40
1,1073,43,-20.5769230769231
1,1074,72,-20.5769230769231
1,1075,-95,-20.5769230769231
1,1076,-40,-39.7242524916944
1,1077,-118,-14.9288793103448
1,1078,-58,-39.7242524916944
1,1079,-40,-39.7242524916944
1,1080,-34,-14.9288793103448
1,1081,4,-14.9288793103448
1,1082,-44,4.81508515815085
1,1083,0,-39.7242524916944
1,1084,-2,4.81508515815085
1,1085,-24,4.81508515815085
1,1086,-33,-14.9288793103448
1,1087,-12,-14.9288793103448
1,1088,-1,-14.9288793103448
1,1089,3,4.81508515815085
1,1090,9,4.81508515815085
1,1091,42,4.81508515815085
1,1092,37,140.266666666667
1,1093,98,69.8695652173913
1,1094,35,14.3461538461538
1,1095,29,44.6279069767442
1,1096,6,30.9859154929577
1,1097,-24,4.81508515815085
1,1098,16,-14.9288793103448
1,1099,-41,-20.5769230769231
1,1100,-55,-39.7242524916944
1,1101,10,-39.7242524916944
1,1102,-48,4.81508515815085
1,1103,-16,-39.7242524916944
1,1104,-67,-14.9288793103448
1,1105,19,-39.7242524916944
1,1106,-20,-12.8
1,1107,6,-14.9288793103448
1,1108,-26,4.81508515815085
1,1109,5,-14.9288793103448
1,1110,-12,4.81508515815085
1,1111,-2,-14.9288793103448
1,1112,4,4.81508515815085
1,1113,34,4.81508515815085
1,1114,76,44.6279069767442
1,1115,-10,192.233644859813
1,1116,33,-14.9288793103448
1,1117,65,-12.8
1,1118,73,30.9859154929577
1,1119,31,-40
1,1120,-49,30.9859154929577
1,1121,26,-39.7242524916944
1,1122,-9,-12.8
1,1123,-27,-14.9288793103448
1,1124,-11,-14.9288793103448
1,1125,-70,-14.9288793103448
1,1126,-46,-39.7242524916944
1,1127,-28,-39.7242524916944
1,1128,-36,-14.9288793103448
1,1129,-36,-14.9288793103448
1,1130,-14,-14.9288793103448
1,1131,-5,-14.9288793103448
1,1132,-4,4.81508515815085
1,1133,-1,4.81508515815085
1,1134,13,4.81508515815085
1,1135,71,69.8695652173913
1,1136,193,192.233644859813
1,1137,185,135.239436619718
1,1138,-247,-234
1,1139,-132,-104.93220338983
1,1140,1,15.7333333333333
1,1141,77,4.81508515815085
1,1142,-32,-20.5769230769231
1,1143,-7,-14.9288793103448
1,1144,36,-14.9288793103448
1,1145,94,92.1946308724832
1,1146,178,228.342857142857
1,1147,-7,-53.5833333333333
1,1148,-121,-104.93220338983
1,1149,-77,-39.7242524916944
1,1150,-73,-39.7242524916944
1,1151,-54,-39.7242524916944
1,1152,-53,-39.7242524916944
1,1153,-23,-39.7242524916944
1,1154,-17,-14.9288793103448
1,1155,-1,-14.9288793103448
1,1156,-2,4.81508515815085
1,1157,-2,4.81508515815085
1,1158,28,4.81508515815085
1,1159,60,92.1946308724832
1,1160,212,140.266666666667
1,1161,274,76
1,1162,-324,-234
1,1163,-113,-155.396946564885
1,1164,32,-110.381578947368
1,1165,36,30.9859154929577
1,1166,-17,-20.5769230769231
1,1167,-13,-14.9288793103448
1,1168,18,-14.9288793103448
1,1169,103,92.1946308724832
1,1170,231,228.342857142857
1,1171,-4,-79.1428571428571
1,1172,-198,-155.396946564885
1,1173,-53,-110.381578947368
1,1174,-35,15.7333333333333
1,1175,-92,-14.9288793103448
1,1176,-85,-39.7242524916944
1,1177,-20,-39.7242524916944
1,1178,-27,-14.9288793103448
1,1179,-6,-14.9288793103448
1,1180,-3,4.81508515815085
1,1181,-5,4.81508515815085
1,1182,31,4.81508515815085
1,1183,59,92.1946308724832
1,1184,235,135.239436619718
1,1185,234,155.730769230769
1,1186,-318,-234
1,1187,-94,-155.396946564885
1,1188,34,-110.381578947368
1,1189,42,30.9859154929577
1,1190,-6,-20.5769230769231
1,1191,-26,4.81508515815085
1,1192,25,-14.9288793103448
1,1193,126,92.1946308724832
1,1194,267,228.342857142857
1,1195,-88,-66.6818181818182
1,1196,-153,-155.396946564885
1,1197,-100,-110.381578947368
1,1198,-47,-93.21875
1,1199,-85,-39.7242524916944
1,1200,-52,-39.7242524916944
1,1201,-39,-39.7242524916944
1,1202,-28,-14.9288793103448
1,1203,-13,-14.9288793103448
1,1204,0,-14.9288793103448
1,1205,-3,4.81508515815085
1,1206,24,4.81508515815085
1,1207,56,92.1946308724832
1,1208,190,140.266666666667
1,1209,197,155.730769230769
1,1210,-225,-166.291666666667
1,1211,-103,-104.93220338983
1,1212,22,15.7333333333333
1,1213,65,30.9859154929577
1,1214,-45,-20.5769230769231
1,1215,-152,-39.7242524916944
1,1216,63,-39.7242524916944
1,1217,84,101.333333333333
1,1218,78,228.342857142857
1,1219,44,-40
1,1220,-67,24.0666666666667
1,1221,-66,-39.7242524916944
1,1222,-15,-39.7242524916944
1,1223,-46,-14.9288793103448
1,1224,-20,-39.7242524916944
1,1225,-25,-14.9288793103448
1,1226,-15,-14.9288793103448
1,1227,-8,-14.9288793103448
1,1228,-31,-14.9288793103448
1,1229,-5,-14.9288793103448
1,1230,1,4.81508515815085
1,1231,10,4.81508515815085
1,1232,10,4.81508515815085
1,1233,70,4.81508515815085
1,1234,29,135.239436619718
1,1235,61,69.8695652173913
1,1236,27,110.452380952381
1,1237,48,30.9859154929577
1,1238,-32,30.9859154929577
1,1239,-10,-14.9288793103448
1,1240,16,-14.9288793103448
1,1241,-37,-20.5769230769231
1,1242,-36,-14.9288793103448
1,1243,-26,-14.9288793103448
1,1244,16,-14.9288793103448
1,1245,-44,-12.8
1,1246,-20,-39.7242524916944
1,1247,-3,-14.9288793103448
1,1248,9,4.81508515815085
1,1249,-21,4.81508515815085
1,1250,-15,-14.9288793103448
1,1251,-13,-14.9288793103448
1,1252,-21,-14.9288793103448
1,1253,-15,-14.9288793103448
1,1254,-1,-14.9288793103448
1,1255,-3,4.81508515815085
1,1256,20,4.81508515815085
1,1257,37,-12.8
1,1258,28,69.8695652173913
1,1259,101,69.8695652173913
1,1260,39,14.3461538461538
1,1261,78,44.6279069767442
1,1262,20,-40
1,1263,6,30.9859154929577
1,1264,22,4.81508515815085
1,1265,-14,-20.5769230769231
1,1266,-52,-14.9288793103448
1,1267,-71,-39.7242524916944
1,1268,-73,-39.7242524916944
1,1269,-55,-39.7242524916944
1,1270,-5,-39.7242524916944
1,1271,-12,4.81508515815085
1,1272,-7,-14.9288793103448
1,1273,-35,-14.9288793103448
1,1274,-23,-14.9288793103448
1,1275,-2,-14.9288793103448
1,1276,-2,4.81508515815085
1,1277,-1,4.81508515815085
1,1278,15,4.81508515815085
1,1279,74,69.8695652173913
1,1280,190,192.233644859813
1,1281,248,155.730769230769
1,1282,-298,-234
1,1283,-126,-155.396946564885
1,1284,-1,-110.381578947368
1,1285,74,4.81508515815085
1,1286,5,-20.5769230769231
1,1287,-24,4.81508515815085
1,1288,16,-14.9288793103448
1,1289,112,92.1946308724832
1,1290,243,228.342857142857
1,1291,-2,-66.6818181818182
1,1292,-193,-155.396946564885
1,1293,-115,-110.381578947368
1,1294,-24,-93.21875
1,1295,-103,-14.9288793103448
1,1296,-36,-39.7242524916944
1,1297,-46,-14.9288793103448
1,1298,-4,-39.7242524916944
1,1299,-3,59
1,1300,3,4.81508515815085
1,1301,-4,4.81508515815085
1,1302,19,4.81508515815085
1,1303,80,-12.8
1,1304,224,192.233644859813
1,1305,234,-79.1428571428571
1,1306,-327,-234
1,1307,-100,-155.396946564885
1,1308,31,-110.381578947368
1,1309,20,30.9859154929577
1,1310,7,-20.5769230769231
1,1311,-56,4.81508515815085
1,1312,32,-39.7242524916944
1,1313,121,92.1946308724832
1,1314,243,228.342857142857
1,1315,-81,-66.6818181818182
1,1316,-143,-155.396946564885
1,1317,-102,-110.381578947368
1,1318,-16,-93.21875
1,1319,-87,-14.9288793103448
1,1320,-36,-39.7242524916944
1,1321,-33,-14.9288793103448
1,1322,-26,-14.9288793103448
1,1323,-2,-14.9288793103448
1,1324,-2,4.81508515815085
1,1325,27,4.81508515815085
1,1326,75,92.1946308724832
1,1327,149,192.233644859813
1,1328,-137,155.730769230769
1,1329,-78,-104.93220338983
1,1330,-28,-39.7242524916944
1,1331,0,-14.9288793103448
1,1332,60,4.81508515815085
1,1333,6,-20.5769230769231
1,1334,-20,4.81508515815085
1,1335,34,-14.9288793103448
1,1336,77,168.178571428571
1,1337,86,141.909090909091
1,1338,-61,-40
1,1339,-90,-39.7242524916944
1,1340,-5,-39.7242524916944
1,1341,-58,4.81508515815085
1,1342,16,-39.7242524916944
1,1343,-22,-20.5769230769231
1,1344,-22,-14.9288793103448
1,1345,1,-14.9288793103448
1,1346,-6,4.81508515815085
1,1347,-3,4.81508515815085
1,1348,2,4.81508515815085
1,1349,13,4.81508515815085
1,1350,91,69.8695652173913
1,1351,195,135.239436619718
1,1352,290,-79.1428571428571
1,1353,-308,-234
1,1354,-153,-155.396946564885
1,1355,35,-110.381578947368
1,1356,52,30.9859154929577
1,1357,-9,-20.5769230769231
1,1358,0,-14.9288793103448
1,1359,12,4.81508515815085
1,1360,138,92.1946308724832
1,1361,239,228.342857142857
1,1362,-75,-66.6818181818182
1,1363,-197,-155.396946564885
1,1364,-74,-110.381578947368
1,1365,-57,-93.21875
1,1366,-71,-39.7242524916944
1,1367,-41,-39.7242524916944
1,1368,-39,-39.7242524916944
1,1369,-26,-14.9288793103448
1,1370,-14,-14.9288793103448
1,1371,-3,-14.9288793103448
1,1372,-1,4.81508515815085
1,1373,22,4.81508515815085
1,1374,68,69.8695652173913
1,1375,170,192.233644859813
1,1376,287,155.730769230769
1,1377,-235,-234
1,1378,-182,-155.396946564885
1,1379,62,-110.381578947368
1,1380,40,30.9859154929577
1,1381,-12,-20.5769230769231
1,1382,-17,-14.9288793103448
1,1383,-127,-14.9288793103448
1,1384,-28,107.474576271186
1,1385,78,-14.9288793103448
1,1386,32,-40
1,1387,14,-20.5769230769231
1,1388,-74,69.8695652173913
1,1389,1,-39.7242524916944
1,1390,-26,4.81508515815085
1,1391,-52,-14.9288793103448
1,1392,-1,-39.7242524916944
1,1393,22,4.81508515815085
1,1394,-6,24.0666666666667
1,1395,-17,4.81508515815085
1,1396,-19,-14.9288793103448
1,1397,0,-14.9288793103448
1,1398,5,4.81508515815085
1,1399,9,4.81508515815085
1,1400,32,4.81508515815085
1,1401,46,-20.5769230769231
1,1402,74,101.333333333333
1,1403,46,14.3461538461538
1,1404,85,30.9859154929577
1,1405,40,-40
1,1406,91,30.9859154929577
1,1407,-31,-20.5769230769231
1,1408,68,-14.9288793103448
1,1409,-82,-20.5769230769231
1,1410,-82,-39.7242524916944
1,1411,-78,-39.7242524916944
1,1412,-76,-39.7242524916944
1,1413,5,-39.7242524916944
1,1414,-20,4.81508515815085
1,1415,-28,-14.9288793103448
1,1416,-34,-14.9288793103448
1,1417,4,-14.9288793103448
1,1418,4,4.81508515815085
1,1419,-54,4.81508515815085
1,1420,-12,-39.7242524916944
1,1421,-9,-14.9288793103448
1,1422,0,-14.9288793103448
1,1423,18,4.81508515815085
1,1424,43,30.9859154929577
1,1425,52,44.6279069767442
1,1426,74,140.266666666667
1,1427,64,101.333333333333
1,1428,71,141.909090909091
1,1429,37,-40
1,1430,-32,30.9859154929577
1,1431,2,-14.9288793103448
1,1432,-35,4.81508515815085
1,1433,-36,-14.9288793103448
1,1434,-79,-14.9288793103448
1,1435,-52,-39.7242524916944
1,1436,-44,-39.7242524916944
1,1437,-9,-39.7242524916944
1,1438,-17,-14.9288793103448
1,1439,-36,-14.9288793103448
1,1440,-9,-14.9288793103448
1,1441,-11,-14.9288793103448
1,1442,-2,-14.9288793103448
1,1443,-3,4.81508515815085
1,1444,0,4.81508515815085
1,1445,17,4.81508515815085
1,1446,73,69.8695652173913
1,1447,169,135.239436619718
1,1448,168,135.239436619718
1,1449,-231,-234
1,1450,-111,-104.93220338983
1,1451,17,15.7333333333333
1,1452,34,30.9859154929577
1,1453,-17,-20.5769230769231
1,1454,8,-14.9288793103448
1,1455,2,4.81508515815085
1,1456,80,107.474576271186
1,1457,177,228.342857142857
1,1458,-12,-79.1428571428571
1,1459,-149,-104.93220338983
1,1460,-47,-39.7242524916944
1,1461,-59,-39.7242524916944
1,1462,-42,-39.7242524916944
1,1463,-47,-39.7242524916944
1,1464,-23,-39.7242524916944
1,1465,-2,-14.9288793103448
1,1466,-2,59
1,1467,-3,4.81508515815085
1,1468,2,4.81508515815085
1,1469,22,4.81508515815085
1,1470,77,69.8695652173913
1,1471,173,192.233644859813
1,1472,226,-79.1428571428571
1,1473,-268,-234
1,1474,-104,-155.396946564885
1,1475,1,-110.381578947368
1,1476,8,4.81508515815085
1,1477,26,4.81508515815085
1,1478,-28,-20.5769230769231
1,1479,30,-14.9288793103448
1,1480,84,92.1946308724832
1,1481,196,228.342857142857
1,1482,11,-127.081081081081
1,1483,-170,-104.93220338983
1,1484,-100,-39.7242524916944
1,1485,-39,-39.7242524916944
1,1486,-42,-14.9288793103448
1,1487,-52,-39.7242524916944
1,1488,-39,-39.7242524916944
1,1489,-10,-14.9288793103448
1,1490,-1,-14.9288793103448
1,1491,-1,4.81508515815085
1,1492,0,4.81508515815085
1,1493,15,4.81508515815085
1,1494,90,92.1946308724832
1,1495,236,192.233644859813
1,1496,222,135.239436619718
1,1497,-302,-234
1,1498,-117,-155.396946564885
1,1499,14,-110.381578947368
1,1500,54,30.9859154929577
1,1501,-10,-20.5769230769231
1,1502,-30,-14.9288793103448
1,1503,34,-14.9288793103448
1,1504,79,92.1946308724832
1,1505,324,228.342857142857
1,1506,-68,-53.5833333333333
1,1507,-183,-155.396946564885
1,1508,-101,-110.381578947368
1,1509,-72,-93.21875
1,1510,-29,-39.7242524916944
1,1511,-97,-14.9288793103448
1,1512,-16,-39.7242524916944
1,1513,-25,-14.9288793103448
1,1514,-10,-14.9288793103448
1,1515,-8,-14.9288793103448
1,1516,-1,-14.9288793103448
1,1517,27,4.81508515815085
1,1518,80,92.1946308724832
1,1519,225,135.239436619718
1,1520,251,155.730769230769
1,1521,-284,-234
1,1522,-163,-155.396946564885
1,1523,66,-110.381578947368
1,1524,47,30.9859154929577
1,1525,-18,-20.5769230769231
1,1526,-30,-14.9288793103448
1,1527,-18,-14.9288793103448
1,1528,157,107.474576271186
1,1529,255,228.342857142857
1,1530,-7,-66.6818181818182
1,1531,-174,-155.396946564885
1,1532,-114,-110.381578947368
1,1533,-69,-93.21875
1,1534,-80,-39.7242524916944
1,1535,-59,-39.7242524916944
1,1536,-40,-39.7242524916944
1,1537,-28,-14.9288793103448
1,1538,-15,-14.9288793103448
1,1539,-4,-14.9288793103448
1,1540,-6,4.81508515815085
1,1541,28,4.81508515815085
1,1542,56,92.1946308724832
1,1543,183,140.266666666667
1,1544,233,155.730769230769
1,1545,-217,-166.291666666667
1,1546,-125,-155.396946564885
1,1547,28,-110.381578947368
1,1548,14,30.9859154929577
1,1549,23,-20.5769230769231
1,1550,-46,-20.5769230769231
1,1551,60,-39.7242524916944
1,1552,105,101.333333333333
1,1553,223,228.342857142857
1,1554,-96,-127.081081081081
1,1555,-226,-155.396946564885
1,1556,-85,-110.381578947368
1,1557,-18,15.7333333333333
1,1558,-34,-14.9288793103448
1,1559,-21,-14.9288793103448
1,1560,-9,-14.9288793103448
1,1561,-26,-14.9288793103448
1,1562,-9,107.474576271186
1,1563,-26,-14.9288793103448
1,1564,-12,-14.9288793103448
1,1565,6,-14.9288793103448
1,1566,2,4.81508515815085
1,1567,28,4.81508515815085
1,1568,71,69.8695652173913
1,1569,37,101.333333333333
1,1570,75,69.8695652173913
1,1571,51,14.3461538461538
1,1572,55,110.452380952381
1,1573,28,-20.5769230769231
1,1574,22,30.9859154929577
1,1575,27,-20.5769230769231
1,1576,-16,-20.5769230769231
1,1577,-36,-14.9288793103448
1,1578,-57,-14.9288793103448
1,1579,-113,-39.7242524916944
1,1580,-63,-39.7242524916944
1,1581,-11,-39.7242524916944
1,1582,-10,-14.9288793103448
1,1583,-17,-14.9288793103448
1,1584,-14,-14.9288793103448
1,1585,-8,-14.9288793103448
1,1586,5,-14.9288793103448
1,1587,-44,4.81508515815085
1,1588,-15,-39.7242524916944
1,1589,3,-14.9288793103448
1,1590,7,4.81508515815085
1,1591,55,4.81508515815085
1,1592,18,135.239436619718
1,1593,128,44.6279069767442
1,1594,81,101.333333333333
1,1595,111,-104.93220338983
1,1596,54,-127.081081081081
1,1597,37,-46.6190476190476
1,1598,-14,-20.5769230769231
1,1599,22,-14.9288793103448
1,1600,-11,-103.538461538462
1,1601,-109,-14.9288793103448
1,1602,-131,-39.7242524916944
1,1603,-87,-39.7242524916944
1,1604,-24,-39.7242524916944
1,1605,-53,-14.9288793103448
1,1606,-42,-39.7242524916944
1,1607,-28,-39.7242524916944
1,1608,-14,-14.9288793103448
1,1609,-1,-14.9288793103448
1,1610,-7,4.81508515815085
1,1611,1,-14.9288793103448
1,1612,13,4.81508515815085
1,1613,72,69.8695652173913
1,1614,180,192.233644859813
1,1615,296,135.239436619718
1,1616,-283,-234
1,1617,-144,-155.396946564885
1,1618,13,-110.381578947368
1,1619,71,30.9859154929577
1,1620,29,-20.5769230769231
1,1621,-29,-20.5769230769231
1,1622,12,-14.9288793103448
1,1623,99,92.1946308724832
1,1624,312,228.342857142857
1,1625,68,-79.1428571428571
1,1626,-266,-155.396946564885
1,1627,-160,-110.381578947368
1,1628,-81,15.7333333333333
1,1629,-72,-39.7242524916944
1,1630,-70,-39.7242524916944
1,1631,-37,-39.7242524916944
1,1632,-10,-14.9288793103448
1,1633,-15,107.474576271186
1,1634,1,-14.9288793103448
1,1635,-1,4.81508515815085
1,1636,23,4.81508515815085
1,1637,89,92.1946308724832
1,1638,195,192.233644859813
1,1639,285,135.239436619718
1,1640,-251,-234
1,1641,-199,-155.396946564885
1,1642,76,-110.381578947368
1,1643,25,-40
1,1644,-11,-20.5769230769231
1,1645,-21,-14.9288793103448
1,1646,52,-14.9288793103448
1,1647,101,101.333333333333
1,1648,311,228.342857142857
1,1649,58,-53.5833333333333
1,1650,-255,-155.396946564885
1,1651,-128,-110.381578947368
1,1652,-107,15.7333333333333
1,1653,-74,-39.7242524916944
1,1654,-83,-39.7242524916944
1,1655,-48,-39.7242524916944
1,1656,-12,-39.7242524916944
1,1657,-25,107.474576271186
1,1658,2,-14.9288793103448
1,1659,1,4.81508515815085
1,1660,22,4.81508515815085
1,1661,94,92.1946308724832
1,1662,247,192.233644859813
1,1663,294,135.239436619718
1,1664,-311,-234
1,1665,-163,-155.396946564885
1,1666,32,-110.381578947368
1,1667,47,30.9859154929577
1,1668,-13,-20.5769230769231
1,1669,-30,-14.9288793103448
1,1670,59,-14.9288793103448
1,1671,73,101.333333333333
1,1672,426,228.342857142857
1,1673,-33,-53.5833333333333
1,1674,-277,-155.396946564885
1,1675,-142,-110.381578947368
1,1676,-42,15.7333333333333
1,1677,-86,-39.7242524916944
1,1678,-111,-39.7242524916944
1,1679,-31,-39.7242524916944
1,1680,-37,-14.9288793103448
1,1681,-4,107.474576271186
1,1682,-12,4.81508515815085
1,1683,7,-14.9288793103448
1,1684,12,4.81508515815085
1,1685,91,92.1946308724832
1,1686,264,192.233644859813
1,1687,242,101.333333333333
1,1688,-308,-234
1,1689,-151,-155.396946564885
1,1690,47,-110.381578947368
1,1691,54,-20.5769230769231
1,1692,8,-20.5769230769231
1,1693,-15,4.81508515815085
1,1694,29,-14.9288793103448
1,1695,139,92.1946308724832
1,1696,287,228.342857142857
1,1697,33,-66.6818181818182
1,1698,-321,-155.396946564885
1,1699,-95,-110.381578947368
1,1700,-87,15.7333333333333
1,1701,-74,-39.7242524916944
1,1702,-72,-39.7242524916944
1,1703,-40,-39.7242524916944
1,1704,-31,-14.9288793103448
1,1705,-22,107.474576271186
1,1706,-1,-14.9288793103448
1,1707,0,4.81508515815085
1,1708,29,4.81508515815085
1,1709,67,92.1946308724832
1,1710,179,192.233644859813
1,1711,284,155.730769230769
1,1712,-250,-234
1,1713,-132,-155.396946564885
1,1714,27,-110.381578947368
1,1715,87,30.9859154929577
1,1716,-34,-20.5769230769231
1,1717,-58,-14.9288793103448
1,1718,-95,-39.7242524916944
1,1719,22,107.474576271186
1,1720,129,168.178571428571
1,1721,150,-3.52380952380952
1,1722,-112,-66.6818181818182
1,1723,-61,-104.93220338983
1,1724,-83,-39.7242524916944
1,1725,-4,-39.7242524916944
1,1726,-22,4.81508515815085
1,1727,-26,-14.9288793103448
1,1728,-31,-14.9288793103448
1,1729,-27,-14.9288793103448
1,1730,-16,-14.9288793103448
1,1731,-24,-14.9288793103448
1,1732,6,-14.9288793103448
1,1733,22,4.81508515815085
1,1734,56,69.8695652173913
1,1735,132,140.266666666667
1,1736,103,101.333333333333
1,1737,122,-166.291666666667
1,1738,142,141.909090909091
1,1739,66,-234
1,1740,35,-104.93220338983
1,1741,4,-20.5769230769231
1,1742,-11,4.81508515815085
1,1743,6,-14.9288793103448
1,1744,-37,59
1,1745,-88,-14.9288793103448
1,1746,-143,-39.7242524916944
1,1747,-146,-39.7242524916944
1,1748,-48,-39.7242524916944
1,1749,-12,-39.7242524916944
1,1750,-26,-14.9288793103448
1,1751,-78,-14.9288793103448
1,1752,6,-39.7242524916944
1,1753,-57,4.81508515815085
1,1754,-38,-39.7242524916944
1,1755,-4,-14.9288793103448
1,1756,-8,4.81508515815085
1,1757,5,-14.9288793103448
1,1758,31,4.81508515815085
1,1759,54,44.6279069767442
1,1760,82,140.266666666667
1,1761,173,101.333333333333
1,1762,17,99.8333333333333
1,1763,135,-104.93220338983
1,1764,41,-53.5833333333333
1,1765,-23,-104.93220338983
1,1766,33,-14.9288793103448
1,1767,-13,-20.5769230769231
1,1768,0,-14.9288793103448
1,1769,-82,4.81508515815085
1,1770,-107,-39.7242524916944
1,1771,-154,-39.7242524916944
1,1772,-25,-39.7242524916944
1,1773,-73,-14.9288793103448
1,1774,-54,-39.7242524916944
1,1775,-23,-39.7242524916944
1,1776,-8,-14.9288793103448
1,1777,-7,-14.9288793103448
1,1778,-6,-14.9288793103448
1,1779,1,4.81508515815085
1,1780,28,4.81508515815085
1,1781,89,92.1946308724832
1,1782,234,192.233644859813
1,1783,225,76
1,1784,-248,-234
1,1785,-147,-155.396946564885
1,1786,17,-110.381578947368
1,1787,81,30.9859154929577
1,1788,-19,-20.5769230769231
1,1789,-3,-14.9288793103448
1,1790,26,4.81508515815085
1,1791,99,92.1946308724832
1,1792,336,228.342857142857
1,1793,80,-53.5833333333333
1,1794,-252,-155.396946564885
1,1795,-219,-110.381578947368
1,1796,-107,15.7333333333333
1,1797,-75,15.7333333333333
1,1798,-94,-39.7242524916944
1,1799,-25,-39.7242524916944
1,1800,-14,-14.9288793103448
1,1801,-5,107.474576271186
1,1802,-7,107.474576271186
1,1803,3,-14.9288793103448
1,1804,14,4.81508515815085
1,1805,80,92.1946308724832
1,1806,70,192.233644859813
1,1807,346,135.239436619718
1,1808,-191,-127.081081081081
1,1809,-162,-155.396946564885
1,1810,67,-110.381578947368
1,1811,31,30.9859154929577
1,1812,23,-20.5769230769231
1,1813,-36,-20.5769230769231
1,1814,-4,-14.9288793103448
1,1815,187,4.81508515815085
1,1816,319,211.108108108108
1,1817,51,-66.6818181818182
1,1818,-246,-155.396946564885
1,1819,-178,-110.381578947368
1,1820,-100,15.7333333333333
1,1821,-89,-39.7242524916944
1,1822,-98,-39.7242524916944
1,1823,-57,-39.7242524916944
1,1824,-7,-39.7242524916944
1,1825,-16,107.474576271186
1,1826,-2,-14.9288793103448
1,1827,-4,4.81508515815085
1,1828,35,4.81508515815085
1,1829,110,92.1946308724832
1,1830,223,192.233644859813
1,1831,163,76
1,1832,-242,-234
1,1833,-139,-104.93220338983
1,1834,38,15.7333333333333
1,1835,37,30.9859154929577
1,1836,74,-20.5769230769231
1,1837,-78,-20.5769230769231
1,1838,18,-39.7242524916944
1,1839,135,92.1946308724832
1,1840,351,228.342857142857
1,1841,50,-66.6818181818182
1,1842,-197,-155.396946564885
1,1843,-208,-110.381578947368
1,1844,-123,-93.21875
1,1845,-54,15.7333333333333
1,1846,-72,-39.7242524916944
1,1847,-84,-39.7242524916944
1,1848,-11,-39.7242524916944
1,1849,-24,-14.9288793103448
1,1850,1,107.474576271186
1,1851,-1,4.81508515815085
1,1852,28,4.81508515815085
1,1853,102,92.1946308724832
1,1854,225,192.233644859813
1,1855,288,76
1,1856,-331,-234
1,1857,-176,-155.396946564885
1,1858,77,-110.381578947368
1,1859,53,-40
1,1860,26,-20.5769230769231
1,1861,-41,-20.5769230769231
1,1862,47,-39.7242524916944
1,1863,121,101.333333333333
1,1864,385,228.342857142857
1,1865,-9,-166.291666666667
1,1866,-215,-155.396946564885
1,1867,-162,-110.381578947368
1,1868,-50,15.7333333333333
1,1869,-154,-39.7242524916944
1,1870,-69,-39.7242524916944
1,1871,-56,-39.7242524916944
1,1872,-45,-39.7242524916944
1,1873,-18,107.474576271186
1,1874,-22,-14.9288793103448
1,1875,-7,-14.9288793103448
1,1876,31,-14.9288793103448
1,1877,82,168.178571428571
1,1878,230,192.233644859813
1,1879,316,155.730769230769
1,1880,-282,-234
1,1881,-105,-155.396946564885
1,1882,43,-110.381578947368
1,1883,153,30.9859154929577
1,1884,-43,-3.52380952380952
1,1885,4,-104.93220338983
1,1886,40,4.81508515815085
1,1887,117,92.1946308724832
1,1888,368,228.342857142857
1,1889,-127,-166.291666666667
1,1890,-144,-155.396946564885
1,1891,-241,-110.381578947368
1,1892,-161,-93.21875
1,1893,-13,15.7333333333333
1,1894,-95,-14.9288793103448
1,1895,-20,-39.7242524916944
1,1896,-28,-14.9288793103448
1,1897,-59,-14.9288793103448
1,1898,-37,107.474576271186
1,1899,-25,-14.9288793103448
1,1900,-3,-14.9288793103448
1,1901,24,4.81508515815085
1,1902,42,-12.8
1,1903,84,140.266666666667
1,1904,95,155.730769230769
1,1905,96,101.333333333333
1,1906,-72,101.333333333333
1,1907,-90,-39.7242524916944
1,1908,13,-39.7242524916944
1,1909,27,-20.5769230769231
1,1910,67,-20.5769230769231
1,1911,-113,-103.538461538462
1,1912,-62,-39.7242524916944
1,1913,22,-39.7242524916944
1,1914,-4,92.1946308724832
1,1915,-22,4.81508515815085
1,1916,-7,-14.9288793103448
1,1917,-21,-14.9288793103448
1,1918,22,-14.9288793103448
1,1919,-25,92.1946308724832
1,1920,9,-14.9288793103448
1,1921,-54,4.81508515815085
1,1922,-17,-39.7242524916944
1,1923,-10,-14.9288793103448
1,1924,-2,-14.9288793103448
1,1925,12,4.81508515815085
1,1926,21,69.8695652173913
1,1927,50,44.6279069767442
1,1928,29,140.266666666667
1,1929,132,69.8695652173913
1,1930,73,14.3461538461538
1,1931,37,-104.93220338983
1,1932,7,30.9859154929577
1,1933,47,4.81508515815085
1,1934,7,-20.5769230769231
1,1935,71,4.81508515815085
1,1936,-73,-103.538461538462
1,1937,72,-39.7242524916944
1,1938,-116,-103.538461538462
1,1939,-116,-39.7242524916944
1,1940,-110,-39.7242524916944
1,1941,-38,-39.7242524916944
1,1942,-46,-14.9288793103448
1,1943,-32,-39.7242524916944
1,1944,-5,-14.9288793103448
1,1945,-8,4.81508515815085
1,1946,-19,-14.9288793103448
1,1947,3,-14.9288793103448
1,1948,32,4.81508515815085
1,1949,81,69.8695652173913
1,1950,253,192.233644859813
1,1951,287,99.8333333333333
1,1952,-375,-234
1,1953,-129,-155.396946564885
1,1954,25,-110.381578947368
1,1955,101,30.9859154929577
1,1956,22,-3.52380952380952
1,1957,-84,-20.5769230769231
1,1958,6,-39.7242524916944
1,1959,82,107.474576271186
1,1960,359,228.342857142857
1,1961,20,-79.1428571428571
1,1962,-226,-155.396946564885
1,1963,-237,-110.381578947368
1,1964,-35,15.7333333333333
1,1965,-93,-14.9288793103448
1,1966,-45,-39.7242524916944
1,1967,-38,-39.7242524916944
1,1968,-5,-14.9288793103448
1,1969,2,107.474576271186
1,1970,-3,107.474576271186
1,1971,-1,4.81508515815085
1,1972,14,4.81508515815085
1,1973,84,69.8695652173913
1,1974,185,192.233644859813
1,1975,295,-79.1428571428571
1,1976,-314,-234
1,1977,-129,-155.396946564885
1,1978,37,-110.381578947368
1,1979,45,30.9859154929577
1,1980,-9,-20.5769230769231
1,1981,-27,-14.9288793103448
1,1982,16,-14.9288793103448
1,1983,105,92.1946308724832
1,1984,309,228.342857142857
1,1985,30,-79.1428571428571
1,1986,-227,-155.396946564885
1,1987,-123,-110.381578947368
1,1988,-73,15.7333333333333
1,1989,-87,-39.7242524916944
1,1990,-70,-39.7242524916944
1,1991,-34,-39.7242524916944
1,1992,-22,-14.9288793103448
1,1993,-5,107.474576271186
1,1994,2,4.81508515815085
1,1995,-4,4.81508515815085
1,1996,39,4.81508515815085
1,1997,75,92.1946308724832
1,1998,243,192.233644859813
1,1999,300,76
1,2000,-344,-234
1,2001,-141,-155.396946564885
1,2002,49,-110.381578947368
1,2003,46,30.9859154929577
1,2004,5,-20.5769230769231
1,2005,-52,4.81508515815085
1,2006,-22,-39.7242524916944
1,2007,22,107.474576271186
1,2008,383,168.178571428571
1,2009,37,-3.52380952380952
1,2010,-185,-155.396946564885
1,2011,-94,-110.381578947368
1,2012,-101,-93.21875
1,2013,-89,-39.7242524916944
1,2014,-79,-39.7242524916944
1,2015,-45,-39.7242524916944
1,2016,-15,-39.7242524916944
1,2017,-27,-14.9288793103448
1,2018,-1,-14.9288793103448
1,2019,4,4.81508515815085
1,2020,23,4.81508515815085
1,2021,85,92.1946308724832
1,2022,250,192.233644859813
1,2023,287,101.333333333333
1,2024,-333,-234
1,2025,-155,-155.396946564885
1,2026,54,-110.381578947368
1,2027,72,30.9859154929577
1,2028,-19,-20.5769230769231
1,2029,-35,-14.9288793103448
1,2030,69,-14.9288793103448
1,2031,81,101.333333333333
1,2032,315,228.342857142857
1,2033,-22,-53.5833333333333
1,2034,-213,-155.396946564885
1,2035,-133,-110.381578947368
1,2036,-111,15.7333333333333
1,2037,-72,-39.7242524916944
1,2038,-58,-39.7242524916944
1,2039,-35,-39.7242524916944
1,2040,-32,-14.9288793103448
1,2041,-20,107.474576271186
1,2042,0,-14.9288793103448
1,2043,-5,4.81508515815085
1,2044,24,4.81508515815085
1,2045,60,92.1946308724832
1,2046,203,140.266666666667
1,2047,304,155.730769230769
1,2048,-272,-234
1,2049,-134,-155.396946564885
1,2050,14,-110.381578947368
1,2051,69,30.9859154929577
1,2052,-28,-20.5769230769231
1,2053,-13,-14.9288793103448
1,2054,51,-14.9288793103448
1,2055,87,101.333333333333
1,2056,239,228.342857142857
1,2057,-46,-53.5833333333333
1,2058,-165,-155.396946564885
1,2059,-186,-110.381578947368
1,2060,11,-93.21875
1,2061,-67,30.9859154929577
1,2062,-30,-39.7242524916944
1,2063,-31,-14.9288793103448
1,2064,-10,-14.9288793103448
1,2065,-13,-14.9288793103448
1,2066,-38,-14.9288793103448
1,2067,-23,-14.9288793103448
1,2068,-3,-14.9288793103448
1,2069,18,4.81508515815085
1,2070,21,-12.8
1,2071,101,69.8695652173913
1,2072,78,135.239436619718
1,2073,90,101.333333333333
1,2074,150,101.333333333333
1,2075,158,-127.081081081081
1,2076,17,-234
1,2077,-87,-104.93220338983
1,2078,54,-39.7242524916944
1,2079,-70,-20.5769230769231
1,2080,8,-39.7242524916944
1,2081,-202,4.81508515815085
1,2082,-57,-39.7242524916944
1,2083,-76,15.7333333333333
1,2084,-65,-39.7242524916944
1,2085,13,-39.7242524916944
1,2086,-44,92.1946308724832
1,2087,-45,-39.7242524916944
1,2088,-5,107.474576271186
1,2089,19,4.81508515815085
1,2090,-56,92.1946308724832
1,2091,-13,-39.7242524916944
1,2092,6,-14.9288793103448
1,2093,79,4.81508515815085
1,2094,-13,192.233644859813
1,2095,41,-14.9288793103448
1,2096,150,44.6279069767442
1,2097,85,101.333333333333
1,2098,91,-104.93220338983
1,2099,-6,-40
1,2100,19,4.81508515815085
1,2101,97,-12.8
1,2102,12,-3.52380952380952
1,2103,-62,-20.5769230769231
1,2104,44,-39.7242524916944
1,2105,-123,-103.538461538462
1,2106,-86,-39.7242524916944
1,2107,-114,-39.7242524916944
1,2108,-98,-39.7242524916944
1,2109,-66,-39.7242524916944
1,2110,-5,-39.7242524916944
1,2111,-46,4.81508515815085
1,2112,-12,-39.7242524916944
1,2113,0,-14.9288793103448
1,2114,-1,4.81508515815085
1,2115,20,4.81508515815085
1,2116,86,92.1946308724832
1,2117,196,110.452380952381
1,2118,283,155.730769230769
1,2119,-272,-234
1,2120,-113,-155.396946564885
1,2121,5,-110.381578947368
1,2122,72,4.81508515815085
1,2123,0,-20.5769230769231
1,2124,-13,4.81508515815085
1,2125,56,-14.9288793103448
1,2126,71,101.333333333333
1,2127,334,228.342857142857
1,2128,-111,-53.5833333333333
1,2129,-124,-155.396946564885
1,2130,-165,-110.381578947368
1,2131,-91,-93.21875
1,2132,-115,-39.7242524916944
1,2133,-57,-39.7242524916944
1,2134,-33,-39.7242524916944
1,2135,-22,-14.9288793103448
1,2136,-6,-14.9288793103448
1,2137,-2,4.81508515815085
1,2138,-2,4.81508515815085
1,2139,26,4.81508515815085
1,2140,73,92.1946308724832
1,2141,241,192.233644859813
1,2142,263,76
1,2143,-196,-234
1,2144,-189,-155.396946564885
1,2145,39,-110.381578947368
1,2146,73,30.9859154929577
1,2147,14,-20.5769230769231
1,2148,-34,-20.5769230769231
1,2149,5,-14.9288793103448
1,2150,169,59
1,2151,272,211.108108108108
1,2152,43,-66.6818181818182
1,2153,-242,-155.396946564885
1,2154,-179,-110.381578947368
1,2155,-136,15.7333333333333
1,2156,-85,-39.7242524916944
1,2157,-79,-39.7242524916944
1,2158,-38,-39.7242524916944
1,2159,-30,-14.9288793103448
1,2160,-6,107.474576271186
1,2161,-2,4.81508515815085
1,2162,-2,4.81508515815085
1,2163,26,4.81508515815085
1,2164,99,92.1946308724832
1,2165,240,192.233644859813
1,2166,318,155.730769230769
1,2167,-321,-234
1,2168,-196,-155.396946564885
1,2169,46,-110.381578947368
1,2170,70,30.9859154929577
1,2171,-32,-20.5769230769231
1,2172,7,-14.9288793103448
1,2173,10,4.81508515815085
1,2174,122,107.474576271186
1,2175,354,228.342857142857
1,2176,15,-66.6818181818182
1,2177,-265,-155.396946564885
1,2178,-122,-110.381578947368
1,2179,-74,15.7333333333333
1,2180,-117,-39.7242524916944
1,2181,-50,-39.7242524916944
1,2182,-86,-39.7242524916944
1,2183,-32,-39.7242524916944
1,2184,5,107.474576271186
1,2185,-13,4.81508515815085
1,2186,-4,-14.9288793103448
1,2187,28,4.81508515815085
1,2188,97,92.1946308724832
1,2189,228,192.233644859813
1,2190,284,155.730769230769
1,2191,-287,-234
1,2192,-105,-155.396946564885
1,2193,22,-110.381578947368
1,2194,8,30.9859154929577
1,2195,15,4.81508515815085
1,2196,-4,-20.5769230769231
1,2197,-18,4.81508515815085
1,2198,133,107.474576271186
1,2199,420,228.342857142857
1,2200,-124,-66.6818181818182
1,2201,-211,-155.396946564885
1,2202,-175,-110.381578947368
1,2203,-78,15.7333333333333
1,2204,-85,-39.7242524916944
1,2205,-13,-39.7242524916944
1,2206,-75,-14.9288793103448
1,2207,-23,-39.7242524916944
1,2208,-27,107.474576271186
1,2209,-3,-14.9288793103448
1,2210,-3,4.81508515815085
1,2211,18,4.81508515815085
1,2212,57,-12.8
1,2213,166,140.266666666667
1,2214,262,155.730769230769
1,2215,-132,-166.291666666667
1,2216,-138,-155.396946564885
1,2217,53,-110.381578947368
1,2218,46,30.9859154929577
1,2219,74,-20.5769230769231
1,2220,79,-20.5769230769231
1,2221,47,24.0666666666667
1,2222,-1,101.333333333333
1,2223,119,59
1,2224,-171,-53.5833333333333
1,2225,-72,-46.6190476190476
1,2226,-160,-39.7242524916944
1,2227,-62,-39.7242524916944
1,2228,-32,-39.7242524916944
1,2229,-45,-14.9288793103448
1,2230,-19,-39.7242524916944
1,2231,-25,-14.9288793103448
1,2232,-33,-14.9288793103448
1,2233,-8,-14.9288793103448
1,2234,-21,-14.9288793103448
1,2235,-5,-14.9288793103448
1,2236,17,4.81508515815085
1,2237,35,-12.8
1,2238,69,69.8695652173913
1,2239,153,155.730769230769
1,2240,87,101.333333333333
1,2241,132,-104.93220338983
1,2242,95,-127.081081081081
1,2243,53,-234
1,2244,-65,-20.5769230769231
1,2245,48,-39.7242524916944
1,2246,-11,-20.5769230769231
1,2247,-48,-14.9288793103448
1,2248,-50,-39.7242524916944
1,2249,-104,-39.7242524916944
1,2250,-205,-39.7242524916944
1,2251,26,-39.7242524916944
1,2252,-52,44.6279069767442
1,2253,-64,-39.7242524916944
1,2254,-33,-39.7242524916944
1,2255,-21,-14.9288793103448
1,2256,-32,-14.9288793103448
1,2257,-6,107.474576271186
1,2258,-19,4.81508515815085
1,2259,5,-14.9288793103448
1,2260,16,4.81508515815085
1,2261,9,69.8695652173913
1,2262,47,4.81508515815085
1,2263,95,101.333333333333
1,2264,120,99.8333333333333
1,2265,105,141.909090909091
1,2266,53,-234
1,2267,26,30.9859154929577
1,2268,20,-20.5769230769231
1,2269,-17,-20.5769230769231
1,2270,-10,-14.9288793103448
1,2271,-65,-14.9288793103448
1,2272,-101,-39.7242524916944
1,2273,-34,-39.7242524916944
1,2274,-65,-14.9288793103448
1,2275,-81,-39.7242524916944
1,2276,-12,-39.7242524916944
1,2277,-67,-14.9288793103448
1,2278,-14,-39.7242524916944
1,2279,-21,-14.9288793103448
1,2280,-10,-14.9288793103448
1,2281,-3,-14.9288793103448
1,2282,2,4.81508515815085
1,2283,27,4.81508515815085
1,2284,79,92.1946308724832
1,2285,220,135.239436619718
1,2286,286,76
1,2287,-331,-234
1,2288,-108,-155.396946564885
1,2289,45,-110.381578947368
1,2290,57,30.9859154929577
1,2291,1,-20.5769230769231
1,2292,-63,4.81508515815085
1,2293,37,-39.7242524916944
1,2294,136,92.1946308724832
1,2295,241,228.342857142857
1,2296,14,-66.6818181818182
1,2297,-225,-155.396946564885
1,2298,-145,-110.381578947368
1,2299,-111,15.7333333333333
1,2300,-57,-39.7242524916944
1,2301,-41,-39.7242524916944
1,2302,-41,-39.7242524916944
1,2303,-17,-39.7242524916944
1,2304,-7,107.474576271186
1,2305,0,-14.9288793103448
1,2306,0,4.81508515815085
1,2307,22,4.81508515815085
1,2308,79,69.8695652173913
1,2309,281,192.233644859813
1,2310,308,135.239436619718
1,2311,-373,-234
1,2312,-138,-155.396946564885
1,2313,58,-110.381578947368
1,2314,20,30.9859154929577
1,2315,24,-20.5769230769231
1,2316,-59,-20.5769230769231
1,2317,-21,-39.7242524916944
1,2318,159,107.474576271186
1,2319,382,228.342857142857
1,2320,-40,-66.6818181818182
1,2321,-225,-155.396946564885
1,2322,-197,-110.381578947368
1,2323,-76,15.7333333333333
1,2324,-79,-39.7242524916944
1,2325,-65,-39.7242524916944
1,2326,-32,-39.7242524916944
1,2327,-18,-14.9288793103448
1,2328,-10,107.474576271186
1,2329,0,-14.9288793103448
1,2330,25,4.81508515815085
1,2331,79,92.1946308724832
1,2332,215,192.233644859813
1,2333,274,155.730769230769
1,2334,-293,-234
1,2335,-149,-155.396946564885
1,2336,27,-110.381578947368
1,2337,2,30.9859154929577
1,2338,-19,4.81508515815085
1,2339,-28,-14.9288793103448
1,2340,67,-14.9288793103448
1,2341,105,89.1818181818182
1,2342,272,228.342857142857
1,2343,6,-127.081081081081
1,2344,-201,-155.396946564885
1,2345,-149,-110.381578947368
1,2346,-70,15.7333333333333
1,2347,-31,-39.7242524916944
1,2348,-73,-14.9288793103448
1,2349,-38,-39.7242524916944
1,2350,-14,-14.9288793103448
1,2351,-5,107.474576271186
1,2352,1,4.81508515815085
1,2353,-4,4.81508515815085
1,2354,20,4.81508515815085
1,2355,75,92.1946308724832
1,2356,210,192.233644859813
1,2357,318,135.239436619718
1,2358,-337,-234
1,2359,-146,-155.396946564885
1,2360,83,-110.381578947368
1,2361,35,-40
1,2362,-56,-20.5769230769231
1,2363,21,-39.7242524916944
1,2364,-13,24.0666666666667
1,2365,142,107.474576271186
1,2366,303,228.342857142857
1,2367,-46,-66.6818181818182
1,2368,-177,-155.396946564885
1,2369,-153,-110.381578947368
1,2370,-93,-93.21875
1,2371,-29,-39.7242524916944
1,2372,-64,-14.9288793103448
1,2373,-39,-39.7242524916944
1,2374,-25,-14.9288793103448
1,2375,-19,-14.9288793103448
1,2376,0,-14.9288793103448
1,2377,-6,4.81508515815085
1,2378,16,4.81508515815085
1,2379,63,92.1946308724832
1,2380,212,140.266666666667
1,2381,267,155.730769230769
1,2382,-233,-234
1,2383,-138,-155.396946564885
1,2384,41,-110.381578947368
1,2385,89,30.9859154929577
1,2386,36,-20.5769230769231
1,2387,-10,-20.5769230769231
1,2388,4,-14.9288793103448
1,2389,111,107.474576271186
1,2390,275,228.342857142857
1,2391,-67,-66.6818181818182
1,2392,-244,-155.396946564885
1,2393,-141,-110.381578947368
1,2394,-97,15.7333333333333
1,2395,26,-39.7242524916944
1,2396,-17,30.9859154929577
1,2397,-102,-14.9288793103448
1,2398,-26,-39.7242524916944
1,2399,-14,107.474576271186
1,2400,-24,-14.9288793103448
1,2401,-18,-14.9288793103448
1,2402,-7,-14.9288793103448
1,2403,14,-14.9288793103448
1,2404,43,92.1946308724832
1,2405,96,140.266666666667
1,2406,105,135.239436619718
1,2407,141,101.333333333333
1,2408,158,101.333333333333
1,2409,114,-234
1,2410,0,-234
1,2411,-18,-46.6190476190476
1,2412,-2,-14.9288793103448
1,2413,-76,4.81508515815085
1,2414,-22,-39.7242524916944
1,2415,-79,-14.9288793103448
1,2416,-22,-39.7242524916944
1,2417,-138,-14.9288793103448
1,2418,-101,-39.7242524916944
1,2419,-8,-39.7242524916944
1,2420,-16,-14.9288793103448
1,2421,-72,-14.9288793103448
1,2422,-18,-39.7242524916944
1,2423,-32,-14.9288793103448
1,2424,-29,-14.9288793103448
1,2425,-33,-14.9288793103448
1,2426,-2,-14.9288793103448
1,2427,6,4.81508515815085
1,2428,30,4.81508515815085
1,2429,51,69.8695652173913
1,2430,154,140.266666666667
1,2431,170,101.333333333333
1,2432,107,-166.291666666667
1,2433,107,-234
1,2434,46,-53.5833333333333
1,2435,-53,-20.5769230769231
1,2436,-11,-39.7242524916944
1,2437,-1,-14.9288793103448
1,2438,7,4.81508515815085
1,2439,-144,59
1,2440,-100,-39.7242524916944
1,2441,-88,-39.7242524916944
1,2442,-62,-39.7242524916944
1,2443,-95,-39.7242524916944
1,2444,-44,-39.7242524916944
1,2445,-49,-39.7242524916944
1,2446,-13,-39.7242524916944
1,2447,-14,-14.9288793103448
1,2448,-6,-14.9288793103448
1,2449,-2,4.81508515815085
1,2450,32,4.81508515815085
1,2451,95,69.8695652173913
1,2452,254,192.233644859813
1,2453,210,76
1,2454,-300,-234
1,2455,-73,-155.396946564885
1,2456,27,-110.381578947368
1,2457,20,30.9859154929577
1,2458,-8,-20.5769230769231
1,2459,25,-14.9288793103448
1,2460,-13,24.0666666666667
1,2461,83,107.474576271186
1,2462,354,228.342857142857
1,2463,-36,-79.1428571428571
1,2464,-154,-155.396946564885
1,2465,-147,-110.381578947368
1,2466,-104,-93.21875
1,2467,-57,-39.7242524916944
1,2468,-93,-39.7242524916944
1,2469,-78,-39.7242524916944
1,2470,-32,-39.7242524916944
1,2471,-7,-14.9288793103448
1,2472,2,-14.9288793103448
1,2473,3,4.81508515815085
1,2474,21,4.81508515815085
1,2475,114,92.1946308724832
1,2476,317,192.233644859813
1,2477,212,-66.6818181818182
1,2478,-273,-234
1,2479,-183,-155.396946564885
1,2480,22,-110.381578947368
1,2481,5,30.9859154929577
1,2482,-5,4.81508515815085
1,2483,18,4.81508515815085
1,2484,51,24.0666666666667
1,2485,62,101.333333333333
1,2486,411,228.342857142857
1,2487,-6,-127.081081081081
1,2488,-238,-155.396946564885
1,2489,-135,-110.381578947368
1,2490,-105,15.7333333333333
1,2491,-135,-39.7242524916944
1,2492,-80,-39.7242524916944
1,2493,-44,-39.7242524916944
1,2494,-24,-39.7242524916944
1,2495,-5,107.474576271186
1,2496,-3,4.81508515815085
1,2497,1,4.81508515815085
1,2498,27,4.81508515815085
1,2499,100,168.178571428571
1,2500,284,192.233644859813
1,2501,158,155.730769230769
1,2502,-311,-234
1,2503,-118,-104.93220338983
1,2504,-28,15.7333333333333
1,2505,-9,-14.9288793103448
1,2506,-46,-14.9288793103448
1,2507,-13,-39.7242524916944
1,2508,47,-14.9288793103448
1,2509,137,89.1818181818182
1,2510,253,272.724137931034
1,2511,17,-166.291666666667
1,2512,-137,-155.396946564885
1,2513,-108,-110.381578947368
1,2514,-71,-93.21875
1,2515,-27,-39.7242524916944
1,2516,-92,-14.9288793103448
1,2517,-45,-39.7242524916944
1,2518,-12,-39.7242524916944
1,2519,-7,-14.9288793103448
1,2520,-2,-14.9288793103448
1,2521,0,4.81508515815085
1,2522,26,4.81508515815085
1,2523,90,92.1946308724832
1,2524,286,192.233644859813
1,2525,271,76
1,2526,-376,-234
1,2527,-112,-155.396946564885
1,2528,40,-110.381578947368
1,2529,35,30.9859154929577
1,2530,-26,-20.5769230769231
1,2531,-1,-14.9288793103448
1,2532,25,4.81508515815085
1,2533,125,92.1946308724832
1,2534,361,228.342857142857
1,2535,28,-66.6818181818182
1,2536,-190,-155.396946564885
1,2537,-182,-110.381578947368
1,2538,-137,-93.21875
1,2539,-19,-39.7242524916944
1,2540,-104,-14.9288793103448
1,2541,-80,-39.7242524916944
1,2542,-39,-39.7242524916944
1,2543,-4,-14.9288793103448
1,2544,-11,4.81508515815085
1,2545,-7,-14.9288793103448
1,2546,22,-14.9288793103448
1,2547,88,92.1946308724832
1,2548,246,192.233644859813
1,2549,341,155.730769230769
1,2550,-341,-234
1,2551,-122,-155.396946564885
1,2552,17,-110.381578947368
1,2553,108,30.9859154929577
1,2554,19,-3.52380952380952
1,2555,13,-20.5769230769231
1,2556,13,24.0666666666667
1,2557,173,92.1946308724832
1,2558,239,228.342857142857
1,2559,-151,-66.6818181818182
1,2560,-176,-155.396946564885
1,2561,-151,-110.381578947368
1,2562,-54,-93.21875
1,2563,-85,-39.7242524916944
1,2564,-15,-39.7242524916944
1,2565,-45,-14.9288793103448
1,2566,-54,-39.7242524916944
1,2567,-7,-39.7242524916944
1,2568,-52,-14.9288793103448
1,2569,-20,-39.7242524916944
1,2570,-8,-14.9288793103448
1,2571,30,-14.9288793103448
1,2572,45,-12.8
1,2573,125,140.266666666667
1,2574,130,76
1,2575,151,-166.291666666667
1,2576,126,-234
1,2577,32,-234
1,2578,9,-46.6190476190476
1,2579,-40,4.81508515815085
1,2580,19,-14.9288793103448
1,2581,11,-103.538461538462
1,2582,-71,-103.538461538462
1,2583,-152,-39.7242524916944
1,2584,-362,-39.7242524916944
1,2585,-15,-39.7242524916944
1,2586,63,-14.9288793103448
1,2587,8,30.9859154929577
1,2588,-19,4.81508515815085
1,2589,26,-14.9288793103448
1,2590,-44,92.1946308724832
1,2591,-17,107.474576271186
1,2592,-16,-14.9288793103448
1,2593,-33,-14.9288793103448
1,2594,-1,-14.9288793103448
1,2595,6,4.81508515815085
1,2596,12,4.81508515815085
1,2597,27,69.8695652173913
1,2598,28,69.8695652173913
1,2599,-11,69.8695652173913
1,2600,9,-14.9288793103448
1,2601,-16,4.81508515815085
1,2602,-9,-14.9288793103448
1,2603,1,-14.9288793103448
1,2604,-15,4.81508515815085
1,2605,-2,-14.9288793103448
1,2606,-9,4.81508515815085
1,2607,12,-14.9288793103448
1,2608,-4,-12.8
1,2609,0,4.81508515815085
1,2610,-24,4.81508515815085
1,2611,2,-14.9288793103448
1,2612,4,4.81508515815085
1,2613,-11,4.81508515815085
1,2614,-4,-14.9288793103448
1,2615,2,4.81508515815085
1,2616,-3,4.81508515815085
1,2617,2,4.81508515815085
1,2618,11,4.81508515815085
1,2619,31,44.6279069767442
1,2620,162,69.8695652173913
1,2621,275,-3.52380952380952
1,2622,-210,-66.6818181818182
1,2623,-172,-155.396946564885
1,2624,1,-110.381578947368
1,2625,28,4.81508515815085
1,2626,-22,-20.5769230769231
1,2627,7,-14.9288793103448
1,2628,-2,4.81508515815085
1,2629,-9,107.474576271186
1,2630,129,-14.9288793103448
1,2631,147,-3.52380952380952
1,2632,-81,-66.6818181818182
1,2633,-95,-104.93220338983
1,2634,-51,-39.7242524916944
1,2635,-63,-39.7242524916944
1,2636,-30,-39.7242524916944
1,2637,-46,-14.9288793103448
1,2638,-6,-39.7242524916944
1,2639,-4,59
1,2640,-1,59
1,2641,1,4.81508515815085
1,2642,19,4.81508515815085
1,2643,98,69.8695652173913
1,2644,270,192.233644859813
1,2645,221,-79.1428571428571
1,2646,-303,-234
1,2647,-146,-155.396946564885
1,2648,22,-110.381578947368
1,2649,40,30.9859154929577
1,2650,0,-20.5769230769231
1,2651,-8,4.81508515815085
1,2652,20,-14.9288793103448
1,2653,126,92.1946308724832
1,2654,329,228.342857142857
1,2655,-59,-66.6818181818182
1,2656,-150,-155.396946564885
1,2657,-197,-110.381578947368
1,2658,-59,-93.21875
1,2659,-69,-39.7242524916944
1,2660,-84,-39.7242524916944
1,2661,-37,-39.7242524916944
1,2662,-11,-14.9288793103448
1,2663,-18,-14.9288793103448
1,2664,-4,-14.9288793103448
1,2665,3,4.81508515815085
1,2666,18,4.81508515815085
1,2667,82,92.1946308724832
1,2668,283,192.233644859813
1,2669,265,135.239436619718
1,2670,-333,-234
1,2671,-139,-155.396946564885
1,2672,37,-110.381578947368
1,2673,50,30.9859154929577
1,2674,-41,-20.5769230769231
1,2675,-5,-39.7242524916944
1,2676,6,4.81508515815085
1,2677,147,107.474576271186
1,2678,356,228.342857142857
1,2679,-23,-66.6818181818182
1,2680,-166,-155.396946564885
1,2681,-163,-110.381578947368
1,2682,-141,-93.21875
1,2683,-47,-39.7242524916944
1,2684,-88,-39.7242524916944
1,2685,-61,-39.7242524916944
1,2686,-20,-39.7242524916944
1,2687,-10,-14.9288793103448
1,2688,-7,-14.9288793103448
1,2689,-3,-14.9288793103448
1,2690,14,4.81508515815085
1,2691,110,92.1946308724832
1,2692,98,192.233644859813
1,2693,137,135.239436619718
1,2694,-161,101.333333333333
1,2695,-62,-104.93220338983
1,2696,12,-39.7242524916944
1,2697,53,30.9859154929577
1,2698,-7,-20.5769230769231
1,2699,-28,-14.9288793103448
1,2700,35,-14.9288793103448
1,2701,114,92.1946308724832
1,2702,296,211.108108108108
1,2703,50,-66.6818181818182
1,2704,-200,-155.396946564885
1,2705,-127,-110.381578947368
1,2706,-87,15.7333333333333
1,2707,-67,-39.7242524916944
1,2708,-71,-39.7242524916944
1,2709,-39,-39.7242524916944
1,2710,-38,-14.9288793103448
1,2711,-13,107.474576271186
1,2712,-19,-14.9288793103448
1,2713,3,-14.9288793103448
1,2714,13,4.81508515815085
1,2715,101,92.1946308724832
1,2716,195,192.233644859813
1,2717,277,155.730769230769
1,2718,-258,-234
1,2719,-98,-155.396946564885
1,2720,-3,-110.381578947368
1,2721,74,4.81508515815085
1,2722,-1,-20.5769230769231
1,2723,-6,4.81508515815085
1,2724,24,4.81508515815085
1,2725,116,92.1946308724832
1,2726,262,228.342857142857
1,2727,-48,-66.6818181818182
1,2728,-213,-155.396946564885
1,2729,-152,-110.381578947368
1,2730,-81,15.7333333333333
1,2731,-50,-39.7242524916944
1,2732,-42,-39.7242524916944
1,2733,-13,-39.7242524916944
1,2734,-36,-14.9288793103448
1,2735,-10,107.474576271186
1,2736,-31,-14.9288793103448
1,2737,-24,-14.9288793103448
1,2738,3,-14.9288793103448
1,2739,23,4.81508515815085
1,2740,27,69.8695652173913
1,2741,103,69.8695652173913
1,2742,56,135.239436619718
1,2743,77,101.333333333333
1,2744,67,141.909090909091
1,2745,23,30.9859154929577
1,2746,8,30.9859154929577
1,2747,51,4.81508515815085
1,2748,-32,-20.5769230769231
1,2749,-32,-14.9288793103448
1,2750,-54,-14.9288793103448
1,2751,-232,-39.7242524916944
1,2752,49,-39.7242524916944
1,2753,-37,-103.538461538462
1,2754,-18,-14.9288793103448
1,2755,-1,-14.9288793103448
1,2756,-41,4.81508515815085
1,2757,-6,-39.7242524916944
1,2758,6,107.474576271186
1,2759,-2,4.81508515815085
1,2760,-24,4.81508515815085
1,2761,-12,-14.9288793103448
1,2762,2,-14.9288793103448
1,2763,1,4.81508515815085
1,2764,20,4.81508515815085
1,2765,80,44.6279069767442
1,2766,78,-20.5769230769231
1,2767,195,155.730769230769
1,2768,31,14.3461538461538
1,2769,173,-104.93220338983
1,2770,11,-127.081081081081
1,2771,58,-104.93220338983
1,2772,-50,-20.5769230769231
1,2773,-16,-39.7242524916944
1,2774,-65,-14.9288793103448
1,2775,-35,-39.7242524916944
1,2776,-112,-14.9288793103448
1,2777,-132,-39.7242524916944
1,2778,-39,-39.7242524916944
1,2779,-96,-14.9288793103448
1,2780,-26,-39.7242524916944
1,2781,-34,-14.9288793103448
1,2782,-24,-14.9288793103448
1,2783,-16,-14.9288793103448
1,2784,-4,-14.9288793103448
1,2785,-2,4.81508515815085
1,2786,18,4.81508515815085
1,2787,103,69.8695652173913
1,2788,226,192.233644859813
1,2789,247,155.730769230769
1,2790,-328,-234
1,2791,-111,-155.396946564885
1,2792,6,-110.381578947368
1,2793,62,4.81508515815085
1,2794,22,-20.5769230769231
1,2795,-29,-20.5769230769231
1,2796,13,-14.9288793103448
1,2797,116,92.1946308724832
1,2798,336,228.342857142857
1,2799,-19,-66.6818181818182
1,2800,-193,-155.396946564885
1,2801,-162,-110.381578947368
1,2802,-88,-93.21875
1,2803,-87,-39.7242524916944
1,2804,-74,-39.7242524916944
1,2805,-25,-39.7242524916944
1,2806,-14,-14.9288793103448
1,2807,-13,-14.9288793103448
1,2808,-5,-14.9288793103448
1,2809,5,4.81508515815085
1,2810,9,4.81508515815085
1,2811,9,4.81508515815085
1,2812,143,4.81508515815085
1,2813,388,101.333333333333
1,2814,-208,-66.6818181818182
1,2815,-175,-155.396946564885
1,2816,55,-110.381578947368
1,2817,40,30.9859154929577
1,2818,-20,-20.5769230769231
1,2819,-45,-14.9288793103448
1,2820,30,-39.7242524916944
1,2821,120,92.1946308724832
1,2822,327,228.342857142857
1,2823,62,-66.6818181818182
1,2824,-256,-155.396946564885
1,2825,-152,-110.381578947368
1,2826,-53,15.7333333333333
1,2827,-71,-39.7242524916944
1,2828,-116,-39.7242524916944
1,2829,-48,-39.7242524916944
1,2830,-32,-39.7242524916944
1,2831,1,107.474576271186
1,2832,-10,4.81508515815085
1,2833,-2,-14.9288793103448
1,2834,29,4.81508515815085
1,2835,87,92.1946308724832
1,2836,238,192.233644859813
1,2837,308,155.730769230769
1,2838,-351,-234
1,2839,-140,-155.396946564885
1,2840,9,-110.381578947368
1,2841,61,4.81508515815085
1,2842,-17,-20.5769230769231
1,2843,12,-14.9288793103448
1,2844,16,24.0666666666667
1,2845,111,92.1946308724832
1,2846,362,228.342857142857
1,2847,84,-66.6818181818182
1,2848,-309,-155.396946564885
1,2849,-166,-110.381578947368
1,2850,-99,15.7333333333333
1,2851,-66,-39.7242524916944
1,2852,-75,-39.7242524916944
1,2853,-8,-39.7242524916944
1,2854,-66,-14.9288793103448
1,2855,-7,107.474576271186
1,2856,-11,-14.9288793103448
1,2857,-4,-14.9288793103448
1,2858,19,4.81508515815085
1,2859,115,92.1946308724832
1,2860,248,135.239436619718
1,2861,243,-66.6818181818182
1,2862,-323,-234
1,2863,-136,-155.396946564885
1,2864,33,-110.381578947368
1,2865,100,30.9859154929577
1,2866,-36,-3.52380952380952
1,2867,-61,-14.9288793103448
1,2868,79,-39.7242524916944
1,2869,87,101.333333333333
1,2870,334,228.342857142857
1,2871,2,-53.5833333333333
1,2872,-184,-155.396946564885
1,2873,-102,-110.381578947368
1,2874,-121,-93.21875
1,2875,-53,-39.7242524916944
1,2876,-125,-39.7242524916944
1,2877,-32,-39.7242524916944
1,2878,-41,-14.9288793103448
1,2879,-37,-39.7242524916944
1,2880,3,-14.9288793103448
1,2881,-10,4.81508515815085
1,2882,20,-14.9288793103448
1,2883,111,92.1946308724832
1,2884,221,192.233644859813
1,2885,262,-66.6818181818182
1,2886,-324,-234
1,2887,-95,-155.396946564885
1,2888,59,-110.381578947368
1,2889,-87,30.9859154929577
1,2890,107,-39.7242524916944
1,2891,-36,-53.5833333333333
1,2892,101,-14.9288793103448
1,2893,97,89.1818181818182
1,2894,203,228.342857142857
1,2895,-2,99.8333333333333
1,2896,-189,-155.396946564885
1,2897,-139,-39.7242524916944
1,2898,-78,-39.7242524916944
1,2899,-3,-39.7242524916944
1,2900,24,4.81508515815085
1,2901,-103,-103.538461538462
1,2902,-46,-39.7242524916944
1,2903,-32,-39.7242524916944
1,2904,-43,-14.9288793103448
1,2905,-23,-39.7242524916944
1,2906,13,-14.9288793103448
1,2907,20,44.6279069767442
1,2908,45,92.1946308724832
1,2909,110,140.266666666667
1,2910,87,101.333333333333
1,2911,148,101.333333333333
1,2912,143,141.909090909091
1,2913,-25,-234
1,2914,-26,-104.93220338983
1,2915,-96,-14.9288793103448
1,2916,113,-39.7242524916944
1,2917,-1,-3.52380952380952
1,2918,-38,-46.6190476190476
1,2919,-68,-14.9288793103448
1,2920,-29,-39.7242524916944
1,2921,-96,-14.9288793103448
1,2922,-40,-39.7242524916944
1,2923,-52,-14.9288793103448
1,2924,-68,-39.7242524916944
1,2925,-15,-39.7242524916944
1,2926,-13,-14.9288793103448
1,2927,-28,-14.9288793103448
1,2928,-65,-14.9288793103448
1,2929,-12,-39.7242524916944
1,2930,-5,-14.9288793103448
1,2931,6,4.81508515815085
1,2932,19,4.81508515815085
1,2933,78,69.8695652173913
1,2934,77,192.233644859813
1,2935,142,101.333333333333
1,2936,81,101.333333333333
1,2937,144,-104.93220338983
1,2938,7,-127.081081081081
1,2939,-47,-104.93220338983
1,2940,53,-39.7242524916944
1,2941,-27,-20.5769230769231
1,2942,-33,-14.9288793103448
1,2943,-48,-14.9288793103448
1,2944,-80,-39.7242524916944
1,2945,-107,-39.7242524916944
1,2946,-73,-39.7242524916944
1,2947,-46,-39.7242524916944
1,2948,-55,-39.7242524916944
1,2949,-68,-39.7242524916944
1,2950,-25,-39.7242524916944
1,2951,-3,-14.9288793103448
1,2952,-1,4.81508515815085
1,2953,-3,4.81508515815085
1,2954,21,4.81508515815085
1,2955,119,92.1946308724832
1,2956,243,192.233644859813
1,2957,254,-66.6818181818182
1,2958,-289,-234
1,2959,-160,-155.396946564885
1,2960,23,-110.381578947368
1,2961,50,30.9859154929577
1,2962,9,-20.5769230769231
1,2963,-33,4.81508515815085
1,2964,23,-14.9288793103448
1,2965,126,92.1946308724832
1,2966,381,228.342857142857
1,2967,-89,-66.6818181818182
1,2968,-134,-155.396946564885
1,2969,-223,-110.381578947368
1,2970,-76,-93.21875
1,2971,-74,15.7333333333333
1,2972,-60,-39.7242524916944
1,2973,-75,-39.7242524916944
1,2974,-29,-39.7242524916944
1,2975,7,-14.9288793103448
1,2976,-10,107.474576271186
1,2977,-1,-14.9288793103448
1,2978,15,4.81508515815085
1,2979,145,92.1946308724832
1,2980,298,192.233644859813
1,2981,178,-66.6818181818182
1,2982,-346,-234
1,2983,-138,-104.93220338983
1,2984,60,15.7333333333333
1,2985,46,30.9859154929577
1,2986,-44,-20.5769230769231
1,2987,-148,-39.7242524916944
1,2988,63,-39.7242524916944
1,2989,255,101.333333333333
1,2990,328,228.342857142857
1,2991,-7,-234
1,2992,-252,-155.396946564885
1,2993,-156,-110.381578947368
1,2994,-79,15.7333333333333
1,2995,-76,-39.7242524916944
1,2996,-84,-39.7242524916944
1,2997,-28,-39.7242524916944
1,2998,-21,-14.9288793103448
1,2999,-13,107.474576271186
1,3000,1,-14.9288793103448
1,3001,3,4.81508515815085
1,3002,23,4.81508515815085
1,3003,98,92.1946308724832
1,3004,292,192.233644859813
1,3005,204,135.239436619718
1,3006,-297,-234
1,3007,-172,-155.396946564885
1,3008,48,15.7333333333333
1,3009,79,30.9859154929577
1,3010,-14,-20.5769230769231
1,3011,-23,-14.9288793103448
1,3012,16,-14.9288793103448
1,3013,98,92.1946308724832
1,3014,348,228.342857142857
1,3015,-333,-79.1428571428571
1,3016,-274,-155.396946564885
1,3017,-47,-110.381578947368
1,3018,-17,15.7333333333333
1,3019,33,-14.9288793103448
1,3020,-12,-20.5769230769231
1,3021,-22,-14.9288793103448
1,3022,-22,107.474576271186
1,3023,-8,107.474576271186
1,3024,0,-14.9288793103448
1,3025,-1,4.81508515815085
1,3026,22,4.81508515815085
1,3027,115,69.8695652173913
1,3028,262,135.239436619718
1,3029,229,-66.6818181818182
1,3030,-269,-234
1,3031,-207,-155.396946564885
1,3032,102,-110.381578947368
1,3033,16,-3.52380952380952
1,3034,46,-20.5769230769231
1,3035,-71,-20.5769230769231
1,3036,24,-39.7242524916944
1,3037,150,92.1946308724832
1,3038,311,228.342857142857
1,3039,38,-66.6818181818182
1,3040,-217,-155.396946564885
1,3041,-179,-110.381578947368
1,3042,-144,15.7333333333333
1,3043,2,-39.7242524916944
1,3044,-97,4.81508515815085
1,3045,-71,-39.7242524916944
1,3046,-18,-39.7242524916944
1,3047,-15,107.474576271186
1,3048,-18,-14.9288793103448
1,3049,-4,-14.9288793103448
1,3050,17,4.81508515815085
1,3051,109,92.1946308724832
1,3052,216,192.233644859813
1,3053,269,135.239436619718
1,3054,-298,-234
1,3055,-112,-155.396946564885
1,3056,81,-110.381578947368
1,3057,57,-40
1,3058,15,-20.5769230769231
1,3059,-29,-20.5769230769231
1,3060,105,-14.9288793103448
1,3061,86,101.333333333333
1,3062,254,228.342857142857
1,3063,-183,-53.5833333333333
1,3064,-93,-155.396946564885
1,3065,-162,-110.381578947368
1,3066,-71,-93.21875
1,3067,-36,-39.7242524916944
1,3068,-54,-14.9288793103448
1,3069,-44,-39.7242524916944
1,3070,-43,-39.7242524916944
1,3071,-37,-39.7242524916944
1,3072,-22,-14.9288793103448
1,3073,-25,-14.9288793103448
1,3074,4,-14.9288793103448
1,3075,20,4.81508515815085
1,3076,34,69.8695652173913
1,3077,111,69.8695652173913
1,3078,157,101.333333333333
1,3079,76,-66.6818181818182
1,3080,111,-104.93220338983
1,3081,37,-127.081081081081
1,3082,100,-46.6190476190476
1,3083,-44,-53.5833333333333
1,3084,-25,-39.7242524916944
1,3085,1,-14.9288793103448
1,3086,-15,4.81508515815085
1,3087,-30,-14.9288793103448
1,3088,-107,-14.9288793103448
1,3089,-152,-39.7242524916944
1,3090,-57,-39.7242524916944
1,3091,44,-39.7242524916944
1,3092,-98,44.6279069767442
1,3093,-78,-39.7242524916944
1,3094,-4,-39.7242524916944
1,3095,-12,4.81508515815085
1,3096,-54,-14.9288793103448
1,3097,-19,-39.7242524916944
1,3098,3,-14.9288793103448
1,3099,9,4.81508515815085
1,3100,39,4.81508515815085
1,3101,96,44.6279069767442
1,3102,66,135.239436619718
1,3103,128,101.333333333333
1,3104,78,14.3461538461538
1,3105,103,-104.93220338983
1,3106,71,-53.5833333333333
1,3107,-50,-20.5769230769231
1,3108,-53,-39.7242524916944
1,3109,65,-39.7242524916944
1,3110,-86,-103.538461538462
1,3111,-89,-39.7242524916944
1,3112,-50,-39.7242524916944
1,3113,-109,-39.7242524916944
1,3114,-61,-39.7242524916944
1,3115,-38,-39.7242524916944
1,3116,-57,-14.9288793103448
1,3117,-39,-39.7242524916944
1,3118,-24,-14.9288793103448
1,3119,-9,-14.9288793103448
1,3120,0,-14.9288793103448
1,3121,4,4.81508515815085
1,3122,20,4.81508515815085
1,3123,39,92.1946308724832
1,3124,10,69.8695652173913
1,3125,81,4.81508515815085
1,3126,-46,14.3461538461538
1,3127,-51,-39.7242524916944
1,3128,20,-39.7242524916944
1,3129,106,30.9859154929577
1,3130,-9,-3.52380952380952
1,3131,-5,-14.9288793103448
1,3132,25,4.81508515815085
1,3133,-85,-12.8
1,3134,118,-39.7242524916944
1,3135,71,-53.5833333333333
1,3136,4,-46.6190476190476
1,3137,-115,4.81508515815085
1,3138,-37,-39.7242524916944
1,3139,-23,-14.9288793103448
1,3140,-54,-14.9288793103448
1,3141,-43,-39.7242524916944
1,3142,-13,-39.7242524916944
1,3143,-15,-14.9288793103448
1,3144,2,-14.9288793103448
1,3145,-1,4.81508515815085
1,3146,3,4.81508515815085
1,3147,16,4.81508515815085
1,3148,68,69.8695652173913
1,3149,317,135.239436619718
1,3150,-54,135.239436619718
1,3151,-184,-155.396946564885
1,3152,53,-110.381578947368
1,3153,40,30.9859154929577
1,3154,-25,30.9859154929577
1,3155,-55,-14.9288793103448
1,3156,72,-39.7242524916944
1,3157,118,101.333333333333
1,3158,304,89.1818181818182
1,3159,55,-234
1,3160,-221,-155.396946564885
1,3161,-249,-110.381578947368
1,3162,-154,15.7333333333333
1,3163,-26,15.7333333333333
1,3164,-12,-14.9288793103448
1,3165,-32,-14.9288793103448
1,3166,-18,-14.9288793103448
1,3167,-2,107.474576271186
1,3168,-13,107.474576271186
1,3169,-2,-14.9288793103448
1,3170,34,4.81508515815085
1,3171,120,69.8695652173913
1,3172,282,192.233644859813
1,3173,210,-66.6818181818182
1,3174,-303,-234
1,3175,-155,-155.396946564885
1,3176,75,-110.381578947368
1,3177,63,-40
1,3178,20,-20.5769230769231
1,3179,-87,-20.5769230769231
1,3180,11,-39.7242524916944
1,3181,172,92.1946308724832
1,3182,427,228.342857142857
1,3183,-27,-66.6818181818182
1,3184,-256,-155.396946564885
1,3185,-131,-110.381578947368
1,3186,-66,15.7333333333333
1,3187,-107,-39.7242524916944
1,3188,-153,-39.7242524916944
1,3189,-54,-39.7242524916944
1,3190,-51,-39.7242524916944
1,3191,-12,107.474576271186
1,3192,-13,-14.9288793103448
1,3193,13,-14.9288793103448
1,3194,19,92.1946308724832
1,3195,124,92.1946308724832
1,3196,315,211.108108108108
1,3197,160,-66.6818181818182
1,3198,-288,-234
1,3199,-141,-104.93220338983
1,3200,74,15.7333333333333
1,3201,69,-20.5769230769231
1,3202,-21,-20.5769230769231
1,3203,-57,-14.9288793103448
1,3204,46,-39.7242524916944
1,3205,114,101.333333333333
1,3206,422,272.724137931034
1,3207,16,-166.291666666667
1,3208,-331,-155.396946564885
1,3209,-91,-110.381578947368
1,3210,-147,15.7333333333333
1,3211,-48,-39.7242524916944
1,3212,-85,-39.7242524916944
1,3213,-96,-39.7242524916944
1,3214,-21,-39.7242524916944
1,3215,-28,107.474576271186
1,3216,-7,-14.9288793103448
1,3217,-3,-14.9288793103448
1,3218,23,4.81508515815085
1,3219,148,92.1946308724832
1,3220,333,192.233644859813
1,3221,230,-66.6818181818182
1,3222,-384,-234
1,3223,-106,-155.396946564885
1,3224,79,-110.381578947368
1,3225,26,-40
1,3226,35,-20.5769230769231
1,3227,-45,-20.5769230769231
1,3228,41,-39.7242524916944
1,3229,177,92.1946308724832
1,3230,244,228.342857142857
1,3231,-143,-166.291666666667
1,3232,-186,-155.396946564885
1,3233,-146,-110.381578947368
1,3234,-79,-93.21875
1,3235,-7,-39.7242524916944
1,3236,-77,-14.9288793103448
1,3237,-26,-39.7242524916944
1,3238,-44,-14.9288793103448
1,3239,-35,-39.7242524916944
1,3240,-36,-14.9288793103448
1,3241,-19,-14.9288793103448
1,3242,-2,-14.9288793103448
1,3243,38,4.81508515815085
1,3244,45,69.8695652173913
1,3245,100,140.266666666667
1,3246,97,155.730769230769
1,3247,160,101.333333333333
1,3248,134,141.909090909091
1,3249,56,-234
1,3250,62,-104.93220338983
1,3251,26,-20.5769230769231
1,3252,-58,-103.538461538462
1,3253,-30,-39.7242524916944
1,3254,-16,-14.9288793103448
1,3255,19,-14.9288793103448
1,3256,-213,-103.538461538462
1,3257,-117,-39.7242524916944
1,3258,-56,15.7333333333333
1,3259,79,-39.7242524916944
1,3260,-99,192.233644859813
1,3261,-69,-39.7242524916944
1,3262,-40,-39.7242524916944
1,3263,-32,107.474576271186
1,3264,-32,-14.9288793103448
1,3265,-50,-14.9288793103448
1,3266,-8,-39.7242524916944
1,3267,17,-14.9288793103448
1,3268,65,92.1946308724832
1,3269,81,140.266666666667
1,3270,142,155.730769230769
1,3271,119,101.333333333333
1,3272,149,-234
1,3273,56,-234
1,3274,-30,-104.93220338983
1,3275,-64,-14.9288793103448
1,3276,-41,-39.7242524916944
1,3277,75,-39.7242524916944
1,3278,-28,-103.538461538462
1,3279,-75,-14.9288793103448
1,3280,-72,-39.7242524916944
1,3281,-128,-39.7242524916944
1,3282,-41,-39.7242524916944
1,3283,-88,-39.7242524916944
1,3284,-59,-39.7242524916944
1,3285,-46,-39.7242524916944
1,3286,-25,-39.7242524916944
1,3287,-4,-14.9288793103448
1,3288,-9,4.81508515815085
1,3289,5,-14.9288793103448
1,3290,8,4.81508515815085
1,3291,64,4.81508515815085
1,3292,74,140.266666666667
1,3293,117,101.333333333333
1,3294,-84,99.8333333333333
1,3295,-87,-46.6190476190476
1,3296,7,-39.7242524916944
1,3297,64,4.81508515815085
1,3298,14,-20.5769230769231
1,3299,-4,-20.5769230769231
1,3300,45,4.81508515815085
1,3301,90,101.333333333333
1,3302,193,141.909090909091
1,3303,22,-53.5833333333333
1,3304,-82,-104.93220338983
1,3305,-112,-39.7242524916944
1,3306,-95,-39.7242524916944
1,3307,-99,-39.7242524916944
1,3308,-45,-39.7242524916944
1,3309,-61,-39.7242524916944
1,3310,-9,-39.7242524916944
1,3311,-16,-14.9288793103448
1,3312,-6,-14.9288793103448
1,3313,2,4.81508515815085
1,3314,10,4.81508515815085
1,3315,120,4.81508515815085
1,3316,187,192.233644859813
1,3317,266,-66.6818181818182
1,3318,-257,-234
1,3319,-133,-155.396946564885
1,3320,-11,-110.381578947368
1,3321,65,-14.9288793103448
1,3322,-11,-20.5769230769231
1,3323,-21,-14.9288793103448
1,3324,23,-14.9288793103448
1,3325,141,92.1946308724832
1,3326,399,228.342857142857
1,3327,0,-66.6818181818182
1,3328,-421,-155.396946564885
1,3329,9,-110.381578947368
1,3330,-112,4.81508515815085
1,3331,-87,-39.7242524916944
1,3332,-69,-39.7242524916944
1,3333,-58,-39.7242524916944
1,3334,-15,-39.7242524916944
1,3335,-20,107.474576271186
1,3336,-7,-14.9288793103448
1,3337,-2,-14.9288793103448
1,3338,32,4.81508515815085
1,3339,125,92.1946308724832
1,3340,308,192.233644859813
1,3341,251,-66.6818181818182
1,3342,-422,-234
1,3343,-106,-155.396946564885
1,3344,6,-110.381578947368
1,3345,51,4.81508515815085
1,3346,22,-20.5769230769231
1,3347,-22,-20.5769230769231
1,3348,9,-14.9288793103448
1,3349,21,107.474576271186
1,3350,7,168.178571428571
1,3351,42,4.81508515815085
1,3352,49,-20.5769230769231
1,3353,-81,-20.5769230769231
1,3354,-50,-39.7242524916944
1,3355,-86,-39.7242524916944
1,3356,-53,-39.7242524916944
1,3357,-50,-39.7242524916944
1,3358,-26,-39.7242524916944
1,3359,-14,-14.9288793103448
1,3360,-12,-14.9288793103448
1,3361,1,-14.9288793103448
1,3362,25,4.81508515815085
1,3363,126,92.1946308724832
1,3364,259,192.233644859813
1,3365,277,-66.6818181818182
1,3366,-391,-234
1,3367,-116,-155.396946564885
1,3368,36,-110.381578947368
1,3369,68,30.9859154929577
1,3370,13,-20.5769230769231
1,3371,-50,-20.5769230769231
1,3372,39,-39.7242524916944
1,3373,99,92.1946308724832
1,3374,408,228.342857142857
1,3375,-46,-53.5833333333333
1,3376,-260,-155.396946564885
1,3377,-94,-110.381578947368
1,3378,-113,15.7333333333333
1,3379,-42,-39.7242524916944
1,3380,-76,-39.7242524916944
1,3381,-94,-39.7242524916944
1,3382,-31,-39.7242524916944
1,3383,-19,107.474576271186
1,3384,-9,-14.9288793103448
1,3385,-5,-14.9288793103448
1,3386,21,4.81508515815085
1,3387,83,92.1946308724832
1,3388,246,192.233644859813
1,3389,224,155.730769230769
1,3390,-243,-234
1,3391,-108,-155.396946564885
1,3392,51,-110.381578947368
1,3393,38,30.9859154929577
1,3394,12,-20.5769230769231
1,3395,34,-20.5769230769231
1,3396,99,24.0666666666667
1,3397,118,101.333333333333
1,3398,69,228.342857142857
1,3399,-131,-46.6190476190476
1,3400,-118,-39.7242524916944
1,3401,-54,-39.7242524916944
1,3402,-95,-39.7242524916944
1,3403,-43,-39.7242524916944
1,3404,-46,-39.7242524916944
1,3405,-50,-39.7242524916944
1,3406,-34,-39.7242524916944
1,3407,-18,-14.9288793103448
1,3408,-33,-14.9288793103448
1,3409,-29,-14.9288793103448
1,3410,8,-14.9288793103448
1,3411,21,4.81508515815085
1,3412,23,92.1946308724832
1,3413,87,69.8695652173913
1,3414,148,101.333333333333
1,3415,148,101.333333333333
1,3416,83,-234
1,3417,9,-104.93220338983
1,3418,10,4.81508515815085
1,3419,25,4.81508515815085
1,3420,-51,-20.5769230769231
1,3421,-9,-39.7242524916944
1,3422,-42,-14.9288793103448
1,3423,-47,-39.7242524916944
1,3424,-42,-39.7242524916944
1,3425,-118,-39.7242524916944
1,3426,-4,-39.7242524916944
1,3427,-47,4.81508515815085
1,3428,-54,-39.7242524916944
1,3429,-13,-39.7242524916944
1,3430,-59,-14.9288793103448
1,3431,-17,-39.7242524916944
1,3432,-25,-14.9288793103448
1,3433,-25,-14.9288793103448
1,3434,-4,-14.9288793103448
1,3435,15,4.81508515815085
1,3436,30,-12.8
1,3437,99,92.1946308724832
1,3438,119,135.239436619718
1,3439,154,101.333333333333
1,3440,95,-234
1,3441,51,-234
1,3442,-72,30.9859154929577
1,3443,49,-39.7242524916944
1,3444,-12,-20.5769230769231
1,3445,-34,-14.9288793103448
1,3446,21,-14.9288793103448
1,3447,-4,-103.538461538462
1,3448,-76,59
1,3449,-50,-39.7242524916944
1,3450,-249,-39.7242524916944
1,3451,-84,-39.7242524916944
1,3452,37,15.7333333333333
1,3453,-31,44.6279069767442
1,3454,-6,-14.9288793103448
1,3455,-11,4.81508515815085
1,3456,-30,-14.9288793103448
1,3457,-12,107.474576271186
1,3458,3,-14.9288793103448
1,3459,11,4.81508515815085
1,3460,47,69.8695652173913
1,3461,88,110.452380952381
1,3462,108,135.239436619718
1,3463,101,101.333333333333
1,3464,112,14.3461538461538
1,3465,49,-127.081081081081
1,3466,31,-46.6190476190476
1,3467,-91,-20.5769230769231
1,3468,-5,-39.7242524916944
1,3469,41,4.81508515815085
1,3470,-96,-103.538461538462
1,3471,-22,-39.7242524916944
1,3472,12,-14.9288793103448
1,3473,-78,24.0666666666667
1,3474,-70,-39.7242524916944
1,3475,-90,-39.7242524916944
1,3476,-75,-39.7242524916944
1,3477,-37,-39.7242524916944
1,3478,-31,-14.9288793103448
1,3479,-6,-14.9288793103448
1,3480,-5,4.81508515815085
1,3481,2,4.81508515815085
1,3482,28,4.81508515815085
1,3483,121,92.1946308724832
1,3484,296,192.233644859813
1,3485,184,-66.6818181818182
1,3486,-377,-234
1,3487,-74,-104.93220338983
1,3488,14,15.7333333333333
1,3489,40,30.9859154929577
1,3490,2,-20.5769230769231
1,3491,-1,4.81508515815085
1,3492,18,59
1,3493,137,92.1946308724832
1,3494,388,228.342857142857
1,3495,-71,-66.6818181818182
1,3496,-184,-155.396946564885
1,3497,-322,-110.381578947368
1,3498,-133,-93.21875
1,3499,-16,15.7333333333333
1,3500,-5,-14.9288793103448
1,3501,-14,4.81508515815085
1,3502,-32,-14.9288793103448
1,3503,1,-14.9288793103448
1,3504,0,107.474576271186
1,3505,1,4.81508515815085
1,3506,35,4.81508515815085
1,3507,103,44.6279069767442
1,3508,339,135.239436619718
1,3509,188,155.730769230769
1,3510,-366,-234
1,3511,-128,-104.93220338983
1,3512,31,15.7333333333333
1,3513,45,30.9859154929577
1,3514,36,-20.5769230769231
1,3515,-37,-20.5769230769231
1,3516,23,-14.9288793103448
1,3517,123,92.1946308724832
1,3518,441,228.342857142857
1,3519,-43,-66.6818181818182
1,3520,-240,-155.396946564885
1,3521,-125,-110.381578947368
1,3522,-127,15.7333333333333
1,3523,-87,-39.7242524916944
1,3524,-57,-39.7242524916944
1,3525,-99,-39.7242524916944
1,3526,-35,-39.7242524916944
1,3527,-12,107.474576271186
1,3528,-6,-14.9288793103448
1,3529,0,4.81508515815085
1,3530,25,4.81508515815085
1,3531,145,92.1946308724832
1,3532,329,192.233644859813
1,3533,186,-66.6818181818182
1,3534,-382,-234
1,3535,-91,-104.93220338983
1,3536,-2,15.7333333333333
1,3537,74,4.81508515815085
1,3538,1,-20.5769230769231
1,3539,-39,4.81508515815085
1,3540,36,-14.9288793103448
1,3541,197,92.1946308724832
1,3542,340,228.342857142857
1,3543,-42,-66.6818181818182
1,3544,-194,-155.396946564885
1,3545,-112,-110.381578947368
1,3546,-120,-93.21875
1,3547,-95,-39.7242524916944
1,3548,-124,-39.7242524916944
1,3549,-54,-39.7242524916944
1,3550,-52,-39.7242524916944
1,3551,-18,-39.7242524916944
1,3552,-12,-14.9288793103448
1,3553,2,-14.9288793103448
1,3554,39,4.81508515815085
1,3555,96,92.1946308724832
1,3556,261,192.233644859813
1,3557,292,155.730769230769
1,3558,-396,-234
1,3559,-94,-155.396946564885
1,3560,31,-110.381578947368
1,3561,75,30.9859154929577
1,3562,6,-20.5769230769231
1,3563,-62,4.81508515815085
1,3564,4,-39.7242524916944
1,3565,-36,107.474576271186
1,3566,5,-14.9288793103448
1,3567,-117,4.81508515815085
1,3568,-65,-39.7242524916944
1,3569,-6,-39.7242524916944
1,3570,46,4.81508515815085
1,3571,-62,110.452380952381
1,3572,50,-39.7242524916944
1,3573,13,110.452380952381
1,3574,-10,92.1946308724832
1,3575,-35,-14.9288793103448
1,3576,-15,-14.9288793103448
1,3577,-13,-14.9288793103448
1,3578,-1,-14.9288793103448
1,3579,24,4.81508515815085
1,3580,50,-20.5769230769231
1,3581,124,135.239436619718
1,3582,122,155.730769230769
1,3583,161,-166.291666666667
1,3584,43,-234
1,3585,132,-104.93220338983
1,3586,11,-53.5833333333333
1,3587,-32,-104.93220338983
1,3588,55,-14.9288793103448
1,3589,-58,-103.538461538462
1,3590,-58,-39.7242524916944
1,3591,-74,-39.7242524916944
1,3592,42,-39.7242524916944
1,3593,-155,-103.538461538462
1,3594,-83,-39.7242524916944
1,3595,-88,-39.7242524916944
1,3596,10,-39.7242524916944
1,3597,-69,4.81508515815085
1,3598,-48,-39.7242524916944
1,3599,-32,-39.7242524916944
1,3600,-39,-14.9288793103448
1,3601,-37,-14.9288793103448
1,3602,-1,-14.9288793103448
1,3603,10,4.81508515815085
1,3604,13,4.81508515815085
1,3605,105,92.1946308724832
1,3606,160,155.730769230769
1,3607,104,101.333333333333
1,3608,107,-234
1,3609,173,-127.081081081081
1,3610,2,-127.081081081081
1,3611,-8,-104.93220338983
1,3612,-34,-14.9288793103448
1,3613,18,-14.9288793103448
1,3614,-84,-103.538461538462
1,3615,-82,-39.7242524916944
1,3616,-43,-39.7242524916944
1,3617,-139,-39.7242524916944
1,3618,-68,-39.7242524916944
1,3619,-20,-39.7242524916944
1,3620,-118,-14.9288793103448
1,3621,-59,-39.7242524916944
1,3622,-35,-39.7242524916944
1,3623,-3,-14.9288793103448
1,3624,-6,4.81508515815085
1,3625,3,4.81508515815085
1,3626,27,4.81508515815085
1,3627,104,92.1946308724832
1,3628,378,192.233644859813
1,3629,148,155.730769230769
1,3630,-383,-234
1,3631,-95,-104.93220338983
1,3632,52,15.7333333333333
1,3633,43,30.9859154929577
1,3634,-8,-20.5769230769231
1,3635,-4,-14.9288793103448
1,3636,22,4.81508515815085
1,3637,156,92.1946308724832
1,3638,386,272.724137931034
1,3639,-12,-66.6818181818182
1,3640,-177,-155.396946564885
1,3641,-184,-110.381578947368
1,3642,-196,-93.21875
1,3643,-97,-39.7242524916944
1,3644,-82,-39.7242524916944
1,3645,-52,-39.7242524916944
1,3646,-14,-39.7242524916944
1,3647,-12,-14.9288793103448
1,3648,-3,-14.9288793103448
1,3649,0,4.81508515815085
1,3650,31,4.81508515815085
1,3651,148,92.1946308724832
1,3652,385,192.233644859813
1,3653,141,-66.6818181818182
1,3654,-375,-234
1,3655,-159,-104.93220338983
1,3656,51,15.7333333333333
1,3657,20,30.9859154929577
1,3658,20,-20.5769230769231
1,3659,9,-20.5769230769231
1,3660,-4,59
1,3661,201,107.474576271186
1,3662,377,272.724137931034
1,3663,-60,-66.6818181818182
1,3664,-277,-155.396946564885
1,3665,-98,-110.381578947368
1,3666,-132,15.7333333333333
1,3667,-90,-39.7242524916944
1,3668,-80,-39.7242524916944
1,3669,-64,-39.7242524916944
1,3670,-22,-39.7242524916944
1,3671,-16,107.474576271186
1,3672,-3,-14.9288793103448
1,3673,2,4.81508515815085
1,3674,28,4.81508515815085
1,3675,134,92.1946308724832
1,3676,375,192.233644859813
1,3677,121,-66.6818181818182
1,3678,-365,-234
1,3679,-100,-46.6190476190476
1,3680,23,15.7333333333333
1,3681,89,30.9859154929577
1,3682,-12,-20.5769230769231
1,3683,-1,-14.9288793103448
1,3684,-2,59
1,3685,152,107.474576271186
1,3686,272,272.724137931034
1,3687,58,-66.6818181818182
1,3688,-244,-155.396946564885
1,3689,-130,-110.381578947368
1,3690,-110,15.7333333333333
1,3691,-50,-39.7242524916944
1,3692,-125,-39.7242524916944
1,3693,-64,-39.7242524916944
1,3694,-37,-39.7242524916944
1,3695,-10,107.474576271186
1,3696,-7,-14.9288793103448
1,3697,1,-14.9288793103448
1,3698,28,4.81508515815085
1,3699,136,92.1946308724832
1,3700,356,192.233644859813
1,3701,155,-66.6818181818182
1,3702,-344,-234
1,3703,-127,-104.93220338983
1,3704,27,15.7333333333333
1,3705,99,30.9859154929577
1,3706,-21,-3.52380952380952
1,3707,-50,-14.9288793103448
1,3708,68,-39.7242524916944
1,3709,133,101.333333333333
1,3710,403,272.724137931034
1,3711,-56,-234
1,3712,-211,-155.396946564885
1,3713,-124,-110.381578947368
1,3714,-165,15.7333333333333
1,3715,-85,-39.7242524916944
1,3716,-51,-39.7242524916944
1,3717,-100,-39.7242524916944
1,3718,-48,-39.7242524916944
1,3719,-10,107.474576271186
1,3720,-11,-14.9288793103448
1,3721,2,-14.9288793103448
1,3722,19,4.81508515815085
1,3723,110,92.1946308724832
1,3724,289,192.233644859813
1,3725,272,155.730769230769
1,3726,-318,-234
1,3727,-133,-155.396946564885
1,3728,15,-110.381578947368
1,3729,105,30.9859154929577
1,3730,47,-3.52380952380952
1,3731,-43,-20.5769230769231
1,3732,24,-39.7242524916944
1,3733,126,92.1946308724832
1,3734,270,228.342857142857
1,3735,-70,-66.6818181818182
1,3736,-168,-155.396946564885
1,3737,-147,-110.381578947368
1,3738,-69,-93.21875
1,3739,-48,-39.7242524916944
1,3740,-76,-39.7242524916944
1,3741,-9,-39.7242524916944
1,3742,-83,-14.9288793103448
1,3743,-34,-39.7242524916944
1,3744,-49,-14.9288793103448
1,3745,-32,-39.7242524916944
1,3746,11,-14.9288793103448
1,3747,61,92.1946308724832
1,3748,7,135.239436619718
1,3749,157,4.81508515815085
1,3750,96,101.333333333333
1,3751,126,-66.6818181818182
1,3752,103,141.909090909091
1,3753,-38,-234
1,3754,54,-14.9288793103448
1,3755,8,-20.5769230769231
1,3756,-38,4.81508515815085
1,3757,-21,-14.9288793103448
1,3758,-39,-14.9288793103448
1,3759,-44,-14.9288793103448
1,3760,-91,-39.7242524916944
1,3761,3,-39.7242524916944
1,3762,-47,4.81508515815085
1,3763,-102,-39.7242524916944
1,3764,16,-39.7242524916944
1,3765,-72,-12.8
1,3766,-42,-39.7242524916944
1,3767,-43,-39.7242524916944
1,3768,-44,-39.7242524916944
1,3769,-19,-39.7242524916944
1,3770,3,-14.9288793103448
1,3771,17,4.81508515815085
1,3772,32,92.1946308724832
1,3773,119,69.8695652173913
1,3774,85,155.730769230769
1,3775,147,-46.6190476190476
1,3776,86,141.909090909091
1,3777,3,-104.93220338983
1,3778,-10,4.81508515815085
1,3779,8,-14.9288793103448
1,3780,-25,4.81508515815085
1,3781,33,-14.9288793103448
1,3782,13,-103.538461538462
1,3783,-31,-103.538461538462
1,3784,-115,-14.9288793103448
1,3785,-12,-39.7242524916944
1,3786,-110,-14.9288793103448
1,3787,-94,-39.7242524916944
1,3788,-49,-39.7242524916944
1,3789,-69,-39.7242524916944
1,3790,-17,-39.7242524916944
1,3791,-7,-14.9288793103448
1,3792,-11,-14.9288793103448
1,3793,1,-14.9288793103448
1,3794,30,4.81508515815085
1,3795,107,92.1946308724832
1,3796,359,192.233644859813
1,3797,148,76
1,3798,-335,-234
1,3799,-169,-104.93220338983
1,3800,55,15.7333333333333
1,3801,59,30.9859154929577
1,3802,-13,-20.5769230769231
1,3803,11,-14.9288793103448
1,3804,0,24.0666666666667
1,3805,168,107.474576271186
1,3806,373,272.724137931034
1,3807,31,-66.6818181818182
1,3808,-235,-155.396946564885
1,3809,-202,-110.381578947368
1,3810,-144,15.7333333333333
1,3811,-86,15.7333333333333
1,3812,-84,-39.7242524916944
1,3813,-52,-39.7242524916944
1,3814,-12,-39.7242524916944
1,3815,-10,107.474576271186
1,3816,6,107.474576271186
1,3817,-8,4.81508515815085
1,3818,25,-14.9288793103448
1,3819,107,92.1946308724832
1,3820,167,101.333333333333
1,3821,310,135.239436619718
1,3822,-328,-234
1,3823,-160,-155.396946564885
1,3824,-60,-110.381578947368
1,3825,30,-93.21875
1,3826,-36,-20.5769230769231
1,3827,1,-14.9288793103448
1,3828,56,4.81508515815085
1,3829,123,101.333333333333
1,3830,442,228.342857142857
1,3831,-28,-166.291666666667
1,3832,-162,-155.396946564885
1,3833,-105,-110.381578947368
1,3834,-112,-93.21875
1,3835,-67,-39.7242524916944
1,3836,-118,-39.7242524916944
1,3837,-55,-39.7242524916944
1,3838,-6,-39.7242524916944
1,3839,-24,59
1,3840,4,-14.9288793103448
1,3841,2,4.81508515815085
1,3842,30,4.81508515815085
1,3843,154,92.1946308724832
1,3844,311,101.333333333333
1,3845,208,-66.6818181818182
1,3846,-361,-234
1,3847,-154,-155.396946564885
1,3848,48,-110.381578947368
1,3849,88,30.9859154929577
1,3850,-79,-20.5769230769231
1,3851,65,-39.7242524916944
1,3852,-39,24.0666666666667
1,3853,111,107.474576271186
1,3854,465,228.342857142857
1,3855,-113,-66.6818181818182
1,3856,-73,-155.396946564885
1,3857,-223,-110.381578947368
1,3858,-52,-93.21875
1,3859,-158,15.7333333333333
1,3860,-85,-39.7242524916944
1,3861,-105,-39.7242524916944
1,3862,-27,-39.7242524916944
1,3863,-12,-14.9288793103448
1,3864,-4,107.474576271186
1,3865,1,4.81508515815085
1,3866,34,4.81508515815085
1,3867,141,168.178571428571
1,3868,325,192.233644859813
1,3869,213,-66.6818181818182
1,3870,-362,-234
1,3871,-178,-155.396946564885
1,3872,49,-110.381578947368
1,3873,37,30.9859154929577
1,3874,19,-20.5769230769231
1,3875,14,-20.5769230769231
1,3876,26,24.0666666666667
1,3877,114,92.1946308724832
1,3878,429,228.342857142857
1,3879,-44,-66.6818181818182
1,3880,-244,-155.396946564885
1,3881,-144,-110.381578947368
1,3882,-98,15.7333333333333
1,3883,-95,-39.7242524916944
1,3884,-70,-39.7242524916944
1,3885,-78,-39.7242524916944
1,3886,-43,-39.7242524916944
1,3887,-36,107.474576271186
1,3888,-10,-14.9288793103448
1,3889,9,-14.9288793103448
1,3890,19,4.81508515815085
1,3891,118,92.1946308724832
1,3892,279,155.730769230769
1,3893,223,-66.6818181818182
1,3894,-287,-234
1,3895,-150,-155.396946564885
1,3896,70,-110.381578947368
1,3897,117,-20.5769230769231
1,3898,-10,-3.52380952380952
1,3899,-17,-46.6190476190476
1,3900,1,-14.9288793103448
1,3901,181,107.474576271186
1,3902,265,228.342857142857
1,3903,-130,-66.6818181818182
1,3904,-226,-155.396946564885
1,3905,-82,-110.381578947368
1,3906,-52,15.7333333333333
1,3907,-12,-39.7242524916944
1,3908,-99,-14.9288793103448
1,3909,-85,-39.7242524916944
1,3910,-42,-39.7242524916944
1,3911,-28,107.474576271186
1,3912,-40,-14.9288793103448
1,3913,-19,-14.9288793103448
1,3914,15,-14.9288793103448
1,3915,24,92.1946308724832
1,3916,31,92.1946308724832
1,3917,126,69.8695652173913
1,3918,163,101.333333333333
1,3919,68,-66.6818181818182
1,3920,131,-104.93220338983
1,3921,37,-53.5833333333333
1,3922,14,-104.93220338983
1,3923,-44,-20.5769230769231
1,3924,10,-39.7242524916944
1,3925,-41,4.81508515815085
1,3926,51,-39.7242524916944
1,3927,-22,-103.538461538462
1,3928,-110,-14.9288793103448
1,3929,-109,-39.7242524916944
1,3930,-62,-39.7242524916944
1,3931,-10,-39.7242524916944
1,3932,-97,-14.9288793103448
1,3933,-35,-39.7242524916944
1,3934,-60,-14.9288793103448
1,3935,-14,-39.7242524916944
1,3936,-46,-14.9288793103448
1,3937,-10,-39.7242524916944
1,3938,-1,-14.9288793103448
1,3939,6,4.81508515815085
1,3940,25,4.81508515815085
1,3941,71,92.1946308724832
1,3942,155,135.239436619718
1,3943,162,101.333333333333
1,3944,110,-234
1,3945,69,-234
1,3946,-1,30.9859154929577
1,3947,-32,4.81508515815085
1,3948,-119,-14.9288793103448
1,3949,117,-39.7242524916944
1,3950,13,-3.52380952380952
1,3951,-80,-46.6190476190476
1,3952,-123,-39.7242524916944
1,3953,-88,-39.7242524916944
1,3954,-56,-39.7242524916944
1,3955,-93,-39.7242524916944
1,3956,-45,-39.7242524916944
1,3957,-68,-39.7242524916944
1,3958,-26,-39.7242524916944
1,3959,-5,-14.9288793103448
1,3960,-5,4.81508515815085
1,3961,5,4.81508515815085
1,3962,14,4.81508515815085
1,3963,14,69.8695652173913
1,3964,108,92.1946308724832
1,3965,329,101.333333333333
1,3966,-224,-79.1428571428571
1,3967,-159,-155.396946564885
1,3968,30,-110.381578947368
1,3969,47,30.9859154929577
1,3970,57,-20.5769230769231
1,3971,-6,-20.5769230769231
1,3972,18,4.81508515815085
1,3973,95,92.1946308724832
1,3974,391,228.342857142857
1,3975,-81,-79.1428571428571
1,3976,-179,-155.396946564885
1,3977,-101,-110.381578947368
1,3978,-89,-93.21875
1,3979,-109,-39.7242524916944
1,3980,-90,-39.7242524916944
1,3981,-39,-39.7242524916944
1,3982,-21,-14.9288793103448
1,3983,1,-14.9288793103448
1,3984,-7,4.81508515815085
1,3985,2,-14.9288793103448
1,3986,27,4.81508515815085
1,3987,124,92.1946308724832
1,3988,319,192.233644859813
1,3989,193,-66.6818181818182
1,3990,-345,-234
1,3991,-148,-104.93220338983
1,3992,50,15.7333333333333
1,3993,62,30.9859154929577
1,3994,-20,-20.5769230769231
1,3995,-45,-14.9288793103448
1,3996,32,-39.7242524916944
1,3997,75,92.1946308724832
1,3998,477,228.342857142857
1,3999,-16,-53.5833333333333
1,4000,-281,-155.396946564885
1,4001,-56,-110.381578947368
1,4002,-182,15.7333333333333
1,4003,15,-39.7242524916944
1,4004,-166,-20.5769230769231
1,4005,-72,-39.7242524916944
1,4006,-26,-39.7242524916944
1,4007,-21,107.474576271186
1,4008,2,-14.9288793103448
1,4009,-1,4.81508515815085
1,4010,32,4.81508515815085
1,4011,126,92.1946308724832
1,4012,299,211.108108108108
1,4013,179,-66.6818181818182
1,4014,-327,-234
1,4015,-149,-104.93220338983
1,4016,21,15.7333333333333
1,4017,-8,30.9859154929577
1,4018,31,-14.9288793103448
1,4019,-21,-20.5769230769231
1,4020,-11,-14.9288793103448
1,4021,156,107.474576271186
1,4022,356,228.342857142857
1,4023,-19,-66.6818181818182
1,4024,-133,-155.396946564885
1,4025,-132,-110.381578947368
1,4026,-63,-93.21875
1,4027,-87,-39.7242524916944
1,4028,-134,-39.7242524916944
1,4029,-54,-39.7242524916944
1,4030,-51,-39.7242524916944
1,4031,0,-39.7242524916944
1,4032,-7,4.81508515815085
1,4033,1,-14.9288793103448
1,4034,28,4.81508515815085
1,4035,110,92.1946308724832
1,4036,313,211.108108108108
1,4037,127,155.730769230769
1,4038,-334,-234
1,4039,-106,-104.93220338983
1,4040,11,15.7333333333333
1,4041,54,30.9859154929577
1,4042,-43,-20.5769230769231
1,4043,4,-39.7242524916944
1,4044,18,4.81508515815085
1,4045,126,92.1946308724832
1,4046,295,272.724137931034
1,4047,25,-66.6818181818182
1,4048,-141,-155.396946564885
1,4049,-63,-110.381578947368
1,4050,-125,-93.21875
1,4051,-68,-39.7242524916944
1,4052,-97,-39.7242524916944
1,4053,-53,-39.7242524916944
1,4054,-62,-39.7242524916944
1,4055,-19,-39.7242524916944
1,4056,-5,-14.9288793103448
1,4057,3,4.81508515815085
1,4058,28,4.81508515815085
1,4059,84,92.1946308724832
1,4060,237,192.233644859813
1,4061,254,155.730769230769
1,4062,-280,-234
1,4063,-148,-155.396946564885
1,4064,51,-110.381578947368
1,4065,18,30.9859154929577
1,4066,46,-20.5769230769231
1,4067,-37,-20.5769230769231
1,4068,21,-14.9288793103448
1,4069,96,92.1946308724832
1,4070,266,228.342857142857
1,4071,-141,-79.1428571428571
1,4072,-143,-155.396946564885
1,4073,-160,-110.381578947368
1,4074,15,-93.21875
1,4075,-20,30.9859154929577
1,4076,-23,-14.9288793103448
1,4077,-58,-14.9288793103448
1,4078,7,-39.7242524916944
1,4079,-30,59
1,4080,-51,-14.9288793103448
1,4081,-23,-39.7242524916944
1,4082,-7,-14.9288793103448
1,4083,35,-14.9288793103448
1,4084,31,92.1946308724832
1,4085,89,44.6279069767442
1,4086,165,155.730769230769
1,4087,162,101.333333333333
1,4088,22,-234
1,4089,86,-104.93220338983
1,4090,-38,-40
1,4091,45,-14.9288793103448
1,4092,-126,-20.5769230769231
1,4093,30,-39.7242524916944
1,4094,17,-103.538461538462
1,4095,-49,-103.538461538462
1,4096,-56,-39.7242524916944
1,4097,-39,-39.7242524916944
1,4098,-64,-14.9288793103448
1,4099,-43,-39.7242524916944
1,4100,-54,-39.7242524916944
1,4101,-62,-39.7242524916944
1,4102,-36,-39.7242524916944
1,4103,-13,-14.9288793103448
1,4104,-54,-14.9288793103448
1,4105,-47,-39.7242524916944
1,4106,-5,-39.7242524916944
1,4107,17,4.81508515815085
1,4108,46,92.1946308724832
1,4109,70,140.266666666667
1,4110,91,135.239436619718
1,4111,220,101.333333333333
1,4112,54,101.333333333333
1,4113,50,-155.396946564885
1,4114,29,30.9859154929577
1,4115,-34,-20.5769230769231
1,4116,-64,-14.9288793103448
1,4117,-26,-39.7242524916944
1,4118,71,-14.9288793103448
1,4119,2,-103.538461538462
1,4120,-111,59
1,4121,-91,-39.7242524916944
1,4122,-79,-39.7242524916944
1,4123,-75,-39.7242524916944
1,4124,-91,-39.7242524916944
1,4125,-19,-39.7242524916944
1,4126,-37,-14.9288793103448
1,4127,-17,-14.9288793103448
1,4128,-9,-14.9288793103448
1,4129,-1,-14.9288793103448
1,4130,39,4.81508515815085
1,4131,115,92.1946308724832
1,4132,327,135.239436619718
1,4133,123,-166.291666666667
1,4134,-340,-234
1,4135,-84,-46.6190476190476
1,4136,-3,15.7333333333333
1,4137,89,4.81508515815085
1,4138,-10,-20.5769230769231
1,4139,-9,-14.9288793103448
1,4140,-18,-14.9288793103448
1,4141,181,107.474576271186
1,4142,419,272.724137931034
1,4143,-42,-66.6818181818182
1,4144,-209,-155.396946564885
1,4145,-107,-110.381578947368
1,4146,-144,15.7333333333333
1,4147,-144,-39.7242524916944
1,4148,-84,-39.7242524916944
1,4149,-66,-39.7242524916944
1,4150,-7,-39.7242524916944
1,4151,-21,107.474576271186
1,4152,0,-14.9288793103448
1,4153,1,4.81508515815085
1,4154,29,4.81508515815085
1,4155,149,168.178571428571
1,4156,364,192.233644859813
1,4157,104,-66.6818181818182
1,4158,-328,-234
1,4159,-138,-110.381578947368
1,4160,45,15.7333333333333
1,4161,73,30.9859154929577
1,4162,-2,-20.5769230769231
1,4163,-39,4.81508515815085
1,4164,50,-14.9288793103448
1,4165,99,101.333333333333
1,4166,484,272.724137931034
1,4167,-76,-53.5833333333333
1,4168,-212,-155.396946564885
1,4169,-107,-110.381578947368
1,4170,-177,15.7333333333333
1,4171,-83,-39.7242524916944
1,4172,-114,-39.7242524916944
1,4173,-77,-39.7242524916944
1,4174,-31,-39.7242524916944
1,4175,-9,107.474576271186
1,4176,-6,-14.9288793103448
1,4177,3,4.81508515815085
1,4178,25,4.81508515815085
1,4179,164,92.1946308724832
1,4180,327,192.233644859813
1,4181,160,-66.6818181818182
1,4182,-405,-234
1,4183,-110,-104.93220338983
1,4184,37,15.7333333333333
1,4185,113,30.9859154929577
1,4186,-1,-3.52380952380952
1,4187,-51,-46.6190476190476
1,4188,-21,-39.7242524916944
1,4189,143,107.474576271186
1,4190,451,272.724137931034
1,4191,-39,-66.6818181818182
1,4192,-161,-155.396946564885
1,4193,-198,-110.381578947368
1,4194,-78,-93.21875
1,4195,-70,15.7333333333333
1,4196,-138,-39.7242524916944
1,4197,-105,-39.7242524916944
1,4198,-29,-39.7242524916944
1,4199,-12,-14.9288793103448
1,4200,-6,-14.9288793103448
1,4201,4,4.81508515815085
1,4202,36,4.81508515815085
1,4203,146,92.1946308724832
1,4204,315,211.108108108108
1,4205,109,-66.6818181818182
1,4206,-266,-234
1,4207,-167,-110.381578947368
1,4208,27,15.7333333333333
1,4209,65,30.9859154929577
1,4210,-40,-20.5769230769231
1,4211,18,-14.9288793103448
1,4212,-35,24.0666666666667
1,4213,168,107.474576271186
1,4214,318,272.724137931034
1,4215,-8,-66.6818181818182
1,4216,-126,-155.396946564885
1,4217,-101,-110.381578947368
1,4218,-72,-93.21875
1,4219,-124,-39.7242524916944
1,4220,-103,-39.7242524916944
1,4221,-57,-39.7242524916944
1,4222,-72,-39.7242524916944
1,4223,-24,-39.7242524916944
1,4224,-10,-14.9288793103448
1,4225,2,-14.9288793103448
1,4226,35,4.81508515815085
1,4227,118,92.1946308724832
1,4228,217,192.233644859813
1,4229,244,-66.6818181818182
1,4230,-324,-234
1,4231,-129,-155.396946564885
1,4232,17,-110.381578947368
1,4233,38,30.9859154929577
1,4234,13,-20.5769230769231
1,4235,-6,-20.5769230769231
1,4236,-3,59
1,4237,121,107.474576271186
1,4238,188,228.342857142857
1,4239,-75,-66.6818181818182
1,4240,-101,-104.93220338983
1,4241,-55,-39.7242524916944
1,4242,-72,-39.7242524916944
1,4243,-73,-39.7242524916944
1,4244,-115,-39.7242524916944
1,4245,21,-39.7242524916944
1,4246,-11,92.1946308724832
1,4247,3,-14.9288793103448
1,4248,-38,4.81508515815085
1,4249,-5,-14.9288793103448
1,4250,-8,4.81508515815085
1,4251,32,-14.9288793103448
1,4252,50,44.6279069767442
1,4253,102,135.239436619718
1,4254,81,99.8333333333333
1,4255,129,101.333333333333
1,4256,48,99.8333333333333
1,4257,19,-104.93220338983
1,4258,-43,30.9859154929577
1,4259,-19,-39.7242524916944
1,4260,-5,-14.9288793103448
1,4261,-31,4.81508515815085
1,4262,-11,-14.9288793103448
1,4263,-23,-14.9288793103448
1,4264,35,-14.9288793103448
1,4265,-82,-12.8
1,4266,-79,-39.7242524916944
1,4267,-41,-39.7242524916944
1,4268,-20,-39.7242524916944
1,4269,-3,-14.9288793103448
1,4270,-56,4.81508515815085
1,4271,-3,-39.7242524916944
1,4272,-57,4.81508515815085
1,4273,-29,-39.7242524916944
1,4274,6,-14.9288793103448
1,4275,17,4.81508515815085
1,4276,23,44.6279069767442
1,4277,92,92.1946308724832
1,4278,77,110.452380952381
1,4279,147,101.333333333333
1,4280,11,141.909090909091
1,4281,56,-104.93220338983
1,4282,-13,-20.5769230769231
1,4283,24,-14.9288793103448
1,4284,-99,-20.5769230769231
1,4285,-32,-39.7242524916944
1,4286,100,-14.9288793103448
1,4287,-43,-3.52380952380952
1,4288,12,-39.7242524916944
1,4289,-50,-12.8
1,4290,-74,-39.7242524916944
1,4291,-107,-39.7242524916944
1,4292,-41,-39.7242524916944
1,4293,-67,-39.7242524916944
1,4294,-26,-39.7242524916944
1,4295,-2,-14.9288793103448
1,4296,-10,4.81508515815085
1,4297,7,-14.9288793103448
1,4298,28,4.81508515815085
1,4299,96,69.8695652173913
1,4300,262,192.233644859813
1,4301,170,14.3461538461538
1,4302,-273,-234
1,4303,-121,-104.93220338983
1,4304,27,15.7333333333333
1,4305,56,-20.5769230769231
1,4306,-21,-20.5769230769231
1,4307,-6,-14.9288793103448
1,4308,4,4.81508515815085
1,4309,131,107.474576271186
1,4310,382,228.342857142857
1,4311,-17,-66.6818181818182
1,4312,-149,-155.396946564885
1,4313,-186,-110.381578947368
1,4314,-137,-93.21875
1,4315,-70,-39.7242524916944
1,4316,-86,-39.7242524916944
1,4317,-49,-39.7242524916944
1,4318,-39,-39.7242524916944
1,4319,-4,-14.9288793103448
1,4320,-8,4.81508515815085
1,4321,4,-14.9288793103448
1,4322,29,4.81508515815085
1,4323,119,92.1946308724832
1,4324,329,192.233644859813
1,4325,163,-66.6818181818182
1,4326,-374,-234
1,4327,-63,-104.93220338983
1,4328,8,15.7333333333333
1,4329,55,4.81508515815085
1,4330,11,-20.5769230769231
1,4331,27,-20.5769230769231
1,4332,91,24.0666666666667
1,4333,126,101.333333333333
1,4334,195,228.342857142857
1,4335,-95,-234
1,4336,-130,-104.93220338983
1,4337,-121,-39.7242524916944
1,4338,-180,-39.7242524916944
1,4339,-19,-39.7242524916944
1,4340,-6,-14.9288793103448
1,4341,-12,4.81508515815085
1,4342,-36,-14.9288793103448
2,1,143,129.462686567164
2,2,249,129.462686567164
2,3,-276,-167.851851851852
2,4,-112,-154.0078125
2,5,18,-110.316455696203
2,6,39,22.2545454545455
2,7,38,7.15151515151515
2,8,-72,7.15151515151515
2,9,30,-3.68292682926829
2,10,104,109.940677966102
2,11,220,220.512195121951
2,12,-75,-32.6363636363636
2,13,-104,-154.0078125
2,14,-81,-110.316455696203
2,15,-84,-42.3476702508961
2,16,-2,-42.3476702508961
2,17,-73,1.95249406175772
2,18,-13,-3.68292682926829
2,19,-21,-18.5582089552239
2,20,-2,109.940677966102
2,21,-1,1.95249406175772
2,22,-2,1.95249406175772
2,23,20,1.95249406175772
2,24,52,22.2545454545455
2,25,182,145.889570552147
2,26,243,62.5
2,27,-274,-167.851851851852
2,28,-128,-154.0078125
2,29,2,-110.316455696203
2,30,-44,1.95249406175772
2,31,10,-42.3476702508961
2,32,8,-29.3508771929825
2,33,6,1.95249406175772
2,34,39,9.59259259259259
2,35,16,220.512195121951
2,36,-36,78.5942028985507
2,37,-5,-42.3476702508961
2,38,-36,1.95249406175772
2,39,-28,-42.3476702508961
2,40,20,-18.5582089552239
2,41,-40,-29.3508771929825
2,42,-6,-42.3476702508961
2,43,0,1.95249406175772
2,44,-1,1.95249406175772
2,45,1,1.95249406175772
2,46,-1,1.95249406175772
2,47,14,1.95249406175772
2,48,73,22.2545454545455
2,49,131,130.048780487805
2,50,288,130.048780487805
2,51,-278,-231.491803278689
2,52,-140,-154.0078125
2,53,29,-110.316455696203
2,54,25,22.2545454545455
2,55,39,-29.3508771929825
2,56,-27,-41.7777777777778
2,57,32,-18.5582089552239
2,58,93,109.940677966102
2,59,214,220.512195121951
2,60,-74,-32.6363636363636
2,61,-91,-154.0078125
2,62,-90,-110.316455696203
2,63,-66,-42.3476702508961
2,64,-41,-42.3476702508961
2,65,-66,-42.3476702508961
2,66,-25,-3.68292682926829
2,67,-30,-18.5582089552239
2,68,2,9.59259259259259
2,69,-7,1.95249406175772
2,70,-4,1.95249406175772
2,71,18,1.95249406175772
2,72,52,78.5942028985507
2,73,104,145.889570552147
2,74,242,184.227272727273
2,75,-205,-120.09756097561
2,76,-111,-154.0078125
2,77,11,-110.316455696203
2,78,40,22.2545454545455
2,79,0,7.15151515151515
2,80,-25,1.95249406175772
2,81,9,-18.5582089552239
2,82,95,1.95249406175772
2,83,99,220.512195121951
2,84,-31,-51.7307692307692
2,85,-95,-18.5582089552239
2,86,-70,-42.3476702508961
2,87,-34,-42.3476702508961
2,88,-37,-18.5582089552239
2,89,0,-42.3476702508961
2,90,-21,1.95249406175772
2,91,6,-18.5582089552239
2,92,-12,1.95249406175772
2,93,-18,-18.5582089552239
2,94,-17,-18.5582089552239
2,95,1,-18.5582089552239
2,96,1,1.95249406175772
2,97,19,1.95249406175772
2,98,68,78.5942028985507
2,99,-11,129.462686567164
2,100,68,-18.5582089552239
2,101,29,86.887323943662
2,102,41,78.5942028985507
2,103,1,56.3888888888889
2,104,11,1.95249406175772
2,105,-5,-29.3508771929825
2,106,-20,1.95249406175772
2,107,-62,-18.5582089552239
2,108,-1,-42.3476702508961
2,109,-41,1.95249406175772
2,110,1,-42.3476702508961
2,111,-34,1.95249406175772
2,112,-3,-18.5582089552239
2,113,10,1.95249406175772
2,114,-17,78.5942028985507
2,115,-17,-18.5582089552239
2,116,1,-18.5582089552239
2,117,-18,1.95249406175772
2,118,-19,-18.5582089552239
2,119,-1,-18.5582089552239
2,120,3,1.95249406175772
2,121,9,1.95249406175772
2,122,19,1.95249406175772
2,123,54,78.5942028985507
2,124,36,129.462686567164
2,125,39,78.5942028985507
2,126,69,-18.6428571428571
2,127,-10,56.3888888888889
2,128,-36,-18.5582089552239
2,129,18,-42.3476702508961
2,130,-1,-29.3508771929825
2,131,-59,1.95249406175772
2,132,-26,-42.3476702508961
2,133,-10,-18.5582089552239
2,134,-15,-18.5582089552239
2,135,-23,-18.5582089552239
2,136,-12,-18.5582089552239
2,137,-31,-18.5582089552239
2,138,-4,-18.5582089552239
2,139,-5,1.95249406175772
2,140,-3,1.95249406175772
2,141,-14,1.95249406175772
2,142,5,-18.5582089552239
2,143,-2,1.95249406175772
2,144,7,1.95249406175772
2,145,20,1.95249406175772
2,146,45,22.2545454545455
2,147,18,67
2,148,30,22.2545454545455
2,149,53,78.5942028985507
2,150,6,7.15151515151515
2,151,43,1.95249406175772
2,152,-47,-41.7777777777778
2,153,11,-42.3476702508961
2,154,-12,22.2545454545455
2,155,13,-18.5582089552239
2,156,-12,-29.3508771929825
2,157,-37,-18.5582089552239
2,158,-54,-42.3476702508961
2,159,-41,-42.3476702508961
2,160,-6,-42.3476702508961
2,161,-15,1.95249406175772
2,162,-16,-18.5582089552239
2,163,-10,-18.5582089552239
2,164,10,-18.5582089552239
2,165,-10,78.5942028985507
2,166,11,-18.5582089552239
2,167,44,78.5942028985507
2,168,69,86.887323943662
2,169,-33,129.462686567164
2,170,-25,-18.5582089552239
2,171,-6,-18.5582089552239
2,172,13,1.95249406175772
2,173,11,22.2545454545455
2,174,17,-29.3508771929825
2,175,29,-29.3508771929825
2,176,-3,22.2545454545455
2,177,90,1.95249406175772
2,178,243,-18.6428571428571
2,179,1,-51.7307692307692
2,180,-155,-154.0078125
2,181,-128,-110.316455696203
2,182,0,-90.4
2,183,-90,1.95249406175772
2,184,-29,-42.3476702508961
2,185,-44,-18.5582089552239
2,186,-7,-3.68292682926829
2,187,-8,9.59259259259259
2,188,2,1.95249406175772
2,189,-3,1.95249406175772
2,190,28,1.95249406175772
2,191,59,78.5942028985507
2,192,175,184.227272727273
2,193,226,145.889570552147
2,194,-287,-231.491803278689
2,195,-109,-154.0078125
2,196,21,-110.316455696203
2,197,47,22.2545454545455
2,198,-31,7.15151515151515
2,199,-25,-18.5582089552239
2,200,25,-18.5582089552239
2,201,46,109.940677966102
2,202,170,220.512195121951
2,203,9,-32.6363636363636
2,204,-99,-110.657407407407
2,205,-91,-42.3476702508961
2,206,-41,-42.3476702508961
2,207,-46,-42.3476702508961
2,208,-40,-42.3476702508961
2,209,-22,-42.3476702508961
2,210,-11,-18.5582089552239
2,211,-2,9.59259259259259
2,212,1,1.95249406175772
2,213,-3,1.95249406175772
2,214,18,1.95249406175772
2,215,67,78.5942028985507
2,216,120,145.889570552147
2,217,217,145.889570552147
2,218,-213,-231.491803278689
2,219,-102,-154.0078125
2,220,-9,-110.316455696203
2,221,12,1.95249406175772
2,222,13,-29.3508771929825
2,223,-5,-29.3508771929825
2,224,8,1.95249406175772
2,225,66,1.95249406175772
2,226,192,220.512195121951
2,227,-24,79
2,228,-127,-110.657407407407
2,229,-43,-95.6666666666667
2,230,-70,-42.3476702508961
2,231,-31,-42.3476702508961
2,232,-34,-18.5582089552239
2,233,-29,-18.5582089552239
2,234,-12,-18.5582089552239
2,235,-4,9.59259259259259
2,236,-7,1.95249406175772
2,237,-1,1.95249406175772
2,238,16,1.95249406175772
2,239,49,78.5942028985507
2,240,117,184.227272727273
2,241,240,145.889570552147
2,242,-162,-167.851851851852
2,243,-166,-154.0078125
2,244,26,-110.316455696203
2,245,1,22.2545454545455
2,246,32,1.95249406175772
2,247,-41,-29.3508771929825
2,248,41,-3.68292682926829
2,249,18,62.5
2,250,175,109.940677966102
2,251,-48,-32.6363636363636
2,252,-109,-110.657407407407
2,253,-50,-42.3476702508961
2,254,-38,-42.3476702508961
2,255,-32,-42.3476702508961
2,256,-34,-18.5582089552239
2,257,-14,-18.5582089552239
2,258,-1,-18.5582089552239
2,259,3,9.59259259259259
2,260,-13,1.95249406175772
2,261,-12,-18.5582089552239
2,262,1,-18.5582089552239
2,263,-1,1.95249406175772
2,264,12,1.95249406175772
2,265,12,78.5942028985507
2,266,17,22.2545454545455
2,267,3,22.2545454545455
2,268,18,1.95249406175772
2,269,4,78.5942028985507
2,270,9,1.95249406175772
2,271,19,1.95249406175772
2,272,24,22.2545454545455
2,273,-1,22.2545454545455
2,274,-12,1.95249406175772
2,275,4,-18.5582089552239
2,276,-25,1.95249406175772
2,277,-18,-18.5582089552239
2,278,2,-18.5582089552239
2,279,-10,1.95249406175772
2,280,-7,-18.5582089552239
2,281,0,1.95249406175772
2,282,-2,1.95249406175772
2,283,-3,1.95249406175772
2,284,-26,1.95249406175772
2,285,-19,-18.5582089552239
2,286,1,-18.5582089552239
2,287,1,1.95249406175772
2,288,9,1.95249406175772
2,289,19,1.95249406175772
2,290,31,22.2545454545455
2,291,66,22.2545454545455
2,292,4,86.887323943662
2,293,52,1.95249406175772
2,294,14,56.3888888888889
2,295,-17,22.2545454545455
2,296,-6,-18.5582089552239
2,297,-21,1.95249406175772
2,298,-47,-18.5582089552239
2,299,13,-42.3476702508961
2,300,-32,-29.3508771929825
2,301,-15,-18.5582089552239
2,302,-30,-18.5582089552239
2,303,14,-18.5582089552239
2,304,-21,22.2545454545455
2,305,-18,-18.5582089552239
2,306,-15,-18.5582089552239
2,307,-2,-18.5582089552239
2,308,-1,1.95249406175772
2,309,0,1.95249406175772
2,310,18,1.95249406175772
2,311,23,22.2545454545455
2,312,80,78.5942028985507
2,313,150,145.889570552147
2,314,-61,-120.09756097561
2,315,-62,-110.657407407407
2,316,-87,-42.3476702508961
2,317,0,-42.3476702508961
2,318,-25,1.95249406175772
2,319,24,-18.5582089552239
2,320,13,-29.3508771929825
2,321,48,22.2545454545455
2,322,154,184.227272727273
2,323,6,-13.7142857142857
2,324,-62,-110.657407407407
2,325,-51,-42.3476702508961
2,326,-49,-42.3476702508961
2,327,-52,-42.3476702508961
2,328,-31,-42.3476702508961
2,329,-12,-18.5582089552239
2,330,-16,-18.5582089552239
2,331,-1,9.59259259259259
2,332,-5,1.95249406175772
2,333,-1,1.95249406175772
2,334,24,1.95249406175772
2,335,63,78.5942028985507
2,336,143,145.889570552147
2,337,258,62.5
2,338,-235,-231.491803278689
2,339,-139,-154.0078125
2,340,37,-110.316455696203
2,341,22,7.15151515151515
2,342,28,-29.3508771929825
2,343,-30,-29.3508771929825
2,344,35,-18.5582089552239
2,345,70,109.940677966102
2,346,237,220.512195121951
2,347,-92,-32.6363636363636
2,348,-92,-154.0078125
2,349,-102,-110.316455696203
2,350,-57,-42.3476702508961
2,351,-47,-42.3476702508961
2,352,-26,-42.3476702508961
2,353,-68,-18.5582089552239
2,354,-18,-3.68292682926829
2,355,-7,9.59259259259259
2,356,-5,1.95249406175772
2,357,3,1.95249406175772
2,358,29,1.95249406175772
2,359,55,78.5942028985507
2,360,169,184.227272727273
2,361,256,145.889570552147
2,362,-277,-167.851851851852
2,363,-95,-154.0078125
2,364,16,-110.316455696203
2,365,36,22.2545454545455
2,366,19,-29.3508771929825
2,367,-52,-29.3508771929825
2,368,-5,-3.68292682926829
2,369,91,109.940677966102
2,370,224,220.512195121951
2,371,-31,-51.7307692307692
2,372,-123,-154.0078125
2,373,-81,-110.316455696203
2,374,-50,-42.3476702508961
2,375,-72,-42.3476702508961
2,376,-47,-42.3476702508961
2,377,-41,-42.3476702508961
2,378,-4,-3.68292682926829
2,379,-14,9.59259259259259
2,380,-1,-18.5582089552239
2,381,-3,1.95249406175772
2,382,25,1.95249406175772
2,383,60,78.5942028985507
2,384,151,184.227272727273
2,385,291,-32.6363636363636
2,386,-256,-231.491803278689
2,387,-166,-154.0078125
2,388,3,-110.316455696203
2,389,54,1.95249406175772
2,390,8,7.15151515151515
2,391,-45,1.95249406175772
2,392,36,-3.68292682926829
2,393,60,109.940677966102
2,394,189,220.512195121951
2,395,-7,-32.6363636363636
2,396,-93,-110.657407407407
2,397,-89,-95.6666666666667
2,398,-32,-42.3476702508961
2,399,-50,-18.5582089552239
2,400,-51,-42.3476702508961
2,401,-53,-42.3476702508961
2,402,-9,-3.68292682926829
2,403,-16,9.59259259259259
2,404,-5,-18.5582089552239
2,405,-4,1.95249406175772
2,406,20,1.95249406175772
2,407,48,78.5942028985507
2,408,62,184.227272727273
2,409,86,145.889570552147
2,410,-113,86.887323943662
2,411,19,-42.3476702508961
2,412,-21,22.2545454545455
2,413,75,-18.5582089552239
2,414,21,-51.7307692307692
2,415,-25,-29.3508771929825
2,416,21,-18.5582089552239
2,417,70,22.2545454545455
2,418,155,130.048780487805
2,419,-39,62.5
2,420,-132,-110.657407407407
2,421,-92,-42.3476702508961
2,422,-24,-42.3476702508961
2,423,-16,-18.5582089552239
2,424,-33,-18.5582089552239
2,425,-17,-18.5582089552239
2,426,-11,-18.5582089552239
2,427,-17,109.940677966102
2,428,-24,-18.5582089552239
2,429,-9,-18.5582089552239
2,430,2,1.95249406175772
2,431,5,1.95249406175772
2,432,16,1.95249406175772
2,433,60,78.5942028985507
2,434,67,129.462686567164
2,435,33,129.462686567164
2,436,105,78.5942028985507
2,437,18,56.3888888888889
2,438,59,22.2545454545455
2,439,-11,-41.7777777777778
2,440,48,-18.5582089552239
2,441,-3,-41.7777777777778
2,442,-117,1.95249406175772
2,443,-49,-42.3476702508961
2,444,-35,-42.3476702508961
2,445,-86,-18.5582089552239
2,446,7,-42.3476702508961
2,447,-24,1.95249406175772
2,448,-18,-18.5582089552239
2,449,11,-18.5582089552239
2,450,-23,1.6
2,451,-22,-18.5582089552239
2,452,-30,-18.5582089552239
2,453,-16,-18.5582089552239
2,454,2,-18.5582089552239
2,455,-2,1.95249406175772
2,456,7,1.95249406175772
2,457,58,1.95249406175772
2,458,41,145.889570552147
2,459,80,184.227272727273
2,460,64,145.889570552147
2,461,33,-18.6428571428571
2,462,28,22.2545454545455
2,463,-36,22.2545454545455
2,464,30,-42.3476702508961
2,465,12,-29.3508771929825
2,466,-88,-29.3508771929825
2,467,-66,-42.3476702508961
2,468,-9,-42.3476702508961
2,469,-48,1.95249406175772
2,470,-42,-42.3476702508961
2,471,-5,-42.3476702508961
2,472,-39,1.95249406175772
2,473,-15,-42.3476702508961
2,474,-1,-18.5582089552239
2,475,-2,1.95249406175772
2,476,-3,1.95249406175772
2,477,1,1.95249406175772
2,478,21,1.95249406175772
2,479,54,22.2545454545455
2,480,145,145.889570552147
2,481,268,-120.09756097561
2,482,-295,-167.851851851852
2,483,-113,-154.0078125
2,484,14,-110.316455696203
2,485,35,22.2545454545455
2,486,-2,-29.3508771929825
2,487,-17,1.95249406175772
2,488,23,-18.5582089552239
2,489,83,109.940677966102
2,490,217,220.512195121951
2,491,-28,-32.6363636363636
2,492,-104,-154.0078125
2,493,-125,-110.316455696203
2,494,-19,-42.3476702508961
2,495,-68,-18.5582089552239
2,496,-42,-42.3476702508961
2,497,-37,-42.3476702508961
2,498,-7,-3.68292682926829
2,499,-6,9.59259259259259
2,500,0,1.95249406175772
2,501,-1,1.95249406175772
2,502,21,1.95249406175772
2,503,82,78.5942028985507
2,504,175,184.227272727273
2,505,233,145.889570552147
2,506,-251,-231.491803278689
2,507,-117,-154.0078125
2,508,-5,-110.316455696203
2,509,55,1.95249406175772
2,510,4,7.15151515151515
2,511,-38,1.95249406175772
2,512,17,-3.68292682926829
2,513,130,109.940677966102
2,514,252,220.512195121951
2,515,-57,-79.15
2,516,-174,-154.0078125
2,517,-90,-110.316455696203
2,518,-73,-90.4
2,519,-36,-42.3476702508961
2,520,-66,-42.3476702508961
2,521,-32,-42.3476702508961
2,522,-27,9.59259259259259
2,523,3,9.59259259259259
2,524,-4,1.95249406175772
2,525,-2,1.95249406175772
2,526,17,1.95249406175772
2,527,49,78.5942028985507
2,528,141,184.227272727273
2,529,312,145.889570552147
2,530,-244,-167.851851851852
2,531,-143,-154.0078125
2,532,10,-110.316455696203
2,533,36,22.2545454545455
2,534,7,-29.3508771929825
2,535,6,1.95249406175772
2,536,2,1.95249406175772
2,537,89,109.940677966102
2,538,256,220.512195121951
2,539,-13,-51.7307692307692
2,540,-191,-154.0078125
2,541,-71,-110.316455696203
2,542,-31,-90.4
2,543,-93,-18.5582089552239
2,544,-43,-42.3476702508961
2,545,-66,-42.3476702508961
2,546,-14,-3.68292682926829
2,547,-8,9.59259259259259
2,548,-7,1.95249406175772
2,549,-1,1.95249406175772
2,550,18,1.95249406175772
2,551,55,78.5942028985507
2,552,131,184.227272727273
2,553,240,145.889570552147
2,554,-217,-167.851851851852
2,555,-150,-154.0078125
2,556,27,-110.316455696203
2,557,43,22.2545454545455
2,558,-11,7.15151515151515
2,559,4,-18.5582089552239
2,560,33,1.95249406175772
2,561,55,109.940677966102
2,562,221,220.512195121951
2,563,-40,-120.09756097561
2,564,-83,-154.0078125
2,565,-114,-110.316455696203
2,566,-65,-42.3476702508961
2,567,-39,-42.3476702508961
2,568,-48,-42.3476702508961
2,569,-23,-42.3476702508961
2,570,-16,-18.5582089552239
2,571,-16,9.59259259259259
2,572,-2,-18.5582089552239
2,573,-2,1.95249406175772
2,574,15,1.95249406175772
2,575,71,78.5942028985507
2,576,138,145.889570552147
2,577,215,145.889570552147
2,578,-171,-231.491803278689
2,579,-141,-154.0078125
2,580,35,-110.316455696203
2,581,52,22.2545454545455
2,582,-18,7.15151515151515
2,583,-28,-18.5582089552239
2,584,46,-18.5582089552239
2,585,95,86.887323943662
2,586,177,199.851851851852
2,587,-103,-32.6363636363636
2,588,-118,-110.657407407407
2,589,-104,-95.6666666666667
2,590,-29,-42.3476702508961
2,591,-15,-18.5582089552239
2,592,-42,-18.5582089552239
2,593,9,-3.68292682926829
2,594,-43,1.95249406175772
2,595,1,-3.68292682926829
2,596,-26,1.95249406175772
2,597,-12,-18.5582089552239
2,598,-2,-18.5582089552239
2,599,1,1.95249406175772
2,600,23,1.95249406175772
2,601,62,22.2545454545455
2,602,67,130.048780487805
2,603,67,62.5
2,604,46,86.887323943662
2,605,30,56.3888888888889
2,606,2,22.2545454545455
2,607,-26,1.95249406175772
2,608,29,-18.5582089552239
2,609,-162,-29.3508771929825
2,610,-76,-42.3476702508961
2,611,-3,-42.3476702508961
2,612,16,1.95249406175772
2,613,-3,22.2545454545455
2,614,1,1.95249406175772
2,615,17,1.95249406175772
2,616,-25,22.2545454545455
2,617,-9,-18.5582089552239
2,618,-10,1.95249406175772
2,619,12,-18.5582089552239
2,620,-46,22.2545454545455
2,621,-8,-42.3476702508961
2,622,-5,1.95249406175772
2,623,0,1.95249406175772
2,624,12,1.95249406175772
2,625,46,22.2545454545455
2,626,30,67
2,627,56,22.2545454545455
2,628,34,86.887323943662
2,629,66,22.2545454545455
2,630,26,56.3888888888889
2,631,-31,22.2545454545455
2,632,29,-18.5582089552239
2,633,24,22.2545454545455
2,634,10,-29.3508771929825
2,635,-125,-29.3508771929825
2,636,-112,-42.3476702508961
2,637,-19,-42.3476702508961
2,638,16,-18.5582089552239
2,639,125,1.6
2,640,-149,-51.7307692307692
2,641,-21,-110.657407407407
2,642,-15,-18.5582089552239
2,643,-3,-18.5582089552239
2,644,-1,1.95249406175772
2,645,15,1.95249406175772
2,646,55,-29.3508771929825
2,647,162,129.462686567164
2,648,210,199.851851851852
2,649,-167,-167.851851851852
2,650,-161,-154.0078125
2,651,0,-110.316455696203
2,652,34,1.95249406175772
2,653,-9,-29.3508771929825
2,654,-1,1.95249406175772
2,655,31,1.95249406175772
2,656,57,109.940677966102
2,657,202,199.851851851852
2,658,7,-32.6363636363636
2,659,-146,-154.0078125
2,660,-90,-95.6666666666667
2,661,-47,-42.3476702508961
2,662,-67,-42.3476702508961
2,663,-41,-42.3476702508961
2,664,-23,-42.3476702508961
2,665,-9,-18.5582089552239
2,666,-10,9.59259259259259
2,667,-2,-18.5582089552239
2,668,1,1.95249406175772
2,669,12,1.95249406175772
2,670,85,78.5942028985507
2,671,199,145.889570552147
2,672,230,145.889570552147
2,673,-240,-231.491803278689
2,674,-173,-154.0078125
2,675,13,-110.316455696203
2,676,43,22.2545454545455
2,677,12,7.15151515151515
2,678,-46,-29.3508771929825
2,679,8,-3.68292682926829
2,680,130,109.940677966102
2,681,233,220.512195121951
2,682,9,-79.15
2,683,-180,-154.0078125
2,684,-126,-110.316455696203
2,685,-22,20.8965517241379
2,686,-72,-18.5582089552239
2,687,-67,-42.3476702508961
2,688,-28,-42.3476702508961
2,689,-13,9.59259259259259
2,690,-9,9.59259259259259
2,691,0,1.95249406175772
2,692,0,1.95249406175772
2,693,19,1.95249406175772
2,694,78,78.5942028985507
2,695,183,145.889570552147
2,696,227,145.889570552147
2,697,-255,-231.491803278689
2,698,-145,-154.0078125
2,699,-6,-110.316455696203
2,700,36,1.95249406175772
2,701,-12,-29.3508771929825
2,702,-18,-18.5582089552239
2,703,-54,-18.5582089552239
2,704,21,-3.68292682926829
2,705,80,109.940677966102
2,706,12,-51.7307692307692
2,707,-6,-29.3508771929825
2,708,-36,1.95249406175772
2,709,4,-42.3476702508961
2,710,-31,1.95249406175772
2,711,-38,-18.5582089552239
2,712,-34,-42.3476702508961
2,713,-14,-18.5582089552239
2,714,-10,-18.5582089552239
2,715,2,-18.5582089552239
2,716,-3,1.95249406175772
2,717,17,1.95249406175772
2,718,58,78.5942028985507
2,719,191,184.227272727273
2,720,217,145.889570552147
2,721,-246,-231.491803278689
2,722,-141,-154.0078125
2,723,2,-110.316455696203
2,724,59,1.95249406175772
2,725,-4,7.15151515151515
2,726,-10,1.95249406175772
2,727,-10,-18.5582089552239
2,728,104,109.940677966102
2,729,161,220.512195121951
2,730,18,-51.7307692307692
2,731,-122,-110.657407407407
2,732,-96,-42.3476702508961
2,733,-22,-42.3476702508961
2,734,-70,-18.5582089552239
2,735,-23,-42.3476702508961
2,736,-41,-18.5582089552239
2,737,-30,-3.68292682926829
2,738,3,9.59259259259259
2,739,-11,1.95249406175772
2,740,-3,-18.5582089552239
2,741,15,1.95249406175772
2,742,47,78.5942028985507
2,743,166,184.227272727273
2,744,218,184.227272727273
2,745,-173,-167.851851851852
2,746,-151,-154.0078125
2,747,29,-110.316455696203
2,748,23,22.2545454545455
2,749,16,-29.3508771929825
2,750,-46,-29.3508771929825
2,751,45,-3.68292682926829
2,752,77,86.887323943662
2,753,128,199.851851851852
2,754,-37,-32.6363636363636
2,755,-97,-110.657407407407
2,756,-111,-42.3476702508961
2,757,-29,-42.3476702508961
2,758,-9,-18.5582089552239
2,759,-48,1.95249406175772
2,760,-12,-42.3476702508961
2,761,-8,-18.5582089552239
2,762,-19,1.95249406175772
2,763,-17,-18.5582089552239
2,764,-5,-18.5582089552239
2,765,-2,1.95249406175772
2,766,7,1.95249406175772
2,767,10,1.95249406175772
2,768,59,78.5942028985507
2,769,12,129.462686567164
2,770,76,78.5942028985507
2,771,17,-18.6428571428571
2,772,38,22.2545454545455
2,773,14,56.3888888888889
2,774,8,22.2545454545455
2,775,-119,1.95249406175772
2,776,22,-42.3476702508961
2,777,-2,-29.3508771929825
2,778,-36,1.95249406175772
2,779,-21,-42.3476702508961
2,780,-24,-18.5582089552239
2,781,-15,-18.5582089552239
2,782,-2,-18.5582089552239
2,783,-26,1.95249406175772
2,784,1,-18.5582089552239
2,785,3,1.95249406175772
2,786,3,1.95249406175772
2,787,-13,1.95249406175772
2,788,-13,-18.5582089552239
2,789,2,-18.5582089552239
2,790,-1,1.95249406175772
2,791,16,1.95249406175772
2,792,8,22.2545454545455
2,793,37,1.95249406175772
2,794,28,129.462686567164
2,795,33,78.5942028985507
2,796,16,78.5942028985507
2,797,-2,22.2545454545455
2,798,-27,1.95249406175772
2,799,44,-18.5582089552239
2,800,9,7.15151515151515
2,801,-77,1.95249406175772
2,802,9,-42.3476702508961
2,803,-16,1.95249406175772
2,804,-23,-18.5582089552239
2,805,-21,-18.5582089552239
2,806,-8,-18.5582089552239
2,807,-5,1.95249406175772
2,808,-14,1.95249406175772
2,809,-3,-18.5582089552239
2,810,-2,1.95249406175772
2,811,-3,1.95249406175772
2,812,1,1.95249406175772
2,813,15,1.95249406175772
2,814,55,22.2545454545455
2,815,123,129.462686567164
2,816,222,130.048780487805
2,817,-212,-167.851851851852
2,818,-134,-154.0078125
2,819,19,-110.316455696203
2,820,28,22.2545454545455
2,821,22,-29.3508771929825
2,822,-5,-29.3508771929825
2,823,20,1.95249406175772
2,824,56,22.2545454545455
2,825,196,220.512195121951
2,826,-2,-32.6363636363636
2,827,-142,-110.657407407407
2,828,-49,-95.6666666666667
2,829,-67,-42.3476702508961
2,830,-45,-42.3476702508961
2,831,-66,-42.3476702508961
2,832,-22,-42.3476702508961
2,833,-8,-18.5582089552239
2,834,-3,9.59259259259259
2,835,0,1.95249406175772
2,836,-1,1.95249406175772
2,837,20,1.95249406175772
2,838,68,78.5942028985507
2,839,190,145.889570552147
2,840,233,145.889570552147
2,841,-251,-231.491803278689
2,842,-164,-154.0078125
2,843,14,-110.316455696203
2,844,60,22.2545454545455
2,845,1,7.15151515151515
2,846,-49,1.95249406175772
2,847,21,-3.68292682926829
2,848,121,109.940677966102
2,849,257,220.512195121951
2,850,-117,-79.15
2,851,-125,-154.0078125
2,852,-97,-110.316455696203
2,853,-75,-90.4
2,854,-32,-42.3476702508961
2,855,-20,-18.5582089552239
2,856,-35,-18.5582089552239
2,857,-17,-18.5582089552239
2,858,-1,9.59259259259259
2,859,-1,1.95249406175772
2,860,-2,1.95249406175772
2,861,24,1.95249406175772
2,862,70,78.5942028985507
2,863,226,184.227272727273
2,864,194,145.889570552147
2,865,-284,-231.491803278689
2,866,-111,-110.657407407407
2,867,18,20.8965517241379
2,868,25,22.2545454545455
2,869,7,-29.3508771929825
2,870,-36,1.95249406175772
2,871,37,-3.68292682926829
2,872,60,86.887323943662
2,873,256,220.512195121951
2,874,-19,-32.6363636363636
2,875,-157,-154.0078125
2,876,-100,-110.316455696203
2,877,-33,-90.4
2,878,-71,-18.5582089552239
2,879,-49,-42.3476702508961
2,880,-35,-42.3476702508961
2,881,-18,-18.5582089552239
2,882,2,9.59259259259259
2,883,-6,1.95249406175772
2,884,2,1.95249406175772
2,885,17,1.95249406175772
2,886,67,78.5942028985507
2,887,201,184.227272727273
2,888,210,145.889570552147
2,889,-296,-231.491803278689
2,890,-158,-154.0078125
2,891,27,-110.316455696203
2,892,-26,22.2545454545455
2,893,19,-18.5582089552239
2,894,-33,-29.3508771929825
2,895,22,-18.5582089552239
2,896,65,9.59259259259259
2,897,171,220.512195121951
2,898,64,-32.6363636363636
2,899,-95,-110.657407407407
2,900,-42,-42.3476702508961
2,901,-71,-42.3476702508961
2,902,-34,-42.3476702508961
2,903,-38,-18.5582089552239
2,904,-39,-42.3476702508961
2,905,-16,-3.68292682926829
2,906,-6,9.59259259259259
2,907,-11,1.95249406175772
2,908,0,-18.5582089552239
2,909,15,1.95249406175772
2,910,55,78.5942028985507
2,911,155,184.227272727273
2,912,294,145.889570552147
2,913,-237,-167.851851851852
2,914,-167,-154.0078125
2,915,26,-110.316455696203
2,916,56,22.2545454545455
2,917,7,7.15151515151515
2,918,-35,1.95249406175772
2,919,51,-18.5582089552239
2,920,86,86.887323943662
2,921,158,220.512195121951
2,922,-88,-32.6363636363636
2,923,-95,-110.657407407407
2,924,-111,-42.3476702508961
2,925,-42,-42.3476702508961
2,926,-22,-42.3476702508961
2,927,-25,-18.5582089552239
2,928,4,-18.5582089552239
2,929,-41,1.95249406175772
2,930,0,-3.68292682926829
2,931,-27,1.95249406175772
2,932,-11,-18.5582089552239
2,933,-6,-18.5582089552239
2,934,8,1.95249406175772
2,935,32,1.95249406175772
2,936,61,22.2545454545455
2,937,36,130.048780487805
2,938,67,22.2545454545455
2,939,81,86.887323943662
2,940,83,56.3888888888889
2,941,15,-41.7777777777778
2,942,43,22.2545454545455
2,943,72,-41.7777777777778
2,944,-95,-51.7307692307692
2,945,-40,-42.3476702508961
2,946,-118,-42.3476702508961
2,947,-58,-42.3476702508961
2,948,-40,-42.3476702508961
2,949,-34,-42.3476702508961
2,950,4,-18.5582089552239
2,951,-44,1.95249406175772
2,952,0,-3.68292682926829
2,953,-2,1.95249406175772
2,954,-24,1.95249406175772
2,955,-33,-18.5582089552239
2,956,-12,-18.5582089552239
2,957,-1,-18.5582089552239
2,958,3,1.95249406175772
2,959,9,1.95249406175772
2,960,42,1.95249406175772
2,961,37,129.462686567164
2,962,98,184.227272727273
2,963,35,86.887323943662
2,964,29,78.5942028985507
2,965,6,22.2545454545455
2,966,-24,1.95249406175772
2,967,16,-18.5582089552239
2,968,-41,-29.3508771929825
2,969,-55,-42.3476702508961
2,970,10,-42.3476702508961
2,971,-48,22.2545454545455
2,972,-16,-42.3476702508961
2,973,-67,-18.5582089552239
2,974,19,-42.3476702508961
2,975,-20,22.2545454545455
2,976,6,-18.5582089552239
2,977,-26,1.95249406175772
2,978,5,-18.5582089552239
2,979,-12,1.95249406175772
2,980,-2,-18.5582089552239
2,981,4,1.95249406175772
2,982,34,1.95249406175772
2,983,76,78.5942028985507
2,984,-10,129.462686567164
2,985,33,-18.5582089552239
2,986,65,22.2545454545455
2,987,73,130.048780487805
2,988,31,-41.7777777777778
2,989,-49,-29.3508771929825
2,990,26,-42.3476702508961
2,991,-9,22.2545454545455
2,992,-27,1.95249406175772
2,993,-11,-18.5582089552239
2,994,-70,-18.5582089552239
2,995,-46,-42.3476702508961
2,996,-28,-42.3476702508961
2,997,-36,-18.5582089552239
2,998,-36,-42.3476702508961
2,999,-14,-42.3476702508961
2,1000,-5,-18.5582089552239
2,1001,-4,1.95249406175772
2,1002,-1,1.95249406175772
2,1003,13,1.95249406175772
2,1004,71,78.5942028985507
2,1005,193,184.227272727273
2,1006,185,145.889570552147
2,1007,-247,-231.491803278689
2,1008,-132,-110.657407407407
2,1009,1,20.8965517241379
2,1010,77,1.95249406175772
2,1011,-32,-51.7307692307692
2,1012,-7,-18.5582089552239
2,1013,36,1.95249406175772
2,1014,94,109.940677966102
2,1015,178,220.512195121951
2,1016,-7,-32.6363636363636
2,1017,-121,-110.657407407407
2,1018,-77,-95.6666666666667
2,1019,-73,-42.3476702508961
2,1020,-54,-42.3476702508961
2,1021,-53,-42.3476702508961
2,1022,-23,-42.3476702508961
2,1023,-17,-18.5582089552239
2,1024,-1,9.59259259259259
2,1025,-2,1.95249406175772
2,1026,-2,1.95249406175772
2,1027,28,1.95249406175772
2,1028,60,78.5942028985507
2,1029,212,145.889570552147
2,1030,274,145.889570552147
2,1031,-324,-231.491803278689
2,1032,-113,-154.0078125
2,1033,32,-110.316455696203
2,1034,36,22.2545454545455
2,1035,-17,-29.3508771929825
2,1036,-13,-18.5582089552239
2,1037,18,-18.5582089552239
2,1038,103,109.940677966102
2,1039,231,220.512195121951
2,1040,-4,-51.7307692307692
2,1041,-198,-154.0078125
2,1042,-53,-110.316455696203
2,1043,-35,20.8965517241379
2,1044,-92,-18.5582089552239
2,1045,-85,-42.3476702508961
2,1046,-20,-42.3476702508961
2,1047,-27,-18.5582089552239
2,1048,-6,9.59259259259259
2,1049,-3,1.95249406175772
2,1050,-5,1.95249406175772
2,1051,31,1.95249406175772
2,1052,59,78.5942028985507
2,1053,235,145.889570552147
2,1054,234,145.889570552147
2,1055,-318,-231.491803278689
2,1056,-94,-154.0078125
2,1057,34,-110.316455696203
2,1058,42,22.2545454545455
2,1059,-6,7.15151515151515
2,1060,-26,1.95249406175772
2,1061,25,-18.5582089552239
2,1062,126,109.940677966102
2,1063,267,220.512195121951
2,1064,-88,-79.15
2,1065,-153,-154.0078125
2,1066,-100,-110.316455696203
2,1067,-47,-90.4
2,1068,-85,-42.3476702508961
2,1069,-52,-42.3476702508961
2,1070,-39,-3.68292682926829
2,1071,-28,-3.68292682926829
2,1072,-13,9.59259259259259
2,1073,0,-18.5582089552239
2,1074,-3,1.95249406175772
2,1075,24,1.95249406175772
2,1076,56,78.5942028985507
2,1077,190,184.227272727273
2,1078,197,145.889570552147
2,1079,-225,-167.851851851852
2,1080,-103,-110.657407407407
2,1081,22,20.8965517241379
2,1082,65,22.2545454545455
2,1083,-45,-51.7307692307692
2,1084,-152,-42.3476702508961
2,1085,63,-3.68292682926829
2,1086,84,86.887323943662
2,1087,78,220.512195121951
2,1088,44,-41.7777777777778
2,1089,-67,-18.6428571428571
2,1090,-66,-3.68292682926829
2,1091,-15,-42.3476702508961
2,1092,-46,-18.5582089552239
2,1093,-20,-42.3476702508961
2,1094,-25,-18.5582089552239
2,1095,-15,-18.5582089552239
2,1096,-8,-18.5582089552239
2,1097,-31,1.95249406175772
2,1098,-5,-18.5582089552239
2,1099,1,1.95249406175772
2,1100,10,1.95249406175772
2,1101,10,78.5942028985507
2,1102,70,78.5942028985507
2,1103,29,129.462686567164
2,1104,61,22.2545454545455
2,1105,27,-18.6428571428571
2,1106,48,22.2545454545455
2,1107,-32,56.3888888888889
2,1108,-10,-18.5582089552239
2,1109,16,-18.5582089552239
2,1110,-37,22.2545454545455
2,1111,-36,-42.3476702508961
2,1112,-26,-42.3476702508961
2,1113,16,-18.5582089552239
2,1114,-44,22.2545454545455
2,1115,-20,-42.3476702508961
2,1116,-3,-18.5582089552239
2,1117,9,1.95249406175772
2,1118,-21,1.95249406175772
2,1119,-15,-18.5582089552239
2,1120,-13,-18.5582089552239
2,1121,-21,-18.5582089552239
2,1122,-15,-18.5582089552239
2,1123,-1,-18.5582089552239
2,1124,-3,1.95249406175772
2,1125,20,1.95249406175772
2,1126,37,78.5942028985507
2,1127,28,129.462686567164
2,1128,101,78.5942028985507
2,1129,39,86.887323943662
2,1130,78,56.3888888888889
2,1131,20,56.3888888888889
2,1132,6,22.2545454545455
2,1133,22,1.95249406175772
2,1134,-14,22.2545454545455
2,1135,-52,-18.5582089552239
2,1136,-71,-42.3476702508961
2,1137,-73,-42.3476702508961
2,1138,-55,-42.3476702508961
2,1139,-5,-42.3476702508961
2,1140,-12,1.95249406175772
2,1141,-7,-18.5582089552239
2,1142,-35,1.95249406175772
2,1143,-23,-18.5582089552239
2,1144,-2,-18.5582089552239
2,1145,-2,1.95249406175772
2,1146,-1,1.95249406175772
2,1147,15,1.95249406175772
2,1148,74,78.5942028985507
2,1149,190,129.462686567164
2,1150,248,145.889570552147
2,1151,-298,-231.491803278689
2,1152,-126,-154.0078125
2,1153,-1,-110.316455696203
2,1154,74,1.95249406175772
2,1155,5,-51.7307692307692
2,1156,-24,1.95249406175772
2,1157,16,-18.5582089552239
2,1158,112,109.940677966102
2,1159,243,220.512195121951
2,1160,-2,-79.15
2,1161,-193,-154.0078125
2,1162,-115,-110.316455696203
2,1163,-24,-90.4
2,1164,-103,-18.5582089552239
2,1165,-36,-42.3476702508961
2,1166,-46,-42.3476702508961
2,1167,-4,-3.68292682926829
2,1168,-3,9.59259259259259
2,1169,3,1.95249406175772
2,1170,-4,1.95249406175772
2,1171,19,1.95249406175772
2,1172,80,78.5942028985507
2,1173,224,184.227272727273
2,1174,234,130.048780487805
2,1175,-327,-231.491803278689
2,1176,-100,-154.0078125
2,1177,31,-110.316455696203
2,1178,20,22.2545454545455
2,1179,7,-29.3508771929825
2,1180,-56,1.95249406175772
2,1181,32,-3.68292682926829
2,1182,121,109.940677966102
2,1183,243,220.512195121951
2,1184,-81,-79.15
2,1185,-143,-154.0078125
2,1186,-102,-110.316455696203
2,1187,-16,-90.4
2,1188,-87,-18.5582089552239
2,1189,-36,-42.3476702508961
2,1190,-33,-3.68292682926829
2,1191,-26,-18.5582089552239
2,1192,-2,9.59259259259259
2,1193,-2,1.95249406175772
2,1194,27,1.95249406175772
2,1195,75,78.5942028985507
2,1196,149,184.227272727273
2,1197,-137,184.227272727273
2,1198,-78,-110.657407407407
2,1199,-28,-42.3476702508961
2,1200,0,-18.5582089552239
2,1201,60,1.95249406175772
2,1202,6,7.15151515151515
2,1203,-20,1.95249406175772
2,1204,34,-18.5582089552239
2,1205,77,109.940677966102
2,1206,86,79
2,1207,-61,-41.7777777777778
2,1208,-90,-42.3476702508961
2,1209,-5,-42.3476702508961
2,1210,-58,1.95249406175772
2,1211,16,-42.3476702508961
2,1212,-22,-29.3508771929825
2,1213,-22,-18.5582089552239
2,1214,1,-18.5582089552239
2,1215,-6,1.95249406175772
2,1216,-3,1.95249406175772
2,1217,2,1.95249406175772
2,1218,13,1.95249406175772
2,1219,91,22.2545454545455
2,1220,195,145.889570552147
2,1221,290,130.048780487805
2,1222,-308,-231.491803278689
2,1223,-153,-154.0078125
2,1224,35,-110.316455696203
2,1225,52,22.2545454545455
2,1226,-9,7.15151515151515
2,1227,0,1.95249406175772
2,1228,12,1.95249406175772
2,1229,138,109.940677966102
2,1230,239,220.512195121951
2,1231,-75,-79.15
2,1232,-197,-154.0078125
2,1233,-74,-110.316455696203
2,1234,-57,20.8965517241379
2,1235,-71,-42.3476702508961
2,1236,-41,-42.3476702508961
2,1237,-39,-3.68292682926829
2,1238,-26,-3.68292682926829
2,1239,-14,9.59259259259259
2,1240,-3,-18.5582089552239
2,1241,-1,1.95249406175772
2,1242,22,1.95249406175772
2,1243,68,78.5942028985507
2,1244,170,184.227272727273
2,1245,287,145.889570552147
2,1246,-235,-231.491803278689
2,1247,-182,-154.0078125
2,1248,62,-110.316455696203
2,1249,40,-51.7307692307692
2,1250,-12,7.15151515151515
2,1251,-17,-18.5582089552239
2,1252,-127,-18.5582089552239
2,1253,-28,-3.68292682926829
2,1254,78,109.940677966102
2,1255,32,-51.7307692307692
2,1256,14,-29.3508771929825
2,1257,-74,22.2545454545455
2,1258,1,-3.68292682926829
2,1259,-26,1.95249406175772
2,1260,-52,-18.5582089552239
2,1261,-1,-42.3476702508961
2,1262,22,1.95249406175772
2,1263,-6,22.2545454545455
2,1264,-17,1.95249406175772
2,1265,-19,-18.5582089552239
2,1266,0,-18.5582089552239
2,1267,5,1.95249406175772
2,1268,9,1.95249406175772
2,1269,32,1.95249406175772
2,1270,46,22.2545454545455
2,1271,74,129.462686567164
2,1272,46,86.887323943662
2,1273,85,-18.6428571428571
2,1274,40,56.3888888888889
2,1275,91,-41.7777777777778
2,1276,-31,-41.7777777777778
2,1277,68,-18.5582089552239
2,1278,-82,-41.7777777777778
2,1279,-82,-42.3476702508961
2,1280,-78,-42.3476702508961
2,1281,-76,-42.3476702508961
2,1282,5,-42.3476702508961
2,1283,-20,1.95249406175772
2,1284,-28,-18.5582089552239
2,1285,-34,-18.5582089552239
2,1286,4,-18.5582089552239
2,1287,4,1.95249406175772
2,1288,-54,1.95249406175772
2,1289,-12,-42.3476702508961
2,1290,-9,-18.5582089552239
2,1291,0,1.95249406175772
2,1292,18,1.95249406175772
2,1293,43,78.5942028985507
2,1294,52,67
2,1295,74,129.462686567164
2,1296,64,86.887323943662
2,1297,71,86.887323943662
2,1298,37,56.3888888888889
2,1299,-32,-41.7777777777778
2,1300,2,-18.5582089552239
2,1301,-35,1.95249406175772
2,1302,-36,-18.5582089552239
2,1303,-79,-42.3476702508961
2,1304,-52,-42.3476702508961
2,1305,-44,-42.3476702508961
2,1306,-9,-42.3476702508961
2,1307,-17,1.95249406175772
2,1308,-36,-18.5582089552239
2,1309,-9,-3.68292682926829
2,1310,-11,1.95249406175772
2,1311,-2,-18.5582089552239
2,1312,-3,1.95249406175772
2,1313,0,1.95249406175772
2,1314,17,1.95249406175772
2,1315,73,78.5942028985507
2,1316,169,145.889570552147
2,1317,168,129.462686567164
2,1318,-231,-231.491803278689
2,1319,-111,-110.657407407407
2,1320,17,20.8965517241379
2,1321,34,22.2545454545455
2,1322,-17,-29.3508771929825
2,1323,8,-18.5582089552239
2,1324,2,1.95249406175772
2,1325,80,109.940677966102
2,1326,177,220.512195121951
2,1327,-12,-51.7307692307692
2,1328,-149,-110.657407407407
2,1329,-47,-95.6666666666667
2,1330,-59,-42.3476702508961
2,1331,-42,-42.3476702508961
2,1332,-47,-42.3476702508961
2,1333,-23,-42.3476702508961
2,1334,-2,-18.5582089552239
2,1335,-2,9.59259259259259
2,1336,-3,1.95249406175772
2,1337,2,1.95249406175772
2,1338,22,1.95249406175772
2,1339,77,78.5942028985507
2,1340,173,145.889570552147
2,1341,226,-120.09756097561
2,1342,-268,-231.491803278689
2,1343,-104,-154.0078125
2,1344,1,-110.316455696203
2,1345,8,1.95249406175772
2,1346,26,1.95249406175772
2,1347,-28,-29.3508771929825
2,1348,30,-18.5582089552239
2,1349,84,109.940677966102
2,1350,196,220.512195121951
2,1351,11,-32.6363636363636
2,1352,-170,-110.657407407407
2,1353,-100,-95.6666666666667
2,1354,-39,-42.3476702508961
2,1355,-42,-42.3476702508961
2,1356,-52,-42.3476702508961
2,1357,-39,-42.3476702508961
2,1358,-10,-3.68292682926829
2,1359,-1,9.59259259259259
2,1360,-1,1.95249406175772
2,1361,0,1.95249406175772
2,1362,15,1.95249406175772
2,1363,90,78.5942028985507
2,1364,236,184.227272727273
2,1365,222,145.889570552147
2,1366,-302,-231.491803278689
2,1367,-117,-154.0078125
2,1368,14,-110.316455696203
2,1369,54,22.2545454545455
2,1370,-10,7.15151515151515
2,1371,-30,-18.5582089552239
2,1372,34,-18.5582089552239
2,1373,79,109.940677966102
2,1374,324,220.512195121951
2,1375,-68,-32.6363636363636
2,1376,-183,-154.0078125
2,1377,-101,-110.316455696203
2,1378,-72,-90.4
2,1379,-29,-42.3476702508961
2,1380,-97,-18.5582089552239
2,1381,-16,-42.3476702508961
2,1382,-25,-18.5582089552239
2,1383,-10,9.59259259259259
2,1384,-8,-18.5582089552239
2,1385,-1,1.95249406175772
2,1386,27,1.95249406175772
2,1387,80,78.5942028985507
2,1388,225,145.889570552147
2,1389,251,62.5
2,1390,-284,-231.491803278689
2,1391,-163,-154.0078125
2,1392,66,-110.316455696203
2,1393,47,-51.7307692307692
2,1394,-18,7.15151515151515
2,1395,-30,-18.5582089552239
2,1396,-18,-18.5582089552239
2,1397,157,109.940677966102
2,1398,255,220.512195121951
2,1399,-7,-79.15
2,1400,-174,-154.0078125
2,1401,-114,-110.316455696203
2,1402,-69,-90.4
2,1403,-80,-42.3476702508961
2,1404,-59,-42.3476702508961
2,1405,-40,-42.3476702508961
2,1406,-28,-3.68292682926829
2,1407,-15,9.59259259259259
2,1408,-4,-18.5582089552239
2,1409,-6,1.95249406175772
2,1410,28,1.95249406175772
2,1411,56,78.5942028985507
2,1412,183,184.227272727273
2,1413,233,145.889570552147
2,1414,-217,-167.851851851852
2,1415,-125,-154.0078125
2,1416,28,-110.316455696203
2,1417,14,22.2545454545455
2,1418,23,-29.3508771929825
2,1419,-46,-29.3508771929825
2,1420,60,-3.68292682926829
2,1421,105,86.887323943662
2,1422,223,220.512195121951
2,1423,-96,-32.6363636363636
2,1424,-226,-154.0078125
2,1425,-85,-110.316455696203
2,1426,-18,20.8965517241379
2,1427,-34,-18.5582089552239
2,1428,-21,-18.5582089552239
2,1429,-9,-18.5582089552239
2,1430,-26,1.95249406175772
2,1431,-9,9.59259259259259
2,1432,-26,1.95249406175772
2,1433,-12,-18.5582089552239
2,1434,6,-18.5582089552239
2,1435,2,1.95249406175772
2,1436,28,1.95249406175772
2,1437,71,22.2545454545455
2,1438,37,145.889570552147
2,1439,75,62.5
2,1440,51,86.887323943662
2,1441,55,56.3888888888889
2,1442,28,-41.7777777777778
2,1443,22,22.2545454545455
2,1444,27,-29.3508771929825
2,1445,-16,-29.3508771929825
2,1446,-36,-18.5582089552239
2,1447,-57,-42.3476702508961
2,1448,-113,-42.3476702508961
2,1449,-63,-42.3476702508961
2,1450,-11,-42.3476702508961
2,1451,-10,-18.5582089552239
2,1452,-17,-18.5582089552239
2,1453,-14,-18.5582089552239
2,1454,-8,-18.5582089552239
2,1455,5,1.95249406175772
2,1456,-44,1.95249406175772
2,1457,-15,-42.3476702508961
2,1458,3,-18.5582089552239
2,1459,7,1.95249406175772
2,1460,55,1.95249406175772
2,1461,18,129.462686567164
2,1462,128,22.2545454545455
2,1463,81,62.5
2,1464,111,-79.15
2,1465,54,-120.09756097561
2,1466,37,-110.657407407407
2,1467,-14,56.3888888888889
2,1468,22,-18.5582089552239
2,1469,-11,-29.3508771929825
2,1470,-109,-18.5582089552239
2,1471,-131,-42.3476702508961
2,1472,-87,-42.3476702508961
2,1473,-24,-42.3476702508961
2,1474,-53,-18.5582089552239
2,1475,-42,-42.3476702508961
2,1476,-28,-3.68292682926829
2,1477,-14,-18.5582089552239
2,1478,-1,-18.5582089552239
2,1479,-7,1.95249406175772
2,1480,1,1.95249406175772
2,1481,13,1.95249406175772
2,1482,72,78.5942028985507
2,1483,180,145.889570552147
2,1484,296,145.889570552147
2,1485,-283,-231.491803278689
2,1486,-144,-154.0078125
2,1487,13,-110.316455696203
2,1488,71,22.2545454545455
2,1489,29,-51.7307692307692
2,1490,-29,-29.3508771929825
2,1491,12,-18.5582089552239
2,1492,99,109.940677966102
2,1493,312,220.512195121951
2,1494,68,-51.7307692307692
2,1495,-266,-154.0078125
2,1496,-160,-110.316455696203
2,1497,-81,-90.4
2,1498,-72,-42.3476702508961
2,1499,-70,-42.3476702508961
2,1500,-37,-42.3476702508961
2,1501,-10,-3.68292682926829
2,1502,-15,9.59259259259259
2,1503,1,-18.5582089552239
2,1504,-1,1.95249406175772
2,1505,23,1.95249406175772
2,1506,89,78.5942028985507
2,1507,195,184.227272727273
2,1508,285,145.889570552147
2,1509,-251,-231.491803278689
2,1510,-199,-154.0078125
2,1511,76,-110.316455696203
2,1512,25,-51.7307692307692
2,1513,-11,-29.3508771929825
2,1514,-21,-18.5582089552239
2,1515,52,-18.5582089552239
2,1516,101,86.887323943662
2,1517,311,220.512195121951
2,1518,58,-32.6363636363636
2,1519,-255,-154.0078125
2,1520,-128,-110.316455696203
2,1521,-107,-90.4
2,1522,-74,-42.3476702508961
2,1523,-83,-42.3476702508961
2,1524,-48,-42.3476702508961
2,1525,-12,-3.68292682926829
2,1526,-25,9.59259259259259
2,1527,2,-18.5582089552239
2,1528,1,1.95249406175772
2,1529,22,1.95249406175772
2,1530,94,78.5942028985507
2,1531,247,184.227272727273
2,1532,294,145.889570552147
2,1533,-311,-231.491803278689
2,1534,-163,-154.0078125
2,1535,32,-110.316455696203
2,1536,47,22.2545454545455
2,1537,-13,7.15151515151515
2,1538,-30,-18.5582089552239
2,1539,59,-18.5582089552239
2,1540,73,86.887323943662
2,1541,426,220.512195121951
2,1542,-33,-32.6363636363636
2,1543,-277,-154.0078125
2,1544,-142,-110.316455696203
2,1545,-42,-90.4
2,1546,-86,-42.3476702508961
2,1547,-111,-42.3476702508961
2,1548,-31,-42.3476702508961
2,1549,-37,-18.5582089552239
2,1550,-4,-3.68292682926829
2,1551,-12,1.95249406175772
2,1552,7,-18.5582089552239
2,1553,12,1.95249406175772
2,1554,91,78.5942028985507
2,1555,264,184.227272727273
2,1556,242,184.227272727273
2,1557,-308,-231.491803278689
2,1558,-151,-154.0078125
2,1559,47,-110.316455696203
2,1560,54,7.15151515151515
2,1561,8,7.15151515151515
2,1562,-15,1.95249406175772
2,1563,29,-18.5582089552239
2,1564,139,109.940677966102
2,1565,287,220.512195121951
2,1566,33,-79.15
2,1567,-321,-154.0078125
2,1568,-95,-110.316455696203
2,1569,-87,-90.4
2,1570,-74,-42.3476702508961
2,1571,-72,-42.3476702508961
2,1572,-40,-42.3476702508961
2,1573,-31,-3.68292682926829
2,1574,-22,9.59259259259259
2,1575,-1,-18.5582089552239
2,1576,0,1.95249406175772
2,1577,29,1.95249406175772
2,1578,67,78.5942028985507
2,1579,179,184.227272727273
2,1580,284,184.227272727273
2,1581,-250,-231.491803278689
2,1582,-132,-154.0078125
2,1583,27,-110.316455696203
2,1584,87,22.2545454545455
2,1585,-34,-51.7307692307692
2,1586,-58,-18.5582089552239
2,1587,-95,-3.68292682926829
2,1588,22,-3.68292682926829
2,1589,129,9.59259259259259
2,1590,150,-51.7307692307692
2,1591,-112,-79.15
2,1592,-61,-110.657407407407
2,1593,-83,-3.68292682926829
2,1594,-4,-42.3476702508961
2,1595,-22,1.95249406175772
2,1596,-26,-18.5582089552239
2,1597,-31,-18.5582089552239
2,1598,-27,109.940677966102
2,1599,-16,9.59259259259259
2,1600,-24,-18.5582089552239
2,1601,6,-18.5582089552239
2,1602,22,1.95249406175772
2,1603,56,78.5942028985507
2,1604,132,184.227272727273
2,1605,103,145.889570552147
2,1606,122,-167.851851851852
2,1607,142,-13.7142857142857
2,1608,66,-231.491803278689
2,1609,35,-25.6923076923077
2,1610,4,-29.3508771929825
2,1611,-11,1.95249406175772
2,1612,6,-18.5582089552239
2,1613,-37,109.940677966102
2,1614,-88,-42.3476702508961
2,1615,-143,-42.3476702508961
2,1616,-146,-42.3476702508961
2,1617,-48,-42.3476702508961
2,1618,-12,-42.3476702508961
2,1619,-26,-18.5582089552239
2,1620,-78,-18.5582089552239
2,1621,6,-3.68292682926829
2,1622,-57,1.95249406175772
2,1623,-38,-42.3476702508961
2,1624,-4,-42.3476702508961
2,1625,-8,1.95249406175772
2,1626,5,1.95249406175772
2,1627,31,1.95249406175772
2,1628,54,78.5942028985507
2,1629,82,129.462686567164
2,1630,173,184.227272727273
2,1631,17,-120.09756097561
2,1632,135,-25.6923076923077
2,1633,41,-120.09756097561
2,1634,-23,-25.6923076923077
2,1635,33,-18.5582089552239
2,1636,-13,-29.3508771929825
2,1637,0,-18.5582089552239
2,1638,-82,1.95249406175772
2,1639,-107,-42.3476702508961
2,1640,-154,-42.3476702508961
2,1641,-25,-42.3476702508961
2,1642,-73,-18.5582089552239
2,1643,-54,-42.3476702508961
2,1644,-23,-3.68292682926829
2,1645,-8,-18.5582089552239
2,1646,-7,1.95249406175772
2,1647,-6,1.95249406175772
2,1648,1,1.95249406175772
2,1649,28,1.95249406175772
2,1650,89,78.5942028985507
2,1651,234,145.889570552147
2,1652,225,145.889570552147
2,1653,-248,-231.491803278689
2,1654,-147,-154.0078125
2,1655,17,-110.316455696203
2,1656,81,22.2545454545455
2,1657,-19,-51.7307692307692
2,1658,-3,-18.5582089552239
2,1659,26,1.95249406175772
2,1660,99,109.940677966102
2,1661,336,220.512195121951
2,1662,80,-32.6363636363636
2,1663,-252,-231.491803278689
2,1664,-219,-110.316455696203
2,1665,-107,-90.4
2,1666,-75,20.8965517241379
2,1667,-94,-42.3476702508961
2,1668,-25,-42.3476702508961
2,1669,-14,-18.5582089552239
2,1670,-5,9.59259259259259
2,1671,-7,1.95249406175772
2,1672,3,1.95249406175772
2,1673,14,1.95249406175772
2,1674,80,78.5942028985507
2,1675,70,145.889570552147
2,1676,346,145.889570552147
2,1677,-191,-120.09756097561
2,1678,-162,-154.0078125
2,1679,67,-110.316455696203
2,1680,31,-51.7307692307692
2,1681,23,-29.3508771929825
2,1682,-36,-29.3508771929825
2,1683,-4,-3.68292682926829
2,1684,187,1.95249406175772
2,1685,319,199.851851851852
2,1686,51,-79.15
2,1687,-246,-154.0078125
2,1688,-178,-110.316455696203
2,1689,-100,-90.4
2,1690,-89,20.8965517241379
2,1691,-98,-42.3476702508961
2,1692,-57,-42.3476702508961
2,1693,-7,-3.68292682926829
2,1694,-16,9.59259259259259
2,1695,-2,-18.5582089552239
2,1696,-4,1.95249406175772
2,1697,35,1.95249406175772
2,1698,110,78.5942028985507
2,1699,223,184.227272727273
2,1700,163,79
2,1701,-242,-231.491803278689
2,1702,-139,-25.6923076923077
2,1703,38,20.8965517241379
2,1704,37,7.15151515151515
2,1705,74,7.15151515151515
2,1706,-78,-41.7777777777778
2,1707,18,-3.68292682926829
2,1708,135,109.940677966102
2,1709,351,220.512195121951
2,1710,50,-79.15
2,1711,-197,-154.0078125
2,1712,-208,-110.316455696203
2,1713,-123,-90.4
2,1714,-54,20.8965517241379
2,1715,-72,-42.3476702508961
2,1716,-84,-42.3476702508961
2,1717,-11,-3.68292682926829
2,1718,-24,9.59259259259259
2,1719,1,-18.5582089552239
2,1720,-1,1.95249406175772
2,1721,28,1.95249406175772
2,1722,102,78.5942028985507
2,1723,225,184.227272727273
2,1724,288,145.889570552147
2,1725,-331,-231.491803278689
2,1726,-176,-154.0078125
2,1727,77,-110.316455696203
2,1728,53,-51.7307692307692
2,1729,26,7.15151515151515
2,1730,-41,-29.3508771929825
2,1731,47,-3.68292682926829
2,1732,121,86.887323943662
2,1733,385,220.512195121951
2,1734,-9,-167.851851851852
2,1735,-215,-154.0078125
2,1736,-162,-110.316455696203
2,1737,-50,-90.4
2,1738,-154,-42.3476702508961
2,1739,-69,-42.3476702508961
2,1740,-56,-42.3476702508961
2,1741,-45,-3.68292682926829
2,1742,-18,-3.68292682926829
2,1743,-22,-18.5582089552239
2,1744,-7,-18.5582089552239
2,1745,31,1.95249406175772
2,1746,82,78.5942028985507
2,1747,230,184.227272727273
2,1748,316,184.227272727273
2,1749,-282,-231.491803278689
2,1750,-105,-154.0078125
2,1751,43,-110.316455696203
2,1752,153,7.15151515151515
2,1753,-43,-51.7307692307692
2,1754,4,-110.657407407407
2,1755,40,1.95249406175772
2,1756,117,86.887323943662
2,1757,368,220.512195121951
2,1758,-127,-167.851851851852
2,1759,-144,-154.0078125
2,1760,-241,-110.316455696203
2,1761,-161,-90.4
2,1762,-13,20.8965517241379
2,1763,-95,-18.5582089552239
2,1764,-20,-3.68292682926829
2,1765,-28,-18.5582089552239
2,1766,-59,109.940677966102
2,1767,-37,-3.68292682926829
2,1768,-25,-42.3476702508961
2,1769,-3,-18.5582089552239
2,1770,24,1.95249406175772
2,1771,42,78.5942028985507
2,1772,84,79
2,1773,95,184.227272727273
2,1774,96,86.887323943662
2,1775,-72,86.887323943662
2,1776,-90,-42.3476702508961
2,1777,13,-42.3476702508961
2,1778,27,-29.3508771929825
2,1779,67,-29.3508771929825
2,1780,-113,-51.7307692307692
2,1781,-62,-3.68292682926829
2,1782,22,-3.68292682926829
2,1783,-4,1.6
2,1784,-22,1.95249406175772
2,1785,-7,-18.5582089552239
2,1786,-21,1.95249406175772
2,1787,22,-18.5582089552239
2,1788,-25,1.6
2,1789,9,-18.5582089552239
2,1790,-54,1.95249406175772
2,1791,-17,-42.3476702508961
2,1792,-10,-18.5582089552239
2,1793,-2,-18.5582089552239
2,1794,12,1.95249406175772
2,1795,21,22.2545454545455
2,1796,50,78.5942028985507
2,1797,29,129.462686567164
2,1798,132,78.5942028985507
2,1799,73,-13.7142857142857
2,1800,37,-110.657407407407
2,1801,7,56.3888888888889
2,1802,47,1.95249406175772
2,1803,7,-41.7777777777778
2,1804,71,1.95249406175772
2,1805,-73,-41.7777777777778
2,1806,72,-42.3476702508961
2,1807,-116,56.3888888888889
2,1808,-116,-42.3476702508961
2,1809,-110,-42.3476702508961
2,1810,-38,-42.3476702508961
2,1811,-46,-3.68292682926829
2,1812,-32,-42.3476702508961
2,1813,-5,-18.5582089552239
2,1814,-8,1.95249406175772
2,1815,-19,1.95249406175772
2,1816,3,-18.5582089552239
2,1817,32,1.95249406175772
2,1818,81,78.5942028985507
2,1819,253,184.227272727273
2,1820,287,-120.09756097561
2,1821,-375,-231.491803278689
2,1822,-129,-154.0078125
2,1823,25,-110.316455696203
2,1824,101,22.2545454545455
2,1825,22,-51.7307692307692
2,1826,-84,-29.3508771929825
2,1827,6,-3.68292682926829
2,1828,82,109.940677966102
2,1829,359,220.512195121951
2,1830,20,-51.7307692307692
2,1831,-226,-154.0078125
2,1832,-237,-110.316455696203
2,1833,-35,-90.4
2,1834,-93,-18.5582089552239
2,1835,-45,-42.3476702508961
2,1836,-38,-42.3476702508961
2,1837,-5,-3.68292682926829
2,1838,2,9.59259259259259
2,1839,-3,1.95249406175772
2,1840,-1,1.95249406175772
2,1841,14,1.95249406175772
2,1842,84,78.5942028985507
2,1843,185,184.227272727273
2,1844,295,130.048780487805
2,1845,-314,-231.491803278689
2,1846,-129,-154.0078125
2,1847,37,-110.316455696203
2,1848,45,7.15151515151515
2,1849,-9,7.15151515151515
2,1850,-27,1.95249406175772
2,1851,16,-18.5582089552239
2,1852,105,109.940677966102
2,1853,309,220.512195121951
2,1854,30,-51.7307692307692
2,1855,-227,-154.0078125
2,1856,-123,-110.316455696203
2,1857,-73,-90.4
2,1858,-87,-42.3476702508961
2,1859,-70,-42.3476702508961
2,1860,-34,-42.3476702508961
2,1861,-22,-18.5582089552239
2,1862,-5,9.59259259259259
2,1863,2,1.95249406175772
2,1864,-4,1.95249406175772
2,1865,39,1.95249406175772
2,1866,75,127.8
2,1867,243,184.227272727273
2,1868,300,145.889570552147
2,1869,-344,-231.491803278689
2,1870,-141,-154.0078125
2,1871,49,-110.316455696203
2,1872,46,7.15151515151515
2,1873,5,7.15151515151515
2,1874,-52,1.95249406175772
2,1875,-22,-3.68292682926829
2,1876,22,109.940677966102
2,1877,383,109.940677966102
2,1878,37,-51.7307692307692
2,1879,-185,-154.0078125
2,1880,-94,-110.316455696203
2,1881,-101,-90.4
2,1882,-89,-42.3476702508961
2,1883,-79,-42.3476702508961
2,1884,-45,-42.3476702508961
2,1885,-15,-3.68292682926829
2,1886,-27,9.59259259259259
2,1887,-1,-18.5582089552239
2,1888,4,1.95249406175772
2,1889,23,1.95249406175772
2,1890,85,78.5942028985507
2,1891,250,184.227272727273
2,1892,287,145.889570552147
2,1893,-333,-231.491803278689
2,1894,-155,-154.0078125
2,1895,54,-110.316455696203
2,1896,72,7.15151515151515
2,1897,-19,-51.7307692307692
2,1898,-35,-18.5582089552239
2,1899,69,-18.5582089552239
2,1900,81,86.887323943662
2,1901,315,220.512195121951
2,1902,-22,-32.6363636363636
2,1903,-213,-154.0078125
2,1904,-133,-110.316455696203
2,1905,-111,-90.4
2,1906,-72,-42.3476702508961
2,1907,-58,-42.3476702508961
2,1908,-35,-42.3476702508961
2,1909,-32,-18.5582089552239
2,1910,-20,9.59259259259259
2,1911,0,-18.5582089552239
2,1912,-5,1.95249406175772
2,1913,24,1.95249406175772
2,1914,60,78.5942028985507
2,1915,203,184.227272727273
2,1916,304,184.227272727273
2,1917,-272,-231.491803278689
2,1918,-134,-154.0078125
2,1919,14,-110.316455696203
2,1920,69,22.2545454545455
2,1921,-28,-51.7307692307692
2,1922,-13,-18.5582089552239
2,1923,51,-18.5582089552239
2,1924,87,86.887323943662
2,1925,239,220.512195121951
2,1926,-46,-32.6363636363636
2,1927,-165,-154.0078125
2,1928,-186,-110.316455696203
2,1929,11,-42.3476702508961
2,1930,-67,1.6
2,1931,-30,-42.3476702508961
2,1932,-31,-18.5582089552239
2,1933,-10,-18.5582089552239
2,1934,-13,9.59259259259259
2,1935,-38,-18.5582089552239
2,1936,-23,-42.3476702508961
2,1937,-3,-18.5582089552239
2,1938,18,1.95249406175772
2,1939,21,78.5942028985507
2,1940,101,78.5942028985507
2,1941,78,129.462686567164
2,1942,90,86.887323943662
2,1943,150,86.887323943662
2,1944,158,-120.09756097561
2,1945,17,-231.491803278689
2,1946,-87,-25.6923076923077
2,1947,54,-42.3476702508961
2,1948,-70,7.15151515151515
2,1949,8,-42.3476702508961
2,1950,-202,1.95249406175772
2,1951,-57,-42.3476702508961
2,1952,-76,20.8965517241379
2,1953,-65,-42.3476702508961
2,1954,13,-42.3476702508961
2,1955,-44,22.2545454545455
2,1956,-45,-3.68292682926829
2,1957,-5,-42.3476702508961
2,1958,19,1.95249406175772
2,1959,-56,78.5942028985507
2,1960,-13,-42.3476702508961
2,1961,6,-18.5582089552239
2,1962,79,1.95249406175772
2,1963,-13,127.8
2,1964,41,-18.5582089552239
2,1965,150,-18.6428571428571
2,1966,85,-13.7142857142857
2,1967,91,-167.851851851852
2,1968,-6,-41.7777777777778
2,1969,19,1.95249406175772
2,1970,97,22.2545454545455
2,1971,12,-51.7307692307692
2,1972,-62,-29.3508771929825
2,1973,44,-42.3476702508961
2,1974,-123,67
2,1975,-86,-42.3476702508961
2,1976,-114,-42.3476702508961
2,1977,-98,-42.3476702508961
2,1978,-66,-42.3476702508961
2,1979,-5,-42.3476702508961
2,1980,-46,1.95249406175772
2,1981,-12,-3.68292682926829
2,1982,0,-18.5582089552239
2,1983,-1,1.95249406175772
2,1984,20,1.95249406175772
2,1985,86,78.5942028985507
2,1986,196,130.048780487805
2,1987,283,62.5
2,1988,-272,-231.491803278689
2,1989,-113,-154.0078125
2,1990,5,-110.316455696203
2,1991,72,1.95249406175772
2,1992,0,-51.7307692307692
2,1993,-13,1.95249406175772
2,1994,56,-18.5582089552239
2,1995,71,86.887323943662
2,1996,334,220.512195121951
2,1997,-111,-32.6363636363636
2,1998,-124,-154.0078125
2,1999,-165,-110.316455696203
2,2000,-91,-90.4
2,2001,-115,-42.3476702508961
2,2002,-57,-42.3476702508961
2,2003,-33,-3.68292682926829
2,2004,-22,-18.5582089552239
2,2005,-6,9.59259259259259
2,2006,-2,1.95249406175772
2,2007,-2,1.95249406175772
2,2008,26,1.95249406175772
2,2009,73,78.5942028985507
2,2010,241,184.227272727273
2,2011,263,145.889570552147
2,2012,-196,-231.491803278689
2,2013,-189,-154.0078125
2,2014,39,-110.316455696203
2,2015,73,7.15151515151515
2,2016,14,-51.7307692307692
2,2017,-34,-29.3508771929825
2,2018,5,-18.5582089552239
2,2019,169,109.940677966102
2,2020,272,199.851851851852
2,2021,43,-79.15
2,2022,-242,-154.0078125
2,2023,-179,-110.316455696203
2,2024,-136,-90.4
2,2025,-85,20.8965517241379
2,2026,-79,-42.3476702508961
2,2027,-38,-42.3476702508961
2,2028,-30,-3.68292682926829
2,2029,-6,9.59259259259259
2,2030,-2,1.95249406175772
2,2031,-2,1.95249406175772
2,2032,26,1.95249406175772
2,2033,99,78.5942028985507
2,2034,240,184.227272727273
2,2035,318,184.227272727273
2,2036,-321,-231.491803278689
2,2037,-196,-154.0078125
2,2038,46,-110.316455696203
2,2039,70,7.15151515151515
2,2040,-32,-51.7307692307692
2,2041,7,-18.5582089552239
2,2042,10,1.95249406175772
2,2043,122,109.940677966102
2,2044,354,220.512195121951
2,2045,15,-79.15
2,2046,-265,-154.0078125
2,2047,-122,-110.316455696203
2,2048,-74,-90.4
2,2049,-117,-42.3476702508961
2,2050,-50,-42.3476702508961
2,2051,-86,-42.3476702508961
2,2052,-32,-3.68292682926829
2,2053,5,9.59259259259259
2,2054,-13,1.95249406175772
2,2055,-4,-18.5582089552239
2,2056,28,1.95249406175772
2,2057,97,78.5942028985507
2,2058,228,184.227272727273
2,2059,284,184.227272727273
2,2060,-287,-231.491803278689
2,2061,-105,-154.0078125
2,2062,22,-110.316455696203
2,2063,8,22.2545454545455
2,2064,15,1.95249406175772
2,2065,-4,-29.3508771929825
2,2066,-18,1.95249406175772
2,2067,133,109.940677966102
2,2068,420,220.512195121951
2,2069,-124,-79.15
2,2070,-211,-154.0078125
2,2071,-175,-110.316455696203
2,2072,-78,-90.4
2,2073,-85,20.8965517241379
2,2074,-13,-42.3476702508961
2,2075,-75,-18.5582089552239
2,2076,-23,-3.68292682926829
2,2077,-27,9.59259259259259
2,2078,-3,-18.5582089552239
2,2079,-3,1.95249406175772
2,2080,18,1.95249406175772
2,2081,57,78.5942028985507
2,2082,166,129.462686567164
2,2083,262,145.889570552147
2,2084,-132,-167.851851851852
2,2085,-138,-154.0078125
2,2086,53,-110.316455696203
2,2087,46,7.15151515151515
2,2088,74,7.15151515151515
2,2089,79,-41.7777777777778
2,2090,47,-18.6428571428571
2,2091,-1,86.887323943662
2,2092,119,109.940677966102
2,2093,-171,-120.09756097561
2,2094,-72,-25.6923076923077
2,2095,-160,-42.3476702508961
2,2096,-62,-42.3476702508961
2,2097,-32,-42.3476702508961
2,2098,-45,-18.5582089552239
2,2099,-19,-3.68292682926829
2,2100,-25,-18.5582089552239
2,2101,-33,-18.5582089552239
2,2102,-8,-18.5582089552239
2,2103,-21,1.95249406175772
2,2104,-5,-18.5582089552239
2,2105,17,1.95249406175772
2,2106,35,78.5942028985507
2,2107,69,78.5942028985507
2,2108,153,184.227272727273
2,2109,87,-13.7142857142857
2,2110,132,-231.491803278689
2,2111,95,-120.09756097561
2,2112,53,-231.491803278689
2,2113,-65,-41.7777777777778
2,2114,48,-42.3476702508961
2,2115,-11,-41.7777777777778
2,2116,-48,-18.5582089552239
2,2117,-50,-42.3476702508961
2,2118,-104,-42.3476702508961
2,2119,-205,-42.3476702508961
2,2120,26,-42.3476702508961
2,2121,-52,1.6
2,2122,-64,-42.3476702508961
2,2123,-33,-42.3476702508961
2,2124,-21,-18.5582089552239
2,2125,-32,-18.5582089552239
2,2126,-6,-18.5582089552239
2,2127,-19,1.95249406175772
2,2128,5,-18.5582089552239
2,2129,16,1.95249406175772
2,2130,9,78.5942028985507
2,2131,47,1.95249406175772
2,2132,95,127.8
2,2133,120,130.048780487805
2,2134,105,-13.7142857142857
2,2135,53,-231.491803278689
2,2136,26,56.3888888888889
2,2137,20,22.2545454545455
2,2138,-17,-29.3508771929825
2,2139,-10,-18.5582089552239
2,2140,-65,-18.5582089552239
2,2141,-101,-42.3476702508961
2,2142,-34,-42.3476702508961
2,2143,-65,-18.5582089552239
2,2144,-81,-42.3476702508961
2,2145,-12,-42.3476702508961
2,2146,-67,-18.5582089552239
2,2147,-14,-3.68292682926829
2,2148,-21,-18.5582089552239
2,2149,-10,-18.5582089552239
2,2150,-3,-18.5582089552239
2,2151,2,1.95249406175772
2,2152,27,1.95249406175772
2,2153,79,78.5942028985507
2,2154,220,145.889570552147
2,2155,286,62.5
2,2156,-331,-231.491803278689
2,2157,-108,-154.0078125
2,2158,45,-110.316455696203
2,2159,57,7.15151515151515
2,2160,1,7.15151515151515
2,2161,-63,1.95249406175772
2,2162,37,-3.68292682926829
2,2163,136,86.887323943662
2,2164,241,220.512195121951
2,2165,14,-79.15
2,2166,-225,-154.0078125
2,2167,-145,-110.316455696203
2,2168,-111,20.8965517241379
2,2169,-57,-42.3476702508961
2,2170,-41,-42.3476702508961
2,2171,-41,-42.3476702508961
2,2172,-17,-3.68292682926829
2,2173,-7,9.59259259259259
2,2174,0,1.95249406175772
2,2175,0,1.95249406175772
2,2176,22,1.95249406175772
2,2177,79,78.5942028985507
2,2178,281,184.227272727273
2,2179,308,145.889570552147
2,2180,-373,-231.491803278689
2,2181,-138,-154.0078125
2,2182,58,-110.316455696203
2,2183,20,7.15151515151515
2,2184,24,-29.3508771929825
2,2185,-59,-29.3508771929825
2,2186,-21,-3.68292682926829
2,2187,159,109.940677966102
2,2188,382,220.512195121951
2,2189,-40,-79.15
2,2190,-225,-154.0078125
2,2191,-197,-110.316455696203
2,2192,-76,-90.4
2,2193,-79,20.8965517241379
2,2194,-65,-42.3476702508961
2,2195,-32,-42.3476702508961
2,2196,-18,9.59259259259259
2,2197,-10,9.59259259259259
2,2198,0,-18.5582089552239
2,2199,25,1.95249406175772
2,2200,79,78.5942028985507
2,2201,215,184.227272727273
2,2202,274,184.227272727273
2,2203,-293,-231.491803278689
2,2204,-149,-154.0078125
2,2205,27,-110.316455696203
2,2206,2,22.2545454545455
2,2207,-19,1.95249406175772
2,2208,-28,-18.5582089552239
2,2209,67,-18.5582089552239
2,2210,105,129.462686567164
2,2211,272,220.512195121951
2,2212,6,-32.6363636363636
2,2213,-201,-154.0078125
2,2214,-149,-110.316455696203
2,2215,-70,-90.4
2,2216,-31,-42.3476702508961
2,2217,-73,-18.5582089552239
2,2218,-38,-42.3476702508961
2,2219,-14,-3.68292682926829
2,2220,-5,9.59259259259259
2,2221,1,1.95249406175772
2,2222,-4,1.95249406175772
2,2223,20,1.95249406175772
2,2224,75,78.5942028985507
2,2225,210,184.227272727273
2,2226,318,145.889570552147
2,2227,-337,-231.491803278689
2,2228,-146,-154.0078125
2,2229,83,-110.316455696203
2,2230,35,-51.7307692307692
2,2231,-56,-29.3508771929825
2,2232,21,-42.3476702508961
2,2233,-13,-29.3508771929825
2,2234,142,109.940677966102
2,2235,303,220.512195121951
2,2236,-46,-79.15
2,2237,-177,-154.0078125
2,2238,-153,-110.316455696203
2,2239,-93,-90.4
2,2240,-29,-42.3476702508961
2,2241,-64,-18.5582089552239
2,2242,-39,-42.3476702508961
2,2243,-25,-3.68292682926829
2,2244,-19,9.59259259259259
2,2245,0,-18.5582089552239
2,2246,-6,1.95249406175772
2,2247,16,1.95249406175772
2,2248,63,78.5942028985507
2,2249,212,184.227272727273
2,2250,267,145.889570552147
2,2251,-233,-231.491803278689
2,2252,-138,-154.0078125
2,2253,41,-110.316455696203
2,2254,89,7.15151515151515
2,2255,36,-51.7307692307692
2,2256,-10,-29.3508771929825
2,2257,4,-18.5582089552239
2,2258,111,109.940677966102
2,2259,275,220.512195121951
2,2260,-67,-79.15
2,2261,-244,-154.0078125
2,2262,-141,-110.316455696203
2,2263,-97,-90.4
2,2264,26,-42.3476702508961
2,2265,-17,-29.3508771929825
2,2266,-102,-18.5582089552239
2,2267,-26,-3.68292682926829
2,2268,-14,109.940677966102
2,2269,-24,-18.5582089552239
2,2270,-18,-18.5582089552239
2,2271,-7,-18.5582089552239
2,2272,14,1.95249406175772
2,2273,43,78.5942028985507
2,2274,96,145.889570552147
2,2275,105,79
2,2276,141,86.887323943662
2,2277,158,-13.7142857142857
2,2278,114,-231.491803278689
2,2279,0,-231.491803278689
2,2280,-18,-25.6923076923077
2,2281,-2,-18.5582089552239
2,2282,-76,1.95249406175772
2,2283,-22,-42.3476702508961
2,2284,-79,-18.5582089552239
2,2285,-22,-42.3476702508961
2,2286,-138,9.59259259259259
2,2287,-101,-42.3476702508961
2,2288,-8,-3.68292682926829
2,2289,-16,1.95249406175772
2,2290,-72,-18.5582089552239
2,2291,-18,-42.3476702508961
2,2292,-32,-18.5582089552239
2,2293,-29,-18.5582089552239
2,2294,-33,-18.5582089552239
2,2295,-2,-18.5582089552239
2,2296,6,1.95249406175772
2,2297,30,1.95249406175772
2,2298,51,78.5942028985507
2,2299,154,184.227272727273
2,2300,170,184.227272727273
2,2301,107,-167.851851851852
2,2302,107,-231.491803278689
2,2303,46,-120.09756097561
2,2304,-53,-41.7777777777778
2,2305,-11,-42.3476702508961
2,2306,-1,-18.5582089552239
2,2307,7,1.95249406175772
2,2308,-144,9.59259259259259
2,2309,-100,-42.3476702508961
2,2310,-88,-42.3476702508961
2,2311,-62,-42.3476702508961
2,2312,-95,-42.3476702508961
2,2313,-44,-42.3476702508961
2,2314,-49,-3.68292682926829
2,2315,-13,-3.68292682926829
2,2316,-14,-18.5582089552239
2,2317,-6,-18.5582089552239
2,2318,-2,1.95249406175772
2,2319,32,1.95249406175772
2,2320,95,78.5942028985507
2,2321,254,184.227272727273
2,2322,210,145.889570552147
2,2323,-300,-231.491803278689
2,2324,-73,-154.0078125
2,2325,27,-110.316455696203
2,2326,20,22.2545454545455
2,2327,-8,-29.3508771929825
2,2328,25,1.95249406175772
2,2329,-13,-29.3508771929825
2,2330,83,109.940677966102
2,2331,354,220.512195121951
2,2332,-36,-51.7307692307692
2,2333,-154,-154.0078125
2,2334,-147,-110.316455696203
2,2335,-104,-90.4
2,2336,-57,-42.3476702508961
2,2337,-93,-42.3476702508961
2,2338,-78,-42.3476702508961
2,2339,-32,-3.68292682926829
2,2340,-7,9.59259259259259
2,2341,2,1.95249406175772
2,2342,3,1.95249406175772
2,2343,21,1.95249406175772
2,2344,114,78.5942028985507
2,2345,317,184.227272727273
2,2346,212,-79.15
2,2347,-273,-231.491803278689
2,2348,-183,-154.0078125
2,2349,22,-110.316455696203
2,2350,5,22.2545454545455
2,2351,-5,1.95249406175772
2,2352,18,1.95249406175772
2,2353,51,-29.3508771929825
2,2354,62,129.462686567164
2,2355,411,220.512195121951
2,2356,-6,-120.09756097561
2,2357,-238,-154.0078125
2,2358,-135,-110.316455696203
2,2359,-105,-90.4
2,2360,-135,-42.3476702508961
2,2361,-80,-42.3476702508961
2,2362,-44,-42.3476702508961
2,2363,-24,-3.68292682926829
2,2364,-5,9.59259259259259
2,2365,-3,1.95249406175772
2,2366,1,1.95249406175772
2,2367,27,1.95249406175772
2,2368,100,78.5942028985507
2,2369,284,184.227272727273
2,2370,158,145.889570552147
2,2371,-311,-231.491803278689
2,2372,-118,-25.6923076923077
2,2373,-28,-90.4
2,2374,-9,-18.5582089552239
2,2375,-46,1.95249406175772
2,2376,-13,-42.3476702508961
2,2377,47,-18.5582089552239
2,2378,137,129.462686567164
2,2379,253,271.932203389831
2,2380,17,-167.851851851852
2,2381,-137,-154.0078125
2,2382,-108,-110.316455696203
2,2383,-71,-90.4
2,2384,-27,-42.3476702508961
2,2385,-92,-18.5582089552239
2,2386,-45,-42.3476702508961
2,2387,-12,-3.68292682926829
2,2388,-7,9.59259259259259
2,2389,-2,1.95249406175772
2,2390,0,1.95249406175772
2,2391,26,1.95249406175772
2,2392,90,78.5942028985507
2,2393,286,184.227272727273
2,2394,271,145.889570552147
2,2395,-376,-231.491803278689
2,2396,-112,-154.0078125
2,2397,40,-110.316455696203
2,2398,35,7.15151515151515
2,2399,-26,-29.3508771929825
2,2400,-1,-18.5582089552239
2,2401,25,1.95249406175772
2,2402,125,109.940677966102
2,2403,361,220.512195121951
2,2404,28,-79.15
2,2405,-190,-154.0078125
2,2406,-182,-110.316455696203
2,2407,-137,-90.4
2,2408,-19,20.8965517241379
2,2409,-104,-18.5582089552239
2,2410,-80,-42.3476702508961
2,2411,-39,-3.68292682926829
2,2412,-4,-3.68292682926829
2,2413,-11,1.95249406175772
2,2414,-7,-18.5582089552239
2,2415,22,1.95249406175772
2,2416,88,78.5942028985507
2,2417,246,184.227272727273
2,2418,341,184.227272727273
2,2419,-341,-231.491803278689
2,2420,-122,-154.0078125
2,2421,17,-110.316455696203
2,2422,108,22.2545454545455
2,2423,19,-51.7307692307692
2,2424,13,-29.3508771929825
2,2425,13,-29.3508771929825
2,2426,173,109.940677966102
2,2427,239,220.512195121951
2,2428,-151,-79.15
2,2429,-176,-154.0078125
2,2430,-151,-110.316455696203
2,2431,-54,20.8965517241379
2,2432,-85,-42.3476702508961
2,2433,-15,-42.3476702508961
2,2434,-45,-18.5582089552239
2,2435,-54,-3.68292682926829
2,2436,-7,-3.68292682926829
2,2437,-52,1.95249406175772
2,2438,-20,-3.68292682926829
2,2439,-8,-18.5582089552239
2,2440,30,1.95249406175772
2,2441,45,78.5942028985507
2,2442,125,184.227272727273
2,2443,130,145.889570552147
2,2444,151,-167.851851851852
2,2445,126,-231.491803278689
2,2446,32,-231.491803278689
2,2447,9,-25.6923076923077
2,2448,-40,1.95249406175772
2,2449,19,-42.3476702508961
2,2450,11,-29.3508771929825
2,2451,-71,-29.3508771929825
2,2452,-152,-42.3476702508961
2,2453,-362,-42.3476702508961
2,2454,-15,-42.3476702508961
2,2455,63,-18.5582089552239
2,2456,8,-51.7307692307692
2,2457,-19,1.95249406175772
2,2458,26,-18.5582089552239
2,2459,-44,1.6
2,2460,-17,-42.3476702508961
2,2461,-16,-18.5582089552239
2,2462,-33,-18.5582089552239
2,2463,-1,-18.5582089552239
2,2464,6,1.95249406175772
2,2465,12,1.95249406175772
2,2466,27,22.2545454545455
2,2467,28,78.5942028985507
2,2468,-11,78.5942028985507
2,2469,9,-18.5582089552239
2,2470,-16,1.95249406175772
2,2471,-9,-18.5582089552239
2,2472,1,1.95249406175772
2,2473,-15,1.95249406175772
2,2474,-2,-18.5582089552239
2,2475,-9,1.95249406175772
2,2476,12,1.95249406175772
2,2477,-4,22.2545454545455
2,2478,0,1.95249406175772
2,2479,-24,1.95249406175772
2,2480,2,-18.5582089552239
2,2481,4,1.95249406175772
2,2482,-11,1.95249406175772
2,2483,-4,-18.5582089552239
2,2484,2,1.95249406175772
2,2485,-3,1.95249406175772
2,2486,2,1.95249406175772
2,2487,11,1.95249406175772
2,2488,31,22.2545454545455
2,2489,162,22.2545454545455
2,2490,275,130.048780487805
2,2491,-210,-79.15
2,2492,-172,-154.0078125
2,2493,1,-110.316455696203
2,2494,28,1.95249406175772
2,2495,-22,22.2545454545455
2,2496,7,-18.5582089552239
2,2497,-2,1.95249406175772
2,2498,-9,109.940677966102
2,2499,129,9.59259259259259
2,2500,147,-51.7307692307692
2,2501,-81,-79.15
2,2502,-95,-110.657407407407
2,2503,-51,-42.3476702508961
2,2504,-63,-42.3476702508961
2,2505,-30,-42.3476702508961
2,2506,-46,-18.5582089552239
2,2507,-6,-3.68292682926829
2,2508,-4,9.59259259259259
2,2509,-1,9.59259259259259
2,2510,1,1.95249406175772
2,2511,19,1.95249406175772
2,2512,98,78.5942028985507
2,2513,270,184.227272727273
2,2514,221,130.048780487805
2,2515,-303,-231.491803278689
2,2516,-146,-154.0078125
2,2517,22,-110.316455696203
2,2518,40,22.2545454545455
2,2519,0,7.15151515151515
2,2520,-8,1.95249406175772
2,2521,20,1.95249406175772
2,2522,126,109.940677966102
2,2523,329,220.512195121951
2,2524,-59,-79.15
2,2525,-150,-154.0078125
2,2526,-197,-110.316455696203
2,2527,-59,-90.4
2,2528,-69,20.8965517241379
2,2529,-84,-42.3476702508961
2,2530,-37,-42.3476702508961
2,2531,-11,-3.68292682926829
2,2532,-18,9.59259259259259
2,2533,-4,-18.5582089552239
2,2534,3,1.95249406175772
2,2535,18,1.95249406175772
2,2536,82,78.5942028985507
2,2537,283,184.227272727273
2,2538,265,145.889570552147
2,2539,-333,-231.491803278689
2,2540,-139,-154.0078125
2,2541,37,-110.316455696203
2,2542,50,7.15151515151515
2,2543,-41,7.15151515151515
2,2544,-5,-42.3476702508961
2,2545,6,1.95249406175772
2,2546,147,109.940677966102
2,2547,356,220.512195121951
2,2548,-23,-79.15
2,2549,-166,-154.0078125
2,2550,-163,-110.316455696203
2,2551,-141,-90.4
2,2552,-47,-42.3476702508961
2,2553,-88,-42.3476702508961
2,2554,-61,-42.3476702508961
2,2555,-20,-3.68292682926829
2,2556,-10,9.59259259259259
2,2557,-7,-18.5582089552239
2,2558,-3,1.95249406175772
2,2559,14,1.95249406175772
2,2560,110,78.5942028985507
2,2561,98,184.227272727273
2,2562,137,145.889570552147
2,2563,-161,-13.7142857142857
2,2564,-62,-110.657407407407
2,2565,12,-42.3476702508961
2,2566,53,22.2545454545455
2,2567,-7,7.15151515151515
2,2568,-28,1.95249406175772
2,2569,35,-18.5582089552239
2,2570,114,22.2545454545455
2,2571,296,199.851851851852
2,2572,50,-79.15
2,2573,-200,-154.0078125
2,2574,-127,-110.316455696203
2,2575,-87,-90.4
2,2576,-67,-42.3476702508961
2,2577,-71,-42.3476702508961
2,2578,-39,-42.3476702508961
2,2579,-38,-3.68292682926829
2,2580,-13,-3.68292682926829
2,2581,-19,-18.5582089552239
2,2582,3,-18.5582089552239
2,2583,13,1.95249406175772
2,2584,101,78.5942028985507
2,2585,195,184.227272727273
2,2586,277,184.227272727273
2,2587,-258,-231.491803278689
2,2588,-98,-154.0078125
2,2589,-3,-110.316455696203
2,2590,74,1.95249406175772
2,2591,-1,-51.7307692307692
2,2592,-6,1.95249406175772
2,2593,24,1.95249406175772
2,2594,116,109.940677966102
2,2595,262,220.512195121951
2,2596,-48,-79.15
2,2597,-213,-154.0078125
2,2598,-152,-110.316455696203
2,2599,-81,-90.4
2,2600,-50,-42.3476702508961
2,2601,-42,-42.3476702508961
2,2602,-13,-42.3476702508961
2,2603,-36,-18.5582089552239
2,2604,-10,-3.68292682926829
2,2605,-31,-18.5582089552239
2,2606,-24,-18.5582089552239
2,2607,3,-18.5582089552239
2,2608,23,1.95249406175772
2,2609,27,78.5942028985507
2,2610,103,78.5942028985507
2,2611,56,145.889570552147
2,2612,77,86.887323943662
2,2613,67,86.887323943662
2,2614,23,56.3888888888889
2,2615,8,22.2545454545455
2,2616,51,1.95249406175772
2,2617,-32,-41.7777777777778
2,2618,-32,-18.5582089552239
2,2619,-54,-18.5582089552239
2,2620,-232,-42.3476702508961
2,2621,49,-42.3476702508961
2,2622,-37,7.15151515151515
2,2623,-18,-42.3476702508961
2,2624,-1,-18.5582089552239
2,2625,-41,1.95249406175772
2,2626,-6,-3.68292682926829
2,2627,6,1.95249406175772
2,2628,-2,1.95249406175772
2,2629,-24,1.95249406175772
2,2630,-12,-18.5582089552239
2,2631,2,-18.5582089552239
2,2632,1,1.95249406175772
2,2633,20,1.95249406175772
2,2634,80,22.2545454545455
2,2635,78,130.048780487805
2,2636,195,62.5
2,2637,31,-13.7142857142857
2,2638,173,-110.657407407407
2,2639,11,-120.09756097561
2,2640,58,-25.6923076923077
2,2641,-50,-41.7777777777778
2,2642,-16,-42.3476702508961
2,2643,-65,-18.5582089552239
2,2644,-35,-42.3476702508961
2,2645,-112,9.59259259259259
2,2646,-132,-42.3476702508961
2,2647,-39,-42.3476702508961
2,2648,-96,-42.3476702508961
2,2649,-26,-42.3476702508961
2,2650,-34,-18.5582089552239
2,2651,-24,-18.5582089552239
2,2652,-16,-18.5582089552239
2,2653,-4,-18.5582089552239
2,2654,-2,1.95249406175772
2,2655,18,1.95249406175772
2,2656,103,78.5942028985507
2,2657,226,184.227272727273
2,2658,247,145.889570552147
2,2659,-328,-231.491803278689
2,2660,-111,-154.0078125
2,2661,6,-110.316455696203
2,2662,62,1.95249406175772
2,2663,22,-51.7307692307692
2,2664,-29,-29.3508771929825
2,2665,13,-18.5582089552239
2,2666,116,109.940677966102
2,2667,336,220.512195121951
2,2668,-19,-79.15
2,2669,-193,-154.0078125
2,2670,-162,-110.316455696203
2,2671,-88,-90.4
2,2672,-87,-42.3476702508961
2,2673,-74,-42.3476702508961
2,2674,-25,-42.3476702508961
2,2675,-14,-18.5582089552239
2,2676,-13,9.59259259259259
2,2677,-5,-18.5582089552239
2,2678,5,1.95249406175772
2,2679,9,1.95249406175772
2,2680,9,1.95249406175772
2,2681,143,1.95249406175772
2,2682,388,145.889570552147
2,2683,-208,-79.15
2,2684,-175,-154.0078125
2,2685,55,-110.316455696203
2,2686,40,7.15151515151515
2,2687,-20,7.15151515151515
2,2688,-45,-18.5582089552239
2,2689,30,-3.68292682926829
2,2690,120,109.940677966102
2,2691,327,220.512195121951
2,2692,62,-79.15
2,2693,-256,-154.0078125
2,2694,-152,-110.316455696203
2,2695,-53,-90.4
2,2696,-71,-42.3476702508961
2,2697,-116,-42.3476702508961
2,2698,-48,-42.3476702508961
2,2699,-32,-3.68292682926829
2,2700,1,9.59259259259259
2,2701,-10,1.95249406175772
2,2702,-2,-18.5582089552239
2,2703,29,1.95249406175772
2,2704,87,78.5942028985507
2,2705,238,184.227272727273
2,2706,308,184.227272727273
2,2707,-351,-231.491803278689
2,2708,-140,-154.0078125
2,2709,9,-110.316455696203
2,2710,61,1.95249406175772
2,2711,-17,7.15151515151515
2,2712,12,-18.5582089552239
2,2713,16,-29.3508771929825
2,2714,111,109.940677966102
2,2715,362,220.512195121951
2,2716,84,-79.15
2,2717,-309,-231.491803278689
2,2718,-166,-110.316455696203
2,2719,-99,-90.4
2,2720,-66,-42.3476702508961
2,2721,-75,-42.3476702508961
2,2722,-8,-42.3476702508961
2,2723,-66,1.95249406175772
2,2724,-7,-3.68292682926829
2,2725,-11,1.95249406175772
2,2726,-4,-18.5582089552239
2,2727,19,1.95249406175772
2,2728,115,78.5942028985507
2,2729,248,145.889570552147
2,2730,243,-79.15
2,2731,-323,-231.491803278689
2,2732,-136,-154.0078125
2,2733,33,-110.316455696203
2,2734,100,22.2545454545455
2,2735,-36,-51.7307692307692
2,2736,-61,-42.3476702508961
2,2737,79,-3.68292682926829
2,2738,87,86.887323943662
2,2739,334,220.512195121951
2,2740,2,-32.6363636363636
2,2741,-184,-154.0078125
2,2742,-102,-110.316455696203
2,2743,-121,-90.4
2,2744,-53,-42.3476702508961
2,2745,-125,-42.3476702508961
2,2746,-32,-42.3476702508961
2,2747,-41,-18.5582089552239
2,2748,-37,-3.68292682926829
2,2749,3,-3.68292682926829
2,2750,-10,1.95249406175772
2,2751,20,-18.5582089552239
2,2752,111,78.5942028985507
2,2753,221,184.227272727273
2,2754,262,-79.15
2,2755,-324,-231.491803278689
2,2756,-95,-154.0078125
2,2757,59,-110.316455696203
2,2758,-87,7.15151515151515
2,2759,107,-42.3476702508961
2,2760,-36,-32.6363636363636
2,2761,101,-3.68292682926829
2,2762,97,62.5
2,2763,203,220.512195121951
2,2764,-2,-32.6363636363636
2,2765,-189,-154.0078125
2,2766,-139,-95.6666666666667
2,2767,-78,20.8965517241379
2,2768,-3,-42.3476702508961
2,2769,24,1.95249406175772
2,2770,-103,-29.3508771929825
2,2771,-46,-3.68292682926829
2,2772,-32,-3.68292682926829
2,2773,-43,-18.5582089552239
2,2774,-23,-42.3476702508961
2,2775,13,-18.5582089552239
2,2776,20,22.2545454545455
2,2777,45,22.2545454545455
2,2778,110,184.227272727273
2,2779,87,86.887323943662
2,2780,148,86.887323943662
2,2781,143,-13.7142857142857
2,2782,-25,-231.491803278689
2,2783,-26,-25.6923076923077
2,2784,-96,-18.5582089552239
2,2785,113,-42.3476702508961
2,2786,-1,-51.7307692307692
2,2787,-38,-110.657407407407
2,2788,-68,-42.3476702508961
2,2789,-29,-42.3476702508961
2,2790,-96,109.940677966102
2,2791,-40,-42.3476702508961
2,2792,-52,-42.3476702508961
2,2793,-68,-42.3476702508961
2,2794,-15,-42.3476702508961
2,2795,-13,-18.5582089552239
2,2796,-28,-18.5582089552239
2,2797,-65,-18.5582089552239
2,2798,-12,-42.3476702508961
2,2799,-5,-18.5582089552239
2,2800,6,1.95249406175772
2,2801,19,1.95249406175772
2,2802,78,78.5942028985507
2,2803,77,129.462686567164
2,2804,142,184.227272727273
2,2805,81,-13.7142857142857
2,2806,144,-231.491803278689
2,2807,7,-120.09756097561
2,2808,-47,-25.6923076923077
2,2809,53,-42.3476702508961
2,2810,-27,7.15151515151515
2,2811,-33,-18.5582089552239
2,2812,-48,-18.5582089552239
2,2813,-80,-42.3476702508961
2,2814,-107,-42.3476702508961
2,2815,-73,-42.3476702508961
2,2816,-46,-42.3476702508961
2,2817,-55,-42.3476702508961
2,2818,-68,-42.3476702508961
2,2819,-25,-3.68292682926829
2,2820,-3,-18.5582089552239
2,2821,-1,1.95249406175772
2,2822,-3,1.95249406175772
2,2823,21,1.95249406175772
2,2824,119,78.5942028985507
2,2825,243,184.227272727273
2,2826,254,-79.15
2,2827,-289,-231.491803278689
2,2828,-160,-154.0078125
2,2829,23,-110.316455696203
2,2830,50,22.2545454545455
2,2831,9,7.15151515151515
2,2832,-33,1.95249406175772
2,2833,23,-18.5582089552239
2,2834,126,109.940677966102
2,2835,381,220.512195121951
2,2836,-89,-79.15
2,2837,-134,-154.0078125
2,2838,-223,-110.316455696203
2,2839,-76,-90.4
2,2840,-74,20.8965517241379
2,2841,-60,-42.3476702508961
2,2842,-75,-3.68292682926829
2,2843,-29,-3.68292682926829
2,2844,7,9.59259259259259
2,2845,-10,1.95249406175772
2,2846,-1,-18.5582089552239
2,2847,15,1.95249406175772
2,2848,145,78.5942028985507
2,2849,298,184.227272727273
2,2850,178,-79.15
2,2851,-346,-231.491803278689
2,2852,-138,-110.657407407407
2,2853,60,-90.4
2,2854,46,7.15151515151515
2,2855,-44,7.15151515151515
2,2856,-148,-42.3476702508961
2,2857,63,-3.68292682926829
2,2858,255,86.887323943662
2,2859,328,220.512195121951
2,2860,-7,-231.491803278689
2,2861,-252,-154.0078125
2,2862,-156,-110.316455696203
2,2863,-79,-90.4
2,2864,-76,-42.3476702508961
2,2865,-84,-42.3476702508961
2,2866,-28,-42.3476702508961
2,2867,-21,9.59259259259259
2,2868,-13,9.59259259259259
2,2869,1,-18.5582089552239
2,2870,3,1.95249406175772
2,2871,23,1.95249406175772
2,2872,98,78.5942028985507
2,2873,292,145.889570552147
2,2874,204,145.889570552147
2,2875,-297,-231.491803278689
2,2876,-172,-154.0078125
2,2877,48,-90.4
2,2878,79,7.15151515151515
2,2879,-14,-51.7307692307692
2,2880,-23,-18.5582089552239
2,2881,16,-18.5582089552239
2,2882,98,109.940677966102
2,2883,348,220.512195121951
2,2884,-333,-51.7307692307692
2,2885,-274,-154.0078125
2,2886,-47,-110.316455696203
2,2887,-17,-90.4
2,2888,33,-18.5582089552239
2,2889,-12,-29.3508771929825
2,2890,-22,-18.5582089552239
2,2891,-22,-18.5582089552239
2,2892,-8,109.940677966102
2,2893,0,1.95249406175772
2,2894,-1,1.95249406175772
2,2895,22,1.95249406175772
2,2896,115,22.2545454545455
2,2897,262,129.462686567164
2,2898,229,-79.15
2,2899,-269,-231.491803278689
2,2900,-207,-154.0078125
2,2901,102,-110.316455696203
2,2902,16,-51.7307692307692
2,2903,46,-29.3508771929825
2,2904,-71,-41.7777777777778
2,2905,24,-3.68292682926829
2,2906,150,109.940677966102
2,2907,311,220.512195121951
2,2908,38,-79.15
2,2909,-217,-154.0078125
2,2910,-179,-110.316455696203
2,2911,-144,-90.4
2,2912,2,20.8965517241379
2,2913,-97,1.95249406175772
2,2914,-71,-42.3476702508961
2,2915,-18,-3.68292682926829
2,2916,-15,109.940677966102
2,2917,-18,-18.5582089552239
2,2918,-4,-18.5582089552239
2,2919,17,1.95249406175772
2,2920,109,22.2545454545455
2,2921,216,184.227272727273
2,2922,269,79
2,2923,-298,-231.491803278689
2,2924,-112,-154.0078125
2,2925,81,-110.316455696203
2,2926,57,-51.7307692307692
2,2927,15,7.15151515151515
2,2928,-29,-29.3508771929825
2,2929,105,-18.5582089552239
2,2930,86,86.887323943662
2,2931,254,220.512195121951
2,2932,-183,-32.6363636363636
2,2933,-93,-154.0078125
2,2934,-162,-110.316455696203
2,2935,-71,-90.4
2,2936,-36,-42.3476702508961
2,2937,-54,-42.3476702508961
2,2938,-44,-3.68292682926829
2,2939,-43,-3.68292682926829
2,2940,-37,-3.68292682926829
2,2941,-22,-42.3476702508961
2,2942,-25,-18.5582089552239
2,2943,4,-18.5582089552239
2,2944,20,1.95249406175772
2,2945,34,78.5942028985507
2,2946,111,78.5942028985507
2,2947,157,184.227272727273
2,2948,76,-79.15
2,2949,111,-110.657407407407
2,2950,37,-120.09756097561
2,2951,100,-25.6923076923077
2,2952,-44,-41.7777777777778
2,2953,-25,-42.3476702508961
2,2954,1,-18.5582089552239
2,2955,-15,1.95249406175772
2,2956,-30,9.59259259259259
2,2957,-107,-18.5582089552239
2,2958,-152,-42.3476702508961
2,2959,-57,-42.3476702508961
2,2960,44,-42.3476702508961
2,2961,-98,67
2,2962,-78,-42.3476702508961
2,2963,-4,-3.68292682926829
2,2964,-12,1.95249406175772
2,2965,-54,-18.5582089552239
2,2966,-19,-42.3476702508961
2,2967,3,-18.5582089552239
2,2968,9,1.95249406175772
2,2969,39,1.95249406175772
2,2970,96,67
2,2971,66,129.462686567164
2,2972,128,86.887323943662
2,2973,78,-13.7142857142857
2,2974,103,-25.6923076923077
2,2975,71,-41.7777777777778
2,2976,-50,-41.7777777777778
2,2977,-53,-42.3476702508961
2,2978,65,-42.3476702508961
2,2979,-86,-51.7307692307692
2,2980,-89,-42.3476702508961
2,2981,-50,-42.3476702508961
2,2982,-109,-42.3476702508961
2,2983,-61,-42.3476702508961
2,2984,-38,-42.3476702508961
2,2985,-57,-3.68292682926829
2,2986,-39,-3.68292682926829
2,2987,-24,-42.3476702508961
2,2988,-9,-18.5582089552239
2,2989,0,1.95249406175772
2,2990,4,1.95249406175772
2,2991,20,1.95249406175772
2,2992,39,78.5942028985507
2,2993,10,184.227272727273
2,2994,81,78.5942028985507
2,2995,-46,86.887323943662
2,2996,-51,-42.3476702508961
2,2997,20,-42.3476702508961
2,2998,106,22.2545454545455
2,2999,-9,-51.7307692307692
2,3000,-5,1.95249406175772
2,3001,25,1.95249406175772
2,3002,-85,22.2545454545455
2,3003,118,-42.3476702508961
2,3004,71,-32.6363636363636
2,3005,4,-110.657407407407
2,3006,-115,1.95249406175772
2,3007,-37,-42.3476702508961
2,3008,-23,-3.68292682926829
2,3009,-54,-18.5582089552239
2,3010,-43,-42.3476702508961
2,3011,-13,-42.3476702508961
2,3012,-15,-18.5582089552239
2,3013,2,-18.5582089552239
2,3014,-1,1.95249406175772
2,3015,3,1.95249406175772
2,3016,16,1.95249406175772
2,3017,68,78.5942028985507
2,3018,317,145.889570552147
2,3019,-54,129.462686567164
2,3020,-184,-154.0078125
2,3021,53,-110.316455696203
2,3022,40,7.15151515151515
2,3023,-25,7.15151515151515
2,3024,-55,-18.5582089552239
2,3025,72,-42.3476702508961
2,3026,118,86.887323943662
2,3027,304,184.227272727273
2,3028,55,-231.491803278689
2,3029,-221,-154.0078125
2,3030,-249,-110.316455696203
2,3031,-154,-90.4
2,3032,-26,20.8965517241379
2,3033,-12,-18.5582089552239
2,3034,-32,-18.5582089552239
2,3035,-18,-18.5582089552239
2,3036,-2,9.59259259259259
2,3037,-13,1.95249406175772
2,3038,-2,-18.5582089552239
2,3039,34,1.95249406175772
2,3040,120,78.5942028985507
2,3041,282,129.462686567164
2,3042,210,-79.15
2,3043,-303,-231.491803278689
2,3044,-155,-154.0078125
2,3045,75,-110.316455696203
2,3046,63,-51.7307692307692
2,3047,20,-51.7307692307692
2,3048,-87,-29.3508771929825
2,3049,11,-3.68292682926829
2,3050,172,109.940677966102
2,3051,427,220.512195121951
2,3052,-27,-79.15
2,3053,-256,-154.0078125
2,3054,-131,-110.316455696203
2,3055,-66,-90.4
2,3056,-107,-42.3476702508961
2,3057,-153,-42.3476702508961
2,3058,-54,-42.3476702508961
2,3059,-51,-3.68292682926829
2,3060,-12,-3.68292682926829
2,3061,-13,-18.5582089552239
2,3062,13,-18.5582089552239
2,3063,19,1.6
2,3064,124,78.5942028985507
2,3065,315,199.851851851852
2,3066,160,-79.15
2,3067,-288,-231.491803278689
2,3068,-141,-110.657407407407
2,3069,74,-90.4
2,3070,69,-51.7307692307692
2,3071,-21,-51.7307692307692
2,3072,-57,-18.5582089552239
2,3073,46,-3.68292682926829
2,3074,114,86.887323943662
2,3075,422,271.932203389831
2,3076,16,-167.851851851852
2,3077,-331,-154.0078125
2,3078,-91,-110.316455696203
2,3079,-147,-90.4
2,3080,-48,-42.3476702508961
2,3081,-85,-42.3476702508961
2,3082,-96,-42.3476702508961
2,3083,-21,-3.68292682926829
2,3084,-28,9.59259259259259
2,3085,-7,-18.5582089552239
2,3086,-3,1.95249406175772
2,3087,23,1.95249406175772
2,3088,148,78.5942028985507
2,3089,333,184.227272727273
2,3090,230,-79.15
2,3091,-384,-231.491803278689
2,3092,-106,-154.0078125
2,3093,79,-110.316455696203
2,3094,26,-51.7307692307692
2,3095,35,-29.3508771929825
2,3096,-45,-29.3508771929825
2,3097,41,-3.68292682926829
2,3098,177,86.887323943662
2,3099,244,220.512195121951
2,3100,-143,-167.851851851852
2,3101,-186,-154.0078125
2,3102,-146,-110.316455696203
2,3103,-79,-90.4
2,3104,-7,-42.3476702508961
2,3105,-77,1.95249406175772
2,3106,-26,-3.68292682926829
2,3107,-44,9.59259259259259
2,3108,-35,-3.68292682926829
2,3109,-36,-18.5582089552239
2,3110,-19,-42.3476702508961
2,3111,-2,-18.5582089552239
2,3112,38,1.95249406175772
2,3113,45,145.889570552147
2,3114,100,184.227272727273
2,3115,97,184.227272727273
2,3116,160,86.887323943662
2,3117,134,-13.7142857142857
2,3118,56,-231.491803278689
2,3119,62,-25.6923076923077
2,3120,26,-41.7777777777778
2,3121,-58,-29.3508771929825
2,3122,-30,-42.3476702508961
2,3123,-16,-18.5582089552239
2,3124,19,-18.5582089552239
2,3125,-213,9.59259259259259
2,3126,-117,-42.3476702508961
2,3127,-56,20.8965517241379
2,3128,79,-42.3476702508961
2,3129,-99,127.8
2,3130,-69,-42.3476702508961
2,3131,-40,-3.68292682926829
2,3132,-32,-3.68292682926829
2,3133,-32,-18.5582089552239
2,3134,-50,-18.5582089552239
2,3135,-8,-3.68292682926829
2,3136,17,1.95249406175772
2,3137,65,78.5942028985507
2,3138,81,184.227272727273
2,3139,142,184.227272727273
2,3140,119,-13.7142857142857
2,3141,149,-231.491803278689
2,3142,56,-231.491803278689
2,3143,-30,-25.6923076923077
2,3144,-64,-18.5582089552239
2,3145,-41,-42.3476702508961
2,3146,75,-42.3476702508961
2,3147,-28,-51.7307692307692
2,3148,-75,9.59259259259259
2,3149,-72,-42.3476702508961
2,3150,-128,-42.3476702508961
2,3151,-41,-42.3476702508961
2,3152,-88,-42.3476702508961
2,3153,-59,-42.3476702508961
2,3154,-46,-3.68292682926829
2,3155,-25,-3.68292682926829
2,3156,-4,-18.5582089552239
2,3157,-9,1.95249406175772
2,3158,5,1.95249406175772
2,3159,8,1.95249406175772
2,3160,64,1.95249406175772
2,3161,74,127.8
2,3162,117,145.889570552147
2,3163,-84,-120.09756097561
2,3164,-87,-110.657407407407
2,3165,7,-42.3476702508961
2,3166,64,1.95249406175772
2,3167,14,-51.7307692307692
2,3168,-4,-29.3508771929825
2,3169,45,1.95249406175772
2,3170,90,86.887323943662
2,3171,193,86.887323943662
2,3172,22,-32.6363636363636
2,3173,-82,-110.657407407407
2,3174,-112,-95.6666666666667
2,3175,-95,-42.3476702508961
2,3176,-99,-42.3476702508961
2,3177,-45,-42.3476702508961
2,3178,-61,-42.3476702508961
2,3179,-9,-3.68292682926829
2,3180,-16,9.59259259259259
2,3181,-6,-18.5582089552239
2,3182,2,1.95249406175772
2,3183,10,1.95249406175772
2,3184,120,78.5942028985507
2,3185,187,184.227272727273
2,3186,266,-79.15
2,3187,-257,-231.491803278689
2,3188,-133,-154.0078125
2,3189,-11,-110.316455696203
2,3190,65,-18.5582089552239
2,3191,-11,-51.7307692307692
2,3192,-21,-18.5582089552239
2,3193,23,-18.5582089552239
2,3194,141,109.940677966102
2,3195,399,220.512195121951
2,3196,0,-79.15
2,3197,-421,-154.0078125
2,3198,9,-110.316455696203
2,3199,-112,1.95249406175772
2,3200,-87,-42.3476702508961
2,3201,-69,-42.3476702508961
2,3202,-58,-42.3476702508961
2,3203,-15,-3.68292682926829
2,3204,-20,9.59259259259259
2,3205,-7,-18.5582089552239
2,3206,-2,1.95249406175772
2,3207,32,1.95249406175772
2,3208,125,78.5942028985507
2,3209,308,184.227272727273
2,3210,251,-79.15
2,3211,-422,-231.491803278689
2,3212,-106,-154.0078125
2,3213,6,-110.316455696203
2,3214,51,1.95249406175772
2,3215,22,7.15151515151515
2,3216,-22,-29.3508771929825
2,3217,9,-18.5582089552239
2,3218,21,109.940677966102
2,3219,7,109.940677966102
2,3220,42,1.95249406175772
2,3221,49,-18.6428571428571
2,3222,-81,67
2,3223,-50,-42.3476702508961
2,3224,-86,-42.3476702508961
2,3225,-53,-42.3476702508961
2,3226,-50,-42.3476702508961
2,3227,-26,-42.3476702508961
2,3228,-14,-18.5582089552239
2,3229,-12,-18.5582089552239
2,3230,1,-18.5582089552239
2,3231,25,1.95249406175772
2,3232,126,78.5942028985507
2,3233,259,184.227272727273
2,3234,277,-79.15
2,3235,-391,-231.491803278689
2,3236,-116,-154.0078125
2,3237,36,-110.316455696203
2,3238,68,22.2545454545455
2,3239,13,-51.7307692307692
2,3240,-50,-29.3508771929825
2,3241,39,-3.68292682926829
2,3242,99,86.887323943662
2,3243,408,220.512195121951
2,3244,-46,-32.6363636363636
2,3245,-260,-154.0078125
2,3246,-94,-110.316455696203
2,3247,-113,-90.4
2,3248,-42,-42.3476702508961
2,3249,-76,-42.3476702508961
2,3250,-94,-42.3476702508961
2,3251,-31,-3.68292682926829
2,3252,-19,9.59259259259259
2,3253,-9,-18.5582089552239
2,3254,-5,1.95249406175772
2,3255,21,1.95249406175772
2,3256,83,78.5942028985507
2,3257,246,184.227272727273
2,3258,224,184.227272727273
2,3259,-243,-231.491803278689
2,3260,-108,-154.0078125
2,3261,51,-110.316455696203
2,3262,38,7.15151515151515
2,3263,12,7.15151515151515
2,3264,34,-29.3508771929825
2,3265,99,-29.3508771929825
2,3266,118,86.887323943662
2,3267,69,220.512195121951
2,3268,-131,-110.657407407407
2,3269,-118,-42.3476702508961
2,3270,-54,-42.3476702508961
2,3271,-95,-42.3476702508961
2,3272,-43,-42.3476702508961
2,3273,-46,-42.3476702508961
2,3274,-50,-3.68292682926829
2,3275,-34,-3.68292682926829
2,3276,-18,-18.5582089552239
2,3277,-33,-18.5582089552239
2,3278,-29,-18.5582089552239
2,3279,8,-18.5582089552239
2,3280,21,1.95249406175772
2,3281,23,78.5942028985507
2,3282,87,78.5942028985507
2,3283,148,86.887323943662
2,3284,148,-13.7142857142857
2,3285,83,-231.491803278689
2,3286,9,-231.491803278689
2,3287,10,1.95249406175772
2,3288,25,22.2545454545455
2,3289,-51,-29.3508771929825
2,3290,-9,-42.3476702508961
2,3291,-42,1.95249406175772
2,3292,-47,-42.3476702508961
2,3293,-42,-42.3476702508961
2,3294,-118,-42.3476702508961
2,3295,-4,-42.3476702508961
2,3296,-47,1.95249406175772
2,3297,-54,-42.3476702508961
2,3298,-13,-42.3476702508961
2,3299,-59,-18.5582089552239
2,3300,-17,-3.68292682926829
2,3301,-25,-18.5582089552239
2,3302,-25,-18.5582089552239
2,3303,-4,-18.5582089552239
2,3304,15,1.95249406175772
2,3305,30,78.5942028985507
2,3306,99,78.5942028985507
2,3307,119,145.889570552147
2,3308,154,-13.7142857142857
2,3309,95,-231.491803278689
2,3310,51,-231.491803278689
2,3311,-72,-41.7777777777778
2,3312,49,-42.3476702508961
2,3313,-12,-41.7777777777778
2,3314,-34,-18.5582089552239
2,3315,21,-18.5582089552239
2,3316,-4,-29.3508771929825
2,3317,-76,109.940677966102
2,3318,-50,-42.3476702508961
2,3319,-249,-42.3476702508961
2,3320,-84,-42.3476702508961
2,3321,37,20.8965517241379
2,3322,-31,67
2,3323,-6,-18.5582089552239
2,3324,-11,1.95249406175772
2,3325,-30,-18.5582089552239
2,3326,-12,-18.5582089552239
2,3327,3,-18.5582089552239
2,3328,11,1.95249406175772
2,3329,47,22.2545454545455
2,3330,88,67
2,3331,108,129.462686567164
2,3332,101,86.887323943662
2,3333,112,86.887323943662
2,3334,49,-120.09756097561
2,3335,31,-25.6923076923077
2,3336,-91,-29.3508771929825
2,3337,-5,-42.3476702508961
2,3338,41,1.95249406175772
2,3339,-96,7.15151515151515
2,3340,-22,-42.3476702508961
2,3341,12,-18.5582089552239
2,3342,-78,22.2545454545455
2,3343,-70,-42.3476702508961
2,3344,-90,-42.3476702508961
2,3345,-75,-3.68292682926829
2,3346,-37,-42.3476702508961
2,3347,-31,-42.3476702508961
2,3348,-6,-18.5582089552239
2,3349,-5,1.95249406175772
2,3350,2,1.95249406175772
2,3351,28,1.95249406175772
2,3352,121,78.5942028985507
2,3353,296,184.227272727273
2,3354,184,-79.15
2,3355,-377,-231.491803278689
2,3356,-74,-25.6923076923077
2,3357,14,-90.4
2,3358,40,22.2545454545455
2,3359,2,7.15151515151515
2,3360,-1,1.95249406175772
2,3361,18,1.95249406175772
2,3362,137,109.940677966102
2,3363,388,220.512195121951
2,3364,-71,-79.15
2,3365,-184,-154.0078125
2,3366,-322,-110.316455696203
2,3367,-133,-90.4
2,3368,-16,20.8965517241379
2,3369,-5,-18.5582089552239
2,3370,-14,1.95249406175772
2,3371,-32,9.59259259259259
2,3372,1,109.940677966102
2,3373,0,1.95249406175772
2,3374,1,1.95249406175772
2,3375,35,1.95249406175772
2,3376,103,78.5942028985507
2,3377,339,129.462686567164
2,3378,188,62.5
2,3379,-366,-231.491803278689
2,3380,-128,-25.6923076923077
2,3381,31,-90.4
2,3382,45,-29.3508771929825
2,3383,36,7.15151515151515
2,3384,-37,-29.3508771929825
2,3385,23,-3.68292682926829
2,3386,123,109.940677966102
2,3387,441,220.512195121951
2,3388,-43,-79.15
2,3389,-240,-154.0078125
2,3390,-125,-110.316455696203
2,3391,-127,-90.4
2,3392,-87,-42.3476702508961
2,3393,-57,-42.3476702508961
2,3394,-99,-42.3476702508961
2,3395,-35,-3.68292682926829
2,3396,-12,9.59259259259259
2,3397,-6,-18.5582089552239
2,3398,0,1.95249406175772
2,3399,25,1.95249406175772
2,3400,145,78.5942028985507
2,3401,329,184.227272727273
2,3402,186,-79.15
2,3403,-382,-231.491803278689
2,3404,-91,-110.657407407407
2,3405,-2,-90.4
2,3406,74,1.95249406175772
2,3407,1,-51.7307692307692
2,3408,-39,1.95249406175772
2,3409,36,-3.68292682926829
2,3410,197,109.940677966102
2,3411,340,220.512195121951
2,3412,-42,-79.15
2,3413,-194,-154.0078125
2,3414,-112,-110.316455696203
2,3415,-120,-90.4
2,3416,-95,-42.3476702508961
2,3417,-124,-42.3476702508961
2,3418,-54,-42.3476702508961
2,3419,-52,-3.68292682926829
2,3420,-18,-3.68292682926829
2,3421,-12,-18.5582089552239
2,3422,2,-18.5582089552239
2,3423,39,1.95249406175772
2,3424,96,127.8
2,3425,261,184.227272727273
2,3426,292,184.227272727273
2,3427,-396,-231.491803278689
2,3428,-94,-154.0078125
2,3429,31,-110.316455696203
2,3430,75,-29.3508771929825
2,3431,6,-51.7307692307692
2,3432,-62,1.95249406175772
2,3433,4,-3.68292682926829
2,3434,-36,109.940677966102
2,3435,5,-42.3476702508961
2,3436,-117,1.95249406175772
2,3437,-65,-42.3476702508961
2,3438,-6,-42.3476702508961
2,3439,46,1.95249406175772
2,3440,-62,67
2,3441,50,-42.3476702508961
2,3442,13,-18.6428571428571
2,3443,-10,22.2545454545455
2,3444,-35,-18.5582089552239
2,3445,-15,-18.5582089552239
2,3446,-13,-18.5582089552239
2,3447,-1,-18.5582089552239
2,3448,24,1.95249406175772
2,3449,50,22.2545454545455
2,3450,124,129.462686567164
2,3451,122,62.5
2,3452,161,-167.851851851852
2,3453,43,-231.491803278689
2,3454,132,-25.6923076923077
2,3455,11,-120.09756097561
2,3456,-32,-25.6923076923077
2,3457,55,-18.5582089552239
2,3458,-58,7.15151515151515
2,3459,-58,-42.3476702508961
2,3460,-74,-42.3476702508961
2,3461,42,-42.3476702508961
2,3462,-155,67
2,3463,-83,-42.3476702508961
2,3464,-88,-42.3476702508961
2,3465,10,-42.3476702508961
2,3466,-69,1.6
2,3467,-48,-42.3476702508961
2,3468,-32,-3.68292682926829
2,3469,-39,-18.5582089552239
2,3470,-37,-3.68292682926829
2,3471,-1,-42.3476702508961
2,3472,10,1.95249406175772
2,3473,13,22.2545454545455
2,3474,105,78.5942028985507
2,3475,160,184.227272727273
2,3476,104,-13.7142857142857
2,3477,107,-231.491803278689
2,3478,173,-120.09756097561
2,3479,2,-120.09756097561
2,3480,-8,-25.6923076923077
2,3481,-34,1.95249406175772
2,3482,18,-18.5582089552239
2,3483,-84,-29.3508771929825
2,3484,-82,-42.3476702508961
2,3485,-43,-42.3476702508961
2,3486,-139,-42.3476702508961
2,3487,-68,-42.3476702508961
2,3488,-20,-42.3476702508961
2,3489,-118,-18.5582089552239
2,3490,-59,-3.68292682926829
2,3491,-35,-42.3476702508961
2,3492,-3,-18.5582089552239
2,3493,-6,1.95249406175772
2,3494,3,1.95249406175772
2,3495,27,1.95249406175772
2,3496,104,78.5942028985507
2,3497,378,184.227272727273
2,3498,148,184.227272727273
2,3499,-383,-231.491803278689
2,3500,-95,-25.6923076923077
2,3501,52,-90.4
2,3502,43,7.15151515151515
2,3503,-8,7.15151515151515
2,3504,-4,1.95249406175772
2,3505,22,1.95249406175772
2,3506,156,109.940677966102
2,3507,386,271.932203389831
2,3508,-12,-79.15
2,3509,-177,-154.0078125
2,3510,-184,-110.316455696203
2,3511,-196,-90.4
2,3512,-97,20.8965517241379
2,3513,-82,20.8965517241379
2,3514,-52,-42.3476702508961
2,3515,-14,-3.68292682926829
2,3516,-12,9.59259259259259
2,3517,-3,-18.5582089552239
2,3518,0,1.95249406175772
2,3519,31,1.95249406175772
2,3520,148,78.5942028985507
2,3521,385,184.227272727273
2,3522,141,-79.15
2,3523,-375,-231.491803278689
2,3524,-159,-25.6923076923077
2,3525,51,-90.4
2,3526,20,7.15151515151515
2,3527,20,-29.3508771929825
2,3528,9,-29.3508771929825
2,3529,-4,109.940677966102
2,3530,201,109.940677966102
2,3531,377,271.932203389831
2,3532,-60,-79.15
2,3533,-277,-154.0078125
2,3534,-98,-110.316455696203
2,3535,-132,-90.4
2,3536,-90,-42.3476702508961
2,3537,-80,-42.3476702508961
2,3538,-64,-42.3476702508961
2,3539,-22,-3.68292682926829
2,3540,-16,9.59259259259259
2,3541,-3,-18.5582089552239
2,3542,2,1.95249406175772
2,3543,28,1.95249406175772
2,3544,134,78.5942028985507
2,3545,375,184.227272727273
2,3546,121,-79.15
2,3547,-365,-231.491803278689
2,3548,-100,-25.6923076923077
2,3549,23,-90.4
2,3550,89,22.2545454545455
2,3551,-12,-51.7307692307692
2,3552,-1,-18.5582089552239
2,3553,-2,109.940677966102
2,3554,152,109.940677966102
2,3555,272,271.932203389831
2,3556,58,-79.15
2,3557,-244,-154.0078125
2,3558,-130,-110.316455696203
2,3559,-110,-90.4
2,3560,-50,-42.3476702508961
2,3561,-125,-42.3476702508961
2,3562,-64,-42.3476702508961
2,3563,-37,-3.68292682926829
2,3564,-10,-3.68292682926829
2,3565,-7,-18.5582089552239
2,3566,1,1.95249406175772
2,3567,28,1.95249406175772
2,3568,136,78.5942028985507
2,3569,356,184.227272727273
2,3570,155,-79.15
2,3571,-344,-231.491803278689
2,3572,-127,-25.6923076923077
2,3573,27,-90.4
2,3574,99,22.2545454545455
2,3575,-21,-51.7307692307692
2,3576,-50,-18.5582089552239
2,3577,68,-3.68292682926829
2,3578,133,86.887323943662
2,3579,403,271.932203389831
2,3580,-56,-231.491803278689
2,3581,-211,-154.0078125
2,3582,-124,-110.316455696203
2,3583,-165,-90.4
2,3584,-85,-42.3476702508961
2,3585,-51,-42.3476702508961
2,3586,-100,-42.3476702508961
2,3587,-48,-3.68292682926829
2,3588,-10,-3.68292682926829
2,3589,-11,-18.5582089552239
2,3590,2,-18.5582089552239
2,3591,19,1.95249406175772
2,3592,110,78.5942028985507
2,3593,289,184.227272727273
2,3594,272,184.227272727273
2,3595,-318,-231.491803278689
2,3596,-133,-154.0078125
2,3597,15,-110.316455696203
2,3598,105,22.2545454545455
2,3599,47,-51.7307692307692
2,3600,-43,7.15151515151515
2,3601,24,-3.68292682926829
2,3602,126,109.940677966102
2,3603,270,220.512195121951
2,3604,-70,-79.15
2,3605,-168,-154.0078125
2,3606,-147,-110.316455696203
2,3607,-69,-90.4
2,3608,-48,-42.3476702508961
2,3609,-76,-42.3476702508961
2,3610,-9,-42.3476702508961
2,3611,-83,1.95249406175772
2,3612,-34,-3.68292682926829
2,3613,-49,-18.5582089552239
2,3614,-32,-42.3476702508961
2,3615,11,-18.5582089552239
2,3616,61,1.6
2,3617,7,145.889570552147
2,3618,157,1.95249406175772
2,3619,96,-13.7142857142857
2,3620,126,-79.15
2,3621,103,184.227272727273
2,3622,-38,-231.491803278689
2,3623,54,-42.3476702508961
2,3624,8,-41.7777777777778
2,3625,-38,1.95249406175772
2,3626,-21,-42.3476702508961
2,3627,-39,109.940677966102
2,3628,-44,-42.3476702508961
2,3629,-91,-42.3476702508961
2,3630,3,-42.3476702508961
2,3631,-47,1.95249406175772
2,3632,-102,-42.3476702508961
2,3633,16,-42.3476702508961
2,3634,-72,1.6
2,3635,-42,-3.68292682926829
2,3636,-43,-42.3476702508961
2,3637,-44,-42.3476702508961
2,3638,-19,-3.68292682926829
2,3639,3,-18.5582089552239
2,3640,17,1.95249406175772
2,3641,32,22.2545454545455
2,3642,119,78.5942028985507
2,3643,85,184.227272727273
2,3644,147,-79.15
2,3645,86,-13.7142857142857
2,3646,3,-231.491803278689
2,3647,-10,1.95249406175772
2,3648,8,-18.5582089552239
2,3649,-25,1.95249406175772
2,3650,33,-18.5582089552239
2,3651,13,-29.3508771929825
2,3652,-31,-29.3508771929825
2,3653,-115,9.59259259259259
2,3654,-12,-42.3476702508961
2,3655,-110,-18.5582089552239
2,3656,-94,-42.3476702508961
2,3657,-49,-42.3476702508961
2,3658,-69,-42.3476702508961
2,3659,-17,-3.68292682926829
2,3660,-7,-18.5582089552239
2,3661,-11,1.95249406175772
2,3662,1,-18.5582089552239
2,3663,30,1.95249406175772
2,3664,107,78.5942028985507
2,3665,359,184.227272727273
2,3666,148,145.889570552147
2,3667,-335,-231.491803278689
2,3668,-169,-25.6923076923077
2,3669,55,-90.4
2,3670,59,7.15151515151515
2,3671,-13,7.15151515151515
2,3672,11,-18.5582089552239
2,3673,0,-29.3508771929825
2,3674,168,109.940677966102
2,3675,373,271.932203389831
2,3676,31,-79.15
2,3677,-235,-154.0078125
2,3678,-202,-110.316455696203
2,3679,-144,-90.4
2,3680,-86,20.8965517241379
2,3681,-84,-42.3476702508961
2,3682,-52,-42.3476702508961
2,3683,-12,-3.68292682926829
2,3684,-10,9.59259259259259
2,3685,6,-18.5582089552239
2,3686,-8,1.95249406175772
2,3687,25,1.95249406175772
2,3688,107,78.5942028985507
2,3689,167,184.227272727273
2,3690,310,145.889570552147
2,3691,-328,-231.491803278689
2,3692,-160,-154.0078125
2,3693,-60,-110.316455696203
2,3694,30,-90.4
2,3695,-36,-29.3508771929825
2,3696,1,-42.3476702508961
2,3697,56,1.95249406175772
2,3698,123,86.887323943662
2,3699,442,220.512195121951
2,3700,-28,-167.851851851852
2,3701,-162,-154.0078125
2,3702,-105,-110.316455696203
2,3703,-112,-90.4
2,3704,-67,-42.3476702508961
2,3705,-118,-42.3476702508961
2,3706,-55,-42.3476702508961
2,3707,-6,-3.68292682926829
2,3708,-24,9.59259259259259
2,3709,4,-18.5582089552239
2,3710,2,1.95249406175772
2,3711,30,1.95249406175772
2,3712,154,78.5942028985507
2,3713,311,184.227272727273
2,3714,208,-79.15
2,3715,-361,-231.491803278689
2,3716,-154,-154.0078125
2,3717,48,-110.316455696203
2,3718,88,7.15151515151515
2,3719,-79,-51.7307692307692
2,3720,65,-42.3476702508961
2,3721,-39,-18.6428571428571
2,3722,111,-3.68292682926829
2,3723,465,220.512195121951
2,3724,-113,-79.15
2,3725,-73,-154.0078125
2,3726,-223,-110.316455696203
2,3727,-52,-90.4
2,3728,-158,20.8965517241379
2,3729,-85,-42.3476702508961
2,3730,-105,-3.68292682926829
2,3731,-27,-3.68292682926829
2,3732,-12,9.59259259259259
2,3733,-4,-18.5582089552239
2,3734,1,1.95249406175772
2,3735,34,1.95249406175772
2,3736,141,78.5942028985507
2,3737,325,184.227272727273
2,3738,213,-79.15
2,3739,-362,-231.491803278689
2,3740,-178,-154.0078125
2,3741,49,-110.316455696203
2,3742,37,7.15151515151515
2,3743,19,7.15151515151515
2,3744,14,-29.3508771929825
2,3745,26,109.940677966102
2,3746,114,109.940677966102
2,3747,429,220.512195121951
2,3748,-44,-79.15
2,3749,-244,-154.0078125
2,3750,-144,-110.316455696203
2,3751,-98,-90.4
2,3752,-95,-42.3476702508961
2,3753,-70,-42.3476702508961
2,3754,-78,-42.3476702508961
2,3755,-43,-3.68292682926829
2,3756,-36,-3.68292682926829
2,3757,-10,-3.68292682926829
2,3758,9,-18.5582089552239
2,3759,19,1.95249406175772
2,3760,118,78.5942028985507
2,3761,279,184.227272727273
2,3762,223,-79.15
2,3763,-287,-231.491803278689
2,3764,-150,-154.0078125
2,3765,70,-110.316455696203
2,3766,117,-51.7307692307692
2,3767,-10,-51.7307692307692
2,3768,-17,-110.657407407407
2,3769,1,-18.5582089552239
2,3770,181,109.940677966102
2,3771,265,220.512195121951
2,3772,-130,-79.15
2,3773,-226,-154.0078125
2,3774,-82,-110.316455696203
2,3775,-52,-90.4
2,3776,-12,-42.3476702508961
2,3777,-99,-18.5582089552239
2,3778,-85,-3.68292682926829
2,3779,-42,-3.68292682926829
2,3780,-28,-3.68292682926829
2,3781,-40,-18.5582089552239
2,3782,-19,-42.3476702508961
2,3783,15,-18.5582089552239
2,3784,24,1.6
2,3785,31,78.5942028985507
2,3786,126,78.5942028985507
2,3787,163,-13.7142857142857
2,3788,68,-79.15
2,3789,131,-110.657407407407
2,3790,37,-120.09756097561
2,3791,14,-25.6923076923077
2,3792,-44,22.2545454545455
2,3793,10,-42.3476702508961
2,3794,-41,-29.3508771929825
2,3795,51,-42.3476702508961
2,3796,-22,7.15151515151515
2,3797,-110,-18.5582089552239
2,3798,-109,-42.3476702508961
2,3799,-62,-42.3476702508961
2,3800,-10,-42.3476702508961
2,3801,-97,-18.5582089552239
2,3802,-35,-42.3476702508961
2,3803,-60,-18.5582089552239
2,3804,-14,-3.68292682926829
2,3805,-46,-18.5582089552239
2,3806,-10,-42.3476702508961
2,3807,-1,-18.5582089552239
2,3808,6,1.95249406175772
2,3809,25,1.95249406175772
2,3810,71,78.5942028985507
2,3811,155,145.889570552147
2,3812,162,62.5
2,3813,110,-231.491803278689
2,3814,69,-231.491803278689
2,3815,-1,56.3888888888889
2,3816,-32,1.95249406175772
2,3817,-119,-18.5582089552239
2,3818,117,-42.3476702508961
2,3819,13,-51.7307692307692
2,3820,-80,-110.657407407407
2,3821,-123,-42.3476702508961
2,3822,-88,-42.3476702508961
2,3823,-56,-3.68292682926829
2,3824,-93,-42.3476702508961
2,3825,-45,-42.3476702508961
2,3826,-68,-3.68292682926829
2,3827,-26,-3.68292682926829
2,3828,-5,-18.5582089552239
2,3829,-5,1.95249406175772
2,3830,5,1.95249406175772
2,3831,14,1.95249406175772
2,3832,14,78.5942028985507
2,3833,108,78.5942028985507
2,3834,329,145.889570552147
2,3835,-224,130.048780487805
2,3836,-159,-154.0078125
2,3837,30,-110.316455696203
2,3838,47,22.2545454545455
2,3839,57,7.15151515151515
2,3840,-6,-41.7777777777778
2,3841,18,1.95249406175772
2,3842,95,22.2545454545455
2,3843,391,220.512195121951
2,3844,-81,-51.7307692307692
2,3845,-179,-154.0078125
2,3846,-101,-110.316455696203
2,3847,-89,-90.4
2,3848,-109,-42.3476702508961
2,3849,-90,-42.3476702508961
2,3850,-39,-3.68292682926829
2,3851,-21,-3.68292682926829
2,3852,1,9.59259259259259
2,3853,-7,1.95249406175772
2,3854,2,1.95249406175772
2,3855,27,1.95249406175772
2,3856,124,78.5942028985507
2,3857,319,184.227272727273
2,3858,193,-79.15
2,3859,-345,-231.491803278689
2,3860,-148,-25.6923076923077
2,3861,50,-90.4
2,3862,62,7.15151515151515
2,3863,-20,-51.7307692307692
2,3864,-45,-18.5582089552239
2,3865,32,-3.68292682926829
2,3866,75,109.940677966102
2,3867,477,220.512195121951
2,3868,-16,-32.6363636363636
2,3869,-281,-154.0078125
2,3870,-56,-110.316455696203
2,3871,-182,-90.4
2,3872,15,-42.3476702508961
2,3873,-166,-29.3508771929825
2,3874,-72,-42.3476702508961
2,3875,-26,-3.68292682926829
2,3876,-21,109.940677966102
2,3877,2,-18.5582089552239
2,3878,-1,1.95249406175772
2,3879,32,1.95249406175772
2,3880,126,22.2545454545455
2,3881,299,199.851851851852
2,3882,179,-79.15
2,3883,-327,-231.491803278689
2,3884,-149,-25.6923076923077
2,3885,21,-90.4
2,3886,-8,22.2545454545455
2,3887,31,1.95249406175772
2,3888,-21,-29.3508771929825
2,3889,-11,-18.5582089552239
2,3890,156,109.940677966102
2,3891,356,220.512195121951
2,3892,-19,-79.15
2,3893,-133,-154.0078125
2,3894,-132,-110.316455696203
2,3895,-63,-90.4
2,3896,-87,-42.3476702508961
2,3897,-134,-42.3476702508961
2,3898,-54,-42.3476702508961
2,3899,-51,-3.68292682926829
2,3900,0,-3.68292682926829
2,3901,-7,1.95249406175772
2,3902,1,1.95249406175772
2,3903,28,1.95249406175772
2,3904,110,78.5942028985507
2,3905,313,199.851851851852
2,3906,127,184.227272727273
2,3907,-334,-231.491803278689
2,3908,-106,-25.6923076923077
2,3909,11,-90.4
2,3910,54,22.2545454545455
2,3911,-43,7.15151515151515
2,3912,4,-42.3476702508961
2,3913,18,1.95249406175772
2,3914,126,109.940677966102
2,3915,295,271.932203389831
2,3916,25,-79.15
2,3917,-141,-154.0078125
2,3918,-63,-110.316455696203
2,3919,-125,-90.4
2,3920,-68,-42.3476702508961
2,3921,-97,-42.3476702508961
2,3922,-53,-42.3476702508961
2,3923,-62,-3.68292682926829
2,3924,-19,-42.3476702508961
2,3925,-5,-18.5582089552239
2,3926,3,1.95249406175772
2,3927,28,1.95249406175772
2,3928,84,78.5942028985507
2,3929,237,184.227272727273
2,3930,254,184.227272727273
2,3931,-280,-231.491803278689
2,3932,-148,-154.0078125
2,3933,51,-110.316455696203
2,3934,18,7.15151515151515
2,3935,46,-29.3508771929825
2,3936,-37,-41.7777777777778
2,3937,21,-3.68292682926829
2,3938,96,109.940677966102
2,3939,266,220.512195121951
2,3940,-141,-32.6363636363636
2,3941,-143,-154.0078125
2,3942,-160,-110.316455696203
2,3943,15,-90.4
2,3944,-20,1.6
2,3945,-23,-18.5582089552239
2,3946,-58,-18.5582089552239
2,3947,7,-3.68292682926829
2,3948,-30,9.59259259259259
2,3949,-51,-18.5582089552239
2,3950,-23,-42.3476702508961
2,3951,-7,-18.5582089552239
2,3952,35,1.95249406175772
2,3953,31,78.5942028985507
2,3954,89,78.5942028985507
2,3955,165,62.5
2,3956,162,-13.7142857142857
2,3957,22,-231.491803278689
2,3958,86,-25.6923076923077
2,3959,-38,-41.7777777777778
2,3960,45,-42.3476702508961
2,3961,-126,-41.7777777777778
2,3962,30,-42.3476702508961
2,3963,17,-29.3508771929825
2,3964,-49,109.940677966102
2,3965,-56,-42.3476702508961
2,3966,-39,-42.3476702508961
2,3967,-64,-3.68292682926829
2,3968,-43,-42.3476702508961
2,3969,-54,-42.3476702508961
2,3970,-62,-42.3476702508961
2,3971,-36,-42.3476702508961
2,3972,-13,-42.3476702508961
2,3973,-54,-18.5582089552239
2,3974,-47,-42.3476702508961
2,3975,-5,-42.3476702508961
2,3976,17,1.95249406175772
2,3977,46,78.5942028985507
2,3978,70,184.227272727273
2,3979,91,145.889570552147
2,3980,220,86.887323943662
2,3981,54,-13.7142857142857
2,3982,50,-154.0078125
2,3983,29,-41.7777777777778
2,3984,-34,-29.3508771929825
2,3985,-64,-18.5582089552239
2,3986,-26,-42.3476702508961
2,3987,71,-18.5582089552239
2,3988,2,-51.7307692307692
2,3989,-111,9.59259259259259
2,3990,-91,-42.3476702508961
2,3991,-79,-42.3476702508961
2,3992,-75,-42.3476702508961
2,3993,-91,-42.3476702508961
2,3994,-19,-42.3476702508961
2,3995,-37,-18.5582089552239
2,3996,-17,-3.68292682926829
2,3997,-9,-18.5582089552239
2,3998,-1,1.95249406175772
2,3999,39,1.95249406175772
2,4000,115,127.8
2,4001,327,145.889570552147
2,4002,123,-167.851851851852
2,4003,-340,-231.491803278689
2,4004,-84,-25.6923076923077
2,4005,-3,-90.4
2,4006,89,1.95249406175772
2,4007,-10,-51.7307692307692
2,4008,-9,-18.5582089552239
2,4009,-18,1.95249406175772
2,4010,181,109.940677966102
2,4011,419,271.932203389831
2,4012,-42,-79.15
2,4013,-209,-154.0078125
2,4014,-107,-110.316455696203
2,4015,-144,-90.4
2,4016,-144,-42.3476702508961
2,4017,-84,-42.3476702508961
2,4018,-66,-42.3476702508961
2,4019,-7,-3.68292682926829
2,4020,-21,9.59259259259259
2,4021,0,-18.5582089552239
2,4022,1,1.95249406175772
2,4023,29,1.95249406175772
2,4024,149,78.5942028985507
2,4025,364,184.227272727273
2,4026,104,-79.15
2,4027,-328,-231.491803278689
2,4028,-138,-110.316455696203
2,4029,45,-90.4
2,4030,73,7.15151515151515
2,4031,-2,-51.7307692307692
2,4032,-39,1.95249406175772
2,4033,50,-3.68292682926829
2,4034,99,86.887323943662
2,4035,484,271.932203389831
2,4036,-76,-32.6363636363636
2,4037,-212,-154.0078125
2,4038,-107,-110.316455696203
2,4039,-177,-90.4
2,4040,-83,-42.3476702508961
2,4041,-114,20.8965517241379
2,4042,-77,-3.68292682926829
2,4043,-31,-3.68292682926829
2,4044,-9,9.59259259259259
2,4045,-6,1.95249406175772
2,4046,3,1.95249406175772
2,4047,25,1.95249406175772
2,4048,164,78.5942028985507
2,4049,327,184.227272727273
2,4050,160,-79.15
2,4051,-405,-231.491803278689
2,4052,-110,-110.657407407407
2,4053,37,-90.4
2,4054,113,7.15151515151515
2,4055,-1,-51.7307692307692
2,4056,-51,-110.657407407407
2,4057,-21,-3.68292682926829
2,4058,143,109.940677966102
2,4059,451,271.932203389831
2,4060,-39,-79.15
2,4061,-161,-154.0078125
2,4062,-198,-110.316455696203
2,4063,-78,-90.4
2,4064,-70,20.8965517241379
2,4065,-138,-42.3476702508961
2,4066,-105,-42.3476702508961
2,4067,-29,-3.68292682926829
2,4068,-12,9.59259259259259
2,4069,-6,-18.5582089552239
2,4070,4,1.95249406175772
2,4071,36,1.95249406175772
2,4072,146,78.5942028985507
2,4073,315,199.851851851852
2,4074,109,-79.15
2,4075,-266,-231.491803278689
2,4076,-167,-110.316455696203
2,4077,27,-90.4
2,4078,65,-29.3508771929825
2,4079,-40,-51.7307692307692
2,4080,18,-42.3476702508961
2,4081,-35,109.940677966102
2,4082,168,109.940677966102
2,4083,318,271.932203389831
2,4084,-8,-79.15
2,4085,-126,-154.0078125
2,4086,-101,-110.316455696203
2,4087,-72,-90.4
2,4088,-124,-42.3476702508961
2,4089,-103,-42.3476702508961
2,4090,-57,-42.3476702508961
2,4091,-72,-3.68292682926829
2,4092,-24,-3.68292682926829
2,4093,-10,-18.5582089552239
2,4094,2,-18.5582089552239
2,4095,35,1.95249406175772
2,4096,118,78.5942028985507
2,4097,217,184.227272727273
2,4098,244,-79.15
2,4099,-324,-231.491803278689
2,4100,-129,-154.0078125
2,4101,17,-110.316455696203
2,4102,38,-29.3508771929825
2,4103,13,7.15151515151515
2,4104,-6,-29.3508771929825
2,4105,-3,1.95249406175772
2,4106,121,109.940677966102
2,4107,188,220.512195121951
2,4108,-75,-79.15
2,4109,-101,-110.657407407407
2,4110,-55,-95.6666666666667
2,4111,-72,-42.3476702508961
2,4112,-73,-42.3476702508961
2,4113,-115,-42.3476702508961
2,4114,21,-3.68292682926829
2,4115,-11,22.2545454545455
2,4116,3,9.59259259259259
2,4117,-38,1.95249406175772
2,4118,-5,-3.68292682926829
2,4119,-8,1.95249406175772
2,4120,32,1.95249406175772
2,4121,50,78.5942028985507
2,4122,102,129.462686567164
2,4123,81,-18.6428571428571
2,4124,129,86.887323943662
2,4125,48,-120.09756097561
2,4126,19,-25.6923076923077
2,4127,-43,22.2545454545455
2,4128,-19,-42.3476702508961
2,4129,-5,-18.5582089552239
2,4130,-31,1.95249406175772
2,4131,-11,-18.5582089552239
2,4132,-23,-18.5582089552239
2,4133,35,109.940677966102
2,4134,-82,22.2545454545455
2,4135,-79,-42.3476702508961
2,4136,-41,-42.3476702508961
2,4137,-20,-42.3476702508961
2,4138,-3,-18.5582089552239
2,4139,-56,1.95249406175772
2,4140,-3,-3.68292682926829
2,4141,-57,1.95249406175772
2,4142,-29,-42.3476702508961
2,4143,6,-18.5582089552239
2,4144,17,1.95249406175772
2,4145,23,78.5942028985507
2,4146,92,22.2545454545455
2,4147,77,130.048780487805
2,4148,147,86.887323943662
2,4149,11,-13.7142857142857
2,4150,56,-110.657407407407
2,4151,-13,56.3888888888889
2,4152,24,-18.5582089552239
2,4153,-99,-29.3508771929825
2,4154,-32,-42.3476702508961
2,4155,100,-18.5582089552239
2,4156,-43,-51.7307692307692
2,4157,12,-42.3476702508961
2,4158,-50,22.2545454545455
2,4159,-74,-3.68292682926829
2,4160,-107,-42.3476702508961
2,4161,-41,-42.3476702508961
2,4162,-67,-42.3476702508961
2,4163,-26,-42.3476702508961
2,4164,-2,-18.5582089552239
2,4165,-10,1.95249406175772
2,4166,7,-18.5582089552239
2,4167,28,1.95249406175772
2,4168,96,78.5942028985507
2,4169,262,184.227272727273
2,4170,170,145.889570552147
2,4171,-273,-231.491803278689
2,4172,-121,-25.6923076923077
2,4173,27,-90.4
2,4174,56,22.2545454545455
2,4175,-21,7.15151515151515
2,4176,-6,-18.5582089552239
2,4177,4,1.95249406175772
2,4178,131,109.940677966102
2,4179,382,220.512195121951
2,4180,-17,-79.15
2,4181,-149,-154.0078125
2,4182,-186,-110.316455696203
2,4183,-137,-90.4
2,4184,-70,20.8965517241379
2,4185,-86,-42.3476702508961
2,4186,-49,-42.3476702508961
2,4187,-39,-3.68292682926829
2,4188,-4,-3.68292682926829
2,4189,-8,1.95249406175772
2,4190,4,1.95249406175772
2,4191,29,1.95249406175772
2,4192,119,78.5942028985507
2,4193,329,184.227272727273
2,4194,163,-79.15
2,4195,-374,-231.491803278689
2,4196,-63,-25.6923076923077
2,4197,8,-90.4
2,4198,55,1.95249406175772
2,4199,11,7.15151515151515
2,4200,27,-29.3508771929825
2,4201,91,-29.3508771929825
2,4202,126,86.887323943662
2,4203,195,220.512195121951
2,4204,-95,-231.491803278689
2,4205,-130,-25.6923076923077
2,4206,-121,-95.6666666666667
2,4207,-180,-42.3476702508961
2,4208,-19,-42.3476702508961
2,4209,-6,-18.5582089552239
2,4210,-12,1.95249406175772
2,4211,-36,-18.5582089552239
2,4212,-30,-3.68292682926829
2,4213,-61,-18.5582089552239
2,4214,-16,-42.3476702508961
2,4215,3,-18.5582089552239
2,4216,13,1.95249406175772
2,4217,40,22.2545454545455
2,4218,81,129.462686567164
2,4219,140,184.227272727273
2,4220,154,-13.7142857142857
2,4221,38,-231.491803278689
2,4222,9,-25.6923076923077
2,4223,5,1.95249406175772
2,4224,48,1.95249406175772
2,4225,-93,7.15151515151515
2,4226,-65,-42.3476702508961
2,4227,25,-42.3476702508961
2,4228,16,109.940677966102
2,4229,2,9.59259259259259
2,4230,119,1.95249406175772
2,4231,33,130.048780487805
2,4232,-82,-110.657407407407
2,4233,-319,-42.3476702508961
2,4234,-95,-42.3476702508961
2,4235,-58,20.8965517241379
2,4236,-12,-42.3476702508961
2,4237,-11,-18.5582089552239
2,4238,0,-18.5582089552239
2,4239,22,1.95249406175772
2,4240,104,78.5942028985507
2,4241,210,271.932203389831
2,4242,207,184.227272727273
2,4243,-257,-231.491803278689
2,4244,-107,-154.0078125
2,4245,58,-110.316455696203
2,4246,32,7.15151515151515
2,4247,34,-29.3508771929825
2,4248,-69,-29.3508771929825
2,4249,13,-3.68292682926829
2,4250,179,109.940677966102
2,4251,256,220.512195121951
2,4252,-82,-79.15
2,4253,-104,-154.0078125
2,4254,-182,-110.316455696203
2,4255,2,-90.4
2,4256,-98,1.95249406175772
2,4257,-94,-42.3476702508961
2,4258,-29,-3.68292682926829
2,4259,-73,109.940677966102
2,4260,-12,-3.68292682926829
2,4261,-10,-18.5582089552239
2,4262,-1,-18.5582089552239
2,4263,29,1.95249406175772
2,4264,96,78.5942028985507
2,4265,222,184.227272727273
2,4266,232,184.227272727273
2,4267,-281,-231.491803278689
2,4268,-94,-154.0078125
2,4269,23,-110.316455696203
2,4270,98,22.2545454545455
2,4271,-38,-51.7307692307692
2,4272,-18,-42.3476702508961
2,4273,10,-18.5582089552239
2,4274,84,109.940677966102
2,4275,207,220.512195121951
2,4276,-16,-51.7307692307692
2,4277,-142,-154.0078125
2,4278,-82,-110.316455696203
2,4279,-36,-42.3476702508961
2,4280,-12,-42.3476702508961
2,4281,-124,-18.5582089552239
2,4282,-14,-42.3476702508961
2,4283,-79,-18.5582089552239
2,4284,-13,-3.68292682926829
2,4285,-27,-18.5582089552239
2,4286,-15,-18.5582089552239
2,4287,-2,-18.5582089552239
2,4288,17,1.95249406175772
2,4289,40,78.5942028985507
2,4290,81,129.462686567164
2,4291,104,145.889570552147
2,4292,69,86.887323943662
2,4293,42,86.887323943662
2,4294,-25,56.3888888888889
2,4295,18,-18.5582089552239
2,4296,-52,-29.3508771929825
2,4297,-2,-42.3476702508961
2,4298,-12,1.95249406175772
2,4299,-15,-18.5582089552239
2,4300,-2,-18.5582089552239
2,4301,10,1.95249406175772
2,4302,-11,78.5942028985507
2,4303,-75,-18.5582089552239
2,4304,19,-42.3476702508961
2,4305,-72,22.2545454545455
2,4306,-1,-42.3476702508961
2,4307,-23,1.95249406175772
2,4308,-54,-18.5582089552239
2,4309,-35,-3.68292682926829
2,4310,-22,-18.5582089552239
2,4311,-7,-18.5582089552239
2,4312,15,1.95249406175772
2,4313,31,78.5942028985507
2,4314,78,22.2545454545455
2,4315,112,184.227272727273
2,4316,77,86.887323943662
2,4317,70,-110.657407407407
2,4318,-13,86.887323943662
2,4319,-39,-18.5582089552239
2,4320,-25,-42.3476702508961
2,4321,-14,-18.5582089552239
2,4322,-7,-18.5582089552239
2,4323,-21,1.95249406175772
2,4324,-17,-18.5582089552239
2,4325,-3,-18.5582089552239
2,4326,35,1.95249406175772
2,4327,-78,78.5942028985507
2,4328,-85,-42.3476702508961
2,4329,1,-42.3476702508961
2,4330,-84,1.95249406175772
2,4331,-21,-42.3476702508961
2,4332,-13,-18.5582089552239
2,4333,0,-18.5582089552239
2,4334,-3,1.95249406175772
2,4335,26,1.95249406175772
2,4336,64,78.5942028985507
2,4337,138,129.462686567164
2,4338,225,145.889570552147
2,4339,-92,-231.491803278689
2,4340,-188,-154.0078125
2,4341,41,-110.316455696203
2,4342,50,7.15151515151515
3,1,243,135.215384615385
3,2,-274,-185.676470588235
3,3,-128,-155.380952380952
3,4,2,-108.934210526316
3,5,-44,0.68359375
3,6,10,-46.5396226415094
3,7,8,-20.0909090909091
3,8,6,0.68359375
3,9,39,110.557692307692
3,10,16,257.010752688172
3,11,-36,45.6
3,12,-5,-18.3432343234323
3,13,-36,0.68359375
3,14,-28,-18.3432343234323
3,15,20,-18.3432343234323
3,16,-40,-20.0909090909091
3,17,-6,-18.3432343234323
3,18,0,0.68359375
3,19,-1,0.68359375
3,20,1,0.68359375
3,21,-1,0.68359375
3,22,14,0.68359375
3,23,73,73.0970873786408
3,24,131,108.439024390244
3,25,288,-76
3,26,-278,-234.622807017544
3,27,-140,-155.380952380952
3,28,29,-108.934210526316
3,29,25,24.5529411764706
3,30,39,-20.0909090909091
3,31,-27,-20.0909090909091
3,32,32,-18.3432343234323
3,33,93,95.703125
3,34,214,257.010752688172
3,35,-74,-114.487179487179
3,36,-91,-155.380952380952
3,37,-90,-108.934210526316
3,38,-66,-46.5396226415094
3,39,-41,-46.5396226415094
3,40,-66,-46.5396226415094
3,41,-25,-46.5396226415094
3,42,-30,-18.3432343234323
3,43,2,-18.3432343234323
3,44,-7,0.68359375
3,45,-4,0.68359375
3,46,18,0.68359375
3,47,52,95.703125
3,48,104,124.6
3,49,242,177.447674418605
3,50,-205,-114.487179487179
3,51,-111,-155.380952380952
3,52,11,-108.934210526316
3,53,40,24.5529411764706
3,54,0,-20.0909090909091
3,55,-25,0.68359375
3,56,9,-18.3432343234323
3,57,95,95.703125
3,58,99,257.010752688172
3,59,-31,-76
3,60,-95,-18.3432343234323
3,61,-70,-46.5396226415094
3,62,-34,-46.5396226415094
3,63,-37,-18.3432343234323
3,64,0,-18.3432343234323
3,65,-21,0.68359375
3,66,6,-18.3432343234323
3,67,-12,0.68359375
3,68,-18,0.68359375
3,69,-17,-18.3432343234323
3,70,1,-18.3432343234323
3,71,1,0.68359375
3,72,19,0.68359375
3,73,68,45.6
3,74,-11,135.215384615385
3,75,68,0.68359375
3,76,29,95.65625
3,77,41,45.6
3,78,1,24.5529411764706
3,79,11,0.68359375
3,80,-5,-20.0909090909091
3,81,-20,0.68359375
3,82,-62,-18.3432343234323
3,83,-1,-46.5396226415094
3,84,-41,0.68359375
3,85,1,-46.5396226415094
3,86,-34,0.68359375
3,87,-3,-18.3432343234323
3,88,10,0.68359375
3,89,-17,95.703125
3,90,-17,-18.3432343234323
3,91,1,-18.3432343234323
3,92,-18,0.68359375
3,93,-19,-18.3432343234323
3,94,-1,-18.3432343234323
3,95,3,0.68359375
3,96,9,0.68359375
3,97,19,73.0970873786408
3,98,54,45.6
3,99,36,124.6
3,100,39,73.0970873786408
3,101,69,24.5529411764706
3,102,-10,24.5529411764706
3,103,-36,0.68359375
3,104,18,-18.3432343234323
3,105,-1,-20.0909090909091
3,106,-59,0.68359375
3,107,-26,-46.5396226415094
3,108,-10,-18.3432343234323
3,109,-15,0.68359375
3,110,-23,-18.3432343234323
3,111,-12,-18.3432343234323
3,112,-31,0.68359375
3,113,-4,-18.3432343234323
3,114,-5,0.68359375
3,115,-3,0.68359375
3,116,-14,0.68359375
3,117,5,0.68359375
3,118,-2,0.68359375
3,119,7,0.68359375
3,120,20,0.68359375
3,121,45,45.6
3,122,18,108.439024390244
3,123,30,73.0970873786408
3,124,53,45.6
3,125,6,-20.0909090909091
3,126,43,0.68359375
3,127,-47,-20.0909090909091
3,128,11,-46.5396226415094
3,129,-12,-20.0909090909091
3,130,13,0.68359375
3,131,-12,-20.0909090909091
3,132,-37,0.68359375
3,133,-54,-18.3432343234323
3,134,-41,-46.5396226415094
3,135,-6,-46.5396226415094
3,136,-15,0.68359375
3,137,-16,-18.3432343234323
3,138,-10,-18.3432343234323
3,139,10,0.68359375
3,140,-10,73.0970873786408
3,141,11,0.68359375
3,142,44,45.6
3,143,69,66.4761904761905
3,144,-33,135.215384615385
3,145,-25,-18.3432343234323
3,146,-6,-18.3432343234323
3,147,13,0.68359375
3,148,11,24.5529411764706
3,149,17,-20.0909090909091
3,150,29,-20.0909090909091
3,151,-3,73.0970873786408
3,152,90,0.68359375
3,153,243,24.5529411764706
3,154,1,-76
3,155,-155,-155.380952380952
3,156,-128,-108.934210526316
3,157,0,-85.75
3,158,-90,0.68359375
3,159,-29,-46.5396226415094
3,160,-44,-18.3432343234323
3,161,-7,-46.5396226415094
3,162,-8,46
3,163,2,0.68359375
3,164,-3,0.68359375
3,165,28,0.68359375
3,166,59,73.0970873786408
3,167,175,124.6
3,168,226,135.215384615385
3,169,-287,-185.676470588235
3,170,-109,-155.380952380952
3,171,21,-108.934210526316
3,172,47,24.5529411764706
3,173,-31,-20.0909090909091
3,174,-25,-18.3432343234323
3,175,25,-18.3432343234323
3,176,46,95.703125
3,177,170,257.010752688172
3,178,9,-114.487179487179
3,179,-99,-106.853448275862
3,180,-91,-46.5396226415094
3,181,-41,-46.5396226415094
3,182,-46,-46.5396226415094
3,183,-40,-46.5396226415094
3,184,-22,-18.3432343234323
3,185,-11,-18.3432343234323
3,186,-2,46
3,187,1,0.68359375
3,188,-3,0.68359375
3,189,18,0.68359375
3,190,67,73.0970873786408
3,191,120,135.215384615385
3,192,217,135.215384615385
3,193,-213,-234.622807017544
3,194,-102,-155.380952380952
3,195,-9,-108.934210526316
3,196,12,0.68359375
3,197,13,-20.0909090909091
3,198,-5,-20.0909090909091
3,199,8,0.68359375
3,200,66,110.557692307692
3,201,192,174
3,202,-24,68.1666666666667
3,203,-127,-106.853448275862
3,204,-43,-46.5396226415094
3,205,-70,-46.5396226415094
3,206,-31,-46.5396226415094
3,207,-34,-18.3432343234323
3,208,-29,-18.3432343234323
3,209,-12,-18.3432343234323
3,210,-4,46
3,211,-7,0.68359375
3,212,-1,0.68359375
3,213,16,0.68359375
3,214,49,73.0970873786408
3,215,117,124.6
3,216,240,135.215384615385
3,217,-162,-185.676470588235
3,218,-166,-155.380952380952
3,219,26,-108.934210526316
3,220,1,24.5529411764706
3,221,32,0.68359375
3,222,-41,-20.0909090909091
3,223,41,-46.5396226415094
3,224,18,95.703125
3,225,175,197.245614035088
3,226,-48,-114.487179487179
3,227,-109,-106.853448275862
3,228,-50,-46.5396226415094
3,229,-38,-46.5396226415094
3,230,-32,-18.3432343234323
3,231,-34,-18.3432343234323
3,232,-14,-18.3432343234323
3,233,-1,0.68359375
3,234,3,46
3,235,-13,0.68359375
3,236,-12,0.68359375
3,237,1,0.68359375
3,238,-1,0.68359375
3,239,12,0.68359375
3,240,12,24.5529411764706
3,241,17,45.6
3,242,3,73.0970873786408
3,243,18,0.68359375
3,244,4,45.6
3,245,9,0.68359375
3,246,19,24.5529411764706
3,247,24,-20.0909090909091
3,248,-1,-20.0909090909091
3,249,-12,0.68359375
3,250,4,0.68359375
3,251,-25,0.68359375
3,252,-18,-18.3432343234323
3,253,2,-18.3432343234323
3,254,-10,0.68359375
3,255,-7,0.68359375
3,256,0,0.68359375
3,257,-2,0.68359375
3,258,-3,0.68359375
3,259,-26,0.68359375
3,260,-19,-18.3432343234323
3,261,1,-18.3432343234323
3,262,1,0.68359375
3,263,9,0.68359375
3,264,19,45.6
3,265,31,45.6
3,266,66,73.0970873786408
3,267,4,95.65625
3,268,52,0.68359375
3,269,14,24.5529411764706
3,270,-17,24.5529411764706
3,271,-6,-18.3432343234323
3,272,-21,0.68359375
3,273,-47,-18.3432343234323
3,274,13,-46.5396226415094
3,275,-32,24.5529411764706
3,276,-15,-18.3432343234323
3,277,-30,-18.3432343234323
3,278,14,-18.3432343234323
3,279,-21,73.0970873786408
3,280,-18,-18.3432343234323
3,281,-15,-18.3432343234323
3,282,-2,-18.3432343234323
3,283,-1,0.68359375
3,284,0,0.68359375
3,285,18,0.68359375
3,286,23,73.0970873786408
3,287,80,73.0970873786408
3,288,150,135.215384615385
3,289,-61,-76
3,290,-62,-106.853448275862
3,291,-87,-46.5396226415094
3,292,0,-46.5396226415094
3,293,-25,0.68359375
3,294,24,-18.3432343234323
3,295,13,-20.0909090909091
3,296,48,95.703125
3,297,154,124.6
3,298,6,130.6875
3,299,-62,-106.853448275862
3,300,-51,-46.5396226415094
3,301,-49,-46.5396226415094
3,302,-52,-46.5396226415094
3,303,-31,-46.5396226415094
3,304,-12,-18.3432343234323
3,305,-16,0.68359375
3,306,-1,-18.3432343234323
3,307,-5,0.68359375
3,308,-1,0.68359375
3,309,24,0.68359375
3,310,63,73.0970873786408
3,311,143,135.215384615385
3,312,258,135.215384615385
3,313,-235,-185.676470588235
3,314,-139,-155.380952380952
3,315,37,-108.934210526316
3,316,22,24.5529411764706
3,317,28,-20.0909090909091
3,318,-30,-20.0909090909091
3,319,35,-18.3432343234323
3,320,70,95.703125
3,321,237,257.010752688172
3,322,-92,-114.487179487179
3,323,-92,-155.380952380952
3,324,-102,-108.934210526316
3,325,-57,-85.75
3,326,-47,-46.5396226415094
3,327,-26,-46.5396226415094
3,328,-68,-18.3432343234323
3,329,-18,-46.5396226415094
3,330,-7,-18.3432343234323
3,331,-5,0.68359375
3,332,3,0.68359375
3,333,29,0.68359375
3,334,55,73.0970873786408
3,335,169,124.6
3,336,256,135.215384615385
3,337,-277,-185.676470588235
3,338,-95,-155.380952380952
3,339,16,-108.934210526316
3,340,36,24.5529411764706
3,341,19,-20.0909090909091
3,342,-52,-20.0909090909091
3,343,-5,-46.5396226415094
3,344,91,110.557692307692
3,345,224,257.010752688172
3,346,-31,-76
3,347,-123,-155.380952380952
3,348,-81,-108.934210526316
3,349,-50,-46.5396226415094
3,350,-72,-46.5396226415094
3,351,-47,-46.5396226415094
3,352,-41,-46.5396226415094
3,353,-4,-46.5396226415094
3,354,-14,46
3,355,-1,0.68359375
3,356,-3,0.68359375
3,357,25,0.68359375
3,358,60,73.0970873786408
3,359,151,124.6
3,360,291,-114.487179487179
3,361,-256,-185.676470588235
3,362,-166,-155.380952380952
3,363,3,-108.934210526316
3,364,54,0.68359375
3,365,8,-20.0909090909091
3,366,-45,0.68359375
3,367,36,-46.5396226415094
3,368,60,95.703125
3,369,189,257.010752688172
3,370,-7,-114.487179487179
3,371,-93,-106.853448275862
3,372,-89,-46.5396226415094
3,373,-32,-46.5396226415094
3,374,-50,-18.3432343234323
3,375,-51,-46.5396226415094
3,376,-53,-46.5396226415094
3,377,-9,-46.5396226415094
3,378,-16,46
3,379,-5,-18.3432343234323
3,380,-4,0.68359375
3,381,20,0.68359375
3,382,48,73.0970873786408
3,383,62,124.6
3,384,86,135.215384615385
3,385,-113,95.65625
3,386,19,-46.5396226415094
3,387,-21,24.5529411764706
3,388,75,-18.3432343234323
3,389,21,-20.0909090909091
3,390,-25,-20.0909090909091
3,391,21,-18.3432343234323
3,392,70,95.703125
3,393,155,108.439024390244
3,394,-39,68.1666666666667
3,395,-132,-106.853448275862
3,396,-92,-46.5396226415094
3,397,-24,-46.5396226415094
3,398,-16,-18.3432343234323
3,399,-33,-18.3432343234323
3,400,-17,-18.3432343234323
3,401,-11,-18.3432343234323
3,402,-17,46
3,403,-24,-18.3432343234323
3,404,-9,-18.3432343234323
3,405,2,0.68359375
3,406,5,0.68359375
3,407,16,0.68359375
3,408,60,73.0970873786408
3,409,67,124.6
3,410,33,130.6875
3,411,105,73.0970873786408
3,412,18,-38.4
3,413,59,24.5529411764706
3,414,-11,-20.0909090909091
3,415,48,0.68359375
3,416,-3,-20.0909090909091
3,417,-117,0.68359375
3,418,-49,-46.5396226415094
3,419,-35,-46.5396226415094
3,420,-86,-18.3432343234323
3,421,7,-46.5396226415094
3,422,-24,0.68359375
3,423,-18,-18.3432343234323
3,424,11,-18.3432343234323
3,425,-23,-15.6
3,426,-22,-18.3432343234323
3,427,-30,-18.3432343234323
3,428,-16,-18.3432343234323
3,429,2,-18.3432343234323
3,430,-2,0.68359375
3,431,7,0.68359375
3,432,58,0.68359375
3,433,41,124.6
3,434,80,73.0970873786408
3,435,64,95.65625
3,436,33,108.439024390244
3,437,28,24.5529411764706
3,438,-36,24.5529411764706
3,439,30,-18.3432343234323
3,440,12,-20.0909090909091
3,441,-88,-20.0909090909091
3,442,-66,-46.5396226415094
3,443,-9,-46.5396226415094
3,444,-48,0.68359375
3,445,-42,-46.5396226415094
3,446,-5,-46.5396226415094
3,447,-39,0.68359375
3,448,-15,-18.3432343234323
3,449,-1,-18.3432343234323
3,450,-2,0.68359375
3,451,-3,0.68359375
3,452,1,0.68359375
3,453,21,0.68359375
3,454,54,73.0970873786408
3,455,145,124.6
3,456,268,17.5
3,457,-295,-185.676470588235
3,458,-113,-155.380952380952
3,459,14,-108.934210526316
3,460,35,24.5529411764706
3,461,-2,-20.0909090909091
3,462,-17,0.68359375
3,463,23,-18.3432343234323
3,464,83,95.703125
3,465,217,257.010752688172
3,466,-28,-76
3,467,-104,-155.380952380952
3,468,-125,-108.934210526316
3,469,-19,-46.5396226415094
3,470,-68,-18.3432343234323
3,471,-42,-46.5396226415094
3,472,-37,-46.5396226415094
3,473,-7,-18.3432343234323
3,474,-6,46
3,475,0,0.68359375
3,476,-1,0.68359375
3,477,21,0.68359375
3,478,82,73.0970873786408
3,479,175,177.447674418605
3,480,233,135.215384615385
3,481,-251,-234.622807017544
3,482,-117,-155.380952380952
3,483,-5,-108.934210526316
3,484,55,0.68359375
3,485,4,-20.0909090909091
3,486,-38,0.68359375
3,487,17,-18.3432343234323
3,488,130,95.703125
3,489,252,174
3,490,-57,-69.0952380952381
3,491,-174,-155.380952380952
3,492,-90,-108.934210526316
3,493,-73,-85.75
3,494,-36,-46.5396226415094
3,495,-66,-18.3432343234323
3,496,-32,-46.5396226415094
3,497,-27,-18.3432343234323
3,498,3,-18.3432343234323
3,499,-4,0.68359375
3,500,-2,0.68359375
3,501,17,0.68359375
3,502,49,95.703125
3,503,141,124.6
3,504,312,177.447674418605
3,505,-244,-185.676470588235
3,506,-143,-155.380952380952
3,507,10,-108.934210526316
3,508,36,24.5529411764706
3,509,7,-20.0909090909091
3,510,6,0.68359375
3,511,2,0.68359375
3,512,89,110.557692307692
3,513,256,257.010752688172
3,514,-13,-76
3,515,-191,-155.380952380952
3,516,-71,-108.934210526316
3,517,-31,-85.75
3,518,-93,-18.3432343234323
3,519,-43,-46.5396226415094
3,520,-66,-46.5396226415094
3,521,-14,-46.5396226415094
3,522,-8,46
3,523,-7,0.68359375
3,524,-1,0.68359375
3,525,18,0.68359375
3,526,55,73.0970873786408
3,527,131,124.6
3,528,240,135.215384615385
3,529,-217,-185.676470588235
3,530,-150,-155.380952380952
3,531,27,-108.934210526316
3,532,43,24.5529411764706
3,533,-11,-20.0909090909091
3,534,4,0.68359375
3,535,33,0.68359375
3,536,55,95.703125
3,537,221,257.010752688172
3,538,-40,-114.487179487179
3,539,-83,-155.380952380952
3,540,-114,-108.934210526316
3,541,-65,-46.5396226415094
3,542,-39,-46.5396226415094
3,543,-48,-18.3432343234323
3,544,-23,-46.5396226415094
3,545,-16,-18.3432343234323
3,546,-16,-18.3432343234323
3,547,-2,-18.3432343234323
3,548,-2,0.68359375
3,549,15,0.68359375
3,550,71,73.0970873786408
3,551,138,177.447674418605
3,552,215,135.215384615385
3,553,-171,-234.622807017544
3,554,-141,-155.380952380952
3,555,35,-108.934210526316
3,556,52,24.5529411764706
3,557,-18,-20.0909090909091
3,558,-28,-18.3432343234323
3,559,46,-18.3432343234323
3,560,95,66.4761904761905
3,561,177,197.245614035088
3,562,-103,-114.487179487179
3,563,-118,-106.853448275862
3,564,-104,-46.5396226415094
3,565,-29,-46.5396226415094
3,566,-15,-18.3432343234323
3,567,-42,-18.3432343234323
3,568,9,-46.5396226415094
3,569,-43,95.703125
3,570,1,-46.5396226415094
3,571,-26,0.68359375
3,572,-12,-18.3432343234323
3,573,-2,0.68359375
3,574,1,0.68359375
3,575,23,0.68359375
3,576,62,73.0970873786408
3,577,67,108.439024390244
3,578,67,177.447674418605
3,579,46,95.65625
3,580,30,108.439024390244
3,581,2,24.5529411764706
3,582,-26,0.68359375
3,583,29,-18.3432343234323
3,584,-162,-20.0909090909091
3,585,-76,-46.5396226415094
3,586,-3,9.37037037037037
3,587,16,0.68359375
3,588,-3,-20.0909090909091
3,589,1,0.68359375
3,590,17,0.68359375
3,591,-25,95.703125
3,592,-9,-18.3432343234323
3,593,-10,0.68359375
3,594,12,0.68359375
3,595,-46,-20.0909090909091
3,596,-8,-46.5396226415094
3,597,-5,0.68359375
3,598,0,0.68359375
3,599,12,0.68359375
3,600,46,73.0970873786408
3,601,30,108.439024390244
3,602,56,73.0970873786408
3,603,34,66.4761904761905
3,604,66,45.6
3,605,26,24.5529411764706
3,606,-31,24.5529411764706
3,607,29,-18.3432343234323
3,608,24,-20.0909090909091
3,609,10,-20.0909090909091
3,610,-125,-20.0909090909091
3,611,-112,-46.5396226415094
3,612,-19,-46.5396226415094
3,613,16,-18.3432343234323
3,614,125,24.5529411764706
3,615,-149,17.5
3,616,-21,-106.853448275862
3,617,-15,-18.3432343234323
3,618,-3,-18.3432343234323
3,619,-1,0.68359375
3,620,15,0.68359375
3,621,55,-20.0909090909091
3,622,162,124.6
3,623,210,197.245614035088
3,624,-167,-185.676470588235
3,625,-161,-155.380952380952
3,626,0,-108.934210526316
3,627,34,0.68359375
3,628,-9,-20.0909090909091
3,629,-1,0.68359375
3,630,31,0.68359375
3,631,57,95.703125
3,632,202,197.245614035088
3,633,7,-114.487179487179
3,634,-146,-155.380952380952
3,635,-90,-46.5396226415094
3,636,-47,-46.5396226415094
3,637,-67,-46.5396226415094
3,638,-41,-46.5396226415094
3,639,-23,-46.5396226415094
3,640,-9,-18.3432343234323
3,641,-10,46
3,642,-2,0.68359375
3,643,1,0.68359375
3,644,12,0.68359375
3,645,85,73.0970873786408
3,646,199,177.447674418605
3,647,230,135.215384615385
3,648,-240,-234.622807017544
3,649,-173,-155.380952380952
3,650,13,-108.934210526316
3,651,43,24.5529411764706
3,652,12,-20.0909090909091
3,653,-46,-20.0909090909091
3,654,8,-46.5396226415094
3,655,130,110.557692307692
3,656,233,257.010752688172
3,657,9,-69.0952380952381
3,658,-180,-155.380952380952
3,659,-126,-108.934210526316
3,660,-22,-85.75
3,661,-72,-18.3432343234323
3,662,-67,-46.5396226415094
3,663,-28,-46.5396226415094
3,664,-13,-18.3432343234323
3,665,-9,46
3,666,0,0.68359375
3,667,0,0.68359375
3,668,19,0.68359375
3,669,78,95.703125
3,670,183,177.447674418605
3,671,227,135.215384615385
3,672,-255,-234.622807017544
3,673,-145,-155.380952380952
3,674,-6,-108.934210526316
3,675,36,0.68359375
3,676,-12,-20.0909090909091
3,677,-18,0.68359375
3,678,-54,-18.3432343234323
3,679,21,-46.5396226415094
3,680,80,174
3,681,12,24.5529411764706
3,682,-6,45.6
3,683,-36,0.68359375
3,684,4,-18.3432343234323
3,685,-31,0.68359375
3,686,-38,-18.3432343234323
3,687,-34,-18.3432343234323
3,688,-14,-18.3432343234323
3,689,-10,0.68359375
3,690,2,0.68359375
3,691,-3,0.68359375
3,692,17,0.68359375
3,693,58,73.0970873786408
3,694,191,124.6
3,695,217,135.215384615385
3,696,-246,-185.676470588235
3,697,-141,-155.380952380952
3,698,2,-108.934210526316
3,699,59,0.68359375
3,700,-4,-20.0909090909091
3,701,-10,0.68359375
3,702,-10,0.68359375
3,703,104,110.557692307692
3,704,161,257.010752688172
3,705,18,-76
3,706,-122,-106.853448275862
3,707,-96,-46.5396226415094
3,708,-22,-46.5396226415094
3,709,-70,-18.3432343234323
3,710,-23,-46.5396226415094
3,711,-41,-18.3432343234323
3,712,-30,-46.5396226415094
3,713,3,-18.3432343234323
3,714,-11,0.68359375
3,715,-3,0.68359375
3,716,15,0.68359375
3,717,47,73.0970873786408
3,718,166,124.6
3,719,218,177.447674418605
3,720,-173,-185.676470588235
3,721,-151,-155.380952380952
3,722,29,-108.934210526316
3,723,23,24.5529411764706
3,724,16,-20.0909090909091
3,725,-46,-20.0909090909091
3,726,45,-46.5396226415094
3,727,77,66.4761904761905
3,728,128,197.245614035088
3,729,-37,-114.487179487179
3,730,-97,-106.853448275862
3,731,-111,-46.5396226415094
3,732,-29,-46.5396226415094
3,733,-9,-18.3432343234323
3,734,-48,0.68359375
3,735,-12,-46.5396226415094
3,736,-8,0.68359375
3,737,-19,46
3,738,-17,-18.3432343234323
3,739,-5,-18.3432343234323
3,740,-2,0.68359375
3,741,7,0.68359375
3,742,10,0.68359375
3,743,59,73.0970873786408
3,744,12,124.6
3,745,76,73.0970873786408
3,746,17,108.439024390244
3,747,38,24.5529411764706
3,748,14,24.5529411764706
3,749,8,-20.0909090909091
3,750,-119,0.68359375
3,751,22,-46.5396226415094
3,752,-2,-20.0909090909091
3,753,-36,0.68359375
3,754,-21,-18.3432343234323
3,755,-24,-18.3432343234323
3,756,-15,-18.3432343234323
3,757,-2,-18.3432343234323
3,758,-26,0.68359375
3,759,1,-18.3432343234323
3,760,3,0.68359375
3,761,3,0.68359375
3,762,-13,0.68359375
3,763,-13,0.68359375
3,764,2,0.68359375
3,765,-1,0.68359375
3,766,16,0.68359375
3,767,8,24.5529411764706
3,768,37,0.68359375
3,769,28,73.0970873786408
3,770,33,73.0970873786408
3,771,16,45.6
3,772,-2,24.5529411764706
3,773,-27,0.68359375
3,774,44,-18.3432343234323
3,775,9,-20.0909090909091
3,776,-77,-20.0909090909091
3,777,9,-46.5396226415094
3,778,-16,-20.0909090909091
3,779,-23,-18.3432343234323
3,780,-21,-18.3432343234323
3,781,-8,-18.3432343234323
3,782,-5,0.68359375
3,783,-14,0.68359375
3,784,-3,0.68359375
3,785,-2,0.68359375
3,786,-3,0.68359375
3,787,1,0.68359375
3,788,15,0.68359375
3,789,55,45.6
3,790,123,124.6
3,791,222,17.5
3,792,-212,-185.676470588235
3,793,-134,-155.380952380952
3,794,19,-108.934210526316
3,795,28,24.5529411764706
3,796,22,-20.0909090909091
3,797,-5,-20.0909090909091
3,798,20,0.68359375
3,799,56,95.703125
3,800,196,257.010752688172
3,801,-2,17.5
3,802,-142,-106.853448275862
3,803,-49,-46.5396226415094
3,804,-67,-46.5396226415094
3,805,-45,-46.5396226415094
3,806,-66,-46.5396226415094
3,807,-22,-46.5396226415094
3,808,-8,-18.3432343234323
3,809,-3,46
3,810,0,0.68359375
3,811,-1,0.68359375
3,812,20,0.68359375
3,813,68,95.703125
3,814,190,135.215384615385
3,815,233,135.215384615385
3,816,-251,-234.622807017544
3,817,-164,-155.380952380952
3,818,14,-108.934210526316
3,819,60,24.5529411764706
3,820,1,-20.0909090909091
3,821,-49,0.68359375
3,822,21,-46.5396226415094
3,823,121,95.703125
3,824,257,257.010752688172
3,825,-117,-69.0952380952381
3,826,-125,-155.380952380952
3,827,-97,-108.934210526316
3,828,-75,-85.75
3,829,-32,-46.5396226415094
3,830,-20,-18.3432343234323
3,831,-35,-18.3432343234323
3,832,-17,-18.3432343234323
3,833,-1,-18.3432343234323
3,834,-1,0.68359375
3,835,-2,0.68359375
3,836,24,0.68359375
3,837,70,73.0970873786408
3,838,226,177.447674418605
3,839,194,135.215384615385
3,840,-284,-234.622807017544
3,841,-111,-106.853448275862
3,842,18,9.37037037037037
3,843,25,24.5529411764706
3,844,7,-20.0909090909091
3,845,-36,0.68359375
3,846,37,-18.3432343234323
3,847,60,95.703125
3,848,256,257.010752688172
3,849,-19,-114.487179487179
3,850,-157,-155.380952380952
3,851,-100,-108.934210526316
3,852,-33,-85.75
3,853,-71,-18.3432343234323
3,854,-49,-46.5396226415094
3,855,-35,-46.5396226415094
3,856,-18,-18.3432343234323
3,857,2,-18.3432343234323
3,858,-6,0.68359375
3,859,2,0.68359375
3,860,17,0.68359375
3,861,67,73.0970873786408
3,862,201,177.447674418605
3,863,210,135.215384615385
3,864,-296,-234.622807017544
3,865,-158,-155.380952380952
3,866,27,-108.934210526316
3,867,-26,24.5529411764706
3,868,19,-18.3432343234323
3,869,-33,-20.0909090909091
3,870,22,-18.3432343234323
3,871,65,95.703125
3,872,171,257.010752688172
3,873,64,108.4
3,874,-95,-106.853448275862
3,875,-42,-46.5396226415094
3,876,-71,-46.5396226415094
3,877,-34,-46.5396226415094
3,878,-38,-18.3432343234323
3,879,-39,-18.3432343234323
3,880,-16,-18.3432343234323
3,881,-6,-18.3432343234323
3,882,-11,0.68359375
3,883,0,0.68359375
3,884,15,0.68359375
3,885,55,73.0970873786408
3,886,155,124.6
3,887,294,135.215384615385
3,888,-237,-185.676470588235
3,889,-167,-155.380952380952
3,890,26,-108.934210526316
3,891,56,24.5529411764706
3,892,7,-20.0909090909091
3,893,-35,0.68359375
3,894,51,-18.3432343234323
3,895,86,66.4761904761905
3,896,158,257.010752688172
3,897,-88,-114.487179487179
3,898,-95,-106.853448275862
3,899,-111,-46.5396226415094
3,900,-42,-46.5396226415094
3,901,-22,-46.5396226415094
3,902,-25,-18.3432343234323
3,903,4,-18.3432343234323
3,904,-41,0.68359375
3,905,0,-46.5396226415094
3,906,-27,0.68359375
3,907,-11,-18.3432343234323
3,908,-6,0.68359375
3,909,8,0.68359375
3,910,32,0.68359375
3,911,61,73.0970873786408
3,912,36,108.439024390244
3,913,67,73.0970873786408
3,914,81,95.65625
3,915,83,24.5529411764706
3,916,15,24.5529411764706
3,917,43,-20.0909090909091
3,918,72,-20.0909090909091
3,919,-95,-20.0909090909091
3,920,-40,-46.5396226415094
3,921,-118,-18.3432343234323
3,922,-58,-46.5396226415094
3,923,-40,-46.5396226415094
3,924,-34,-18.3432343234323
3,925,4,-18.3432343234323
3,926,-44,0.68359375
3,927,0,-46.5396226415094
3,928,-2,0.68359375
3,929,-24,0.68359375
3,930,-33,-18.3432343234323
3,931,-12,-18.3432343234323
3,932,-1,0.68359375
3,933,3,0.68359375
3,934,9,0.68359375
3,935,42,45.6
3,936,37,73.0970873786408
3,937,98,73.0970873786408
3,938,35,95.65625
3,939,29,24.5529411764706
3,940,6,24.5529411764706
3,941,-24,0.68359375
3,942,16,-18.3432343234323
3,943,-41,-20.0909090909091
3,944,-55,-46.5396226415094
3,945,10,-46.5396226415094
3,946,-48,-20.0909090909091
3,947,-16,-46.5396226415094
3,948,-67,-18.3432343234323
3,949,19,-46.5396226415094
3,950,-20,73.0970873786408
3,951,6,-18.3432343234323
3,952,-26,0.68359375
3,953,5,-18.3432343234323
3,954,-12,0.68359375
3,955,-2,0.68359375
3,956,4,0.68359375
3,957,34,0.68359375
3,958,76,45.6
3,959,-10,177.447674418605
3,960,33,0.68359375
3,961,65,73.0970873786408
3,962,73,24.5529411764706
3,963,31,24.5529411764706
3,964,-49,24.5529411764706
3,965,26,-46.5396226415094
3,966,-9,73.0970873786408
3,967,-27,0.68359375
3,968,-11,-18.3432343234323
3,969,-70,0.68359375
3,970,-46,-46.5396226415094
3,971,-28,-46.5396226415094
3,972,-36,-18.3432343234323
3,973,-36,-18.3432343234323
3,974,-14,-18.3432343234323
3,975,-5,0.68359375
3,976,-4,0.68359375
3,977,-1,0.68359375
3,978,13,0.68359375
3,979,71,73.0970873786408
3,980,193,177.447674418605
3,981,185,135.215384615385
3,982,-247,-234.622807017544
3,983,-132,-106.853448275862
3,984,1,9.37037037037037
3,985,77,0.68359375
3,986,-32,-20.0909090909091
3,987,-7,-18.3432343234323
3,988,36,0.68359375
3,989,94,95.703125
3,990,178,257.010752688172
3,991,-7,-114.487179487179
3,992,-121,-106.853448275862
3,993,-77,-46.5396226415094
3,994,-73,-46.5396226415094
3,995,-54,-46.5396226415094
3,996,-53,-46.5396226415094
3,997,-23,-46.5396226415094
3,998,-17,-18.3432343234323
3,999,-1,-18.3432343234323
3,1000,-2,0.68359375
3,1001,-2,0.68359375
3,1002,28,0.68359375
3,1003,60,73.0970873786408
3,1004,212,124.6
3,1005,274,135.215384615385
3,1006,-324,-185.676470588235
3,1007,-113,-155.380952380952
3,1008,32,-108.934210526316
3,1009,36,24.5529411764706
3,1010,-17,-20.0909090909091
3,1011,-13,-18.3432343234323
3,1012,18,0.68359375
3,1013,103,95.703125
3,1014,231,257.010752688172
3,1015,-4,-76
3,1016,-198,-155.380952380952
3,1017,-53,-108.934210526316
3,1018,-35,-85.75
3,1019,-92,-18.3432343234323
3,1020,-85,-46.5396226415094
3,1021,-20,-46.5396226415094
3,1022,-27,-18.3432343234323
3,1023,-6,110.557692307692
3,1024,-3,0.68359375
3,1025,-5,0.68359375
3,1026,31,0.68359375
3,1027,59,95.703125
3,1028,235,124.6
3,1029,234,177.447674418605
3,1030,-318,-185.676470588235
3,1031,-94,-155.380952380952
3,1032,34,-108.934210526316
3,1033,42,24.5529411764706
3,1034,-6,-20.0909090909091
3,1035,-26,0.68359375
3,1036,25,-18.3432343234323
3,1037,126,95.703125
3,1038,267,257.010752688172
3,1039,-88,-69.0952380952381
3,1040,-153,-155.380952380952
3,1041,-100,-108.934210526316
3,1042,-47,-85.75
3,1043,-85,-46.5396226415094
3,1044,-52,-46.5396226415094
3,1045,-39,-46.5396226415094
3,1046,-28,-18.3432343234323
3,1047,-13,-18.3432343234323
3,1048,0,0.68359375
3,1049,-3,0.68359375
3,1050,24,0.68359375
3,1051,56,73.0970873786408
3,1052,190,124.6
3,1053,197,177.447674418605
3,1054,-225,-185.676470588235
3,1055,-103,-106.853448275862
3,1056,22,9.37037037037037
3,1057,65,24.5529411764706
3,1058,-45,-20.0909090909091
3,1059,-152,-46.5396226415094
3,1060,63,-46.5396226415094
3,1061,84,10.25
3,1062,78,257.010752688172
3,1063,44,24.5529411764706
3,1064,-67,-20.0909090909091
3,1065,-66,-46.5396226415094
3,1066,-15,-46.5396226415094
3,1067,-46,-18.3432343234323
3,1068,-20,-46.5396226415094
3,1069,-25,-18.3432343234323
3,1070,-15,-18.3432343234323
3,1071,-8,-18.3432343234323
3,1072,-31,0.68359375
3,1073,-5,-18.3432343234323
3,1074,1,0.68359375
3,1075,10,0.68359375
3,1076,10,73.0970873786408
3,1077,70,73.0970873786408
3,1078,29,135.215384615385
3,1079,61,73.0970873786408
3,1080,27,108.439024390244
3,1081,48,24.5529411764706
3,1082,-32,24.5529411764706
3,1083,-10,-18.3432343234323
3,1084,16,0.68359375
3,1085,-37,-20.0909090909091
3,1086,-36,-18.3432343234323
3,1087,-26,-18.3432343234323
3,1088,16,-18.3432343234323
3,1089,-44,-15.6
3,1090,-20,-46.5396226415094
3,1091,-3,-18.3432343234323
3,1092,9,0.68359375
3,1093,-21,-15.6
3,1094,-15,-18.3432343234323
3,1095,-13,-18.3432343234323
3,1096,-21,0.68359375
3,1097,-15,-18.3432343234323
3,1098,-1,-18.3432343234323
3,1099,-3,0.68359375
3,1100,20,0.68359375
3,1101,37,73.0970873786408
3,1102,28,73.0970873786408
3,1103,101,73.0970873786408
3,1104,39,95.65625
3,1105,78,45.6
3,1106,20,24.5529411764706
3,1107,6,24.5529411764706
3,1108,22,0.68359375
3,1109,-14,-20.0909090909091
3,1110,-52,0.68359375
3,1111,-71,-46.5396226415094
3,1112,-73,-46.5396226415094
3,1113,-55,-46.5396226415094
3,1114,-5,-46.5396226415094
3,1115,-12,0.68359375
3,1116,-7,0.68359375
3,1117,-35,0.68359375
3,1118,-23,-18.3432343234323
3,1119,-2,-18.3432343234323
3,1120,-2,0.68359375
3,1121,-1,0.68359375
3,1122,15,0.68359375
3,1123,74,73.0970873786408
3,1124,190,177.447674418605
3,1125,248,177.447674418605
3,1126,-298,-234.622807017544
3,1127,-126,-155.380952380952
3,1128,-1,-108.934210526316
3,1129,74,0.68359375
3,1130,5,-20.0909090909091
3,1131,-24,0.68359375
3,1132,16,-18.3432343234323
3,1133,112,95.703125
3,1134,243,257.010752688172
3,1135,-2,-69.0952380952381
3,1136,-193,-155.380952380952
3,1137,-115,-108.934210526316
3,1138,-24,-85.75
3,1139,-103,-18.3432343234323
3,1140,-36,-46.5396226415094
3,1141,-46,-18.3432343234323
3,1142,-4,-46.5396226415094
3,1143,-3,46
3,1144,3,0.68359375
3,1145,-4,0.68359375
3,1146,19,0.68359375
3,1147,80,73.0970873786408
3,1148,224,177.447674418605
3,1149,234,-76
3,1150,-327,-234.622807017544
3,1151,-100,-155.380952380952
3,1152,31,-108.934210526316
3,1153,20,24.5529411764706
3,1154,7,-20.0909090909091
3,1155,-56,0.68359375
3,1156,32,-46.5396226415094
3,1157,121,95.703125
3,1158,243,257.010752688172
3,1159,-81,-69.0952380952381
3,1160,-143,-155.380952380952
3,1161,-102,-108.934210526316
3,1162,-16,-85.75
3,1163,-87,-18.3432343234323
3,1164,-36,-46.5396226415094
3,1165,-33,-18.3432343234323
3,1166,-26,-18.3432343234323
3,1167,-2,-18.3432343234323
3,1168,-2,0.68359375
3,1169,27,0.68359375
3,1170,75,95.703125
3,1171,149,177.447674418605
3,1172,-137,177.447674418605
3,1173,-78,-106.853448275862
3,1174,-28,-46.5396226415094
3,1175,0,-18.3432343234323
3,1176,60,0.68359375
3,1177,6,-20.0909090909091
3,1178,-20,0.68359375
3,1179,34,-18.3432343234323
3,1180,77,197.245614035088
3,1181,86,130.6875
3,1182,-61,24.5529411764706
3,1183,-90,-46.5396226415094
3,1184,-5,-46.5396226415094
3,1185,-58,0.68359375
3,1186,16,-46.5396226415094
3,1187,-22,-20.0909090909091
3,1188,-22,-18.3432343234323
3,1189,1,-18.3432343234323
3,1190,-6,0.68359375
3,1191,-3,0.68359375
3,1192,2,0.68359375
3,1193,13,0.68359375
3,1194,91,73.0970873786408
3,1195,195,135.215384615385
3,1196,290,-76
3,1197,-308,-234.622807017544
3,1198,-153,-155.380952380952
3,1199,35,-108.934210526316
3,1200,52,24.5529411764706
3,1201,-9,-20.0909090909091
3,1202,0,0.68359375
3,1203,12,0.68359375
3,1204,138,95.703125
3,1205,239,257.010752688172
3,1206,-75,-69.0952380952381
3,1207,-197,-155.380952380952
3,1208,-74,-108.934210526316
3,1209,-57,-85.75
3,1210,-71,-46.5396226415094
3,1211,-41,-46.5396226415094
3,1212,-39,-46.5396226415094
3,1213,-26,-18.3432343234323
3,1214,-14,110.557692307692
3,1215,-3,0.68359375
3,1216,-1,0.68359375
3,1217,22,0.68359375
3,1218,68,73.0970873786408
3,1219,170,177.447674418605
3,1220,287,177.447674418605
3,1221,-235,-234.622807017544
3,1222,-182,-155.380952380952
3,1223,62,-108.934210526316
3,1224,40,24.5529411764706
3,1225,-12,-20.0909090909091
3,1226,-17,0.68359375
3,1227,-127,-18.3432343234323
3,1228,-28,-46.5396226415094
3,1229,78,-18.3432343234323
3,1230,32,24.5529411764706
3,1231,14,-20.0909090909091
3,1232,-74,73.0970873786408
3,1233,1,-46.5396226415094
3,1234,-26,0.68359375
3,1235,-52,-18.3432343234323
3,1236,-1,-46.5396226415094
3,1237,22,0.68359375
3,1238,-6,-20.0909090909091
3,1239,-17,0.68359375
3,1240,-19,-18.3432343234323
3,1241,0,-18.3432343234323
3,1242,5,0.68359375
3,1243,9,0.68359375
3,1244,32,45.6
3,1245,46,-20.0909090909091
3,1246,74,124.6
3,1247,46,95.65625
3,1248,85,24.5529411764706
3,1249,40,24.5529411764706
3,1250,91,-20.0909090909091
3,1251,-31,-20.0909090909091
3,1252,68,-18.3432343234323
3,1253,-82,-20.0909090909091
3,1254,-82,-46.5396226415094
3,1255,-78,-46.5396226415094
3,1256,-76,-46.5396226415094
3,1257,5,-46.5396226415094
3,1258,-20,0.68359375
3,1259,-28,-18.3432343234323
3,1260,-34,-18.3432343234323
3,1261,4,-18.3432343234323
3,1262,4,0.68359375
3,1263,-54,0.68359375
3,1264,-12,-46.5396226415094
3,1265,-9,0.68359375
3,1266,0,0.68359375
3,1267,18,0.68359375
3,1268,43,24.5529411764706
3,1269,52,45.6
3,1270,74,124.6
3,1271,64,95.65625
3,1272,71,95.65625
3,1273,37,24.5529411764706
3,1274,-32,24.5529411764706
3,1275,2,-18.3432343234323
3,1276,-35,0.68359375
3,1277,-36,-18.3432343234323
3,1278,-79,-18.3432343234323
3,1279,-52,-46.5396226415094
3,1280,-44,-46.5396226415094
3,1281,-9,-46.5396226415094
3,1282,-17,0.68359375
3,1283,-36,-18.3432343234323
3,1284,-9,-18.3432343234323
3,1285,-11,0.68359375
3,1286,-2,0.68359375
3,1287,-3,0.68359375
3,1288,0,0.68359375
3,1289,17,0.68359375
3,1290,73,73.0970873786408
3,1291,169,135.215384615385
3,1292,168,135.215384615385
3,1293,-231,-234.622807017544
3,1294,-111,-106.853448275862
3,1295,17,9.37037037037037
3,1296,34,24.5529411764706
3,1297,-17,-20.0909090909091
3,1298,8,-18.3432343234323
3,1299,2,0.68359375
3,1300,80,110.557692307692
3,1301,177,257.010752688172
3,1302,-12,-76
3,1303,-149,-106.853448275862
3,1304,-47,-46.5396226415094
3,1305,-59,-46.5396226415094
3,1306,-42,-46.5396226415094
3,1307,-47,-46.5396226415094
3,1308,-23,-46.5396226415094
3,1309,-2,-18.3432343234323
3,1310,-2,46
3,1311,-3,0.68359375
3,1312,2,0.68359375
3,1313,22,0.68359375
3,1314,77,73.0970873786408
3,1315,173,177.447674418605
3,1316,226,-76
3,1317,-268,-234.622807017544
3,1318,-104,-155.380952380952
3,1319,1,-108.934210526316
3,1320,8,0.68359375
3,1321,26,0.68359375
3,1322,-28,-20.0909090909091
3,1323,30,-18.3432343234323
3,1324,84,95.703125
3,1325,196,257.010752688172
3,1326,11,-114.487179487179
3,1327,-170,-106.853448275862
3,1328,-100,-46.5396226415094
3,1329,-39,9.37037037037037
3,1330,-42,-18.3432343234323
3,1331,-52,-46.5396226415094
3,1332,-39,-46.5396226415094
3,1333,-10,-18.3432343234323
3,1334,-1,46
3,1335,-1,0.68359375
3,1336,0,0.68359375
3,1337,15,0.68359375
3,1338,90,73.0970873786408
3,1339,236,177.447674418605
3,1340,222,135.215384615385
3,1341,-302,-234.622807017544
3,1342,-117,-155.380952380952
3,1343,14,-108.934210526316
3,1344,54,24.5529411764706
3,1345,-10,-20.0909090909091
3,1346,-30,0.68359375
3,1347,34,-18.3432343234323
3,1348,79,95.703125
3,1349,324,257.010752688172
3,1350,-68,-114.487179487179
3,1351,-183,-155.380952380952
3,1352,-101,-108.934210526316
3,1353,-72,-85.75
3,1354,-29,-46.5396226415094
3,1355,-97,-18.3432343234323
3,1356,-16,-46.5396226415094
3,1357,-25,-18.3432343234323
3,1358,-10,-18.3432343234323
3,1359,-8,0.68359375
3,1360,-1,0.68359375
3,1361,27,0.68359375
3,1362,80,95.703125
3,1363,225,135.215384615385
3,1364,251,177.447674418605
3,1365,-284,-234.622807017544
3,1366,-163,-155.380952380952
3,1367,66,-108.934210526316
3,1368,47,24.5529411764706
3,1369,-18,-20.0909090909091
3,1370,-30,-18.3432343234323
3,1371,-18,-18.3432343234323
3,1372,157,110.557692307692
3,1373,255,257.010752688172
3,1374,-7,-69.0952380952381
3,1375,-174,-155.380952380952
3,1376,-114,-108.934210526316
3,1377,-69,-85.75
3,1378,-80,-46.5396226415094
3,1379,-59,-46.5396226415094
3,1380,-40,-46.5396226415094
3,1381,-28,-18.3432343234323
3,1382,-15,-18.3432343234323
3,1383,-4,-18.3432343234323
3,1384,-6,0.68359375
3,1385,28,0.68359375
3,1386,56,95.703125
3,1387,183,124.6
3,1388,233,177.447674418605
3,1389,-217,-185.676470588235
3,1390,-125,-155.380952380952
3,1391,28,-108.934210526316
3,1392,14,24.5529411764706
3,1393,23,-20.0909090909091
3,1394,-46,-20.0909090909091
3,1395,60,-46.5396226415094
3,1396,105,66.4761904761905
3,1397,223,257.010752688172
3,1398,-96,-38.4
3,1399,-226,-155.380952380952
3,1400,-85,-108.934210526316
3,1401,-18,9.37037037037037
3,1402,-34,-18.3432343234323
3,1403,-21,-18.3432343234323
3,1404,-9,-18.3432343234323
3,1405,-26,0.68359375
3,1406,-9,110.557692307692
3,1407,-26,0.68359375
3,1408,-12,-18.3432343234323
3,1409,6,0.68359375
3,1410,2,0.68359375
3,1411,28,0.68359375
3,1412,71,73.0970873786408
3,1413,37,130.6875
3,1414,75,73.0970873786408
3,1415,51,95.65625
3,1416,55,24.5529411764706
3,1417,28,-20.0909090909091
3,1418,22,24.5529411764706
3,1419,27,-20.0909090909091
3,1420,-16,-20.0909090909091
3,1421,-36,-18.3432343234323
3,1422,-57,-18.3432343234323
3,1423,-113,-46.5396226415094
3,1424,-63,-46.5396226415094
3,1425,-11,-46.5396226415094
3,1426,-10,0.68359375
3,1427,-17,0.68359375
3,1428,-14,-18.3432343234323
3,1429,-8,0.68359375
3,1430,5,0.68359375
3,1431,-44,0.68359375
3,1432,-15,-46.5396226415094
3,1433,3,-18.3432343234323
3,1434,7,0.68359375
3,1435,55,0.68359375
3,1436,18,124.6
3,1437,128,45.6
3,1438,81,10.25
3,1439,111,-69.0952380952381
3,1440,54,-38.4
3,1441,37,-106.853448275862
3,1442,-14,-20.0909090909091
3,1443,22,0.68359375
3,1444,-11,-20.0909090909091
3,1445,-109,0.68359375
3,1446,-131,-46.5396226415094
3,1447,-87,-46.5396226415094
3,1448,-24,-46.5396226415094
3,1449,-53,-18.3432343234323
3,1450,-42,-46.5396226415094
3,1451,-28,-46.5396226415094
3,1452,-14,-18.3432343234323
3,1453,-1,0.68359375
3,1454,-7,0.68359375
3,1455,1,0.68359375
3,1456,13,0.68359375
3,1457,72,73.0970873786408
3,1458,180,177.447674418605
3,1459,296,135.215384615385
3,1460,-283,-234.622807017544
3,1461,-144,-155.380952380952
3,1462,13,-108.934210526316
3,1463,71,24.5529411764706
3,1464,29,-20.0909090909091
3,1465,-29,-20.0909090909091
3,1466,12,-18.3432343234323
3,1467,99,95.703125
3,1468,312,257.010752688172
3,1469,68,-76
3,1470,-266,-155.380952380952
3,1471,-160,-108.934210526316
3,1472,-81,-85.75
3,1473,-72,9.37037037037037
3,1474,-70,-46.5396226415094
3,1475,-37,-46.5396226415094
3,1476,-10,-18.3432343234323
3,1477,-15,110.557692307692
3,1478,1,-18.3432343234323
3,1479,-1,0.68359375
3,1480,23,0.68359375
3,1481,89,95.703125
3,1482,195,177.447674418605
3,1483,285,135.215384615385
3,1484,-251,-234.622807017544
3,1485,-199,-155.380952380952
3,1486,76,-108.934210526316
3,1487,25,24.5529411764706
3,1488,-11,-20.0909090909091
3,1489,-21,0.68359375
3,1490,52,-18.3432343234323
3,1491,101,66.4761904761905
3,1492,311,257.010752688172
3,1493,58,-114.487179487179
3,1494,-255,-155.380952380952
3,1495,-128,-108.934210526316
3,1496,-107,-85.75
3,1497,-74,-46.5396226415094
3,1498,-83,-46.5396226415094
3,1499,-48,-46.5396226415094
3,1500,-12,-46.5396226415094
3,1501,-25,110.557692307692
3,1502,2,-18.3432343234323
3,1503,1,0.68359375
3,1504,22,0.68359375
3,1505,94,95.703125
3,1506,247,177.447674418605
3,1507,294,135.215384615385
3,1508,-311,-234.622807017544
3,1509,-163,-155.380952380952
3,1510,32,-108.934210526316
3,1511,47,24.5529411764706
3,1512,-13,-20.0909090909091
3,1513,-30,0.68359375
3,1514,59,-18.3432343234323
3,1515,73,66.4761904761905
3,1516,426,257.010752688172
3,1517,-33,-114.487179487179
3,1518,-277,-155.380952380952
3,1519,-142,-108.934210526316
3,1520,-42,-85.75
3,1521,-86,-46.5396226415094
3,1522,-111,-46.5396226415094
3,1523,-31,-46.5396226415094
3,1524,-37,-18.3432343234323
3,1525,-4,110.557692307692
3,1526,-12,0.68359375
3,1527,7,0.68359375
3,1528,12,0.68359375
3,1529,91,95.703125
3,1530,264,177.447674418605
3,1531,242,130.6875
3,1532,-308,-234.622807017544
3,1533,-151,-155.380952380952
3,1534,47,-108.934210526316
3,1535,54,-20.0909090909091
3,1536,8,-20.0909090909091
3,1537,-15,0.68359375
3,1538,29,-18.3432343234323
3,1539,139,95.703125
3,1540,287,257.010752688172
3,1541,33,-69.0952380952381
3,1542,-321,-155.380952380952
3,1543,-95,-108.934210526316
3,1544,-87,-85.75
3,1545,-74,-46.5396226415094
3,1546,-72,-46.5396226415094
3,1547,-40,-46.5396226415094
3,1548,-31,-18.3432343234323
3,1549,-22,110.557692307692
3,1550,-1,-18.3432343234323
3,1551,0,0.68359375
3,1552,29,0.68359375
3,1553,67,95.703125
3,1554,179,177.447674418605
3,1555,284,177.447674418605
3,1556,-250,-234.622807017544
3,1557,-132,-155.380952380952
3,1558,27,-108.934210526316
3,1559,87,24.5529411764706
3,1560,-34,-20.0909090909091
3,1561,-58,-18.3432343234323
3,1562,-95,-46.5396226415094
3,1563,22,-46.5396226415094
3,1564,129,257.010752688172
3,1565,150,17.5
3,1566,-112,-69.0952380952381
3,1567,-61,-106.853448275862
3,1568,-83,-46.5396226415094
3,1569,-4,-46.5396226415094
3,1570,-22,0.68359375
3,1571,-26,-18.3432343234323
3,1572,-31,-18.3432343234323
3,1573,-27,-18.3432343234323
3,1574,-16,-18.3432343234323
3,1575,-24,-18.3432343234323
3,1576,6,-18.3432343234323
3,1577,22,0.68359375
3,1578,56,-15.6
3,1579,132,124.6
3,1580,103,-24.7
3,1581,122,-185.676470588235
3,1582,142,95.65625
3,1583,66,-234.622807017544
3,1584,35,-10.75
3,1585,4,-20.0909090909091
3,1586,-11,0.68359375
3,1587,6,0.68359375
3,1588,-37,46
3,1589,-88,-18.3432343234323
3,1590,-143,-46.5396226415094
3,1591,-146,-46.5396226415094
3,1592,-48,-46.5396226415094
3,1593,-12,-46.5396226415094
3,1594,-26,0.68359375
3,1595,-78,-18.3432343234323
3,1596,6,-46.5396226415094
3,1597,-57,0.68359375
3,1598,-38,-46.5396226415094
3,1599,-4,-18.3432343234323
3,1600,-8,0.68359375
3,1601,5,0.68359375
3,1602,31,0.68359375
3,1603,54,45.6
3,1604,82,124.6
3,1605,173,95.65625
3,1606,17,-114.487179487179
3,1607,135,-10.75
3,1608,41,-38.4
3,1609,-23,-10.75
3,1610,33,-18.3432343234323
3,1611,-13,-20.0909090909091
3,1612,0,0.68359375
3,1613,-82,0.68359375
3,1614,-107,-46.5396226415094
3,1615,-154,-46.5396226415094
3,1616,-25,-46.5396226415094
3,1617,-73,-18.3432343234323
3,1618,-54,-46.5396226415094
3,1619,-23,-46.5396226415094
3,1620,-8,-18.3432343234323
3,1621,-7,0.68359375
3,1622,-6,0.68359375
3,1623,1,0.68359375
3,1624,28,0.68359375
3,1625,89,73.0970873786408
3,1626,234,177.447674418605
3,1627,225,135.215384615385
3,1628,-248,-234.622807017544
3,1629,-147,-155.380952380952
3,1630,17,-108.934210526316
3,1631,81,24.5529411764706
3,1632,-19,-20.0909090909091
3,1633,-3,-18.3432343234323
3,1634,26,0.68359375
3,1635,99,95.703125
3,1636,336,257.010752688172
3,1637,80,-114.487179487179
3,1638,-252,-234.622807017544
3,1639,-219,-108.934210526316
3,1640,-107,-85.75
3,1641,-75,9.37037037037037
3,1642,-94,-46.5396226415094
3,1643,-25,-46.5396226415094
3,1644,-14,-18.3432343234323
3,1645,-5,110.557692307692
3,1646,-7,110.557692307692
3,1647,3,0.68359375
3,1648,14,0.68359375
3,1649,80,95.703125
3,1650,70,177.447674418605
3,1651,346,135.215384615385
3,1652,-191,-38.4
3,1653,-162,-155.380952380952
3,1654,67,-108.934210526316
3,1655,31,24.5529411764706
3,1656,23,-20.0909090909091
3,1657,-36,-20.0909090909091
3,1658,-4,-18.3432343234323
3,1659,187,0.68359375
3,1660,319,197.245614035088
3,1661,51,-69.0952380952381
3,1662,-246,-155.380952380952
3,1663,-178,-108.934210526316
3,1664,-100,-85.75
3,1665,-89,9.37037037037037
3,1666,-98,-46.5396226415094
3,1667,-57,-46.5396226415094
3,1668,-7,-46.5396226415094
3,1669,-16,110.557692307692
3,1670,-2,-18.3432343234323
3,1671,-4,0.68359375
3,1672,35,0.68359375
3,1673,110,95.703125
3,1674,223,177.447674418605
3,1675,163,-69.0952380952381
3,1676,-242,-234.622807017544
3,1677,-139,-10.75
3,1678,38,9.37037037037037
3,1679,37,24.5529411764706
3,1680,74,-20.0909090909091
3,1681,-78,-20.0909090909091
3,1682,18,-46.5396226415094
3,1683,135,95.703125
3,1684,351,257.010752688172
3,1685,50,-69.0952380952381
3,1686,-197,-155.380952380952
3,1687,-208,-108.934210526316
3,1688,-123,-85.75
3,1689,-54,9.37037037037037
3,1690,-72,-46.5396226415094
3,1691,-84,-46.5396226415094
3,1692,-11,-46.5396226415094
3,1693,-24,110.557692307692
3,1694,1,110.557692307692
3,1695,-1,0.68359375
3,1696,28,0.68359375
3,1697,102,95.703125
3,1698,225,177.447674418605
3,1699,288,135.215384615385
3,1700,-331,-234.622807017544
3,1701,-176,-155.380952380952
3,1702,77,-108.934210526316
3,1703,53,24.5529411764706
3,1704,26,-20.0909090909091
3,1705,-41,-20.0909090909091
3,1706,47,-46.5396226415094
3,1707,121,66.4761904761905
3,1708,385,257.010752688172
3,1709,-9,-185.676470588235
3,1710,-215,-155.380952380952
3,1711,-162,-108.934210526316
3,1712,-50,-85.75
3,1713,-154,9.37037037037037
3,1714,-69,-46.5396226415094
3,1715,-56,9.37037037037037
3,1716,-45,-46.5396226415094
3,1717,-18,-46.5396226415094
3,1718,-22,-18.3432343234323
3,1719,-7,-18.3432343234323
3,1720,31,0.68359375
3,1721,82,197.245614035088
3,1722,230,177.447674418605
3,1723,316,177.447674418605
3,1724,-282,-234.622807017544
3,1725,-105,-155.380952380952
3,1726,43,-108.934210526316
3,1727,153,24.5529411764706
3,1728,-43,17.5
3,1729,4,-106.853448275862
3,1730,40,0.68359375
3,1731,117,95.703125
3,1732,368,257.010752688172
3,1733,-127,-185.676470588235
3,1734,-144,-155.380952380952
3,1735,-241,-108.934210526316
3,1736,-161,-85.75
3,1737,-13,9.37037037037037
3,1738,-95,0.68359375
3,1739,-20,-46.5396226415094
3,1740,-28,-18.3432343234323
3,1741,-59,-18.3432343234323
3,1742,-37,-46.5396226415094
3,1743,-25,-18.3432343234323
3,1744,-3,-18.3432343234323
3,1745,24,0.68359375
3,1746,42,-15.6
3,1747,84,73.0970873786408
3,1748,95,177.447674418605
3,1749,96,95.65625
3,1750,-72,95.65625
3,1751,-90,-46.5396226415094
3,1752,13,-46.5396226415094
3,1753,27,-20.0909090909091
3,1754,67,-20.0909090909091
3,1755,-113,-20.0909090909091
3,1756,-62,-46.5396226415094
3,1757,22,-46.5396226415094
3,1758,-4,95.703125
3,1759,-22,0.68359375
3,1760,-7,-18.3432343234323
3,1761,-21,0.68359375
3,1762,22,-18.3432343234323
3,1763,-25,95.703125
3,1764,9,-18.3432343234323
3,1765,-54,-20.0909090909091
3,1766,-17,-46.5396226415094
3,1767,-10,-18.3432343234323
3,1768,-2,0.68359375
3,1769,12,0.68359375
3,1770,21,73.0970873786408
3,1771,50,45.6
3,1772,29,124.6
3,1773,132,73.0970873786408
3,1774,73,-24.7
3,1775,37,-106.853448275862
3,1776,7,24.5529411764706
3,1777,47,0.68359375
3,1778,7,-20.0909090909091
3,1779,71,0.68359375
3,1780,-73,-20.0909090909091
3,1781,72,-46.5396226415094
3,1782,-116,-20.0909090909091
3,1783,-116,-46.5396226415094
3,1784,-110,-46.5396226415094
3,1785,-38,-46.5396226415094
3,1786,-46,-18.3432343234323
3,1787,-32,-46.5396226415094
3,1788,-5,-18.3432343234323
3,1789,-8,0.68359375
3,1790,-19,0.68359375
3,1791,3,-18.3432343234323
3,1792,32,0.68359375
3,1793,81,-15.6
3,1794,253,177.447674418605
3,1795,287,-114.487179487179
3,1796,-375,-234.622807017544
3,1797,-129,-155.380952380952
3,1798,25,-108.934210526316
3,1799,101,24.5529411764706
3,1800,22,17.5
3,1801,-84,-20.0909090909091
3,1802,6,-46.5396226415094
3,1803,82,110.557692307692
3,1804,359,257.010752688172
3,1805,20,-76
3,1806,-226,-155.380952380952
3,1807,-237,-108.934210526316
3,1808,-35,-85.75
3,1809,-93,-18.3432343234323
3,1810,-45,-46.5396226415094
3,1811,-38,-46.5396226415094
3,1812,-5,-18.3432343234323
3,1813,2,110.557692307692
3,1814,-3,110.557692307692
3,1815,-1,0.68359375
3,1816,14,0.68359375
3,1817,84,73.0970873786408
3,1818,185,177.447674418605
3,1819,295,-76
3,1820,-314,-234.622807017544
3,1821,-129,-155.380952380952
3,1822,37,-108.934210526316
3,1823,45,24.5529411764706
3,1824,-9,-20.0909090909091
3,1825,-27,0.68359375
3,1826,16,-18.3432343234323
3,1827,105,95.703125
3,1828,309,257.010752688172
3,1829,30,-76
3,1830,-227,-155.380952380952
3,1831,-123,-108.934210526316
3,1832,-73,-85.75
3,1833,-87,-46.5396226415094
3,1834,-70,-46.5396226415094
3,1835,-34,-46.5396226415094
3,1836,-22,-18.3432343234323
3,1837,-5,110.557692307692
3,1838,2,0.68359375
3,1839,-4,0.68359375
3,1840,39,0.68359375
3,1841,75,95.703125
3,1842,243,177.447674418605
3,1843,300,135.215384615385
3,1844,-344,-234.622807017544
3,1845,-141,-155.380952380952
3,1846,49,-108.934210526316
3,1847,46,24.5529411764706
3,1848,5,-20.0909090909091
3,1849,-52,0.68359375
3,1850,-22,-46.5396226415094
3,1851,22,110.557692307692
3,1852,383,257.010752688172
3,1853,37,17.5
3,1854,-185,-155.380952380952
3,1855,-94,-108.934210526316
3,1856,-101,-85.75
3,1857,-89,-46.5396226415094
3,1858,-79,-46.5396226415094
3,1859,-45,-46.5396226415094
3,1860,-15,-46.5396226415094
3,1861,-27,-18.3432343234323
3,1862,-1,-18.3432343234323
3,1863,4,0.68359375
3,1864,23,0.68359375
3,1865,85,95.703125
3,1866,250,177.447674418605
3,1867,287,-24.7
3,1868,-333,-234.622807017544
3,1869,-155,-155.380952380952
3,1870,54,-108.934210526316
3,1871,72,24.5529411764706
3,1872,-19,-20.0909090909091
3,1873,-35,-18.3432343234323
3,1874,69,-18.3432343234323
3,1875,81,10.25
3,1876,315,257.010752688172
3,1877,-22,-38.4
3,1878,-213,-155.380952380952
3,1879,-133,-108.934210526316
3,1880,-111,-85.75
3,1881,-72,-46.5396226415094
3,1882,-58,-46.5396226415094
3,1883,-35,-46.5396226415094
3,1884,-32,-18.3432343234323
3,1885,-20,110.557692307692
3,1886,0,-18.3432343234323
3,1887,-5,0.68359375
3,1888,24,0.68359375
3,1889,60,95.703125
3,1890,203,124.6
3,1891,304,177.447674418605
3,1892,-272,-185.676470588235
3,1893,-134,-155.380952380952
3,1894,14,-108.934210526316
3,1895,69,24.5529411764706
3,1896,-28,-20.0909090909091
3,1897,-13,-18.3432343234323
3,1898,51,0.68359375
3,1899,87,66.4761904761905
3,1900,239,257.010752688172
3,1901,-46,-114.487179487179
3,1902,-165,-155.380952380952
3,1903,-186,-108.934210526316
3,1904,11,-85.75
3,1905,-67,24.5529411764706
3,1906,-30,-46.5396226415094
3,1907,-31,-18.3432343234323
3,1908,-10,-18.3432343234323
3,1909,-13,46
3,1910,-38,0.68359375
3,1911,-23,-18.3432343234323
3,1912,-3,-18.3432343234323
3,1913,18,0.68359375
3,1914,21,-15.6
3,1915,101,73.0970873786408
3,1916,78,135.215384615385
3,1917,90,95.65625
3,1918,150,95.65625
3,1919,158,-38.4
3,1920,17,-234.622807017544
3,1921,-87,-10.75
3,1922,54,-46.5396226415094
3,1923,-70,-20.0909090909091
3,1924,8,-46.5396226415094
3,1925,-202,0.68359375
3,1926,-57,-46.5396226415094
3,1927,-76,9.37037037037037
3,1928,-65,-46.5396226415094
3,1929,13,-46.5396226415094
3,1930,-44,95.703125
3,1931,-45,-46.5396226415094
3,1932,-5,-46.5396226415094
3,1933,19,0.68359375
3,1934,-56,95.703125
3,1935,-13,-46.5396226415094
3,1936,6,0.68359375
3,1937,79,0.68359375
3,1938,-13,177.447674418605
3,1939,41,0.68359375
3,1940,150,45.6
3,1941,85,10.25
3,1942,91,-185.676470588235
3,1943,-6,24.5529411764706
3,1944,19,0.68359375
3,1945,97,73.0970873786408
3,1946,12,17.5
3,1947,-62,-20.0909090909091
3,1948,44,-46.5396226415094
3,1949,-123,-20.0909090909091
3,1950,-86,-46.5396226415094
3,1951,-114,-46.5396226415094
3,1952,-98,-46.5396226415094
3,1953,-66,-46.5396226415094
3,1954,-5,-46.5396226415094
3,1955,-46,0.68359375
3,1956,-12,-46.5396226415094
3,1957,0,0.68359375
3,1958,-1,0.68359375
3,1959,20,0.68359375
3,1960,86,95.703125
3,1961,196,108.439024390244
3,1962,283,177.447674418605
3,1963,-272,-234.622807017544
3,1964,-113,-155.380952380952
3,1965,5,-108.934210526316
3,1966,72,0.68359375
3,1967,0,-20.0909090909091
3,1968,-13,0.68359375
3,1969,56,0.68359375
3,1970,71,66.4761904761905
3,1971,334,257.010752688172
3,1972,-111,-114.487179487179
3,1973,-124,-155.380952380952
3,1974,-165,-108.934210526316
3,1975,-91,-85.75
3,1976,-115,9.37037037037037
3,1977,-57,-46.5396226415094
3,1978,-33,-46.5396226415094
3,1979,-22,-18.3432343234323
3,1980,-6,-18.3432343234323
3,1981,-2,0.68359375
3,1982,-2,0.68359375
3,1983,26,0.68359375
3,1984,73,95.703125
3,1985,241,177.447674418605
3,1986,263,135.215384615385
3,1987,-196,-234.622807017544
3,1988,-189,-155.380952380952
3,1989,39,-108.934210526316
3,1990,73,24.5529411764706
3,1991,14,-20.0909090909091
3,1992,-34,-20.0909090909091
3,1993,5,-18.3432343234323
3,1994,169,110.557692307692
3,1995,272,197.245614035088
3,1996,43,-69.0952380952381
3,1997,-242,-155.380952380952
3,1998,-179,-108.934210526316
3,1999,-136,-85.75
3,2000,-85,9.37037037037037
3,2001,-79,-46.5396226415094
3,2002,-38,-46.5396226415094
3,2003,-30,-18.3432343234323
3,2004,-6,110.557692307692
3,2005,-2,0.68359375
3,2006,-2,0.68359375
3,2007,26,0.68359375
3,2008,99,95.703125
3,2009,240,177.447674418605
3,2010,318,177.447674418605
3,2011,-321,-234.622807017544
3,2012,-196,-155.380952380952
3,2013,46,-108.934210526316
3,2014,70,24.5529411764706
3,2015,-32,-20.0909090909091
3,2016,7,-18.3432343234323
3,2017,10,0.68359375
3,2018,122,95.703125
3,2019,354,257.010752688172
3,2020,15,-69.0952380952381
3,2021,-265,-155.380952380952
3,2022,-122,-108.934210526316
3,2023,-74,-85.75
3,2024,-117,-46.5396226415094
3,2025,-50,-46.5396226415094
3,2026,-86,-46.5396226415094
3,2027,-32,-46.5396226415094
3,2028,5,110.557692307692
3,2029,-13,0.68359375
3,2030,-4,0.68359375
3,2031,28,0.68359375
3,2032,97,73.0970873786408
3,2033,228,177.447674418605
3,2034,284,177.447674418605
3,2035,-287,-234.622807017544
3,2036,-105,-155.380952380952
3,2037,22,-108.934210526316
3,2038,8,24.5529411764706
3,2039,15,0.68359375
3,2040,-4,-20.0909090909091
3,2041,-18,0.68359375
3,2042,133,110.557692307692
3,2043,420,257.010752688172
3,2044,-124,-69.0952380952381
3,2045,-211,-155.380952380952
3,2046,-175,-108.934210526316
3,2047,-78,-85.75
3,2048,-85,9.37037037037037
3,2049,-13,-46.5396226415094
3,2050,-75,0.68359375
3,2051,-23,-46.5396226415094
3,2052,-27,110.557692307692
3,2053,-3,-18.3432343234323
3,2054,-3,0.68359375
3,2055,18,0.68359375
3,2056,57,73.0970873786408
3,2057,166,124.6
3,2058,262,177.447674418605
3,2059,-132,-185.676470588235
3,2060,-138,-155.380952380952
3,2061,53,-108.934210526316
3,2062,46,24.5529411764706
3,2063,74,-20.0909090909091
3,2064,79,-20.0909090909091
3,2065,47,-20.0909090909091
3,2066,-1,66.4761904761905
3,2067,119,46
3,2068,-171,-114.487179487179
3,2069,-72,-10.75
3,2070,-160,9.37037037037037
3,2071,-62,-46.5396226415094
3,2072,-32,9.37037037037037
3,2073,-45,-18.3432343234323
3,2074,-19,-46.5396226415094
3,2075,-25,-18.3432343234323
3,2076,-33,-18.3432343234323
3,2077,-8,-18.3432343234323
3,2078,-21,0.68359375
3,2079,-5,-18.3432343234323
3,2080,17,0.68359375
3,2081,35,-15.6
3,2082,69,73.0970873786408
3,2083,153,177.447674418605
3,2084,87,-24.7
3,2085,132,-234.622807017544
3,2086,95,-38.4
3,2087,53,-234.622807017544
3,2088,-65,-20.0909090909091
3,2089,48,-46.5396226415094
3,2090,-11,-20.0909090909091
3,2091,-48,0.68359375
3,2092,-50,-46.5396226415094
3,2093,-104,-46.5396226415094
3,2094,-205,-46.5396226415094
3,2095,26,-46.5396226415094
3,2096,-52,45.6
3,2097,-64,-46.5396226415094
3,2098,-33,-46.5396226415094
3,2099,-21,-18.3432343234323
3,2100,-32,-18.3432343234323
3,2101,-6,110.557692307692
3,2102,-19,0.68359375
3,2103,5,-18.3432343234323
3,2104,16,0.68359375
3,2105,9,-15.6
3,2106,47,73.0970873786408
3,2107,95,124.6
3,2108,120,108.4
3,2109,105,95.65625
3,2110,53,-234.622807017544
3,2111,26,-20.0909090909091
3,2112,20,-20.0909090909091
3,2113,-17,-20.0909090909091
3,2114,-10,-18.3432343234323
3,2115,-65,0.68359375
3,2116,-101,-46.5396226415094
3,2117,-34,-46.5396226415094
3,2118,-65,-18.3432343234323
3,2119,-81,-46.5396226415094
3,2120,-12,-46.5396226415094
3,2121,-67,0.68359375
3,2122,-14,-46.5396226415094
3,2123,-21,0.68359375
3,2124,-10,-18.3432343234323
3,2125,-3,0.68359375
3,2126,2,0.68359375
3,2127,27,0.68359375
3,2128,79,95.703125
3,2129,220,135.215384615385
3,2130,286,135.215384615385
3,2131,-331,-234.622807017544
3,2132,-108,-155.380952380952
3,2133,45,-108.934210526316
3,2134,57,24.5529411764706
3,2135,1,-20.0909090909091
3,2136,-63,0.68359375
3,2137,37,-46.5396226415094
3,2138,136,95.703125
3,2139,241,257.010752688172
3,2140,14,-69.0952380952381
3,2141,-225,-155.380952380952
3,2142,-145,-108.934210526316
3,2143,-111,-85.75
3,2144,-57,-46.5396226415094
3,2145,-41,-46.5396226415094
3,2146,-41,-46.5396226415094
3,2147,-17,-46.5396226415094
3,2148,-7,110.557692307692
3,2149,0,0.68359375
3,2150,0,0.68359375
3,2151,22,0.68359375
3,2152,79,73.0970873786408
3,2153,281,177.447674418605
3,2154,308,135.215384615385
3,2155,-373,-234.622807017544
3,2156,-138,-155.380952380952
3,2157,58,-108.934210526316
3,2158,20,24.5529411764706
3,2159,24,-20.0909090909091
3,2160,-59,-20.0909090909091
3,2161,-21,-46.5396226415094
3,2162,159,110.557692307692
3,2163,382,257.010752688172
3,2164,-40,-69.0952380952381
3,2165,-225,-155.380952380952
3,2166,-197,-108.934210526316
3,2167,-76,-85.75
3,2168,-79,9.37037037037037
3,2169,-65,-46.5396226415094
3,2170,-32,-46.5396226415094
3,2171,-18,-18.3432343234323
3,2172,-10,110.557692307692
3,2173,0,110.557692307692
3,2174,25,0.68359375
3,2175,79,95.703125
3,2176,215,177.447674418605
3,2177,274,177.447674418605
3,2178,-293,-234.622807017544
3,2179,-149,-155.380952380952
3,2180,27,-108.934210526316
3,2181,2,24.5529411764706
3,2182,-19,0.68359375
3,2183,-28,-18.3432343234323
3,2184,67,-18.3432343234323
3,2185,105,177.447674418605
3,2186,272,257.010752688172
3,2187,6,-38.4
3,2188,-201,-155.380952380952
3,2189,-149,-108.934210526316
3,2190,-70,-85.75
3,2191,-31,-46.5396226415094
3,2192,-73,-18.3432343234323
3,2193,-38,-46.5396226415094
3,2194,-14,-18.3432343234323
3,2195,-5,110.557692307692
3,2196,1,0.68359375
3,2197,-4,0.68359375
3,2198,20,0.68359375
3,2199,75,95.703125
3,2200,210,177.447674418605
3,2201,318,135.215384615385
3,2202,-337,-234.622807017544
3,2203,-146,-155.380952380952
3,2204,83,-108.934210526316
3,2205,35,24.5529411764706
3,2206,-56,-20.0909090909091
3,2207,21,-46.5396226415094
3,2208,-13,-20.0909090909091
3,2209,142,110.557692307692
3,2210,303,257.010752688172
3,2211,-46,-69.0952380952381
3,2212,-177,-155.380952380952
3,2213,-153,-108.934210526316
3,2214,-93,-85.75
3,2215,-29,9.37037037037037
3,2216,-64,-18.3432343234323
3,2217,-39,-46.5396226415094
3,2218,-25,-18.3432343234323
3,2219,-19,-18.3432343234323
3,2220,0,-18.3432343234323
3,2221,-6,0.68359375
3,2222,16,0.68359375
3,2223,63,95.703125
3,2224,212,177.447674418605
3,2225,267,177.447674418605
3,2226,-233,-185.676470588235
3,2227,-138,-155.380952380952
3,2228,41,-108.934210526316
3,2229,89,24.5529411764706
3,2230,36,-20.0909090909091
3,2231,-10,-20.0909090909091
3,2232,4,0.68359375
3,2233,111,110.557692307692
3,2234,275,257.010752688172
3,2235,-67,-69.0952380952381
3,2236,-244,-155.380952380952
3,2237,-141,-108.934210526316
3,2238,-97,-85.75
3,2239,26,-46.5396226415094
3,2240,-17,24.5529411764706
3,2241,-102,-18.3432343234323
3,2242,-26,-46.5396226415094
3,2243,-14,110.557692307692
3,2244,-24,0.68359375
3,2245,-18,-18.3432343234323
3,2246,-7,-18.3432343234323
3,2247,14,0.68359375
3,2248,43,95.703125
3,2249,96,124.6
3,2250,105,135.215384615385
3,2251,141,95.65625
3,2252,158,-24.7
3,2253,114,-234.622807017544
3,2254,0,-234.622807017544
3,2255,-18,-10.75
3,2256,-2,-18.3432343234323
3,2257,-76,0.68359375
3,2258,-22,-46.5396226415094
3,2259,-79,-18.3432343234323
3,2260,-22,-46.5396226415094
3,2261,-138,-18.3432343234323
3,2262,-101,-46.5396226415094
3,2263,-8,-46.5396226415094
3,2264,-16,0.68359375
3,2265,-72,-18.3432343234323
3,2266,-18,-46.5396226415094
3,2267,-32,-18.3432343234323
3,2268,-29,-18.3432343234323
3,2269,-33,-18.3432343234323
3,2270,-2,-18.3432343234323
3,2271,6,0.68359375
3,2272,30,0.68359375
3,2273,51,73.0970873786408
3,2274,154,124.6
3,2275,170,-24.7
3,2276,107,-185.676470588235
3,2277,107,-234.622807017544
3,2278,46,-38.4
3,2279,-53,-20.0909090909091
3,2280,-11,-46.5396226415094
3,2281,-1,0.68359375
3,2282,7,0.68359375
3,2283,-144,46
3,2284,-100,-46.5396226415094
3,2285,-88,-46.5396226415094
3,2286,-62,-46.5396226415094
3,2287,-95,-46.5396226415094
3,2288,-44,-46.5396226415094
3,2289,-49,-46.5396226415094
3,2290,-13,-46.5396226415094
3,2291,-14,0.68359375
3,2292,-6,0.68359375
3,2293,-2,0.68359375
3,2294,32,0.68359375
3,2295,95,73.0970873786408
3,2296,254,177.447674418605
3,2297,210,135.215384615385
3,2298,-300,-234.622807017544
3,2299,-73,-155.380952380952
3,2300,27,-108.934210526316
3,2301,20,24.5529411764706
3,2302,-8,-20.0909090909091
3,2303,25,0.68359375
3,2304,-13,-20.0909090909091
3,2305,83,110.557692307692
3,2306,354,257.010752688172
3,2307,-36,-76
3,2308,-154,-155.380952380952
3,2309,-147,-108.934210526316
3,2310,-104,-85.75
3,2311,-57,-46.5396226415094
3,2312,-93,-46.5396226415094
3,2313,-78,-46.5396226415094
3,2314,-32,-46.5396226415094
3,2315,-7,-18.3432343234323
3,2316,2,0.68359375
3,2317,3,0.68359375
3,2318,21,0.68359375
3,2319,114,95.703125
3,2320,317,177.447674418605
3,2321,212,-69.0952380952381
3,2322,-273,-234.622807017544
3,2323,-183,-155.380952380952
3,2324,22,-108.934210526316
3,2325,5,24.5529411764706
3,2326,-5,0.68359375
3,2327,18,0.68359375
3,2328,51,-20.0909090909091
3,2329,62,124.6
3,2330,411,257.010752688172
3,2331,-6,-114.487179487179
3,2332,-238,-155.380952380952
3,2333,-135,-108.934210526316
3,2334,-105,-85.75
3,2335,-135,-46.5396226415094
3,2336,-80,-46.5396226415094
3,2337,-44,-46.5396226415094
3,2338,-24,-46.5396226415094
3,2339,-5,110.557692307692
3,2340,-3,0.68359375
3,2341,1,0.68359375
3,2342,27,0.68359375
3,2343,100,197.245614035088
3,2344,284,177.447674418605
3,2345,158,177.447674418605
3,2346,-311,-234.622807017544
3,2347,-118,-10.75
3,2348,-28,-85.75
3,2349,-9,-18.3432343234323
3,2350,-46,0.68359375
3,2351,-13,-46.5396226415094
3,2352,47,0.68359375
3,2353,137,124.6
3,2354,253,174
3,2355,17,-185.676470588235
3,2356,-137,-155.380952380952
3,2357,-108,-108.934210526316
3,2358,-71,-85.75
3,2359,-27,-46.5396226415094
3,2360,-92,-18.3432343234323
3,2361,-45,-46.5396226415094
3,2362,-12,-46.5396226415094
3,2363,-7,46
3,2364,-2,0.68359375
3,2365,0,0.68359375
3,2366,26,0.68359375
3,2367,90,95.703125
3,2368,286,177.447674418605
3,2369,271,135.215384615385
3,2370,-376,-234.622807017544
3,2371,-112,-155.380952380952
3,2372,40,-108.934210526316
3,2373,35,24.5529411764706
3,2374,-26,-20.0909090909091
3,2375,-1,-18.3432343234323
3,2376,25,0.68359375
3,2377,125,95.703125
3,2378,361,257.010752688172
3,2379,28,-69.0952380952381
3,2380,-190,-155.380952380952
3,2381,-182,-108.934210526316
3,2382,-137,-85.75
3,2383,-19,9.37037037037037
3,2384,-104,-18.3432343234323
3,2385,-80,-46.5396226415094
3,2386,-39,-46.5396226415094
3,2387,-4,-18.3432343234323
3,2388,-11,0.68359375
3,2389,-7,0.68359375
3,2390,22,0.68359375
3,2391,88,95.703125
3,2392,246,177.447674418605
3,2393,341,177.447674418605
3,2394,-341,-234.622807017544
3,2395,-122,-155.380952380952
3,2396,17,-108.934210526316
3,2397,108,24.5529411764706
3,2398,19,17.5
3,2399,13,-20.0909090909091
3,2400,13,-20.0909090909091
3,2401,173,95.703125
3,2402,239,257.010752688172
3,2403,-151,-69.0952380952381
3,2404,-176,-155.380952380952
3,2405,-151,-108.934210526316
3,2406,-54,-85.75
3,2407,-85,9.37037037037037
3,2408,-15,-46.5396226415094
3,2409,-45,-18.3432343234323
3,2410,-54,-46.5396226415094
3,2411,-7,-46.5396226415094
3,2412,-52,0.68359375
3,2413,-20,-46.5396226415094
3,2414,-8,-18.3432343234323
3,2415,30,0.68359375
3,2416,45,-15.6
3,2417,125,124.6
3,2418,130,135.215384615385
3,2419,151,-185.676470588235
3,2420,126,-234.622807017544
3,2421,32,-234.622807017544
3,2422,9,-10.75
3,2423,-40,-20.0909090909091
3,2424,19,-18.3432343234323
3,2425,11,-20.0909090909091
3,2426,-71,-20.0909090909091
3,2427,-152,-46.5396226415094
3,2428,-362,-46.5396226415094
3,2429,-15,9.37037037037037
3,2430,63,-18.3432343234323
3,2431,8,24.5529411764706
3,2432,-19,0.68359375
3,2433,26,-18.3432343234323
3,2434,-44,95.703125
3,2435,-17,-46.5396226415094
3,2436,-16,-18.3432343234323
3,2437,-33,-18.3432343234323
3,2438,-1,-18.3432343234323
3,2439,6,0.68359375
3,2440,12,0.68359375
3,2441,27,73.0970873786408
3,2442,28,73.0970873786408
3,2443,-11,73.0970873786408
3,2444,9,0.68359375
3,2445,-16,24.5529411764706
3,2446,-9,-18.3432343234323
3,2447,1,0.68359375
3,2448,-15,0.68359375
3,2449,-2,-18.3432343234323
3,2450,-9,0.68359375
3,2451,12,0.68359375
3,2452,-4,73.0970873786408
3,2453,0,0.68359375
3,2454,-24,0.68359375
3,2455,2,-18.3432343234323
3,2456,4,0.68359375
3,2457,-11,0.68359375
3,2458,-4,0.68359375
3,2459,2,0.68359375
3,2460,-3,0.68359375
3,2461,2,0.68359375
3,2462,11,0.68359375
3,2463,31,45.6
3,2464,162,73.0970873786408
3,2465,275,17.5
3,2466,-210,-69.0952380952381
3,2467,-172,-155.380952380952
3,2468,1,-108.934210526316
3,2469,28,0.68359375
3,2470,-22,-20.0909090909091
3,2471,7,-18.3432343234323
3,2472,-2,0.68359375
3,2473,-9,110.557692307692
3,2474,129,46
3,2475,147,17.5
3,2476,-81,-69.0952380952381
3,2477,-95,-106.853448275862
3,2478,-51,-46.5396226415094
3,2479,-63,-46.5396226415094
3,2480,-30,-46.5396226415094
3,2481,-46,-18.3432343234323
3,2482,-6,-46.5396226415094
3,2483,-4,46
3,2484,-1,46
3,2485,1,0.68359375
3,2486,19,0.68359375
3,2487,98,73.0970873786408
3,2488,270,177.447674418605
3,2489,221,-76
3,2490,-303,-234.622807017544
3,2491,-146,-155.380952380952
3,2492,22,-108.934210526316
3,2493,40,24.5529411764706
3,2494,0,-20.0909090909091
3,2495,-8,0.68359375
3,2496,20,0.68359375
3,2497,126,95.703125
3,2498,329,257.010752688172
3,2499,-59,-69.0952380952381
3,2500,-150,-155.380952380952
3,2501,-197,-108.934210526316
3,2502,-59,-85.75
3,2503,-69,9.37037037037037
3,2504,-84,-46.5396226415094
3,2505,-37,-46.5396226415094
3,2506,-11,-18.3432343234323
3,2507,-18,46
3,2508,-4,110.557692307692
3,2509,3,0.68359375
3,2510,18,0.68359375
3,2511,82,95.703125
3,2512,283,177.447674418605
3,2513,265,135.215384615385
3,2514,-333,-234.622807017544
3,2515,-139,-155.380952380952
3,2516,37,-108.934210526316
3,2517,50,24.5529411764706
3,2518,-41,-20.0909090909091
3,2519,-5,-46.5396226415094
3,2520,6,0.68359375
3,2521,147,110.557692307692
3,2522,356,257.010752688172
3,2523,-23,-69.0952380952381
3,2524,-166,-155.380952380952
3,2525,-163,-108.934210526316
3,2526,-141,-85.75
3,2527,-47,9.37037037037037
3,2528,-88,-46.5396226415094
3,2529,-61,-46.5396226415094
3,2530,-20,-46.5396226415094
3,2531,-10,-18.3432343234323
3,2532,-7,0.68359375
3,2533,-3,0.68359375
3,2534,14,0.68359375
3,2535,110,95.703125
3,2536,98,177.447674418605
3,2537,137,-69.0952380952381
3,2538,-161,-24.7
3,2539,-62,-106.853448275862
3,2540,12,9.37037037037037
3,2541,53,24.5529411764706
3,2542,-7,-20.0909090909091
3,2543,-28,0.68359375
3,2544,35,-18.3432343234323
3,2545,114,95.703125
3,2546,296,197.245614035088
3,2547,50,-69.0952380952381
3,2548,-200,-155.380952380952
3,2549,-127,-108.934210526316
3,2550,-87,-85.75
3,2551,-67,-46.5396226415094
3,2552,-71,-46.5396226415094
3,2553,-39,-46.5396226415094
3,2554,-38,-18.3432343234323
3,2555,-13,110.557692307692
3,2556,-19,0.68359375
3,2557,3,-18.3432343234323
3,2558,13,0.68359375
3,2559,101,95.703125
3,2560,195,177.447674418605
3,2561,277,177.447674418605
3,2562,-258,-234.622807017544
3,2563,-98,-155.380952380952
3,2564,-3,-108.934210526316
3,2565,74,0.68359375
3,2566,-1,-20.0909090909091
3,2567,-6,0.68359375
3,2568,24,0.68359375
3,2569,116,95.703125
3,2570,262,257.010752688172
3,2571,-48,-69.0952380952381
3,2572,-213,-155.380952380952
3,2573,-152,-108.934210526316
3,2574,-81,-85.75
3,2575,-50,9.37037037037037
3,2576,-42,-46.5396226415094
3,2577,-13,-46.5396226415094
3,2578,-36,0.68359375
3,2579,-10,110.557692307692
3,2580,-31,0.68359375
3,2581,-24,-18.3432343234323
3,2582,3,-18.3432343234323
3,2583,23,0.68359375
3,2584,27,-15.6
3,2585,103,73.0970873786408
3,2586,56,135.215384615385
3,2587,77,66.4761904761905
3,2588,67,95.65625
3,2589,23,24.5529411764706
3,2590,8,24.5529411764706
3,2591,51,0.68359375
3,2592,-32,-20.0909090909091
3,2593,-32,-18.3432343234323
3,2594,-54,-18.3432343234323
3,2595,-232,-46.5396226415094
3,2596,49,-46.5396226415094
3,2597,-37,-20.0909090909091
3,2598,-18,-18.3432343234323
3,2599,-1,-18.3432343234323
3,2600,-41,0.68359375
3,2601,-6,-46.5396226415094
3,2602,6,110.557692307692
3,2603,-2,0.68359375
3,2604,-24,0.68359375
3,2605,-12,-18.3432343234323
3,2606,2,0.68359375
3,2607,1,0.68359375
3,2608,20,0.68359375
3,2609,80,45.6
3,2610,78,-20.0909090909091
3,2611,195,177.447674418605
3,2612,31,-24.7
3,2613,173,-106.853448275862
3,2614,11,-38.4
3,2615,58,-10.75
3,2616,-50,-20.0909090909091
3,2617,-16,-46.5396226415094
3,2618,-65,-18.3432343234323
3,2619,-35,-46.5396226415094
3,2620,-112,-18.3432343234323
3,2621,-132,-46.5396226415094
3,2622,-39,-46.5396226415094
3,2623,-96,-18.3432343234323
3,2624,-26,-46.5396226415094
3,2625,-34,-18.3432343234323
3,2626,-24,-18.3432343234323
3,2627,-16,-18.3432343234323
3,2628,-4,-18.3432343234323
3,2629,-2,0.68359375
3,2630,18,0.68359375
3,2631,103,73.0970873786408
3,2632,226,177.447674418605
3,2633,247,177.447674418605
3,2634,-328,-234.622807017544
3,2635,-111,-155.380952380952
3,2636,6,-108.934210526316
3,2637,62,0.68359375
3,2638,22,-20.0909090909091
3,2639,-29,-20.0909090909091
3,2640,13,-18.3432343234323
3,2641,116,95.703125
3,2642,336,257.010752688172
3,2643,-19,-69.0952380952381
3,2644,-193,-155.380952380952
3,2645,-162,-108.934210526316
3,2646,-88,-85.75
3,2647,-87,9.37037037037037
3,2648,-74,-46.5396226415094
3,2649,-25,-46.5396226415094
3,2650,-14,-18.3432343234323
3,2651,-13,46
3,2652,-5,0.68359375
3,2653,5,0.68359375
3,2654,9,0.68359375
3,2655,9,95.703125
3,2656,143,73.0970873786408
3,2657,388,130.6875
3,2658,-208,-69.0952380952381
3,2659,-175,-155.380952380952
3,2660,55,-108.934210526316
3,2661,40,-20.0909090909091
3,2662,-20,-20.0909090909091
3,2663,-45,-18.3432343234323
3,2664,30,-46.5396226415094
3,2665,120,95.703125
3,2666,327,257.010752688172
3,2667,62,-69.0952380952381
3,2668,-256,-155.380952380952
3,2669,-152,-108.934210526316
3,2670,-53,-85.75
3,2671,-71,9.37037037037037
3,2672,-116,-46.5396226415094
3,2673,-48,-46.5396226415094
3,2674,-32,-46.5396226415094
3,2675,1,110.557692307692
3,2676,-10,0.68359375
3,2677,-2,0.68359375
3,2678,29,0.68359375
3,2679,87,95.703125
3,2680,238,177.447674418605
3,2681,308,177.447674418605
3,2682,-351,-234.622807017544
3,2683,-140,-155.380952380952
3,2684,9,-108.934210526316
3,2685,61,24.5529411764706
3,2686,-17,-20.0909090909091
3,2687,12,-18.3432343234323
3,2688,16,-20.0909090909091
3,2689,111,95.703125
3,2690,362,257.010752688172
3,2691,84,-69.0952380952381
3,2692,-309,-234.622807017544
3,2693,-166,-108.934210526316
3,2694,-99,-85.75
3,2695,-66,9.37037037037037
3,2696,-75,-46.5396226415094
3,2697,-8,-46.5396226415094
3,2698,-66,0.68359375
3,2699,-7,-46.5396226415094
3,2700,-11,0.68359375
3,2701,-4,0.68359375
3,2702,19,0.68359375
3,2703,115,95.703125
3,2704,248,135.215384615385
3,2705,243,-69.0952380952381
3,2706,-323,-234.622807017544
3,2707,-136,-155.380952380952
3,2708,33,-108.934210526316
3,2709,100,24.5529411764706
3,2710,-36,17.5
3,2711,-61,-18.3432343234323
3,2712,79,-46.5396226415094
3,2713,87,10.25
3,2714,334,257.010752688172
3,2715,2,-38.4
3,2716,-184,-155.380952380952
3,2717,-102,-108.934210526316
3,2718,-121,-85.75
3,2719,-53,-46.5396226415094
3,2720,-125,-46.5396226415094
3,2721,-32,-46.5396226415094
3,2722,-41,-18.3432343234323
3,2723,-37,-46.5396226415094
3,2724,3,-18.3432343234323
3,2725,-10,0.68359375
3,2726,20,0.68359375
3,2727,111,95.703125
3,2728,221,177.447674418605
3,2729,262,-69.0952380952381
3,2730,-324,-234.622807017544
3,2731,-95,-155.380952380952
3,2732,59,-108.934210526316
3,2733,-87,24.5529411764706
3,2734,107,-46.5396226415094
3,2735,-36,-114.487179487179
3,2736,101,-18.3432343234323
3,2737,97,177.447674418605
3,2738,203,257.010752688172
3,2739,-2,-38.4
3,2740,-189,-155.380952380952
3,2741,-139,-46.5396226415094
3,2742,-78,9.37037037037037
3,2743,-3,-46.5396226415094
3,2744,24,0.68359375
3,2745,-103,-20.0909090909091
3,2746,-46,-46.5396226415094
3,2747,-32,-46.5396226415094
3,2748,-43,-18.3432343234323
3,2749,-23,-46.5396226415094
3,2750,13,-18.3432343234323
3,2751,20,45.6
3,2752,45,95.703125
3,2753,110,124.6
3,2754,87,95.65625
3,2755,148,-185.676470588235
3,2756,143,-24.7
3,2757,-25,-234.622807017544
3,2758,-26,-10.75
3,2759,-96,-18.3432343234323
3,2760,113,-46.5396226415094
3,2761,-1,17.5
3,2762,-38,-106.853448275862
3,2763,-68,-18.3432343234323
3,2764,-29,-46.5396226415094
3,2765,-96,-18.3432343234323
3,2766,-40,-46.5396226415094
3,2767,-52,-18.3432343234323
3,2768,-68,-46.5396226415094
3,2769,-15,-46.5396226415094
3,2770,-13,-18.3432343234323
3,2771,-28,0.68359375
3,2772,-65,-18.3432343234323
3,2773,-12,-46.5396226415094
3,2774,-5,0.68359375
3,2775,6,0.68359375
3,2776,19,0.68359375
3,2777,78,73.0970873786408
3,2778,77,177.447674418605
3,2779,142,95.65625
3,2780,81,-24.7
3,2781,144,-234.622807017544
3,2782,7,-38.4
3,2783,-47,-10.75
3,2784,53,-46.5396226415094
3,2785,-27,-20.0909090909091
3,2786,-33,-18.3432343234323
3,2787,-48,-18.3432343234323
3,2788,-80,-46.5396226415094
3,2789,-107,-46.5396226415094
3,2790,-73,-46.5396226415094
3,2791,-46,-46.5396226415094
3,2792,-55,-46.5396226415094
3,2793,-68,-46.5396226415094
3,2794,-25,-46.5396226415094
3,2795,-3,-18.3432343234323
3,2796,-1,0.68359375
3,2797,-3,0.68359375
3,2798,21,0.68359375
3,2799,119,95.703125
3,2800,243,177.447674418605
3,2801,254,-69.0952380952381
3,2802,-289,-234.622807017544
3,2803,-160,-155.380952380952
3,2804,23,-108.934210526316
3,2805,50,24.5529411764706
3,2806,9,-20.0909090909091
3,2807,-33,-20.0909090909091
3,2808,23,-18.3432343234323
3,2809,126,95.703125
3,2810,381,257.010752688172
3,2811,-89,-69.0952380952381
3,2812,-134,-155.380952380952
3,2813,-223,-108.934210526316
3,2814,-76,-85.75
3,2815,-74,9.37037037037037
3,2816,-60,-46.5396226415094
3,2817,-75,-46.5396226415094
3,2818,-29,-46.5396226415094
3,2819,7,-18.3432343234323
3,2820,-10,110.557692307692
3,2821,-1,0.68359375
3,2822,15,0.68359375
3,2823,145,95.703125
3,2824,298,177.447674418605
3,2825,178,-69.0952380952381
3,2826,-346,-234.622807017544
3,2827,-138,-106.853448275862
3,2828,60,-85.75
3,2829,46,24.5529411764706
3,2830,-44,-20.0909090909091
3,2831,-148,-46.5396226415094
3,2832,63,-46.5396226415094
3,2833,255,10.25
3,2834,328,257.010752688172
3,2835,-7,-185.676470588235
3,2836,-252,-155.380952380952
3,2837,-156,-108.934210526316
3,2838,-79,-85.75
3,2839,-76,9.37037037037037
3,2840,-84,-46.5396226415094
3,2841,-28,-46.5396226415094
3,2842,-21,-18.3432343234323
3,2843,-13,110.557692307692
3,2844,1,0.68359375
3,2845,3,0.68359375
3,2846,23,0.68359375
3,2847,98,95.703125
3,2848,292,177.447674418605
3,2849,204,135.215384615385
3,2850,-297,-234.622807017544
3,2851,-172,-155.380952380952
3,2852,48,-85.75
3,2853,79,24.5529411764706
3,2854,-14,-20.0909090909091
3,2855,-23,0.68359375
3,2856,16,-18.3432343234323
3,2857,98,95.703125
3,2858,348,257.010752688172
3,2859,-333,-76
3,2860,-274,-155.380952380952
3,2861,-47,-108.934210526316
3,2862,-17,-85.75
3,2863,33,-18.3432343234323
3,2864,-12,-20.0909090909091
3,2865,-22,0.68359375
3,2866,-22,110.557692307692
3,2867,-8,110.557692307692
3,2868,0,0.68359375
3,2869,-1,0.68359375
3,2870,22,0.68359375
3,2871,115,73.0970873786408
3,2872,262,135.215384615385
3,2873,229,-69.0952380952381
3,2874,-269,-234.622807017544
3,2875,-207,-155.380952380952
3,2876,102,-108.934210526316
3,2877,16,17.5
3,2878,46,-20.0909090909091
3,2879,-71,-20.0909090909091
3,2880,24,-46.5396226415094
3,2881,150,95.703125
3,2882,311,257.010752688172
3,2883,38,-69.0952380952381
3,2884,-217,-155.380952380952
3,2885,-179,-108.934210526316
3,2886,-144,-85.75
3,2887,2,9.37037037037037
3,2888,-97,0.68359375
3,2889,-71,-46.5396226415094
3,2890,-18,-46.5396226415094
3,2891,-15,110.557692307692
3,2892,-18,-18.3432343234323
3,2893,-4,-18.3432343234323
3,2894,17,0.68359375
3,2895,109,95.703125
3,2896,216,177.447674418605
3,2897,269,135.215384615385
3,2898,-298,-234.622807017544
3,2899,-112,-155.380952380952
3,2900,81,-108.934210526316
3,2901,57,24.5529411764706
3,2902,15,-20.0909090909091
3,2903,-29,-20.0909090909091
3,2904,105,-18.3432343234323
3,2905,86,10.25
3,2906,254,257.010752688172
3,2907,-183,-38.4
3,2908,-93,-155.380952380952
3,2909,-162,-108.934210526316
3,2910,-71,-85.75
3,2911,-36,9.37037037037037
3,2912,-54,-18.3432343234323
3,2913,-44,-46.5396226415094
3,2914,-43,-46.5396226415094
3,2915,-37,-46.5396226415094
3,2916,-22,-18.3432343234323
3,2917,-25,-18.3432343234323
3,2918,4,-18.3432343234323
3,2919,20,0.68359375
3,2920,34,-15.6
3,2921,111,73.0970873786408
3,2922,157,95.65625
3,2923,76,-69.0952380952381
3,2924,111,-106.853448275862
3,2925,37,-38.4
3,2926,100,-10.75
3,2927,-44,-38.4
3,2928,-25,-46.5396226415094
3,2929,1,-18.3432343234323
3,2930,-15,0.68359375
3,2931,-30,-18.3432343234323
3,2932,-107,-18.3432343234323
3,2933,-152,-46.5396226415094
3,2934,-57,-46.5396226415094
3,2935,44,9.37037037037037
3,2936,-98,108.439024390244
3,2937,-78,-46.5396226415094
3,2938,-4,-46.5396226415094
3,2939,-12,0.68359375
3,2940,-54,0.68359375
3,2941,-19,-46.5396226415094
3,2942,3,-18.3432343234323
3,2943,9,0.68359375
3,2944,39,95.703125
3,2945,96,45.6
3,2946,66,135.215384615385
3,2947,128,95.65625
3,2948,78,-24.7
3,2949,103,-10.75
3,2950,71,-38.4
3,2951,-50,-20.0909090909091
3,2952,-53,-46.5396226415094
3,2953,65,-46.5396226415094
3,2954,-86,-20.0909090909091
3,2955,-89,-46.5396226415094
3,2956,-50,-46.5396226415094
3,2957,-109,-46.5396226415094
3,2958,-61,-46.5396226415094
3,2959,-38,-46.5396226415094
3,2960,-57,-18.3432343234323
3,2961,-39,-46.5396226415094
3,2962,-24,-18.3432343234323
3,2963,-9,-18.3432343234323
3,2964,0,0.68359375
3,2965,4,0.68359375
3,2966,20,0.68359375
3,2967,39,95.703125
3,2968,10,73.0970873786408
3,2969,81,73.0970873786408
3,2970,-46,95.65625
3,2971,-51,-46.5396226415094
3,2972,20,-46.5396226415094
3,2973,106,24.5529411764706
3,2974,-9,17.5
3,2975,-5,0.68359375
3,2976,25,0.68359375
3,2977,-85,73.0970873786408
3,2978,118,-46.5396226415094
3,2979,71,-114.487179487179
3,2980,4,-106.853448275862
3,2981,-115,0.68359375
3,2982,-37,-46.5396226415094
3,2983,-23,-18.3432343234323
3,2984,-54,-18.3432343234323
3,2985,-43,-46.5396226415094
3,2986,-13,-46.5396226415094
3,2987,-15,0.68359375
3,2988,2,-18.3432343234323
3,2989,-1,0.68359375
3,2990,3,0.68359375
3,2991,16,0.68359375
3,2992,68,73.0970873786408
3,2993,317,135.215384615385
3,2994,-54,135.215384615385
3,2995,-184,-155.380952380952
3,2996,53,-108.934210526316
3,2997,40,24.5529411764706
3,2998,-25,24.5529411764706
3,2999,-55,-18.3432343234323
3,3000,72,-46.5396226415094
3,3001,118,10.25
3,3002,304,177.447674418605
3,3003,55,-234.622807017544
3,3004,-221,-155.380952380952
3,3005,-249,-108.934210526316
3,3006,-154,-85.75
3,3007,-26,9.37037037037037
3,3008,-12,-18.3432343234323
3,3009,-32,0.68359375
3,3010,-18,-18.3432343234323
3,3011,-2,110.557692307692
3,3012,-13,110.557692307692
3,3013,-2,0.68359375
3,3014,34,0.68359375
3,3015,120,73.0970873786408
3,3016,282,177.447674418605
3,3017,210,-69.0952380952381
3,3018,-303,-234.622807017544
3,3019,-155,-155.380952380952
3,3020,75,-108.934210526316
3,3021,63,24.5529411764706
3,3022,20,-20.0909090909091
3,3023,-87,-20.0909090909091
3,3024,11,-46.5396226415094
3,3025,172,95.703125
3,3026,427,257.010752688172
3,3027,-27,-69.0952380952381
3,3028,-256,-155.380952380952
3,3029,-131,-108.934210526316
3,3030,-66,-85.75
3,3031,-107,-46.5396226415094
3,3032,-153,-46.5396226415094
3,3033,-54,-46.5396226415094
3,3034,-51,9.37037037037037
3,3035,-12,-46.5396226415094
3,3036,-13,0.68359375
3,3037,13,0.68359375
3,3038,19,95.703125
3,3039,124,95.703125
3,3040,315,197.245614035088
3,3041,160,-69.0952380952381
3,3042,-288,-234.622807017544
3,3043,-141,-106.853448275862
3,3044,74,-85.75
3,3045,69,-20.0909090909091
3,3046,-21,-20.0909090909091
3,3047,-57,-18.3432343234323
3,3048,46,-46.5396226415094
3,3049,114,66.4761904761905
3,3050,422,257.010752688172
3,3051,16,-185.676470588235
3,3052,-331,-155.380952380952
3,3053,-91,-108.934210526316
3,3054,-147,-85.75
3,3055,-48,-46.5396226415094
3,3056,-85,-46.5396226415094
3,3057,-96,-46.5396226415094
3,3058,-21,-46.5396226415094
3,3059,-28,110.557692307692
3,3060,-7,-18.3432343234323
3,3061,-3,0.68359375
3,3062,23,0.68359375
3,3063,148,95.703125
3,3064,333,177.447674418605
3,3065,230,-69.0952380952381
3,3066,-384,-234.622807017544
3,3067,-106,-155.380952380952
3,3068,79,-108.934210526316
3,3069,26,24.5529411764706
3,3070,35,-20.0909090909091
3,3071,-45,-20.0909090909091
3,3072,41,-46.5396226415094
3,3073,177,95.703125
3,3074,244,257.010752688172
3,3075,-143,-185.676470588235
3,3076,-186,-155.380952380952
3,3077,-146,-108.934210526316
3,3078,-79,-85.75
3,3079,-7,-46.5396226415094
3,3080,-77,0.68359375
3,3081,-26,-46.5396226415094
3,3082,-44,-18.3432343234323
3,3083,-35,-46.5396226415094
3,3084,-36,-18.3432343234323
3,3085,-19,-18.3432343234323
3,3086,-2,-18.3432343234323
3,3087,38,0.68359375
3,3088,45,-15.6
3,3089,100,124.6
3,3090,97,177.447674418605
3,3091,160,95.65625
3,3092,134,-24.7
3,3093,56,-234.622807017544
3,3094,62,-10.75
3,3095,26,-20.0909090909091
3,3096,-58,-20.0909090909091
3,3097,-30,-46.5396226415094
3,3098,-16,-18.3432343234323
3,3099,19,-18.3432343234323
3,3100,-213,-20.0909090909091
3,3101,-117,-46.5396226415094
3,3102,-56,9.37037037037037
3,3103,79,-46.5396226415094
3,3104,-99,177.447674418605
3,3105,-69,-46.5396226415094
3,3106,-40,-46.5396226415094
3,3107,-32,110.557692307692
3,3108,-32,-18.3432343234323
3,3109,-50,-18.3432343234323
3,3110,-8,-46.5396226415094
3,3111,17,0.68359375
3,3112,65,95.703125
3,3113,81,177.447674418605
3,3114,142,177.447674418605
3,3115,119,-24.7
3,3116,149,-234.622807017544
3,3117,56,-234.622807017544
3,3118,-30,-10.75
3,3119,-64,-18.3432343234323
3,3120,-41,-46.5396226415094
3,3121,75,-46.5396226415094
3,3122,-28,-20.0909090909091
3,3123,-75,-18.3432343234323
3,3124,-72,-46.5396226415094
3,3125,-128,-46.5396226415094
3,3126,-41,-46.5396226415094
3,3127,-88,-46.5396226415094
3,3128,-59,-46.5396226415094
3,3129,-46,-46.5396226415094
3,3130,-25,-46.5396226415094
3,3131,-4,-18.3432343234323
3,3132,-9,0.68359375
3,3133,5,0.68359375
3,3134,8,0.68359375
3,3135,64,0.68359375
3,3136,74,177.447674418605
3,3137,117,130.6875
3,3138,-84,-38.4
3,3139,-87,-106.853448275862
3,3140,7,-46.5396226415094
3,3141,64,0.68359375
3,3142,14,-20.0909090909091
3,3143,-4,-20.0909090909091
3,3144,45,0.68359375
3,3145,90,66.4761904761905
3,3146,193,130.6875
3,3147,22,-114.487179487179
3,3148,-82,-106.853448275862
3,3149,-112,-46.5396226415094
3,3150,-95,-46.5396226415094
3,3151,-99,-46.5396226415094
3,3152,-45,-46.5396226415094
3,3153,-61,-46.5396226415094
3,3154,-9,-46.5396226415094
3,3155,-16,46
3,3156,-6,-18.3432343234323
3,3157,2,0.68359375
3,3158,10,0.68359375
3,3159,120,73.0970873786408
3,3160,187,177.447674418605
3,3161,266,-69.0952380952381
3,3162,-257,-234.622807017544
3,3163,-133,-155.380952380952
3,3164,-11,-108.934210526316
3,3165,65,0.68359375
3,3166,-11,-20.0909090909091
3,3167,-21,0.68359375
3,3168,23,-18.3432343234323
3,3169,141,95.703125
3,3170,399,174
3,3171,0,-69.0952380952381
3,3172,-421,-155.380952380952
3,3173,9,-108.934210526316
3,3174,-112,73.0970873786408
3,3175,-87,-46.5396226415094
3,3176,-69,-46.5396226415094
3,3177,-58,-46.5396226415094
3,3178,-15,-46.5396226415094
3,3179,-20,110.557692307692
3,3180,-7,-18.3432343234323
3,3181,-2,0.68359375
3,3182,32,0.68359375
3,3183,125,95.703125
3,3184,308,177.447674418605
3,3185,251,-69.0952380952381
3,3186,-422,-234.622807017544
3,3187,-106,-155.380952380952
3,3188,6,-108.934210526316
3,3189,51,0.68359375
3,3190,22,-20.0909090909091
3,3191,-22,-20.0909090909091
3,3192,9,-18.3432343234323
3,3193,21,95.703125
3,3194,7,257.010752688172
3,3195,42,0.68359375
3,3196,49,-20.0909090909091
3,3197,-81,-20.0909090909091
3,3198,-50,-46.5396226415094
3,3199,-86,-46.5396226415094
3,3200,-53,-46.5396226415094
3,3201,-50,-46.5396226415094
3,3202,-26,-46.5396226415094
3,3203,-14,-18.3432343234323
3,3204,-12,0.68359375
3,3205,1,0.68359375
3,3206,25,0.68359375
3,3207,126,73.0970873786408
3,3208,259,177.447674418605
3,3209,277,-69.0952380952381
3,3210,-391,-234.622807017544
3,3211,-116,-155.380952380952
3,3212,36,-108.934210526316
3,3213,68,24.5529411764706
3,3214,13,-20.0909090909091
3,3215,-50,-20.0909090909091
3,3216,39,-46.5396226415094
3,3217,99,95.703125
3,3218,408,257.010752688172
3,3219,-46,-114.487179487179
3,3220,-260,-155.380952380952
3,3221,-94,-108.934210526316
3,3222,-113,-85.75
3,3223,-42,-46.5396226415094
3,3224,-76,-46.5396226415094
3,3225,-94,-46.5396226415094
3,3226,-31,-46.5396226415094
3,3227,-19,110.557692307692
3,3228,-9,-18.3432343234323
3,3229,-5,0.68359375
3,3230,21,0.68359375
3,3231,83,95.703125
3,3232,246,177.447674418605
3,3233,224,177.447674418605
3,3234,-243,-234.622807017544
3,3235,-108,-155.380952380952
3,3236,51,-108.934210526316
3,3237,38,24.5529411764706
3,3238,12,-20.0909090909091
3,3239,34,-20.0909090909091
3,3240,99,-20.0909090909091
3,3241,118,10.25
3,3242,69,257.010752688172
3,3243,-131,-106.853448275862
3,3244,-118,-46.5396226415094
3,3245,-54,-46.5396226415094
3,3246,-95,-46.5396226415094
3,3247,-43,-46.5396226415094
3,3248,-46,-46.5396226415094
3,3249,-50,-46.5396226415094
3,3250,-34,-46.5396226415094
3,3251,-18,-18.3432343234323
3,3252,-33,-18.3432343234323
3,3253,-29,-18.3432343234323
3,3254,8,-18.3432343234323
3,3255,21,0.68359375
3,3256,23,-15.6
3,3257,87,73.0970873786408
3,3258,148,95.65625
3,3259,148,-24.7
3,3260,83,-234.622807017544
3,3261,9,-234.622807017544
3,3262,10,-20.0909090909091
3,3263,25,-20.0909090909091
3,3264,-51,-20.0909090909091
3,3265,-9,-46.5396226415094
3,3266,-42,0.68359375
3,3267,-47,-46.5396226415094
3,3268,-42,-46.5396226415094
3,3269,-118,-46.5396226415094
3,3270,-4,-46.5396226415094
3,3271,-47,0.68359375
3,3272,-54,-46.5396226415094
3,3273,-13,-46.5396226415094
3,3274,-59,0.68359375
3,3275,-17,-46.5396226415094
3,3276,-25,-18.3432343234323
3,3277,-25,-18.3432343234323
3,3278,-4,-18.3432343234323
3,3279,15,0.68359375
3,3280,30,-15.6
3,3281,99,95.703125
3,3282,119,135.215384615385
3,3283,154,95.65625
3,3284,95,-234.622807017544
3,3285,51,-234.622807017544
3,3286,-72,24.5529411764706
3,3287,49,-46.5396226415094
3,3288,-12,-20.0909090909091
3,3289,-34,0.68359375
3,3290,21,-18.3432343234323
3,3291,-4,-20.0909090909091
3,3292,-76,46
3,3293,-50,-46.5396226415094
3,3294,-249,-46.5396226415094
3,3295,-84,-46.5396226415094
3,3296,37,9.37037037037037
3,3297,-31,45.6
3,3298,-6,-18.3432343234323
3,3299,-11,0.68359375
3,3300,-30,0.68359375
3,3301,-12,110.557692307692
3,3302,3,0.68359375
3,3303,11,0.68359375
3,3304,47,73.0970873786408
3,3305,88,108.439024390244
3,3306,108,135.215384615385
3,3307,101,95.65625
3,3308,112,95.65625
3,3309,49,-38.4
3,3310,31,-10.75
3,3311,-91,-20.0909090909091
3,3312,-5,-46.5396226415094
3,3313,41,0.68359375
3,3314,-96,-20.0909090909091
3,3315,-22,-46.5396226415094
3,3316,12,-18.3432343234323
3,3317,-78,-20.0909090909091
3,3318,-70,-46.5396226415094
3,3319,-90,-46.5396226415094
3,3320,-75,-46.5396226415094
3,3321,-37,-46.5396226415094
3,3322,-31,-18.3432343234323
3,3323,-6,-18.3432343234323
3,3324,-5,0.68359375
3,3325,2,0.68359375
3,3326,28,0.68359375
3,3327,121,95.703125
3,3328,296,177.447674418605
3,3329,184,-69.0952380952381
3,3330,-377,-234.622807017544
3,3331,-74,-10.75
3,3332,14,-85.75
3,3333,40,24.5529411764706
3,3334,2,-20.0909090909091
3,3335,-1,0.68359375
3,3336,18,46
3,3337,137,95.703125
3,3338,388,257.010752688172
3,3339,-71,-69.0952380952381
3,3340,-184,-155.380952380952
3,3341,-322,-108.934210526316
3,3342,-133,-85.75
3,3343,-16,9.37037037037037
3,3344,-5,-18.3432343234323
3,3345,-14,0.68359375
3,3346,-32,46
3,3347,1,-18.3432343234323
3,3348,0,110.557692307692
3,3349,1,0.68359375
3,3350,35,0.68359375
3,3351,103,45.6
3,3352,339,135.215384615385
3,3353,188,177.447674418605
3,3354,-366,-234.622807017544
3,3355,-128,-10.75
3,3356,31,-85.75
3,3357,45,24.5529411764706
3,3358,36,-20.0909090909091
3,3359,-37,-20.0909090909091
3,3360,23,-18.3432343234323
3,3361,123,95.703125
3,3362,441,257.010752688172
3,3363,-43,-69.0952380952381
3,3364,-240,-155.380952380952
3,3365,-125,-108.934210526316
3,3366,-127,-85.75
3,3367,-87,-46.5396226415094
3,3368,-57,-46.5396226415094
3,3369,-99,-46.5396226415094
3,3370,-35,-46.5396226415094
3,3371,-12,110.557692307692
3,3372,-6,0.68359375
3,3373,0,0.68359375
3,3374,25,0.68359375
3,3375,145,95.703125
3,3376,329,177.447674418605
3,3377,186,-69.0952380952381
3,3378,-382,-234.622807017544
3,3379,-91,-106.853448275862
3,3380,-2,-85.75
3,3381,74,0.68359375
3,3382,1,-20.0909090909091
3,3383,-39,0.68359375
3,3384,36,-18.3432343234323
3,3385,197,95.703125
3,3386,340,257.010752688172
3,3387,-42,-69.0952380952381
3,3388,-194,-155.380952380952
3,3389,-112,-108.934210526316
3,3390,-120,-85.75
3,3391,-95,-46.5396226415094
3,3392,-124,-46.5396226415094
3,3393,-54,-46.5396226415094
3,3394,-52,-46.5396226415094
3,3395,-18,-46.5396226415094
3,3396,-12,-18.3432343234323
3,3397,2,0.68359375
3,3398,39,0.68359375
3,3399,96,95.703125
3,3400,261,177.447674418605
3,3401,292,177.447674418605
3,3402,-396,-234.622807017544
3,3403,-94,-155.380952380952
3,3404,31,-108.934210526316
3,3405,75,24.5529411764706
3,3406,6,-20.0909090909091
3,3407,-62,0.68359375
3,3408,4,-46.5396226415094
3,3409,-36,110.557692307692
3,3410,5,-18.3432343234323
3,3411,-117,0.68359375
3,3412,-65,-46.5396226415094
3,3413,-6,-46.5396226415094
3,3414,46,0.68359375
3,3415,-62,108.439024390244
3,3416,50,-46.5396226415094
3,3417,13,108.439024390244
3,3418,-10,95.703125
3,3419,-35,0.68359375
3,3420,-15,-18.3432343234323
3,3421,-13,-18.3432343234323
3,3422,-1,0.68359375
3,3423,24,0.68359375
3,3424,50,-20.0909090909091
3,3425,124,124.6
3,3426,122,177.447674418605
3,3427,161,-185.676470588235
3,3428,43,-234.622807017544
3,3429,132,-10.75
3,3430,11,-38.4
3,3431,-32,-10.75
3,3432,55,-18.3432343234323
3,3433,-58,-20.0909090909091
3,3434,-58,-46.5396226415094
3,3435,-74,-46.5396226415094
3,3436,42,-46.5396226415094
3,3437,-155,-20.0909090909091
3,3438,-83,-46.5396226415094
3,3439,-88,9.37037037037037
3,3440,10,-46.5396226415094
3,3441,-69,95.703125
3,3442,-48,-46.5396226415094
3,3443,-32,-46.5396226415094
3,3444,-39,-18.3432343234323
3,3445,-37,-18.3432343234323
3,3446,-1,-18.3432343234323
3,3447,10,0.68359375
3,3448,13,95.703125
3,3449,105,73.0970873786408
3,3450,160,177.447674418605
3,3451,104,130.6875
3,3452,107,-234.622807017544
3,3453,173,-38.4
3,3454,2,-38.4
3,3455,-8,-10.75
3,3456,-34,0.68359375
3,3457,18,-18.3432343234323
3,3458,-84,-20.0909090909091
3,3459,-82,-46.5396226415094
3,3460,-43,-46.5396226415094
3,3461,-139,-46.5396226415094
3,3462,-68,-46.5396226415094
3,3463,-20,-46.5396226415094
3,3464,-118,-18.3432343234323
3,3465,-59,-46.5396226415094
3,3466,-35,-46.5396226415094
3,3467,-3,-18.3432343234323
3,3468,-6,0.68359375
3,3469,3,0.68359375
3,3470,27,0.68359375
3,3471,104,95.703125
3,3472,378,177.447674418605
3,3473,148,177.447674418605
3,3474,-383,-234.622807017544
3,3475,-95,-10.75
3,3476,52,-85.75
3,3477,43,24.5529411764706
3,3478,-8,-20.0909090909091
3,3479,-4,0.68359375
3,3480,22,0.68359375
3,3481,156,95.703125
3,3482,386,257.010752688172
3,3483,-12,-69.0952380952381
3,3484,-177,-155.380952380952
3,3485,-184,-108.934210526316
3,3486,-196,-85.75
3,3487,-97,9.37037037037037
3,3488,-82,9.37037037037037
3,3489,-52,-46.5396226415094
3,3490,-14,-46.5396226415094
3,3491,-12,46
3,3492,-3,0.68359375
3,3493,0,110.557692307692
3,3494,31,0.68359375
3,3495,148,95.703125
3,3496,385,177.447674418605
3,3497,141,-69.0952380952381
3,3498,-375,-234.622807017544
3,3499,-159,-10.75
3,3500,51,-85.75
3,3501,20,24.5529411764706
3,3502,20,-20.0909090909091
3,3503,9,-20.0909090909091
3,3504,-4,-20.0909090909091
3,3505,201,110.557692307692
3,3506,377,257.010752688172
3,3507,-60,-69.0952380952381
3,3508,-277,-155.380952380952
3,3509,-98,-108.934210526316
3,3510,-132,-85.75
3,3511,-90,-46.5396226415094
3,3512,-80,-46.5396226415094
3,3513,-64,-46.5396226415094
3,3514,-22,-46.5396226415094
3,3515,-16,110.557692307692
3,3516,-3,-18.3432343234323
3,3517,2,0.68359375
3,3518,28,0.68359375
3,3519,134,95.703125
3,3520,375,177.447674418605
3,3521,121,-69.0952380952381
3,3522,-365,-234.622807017544
3,3523,-100,-10.75
3,3524,23,-85.75
3,3525,89,24.5529411764706
3,3526,-12,-20.0909090909091
3,3527,-1,0.68359375
3,3528,-2,46
3,3529,152,110.557692307692
3,3530,272,257.010752688172
3,3531,58,-69.0952380952381
3,3532,-244,-155.380952380952
3,3533,-130,-108.934210526316
3,3534,-110,-85.75
3,3535,-50,-46.5396226415094
3,3536,-125,-46.5396226415094
3,3537,-64,-46.5396226415094
3,3538,-37,-46.5396226415094
3,3539,-10,110.557692307692
3,3540,-7,0.68359375
3,3541,1,0.68359375
3,3542,28,0.68359375
3,3543,136,95.703125
3,3544,356,177.447674418605
3,3545,155,-69.0952380952381
3,3546,-344,-234.622807017544
3,3547,-127,-10.75
3,3548,27,-85.75
3,3549,99,24.5529411764706
3,3550,-21,17.5
3,3551,-50,-18.3432343234323
3,3552,68,-46.5396226415094
3,3553,133,10.25
3,3554,403,257.010752688172
3,3555,-56,-234.622807017544
3,3556,-211,-155.380952380952
3,3557,-124,-108.934210526316
3,3558,-165,-85.75
3,3559,-85,-46.5396226415094
3,3560,-51,9.37037037037037
3,3561,-100,-46.5396226415094
3,3562,-48,-46.5396226415094
3,3563,-10,-46.5396226415094
3,3564,-11,0.68359375
3,3565,2,0.68359375
3,3566,19,0.68359375
3,3567,110,73.0970873786408
3,3568,289,177.447674418605
3,3569,272,-69.0952380952381
3,3570,-318,-234.622807017544
3,3571,-133,-155.380952380952
3,3572,15,-108.934210526316
3,3573,105,24.5529411764706
3,3574,47,17.5
3,3575,-43,-20.0909090909091
3,3576,24,-46.5396226415094
3,3577,126,95.703125
3,3578,270,257.010752688172
3,3579,-70,-69.0952380952381
3,3580,-168,-155.380952380952
3,3581,-147,-108.934210526316
3,3582,-69,-85.75
3,3583,-48,-46.5396226415094
3,3584,-76,-46.5396226415094
3,3585,-9,-46.5396226415094
3,3586,-83,46
3,3587,-34,-46.5396226415094
3,3588,-49,-18.3432343234323
3,3589,-32,-46.5396226415094
3,3590,11,-18.3432343234323
3,3591,61,95.703125
3,3592,7,135.215384615385
3,3593,157,0.68359375
3,3594,96,-24.7
3,3595,126,-69.0952380952381
3,3596,103,-24.7
3,3597,-38,-234.622807017544
3,3598,54,-18.3432343234323
3,3599,8,-20.0909090909091
3,3600,-38,0.68359375
3,3601,-21,-18.3432343234323
3,3602,-39,-18.3432343234323
3,3603,-44,-18.3432343234323
3,3604,-91,-46.5396226415094
3,3605,3,-46.5396226415094
3,3606,-47,0.68359375
3,3607,-102,-46.5396226415094
3,3608,16,-46.5396226415094
3,3609,-72,-15.6
3,3610,-42,-46.5396226415094
3,3611,-43,-46.5396226415094
3,3612,-44,-46.5396226415094
3,3613,-19,-46.5396226415094
3,3614,3,-18.3432343234323
3,3615,17,0.68359375
3,3616,32,95.703125
3,3617,119,73.0970873786408
3,3618,85,177.447674418605
3,3619,147,-69.0952380952381
3,3620,86,-24.7
3,3621,3,-234.622807017544
3,3622,-10,0.68359375
3,3623,8,0.68359375
3,3624,-25,0.68359375
3,3625,33,-18.3432343234323
3,3626,13,-20.0909090909091
3,3627,-31,-20.0909090909091
3,3628,-115,-18.3432343234323
3,3629,-12,-46.5396226415094
3,3630,-110,0.68359375
3,3631,-94,-46.5396226415094
3,3632,-49,-46.5396226415094
3,3633,-69,-46.5396226415094
3,3634,-17,-46.5396226415094
3,3635,-7,-18.3432343234323
3,3636,-11,0.68359375
3,3637,1,0.68359375
3,3638,30,0.68359375
3,3639,107,73.0970873786408
3,3640,359,177.447674418605
3,3641,148,135.215384615385
3,3642,-335,-234.622807017544
3,3643,-169,-10.75
3,3644,55,-85.75
3,3645,59,24.5529411764706
3,3646,-13,-20.0909090909091
3,3647,11,0.68359375
3,3648,0,-20.0909090909091
3,3649,168,110.557692307692
3,3650,373,257.010752688172
3,3651,31,-69.0952380952381
3,3652,-235,-155.380952380952
3,3653,-202,-108.934210526316
3,3654,-144,-85.75
3,3655,-86,9.37037037037037
3,3656,-84,-46.5396226415094
3,3657,-52,-46.5396226415094
3,3658,-12,-46.5396226415094
3,3659,-10,110.557692307692
3,3660,6,110.557692307692
3,3661,-8,0.68359375
3,3662,25,0.68359375
3,3663,107,95.703125
3,3664,167,130.6875
3,3665,310,135.215384615385
3,3666,-328,-234.622807017544
3,3667,-160,-155.380952380952
3,3668,-60,-108.934210526316
3,3669,30,-85.75
3,3670,-36,-20.0909090909091
3,3671,1,-18.3432343234323
3,3672,56,0.68359375
3,3673,123,66.4761904761905
3,3674,442,174
3,3675,-28,-185.676470588235
3,3676,-162,-155.380952380952
3,3677,-105,-108.934210526316
3,3678,-112,-85.75
3,3679,-67,-46.5396226415094
3,3680,-118,-46.5396226415094
3,3681,-55,-46.5396226415094
3,3682,-6,-46.5396226415094
3,3683,-24,46
3,3684,4,-18.3432343234323
3,3685,2,0.68359375
3,3686,30,0.68359375
3,3687,154,95.703125
3,3688,311,130.6875
3,3689,208,-69.0952380952381
3,3690,-361,-234.622807017544
3,3691,-154,-155.380952380952
3,3692,48,-85.75
3,3693,88,24.5529411764706
3,3694,-79,-20.0909090909091
3,3695,65,-46.5396226415094
3,3696,-39,-20.0909090909091
3,3697,111,110.557692307692
3,3698,465,257.010752688172
3,3699,-113,-69.0952380952381
3,3700,-73,-155.380952380952
3,3701,-223,-108.934210526316
3,3702,-52,-85.75
3,3703,-158,9.37037037037037
3,3704,-85,-46.5396226415094
3,3705,-105,9.37037037037037
3,3706,-27,-46.5396226415094
3,3707,-12,-18.3432343234323
3,3708,-4,110.557692307692
3,3709,1,0.68359375
3,3710,34,0.68359375
3,3711,141,197.245614035088
3,3712,325,177.447674418605
3,3713,213,-69.0952380952381
3,3714,-362,-234.622807017544
3,3715,-178,-155.380952380952
3,3716,49,-108.934210526316
3,3717,37,24.5529411764706
3,3718,19,-20.0909090909091
3,3719,14,-20.0909090909091
3,3720,26,-20.0909090909091
3,3721,114,95.703125
3,3722,429,257.010752688172
3,3723,-44,-69.0952380952381
3,3724,-244,-155.380952380952
3,3725,-144,-108.934210526316
3,3726,-98,-85.75
3,3727,-95,-46.5396226415094
3,3728,-70,-46.5396226415094
3,3729,-78,-46.5396226415094
3,3730,-43,-46.5396226415094
3,3731,-36,-46.5396226415094
3,3732,-10,-18.3432343234323
3,3733,9,0.68359375
3,3734,19,95.703125
3,3735,118,95.703125
3,3736,279,177.447674418605
3,3737,223,-69.0952380952381
3,3738,-287,-234.622807017544
3,3739,-150,-155.380952380952
3,3740,70,-108.934210526316
3,3741,117,-20.0909090909091
3,3742,-10,17.5
3,3743,-17,-106.853448275862
3,3744,1,-18.3432343234323
3,3745,181,110.557692307692
3,3746,265,257.010752688172
3,3747,-130,-69.0952380952381
3,3748,-226,-155.380952380952
3,3749,-82,-108.934210526316
3,3750,-52,-85.75
3,3751,-12,-46.5396226415094
3,3752,-99,0.68359375
3,3753,-85,-46.5396226415094
3,3754,-42,-46.5396226415094
3,3755,-28,-46.5396226415094
3,3756,-40,-18.3432343234323
3,3757,-19,-18.3432343234323
3,3758,15,-18.3432343234323
3,3759,24,95.703125
3,3760,31,95.703125
3,3761,126,73.0970873786408
3,3762,163,-24.7
3,3763,68,-69.0952380952381
3,3764,131,-106.853448275862
3,3765,37,-38.4
3,3766,14,-10.75
3,3767,-44,-20.0909090909091
3,3768,10,-46.5396226415094
3,3769,-41,-20.0909090909091
3,3770,51,-46.5396226415094
3,3771,-22,-20.0909090909091
3,3772,-110,-18.3432343234323
3,3773,-109,-46.5396226415094
3,3774,-62,-46.5396226415094
3,3775,-10,-46.5396226415094
3,3776,-97,0.68359375
3,3777,-35,-46.5396226415094
3,3778,-60,-18.3432343234323
3,3779,-14,-46.5396226415094
3,3780,-46,0.68359375
3,3781,-10,-46.5396226415094
3,3782,-1,0.68359375
3,3783,6,0.68359375
3,3784,25,0.68359375
3,3785,71,95.703125
3,3786,155,135.215384615385
3,3787,162,-24.7
3,3788,110,-234.622807017544
3,3789,69,-234.622807017544
3,3790,-1,-10.75
3,3791,-32,0.68359375
3,3792,-119,-18.3432343234323
3,3793,117,-46.5396226415094
3,3794,13,17.5
3,3795,-80,-106.853448275862
3,3796,-123,-46.5396226415094
3,3797,-88,-46.5396226415094
3,3798,-56,-46.5396226415094
3,3799,-93,-46.5396226415094
3,3800,-45,-46.5396226415094
3,3801,-68,-46.5396226415094
3,3802,-26,-46.5396226415094
3,3803,-5,-18.3432343234323
3,3804,-5,0.68359375
3,3805,5,0.68359375
3,3806,14,0.68359375
3,3807,14,73.0970873786408
3,3808,108,95.703125
3,3809,329,130.6875
3,3810,-224,-76
3,3811,-159,-155.380952380952
3,3812,30,-108.934210526316
3,3813,47,-20.0909090909091
3,3814,57,-20.0909090909091
3,3815,-6,-20.0909090909091
3,3816,18,0.68359375
3,3817,95,95.703125
3,3818,391,257.010752688172
3,3819,-81,-76
3,3820,-179,-155.380952380952
3,3821,-101,-108.934210526316
3,3822,-89,-85.75
3,3823,-109,-46.5396226415094
3,3824,-90,-46.5396226415094
3,3825,-39,-46.5396226415094
3,3826,-21,-18.3432343234323
3,3827,1,-18.3432343234323
3,3828,-7,0.68359375
3,3829,2,0.68359375
3,3830,27,0.68359375
3,3831,124,95.703125
3,3832,319,177.447674418605
3,3833,193,-69.0952380952381
3,3834,-345,-234.622807017544
3,3835,-148,-10.75
3,3836,50,-85.75
3,3837,62,24.5529411764706
3,3838,-20,-20.0909090909091
3,3839,-45,-18.3432343234323
3,3840,32,-46.5396226415094
3,3841,75,95.703125
3,3842,477,257.010752688172
3,3843,-16,-114.487179487179
3,3844,-281,-155.380952380952
3,3845,-56,-108.934210526316
3,3846,-182,-85.75
3,3847,15,-46.5396226415094
3,3848,-166,-20.0909090909091
3,3849,-72,-46.5396226415094
3,3850,-26,9.37037037037037
3,3851,-21,110.557692307692
3,3852,2,-18.3432343234323
3,3853,-1,0.68359375
3,3854,32,0.68359375
3,3855,126,95.703125
3,3856,299,197.245614035088
3,3857,179,-69.0952380952381
3,3858,-327,-234.622807017544
3,3859,-149,-10.75
3,3860,21,-85.75
3,3861,-8,24.5529411764706
3,3862,31,0.68359375
3,3863,-21,-20.0909090909091
3,3864,-11,-18.3432343234323
3,3865,156,110.557692307692
3,3866,356,257.010752688172
3,3867,-19,-69.0952380952381
3,3868,-133,-155.380952380952
3,3869,-132,-108.934210526316
3,3870,-63,-85.75
3,3871,-87,-46.5396226415094
3,3872,-134,-46.5396226415094
3,3873,-54,-46.5396226415094
3,3874,-51,-46.5396226415094
3,3875,0,-46.5396226415094
3,3876,-7,0.68359375
3,3877,1,0.68359375
3,3878,28,0.68359375
3,3879,110,95.703125
3,3880,313,197.245614035088
3,3881,127,-69.0952380952381
3,3882,-334,-234.622807017544
3,3883,-106,-10.75
3,3884,11,-85.75
3,3885,54,24.5529411764706
3,3886,-43,-20.0909090909091
3,3887,4,-46.5396226415094
3,3888,18,0.68359375
3,3889,126,95.703125
3,3890,295,257.010752688172
3,3891,25,-69.0952380952381
3,3892,-141,-155.380952380952
3,3893,-63,-108.934210526316
3,3894,-125,-85.75
3,3895,-68,-46.5396226415094
3,3896,-97,-46.5396226415094
3,3897,-53,-46.5396226415094
3,3898,-62,-46.5396226415094
3,3899,-19,-46.5396226415094
3,3900,-5,-18.3432343234323
3,3901,3,0.68359375
3,3902,28,0.68359375
3,3903,84,95.703125
3,3904,237,177.447674418605
3,3905,254,177.447674418605
3,3906,-280,-234.622807017544
3,3907,-148,-155.380952380952
3,3908,51,-108.934210526316
3,3909,18,24.5529411764706
3,3910,46,-20.0909090909091
3,3911,-37,-20.0909090909091
3,3912,21,-18.3432343234323
3,3913,96,95.703125
3,3914,266,257.010752688172
3,3915,-141,-76
3,3916,-143,-155.380952380952
3,3917,-160,-108.934210526316
3,3918,15,-85.75
3,3919,-20,24.5529411764706
3,3920,-23,-18.3432343234323
3,3921,-58,-18.3432343234323
3,3922,7,-46.5396226415094
3,3923,-30,46
3,3924,-51,-18.3432343234323
3,3925,-23,-46.5396226415094
3,3926,-7,-18.3432343234323
3,3927,35,0.68359375
3,3928,31,95.703125
3,3929,89,45.6
3,3930,165,177.447674418605
3,3931,162,-24.7
3,3932,22,-234.622807017544
3,3933,86,-10.75
3,3934,-38,24.5529411764706
3,3935,45,-18.3432343234323
3,3936,-126,-20.0909090909091
3,3937,30,-46.5396226415094
3,3938,17,-20.0909090909091
3,3939,-49,-20.0909090909091
3,3940,-56,-46.5396226415094
3,3941,-39,-46.5396226415094
3,3942,-64,-18.3432343234323
3,3943,-43,-46.5396226415094
3,3944,-54,-46.5396226415094
3,3945,-62,-46.5396226415094
3,3946,-36,-46.5396226415094
3,3947,-13,-18.3432343234323
3,3948,-54,0.68359375
3,3949,-47,-46.5396226415094
3,3950,-5,-46.5396226415094
3,3951,17,0.68359375
3,3952,46,95.703125
3,3953,70,124.6
3,3954,91,135.215384615385
3,3955,220,95.65625
3,3956,54,-24.7
3,3957,50,-155.380952380952
3,3958,29,24.5529411764706
3,3959,-34,-20.0909090909091
3,3960,-64,-18.3432343234323
3,3961,-26,-46.5396226415094
3,3962,71,-18.3432343234323
3,3963,2,-20.0909090909091
3,3964,-111,46
3,3965,-91,-46.5396226415094
3,3966,-79,-46.5396226415094
3,3967,-75,-46.5396226415094
3,3968,-91,-46.5396226415094
3,3969,-19,-46.5396226415094
3,3970,-37,-18.3432343234323
3,3971,-17,-18.3432343234323
3,3972,-9,-18.3432343234323
3,3973,-1,0.68359375
3,3974,39,0.68359375
3,3975,115,95.703125
3,3976,327,135.215384615385
3,3977,123,-185.676470588235
3,3978,-340,-234.622807017544
3,3979,-84,-10.75
3,3980,-3,-85.75
3,3981,89,0.68359375
3,3982,-10,-20.0909090909091
3,3983,-9,0.68359375
3,3984,-18,0.68359375
3,3985,181,110.557692307692
3,3986,419,257.010752688172
3,3987,-42,-69.0952380952381
3,3988,-209,-155.380952380952
3,3989,-107,-108.934210526316
3,3990,-144,-85.75
3,3991,-144,-46.5396226415094
3,3992,-84,-46.5396226415094
3,3993,-66,-46.5396226415094
3,3994,-7,-46.5396226415094
3,3995,-21,110.557692307692
3,3996,0,-18.3432343234323
3,3997,1,0.68359375
3,3998,29,0.68359375
3,3999,149,197.245614035088
3,4000,364,177.447674418605
3,4001,104,-69.0952380952381
3,4002,-328,-234.622807017544
3,4003,-138,-108.934210526316
3,4004,45,-85.75
3,4005,73,24.5529411764706
3,4006,-2,-20.0909090909091
3,4007,-39,0.68359375
3,4008,50,-18.3432343234323
3,4009,99,66.4761904761905
3,4010,484,257.010752688172
3,4011,-76,-114.487179487179
3,4012,-212,-155.380952380952
3,4013,-107,-108.934210526316
3,4014,-177,-85.75
3,4015,-83,-46.5396226415094
3,4016,-114,9.37037037037037
3,4017,-77,-46.5396226415094
3,4018,-31,-46.5396226415094
3,4019,-9,110.557692307692
3,4020,-6,0.68359375
3,4021,3,0.68359375
3,4022,25,0.68359375
3,4023,164,95.703125
3,4024,327,177.447674418605
3,4025,160,-69.0952380952381
3,4026,-405,-234.622807017544
3,4027,-110,-106.853448275862
3,4028,37,-85.75
3,4029,113,24.5529411764706
3,4030,-1,17.5
3,4031,-51,-106.853448275862
3,4032,-21,-46.5396226415094
3,4033,143,110.557692307692
3,4034,451,257.010752688172
3,4035,-39,-69.0952380952381
3,4036,-161,-155.380952380952
3,4037,-198,-108.934210526316
3,4038,-78,-85.75
3,4039,-70,9.37037037037037
3,4040,-138,-46.5396226415094
3,4041,-105,-46.5396226415094
3,4042,-29,-46.5396226415094
3,4043,-12,-18.3432343234323
3,4044,-6,110.557692307692
3,4045,4,0.68359375
3,4046,36,0.68359375
3,4047,146,95.703125
3,4048,315,197.245614035088
3,4049,109,-69.0952380952381
3,4050,-266,-234.622807017544
3,4051,-167,-108.934210526316
3,4052,27,-85.75
3,4053,65,24.5529411764706
3,4054,-40,-20.0909090909091
3,4055,18,-18.3432343234323
3,4056,-35,-20.0909090909091
3,4057,168,110.557692307692
3,4058,318,257.010752688172
3,4059,-8,-69.0952380952381
3,4060,-126,-155.380952380952
3,4061,-101,-108.934210526316
3,4062,-72,-85.75
3,4063,-124,-46.5396226415094
3,4064,-103,-46.5396226415094
3,4065,-57,-46.5396226415094
3,4066,-72,-46.5396226415094
3,4067,-24,-46.5396226415094
3,4068,-10,-18.3432343234323
3,4069,2,0.68359375
3,4070,35,0.68359375
3,4071,118,95.703125
3,4072,217,177.447674418605
3,4073,244,-69.0952380952381
3,4074,-324,-234.622807017544
3,4075,-129,-155.380952380952
3,4076,17,-108.934210526316
3,4077,38,24.5529411764706
3,4078,13,-20.0909090909091
3,4079,-6,-20.0909090909091
3,4080,-3,0.68359375
3,4081,121,110.557692307692
3,4082,188,257.010752688172
3,4083,-75,-69.0952380952381
3,4084,-101,-106.853448275862
3,4085,-55,-46.5396226415094
3,4086,-72,-46.5396226415094
3,4087,-73,-46.5396226415094
3,4088,-115,-46.5396226415094
3,4089,21,-46.5396226415094
3,4090,-11,95.703125
3,4091,3,46
3,4092,-38,0.68359375
3,4093,-5,-18.3432343234323
3,4094,-8,0.68359375
3,4095,32,0.68359375
3,4096,50,45.6
3,4097,102,124.6
3,4098,81,-114.487179487179
3,4099,129,10.25
3,4100,48,-38.4
3,4101,19,-10.75
3,4102,-43,24.5529411764706
3,4103,-19,-46.5396226415094
3,4104,-5,-18.3432343234323
3,4105,-31,0.68359375
3,4106,-11,-18.3432343234323
3,4107,-23,0.68359375
3,4108,35,-18.3432343234323
3,4109,-82,73.0970873786408
3,4110,-79,-46.5396226415094
3,4111,-41,-46.5396226415094
3,4112,-20,-46.5396226415094
3,4113,-3,-18.3432343234323
3,4114,-56,0.68359375
3,4115,-3,-46.5396226415094
3,4116,-57,0.68359375
3,4117,-29,-46.5396226415094
3,4118,6,-18.3432343234323
3,4119,17,0.68359375
3,4120,23,45.6
3,4121,92,95.703125
3,4122,77,108.439024390244
3,4123,147,10.25
3,4124,11,-24.7
3,4125,56,-106.853448275862
3,4126,-13,-20.0909090909091
3,4127,24,0.68359375
3,4128,-99,-20.0909090909091
3,4129,-32,-46.5396226415094
3,4130,100,-18.3432343234323
3,4131,-43,17.5
3,4132,12,-46.5396226415094
3,4133,-50,73.0970873786408
3,4134,-74,-46.5396226415094
3,4135,-107,-46.5396226415094
3,4136,-41,-46.5396226415094
3,4137,-67,-46.5396226415094
3,4138,-26,-46.5396226415094
3,4139,-2,-18.3432343234323
3,4140,-10,0.68359375
3,4141,7,0.68359375
3,4142,28,0.68359375
3,4143,96,73.0970873786408
3,4144,262,177.447674418605
3,4145,170,-24.7
3,4146,-273,-234.622807017544
3,4147,-121,-10.75
3,4148,27,-85.75
3,4149,56,-20.0909090909091
3,4150,-21,-20.0909090909091
3,4151,-6,-18.3432343234323
3,4152,4,0.68359375
3,4153,131,110.557692307692
3,4154,382,257.010752688172
3,4155,-17,-69.0952380952381
3,4156,-149,-155.380952380952
3,4157,-186,-108.934210526316
3,4158,-137,-85.75
3,4159,-70,9.37037037037037
3,4160,-86,-46.5396226415094
3,4161,-49,-46.5396226415094
3,4162,-39,-46.5396226415094
3,4163,-4,-18.3432343234323
3,4164,-8,0.68359375
3,4165,4,0.68359375
3,4166,29,0.68359375
3,4167,119,95.703125
3,4168,329,177.447674418605
3,4169,163,-69.0952380952381
3,4170,-374,-234.622807017544
3,4171,-63,-10.75
3,4172,8,-85.75
3,4173,55,0.68359375
3,4174,11,-20.0909090909091
3,4175,27,-20.0909090909091
3,4176,91,-20.0909090909091
3,4177,126,10.25
3,4178,195,257.010752688172
3,4179,-95,-234.622807017544
3,4180,-130,-10.75
3,4181,-121,-46.5396226415094
3,4182,-180,-46.5396226415094
3,4183,-19,-46.5396226415094
3,4184,-6,-18.3432343234323
3,4185,-12,0.68359375
3,4186,-36,46
3,4187,-30,-18.3432343234323
3,4188,-61,-18.3432343234323
3,4189,-16,-46.5396226415094
3,4190,3,-18.3432343234323
3,4191,13,0.68359375
3,4192,40,73.0970873786408
3,4193,81,73.0970873786408
3,4194,140,177.447674418605
3,4195,154,-24.7
3,4196,38,-234.622807017544
3,4197,9,-10.75
3,4198,5,24.5529411764706
3,4199,48,0.68359375
3,4200,-93,-20.0909090909091
3,4201,-65,-46.5396226415094
3,4202,25,-46.5396226415094
3,4203,16,-20.0909090909091
3,4204,2,-20.0909090909091
3,4205,119,0.68359375
3,4206,33,108.4
3,4207,-82,-106.853448275862
3,4208,-319,-46.5396226415094
3,4209,-95,-46.5396226415094
3,4210,-58,9.37037037037037
3,4211,-12,-46.5396226415094
3,4212,-11,0.68359375
3,4213,0,0.68359375
3,4214,22,46
3,4215,104,95.703125
3,4216,210,174
3,4217,207,177.447674418605
3,4218,-257,-234.622807017544
3,4219,-107,-155.380952380952
3,4220,58,9.37037037037037
3,4221,32,24.5529411764706
3,4222,34,-20.0909090909091
3,4223,-69,-20.0909090909091
3,4224,13,-46.5396226415094
3,4225,179,95.703125
3,4226,256,257.010752688172
3,4227,-82,-69.0952380952381
3,4228,-104,-155.380952380952
3,4229,-182,-108.934210526316
3,4230,2,-85.75
3,4231,-98,0.68359375
3,4232,-94,-46.5396226415094
3,4233,-29,-46.5396226415094
3,4234,-73,-18.3432343234323
3,4235,-12,-46.5396226415094
3,4236,-10,0.68359375
3,4237,-1,0.68359375
3,4238,29,0.68359375
3,4239,96,95.703125
3,4240,222,177.447674418605
3,4241,232,177.447674418605
3,4242,-281,-234.622807017544
3,4243,-94,-155.380952380952
3,4244,23,-108.934210526316
3,4245,98,24.5529411764706
3,4246,-38,17.5
3,4247,-18,-18.3432343234323
3,4248,10,-18.3432343234323
3,4249,84,95.703125
3,4250,207,257.010752688172
3,4251,-16,-76
3,4252,-142,-155.380952380952
3,4253,-82,-46.5396226415094
3,4254,-36,-46.5396226415094
3,4255,-12,-18.3432343234323
3,4256,-124,0.68359375
3,4257,-14,-46.5396226415094
3,4258,-79,0.68359375
3,4259,-13,-46.5396226415094
3,4260,-27,0.68359375
3,4261,-15,-18.3432343234323
3,4262,-2,-18.3432343234323
3,4263,17,0.68359375
3,4264,40,73.0970873786408
3,4265,81,95.703125
3,4266,104,135.215384615385
3,4267,69,95.65625
3,4268,42,95.65625
3,4269,-25,24.5529411764706
3,4270,18,-18.3432343234323
3,4271,-52,-20.0909090909091
3,4272,-2,-46.5396226415094
3,4273,-12,0.68359375
3,4274,-15,0.68359375
3,4275,-2,-18.3432343234323
3,4276,10,0.68359375
3,4277,-11,45.6
3,4278,-75,0.68359375
3,4279,19,-46.5396226415094
3,4280,-72,73.0970873786408
3,4281,-1,-46.5396226415094
3,4282,-23,0.68359375
3,4283,-54,-18.3432343234323
3,4284,-35,-46.5396226415094
3,4285,-22,-18.3432343234323
3,4286,-7,-18.3432343234323
3,4287,15,0.68359375
3,4288,31,45.6
3,4289,78,73.0970873786408
3,4290,112,177.447674418605
3,4291,77,95.65625
3,4292,70,-106.853448275862
3,4293,-13,95.65625
3,4294,-39,0.68359375
3,4295,-25,-18.3432343234323
3,4296,-14,-18.3432343234323
3,4297,-7,0.68359375
3,4298,-21,0.68359375
3,4299,-17,-18.3432343234323
3,4300,-3,-18.3432343234323
3,4301,35,0.68359375
3,4302,-78,-15.6
3,4303,-85,-46.5396226415094
3,4304,1,-46.5396226415094
3,4305,-84,0.68359375
3,4306,-21,-46.5396226415094
3,4307,-13,-18.3432343234323
3,4308,0,0.68359375
3,4309,-3,0.68359375
3,4310,26,0.68359375
3,4311,64,45.6
3,4312,138,177.447674418605
3,4313,225,135.215384615385
3,4314,-92,-234.622807017544
3,4315,-188,-155.380952380952
3,4316,41,-108.934210526316
3,4317,50,24.5529411764706
3,4318,-11,-20.0909090909091
3,4319,-13,0.68359375
3,4320,38,0.68359375
3,4321,133,95.703125
3,4322,436,177.447674418605
3,4323,23,-69.0952380952381
3,4324,-241,-155.380952380952
3,4325,-184,-108.934210526316
3,4326,-116,-85.75
3,4327,-107,9.37037037037037
3,4328,-93,-46.5396226415094
3,4329,-62,-46.5396226415094
3,4330,-54,-46.5396226415094
3,4331,1,-46.5396226415094
3,4332,-13,0.68359375
3,4333,1,0.68359375
3,4334,38,0.68359375
3,4335,145,95.703125
3,4336,333,177.447674418605
3,4337,129,-69.0952380952381
3,4338,-318,-234.622807017544
3,4339,-141,-10.75
3,4340,59,-85.75
3,4341,23,24.5529411764706
3,4342,8,-20.0909090909091
4,1,154,83.1578947368421
4,2,6,134.868421052632
4,3,-62,-106.285714285714
4,4,-51,-40.6
4,5,-49,-18.2017291066282
4,6,-52,-54.05
4,7,-31,-18.2017291066282
4,8,-12,-18.2017291066282
4,9,-16,1.3801652892562
4,10,-1,-18.2017291066282
4,11,-5,1.3801652892562
4,12,-1,1.3801652892562
4,13,24,1.3801652892562
4,14,63,89.1269841269841
4,15,143,137.925170068027
4,16,258,137.925170068027
4,17,-235,-235.627118644068
4,18,-139,-150.2109375
4,19,37,-21.0909090909091
4,20,22,27.6964285714286
4,21,28,-15.0147058823529
4,22,-30,-30.9722222222222
4,23,35,-18.2017291066282
4,24,70,89.1269841269841
4,25,237,218.744680851064
4,26,-92,-45.5625
4,27,-92,-150.2109375
4,28,-102,-117.298701298701
4,29,-57,-40.6
4,30,-47,-54.05
4,31,-26,-18.2017291066282
4,32,-68,-18.2017291066282
4,33,-18,-40.6
4,34,-7,-18.2017291066282
4,35,-5,1.3801652892562
4,36,3,1.3801652892562
4,37,29,1.3801652892562
4,38,55,89.1269841269841
4,39,169,126.791666666667
4,40,256,137.925170068027
4,41,-277,-235.627118644068
4,42,-95,-150.2109375
4,43,16,-21.0909090909091
4,44,36,27.6964285714286
4,45,19,-15.0147058823529
4,46,-52,-15.0147058823529
4,47,-5,-18.2017291066282
4,48,91,105.220338983051
4,49,224,218.744680851064
4,50,-31,-15.0147058823529
4,51,-123,-150.2109375
4,52,-81,-117.298701298701
4,53,-50,11.5
4,54,-72,-54.05
4,55,-47,-64.5666666666667
4,56,-41,-18.2017291066282
4,57,-4,-18.2017291066282
4,58,-14,51.5185185185185
4,59,-1,1.3801652892562
4,60,-3,1.3801652892562
4,61,25,1.3801652892562
4,62,60,89.1269841269841
4,63,151,126.791666666667
4,64,291,-45.5625
4,65,-256,-235.627118644068
4,66,-166,-150.2109375
4,67,3,-21.0909090909091
4,68,54,1.3801652892562
4,69,8,27.6964285714286
4,70,-45,1.3801652892562
4,71,36,-18.2017291066282
4,72,60,89.1269841269841
4,73,189,218.744680851064
4,74,-7,-45.5625
4,75,-93,-106.285714285714
4,76,-89,-117.298701298701
4,77,-32,-40.6
4,78,-50,-54.05
4,79,-51,-18.2017291066282
4,80,-53,-18.2017291066282
4,81,-9,-18.2017291066282
4,82,-16,51.5185185185185
4,83,-5,-18.2017291066282
4,84,-4,1.3801652892562
4,85,20,1.3801652892562
4,86,48,14.7
4,87,62,89.1269841269841
4,88,86,137.925170068027
4,89,-113,89.390243902439
4,90,19,-40.6
4,91,-21,24.8867924528302
4,92,75,-18.2017291066282
4,93,21,27.6964285714286
4,94,-25,-15.0147058823529
4,95,21,-18.2017291066282
4,96,70,89.1269841269841
4,97,155,-84.0769230769231
4,98,-39,137.925170068027
4,99,-132,-106.285714285714
4,100,-92,-40.6
4,101,-24,11.5
4,102,-16,-54.05
4,103,-33,-64.5666666666667
4,104,-17,-18.2017291066282
4,105,-11,-18.2017291066282
4,106,-17,51.5185185185185
4,107,-24,-18.2017291066282
4,108,-9,-18.2017291066282
4,109,2,1.3801652892562
4,110,5,1.3801652892562
4,111,16,1.3801652892562
4,112,60,89.1269841269841
4,113,67,137.925170068027
4,114,33,134.868421052632
4,115,105,89.1269841269841
4,116,18,24.8867924528302
4,117,59,24.8867924528302
4,118,-11,24.8867924528302
4,119,48,1.3801652892562
4,120,-3,-30.9722222222222
4,121,-117,1.3801652892562
4,122,-49,-40.6
4,123,-35,11.5
4,124,-86,-18.2017291066282
4,125,7,-40.6
4,126,-24,1.3801652892562
4,127,-18,-18.2017291066282
4,128,11,-18.2017291066282
4,129,-23,89.1269841269841
4,130,-22,-18.2017291066282
4,131,-30,-18.2017291066282
4,132,-16,-18.2017291066282
4,133,2,-18.2017291066282
4,134,-2,1.3801652892562
4,135,7,1.3801652892562
4,136,58,1.3801652892562
4,137,41,137.925170068027
4,138,80,89.1269841269841
4,139,64,89.390243902439
4,140,33,24.8867924528302
4,141,28,24.8867924528302
4,142,-36,24.8867924528302
4,143,30,-18.2017291066282
4,144,12,-30.9722222222222
4,145,-88,-84.0769230769231
4,146,-66,-40.6
4,147,-9,-40.6
4,148,-48,1.3801652892562
4,149,-42,-18.2017291066282
4,150,-5,-18.2017291066282
4,151,-39,1.3801652892562
4,152,-15,-18.2017291066282
4,153,-1,-18.2017291066282
4,154,-2,1.3801652892562
4,155,-3,1.3801652892562
4,156,1,1.3801652892562
4,157,21,1.3801652892562
4,158,54,89.1269841269841
4,159,145,137.925170068027
4,160,268,153.857142857143
4,161,-295,-172.409090909091
4,162,-113,-150.2109375
4,163,14,-21.0909090909091
4,164,35,27.6964285714286
4,165,-2,-15.0147058823529
4,166,-17,1.3801652892562
4,167,23,-18.2017291066282
4,168,83,89.1269841269841
4,169,217,218.744680851064
4,170,-28,-45.5625
4,171,-104,-150.2109375
4,172,-125,-117.298701298701
4,173,-19,-40.6
4,174,-68,-54.05
4,175,-42,-40.6
4,176,-37,-64.5666666666667
4,177,-7,-18.2017291066282
4,178,-6,51.5185185185185
4,179,0,1.3801652892562
4,180,-1,1.3801652892562
4,181,21,1.3801652892562
4,182,82,89.1269841269841
4,183,175,189.909090909091
4,184,233,137.925170068027
4,185,-251,-235.627118644068
4,186,-117,-150.2109375
4,187,-5,-21.0909090909091
4,188,55,1.3801652892562
4,189,4,27.6964285714286
4,190,-38,1.3801652892562
4,191,17,-18.2017291066282
4,192,130,89.1269841269841
4,193,252,218.744680851064
4,194,-57,-70.3225806451613
4,195,-174,-150.2109375
4,196,-90,-117.298701298701
4,197,-73,-54.05
4,198,-36,-54.05
4,199,-66,-64.5666666666667
4,200,-32,-40.6
4,201,-27,-18.2017291066282
4,202,3,-18.2017291066282
4,203,-4,1.3801652892562
4,204,-2,1.3801652892562
4,205,17,1.3801652892562
4,206,49,89.1269841269841
4,207,141,89.1269841269841
4,208,312,169.844444444444
4,209,-244,-172.409090909091
4,210,-143,-150.2109375
4,211,10,-21.0909090909091
4,212,36,27.6964285714286
4,213,7,-15.0147058823529
4,214,6,1.3801652892562
4,215,2,1.3801652892562
4,216,89,105.220338983051
4,217,256,218.744680851064
4,218,-13,5.76
4,219,-191,-150.2109375
4,220,-71,-117.298701298701
4,221,-31,11.5
4,222,-93,-54.05
4,223,-43,-64.5666666666667
4,224,-66,-18.2017291066282
4,225,-14,-40.6
4,226,-8,51.5185185185185
4,227,-7,1.3801652892562
4,228,-1,1.3801652892562
4,229,18,1.3801652892562
4,230,55,89.1269841269841
4,231,131,126.791666666667
4,232,240,137.925170068027
4,233,-217,-235.627118644068
4,234,-150,-150.2109375
4,235,27,-21.0909090909091
4,236,43,27.6964285714286
4,237,-11,-15.0147058823529
4,238,4,1.3801652892562
4,239,33,1.3801652892562
4,240,55,89.1269841269841
4,241,221,218.744680851064
4,242,-40,-45.5625
4,243,-83,-150.2109375
4,244,-114,-117.298701298701
4,245,-65,-40.6
4,246,-39,-54.05
4,247,-48,-18.2017291066282
4,248,-23,-18.2017291066282
4,249,-16,-18.2017291066282
4,250,-16,-18.2017291066282
4,251,-2,-18.2017291066282
4,252,-2,1.3801652892562
4,253,15,1.3801652892562
4,254,71,83.1578947368421
4,255,138,189.909090909091
4,256,215,137.925170068027
4,257,-171,-235.627118644068
4,258,-141,-150.2109375
4,259,35,-21.0909090909091
4,260,52,27.6964285714286
4,261,-18,-15.0147058823529
4,262,-28,-64.5666666666667
4,263,46,-18.2017291066282
4,264,95,89.1269841269841
4,265,177,197.465517241379
4,266,-103,-45.5625
4,267,-118,-106.285714285714
4,268,-104,-117.298701298701
4,269,-29,11.5
4,270,-15,-54.05
4,271,-42,-18.2017291066282
4,272,9,-18.2017291066282
4,273,-43,1.3801652892562
4,274,1,-18.2017291066282
4,275,-26,1.3801652892562
4,276,-12,-18.2017291066282
4,277,-2,1.3801652892562
4,278,1,1.3801652892562
4,279,23,1.3801652892562
4,280,62,89.1269841269841
4,281,67,121.966666666667
4,282,67,169.844444444444
4,283,46,89.390243902439
4,284,30,24.8867924528302
4,285,2,24.8867924528302
4,286,-26,1.3801652892562
4,287,29,-18.2017291066282
4,288,-162,27.6964285714286
4,289,-76,-40.6
4,290,-3,11.5
4,291,16,1.3801652892562
4,292,-3,5.76
4,293,1,1.3801652892562
4,294,17,1.3801652892562
4,295,-25,89.1269841269841
4,296,-9,-18.2017291066282
4,297,-10,1.3801652892562
4,298,12,1.3801652892562
4,299,-46,5.76
4,300,-8,-18.2017291066282
4,301,-5,1.3801652892562
4,302,0,1.3801652892562
4,303,12,1.3801652892562
4,304,46,89.1269841269841
4,305,30,-15.0147058823529
4,306,56,89.1269841269841
4,307,34,89.390243902439
4,308,66,24.8867924528302
4,309,26,24.8867924528302
4,310,-31,24.8867924528302
4,311,29,-18.2017291066282
4,312,24,-30.9722222222222
4,313,10,-84.0769230769231
4,314,-125,-30.9722222222222
4,315,-112,-40.6
4,316,-19,11.5
4,317,16,-18.2017291066282
4,318,125,27.6964285714286
4,319,-149,-15.0147058823529
4,320,-21,-50.5833333333333
4,321,-15,11.5
4,322,-3,-18.2017291066282
4,323,-1,1.3801652892562
4,324,15,1.3801652892562
4,325,55,27.6964285714286
4,326,162,126.791666666667
4,327,210,197.465517241379
4,328,-167,-235.627118644068
4,329,-161,-150.2109375
4,330,0,-21.0909090909091
4,331,34,1.3801652892562
4,332,-9,27.6964285714286
4,333,-1,1.3801652892562
4,334,31,1.3801652892562
4,335,57,89.1269841269841
4,336,202,197.465517241379
4,337,7,-45.5625
4,338,-146,-150.2109375
4,339,-90,-117.298701298701
4,340,-47,11.5
4,341,-67,-54.05
4,342,-41,-64.5666666666667
4,343,-23,-18.2017291066282
4,344,-9,-18.2017291066282
4,345,-10,51.5185185185185
4,346,-2,1.3801652892562
4,347,1,1.3801652892562
4,348,12,1.3801652892562
4,349,85,89.1269841269841
4,350,199,189.909090909091
4,351,230,137.925170068027
4,352,-240,-235.627118644068
4,353,-173,-150.2109375
4,354,13,-21.0909090909091
4,355,43,27.6964285714286
4,356,12,-15.0147058823529
4,357,-46,-15.0147058823529
4,358,8,-18.2017291066282
4,359,130,105.220338983051
4,360,233,218.744680851064
4,361,9,-70.3225806451613
4,362,-180,-150.2109375
4,363,-126,-117.298701298701
4,364,-22,-54.05
4,365,-72,-54.05
4,366,-67,-64.5666666666667
4,367,-28,-64.5666666666667
4,368,-13,-18.2017291066282
4,369,-9,51.5185185185185
4,370,0,1.3801652892562
4,371,0,1.3801652892562
4,372,19,1.3801652892562
4,373,78,89.1269841269841
4,374,183,189.909090909091
4,375,227,137.925170068027
4,376,-255,-235.627118644068
4,377,-145,-150.2109375
4,378,-6,-21.0909090909091
4,379,36,1.3801652892562
4,380,-12,27.6964285714286
4,381,-18,1.3801652892562
4,382,-54,-18.2017291066282
4,383,21,105.220338983051
4,384,80,218.744680851064
4,385,12,153.857142857143
4,386,-6,-15.0147058823529
4,387,-36,1.3801652892562
4,388,4,-18.2017291066282
4,389,-31,1.3801652892562
4,390,-38,-18.2017291066282
4,391,-34,-18.2017291066282
4,392,-14,-18.2017291066282
4,393,-10,1.3801652892562
4,394,2,1.3801652892562
4,395,-3,1.3801652892562
4,396,17,1.3801652892562
4,397,58,89.1269841269841
4,398,191,126.791666666667
4,399,217,137.925170068027
4,400,-246,-235.627118644068
4,401,-141,-150.2109375
4,402,2,-21.0909090909091
4,403,59,1.3801652892562
4,404,-4,27.6964285714286
4,405,-10,1.3801652892562
4,406,-10,1.3801652892562
4,407,104,105.220338983051
4,408,161,218.744680851064
4,409,18,153.857142857143
4,410,-122,-106.285714285714
4,411,-96,-40.6
4,412,-22,11.5
4,413,-70,-54.05
4,414,-23,-40.6
4,415,-41,-18.2017291066282
4,416,-30,-18.2017291066282
4,417,3,-18.2017291066282
4,418,-11,1.3801652892562
4,419,-3,1.3801652892562
4,420,15,1.3801652892562
4,421,47,89.1269841269841
4,422,166,89.1269841269841
4,423,218,169.844444444444
4,424,-173,-172.409090909091
4,425,-151,-150.2109375
4,426,29,-21.0909090909091
4,427,23,27.6964285714286
4,428,16,-15.0147058823529
4,429,-46,-30.9722222222222
4,430,45,-18.2017291066282
4,431,77,89.1269841269841
4,432,128,197.465517241379
4,433,-37,-45.5625
4,434,-97,-106.285714285714
4,435,-111,-40.6
4,436,-29,-40.6
4,437,-9,-54.05
4,438,-48,1.3801652892562
4,439,-12,-18.2017291066282
4,440,-8,1.3801652892562
4,441,-19,51.5185185185185
4,442,-17,-18.2017291066282
4,443,-5,-18.2017291066282
4,444,-2,1.3801652892562
4,445,7,1.3801652892562
4,446,10,1.3801652892562
4,447,59,89.1269841269841
4,448,12,137.925170068027
4,449,76,89.1269841269841
4,450,17,24.8867924528302
4,451,38,5.76
4,452,14,24.8867924528302
4,453,8,5.76
4,454,-119,1.3801652892562
4,455,22,-40.6
4,456,-2,-84.0769230769231
4,457,-36,1.3801652892562
4,458,-21,-18.2017291066282
4,459,-24,-18.2017291066282
4,460,-15,-18.2017291066282
4,461,-2,-18.2017291066282
4,462,-26,1.3801652892562
4,463,1,-18.2017291066282
4,464,3,1.3801652892562
4,465,3,1.3801652892562
4,466,-13,1.3801652892562
4,467,-13,1.3801652892562
4,468,2,1.3801652892562
4,469,-1,1.3801652892562
4,470,16,1.3801652892562
4,471,8,37.7058823529412
4,472,37,1.3801652892562
4,473,28,89.1269841269841
4,474,33,89.1269841269841
4,475,16,24.8867924528302
4,476,-2,24.8867924528302
4,477,-27,1.3801652892562
4,478,44,-18.2017291066282
4,479,9,27.6964285714286
4,480,-77,1.3801652892562
4,481,9,-40.6
4,482,-16,1.3801652892562
4,483,-23,-18.2017291066282
4,484,-21,-18.2017291066282
4,485,-8,-18.2017291066282
4,486,-5,1.3801652892562
4,487,-14,1.3801652892562
4,488,-3,1.3801652892562
4,489,-2,1.3801652892562
4,490,-3,1.3801652892562
4,491,1,1.3801652892562
4,492,15,1.3801652892562
4,493,55,37.7058823529412
4,494,123,137.925170068027
4,495,222,121.966666666667
4,496,-212,-235.627118644068
4,497,-134,-150.2109375
4,498,19,-21.0909090909091
4,499,28,27.6964285714286
4,500,22,-15.0147058823529
4,501,-5,-15.0147058823529
4,502,20,1.3801652892562
4,503,56,89.1269841269841
4,504,196,218.744680851064
4,505,-2,-15.0147058823529
4,506,-142,-106.285714285714
4,507,-49,-117.298701298701
4,508,-67,11.5
4,509,-45,-54.05
4,510,-66,-64.5666666666667
4,511,-22,-40.6
4,512,-8,-18.2017291066282
4,513,-3,51.5185185185185
4,514,0,1.3801652892562
4,515,-1,1.3801652892562
4,516,20,1.3801652892562
4,517,68,89.1269841269841
4,518,190,137.925170068027
4,519,233,137.925170068027
4,520,-251,-235.627118644068
4,521,-164,-150.2109375
4,522,14,-21.0909090909091
4,523,60,27.6964285714286
4,524,1,-15.0147058823529
4,525,-49,1.3801652892562
4,526,21,-18.2017291066282
4,527,121,89.1269841269841
4,528,257,218.744680851064
4,529,-117,-70.3225806451613
4,530,-125,-150.2109375
4,531,-97,-21.0909090909091
4,532,-75,-54.05
4,533,-32,-54.05
4,534,-20,-64.5666666666667
4,535,-35,-18.2017291066282
4,536,-17,-18.2017291066282
4,537,-1,-18.2017291066282
4,538,-1,1.3801652892562
4,539,-2,1.3801652892562
4,540,24,1.3801652892562
4,541,70,89.1269841269841
4,542,226,189.909090909091
4,543,194,137.925170068027
4,544,-284,-235.627118644068
4,545,-111,-106.285714285714
4,546,18,-21.0909090909091
4,547,25,27.6964285714286
4,548,7,-15.0147058823529
4,549,-36,1.3801652892562
4,550,37,-18.2017291066282
4,551,60,89.1269841269841
4,552,256,218.744680851064
4,553,-19,-45.5625
4,554,-157,-150.2109375
4,555,-100,-117.298701298701
4,556,-33,11.5
4,557,-71,-54.05
4,558,-49,-64.5666666666667
4,559,-35,-18.2017291066282
4,560,-18,-18.2017291066282
4,561,2,-18.2017291066282
4,562,-6,1.3801652892562
4,563,2,1.3801652892562
4,564,17,1.3801652892562
4,565,67,89.1269841269841
4,566,201,189.909090909091
4,567,210,137.925170068027
4,568,-296,-235.627118644068
4,569,-158,-150.2109375
4,570,27,-21.0909090909091
4,571,-26,27.6964285714286
4,572,19,-54.05
4,573,-33,-30.9722222222222
4,574,22,-18.2017291066282
4,575,65,83.1578947368421
4,576,171,218.744680851064
4,577,64,-15.0147058823529
4,578,-95,-186.64
4,579,-42,-40.6
4,580,-71,-18.2017291066282
4,581,-34,-54.05
4,582,-38,-18.2017291066282
4,583,-39,-18.2017291066282
4,584,-16,-18.2017291066282
4,585,-6,-18.2017291066282
4,586,-11,1.3801652892562
4,587,0,1.3801652892562
4,588,15,1.3801652892562
4,589,55,89.1269841269841
4,590,155,126.791666666667
4,591,294,137.925170068027
4,592,-237,-235.627118644068
4,593,-167,-150.2109375
4,594,26,-21.0909090909091
4,595,56,27.6964285714286
4,596,7,-15.0147058823529
4,597,-35,1.3801652892562
4,598,51,-18.2017291066282
4,599,86,89.1269841269841
4,600,158,218.744680851064
4,601,-88,-45.5625
4,602,-95,-106.285714285714
4,603,-111,-40.6
4,604,-42,-40.6
4,605,-22,-54.05
4,606,-25,-18.2017291066282
4,607,4,-18.2017291066282
4,608,-41,1.3801652892562
4,609,0,-18.2017291066282
4,610,-27,1.3801652892562
4,611,-11,-18.2017291066282
4,612,-6,1.3801652892562
4,613,8,1.3801652892562
4,614,32,1.3801652892562
4,615,61,89.1269841269841
4,616,36,121.966666666667
4,617,67,89.1269841269841
4,618,81,89.390243902439
4,619,83,24.8867924528302
4,620,15,24.8867924528302
4,621,43,-30.9722222222222
4,622,72,-30.9722222222222
4,623,-95,-15.0147058823529
4,624,-40,-40.6
4,625,-118,-18.2017291066282
4,626,-58,-40.6
4,627,-40,11.5
4,628,-34,-18.2017291066282
4,629,4,-18.2017291066282
4,630,-44,1.3801652892562
4,631,0,-18.2017291066282
4,632,-2,1.3801652892562
4,633,-24,1.3801652892562
4,634,-33,-18.2017291066282
4,635,-12,-18.2017291066282
4,636,-1,1.3801652892562
4,637,3,1.3801652892562
4,638,9,1.3801652892562
4,639,42,1.3801652892562
4,640,37,89.1269841269841
4,641,98,89.1269841269841
4,642,35,89.390243902439
4,643,29,24.8867924528302
4,644,6,24.8867924528302
4,645,-24,1.3801652892562
4,646,16,-18.2017291066282
4,647,-41,27.6964285714286
4,648,-55,-18.2017291066282
4,649,10,-40.6
4,650,-48,-84.0769230769231
4,651,-16,-18.2017291066282
4,652,-67,-18.2017291066282
4,653,19,-40.6
4,654,-20,14.7
4,655,6,-18.2017291066282
4,656,-26,1.3801652892562
4,657,5,-18.2017291066282
4,658,-12,1.3801652892562
4,659,-2,1.3801652892562
4,660,4,1.3801652892562
4,661,34,1.3801652892562
4,662,76,37.7058823529412
4,663,-10,189.909090909091
4,664,33,1.3801652892562
4,665,65,89.1269841269841
4,666,73,5.76
4,667,31,24.8867924528302
4,668,-49,24.8867924528302
4,669,26,-18.2017291066282
4,670,-9,89.1269841269841
4,671,-27,1.3801652892562
4,672,-11,-18.2017291066282
4,673,-70,1.3801652892562
4,674,-46,-40.6
4,675,-28,-18.2017291066282
4,676,-36,-18.2017291066282
4,677,-36,-18.2017291066282
4,678,-14,-18.2017291066282
4,679,-5,1.3801652892562
4,680,-4,1.3801652892562
4,681,-1,1.3801652892562
4,682,13,1.3801652892562
4,683,71,89.1269841269841
4,684,193,189.909090909091
4,685,185,137.925170068027
4,686,-247,-235.627118644068
4,687,-132,-106.285714285714
4,688,1,-21.0909090909091
4,689,77,1.3801652892562
4,690,-32,27.6964285714286
4,691,-7,-64.5666666666667
4,692,36,1.3801652892562
4,693,94,89.1269841269841
4,694,178,218.744680851064
4,695,-7,-45.5625
4,696,-121,-106.285714285714
4,697,-77,-117.298701298701
4,698,-73,11.5
4,699,-54,-54.05
4,700,-53,-18.2017291066282
4,701,-23,-18.2017291066282
4,702,-17,-18.2017291066282
4,703,-1,-18.2017291066282
4,704,-2,1.3801652892562
4,705,-2,1.3801652892562
4,706,28,1.3801652892562
4,707,60,89.1269841269841
4,708,212,126.791666666667
4,709,274,137.925170068027
4,710,-324,-235.627118644068
4,711,-113,-150.2109375
4,712,32,-21.0909090909091
4,713,36,27.6964285714286
4,714,-17,-15.0147058823529
4,715,-13,-18.2017291066282
4,716,18,1.3801652892562
4,717,103,89.1269841269841
4,718,231,218.744680851064
4,719,-4,-15.0147058823529
4,720,-198,-150.2109375
4,721,-53,-117.298701298701
4,722,-35,11.5
4,723,-92,-54.05
4,724,-85,-64.5666666666667
4,725,-20,-40.6
4,726,-27,-18.2017291066282
4,727,-6,105.220338983051
4,728,-3,1.3801652892562
4,729,-5,1.3801652892562
4,730,31,1.3801652892562
4,731,59,89.1269841269841
4,732,235,137.925170068027
4,733,234,169.844444444444
4,734,-318,-235.627118644068
4,735,-94,-150.2109375
4,736,34,-21.0909090909091
4,737,42,27.6964285714286
4,738,-6,-15.0147058823529
4,739,-26,1.3801652892562
4,740,25,-18.2017291066282
4,741,126,89.1269841269841
4,742,267,218.744680851064
4,743,-88,-70.3225806451613
4,744,-153,-150.2109375
4,745,-100,-117.298701298701
4,746,-47,-54.05
4,747,-85,-54.05
4,748,-52,-64.5666666666667
4,749,-39,-18.2017291066282
4,750,-28,-18.2017291066282
4,751,-13,-18.2017291066282
4,752,0,1.3801652892562
4,753,-3,1.3801652892562
4,754,24,1.3801652892562
4,755,56,89.1269841269841
4,756,190,126.791666666667
4,757,197,169.844444444444
4,758,-225,-235.627118644068
4,759,-103,-106.285714285714
4,760,22,-21.0909090909091
4,761,65,27.6964285714286
4,762,-45,-15.0147058823529
4,763,-152,-18.2017291066282
4,764,63,-40.6
4,765,84,-4.18181818181818
4,766,78,218.744680851064
4,767,44,24.8867924528302
4,768,-67,-30.9722222222222
4,769,-66,-40.6
4,770,-15,-40.6
4,771,-46,-18.2017291066282
4,772,-20,-18.2017291066282
4,773,-25,-18.2017291066282
4,774,-15,-18.2017291066282
4,775,-8,-18.2017291066282
4,776,-31,1.3801652892562
4,777,-5,-18.2017291066282
4,778,1,1.3801652892562
4,779,10,1.3801652892562
4,780,10,14.7
4,781,70,89.1269841269841
4,782,29,137.925170068027
4,783,61,89.1269841269841
4,784,27,24.8867924528302
4,785,48,24.8867924528302
4,786,-32,24.8867924528302
4,787,-10,-18.2017291066282
4,788,16,1.3801652892562
4,789,-37,27.6964285714286
4,790,-36,-18.2017291066282
4,791,-26,-18.2017291066282
4,792,16,-18.2017291066282
4,793,-44,14.7
4,794,-20,-18.2017291066282
4,795,-3,-18.2017291066282
4,796,9,1.3801652892562
4,797,-21,1.3801652892562
4,798,-15,-18.2017291066282
4,799,-13,-18.2017291066282
4,800,-21,1.3801652892562
4,801,-15,-18.2017291066282
4,802,-1,-18.2017291066282
4,803,-3,1.3801652892562
4,804,20,1.3801652892562
4,805,37,89.1269841269841
4,806,28,89.1269841269841
4,807,101,89.1269841269841
4,808,39,89.390243902439
4,809,78,24.8867924528302
4,810,20,24.8867924528302
4,811,6,24.8867924528302
4,812,22,1.3801652892562
4,813,-14,27.6964285714286
4,814,-52,1.3801652892562
4,815,-71,-18.2017291066282
4,816,-73,-40.6
4,817,-55,-40.6
4,818,-5,-40.6
4,819,-12,1.3801652892562
4,820,-7,1.3801652892562
4,821,-35,1.3801652892562
4,822,-23,-18.2017291066282
4,823,-2,-18.2017291066282
4,824,-2,1.3801652892562
4,825,-1,1.3801652892562
4,826,15,1.3801652892562
4,827,74,89.1269841269841
4,828,190,189.909090909091
4,829,248,169.844444444444
4,830,-298,-235.627118644068
4,831,-126,-150.2109375
4,832,-1,-21.0909090909091
4,833,74,1.3801652892562
4,834,5,27.6964285714286
4,835,-24,1.3801652892562
4,836,16,-18.2017291066282
4,837,112,89.1269841269841
4,838,243,218.744680851064
4,839,-2,-70.3225806451613
4,840,-193,-150.2109375
4,841,-115,-117.298701298701
4,842,-24,11.5
4,843,-103,-54.05
4,844,-36,-64.5666666666667
4,845,-46,-18.2017291066282
4,846,-4,-18.2017291066282
4,847,-3,105.220338983051
4,848,3,1.3801652892562
4,849,-4,1.3801652892562
4,850,19,1.3801652892562
4,851,80,89.1269841269841
4,852,224,189.909090909091
4,853,234,153.857142857143
4,854,-327,-235.627118644068
4,855,-100,-150.2109375
4,856,31,-21.0909090909091
4,857,20,27.6964285714286
4,858,7,-15.0147058823529
4,859,-56,1.3801652892562
4,860,32,-40.6
4,861,121,89.1269841269841
4,862,243,218.744680851064
4,863,-81,-70.3225806451613
4,864,-143,-150.2109375
4,865,-102,-117.298701298701
4,866,-16,-54.05
4,867,-87,-54.05
4,868,-36,-64.5666666666667
4,869,-33,-18.2017291066282
4,870,-26,-18.2017291066282
4,871,-2,-18.2017291066282
4,872,-2,1.3801652892562
4,873,27,1.3801652892562
4,874,75,83.1578947368421
4,875,149,189.909090909091
4,876,-137,169.844444444444
4,877,-78,-106.285714285714
4,878,-28,11.5
4,879,0,-18.2017291066282
4,880,60,1.3801652892562
4,881,6,27.6964285714286
4,882,-20,1.3801652892562
4,883,34,-18.2017291066282
4,884,77,197.465517241379
4,885,86,134.868421052632
4,886,-61,24.8867924528302
4,887,-90,-40.6
4,888,-5,-40.6
4,889,-58,1.3801652892562
4,890,16,-40.6
4,891,-22,27.6964285714286
4,892,-22,-18.2017291066282
4,893,1,-18.2017291066282
4,894,-6,1.3801652892562
4,895,-3,1.3801652892562
4,896,2,1.3801652892562
4,897,13,1.3801652892562
4,898,91,89.1269841269841
4,899,195,137.925170068027
4,900,290,121.966666666667
4,901,-308,-235.627118644068
4,902,-153,-150.2109375
4,903,35,-21.0909090909091
4,904,52,27.6964285714286
4,905,-9,-15.0147058823529
4,906,0,1.3801652892562
4,907,12,1.3801652892562
4,908,138,89.1269841269841
4,909,239,218.744680851064
4,910,-75,-70.3225806451613
4,911,-197,-150.2109375
4,912,-74,-117.298701298701
4,913,-57,-54.05
4,914,-71,-54.05
4,915,-41,-64.5666666666667
4,916,-39,-18.2017291066282
4,917,-26,-18.2017291066282
4,918,-14,105.220338983051
4,919,-3,1.3801652892562
4,920,-1,1.3801652892562
4,921,22,1.3801652892562
4,922,68,89.1269841269841
4,923,170,189.909090909091
4,924,287,169.844444444444
4,925,-235,-235.627118644068
4,926,-182,-150.2109375
4,927,62,-21.0909090909091
4,928,40,27.6964285714286
4,929,-12,-15.0147058823529
4,930,-17,1.3801652892562
4,931,-127,-18.2017291066282
4,932,-28,105.220338983051
4,933,78,11.5
4,934,32,27.6964285714286
4,935,14,-15.0147058823529
4,936,-74,83.1578947368421
4,937,1,-40.6
4,938,-26,1.3801652892562
4,939,-52,-18.2017291066282
4,940,-1,-18.2017291066282
4,941,22,1.3801652892562
4,942,-6,-84.0769230769231
4,943,-17,1.3801652892562
4,944,-19,-18.2017291066282
4,945,0,-18.2017291066282
4,946,5,1.3801652892562
4,947,9,1.3801652892562
4,948,32,1.3801652892562
4,949,46,37.7058823529412
4,950,74,89.1269841269841
4,951,46,89.390243902439
4,952,85,24.8867924528302
4,953,40,24.8867924528302
4,954,91,24.8867924528302
4,955,-31,-30.9722222222222
4,956,68,-18.2017291066282
4,957,-82,-30.9722222222222
4,958,-82,-40.6
4,959,-78,-40.6
4,960,-76,-40.6
4,961,5,-40.6
4,962,-20,1.3801652892562
4,963,-28,-18.2017291066282
4,964,-34,-18.2017291066282
4,965,4,-18.2017291066282
4,966,4,1.3801652892562
4,967,-54,1.3801652892562
4,968,-12,-18.2017291066282
4,969,-9,1.3801652892562
4,970,0,1.3801652892562
4,971,18,1.3801652892562
4,972,43,37.7058823529412
4,973,52,121.966666666667
4,974,74,89.1269841269841
4,975,64,89.390243902439
4,976,71,89.390243902439
4,977,37,24.8867924528302
4,978,-32,24.8867924528302
4,979,2,-18.2017291066282
4,980,-35,1.3801652892562
4,981,-36,-18.2017291066282
4,982,-79,-18.2017291066282
4,983,-52,-40.6
4,984,-44,-18.2017291066282
4,985,-9,-18.2017291066282
4,986,-17,1.3801652892562
4,987,-36,-18.2017291066282
4,988,-9,-18.2017291066282
4,989,-11,1.3801652892562
4,990,-2,1.3801652892562
4,991,-3,1.3801652892562
4,992,0,1.3801652892562
4,993,17,1.3801652892562
4,994,73,89.1269841269841
4,995,169,137.925170068027
4,996,168,137.925170068027
4,997,-231,-235.627118644068
4,998,-111,-106.285714285714
4,999,17,11.5
4,1000,34,27.6964285714286
4,1001,-17,-15.0147058823529
4,1002,8,-18.2017291066282
4,1003,2,1.3801652892562
4,1004,80,105.220338983051
4,1005,177,218.744680851064
4,1006,-12,-15.0147058823529
4,1007,-149,-106.285714285714
4,1008,-47,-117.298701298701
4,1009,-59,11.5
4,1010,-42,-54.05
4,1011,-47,-64.5666666666667
4,1012,-23,-18.2017291066282
4,1013,-2,-18.2017291066282
4,1014,-2,51.5185185185185
4,1015,-3,1.3801652892562
4,1016,2,1.3801652892562
4,1017,22,1.3801652892562
4,1018,77,89.1269841269841
4,1019,173,189.909090909091
4,1020,226,153.857142857143
4,1021,-268,-235.627118644068
4,1022,-104,-150.2109375
4,1023,1,-21.0909090909091
4,1024,8,1.3801652892562
4,1025,26,1.3801652892562
4,1026,-28,-15.0147058823529
4,1027,30,-18.2017291066282
4,1028,84,89.1269841269841
4,1029,196,218.744680851064
4,1030,11,-45.5625
4,1031,-170,-106.285714285714
4,1032,-100,-117.298701298701
4,1033,-39,11.5
4,1034,-42,-54.05
4,1035,-52,-64.5666666666667
4,1036,-39,-18.2017291066282
4,1037,-10,-18.2017291066282
4,1038,-1,51.5185185185185
4,1039,-1,1.3801652892562
4,1040,0,1.3801652892562
4,1041,15,1.3801652892562
4,1042,90,89.1269841269841
4,1043,236,189.909090909091
4,1044,222,137.925170068027
4,1045,-302,-235.627118644068
4,1046,-117,-150.2109375
4,1047,14,-21.0909090909091
4,1048,54,27.6964285714286
4,1049,-10,-15.0147058823529
4,1050,-30,1.3801652892562
4,1051,34,-18.2017291066282
4,1052,79,89.1269841269841
4,1053,324,218.744680851064
4,1054,-68,-45.5625
4,1055,-183,-150.2109375
4,1056,-101,-117.298701298701
4,1057,-72,-90.6363636363636
4,1058,-29,-54.05
4,1059,-97,-64.5666666666667
4,1060,-16,-40.6
4,1061,-25,-18.2017291066282
4,1062,-10,-18.2017291066282
4,1063,-8,1.3801652892562
4,1064,-1,1.3801652892562
4,1065,27,1.3801652892562
4,1066,80,89.1269841269841
4,1067,225,137.925170068027
4,1068,251,169.844444444444
4,1069,-284,-235.627118644068
4,1070,-163,-150.2109375
4,1071,66,-21.0909090909091
4,1072,47,27.6964285714286
4,1073,-18,-15.0147058823529
4,1074,-30,-64.5666666666667
4,1075,-18,-18.2017291066282
4,1076,157,105.220338983051
4,1077,255,218.744680851064
4,1078,-7,-70.3225806451613
4,1079,-174,-150.2109375
4,1080,-114,-117.298701298701
4,1081,-69,-54.05
4,1082,-80,-54.05
4,1083,-59,-64.5666666666667
4,1084,-40,-40.6
4,1085,-28,-18.2017291066282
4,1086,-15,-18.2017291066282
4,1087,-4,-18.2017291066282
4,1088,-6,1.3801652892562
4,1089,28,1.3801652892562
4,1090,56,89.1269841269841
4,1091,183,126.791666666667
4,1092,233,169.844444444444
4,1093,-217,-235.627118644068
4,1094,-125,-150.2109375
4,1095,28,-21.0909090909091
4,1096,14,27.6964285714286
4,1097,23,-15.0147058823529
4,1098,-46,-30.9722222222222
4,1099,60,-18.2017291066282
4,1100,105,-4.18181818181818
4,1101,223,218.744680851064
4,1102,-96,-45.5625
4,1103,-226,-150.2109375
4,1104,-85,-117.298701298701
4,1105,-18,11.5
4,1106,-34,-54.05
4,1107,-21,-64.5666666666667
4,1108,-9,-18.2017291066282
4,1109,-26,1.3801652892562
4,1110,-9,105.220338983051
4,1111,-26,1.3801652892562
4,1112,-12,-18.2017291066282
4,1113,6,1.3801652892562
4,1114,2,1.3801652892562
4,1115,28,1.3801652892562
4,1116,71,89.1269841269841
4,1117,37,134.868421052632
4,1118,75,89.1269841269841
4,1119,51,89.390243902439
4,1120,55,24.8867924528302
4,1121,28,24.8867924528302
4,1122,22,24.8867924528302
4,1123,27,-30.9722222222222
4,1124,-16,-30.9722222222222
4,1125,-36,-18.2017291066282
4,1126,-57,-18.2017291066282
4,1127,-113,-40.6
4,1128,-63,-40.6
4,1129,-11,-40.6
4,1130,-10,1.3801652892562
4,1131,-17,1.3801652892562
4,1132,-14,-18.2017291066282
4,1133,-8,1.3801652892562
4,1134,5,1.3801652892562
4,1135,-44,1.3801652892562
4,1136,-15,-18.2017291066282
4,1137,3,-18.2017291066282
4,1138,7,1.3801652892562
4,1139,55,1.3801652892562
4,1140,18,137.925170068027
4,1141,128,40.2
4,1142,81,-4.18181818181818
4,1143,111,-70.3225806451613
4,1144,54,-130.51724137931
4,1145,37,-186.64
4,1146,-14,24.8867924528302
4,1147,22,1.3801652892562
4,1148,-11,-30.9722222222222
4,1149,-109,1.3801652892562
4,1150,-131,-40.6
4,1151,-87,-40.6
4,1152,-24,11.5
4,1153,-53,-18.2017291066282
4,1154,-42,-64.5666666666667
4,1155,-28,-18.2017291066282
4,1156,-14,-18.2017291066282
4,1157,-1,1.3801652892562
4,1158,-7,1.3801652892562
4,1159,1,1.3801652892562
4,1160,13,1.3801652892562
4,1161,72,89.1269841269841
4,1162,180,189.909090909091
4,1163,296,137.925170068027
4,1164,-283,-235.627118644068
4,1165,-144,-150.2109375
4,1166,13,-21.0909090909091
4,1167,71,27.6964285714286
4,1168,29,-15.0147058823529
4,1169,-29,-15.0147058823529
4,1170,12,-18.2017291066282
4,1171,99,89.1269841269841
4,1172,312,218.744680851064
4,1173,68,-15.0147058823529
4,1174,-266,-186.64
4,1175,-160,-117.298701298701
4,1176,-81,-90.6363636363636
4,1177,-72,-54.05
4,1178,-70,-64.5666666666667
4,1179,-37,-64.5666666666667
4,1180,-10,-18.2017291066282
4,1181,-15,105.220338983051
4,1182,1,-18.2017291066282
4,1183,-1,1.3801652892562
4,1184,23,1.3801652892562
4,1185,89,89.1269841269841
4,1186,195,189.909090909091
4,1187,285,137.925170068027
4,1188,-251,-235.627118644068
4,1189,-199,-150.2109375
4,1190,76,-21.0909090909091
4,1191,25,27.6964285714286
4,1192,-11,-15.0147058823529
4,1193,-21,1.3801652892562
4,1194,52,-18.2017291066282
4,1195,101,89.1269841269841
4,1196,311,218.744680851064
4,1197,58,-45.5625
4,1198,-255,-186.64
4,1199,-128,-117.298701298701
4,1200,-107,-90.6363636363636
4,1201,-74,-54.05
4,1202,-83,-64.5666666666667
4,1203,-48,-64.5666666666667
4,1204,-12,-18.2017291066282
4,1205,-25,105.220338983051
4,1206,2,-18.2017291066282
4,1207,1,1.3801652892562
4,1208,22,1.3801652892562
4,1209,94,83.1578947368421
4,1210,247,189.909090909091
4,1211,294,137.925170068027
4,1212,-311,-235.627118644068
4,1213,-163,-150.2109375
4,1214,32,-21.0909090909091
4,1215,47,27.6964285714286
4,1216,-13,-15.0147058823529
4,1217,-30,1.3801652892562
4,1218,59,-18.2017291066282
4,1219,73,-4.18181818181818
4,1220,426,218.744680851064
4,1221,-33,-45.5625
4,1222,-277,-150.2109375
4,1223,-142,-117.298701298701
4,1224,-42,-90.6363636363636
4,1225,-86,-54.05
4,1226,-111,-64.5666666666667
4,1227,-31,-64.5666666666667
4,1228,-37,-18.2017291066282
4,1229,-4,105.220338983051
4,1230,-12,1.3801652892562
4,1231,7,1.3801652892562
4,1232,12,1.3801652892562
4,1233,91,89.1269841269841
4,1234,264,189.909090909091
4,1235,242,134.868421052632
4,1236,-308,-235.627118644068
4,1237,-151,-150.2109375
4,1238,47,-21.0909090909091
4,1239,54,27.6964285714286
4,1240,8,-15.0147058823529
4,1241,-15,1.3801652892562
4,1242,29,-18.2017291066282
4,1243,139,89.1269841269841
4,1244,287,218.744680851064
4,1245,33,-70.3225806451613
4,1246,-321,-150.2109375
4,1247,-95,-117.298701298701
4,1248,-87,-90.6363636363636
4,1249,-74,-54.05
4,1250,-72,-64.5666666666667
4,1251,-40,-40.6
4,1252,-31,-18.2017291066282
4,1253,-22,105.220338983051
4,1254,-1,-18.2017291066282
4,1255,0,1.3801652892562
4,1256,29,1.3801652892562
4,1257,67,83.1578947368421
4,1258,179,189.909090909091
4,1259,284,169.844444444444
4,1260,-250,-235.627118644068
4,1261,-132,-150.2109375
4,1262,27,-21.0909090909091
4,1263,87,27.6964285714286
4,1264,-34,-15.0147058823529
4,1265,-58,-64.5666666666667
4,1266,-95,-40.6
4,1267,22,105.220338983051
4,1268,129,218.744680851064
4,1269,150,-15.0147058823529
4,1270,-112,-70.3225806451613
4,1271,-61,-106.285714285714
4,1272,-83,-40.6
4,1273,-4,-54.05
4,1274,-22,1.3801652892562
4,1275,-26,-18.2017291066282
4,1276,-31,-18.2017291066282
4,1277,-27,-18.2017291066282
4,1278,-16,-18.2017291066282
4,1279,-24,-18.2017291066282
4,1280,6,-18.2017291066282
4,1281,22,1.3801652892562
4,1282,56,14.7
4,1283,132,126.791666666667
4,1284,103,-15.7272727272727
4,1285,122,-235.627118644068
4,1286,142,-15.7272727272727
4,1287,66,-235.627118644068
4,1288,35,-186.64
4,1289,4,-30.9722222222222
4,1290,-11,1.3801652892562
4,1291,6,1.3801652892562
4,1292,-37,51.5185185185185
4,1293,-88,-18.2017291066282
4,1294,-143,-40.6
4,1295,-146,-40.6
4,1296,-48,11.5
4,1297,-12,11.5
4,1298,-26,1.3801652892562
4,1299,-78,-64.5666666666667
4,1300,6,-40.6
4,1301,-57,1.3801652892562
4,1302,-38,-40.6
4,1303,-4,-18.2017291066282
4,1304,-8,1.3801652892562
4,1305,5,1.3801652892562
4,1306,31,1.3801652892562
4,1307,54,37.7058823529412
4,1308,82,126.791666666667
4,1309,173,89.390243902439
4,1310,17,-45.5625
4,1311,135,-106.285714285714
4,1312,41,-130.51724137931
4,1313,-23,-106.285714285714
4,1314,33,-54.05
4,1315,-13,-30.9722222222222
4,1316,0,1.3801652892562
4,1317,-82,1.3801652892562
4,1318,-107,-40.6
4,1319,-154,-40.6
4,1320,-25,-40.6
4,1321,-73,11.5
4,1322,-54,-40.6
4,1323,-23,-64.5666666666667
4,1324,-8,-18.2017291066282
4,1325,-7,1.3801652892562
4,1326,-6,1.3801652892562
4,1327,1,1.3801652892562
4,1328,28,1.3801652892562
4,1329,89,89.1269841269841
4,1330,234,189.909090909091
4,1331,225,137.925170068027
4,1332,-248,-235.627118644068
4,1333,-147,-150.2109375
4,1334,17,-21.0909090909091
4,1335,81,27.6964285714286
4,1336,-19,-15.0147058823529
4,1337,-3,-64.5666666666667
4,1338,26,1.3801652892562
4,1339,99,89.1269841269841
4,1340,336,218.744680851064
4,1341,80,-45.5625
4,1342,-252,-186.64
4,1343,-219,-117.298701298701
4,1344,-107,-90.6363636363636
4,1345,-75,-54.05
4,1346,-94,-64.5666666666667
4,1347,-25,-64.5666666666667
4,1348,-14,-18.2017291066282
4,1349,-5,105.220338983051
4,1350,-7,105.220338983051
4,1351,3,1.3801652892562
4,1352,14,1.3801652892562
4,1353,80,89.1269841269841
4,1354,70,189.909090909091
4,1355,346,137.925170068027
4,1356,-191,-130.51724137931
4,1357,-162,-150.2109375
4,1358,67,-21.0909090909091
4,1359,31,27.6964285714286
4,1360,23,-15.0147058823529
4,1361,-36,-30.9722222222222
4,1362,-4,-18.2017291066282
4,1363,187,1.3801652892562
4,1364,319,197.465517241379
4,1365,51,-70.3225806451613
4,1366,-246,-150.2109375
4,1367,-178,-117.298701298701
4,1368,-100,-90.6363636363636
4,1369,-89,-54.05
4,1370,-98,-64.5666666666667
4,1371,-57,-64.5666666666667
4,1372,-7,-40.6
4,1373,-16,105.220338983051
4,1374,-2,-18.2017291066282
4,1375,-4,1.3801652892562
4,1376,35,1.3801652892562
4,1377,110,83.1578947368421
4,1378,223,189.909090909091
4,1379,163,137.925170068027
4,1380,-242,-235.627118644068
4,1381,-139,-106.285714285714
4,1382,38,11.5
4,1383,37,27.6964285714286
4,1384,74,-15.0147058823529
4,1385,-78,-30.9722222222222
4,1386,18,-40.6
4,1387,135,89.1269841269841
4,1388,351,218.744680851064
4,1389,50,-70.3225806451613
4,1390,-197,-150.2109375
4,1391,-208,-117.298701298701
4,1392,-123,-90.6363636363636
4,1393,-54,-54.05
4,1394,-72,-64.5666666666667
4,1395,-84,-64.5666666666667
4,1396,-11,-64.5666666666667
4,1397,-24,105.220338983051
4,1398,1,105.220338983051
4,1399,-1,1.3801652892562
4,1400,28,1.3801652892562
4,1401,102,83.1578947368421
4,1402,225,189.909090909091
4,1403,288,137.925170068027
4,1404,-331,-235.627118644068
4,1405,-176,-150.2109375
4,1406,77,-21.0909090909091
4,1407,53,27.6964285714286
4,1408,26,-15.0147058823529
4,1409,-41,-30.9722222222222
4,1410,47,-18.2017291066282
4,1411,121,89.1269841269841
4,1412,385,218.744680851064
4,1413,-9,-172.409090909091
4,1414,-215,-150.2109375
4,1415,-162,-117.298701298701
4,1416,-50,-90.6363636363636
4,1417,-154,-54.05
4,1418,-69,-64.5666666666667
4,1419,-56,-64.5666666666667
4,1420,-45,-40.6
4,1421,-18,105.220338983051
4,1422,-22,-18.2017291066282
4,1423,-7,-18.2017291066282
4,1424,31,1.3801652892562
4,1425,82,197.465517241379
4,1426,230,189.909090909091
4,1427,316,169.844444444444
4,1428,-282,-235.627118644068
4,1429,-105,-150.2109375
4,1430,43,-21.0909090909091
4,1431,153,27.6964285714286
4,1432,-43,-15.0147058823529
4,1433,4,-106.285714285714
4,1434,40,1.3801652892562
4,1435,117,89.1269841269841
4,1436,368,218.744680851064
4,1437,-127,-70.3225806451613
4,1438,-144,-150.2109375
4,1439,-241,-21.0909090909091
4,1440,-161,-90.6363636363636
4,1441,-13,-54.05
4,1442,-95,1.3801652892562
4,1443,-20,-64.5666666666667
4,1444,-28,-64.5666666666667
4,1445,-59,-18.2017291066282
4,1446,-37,105.220338983051
4,1447,-25,-18.2017291066282
4,1448,-3,-18.2017291066282
4,1449,24,1.3801652892562
4,1450,42,14.7
4,1451,84,83.1578947368421
4,1452,95,95.2
4,1453,96,89.390243902439
4,1454,-72,89.390243902439
4,1455,-90,-40.6
4,1456,13,-40.6
4,1457,27,27.6964285714286
4,1458,67,-15.0147058823529
4,1459,-113,-84.0769230769231
4,1460,-62,-40.6
4,1461,22,-40.6
4,1462,-4,89.1269841269841
4,1463,-22,1.3801652892562
4,1464,-7,-18.2017291066282
4,1465,-21,1.3801652892562
4,1466,22,-18.2017291066282
4,1467,-25,14.7
4,1468,9,-18.2017291066282
4,1469,-54,1.3801652892562
4,1470,-17,-18.2017291066282
4,1471,-10,-18.2017291066282
4,1472,-2,1.3801652892562
4,1473,12,1.3801652892562
4,1474,21,14.7
4,1475,50,37.7058823529412
4,1476,29,89.1269841269841
4,1477,132,89.1269841269841
4,1478,73,-15.7272727272727
4,1479,37,-70.3225806451613
4,1480,7,24.8867924528302
4,1481,47,1.3801652892562
4,1482,7,-30.9722222222222
4,1483,71,1.3801652892562
4,1484,-73,-30.9722222222222
4,1485,72,-40.6
4,1486,-116,-30.9722222222222
4,1487,-116,-40.6
4,1488,-110,11.5
4,1489,-38,11.5
4,1490,-46,-18.2017291066282
4,1491,-32,-18.2017291066282
4,1492,-5,-18.2017291066282
4,1493,-8,1.3801652892562
4,1494,-19,1.3801652892562
4,1495,3,-18.2017291066282
4,1496,32,1.3801652892562
4,1497,81,89.1269841269841
4,1498,253,189.909090909091
4,1499,287,-45.5625
4,1500,-375,-235.627118644068
4,1501,-129,-150.2109375
4,1502,25,-21.0909090909091
4,1503,101,27.6964285714286
4,1504,22,-15.0147058823529
4,1505,-84,-30.9722222222222
4,1506,6,-40.6
4,1507,82,105.220338983051
4,1508,359,218.744680851064
4,1509,20,-15.0147058823529
4,1510,-226,-150.2109375
4,1511,-237,-117.298701298701
4,1512,-35,-90.6363636363636
4,1513,-93,-54.05
4,1514,-45,-64.5666666666667
4,1515,-38,-64.5666666666667
4,1516,-5,-18.2017291066282
4,1517,2,105.220338983051
4,1518,-3,105.220338983051
4,1519,-1,1.3801652892562
4,1520,14,1.3801652892562
4,1521,84,89.1269841269841
4,1522,185,189.909090909091
4,1523,295,153.857142857143
4,1524,-314,-235.627118644068
4,1525,-129,-150.2109375
4,1526,37,-21.0909090909091
4,1527,45,27.6964285714286
4,1528,-9,-15.0147058823529
4,1529,-27,1.3801652892562
4,1530,16,-18.2017291066282
4,1531,105,89.1269841269841
4,1532,309,218.744680851064
4,1533,30,-15.0147058823529
4,1534,-227,-150.2109375
4,1535,-123,-117.298701298701
4,1536,-73,-90.6363636363636
4,1537,-87,-54.05
4,1538,-70,-64.5666666666667
4,1539,-34,-64.5666666666667
4,1540,-22,-18.2017291066282
4,1541,-5,105.220338983051
4,1542,2,1.3801652892562
4,1543,-4,1.3801652892562
4,1544,39,1.3801652892562
4,1545,75,89.1269841269841
4,1546,243,189.909090909091
4,1547,300,137.925170068027
4,1548,-344,-235.627118644068
4,1549,-141,-150.2109375
4,1550,49,-21.0909090909091
4,1551,46,27.6964285714286
4,1552,5,-15.0147058823529
4,1553,-52,1.3801652892562
4,1554,-22,-18.2017291066282
4,1555,22,105.220338983051
4,1556,383,218.744680851064
4,1557,37,-15.0147058823529
4,1558,-185,-150.2109375
4,1559,-94,-117.298701298701
4,1560,-101,-90.6363636363636
4,1561,-89,-54.05
4,1562,-79,-64.5666666666667
4,1563,-45,-40.6
4,1564,-15,-18.2017291066282
4,1565,-27,-18.2017291066282
4,1566,-1,-18.2017291066282
4,1567,4,1.3801652892562
4,1568,23,1.3801652892562
4,1569,85,83.1578947368421
4,1570,250,189.909090909091
4,1571,287,-15.7272727272727
4,1572,-333,-235.627118644068
4,1573,-155,-150.2109375
4,1574,54,-21.0909090909091
4,1575,72,27.6964285714286
4,1576,-19,-15.0147058823529
4,1577,-35,-64.5666666666667
4,1578,69,-18.2017291066282
4,1579,81,-4.18181818181818
4,1580,315,218.744680851064
4,1581,-22,-45.5625
4,1582,-213,-150.2109375
4,1583,-133,-117.298701298701
4,1584,-111,-90.6363636363636
4,1585,-72,-54.05
4,1586,-58,-64.5666666666667
4,1587,-35,-64.5666666666667
4,1588,-32,-18.2017291066282
4,1589,-20,105.220338983051
4,1590,0,-18.2017291066282
4,1591,-5,1.3801652892562
4,1592,24,1.3801652892562
4,1593,60,83.1578947368421
4,1594,203,126.791666666667
4,1595,304,169.844444444444
4,1596,-272,-235.627118644068
4,1597,-134,-150.2109375
4,1598,14,-21.0909090909091
4,1599,69,27.6964285714286
4,1600,-28,-15.0147058823529
4,1601,-13,-64.5666666666667
4,1602,51,1.3801652892562
4,1603,87,89.1269841269841
4,1604,239,218.744680851064
4,1605,-46,-45.5625
4,1606,-165,-150.2109375
4,1607,-186,-117.298701298701
4,1608,11,11.5
4,1609,-67,27.6964285714286
4,1610,-30,-64.5666666666667
4,1611,-31,-64.5666666666667
4,1612,-10,-18.2017291066282
4,1613,-13,51.5185185185185
4,1614,-38,1.3801652892562
4,1615,-23,-18.2017291066282
4,1616,-3,-18.2017291066282
4,1617,18,1.3801652892562
4,1618,21,14.7
4,1619,101,83.1578947368421
4,1620,78,137.925170068027
4,1621,90,89.390243902439
4,1622,150,89.390243902439
4,1623,158,-45.5625
4,1624,17,-235.627118644068
4,1625,-87,-106.285714285714
4,1626,54,-40.6
4,1627,-70,27.6964285714286
4,1628,8,-54.05
4,1629,-202,1.3801652892562
4,1630,-57,-40.6
4,1631,-76,11.5
4,1632,-65,-40.6
4,1633,13,-64.5666666666667
4,1634,-44,14.7
4,1635,-45,-18.2017291066282
4,1636,-5,105.220338983051
4,1637,19,1.3801652892562
4,1638,-56,14.7
4,1639,-13,-40.6
4,1640,6,1.3801652892562
4,1641,79,1.3801652892562
4,1642,-13,189.909090909091
4,1643,41,1.3801652892562
4,1644,150,24.8867924528302
4,1645,85,-4.18181818181818
4,1646,91,-172.409090909091
4,1647,-6,24.8867924528302
4,1648,19,1.3801652892562
4,1649,97,89.1269841269841
4,1650,12,-84.0769230769231
4,1651,-62,-15.0147058823529
4,1652,44,-40.6
4,1653,-123,-84.0769230769231
4,1654,-86,-40.6
4,1655,-114,11.5
4,1656,-98,-40.6
4,1657,-66,-64.5666666666667
4,1658,-5,-40.6
4,1659,-46,1.3801652892562
4,1660,-12,-18.2017291066282
4,1661,0,1.3801652892562
4,1662,-1,1.3801652892562
4,1663,20,1.3801652892562
4,1664,86,89.1269841269841
4,1665,196,153.857142857143
4,1666,283,169.844444444444
4,1667,-272,-235.627118644068
4,1668,-113,-150.2109375
4,1669,5,-21.0909090909091
4,1670,72,1.3801652892562
4,1671,0,27.6964285714286
4,1672,-13,1.3801652892562
4,1673,56,1.3801652892562
4,1674,71,-4.18181818181818
4,1675,334,218.744680851064
4,1676,-111,-45.5625
4,1677,-124,-150.2109375
4,1678,-165,-117.298701298701
4,1679,-91,-90.6363636363636
4,1680,-115,-54.05
4,1681,-57,-64.5666666666667
4,1682,-33,-64.5666666666667
4,1683,-22,-18.2017291066282
4,1684,-6,-18.2017291066282
4,1685,-2,1.3801652892562
4,1686,-2,1.3801652892562
4,1687,26,1.3801652892562
4,1688,73,89.1269841269841
4,1689,241,189.909090909091
4,1690,263,137.925170068027
4,1691,-196,-235.627118644068
4,1692,-189,-150.2109375
4,1693,39,-21.0909090909091
4,1694,73,27.6964285714286
4,1695,14,-15.0147058823529
4,1696,-34,-30.9722222222222
4,1697,5,-18.2017291066282
4,1698,169,105.220338983051
4,1699,272,197.465517241379
4,1700,43,-70.3225806451613
4,1701,-242,-150.2109375
4,1702,-179,-117.298701298701
4,1703,-136,-90.6363636363636
4,1704,-85,-54.05
4,1705,-79,-64.5666666666667
4,1706,-38,-64.5666666666667
4,1707,-30,-64.5666666666667
4,1708,-6,105.220338983051
4,1709,-2,1.3801652892562
4,1710,-2,1.3801652892562
4,1711,26,1.3801652892562
4,1712,99,89.1269841269841
4,1713,240,189.909090909091
4,1714,318,169.844444444444
4,1715,-321,-235.627118644068
4,1716,-196,-150.2109375
4,1717,46,-21.0909090909091
4,1718,70,27.6964285714286
4,1719,-32,-15.0147058823529
4,1720,7,-64.5666666666667
4,1721,10,1.3801652892562
4,1722,122,89.1269841269841
4,1723,354,218.744680851064
4,1724,15,-70.3225806451613
4,1725,-265,-150.2109375
4,1726,-122,-117.298701298701
4,1727,-74,-90.6363636363636
4,1728,-117,-54.05
4,1729,-50,-64.5666666666667
4,1730,-86,11.5
4,1731,-32,-40.6
4,1732,5,105.220338983051
4,1733,-13,1.3801652892562
4,1734,-4,1.3801652892562
4,1735,28,1.3801652892562
4,1736,97,89.1269841269841
4,1737,228,189.909090909091
4,1738,284,169.844444444444
4,1739,-287,-235.627118644068
4,1740,-105,-150.2109375
4,1741,22,-21.0909090909091
4,1742,8,27.6964285714286
4,1743,15,1.3801652892562
4,1744,-4,-15.0147058823529
4,1745,-18,1.3801652892562
4,1746,133,105.220338983051
4,1747,420,218.744680851064
4,1748,-124,-70.3225806451613
4,1749,-211,-150.2109375
4,1750,-175,-21.0909090909091
4,1751,-78,-90.6363636363636
4,1752,-85,-54.05
4,1753,-13,-64.5666666666667
4,1754,-75,1.3801652892562
4,1755,-23,-40.6
4,1756,-27,105.220338983051
4,1757,-3,-18.2017291066282
4,1758,-3,1.3801652892562
4,1759,18,1.3801652892562
4,1760,57,83.1578947368421
4,1761,166,126.791666666667
4,1762,262,169.844444444444
4,1763,-132,-235.627118644068
4,1764,-138,-150.2109375
4,1765,53,-21.0909090909091
4,1766,46,27.6964285714286
4,1767,74,-15.0147058823529
4,1768,79,-30.9722222222222
4,1769,47,-30.9722222222222
4,1770,-1,89.1269841269841
4,1771,119,51.5185185185185
4,1772,-171,-45.5625
4,1773,-72,-50.5833333333333
4,1774,-160,11.5
4,1775,-62,-40.6
4,1776,-32,-54.05
4,1777,-45,-18.2017291066282
4,1778,-19,-64.5666666666667
4,1779,-25,-18.2017291066282
4,1780,-33,-18.2017291066282
4,1781,-8,-18.2017291066282
4,1782,-21,1.3801652892562
4,1783,-5,-18.2017291066282
4,1784,17,1.3801652892562
4,1785,35,89.1269841269841
4,1786,69,14.7
4,1787,153,95.2
4,1788,87,-15.7272727272727
4,1789,132,-186.64
4,1790,95,-45.5625
4,1791,53,-186.64
4,1792,-65,-30.9722222222222
4,1793,48,-40.6
4,1794,-11,-30.9722222222222
4,1795,-48,1.3801652892562
4,1796,-50,-18.2017291066282
4,1797,-104,-18.2017291066282
4,1798,-205,-40.6
4,1799,26,-40.6
4,1800,-52,-84.0769230769231
4,1801,-64,-18.2017291066282
4,1802,-33,-64.5666666666667
4,1803,-21,-18.2017291066282
4,1804,-32,-18.2017291066282
4,1805,-6,105.220338983051
4,1806,-19,1.3801652892562
4,1807,5,-18.2017291066282
4,1808,16,1.3801652892562
4,1809,9,89.1269841269841
4,1810,47,1.3801652892562
4,1811,95,89.1269841269841
4,1812,120,40.2
4,1813,105,-15.7272727272727
4,1814,53,-235.627118644068
4,1815,26,24.8867924528302
4,1816,20,-30.9722222222222
4,1817,-17,-30.9722222222222
4,1818,-10,-18.2017291066282
4,1819,-65,1.3801652892562
4,1820,-101,-40.6
4,1821,-34,-40.6
4,1822,-65,-18.2017291066282
4,1823,-81,-40.6
4,1824,-12,-40.6
4,1825,-67,1.3801652892562
4,1826,-14,-40.6
4,1827,-21,1.3801652892562
4,1828,-10,-18.2017291066282
4,1829,-3,1.3801652892562
4,1830,2,1.3801652892562
4,1831,27,1.3801652892562
4,1832,79,89.1269841269841
4,1833,220,137.925170068027
4,1834,286,137.925170068027
4,1835,-331,-235.627118644068
4,1836,-108,-150.2109375
4,1837,45,-21.0909090909091
4,1838,57,27.6964285714286
4,1839,1,-15.0147058823529
4,1840,-63,1.3801652892562
4,1841,37,-40.6
4,1842,136,89.1269841269841
4,1843,241,218.744680851064
4,1844,14,-70.3225806451613
4,1845,-225,-150.2109375
4,1846,-145,-117.298701298701
4,1847,-111,-54.05
4,1848,-57,-54.05
4,1849,-41,-64.5666666666667
4,1850,-41,-64.5666666666667
4,1851,-17,-18.2017291066282
4,1852,-7,105.220338983051
4,1853,0,1.3801652892562
4,1854,0,1.3801652892562
4,1855,22,1.3801652892562
4,1856,79,89.1269841269841
4,1857,281,189.909090909091
4,1858,308,137.925170068027
4,1859,-373,-235.627118644068
4,1860,-138,-150.2109375
4,1861,58,-21.0909090909091
4,1862,20,27.6964285714286
4,1863,24,-15.0147058823529
4,1864,-59,-30.9722222222222
4,1865,-21,-40.6
4,1866,159,105.220338983051
4,1867,382,218.744680851064
4,1868,-40,-70.3225806451613
4,1869,-225,-150.2109375
4,1870,-197,-117.298701298701
4,1871,-76,-90.6363636363636
4,1872,-79,-54.05
4,1873,-65,-64.5666666666667
4,1874,-32,-64.5666666666667
4,1875,-18,-18.2017291066282
4,1876,-10,105.220338983051
4,1877,0,105.220338983051
4,1878,25,1.3801652892562
4,1879,79,14.7
4,1880,215,189.909090909091
4,1881,274,169.844444444444
4,1882,-293,-235.627118644068
4,1883,-149,-150.2109375
4,1884,27,-21.0909090909091
4,1885,2,27.6964285714286
4,1886,-19,1.3801652892562
4,1887,-28,-64.5666666666667
4,1888,67,-18.2017291066282
4,1889,105,189.909090909091
4,1890,272,218.744680851064
4,1891,6,-45.5625
4,1892,-201,-150.2109375
4,1893,-149,-117.298701298701
4,1894,-70,-90.6363636363636
4,1895,-31,-54.05
4,1896,-73,-64.5666666666667
4,1897,-38,-64.5666666666667
4,1898,-14,-18.2017291066282
4,1899,-5,105.220338983051
4,1900,1,1.3801652892562
4,1901,-4,1.3801652892562
4,1902,20,1.3801652892562
4,1903,75,89.1269841269841
4,1904,210,189.909090909091
4,1905,318,137.925170068027
4,1906,-337,-235.627118644068
4,1907,-146,-150.2109375
4,1908,83,-21.0909090909091
4,1909,35,27.6964285714286
4,1910,-56,-15.0147058823529
4,1911,21,-64.5666666666667
4,1912,-13,-30.9722222222222
4,1913,142,105.220338983051
4,1914,303,218.744680851064
4,1915,-46,-70.3225806451613
4,1916,-177,-150.2109375
4,1917,-153,-117.298701298701
4,1918,-93,-90.6363636363636
4,1919,-29,-54.05
4,1920,-64,-64.5666666666667
4,1921,-39,-64.5666666666667
4,1922,-25,-18.2017291066282
4,1923,-19,-18.2017291066282
4,1924,0,-18.2017291066282
4,1925,-6,1.3801652892562
4,1926,16,1.3801652892562
4,1927,63,83.1578947368421
4,1928,212,126.791666666667
4,1929,267,169.844444444444
4,1930,-233,-235.627118644068
4,1931,-138,-150.2109375
4,1932,41,-21.0909090909091
4,1933,89,27.6964285714286
4,1934,36,-15.0147058823529
4,1935,-10,-30.9722222222222
4,1936,4,1.3801652892562
4,1937,111,105.220338983051
4,1938,275,218.744680851064
4,1939,-67,-70.3225806451613
4,1940,-244,-150.2109375
4,1941,-141,-117.298701298701
4,1942,-97,-90.6363636363636
4,1943,26,-54.05
4,1944,-17,27.6964285714286
4,1945,-102,-64.5666666666667
4,1946,-26,-40.6
4,1947,-14,105.220338983051
4,1948,-24,1.3801652892562
4,1949,-18,-18.2017291066282
4,1950,-7,-18.2017291066282
4,1951,14,1.3801652892562
4,1952,43,14.7
4,1953,96,14.7
4,1954,105,137.925170068027
4,1955,141,89.390243902439
4,1956,158,-15.7272727272727
4,1957,114,-235.627118644068
4,1958,0,-235.627118644068
4,1959,-18,-50.5833333333333
4,1960,-2,-54.05
4,1961,-76,1.3801652892562
4,1962,-22,-40.6
4,1963,-79,-18.2017291066282
4,1964,-22,-40.6
4,1965,-138,-18.2017291066282
4,1966,-101,-40.6
4,1967,-8,11.5
4,1968,-16,1.3801652892562
4,1969,-72,-64.5666666666667
4,1970,-18,-40.6
4,1971,-32,-18.2017291066282
4,1972,-29,-18.2017291066282
4,1973,-33,-18.2017291066282
4,1974,-2,-18.2017291066282
4,1975,6,1.3801652892562
4,1976,30,1.3801652892562
4,1977,51,83.1578947368421
4,1978,154,89.1269841269841
4,1979,170,-15.7272727272727
4,1980,107,-172.409090909091
4,1981,107,-235.627118644068
4,1982,46,-130.51724137931
4,1983,-53,24.8867924528302
4,1984,-11,-54.05
4,1985,-1,1.3801652892562
4,1986,7,1.3801652892562
4,1987,-144,51.5185185185185
4,1988,-100,-40.6
4,1989,-88,11.5
4,1990,-62,-40.6
4,1991,-95,-64.5666666666667
4,1992,-44,-40.6
4,1993,-49,-18.2017291066282
4,1994,-13,-18.2017291066282
4,1995,-14,1.3801652892562
4,1996,-6,1.3801652892562
4,1997,-2,1.3801652892562
4,1998,32,1.3801652892562
4,1999,95,89.1269841269841
4,2000,254,189.909090909091
4,2001,210,137.925170068027
4,2002,-300,-235.627118644068
4,2003,-73,-150.2109375
4,2004,27,-21.0909090909091
4,2005,20,27.6964285714286
4,2006,-8,-15.0147058823529
4,2007,25,1.3801652892562
4,2008,-13,-84.0769230769231
4,2009,83,105.220338983051
4,2010,354,218.744680851064
4,2011,-36,-15.0147058823529
4,2012,-154,-150.2109375
4,2013,-147,-117.298701298701
4,2014,-104,-90.6363636363636
4,2015,-57,-54.05
4,2016,-93,-64.5666666666667
4,2017,-78,-64.5666666666667
4,2018,-32,-40.6
4,2019,-7,-18.2017291066282
4,2020,2,1.3801652892562
4,2021,3,1.3801652892562
4,2022,21,1.3801652892562
4,2023,114,89.1269841269841
4,2024,317,189.909090909091
4,2025,212,-70.3225806451613
4,2026,-273,-235.627118644068
4,2027,-183,-150.2109375
4,2028,22,-21.0909090909091
4,2029,5,27.6964285714286
4,2030,-5,1.3801652892562
4,2031,18,1.3801652892562
4,2032,51,-84.0769230769231
4,2033,62,89.1269841269841
4,2034,411,218.744680851064
4,2035,-6,-45.5625
4,2036,-238,-150.2109375
4,2037,-135,-117.298701298701
4,2038,-105,-90.6363636363636
4,2039,-135,-54.05
4,2040,-80,-64.5666666666667
4,2041,-44,-64.5666666666667
4,2042,-24,-18.2017291066282
4,2043,-5,105.220338983051
4,2044,-3,1.3801652892562
4,2045,1,1.3801652892562
4,2046,27,1.3801652892562
4,2047,100,197.465517241379
4,2048,284,189.909090909091
4,2049,158,169.844444444444
4,2050,-311,-235.627118644068
4,2051,-118,-106.285714285714
4,2052,-28,-90.6363636363636
4,2053,-9,-54.05
4,2054,-46,1.3801652892562
4,2055,-13,-18.2017291066282
4,2056,47,1.3801652892562
4,2057,137,89.1269841269841
4,2058,253,270.666666666667
4,2059,17,-172.409090909091
4,2060,-137,-150.2109375
4,2061,-108,-117.298701298701
4,2062,-71,-54.05
4,2063,-27,-54.05
4,2064,-92,-64.5666666666667
4,2065,-45,-40.6
4,2066,-12,-18.2017291066282
4,2067,-7,51.5185185185185
4,2068,-2,1.3801652892562
4,2069,0,1.3801652892562
4,2070,26,1.3801652892562
4,2071,90,89.1269841269841
4,2072,286,189.909090909091
4,2073,271,137.925170068027
4,2074,-376,-235.627118644068
4,2075,-112,-150.2109375
4,2076,40,-21.0909090909091
4,2077,35,27.6964285714286
4,2078,-26,-15.0147058823529
4,2079,-1,-18.2017291066282
4,2080,25,1.3801652892562
4,2081,125,89.1269841269841
4,2082,361,218.744680851064
4,2083,28,-70.3225806451613
4,2084,-190,-150.2109375
4,2085,-182,-117.298701298701
4,2086,-137,-90.6363636363636
4,2087,-19,-54.05
4,2088,-104,-64.5666666666667
4,2089,-80,-64.5666666666667
4,2090,-39,-64.5666666666667
4,2091,-4,-18.2017291066282
4,2092,-11,1.3801652892562
4,2093,-7,1.3801652892562
4,2094,22,1.3801652892562
4,2095,88,89.1269841269841
4,2096,246,189.909090909091
4,2097,341,169.844444444444
4,2098,-341,-235.627118644068
4,2099,-122,-150.2109375
4,2100,17,-21.0909090909091
4,2101,108,27.6964285714286
4,2102,19,-15.0147058823529
4,2103,13,-15.0147058823529
4,2104,13,-30.9722222222222
4,2105,173,89.1269841269841
4,2106,239,218.744680851064
4,2107,-151,-70.3225806451613
4,2108,-176,-150.2109375
4,2109,-151,-21.0909090909091
4,2110,-54,-54.05
4,2111,-85,-54.05
4,2112,-15,-64.5666666666667
4,2113,-45,-64.5666666666667
4,2114,-54,-18.2017291066282
4,2115,-7,-18.2017291066282
4,2116,-52,1.3801652892562
4,2117,-20,-18.2017291066282
4,2118,-8,-18.2017291066282
4,2119,30,1.3801652892562
4,2120,45,14.7
4,2121,125,14.7
4,2122,130,137.925170068027
4,2123,151,-172.409090909091
4,2124,126,-235.627118644068
4,2125,32,-235.627118644068
4,2126,9,-50.5833333333333
4,2127,-40,1.3801652892562
4,2128,19,-54.05
4,2129,11,-84.0769230769231
4,2130,-71,-84.0769230769231
4,2131,-152,-40.6
4,2132,-362,-40.6
4,2133,-15,11.5
4,2134,63,11.5
4,2135,8,27.6964285714286
4,2136,-19,1.3801652892562
4,2137,26,-18.2017291066282
4,2138,-44,89.1269841269841
4,2139,-17,105.220338983051
4,2140,-16,-18.2017291066282
4,2141,-33,-18.2017291066282
4,2142,-1,-18.2017291066282
4,2143,6,1.3801652892562
4,2144,12,1.3801652892562
4,2145,27,83.1578947368421
4,2146,28,89.1269841269841
4,2147,-11,89.1269841269841
4,2148,9,1.3801652892562
4,2149,-16,1.3801652892562
4,2150,-9,-18.2017291066282
4,2151,1,1.3801652892562
4,2152,-15,1.3801652892562
4,2153,-2,-18.2017291066282
4,2154,-9,1.3801652892562
4,2155,12,1.3801652892562
4,2156,-4,89.1269841269841
4,2157,0,1.3801652892562
4,2158,-24,1.3801652892562
4,2159,2,-18.2017291066282
4,2160,4,1.3801652892562
4,2161,-11,1.3801652892562
4,2162,-4,1.3801652892562
4,2163,2,1.3801652892562
4,2164,-3,1.3801652892562
4,2165,2,1.3801652892562
4,2166,11,1.3801652892562
4,2167,31,37.7058823529412
4,2168,162,89.1269841269841
4,2169,275,121.966666666667
4,2170,-210,-70.3225806451613
4,2171,-172,-150.2109375
4,2172,1,-21.0909090909091
4,2173,28,1.3801652892562
4,2174,-22,27.6964285714286
4,2175,7,-64.5666666666667
4,2176,-2,1.3801652892562
4,2177,-9,105.220338983051
4,2178,129,51.5185185185185
4,2179,147,153.857142857143
4,2180,-81,-70.3225806451613
4,2181,-95,-106.285714285714
4,2182,-51,-40.6
4,2183,-63,-54.05
4,2184,-30,-54.05
4,2185,-46,-18.2017291066282
4,2186,-6,-18.2017291066282
4,2187,-4,51.5185185185185
4,2188,-1,51.5185185185185
4,2189,1,1.3801652892562
4,2190,19,1.3801652892562
4,2191,98,89.1269841269841
4,2192,270,189.909090909091
4,2193,221,121.966666666667
4,2194,-303,-235.627118644068
4,2195,-146,-150.2109375
4,2196,22,-21.0909090909091
4,2197,40,27.6964285714286
4,2198,0,-15.0147058823529
4,2199,-8,1.3801652892562
4,2200,20,1.3801652892562
4,2201,126,89.1269841269841
4,2202,329,218.744680851064
4,2203,-59,-70.3225806451613
4,2204,-150,-150.2109375
4,2205,-197,-117.298701298701
4,2206,-59,-90.6363636363636
4,2207,-69,-54.05
4,2208,-84,-64.5666666666667
4,2209,-37,-64.5666666666667
4,2210,-11,-18.2017291066282
4,2211,-18,51.5185185185185
4,2212,-4,105.220338983051
4,2213,3,1.3801652892562
4,2214,18,1.3801652892562
4,2215,82,83.1578947368421
4,2216,283,189.909090909091
4,2217,265,137.925170068027
4,2218,-333,-235.627118644068
4,2219,-139,-150.2109375
4,2220,37,-21.0909090909091
4,2221,50,27.6964285714286
4,2222,-41,-15.0147058823529
4,2223,-5,-64.5666666666667
4,2224,6,1.3801652892562
4,2225,147,105.220338983051
4,2226,356,218.744680851064
4,2227,-23,-70.3225806451613
4,2228,-166,-150.2109375
4,2229,-163,-117.298701298701
4,2230,-141,-90.6363636363636
4,2231,-47,-54.05
4,2232,-88,-64.5666666666667
4,2233,-61,-64.5666666666667
4,2234,-20,-64.5666666666667
4,2235,-10,-18.2017291066282
4,2236,-7,1.3801652892562
4,2237,-3,1.3801652892562
4,2238,14,1.3801652892562
4,2239,110,89.1269841269841
4,2240,98,189.909090909091
4,2241,137,137.925170068027
4,2242,-161,-15.7272727272727
4,2243,-62,-106.285714285714
4,2244,12,11.5
4,2245,53,27.6964285714286
4,2246,-7,-15.0147058823529
4,2247,-28,1.3801652892562
4,2248,35,-18.2017291066282
4,2249,114,89.1269841269841
4,2250,296,197.465517241379
4,2251,50,-70.3225806451613
4,2252,-200,-150.2109375
4,2253,-127,-117.298701298701
4,2254,-87,-90.6363636363636
4,2255,-67,-54.05
4,2256,-71,-64.5666666666667
4,2257,-39,-64.5666666666667
4,2258,-38,-18.2017291066282
4,2259,-13,105.220338983051
4,2260,-19,1.3801652892562
4,2261,3,-18.2017291066282
4,2262,13,1.3801652892562
4,2263,101,89.1269841269841
4,2264,195,189.909090909091
4,2265,277,169.844444444444
4,2266,-258,-235.627118644068
4,2267,-98,-150.2109375
4,2268,-3,-21.0909090909091
4,2269,74,1.3801652892562
4,2270,-1,27.6964285714286
4,2271,-6,1.3801652892562
4,2272,24,1.3801652892562
4,2273,116,89.1269841269841
4,2274,262,218.744680851064
4,2275,-48,-70.3225806451613
4,2276,-213,-150.2109375
4,2277,-152,-117.298701298701
4,2278,-81,-54.05
4,2279,-50,-54.05
4,2280,-42,-64.5666666666667
4,2281,-13,-64.5666666666667
4,2282,-36,51.5185185185185
4,2283,-10,105.220338983051
4,2284,-31,1.3801652892562
4,2285,-24,-18.2017291066282
4,2286,3,-18.2017291066282
4,2287,23,1.3801652892562
4,2288,27,14.7
4,2289,103,83.1578947368421
4,2290,56,137.925170068027
4,2291,77,89.390243902439
4,2292,67,89.390243902439
4,2293,23,24.8867924528302
4,2294,8,24.8867924528302
4,2295,51,1.3801652892562
4,2296,-32,-30.9722222222222
4,2297,-32,-18.2017291066282
4,2298,-54,-18.2017291066282
4,2299,-232,-18.2017291066282
4,2300,49,-40.6
4,2301,-37,37.7058823529412
4,2302,-18,-18.2017291066282
4,2303,-1,-64.5666666666667
4,2304,-41,1.3801652892562
4,2305,-6,-18.2017291066282
4,2306,6,105.220338983051
4,2307,-2,1.3801652892562
4,2308,-24,1.3801652892562
4,2309,-12,-18.2017291066282
4,2310,2,1.3801652892562
4,2311,1,1.3801652892562
4,2312,20,1.3801652892562
4,2313,80,153.857142857143
4,2314,78,121.966666666667
4,2315,195,169.844444444444
4,2316,31,-15.7272727272727
4,2317,173,-106.285714285714
4,2318,11,-130.51724137931
4,2319,58,-106.285714285714
4,2320,-50,-30.9722222222222
4,2321,-16,-18.2017291066282
4,2322,-65,-54.05
4,2323,-35,-40.6
4,2324,-112,-18.2017291066282
4,2325,-132,-40.6
4,2326,-39,-40.6
4,2327,-96,11.5
4,2328,-26,-40.6
4,2329,-34,-64.5666666666667
4,2330,-24,-18.2017291066282
4,2331,-16,-18.2017291066282
4,2332,-4,-18.2017291066282
4,2333,-2,1.3801652892562
4,2334,18,1.3801652892562
4,2335,103,83.1578947368421
4,2336,226,189.909090909091
4,2337,247,169.844444444444
4,2338,-328,-235.627118644068
4,2339,-111,-150.2109375
4,2340,6,-21.0909090909091
4,2341,62,1.3801652892562
4,2342,22,27.6964285714286
4,2343,-29,-15.0147058823529
4,2344,13,-18.2017291066282
4,2345,116,89.1269841269841
4,2346,336,218.744680851064
4,2347,-19,-70.3225806451613
4,2348,-193,-150.2109375
4,2349,-162,-117.298701298701
4,2350,-88,-90.6363636363636
4,2351,-87,-54.05
4,2352,-74,-64.5666666666667
4,2353,-25,-64.5666666666667
4,2354,-14,-18.2017291066282
4,2355,-13,105.220338983051
4,2356,-5,1.3801652892562
4,2357,5,1.3801652892562
4,2358,9,1.3801652892562
4,2359,9,1.3801652892562
4,2360,143,1.3801652892562
4,2361,388,134.868421052632
4,2362,-208,-70.3225806451613
4,2363,-175,-150.2109375
4,2364,55,-21.0909090909091
4,2365,40,5.76
4,2366,-20,5.76
4,2367,-45,-64.5666666666667
4,2368,30,-18.2017291066282
4,2369,120,89.1269841269841
4,2370,327,218.744680851064
4,2371,62,-70.3225806451613
4,2372,-256,-186.64
4,2373,-152,-117.298701298701
4,2374,-53,-90.6363636363636
4,2375,-71,-54.05
4,2376,-116,-64.5666666666667
4,2377,-48,-64.5666666666667
4,2378,-32,11.5
4,2379,1,105.220338983051
4,2380,-10,1.3801652892562
4,2381,-2,1.3801652892562
4,2382,29,1.3801652892562
4,2383,87,89.1269841269841
4,2384,238,189.909090909091
4,2385,308,169.844444444444
4,2386,-351,-235.627118644068
4,2387,-140,-150.2109375
4,2388,9,-21.0909090909091
4,2389,61,1.3801652892562
4,2390,-17,-15.0147058823529
4,2391,12,-64.5666666666667
4,2392,16,-30.9722222222222
4,2393,111,89.1269841269841
4,2394,362,218.744680851064
4,2395,84,-70.3225806451613
4,2396,-309,-186.64
4,2397,-166,-117.298701298701
4,2398,-99,-90.6363636363636
4,2399,-66,-54.05
4,2400,-75,-64.5666666666667
4,2401,-8,-64.5666666666667
4,2402,-66,51.5185185185185
4,2403,-7,105.220338983051
4,2404,-11,1.3801652892562
4,2405,-4,1.3801652892562
4,2406,19,1.3801652892562
4,2407,115,89.1269841269841
4,2408,248,137.925170068027
4,2409,243,-70.3225806451613
4,2410,-323,-235.627118644068
4,2411,-136,-150.2109375
4,2412,33,-21.0909090909091
4,2413,100,27.6964285714286
4,2414,-36,-15.0147058823529
4,2415,-61,-64.5666666666667
4,2416,79,-40.6
4,2417,87,-4.18181818181818
4,2418,334,218.744680851064
4,2419,2,-45.5625
4,2420,-184,-150.2109375
4,2421,-102,-117.298701298701
4,2422,-121,-90.6363636363636
4,2423,-53,-54.05
4,2424,-125,-64.5666666666667
4,2425,-32,-40.6
4,2426,-41,11.5
4,2427,-37,-18.2017291066282
4,2428,3,-64.5666666666667
4,2429,-10,1.3801652892562
4,2430,20,1.3801652892562
4,2431,111,83.1578947368421
4,2432,221,189.909090909091
4,2433,262,-70.3225806451613
4,2434,-324,-235.627118644068
4,2435,-95,-150.2109375
4,2436,59,-21.0909090909091
4,2437,-87,27.6964285714286
4,2438,107,-54.05
4,2439,-36,-130.51724137931
4,2440,101,-18.2017291066282
4,2441,97,95.2
4,2442,203,218.744680851064
4,2443,-2,-45.5625
4,2444,-189,-150.2109375
4,2445,-139,-117.298701298701
4,2446,-78,11.5
4,2447,-3,-54.05
4,2448,24,1.3801652892562
4,2449,-103,-84.0769230769231
4,2450,-46,-40.6
4,2451,-32,-18.2017291066282
4,2452,-43,-18.2017291066282
4,2453,-23,-18.2017291066282
4,2454,13,-18.2017291066282
4,2455,20,27.6964285714286
4,2456,45,14.7
4,2457,110,83.1578947368421
4,2458,87,89.390243902439
4,2459,148,89.390243902439
4,2460,143,-15.7272727272727
4,2461,-25,-235.627118644068
4,2462,-26,-106.285714285714
4,2463,-96,-18.2017291066282
4,2464,113,-54.05
4,2465,-1,-84.0769230769231
4,2466,-38,-50.5833333333333
4,2467,-68,-18.2017291066282
4,2468,-29,-40.6
4,2469,-96,-18.2017291066282
4,2470,-40,-40.6
4,2471,-52,-18.2017291066282
4,2472,-68,-18.2017291066282
4,2473,-15,-40.6
4,2474,-13,-18.2017291066282
4,2475,-28,1.3801652892562
4,2476,-65,-18.2017291066282
4,2477,-12,-40.6
4,2478,-5,1.3801652892562
4,2479,6,1.3801652892562
4,2480,19,1.3801652892562
4,2481,78,89.1269841269841
4,2482,77,189.909090909091
4,2483,142,89.390243902439
4,2484,81,-15.7272727272727
4,2485,144,-186.64
4,2486,7,-130.51724137931
4,2487,-47,-106.285714285714
4,2488,53,-54.05
4,2489,-27,27.6964285714286
4,2490,-33,-54.05
4,2491,-48,-18.2017291066282
4,2492,-80,-18.2017291066282
4,2493,-107,-40.6
4,2494,-73,-40.6
4,2495,-46,-40.6
4,2496,-55,-18.2017291066282
4,2497,-68,-40.6
4,2498,-25,-40.6
4,2499,-3,-18.2017291066282
4,2500,-1,1.3801652892562
4,2501,-3,1.3801652892562
4,2502,21,1.3801652892562
4,2503,119,89.1269841269841
4,2504,243,189.909090909091
4,2505,254,-70.3225806451613
4,2506,-289,-235.627118644068
4,2507,-160,-150.2109375
4,2508,23,-21.0909090909091
4,2509,50,27.6964285714286
4,2510,9,-15.0147058823529
4,2511,-33,1.3801652892562
4,2512,23,-18.2017291066282
4,2513,126,89.1269841269841
4,2514,381,218.744680851064
4,2515,-89,-70.3225806451613
4,2516,-134,-150.2109375
4,2517,-223,-117.298701298701
4,2518,-76,-90.6363636363636
4,2519,-74,-54.05
4,2520,-60,-64.5666666666667
4,2521,-75,-64.5666666666667
4,2522,-29,-40.6
4,2523,7,-18.2017291066282
4,2524,-10,105.220338983051
4,2525,-1,1.3801652892562
4,2526,15,1.3801652892562
4,2527,145,89.1269841269841
4,2528,298,189.909090909091
4,2529,178,-70.3225806451613
4,2530,-346,-235.627118644068
4,2531,-138,-106.285714285714
4,2532,60,-21.0909090909091
4,2533,46,27.6964285714286
4,2534,-44,-15.0147058823529
4,2535,-148,-64.5666666666667
4,2536,63,-40.6
4,2537,255,-4.18181818181818
4,2538,328,218.744680851064
4,2539,-7,-235.627118644068
4,2540,-252,-150.2109375
4,2541,-156,-117.298701298701
4,2542,-79,-90.6363636363636
4,2543,-76,-54.05
4,2544,-84,-64.5666666666667
4,2545,-28,-64.5666666666667
4,2546,-21,-18.2017291066282
4,2547,-13,105.220338983051
4,2548,1,1.3801652892562
4,2549,3,1.3801652892562
4,2550,23,1.3801652892562
4,2551,98,89.1269841269841
4,2552,292,189.909090909091
4,2553,204,137.925170068027
4,2554,-297,-235.627118644068
4,2555,-172,-150.2109375
4,2556,48,-21.0909090909091
4,2557,79,27.6964285714286
4,2558,-14,-15.0147058823529
4,2559,-23,1.3801652892562
4,2560,16,-18.2017291066282
4,2561,98,89.1269841269841
4,2562,348,218.744680851064
4,2563,-333,-15.0147058823529
4,2564,-274,-150.2109375
4,2565,-47,-21.0909090909091
4,2566,-17,-90.6363636363636
4,2567,33,-54.05
4,2568,-12,27.6964285714286
4,2569,-22,1.3801652892562
4,2570,-22,105.220338983051
4,2571,-8,105.220338983051
4,2572,0,1.3801652892562
4,2573,-1,1.3801652892562
4,2574,22,1.3801652892562
4,2575,115,89.1269841269841
4,2576,262,137.925170068027
4,2577,229,-70.3225806451613
4,2578,-269,-235.627118644068
4,2579,-207,-150.2109375
4,2580,102,-21.0909090909091
4,2581,16,27.6964285714286
4,2582,46,-15.0147058823529
4,2583,-71,-30.9722222222222
4,2584,24,-40.6
4,2585,150,89.1269841269841
4,2586,311,218.744680851064
4,2587,38,-70.3225806451613
4,2588,-217,-150.2109375
4,2589,-179,-117.298701298701
4,2590,-144,-90.6363636363636
4,2591,2,-54.05
4,2592,-97,1.3801652892562
4,2593,-71,-64.5666666666667
4,2594,-18,-64.5666666666667
4,2595,-15,105.220338983051
4,2596,-18,-18.2017291066282
4,2597,-4,-18.2017291066282
4,2598,17,1.3801652892562
4,2599,109,89.1269841269841
4,2600,216,189.909090909091
4,2601,269,137.925170068027
4,2602,-298,-235.627118644068
4,2603,-112,-150.2109375
4,2604,81,-21.0909090909091
4,2605,57,27.6964285714286
4,2606,15,-15.0147058823529
4,2607,-29,-30.9722222222222
4,2608,105,-18.2017291066282
4,2609,86,-4.18181818181818
4,2610,254,218.744680851064
4,2611,-183,-45.5625
4,2612,-93,-150.2109375
4,2613,-162,-21.0909090909091
4,2614,-71,-40.6
4,2615,-36,-54.05
4,2616,-54,-18.2017291066282
4,2617,-44,-64.5666666666667
4,2618,-43,-18.2017291066282
4,2619,-37,-18.2017291066282
4,2620,-22,-18.2017291066282
4,2621,-25,-18.2017291066282
4,2622,4,-18.2017291066282
4,2623,20,1.3801652892562
4,2624,34,14.7
4,2625,111,83.1578947368421
4,2626,157,89.390243902439
4,2627,76,-70.3225806451613
4,2628,111,-186.64
4,2629,37,-45.5625
4,2630,100,-50.5833333333333
4,2631,-44,-30.9722222222222
4,2632,-25,-18.2017291066282
4,2633,1,-18.2017291066282
4,2634,-15,51.5185185185185
4,2635,-30,-18.2017291066282
4,2636,-107,-18.2017291066282
4,2637,-152,-40.6
4,2638,-57,-40.6
4,2639,44,11.5
4,2640,-98,153.857142857143
4,2641,-78,-64.5666666666667
4,2642,-4,-40.6
4,2643,-12,1.3801652892562
4,2644,-54,1.3801652892562
4,2645,-19,-18.2017291066282
4,2646,3,-18.2017291066282
4,2647,9,1.3801652892562
4,2648,39,1.3801652892562
4,2649,96,153.857142857143
4,2650,66,137.925170068027
4,2651,128,89.390243902439
4,2652,78,-15.7272727272727
4,2653,103,-186.64
4,2654,71,24.8867924528302
4,2655,-50,-30.9722222222222
4,2656,-53,-54.05
4,2657,65,-18.2017291066282
4,2658,-86,-84.0769230769231
4,2659,-89,-40.6
4,2660,-50,-40.6
4,2661,-109,-18.2017291066282
4,2662,-61,-40.6
4,2663,-38,-40.6
4,2664,-57,-18.2017291066282
4,2665,-39,-40.6
4,2666,-24,-18.2017291066282
4,2667,-9,-18.2017291066282
4,2668,0,1.3801652892562
4,2669,4,1.3801652892562
4,2670,20,1.3801652892562
4,2671,39,89.1269841269841
4,2672,10,89.1269841269841
4,2673,81,89.1269841269841
4,2674,-46,89.390243902439
4,2675,-51,-18.2017291066282
4,2676,20,-18.2017291066282
4,2677,106,27.6964285714286
4,2678,-9,-15.0147058823529
4,2679,-5,1.3801652892562
4,2680,25,1.3801652892562
4,2681,-85,89.1269841269841
4,2682,118,-40.6
4,2683,71,-45.5625
4,2684,4,-70.3225806451613
4,2685,-115,1.3801652892562
4,2686,-37,-40.6
4,2687,-23,-54.05
4,2688,-54,-18.2017291066282
4,2689,-43,-18.2017291066282
4,2690,-13,-18.2017291066282
4,2691,-15,51.5185185185185
4,2692,2,-18.2017291066282
4,2693,-1,1.3801652892562
4,2694,3,1.3801652892562
4,2695,16,1.3801652892562
4,2696,68,89.1269841269841
4,2697,317,137.925170068027
4,2698,-54,137.925170068027
4,2699,-184,-150.2109375
4,2700,53,-117.298701298701
4,2701,40,5.76
4,2702,-25,-15.0147058823529
4,2703,-55,-64.5666666666667
4,2704,72,-40.6
4,2705,118,-4.18181818181818
4,2706,304,189.909090909091
4,2707,55,-235.627118644068
4,2708,-221,-186.64
4,2709,-249,-117.298701298701
4,2710,-154,-90.6363636363636
4,2711,-26,-54.05
4,2712,-12,-64.5666666666667
4,2713,-32,1.3801652892562
4,2714,-18,-64.5666666666667
4,2715,-2,105.220338983051
4,2716,-13,105.220338983051
4,2717,-2,1.3801652892562
4,2718,34,1.3801652892562
4,2719,120,89.1269841269841
4,2720,282,189.909090909091
4,2721,210,-70.3225806451613
4,2722,-303,-235.627118644068
4,2723,-155,-150.2109375
4,2724,75,-21.0909090909091
4,2725,63,27.6964285714286
4,2726,20,-15.0147058823529
4,2727,-87,-30.9722222222222
4,2728,11,-40.6
4,2729,172,89.1269841269841
4,2730,427,218.744680851064
4,2731,-27,-70.3225806451613
4,2732,-256,-150.2109375
4,2733,-131,-117.298701298701
4,2734,-66,-90.6363636363636
4,2735,-107,-54.05
4,2736,-153,-64.5666666666667
4,2737,-54,-64.5666666666667
4,2738,-51,11.5
4,2739,-12,105.220338983051
4,2740,-13,1.3801652892562
4,2741,13,1.3801652892562
4,2742,19,14.7
4,2743,124,89.1269841269841
4,2744,315,197.465517241379
4,2745,160,-70.3225806451613
4,2746,-288,-235.627118644068
4,2747,-141,-106.285714285714
4,2748,74,-90.6363636363636
4,2749,69,27.6964285714286
4,2750,-21,-15.0147058823529
4,2751,-57,-64.5666666666667
4,2752,46,-40.6
4,2753,114,89.1269841269841
4,2754,422,270.666666666667
4,2755,16,-172.409090909091
4,2756,-331,-150.2109375
4,2757,-91,-117.298701298701
4,2758,-147,-90.6363636363636
4,2759,-48,-54.05
4,2760,-85,-64.5666666666667
4,2761,-96,-40.6
4,2762,-21,-64.5666666666667
4,2763,-28,105.220338983051
4,2764,-7,-18.2017291066282
4,2765,-3,1.3801652892562
4,2766,23,1.3801652892562
4,2767,148,14.7
4,2768,333,189.909090909091
4,2769,230,-70.3225806451613
4,2770,-384,-235.627118644068
4,2771,-106,-150.2109375
4,2772,79,-21.0909090909091
4,2773,26,27.6964285714286
4,2774,35,-15.0147058823529
4,2775,-45,-30.9722222222222
4,2776,41,-18.2017291066282
4,2777,177,89.1269841269841
4,2778,244,218.744680851064
4,2779,-143,-172.409090909091
4,2780,-186,-150.2109375
4,2781,-146,-21.0909090909091
4,2782,-79,-54.05
4,2783,-7,-54.05
4,2784,-77,1.3801652892562
4,2785,-26,-64.5666666666667
4,2786,-44,-18.2017291066282
4,2787,-35,-18.2017291066282
4,2788,-36,-18.2017291066282
4,2789,-19,-18.2017291066282
4,2790,-2,-18.2017291066282
4,2791,38,1.3801652892562
4,2792,45,14.7
4,2793,100,83.1578947368421
4,2794,97,95.2
4,2795,160,89.390243902439
4,2796,134,-15.7272727272727
4,2797,56,-235.627118644068
4,2798,62,-186.64
4,2799,26,-30.9722222222222
4,2800,-58,-30.9722222222222
4,2801,-30,-54.05
4,2802,-16,-18.2017291066282
4,2803,19,-18.2017291066282
4,2804,-213,-84.0769230769231
4,2805,-117,-40.6
4,2806,-56,11.5
4,2807,79,11.5
4,2808,-99,189.909090909091
4,2809,-69,-40.6
4,2810,-40,-40.6
4,2811,-32,105.220338983051
4,2812,-32,-18.2017291066282
4,2813,-50,-18.2017291066282
4,2814,-8,-18.2017291066282
4,2815,17,1.3801652892562
4,2816,65,14.7
4,2817,81,126.791666666667
4,2818,142,169.844444444444
4,2819,119,-15.7272727272727
4,2820,149,-235.627118644068
4,2821,56,-235.627118644068
4,2822,-30,-186.64
4,2823,-64,-54.05
4,2824,-41,-54.05
4,2825,75,-54.05
4,2826,-28,-84.0769230769231
4,2827,-75,-18.2017291066282
4,2828,-72,-40.6
4,2829,-128,-40.6
4,2830,-41,-40.6
4,2831,-88,11.5
4,2832,-59,-40.6
4,2833,-46,-64.5666666666667
4,2834,-25,-18.2017291066282
4,2835,-4,-18.2017291066282
4,2836,-9,1.3801652892562
4,2837,5,1.3801652892562
4,2838,8,1.3801652892562
4,2839,64,1.3801652892562
4,2840,74,126.791666666667
4,2841,117,134.868421052632
4,2842,-84,-45.5625
4,2843,-87,-50.5833333333333
4,2844,7,-40.6
4,2845,64,1.3801652892562
4,2846,14,27.6964285714286
4,2847,-4,-15.0147058823529
4,2848,45,1.3801652892562
4,2849,90,89.1269841269841
4,2850,193,134.868421052632
4,2851,22,-45.5625
4,2852,-82,-106.285714285714
4,2853,-112,-117.298701298701
4,2854,-95,-40.6
4,2855,-99,-54.05
4,2856,-45,-40.6
4,2857,-61,-18.2017291066282
4,2858,-9,-40.6
4,2859,-16,51.5185185185185
4,2860,-6,-18.2017291066282
4,2861,2,1.3801652892562
4,2862,10,1.3801652892562
4,2863,120,14.7
4,2864,187,189.909090909091
4,2865,266,-70.3225806451613
4,2866,-257,-235.627118644068
4,2867,-133,-150.2109375
4,2868,-11,-21.0909090909091
4,2869,65,1.3801652892562
4,2870,-11,27.6964285714286
4,2871,-21,1.3801652892562
4,2872,23,-18.2017291066282
4,2873,141,89.1269841269841
4,2874,399,218.744680851064
4,2875,0,-70.3225806451613
4,2876,-421,-150.2109375
4,2877,9,-117.298701298701
4,2878,-112,1.3801652892562
4,2879,-87,-54.05
4,2880,-69,-64.5666666666667
4,2881,-58,-40.6
4,2882,-15,-40.6
4,2883,-20,105.220338983051
4,2884,-7,-18.2017291066282
4,2885,-2,1.3801652892562
4,2886,32,1.3801652892562
4,2887,125,14.7
4,2888,308,189.909090909091
4,2889,251,-70.3225806451613
4,2890,-422,-235.627118644068
4,2891,-106,-150.2109375
4,2892,6,-21.0909090909091
4,2893,51,1.3801652892562
4,2894,22,27.6964285714286
4,2895,-22,-15.0147058823529
4,2896,9,-18.2017291066282
4,2897,21,105.220338983051
4,2898,7,218.744680851064
4,2899,42,1.3801652892562
4,2900,49,27.6964285714286
4,2901,-81,-15.0147058823529
4,2902,-50,-40.6
4,2903,-86,-18.2017291066282
4,2904,-53,-40.6
4,2905,-50,-18.2017291066282
4,2906,-26,-18.2017291066282
4,2907,-14,-18.2017291066282
4,2908,-12,1.3801652892562
4,2909,1,1.3801652892562
4,2910,25,1.3801652892562
4,2911,126,89.1269841269841
4,2912,259,189.909090909091
4,2913,277,-70.3225806451613
4,2914,-391,-235.627118644068
4,2915,-116,-150.2109375
4,2916,36,-21.0909090909091
4,2917,68,27.6964285714286
4,2918,13,-15.0147058823529
4,2919,-50,-30.9722222222222
4,2920,39,-18.2017291066282
4,2921,99,89.1269841269841
4,2922,408,218.744680851064
4,2923,-46,-45.5625
4,2924,-260,-150.2109375
4,2925,-94,-117.298701298701
4,2926,-113,-90.6363636363636
4,2927,-42,-54.05
4,2928,-76,-64.5666666666667
4,2929,-94,-40.6
4,2930,-31,-40.6
4,2931,-19,105.220338983051
4,2932,-9,-18.2017291066282
4,2933,-5,1.3801652892562
4,2934,21,1.3801652892562
4,2935,83,14.7
4,2936,246,189.909090909091
4,2937,224,169.844444444444
4,2938,-243,-235.627118644068
4,2939,-108,-150.2109375
4,2940,51,-21.0909090909091
4,2941,38,27.6964285714286
4,2942,12,-15.0147058823529
4,2943,34,-30.9722222222222
4,2944,99,-30.9722222222222
4,2945,118,-4.18181818181818
4,2946,69,218.744680851064
4,2947,-131,-186.64
4,2948,-118,-40.6
4,2949,-54,11.5
4,2950,-95,-54.05
4,2951,-43,-64.5666666666667
4,2952,-46,-18.2017291066282
4,2953,-50,-18.2017291066282
4,2954,-34,-18.2017291066282
4,2955,-18,-18.2017291066282
4,2956,-33,-18.2017291066282
4,2957,-29,-18.2017291066282
4,2958,8,-18.2017291066282
4,2959,21,1.3801652892562
4,2960,23,14.7
4,2961,87,83.1578947368421
4,2962,148,89.390243902439
4,2963,148,-15.7272727272727
4,2964,83,-235.627118644068
4,2965,9,-186.64
4,2966,10,1.3801652892562
4,2967,25,-30.9722222222222
4,2968,-51,-15.0147058823529
4,2969,-9,-18.2017291066282
4,2970,-42,1.3801652892562
4,2971,-47,-18.2017291066282
4,2972,-42,-18.2017291066282
4,2973,-118,-18.2017291066282
4,2974,-4,-40.6
4,2975,-47,1.3801652892562
4,2976,-54,-18.2017291066282
4,2977,-13,-18.2017291066282
4,2978,-59,1.3801652892562
4,2979,-17,-40.6
4,2980,-25,-18.2017291066282
4,2981,-25,-18.2017291066282
4,2982,-4,-18.2017291066282
4,2983,15,1.3801652892562
4,2984,30,14.7
4,2985,99,83.1578947368421
4,2986,119,137.925170068027
4,2987,154,-15.7272727272727
4,2988,95,-235.627118644068
4,2989,51,-186.64
4,2990,-72,24.8867924528302
4,2991,49,-54.05
4,2992,-12,-30.9722222222222
4,2993,-34,1.3801652892562
4,2994,21,-18.2017291066282
4,2995,-4,-84.0769230769231
4,2996,-76,51.5185185185185
4,2997,-50,-40.6
4,2998,-249,-18.2017291066282
4,2999,-84,-40.6
4,3000,37,11.5
4,3001,-31,27.6964285714286
4,3002,-6,-64.5666666666667
4,3003,-11,1.3801652892562
4,3004,-30,1.3801652892562
4,3005,-12,105.220338983051
4,3006,3,1.3801652892562
4,3007,11,1.3801652892562
4,3008,47,14.7
4,3009,88,37.7058823529412
4,3010,108,137.925170068027
4,3011,101,89.390243902439
4,3012,112,89.390243902439
4,3013,49,-130.51724137931
4,3014,31,-50.5833333333333
4,3015,-91,-30.9722222222222
4,3016,-5,-40.6
4,3017,41,1.3801652892562
4,3018,-96,-84.0769230769231
4,3019,-22,-40.6
4,3020,12,-18.2017291066282
4,3021,-78,-84.0769230769231
4,3022,-70,-40.6
4,3023,-90,-40.6
4,3024,-75,-40.6
4,3025,-37,-40.6
4,3026,-31,-18.2017291066282
4,3027,-6,-18.2017291066282
4,3028,-5,1.3801652892562
4,3029,2,1.3801652892562
4,3030,28,1.3801652892562
4,3031,121,89.1269841269841
4,3032,296,189.909090909091
4,3033,184,-70.3225806451613
4,3034,-377,-235.627118644068
4,3035,-74,-106.285714285714
4,3036,14,-21.0909090909091
4,3037,40,27.6964285714286
4,3038,2,-15.0147058823529
4,3039,-1,1.3801652892562
4,3040,18,51.5185185185185
4,3041,137,89.1269841269841
4,3042,388,218.744680851064
4,3043,-71,-70.3225806451613
4,3044,-184,-150.2109375
4,3045,-322,-117.298701298701
4,3046,-133,-90.6363636363636
4,3047,-16,-54.05
4,3048,-5,-64.5666666666667
4,3049,-14,1.3801652892562
4,3050,-32,51.5185185185185
4,3051,1,-18.2017291066282
4,3052,0,105.220338983051
4,3053,1,1.3801652892562
4,3054,35,1.3801652892562
4,3055,103,153.857142857143
4,3056,339,137.925170068027
4,3057,188,169.844444444444
4,3058,-366,-235.627118644068
4,3059,-128,-106.285714285714
4,3060,31,-21.0909090909091
4,3061,45,27.6964285714286
4,3062,36,-15.0147058823529
4,3063,-37,-30.9722222222222
4,3064,23,-18.2017291066282
4,3065,123,89.1269841269841
4,3066,441,218.744680851064
4,3067,-43,-70.3225806451613
4,3068,-240,-150.2109375
4,3069,-125,-117.298701298701
4,3070,-127,-90.6363636363636
4,3071,-87,-54.05
4,3072,-57,-64.5666666666667
4,3073,-99,-64.5666666666667
4,3074,-35,-64.5666666666667
4,3075,-12,105.220338983051
4,3076,-6,1.3801652892562
4,3077,0,1.3801652892562
4,3078,25,1.3801652892562
4,3079,145,89.1269841269841
4,3080,329,189.909090909091
4,3081,186,-70.3225806451613
4,3082,-382,-235.627118644068
4,3083,-91,-106.285714285714
4,3084,-2,-21.0909090909091
4,3085,74,1.3801652892562
4,3086,1,27.6964285714286
4,3087,-39,1.3801652892562
4,3088,36,-18.2017291066282
4,3089,197,89.1269841269841
4,3090,340,218.744680851064
4,3091,-42,-70.3225806451613
4,3092,-194,-150.2109375
4,3093,-112,-117.298701298701
4,3094,-120,-90.6363636363636
4,3095,-95,-54.05
4,3096,-124,-64.5666666666667
4,3097,-54,-40.6
4,3098,-52,11.5
4,3099,-18,105.220338983051
4,3100,-12,-64.5666666666667
4,3101,2,1.3801652892562
4,3102,39,1.3801652892562
4,3103,96,14.7
4,3104,261,189.909090909091
4,3105,292,169.844444444444
4,3106,-396,-235.627118644068
4,3107,-94,-150.2109375
4,3108,31,-21.0909090909091
4,3109,75,27.6964285714286
4,3110,6,-15.0147058823529
4,3111,-62,1.3801652892562
4,3112,4,-40.6
4,3113,-36,105.220338983051
4,3114,5,-18.2017291066282
4,3115,-117,1.3801652892562
4,3116,-65,-40.6
4,3117,-6,11.5
4,3118,46,1.3801652892562
4,3119,-62,37.7058823529412
4,3120,50,-40.6
4,3121,13,24.8867924528302
4,3122,-10,89.1269841269841
4,3123,-35,1.3801652892562
4,3124,-15,-18.2017291066282
4,3125,-13,-18.2017291066282
4,3126,-1,1.3801652892562
4,3127,24,1.3801652892562
4,3128,50,27.6964285714286
4,3129,124,89.1269841269841
4,3130,122,169.844444444444
4,3131,161,-172.409090909091
4,3132,43,-235.627118644068
4,3133,132,-106.285714285714
4,3134,11,-130.51724137931
4,3135,-32,-106.285714285714
4,3136,55,-54.05
4,3137,-58,-84.0769230769231
4,3138,-58,-54.05
4,3139,-74,-40.6
4,3140,42,-40.6
4,3141,-155,-84.0769230769231
4,3142,-83,-40.6
4,3143,-88,11.5
4,3144,10,-40.6
4,3145,-69,14.7
4,3146,-48,-40.6
4,3147,-32,-18.2017291066282
4,3148,-39,-18.2017291066282
4,3149,-37,-18.2017291066282
4,3150,-1,-18.2017291066282
4,3151,10,1.3801652892562
4,3152,13,14.7
4,3153,105,83.1578947368421
4,3154,160,95.2
4,3155,104,134.868421052632
4,3156,107,-235.627118644068
4,3157,173,-45.5625
4,3158,2,-130.51724137931
4,3159,-8,-106.285714285714
4,3160,-34,1.3801652892562
4,3161,18,-18.2017291066282
4,3162,-84,-84.0769230769231
4,3163,-82,-40.6
4,3164,-43,-40.6
4,3165,-139,-18.2017291066282
4,3166,-68,-40.6
4,3167,-20,11.5
4,3168,-118,-18.2017291066282
4,3169,-59,-64.5666666666667
4,3170,-35,11.5
4,3171,-3,-18.2017291066282
4,3172,-6,1.3801652892562
4,3173,3,1.3801652892562
4,3174,27,1.3801652892562
4,3175,104,89.1269841269841
4,3176,378,189.909090909091
4,3177,148,169.844444444444
4,3178,-383,-235.627118644068
4,3179,-95,-106.285714285714
4,3180,52,-90.6363636363636
4,3181,43,27.6964285714286
4,3182,-8,-15.0147058823529
4,3183,-4,1.3801652892562
4,3184,22,1.3801652892562
4,3185,156,89.1269841269841
4,3186,386,270.666666666667
4,3187,-12,-70.3225806451613
4,3188,-177,-150.2109375
4,3189,-184,-117.298701298701
4,3190,-196,-90.6363636363636
4,3191,-97,-54.05
4,3192,-82,-64.5666666666667
4,3193,-52,-64.5666666666667
4,3194,-14,-64.5666666666667
4,3195,-12,51.5185185185185
4,3196,-3,1.3801652892562
4,3197,0,105.220338983051
4,3198,31,1.3801652892562
4,3199,148,89.1269841269841
4,3200,385,189.909090909091
4,3201,141,-70.3225806451613
4,3202,-375,-235.627118644068
4,3203,-159,-106.285714285714
4,3204,51,-90.6363636363636
4,3205,20,27.6964285714286
4,3206,20,-15.0147058823529
4,3207,9,-30.9722222222222
4,3208,-4,51.5185185185185
4,3209,201,105.220338983051
4,3210,377,270.666666666667
4,3211,-60,-70.3225806451613
4,3212,-277,-150.2109375
4,3213,-98,-117.298701298701
4,3214,-132,-90.6363636363636
4,3215,-90,-54.05
4,3216,-80,-64.5666666666667
4,3217,-64,-40.6
4,3218,-22,-64.5666666666667
4,3219,-16,105.220338983051
4,3220,-3,-18.2017291066282
4,3221,2,1.3801652892562
4,3222,28,1.3801652892562
4,3223,134,83.1578947368421
4,3224,375,189.909090909091
4,3225,121,-70.3225806451613
4,3226,-365,-235.627118644068
4,3227,-100,-50.5833333333333
4,3228,23,-90.6363636363636
4,3229,89,27.6964285714286
4,3230,-12,-15.0147058823529
4,3231,-1,1.3801652892562
4,3232,-2,51.5185185185185
4,3233,152,105.220338983051
4,3234,272,270.666666666667
4,3235,58,-70.3225806451613
4,3236,-244,-186.64
4,3237,-130,-117.298701298701
4,3238,-110,-90.6363636363636
4,3239,-50,-54.05
4,3240,-125,-64.5666666666667
4,3241,-64,-64.5666666666667
4,3242,-37,11.5
4,3243,-10,105.220338983051
4,3244,-7,1.3801652892562
4,3245,1,1.3801652892562
4,3246,28,1.3801652892562
4,3247,136,89.1269841269841
4,3248,356,189.909090909091
4,3249,155,-70.3225806451613
4,3250,-344,-235.627118644068
4,3251,-127,-106.285714285714
4,3252,27,-90.6363636363636
4,3253,99,27.6964285714286
4,3254,-21,-15.0147058823529
4,3255,-50,-64.5666666666667
4,3256,68,-18.2017291066282
4,3257,133,-4.18181818181818
4,3258,403,270.666666666667
4,3259,-56,-235.627118644068
4,3260,-211,-150.2109375
4,3261,-124,-117.298701298701
4,3262,-165,-90.6363636363636
4,3263,-85,-54.05
4,3264,-51,-64.5666666666667
4,3265,-100,-64.5666666666667
4,3266,-48,-64.5666666666667
4,3267,-10,105.220338983051
4,3268,-11,1.3801652892562
4,3269,2,1.3801652892562
4,3270,19,1.3801652892562
4,3271,110,89.1269841269841
4,3272,289,189.909090909091
4,3273,272,169.844444444444
4,3274,-318,-235.627118644068
4,3275,-133,-150.2109375
4,3276,15,-21.0909090909091
4,3277,105,27.6964285714286
4,3278,47,-15.0147058823529
4,3279,-43,-15.0147058823529
4,3280,24,-18.2017291066282
4,3281,126,89.1269841269841
4,3282,270,218.744680851064
4,3283,-70,-70.3225806451613
4,3284,-168,-150.2109375
4,3285,-147,-117.298701298701
4,3286,-69,-90.6363636363636
4,3287,-48,-54.05
4,3288,-76,-64.5666666666667
4,3289,-9,-64.5666666666667
4,3290,-83,51.5185185185185
4,3291,-34,-40.6
4,3292,-49,-18.2017291066282
4,3293,-32,-18.2017291066282
4,3294,11,-18.2017291066282
4,3295,61,14.7
4,3296,7,137.925170068027
4,3297,157,1.3801652892562
4,3298,96,-15.7272727272727
4,3299,126,-70.3225806451613
4,3300,103,-15.7272727272727
4,3301,-38,-235.627118644068
4,3302,54,-54.05
4,3303,8,-30.9722222222222
4,3304,-38,1.3801652892562
4,3305,-21,-18.2017291066282
4,3306,-39,-18.2017291066282
4,3307,-44,-18.2017291066282
4,3308,-91,-18.2017291066282
4,3309,3,-40.6
4,3310,-47,1.3801652892562
4,3311,-102,-18.2017291066282
4,3312,16,-40.6
4,3313,-72,89.1269841269841
4,3314,-42,-40.6
4,3315,-43,-18.2017291066282
4,3316,-44,-18.2017291066282
4,3317,-19,-18.2017291066282
4,3318,3,-18.2017291066282
4,3319,17,1.3801652892562
4,3320,32,14.7
4,3321,119,83.1578947368421
4,3322,85,95.2
4,3323,147,-70.3225806451613
4,3324,86,-15.7272727272727
4,3325,3,-186.64
4,3326,-10,1.3801652892562
4,3327,8,1.3801652892562
4,3328,-25,1.3801652892562
4,3329,33,-18.2017291066282
4,3330,13,-84.0769230769231
4,3331,-31,-84.0769230769231
4,3332,-115,-18.2017291066282
4,3333,-12,-40.6
4,3334,-110,1.3801652892562
4,3335,-94,-40.6
4,3336,-49,-40.6
4,3337,-69,-18.2017291066282
4,3338,-17,-40.6
4,3339,-7,-18.2017291066282
4,3340,-11,1.3801652892562
4,3341,1,1.3801652892562
4,3342,30,1.3801652892562
4,3343,107,89.1269841269841
4,3344,359,189.909090909091
4,3345,148,137.925170068027
4,3346,-335,-235.627118644068
4,3347,-169,-106.285714285714
4,3348,55,-90.6363636363636
4,3349,59,27.6964285714286
4,3350,-13,-15.0147058823529
4,3351,11,1.3801652892562
4,3352,0,-30.9722222222222
4,3353,168,105.220338983051
4,3354,373,270.666666666667
4,3355,31,-70.3225806451613
4,3356,-235,-150.2109375
4,3357,-202,-117.298701298701
4,3358,-144,-90.6363636363636
4,3359,-86,-54.05
4,3360,-84,-64.5666666666667
4,3361,-52,-64.5666666666667
4,3362,-12,-64.5666666666667
4,3363,-10,105.220338983051
4,3364,6,105.220338983051
4,3365,-8,1.3801652892562
4,3366,25,1.3801652892562
4,3367,107,89.1269841269841
4,3368,167,134.868421052632
4,3369,310,137.925170068027
4,3370,-328,-235.627118644068
4,3371,-160,-150.2109375
4,3372,-60,-21.0909090909091
4,3373,30,-90.6363636363636
4,3374,-36,27.6964285714286
4,3375,1,-64.5666666666667
4,3376,56,1.3801652892562
4,3377,123,-4.18181818181818
4,3378,442,218.744680851064
4,3379,-28,-235.627118644068
4,3380,-162,-150.2109375
4,3381,-105,-117.298701298701
4,3382,-112,-90.6363636363636
4,3383,-67,-54.05
4,3384,-118,-64.5666666666667
4,3385,-55,-40.6
4,3386,-6,11.5
4,3387,-24,51.5185185185185
4,3388,4,-18.2017291066282
4,3389,2,1.3801652892562
4,3390,30,1.3801652892562
4,3391,154,83.1578947368421
4,3392,311,134.868421052632
4,3393,208,-70.3225806451613
4,3394,-361,-235.627118644068
4,3395,-154,-150.2109375
4,3396,48,-21.0909090909091
4,3397,88,27.6964285714286
4,3398,-79,-15.0147058823529
4,3399,65,-64.5666666666667
4,3400,-39,-30.9722222222222
4,3401,111,105.220338983051
4,3402,465,218.744680851064
4,3403,-113,-70.3225806451613
4,3404,-73,-150.2109375
4,3405,-223,-21.0909090909091
4,3406,-52,-90.6363636363636
4,3407,-158,-54.05
4,3408,-85,-40.6
4,3409,-105,-64.5666666666667
4,3410,-27,-40.6
4,3411,-12,-64.5666666666667
4,3412,-4,105.220338983051
4,3413,1,1.3801652892562
4,3414,34,1.3801652892562
4,3415,141,197.465517241379
4,3416,325,189.909090909091
4,3417,213,-70.3225806451613
4,3418,-362,-235.627118644068
4,3419,-178,-150.2109375
4,3420,49,-21.0909090909091
4,3421,37,27.6964285714286
4,3422,19,-15.0147058823529
4,3423,14,-30.9722222222222
4,3424,26,-30.9722222222222
4,3425,114,89.1269841269841
4,3426,429,218.744680851064
4,3427,-44,-70.3225806451613
4,3428,-244,-150.2109375
4,3429,-144,-117.298701298701
4,3430,-98,-90.6363636363636
4,3431,-95,-54.05
4,3432,-70,-64.5666666666667
4,3433,-78,-64.5666666666667
4,3434,-43,-40.6
4,3435,-36,105.220338983051
4,3436,-10,-18.2017291066282
4,3437,9,1.3801652892562
4,3438,19,1.3801652892562
4,3439,118,14.7
4,3440,279,95.2
4,3441,223,-70.3225806451613
4,3442,-287,-235.627118644068
4,3443,-150,-150.2109375
4,3444,70,-21.0909090909091
4,3445,117,27.6964285714286
4,3446,-10,-15.0147058823529
4,3447,-17,-50.5833333333333
4,3448,1,-18.2017291066282
4,3449,181,105.220338983051
4,3450,265,218.744680851064
4,3451,-130,-70.3225806451613
4,3452,-226,-150.2109375
4,3453,-82,-21.0909090909091
4,3454,-52,-54.05
4,3455,-12,-54.05
4,3456,-99,1.3801652892562
4,3457,-85,-40.6
4,3458,-42,-40.6
4,3459,-28,105.220338983051
4,3460,-40,-18.2017291066282
4,3461,-19,-18.2017291066282
4,3462,15,-18.2017291066282
4,3463,24,14.7
4,3464,31,14.7
4,3465,126,83.1578947368421
4,3466,163,-15.7272727272727
4,3467,68,-70.3225806451613
4,3468,131,-186.64
4,3469,37,-130.51724137931
4,3470,14,-106.285714285714
4,3471,-44,-30.9722222222222
4,3472,10,-18.2017291066282
4,3473,-41,27.6964285714286
4,3474,51,-18.2017291066282
4,3475,-22,-84.0769230769231
4,3476,-110,-18.2017291066282
4,3477,-109,-40.6
4,3478,-62,-40.6
4,3479,-10,-40.6
4,3480,-97,1.3801652892562
4,3481,-35,-40.6
4,3482,-60,-18.2017291066282
4,3483,-14,-40.6
4,3484,-46,1.3801652892562
4,3485,-10,-18.2017291066282
4,3486,-1,1.3801652892562
4,3487,6,1.3801652892562
4,3488,25,1.3801652892562
4,3489,71,89.1269841269841
4,3490,155,137.925170068027
4,3491,162,-15.7272727272727
4,3492,110,-235.627118644068
4,3493,69,-235.627118644068
4,3494,-1,24.8867924528302
4,3495,-32,1.3801652892562
4,3496,-119,-54.05
4,3497,117,-40.6
4,3498,13,-84.0769230769231
4,3499,-80,-50.5833333333333
4,3500,-123,-40.6
4,3501,-88,-40.6
4,3502,-56,-54.05
4,3503,-93,-40.6
4,3504,-45,-64.5666666666667
4,3505,-68,-18.2017291066282
4,3506,-26,-40.6
4,3507,-5,-18.2017291066282
4,3508,-5,1.3801652892562
4,3509,5,1.3801652892562
4,3510,14,1.3801652892562
4,3511,14,89.1269841269841
4,3512,108,89.1269841269841
4,3513,329,134.868421052632
4,3514,-224,153.857142857143
4,3515,-159,-150.2109375
4,3516,30,-21.0909090909091
4,3517,47,27.6964285714286
4,3518,57,-15.0147058823529
4,3519,-6,-30.9722222222222
4,3520,18,1.3801652892562
4,3521,95,89.1269841269841
4,3522,391,218.744680851064
4,3523,-81,-15.0147058823529
4,3524,-179,-150.2109375
4,3525,-101,-117.298701298701
4,3526,-89,-90.6363636363636
4,3527,-109,-54.05
4,3528,-90,-64.5666666666667
4,3529,-39,-40.6
4,3530,-21,-18.2017291066282
4,3531,1,-18.2017291066282
4,3532,-7,1.3801652892562
4,3533,2,1.3801652892562
4,3534,27,1.3801652892562
4,3535,124,89.1269841269841
4,3536,319,189.909090909091
4,3537,193,-70.3225806451613
4,3538,-345,-235.627118644068
4,3539,-148,-106.285714285714
4,3540,50,-21.0909090909091
4,3541,62,27.6964285714286
4,3542,-20,-15.0147058823529
4,3543,-45,-64.5666666666667
4,3544,32,-18.2017291066282
4,3545,75,89.1269841269841
4,3546,477,218.744680851064
4,3547,-16,-45.5625
4,3548,-281,-150.2109375
4,3549,-56,-117.298701298701
4,3550,-182,-90.6363636363636
4,3551,15,-54.05
4,3552,-166,27.6964285714286
4,3553,-72,-40.6
4,3554,-26,-64.5666666666667
4,3555,-21,105.220338983051
4,3556,2,-64.5666666666667
4,3557,-1,1.3801652892562
4,3558,32,1.3801652892562
4,3559,126,83.1578947368421
4,3560,299,197.465517241379
4,3561,179,-70.3225806451613
4,3562,-327,-235.627118644068
4,3563,-149,-106.285714285714
4,3564,21,-21.0909090909091
4,3565,-8,27.6964285714286
4,3566,31,1.3801652892562
4,3567,-21,27.6964285714286
4,3568,-11,-18.2017291066282
4,3569,156,105.220338983051
4,3570,356,218.744680851064
4,3571,-19,-70.3225806451613
4,3572,-133,-150.2109375
4,3573,-132,-117.298701298701
4,3574,-63,-90.6363636363636
4,3575,-87,-54.05
4,3576,-134,-64.5666666666667
4,3577,-54,-64.5666666666667
4,3578,-51,11.5
4,3579,0,-18.2017291066282
4,3580,-7,1.3801652892562
4,3581,1,1.3801652892562
4,3582,28,1.3801652892562
4,3583,110,89.1269841269841
4,3584,313,197.465517241379
4,3585,127,169.844444444444
4,3586,-334,-235.627118644068
4,3587,-106,-106.285714285714
4,3588,11,-90.6363636363636
4,3589,54,27.6964285714286
4,3590,-43,-15.0147058823529
4,3591,4,-18.2017291066282
4,3592,18,51.5185185185185
4,3593,126,89.1269841269841
4,3594,295,270.666666666667
4,3595,25,-70.3225806451613
4,3596,-141,-150.2109375
4,3597,-63,-117.298701298701
4,3598,-125,-90.6363636363636
4,3599,-68,-54.05
4,3600,-97,-64.5666666666667
4,3601,-53,-40.6
4,3602,-62,-64.5666666666667
4,3603,-19,-40.6
4,3604,-5,-18.2017291066282
4,3605,3,1.3801652892562
4,3606,28,1.3801652892562
4,3607,84,14.7
4,3608,237,189.909090909091
4,3609,254,169.844444444444
4,3610,-280,-235.627118644068
4,3611,-148,-150.2109375
4,3612,51,-21.0909090909091
4,3613,18,27.6964285714286
4,3614,46,-15.0147058823529
4,3615,-37,-30.9722222222222
4,3616,21,-18.2017291066282
4,3617,96,89.1269841269841
4,3618,266,218.744680851064
4,3619,-141,-15.0147058823529
4,3620,-143,-150.2109375
4,3621,-160,-21.0909090909091
4,3622,15,11.5
4,3623,-20,-84.0769230769231
4,3624,-23,-64.5666666666667
4,3625,-58,-64.5666666666667
4,3626,7,-40.6
4,3627,-30,51.5185185185185
4,3628,-51,-18.2017291066282
4,3629,-23,-18.2017291066282
4,3630,-7,-18.2017291066282
4,3631,35,1.3801652892562
4,3632,31,14.7
4,3633,89,121.966666666667
4,3634,165,95.2
4,3635,162,-15.7272727272727
4,3636,22,-235.627118644068
4,3637,86,-106.285714285714
4,3638,-38,24.8867924528302
4,3639,45,-54.05
4,3640,-126,-30.9722222222222
4,3641,30,-40.6
4,3642,17,-30.9722222222222
4,3643,-49,-84.0769230769231
4,3644,-56,-64.5666666666667
4,3645,-39,-40.6
4,3646,-64,-18.2017291066282
4,3647,-43,-40.6
4,3648,-54,-18.2017291066282
4,3649,-62,-18.2017291066282
4,3650,-36,-40.6
4,3651,-13,-18.2017291066282
4,3652,-54,1.3801652892562
4,3653,-47,-18.2017291066282
4,3654,-5,-18.2017291066282
4,3655,17,1.3801652892562
4,3656,46,14.7
4,3657,70,14.7
4,3658,91,137.925170068027
4,3659,220,89.390243902439
4,3660,54,-15.7272727272727
4,3661,50,-186.64
4,3662,29,24.8867924528302
4,3663,-34,-30.9722222222222
4,3664,-64,-54.05
4,3665,-26,-40.6
4,3666,71,-18.2017291066282
4,3667,2,-84.0769230769231
4,3668,-111,51.5185185185185
4,3669,-91,-40.6
4,3670,-79,-40.6
4,3671,-75,-40.6
4,3672,-91,-40.6
4,3673,-19,-40.6
4,3674,-37,-18.2017291066282
4,3675,-17,-18.2017291066282
4,3676,-9,-18.2017291066282
4,3677,-1,1.3801652892562
4,3678,39,1.3801652892562
4,3679,115,14.7
4,3680,327,137.925170068027
4,3681,123,-70.3225806451613
4,3682,-340,-235.627118644068
4,3683,-84,-50.5833333333333
4,3684,-3,-90.6363636363636
4,3685,89,1.3801652892562
4,3686,-10,27.6964285714286
4,3687,-9,1.3801652892562
4,3688,-18,51.5185185185185
4,3689,181,105.220338983051
4,3690,419,270.666666666667
4,3691,-42,-70.3225806451613
4,3692,-209,-150.2109375
4,3693,-107,-117.298701298701
4,3694,-144,-90.6363636363636
4,3695,-144,-54.05
4,3696,-84,-64.5666666666667
4,3697,-66,11.5
4,3698,-7,-64.5666666666667
4,3699,-21,105.220338983051
4,3700,0,-18.2017291066282
4,3701,1,1.3801652892562
4,3702,29,1.3801652892562
4,3703,149,197.465517241379
4,3704,364,189.909090909091
4,3705,104,-70.3225806451613
4,3706,-328,-235.627118644068
4,3707,-138,-117.298701298701
4,3708,45,-90.6363636363636
4,3709,73,27.6964285714286
4,3710,-2,-15.0147058823529
4,3711,-39,1.3801652892562
4,3712,50,-18.2017291066282
4,3713,99,89.1269841269841
4,3714,484,270.666666666667
4,3715,-76,-45.5625
4,3716,-212,-150.2109375
4,3717,-107,-117.298701298701
4,3718,-177,-90.6363636363636
4,3719,-83,-54.05
4,3720,-114,-64.5666666666667
4,3721,-77,-40.6
4,3722,-31,-64.5666666666667
4,3723,-9,105.220338983051
4,3724,-6,1.3801652892562
4,3725,3,1.3801652892562
4,3726,25,1.3801652892562
4,3727,164,89.1269841269841
4,3728,327,189.909090909091
4,3729,160,-70.3225806451613
4,3730,-405,-235.627118644068
4,3731,-110,-106.285714285714
4,3732,37,-90.6363636363636
4,3733,113,27.6964285714286
4,3734,-1,-15.0147058823529
4,3735,-51,-50.5833333333333
4,3736,-21,-18.2017291066282
4,3737,143,105.220338983051
4,3738,451,270.666666666667
4,3739,-39,-70.3225806451613
4,3740,-161,-150.2109375
4,3741,-198,-117.298701298701
4,3742,-78,-90.6363636363636
4,3743,-70,-54.05
4,3744,-138,-64.5666666666667
4,3745,-105,-64.5666666666667
4,3746,-29,11.5
4,3747,-12,-18.2017291066282
4,3748,-6,105.220338983051
4,3749,4,1.3801652892562
4,3750,36,1.3801652892562
4,3751,146,89.1269841269841
4,3752,315,197.465517241379
4,3753,109,-70.3225806451613
4,3754,-266,-235.627118644068
4,3755,-167,-117.298701298701
4,3756,27,-90.6363636363636
4,3757,65,27.6964285714286
4,3758,-40,-15.0147058823529
4,3759,18,-64.5666666666667
4,3760,-35,-30.9722222222222
4,3761,168,105.220338983051
4,3762,318,270.666666666667
4,3763,-8,-70.3225806451613
4,3764,-126,-150.2109375
4,3765,-101,-117.298701298701
4,3766,-72,-90.6363636363636
4,3767,-124,-54.05
4,3768,-103,-64.5666666666667
4,3769,-57,11.5
4,3770,-72,-40.6
4,3771,-24,-64.5666666666667
4,3772,-10,-18.2017291066282
4,3773,2,1.3801652892562
4,3774,35,1.3801652892562
4,3775,118,14.7
4,3776,217,189.909090909091
4,3777,244,-70.3225806451613
4,3778,-324,-235.627118644068
4,3779,-129,-150.2109375
4,3780,17,-21.0909090909091
4,3781,38,27.6964285714286
4,3782,13,-15.0147058823529
4,3783,-6,-15.0147058823529
4,3784,-3,51.5185185185185
4,3785,121,105.220338983051
4,3786,188,218.744680851064
4,3787,-75,-70.3225806451613
4,3788,-101,-106.285714285714
4,3789,-55,-117.298701298701
4,3790,-72,-54.05
4,3791,-73,-54.05
4,3792,-115,-40.6
4,3793,21,-40.6
4,3794,-11,14.7
4,3795,3,51.5185185185185
4,3796,-38,1.3801652892562
4,3797,-5,-18.2017291066282
4,3798,-8,1.3801652892562
4,3799,32,1.3801652892562
4,3800,50,27.6964285714286
4,3801,102,89.1269841269841
4,3802,81,24.8867924528302
4,3803,129,-4.18181818181818
4,3804,48,-45.5625
4,3805,19,-106.285714285714
4,3806,-43,24.8867924528302
4,3807,-19,-18.2017291066282
4,3808,-5,-54.05
4,3809,-31,1.3801652892562
4,3810,-11,-18.2017291066282
4,3811,-23,1.3801652892562
4,3812,35,-18.2017291066282
4,3813,-82,14.7
4,3814,-79,-40.6
4,3815,-41,-40.6
4,3816,-20,-18.2017291066282
4,3817,-3,-18.2017291066282
4,3818,-56,1.3801652892562
4,3819,-3,-40.6
4,3820,-57,1.3801652892562
4,3821,-29,-40.6
4,3822,6,-18.2017291066282
4,3823,17,1.3801652892562
4,3824,23,153.857142857143
4,3825,92,83.1578947368421
4,3826,77,40.2
4,3827,147,89.390243902439
4,3828,11,-15.7272727272727
4,3829,56,-106.285714285714
4,3830,-13,24.8867924528302
4,3831,24,1.3801652892562
4,3832,-99,-30.9722222222222
4,3833,-32,-40.6
4,3834,100,-18.2017291066282
4,3835,-43,-84.0769230769231
4,3836,12,-18.2017291066282
4,3837,-50,83.1578947368421
4,3838,-74,-18.2017291066282
4,3839,-107,-40.6
4,3840,-41,-40.6
4,3841,-67,-18.2017291066282
4,3842,-26,-40.6
4,3843,-2,-18.2017291066282
4,3844,-10,1.3801652892562
4,3845,7,1.3801652892562
4,3846,28,1.3801652892562
4,3847,96,89.1269841269841
4,3848,262,189.909090909091
4,3849,170,-15.7272727272727
4,3850,-273,-235.627118644068
4,3851,-121,-106.285714285714
4,3852,27,11.5
4,3853,56,27.6964285714286
4,3854,-21,-15.0147058823529
4,3855,-6,-18.2017291066282
4,3856,4,1.3801652892562
4,3857,131,105.220338983051
4,3858,382,218.744680851064
4,3859,-17,-70.3225806451613
4,3860,-149,-150.2109375
4,3861,-186,-117.298701298701
4,3862,-137,-90.6363636363636
4,3863,-70,-54.05
4,3864,-86,-64.5666666666667
4,3865,-49,-64.5666666666667
4,3866,-39,-64.5666666666667
4,3867,-4,-18.2017291066282
4,3868,-8,1.3801652892562
4,3869,4,1.3801652892562
4,3870,29,1.3801652892562
4,3871,119,89.1269841269841
4,3872,329,189.909090909091
4,3873,163,-70.3225806451613
4,3874,-374,-235.627118644068
4,3875,-63,-106.285714285714
4,3876,8,-90.6363636363636
4,3877,55,1.3801652892562
4,3878,11,-15.0147058823529
4,3879,27,-15.0147058823529
4,3880,91,-30.9722222222222
4,3881,126,-4.18181818181818
4,3882,195,218.744680851064
4,3883,-95,-235.627118644068
4,3884,-130,-106.285714285714
4,3885,-121,-117.298701298701
4,3886,-180,-54.05
4,3887,-19,-54.05
4,3888,-6,-64.5666666666667
4,3889,-12,1.3801652892562
4,3890,-36,51.5185185185185
4,3891,-30,-18.2017291066282
4,3892,-61,-18.2017291066282
4,3893,-16,-40.6
4,3894,3,-18.2017291066282
4,3895,13,1.3801652892562
4,3896,40,14.7
4,3897,81,83.1578947368421
4,3898,140,95.2
4,3899,154,-15.7272727272727
4,3900,38,-235.627118644068
4,3901,9,-106.285714285714
4,3902,5,1.3801652892562
4,3903,48,1.3801652892562
4,3904,-93,27.6964285714286
4,3905,-65,-40.6
4,3906,25,-40.6
4,3907,16,-84.0769230769231
4,3908,2,5.76
4,3909,119,1.3801652892562
4,3910,33,27.6964285714286
4,3911,-82,-50.5833333333333
4,3912,-319,-40.6
4,3913,-95,-40.6
4,3914,-58,-54.05
4,3915,-12,-40.6
4,3916,-11,1.3801652892562
4,3917,0,1.3801652892562
4,3918,22,51.5185185185185
4,3919,104,89.1269841269841
4,3920,210,270.666666666667
4,3921,207,169.844444444444
4,3922,-257,-235.627118644068
4,3923,-107,-150.2109375
4,3924,58,-21.0909090909091
4,3925,32,27.6964285714286
4,3926,34,-15.0147058823529
4,3927,-69,-30.9722222222222
4,3928,13,-40.6
4,3929,179,89.1269841269841
4,3930,256,218.744680851064
4,3931,-82,-70.3225806451613
4,3932,-104,-150.2109375
4,3933,-182,-117.298701298701
4,3934,2,-54.05
4,3935,-98,1.3801652892562
4,3936,-94,-40.6
4,3937,-29,-64.5666666666667
4,3938,-73,-18.2017291066282
4,3939,-12,-40.6
4,3940,-10,1.3801652892562
4,3941,-1,1.3801652892562
4,3942,29,1.3801652892562
4,3943,96,89.1269841269841
4,3944,222,189.909090909091
4,3945,232,169.844444444444
4,3946,-281,-235.627118644068
4,3947,-94,-150.2109375
4,3948,23,-21.0909090909091
4,3949,98,27.6964285714286
4,3950,-38,-15.0147058823529
4,3951,-18,-18.2017291066282
4,3952,10,-18.2017291066282
4,3953,84,89.1269841269841
4,3954,207,218.744680851064
4,3955,-16,-15.0147058823529
4,3956,-142,-150.2109375
4,3957,-82,-117.298701298701
4,3958,-36,11.5
4,3959,-12,-54.05
4,3960,-124,1.3801652892562
4,3961,-14,-40.6
4,3962,-79,1.3801652892562
4,3963,-13,-40.6
4,3964,-27,1.3801652892562
4,3965,-15,-18.2017291066282
4,3966,-2,-18.2017291066282
4,3967,17,1.3801652892562
4,3968,40,14.7
4,3969,81,89.1269841269841
4,3970,104,137.925170068027
4,3971,69,89.390243902439
4,3972,42,89.390243902439
4,3973,-25,24.8867924528302
4,3974,18,-18.2017291066282
4,3975,-52,-30.9722222222222
4,3976,-2,-18.2017291066282
4,3977,-12,1.3801652892562
4,3978,-15,1.3801652892562
4,3979,-2,-18.2017291066282
4,3980,10,1.3801652892562
4,3981,-11,-84.0769230769231
4,3982,-75,1.3801652892562
4,3983,19,-40.6
4,3984,-72,89.1269841269841
4,3985,-1,-40.6
4,3986,-23,1.3801652892562
4,3987,-54,-18.2017291066282
4,3988,-35,-18.2017291066282
4,3989,-22,-18.2017291066282
4,3990,-7,-18.2017291066282
4,3991,15,1.3801652892562
4,3992,31,37.7058823529412
4,3993,78,14.7
4,3994,112,95.2
4,3995,77,89.390243902439
4,3996,70,-186.64
4,3997,-13,89.390243902439
4,3998,-39,1.3801652892562
4,3999,-25,-18.2017291066282
4,4000,-14,-18.2017291066282
4,4001,-7,1.3801652892562
4,4002,-21,1.3801652892562
4,4003,-17,-18.2017291066282
4,4004,-3,-18.2017291066282
4,4005,35,1.3801652892562
4,4006,-78,14.7
4,4007,-85,-40.6
4,4008,1,-40.6
4,4009,-84,1.3801652892562
4,4010,-21,-40.6
4,4011,-13,-18.2017291066282
4,4012,0,1.3801652892562
4,4013,-3,1.3801652892562
4,4014,26,1.3801652892562
4,4015,64,153.857142857143
4,4016,138,126.791666666667
4,4017,225,137.925170068027
4,4018,-92,-235.627118644068
4,4019,-188,-150.2109375
4,4020,41,-117.298701298701
4,4021,50,27.6964285714286
4,4022,-11,-15.0147058823529
4,4023,-13,1.3801652892562
4,4024,38,1.3801652892562
4,4025,133,89.1269841269841
4,4026,436,189.909090909091
4,4027,23,-70.3225806451613
4,4028,-241,-150.2109375
4,4029,-184,-117.298701298701
4,4030,-116,-90.6363636363636
4,4031,-107,-54.05
4,4032,-93,-64.5666666666667
4,4033,-62,-64.5666666666667
4,4034,-54,-40.6
4,4035,1,105.220338983051
4,4036,-13,1.3801652892562
4,4037,1,1.3801652892562
4,4038,38,1.3801652892562
4,4039,145,89.1269841269841
4,4040,333,189.909090909091
4,4041,129,-70.3225806451613
4,4042,-318,-235.627118644068
4,4043,-141,-106.285714285714
4,4044,59,-90.6363636363636
4,4045,23,27.6964285714286
4,4046,8,-15.0147058823529
4,4047,-38,1.3801652892562
4,4048,23,-18.2017291066282
4,4049,170,89.1269841269841
4,4050,437,270.666666666667
4,4051,-53,-70.3225806451613
4,4052,-405,-150.2109375
4,4053,-330,-117.298701298701
4,4054,6,-90.6363636363636
4,4055,49,1.3801652892562
4,4056,-36,27.6964285714286
4,4057,-59,-64.5666666666667
4,4058,-30,-40.6
4,4059,-9,105.220338983051
4,4060,0,105.220338983051
4,4061,2,1.3801652892562
4,4062,34,1.3801652892562
4,4063,144,89.1269841269841
4,4064,312,189.909090909091
4,4065,177,-70.3225806451613
4,4066,-346,-235.627118644068
4,4067,-133,-106.285714285714
4,4068,34,-21.0909090909091
4,4069,63,27.6964285714286
4,4070,-19,-15.0147058823529
4,4071,-32,-64.5666666666667
4,4072,35,-18.2017291066282
4,4073,135,89.1269841269841
4,4074,419,218.744680851064
4,4075,-16,-70.3225806451613
4,4076,-181,-150.2109375
4,4077,-150,-117.298701298701
4,4078,-92,-90.6363636363636
4,4079,-147,-54.05
4,4080,-92,-64.5666666666667
4,4081,-96,-64.5666666666667
4,4082,-35,-40.6
4,4083,-12,-64.5666666666667
4,4084,1,1.3801652892562
4,4085,-5,1.3801652892562
4,4086,39,1.3801652892562
4,4087,134,197.465517241379
4,4088,334,189.909090909091
4,4089,190,-70.3225806451613
4,4090,-375,-235.627118644068
4,4091,-113,-106.285714285714
4,4092,1,-21.0909090909091
4,4093,77,1.3801652892562
4,4094,-15,27.6964285714286
4,4095,-68,-18.2017291066282
4,4096,62,-40.6
4,4097,168,-4.18181818181818
4,4098,356,218.744680851064
4,4099,30,-235.627118644068
4,4100,-196,-150.2109375
4,4101,-115,-117.298701298701
4,4102,-141,-90.6363636363636
4,4103,-55,-54.05
4,4104,-107,-64.5666666666667
4,4105,-116,-40.6
4,4106,-36,-64.5666666666667
4,4107,-42,105.220338983051
4,4108,-8,-18.2017291066282
4,4109,2,1.3801652892562
4,4110,23,1.3801652892562
4,4111,93,14.7
4,4112,253,189.909090909091
4,4113,333,169.844444444444
4,4114,-299,-235.627118644068
4,4115,-146,-150.2109375
4,4116,20,-21.0909090909091
4,4117,91,27.6964285714286
4,4118,-5,-15.0147058823529
4,4119,-5,1.3801652892562
4,4120,-16,1.3801652892562
4,4121,139,105.220338983051
4,4122,343,218.744680851064
4,4123,-204,-70.3225806451613
4,4124,-143,-150.2109375
4,4125,-99,-21.0909090909091
4,4126,-90,-90.6363636363636
4,4127,-36,-54.05
4,4128,-51,-64.5666666666667
4,4129,-21,-18.2017291066282
4,4130,-73,105.220338983051
4,4131,-17,-40.6
4,4132,-61,-18.2017291066282
4,4133,-31,-40.6
4,4134,-4,-18.2017291066282
4,4135,30,1.3801652892562
4,4136,13,14.7
4,4137,103,83.1578947368421
4,4138,131,137.925170068027
4,4139,119,134.868421052632
4,4140,38,-235.627118644068
4,4141,60,-50.5833333333333
4,4142,92,24.8867924528302
4,4143,41,-30.9722222222222
4,4144,-72,-30.9722222222222
4,4145,6,-40.6
4,4146,-108,1.3801652892562
4,4147,-107,-40.6
4,4148,80,-40.6
4,4149,-75,-84.0769230769231
4,4150,-87,-40.6
4,4151,-44,-40.6
4,4152,-14,-18.2017291066282
4,4153,-24,1.3801652892562
4,4154,-19,-18.2017291066282
4,4155,-53,-18.2017291066282
4,4156,-58,-18.2017291066282
4,4157,-38,-40.6
4,4158,-10,-18.2017291066282
4,4159,6,1.3801652892562
4,4160,32,1.3801652892562
4,4161,86,14.7
4,4162,88,189.909090909091
4,4163,161,89.390243902439
4,4164,69,-15.7272727272727
4,4165,38,-186.64
4,4166,-9,24.8867924528302
4,4167,-4,1.3801652892562
4,4168,13,1.3801652892562
4,4169,6,27.6964285714286
4,4170,-59,1.3801652892562
4,4171,-124,-40.6
4,4172,0,-40.6
4,4173,-18,1.3801652892562
4,4174,-71,-18.2017291066282
4,4175,-93,-64.5666666666667
4,4176,-39,-40.6
4,4177,-48,-18.2017291066282
4,4178,-32,-18.2017291066282
4,4179,4,-18.2017291066282
4,4180,-9,1.3801652892562
4,4181,6,1.3801652892562
4,4182,38,1.3801652892562
4,4183,90,89.1269841269841
4,4184,343,189.909090909091
4,4185,184,-15.7272727272727
4,4186,-319,-235.627118644068
4,4187,-162,-106.285714285714
4,4188,-4,-21.0909090909091
4,4189,55,1.3801652892562
4,4190,2,27.6964285714286
4,4191,-27,1.3801652892562
4,4192,25,-18.2017291066282
4,4193,149,89.1269841269841
4,4194,369,218.744680851064
4,4195,39,-70.3225806451613
4,4196,-199,-150.2109375
4,4197,-141,-117.298701298701
4,4198,-126,-90.6363636363636
4,4199,-44,-54.05
4,4200,-118,-64.5666666666667
4,4201,-113,-64.5666666666667
4,4202,-28,-64.5666666666667
4,4203,-18,105.220338983051
4,4204,-4,-18.2017291066282
4,4205,4,1.3801652892562
4,4206,31,1.3801652892562
4,4207,175,83.1578947368421
4,4208,313,189.909090909091
4,4209,135,-70.3225806451613
4,4210,-341,-235.627118644068
4,4211,-161,-106.285714285714
4,4212,47,-90.6363636363636
4,4213,48,27.6964285714286
4,4214,-33,-15.0147058823529
4,4215,-7,-64.5666666666667
4,4216,30,51.5185185185185
4,4217,137,89.1269841269841
4,4218,389,270.666666666667
4,4219,2,-70.3225806451613
4,4220,-225,-150.2109375
4,4221,-120,-117.298701298701
4,4222,-94,-90.6363636363636
4,4223,-89,-54.05
4,4224,-83,-64.5666666666667
4,4225,-108,-40.6
4,4226,-37,-40.6
4,4227,-8,105.220338983051
4,4228,-4,1.3801652892562
4,4229,2,1.3801652892562
4,4230,40,1.3801652892562
4,4231,116,89.1269841269841
4,4232,333,189.909090909091
4,4233,184,-70.3225806451613
4,4234,-382,-235.627118644068
4,4235,-159,-106.285714285714
4,4236,45,-21.0909090909091
4,4237,19,27.6964285714286
4,4238,1,-15.0147058823529
4,4239,-33,1.3801652892562
4,4240,24,-18.2017291066282
4,4241,30,89.1269841269841
4,4242,146,218.744680851064
4,4243,273,-45.5625
4,4244,-127,-70.3225806451613
4,4245,-150,-150.2109375
4,4246,-47,-21.0909090909091
4,4247,-31,-90.6363636363636
4,4248,-157,-54.05
4,4249,-65,-64.5666666666667
4,4250,-41,11.5
4,4251,-18,-18.2017291066282
4,4252,-2,-64.5666666666667
4,4253,3,1.3801652892562
4,4254,32,1.3801652892562
4,4255,112,83.1578947368421
4,4256,321,197.465517241379
4,4257,184,-70.3225806451613
4,4258,-339,-235.627118644068
4,4259,-120,-106.285714285714
4,4260,18,-21.0909090909091
4,4261,58,27.6964285714286
4,4262,-20,-15.0147058823529
4,4263,-57,-18.2017291066282
4,4264,95,-40.6
4,4265,66,-4.18181818181818
4,4266,413,218.744680851064
4,4267,6,-45.5625
4,4268,-244,-150.2109375
4,4269,-28,-117.298701298701
4,4270,-173,-90.6363636363636
4,4271,-264,-54.05
4,4272,-3,-64.5666666666667
4,4273,-31,1.3801652892562
4,4274,-23,-64.5666666666667
4,4275,8,105.220338983051
4,4276,17,1.3801652892562
4,4277,-27,14.7
4,4278,33,105.220338983051
4,4279,84,153.857142857143
4,4280,234,134.868421052632
4,4281,331,169.844444444444
4,4282,-318,-235.627118644068
4,4283,-140,-150.2109375
4,4284,-21,-21.0909090909091
4,4285,62,-90.6363636363636
4,4286,-118,27.6964285714286
4,4287,73,-64.5666666666667
4,4288,-13,-30.9722222222222
4,4289,220,105.220338983051
4,4290,279,218.744680851064
4,4291,-93,-70.3225806451613
4,4292,-220,-150.2109375
4,4293,-151,-117.298701298701
4,4294,-129,-90.6363636363636
4,4295,13,-54.05
4,4296,31,-84.0769230769231
4,4297,-63,-15.0147058823529
4,4298,-31,-64.5666666666667
4,4299,-12,105.220338983051
4,4300,-35,1.3801652892562
4,4301,-9,-18.2017291066282
4,4302,1,1.3801652892562
4,4303,-2,1.3801652892562
4,4304,22,1.3801652892562
4,4305,75,89.1269841269841
4,4306,95,137.925170068027
4,4307,61,169.844444444444
4,4308,37,89.390243902439
4,4309,152,24.8867924528302
4,4310,-103,-130.51724137931
4,4311,-11,-106.285714285714
4,4312,37,1.3801652892562
4,4313,-54,27.6964285714286
4,4314,-85,-54.05
4,4315,-64,-40.6
4,4316,61,-40.6
4,4317,-24,126.791666666667
4,4318,-51,-18.2017291066282
4,4319,17,-18.2017291066282
4,4320,-31,89.1269841269841
4,4321,-36,-18.2017291066282
4,4322,17,-18.2017291066282
4,4323,-8,27.6964285714286
4,4324,-79,1.3801652892562
4,4325,-27,-40.6
4,4326,-10,-18.2017291066282
4,4327,13,1.3801652892562
4,4328,19,14.7
4,4329,115,-15.0147058823529
4,4330,105,137.925170068027
4,4331,121,-70.3225806451613
4,4332,126,-15.7272727272727
4,4333,-1,-235.627118644068
4,4334,122,-50.5833333333333
4,4335,-10,-130.51724137931
4,4336,8,-50.5833333333333
4,4337,4,1.3801652892562
4,4338,-72,51.5185185185185
4,4339,-41,-54.05
4,4340,7,-18.2017291066282
4,4341,-144,51.5185185185185
4,4342,-33,-40.6
5,1,-174,-153.060402684564
5,2,-90,-113.722891566265
5,3,-73,-91.3448275862069
5,4,-36,-42.2403846153846
5,5,-66,-22.2376543209877
5,6,-32,-42.2403846153846
5,7,-27,-22.2376543209877
5,8,3,-11.1666666666667
5,9,-4,6.540625
5,10,-2,6.540625
5,11,17,6.540625
5,12,49,81.3181818181818
5,13,141,180.572413793103
5,14,312,145.910377358491
5,15,-244,-235.087301587302
5,16,-143,-153.060402684564
5,17,10,-9.46666666666667
5,18,36,6.540625
5,19,7,19.5365853658537
5,20,6,-13.4454545454545
5,21,2,-13.4454545454545
5,22,89,116.776315789474
5,23,256,217.096774193548
5,24,-13,-34.0980392156863
5,25,-191,-153.060402684564
5,26,-71,-113.722891566265
5,27,-31,-91.3448275862069
5,28,-93,-22.2376543209877
5,29,-43,-42.2403846153846
5,30,-66,-22.2376543209877
5,31,-14,-42.2403846153846
5,32,-8,-11.1666666666667
5,33,-7,6.540625
5,34,-1,6.540625
5,35,18,6.540625
5,36,55,81.3181818181818
5,37,131,180.572413793103
5,38,240,145.910377358491
5,39,-217,-177.85
5,40,-150,-153.060402684564
5,41,27,-9.46666666666667
5,42,43,19.5365853658537
5,43,-11,19.5365853658537
5,44,4,-13.4454545454545
5,45,33,-13.4454545454545
5,46,55,105.567567567568
5,47,221,169.903225806452
5,48,-40,-112.880952380952
5,49,-83,-153.060402684564
5,50,-114,-113.722891566265
5,51,-65,-42.2403846153846
5,52,-39,-42.2403846153846
5,53,-48,-22.2376543209877
5,54,-23,-42.2403846153846
5,55,-16,-22.2376543209877
5,56,-16,-22.2376543209877
5,57,-2,-22.2376543209877
5,58,-2,6.540625
5,59,15,6.540625
5,60,71,81.3181818181818
5,61,138,145.910377358491
5,62,215,145.910377358491
5,63,-171,-177.85
5,64,-141,-153.060402684564
5,65,35,-9.46666666666667
5,66,52,19.5365853658537
5,67,-18,19.5365853658537
5,68,-28,-22.2376543209877
5,69,46,-22.2376543209877
5,70,95,105.567567567568
5,71,177,217.096774193548
5,72,-103,-112.880952380952
5,73,-118,-110.135416666667
5,74,-104,-113.722891566265
5,75,-29,-42.2403846153846
5,76,-15,-22.2376543209877
5,77,-42,-22.2376543209877
5,78,9,-22.2376543209877
5,79,-43,-13.4454545454545
5,80,1,-22.2376543209877
5,81,-26,6.540625
5,82,-12,-22.2376543209877
5,83,-2,6.540625
5,84,1,6.540625
5,85,23,6.540625
5,86,62,81.5373134328358
5,87,67,151.4
5,88,67,145.910377358491
5,89,46,79.8275862068966
5,90,30,33.9459459459459
5,91,2,-31.7894736842105
5,92,-26,6.540625
5,93,29,-22.2376543209877
5,94,-162,-34.0980392156863
5,95,-76,-42.2403846153846
5,96,-3,16.9642857142857
5,97,16,-13.4454545454545
5,98,-3,-13.4454545454545
5,99,1,6.540625
5,100,17,6.540625
5,101,-25,75.9
5,102,-9,-22.2376543209877
5,103,-10,6.540625
5,104,12,6.540625
5,105,-46,-13.4454545454545
5,106,-8,-22.2376543209877
5,107,-5,6.540625
5,108,0,-13.4454545454545
5,109,12,6.540625
5,110,46,81.3181818181818
5,111,30,8.57142857142857
5,112,56,81.5373134328358
5,113,34,79.8275862068966
5,114,66,33.9459459459459
5,115,26,33.9459459459459
5,116,-31,33.9459459459459
5,117,29,-22.2376543209877
5,118,24,33.9459459459459
5,119,10,-34.0980392156863
5,120,-125,-13.4454545454545
5,121,-112,-42.2403846153846
5,122,-19,-42.2403846153846
5,123,16,-22.2376543209877
5,124,125,30.3243243243243
5,125,-149,-34.0980392156863
5,126,-21,-40.1428571428571
5,127,-15,-22.2376543209877
5,128,-3,-22.2376543209877
5,129,-1,6.540625
5,130,15,6.540625
5,131,55,-13.4454545454545
5,132,162,180.572413793103
5,133,210,261.641025641026
5,134,-167,-235.087301587302
5,135,-161,-153.060402684564
5,136,0,-9.46666666666667
5,137,34,6.540625
5,138,-9,19.5365853658537
5,139,-1,-13.4454545454545
5,140,31,-13.4454545454545
5,141,57,105.567567567568
5,142,202,169.903225806452
5,143,7,-112.880952380952
5,144,-146,-153.060402684564
5,145,-90,-113.722891566265
5,146,-47,-42.2403846153846
5,147,-67,-22.2376543209877
5,148,-41,-42.2403846153846
5,149,-23,-22.2376543209877
5,150,-9,-22.2376543209877
5,151,-10,97.6666666666667
5,152,-2,6.540625
5,153,1,6.540625
5,154,12,6.540625
5,155,85,81.3181818181818
5,156,199,145.910377358491
5,157,230,145.910377358491
5,158,-240,-235.087301587302
5,159,-173,-153.060402684564
5,160,13,-9.46666666666667
5,161,43,30.3243243243243
5,162,12,19.5365853658537
5,163,-46,-13.4454545454545
5,164,8,-22.2376543209877
5,165,130,116.776315789474
5,166,233,217.096774193548
5,167,9,-97.5217391304348
5,168,-180,-153.060402684564
5,169,-126,-113.722891566265
5,170,-22,16.9642857142857
5,171,-72,-22.2376543209877
5,172,-67,-42.2403846153846
5,173,-28,-42.2403846153846
5,174,-13,-22.2376543209877
5,175,-9,-11.1666666666667
5,176,0,6.540625
5,177,0,6.540625
5,178,19,6.540625
5,179,78,30.3243243243243
5,180,183,145.910377358491
5,181,227,145.910377358491
5,182,-255,-235.087301587302
5,183,-145,-153.060402684564
5,184,-6,-9.46666666666667
5,185,36,6.540625
5,186,-12,19.5365853658537
5,187,-18,-13.4454545454545
5,188,-54,-22.2376543209877
5,189,21,116.776315789474
5,190,80,169.903225806452
5,191,12,-34.0980392156863
5,192,-6,81.3181818181818
5,193,-36,-13.4454545454545
5,194,4,-22.2376543209877
5,195,-31,6.540625
5,196,-38,-22.2376543209877
5,197,-34,-22.2376543209877
5,198,-14,-22.2376543209877
5,199,-10,-13.4454545454545
5,200,2,6.540625
5,201,-3,6.540625
5,202,17,6.540625
5,203,58,30.3243243243243
5,204,191,180.572413793103
5,205,217,145.910377358491
5,206,-246,-235.087301587302
5,207,-141,-153.060402684564
5,208,2,-9.46666666666667
5,209,59,6.540625
5,210,-4,19.5365853658537
5,211,-10,-13.4454545454545
5,212,-10,-13.4454545454545
5,213,104,116.776315789474
5,214,161,217.096774193548
5,215,18,-34.0980392156863
5,216,-122,-110.135416666667
5,217,-96,-42.2403846153846
5,218,-22,-42.2403846153846
5,219,-70,-22.2376543209877
5,220,-23,-42.2403846153846
5,221,-41,-22.2376543209877
5,222,-30,-22.2376543209877
5,223,3,-22.2376543209877
5,224,-11,6.540625
5,225,-3,6.540625
5,226,15,6.540625
5,227,47,30.3243243243243
5,228,166,180.572413793103
5,229,218,180.572413793103
5,230,-173,-235.087301587302
5,231,-151,-153.060402684564
5,232,29,-9.46666666666667
5,233,23,19.5365853658537
5,234,16,19.5365853658537
5,235,-46,-13.4454545454545
5,236,45,-22.2376543209877
5,237,77,105.567567567568
5,238,128,217.096774193548
5,239,-37,-112.880952380952
5,240,-97,-40.1428571428571
5,241,-111,-42.2403846153846
5,242,-29,-42.2403846153846
5,243,-9,-22.2376543209877
5,244,-48,-13.4454545454545
5,245,-12,-42.2403846153846
5,246,-8,-13.4454545454545
5,247,-19,6.540625
5,248,-17,-22.2376543209877
5,249,-5,-22.2376543209877
5,250,-2,6.540625
5,251,7,6.540625
5,252,10,6.540625
5,253,59,6.540625
5,254,12,145.910377358491
5,255,76,30.3243243243243
5,256,17,33.9459459459459
5,257,38,30.3243243243243
5,258,14,-31.7894736842105
5,259,8,-13.4454545454545
5,260,-119,-13.4454545454545
5,261,22,-42.2403846153846
5,262,-2,-34.0980392156863
5,263,-36,-13.4454545454545
5,264,-21,-22.2376543209877
5,265,-24,-22.2376543209877
5,266,-15,-22.2376543209877
5,267,-2,-22.2376543209877
5,268,-26,6.540625
5,269,1,-22.2376543209877
5,270,3,6.540625
5,271,3,6.540625
5,272,-13,6.540625
5,273,-13,6.540625
5,274,2,6.540625
5,275,-1,6.540625
5,276,16,6.540625
5,277,8,81.3181818181818
5,278,37,6.540625
5,279,28,81.5373134328358
5,280,33,45.2413793103448
5,281,16,33.9459459459459
5,282,-2,30.3243243243243
5,283,-27,6.540625
5,284,44,-22.2376543209877
5,285,9,-34.0980392156863
5,286,-77,-13.4454545454545
5,287,9,-42.2403846153846
5,288,-16,-13.4454545454545
5,289,-23,-22.2376543209877
5,290,-21,-22.2376543209877
5,291,-8,-22.2376543209877
5,292,-5,-13.4454545454545
5,293,-14,-13.4454545454545
5,294,-3,6.540625
5,295,-2,-13.4454545454545
5,296,-3,6.540625
5,297,1,6.540625
5,298,15,6.540625
5,299,55,30.3243243243243
5,300,123,145.910377358491
5,301,222,151.4
5,302,-212,-177.85
5,303,-134,-153.060402684564
5,304,19,-9.46666666666667
5,305,28,30.3243243243243
5,306,22,19.5365853658537
5,307,-5,-34.0980392156863
5,308,20,-13.4454545454545
5,309,56,116.776315789474
5,310,196,169.903225806452
5,311,-2,-34.0980392156863
5,312,-142,-110.135416666667
5,313,-49,-113.722891566265
5,314,-67,-42.2403846153846
5,315,-45,-42.2403846153846
5,316,-66,-22.2376543209877
5,317,-22,-42.2403846153846
5,318,-8,-22.2376543209877
5,319,-3,97.6666666666667
5,320,0,6.540625
5,321,-1,6.540625
5,322,20,6.540625
5,323,68,81.3181818181818
5,324,190,145.910377358491
5,325,233,145.910377358491
5,326,-251,-235.087301587302
5,327,-164,-153.060402684564
5,328,14,-9.46666666666667
5,329,60,30.3243243243243
5,330,1,19.5365853658537
5,331,-49,-13.4454545454545
5,332,21,-42.2403846153846
5,333,121,105.567567567568
5,334,257,217.096774193548
5,335,-117,-97.5217391304348
5,336,-125,-153.060402684564
5,337,-97,-9.46666666666667
5,338,-75,-91.3448275862069
5,339,-32,-42.2403846153846
5,340,-20,-22.2376543209877
5,341,-35,-22.2376543209877
5,342,-17,-22.2376543209877
5,343,-1,-22.2376543209877
5,344,-1,6.540625
5,345,-2,6.540625
5,346,24,6.540625
5,347,70,81.5373134328358
5,348,226,180.572413793103
5,349,194,145.910377358491
5,350,-284,-235.087301587302
5,351,-111,-110.135416666667
5,352,18,-9.46666666666667
5,353,25,30.3243243243243
5,354,7,19.5365853658537
5,355,-36,-13.4454545454545
5,356,37,-22.2376543209877
5,357,60,105.567567567568
5,358,256,169.903225806452
5,359,-19,-112.880952380952
5,360,-157,-153.060402684564
5,361,-100,-113.722891566265
5,362,-33,-91.3448275862069
5,363,-71,-22.2376543209877
5,364,-49,-42.2403846153846
5,365,-35,-42.2403846153846
5,366,-18,-22.2376543209877
5,367,2,-22.2376543209877
5,368,-6,6.540625
5,369,2,6.540625
5,370,17,6.540625
5,371,67,81.3181818181818
5,372,201,180.572413793103
5,373,210,145.910377358491
5,374,-296,-235.087301587302
5,375,-158,-153.060402684564
5,376,27,-9.46666666666667
5,377,-26,19.5365853658537
5,378,19,-22.2376543209877
5,379,-33,-13.4454545454545
5,380,22,-22.2376543209877
5,381,65,81.5373134328358
5,382,171,217.096774193548
5,383,64,8.57142857142857
5,384,-95,-110.135416666667
5,385,-42,-42.2403846153846
5,386,-71,-22.2376543209877
5,387,-34,-42.2403846153846
5,388,-38,-22.2376543209877
5,389,-39,-22.2376543209877
5,390,-16,-22.2376543209877
5,391,-6,-22.2376543209877
5,392,-11,6.540625
5,393,0,6.540625
5,394,15,6.540625
5,395,55,81.3181818181818
5,396,155,180.572413793103
5,397,294,145.910377358491
5,398,-237,-235.087301587302
5,399,-167,-153.060402684564
5,400,26,-9.46666666666667
5,401,56,19.5365853658537
5,402,7,19.5365853658537
5,403,-35,-13.4454545454545
5,404,51,-22.2376543209877
5,405,86,105.567567567568
5,406,158,217.096774193548
5,407,-88,-112.880952380952
5,408,-95,-110.135416666667
5,409,-111,-42.2403846153846
5,410,-42,-42.2403846153846
5,411,-22,-22.2376543209877
5,412,-25,-22.2376543209877
5,413,4,-22.2376543209877
5,414,-41,-13.4454545454545
5,415,0,-22.2376543209877
5,416,-27,6.540625
5,417,-11,-22.2376543209877
5,418,-6,6.540625
5,419,8,6.540625
5,420,32,6.540625
5,421,61,81.5373134328358
5,422,36,151.4
5,423,67,45.2413793103448
5,424,81,79.8275862068966
5,425,83,33.9459459459459
5,426,15,-31.7894736842105
5,427,43,-13.4454545454545
5,428,72,-31.7894736842105
5,429,-95,-34.0980392156863
5,430,-40,-42.2403846153846
5,431,-118,-22.2376543209877
5,432,-58,-42.2403846153846
5,433,-40,-42.2403846153846
5,434,-34,-22.2376543209877
5,435,4,-22.2376543209877
5,436,-44,-13.4454545454545
5,437,0,-22.2376543209877
5,438,-2,6.540625
5,439,-24,6.540625
5,440,-33,-22.2376543209877
5,441,-12,-22.2376543209877
5,442,-1,6.540625
5,443,3,6.540625
5,444,9,6.540625
5,445,42,6.540625
5,446,37,81.5373134328358
5,447,98,81.5373134328358
5,448,35,79.8275862068966
5,449,29,33.9459459459459
5,450,6,33.9459459459459
5,451,-24,6.540625
5,452,16,-22.2376543209877
5,453,-41,-13.4454545454545
5,454,-55,-22.2376543209877
5,455,10,-42.2403846153846
5,456,-48,-13.4454545454545
5,457,-16,-42.2403846153846
5,458,-67,-22.2376543209877
5,459,19,-42.2403846153846
5,460,-20,-13.4454545454545
5,461,6,-22.2376543209877
5,462,-26,6.540625
5,463,5,-22.2376543209877
5,464,-12,6.540625
5,465,-2,6.540625
5,466,4,6.540625
5,467,34,-13.4454545454545
5,468,76,82
5,469,-10,145.910377358491
5,470,33,6.540625
5,471,65,79.8275862068966
5,472,73,8.63636363636364
5,473,31,-62.5454545454545
5,474,-49,33.9459459459459
5,475,26,-42.2403846153846
5,476,-9,45.2413793103448
5,477,-27,6.540625
5,478,-11,-22.2376543209877
5,479,-70,-13.4454545454545
5,480,-46,-42.2403846153846
5,481,-28,-22.2376543209877
5,482,-36,-22.2376543209877
5,483,-36,-22.2376543209877
5,484,-14,-22.2376543209877
5,485,-5,6.540625
5,486,-4,6.540625
5,487,-1,6.540625
5,488,13,6.540625
5,489,71,81.3181818181818
5,490,193,180.572413793103
5,491,185,145.910377358491
5,492,-247,-235.087301587302
5,493,-132,-110.135416666667
5,494,1,-9.46666666666667
5,495,77,6.540625
5,496,-32,19.5365853658537
5,497,-7,-22.2376543209877
5,498,36,-13.4454545454545
5,499,94,105.567567567568
5,500,178,217.096774193548
5,501,-7,-112.880952380952
5,502,-121,-110.135416666667
5,503,-77,-113.722891566265
5,504,-73,-42.2403846153846
5,505,-54,-42.2403846153846
5,506,-53,-42.2403846153846
5,507,-23,-42.2403846153846
5,508,-17,-22.2376543209877
5,509,-1,-22.2376543209877
5,510,-2,6.540625
5,511,-2,6.540625
5,512,28,6.540625
5,513,60,81.5373134328358
5,514,212,145.910377358491
5,515,274,145.910377358491
5,516,-324,-235.087301587302
5,517,-113,-153.060402684564
5,518,32,-9.46666666666667
5,519,36,19.5365853658537
5,520,-17,19.5365853658537
5,521,-13,-22.2376543209877
5,522,18,-13.4454545454545
5,523,103,116.776315789474
5,524,231,217.096774193548
5,525,-4,-34.0980392156863
5,526,-198,-153.060402684564
5,527,-53,-113.722891566265
5,528,-35,16.9642857142857
5,529,-92,-22.2376543209877
5,530,-85,-42.2403846153846
5,531,-20,-42.2403846153846
5,532,-27,-22.2376543209877
5,533,-6,-11.1666666666667
5,534,-3,6.540625
5,535,-5,6.540625
5,536,31,6.540625
5,537,59,81.5373134328358
5,538,235,145.910377358491
5,539,234,145.910377358491
5,540,-318,-235.087301587302
5,541,-94,-153.060402684564
5,542,34,-9.46666666666667
5,543,42,19.5365853658537
5,544,-6,19.5365853658537
5,545,-26,-13.4454545454545
5,546,25,-22.2376543209877
5,547,126,105.567567567568
5,548,267,217.096774193548
5,549,-88,-97.5217391304348
5,550,-153,-153.060402684564
5,551,-100,-113.722891566265
5,552,-47,-91.3448275862069
5,553,-85,-22.2376543209877
5,554,-52,-42.2403846153846
5,555,-39,-42.2403846153846
5,556,-28,-22.2376543209877
5,557,-13,-22.2376543209877
5,558,0,6.540625
5,559,-3,6.540625
5,560,24,6.540625
5,561,56,81.5373134328358
5,562,190,180.572413793103
5,563,197,145.910377358491
5,564,-225,-235.087301587302
5,565,-103,-153.060402684564
5,566,22,-9.46666666666667
5,567,65,19.5365853658537
5,568,-45,19.5365853658537
5,569,-152,-22.2376543209877
5,570,63,-42.2403846153846
5,571,84,105.567567567568
5,572,78,217.096774193548
5,573,44,-62.5454545454545
5,574,-67,33.9459459459459
5,575,-66,-42.2403846153846
5,576,-15,-42.2403846153846
5,577,-46,-22.2376543209877
5,578,-20,-22.2376543209877
5,579,-25,-22.2376543209877
5,580,-15,-22.2376543209877
5,581,-8,-22.2376543209877
5,582,-31,6.540625
5,583,-5,-22.2376543209877
5,584,1,6.540625
5,585,10,6.540625
5,586,10,6.540625
5,587,70,6.540625
5,588,29,145.910377358491
5,589,61,45.2413793103448
5,590,27,33.9459459459459
5,591,48,33.9459459459459
5,592,-32,-31.7894736842105
5,593,-10,-22.2376543209877
5,594,16,-13.4454545454545
5,595,-37,-13.4454545454545
5,596,-36,-22.2376543209877
5,597,-26,-22.2376543209877
5,598,16,-22.2376543209877
5,599,-44,-13.4454545454545
5,600,-20,-22.2376543209877
5,601,-3,-22.2376543209877
5,602,9,-13.4454545454545
5,603,-21,6.540625
5,604,-15,-22.2376543209877
5,605,-13,-22.2376543209877
5,606,-21,-13.4454545454545
5,607,-15,-22.2376543209877
5,608,-1,-22.2376543209877
5,609,-3,6.540625
5,610,20,-13.4454545454545
5,611,37,30.3243243243243
5,612,28,81.5373134328358
5,613,101,81.5373134328358
5,614,39,79.8275862068966
5,615,78,33.9459459459459
5,616,20,33.9459459459459
5,617,6,30.3243243243243
5,618,22,-13.4454545454545
5,619,-14,-34.0980392156863
5,620,-52,-13.4454545454545
5,621,-71,-42.2403846153846
5,622,-73,-42.2403846153846
5,623,-55,-42.2403846153846
5,624,-5,-42.2403846153846
5,625,-12,-13.4454545454545
5,626,-7,-13.4454545454545
5,627,-35,6.540625
5,628,-23,-22.2376543209877
5,629,-2,-22.2376543209877
5,630,-2,6.540625
5,631,-1,6.540625
5,632,15,6.540625
5,633,74,30.3243243243243
5,634,190,180.572413793103
5,635,248,145.910377358491
5,636,-298,-235.087301587302
5,637,-126,-153.060402684564
5,638,-1,-9.46666666666667
5,639,74,6.540625
5,640,5,19.5365853658537
5,641,-24,-13.4454545454545
5,642,16,-22.2376543209877
5,643,112,116.776315789474
5,644,243,217.096774193548
5,645,-2,-97.5217391304348
5,646,-193,-153.060402684564
5,647,-115,-113.722891566265
5,648,-24,-91.3448275862069
5,649,-103,-22.2376543209877
5,650,-36,-42.2403846153846
5,651,-46,-22.2376543209877
5,652,-4,-22.2376543209877
5,653,-3,-11.1666666666667
5,654,3,6.540625
5,655,-4,6.540625
5,656,19,6.540625
5,657,80,81.3181818181818
5,658,224,180.572413793103
5,659,234,151.4
5,660,-327,-235.087301587302
5,661,-100,-153.060402684564
5,662,31,-9.46666666666667
5,663,20,19.5365853658537
5,664,7,-13.4454545454545
5,665,-56,-13.4454545454545
5,666,32,-42.2403846153846
5,667,121,105.567567567568
5,668,243,217.096774193548
5,669,-81,-97.5217391304348
5,670,-143,-153.060402684564
5,671,-102,-113.722891566265
5,672,-16,-91.3448275862069
5,673,-87,-22.2376543209877
5,674,-36,-42.2403846153846
5,675,-33,-22.2376543209877
5,676,-26,-22.2376543209877
5,677,-2,-22.2376543209877
5,678,-2,6.540625
5,679,27,6.540625
5,680,75,81.5373134328358
5,681,149,180.572413793103
5,682,-137,180.572413793103
5,683,-78,-110.135416666667
5,684,-28,-42.2403846153846
5,685,0,-22.2376543209877
5,686,60,6.540625
5,687,6,-34.0980392156863
5,688,-20,-13.4454545454545
5,689,34,-22.2376543209877
5,690,77,169.903225806452
5,691,86,128.0625
5,692,-61,-62.5454545454545
5,693,-90,-42.2403846153846
5,694,-5,-42.2403846153846
5,695,-58,-13.4454545454545
5,696,16,-42.2403846153846
5,697,-22,-13.4454545454545
5,698,-22,-22.2376543209877
5,699,1,-22.2376543209877
5,700,-6,6.540625
5,701,-3,6.540625
5,702,2,6.540625
5,703,13,6.540625
5,704,91,-13.4454545454545
5,705,195,145.910377358491
5,706,290,151.4
5,707,-308,-235.087301587302
5,708,-153,-153.060402684564
5,709,35,-9.46666666666667
5,710,52,19.5365853658537
5,711,-9,19.5365853658537
5,712,0,-13.4454545454545
5,713,12,-13.4454545454545
5,714,138,116.776315789474
5,715,239,217.096774193548
5,716,-75,-97.5217391304348
5,717,-197,-153.060402684564
5,718,-74,-113.722891566265
5,719,-57,16.9642857142857
5,720,-71,-42.2403846153846
5,721,-41,-42.2403846153846
5,722,-39,-22.2376543209877
5,723,-26,-22.2376543209877
5,724,-14,-11.1666666666667
5,725,-3,6.540625
5,726,-1,6.540625
5,727,22,6.540625
5,728,68,81.5373134328358
5,729,170,180.572413793103
5,730,287,145.910377358491
5,731,-235,-235.087301587302
5,732,-182,-153.060402684564
5,733,62,-9.46666666666667
5,734,40,19.5365853658537
5,735,-12,19.5365853658537
5,736,-17,-13.4454545454545
5,737,-127,-22.2376543209877
5,738,-28,116.776315789474
5,739,78,-11.1666666666667
5,740,32,19.5365853658537
5,741,14,8.57142857142857
5,742,-74,-13.4454545454545
5,743,1,-42.2403846153846
5,744,-26,6.540625
5,745,-52,-22.2376543209877
5,746,-1,-42.2403846153846
5,747,22,-13.4454545454545
5,748,-6,8.57142857142857
5,749,-17,-13.4454545454545
5,750,-19,-22.2376543209877
5,751,0,-22.2376543209877
5,752,5,6.540625
5,753,9,6.540625
5,754,32,6.540625
5,755,46,82
5,756,74,45.2413793103448
5,757,46,45.2413793103448
5,758,85,33.9459459459459
5,759,40,33.9459459459459
5,760,91,33.9459459459459
5,761,-31,-31.7894736842105
5,762,68,-22.2376543209877
5,763,-82,-31.7894736842105
5,764,-82,-42.2403846153846
5,765,-78,-42.2403846153846
5,766,-76,-42.2403846153846
5,767,5,-42.2403846153846
5,768,-20,-13.4454545454545
5,769,-28,-22.2376543209877
5,770,-34,-22.2376543209877
5,771,4,-22.2376543209877
5,772,4,6.540625
5,773,-54,6.540625
5,774,-12,-42.2403846153846
5,775,-9,-13.4454545454545
5,776,0,6.540625
5,777,18,6.540625
5,778,43,81.3181818181818
5,779,52,82
5,780,74,180.572413793103
5,781,64,79.8275862068966
5,782,71,79.8275862068966
5,783,37,33.9459459459459
5,784,-32,33.9459459459459
5,785,2,-22.2376543209877
5,786,-35,-13.4454545454545
5,787,-36,-22.2376543209877
5,788,-79,-22.2376543209877
5,789,-52,-42.2403846153846
5,790,-44,-42.2403846153846
5,791,-9,-22.2376543209877
5,792,-17,6.540625
5,793,-36,-22.2376543209877
5,794,-9,-22.2376543209877
5,795,-11,6.540625
5,796,-2,6.540625
5,797,-3,6.540625
5,798,0,6.540625
5,799,17,6.540625
5,800,73,30.3243243243243
5,801,169,145.910377358491
5,802,168,145.910377358491
5,803,-231,-235.087301587302
5,804,-111,-110.135416666667
5,805,17,16.9642857142857
5,806,34,30.3243243243243
5,807,-17,19.5365853658537
5,808,8,-22.2376543209877
5,809,2,-13.4454545454545
5,810,80,116.776315789474
5,811,177,217.096774193548
5,812,-12,-34.0980392156863
5,813,-149,-110.135416666667
5,814,-47,-113.722891566265
5,815,-59,-22.2376543209877
5,816,-42,-42.2403846153846
5,817,-47,-22.2376543209877
5,818,-23,-22.2376543209877
5,819,-2,-22.2376543209877
5,820,-2,97.6666666666667
5,821,-3,6.540625
5,822,2,6.540625
5,823,22,6.540625
5,824,77,81.5373134328358
5,825,173,145.910377358491
5,826,226,151.4
5,827,-268,-235.087301587302
5,828,-104,-153.060402684564
5,829,1,-9.46666666666667
5,830,8,6.540625
5,831,26,-13.4454545454545
5,832,-28,-34.0980392156863
5,833,30,-22.2376543209877
5,834,84,105.567567567568
5,835,196,217.096774193548
5,836,11,-112.880952380952
5,837,-170,-110.135416666667
5,838,-100,-113.722891566265
5,839,-39,16.9642857142857
5,840,-42,-22.2376543209877
5,841,-52,-22.2376543209877
5,842,-39,-42.2403846153846
5,843,-10,-22.2376543209877
5,844,-1,-11.1666666666667
5,845,-1,6.540625
5,846,0,6.540625
5,847,15,6.540625
5,848,90,81.3181818181818
5,849,236,180.572413793103
5,850,222,145.910377358491
5,851,-302,-235.087301587302
5,852,-117,-153.060402684564
5,853,14,-9.46666666666667
5,854,54,30.3243243243243
5,855,-10,19.5365853658537
5,856,-30,-13.4454545454545
5,857,34,-22.2376543209877
5,858,79,105.567567567568
5,859,324,217.096774193548
5,860,-68,-112.880952380952
5,861,-183,-153.060402684564
5,862,-101,-113.722891566265
5,863,-72,-91.3448275862069
5,864,-29,-42.2403846153846
5,865,-97,-22.2376543209877
5,866,-16,-42.2403846153846
5,867,-25,-22.2376543209877
5,868,-10,-11.1666666666667
5,869,-8,6.540625
5,870,-1,6.540625
5,871,27,6.540625
5,872,80,81.5373134328358
5,873,225,145.910377358491
5,874,251,145.910377358491
5,875,-284,-235.087301587302
5,876,-163,-153.060402684564
5,877,66,-9.46666666666667
5,878,47,19.5365853658537
5,879,-18,19.5365853658537
5,880,-30,-22.2376543209877
5,881,-18,-22.2376543209877
5,882,157,116.776315789474
5,883,255,217.096774193548
5,884,-7,-97.5217391304348
5,885,-174,-153.060402684564
5,886,-114,-113.722891566265
5,887,-69,-91.3448275862069
5,888,-80,-42.2403846153846
5,889,-59,-42.2403846153846
5,890,-40,-42.2403846153846
5,891,-28,-22.2376543209877
5,892,-15,-11.1666666666667
5,893,-4,-22.2376543209877
5,894,-6,6.540625
5,895,28,6.540625
5,896,56,81.5373134328358
5,897,183,180.572413793103
5,898,233,145.910377358491
5,899,-217,-235.087301587302
5,900,-125,-153.060402684564
5,901,28,-9.46666666666667
5,902,14,19.5365853658537
5,903,23,-13.4454545454545
5,904,-46,-62.5454545454545
5,905,60,-22.2376543209877
5,906,105,105.567567567568
5,907,223,217.096774193548
5,908,-96,-112.880952380952
5,909,-226,-153.060402684564
5,910,-85,-113.722891566265
5,911,-18,16.9642857142857
5,912,-34,-22.2376543209877
5,913,-21,-22.2376543209877
5,914,-9,-22.2376543209877
5,915,-26,-13.4454545454545
5,916,-9,-11.1666666666667
5,917,-26,6.540625
5,918,-12,-22.2376543209877
5,919,6,6.540625
5,920,2,6.540625
5,921,28,6.540625
5,922,71,81.5373134328358
5,923,37,128.0625
5,924,75,81.5373134328358
5,925,51,79.8275862068966
5,926,55,33.9459459459459
5,927,28,-31.7894736842105
5,928,22,33.9459459459459
5,929,27,-31.7894736842105
5,930,-16,33.9459459459459
5,931,-36,-22.2376543209877
5,932,-57,-22.2376543209877
5,933,-113,-42.2403846153846
5,934,-63,-42.2403846153846
5,935,-11,-42.2403846153846
5,936,-10,-13.4454545454545
5,937,-17,-13.4454545454545
5,938,-14,-22.2376543209877
5,939,-8,6.540625
5,940,5,6.540625
5,941,-44,6.540625
5,942,-15,-22.2376543209877
5,943,3,-22.2376543209877
5,944,7,6.540625
5,945,55,6.540625
5,946,18,145.910377358491
5,947,128,30.3243243243243
5,948,81,-32.6
5,949,111,-40.1428571428571
5,950,54,-112.880952380952
5,951,37,-40.1428571428571
5,952,-14,-31.7894736842105
5,953,22,-13.4454545454545
5,954,-11,-31.7894736842105
5,955,-109,-13.4454545454545
5,956,-131,-42.2403846153846
5,957,-87,-42.2403846153846
5,958,-24,-42.2403846153846
5,959,-53,-22.2376543209877
5,960,-42,-42.2403846153846
5,961,-28,-22.2376543209877
5,962,-14,-22.2376543209877
5,963,-1,6.540625
5,964,-7,6.540625
5,965,1,6.540625
5,966,13,6.540625
5,967,72,81.3181818181818
5,968,180,145.910377358491
5,969,296,145.910377358491
5,970,-283,-235.087301587302
5,971,-144,-153.060402684564
5,972,13,-9.46666666666667
5,973,71,30.3243243243243
5,974,29,19.5365853658537
5,975,-29,-34.0980392156863
5,976,12,-22.2376543209877
5,977,99,116.776315789474
5,978,312,217.096774193548
5,979,68,-34.0980392156863
5,980,-266,-153.060402684564
5,981,-160,-113.722891566265
5,982,-81,-91.3448275862069
5,983,-72,16.9642857142857
5,984,-70,-42.2403846153846
5,985,-37,-42.2403846153846
5,986,-10,-22.2376543209877
5,987,-15,-11.1666666666667
5,988,1,-22.2376543209877
5,989,-1,6.540625
5,990,23,6.540625
5,991,89,81.5373134328358
5,992,195,180.572413793103
5,993,285,145.910377358491
5,994,-251,-235.087301587302
5,995,-199,-153.060402684564
5,996,76,-9.46666666666667
5,997,25,19.5365853658537
5,998,-11,19.5365853658537
5,999,-21,-13.4454545454545
5,1000,52,-22.2376543209877
5,1001,101,105.567567567568
5,1002,311,217.096774193548
5,1003,58,-112.880952380952
5,1004,-255,-153.060402684564
5,1005,-128,-113.722891566265
5,1006,-107,-91.3448275862069
5,1007,-74,-42.2403846153846
5,1008,-83,-42.2403846153846
5,1009,-48,-42.2403846153846
5,1010,-12,-42.2403846153846
5,1011,-25,-11.1666666666667
5,1012,2,-22.2376543209877
5,1013,1,6.540625
5,1014,22,6.540625
5,1015,94,81.5373134328358
5,1016,247,180.572413793103
5,1017,294,145.910377358491
5,1018,-311,-235.087301587302
5,1019,-163,-153.060402684564
5,1020,32,-9.46666666666667
5,1021,47,19.5365853658537
5,1022,-13,19.5365853658537
5,1023,-30,-13.4454545454545
5,1024,59,-22.2376543209877
5,1025,73,105.567567567568
5,1026,426,217.096774193548
5,1027,-33,-112.880952380952
5,1028,-277,-153.060402684564
5,1029,-142,-113.722891566265
5,1030,-42,-91.3448275862069
5,1031,-86,-22.2376543209877
5,1032,-111,-42.2403846153846
5,1033,-31,-42.2403846153846
5,1034,-37,-22.2376543209877
5,1035,-4,-11.1666666666667
5,1036,-12,6.540625
5,1037,7,6.540625
5,1038,12,6.540625
5,1039,91,81.3181818181818
5,1040,264,180.572413793103
5,1041,242,128.0625
5,1042,-308,-235.087301587302
5,1043,-151,-153.060402684564
5,1044,47,-9.46666666666667
5,1045,54,19.5365853658537
5,1046,8,19.5365853658537
5,1047,-15,-13.4454545454545
5,1048,29,-22.2376543209877
5,1049,139,105.567567567568
5,1050,287,217.096774193548
5,1051,33,-97.5217391304348
5,1052,-321,-153.060402684564
5,1053,-95,-113.722891566265
5,1054,-87,-91.3448275862069
5,1055,-74,-42.2403846153846
5,1056,-72,-42.2403846153846
5,1057,-40,-42.2403846153846
5,1058,-31,-22.2376543209877
5,1059,-22,-11.1666666666667
5,1060,-1,-22.2376543209877
5,1061,0,6.540625
5,1062,29,6.540625
5,1063,67,81.5373134328358
5,1064,179,180.572413793103
5,1065,284,180.572413793103
5,1066,-250,-235.087301587302
5,1067,-132,-153.060402684564
5,1068,27,-9.46666666666667
5,1069,87,19.5365853658537
5,1070,-34,19.5365853658537
5,1071,-58,-22.2376543209877
5,1072,-95,-42.2403846153846
5,1073,22,116.776315789474
5,1074,129,169.903225806452
5,1075,150,19.5365853658537
5,1076,-112,-97.5217391304348
5,1077,-61,-110.135416666667
5,1078,-83,-42.2403846153846
5,1079,-4,-42.2403846153846
5,1080,-22,6.540625
5,1081,-26,-22.2376543209877
5,1082,-31,-22.2376543209877
5,1083,-27,-22.2376543209877
5,1084,-16,-22.2376543209877
5,1085,-24,-22.2376543209877
5,1086,6,-22.2376543209877
5,1087,22,6.540625
5,1088,56,81.5373134328358
5,1089,132,180.572413793103
5,1090,103,128.0625
5,1091,122,-177.85
5,1092,142,-32.6
5,1093,66,-177.85
5,1094,35,-110.135416666667
5,1095,4,-31.7894736842105
5,1096,-11,-13.4454545454545
5,1097,6,-13.4454545454545
5,1098,-37,-13.4454545454545
5,1099,-88,-22.2376543209877
5,1100,-143,-42.2403846153846
5,1101,-146,-42.2403846153846
5,1102,-48,-42.2403846153846
5,1103,-12,-42.2403846153846
5,1104,-26,6.540625
5,1105,-78,-22.2376543209877
5,1106,6,-42.2403846153846
5,1107,-57,6.540625
5,1108,-38,-42.2403846153846
5,1109,-4,-22.2376543209877
5,1110,-8,6.540625
5,1111,5,6.540625
5,1112,31,6.540625
5,1113,54,82
5,1114,82,180.572413793103
5,1115,173,128.0625
5,1116,17,-112.880952380952
5,1117,135,-110.135416666667
5,1118,41,-112.880952380952
5,1119,-23,-110.135416666667
5,1120,33,-22.2376543209877
5,1121,-13,33.9459459459459
5,1122,0,-13.4454545454545
5,1123,-82,-13.4454545454545
5,1124,-107,-42.2403846153846
5,1125,-154,-42.2403846153846
5,1126,-25,-42.2403846153846
5,1127,-73,-22.2376543209877
5,1128,-54,-42.2403846153846
5,1129,-23,-42.2403846153846
5,1130,-8,-22.2376543209877
5,1131,-7,6.540625
5,1132,-6,6.540625
5,1133,1,6.540625
5,1134,28,6.540625
5,1135,89,81.5373134328358
5,1136,234,145.910377358491
5,1137,225,145.910377358491
5,1138,-248,-235.087301587302
5,1139,-147,-153.060402684564
5,1140,17,-9.46666666666667
5,1141,81,30.3243243243243
5,1142,-19,19.5365853658537
5,1143,-3,-22.2376543209877
5,1144,26,-13.4454545454545
5,1145,99,105.567567567568
5,1146,336,217.096774193548
5,1147,80,-112.880952380952
5,1148,-252,-153.060402684564
5,1149,-219,-113.722891566265
5,1150,-107,-91.3448275862069
5,1151,-75,16.9642857142857
5,1152,-94,-42.2403846153846
5,1153,-25,-42.2403846153846
5,1154,-14,-22.2376543209877
5,1155,-5,-11.1666666666667
5,1156,-7,-11.1666666666667
5,1157,3,6.540625
5,1158,14,6.540625
5,1159,80,81.3181818181818
5,1160,70,145.910377358491
5,1161,346,145.910377358491
5,1162,-191,-112.880952380952
5,1163,-162,-153.060402684564
5,1164,67,-9.46666666666667
5,1165,31,19.5365853658537
5,1166,23,19.5365853658537
5,1167,-36,-62.5454545454545
5,1168,-4,-22.2376543209877
5,1169,187,116.776315789474
5,1170,319,217.096774193548
5,1171,51,-97.5217391304348
5,1172,-246,-153.060402684564
5,1173,-178,-113.722891566265
5,1174,-100,-91.3448275862069
5,1175,-89,16.9642857142857
5,1176,-98,-42.2403846153846
5,1177,-57,-42.2403846153846
5,1178,-7,-42.2403846153846
5,1179,-16,-11.1666666666667
5,1180,-2,-11.1666666666667
5,1181,-4,6.540625
5,1182,35,6.540625
5,1183,110,81.5373134328358
5,1184,223,180.572413793103
5,1185,163,145.910377358491
5,1186,-242,-235.087301587302
5,1187,-139,-110.135416666667
5,1188,38,16.9642857142857
5,1189,37,19.5365853658537
5,1190,74,19.5365853658537
5,1191,-78,-62.5454545454545
5,1192,18,-42.2403846153846
5,1193,135,116.776315789474
5,1194,351,217.096774193548
5,1195,50,-97.5217391304348
5,1196,-197,-153.060402684564
5,1197,-208,-113.722891566265
5,1198,-123,-91.3448275862069
5,1199,-54,16.9642857142857
5,1200,-72,-42.2403846153846
5,1201,-84,-42.2403846153846
5,1202,-11,-42.2403846153846
5,1203,-24,-11.1666666666667
5,1204,1,-11.1666666666667
5,1205,-1,6.540625
5,1206,28,6.540625
5,1207,102,81.5373134328358
5,1208,225,180.572413793103
5,1209,288,145.910377358491
5,1210,-331,-235.087301587302
5,1211,-176,-153.060402684564
5,1212,77,-9.46666666666667
5,1213,53,19.5365853658537
5,1214,26,19.5365853658537
5,1215,-41,-62.5454545454545
5,1216,47,-22.2376543209877
5,1217,121,105.567567567568
5,1218,385,217.096774193548
5,1219,-9,-177.85
5,1220,-215,-153.060402684564
5,1221,-162,-113.722891566265
5,1222,-50,-91.3448275862069
5,1223,-154,16.9642857142857
5,1224,-69,-42.2403846153846
5,1225,-56,-42.2403846153846
5,1226,-45,-42.2403846153846
5,1227,-18,-11.1666666666667
5,1228,-22,-22.2376543209877
5,1229,-7,-22.2376543209877
5,1230,31,6.540625
5,1231,82,169.903225806452
5,1232,230,180.572413793103
5,1233,316,180.572413793103
5,1234,-282,-235.087301587302
5,1235,-105,-153.060402684564
5,1236,43,-9.46666666666667
5,1237,153,19.5365853658537
5,1238,-43,19.5365853658537
5,1239,4,-110.135416666667
5,1240,40,-13.4454545454545
5,1241,117,105.567567567568
5,1242,368,217.096774193548
5,1243,-127,-97.5217391304348
5,1244,-144,-153.060402684564
5,1245,-241,-9.46666666666667
5,1246,-161,-91.3448275862069
5,1247,-13,16.9642857142857
5,1248,-95,-13.4454545454545
5,1249,-20,-42.2403846153846
5,1250,-28,-22.2376543209877
5,1251,-59,-22.2376543209877
5,1252,-37,-11.1666666666667
5,1253,-25,-22.2376543209877
5,1254,-3,-22.2376543209877
5,1255,24,6.540625
5,1256,42,81.5373134328358
5,1257,84,81.5373134328358
5,1258,95,180.572413793103
5,1259,96,79.8275862068966
5,1260,-72,79.8275862068966
5,1261,-90,-42.2403846153846
5,1262,13,-42.2403846153846
5,1263,27,-13.4454545454545
5,1264,67,19.5365853658537
5,1265,-113,-34.0980392156863
5,1266,-62,-42.2403846153846
5,1267,22,-42.2403846153846
5,1268,-4,128.0625
5,1269,-22,6.540625
5,1270,-7,-22.2376543209877
5,1271,-21,-13.4454545454545
5,1272,22,-22.2376543209877
5,1273,-25,81.5373134328358
5,1274,9,-22.2376543209877
5,1275,-54,-13.4454545454545
5,1276,-17,-42.2403846153846
5,1277,-10,-22.2376543209877
5,1278,-2,6.540625
5,1279,12,6.540625
5,1280,21,-13.4454545454545
5,1281,50,82
5,1282,29,180.572413793103
5,1283,132,128.0625
5,1284,73,-32.6
5,1285,37,-110.135416666667
5,1286,7,33.9459459459459
5,1287,47,-13.4454545454545
5,1288,7,-31.7894736842105
5,1289,71,-13.4454545454545
5,1290,-73,33.9459459459459
5,1291,72,-42.2403846153846
5,1292,-116,33.9459459459459
5,1293,-116,-42.2403846153846
5,1294,-110,-42.2403846153846
5,1295,-38,-42.2403846153846
5,1296,-46,-22.2376543209877
5,1297,-32,-22.2376543209877
5,1298,-5,-22.2376543209877
5,1299,-8,75.9
5,1300,-19,6.540625
5,1301,3,-22.2376543209877
5,1302,32,6.540625
5,1303,81,81.5373134328358
5,1304,253,180.572413793103
5,1305,287,-112.880952380952
5,1306,-375,-235.087301587302
5,1307,-129,-153.060402684564
5,1308,25,-9.46666666666667
5,1309,101,19.5365853658537
5,1310,22,19.5365853658537
5,1311,-84,-34.0980392156863
5,1312,6,-42.2403846153846
5,1313,82,116.776315789474
5,1314,359,217.096774193548
5,1315,20,-34.0980392156863
5,1316,-226,-153.060402684564
5,1317,-237,-113.722891566265
5,1318,-35,-91.3448275862069
5,1319,-93,16.9642857142857
5,1320,-45,-42.2403846153846
5,1321,-38,-22.2376543209877
5,1322,-5,-22.2376543209877
5,1323,2,-11.1666666666667
5,1324,-3,-11.1666666666667
5,1325,-1,6.540625
5,1326,14,6.540625
5,1327,84,81.3181818181818
5,1328,185,180.572413793103
5,1329,295,151.4
5,1330,-314,-235.087301587302
5,1331,-129,-153.060402684564
5,1332,37,-9.46666666666667
5,1333,45,19.5365853658537
5,1334,-9,19.5365853658537
5,1335,-27,-13.4454545454545
5,1336,16,-22.2376543209877
5,1337,105,116.776315789474
5,1338,309,217.096774193548
5,1339,30,-34.0980392156863
5,1340,-227,-153.060402684564
5,1341,-123,-113.722891566265
5,1342,-73,-91.3448275862069
5,1343,-87,-42.2403846153846
5,1344,-70,-42.2403846153846
5,1345,-34,-42.2403846153846
5,1346,-22,-22.2376543209877
5,1347,-5,-11.1666666666667
5,1348,2,6.540625
5,1349,-4,6.540625
5,1350,39,6.540625
5,1351,75,81.5373134328358
5,1352,243,180.572413793103
5,1353,300,145.910377358491
5,1354,-344,-235.087301587302
5,1355,-141,-153.060402684564
5,1356,49,-9.46666666666667
5,1357,46,19.5365853658537
5,1358,5,19.5365853658537
5,1359,-52,-13.4454545454545
5,1360,-22,-42.2403846153846
5,1361,22,116.776315789474
5,1362,383,169.903225806452
5,1363,37,-34.0980392156863
5,1364,-185,-153.060402684564
5,1365,-94,-113.722891566265
5,1366,-101,-91.3448275862069
5,1367,-89,-42.2403846153846
5,1368,-79,-42.2403846153846
5,1369,-45,-42.2403846153846
5,1370,-15,-22.2376543209877
5,1371,-27,-11.1666666666667
5,1372,-1,-22.2376543209877
5,1373,4,6.540625
5,1374,23,6.540625
5,1375,85,81.5373134328358
5,1376,250,180.572413793103
5,1377,287,128.0625
5,1378,-333,-235.087301587302
5,1379,-155,-153.060402684564
5,1380,54,-9.46666666666667
5,1381,72,19.5365853658537
5,1382,-19,19.5365853658537
5,1383,-35,-22.2376543209877
5,1384,69,-22.2376543209877
5,1385,81,105.567567567568
5,1386,315,217.096774193548
5,1387,-22,-112.880952380952
5,1388,-213,-153.060402684564
5,1389,-133,-113.722891566265
5,1390,-111,-91.3448275862069
5,1391,-72,-42.2403846153846
5,1392,-58,-42.2403846153846
5,1393,-35,-42.2403846153846
5,1394,-32,-22.2376543209877
5,1395,-20,-11.1666666666667
5,1396,0,-22.2376543209877
5,1397,-5,6.540625
5,1398,24,6.540625
5,1399,60,81.5373134328358
5,1400,203,180.572413793103
5,1401,304,180.572413793103
5,1402,-272,-235.087301587302
5,1403,-134,-153.060402684564
5,1404,14,-9.46666666666667
5,1405,69,30.3243243243243
5,1406,-28,19.5365853658537
5,1407,-13,-22.2376543209877
5,1408,51,-13.4454545454545
5,1409,87,105.567567567568
5,1410,239,217.096774193548
5,1411,-46,-112.880952380952
5,1412,-165,-153.060402684564
5,1413,-186,-113.722891566265
5,1414,11,16.9642857142857
5,1415,-67,81.3181818181818
5,1416,-30,-42.2403846153846
5,1417,-31,-22.2376543209877
5,1418,-10,-22.2376543209877
5,1419,-13,-11.1666666666667
5,1420,-38,-11.1666666666667
5,1421,-23,-22.2376543209877
5,1422,-3,-22.2376543209877
5,1423,18,6.540625
5,1424,21,81.3181818181818
5,1425,101,81.5373134328358
5,1426,78,145.910377358491
5,1427,90,105.567567567568
5,1428,150,79.8275862068966
5,1429,158,-112.880952380952
5,1430,17,-235.087301587302
5,1431,-87,-110.135416666667
5,1432,54,-42.2403846153846
5,1433,-70,-34.0980392156863
5,1434,8,-42.2403846153846
5,1435,-202,-13.4454545454545
5,1436,-57,-42.2403846153846
5,1437,-76,16.9642857142857
5,1438,-65,-42.2403846153846
5,1439,13,-42.2403846153846
5,1440,-44,-13.4454545454545
5,1441,-45,-22.2376543209877
5,1442,-5,-11.1666666666667
5,1443,19,6.540625
5,1444,-56,81.3181818181818
5,1445,-13,-42.2403846153846
5,1446,6,6.540625
5,1447,79,-13.4454545454545
5,1448,-13,180.572413793103
5,1449,41,6.540625
5,1450,150,33.9459459459459
5,1451,85,105.567567567568
5,1452,91,-110.135416666667
5,1453,-6,33.9459459459459
5,1454,19,-13.4454545454545
5,1455,97,-13.4454545454545
5,1456,12,-34.0980392156863
5,1457,-62,-13.4454545454545
5,1458,44,-42.2403846153846
5,1459,-123,8.57142857142857
5,1460,-86,-42.2403846153846
5,1461,-114,-42.2403846153846
5,1462,-98,-42.2403846153846
5,1463,-66,-42.2403846153846
5,1464,-5,-42.2403846153846
5,1465,-46,6.540625
5,1466,-12,-22.2376543209877
5,1467,0,6.540625
5,1468,-1,6.540625
5,1469,20,6.540625
5,1470,86,81.3181818181818
5,1471,196,151.4
5,1472,283,180.572413793103
5,1473,-272,-235.087301587302
5,1474,-113,-153.060402684564
5,1475,5,-9.46666666666667
5,1476,72,6.540625
5,1477,0,19.5365853658537
5,1478,-13,-13.4454545454545
5,1479,56,-13.4454545454545
5,1480,71,105.567567567568
5,1481,334,217.096774193548
5,1482,-111,-112.880952380952
5,1483,-124,-153.060402684564
5,1484,-165,-9.46666666666667
5,1485,-91,-91.3448275862069
5,1486,-115,16.9642857142857
5,1487,-57,-42.2403846153846
5,1488,-33,-42.2403846153846
5,1489,-22,-22.2376543209877
5,1490,-6,-22.2376543209877
5,1491,-2,-11.1666666666667
5,1492,-2,6.540625
5,1493,26,6.540625
5,1494,73,81.5373134328358
5,1495,241,180.572413793103
5,1496,263,145.910377358491
5,1497,-196,-235.087301587302
5,1498,-189,-153.060402684564
5,1499,39,-9.46666666666667
5,1500,73,19.5365853658537
5,1501,14,19.5365853658537
5,1502,-34,-13.4454545454545
5,1503,5,-22.2376543209877
5,1504,169,116.776315789474
5,1505,272,217.096774193548
5,1506,43,-97.5217391304348
5,1507,-242,-153.060402684564
5,1508,-179,-113.722891566265
5,1509,-136,-91.3448275862069
5,1510,-85,16.9642857142857
5,1511,-79,-42.2403846153846
5,1512,-38,-42.2403846153846
5,1513,-30,-22.2376543209877
5,1514,-6,-11.1666666666667
5,1515,-2,-11.1666666666667
5,1516,-2,6.540625
5,1517,26,6.540625
5,1518,99,81.5373134328358
5,1519,240,180.572413793103
5,1520,318,180.572413793103
5,1521,-321,-235.087301587302
5,1522,-196,-153.060402684564
5,1523,46,-9.46666666666667
5,1524,70,19.5365853658537
5,1525,-32,19.5365853658537
5,1526,7,-22.2376543209877
5,1527,10,-13.4454545454545
5,1528,122,116.776315789474
5,1529,354,217.096774193548
5,1530,15,-97.5217391304348
5,1531,-265,-153.060402684564
5,1532,-122,-113.722891566265
5,1533,-74,-91.3448275862069
5,1534,-117,-42.2403846153846
5,1535,-50,-42.2403846153846
5,1536,-86,-42.2403846153846
5,1537,-32,-42.2403846153846
5,1538,5,-11.1666666666667
5,1539,-13,6.540625
5,1540,-4,6.540625
5,1541,28,6.540625
5,1542,97,128.0625
5,1543,228,180.572413793103
5,1544,284,180.572413793103
5,1545,-287,-235.087301587302
5,1546,-105,-153.060402684564
5,1547,22,-9.46666666666667
5,1548,8,19.5365853658537
5,1549,15,-13.4454545454545
5,1550,-4,-13.4454545454545
5,1551,-18,-13.4454545454545
5,1552,133,116.776315789474
5,1553,420,217.096774193548
5,1554,-124,-97.5217391304348
5,1555,-211,-153.060402684564
5,1556,-175,-9.46666666666667
5,1557,-78,-91.3448275862069
5,1558,-85,16.9642857142857
5,1559,-13,-42.2403846153846
5,1560,-75,-13.4454545454545
5,1561,-23,-42.2403846153846
5,1562,-27,-11.1666666666667
5,1563,-3,-11.1666666666667
5,1564,-3,6.540625
5,1565,18,6.540625
5,1566,57,81.3181818181818
5,1567,166,180.572413793103
5,1568,262,145.910377358491
5,1569,-132,-235.087301587302
5,1570,-138,-153.060402684564
5,1571,53,-9.46666666666667
5,1572,46,19.5365853658537
5,1573,74,19.5365853658537
5,1574,79,-62.5454545454545
5,1575,47,33.9459459459459
5,1576,-1,79.8275862068966
5,1577,119,97.6666666666667
5,1578,-171,-112.880952380952
5,1579,-72,-40.1428571428571
5,1580,-160,16.9642857142857
5,1581,-62,-42.2403846153846
5,1582,-32,16.9642857142857
5,1583,-45,-22.2376543209877
5,1584,-19,-22.2376543209877
5,1585,-25,-11.1666666666667
5,1586,-33,-22.2376543209877
5,1587,-8,-22.2376543209877
5,1588,-21,6.540625
5,1589,-5,-22.2376543209877
5,1590,17,6.540625
5,1591,35,81.3181818181818
5,1592,69,81.5373134328358
5,1593,153,180.572413793103
5,1594,87,-32.6
5,1595,132,-110.135416666667
5,1596,95,-112.880952380952
5,1597,53,-177.85
5,1598,-65,-31.7894736842105
5,1599,48,-42.2403846153846
5,1600,-11,-31.7894736842105
5,1601,-48,-13.4454545454545
5,1602,-50,-42.2403846153846
5,1603,-104,-42.2403846153846
5,1604,-205,-42.2403846153846
5,1605,26,-42.2403846153846
5,1606,-52,8.57142857142857
5,1607,-64,-42.2403846153846
5,1608,-33,-42.2403846153846
5,1609,-21,-22.2376543209877
5,1610,-32,-22.2376543209877
5,1611,-6,-11.1666666666667
5,1612,-19,6.540625
5,1613,5,-22.2376543209877
5,1614,16,6.540625
5,1615,9,81.3181818181818
5,1616,47,6.540625
5,1617,95,45.2413793103448
5,1618,120,8.63636363636364
5,1619,105,-32.6
5,1620,53,-177.85
5,1621,26,33.9459459459459
5,1622,20,-31.7894736842105
5,1623,-17,-13.4454545454545
5,1624,-10,-22.2376543209877
5,1625,-65,-13.4454545454545
5,1626,-101,-42.2403846153846
5,1627,-34,-42.2403846153846
5,1628,-65,-22.2376543209877
5,1629,-81,-42.2403846153846
5,1630,-12,-42.2403846153846
5,1631,-67,6.540625
5,1632,-14,-42.2403846153846
5,1633,-21,6.540625
5,1634,-10,-22.2376543209877
5,1635,-3,6.540625
5,1636,2,6.540625
5,1637,27,6.540625
5,1638,79,81.5373134328358
5,1639,220,145.910377358491
5,1640,286,145.910377358491
5,1641,-331,-235.087301587302
5,1642,-108,-153.060402684564
5,1643,45,-9.46666666666667
5,1644,57,19.5365853658537
5,1645,1,19.5365853658537
5,1646,-63,-13.4454545454545
5,1647,37,-42.2403846153846
5,1648,136,105.567567567568
5,1649,241,217.096774193548
5,1650,14,-97.5217391304348
5,1651,-225,-153.060402684564
5,1652,-145,-113.722891566265
5,1653,-111,16.9642857142857
5,1654,-57,-42.2403846153846
5,1655,-41,-42.2403846153846
5,1656,-41,-22.2376543209877
5,1657,-17,-22.2376543209877
5,1658,-7,-11.1666666666667
5,1659,0,6.540625
5,1660,0,6.540625
5,1661,22,6.540625
5,1662,79,81.5373134328358
5,1663,281,180.572413793103
5,1664,308,145.910377358491
5,1665,-373,-235.087301587302
5,1666,-138,-153.060402684564
5,1667,58,-9.46666666666667
5,1668,20,19.5365853658537
5,1669,24,-13.4454545454545
5,1670,-59,-62.5454545454545
5,1671,-21,-42.2403846153846
5,1672,159,116.776315789474
5,1673,382,217.096774193548
5,1674,-40,-97.5217391304348
5,1675,-225,-153.060402684564
5,1676,-197,-113.722891566265
5,1677,-76,-91.3448275862069
5,1678,-79,16.9642857142857
5,1679,-65,-42.2403846153846
5,1680,-32,-42.2403846153846
5,1681,-18,-22.2376543209877
5,1682,-10,-11.1666666666667
5,1683,0,-11.1666666666667
5,1684,25,6.540625
5,1685,79,81.5373134328358
5,1686,215,180.572413793103
5,1687,274,180.572413793103
5,1688,-293,-235.087301587302
5,1689,-149,-153.060402684564
5,1690,27,-9.46666666666667
5,1691,2,19.5365853658537
5,1692,-19,-13.4454545454545
5,1693,-28,-22.2376543209877
5,1694,67,-22.2376543209877
5,1695,105,180.572413793103
5,1696,272,217.096774193548
5,1697,6,-112.880952380952
5,1698,-201,-153.060402684564
5,1699,-149,-113.722891566265
5,1700,-70,-91.3448275862069
5,1701,-31,-42.2403846153846
5,1702,-73,-22.2376543209877
5,1703,-38,-42.2403846153846
5,1704,-14,-22.2376543209877
5,1705,-5,-11.1666666666667
5,1706,1,6.540625
5,1707,-4,6.540625
5,1708,20,6.540625
5,1709,75,81.3181818181818
5,1710,210,180.572413793103
5,1711,318,145.910377358491
5,1712,-337,-235.087301587302
5,1713,-146,-153.060402684564
5,1714,83,-9.46666666666667
5,1715,35,19.5365853658537
5,1716,-56,19.5365853658537
5,1717,21,-42.2403846153846
5,1718,-13,33.9459459459459
5,1719,142,116.776315789474
5,1720,303,217.096774193548
5,1721,-46,-97.5217391304348
5,1722,-177,-153.060402684564
5,1723,-153,-113.722891566265
5,1724,-93,-91.3448275862069
5,1725,-29,-42.2403846153846
5,1726,-64,-22.2376543209877
5,1727,-39,-42.2403846153846
5,1728,-25,-22.2376543209877
5,1729,-19,-11.1666666666667
5,1730,0,-22.2376543209877
5,1731,-6,6.540625
5,1732,16,6.540625
5,1733,63,81.3181818181818
5,1734,212,180.572413793103
5,1735,267,145.910377358491
5,1736,-233,-235.087301587302
5,1737,-138,-153.060402684564
5,1738,41,-9.46666666666667
5,1739,89,19.5365853658537
5,1740,36,19.5365853658537
5,1741,-10,-62.5454545454545
5,1742,4,-13.4454545454545
5,1743,111,116.776315789474
5,1744,275,217.096774193548
5,1745,-67,-97.5217391304348
5,1746,-244,-153.060402684564
5,1747,-141,-113.722891566265
5,1748,-97,-91.3448275862069
5,1749,26,-42.2403846153846
5,1750,-17,19.5365853658537
5,1751,-102,-22.2376543209877
5,1752,-26,-42.2403846153846
5,1753,-14,116.776315789474
5,1754,-24,6.540625
5,1755,-18,-22.2376543209877
5,1756,-7,-22.2376543209877
5,1757,14,-13.4454545454545
5,1758,43,30.3243243243243
5,1759,96,145.910377358491
5,1760,105,145.910377358491
5,1761,141,79.8275862068966
5,1762,158,-32.6
5,1763,114,-235.087301587302
5,1764,0,-235.087301587302
5,1765,-18,-40.1428571428571
5,1766,-2,-22.2376543209877
5,1767,-76,-13.4454545454545
5,1768,-22,-42.2403846153846
5,1769,-79,-22.2376543209877
5,1770,-22,-42.2403846153846
5,1771,-138,-22.2376543209877
5,1772,-101,-42.2403846153846
5,1773,-8,-42.2403846153846
5,1774,-16,6.540625
5,1775,-72,-22.2376543209877
5,1776,-18,-42.2403846153846
5,1777,-32,-22.2376543209877
5,1778,-29,-22.2376543209877
5,1779,-33,-22.2376543209877
5,1780,-2,-22.2376543209877
5,1781,6,6.540625
5,1782,30,6.540625
5,1783,51,81.5373134328358
5,1784,154,180.572413793103
5,1785,170,128.0625
5,1786,107,-235.087301587302
5,1787,107,-235.087301587302
5,1788,46,-112.880952380952
5,1789,-53,-31.7894736842105
5,1790,-11,-42.2403846153846
5,1791,-1,-13.4454545454545
5,1792,7,-13.4454545454545
5,1793,-144,97.6666666666667
5,1794,-100,-42.2403846153846
5,1795,-88,-42.2403846153846
5,1796,-62,-42.2403846153846
5,1797,-95,-42.2403846153846
5,1798,-44,-42.2403846153846
5,1799,-49,-22.2376543209877
5,1800,-13,-42.2403846153846
5,1801,-14,6.540625
5,1802,-6,6.540625
5,1803,-2,6.540625
5,1804,32,6.540625
5,1805,95,81.5373134328358
5,1806,254,180.572413793103
5,1807,210,145.910377358491
5,1808,-300,-235.087301587302
5,1809,-73,-153.060402684564
5,1810,27,-9.46666666666667
5,1811,20,19.5365853658537
5,1812,-8,-13.4454545454545
5,1813,25,-13.4454545454545
5,1814,-13,8.57142857142857
5,1815,83,116.776315789474
5,1816,354,217.096774193548
5,1817,-36,-34.0980392156863
5,1818,-154,-153.060402684564
5,1819,-147,-113.722891566265
5,1820,-104,-91.3448275862069
5,1821,-57,-42.2403846153846
5,1822,-93,-42.2403846153846
5,1823,-78,-42.2403846153846
5,1824,-32,-42.2403846153846
5,1825,-7,-22.2376543209877
5,1826,2,6.540625
5,1827,3,6.540625
5,1828,21,6.540625
5,1829,114,81.5373134328358
5,1830,317,180.572413793103
5,1831,212,-97.5217391304348
5,1832,-273,-235.087301587302
5,1833,-183,-153.060402684564
5,1834,22,-9.46666666666667
5,1835,5,19.5365853658537
5,1836,-5,-13.4454545454545
5,1837,18,-13.4454545454545
5,1838,51,-13.4454545454545
5,1839,62,105.567567567568
5,1840,411,217.096774193548
5,1841,-6,-112.880952380952
5,1842,-238,-153.060402684564
5,1843,-135,-113.722891566265
5,1844,-105,-91.3448275862069
5,1845,-135,-42.2403846153846
5,1846,-80,-42.2403846153846
5,1847,-44,-42.2403846153846
5,1848,-24,-22.2376543209877
5,1849,-5,-11.1666666666667
5,1850,-3,6.540625
5,1851,1,6.540625
5,1852,27,6.540625
5,1853,100,169.903225806452
5,1854,284,180.572413793103
5,1855,158,145.910377358491
5,1856,-311,-235.087301587302
5,1857,-118,-110.135416666667
5,1858,-28,-91.3448275862069
5,1859,-9,-22.2376543209877
5,1860,-46,-13.4454545454545
5,1861,-13,-22.2376543209877
5,1862,47,-13.4454545454545
5,1863,137,180.572413793103
5,1864,253,261.641025641026
5,1865,17,-177.85
5,1866,-137,-153.060402684564
5,1867,-108,-113.722891566265
5,1868,-71,-91.3448275862069
5,1869,-27,-42.2403846153846
5,1870,-92,-22.2376543209877
5,1871,-45,-42.2403846153846
5,1872,-12,-22.2376543209877
5,1873,-7,97.6666666666667
5,1874,-2,6.540625
5,1875,0,6.540625
5,1876,26,6.540625
5,1877,90,81.5373134328358
5,1878,286,180.572413793103
5,1879,271,145.910377358491
5,1880,-376,-235.087301587302
5,1881,-112,-153.060402684564
5,1882,40,-9.46666666666667
5,1883,35,19.5365853658537
5,1884,-26,19.5365853658537
5,1885,-1,-22.2376543209877
5,1886,25,-13.4454545454545
5,1887,125,105.567567567568
5,1888,361,217.096774193548
5,1889,28,-97.5217391304348
5,1890,-190,-153.060402684564
5,1891,-182,-113.722891566265
5,1892,-137,-91.3448275862069
5,1893,-19,16.9642857142857
5,1894,-104,-22.2376543209877
5,1895,-80,-42.2403846153846
5,1896,-39,-42.2403846153846
5,1897,-4,-11.1666666666667
5,1898,-11,-11.1666666666667
5,1899,-7,6.540625
5,1900,22,6.540625
5,1901,88,81.5373134328358
5,1902,246,180.572413793103
5,1903,341,180.572413793103
5,1904,-341,-235.087301587302
5,1905,-122,-153.060402684564
5,1906,17,-9.46666666666667
5,1907,108,30.3243243243243
5,1908,19,19.5365853658537
5,1909,13,-13.4454545454545
5,1910,13,-13.4454545454545
5,1911,173,116.776315789474
5,1912,239,217.096774193548
5,1913,-151,-97.5217391304348
5,1914,-176,-153.060402684564
5,1915,-151,-9.46666666666667
5,1916,-54,16.9642857142857
5,1917,-85,-42.2403846153846
5,1918,-15,-42.2403846153846
5,1919,-45,-22.2376543209877
5,1920,-54,-22.2376543209877
5,1921,-7,-11.1666666666667
5,1922,-52,6.540625
5,1923,-20,-42.2403846153846
5,1924,-8,-22.2376543209877
5,1925,30,6.540625
5,1926,45,81.5373134328358
5,1927,125,180.572413793103
5,1928,130,145.910377358491
5,1929,151,-177.85
5,1930,126,-177.85
5,1931,32,-235.087301587302
5,1932,9,-40.1428571428571
5,1933,-40,-13.4454545454545
5,1934,19,-22.2376543209877
5,1935,11,-13.4454545454545
5,1936,-71,-13.4454545454545
5,1937,-152,-42.2403846153846
5,1938,-362,-42.2403846153846
5,1939,-15,-42.2403846153846
5,1940,63,16.9642857142857
5,1941,8,19.5365853658537
5,1942,-19,-13.4454545454545
5,1943,26,-22.2376543209877
5,1944,-44,128.0625
5,1945,-17,116.776315789474
5,1946,-16,-22.2376543209877
5,1947,-33,-22.2376543209877
5,1948,-1,-22.2376543209877
5,1949,6,-13.4454545454545
5,1950,12,6.540625
5,1951,27,-13.4454545454545
5,1952,28,81.5373134328358
5,1953,-11,45.2413793103448
5,1954,9,6.540625
5,1955,-16,6.540625
5,1956,-9,-22.2376543209877
5,1957,1,-13.4454545454545
5,1958,-15,-13.4454545454545
5,1959,-2,-22.2376543209877
5,1960,-9,-13.4454545454545
5,1961,12,6.540625
5,1962,-4,-13.4454545454545
5,1963,0,6.540625
5,1964,-24,6.540625
5,1965,2,-22.2376543209877
5,1966,4,6.540625
5,1967,-11,6.540625
5,1968,-4,6.540625
5,1969,2,-13.4454545454545
5,1970,-3,6.540625
5,1971,2,6.540625
5,1972,11,6.540625
5,1973,31,81.3181818181818
5,1974,162,81.5373134328358
5,1975,275,151.4
5,1976,-210,-97.5217391304348
5,1977,-172,-153.060402684564
5,1978,1,-9.46666666666667
5,1979,28,6.540625
5,1980,-22,19.5365853658537
5,1981,7,-22.2376543209877
5,1982,-2,-13.4454545454545
5,1983,-9,116.776315789474
5,1984,129,-11.1666666666667
5,1985,147,-34.0980392156863
5,1986,-81,-97.5217391304348
5,1987,-95,-110.135416666667
5,1988,-51,-42.2403846153846
5,1989,-63,-42.2403846153846
5,1990,-30,-42.2403846153846
5,1991,-46,-22.2376543209877
5,1992,-6,-22.2376543209877
5,1993,-4,-13.4454545454545
5,1994,-1,97.6666666666667
5,1995,1,6.540625
5,1996,19,6.540625
5,1997,98,81.3181818181818
5,1998,270,180.572413793103
5,1999,221,151.4
5,2000,-303,-235.087301587302
5,2001,-146,-153.060402684564
5,2002,22,-9.46666666666667
5,2003,40,19.5365853658537
5,2004,0,19.5365853658537
5,2005,-8,-13.4454545454545
5,2006,20,-13.4454545454545
5,2007,126,116.776315789474
5,2008,329,217.096774193548
5,2009,-59,-97.5217391304348
5,2010,-150,-153.060402684564
5,2011,-197,-113.722891566265
5,2012,-59,-91.3448275862069
5,2013,-69,16.9642857142857
5,2014,-84,-42.2403846153846
5,2015,-37,-42.2403846153846
5,2016,-11,-22.2376543209877
5,2017,-18,97.6666666666667
5,2018,-4,-11.1666666666667
5,2019,3,6.540625
5,2020,18,6.540625
5,2021,82,81.3181818181818
5,2022,283,180.572413793103
5,2023,265,145.910377358491
5,2024,-333,-235.087301587302
5,2025,-139,-153.060402684564
5,2026,37,-9.46666666666667
5,2027,50,19.5365853658537
5,2028,-41,19.5365853658537
5,2029,-5,-22.2376543209877
5,2030,6,-13.4454545454545
5,2031,147,116.776315789474
5,2032,356,217.096774193548
5,2033,-23,-97.5217391304348
5,2034,-166,-153.060402684564
5,2035,-163,-113.722891566265
5,2036,-141,-91.3448275862069
5,2037,-47,16.9642857142857
5,2038,-88,-22.2376543209877
5,2039,-61,-42.2403846153846
5,2040,-20,-42.2403846153846
5,2041,-10,-11.1666666666667
5,2042,-7,-11.1666666666667
5,2043,-3,6.540625
5,2044,14,6.540625
5,2045,110,81.3181818181818
5,2046,98,180.572413793103
5,2047,137,145.910377358491
5,2048,-161,-32.6
5,2049,-62,-110.135416666667
5,2050,12,16.9642857142857
5,2051,53,30.3243243243243
5,2052,-7,-34.0980392156863
5,2053,-28,-13.4454545454545
5,2054,35,-22.2376543209877
5,2055,114,105.567567567568
5,2056,296,261.641025641026
5,2057,50,-97.5217391304348
5,2058,-200,-153.060402684564
5,2059,-127,-113.722891566265
5,2060,-87,-91.3448275862069
5,2061,-67,-42.2403846153846
5,2062,-71,-42.2403846153846
5,2063,-39,-42.2403846153846
5,2064,-38,-22.2376543209877
5,2065,-13,-11.1666666666667
5,2066,-19,6.540625
5,2067,3,-22.2376543209877
5,2068,13,6.540625
5,2069,101,81.3181818181818
5,2070,195,180.572413793103
5,2071,277,180.572413793103
5,2072,-258,-235.087301587302
5,2073,-98,-153.060402684564
5,2074,-3,-9.46666666666667
5,2075,74,6.540625
5,2076,-1,19.5365853658537
5,2077,-6,-13.4454545454545
5,2078,24,-13.4454545454545
5,2079,116,105.567567567568
5,2080,262,217.096774193548
5,2081,-48,-97.5217391304348
5,2082,-213,-153.060402684564
5,2083,-152,-113.722891566265
5,2084,-81,-91.3448275862069
5,2085,-50,-42.2403846153846
5,2086,-42,-42.2403846153846
5,2087,-13,-22.2376543209877
5,2088,-36,-13.4454545454545
5,2089,-10,-11.1666666666667
5,2090,-31,6.540625
5,2091,-24,-22.2376543209877
5,2092,3,-22.2376543209877
5,2093,23,6.540625
5,2094,27,81.5373134328358
5,2095,103,81.5373134328358
5,2096,56,145.910377358491
5,2097,77,45.2413793103448
5,2098,67,79.8275862068966
5,2099,23,33.9459459459459
5,2100,8,-31.7894736842105
5,2101,51,-13.4454545454545
5,2102,-32,-34.0980392156863
5,2103,-32,-22.2376543209877
5,2104,-54,-22.2376543209877
5,2105,-232,-42.2403846153846
5,2106,49,-42.2403846153846
5,2107,-37,-34.0980392156863
5,2108,-18,-22.2376543209877
5,2109,-1,-22.2376543209877
5,2110,-41,6.540625
5,2111,-6,-22.2376543209877
5,2112,6,-11.1666666666667
5,2113,-2,6.540625
5,2114,-24,-13.4454545454545
5,2115,-12,-22.2376543209877
5,2116,2,6.540625
5,2117,1,6.540625
5,2118,20,6.540625
5,2119,80,81.3181818181818
5,2120,78,151.4
5,2121,195,145.910377358491
5,2122,31,-32.6
5,2123,173,-110.135416666667
5,2124,11,-112.880952380952
5,2125,58,-110.135416666667
5,2126,-50,-31.7894736842105
5,2127,-16,-42.2403846153846
5,2128,-65,-22.2376543209877
5,2129,-35,-42.2403846153846
5,2130,-112,-22.2376543209877
5,2131,-132,-42.2403846153846
5,2132,-39,-42.2403846153846
5,2133,-96,-22.2376543209877
5,2134,-26,-42.2403846153846
5,2135,-34,-22.2376543209877
5,2136,-24,-22.2376543209877
5,2137,-16,-22.2376543209877
5,2138,-4,-22.2376543209877
5,2139,-2,6.540625
5,2140,18,6.540625
5,2141,103,81.3181818181818
5,2142,226,180.572413793103
5,2143,247,145.910377358491
5,2144,-328,-235.087301587302
5,2145,-111,-153.060402684564
5,2146,6,-9.46666666666667
5,2147,62,6.540625
5,2148,22,19.5365853658537
5,2149,-29,-34.0980392156863
5,2150,13,-22.2376543209877
5,2151,116,116.776315789474
5,2152,336,217.096774193548
5,2153,-19,-97.5217391304348
5,2154,-193,-153.060402684564
5,2155,-162,-113.722891566265
5,2156,-88,-91.3448275862069
5,2157,-87,16.9642857142857
5,2158,-74,-42.2403846153846
5,2159,-25,-42.2403846153846
5,2160,-14,-22.2376543209877
5,2161,-13,-11.1666666666667
5,2162,-5,6.540625
5,2163,5,6.540625
5,2164,9,6.540625
5,2165,9,6.540625
5,2166,143,6.540625
5,2167,388,128.0625
5,2168,-208,-97.5217391304348
5,2169,-175,-153.060402684564
5,2170,55,-9.46666666666667
5,2171,40,19.5365853658537
5,2172,-20,19.5365853658537
5,2173,-45,-22.2376543209877
5,2174,30,-22.2376543209877
5,2175,120,105.567567567568
5,2176,327,217.096774193548
5,2177,62,-97.5217391304348
5,2178,-256,-153.060402684564
5,2179,-152,-113.722891566265
5,2180,-53,-91.3448275862069
5,2181,-71,-42.2403846153846
5,2182,-116,-42.2403846153846
5,2183,-48,-42.2403846153846
5,2184,-32,-42.2403846153846
5,2185,1,-11.1666666666667
5,2186,-10,6.540625
5,2187,-2,6.540625
5,2188,29,6.540625
5,2189,87,81.5373134328358
5,2190,238,180.572413793103
5,2191,308,180.572413793103
5,2192,-351,-235.087301587302
5,2193,-140,-153.060402684564
5,2194,9,-9.46666666666667
5,2195,61,6.540625
5,2196,-17,19.5365853658537
5,2197,12,-22.2376543209877
5,2198,16,-13.4454545454545
5,2199,111,116.776315789474
5,2200,362,217.096774193548
5,2201,84,-97.5217391304348
5,2202,-309,-153.060402684564
5,2203,-166,-113.722891566265
5,2204,-99,-91.3448275862069
5,2205,-66,16.9642857142857
5,2206,-75,-42.2403846153846
5,2207,-8,-42.2403846153846
5,2208,-66,-13.4454545454545
5,2209,-7,-11.1666666666667
5,2210,-11,-11.1666666666667
5,2211,-4,6.540625
5,2212,19,6.540625
5,2213,115,81.3181818181818
5,2214,248,145.910377358491
5,2215,243,-97.5217391304348
5,2216,-323,-235.087301587302
5,2217,-136,-153.060402684564
5,2218,33,-9.46666666666667
5,2219,100,19.5365853658537
5,2220,-36,19.5365853658537
5,2221,-61,-22.2376543209877
5,2222,79,-42.2403846153846
5,2223,87,105.567567567568
5,2224,334,217.096774193548
5,2225,2,-112.880952380952
5,2226,-184,-153.060402684564
5,2227,-102,-113.722891566265
5,2228,-121,-91.3448275862069
5,2229,-53,-42.2403846153846
5,2230,-125,-42.2403846153846
5,2231,-32,-42.2403846153846
5,2232,-41,-22.2376543209877
5,2233,-37,-11.1666666666667
5,2234,3,-22.2376543209877
5,2235,-10,6.540625
5,2236,20,6.540625
5,2237,111,81.3181818181818
5,2238,221,180.572413793103
5,2239,262,-97.5217391304348
5,2240,-324,-235.087301587302
5,2241,-95,-153.060402684564
5,2242,59,-9.46666666666667
5,2243,-87,19.5365853658537
5,2244,107,-42.2403846153846
5,2245,-36,-112.880952380952
5,2246,101,-22.2376543209877
5,2247,97,180.572413793103
5,2248,203,217.096774193548
5,2249,-2,-112.880952380952
5,2250,-189,-153.060402684564
5,2251,-139,-113.722891566265
5,2252,-78,16.9642857142857
5,2253,-3,-42.2403846153846
5,2254,24,-13.4454545454545
5,2255,-103,8.57142857142857
5,2256,-46,-42.2403846153846
5,2257,-32,116.776315789474
5,2258,-43,-22.2376543209877
5,2259,-23,-22.2376543209877
5,2260,13,-22.2376543209877
5,2261,20,81.3181818181818
5,2262,45,-13.4454545454545
5,2263,110,180.572413793103
5,2264,87,128.0625
5,2265,148,79.8275862068966
5,2266,143,-32.6
5,2267,-25,-235.087301587302
5,2268,-26,-110.135416666667
5,2269,-96,-22.2376543209877
5,2270,113,-42.2403846153846
5,2271,-1,-34.0980392156863
5,2272,-38,-40.1428571428571
5,2273,-68,-22.2376543209877
5,2274,-29,-42.2403846153846
5,2275,-96,-22.2376543209877
5,2276,-40,-42.2403846153846
5,2277,-52,-22.2376543209877
5,2278,-68,-42.2403846153846
5,2279,-15,-42.2403846153846
5,2280,-13,-22.2376543209877
5,2281,-28,6.540625
5,2282,-65,-22.2376543209877
5,2283,-12,-42.2403846153846
5,2284,-5,6.540625
5,2285,6,6.540625
5,2286,19,6.540625
5,2287,78,81.3181818181818
5,2288,77,145.910377358491
5,2289,142,128.0625
5,2290,81,-32.6
5,2291,144,-110.135416666667
5,2292,7,-112.880952380952
5,2293,-47,-110.135416666667
5,2294,53,-22.2376543209877
5,2295,-27,-34.0980392156863
5,2296,-33,-22.2376543209877
5,2297,-48,-22.2376543209877
5,2298,-80,-42.2403846153846
5,2299,-107,-42.2403846153846
5,2300,-73,-42.2403846153846
5,2301,-46,-42.2403846153846
5,2302,-55,-22.2376543209877
5,2303,-68,-42.2403846153846
5,2304,-25,-42.2403846153846
5,2305,-3,-22.2376543209877
5,2306,-1,6.540625
5,2307,-3,6.540625
5,2308,21,6.540625
5,2309,119,81.5373134328358
5,2310,243,180.572413793103
5,2311,254,-97.5217391304348
5,2312,-289,-235.087301587302
5,2313,-160,-153.060402684564
5,2314,23,-9.46666666666667
5,2315,50,19.5365853658537
5,2316,9,19.5365853658537
5,2317,-33,-13.4454545454545
5,2318,23,-22.2376543209877
5,2319,126,105.567567567568
5,2320,381,217.096774193548
5,2321,-89,-97.5217391304348
5,2322,-134,-153.060402684564
5,2323,-223,-113.722891566265
5,2324,-76,-91.3448275862069
5,2325,-74,16.9642857142857
5,2326,-60,-42.2403846153846
5,2327,-75,-42.2403846153846
5,2328,-29,-42.2403846153846
5,2329,7,-22.2376543209877
5,2330,-10,-11.1666666666667
5,2331,-1,6.540625
5,2332,15,6.540625
5,2333,145,81.3181818181818
5,2334,298,180.572413793103
5,2335,178,-97.5217391304348
5,2336,-346,-235.087301587302
5,2337,-138,-110.135416666667
5,2338,60,-9.46666666666667
5,2339,46,19.5365853658537
5,2340,-44,19.5365853658537
5,2341,-148,-22.2376543209877
5,2342,63,-42.2403846153846
5,2343,255,105.567567567568
5,2344,328,217.096774193548
5,2345,-7,-235.087301587302
5,2346,-252,-153.060402684564
5,2347,-156,-113.722891566265
5,2348,-79,-91.3448275862069
5,2349,-76,-42.2403846153846
5,2350,-84,-42.2403846153846
5,2351,-28,-42.2403846153846
5,2352,-21,-22.2376543209877
5,2353,-13,-11.1666666666667
5,2354,1,6.540625
5,2355,3,6.540625
5,2356,23,6.540625
5,2357,98,81.5373134328358
5,2358,292,145.910377358491
5,2359,204,145.910377358491
5,2360,-297,-235.087301587302
5,2361,-172,-153.060402684564
5,2362,48,-9.46666666666667
5,2363,79,19.5365853658537
5,2364,-14,19.5365853658537
5,2365,-23,-13.4454545454545
5,2366,16,-22.2376543209877
5,2367,98,116.776315789474
5,2368,348,217.096774193548
5,2369,-333,-34.0980392156863
5,2370,-274,-153.060402684564
5,2371,-47,-9.46666666666667
5,2372,-17,-91.3448275862069
5,2373,33,-22.2376543209877
5,2374,-12,-34.0980392156863
5,2375,-22,-13.4454545454545
5,2376,-22,-11.1666666666667
5,2377,-8,116.776315789474
5,2378,0,6.540625
5,2379,-1,6.540625
5,2380,22,6.540625
5,2381,115,81.5373134328358
5,2382,262,145.910377358491
5,2383,229,-97.5217391304348
5,2384,-269,-235.087301587302
5,2385,-207,-153.060402684564
5,2386,102,-9.46666666666667
5,2387,16,19.5365853658537
5,2388,46,-13.4454545454545
5,2389,-71,-62.5454545454545
5,2390,24,-42.2403846153846
5,2391,150,79.8275862068966
5,2392,311,217.096774193548
5,2393,38,-97.5217391304348
5,2394,-217,-153.060402684564
5,2395,-179,-113.722891566265
5,2396,-144,-91.3448275862069
5,2397,2,16.9642857142857
5,2398,-97,-13.4454545454545
5,2399,-71,-42.2403846153846
5,2400,-18,-42.2403846153846
5,2401,-15,116.776315789474
5,2402,-18,-11.1666666666667
5,2403,-4,-22.2376543209877
5,2404,17,6.540625
5,2405,109,81.3181818181818
5,2406,216,180.572413793103
5,2407,269,145.910377358491
5,2408,-298,-235.087301587302
5,2409,-112,-153.060402684564
5,2410,81,-9.46666666666667
5,2411,57,19.5365853658537
5,2412,15,19.5365853658537
5,2413,-29,-13.4454545454545
5,2414,105,-22.2376543209877
5,2415,86,105.567567567568
5,2416,254,217.096774193548
5,2417,-183,-112.880952380952
5,2418,-93,-153.060402684564
5,2419,-162,-9.46666666666667
5,2420,-71,-91.3448275862069
5,2421,-36,16.9642857142857
5,2422,-54,-22.2376543209877
5,2423,-44,-42.2403846153846
5,2424,-43,-11.1666666666667
5,2425,-37,-22.2376543209877
5,2426,-22,-22.2376543209877
5,2427,-25,-22.2376543209877
5,2428,4,-22.2376543209877
5,2429,20,6.540625
5,2430,34,81.3181818181818
5,2431,111,81.5373134328358
5,2432,157,128.0625
5,2433,76,-97.5217391304348
5,2434,111,-110.135416666667
5,2435,37,-112.880952380952
5,2436,100,-40.1428571428571
5,2437,-44,-31.7894736842105
5,2438,-25,-22.2376543209877
5,2439,1,-22.2376543209877
5,2440,-15,-13.4454545454545
5,2441,-30,-22.2376543209877
5,2442,-107,-22.2376543209877
5,2443,-152,-42.2403846153846
5,2444,-57,-42.2403846153846
5,2445,44,-42.2403846153846
5,2446,-98,82
5,2447,-78,-42.2403846153846
5,2448,-4,-42.2403846153846
5,2449,-12,6.540625
5,2450,-54,6.540625
5,2451,-19,-42.2403846153846
5,2452,3,-22.2376543209877
5,2453,9,-13.4454545454545
5,2454,39,6.540625
5,2455,96,82
5,2456,66,145.910377358491
5,2457,128,79.8275862068966
5,2458,78,-32.6
5,2459,103,-40.1428571428571
5,2460,71,-31.7894736842105
5,2461,-50,-31.7894736842105
5,2462,-53,-42.2403846153846
5,2463,65,-42.2403846153846
5,2464,-86,-34.0980392156863
5,2465,-89,-42.2403846153846
5,2466,-50,-42.2403846153846
5,2467,-109,-42.2403846153846
5,2468,-61,-42.2403846153846
5,2469,-38,-42.2403846153846
5,2470,-57,-22.2376543209877
5,2471,-39,-42.2403846153846
5,2472,-24,-22.2376543209877
5,2473,-9,-22.2376543209877
5,2474,0,6.540625
5,2475,4,6.540625
5,2476,20,6.540625
5,2477,39,81.3181818181818
5,2478,10,81.5373134328358
5,2479,81,6.540625
5,2480,-46,79.8275862068966
5,2481,-51,-22.2376543209877
5,2482,20,-42.2403846153846
5,2483,106,30.3243243243243
5,2484,-9,-34.0980392156863
5,2485,-5,-13.4454545454545
5,2486,25,-13.4454545454545
5,2487,-85,105.567567567568
5,2488,118,-42.2403846153846
5,2489,71,-34.0980392156863
5,2490,4,-40.1428571428571
5,2491,-115,-13.4454545454545
5,2492,-37,-42.2403846153846
5,2493,-23,-22.2376543209877
5,2494,-54,-22.2376543209877
5,2495,-43,-42.2403846153846
5,2496,-13,-22.2376543209877
5,2497,-15,-13.4454545454545
5,2498,2,-22.2376543209877
5,2499,-1,6.540625
5,2500,3,6.540625
5,2501,16,6.540625
5,2502,68,81.3181818181818
5,2503,317,145.910377358491
5,2504,-54,145.910377358491
5,2505,-184,-153.060402684564
5,2506,53,-113.722891566265
5,2507,40,-34.0980392156863
5,2508,-25,19.5365853658537
5,2509,-55,-22.2376543209877
5,2510,72,-42.2403846153846
5,2511,118,105.567567567568
5,2512,304,180.572413793103
5,2513,55,-177.85
5,2514,-221,-153.060402684564
5,2515,-249,-113.722891566265
5,2516,-154,-91.3448275862069
5,2517,-26,16.9642857142857
5,2518,-12,-22.2376543209877
5,2519,-32,-13.4454545454545
5,2520,-18,-22.2376543209877
5,2521,-2,-11.1666666666667
5,2522,-13,-11.1666666666667
5,2523,-2,6.540625
5,2524,34,6.540625
5,2525,120,81.5373134328358
5,2526,282,180.572413793103
5,2527,210,-97.5217391304348
5,2528,-303,-235.087301587302
5,2529,-155,-153.060402684564
5,2530,75,-9.46666666666667
5,2531,63,19.5365853658537
5,2532,20,19.5365853658537
5,2533,-87,-13.4454545454545
5,2534,11,-42.2403846153846
5,2535,172,116.776315789474
5,2536,427,217.096774193548
5,2537,-27,-97.5217391304348
5,2538,-256,-153.060402684564
5,2539,-131,-113.722891566265
5,2540,-66,-91.3448275862069
5,2541,-107,-42.2403846153846
5,2542,-153,-42.2403846153846
5,2543,-54,-42.2403846153846
5,2544,-51,-42.2403846153846
5,2545,-12,-11.1666666666667
5,2546,-13,6.540625
5,2547,13,6.540625
5,2548,19,81.3181818181818
5,2549,124,81.3181818181818
5,2550,315,261.641025641026
5,2551,160,-97.5217391304348
5,2552,-288,-235.087301587302
5,2553,-141,-110.135416666667
5,2554,74,-91.3448275862069
5,2555,69,19.5365853658537
5,2556,-21,19.5365853658537
5,2557,-57,-22.2376543209877
5,2558,46,-42.2403846153846
5,2559,114,105.567567567568
5,2560,422,217.096774193548
5,2561,16,-177.85
5,2562,-331,-153.060402684564
5,2563,-91,-113.722891566265
5,2564,-147,-91.3448275862069
5,2565,-48,-42.2403846153846
5,2566,-85,-42.2403846153846
5,2567,-96,-42.2403846153846
5,2568,-21,-42.2403846153846
5,2569,-28,-11.1666666666667
5,2570,-7,-22.2376543209877
5,2571,-3,6.540625
5,2572,23,6.540625
5,2573,148,81.5373134328358
5,2574,333,180.572413793103
5,2575,230,-97.5217391304348
5,2576,-384,-235.087301587302
5,2577,-106,-153.060402684564
5,2578,79,-9.46666666666667
5,2579,26,19.5365853658537
5,2580,35,19.5365853658537
5,2581,-45,-62.5454545454545
5,2582,41,-22.2376543209877
5,2583,177,79.8275862068966
5,2584,244,217.096774193548
5,2585,-143,-97.5217391304348
5,2586,-186,-153.060402684564
5,2587,-146,-9.46666666666667
5,2588,-79,-91.3448275862069
5,2589,-7,-42.2403846153846
5,2590,-77,-13.4454545454545
5,2591,-26,-42.2403846153846
5,2592,-44,-22.2376543209877
5,2593,-35,116.776315789474
5,2594,-36,-22.2376543209877
5,2595,-19,-22.2376543209877
5,2596,-2,-22.2376543209877
5,2597,38,6.540625
5,2598,45,81.5373134328358
5,2599,100,180.572413793103
5,2600,97,180.572413793103
5,2601,160,79.8275862068966
5,2602,134,-32.6
5,2603,56,-235.087301587302
5,2604,62,-110.135416666667
5,2605,26,-31.7894736842105
5,2606,-58,-31.7894736842105
5,2607,-30,-42.2403846153846
5,2608,-16,-22.2376543209877
5,2609,19,-22.2376543209877
5,2610,-213,97.6666666666667
5,2611,-117,-42.2403846153846
5,2612,-56,16.9642857142857
5,2613,79,-42.2403846153846
5,2614,-99,180.572413793103
5,2615,-69,-42.2403846153846
5,2616,-40,-42.2403846153846
5,2617,-32,116.776315789474
5,2618,-32,-22.2376543209877
5,2619,-50,-22.2376543209877
5,2620,-8,-42.2403846153846
5,2621,17,-13.4454545454545
5,2622,65,30.3243243243243
5,2623,81,180.572413793103
5,2624,142,180.572413793103
5,2625,119,-32.6
5,2626,149,-235.087301587302
5,2627,56,-177.85
5,2628,-30,-110.135416666667
5,2629,-64,-22.2376543209877
5,2630,-41,-42.2403846153846
5,2631,75,-22.2376543209877
5,2632,-28,-34.0980392156863
5,2633,-75,-22.2376543209877
5,2634,-72,-42.2403846153846
5,2635,-128,-42.2403846153846
5,2636,-41,-42.2403846153846
5,2637,-88,-22.2376543209877
5,2638,-59,-42.2403846153846
5,2639,-46,-42.2403846153846
5,2640,-25,-22.2376543209877
5,2641,-4,-22.2376543209877
5,2642,-9,6.540625
5,2643,5,6.540625
5,2644,8,6.540625
5,2645,64,6.540625
5,2646,74,180.572413793103
5,2647,117,128.0625
5,2648,-84,-112.880952380952
5,2649,-87,-40.1428571428571
5,2650,7,-42.2403846153846
5,2651,64,-13.4454545454545
5,2652,14,19.5365853658537
5,2653,-4,-13.4454545454545
5,2654,45,-13.4454545454545
5,2655,90,105.567567567568
5,2656,193,128.0625
5,2657,22,-112.880952380952
5,2658,-82,-110.135416666667
5,2659,-112,-113.722891566265
5,2660,-95,-42.2403846153846
5,2661,-99,-42.2403846153846
5,2662,-45,-42.2403846153846
5,2663,-61,-22.2376543209877
5,2664,-9,-42.2403846153846
5,2665,-16,97.6666666666667
5,2666,-6,-22.2376543209877
5,2667,2,6.540625
5,2668,10,6.540625
5,2669,120,6.540625
5,2670,187,180.572413793103
5,2671,266,-97.5217391304348
5,2672,-257,-235.087301587302
5,2673,-133,-153.060402684564
5,2674,-11,-9.46666666666667
5,2675,65,6.540625
5,2676,-11,19.5365853658537
5,2677,-21,-13.4454545454545
5,2678,23,-22.2376543209877
5,2679,141,105.567567567568
5,2680,399,217.096774193548
5,2681,0,-97.5217391304348
5,2682,-421,-153.060402684564
5,2683,9,-113.722891566265
5,2684,-112,6.540625
5,2685,-87,-42.2403846153846
5,2686,-69,-42.2403846153846
5,2687,-58,-42.2403846153846
5,2688,-15,-42.2403846153846
5,2689,-20,-11.1666666666667
5,2690,-7,-22.2376543209877
5,2691,-2,75.9
5,2692,32,6.540625
5,2693,125,81.5373134328358
5,2694,308,180.572413793103
5,2695,251,-97.5217391304348
5,2696,-422,-235.087301587302
5,2697,-106,-153.060402684564
5,2698,6,-9.46666666666667
5,2699,51,6.540625
5,2700,22,19.5365853658537
5,2701,-22,-34.0980392156863
5,2702,9,-22.2376543209877
5,2703,21,116.776315789474
5,2704,7,169.903225806452
5,2705,42,6.540625
5,2706,49,-34.0980392156863
5,2707,-81,8.57142857142857
5,2708,-50,-42.2403846153846
5,2709,-86,-42.2403846153846
5,2710,-53,-42.2403846153846
5,2711,-50,-42.2403846153846
5,2712,-26,-42.2403846153846
5,2713,-14,-22.2376543209877
5,2714,-12,-13.4454545454545
5,2715,1,6.540625
5,2716,25,6.540625
5,2717,126,81.5373134328358
5,2718,259,180.572413793103
5,2719,277,-97.5217391304348
5,2720,-391,-235.087301587302
5,2721,-116,-153.060402684564
5,2722,36,-9.46666666666667
5,2723,68,19.5365853658537
5,2724,13,19.5365853658537
5,2725,-50,-13.4454545454545
5,2726,39,-42.2403846153846
5,2727,99,105.567567567568
5,2728,408,217.096774193548
5,2729,-46,-112.880952380952
5,2730,-260,-153.060402684564
5,2731,-94,-113.722891566265
5,2732,-113,-91.3448275862069
5,2733,-42,-42.2403846153846
5,2734,-76,-22.2376543209877
5,2735,-94,-42.2403846153846
5,2736,-31,-42.2403846153846
5,2737,-19,-11.1666666666667
5,2738,-9,-22.2376543209877
5,2739,-5,6.540625
5,2740,21,6.540625
5,2741,83,81.5373134328358
5,2742,246,180.572413793103
5,2743,224,180.572413793103
5,2744,-243,-235.087301587302
5,2745,-108,-153.060402684564
5,2746,51,-9.46666666666667
5,2747,38,19.5365853658537
5,2748,12,19.5365853658537
5,2749,34,-13.4454545454545
5,2750,99,33.9459459459459
5,2751,118,105.567567567568
5,2752,69,217.096774193548
5,2753,-131,-40.1428571428571
5,2754,-118,-42.2403846153846
5,2755,-54,-42.2403846153846
5,2756,-95,-42.2403846153846
5,2757,-43,-42.2403846153846
5,2758,-46,-22.2376543209877
5,2759,-50,-22.2376543209877
5,2760,-34,-42.2403846153846
5,2761,-18,-22.2376543209877
5,2762,-33,-22.2376543209877
5,2763,-29,-22.2376543209877
5,2764,8,-22.2376543209877
5,2765,21,6.540625
5,2766,23,81.5373134328358
5,2767,87,81.5373134328358
5,2768,148,128.0625
5,2769,148,45.2413793103448
5,2770,83,-235.087301587302
5,2771,9,-110.135416666667
5,2772,10,-13.4454545454545
5,2773,25,-13.4454545454545
5,2774,-51,-34.0980392156863
5,2775,-9,-42.2403846153846
5,2776,-42,-13.4454545454545
5,2777,-47,-22.2376543209877
5,2778,-42,-22.2376543209877
5,2779,-118,-22.2376543209877
5,2780,-4,-42.2403846153846
5,2781,-47,-13.4454545454545
5,2782,-54,-22.2376543209877
5,2783,-13,-42.2403846153846
5,2784,-59,6.540625
5,2785,-17,-42.2403846153846
5,2786,-25,-22.2376543209877
5,2787,-25,-22.2376543209877
5,2788,-4,-22.2376543209877
5,2789,15,6.540625
5,2790,30,81.3181818181818
5,2791,99,81.5373134328358
5,2792,119,145.910377358491
5,2793,154,45.2413793103448
5,2794,95,-177.85
5,2795,51,-235.087301587302
5,2796,-72,-31.7894736842105
5,2797,49,-42.2403846153846
5,2798,-12,-31.7894736842105
5,2799,-34,-13.4454545454545
5,2800,21,-22.2376543209877
5,2801,-4,-34.0980392156863
5,2802,-76,97.6666666666667
5,2803,-50,-42.2403846153846
5,2804,-249,-42.2403846153846
5,2805,-84,-42.2403846153846
5,2806,37,16.9642857142857
5,2807,-31,8.57142857142857
5,2808,-6,-22.2376543209877
5,2809,-11,6.540625
5,2810,-30,6.540625
5,2811,-12,-11.1666666666667
5,2812,3,6.540625
5,2813,11,6.540625
5,2814,47,-13.4454545454545
5,2815,88,82
5,2816,108,145.910377358491
5,2817,101,79.8275862068966
5,2818,112,79.8275862068966
5,2819,49,-112.880952380952
5,2820,31,-40.1428571428571
5,2821,-91,-31.7894736842105
5,2822,-5,-42.2403846153846
5,2823,41,-13.4454545454545
5,2824,-96,19.5365853658537
5,2825,-22,-42.2403846153846
5,2826,12,-22.2376543209877
5,2827,-78,-13.4454545454545
5,2828,-70,-42.2403846153846
5,2829,-90,-42.2403846153846
5,2830,-75,-42.2403846153846
5,2831,-37,-42.2403846153846
5,2832,-31,-22.2376543209877
5,2833,-6,-22.2376543209877
5,2834,-5,-13.4454545454545
5,2835,2,6.540625
5,2836,28,6.540625
5,2837,121,81.5373134328358
5,2838,296,180.572413793103
5,2839,184,-97.5217391304348
5,2840,-377,-235.087301587302
5,2841,-74,-110.135416666667
5,2842,14,-9.46666666666667
5,2843,40,30.3243243243243
5,2844,2,19.5365853658537
5,2845,-1,-13.4454545454545
5,2846,18,-13.4454545454545
5,2847,137,116.776315789474
5,2848,388,217.096774193548
5,2849,-71,-97.5217391304348
5,2850,-184,-153.060402684564
5,2851,-322,-113.722891566265
5,2852,-133,-91.3448275862069
5,2853,-16,16.9642857142857
5,2854,-5,-22.2376543209877
5,2855,-14,-13.4454545454545
5,2856,-32,-13.4454545454545
5,2857,1,-11.1666666666667
5,2858,0,116.776315789474
5,2859,1,6.540625
5,2860,35,6.540625
5,2861,103,82
5,2862,339,145.910377358491
5,2863,188,180.572413793103
5,2864,-366,-235.087301587302
5,2865,-128,-110.135416666667
5,2866,31,-9.46666666666667
5,2867,45,19.5365853658537
5,2868,36,19.5365853658537
5,2869,-37,-62.5454545454545
5,2870,23,-22.2376543209877
5,2871,123,79.8275862068966
5,2872,441,217.096774193548
5,2873,-43,-97.5217391304348
5,2874,-240,-153.060402684564
5,2875,-125,-113.722891566265
5,2876,-127,-91.3448275862069
5,2877,-87,-42.2403846153846
5,2878,-57,-42.2403846153846
5,2879,-99,-42.2403846153846
5,2880,-35,-42.2403846153846
5,2881,-12,-11.1666666666667
5,2882,-6,6.540625
5,2883,0,6.540625
5,2884,25,6.540625
5,2885,145,81.5373134328358
5,2886,329,180.572413793103
5,2887,186,-97.5217391304348
5,2888,-382,-235.087301587302
5,2889,-91,-110.135416666667
5,2890,-2,-9.46666666666667
5,2891,74,6.540625
5,2892,1,19.5365853658537
5,2893,-39,-13.4454545454545
5,2894,36,-22.2376543209877
5,2895,197,105.567567567568
5,2896,340,217.096774193548
5,2897,-42,-97.5217391304348
5,2898,-194,-153.060402684564
5,2899,-112,-113.722891566265
5,2900,-120,-91.3448275862069
5,2901,-95,-42.2403846153846
5,2902,-124,-42.2403846153846
5,2903,-54,-42.2403846153846
5,2904,-52,-42.2403846153846
5,2905,-18,-11.1666666666667
5,2906,-12,-22.2376543209877
5,2907,2,6.540625
5,2908,39,6.540625
5,2909,96,81.5373134328358
5,2910,261,180.572413793103
5,2911,292,180.572413793103
5,2912,-396,-235.087301587302
5,2913,-94,-153.060402684564
5,2914,31,-9.46666666666667
5,2915,75,19.5365853658537
5,2916,6,19.5365853658537
5,2917,-62,-13.4454545454545
5,2918,4,-42.2403846153846
5,2919,-36,116.776315789474
5,2920,5,-22.2376543209877
5,2921,-117,6.540625
5,2922,-65,-42.2403846153846
5,2923,-6,-42.2403846153846
5,2924,46,-13.4454545454545
5,2925,-62,82
5,2926,50,-42.2403846153846
5,2927,13,-62.5454545454545
5,2928,-10,75.9
5,2929,-35,6.540625
5,2930,-15,-22.2376543209877
5,2931,-13,-22.2376543209877
5,2932,-1,-13.4454545454545
5,2933,24,6.540625
5,2934,50,8.57142857142857
5,2935,124,145.910377358491
5,2936,122,180.572413793103
5,2937,161,-177.85
5,2938,43,-177.85
5,2939,132,-110.135416666667
5,2940,11,-112.880952380952
5,2941,-32,-110.135416666667
5,2942,55,-22.2376543209877
5,2943,-58,-34.0980392156863
5,2944,-58,-42.2403846153846
5,2945,-74,-42.2403846153846
5,2946,42,-42.2403846153846
5,2947,-155,8.57142857142857
5,2948,-83,-42.2403846153846
5,2949,-88,-42.2403846153846
5,2950,10,-42.2403846153846
5,2951,-69,6.540625
5,2952,-48,-42.2403846153846
5,2953,-32,-42.2403846153846
5,2954,-39,-22.2376543209877
5,2955,-37,-22.2376543209877
5,2956,-1,-22.2376543209877
5,2957,10,6.540625
5,2958,13,-13.4454545454545
5,2959,105,30.3243243243243
5,2960,160,180.572413793103
5,2961,104,128.0625
5,2962,107,-235.087301587302
5,2963,173,-112.880952380952
5,2964,2,-112.880952380952
5,2965,-8,-110.135416666667
5,2966,-34,-13.4454545454545
5,2967,18,-22.2376543209877
5,2968,-84,-13.4454545454545
5,2969,-82,-42.2403846153846
5,2970,-43,-42.2403846153846
5,2971,-139,-22.2376543209877
5,2972,-68,-42.2403846153846
5,2973,-20,-42.2403846153846
5,2974,-118,-22.2376543209877
5,2975,-59,-42.2403846153846
5,2976,-35,-42.2403846153846
5,2977,-3,-22.2376543209877
5,2978,-6,6.540625
5,2979,3,6.540625
5,2980,27,6.540625
5,2981,104,81.5373134328358
5,2982,378,180.572413793103
5,2983,148,180.572413793103
5,2984,-383,-235.087301587302
5,2985,-95,-110.135416666667
5,2986,52,-91.3448275862069
5,2987,43,19.5365853658537
5,2988,-8,19.5365853658537
5,2989,-4,-13.4454545454545
5,2990,22,-13.4454545454545
5,2991,156,105.567567567568
5,2992,386,261.641025641026
5,2993,-12,-97.5217391304348
5,2994,-177,-153.060402684564
5,2995,-184,-113.722891566265
5,2996,-196,-91.3448275862069
5,2997,-97,16.9642857142857
5,2998,-82,16.9642857142857
5,2999,-52,-42.2403846153846
5,3000,-14,-42.2403846153846
5,3001,-12,-11.1666666666667
5,3002,-3,-11.1666666666667
5,3003,0,-11.1666666666667
5,3004,31,6.540625
5,3005,148,81.5373134328358
5,3006,385,180.572413793103
5,3007,141,-97.5217391304348
5,3008,-375,-235.087301587302
5,3009,-159,-110.135416666667
5,3010,51,-91.3448275862069
5,3011,20,19.5365853658537
5,3012,20,-13.4454545454545
5,3013,9,-13.4454545454545
5,3014,-4,97.6666666666667
5,3015,201,116.776315789474
5,3016,377,261.641025641026
5,3017,-60,-97.5217391304348
5,3018,-277,-153.060402684564
5,3019,-98,-113.722891566265
5,3020,-132,-91.3448275862069
5,3021,-90,-42.2403846153846
5,3022,-80,-42.2403846153846
5,3023,-64,-42.2403846153846
5,3024,-22,-42.2403846153846
5,3025,-16,-11.1666666666667
5,3026,-3,-22.2376543209877
5,3027,2,6.540625
5,3028,28,6.540625
5,3029,134,81.5373134328358
5,3030,375,180.572413793103
5,3031,121,-97.5217391304348
5,3032,-365,-235.087301587302
5,3033,-100,-40.1428571428571
5,3034,23,-91.3448275862069
5,3035,89,19.5365853658537
5,3036,-12,19.5365853658537
5,3037,-1,-13.4454545454545
5,3038,-2,-13.4454545454545
5,3039,152,116.776315789474
5,3040,272,261.641025641026
5,3041,58,-97.5217391304348
5,3042,-244,-153.060402684564
5,3043,-130,-113.722891566265
5,3044,-110,-91.3448275862069
5,3045,-50,-42.2403846153846
5,3046,-125,-42.2403846153846
5,3047,-64,-42.2403846153846
5,3048,-37,-42.2403846153846
5,3049,-10,-11.1666666666667
5,3050,-7,6.540625
5,3051,1,6.540625
5,3052,28,6.540625
5,3053,136,81.5373134328358
5,3054,356,180.572413793103
5,3055,155,-97.5217391304348
5,3056,-344,-235.087301587302
5,3057,-127,-110.135416666667
5,3058,27,-91.3448275862069
5,3059,99,19.5365853658537
5,3060,-21,19.5365853658537
5,3061,-50,-22.2376543209877
5,3062,68,-42.2403846153846
5,3063,133,105.567567567568
5,3064,403,261.641025641026
5,3065,-56,-177.85
5,3066,-211,-153.060402684564
5,3067,-124,-113.722891566265
5,3068,-165,-91.3448275862069
5,3069,-85,-42.2403846153846
5,3070,-51,16.9642857142857
5,3071,-100,-42.2403846153846
5,3072,-48,-42.2403846153846
5,3073,-10,-11.1666666666667
5,3074,-11,6.540625
5,3075,2,-11.1666666666667
5,3076,19,6.540625
5,3077,110,81.3181818181818
5,3078,289,180.572413793103
5,3079,272,180.572413793103
5,3080,-318,-235.087301587302
5,3081,-133,-153.060402684564
5,3082,15,-9.46666666666667
5,3083,105,30.3243243243243
5,3084,47,19.5365853658537
5,3085,-43,-34.0980392156863
5,3086,24,-22.2376543209877
5,3087,126,79.8275862068966
5,3088,270,217.096774193548
5,3089,-70,-97.5217391304348
5,3090,-168,-153.060402684564
5,3091,-147,-113.722891566265
5,3092,-69,-91.3448275862069
5,3093,-48,-42.2403846153846
5,3094,-76,-42.2403846153846
5,3095,-9,-42.2403846153846
5,3096,-83,-13.4454545454545
5,3097,-34,-11.1666666666667
5,3098,-49,-22.2376543209877
5,3099,-32,-42.2403846153846
5,3100,11,-22.2376543209877
5,3101,61,81.3181818181818
5,3102,7,145.910377358491
5,3103,157,6.540625
5,3104,96,-32.6
5,3105,126,-97.5217391304348
5,3106,103,-32.6
5,3107,-38,-177.85
5,3108,54,-22.2376543209877
5,3109,8,-31.7894736842105
5,3110,-38,-13.4454545454545
5,3111,-21,-22.2376543209877
5,3112,-39,-22.2376543209877
5,3113,-44,-22.2376543209877
5,3114,-91,-22.2376543209877
5,3115,3,-42.2403846153846
5,3116,-47,-13.4454545454545
5,3117,-102,-22.2376543209877
5,3118,16,-42.2403846153846
5,3119,-72,81.3181818181818
5,3120,-42,-42.2403846153846
5,3121,-43,-22.2376543209877
5,3122,-44,-22.2376543209877
5,3123,-19,-22.2376543209877
5,3124,3,-22.2376543209877
5,3125,17,6.540625
5,3126,32,-13.4454545454545
5,3127,119,81.5373134328358
5,3128,85,180.572413793103
5,3129,147,-40.1428571428571
5,3130,86,-32.6
5,3131,3,-110.135416666667
5,3132,-10,6.540625
5,3133,8,-13.4454545454545
5,3134,-25,-13.4454545454545
5,3135,33,-22.2376543209877
5,3136,13,-34.0980392156863
5,3137,-31,-13.4454545454545
5,3138,-115,-22.2376543209877
5,3139,-12,-42.2403846153846
5,3140,-110,6.540625
5,3141,-94,-42.2403846153846
5,3142,-49,-42.2403846153846
5,3143,-69,-42.2403846153846
5,3144,-17,-42.2403846153846
5,3145,-7,-22.2376543209877
5,3146,-11,6.540625
5,3147,1,6.540625
5,3148,30,6.540625
5,3149,107,81.5373134328358
5,3150,359,180.572413793103
5,3151,148,145.910377358491
5,3152,-335,-235.087301587302
5,3153,-169,-110.135416666667
5,3154,55,-91.3448275862069
5,3155,59,19.5365853658537
5,3156,-13,19.5365853658537
5,3157,11,-13.4454545454545
5,3158,0,-13.4454545454545
5,3159,168,116.776315789474
5,3160,373,261.641025641026
5,3161,31,-97.5217391304348
5,3162,-235,-153.060402684564
5,3163,-202,-113.722891566265
5,3164,-144,-91.3448275862069
5,3165,-86,16.9642857142857
5,3166,-84,-42.2403846153846
5,3167,-52,-42.2403846153846
5,3168,-12,-42.2403846153846
5,3169,-10,-11.1666666666667
5,3170,6,-11.1666666666667
5,3171,-8,6.540625
5,3172,25,6.540625
5,3173,107,81.5373134328358
5,3174,167,128.0625
5,3175,310,145.910377358491
5,3176,-328,-235.087301587302
5,3177,-160,-153.060402684564
5,3178,-60,-9.46666666666667
5,3179,30,-91.3448275862069
5,3180,-36,19.5365853658537
5,3181,1,-22.2376543209877
5,3182,56,-13.4454545454545
5,3183,123,105.567567567568
5,3184,442,217.096774193548
5,3185,-28,-177.85
5,3186,-162,-153.060402684564
5,3187,-105,-113.722891566265
5,3188,-112,-91.3448275862069
5,3189,-67,-42.2403846153846
5,3190,-118,-42.2403846153846
5,3191,-55,-42.2403846153846
5,3192,-6,-42.2403846153846
5,3193,-24,97.6666666666667
5,3194,4,-22.2376543209877
5,3195,2,6.540625
5,3196,30,6.540625
5,3197,154,81.5373134328358
5,3198,311,128.0625
5,3199,208,-97.5217391304348
5,3200,-361,-235.087301587302
5,3201,-154,-153.060402684564
5,3202,48,-9.46666666666667
5,3203,88,19.5365853658537
5,3204,-79,19.5365853658537
5,3205,65,-42.2403846153846
5,3206,-39,33.9459459459459
5,3207,111,116.776315789474
5,3208,465,217.096774193548
5,3209,-113,-97.5217391304348
5,3210,-73,-153.060402684564
5,3211,-223,-9.46666666666667
5,3212,-52,-91.3448275862069
5,3213,-158,16.9642857142857
5,3214,-85,-42.2403846153846
5,3215,-105,-42.2403846153846
5,3216,-27,-42.2403846153846
5,3217,-12,-22.2376543209877
5,3218,-4,-11.1666666666667
5,3219,1,6.540625
5,3220,34,6.540625
5,3221,141,169.903225806452
5,3222,325,180.572413793103
5,3223,213,-97.5217391304348
5,3224,-362,-235.087301587302
5,3225,-178,-153.060402684564
5,3226,49,-9.46666666666667
5,3227,37,19.5365853658537
5,3228,19,19.5365853658537
5,3229,14,-13.4454545454545
5,3230,26,-13.4454545454545
5,3231,114,105.567567567568
5,3232,429,217.096774193548
5,3233,-44,-97.5217391304348
5,3234,-244,-153.060402684564
5,3235,-144,-113.722891566265
5,3236,-98,-91.3448275862069
5,3237,-95,-42.2403846153846
5,3238,-70,-42.2403846153846
5,3239,-78,-42.2403846153846
5,3240,-43,-42.2403846153846
5,3241,-36,-11.1666666666667
5,3242,-10,-22.2376543209877
5,3243,9,6.540625
5,3244,19,6.540625
5,3245,118,81.3181818181818
5,3246,279,180.572413793103
5,3247,223,-97.5217391304348
5,3248,-287,-235.087301587302
5,3249,-150,-153.060402684564
5,3250,70,-9.46666666666667
5,3251,117,19.5365853658537
5,3252,-10,19.5365853658537
5,3253,-17,-40.1428571428571
5,3254,1,-22.2376543209877
5,3255,181,116.776315789474
5,3256,265,217.096774193548
5,3257,-130,-97.5217391304348
5,3258,-226,-153.060402684564
5,3259,-82,-9.46666666666667
5,3260,-52,-91.3448275862069
5,3261,-12,-42.2403846153846
5,3262,-99,6.540625
5,3263,-85,-42.2403846153846
5,3264,-42,-42.2403846153846
5,3265,-28,-11.1666666666667
5,3266,-40,-22.2376543209877
5,3267,-19,-22.2376543209877
5,3268,15,-22.2376543209877
5,3269,24,81.3181818181818
5,3270,31,81.5373134328358
5,3271,126,81.5373134328358
5,3272,163,128.0625
5,3273,68,-97.5217391304348
5,3274,131,-110.135416666667
5,3275,37,-112.880952380952
5,3276,14,-110.135416666667
5,3277,-44,-13.4454545454545
5,3278,10,-22.2376543209877
5,3279,-41,-13.4454545454545
5,3280,51,-22.2376543209877
5,3281,-22,-34.0980392156863
5,3282,-110,-22.2376543209877
5,3283,-109,-42.2403846153846
5,3284,-62,-42.2403846153846
5,3285,-10,-42.2403846153846
5,3286,-97,-13.4454545454545
5,3287,-35,-42.2403846153846
5,3288,-60,-22.2376543209877
5,3289,-14,-42.2403846153846
5,3290,-46,6.540625
5,3291,-10,-22.2376543209877
5,3292,-1,6.540625
5,3293,6,6.540625
5,3294,25,6.540625
5,3295,71,81.5373134328358
5,3296,155,145.910377358491
5,3297,162,105.567567567568
5,3298,110,-235.087301587302
5,3299,69,-235.087301587302
5,3300,-1,-31.7894736842105
5,3301,-32,-13.4454545454545
5,3302,-119,-22.2376543209877
5,3303,117,-42.2403846153846
5,3304,13,-34.0980392156863
5,3305,-80,-40.1428571428571
5,3306,-123,-42.2403846153846
5,3307,-88,-42.2403846153846
5,3308,-56,-42.2403846153846
5,3309,-93,-42.2403846153846
5,3310,-45,-42.2403846153846
5,3311,-68,-22.2376543209877
5,3312,-26,-42.2403846153846
5,3313,-5,-22.2376543209877
5,3314,-5,6.540625
5,3315,5,6.540625
5,3316,14,6.540625
5,3317,14,81.3181818181818
5,3318,108,81.3181818181818
5,3319,329,128.0625
5,3320,-224,8.63636363636364
5,3321,-159,-153.060402684564
5,3322,30,-9.46666666666667
5,3323,47,19.5365853658537
5,3324,57,19.5365853658537
5,3325,-6,-62.5454545454545
5,3326,18,-13.4454545454545
5,3327,95,116.776315789474
5,3328,391,217.096774193548
5,3329,-81,-34.0980392156863
5,3330,-179,-153.060402684564
5,3331,-101,-113.722891566265
5,3332,-89,-91.3448275862069
5,3333,-109,-42.2403846153846
5,3334,-90,-42.2403846153846
5,3335,-39,-42.2403846153846
5,3336,-21,-22.2376543209877
5,3337,1,-11.1666666666667
5,3338,-7,6.540625
5,3339,2,6.540625
5,3340,27,6.540625
5,3341,124,81.5373134328358
5,3342,319,180.572413793103
5,3343,193,-97.5217391304348
5,3344,-345,-235.087301587302
5,3345,-148,-110.135416666667
5,3346,50,-9.46666666666667
5,3347,62,19.5365853658537
5,3348,-20,19.5365853658537
5,3349,-45,-22.2376543209877
5,3350,32,-22.2376543209877
5,3351,75,105.567567567568
5,3352,477,217.096774193548
5,3353,-16,-112.880952380952
5,3354,-281,-153.060402684564
5,3355,-56,-113.722891566265
5,3356,-182,-91.3448275862069
5,3357,15,-42.2403846153846
5,3358,-166,-13.4454545454545
5,3359,-72,-42.2403846153846
5,3360,-26,16.9642857142857
5,3361,-21,116.776315789474
5,3362,2,-22.2376543209877
5,3363,-1,-11.1666666666667
5,3364,32,6.540625
5,3365,126,81.5373134328358
5,3366,299,261.641025641026
5,3367,179,-97.5217391304348
5,3368,-327,-235.087301587302
5,3369,-149,-110.135416666667
5,3370,21,-9.46666666666667
5,3371,-8,19.5365853658537
5,3372,31,-13.4454545454545
5,3373,-21,-34.0980392156863
5,3374,-11,-22.2376543209877
5,3375,156,116.776315789474
5,3376,356,217.096774193548
5,3377,-19,-97.5217391304348
5,3378,-133,-153.060402684564
5,3379,-132,-113.722891566265
5,3380,-63,-91.3448275862069
5,3381,-87,-42.2403846153846
5,3382,-134,-42.2403846153846
5,3383,-54,-42.2403846153846
5,3384,-51,-42.2403846153846
5,3385,0,-42.2403846153846
5,3386,-7,6.540625
5,3387,1,6.540625
5,3388,28,6.540625
5,3389,110,81.5373134328358
5,3390,313,261.641025641026
5,3391,127,180.572413793103
5,3392,-334,-235.087301587302
5,3393,-106,-40.1428571428571
5,3394,11,-91.3448275862069
5,3395,54,30.3243243243243
5,3396,-43,19.5365853658537
5,3397,4,-22.2376543209877
5,3398,18,-13.4454545454545
5,3399,126,116.776315789474
5,3400,295,261.641025641026
5,3401,25,-97.5217391304348
5,3402,-141,-153.060402684564
5,3403,-63,-113.722891566265
5,3404,-125,-91.3448275862069
5,3405,-68,-42.2403846153846
5,3406,-97,-42.2403846153846
5,3407,-53,-42.2403846153846
5,3408,-62,-42.2403846153846
5,3409,-19,-42.2403846153846
5,3410,-5,-22.2376543209877
5,3411,3,6.540625
5,3412,28,6.540625
5,3413,84,81.5373134328358
5,3414,237,180.572413793103
5,3415,254,180.572413793103
5,3416,-280,-235.087301587302
5,3417,-148,-153.060402684564
5,3418,51,-9.46666666666667
5,3419,18,19.5365853658537
5,3420,46,-13.4454545454545
5,3421,-37,-62.5454545454545
5,3422,21,-22.2376543209877
5,3423,96,79.8275862068966
5,3424,266,217.096774193548
5,3425,-141,-34.0980392156863
5,3426,-143,-153.060402684564
5,3427,-160,-9.46666666666667
5,3428,15,-91.3448275862069
5,3429,-20,30.3243243243243
5,3430,-23,-22.2376543209877
5,3431,-58,-22.2376543209877
5,3432,7,-42.2403846153846
5,3433,-30,97.6666666666667
5,3434,-51,-22.2376543209877
5,3435,-23,-42.2403846153846
5,3436,-7,-22.2376543209877
5,3437,35,6.540625
5,3438,31,81.5373134328358
5,3439,89,82
5,3440,165,180.572413793103
5,3441,162,128.0625
5,3442,22,-235.087301587302
5,3443,86,-110.135416666667
5,3444,-38,-31.7894736842105
5,3445,45,-22.2376543209877
5,3446,-126,-31.7894736842105
5,3447,30,-42.2403846153846
5,3448,17,-62.5454545454545
5,3449,-49,97.6666666666667
5,3450,-56,-42.2403846153846
5,3451,-39,-42.2403846153846
5,3452,-64,-22.2376543209877
5,3453,-43,-42.2403846153846
5,3454,-54,-22.2376543209877
5,3455,-62,-42.2403846153846
5,3456,-36,-42.2403846153846
5,3457,-13,-22.2376543209877
5,3458,-54,6.540625
5,3459,-47,-42.2403846153846
5,3460,-5,-22.2376543209877
5,3461,17,6.540625
5,3462,46,81.3181818181818
5,3463,70,180.572413793103
5,3464,91,145.910377358491
5,3465,220,79.8275862068966
5,3466,54,-32.6
5,3467,50,-153.060402684564
5,3468,29,-31.7894736842105
5,3469,-34,-31.7894736842105
5,3470,-64,-22.2376543209877
5,3471,-26,-42.2403846153846
5,3472,71,-22.2376543209877
5,3473,2,-34.0980392156863
5,3474,-111,97.6666666666667
5,3475,-91,-42.2403846153846
5,3476,-79,-42.2403846153846
5,3477,-75,-42.2403846153846
5,3478,-91,-42.2403846153846
5,3479,-19,-42.2403846153846
5,3480,-37,-22.2376543209877
5,3481,-17,-22.2376543209877
5,3482,-9,-22.2376543209877
5,3483,-1,6.540625
5,3484,39,6.540625
5,3485,115,81.5373134328358
5,3486,327,145.910377358491
5,3487,123,-97.5217391304348
5,3488,-340,-235.087301587302
5,3489,-84,-40.1428571428571
5,3490,-3,-91.3448275862069
5,3491,89,6.540625
5,3492,-10,19.5365853658537
5,3493,-9,-13.4454545454545
5,3494,-18,-13.4454545454545
5,3495,181,116.776315789474
5,3496,419,261.641025641026
5,3497,-42,-97.5217391304348
5,3498,-209,-153.060402684564
5,3499,-107,-113.722891566265
5,3500,-144,-91.3448275862069
5,3501,-144,-42.2403846153846
5,3502,-84,-42.2403846153846
5,3503,-66,-42.2403846153846
5,3504,-7,-42.2403846153846
5,3505,-21,-11.1666666666667
5,3506,0,-22.2376543209877
5,3507,1,6.540625
5,3508,29,6.540625
5,3509,149,169.903225806452
5,3510,364,180.572413793103
5,3511,104,-97.5217391304348
5,3512,-328,-235.087301587302
5,3513,-138,-113.722891566265
5,3514,45,-91.3448275862069
5,3515,73,19.5365853658537
5,3516,-2,19.5365853658537
5,3517,-39,-13.4454545454545
5,3518,50,-22.2376543209877
5,3519,99,105.567567567568
5,3520,484,261.641025641026
5,3521,-76,-112.880952380952
5,3522,-212,-153.060402684564
5,3523,-107,-113.722891566265
5,3524,-177,-91.3448275862069
5,3525,-83,-42.2403846153846
5,3526,-114,16.9642857142857
5,3527,-77,-42.2403846153846
5,3528,-31,-42.2403846153846
5,3529,-9,-11.1666666666667
5,3530,-6,6.540625
5,3531,3,-11.1666666666667
5,3532,25,6.540625
5,3533,164,81.5373134328358
5,3534,327,180.572413793103
5,3535,160,-97.5217391304348
5,3536,-405,-235.087301587302
5,3537,-110,-110.135416666667
5,3538,37,-91.3448275862069
5,3539,113,19.5365853658537
5,3540,-1,19.5365853658537
5,3541,-51,-40.1428571428571
5,3542,-21,-42.2403846153846
5,3543,143,116.776315789474
5,3544,451,217.096774193548
5,3545,-39,-97.5217391304348
5,3546,-161,-153.060402684564
5,3547,-198,-113.722891566265
5,3548,-78,-91.3448275862069
5,3549,-70,16.9642857142857
5,3550,-138,-42.2403846153846
5,3551,-105,-42.2403846153846
5,3552,-29,-42.2403846153846
5,3553,-12,-22.2376543209877
5,3554,-6,-11.1666666666667
5,3555,4,6.540625
5,3556,36,6.540625
5,3557,146,81.5373134328358
5,3558,315,261.641025641026
5,3559,109,-97.5217391304348
5,3560,-266,-235.087301587302
5,3561,-167,-113.722891566265
5,3562,27,-91.3448275862069
5,3563,65,19.5365853658537
5,3564,-40,19.5365853658537
5,3565,18,-22.2376543209877
5,3566,-35,97.6666666666667
5,3567,168,116.776315789474
5,3568,318,261.641025641026
5,3569,-8,-97.5217391304348
5,3570,-126,-153.060402684564
5,3571,-101,-113.722891566265
5,3572,-72,-91.3448275862069
5,3573,-124,-42.2403846153846
5,3574,-103,-42.2403846153846
5,3575,-57,-42.2403846153846
5,3576,-72,-42.2403846153846
5,3577,-24,-42.2403846153846
5,3578,-10,-22.2376543209877
5,3579,2,6.540625
5,3580,35,6.540625
5,3581,118,81.5373134328358
5,3582,217,180.572413793103
5,3583,244,-97.5217391304348
5,3584,-324,-235.087301587302
5,3585,-129,-153.060402684564
5,3586,17,-9.46666666666667
5,3587,38,30.3243243243243
5,3588,13,19.5365853658537
5,3589,-6,-13.4454545454545
5,3590,-3,-13.4454545454545
5,3591,121,116.776315789474
5,3592,188,217.096774193548
5,3593,-75,-97.5217391304348
5,3594,-101,-110.135416666667
5,3595,-55,-113.722891566265
5,3596,-72,-42.2403846153846
5,3597,-73,-42.2403846153846
5,3598,-115,-42.2403846153846
5,3599,21,-42.2403846153846
5,3600,-11,81.5373134328358
5,3601,3,97.6666666666667
5,3602,-38,6.540625
5,3603,-5,-22.2376543209877
5,3604,-8,6.540625
5,3605,32,6.540625
5,3606,50,8.57142857142857
5,3607,102,145.910377358491
5,3608,81,-62.5454545454545
5,3609,129,79.8275862068966
5,3610,48,-112.880952380952
5,3611,19,-40.1428571428571
5,3612,-43,30.3243243243243
5,3613,-19,-22.2376543209877
5,3614,-5,-22.2376543209877
5,3615,-31,-13.4454545454545
5,3616,-11,-22.2376543209877
5,3617,-23,-13.4454545454545
5,3618,35,-22.2376543209877
5,3619,-82,81.5373134328358
5,3620,-79,-42.2403846153846
5,3621,-41,-42.2403846153846
5,3622,-20,-22.2376543209877
5,3623,-3,-22.2376543209877
5,3624,-56,6.540625
5,3625,-3,-42.2403846153846
5,3626,-57,-13.4454545454545
5,3627,-29,-42.2403846153846
5,3628,6,-22.2376543209877
5,3629,17,6.540625
5,3630,23,81.3181818181818
5,3631,92,81.5373134328358
5,3632,77,8.63636363636364
5,3633,147,105.567567567568
5,3634,11,-32.6
5,3635,56,-110.135416666667
5,3636,-13,-31.7894736842105
5,3637,24,-13.4454545454545
5,3638,-99,-31.7894736842105
5,3639,-32,-42.2403846153846
5,3640,100,-22.2376543209877
5,3641,-43,19.5365853658537
5,3642,12,-22.2376543209877
5,3643,-50,-13.4454545454545
5,3644,-74,-42.2403846153846
5,3645,-107,-42.2403846153846
5,3646,-41,-42.2403846153846
5,3647,-67,-22.2376543209877
5,3648,-26,-42.2403846153846
5,3649,-2,-22.2376543209877
5,3650,-10,-13.4454545454545
5,3651,7,6.540625
5,3652,28,6.540625
5,3653,96,81.5373134328358
5,3654,262,180.572413793103
5,3655,170,128.0625
5,3656,-273,-235.087301587302
5,3657,-121,-110.135416666667
5,3658,27,-91.3448275862069
5,3659,56,19.5365853658537
5,3660,-21,19.5365853658537
5,3661,-6,-22.2376543209877
5,3662,4,-13.4454545454545
5,3663,131,116.776315789474
5,3664,382,217.096774193548
5,3665,-17,-97.5217391304348
5,3666,-149,-153.060402684564
5,3667,-186,-113.722891566265
5,3668,-137,-91.3448275862069
5,3669,-70,16.9642857142857
5,3670,-86,-42.2403846153846
5,3671,-49,-42.2403846153846
5,3672,-39,-42.2403846153846
5,3673,-4,-22.2376543209877
5,3674,-8,-11.1666666666667
5,3675,4,6.540625
5,3676,29,6.540625
5,3677,119,81.5373134328358
5,3678,329,180.572413793103
5,3679,163,-97.5217391304348
5,3680,-374,-235.087301587302
5,3681,-63,-110.135416666667
5,3682,8,-91.3448275862069
5,3683,55,6.540625
5,3684,11,-34.0980392156863
5,3685,27,-13.4454545454545
5,3686,91,33.9459459459459
5,3687,126,105.567567567568
5,3688,195,217.096774193548
5,3689,-95,-177.85
5,3690,-130,-110.135416666667
5,3691,-121,-113.722891566265
5,3692,-180,-42.2403846153846
5,3693,-19,-42.2403846153846
5,3694,-6,16.9642857142857
5,3695,-12,-13.4454545454545
5,3696,-36,-13.4454545454545
5,3697,-30,-22.2376543209877
5,3698,-61,-22.2376543209877
5,3699,-16,-11.1666666666667
5,3700,3,-22.2376543209877
5,3701,13,6.540625
5,3702,40,30.3243243243243
5,3703,81,81.5373134328358
5,3704,140,180.572413793103
5,3705,154,-32.6
5,3706,38,-235.087301587302
5,3707,9,-110.135416666667
5,3708,5,6.540625
5,3709,48,-13.4454545454545
5,3710,-93,-34.0980392156863
5,3711,-65,-42.2403846153846
5,3712,25,-42.2403846153846
5,3713,16,19.5365853658537
5,3714,2,97.6666666666667
5,3715,119,-13.4454545454545
5,3716,33,8.57142857142857
5,3717,-82,-40.1428571428571
5,3718,-319,-42.2403846153846
5,3719,-95,-42.2403846153846
5,3720,-58,16.9642857142857
5,3721,-12,-42.2403846153846
5,3722,-11,6.540625
5,3723,0,-13.4454545454545
5,3724,22,-13.4454545454545
5,3725,104,81.5373134328358
5,3726,210,261.641025641026
5,3727,207,180.572413793103
5,3728,-257,-235.087301587302
5,3729,-107,-153.060402684564
5,3730,58,-9.46666666666667
5,3731,32,19.5365853658537
5,3732,34,19.5365853658537
5,3733,-69,-62.5454545454545
5,3734,13,-42.2403846153846
5,3735,179,116.776315789474
5,3736,256,217.096774193548
5,3737,-82,-97.5217391304348
5,3738,-104,-153.060402684564
5,3739,-182,-113.722891566265
5,3740,2,-91.3448275862069
5,3741,-98,6.540625
5,3742,-94,-42.2403846153846
5,3743,-29,-42.2403846153846
5,3744,-73,-22.2376543209877
5,3745,-12,-42.2403846153846
5,3746,-10,-11.1666666666667
5,3747,-1,6.540625
5,3748,29,6.540625
5,3749,96,81.5373134328358
5,3750,222,145.910377358491
5,3751,232,180.572413793103
5,3752,-281,-235.087301587302
5,3753,-94,-153.060402684564
5,3754,23,-9.46666666666667
5,3755,98,19.5365853658537
5,3756,-38,19.5365853658537
5,3757,-18,-22.2376543209877
5,3758,10,-22.2376543209877
5,3759,84,116.776315789474
5,3760,207,217.096774193548
5,3761,-16,-34.0980392156863
5,3762,-142,-153.060402684564
5,3763,-82,-113.722891566265
5,3764,-36,-42.2403846153846
5,3765,-12,-22.2376543209877
5,3766,-124,-13.4454545454545
5,3767,-14,-42.2403846153846
5,3768,-79,-13.4454545454545
5,3769,-13,-42.2403846153846
5,3770,-27,6.540625
5,3771,-15,-22.2376543209877
5,3772,-2,-22.2376543209877
5,3773,17,6.540625
5,3774,40,30.3243243243243
5,3775,81,81.5373134328358
5,3776,104,145.910377358491
5,3777,69,79.8275862068966
5,3778,42,79.8275862068966
5,3779,-25,33.9459459459459
5,3780,18,-22.2376543209877
5,3781,-52,-13.4454545454545
5,3782,-2,-42.2403846153846
5,3783,-12,-13.4454545454545
5,3784,-15,-13.4454545454545
5,3785,-2,-22.2376543209877
5,3786,10,-13.4454545454545
5,3787,-11,6.540625
5,3788,-75,-13.4454545454545
5,3789,19,-42.2403846153846
5,3790,-72,81.3181818181818
5,3791,-1,-42.2403846153846
5,3792,-23,6.540625
5,3793,-54,-22.2376543209877
5,3794,-35,-42.2403846153846
5,3795,-22,-22.2376543209877
5,3796,-7,-22.2376543209877
5,3797,15,-13.4454545454545
5,3798,31,30.3243243243243
5,3799,78,81.5373134328358
5,3800,112,180.572413793103
5,3801,77,128.0625
5,3802,70,-40.1428571428571
5,3803,-13,79.8275862068966
5,3804,-39,6.540625
5,3805,-25,-22.2376543209877
5,3806,-14,-22.2376543209877
5,3807,-7,-13.4454545454545
5,3808,-21,-13.4454545454545
5,3809,-17,-22.2376543209877
5,3810,-3,-22.2376543209877
5,3811,35,6.540625
5,3812,-78,81.5373134328358
5,3813,-85,-42.2403846153846
5,3814,1,-42.2403846153846
5,3815,-84,6.540625
5,3816,-21,-42.2403846153846
5,3817,-13,-22.2376543209877
5,3818,0,6.540625
5,3819,-3,-13.4454545454545
5,3820,26,6.540625
5,3821,64,82
5,3822,138,180.572413793103
5,3823,225,145.910377358491
5,3824,-92,-177.85
5,3825,-188,-153.060402684564
5,3826,41,-113.722891566265
5,3827,50,19.5365853658537
5,3828,-11,19.5365853658537
5,3829,-13,-13.4454545454545
5,3830,38,-13.4454545454545
5,3831,133,105.567567567568
5,3832,436,180.572413793103
5,3833,23,-97.5217391304348
5,3834,-241,-153.060402684564
5,3835,-184,-113.722891566265
5,3836,-116,-91.3448275862069
5,3837,-107,16.9642857142857
5,3838,-93,-42.2403846153846
5,3839,-62,-42.2403846153846
5,3840,-54,-42.2403846153846
5,3841,1,-11.1666666666667
5,3842,-13,-11.1666666666667
5,3843,1,6.540625
5,3844,38,6.540625
5,3845,145,81.5373134328358
5,3846,333,180.572413793103
5,3847,129,-97.5217391304348
5,3848,-318,-235.087301587302
5,3849,-141,-40.1428571428571
5,3850,59,-91.3448275862069
5,3851,23,19.5365853658537
5,3852,8,19.5365853658537
5,3853,-38,-13.4454545454545
5,3854,23,-22.2376543209877
5,3855,170,105.567567567568
5,3856,437,261.641025641026
5,3857,-53,-97.5217391304348
5,3858,-405,-153.060402684564
5,3859,-330,-113.722891566265
5,3860,6,-91.3448275862069
5,3861,49,6.540625
5,3862,-36,19.5365853658537
5,3863,-59,-22.2376543209877
5,3864,-30,-42.2403846153846
5,3865,-9,116.776315789474
5,3866,0,-11.1666666666667
5,3867,2,6.540625
5,3868,34,-13.4454545454545
5,3869,144,81.5373134328358
5,3870,312,180.572413793103
5,3871,177,-97.5217391304348
5,3872,-346,-235.087301587302
5,3873,-133,-110.135416666667
5,3874,34,-9.46666666666667
5,3875,63,19.5365853658537
5,3876,-19,19.5365853658537
5,3877,-32,-22.2376543209877
5,3878,35,-22.2376543209877
5,3879,135,105.567567567568
5,3880,419,217.096774193548
5,3881,-16,-97.5217391304348
5,3882,-181,-153.060402684564
5,3883,-150,-113.722891566265
5,3884,-92,-91.3448275862069
5,3885,-147,-42.2403846153846
5,3886,-92,-42.2403846153846
5,3887,-96,-42.2403846153846
5,3888,-35,-42.2403846153846
5,3889,-12,-11.1666666666667
5,3890,1,6.540625
5,3891,-5,6.540625
5,3892,39,6.540625
5,3893,134,169.903225806452
5,3894,334,180.572413793103
5,3895,190,-97.5217391304348
5,3896,-375,-235.087301587302
5,3897,-113,-110.135416666667
5,3898,1,-9.46666666666667
5,3899,77,6.540625
5,3900,-15,19.5365853658537
5,3901,-68,-22.2376543209877
5,3902,62,-42.2403846153846
5,3903,168,105.567567567568
5,3904,356,217.096774193548
5,3905,30,-235.087301587302
5,3906,-196,-153.060402684564
5,3907,-115,-113.722891566265
5,3908,-141,-91.3448275862069
5,3909,-55,-42.2403846153846
5,3910,-107,-42.2403846153846
5,3911,-116,-42.2403846153846
5,3912,-36,-42.2403846153846
5,3913,-42,-11.1666666666667
5,3914,-8,-22.2376543209877
5,3915,2,6.540625
5,3916,23,6.540625
5,3917,93,81.5373134328358
5,3918,253,180.572413793103
5,3919,333,180.572413793103
5,3920,-299,-235.087301587302
5,3921,-146,-153.060402684564
5,3922,20,-9.46666666666667
5,3923,91,30.3243243243243
5,3924,-5,19.5365853658537
5,3925,-5,-13.4454545454545
5,3926,-16,-13.4454545454545
5,3927,139,116.776315789474
5,3928,343,217.096774193548
5,3929,-204,-97.5217391304348
5,3930,-143,-153.060402684564
5,3931,-99,-9.46666666666667
5,3932,-90,-91.3448275862069
5,3933,-36,-42.2403846153846
5,3934,-51,-22.2376543209877
5,3935,-21,-42.2403846153846
5,3936,-73,-11.1666666666667
5,3937,-17,-42.2403846153846
5,3938,-61,-22.2376543209877
5,3939,-31,-42.2403846153846
5,3940,-4,-22.2376543209877
5,3941,30,6.540625
5,3942,13,81.5373134328358
5,3943,103,81.3181818181818
5,3944,131,145.910377358491
5,3945,119,105.567567567568
5,3946,38,-177.85
5,3947,60,-40.1428571428571
5,3948,92,-31.7894736842105
5,3949,41,-31.7894736842105
5,3950,-72,-31.7894736842105
5,3951,6,-42.2403846153846
5,3952,-108,-13.4454545454545
5,3953,-107,-42.2403846153846
5,3954,80,-42.2403846153846
5,3955,-75,19.5365853658537
5,3956,-87,-42.2403846153846
5,3957,-44,-42.2403846153846
5,3958,-14,-22.2376543209877
5,3959,-24,75.9
5,3960,-19,-22.2376543209877
5,3961,-53,-22.2376543209877
5,3962,-58,-42.2403846153846
5,3963,-38,-42.2403846153846
5,3964,-10,-22.2376543209877
5,3965,6,6.540625
5,3966,32,6.540625
5,3967,86,81.5373134328358
5,3968,88,180.572413793103
5,3969,161,128.0625
5,3970,69,-32.6
5,3971,38,-110.135416666667
5,3972,-9,-31.7894736842105
5,3973,-4,-13.4454545454545
5,3974,13,-13.4454545454545
5,3975,6,-13.4454545454545
5,3976,-59,-13.4454545454545
5,3977,-124,-42.2403846153846
5,3978,0,-42.2403846153846
5,3979,-18,-13.4454545454545
5,3980,-71,-22.2376543209877
5,3981,-93,-42.2403846153846
5,3982,-39,-42.2403846153846
5,3983,-48,-22.2376543209877
5,3984,-32,-42.2403846153846
5,3985,4,-22.2376543209877
5,3986,-9,6.540625
5,3987,6,6.540625
5,3988,38,6.540625
5,3989,90,128.0625
5,3990,343,180.572413793103
5,3991,184,-32.6
5,3992,-319,-235.087301587302
5,3993,-162,-110.135416666667
5,3994,-4,-9.46666666666667
5,3995,55,-13.4454545454545
5,3996,2,19.5365853658537
5,3997,-27,-13.4454545454545
5,3998,25,-22.2376543209877
5,3999,149,105.567567567568
5,4000,369,217.096774193548
5,4001,39,-97.5217391304348
5,4002,-199,-153.060402684564
5,4003,-141,-113.722891566265
5,4004,-126,-91.3448275862069
5,4005,-44,-42.2403846153846
5,4006,-118,-22.2376543209877
5,4007,-113,-42.2403846153846
5,4008,-28,-42.2403846153846
5,4009,-18,-11.1666666666667
5,4010,-4,-22.2376543209877
5,4011,4,6.540625
5,4012,31,6.540625
5,4013,175,81.5373134328358
5,4014,313,180.572413793103
5,4015,135,-97.5217391304348
5,4016,-341,-235.087301587302
5,4017,-161,-110.135416666667
5,4018,47,-91.3448275862069
5,4019,48,19.5365853658537
5,4020,-33,19.5365853658537
5,4021,-7,-22.2376543209877
5,4022,30,97.6666666666667
5,4023,137,105.567567567568
5,4024,389,261.641025641026
5,4025,2,-97.5217391304348
5,4026,-225,-153.060402684564
5,4027,-120,-113.722891566265
5,4028,-94,-91.3448275862069
5,4029,-89,-42.2403846153846
5,4030,-83,-42.2403846153846
5,4031,-108,-42.2403846153846
5,4032,-37,-42.2403846153846
5,4033,-8,-11.1666666666667
5,4034,-4,6.540625
5,4035,2,6.540625
5,4036,40,6.540625
5,4037,116,81.5373134328358
5,4038,333,180.572413793103
5,4039,184,-97.5217391304348
5,4040,-382,-235.087301587302
5,4041,-159,-110.135416666667
5,4042,45,-9.46666666666667
5,4043,19,19.5365853658537
5,4044,1,-13.4454545454545
5,4045,-33,-13.4454545454545
5,4046,24,-22.2376543209877
5,4047,30,105.567567567568
5,4048,146,169.903225806452
5,4049,273,-34.0980392156863
5,4050,-127,-97.5217391304348
5,4051,-150,-153.060402684564
5,4052,-47,-9.46666666666667
5,4053,-31,-91.3448275862069
5,4054,-157,-22.2376543209877
5,4055,-65,-42.2403846153846
5,4056,-41,-42.2403846153846
5,4057,-18,-22.2376543209877
5,4058,-2,-22.2376543209877
5,4059,3,6.540625
5,4060,32,6.540625
5,4061,112,81.5373134328358
5,4062,321,261.641025641026
5,4063,184,-97.5217391304348
5,4064,-339,-235.087301587302
5,4065,-120,-110.135416666667
5,4066,18,-9.46666666666667
5,4067,58,30.3243243243243
5,4068,-20,19.5365853658537
5,4069,-57,-22.2376543209877
5,4070,95,-42.2403846153846
5,4071,66,105.567567567568
5,4072,413,217.096774193548
5,4073,6,-112.880952380952
5,4074,-244,-153.060402684564
5,4075,-28,-113.722891566265
5,4076,-173,-91.3448275862069
5,4077,-264,-42.2403846153846
5,4078,-3,16.9642857142857
5,4079,-31,-13.4454545454545
5,4080,-23,-22.2376543209877
5,4081,8,-11.1666666666667
5,4082,17,6.540625
5,4083,-27,-11.1666666666667
5,4084,33,-11.1666666666667
5,4085,84,8.63636363636364
5,4086,234,45.2413793103448
5,4087,331,61.7
5,4088,-318,-235.087301587302
5,4089,-140,-153.060402684564
5,4090,-21,-9.46666666666667
5,4091,62,-91.3448275862069
5,4092,-118,19.5365853658537
5,4093,73,-42.2403846153846
5,4094,-13,-62.5454545454545
5,4095,220,116.776315789474
5,4096,279,217.096774193548
5,4097,-93,-97.5217391304348
5,4098,-220,-153.060402684564
5,4099,-151,-113.722891566265
5,4100,-129,-91.3448275862069
5,4101,13,-42.2403846153846
5,4102,31,30.3243243243243
5,4103,-63,8.57142857142857
5,4104,-31,-42.2403846153846
5,4105,-12,116.776315789474
5,4106,-35,6.540625
5,4107,-9,-22.2376543209877
5,4108,1,6.540625
5,4109,-2,-13.4454545454545
5,4110,22,-13.4454545454545
5,4111,75,81.5373134328358
5,4112,95,145.910377358491
5,4113,61,180.572413793103
5,4114,37,79.8275862068966
5,4115,152,33.9459459459459
5,4116,-103,-112.880952380952
5,4117,-11,-110.135416666667
5,4118,37,-13.4454545454545
5,4119,-54,19.5365853658537
5,4120,-85,-42.2403846153846
5,4121,-64,-42.2403846153846
5,4122,61,-42.2403846153846
5,4123,-24,180.572413793103
5,4124,-51,-22.2376543209877
5,4125,17,-42.2403846153846
5,4126,-31,-13.4454545454545
5,4127,-36,-22.2376543209877
5,4128,17,-22.2376543209877
5,4129,-8,81.3181818181818
5,4130,-79,-13.4454545454545
5,4131,-27,-42.2403846153846
5,4132,-10,-22.2376543209877
5,4133,13,-13.4454545454545
5,4134,19,30.3243243243243
5,4135,115,81.3181818181818
5,4136,105,145.910377358491
5,4137,121,-97.5217391304348
5,4138,126,-32.6
5,4139,-1,-177.85
5,4140,122,-40.1428571428571
5,4141,-10,-112.880952380952
5,4142,8,-40.1428571428571
5,4143,4,-13.4454545454545
5,4144,-72,-13.4454545454545
5,4145,-41,-42.2403846153846
5,4146,7,-22.2376543209877
5,4147,-144,6.540625
5,4148,-33,-42.2403846153846
5,4149,-154,-22.2376543209877
5,4150,-68,-42.2403846153846
5,4151,-76,-42.2403846153846
5,4152,-20,-42.2403846153846
5,4153,-10,-22.2376543209877
5,4154,-15,75.9
5,4155,6,-22.2376543209877
5,4156,43,6.540625
5,4157,106,169.903225806452
5,4158,264,180.572413793103
5,4159,317,-32.6
5,4160,-393,-235.087301587302
5,4161,-145,-153.060402684564
5,4162,-2,-9.46666666666667
5,4163,116,-13.4454545454545
5,4164,-74,19.5365853658537
5,4165,31,-40.1428571428571
5,4166,10,-62.5454545454545
5,4167,176,116.776315789474
5,4168,390,217.096774193548
5,4169,-106,-97.5217391304348
5,4170,-159,-153.060402684564
5,4171,-179,-9.46666666666667
5,4172,-107,-91.3448275862069
5,4173,-87,16.9642857142857
5,4174,-95,-42.2403846153846
5,4175,-50,-42.2403846153846
5,4176,-47,-42.2403846153846
5,4177,-1,-22.2376543209877
5,4178,-10,-11.1666666666667
5,4179,0,6.540625
5,4180,44,6.540625
5,4181,140,180.572413793103
5,4182,326,180.572413793103
5,4183,227,-97.5217391304348
5,4184,-404,-235.087301587302
5,4185,-121,-153.060402684564
5,4186,-17,-9.46666666666667
5,4187,28,-22.2376543209877
5,4188,44,19.5365853658537
5,4189,-29,-34.0980392156863
5,4190,41,-22.2376543209877
5,4191,170,79.8275862068966
5,4192,414,217.096774193548
5,4193,8,-97.5217391304348
5,4194,-245,-153.060402684564
5,4195,-109,-113.722891566265
5,4196,-145,-91.3448275862069
5,4197,-109,-42.2403846153846
5,4198,-77,-42.2403846153846
5,4199,-126,-42.2403846153846
5,4200,-38,-42.2403846153846
5,4201,-16,-11.1666666666667
5,4202,0,-22.2376543209877
5,4203,-8,6.540625
5,4204,55,6.540625
5,4205,131,180.572413793103
5,4206,317,180.572413793103
5,4207,281,-177.85
5,4208,-446,-235.087301587302
5,4209,-111,-153.060402684564
5,4210,50,-9.46666666666667
5,4211,29,19.5365853658537
5,4212,2,19.5365853658537
5,4213,-65,-13.4454545454545
5,4214,70,-42.2403846153846
5,4215,167,105.567567567568
5,4216,429,217.096774193548
5,4217,-22,-235.087301587302
5,4218,-193,-153.060402684564
5,4219,-131,-113.722891566265
5,4220,-170,-91.3448275862069
5,4221,-119,-42.2403846153846
5,4222,-39,16.9642857142857
5,4223,-147,-22.2376543209877
5,4224,-63,-42.2403846153846
5,4225,-8,-11.1666666666667
5,4226,-13,6.540625
5,4227,-4,-11.1666666666667
5,4228,38,6.540625
5,4229,139,81.5373134328358
5,4230,314,180.572413793103
5,4231,234,-97.5217391304348
5,4232,-385,-235.087301587302
5,4233,-122,-153.060402684564
5,4234,-10,-9.46666666666667
5,4235,67,6.540625
5,4236,-37,19.5365853658537
5,4237,-29,-22.2376543209877
5,4238,25,-22.2376543209877
5,4239,136,105.567567567568
5,4240,364,217.096774193548
5,4241,-50,-97.5217391304348
5,4242,-74,-153.060402684564
5,4243,-168,-113.722891566265
5,4244,-175,-91.3448275862069
5,4245,-37,16.9642857142857
5,4246,-89,16.9642857142857
5,4247,-48,-42.2403846153846
5,4248,-43,-42.2403846153846
5,4249,-28,-22.2376543209877
5,4250,-14,-11.1666666666667
5,4251,-4,-11.1666666666667
5,4252,29,6.540625
5,4253,102,81.5373134328358
5,4254,271,180.572413793103
5,4255,266,180.572413793103
5,4256,-313,-235.087301587302
5,4257,-132,-153.060402684564
5,4258,20,-9.46666666666667
5,4259,48,30.3243243243243
5,4260,15,19.5365853658537
5,4261,12,-13.4454545454545
5,4262,-3,-13.4454545454545
5,4263,176,116.776315789474
5,4264,200,217.096774193548
5,4265,-77,-97.5217391304348
5,4266,-106,-153.060402684564
5,4267,-162,-113.722891566265
5,4268,-94,-42.2403846153846
5,4269,-61,16.9642857142857
5,4270,-10,-42.2403846153846
5,4271,2,-13.4454545454545
5,4272,-111,97.6666666666667
5,4273,10,-42.2403846153846
5,4274,-47,6.540625
5,4275,-32,-22.2376543209877
5,4276,3,-22.2376543209877
5,4277,36,6.540625
5,4278,26,82
5,4279,87,81.5373134328358
5,4280,174,-62.5454545454545
5,4281,58,105.567567567568
5,4282,62,-110.135416666667
5,4283,30,33.9459459459459
5,4284,11,-31.7894736842105
5,4285,-4,-13.4454545454545
5,4286,3,-13.4454545454545
5,4287,-10,-13.4454545454545
5,4288,-8,-13.4454545454545
5,4289,2,97.6666666666667
5,4290,-143,-13.4454545454545
5,4291,-105,-42.2403846153846
5,4292,67,-42.2403846153846
5,4293,-24,151.4
5,4294,-68,-22.2376543209877
5,4295,-20,-42.2403846153846
5,4296,-30,-22.2376543209877
5,4297,-46,-22.2376543209877
5,4298,-57,-22.2376543209877
5,4299,-42,-42.2403846153846
5,4300,4,-22.2376543209877
5,4301,1,6.540625
5,4302,22,6.540625
5,4303,87,81.5373134328358
5,4304,99,128.0625
5,4305,155,180.572413793103
5,4306,128,-32.6
5,4307,2,-235.087301587302
5,4308,-28,-40.1428571428571
5,4309,39,-22.2376543209877
5,4310,-21,-34.0980392156863
5,4311,20,-22.2376543209877
5,4312,10,-13.4454545454545
5,4313,-112,-13.4454545454545
5,4314,24,-42.2403846153846
5,4315,-140,45.2413793103448
5,4316,-32,-42.2403846153846
5,4317,-123,-22.2376543209877
5,4318,-48,-42.2403846153846
5,4319,-42,-42.2403846153846
5,4320,-39,-22.2376543209877
5,4321,-11,-22.2376543209877
5,4322,-5,75.9
5,4323,2,6.540625
5,4324,42,6.540625
5,4325,114,81.5373134328358
5,4326,308,180.572413793103
5,4327,282,-97.5217391304348
5,4328,-458,-235.087301587302
5,4329,-104,-153.060402684564
5,4330,26,-9.46666666666667
5,4331,63,19.5365853658537
5,4332,-52,19.5365853658537
5,4333,28,-42.2403846153846
5,4334,-18,33.9459459459459
5,4335,189,116.776315789474
5,4336,402,217.096774193548
5,4337,-15,-97.5217391304348
5,4338,-147,-153.060402684564
5,4339,-203,-113.722891566265
5,4340,-140,-91.3448275862069
5,4341,-92,16.9642857142857
5,4342,-80,-42.2403846153846
6,1,-162,-13.5280898876404
6,2,-76,-33.1333333333333
6,3,-3,-33.1333333333333
6,4,16,-6.89648798521257
6,5,-3,-13.5280898876404
6,6,1,-6.89648798521257
6,7,17,-6.89648798521257
6,8,-25,55.1794871794872
6,9,-9,-6.89648798521257
6,10,-10,-6.89648798521257
6,11,12,-6.89648798521257
6,12,-46,12.0952380952381
6,13,-8,-33.1333333333333
6,14,-5,-6.89648798521257
6,15,0,-6.89648798521257
6,16,12,-6.89648798521257
6,17,46,55.1794871794872
6,18,30,129.382978723404
6,19,56,55.1794871794872
6,20,34,30.4347826086957
6,21,66,55.1794871794872
6,22,26,-5.9
6,23,-31,25.536231884058
6,24,29,-33.1333333333333
6,25,24,-13.5280898876404
6,26,10,-13.5280898876404
6,27,-125,-13.5280898876404
6,28,-112,-33.1333333333333
6,29,-19,-33.1333333333333
6,30,16,-6.89648798521257
6,31,125,25.536231884058
6,32,-149,-19.4230769230769
6,33,-21,-47
6,34,-15,-6.89648798521257
6,35,-3,-6.89648798521257
6,36,-1,-6.89648798521257
6,37,15,-6.89648798521257
6,38,55,-13.5280898876404
6,39,162,131.666666666667
6,40,210,186.66049382716
6,41,-167,-232.021276595745
6,42,-161,-153.574468085106
6,43,0,0.7
6,44,34,-6.89648798521257
6,45,-9,-13.5280898876404
6,46,-1,-6.89648798521257
6,47,31,-6.89648798521257
6,48,57,109.383333333333
6,49,202,186.171428571429
6,50,7,-102.1
6,51,-146,-153.574468085106
6,52,-90,-111.352272727273
6,53,-47,-33.1333333333333
6,54,-67,-33.1333333333333
6,55,-41,-33.1333333333333
6,56,-23,-33.1333333333333
6,57,-9,-6.89648798521257
6,58,-10,-15.2903225806452
6,59,-2,-6.89648798521257
6,60,1,-6.89648798521257
6,61,12,-6.89648798521257
6,62,85,91.1029411764706
6,63,199,186.66049382716
6,64,230,141.746987951807
6,65,-240,-232.021276595745
6,66,-173,-153.574468085106
6,67,13,0.7
6,68,43,25.536231884058
6,69,12,-19.4230769230769
6,70,-46,-13.5280898876404
6,71,8,-33.1333333333333
6,72,130,109.383333333333
6,73,233,238.210526315789
6,74,9,-67.7
6,75,-180,-153.574468085106
6,76,-126,-111.352272727273
6,77,-22,-83.90625
6,78,-72,-6.89648798521257
6,79,-67,-33.1333333333333
6,80,-28,-33.1333333333333
6,81,-13,-15.2903225806452
6,82,-9,-15.2903225806452
6,83,0,-6.89648798521257
6,84,0,-6.89648798521257
6,85,19,-6.89648798521257
6,86,78,91.1029411764706
6,87,183,186.66049382716
6,88,227,141.746987951807
6,89,-255,-232.021276595745
6,90,-145,-153.574468085106
6,91,-6,0.7
6,92,36,-6.89648798521257
6,93,-12,-13.5280898876404
6,94,-18,-6.89648798521257
6,95,-54,-6.89648798521257
6,96,21,56.1
6,97,80,109.383333333333
6,98,12,-19.4230769230769
6,99,-6,25.536231884058
6,100,-36,-6.89648798521257
6,101,4,-33.1333333333333
6,102,-31,-6.89648798521257
6,103,-38,-33.1333333333333
6,104,-34,-33.1333333333333
6,105,-14,-33.1333333333333
6,106,-10,-6.89648798521257
6,107,2,-6.89648798521257
6,108,-3,-6.89648798521257
6,109,17,-6.89648798521257
6,110,58,55.1794871794872
6,111,191,131.666666666667
6,112,217,186.66049382716
6,113,-246,-232.021276595745
6,114,-141,-153.574468085106
6,115,2,0.7
6,116,59,-6.89648798521257
6,117,-4,-19.4230769230769
6,118,-10,-6.89648798521257
6,119,-10,-6.89648798521257
6,120,104,109.383333333333
6,121,161,238.210526315789
6,122,18,-19.4230769230769
6,123,-122,-110.05
6,124,-96,-33.1333333333333
6,125,-22,-33.1333333333333
6,126,-70,-6.89648798521257
6,127,-23,-33.1333333333333
6,128,-41,-6.89648798521257
6,129,-30,-33.1333333333333
6,130,3,-15.2903225806452
6,131,-11,-6.89648798521257
6,132,-3,-6.89648798521257
6,133,15,-6.89648798521257
6,134,47,91.1029411764706
6,135,166,131.666666666667
6,136,218,186.66049382716
6,137,-173,-175.736842105263
6,138,-151,-153.574468085106
6,139,29,0.7
6,140,23,25.536231884058
6,141,16,-13.5280898876404
6,142,-46,-13.5280898876404
6,143,45,-33.1333333333333
6,144,77,69.027027027027
6,145,128,186.171428571429
6,146,-37,-102.1
6,147,-97,-110.05
6,148,-111,-33.1333333333333
6,149,-29,-33.1333333333333
6,150,-9,-6.89648798521257
6,151,-48,-6.89648798521257
6,152,-12,-33.1333333333333
6,153,-8,-6.89648798521257
6,154,-19,109.383333333333
6,155,-17,-6.89648798521257
6,156,-5,-6.89648798521257
6,157,-2,-6.89648798521257
6,158,7,-6.89648798521257
6,159,10,91.1029411764706
6,160,59,55.1794871794872
6,161,12,131.666666666667
6,162,76,55.1794871794872
6,163,17,79.0909090909091
6,164,38,55.1794871794872
6,165,14,25.536231884058
6,166,8,-13.5280898876404
6,167,-119,-13.5280898876404
6,168,22,-33.1333333333333
6,169,-2,-13.5280898876404
6,170,-36,-6.89648798521257
6,171,-21,-33.1333333333333
6,172,-24,-6.89648798521257
6,173,-15,-6.89648798521257
6,174,-2,-6.89648798521257
6,175,-26,-6.89648798521257
6,176,1,-6.89648798521257
6,177,3,-6.89648798521257
6,178,3,-6.89648798521257
6,179,-13,-6.89648798521257
6,180,-13,-6.89648798521257
6,181,2,-6.89648798521257
6,182,-1,-6.89648798521257
6,183,16,-6.89648798521257
6,184,8,25.536231884058
6,185,37,25.536231884058
6,186,28,55.1794871794872
6,187,33,55.1794871794872
6,188,16,25.536231884058
6,189,-2,25.536231884058
6,190,-27,-6.89648798521257
6,191,44,-6.89648798521257
6,192,9,-19.4230769230769
6,193,-77,-13.5280898876404
6,194,9,-33.1333333333333
6,195,-16,-13.5280898876404
6,196,-23,-6.89648798521257
6,197,-21,-6.89648798521257
6,198,-8,-6.89648798521257
6,199,-5,-6.89648798521257
6,200,-14,-6.89648798521257
6,201,-3,-6.89648798521257
6,202,-2,-6.89648798521257
6,203,-3,-6.89648798521257
6,204,1,-6.89648798521257
6,205,15,-6.89648798521257
6,206,55,55.1794871794872
6,207,123,131.666666666667
6,208,222,129.382978723404
6,209,-212,-232.021276595745
6,210,-134,-153.574468085106
6,211,19,0.7
6,212,28,25.536231884058
6,213,22,-13.5280898876404
6,214,-5,-13.5280898876404
6,215,20,-6.89648798521257
6,216,56,109.383333333333
6,217,196,186.171428571429
6,218,-2,-19.4230769230769
6,219,-142,-110.05
6,220,-49,-111.352272727273
6,221,-67,-33.1333333333333
6,222,-45,-33.1333333333333
6,223,-66,-33.1333333333333
6,224,-22,-33.1333333333333
6,225,-8,-6.89648798521257
6,226,-3,-15.2903225806452
6,227,0,-6.89648798521257
6,228,-1,-6.89648798521257
6,229,20,-6.89648798521257
6,230,68,91.1029411764706
6,231,190,131.666666666667
6,232,233,186.66049382716
6,233,-251,-232.021276595745
6,234,-164,-153.574468085106
6,235,14,0.7
6,236,60,25.536231884058
6,237,1,-19.4230769230769
6,238,-49,-6.89648798521257
6,239,21,-33.1333333333333
6,240,121,109.383333333333
6,241,257,238.210526315789
6,242,-117,-67.7
6,243,-125,-153.574468085106
6,244,-97,-111.352272727273
6,245,-75,-83.90625
6,246,-32,-33.1333333333333
6,247,-20,-33.1333333333333
6,248,-35,-6.89648798521257
6,249,-17,-33.1333333333333
6,250,-1,69.2
6,251,-1,-6.89648798521257
6,252,-2,-6.89648798521257
6,253,24,-6.89648798521257
6,254,70,55.1794871794872
6,255,226,186.66049382716
6,256,194,141.746987951807
6,257,-284,-232.021276595745
6,258,-111,-110.05
6,259,18,0.7
6,260,25,25.536231884058
6,261,7,-13.5280898876404
6,262,-36,-13.5280898876404
6,263,37,-33.1333333333333
6,264,60,109.383333333333
6,265,256,238.210526315789
6,266,-19,-102.1
6,267,-157,-153.574468085106
6,268,-100,-111.352272727273
6,269,-33,-83.90625
6,270,-71,-33.1333333333333
6,271,-49,-33.1333333333333
6,272,-35,-33.1333333333333
6,273,-18,-33.1333333333333
6,274,2,-15.2903225806452
6,275,-6,-6.89648798521257
6,276,2,-6.89648798521257
6,277,17,-6.89648798521257
6,278,67,91.1029411764706
6,279,201,131.666666666667
6,280,210,186.66049382716
6,281,-296,-232.021276595745
6,282,-158,-153.574468085106
6,283,27,0.7
6,284,-26,25.536231884058
6,285,19,-6.89648798521257
6,286,-33,-13.5280898876404
6,287,22,-33.1333333333333
6,288,65,-15.2903225806452
6,289,171,238.210526315789
6,290,64,129.382978723404
6,291,-95,-110.05
6,292,-42,-33.1333333333333
6,293,-71,-33.1333333333333
6,294,-34,-33.1333333333333
6,295,-38,-33.1333333333333
6,296,-39,-33.1333333333333
6,297,-16,-33.1333333333333
6,298,-6,-15.2903225806452
6,299,-11,-6.89648798521257
6,300,0,-6.89648798521257
6,301,15,-6.89648798521257
6,302,55,91.1029411764706
6,303,155,131.666666666667
6,304,294,186.66049382716
6,305,-237,-232.021276595745
6,306,-167,-153.574468085106
6,307,26,0.7
6,308,56,25.536231884058
6,309,7,-19.4230769230769
6,310,-35,-13.5280898876404
6,311,51,-33.1333333333333
6,312,86,69.027027027027
6,313,158,238.210526315789
6,314,-88,-102.1
6,315,-95,-110.05
6,316,-111,-33.1333333333333
6,317,-42,-33.1333333333333
6,318,-22,-33.1333333333333
6,319,-25,-6.89648798521257
6,320,4,-6.89648798521257
6,321,-41,-6.89648798521257
6,322,0,-33.1333333333333
6,323,-27,-6.89648798521257
6,324,-11,-6.89648798521257
6,325,-6,-6.89648798521257
6,326,8,-6.89648798521257
6,327,32,25.536231884058
6,328,61,55.1794871794872
6,329,36,129.382978723404
6,330,67,55.1794871794872
6,331,81,30.4347826086957
6,332,83,-5.9
6,333,15,-5.9
6,334,43,-13.5280898876404
6,335,72,-5.9
6,336,-95,-19.4230769230769
6,337,-40,-33.1333333333333
6,338,-118,-33.1333333333333
6,339,-58,-33.1333333333333
6,340,-40,-33.1333333333333
6,341,-34,-33.1333333333333
6,342,4,-33.1333333333333
6,343,-44,-6.89648798521257
6,344,0,-33.1333333333333
6,345,-2,-6.89648798521257
6,346,-24,-6.89648798521257
6,347,-33,-6.89648798521257
6,348,-12,-33.1333333333333
6,349,-1,-6.89648798521257
6,350,3,-6.89648798521257
6,351,9,-6.89648798521257
6,352,42,55.1794871794872
6,353,37,131.666666666667
6,354,98,55.1794871794872
6,355,35,140.714285714286
6,356,29,25.536231884058
6,357,6,25.536231884058
6,358,-24,25.536231884058
6,359,16,-6.89648798521257
6,360,-41,-13.5280898876404
6,361,-55,-33.1333333333333
6,362,10,-33.1333333333333
6,363,-48,-13.5280898876404
6,364,-16,-33.1333333333333
6,365,-67,-6.89648798521257
6,366,19,-33.1333333333333
6,367,-20,12.0952380952381
6,368,6,-6.89648798521257
6,369,-26,25.536231884058
6,370,5,-6.89648798521257
6,371,-12,-6.89648798521257
6,372,-2,-6.89648798521257
6,373,4,-6.89648798521257
6,374,34,-6.89648798521257
6,375,76,25.536231884058
6,376,-10,148.564102564103
6,377,33,-6.89648798521257
6,378,65,12.0952380952381
6,379,73,34.25
6,380,31,-5.9
6,381,-49,25.536231884058
6,382,26,-33.1333333333333
6,383,-9,12.0952380952381
6,384,-27,-6.89648798521257
6,385,-11,-6.89648798521257
6,386,-70,-6.89648798521257
6,387,-46,-33.1333333333333
6,388,-28,-33.1333333333333
6,389,-36,-6.89648798521257
6,390,-36,-33.1333333333333
6,391,-14,-33.1333333333333
6,392,-5,-6.89648798521257
6,393,-4,-6.89648798521257
6,394,-1,-6.89648798521257
6,395,13,-6.89648798521257
6,396,71,55.1794871794872
6,397,193,186.66049382716
6,398,185,141.746987951807
6,399,-247,-232.021276595745
6,400,-132,-110.05
6,401,1,0.7
6,402,77,-6.89648798521257
6,403,-32,-19.4230769230769
6,404,-7,-33.1333333333333
6,405,36,-6.89648798521257
6,406,94,109.383333333333
6,407,178,238.210526315789
6,408,-7,-102.1
6,409,-121,-110.05
6,410,-77,-111.352272727273
6,411,-73,-33.1333333333333
6,412,-54,-33.1333333333333
6,413,-53,-33.1333333333333
6,414,-23,-33.1333333333333
6,415,-17,-6.89648798521257
6,416,-1,-15.2903225806452
6,417,-2,-6.89648798521257
6,418,-2,-6.89648798521257
6,419,28,-6.89648798521257
6,420,60,91.1029411764706
6,421,212,131.666666666667
6,422,274,186.66049382716
6,423,-324,-232.021276595745
6,424,-113,-153.574468085106
6,425,32,0.7
6,426,36,25.536231884058
6,427,-17,-13.5280898876404
6,428,-13,-6.89648798521257
6,429,18,-6.89648798521257
6,430,103,109.383333333333
6,431,231,238.210526315789
6,432,-4,-19.4230769230769
6,433,-198,-153.574468085106
6,434,-53,-111.352272727273
6,435,-35,-83.90625
6,436,-92,-33.1333333333333
6,437,-85,-33.1333333333333
6,438,-20,-33.1333333333333
6,439,-27,-6.89648798521257
6,440,-6,-15.2903225806452
6,441,-3,-6.89648798521257
6,442,-5,-6.89648798521257
6,443,31,-6.89648798521257
6,444,59,91.1029411764706
6,445,235,131.666666666667
6,446,234,186.66049382716
6,447,-318,-232.021276595745
6,448,-94,-153.574468085106
6,449,34,0.7
6,450,42,25.536231884058
6,451,-6,-19.4230769230769
6,452,-26,-6.89648798521257
6,453,25,-6.89648798521257
6,454,126,109.383333333333
6,455,267,238.210526315789
6,456,-88,-67.7
6,457,-153,-153.574468085106
6,458,-100,-111.352272727273
6,459,-47,-83.90625
6,460,-85,-33.1333333333333
6,461,-52,-33.1333333333333
6,462,-39,-33.1333333333333
6,463,-28,-33.1333333333333
6,464,-13,69.2
6,465,0,-6.89648798521257
6,466,-3,-6.89648798521257
6,467,24,-6.89648798521257
6,468,56,91.1029411764706
6,469,190,131.666666666667
6,470,197,186.66049382716
6,471,-225,-232.021276595745
6,472,-103,-110.05
6,473,22,0.7
6,474,65,25.536231884058
6,475,-45,-19.4230769230769
6,476,-152,-33.1333333333333
6,477,63,-33.1333333333333
6,478,84,69.027027027027
6,479,78,186.171428571429
6,480,44,79.0909090909091
6,481,-67,-5.9
6,482,-66,-33.1333333333333
6,483,-15,56.1
6,484,-46,-6.89648798521257
6,485,-20,-33.1333333333333
6,486,-25,-6.89648798521257
6,487,-15,-6.89648798521257
6,488,-8,-6.89648798521257
6,489,-31,-6.89648798521257
6,490,-5,-33.1333333333333
6,491,1,-6.89648798521257
6,492,10,-6.89648798521257
6,493,10,55.1794871794872
6,494,70,55.1794871794872
6,495,29,148.564102564103
6,496,61,55.1794871794872
6,497,27,79.0909090909091
6,498,48,25.536231884058
6,499,-32,-5.9
6,500,-10,-33.1333333333333
6,501,16,-6.89648798521257
6,502,-37,-13.5280898876404
6,503,-36,-33.1333333333333
6,504,-26,-33.1333333333333
6,505,16,-6.89648798521257
6,506,-44,12.0952380952381
6,507,-20,-33.1333333333333
6,508,-3,-6.89648798521257
6,509,9,-6.89648798521257
6,510,-21,91.1029411764706
6,511,-15,-6.89648798521257
6,512,-13,-6.89648798521257
6,513,-21,-6.89648798521257
6,514,-15,-6.89648798521257
6,515,-1,-6.89648798521257
6,516,-3,-6.89648798521257
6,517,20,-6.89648798521257
6,518,37,55.1794871794872
6,519,28,55.1794871794872
6,520,101,55.1794871794872
6,521,39,140.714285714286
6,522,78,25.536231884058
6,523,20,-5.9
6,524,6,25.536231884058
6,525,22,-13.5280898876404
6,526,-14,-13.5280898876404
6,527,-52,-6.89648798521257
6,528,-71,-33.1333333333333
6,529,-73,-33.1333333333333
6,530,-55,-33.1333333333333
6,531,-5,-33.1333333333333
6,532,-12,-6.89648798521257
6,533,-7,-6.89648798521257
6,534,-35,-6.89648798521257
6,535,-23,-33.1333333333333
6,536,-2,-6.89648798521257
6,537,-2,-6.89648798521257
6,538,-1,-6.89648798521257
6,539,15,-6.89648798521257
6,540,74,55.1794871794872
6,541,190,148.564102564103
6,542,248,141.746987951807
6,543,-298,-232.021276595745
6,544,-126,-153.574468085106
6,545,-1,0.7
6,546,74,-6.89648798521257
6,547,5,-19.4230769230769
6,548,-24,-6.89648798521257
6,549,16,-6.89648798521257
6,550,112,109.383333333333
6,551,243,238.210526315789
6,552,-2,-67.7
6,553,-193,-153.574468085106
6,554,-115,-111.352272727273
6,555,-24,-83.90625
6,556,-103,-6.89648798521257
6,557,-36,-33.1333333333333
6,558,-46,-33.1333333333333
6,559,-4,-33.1333333333333
6,560,-3,-15.2903225806452
6,561,3,-6.89648798521257
6,562,-4,-6.89648798521257
6,563,19,-6.89648798521257
6,564,80,91.1029411764706
6,565,224,186.66049382716
6,566,234,129.382978723404
6,567,-327,-232.021276595745
6,568,-100,-153.574468085106
6,569,31,0.7
6,570,20,25.536231884058
6,571,7,-13.5280898876404
6,572,-56,-13.5280898876404
6,573,32,-33.1333333333333
6,574,121,109.383333333333
6,575,243,238.210526315789
6,576,-81,-67.7
6,577,-143,-153.574468085106
6,578,-102,-111.352272727273
6,579,-16,-83.90625
6,580,-87,-6.89648798521257
6,581,-36,-33.1333333333333
6,582,-33,-33.1333333333333
6,583,-26,-33.1333333333333
6,584,-2,69.2
6,585,-2,-6.89648798521257
6,586,27,-6.89648798521257
6,587,75,55.1794871794872
6,588,149,186.66049382716
6,589,-137,141.746987951807
6,590,-78,-110.05
6,591,-28,-33.1333333333333
6,592,0,-6.89648798521257
6,593,60,-6.89648798521257
6,594,6,-19.4230769230769
6,595,-20,-13.5280898876404
6,596,34,-6.89648798521257
6,597,77,109.383333333333
6,598,86,140.714285714286
6,599,-61,79.0909090909091
6,600,-90,-33.1333333333333
6,601,-5,-33.1333333333333
6,602,-58,-6.89648798521257
6,603,16,-33.1333333333333
6,604,-22,-13.5280898876404
6,605,-22,-6.89648798521257
6,606,1,-6.89648798521257
6,607,-6,-6.89648798521257
6,608,-3,-6.89648798521257
6,609,2,-6.89648798521257
6,610,13,-6.89648798521257
6,611,91,55.1794871794872
6,612,195,186.66049382716
6,613,290,129.382978723404
6,614,-308,-232.021276595745
6,615,-153,-153.574468085106
6,616,35,0.7
6,617,52,25.536231884058
6,618,-9,-19.4230769230769
6,619,0,-6.89648798521257
6,620,12,-6.89648798521257
6,621,138,109.383333333333
6,622,239,238.210526315789
6,623,-75,-67.7
6,624,-197,-153.574468085106
6,625,-74,-111.352272727273
6,626,-57,-83.90625
6,627,-71,-33.1333333333333
6,628,-41,-33.1333333333333
6,629,-39,-33.1333333333333
6,630,-26,-33.1333333333333
6,631,-14,69.2
6,632,-3,-6.89648798521257
6,633,-1,-6.89648798521257
6,634,22,-6.89648798521257
6,635,68,91.1029411764706
6,636,170,131.666666666667
6,637,287,186.66049382716
6,638,-235,-232.021276595745
6,639,-182,-153.574468085106
6,640,62,0.7
6,641,40,-19.4230769230769
6,642,-12,-19.4230769230769
6,643,-17,-6.89648798521257
6,644,-127,-6.89648798521257
6,645,-28,56.1
6,646,78,109.383333333333
6,647,32,-19.4230769230769
6,648,14,-13.5280898876404
6,649,-74,55.1794871794872
6,650,1,-33.1333333333333
6,651,-26,-6.89648798521257
6,652,-52,-6.89648798521257
6,653,-1,-33.1333333333333
6,654,22,-6.89648798521257
6,655,-6,-13.5280898876404
6,656,-17,-6.89648798521257
6,657,-19,-6.89648798521257
6,658,0,-6.89648798521257
6,659,5,-6.89648798521257
6,660,9,-6.89648798521257
6,661,32,25.536231884058
6,662,46,55.1794871794872
6,663,74,69.027027027027
6,664,46,69.027027027027
6,665,85,79.0909090909091
6,666,40,-5.9
6,667,91,-5.9
6,668,-31,-5.9
6,669,68,-33.1333333333333
6,670,-82,-5.9
6,671,-82,-33.1333333333333
6,672,-78,-33.1333333333333
6,673,-76,-33.1333333333333
6,674,5,-33.1333333333333
6,675,-20,-6.89648798521257
6,676,-28,-6.89648798521257
6,677,-34,-6.89648798521257
6,678,4,-33.1333333333333
6,679,4,-6.89648798521257
6,680,-54,-6.89648798521257
6,681,-12,-33.1333333333333
6,682,-9,-6.89648798521257
6,683,0,-6.89648798521257
6,684,18,-6.89648798521257
6,685,43,25.536231884058
6,686,52,129.382978723404
6,687,74,131.666666666667
6,688,64,140.714285714286
6,689,71,30.4347826086957
6,690,37,-5.9
6,691,-32,25.536231884058
6,692,2,-33.1333333333333
6,693,-35,-6.89648798521257
6,694,-36,-33.1333333333333
6,695,-79,-33.1333333333333
6,696,-52,-33.1333333333333
6,697,-44,-33.1333333333333
6,698,-9,-33.1333333333333
6,699,-17,-6.89648798521257
6,700,-36,-6.89648798521257
6,701,-9,-33.1333333333333
6,702,-11,-6.89648798521257
6,703,-2,-6.89648798521257
6,704,-3,-6.89648798521257
6,705,0,-6.89648798521257
6,706,17,-6.89648798521257
6,707,73,55.1794871794872
6,708,169,186.66049382716
6,709,168,141.746987951807
6,710,-231,-232.021276595745
6,711,-111,-110.05
6,712,17,-33.1333333333333
6,713,34,25.536231884058
6,714,-17,-13.5280898876404
6,715,8,-6.89648798521257
6,716,2,-13.5280898876404
6,717,80,109.383333333333
6,718,177,238.210526315789
6,719,-12,-19.4230769230769
6,720,-149,-110.05
6,721,-47,-111.352272727273
6,722,-59,-33.1333333333333
6,723,-42,-33.1333333333333
6,724,-47,-33.1333333333333
6,725,-23,-33.1333333333333
6,726,-2,-6.89648798521257
6,727,-2,-15.2903225806452
6,728,-3,-6.89648798521257
6,729,2,-6.89648798521257
6,730,22,-6.89648798521257
6,731,77,91.1029411764706
6,732,173,186.66049382716
6,733,226,129.382978723404
6,734,-268,-232.021276595745
6,735,-104,-153.574468085106
6,736,1,0.7
6,737,8,-6.89648798521257
6,738,26,-13.5280898876404
6,739,-28,-13.5280898876404
6,740,30,-6.89648798521257
6,741,84,109.383333333333
6,742,196,238.210526315789
6,743,11,-102.1
6,744,-170,-110.05
6,745,-100,-111.352272727273
6,746,-39,-33.1333333333333
6,747,-42,-33.1333333333333
6,748,-52,-33.1333333333333
6,749,-39,-33.1333333333333
6,750,-10,-33.1333333333333
6,751,-1,-15.2903225806452
6,752,-1,-6.89648798521257
6,753,0,-6.89648798521257
6,754,15,-6.89648798521257
6,755,90,91.1029411764706
6,756,236,186.66049382716
6,757,222,141.746987951807
6,758,-302,-232.021276595745
6,759,-117,-153.574468085106
6,760,14,0.7
6,761,54,25.536231884058
6,762,-10,-19.4230769230769
6,763,-30,-6.89648798521257
6,764,34,-6.89648798521257
6,765,79,109.383333333333
6,766,324,238.210526315789
6,767,-68,-102.1
6,768,-183,-153.574468085106
6,769,-101,-111.352272727273
6,770,-72,-83.90625
6,771,-29,-33.1333333333333
6,772,-97,-6.89648798521257
6,773,-16,-33.1333333333333
6,774,-25,-6.89648798521257
6,775,-10,-15.2903225806452
6,776,-8,-6.89648798521257
6,777,-1,-6.89648798521257
6,778,27,-6.89648798521257
6,779,80,55.1794871794872
6,780,225,186.66049382716
6,781,251,141.746987951807
6,782,-284,-232.021276595745
6,783,-163,-153.574468085106
6,784,66,0.7
6,785,47,-19.4230769230769
6,786,-18,-19.4230769230769
6,787,-30,-6.89648798521257
6,788,-18,-6.89648798521257
6,789,157,109.383333333333
6,790,255,238.210526315789
6,791,-7,-67.7
6,792,-174,-153.574468085106
6,793,-114,-111.352272727273
6,794,-69,-83.90625
6,795,-80,-33.1333333333333
6,796,-59,-33.1333333333333
6,797,-40,-33.1333333333333
6,798,-28,-33.1333333333333
6,799,-15,-15.2903225806452
6,800,-4,-6.89648798521257
6,801,-6,-6.89648798521257
6,802,28,-6.89648798521257
6,803,56,91.1029411764706
6,804,183,131.666666666667
6,805,233,186.66049382716
6,806,-217,-232.021276595745
6,807,-125,-153.574468085106
6,808,28,0.7
6,809,14,25.536231884058
6,810,23,-13.5280898876404
6,811,-46,-13.5280898876404
6,812,60,-33.1333333333333
6,813,105,69.027027027027
6,814,223,186.171428571429
6,815,-96,-102.1
6,816,-226,-153.574468085106
6,817,-85,-111.352272727273
6,818,-18,-33.1333333333333
6,819,-34,-6.89648798521257
6,820,-21,-33.1333333333333
6,821,-9,-6.89648798521257
6,822,-26,-6.89648798521257
6,823,-9,69.2
6,824,-26,-6.89648798521257
6,825,-12,-6.89648798521257
6,826,6,-6.89648798521257
6,827,2,12.0952380952381
6,828,28,-6.89648798521257
6,829,71,55.1794871794872
6,830,37,140.714285714286
6,831,75,55.1794871794872
6,832,51,30.4347826086957
6,833,55,79.0909090909091
6,834,28,-5.9
6,835,22,25.536231884058
6,836,27,-13.5280898876404
6,837,-16,-13.5280898876404
6,838,-36,-6.89648798521257
6,839,-57,-33.1333333333333
6,840,-113,-33.1333333333333
6,841,-63,-33.1333333333333
6,842,-11,-33.1333333333333
6,843,-10,-6.89648798521257
6,844,-17,-6.89648798521257
6,845,-14,-6.89648798521257
6,846,-8,-6.89648798521257
6,847,5,-6.89648798521257
6,848,-44,-6.89648798521257
6,849,-15,-33.1333333333333
6,850,3,-6.89648798521257
6,851,7,-6.89648798521257
6,852,55,55.1794871794872
6,853,18,131.666666666667
6,854,128,25.536231884058
6,855,81,30.4347826086957
6,856,111,-110.05
6,857,54,-102.1
6,858,37,-47
6,859,-14,-13.5280898876404
6,860,22,-6.89648798521257
6,861,-11,-13.5280898876404
6,862,-109,-6.89648798521257
6,863,-131,-33.1333333333333
6,864,-87,-33.1333333333333
6,865,-24,-33.1333333333333
6,866,-53,-6.89648798521257
6,867,-42,-33.1333333333333
6,868,-28,-33.1333333333333
6,869,-14,-6.89648798521257
6,870,-1,-6.89648798521257
6,871,-7,-6.89648798521257
6,872,1,-6.89648798521257
6,873,13,-6.89648798521257
6,874,72,91.1029411764706
6,875,180,186.66049382716
6,876,296,141.746987951807
6,877,-283,-232.021276595745
6,878,-144,-153.574468085106
6,879,13,0.7
6,880,71,25.536231884058
6,881,29,-19.4230769230769
6,882,-29,-13.5280898876404
6,883,12,-6.89648798521257
6,884,99,109.383333333333
6,885,312,238.210526315789
6,886,68,-19.4230769230769
6,887,-266,-153.574468085106
6,888,-160,-111.352272727273
6,889,-81,-83.90625
6,890,-72,-33.1333333333333
6,891,-70,-33.1333333333333
6,892,-37,-33.1333333333333
6,893,-10,-33.1333333333333
6,894,-15,-15.2903225806452
6,895,1,-6.89648798521257
6,896,-1,-6.89648798521257
6,897,23,-6.89648798521257
6,898,89,91.1029411764706
6,899,195,186.66049382716
6,900,285,141.746987951807
6,901,-251,-232.021276595745
6,902,-199,-153.574468085106
6,903,76,0.7
6,904,25,-19.4230769230769
6,905,-11,-13.5280898876404
6,906,-21,-6.89648798521257
6,907,52,-6.89648798521257
6,908,101,69.027027027027
6,909,311,238.210526315789
6,910,58,-102.1
6,911,-255,-153.574468085106
6,912,-128,-111.352272727273
6,913,-107,-83.90625
6,914,-74,-33.1333333333333
6,915,-83,-33.1333333333333
6,916,-48,-33.1333333333333
6,917,-12,-33.1333333333333
6,918,-25,-15.2903225806452
6,919,2,-6.89648798521257
6,920,1,-6.89648798521257
6,921,22,-6.89648798521257
6,922,94,91.1029411764706
6,923,247,186.66049382716
6,924,294,141.746987951807
6,925,-311,-232.021276595745
6,926,-163,-153.574468085106
6,927,32,0.7
6,928,47,25.536231884058
6,929,-13,-19.4230769230769
6,930,-30,-6.89648798521257
6,931,59,-6.89648798521257
6,932,73,69.027027027027
6,933,426,238.210526315789
6,934,-33,-102.1
6,935,-277,-153.574468085106
6,936,-142,-111.352272727273
6,937,-42,-83.90625
6,938,-86,-33.1333333333333
6,939,-111,-33.1333333333333
6,940,-31,-33.1333333333333
6,941,-37,-33.1333333333333
6,942,-4,56.1
6,943,-12,-6.89648798521257
6,944,7,-6.89648798521257
6,945,12,12.0952380952381
6,946,91,91.1029411764706
6,947,264,186.66049382716
6,948,242,140.714285714286
6,949,-308,-232.021276595745
6,950,-151,-153.574468085106
6,951,47,0.7
6,952,54,-19.4230769230769
6,953,8,-19.4230769230769
6,954,-15,-13.5280898876404
6,955,29,-6.89648798521257
6,956,139,109.383333333333
6,957,287,238.210526315789
6,958,33,-67.7
6,959,-321,-153.574468085106
6,960,-95,-111.352272727273
6,961,-87,-83.90625
6,962,-74,-33.1333333333333
6,963,-72,-33.1333333333333
6,964,-40,-33.1333333333333
6,965,-31,-33.1333333333333
6,966,-22,56.1
6,967,-1,-6.89648798521257
6,968,0,-6.89648798521257
6,969,29,-6.89648798521257
6,970,67,91.1029411764706
6,971,179,131.666666666667
6,972,284,186.66049382716
6,973,-250,-232.021276595745
6,974,-132,-153.574468085106
6,975,27,0.7
6,976,87,25.536231884058
6,977,-34,-19.4230769230769
6,978,-58,-33.1333333333333
6,979,-95,-33.1333333333333
6,980,22,56.1
6,981,129,69.2
6,982,150,-19.4230769230769
6,983,-112,-67.7
6,984,-61,-110.05
6,985,-83,-33.1333333333333
6,986,-4,-33.1333333333333
6,987,-22,-6.89648798521257
6,988,-26,-6.89648798521257
6,989,-31,-6.89648798521257
6,990,-27,-33.1333333333333
6,991,-16,69.2
6,992,-24,-6.89648798521257
6,993,6,-6.89648798521257
6,994,22,12.0952380952381
6,995,56,55.1794871794872
6,996,132,131.666666666667
6,997,103,140.714285714286
6,998,122,-232.021276595745
6,999,142,30.4347826086957
6,1000,66,-232.021276595745
6,1001,35,-110.05
6,1002,4,-13.5280898876404
6,1003,-11,-6.89648798521257
6,1004,6,-6.89648798521257
6,1005,-37,109.383333333333
6,1006,-88,-33.1333333333333
6,1007,-143,-33.1333333333333
6,1008,-146,-33.1333333333333
6,1009,-48,-33.1333333333333
6,1010,-12,-33.1333333333333
6,1011,-26,-6.89648798521257
6,1012,-78,-6.89648798521257
6,1013,6,-33.1333333333333
6,1014,-57,12.0952380952381
6,1015,-38,-33.1333333333333
6,1016,-4,-33.1333333333333
6,1017,-8,-6.89648798521257
6,1018,5,-6.89648798521257
6,1019,31,-6.89648798521257
6,1020,54,25.536231884058
6,1021,82,131.666666666667
6,1022,173,140.714285714286
6,1023,17,-102.1
6,1024,135,-110.05
6,1025,41,-102.1
6,1026,-23,-110.05
6,1027,33,-6.89648798521257
6,1028,-13,-13.5280898876404
6,1029,0,-6.89648798521257
6,1030,-82,-6.89648798521257
6,1031,-107,-33.1333333333333
6,1032,-154,-33.1333333333333
6,1033,-25,-33.1333333333333
6,1034,-73,-6.89648798521257
6,1035,-54,-33.1333333333333
6,1036,-23,-33.1333333333333
6,1037,-8,-6.89648798521257
6,1038,-7,-6.89648798521257
6,1039,-6,-6.89648798521257
6,1040,1,-6.89648798521257
6,1041,28,-6.89648798521257
6,1042,89,91.1029411764706
6,1043,234,186.66049382716
6,1044,225,141.746987951807
6,1045,-248,-232.021276595745
6,1046,-147,-153.574468085106
6,1047,17,0.7
6,1048,81,25.536231884058
6,1049,-19,-19.4230769230769
6,1050,-3,-6.89648798521257
6,1051,26,-6.89648798521257
6,1052,99,109.383333333333
6,1053,336,238.210526315789
6,1054,80,-102.1
6,1055,-252,-153.574468085106
6,1056,-219,-111.352272727273
6,1057,-107,-83.90625
6,1058,-75,-33.1333333333333
6,1059,-94,-33.1333333333333
6,1060,-25,-33.1333333333333
6,1061,-14,-6.89648798521257
6,1062,-5,-15.2903225806452
6,1063,-7,-6.89648798521257
6,1064,3,-6.89648798521257
6,1065,14,-6.89648798521257
6,1066,80,91.1029411764706
6,1067,70,186.66049382716
6,1068,346,141.746987951807
6,1069,-191,-102.1
6,1070,-162,-153.574468085106
6,1071,67,0.7
6,1072,31,-19.4230769230769
6,1073,23,-13.5280898876404
6,1074,-36,-13.5280898876404
6,1075,-4,-33.1333333333333
6,1076,187,-6.89648798521257
6,1077,319,186.171428571429
6,1078,51,-67.7
6,1079,-246,-153.574468085106
6,1080,-178,-111.352272727273
6,1081,-100,-83.90625
6,1082,-89,-33.1333333333333
6,1083,-98,-33.1333333333333
6,1084,-57,-33.1333333333333
6,1085,-7,-33.1333333333333
6,1086,-16,-15.2903225806452
6,1087,-2,-6.89648798521257
6,1088,-4,-6.89648798521257
6,1089,35,-6.89648798521257
6,1090,110,91.1029411764706
6,1091,223,186.66049382716
6,1092,163,-67.7
6,1093,-242,-232.021276595745
6,1094,-139,-110.05
6,1095,38,-33.1333333333333
6,1096,37,25.536231884058
6,1097,74,-13.5280898876404
6,1098,-78,-5.9
6,1099,18,-33.1333333333333
6,1100,135,109.383333333333
6,1101,351,238.210526315789
6,1102,50,-67.7
6,1103,-197,-153.574468085106
6,1104,-208,-111.352272727273
6,1105,-123,-83.90625
6,1106,-54,-33.1333333333333
6,1107,-72,-33.1333333333333
6,1108,-84,-33.1333333333333
6,1109,-11,-33.1333333333333
6,1110,-24,-15.2903225806452
6,1111,1,-6.89648798521257
6,1112,-1,-6.89648798521257
6,1113,28,-6.89648798521257
6,1114,102,91.1029411764706
6,1115,225,186.66049382716
6,1116,288,141.746987951807
6,1117,-331,-232.021276595745
6,1118,-176,-153.574468085106
6,1119,77,0.7
6,1120,53,-19.4230769230769
6,1121,26,-19.4230769230769
6,1122,-41,-13.5280898876404
6,1123,47,-33.1333333333333
6,1124,121,69.027027027027
6,1125,385,238.210526315789
6,1126,-9,-175.736842105263
6,1127,-215,-153.574468085106
6,1128,-162,-111.352272727273
6,1129,-50,-83.90625
6,1130,-154,-33.1333333333333
6,1131,-69,-33.1333333333333
6,1132,-56,-33.1333333333333
6,1133,-45,-33.1333333333333
6,1134,-18,56.1
6,1135,-22,-6.89648798521257
6,1136,-7,-6.89648798521257
6,1137,31,-6.89648798521257
6,1138,82,91.1029411764706
6,1139,230,186.66049382716
6,1140,316,141.746987951807
6,1141,-282,-232.021276595745
6,1142,-105,-153.574468085106
6,1143,43,0.7
6,1144,153,-19.4230769230769
6,1145,-43,-19.4230769230769
6,1146,4,-110.05
6,1147,40,-6.89648798521257
6,1148,117,69.027027027027
6,1149,368,238.210526315789
6,1150,-127,-175.736842105263
6,1151,-144,-153.574468085106
6,1152,-241,-111.352272727273
6,1153,-161,-83.90625
6,1154,-13,-33.1333333333333
6,1155,-95,-6.89648798521257
6,1156,-20,-33.1333333333333
6,1157,-28,-6.89648798521257
6,1158,-59,109.383333333333
6,1159,-37,56.1
6,1160,-25,56.1
6,1161,-3,-6.89648798521257
6,1162,24,-6.89648798521257
6,1163,42,91.1029411764706
6,1164,84,131.666666666667
6,1165,95,186.66049382716
6,1166,96,140.714285714286
6,1167,-72,30.4347826086957
6,1168,-90,-33.1333333333333
6,1169,13,-33.1333333333333
6,1170,27,-13.5280898876404
6,1171,67,-13.5280898876404
6,1172,-113,-19.4230769230769
6,1173,-62,-33.1333333333333
6,1174,22,-33.1333333333333
6,1175,-4,12.0952380952381
6,1176,-22,-6.89648798521257
6,1177,-7,-6.89648798521257
6,1178,-21,-6.89648798521257
6,1179,22,-6.89648798521257
6,1180,-25,12.0952380952381
6,1181,9,-6.89648798521257
6,1182,-54,12.0952380952381
6,1183,-17,-33.1333333333333
6,1184,-10,-6.89648798521257
6,1185,-2,-6.89648798521257
6,1186,12,-6.89648798521257
6,1187,21,55.1794871794872
6,1188,50,25.536231884058
6,1189,29,131.666666666667
6,1190,132,91.1029411764706
6,1191,73,30.4347826086957
6,1192,37,-110.05
6,1193,7,25.536231884058
6,1194,47,-13.5280898876404
6,1195,7,-5.9
6,1196,71,-13.5280898876404
6,1197,-73,-5.9
6,1198,72,-33.1333333333333
6,1199,-116,-5.9
6,1200,-116,-33.1333333333333
6,1201,-110,-33.1333333333333
6,1202,-38,-33.1333333333333
6,1203,-46,-33.1333333333333
6,1204,-32,-33.1333333333333
6,1205,-5,-33.1333333333333
6,1206,-8,-6.89648798521257
6,1207,-19,-6.89648798521257
6,1208,3,-6.89648798521257
6,1209,32,-6.89648798521257
6,1210,81,91.1029411764706
6,1211,253,186.66049382716
6,1212,287,-102.1
6,1213,-375,-232.021276595745
6,1214,-129,-153.574468085106
6,1215,25,0.7
6,1216,101,25.536231884058
6,1217,22,-19.4230769230769
6,1218,-84,-13.5280898876404
6,1219,6,-33.1333333333333
6,1220,82,109.383333333333
6,1221,359,238.210526315789
6,1222,20,-19.4230769230769
6,1223,-226,-153.574468085106
6,1224,-237,-111.352272727273
6,1225,-35,-83.90625
6,1226,-93,-33.1333333333333
6,1227,-45,-33.1333333333333
6,1228,-38,-33.1333333333333
6,1229,-5,-33.1333333333333
6,1230,2,-15.2903225806452
6,1231,-3,-6.89648798521257
6,1232,-1,-6.89648798521257
6,1233,14,-6.89648798521257
6,1234,84,91.1029411764706
6,1235,185,186.66049382716
6,1236,295,129.382978723404
6,1237,-314,-232.021276595745
6,1238,-129,-153.574468085106
6,1239,37,0.7
6,1240,45,25.536231884058
6,1241,-9,-19.4230769230769
6,1242,-27,-6.89648798521257
6,1243,16,-6.89648798521257
6,1244,105,109.383333333333
6,1245,309,238.210526315789
6,1246,30,-19.4230769230769
6,1247,-227,-153.574468085106
6,1248,-123,-111.352272727273
6,1249,-73,-83.90625
6,1250,-87,-33.1333333333333
6,1251,-70,-33.1333333333333
6,1252,-34,-33.1333333333333
6,1253,-22,-33.1333333333333
6,1254,-5,-15.2903225806452
6,1255,2,-6.89648798521257
6,1256,-4,-6.89648798521257
6,1257,39,-6.89648798521257
6,1258,75,91.1029411764706
6,1259,243,186.66049382716
6,1260,300,141.746987951807
6,1261,-344,-232.021276595745
6,1262,-141,-153.574468085106
6,1263,49,0.7
6,1264,46,-19.4230769230769
6,1265,5,-19.4230769230769
6,1266,-52,-6.89648798521257
6,1267,-22,-33.1333333333333
6,1268,22,109.383333333333
6,1269,383,109.383333333333
6,1270,37,-19.4230769230769
6,1271,-185,-153.574468085106
6,1272,-94,-111.352272727273
6,1273,-101,-83.90625
6,1274,-89,-33.1333333333333
6,1275,-79,-33.1333333333333
6,1276,-45,-33.1333333333333
6,1277,-15,-33.1333333333333
6,1278,-27,-15.2903225806452
6,1279,-1,-6.89648798521257
6,1280,4,-6.89648798521257
6,1281,23,-6.89648798521257
6,1282,85,91.1029411764706
6,1283,250,186.66049382716
6,1284,287,140.714285714286
6,1285,-333,-232.021276595745
6,1286,-155,-153.574468085106
6,1287,54,0.7
6,1288,72,-19.4230769230769
6,1289,-19,-19.4230769230769
6,1290,-35,-6.89648798521257
6,1291,69,-33.1333333333333
6,1292,81,69.027027027027
6,1293,315,238.210526315789
6,1294,-22,-102.1
6,1295,-213,-153.574468085106
6,1296,-133,-111.352272727273
6,1297,-111,-83.90625
6,1298,-72,-33.1333333333333
6,1299,-58,-33.1333333333333
6,1300,-35,-33.1333333333333
6,1301,-32,-33.1333333333333
6,1302,-20,56.1
6,1303,0,-6.89648798521257
6,1304,-5,-6.89648798521257
6,1305,24,-6.89648798521257
6,1306,60,91.1029411764706
6,1307,203,131.666666666667
6,1308,304,186.66049382716
6,1309,-272,-232.021276595745
6,1310,-134,-153.574468085106
6,1311,14,0.7
6,1312,69,25.536231884058
6,1313,-28,-19.4230769230769
6,1314,-13,-6.89648798521257
6,1315,51,-6.89648798521257
6,1316,87,69.027027027027
6,1317,239,238.210526315789
6,1318,-46,-102.1
6,1319,-165,-153.574468085106
6,1320,-186,-111.352272727273
6,1321,11,-83.90625
6,1322,-67,25.536231884058
6,1323,-30,-33.1333333333333
6,1324,-31,-6.89648798521257
6,1325,-10,-33.1333333333333
6,1326,-13,-15.2903225806452
6,1327,-38,-6.89648798521257
6,1328,-23,-33.1333333333333
6,1329,-3,-6.89648798521257
6,1330,18,-6.89648798521257
6,1331,21,55.1794871794872
6,1332,101,55.1794871794872
6,1333,78,148.564102564103
6,1334,90,69.027027027027
6,1335,150,30.4347826086957
6,1336,158,-102.1
6,1337,17,-232.021276595745
6,1338,-87,-110.05
6,1339,54,-33.1333333333333
6,1340,-70,-19.4230769230769
6,1341,8,-33.1333333333333
6,1342,-202,-13.5280898876404
6,1343,-57,-33.1333333333333
6,1344,-76,-33.1333333333333
6,1345,-65,-33.1333333333333
6,1346,13,-33.1333333333333
6,1347,-44,12.0952380952381
6,1348,-45,-33.1333333333333
6,1349,-5,56.1
6,1350,19,-6.89648798521257
6,1351,-56,91.1029411764706
6,1352,-13,-33.1333333333333
6,1353,6,-6.89648798521257
6,1354,79,12.0952380952381
6,1355,-13,186.66049382716
6,1356,41,-6.89648798521257
6,1357,150,-5.9
6,1358,85,69.027027027027
6,1359,91,-175.736842105263
6,1360,-6,79.0909090909091
6,1361,19,-6.89648798521257
6,1362,97,55.1794871794872
6,1363,12,-19.4230769230769
6,1364,-62,-13.5280898876404
6,1365,44,-33.1333333333333
6,1366,-123,34.25
6,1367,-86,-33.1333333333333
6,1368,-114,-33.1333333333333
6,1369,-98,-33.1333333333333
6,1370,-66,-33.1333333333333
6,1371,-5,-33.1333333333333
6,1372,-46,-6.89648798521257
6,1373,-12,-33.1333333333333
6,1374,0,-6.89648798521257
6,1375,-1,-6.89648798521257
6,1376,20,-6.89648798521257
6,1377,86,91.1029411764706
6,1378,196,129.382978723404
6,1379,283,141.746987951807
6,1380,-272,-232.021276595745
6,1381,-113,-153.574468085106
6,1382,5,0.7
6,1383,72,-6.89648798521257
6,1384,0,-19.4230769230769
6,1385,-13,-6.89648798521257
6,1386,56,-6.89648798521257
6,1387,71,69.027027027027
6,1388,334,238.210526315789
6,1389,-111,-102.1
6,1390,-124,-153.574468085106
6,1391,-165,-111.352272727273
6,1392,-91,-83.90625
6,1393,-115,-33.1333333333333
6,1394,-57,-33.1333333333333
6,1395,-33,-33.1333333333333
6,1396,-22,-33.1333333333333
6,1397,-6,69.2
6,1398,-2,-6.89648798521257
6,1399,-2,-6.89648798521257
6,1400,26,-6.89648798521257
6,1401,73,91.1029411764706
6,1402,241,186.66049382716
6,1403,263,141.746987951807
6,1404,-196,-232.021276595745
6,1405,-189,-153.574468085106
6,1406,39,0.7
6,1407,73,25.536231884058
6,1408,14,-19.4230769230769
6,1409,-34,-13.5280898876404
6,1410,5,-33.1333333333333
6,1411,169,109.383333333333
6,1412,272,186.171428571429
6,1413,43,-67.7
6,1414,-242,-153.574468085106
6,1415,-179,-111.352272727273
6,1416,-136,-83.90625
6,1417,-85,-33.1333333333333
6,1418,-79,-33.1333333333333
6,1419,-38,-33.1333333333333
6,1420,-30,-33.1333333333333
6,1421,-6,-15.2903225806452
6,1422,-2,-6.89648798521257
6,1423,-2,-6.89648798521257
6,1424,26,-6.89648798521257
6,1425,99,91.1029411764706
6,1426,240,186.66049382716
6,1427,318,141.746987951807
6,1428,-321,-232.021276595745
6,1429,-196,-153.574468085106
6,1430,46,0.7
6,1431,70,-19.4230769230769
6,1432,-32,-19.4230769230769
6,1433,7,-33.1333333333333
6,1434,10,-13.5280898876404
6,1435,122,109.383333333333
6,1436,354,238.210526315789
6,1437,15,-67.7
6,1438,-265,-153.574468085106
6,1439,-122,-111.352272727273
6,1440,-74,-83.90625
6,1441,-117,-33.1333333333333
6,1442,-50,-33.1333333333333
6,1443,-86,-33.1333333333333
6,1444,-32,-33.1333333333333
6,1445,5,56.1
6,1446,-13,-6.89648798521257
6,1447,-4,-6.89648798521257
6,1448,28,-6.89648798521257
6,1449,97,91.1029411764706
6,1450,228,186.66049382716
6,1451,284,141.746987951807
6,1452,-287,-232.021276595745
6,1453,-105,-153.574468085106
6,1454,22,0.7
6,1455,8,25.536231884058
6,1456,15,-13.5280898876404
6,1457,-4,-13.5280898876404
6,1458,-18,-6.89648798521257
6,1459,133,109.383333333333
6,1460,420,238.210526315789
6,1461,-124,-67.7
6,1462,-211,-153.574468085106
6,1463,-175,-111.352272727273
6,1464,-78,-83.90625
6,1465,-85,-33.1333333333333
6,1466,-13,-33.1333333333333
6,1467,-75,-6.89648798521257
6,1468,-23,-33.1333333333333
6,1469,-27,69.2
6,1470,-3,-6.89648798521257
6,1471,-3,-6.89648798521257
6,1472,18,-6.89648798521257
6,1473,57,91.1029411764706
6,1474,166,131.666666666667
6,1475,262,186.66049382716
6,1476,-132,-232.021276595745
6,1477,-138,-153.574468085106
6,1478,53,-111.352272727273
6,1479,46,-19.4230769230769
6,1480,74,-19.4230769230769
6,1481,79,-5.9
6,1482,47,-5.9
6,1483,-1,30.4347826086957
6,1484,119,109.383333333333
6,1485,-171,-102.1
6,1486,-72,-47
6,1487,-160,-33.1333333333333
6,1488,-62,-33.1333333333333
6,1489,-32,-33.1333333333333
6,1490,-45,-33.1333333333333
6,1491,-19,-33.1333333333333
6,1492,-25,-6.89648798521257
6,1493,-33,69.2
6,1494,-8,56.1
6,1495,-21,-6.89648798521257
6,1496,-5,-6.89648798521257
6,1497,17,-6.89648798521257
6,1498,35,91.1029411764706
6,1499,69,55.1794871794872
6,1500,153,131.666666666667
6,1501,87,140.714285714286
6,1502,132,-232.021276595745
6,1503,95,-102.1
6,1504,53,-232.021276595745
6,1505,-65,-5.9
6,1506,48,-33.1333333333333
6,1507,-11,-5.9
6,1508,-48,-6.89648798521257
6,1509,-50,-33.1333333333333
6,1510,-104,-33.1333333333333
6,1511,-205,-33.1333333333333
6,1512,26,-33.1333333333333
6,1513,-52,25.536231884058
6,1514,-64,-33.1333333333333
6,1515,-33,-33.1333333333333
6,1516,-21,-33.1333333333333
6,1517,-32,-6.89648798521257
6,1518,-6,56.1
6,1519,-19,-6.89648798521257
6,1520,5,-6.89648798521257
6,1521,16,-6.89648798521257
6,1522,9,91.1029411764706
6,1523,47,91.1029411764706
6,1524,95,140.714285714286
6,1525,120,34.25
6,1526,105,30.4347826086957
6,1527,53,-232.021276595745
6,1528,26,-5.9
6,1529,20,-13.5280898876404
6,1530,-17,-13.5280898876404
6,1531,-10,-6.89648798521257
6,1532,-65,-6.89648798521257
6,1533,-101,-33.1333333333333
6,1534,-34,-33.1333333333333
6,1535,-65,-33.1333333333333
6,1536,-81,-33.1333333333333
6,1537,-12,-33.1333333333333
6,1538,-67,-6.89648798521257
6,1539,-14,-33.1333333333333
6,1540,-21,-6.89648798521257
6,1541,-10,-6.89648798521257
6,1542,-3,-6.89648798521257
6,1543,2,-6.89648798521257
6,1544,27,-6.89648798521257
6,1545,79,55.1794871794872
6,1546,220,186.66049382716
6,1547,286,141.746987951807
6,1548,-331,-232.021276595745
6,1549,-108,-153.574468085106
6,1550,45,0.7
6,1551,57,-19.4230769230769
6,1552,1,-19.4230769230769
6,1553,-63,-6.89648798521257
6,1554,37,-33.1333333333333
6,1555,136,109.383333333333
6,1556,241,238.210526315789
6,1557,14,-67.7
6,1558,-225,-153.574468085106
6,1559,-145,-111.352272727273
6,1560,-111,-83.90625
6,1561,-57,-33.1333333333333
6,1562,-41,-33.1333333333333
6,1563,-41,-33.1333333333333
6,1564,-17,-33.1333333333333
6,1565,-7,-15.2903225806452
6,1566,0,-6.89648798521257
6,1567,0,-6.89648798521257
6,1568,22,-6.89648798521257
6,1569,79,91.1029411764706
6,1570,281,186.66049382716
6,1571,308,141.746987951807
6,1572,-373,-232.021276595745
6,1573,-138,-153.574468085106
6,1574,58,0.7
6,1575,20,-19.4230769230769
6,1576,24,-13.5280898876404
6,1577,-59,-13.5280898876404
6,1578,-21,-33.1333333333333
6,1579,159,109.383333333333
6,1580,382,238.210526315789
6,1581,-40,-67.7
6,1582,-225,-153.574468085106
6,1583,-197,-111.352272727273
6,1584,-76,-83.90625
6,1585,-79,-33.1333333333333
6,1586,-65,-33.1333333333333
6,1587,-32,-33.1333333333333
6,1588,-18,-33.1333333333333
6,1589,-10,-15.2903225806452
6,1590,0,-6.89648798521257
6,1591,25,-6.89648798521257
6,1592,79,91.1029411764706
6,1593,215,186.66049382716
6,1594,274,141.746987951807
6,1595,-293,-232.021276595745
6,1596,-149,-153.574468085106
6,1597,27,0.7
6,1598,2,25.536231884058
6,1599,-19,-6.89648798521257
6,1600,-28,-6.89648798521257
6,1601,67,-6.89648798521257
6,1602,105,131.666666666667
6,1603,272,238.210526315789
6,1604,6,-102.1
6,1605,-201,-153.574468085106
6,1606,-149,-111.352272727273
6,1607,-70,-83.90625
6,1608,-31,-33.1333333333333
6,1609,-73,-33.1333333333333
6,1610,-38,-33.1333333333333
6,1611,-14,-33.1333333333333
6,1612,-5,-15.2903225806452
6,1613,1,-6.89648798521257
6,1614,-4,-6.89648798521257
6,1615,20,-6.89648798521257
6,1616,75,55.1794871794872
6,1617,210,186.66049382716
6,1618,318,141.746987951807
6,1619,-337,-232.021276595745
6,1620,-146,-153.574468085106
6,1621,83,0.7
6,1622,35,-19.4230769230769
6,1623,-56,-13.5280898876404
6,1624,21,-33.1333333333333
6,1625,-13,-13.5280898876404
6,1626,142,109.383333333333
6,1627,303,238.210526315789
6,1628,-46,-67.7
6,1629,-177,-153.574468085106
6,1630,-153,-111.352272727273
6,1631,-93,-83.90625
6,1632,-29,-33.1333333333333
6,1633,-64,-6.89648798521257
6,1634,-39,-33.1333333333333
6,1635,-25,-33.1333333333333
6,1636,-19,-15.2903225806452
6,1637,0,-6.89648798521257
6,1638,-6,-6.89648798521257
6,1639,16,-6.89648798521257
6,1640,63,55.1794871794872
6,1641,212,131.666666666667
6,1642,267,186.66049382716
6,1643,-233,-232.021276595745
6,1644,-138,-153.574468085106
6,1645,41,0.7
6,1646,89,-19.4230769230769
6,1647,36,-19.4230769230769
6,1648,-10,-13.5280898876404
6,1649,4,-6.89648798521257
6,1650,111,109.383333333333
6,1651,275,238.210526315789
6,1652,-67,-67.7
6,1653,-244,-153.574468085106
6,1654,-141,-111.352272727273
6,1655,-97,-83.90625
6,1656,26,-33.1333333333333
6,1657,-17,25.536231884058
6,1658,-102,-6.89648798521257
6,1659,-26,-33.1333333333333
6,1660,-14,109.383333333333
6,1661,-24,-6.89648798521257
6,1662,-18,-6.89648798521257
6,1663,-7,-6.89648798521257
6,1664,14,-6.89648798521257
6,1665,43,55.1794871794872
6,1666,96,131.666666666667
6,1667,105,186.66049382716
6,1668,141,69.027027027027
6,1669,158,30.4347826086957
6,1670,114,-232.021276595745
6,1671,0,-232.021276595745
6,1672,-18,-47
6,1673,-2,-6.89648798521257
6,1674,-76,-6.89648798521257
6,1675,-22,-33.1333333333333
6,1676,-79,-6.89648798521257
6,1677,-22,-33.1333333333333
6,1678,-138,-15.2903225806452
6,1679,-101,-33.1333333333333
6,1680,-8,-33.1333333333333
6,1681,-16,-6.89648798521257
6,1682,-72,-6.89648798521257
6,1683,-18,-33.1333333333333
6,1684,-32,-6.89648798521257
6,1685,-29,-33.1333333333333
6,1686,-33,-6.89648798521257
6,1687,-2,-33.1333333333333
6,1688,6,-6.89648798521257
6,1689,30,55.1794871794872
6,1690,51,91.1029411764706
6,1691,154,131.666666666667
6,1692,170,140.714285714286
6,1693,107,-232.021276595745
6,1694,107,-232.021276595745
6,1695,46,-102.1
6,1696,-53,-5.9
6,1697,-11,-33.1333333333333
6,1698,-1,-6.89648798521257
6,1699,7,-6.89648798521257
6,1700,-144,-15.2903225806452
6,1701,-100,-33.1333333333333
6,1702,-88,-33.1333333333333
6,1703,-62,-33.1333333333333
6,1704,-95,-33.1333333333333
6,1705,-44,-33.1333333333333
6,1706,-49,-33.1333333333333
6,1707,-13,-33.1333333333333
6,1708,-14,-6.89648798521257
6,1709,-6,-6.89648798521257
6,1710,-2,-6.89648798521257
6,1711,32,-6.89648798521257
6,1712,95,91.1029411764706
6,1713,254,186.66049382716
6,1714,210,141.746987951807
6,1715,-300,-232.021276595745
6,1716,-73,-153.574468085106
6,1717,27,0.7
6,1718,20,25.536231884058
6,1719,-8,-13.5280898876404
6,1720,25,-6.89648798521257
6,1721,-13,-13.5280898876404
6,1722,83,109.383333333333
6,1723,354,238.210526315789
6,1724,-36,-19.4230769230769
6,1725,-154,-153.574468085106
6,1726,-147,-111.352272727273
6,1727,-104,-83.90625
6,1728,-57,-33.1333333333333
6,1729,-93,-33.1333333333333
6,1730,-78,-33.1333333333333
6,1731,-32,-33.1333333333333
6,1732,-7,56.1
6,1733,2,-6.89648798521257
6,1734,3,-6.89648798521257
6,1735,21,-6.89648798521257
6,1736,114,91.1029411764706
6,1737,317,186.66049382716
6,1738,212,-67.7
6,1739,-273,-232.021276595745
6,1740,-183,-153.574468085106
6,1741,22,0.7
6,1742,5,25.536231884058
6,1743,-5,-6.89648798521257
6,1744,18,-6.89648798521257
6,1745,51,-13.5280898876404
6,1746,62,69.027027027027
6,1747,411,238.210526315789
6,1748,-6,-102.1
6,1749,-238,-153.574468085106
6,1750,-135,-111.352272727273
6,1751,-105,-83.90625
6,1752,-135,-33.1333333333333
6,1753,-80,-33.1333333333333
6,1754,-44,-33.1333333333333
6,1755,-24,-33.1333333333333
6,1756,-5,-15.2903225806452
6,1757,-3,-6.89648798521257
6,1758,1,-6.89648798521257
6,1759,27,-6.89648798521257
6,1760,100,91.1029411764706
6,1761,284,186.66049382716
6,1762,158,141.746987951807
6,1763,-311,-232.021276595745
6,1764,-118,-110.05
6,1765,-28,-83.90625
6,1766,-9,-6.89648798521257
6,1767,-46,-6.89648798521257
6,1768,-13,-33.1333333333333
6,1769,47,-6.89648798521257
6,1770,137,131.666666666667
6,1771,253,261.135135135135
6,1772,17,-175.736842105263
6,1773,-137,-153.574468085106
6,1774,-108,-111.352272727273
6,1775,-71,-83.90625
6,1776,-27,-33.1333333333333
6,1777,-92,-6.89648798521257
6,1778,-45,-33.1333333333333
6,1779,-12,-33.1333333333333
6,1780,-7,-15.2903225806452
6,1781,-2,-6.89648798521257
6,1782,0,-6.89648798521257
6,1783,26,-6.89648798521257
6,1784,90,55.1794871794872
6,1785,286,186.66049382716
6,1786,271,141.746987951807
6,1787,-376,-232.021276595745
6,1788,-112,-153.574468085106
6,1789,40,0.7
6,1790,35,-19.4230769230769
6,1791,-26,-13.5280898876404
6,1792,-1,-6.89648798521257
6,1793,25,-6.89648798521257
6,1794,125,109.383333333333
6,1795,361,238.210526315789
6,1796,28,-67.7
6,1797,-190,-153.574468085106
6,1798,-182,-111.352272727273
6,1799,-137,-83.90625
6,1800,-19,-33.1333333333333
6,1801,-104,-6.89648798521257
6,1802,-80,-33.1333333333333
6,1803,-39,-33.1333333333333
6,1804,-4,56.1
6,1805,-11,-6.89648798521257
6,1806,-7,-6.89648798521257
6,1807,22,-6.89648798521257
6,1808,88,55.1794871794872
6,1809,246,186.66049382716
6,1810,341,141.746987951807
6,1811,-341,-232.021276595745
6,1812,-122,-153.574468085106
6,1813,17,0.7
6,1814,108,25.536231884058
6,1815,19,-19.4230769230769
6,1816,13,-13.5280898876404
6,1817,13,-13.5280898876404
6,1818,173,109.383333333333
6,1819,239,238.210526315789
6,1820,-151,-67.7
6,1821,-176,-153.574468085106
6,1822,-151,0.7
6,1823,-54,-83.90625
6,1824,-85,-33.1333333333333
6,1825,-15,-33.1333333333333
6,1826,-45,-6.89648798521257
6,1827,-54,56.1
6,1828,-7,56.1
6,1829,-52,-6.89648798521257
6,1830,-20,-33.1333333333333
6,1831,-8,-6.89648798521257
6,1832,30,-6.89648798521257
6,1833,45,55.1794871794872
6,1834,125,131.666666666667
6,1835,130,186.66049382716
6,1836,151,-175.736842105263
6,1837,126,-232.021276595745
6,1838,32,-232.021276595745
6,1839,9,-47
6,1840,-40,-13.5280898876404
6,1841,19,-33.1333333333333
6,1842,11,-13.5280898876404
6,1843,-71,109.383333333333
6,1844,-152,-33.1333333333333
6,1845,-362,-33.1333333333333
6,1846,-15,-33.1333333333333
6,1847,63,-6.89648798521257
6,1848,8,-19.4230769230769
6,1849,-19,-13.5280898876404
6,1850,26,-6.89648798521257
6,1851,-44,12.0952380952381
6,1852,-17,56.1
6,1853,-16,-6.89648798521257
6,1854,-33,-6.89648798521257
6,1855,-1,-33.1333333333333
6,1856,6,-6.89648798521257
6,1857,12,25.536231884058
6,1858,27,55.1794871794872
6,1859,28,91.1029411764706
6,1860,-11,55.1794871794872
6,1861,9,-6.89648798521257
6,1862,-16,25.536231884058
6,1863,-9,-6.89648798521257
6,1864,1,-6.89648798521257
6,1865,-15,-6.89648798521257
6,1866,-2,-6.89648798521257
6,1867,-9,-6.89648798521257
6,1868,12,-6.89648798521257
6,1869,-4,12.0952380952381
6,1870,0,-6.89648798521257
6,1871,-24,-6.89648798521257
6,1872,2,-6.89648798521257
6,1873,4,-6.89648798521257
6,1874,-11,-6.89648798521257
6,1875,-4,-6.89648798521257
6,1876,2,-6.89648798521257
6,1877,-3,-6.89648798521257
6,1878,2,-6.89648798521257
6,1879,11,-6.89648798521257
6,1880,31,25.536231884058
6,1881,162,55.1794871794872
6,1882,275,129.382978723404
6,1883,-210,-67.7
6,1884,-172,-153.574468085106
6,1885,1,0.7
6,1886,28,-6.89648798521257
6,1887,-22,-13.5280898876404
6,1888,7,-6.89648798521257
6,1889,-2,-13.5280898876404
6,1890,-9,109.383333333333
6,1891,129,69.2
6,1892,147,-19.4230769230769
6,1893,-81,-67.7
6,1894,-95,-110.05
6,1895,-51,-33.1333333333333
6,1896,-63,-33.1333333333333
6,1897,-30,-33.1333333333333
6,1898,-46,-6.89648798521257
6,1899,-6,-33.1333333333333
6,1900,-4,-15.2903225806452
6,1901,-1,69.2
6,1902,1,-6.89648798521257
6,1903,19,-6.89648798521257
6,1904,98,91.1029411764706
6,1905,270,186.66049382716
6,1906,221,129.382978723404
6,1907,-303,-232.021276595745
6,1908,-146,-153.574468085106
6,1909,22,0.7
6,1910,40,25.536231884058
6,1911,0,-19.4230769230769
6,1912,-8,-6.89648798521257
6,1913,20,-6.89648798521257
6,1914,126,109.383333333333
6,1915,329,238.210526315789
6,1916,-59,-67.7
6,1917,-150,-153.574468085106
6,1918,-197,-111.352272727273
6,1919,-59,-83.90625
6,1920,-69,-33.1333333333333
6,1921,-84,-33.1333333333333
6,1922,-37,-33.1333333333333
6,1923,-11,-33.1333333333333
6,1924,-18,-15.2903225806452
6,1925,-4,-6.89648798521257
6,1926,3,-6.89648798521257
6,1927,18,-6.89648798521257
6,1928,82,91.1029411764706
6,1929,283,186.66049382716
6,1930,265,141.746987951807
6,1931,-333,-232.021276595745
6,1932,-139,-153.574468085106
6,1933,37,0.7
6,1934,50,25.536231884058
6,1935,-41,-19.4230769230769
6,1936,-5,-33.1333333333333
6,1937,6,-6.89648798521257
6,1938,147,109.383333333333
6,1939,356,238.210526315789
6,1940,-23,-67.7
6,1941,-166,-153.574468085106
6,1942,-163,-111.352272727273
6,1943,-141,-83.90625
6,1944,-47,-33.1333333333333
6,1945,-88,-33.1333333333333
6,1946,-61,-33.1333333333333
6,1947,-20,-33.1333333333333
6,1948,-10,-15.2903225806452
6,1949,-7,-6.89648798521257
6,1950,-3,-6.89648798521257
6,1951,14,-6.89648798521257
6,1952,110,91.1029411764706
6,1953,98,186.66049382716
6,1954,137,-67.7
6,1955,-161,30.4347826086957
6,1956,-62,-110.05
6,1957,12,-33.1333333333333
6,1958,53,25.536231884058
6,1959,-7,-19.4230769230769
6,1960,-28,-6.89648798521257
6,1961,35,-6.89648798521257
6,1962,114,12.0952380952381
6,1963,296,261.135135135135
6,1964,50,-67.7
6,1965,-200,-153.574468085106
6,1966,-127,-111.352272727273
6,1967,-87,-83.90625
6,1968,-67,-33.1333333333333
6,1969,-71,-33.1333333333333
6,1970,-39,-33.1333333333333
6,1971,-38,-33.1333333333333
6,1972,-13,56.1
6,1973,-19,-6.89648798521257
6,1974,3,-6.89648798521257
6,1975,13,-6.89648798521257
6,1976,101,91.1029411764706
6,1977,195,186.66049382716
6,1978,277,141.746987951807
6,1979,-258,-232.021276595745
6,1980,-98,-153.574468085106
6,1981,-3,0.7
6,1982,74,-6.89648798521257
6,1983,-1,-19.4230769230769
6,1984,-6,-6.89648798521257
6,1985,24,-6.89648798521257
6,1986,116,109.383333333333
6,1987,262,238.210526315789
6,1988,-48,-67.7
6,1989,-213,-153.574468085106
6,1990,-152,-111.352272727273
6,1991,-81,-83.90625
6,1992,-50,-33.1333333333333
6,1993,-42,-33.1333333333333
6,1994,-13,-33.1333333333333
6,1995,-36,-6.89648798521257
6,1996,-10,56.1
6,1997,-31,-6.89648798521257
6,1998,-24,-33.1333333333333
6,1999,3,-6.89648798521257
6,2000,23,-6.89648798521257
6,2001,27,91.1029411764706
6,2002,103,55.1794871794872
6,2003,56,186.66049382716
6,2004,77,69.027027027027
6,2005,67,30.4347826086957
6,2006,23,79.0909090909091
6,2007,8,25.536231884058
6,2008,51,-13.5280898876404
6,2009,-32,-19.4230769230769
6,2010,-32,-33.1333333333333
6,2011,-54,-33.1333333333333
6,2012,-232,-33.1333333333333
6,2013,49,-33.1333333333333
6,2014,-37,-19.4230769230769
6,2015,-18,-33.1333333333333
6,2016,-1,-6.89648798521257
6,2017,-41,-6.89648798521257
6,2018,-6,-33.1333333333333
6,2019,6,-6.89648798521257
6,2020,-2,25.536231884058
6,2021,-24,-6.89648798521257
6,2022,-12,-6.89648798521257
6,2023,2,-6.89648798521257
6,2024,1,-6.89648798521257
6,2025,20,-6.89648798521257
6,2026,80,25.536231884058
6,2027,78,129.382978723404
6,2028,195,141.746987951807
6,2029,31,30.4347826086957
6,2030,173,-110.05
6,2031,11,-102.1
6,2032,58,-110.05
6,2033,-50,-5.9
6,2034,-16,-33.1333333333333
6,2035,-65,-6.89648798521257
6,2036,-35,-33.1333333333333
6,2037,-112,-33.1333333333333
6,2038,-132,-33.1333333333333
6,2039,-39,-33.1333333333333
6,2040,-96,-33.1333333333333
6,2041,-26,-33.1333333333333
6,2042,-34,-6.89648798521257
6,2043,-24,-33.1333333333333
6,2044,-16,-6.89648798521257
6,2045,-4,-6.89648798521257
6,2046,-2,-6.89648798521257
6,2047,18,-6.89648798521257
6,2048,103,91.1029411764706
6,2049,226,186.66049382716
6,2050,247,141.746987951807
6,2051,-328,-232.021276595745
6,2052,-111,-153.574468085106
6,2053,6,0.7
6,2054,62,25.536231884058
6,2055,22,-19.4230769230769
6,2056,-29,-13.5280898876404
6,2057,13,-6.89648798521257
6,2058,116,109.383333333333
6,2059,336,238.210526315789
6,2060,-19,-67.7
6,2061,-193,-153.574468085106
6,2062,-162,-111.352272727273
6,2063,-88,-83.90625
6,2064,-87,-33.1333333333333
6,2065,-74,-33.1333333333333
6,2066,-25,-33.1333333333333
6,2067,-14,-6.89648798521257
6,2068,-13,-15.2903225806452
6,2069,-5,-6.89648798521257
6,2070,5,-6.89648798521257
6,2071,9,-6.89648798521257
6,2072,9,91.1029411764706
6,2073,143,91.1029411764706
6,2074,388,140.714285714286
6,2075,-208,-67.7
6,2076,-175,-153.574468085106
6,2077,55,0.7
6,2078,40,-19.4230769230769
6,2079,-20,-19.4230769230769
6,2080,-45,-6.89648798521257
6,2081,30,-33.1333333333333
6,2082,120,109.383333333333
6,2083,327,186.171428571429
6,2084,62,-67.7
6,2085,-256,-153.574468085106
6,2086,-152,-111.352272727273
6,2087,-53,-83.90625
6,2088,-71,-33.1333333333333
6,2089,-116,-33.1333333333333
6,2090,-48,-33.1333333333333
6,2091,-32,-33.1333333333333
6,2092,1,56.1
6,2093,-10,-6.89648798521257
6,2094,-2,-6.89648798521257
6,2095,29,-6.89648798521257
6,2096,87,91.1029411764706
6,2097,238,186.66049382716
6,2098,308,141.746987951807
6,2099,-351,-232.021276595745
6,2100,-140,-153.574468085106
6,2101,9,0.7
6,2102,61,25.536231884058
6,2103,-17,-19.4230769230769
6,2104,12,-6.89648798521257
6,2105,16,-13.5280898876404
6,2106,111,109.383333333333
6,2107,362,238.210526315789
6,2108,84,-67.7
6,2109,-309,-232.021276595745
6,2110,-166,-111.352272727273
6,2111,-99,-83.90625
6,2112,-66,-33.1333333333333
6,2113,-75,-33.1333333333333
6,2114,-8,-33.1333333333333
6,2115,-66,-6.89648798521257
6,2116,-7,56.1
6,2117,-11,-6.89648798521257
6,2118,-4,-6.89648798521257
6,2119,19,-6.89648798521257
6,2120,115,91.1029411764706
6,2121,248,186.66049382716
6,2122,243,-67.7
6,2123,-323,-232.021276595745
6,2124,-136,-153.574468085106
6,2125,33,0.7
6,2126,100,25.536231884058
6,2127,-36,-19.4230769230769
6,2128,-61,-33.1333333333333
6,2129,79,-33.1333333333333
6,2130,87,69.027027027027
6,2131,334,238.210526315789
6,2132,2,-102.1
6,2133,-184,-153.574468085106
6,2134,-102,-111.352272727273
6,2135,-121,-83.90625
6,2136,-53,-33.1333333333333
6,2137,-125,-33.1333333333333
6,2138,-32,-33.1333333333333
6,2139,-41,-33.1333333333333
6,2140,-37,56.1
6,2141,3,-33.1333333333333
6,2142,-10,-6.89648798521257
6,2143,20,-6.89648798521257
6,2144,111,12.0952380952381
6,2145,221,186.66049382716
6,2146,262,-67.7
6,2147,-324,-232.021276595745
6,2148,-95,-153.574468085106
6,2149,59,0.7
6,2150,-87,-19.4230769230769
6,2151,107,-33.1333333333333
6,2152,-36,-102.1
6,2153,101,-33.1333333333333
6,2154,97,148.564102564103
6,2155,203,238.210526315789
6,2156,-2,-102.1
6,2157,-189,-153.574468085106
6,2158,-139,-111.352272727273
6,2159,-78,-33.1333333333333
6,2160,-3,-33.1333333333333
6,2161,24,-6.89648798521257
6,2162,-103,-13.5280898876404
6,2163,-46,-33.1333333333333
6,2164,-32,56.1
6,2165,-43,-33.1333333333333
6,2166,-23,-33.1333333333333
6,2167,13,-6.89648798521257
6,2168,20,25.536231884058
6,2169,45,55.1794871794872
6,2170,110,131.666666666667
6,2171,87,140.714285714286
6,2172,148,-175.736842105263
6,2173,143,30.4347826086957
6,2174,-25,-232.021276595745
6,2175,-26,-110.05
6,2176,-96,-6.89648798521257
6,2177,113,-33.1333333333333
6,2178,-1,-19.4230769230769
6,2179,-38,-47
6,2180,-68,-33.1333333333333
6,2181,-29,-33.1333333333333
6,2182,-96,109.383333333333
6,2183,-40,-33.1333333333333
6,2184,-52,-33.1333333333333
6,2185,-68,-33.1333333333333
6,2186,-15,-33.1333333333333
6,2187,-13,-6.89648798521257
6,2188,-28,-6.89648798521257
6,2189,-65,-6.89648798521257
6,2190,-12,-33.1333333333333
6,2191,-5,-6.89648798521257
6,2192,6,-6.89648798521257
6,2193,19,91.1029411764706
6,2194,78,55.1794871794872
6,2195,77,148.564102564103
6,2196,142,140.714285714286
6,2197,81,30.4347826086957
6,2198,144,-110.05
6,2199,7,-102.1
6,2200,-47,-110.05
6,2201,53,-33.1333333333333
6,2202,-27,-19.4230769230769
6,2203,-33,-6.89648798521257
6,2204,-48,-33.1333333333333
6,2205,-80,-33.1333333333333
6,2206,-107,-33.1333333333333
6,2207,-73,-33.1333333333333
6,2208,-46,-33.1333333333333
6,2209,-55,-33.1333333333333
6,2210,-68,-33.1333333333333
6,2211,-25,-33.1333333333333
6,2212,-3,-6.89648798521257
6,2213,-1,-6.89648798521257
6,2214,-3,-6.89648798521257
6,2215,21,-6.89648798521257
6,2216,119,91.1029411764706
6,2217,243,186.66049382716
6,2218,254,-67.7
6,2219,-289,-232.021276595745
6,2220,-160,-153.574468085106
6,2221,23,0.7
6,2222,50,25.536231884058
6,2223,9,-19.4230769230769
6,2224,-33,-13.5280898876404
6,2225,23,-33.1333333333333
6,2226,126,109.383333333333
6,2227,381,238.210526315789
6,2228,-89,-67.7
6,2229,-134,-153.574468085106
6,2230,-223,-111.352272727273
6,2231,-76,-83.90625
6,2232,-74,-33.1333333333333
6,2233,-60,-33.1333333333333
6,2234,-75,-33.1333333333333
6,2235,-29,-33.1333333333333
6,2236,7,69.2
6,2237,-10,12.0952380952381
6,2238,-1,-6.89648798521257
6,2239,15,-6.89648798521257
6,2240,145,91.1029411764706
6,2241,298,186.66049382716
6,2242,178,-67.7
6,2243,-346,-232.021276595745
6,2244,-138,-110.05
6,2245,60,0.7
6,2246,46,-19.4230769230769
6,2247,-44,-19.4230769230769
6,2248,-148,-33.1333333333333
6,2249,63,-33.1333333333333
6,2250,255,69.027027027027
6,2251,328,238.210526315789
6,2252,-7,-232.021276595745
6,2253,-252,-153.574468085106
6,2254,-156,-111.352272727273
6,2255,-79,56.1
6,2256,-76,-33.1333333333333
6,2257,-84,-33.1333333333333
6,2258,-28,-33.1333333333333
6,2259,-21,-15.2903225806452
6,2260,-13,-15.2903225806452
6,2261,1,-6.89648798521257
6,2262,3,-6.89648798521257
6,2263,23,-6.89648798521257
6,2264,98,91.1029411764706
6,2265,292,186.66049382716
6,2266,204,141.746987951807
6,2267,-297,-232.021276595745
6,2268,-172,-153.574468085106
6,2269,48,0.7
6,2270,79,-19.4230769230769
6,2271,-14,-19.4230769230769
6,2272,-23,-6.89648798521257
6,2273,16,-6.89648798521257
6,2274,98,109.383333333333
6,2275,348,238.210526315789
6,2276,-333,-19.4230769230769
6,2277,-274,-153.574468085106
6,2278,-47,0.7
6,2279,-17,-83.90625
6,2280,33,-6.89648798521257
6,2281,-12,-13.5280898876404
6,2282,-22,-6.89648798521257
6,2283,-22,-6.89648798521257
6,2284,-8,109.383333333333
6,2285,0,-6.89648798521257
6,2286,-1,-6.89648798521257
6,2287,22,-6.89648798521257
6,2288,115,55.1794871794872
6,2289,262,148.564102564103
6,2290,229,-67.7
6,2291,-269,-232.021276595745
6,2292,-207,-153.574468085106
6,2293,102,0.7
6,2294,16,-19.4230769230769
6,2295,46,-13.5280898876404
6,2296,-71,-5.9
6,2297,24,-33.1333333333333
6,2298,150,109.383333333333
6,2299,311,238.210526315789
6,2300,38,-67.7
6,2301,-217,-153.574468085106
6,2302,-179,-111.352272727273
6,2303,-144,-83.90625
6,2304,2,-33.1333333333333
6,2305,-97,-6.89648798521257
6,2306,-71,-33.1333333333333
6,2307,-18,-33.1333333333333
6,2308,-15,109.383333333333
6,2309,-18,-6.89648798521257
6,2310,-4,-6.89648798521257
6,2311,17,-6.89648798521257
6,2312,109,55.1794871794872
6,2313,216,186.66049382716
6,2314,269,-67.7
6,2315,-298,-232.021276595745
6,2316,-112,-153.574468085106
6,2317,81,0.7
6,2318,57,-19.4230769230769
6,2319,15,-19.4230769230769
6,2320,-29,-13.5280898876404
6,2321,105,-6.89648798521257
6,2322,86,69.027027027027
6,2323,254,238.210526315789
6,2324,-183,-102.1
6,2325,-93,-153.574468085106
6,2326,-162,0.7
6,2327,-71,-83.90625
6,2328,-36,-33.1333333333333
6,2329,-54,-33.1333333333333
6,2330,-44,-33.1333333333333
6,2331,-43,56.1
6,2332,-37,-33.1333333333333
6,2333,-22,56.1
6,2334,-25,-6.89648798521257
6,2335,4,-6.89648798521257
6,2336,20,-6.89648798521257
6,2337,34,91.1029411764706
6,2338,111,91.1029411764706
6,2339,157,140.714285714286
6,2340,76,-67.7
6,2341,111,-110.05
6,2342,37,-102.1
6,2343,100,-47
6,2344,-44,-102.1
6,2345,-25,-33.1333333333333
6,2346,1,-6.89648798521257
6,2347,-15,-6.89648798521257
6,2348,-30,-15.2903225806452
6,2349,-107,-6.89648798521257
6,2350,-152,-33.1333333333333
6,2351,-57,-33.1333333333333
6,2352,44,-33.1333333333333
6,2353,-98,129.382978723404
6,2354,-78,-33.1333333333333
6,2355,-4,-33.1333333333333
6,2356,-12,-6.89648798521257
6,2357,-54,-6.89648798521257
6,2358,-19,-33.1333333333333
6,2359,3,-6.89648798521257
6,2360,9,-6.89648798521257
6,2361,39,91.1029411764706
6,2362,96,91.1029411764706
6,2363,66,148.564102564103
6,2364,128,69.027027027027
6,2365,78,30.4347826086957
6,2366,103,-110.05
6,2367,71,-102.1
6,2368,-50,-5.9
6,2369,-53,-33.1333333333333
6,2370,65,-33.1333333333333
6,2371,-86,-19.4230769230769
6,2372,-89,-33.1333333333333
6,2373,-50,-33.1333333333333
6,2374,-109,-33.1333333333333
6,2375,-61,-33.1333333333333
6,2376,-38,-33.1333333333333
6,2377,-57,-33.1333333333333
6,2378,-39,-33.1333333333333
6,2379,-24,-33.1333333333333
6,2380,-9,-6.89648798521257
6,2381,0,-6.89648798521257
6,2382,4,-6.89648798521257
6,2383,20,-6.89648798521257
6,2384,39,91.1029411764706
6,2385,10,91.1029411764706
6,2386,81,91.1029411764706
6,2387,-46,140.714285714286
6,2388,-51,-33.1333333333333
6,2389,20,-33.1333333333333
6,2390,106,25.536231884058
6,2391,-9,-19.4230769230769
6,2392,-5,-6.89648798521257
6,2393,25,-6.89648798521257
6,2394,-85,55.1794871794872
6,2395,118,-33.1333333333333
6,2396,71,-19.4230769230769
6,2397,4,-47
6,2398,-115,-6.89648798521257
6,2399,-37,-33.1333333333333
6,2400,-23,-33.1333333333333
6,2401,-54,-6.89648798521257
6,2402,-43,-33.1333333333333
6,2403,-13,-33.1333333333333
6,2404,-15,-15.2903225806452
6,2405,2,-6.89648798521257
6,2406,-1,-6.89648798521257
6,2407,3,-6.89648798521257
6,2408,16,-6.89648798521257
6,2409,68,91.1029411764706
6,2410,317,131.666666666667
6,2411,-54,148.564102564103
6,2412,-184,-153.574468085106
6,2413,53,-111.352272727273
6,2414,40,-19.4230769230769
6,2415,-25,-19.4230769230769
6,2416,-55,-6.89648798521257
6,2417,72,-33.1333333333333
6,2418,118,69.027027027027
6,2419,304,141.746987951807
6,2420,55,-232.021276595745
6,2421,-221,-153.574468085106
6,2422,-249,-111.352272727273
6,2423,-154,-83.90625
6,2424,-26,-33.1333333333333
6,2425,-12,-6.89648798521257
6,2426,-32,-6.89648798521257
6,2427,-18,-33.1333333333333
6,2428,-2,-15.2903225806452
6,2429,-13,-6.89648798521257
6,2430,-2,-6.89648798521257
6,2431,34,-6.89648798521257
6,2432,120,55.1794871794872
6,2433,282,148.564102564103
6,2434,210,-67.7
6,2435,-303,-232.021276595745
6,2436,-155,-153.574468085106
6,2437,75,0.7
6,2438,63,-19.4230769230769
6,2439,20,-19.4230769230769
6,2440,-87,-13.5280898876404
6,2441,11,-33.1333333333333
6,2442,172,109.383333333333
6,2443,427,238.210526315789
6,2444,-27,-67.7
6,2445,-256,-153.574468085106
6,2446,-131,-111.352272727273
6,2447,-66,-83.90625
6,2448,-107,-33.1333333333333
6,2449,-153,-33.1333333333333
6,2450,-54,-33.1333333333333
6,2451,-51,-33.1333333333333
6,2452,-12,56.1
6,2453,-13,-6.89648798521257
6,2454,13,-6.89648798521257
6,2455,19,12.0952380952381
6,2456,124,91.1029411764706
6,2457,315,186.66049382716
6,2458,160,-67.7
6,2459,-288,-232.021276595745
6,2460,-141,-110.05
6,2461,74,-83.90625
6,2462,69,-19.4230769230769
6,2463,-21,-19.4230769230769
6,2464,-57,-6.89648798521257
6,2465,46,-33.1333333333333
6,2466,114,69.027027027027
6,2467,422,238.210526315789
6,2468,16,-175.736842105263
6,2469,-331,-153.574468085106
6,2470,-91,-111.352272727273
6,2471,-147,-83.90625
6,2472,-48,-33.1333333333333
6,2473,-85,-33.1333333333333
6,2474,-96,-33.1333333333333
6,2475,-21,-33.1333333333333
6,2476,-28,-15.2903225806452
6,2477,-7,-6.89648798521257
6,2478,-3,-6.89648798521257
6,2479,23,-6.89648798521257
6,2480,148,91.1029411764706
6,2481,333,186.66049382716
6,2482,230,-67.7
6,2483,-384,-232.021276595745
6,2484,-106,-153.574468085106
6,2485,79,0.7
6,2486,26,-19.4230769230769
6,2487,35,-13.5280898876404
6,2488,-45,-13.5280898876404
6,2489,41,-33.1333333333333
6,2490,177,69.027027027027
6,2491,244,238.210526315789
6,2492,-143,-175.736842105263
6,2493,-186,-153.574468085106
6,2494,-146,0.7
6,2495,-79,-83.90625
6,2496,-7,-33.1333333333333
6,2497,-77,-6.89648798521257
6,2498,-26,-33.1333333333333
6,2499,-44,-15.2903225806452
6,2500,-35,56.1
6,2501,-36,-33.1333333333333
6,2502,-19,-33.1333333333333
6,2503,-2,-6.89648798521257
6,2504,38,-6.89648798521257
6,2505,45,91.1029411764706
6,2506,100,131.666666666667
6,2507,97,186.66049382716
6,2508,160,140.714285714286
6,2509,134,30.4347826086957
6,2510,56,-232.021276595745
6,2511,62,-110.05
6,2512,26,-5.9
6,2513,-58,-13.5280898876404
6,2514,-30,-33.1333333333333
6,2515,-16,-6.89648798521257
6,2516,19,-6.89648798521257
6,2517,-213,-15.2903225806452
6,2518,-117,-33.1333333333333
6,2519,-56,-33.1333333333333
6,2520,79,-33.1333333333333
6,2521,-99,186.66049382716
6,2522,-69,-33.1333333333333
6,2523,-40,-33.1333333333333
6,2524,-32,56.1
6,2525,-32,-33.1333333333333
6,2526,-50,-33.1333333333333
6,2527,-8,-33.1333333333333
6,2528,17,-6.89648798521257
6,2529,65,91.1029411764706
6,2530,81,131.666666666667
6,2531,142,186.66049382716
6,2532,119,30.4347826086957
6,2533,149,-232.021276595745
6,2534,56,-232.021276595745
6,2535,-30,-110.05
6,2536,-64,-6.89648798521257
6,2537,-41,-33.1333333333333
6,2538,75,-33.1333333333333
6,2539,-28,-19.4230769230769
6,2540,-75,-15.2903225806452
6,2541,-72,-33.1333333333333
6,2542,-128,-33.1333333333333
6,2543,-41,-33.1333333333333
6,2544,-88,-33.1333333333333
6,2545,-59,-33.1333333333333
6,2546,-46,-33.1333333333333
6,2547,-25,-33.1333333333333
6,2548,-4,-6.89648798521257
6,2549,-9,-6.89648798521257
6,2550,5,-6.89648798521257
6,2551,8,-6.89648798521257
6,2552,64,91.1029411764706
6,2553,74,131.666666666667
6,2554,117,140.714285714286
6,2555,-84,-102.1
6,2556,-87,-47
6,2557,7,-33.1333333333333
6,2558,64,25.536231884058
6,2559,14,-19.4230769230769
6,2560,-4,-13.5280898876404
6,2561,45,-6.89648798521257
6,2562,90,69.027027027027
6,2563,193,140.714285714286
6,2564,22,-102.1
6,2565,-82,-110.05
6,2566,-112,-111.352272727273
6,2567,-95,-33.1333333333333
6,2568,-99,-33.1333333333333
6,2569,-45,-33.1333333333333
6,2570,-61,-33.1333333333333
6,2571,-9,-33.1333333333333
6,2572,-16,-15.2903225806452
6,2573,-6,-6.89648798521257
6,2574,2,-6.89648798521257
6,2575,10,-6.89648798521257
6,2576,120,91.1029411764706
6,2577,187,186.66049382716
6,2578,266,-67.7
6,2579,-257,-232.021276595745
6,2580,-133,-153.574468085106
6,2581,-11,0.7
6,2582,65,-6.89648798521257
6,2583,-11,-19.4230769230769
6,2584,-21,-6.89648798521257
6,2585,23,109.383333333333
6,2586,141,109.383333333333
6,2587,399,238.210526315789
6,2588,0,-67.7
6,2589,-421,-153.574468085106
6,2590,9,-111.352272727273
6,2591,-112,12.0952380952381
6,2592,-87,-33.1333333333333
6,2593,-69,-33.1333333333333
6,2594,-58,-33.1333333333333
6,2595,-15,-33.1333333333333
6,2596,-20,-15.2903225806452
6,2597,-7,-6.89648798521257
6,2598,-2,-6.89648798521257
6,2599,32,-6.89648798521257
6,2600,125,91.1029411764706
6,2601,308,186.66049382716
6,2602,251,-67.7
6,2603,-422,-232.021276595745
6,2604,-106,-153.574468085106
6,2605,6,0.7
6,2606,51,25.536231884058
6,2607,22,-19.4230769230769
6,2608,-22,-13.5280898876404
6,2609,9,109.383333333333
6,2610,21,109.383333333333
6,2611,7,109.383333333333
6,2612,42,25.536231884058
6,2613,49,-19.4230769230769
6,2614,-81,34.25
6,2615,-50,-33.1333333333333
6,2616,-86,-33.1333333333333
6,2617,-53,-33.1333333333333
6,2618,-50,-33.1333333333333
6,2619,-26,-33.1333333333333
6,2620,-14,-6.89648798521257
6,2621,-12,-6.89648798521257
6,2622,1,-6.89648798521257
6,2623,25,-6.89648798521257
6,2624,126,91.1029411764706
6,2625,259,186.66049382716
6,2626,277,-67.7
6,2627,-391,-232.021276595745
6,2628,-116,-153.574468085106
6,2629,36,0.7
6,2630,68,25.536231884058
6,2631,13,-19.4230769230769
6,2632,-50,-13.5280898876404
6,2633,39,-33.1333333333333
6,2634,99,109.383333333333
6,2635,408,238.210526315789
6,2636,-46,-102.1
6,2637,-260,-153.574468085106
6,2638,-94,-111.352272727273
6,2639,-113,-83.90625
6,2640,-42,-33.1333333333333
6,2641,-76,-33.1333333333333
6,2642,-94,-33.1333333333333
6,2643,-31,-33.1333333333333
6,2644,-19,56.1
6,2645,-9,-6.89648798521257
6,2646,-5,-6.89648798521257
6,2647,21,-6.89648798521257
6,2648,83,91.1029411764706
6,2649,246,186.66049382716
6,2650,224,141.746987951807
6,2651,-243,-232.021276595745
6,2652,-108,-153.574468085106
6,2653,51,0.7
6,2654,38,-19.4230769230769
6,2655,12,-13.5280898876404
6,2656,34,-13.5280898876404
6,2657,99,-13.5280898876404
6,2658,118,69.027027027027
6,2659,69,238.210526315789
6,2660,-131,-47
6,2661,-118,-33.1333333333333
6,2662,-54,-33.1333333333333
6,2663,-95,-33.1333333333333
6,2664,-43,-33.1333333333333
6,2665,-46,-33.1333333333333
6,2666,-50,-33.1333333333333
6,2667,-34,-33.1333333333333
6,2668,-18,-33.1333333333333
6,2669,-33,-6.89648798521257
6,2670,-29,-33.1333333333333
6,2671,8,-6.89648798521257
6,2672,21,12.0952380952381
6,2673,23,91.1029411764706
6,2674,87,91.1029411764706
6,2675,148,140.714285714286
6,2676,148,69.027027027027
6,2677,83,-232.021276595745
6,2678,9,-232.021276595745
6,2679,10,-13.5280898876404
6,2680,25,-13.5280898876404
6,2681,-51,-13.5280898876404
6,2682,-9,-33.1333333333333
6,2683,-42,-6.89648798521257
6,2684,-47,-33.1333333333333
6,2685,-42,-33.1333333333333
6,2686,-118,-33.1333333333333
6,2687,-4,-33.1333333333333
6,2688,-47,-6.89648798521257
6,2689,-54,-33.1333333333333
6,2690,-13,-33.1333333333333
6,2691,-59,-6.89648798521257
6,2692,-17,-33.1333333333333
6,2693,-25,-6.89648798521257
6,2694,-25,-6.89648798521257
6,2695,-4,-6.89648798521257
6,2696,15,-6.89648798521257
6,2697,30,91.1029411764706
6,2698,99,55.1794871794872
6,2699,119,186.66049382716
6,2700,154,69.027027027027
6,2701,95,-232.021276595745
6,2702,51,-232.021276595745
6,2703,-72,-5.9
6,2704,49,-33.1333333333333
6,2705,-12,-5.9
6,2706,-34,-6.89648798521257
6,2707,21,-33.1333333333333
6,2708,-4,109.383333333333
6,2709,-76,109.383333333333
6,2710,-50,-33.1333333333333
6,2711,-249,-33.1333333333333
6,2712,-84,-33.1333333333333
6,2713,37,-33.1333333333333
6,2714,-31,25.536231884058
6,2715,-6,-33.1333333333333
6,2716,-11,-6.89648798521257
6,2717,-30,-6.89648798521257
6,2718,-12,-6.89648798521257
6,2719,3,-6.89648798521257
6,2720,11,-6.89648798521257
6,2721,47,55.1794871794872
6,2722,88,129.382978723404
6,2723,108,148.564102564103
6,2724,101,30.4347826086957
6,2725,112,30.4347826086957
6,2726,49,-102.1
6,2727,31,-47
6,2728,-91,-13.5280898876404
6,2729,-5,-33.1333333333333
6,2730,41,-6.89648798521257
6,2731,-96,-19.4230769230769
6,2732,-22,-33.1333333333333
6,2733,12,-6.89648798521257
6,2734,-78,-13.5280898876404
6,2735,-70,-33.1333333333333
6,2736,-90,-33.1333333333333
6,2737,-75,-33.1333333333333
6,2738,-37,-33.1333333333333
6,2739,-31,-33.1333333333333
6,2740,-6,-33.1333333333333
6,2741,-5,-6.89648798521257
6,2742,2,-6.89648798521257
6,2743,28,-6.89648798521257
6,2744,121,91.1029411764706
6,2745,296,186.66049382716
6,2746,184,-67.7
6,2747,-377,-232.021276595745
6,2748,-74,-110.05
6,2749,14,0.7
6,2750,40,25.536231884058
6,2751,2,-19.4230769230769
6,2752,-1,-6.89648798521257
6,2753,18,109.383333333333
6,2754,137,109.383333333333
6,2755,388,238.210526315789
6,2756,-71,-67.7
6,2757,-184,-153.574468085106
6,2758,-322,-111.352272727273
6,2759,-133,-83.90625
6,2760,-16,-33.1333333333333
6,2761,-5,-6.89648798521257
6,2762,-14,-6.89648798521257
6,2763,-32,-15.2903225806452
6,2764,1,56.1
6,2765,0,-6.89648798521257
6,2766,1,-6.89648798521257
6,2767,35,-6.89648798521257
6,2768,103,55.1794871794872
6,2769,339,148.564102564103
6,2770,188,141.746987951807
6,2771,-366,-232.021276595745
6,2772,-128,-110.05
6,2773,31,0.7
6,2774,45,25.536231884058
6,2775,36,-19.4230769230769
6,2776,-37,-13.5280898876404
6,2777,23,-33.1333333333333
6,2778,123,109.383333333333
6,2779,441,238.210526315789
6,2780,-43,-67.7
6,2781,-240,-153.574468085106
6,2782,-125,-111.352272727273
6,2783,-127,-83.90625
6,2784,-87,-33.1333333333333
6,2785,-57,-33.1333333333333
6,2786,-99,-33.1333333333333
6,2787,-35,-33.1333333333333
6,2788,-12,56.1
6,2789,-6,-6.89648798521257
6,2790,0,-6.89648798521257
6,2791,25,-6.89648798521257
6,2792,145,91.1029411764706
6,2793,329,186.66049382716
6,2794,186,-67.7
6,2795,-382,-232.021276595745
6,2796,-91,-110.05
6,2797,-2,0.7
6,2798,74,-6.89648798521257
6,2799,1,-19.4230769230769
6,2800,-39,-6.89648798521257
6,2801,36,-33.1333333333333
6,2802,197,109.383333333333
6,2803,340,238.210526315789
6,2804,-42,-67.7
6,2805,-194,-153.574468085106
6,2806,-112,-111.352272727273
6,2807,-120,-83.90625
6,2808,-95,-33.1333333333333
6,2809,-124,-33.1333333333333
6,2810,-54,-33.1333333333333
6,2811,-52,-33.1333333333333
6,2812,-18,56.1
6,2813,-12,-6.89648798521257
6,2814,2,-6.89648798521257
6,2815,39,-6.89648798521257
6,2816,96,91.1029411764706
6,2817,261,186.66049382716
6,2818,292,141.746987951807
6,2819,-396,-232.021276595745
6,2820,-94,-153.574468085106
6,2821,31,0.7
6,2822,75,25.536231884058
6,2823,6,-19.4230769230769
6,2824,-62,-13.5280898876404
6,2825,4,-33.1333333333333
6,2826,-36,109.383333333333
6,2827,5,-33.1333333333333
6,2828,-117,-6.89648798521257
6,2829,-65,-33.1333333333333
6,2830,-6,-33.1333333333333
6,2831,46,-6.89648798521257
6,2832,-62,129.382978723404
6,2833,50,-33.1333333333333
6,2834,13,79.0909090909091
6,2835,-10,55.1794871794872
6,2836,-35,-6.89648798521257
6,2837,-15,-33.1333333333333
6,2838,-13,-6.89648798521257
6,2839,-1,-6.89648798521257
6,2840,24,-6.89648798521257
6,2841,50,-13.5280898876404
6,2842,124,131.666666666667
6,2843,122,148.564102564103
6,2844,161,-175.736842105263
6,2845,43,-232.021276595745
6,2846,132,-110.05
6,2847,11,-102.1
6,2848,-32,-110.05
6,2849,55,-33.1333333333333
6,2850,-58,-19.4230769230769
6,2851,-58,-33.1333333333333
6,2852,-74,-33.1333333333333
6,2853,42,-33.1333333333333
6,2854,-155,129.382978723404
6,2855,-83,-33.1333333333333
6,2856,-88,-33.1333333333333
6,2857,10,-33.1333333333333
6,2858,-69,12.0952380952381
6,2859,-48,-33.1333333333333
6,2860,-32,-33.1333333333333
6,2861,-39,56.1
6,2862,-37,-33.1333333333333
6,2863,-1,-33.1333333333333
6,2864,10,-6.89648798521257
6,2865,13,55.1794871794872
6,2866,105,91.1029411764706
6,2867,160,186.66049382716
6,2868,104,140.714285714286
6,2869,107,-232.021276595745
6,2870,173,-102.1
6,2871,2,-102.1
6,2872,-8,-110.05
6,2873,-34,-6.89648798521257
6,2874,18,-33.1333333333333
6,2875,-84,-13.5280898876404
6,2876,-82,-33.1333333333333
6,2877,-43,-33.1333333333333
6,2878,-139,-33.1333333333333
6,2879,-68,-33.1333333333333
6,2880,-20,-33.1333333333333
6,2881,-118,-6.89648798521257
6,2882,-59,-33.1333333333333
6,2883,-35,-33.1333333333333
6,2884,-3,-33.1333333333333
6,2885,-6,-6.89648798521257
6,2886,3,-6.89648798521257
6,2887,27,-6.89648798521257
6,2888,104,55.1794871794872
6,2889,378,186.66049382716
6,2890,148,141.746987951807
6,2891,-383,-232.021276595745
6,2892,-95,-110.05
6,2893,52,-83.90625
6,2894,43,-19.4230769230769
6,2895,-8,-19.4230769230769
6,2896,-4,-6.89648798521257
6,2897,22,-6.89648798521257
6,2898,156,109.383333333333
6,2899,386,261.135135135135
6,2900,-12,-67.7
6,2901,-177,-153.574468085106
6,2902,-184,-111.352272727273
6,2903,-196,-83.90625
6,2904,-97,-33.1333333333333
6,2905,-82,-33.1333333333333
6,2906,-52,-33.1333333333333
6,2907,-14,-33.1333333333333
6,2908,-12,-15.2903225806452
6,2909,-3,-6.89648798521257
6,2910,0,-6.89648798521257
6,2911,31,-6.89648798521257
6,2912,148,91.1029411764706
6,2913,385,186.66049382716
6,2914,141,-67.7
6,2915,-375,-232.021276595745
6,2916,-159,-110.05
6,2917,51,-83.90625
6,2918,20,-19.4230769230769
6,2919,20,-13.5280898876404
6,2920,9,-13.5280898876404
6,2921,-4,109.383333333333
6,2922,201,109.383333333333
6,2923,377,261.135135135135
6,2924,-60,-67.7
6,2925,-277,-153.574468085106
6,2926,-98,-111.352272727273
6,2927,-132,-83.90625
6,2928,-90,-33.1333333333333
6,2929,-80,-33.1333333333333
6,2930,-64,-33.1333333333333
6,2931,-22,-33.1333333333333
6,2932,-16,-15.2903225806452
6,2933,-3,-6.89648798521257
6,2934,2,-6.89648798521257
6,2935,28,-6.89648798521257
6,2936,134,91.1029411764706
6,2937,375,186.66049382716
6,2938,121,-67.7
6,2939,-365,-232.021276595745
6,2940,-100,-47
6,2941,23,-83.90625
6,2942,89,25.536231884058
6,2943,-12,-19.4230769230769
6,2944,-1,-6.89648798521257
6,2945,-2,109.383333333333
6,2946,152,109.383333333333
6,2947,272,261.135135135135
6,2948,58,-67.7
6,2949,-244,-153.574468085106
6,2950,-130,-111.352272727273
6,2951,-110,-83.90625
6,2952,-50,-33.1333333333333
6,2953,-125,-33.1333333333333
6,2954,-64,-33.1333333333333
6,2955,-37,-33.1333333333333
6,2956,-10,56.1
6,2957,-7,-6.89648798521257
6,2958,1,-6.89648798521257
6,2959,28,-6.89648798521257
6,2960,136,91.1029411764706
6,2961,356,186.66049382716
6,2962,155,-67.7
6,2963,-344,-232.021276595745
6,2964,-127,-110.05
6,2965,27,-83.90625
6,2966,99,25.536231884058
6,2967,-21,-19.4230769230769
6,2968,-50,-6.89648798521257
6,2969,68,-33.1333333333333
6,2970,133,69.027027027027
6,2971,403,261.135135135135
6,2972,-56,-232.021276595745
6,2973,-211,-153.574468085106
6,2974,-124,-111.352272727273
6,2975,-165,-83.90625
6,2976,-85,-33.1333333333333
6,2977,-51,-33.1333333333333
6,2978,-100,-33.1333333333333
6,2979,-48,-33.1333333333333
6,2980,-10,56.1
6,2981,-11,-6.89648798521257
6,2982,2,-6.89648798521257
6,2983,19,-6.89648798521257
6,2984,110,91.1029411764706
6,2985,289,186.66049382716
6,2986,272,-67.7
6,2987,-318,-232.021276595745
6,2988,-133,-153.574468085106
6,2989,15,0.7
6,2990,105,25.536231884058
6,2991,47,-19.4230769230769
6,2992,-43,-19.4230769230769
6,2993,24,-33.1333333333333
6,2994,126,109.383333333333
6,2995,270,238.210526315789
6,2996,-70,-67.7
6,2997,-168,-153.574468085106
6,2998,-147,-111.352272727273
6,2999,-69,-83.90625
6,3000,-48,-33.1333333333333
6,3001,-76,-33.1333333333333
6,3002,-9,-33.1333333333333
6,3003,-83,-15.2903225806452
6,3004,-34,56.1
6,3005,-49,-33.1333333333333
6,3006,-32,-33.1333333333333
6,3007,11,-33.1333333333333
6,3008,61,12.0952380952381
6,3009,7,131.666666666667
6,3010,157,55.1794871794872
6,3011,96,30.4347826086957
6,3012,126,-67.7
6,3013,103,30.4347826086957
6,3014,-38,-232.021276595745
6,3015,54,-33.1333333333333
6,3016,8,-5.9
6,3017,-38,-13.5280898876404
6,3018,-21,-33.1333333333333
6,3019,-39,109.383333333333
6,3020,-44,-33.1333333333333
6,3021,-91,-33.1333333333333
6,3022,3,-33.1333333333333
6,3023,-47,-6.89648798521257
6,3024,-102,-33.1333333333333
6,3025,16,-33.1333333333333
6,3026,-72,12.0952380952381
6,3027,-42,-33.1333333333333
6,3028,-43,-33.1333333333333
6,3029,-44,-33.1333333333333
6,3030,-19,-33.1333333333333
6,3031,3,-6.89648798521257
6,3032,17,-6.89648798521257
6,3033,32,55.1794871794872
6,3034,119,91.1029411764706
6,3035,85,186.66049382716
6,3036,147,-67.7
6,3037,86,30.4347826086957
6,3038,3,-232.021276595745
6,3039,-10,-6.89648798521257
6,3040,8,-6.89648798521257
6,3041,-25,-13.5280898876404
6,3042,33,-6.89648798521257
6,3043,13,109.383333333333
6,3044,-31,-13.5280898876404
6,3045,-115,-33.1333333333333
6,3046,-12,-33.1333333333333
6,3047,-110,-6.89648798521257
6,3048,-94,-33.1333333333333
6,3049,-49,-33.1333333333333
6,3050,-69,-33.1333333333333
6,3051,-17,-33.1333333333333
6,3052,-7,-6.89648798521257
6,3053,-11,-6.89648798521257
6,3054,1,-6.89648798521257
6,3055,30,-6.89648798521257
6,3056,107,91.1029411764706
6,3057,359,186.66049382716
6,3058,148,141.746987951807
6,3059,-335,-232.021276595745
6,3060,-169,-110.05
6,3061,55,-83.90625
6,3062,59,-19.4230769230769
6,3063,-13,-19.4230769230769
6,3064,11,-6.89648798521257
6,3065,0,-13.5280898876404
6,3066,168,109.383333333333
6,3067,373,261.135135135135
6,3068,31,-67.7
6,3069,-235,-153.574468085106
6,3070,-202,-111.352272727273
6,3071,-144,-83.90625
6,3072,-86,-33.1333333333333
6,3073,-84,-33.1333333333333
6,3074,-52,-33.1333333333333
6,3075,-12,-33.1333333333333
6,3076,-10,-15.2903225806452
6,3077,6,-6.89648798521257
6,3078,-8,12.0952380952381
6,3079,25,-6.89648798521257
6,3080,107,91.1029411764706
6,3081,167,140.714285714286
6,3082,310,141.746987951807
6,3083,-328,-232.021276595745
6,3084,-160,-153.574468085106
6,3085,-60,0.7
6,3086,30,-83.90625
6,3087,-36,-13.5280898876404
6,3088,1,-33.1333333333333
6,3089,56,-6.89648798521257
6,3090,123,69.027027027027
6,3091,442,238.210526315789
6,3092,-28,-232.021276595745
6,3093,-162,-153.574468085106
6,3094,-105,-111.352272727273
6,3095,-112,-83.90625
6,3096,-67,-33.1333333333333
6,3097,-118,-33.1333333333333
6,3098,-55,-33.1333333333333
6,3099,-6,-33.1333333333333
6,3100,-24,-15.2903225806452
6,3101,4,-6.89648798521257
6,3102,2,-6.89648798521257
6,3103,30,-6.89648798521257
6,3104,154,91.1029411764706
6,3105,311,140.714285714286
6,3106,208,-67.7
6,3107,-361,-232.021276595745
6,3108,-154,-153.574468085106
6,3109,48,0.7
6,3110,88,-19.4230769230769
6,3111,-79,-19.4230769230769
6,3112,65,-33.1333333333333
6,3113,-39,-5.9
6,3114,111,56.1
6,3115,465,238.210526315789
6,3116,-113,-67.7
6,3117,-73,-153.574468085106
6,3118,-223,-111.352272727273
6,3119,-52,-83.90625
6,3120,-158,-33.1333333333333
6,3121,-85,-33.1333333333333
6,3122,-105,-33.1333333333333
6,3123,-27,-33.1333333333333
6,3124,-12,69.2
6,3125,-4,-6.89648798521257
6,3126,1,-6.89648798521257
6,3127,34,-6.89648798521257
6,3128,141,91.1029411764706
6,3129,325,186.66049382716
6,3130,213,-67.7
6,3131,-362,-232.021276595745
6,3132,-178,-153.574468085106
6,3133,49,0.7
6,3134,37,-19.4230769230769
6,3135,19,-13.5280898876404
6,3136,14,-13.5280898876404
6,3137,26,109.383333333333
6,3138,114,109.383333333333
6,3139,429,238.210526315789
6,3140,-44,-67.7
6,3141,-244,-153.574468085106
6,3142,-144,-111.352272727273
6,3143,-98,-83.90625
6,3144,-95,-33.1333333333333
6,3145,-70,-33.1333333333333
6,3146,-78,-33.1333333333333
6,3147,-43,-33.1333333333333
6,3148,-36,56.1
6,3149,-10,-33.1333333333333
6,3150,9,-6.89648798521257
6,3151,19,12.0952380952381
6,3152,118,91.1029411764706
6,3153,279,186.66049382716
6,3154,223,-67.7
6,3155,-287,-232.021276595745
6,3156,-150,-153.574468085106
6,3157,70,0.7
6,3158,117,-19.4230769230769
6,3159,-10,-19.4230769230769
6,3160,-17,-47
6,3161,1,109.383333333333
6,3162,181,109.383333333333
6,3163,265,238.210526315789
6,3164,-130,-67.7
6,3165,-226,-153.574468085106
6,3166,-82,-111.352272727273
6,3167,-52,-83.90625
6,3168,-12,-33.1333333333333
6,3169,-99,-6.89648798521257
6,3170,-85,-33.1333333333333
6,3171,-42,-33.1333333333333
6,3172,-28,56.1
6,3173,-40,-6.89648798521257
6,3174,-19,-33.1333333333333
6,3175,15,-6.89648798521257
6,3176,24,12.0952380952381
6,3177,31,91.1029411764706
6,3178,126,91.1029411764706
6,3179,163,140.714285714286
6,3180,68,-67.7
6,3181,131,-110.05
6,3182,37,-102.1
6,3183,14,-110.05
6,3184,-44,-13.5280898876404
6,3185,10,-33.1333333333333
6,3186,-41,-13.5280898876404
6,3187,51,-33.1333333333333
6,3188,-22,-19.4230769230769
6,3189,-110,-6.89648798521257
6,3190,-109,-33.1333333333333
6,3191,-62,-33.1333333333333
6,3192,-10,-33.1333333333333
6,3193,-97,-6.89648798521257
6,3194,-35,-33.1333333333333
6,3195,-60,-33.1333333333333
6,3196,-14,-33.1333333333333
6,3197,-46,-6.89648798521257
6,3198,-10,-33.1333333333333
6,3199,-1,-6.89648798521257
6,3200,6,-6.89648798521257
6,3201,25,91.1029411764706
6,3202,71,91.1029411764706
6,3203,155,186.66049382716
6,3204,162,69.027027027027
6,3205,110,-232.021276595745
6,3206,69,-232.021276595745
6,3207,-1,-47
6,3208,-32,-6.89648798521257
6,3209,-119,-33.1333333333333
6,3210,117,-33.1333333333333
6,3211,13,-19.4230769230769
6,3212,-80,-47
6,3213,-123,-33.1333333333333
6,3214,-88,-33.1333333333333
6,3215,-56,-33.1333333333333
6,3216,-93,-33.1333333333333
6,3217,-45,-33.1333333333333
6,3218,-68,-33.1333333333333
6,3219,-26,-33.1333333333333
6,3220,-5,-6.89648798521257
6,3221,-5,-6.89648798521257
6,3222,5,-6.89648798521257
6,3223,14,-6.89648798521257
6,3224,14,91.1029411764706
6,3225,108,91.1029411764706
6,3226,329,140.714285714286
6,3227,-224,34.25
6,3228,-159,-153.574468085106
6,3229,30,0.7
6,3230,47,25.536231884058
6,3231,57,-19.4230769230769
6,3232,-6,-5.9
6,3233,18,-6.89648798521257
6,3234,95,55.1794871794872
6,3235,391,186.171428571429
6,3236,-81,-19.4230769230769
6,3237,-179,-153.574468085106
6,3238,-101,-111.352272727273
6,3239,-89,-83.90625
6,3240,-109,-33.1333333333333
6,3241,-90,-33.1333333333333
6,3242,-39,-33.1333333333333
6,3243,-21,-33.1333333333333
6,3244,1,69.2
6,3245,-7,-6.89648798521257
6,3246,2,-6.89648798521257
6,3247,27,-6.89648798521257
6,3248,124,91.1029411764706
6,3249,319,186.66049382716
6,3250,193,-67.7
6,3251,-345,-232.021276595745
6,3252,-148,-110.05
6,3253,50,0.7
6,3254,62,-19.4230769230769
6,3255,-20,-19.4230769230769
6,3256,-45,-6.89648798521257
6,3257,32,-33.1333333333333
6,3258,75,109.383333333333
6,3259,477,238.210526315789
6,3260,-16,-102.1
6,3261,-281,-153.574468085106
6,3262,-56,-111.352272727273
6,3263,-182,-83.90625
6,3264,15,-33.1333333333333
6,3265,-166,-13.5280898876404
6,3266,-72,-33.1333333333333
6,3267,-26,-33.1333333333333
6,3268,-21,109.383333333333
6,3269,2,-6.89648798521257
6,3270,-1,-6.89648798521257
6,3271,32,-6.89648798521257
6,3272,126,55.1794871794872
6,3273,299,261.135135135135
6,3274,179,-67.7
6,3275,-327,-232.021276595745
6,3276,-149,-110.05
6,3277,21,0.7
6,3278,-8,25.536231884058
6,3279,31,-6.89648798521257
6,3280,-21,-13.5280898876404
6,3281,-11,109.383333333333
6,3282,156,109.383333333333
6,3283,356,238.210526315789
6,3284,-19,-67.7
6,3285,-133,-153.574468085106
6,3286,-132,-111.352272727273
6,3287,-63,-83.90625
6,3288,-87,-33.1333333333333
6,3289,-134,-33.1333333333333
6,3290,-54,-33.1333333333333
6,3291,-51,-33.1333333333333
6,3292,0,-33.1333333333333
6,3293,-7,-6.89648798521257
6,3294,1,-6.89648798521257
6,3295,28,-6.89648798521257
6,3296,110,91.1029411764706
6,3297,313,186.66049382716
6,3298,127,-67.7
6,3299,-334,-232.021276595745
6,3300,-106,-110.05
6,3301,11,-83.90625
6,3302,54,25.536231884058
6,3303,-43,-19.4230769230769
6,3304,4,-33.1333333333333
6,3305,18,-6.89648798521257
6,3306,126,109.383333333333
6,3307,295,261.135135135135
6,3308,25,-67.7
6,3309,-141,-153.574468085106
6,3310,-63,-111.352272727273
6,3311,-125,-83.90625
6,3312,-68,-33.1333333333333
6,3313,-97,-33.1333333333333
6,3314,-53,-33.1333333333333
6,3315,-62,-33.1333333333333
6,3316,-19,-33.1333333333333
6,3317,-5,-6.89648798521257
6,3318,3,-6.89648798521257
6,3319,28,-6.89648798521257
6,3320,84,91.1029411764706
6,3321,237,186.66049382716
6,3322,254,141.746987951807
6,3323,-280,-232.021276595745
6,3324,-148,-153.574468085106
6,3325,51,0.7
6,3326,18,-19.4230769230769
6,3327,46,-13.5280898876404
6,3328,-37,-5.9
6,3329,21,-33.1333333333333
6,3330,96,109.383333333333
6,3331,266,238.210526315789
6,3332,-141,-19.4230769230769
6,3333,-143,-153.574468085106
6,3334,-160,0.7
6,3335,15,-83.90625
6,3336,-20,25.536231884058
6,3337,-23,-6.89648798521257
6,3338,-58,-6.89648798521257
6,3339,7,-33.1333333333333
6,3340,-30,69.2
6,3341,-51,-6.89648798521257
6,3342,-23,-33.1333333333333
6,3343,-7,-6.89648798521257
6,3344,35,-6.89648798521257
6,3345,31,55.1794871794872
6,3346,89,25.536231884058
6,3347,165,148.564102564103
6,3348,162,140.714285714286
6,3349,22,-232.021276595745
6,3350,86,-110.05
6,3351,-38,-5.9
6,3352,45,-33.1333333333333
6,3353,-126,-5.9
6,3354,30,-33.1333333333333
6,3355,17,-13.5280898876404
6,3356,-49,109.383333333333
6,3357,-56,-33.1333333333333
6,3358,-39,-33.1333333333333
6,3359,-64,-33.1333333333333
6,3360,-43,-33.1333333333333
6,3361,-54,-33.1333333333333
6,3362,-62,-33.1333333333333
6,3363,-36,-33.1333333333333
6,3364,-13,-33.1333333333333
6,3365,-54,-6.89648798521257
6,3366,-47,-33.1333333333333
6,3367,-5,-33.1333333333333
6,3368,17,-6.89648798521257
6,3369,46,91.1029411764706
6,3370,70,131.666666666667
6,3371,91,186.66049382716
6,3372,220,30.4347826086957
6,3373,54,30.4347826086957
6,3374,50,-153.574468085106
6,3375,29,-5.9
6,3376,-34,-13.5280898876404
6,3377,-64,-33.1333333333333
6,3378,-26,-33.1333333333333
6,3379,71,-6.89648798521257
6,3380,2,-19.4230769230769
6,3381,-111,-15.2903225806452
6,3382,-91,-33.1333333333333
6,3383,-79,-33.1333333333333
6,3384,-75,-33.1333333333333
6,3385,-91,-33.1333333333333
6,3386,-19,-33.1333333333333
6,3387,-37,-6.89648798521257
6,3388,-17,-33.1333333333333
6,3389,-9,-6.89648798521257
6,3390,-1,-6.89648798521257
6,3391,39,-6.89648798521257
6,3392,115,91.1029411764706
6,3393,327,186.66049382716
6,3394,123,-175.736842105263
6,3395,-340,-232.021276595745
6,3396,-84,-47
6,3397,-3,-83.90625
6,3398,89,-6.89648798521257
6,3399,-10,-19.4230769230769
6,3400,-9,-6.89648798521257
6,3401,-18,-6.89648798521257
6,3402,181,109.383333333333
6,3403,419,261.135135135135
6,3404,-42,-67.7
6,3405,-209,-153.574468085106
6,3406,-107,-111.352272727273
6,3407,-144,-83.90625
6,3408,-144,-33.1333333333333
6,3409,-84,-33.1333333333333
6,3410,-66,-33.1333333333333
6,3411,-7,-33.1333333333333
6,3412,-21,-15.2903225806452
6,3413,0,-6.89648798521257
6,3414,1,-6.89648798521257
6,3415,29,-6.89648798521257
6,3416,149,91.1029411764706
6,3417,364,186.66049382716
6,3418,104,-67.7
6,3419,-328,-232.021276595745
6,3420,-138,-111.352272727273
6,3421,45,-83.90625
6,3422,73,-19.4230769230769
6,3423,-2,-19.4230769230769
6,3424,-39,-6.89648798521257
6,3425,50,-33.1333333333333
6,3426,99,69.027027027027
6,3427,484,261.135135135135
6,3428,-76,-102.1
6,3429,-212,-153.574468085106
6,3430,-107,-111.352272727273
6,3431,-177,-83.90625
6,3432,-83,-33.1333333333333
6,3433,-114,-33.1333333333333
6,3434,-77,-33.1333333333333
6,3435,-31,-33.1333333333333
6,3436,-9,56.1
6,3437,-6,-6.89648798521257
6,3438,3,-6.89648798521257
6,3439,25,-6.89648798521257
6,3440,164,91.1029411764706
6,3441,327,186.66049382716
6,3442,160,-67.7
6,3443,-405,-232.021276595745
6,3444,-110,-110.05
6,3445,37,-83.90625
6,3446,113,25.536231884058
6,3447,-1,-19.4230769230769
6,3448,-51,-47
6,3449,-21,-33.1333333333333
6,3450,143,109.383333333333
6,3451,451,238.210526315789
6,3452,-39,-67.7
6,3453,-161,-153.574468085106
6,3454,-198,-111.352272727273
6,3455,-78,-83.90625
6,3456,-70,-33.1333333333333
6,3457,-138,-33.1333333333333
6,3458,-105,-33.1333333333333
6,3459,-29,-33.1333333333333
6,3460,-12,-15.2903225806452
6,3461,-6,-6.89648798521257
6,3462,4,-6.89648798521257
6,3463,36,-6.89648798521257
6,3464,146,91.1029411764706
6,3465,315,186.66049382716
6,3466,109,-67.7
6,3467,-266,-232.021276595745
6,3468,-167,-47
6,3469,27,-83.90625
6,3470,65,25.536231884058
6,3471,-40,-19.4230769230769
6,3472,18,-33.1333333333333
6,3473,-35,109.383333333333
6,3474,168,56.1
6,3475,318,261.135135135135
6,3476,-8,-67.7
6,3477,-126,-153.574468085106
6,3478,-101,-111.352272727273
6,3479,-72,-83.90625
6,3480,-124,-33.1333333333333
6,3481,-103,-33.1333333333333
6,3482,-57,-33.1333333333333
6,3483,-72,-33.1333333333333
6,3484,-24,-33.1333333333333
6,3485,-10,-6.89648798521257
6,3486,2,-6.89648798521257
6,3487,35,-6.89648798521257
6,3488,118,91.1029411764706
6,3489,217,186.66049382716
6,3490,244,-67.7
6,3491,-324,-232.021276595745
6,3492,-129,-153.574468085106
6,3493,17,0.7
6,3494,38,25.536231884058
6,3495,13,-13.5280898876404
6,3496,-6,-13.5280898876404
6,3497,-3,109.383333333333
6,3498,121,109.383333333333
6,3499,188,238.210526315789
6,3500,-75,-67.7
6,3501,-101,-110.05
6,3502,-55,-111.352272727273
6,3503,-72,-33.1333333333333
6,3504,-73,-33.1333333333333
6,3505,-115,-33.1333333333333
6,3506,21,-33.1333333333333
6,3507,-11,-15.2903225806452
6,3508,3,69.2
6,3509,-38,-6.89648798521257
6,3510,-5,-33.1333333333333
6,3511,-8,-6.89648798521257
6,3512,32,-6.89648798521257
6,3513,50,25.536231884058
6,3514,102,131.666666666667
6,3515,81,-102.1
6,3516,129,30.4347826086957
6,3517,48,-102.1
6,3518,19,-110.05
6,3519,-43,25.536231884058
6,3520,-19,-33.1333333333333
6,3521,-5,-6.89648798521257
6,3522,-31,-6.89648798521257
6,3523,-11,-33.1333333333333
6,3524,-23,-6.89648798521257
6,3525,35,109.383333333333
6,3526,-82,12.0952380952381
6,3527,-79,-33.1333333333333
6,3528,-41,-33.1333333333333
6,3529,-20,-33.1333333333333
6,3530,-3,-6.89648798521257
6,3531,-56,-6.89648798521257
6,3532,-3,-33.1333333333333
6,3533,-57,-6.89648798521257
6,3534,-29,-33.1333333333333
6,3535,6,-6.89648798521257
6,3536,17,12.0952380952381
6,3537,23,55.1794871794872
6,3538,92,55.1794871794872
6,3539,77,34.25
6,3540,147,69.027027027027
6,3541,11,30.4347826086957
6,3542,56,-110.05
6,3543,-13,-5.9
6,3544,24,-6.89648798521257
6,3545,-99,-13.5280898876404
6,3546,-32,-33.1333333333333
6,3547,100,-33.1333333333333
6,3548,-43,-19.4230769230769
6,3549,12,-33.1333333333333
6,3550,-50,12.0952380952381
6,3551,-74,-33.1333333333333
6,3552,-107,-33.1333333333333
6,3553,-41,-33.1333333333333
6,3554,-67,-33.1333333333333
6,3555,-26,-33.1333333333333
6,3556,-2,-6.89648798521257
6,3557,-10,-6.89648798521257
6,3558,7,-6.89648798521257
6,3559,28,12.0952380952381
6,3560,96,91.1029411764706
6,3561,262,186.66049382716
6,3562,170,140.714285714286
6,3563,-273,-232.021276595745
6,3564,-121,-110.05
6,3565,27,-83.90625
6,3566,56,-13.5280898876404
6,3567,-21,-19.4230769230769
6,3568,-6,-6.89648798521257
6,3569,4,-6.89648798521257
6,3570,131,109.383333333333
6,3571,382,238.210526315789
6,3572,-17,-67.7
6,3573,-149,-153.574468085106
6,3574,-186,-111.352272727273
6,3575,-137,-83.90625
6,3576,-70,-33.1333333333333
6,3577,-86,-33.1333333333333
6,3578,-49,-33.1333333333333
6,3579,-39,-33.1333333333333
6,3580,-4,56.1
6,3581,-8,-6.89648798521257
6,3582,4,-6.89648798521257
6,3583,29,-6.89648798521257
6,3584,119,91.1029411764706
6,3585,329,186.66049382716
6,3586,163,-67.7
6,3587,-374,-232.021276595745
6,3588,-63,-110.05
6,3589,8,-83.90625
6,3590,55,25.536231884058
6,3591,11,-19.4230769230769
6,3592,27,-13.5280898876404
6,3593,91,109.383333333333
6,3594,126,69.027027027027
6,3595,195,238.210526315789
6,3596,-95,-232.021276595745
6,3597,-130,-110.05
6,3598,-121,-111.352272727273
6,3599,-180,-33.1333333333333
6,3600,-19,-33.1333333333333
6,3601,-6,-6.89648798521257
6,3602,-12,-6.89648798521257
6,3603,-36,-15.2903225806452
6,3604,-30,-33.1333333333333
6,3605,-61,-6.89648798521257
6,3606,-16,56.1
6,3607,3,-6.89648798521257
6,3608,13,-6.89648798521257
6,3609,40,55.1794871794872
6,3610,81,131.666666666667
6,3611,140,186.66049382716
6,3612,154,140.714285714286
6,3613,38,-232.021276595745
6,3614,9,-110.05
6,3615,5,25.536231884058
6,3616,48,-6.89648798521257
6,3617,-93,-19.4230769230769
6,3618,-65,-33.1333333333333
6,3619,25,-33.1333333333333
6,3620,16,109.383333333333
6,3621,2,-15.2903225806452
6,3622,119,-6.89648798521257
6,3623,33,34.25
6,3624,-82,-47
6,3625,-319,-33.1333333333333
6,3626,-95,-33.1333333333333
6,3627,-58,-33.1333333333333
6,3628,-12,-33.1333333333333
6,3629,-11,-6.89648798521257
6,3630,0,-6.89648798521257
6,3631,22,-15.2903225806452
6,3632,104,91.1029411764706
6,3633,210,261.135135135135
6,3634,207,141.746987951807
6,3635,-257,-232.021276595745
6,3636,-107,-153.574468085106
6,3637,58,0.7
6,3638,32,-19.4230769230769
6,3639,34,-13.5280898876404
6,3640,-69,-13.5280898876404
6,3641,13,-33.1333333333333
6,3642,179,109.383333333333
6,3643,256,238.210526315789
6,3644,-82,-67.7
6,3645,-104,-153.574468085106
6,3646,-182,-111.352272727273
6,3647,2,-83.90625
6,3648,-98,-6.89648798521257
6,3649,-94,-33.1333333333333
6,3650,-29,-33.1333333333333
6,3651,-73,109.383333333333
6,3652,-12,-33.1333333333333
6,3653,-10,-6.89648798521257
6,3654,-1,-6.89648798521257
6,3655,29,-6.89648798521257
6,3656,96,91.1029411764706
6,3657,222,186.66049382716
6,3658,232,141.746987951807
6,3659,-281,-232.021276595745
6,3660,-94,-153.574468085106
6,3661,23,0.7
6,3662,98,25.536231884058
6,3663,-38,-19.4230769230769
6,3664,-18,-33.1333333333333
6,3665,10,-6.89648798521257
6,3666,84,109.383333333333
6,3667,207,238.210526315789
6,3668,-16,-19.4230769230769
6,3669,-142,-153.574468085106
6,3670,-82,-111.352272727273
6,3671,-36,-33.1333333333333
6,3672,-12,-33.1333333333333
6,3673,-124,-6.89648798521257
6,3674,-14,-33.1333333333333
6,3675,-79,-6.89648798521257
6,3676,-13,-33.1333333333333
6,3677,-27,-6.89648798521257
6,3678,-15,-6.89648798521257
6,3679,-2,-6.89648798521257
6,3680,17,-6.89648798521257
6,3681,40,91.1029411764706
6,3682,81,131.666666666667
6,3683,104,186.66049382716
6,3684,69,69.027027027027
6,3685,42,30.4347826086957
6,3686,-25,79.0909090909091
6,3687,18,-6.89648798521257
6,3688,-52,-13.5280898876404
6,3689,-2,-33.1333333333333
6,3690,-12,-6.89648798521257
6,3691,-15,-6.89648798521257
6,3692,-2,-6.89648798521257
6,3693,10,-6.89648798521257
6,3694,-11,25.536231884058
6,3695,-75,-6.89648798521257
6,3696,19,-33.1333333333333
6,3697,-72,12.0952380952381
6,3698,-1,-33.1333333333333
6,3699,-23,-6.89648798521257
6,3700,-54,-6.89648798521257
6,3701,-35,-33.1333333333333
6,3702,-22,-33.1333333333333
6,3703,-7,-6.89648798521257
6,3704,15,-6.89648798521257
6,3705,31,25.536231884058
6,3706,78,55.1794871794872
6,3707,112,186.66049382716
6,3708,77,140.714285714286
6,3709,70,-47
6,3710,-13,30.4347826086957
6,3711,-39,-6.89648798521257
6,3712,-25,-33.1333333333333
6,3713,-14,-6.89648798521257
6,3714,-7,-6.89648798521257
6,3715,-21,-6.89648798521257
6,3716,-17,-6.89648798521257
6,3717,-3,-6.89648798521257
6,3718,35,-6.89648798521257
6,3719,-78,91.1029411764706
6,3720,-85,-33.1333333333333
6,3721,1,-33.1333333333333
6,3722,-84,-6.89648798521257
6,3723,-21,-33.1333333333333
6,3724,-13,-6.89648798521257
6,3725,0,-6.89648798521257
6,3726,-3,-6.89648798521257
6,3727,26,-6.89648798521257
6,3728,64,25.536231884058
6,3729,138,131.666666666667
6,3730,225,186.66049382716
6,3731,-92,-232.021276595745
6,3732,-188,-153.574468085106
6,3733,41,-111.352272727273
6,3734,50,-19.4230769230769
6,3735,-11,-19.4230769230769
6,3736,-13,-6.89648798521257
6,3737,38,-6.89648798521257
6,3738,133,109.383333333333
6,3739,436,186.66049382716
6,3740,23,-67.7
6,3741,-241,-153.574468085106
6,3742,-184,-111.352272727273
6,3743,-116,-83.90625
6,3744,-107,-33.1333333333333
6,3745,-93,-33.1333333333333
6,3746,-62,-33.1333333333333
6,3747,-54,-33.1333333333333
6,3748,1,56.1
6,3749,-13,-6.89648798521257
6,3750,1,-6.89648798521257
6,3751,38,-6.89648798521257
6,3752,145,91.1029411764706
6,3753,333,186.66049382716
6,3754,129,-67.7
6,3755,-318,-232.021276595745
6,3756,-141,-110.05
6,3757,59,-83.90625
6,3758,23,-19.4230769230769
6,3759,8,-13.5280898876404
6,3760,-38,-13.5280898876404
6,3761,23,-33.1333333333333
6,3762,170,109.383333333333
6,3763,437,261.135135135135
6,3764,-53,-67.7
6,3765,-405,-153.574468085106
6,3766,-330,-111.352272727273
6,3767,6,-83.90625
6,3768,49,25.536231884058
6,3769,-36,-19.4230769230769
6,3770,-59,-33.1333333333333
6,3771,-30,-33.1333333333333
6,3772,-9,109.383333333333
6,3773,0,-6.89648798521257
6,3774,2,-6.89648798521257
6,3775,34,-6.89648798521257
6,3776,144,55.1794871794872
6,3777,312,186.66049382716
6,3778,177,-67.7
6,3779,-346,-232.021276595745
6,3780,-133,-110.05
6,3781,34,0.7
6,3782,63,25.536231884058
6,3783,-19,-19.4230769230769
6,3784,-32,-6.89648798521257
6,3785,35,-33.1333333333333
6,3786,135,109.383333333333
6,3787,419,238.210526315789
6,3788,-16,-67.7
6,3789,-181,-153.574468085106
6,3790,-150,-111.352272727273
6,3791,-92,-83.90625
6,3792,-147,-33.1333333333333
6,3793,-92,-33.1333333333333
6,3794,-96,-33.1333333333333
6,3795,-35,-33.1333333333333
6,3796,-12,56.1
6,3797,1,-6.89648798521257
6,3798,-5,-6.89648798521257
6,3799,39,-6.89648798521257
6,3800,134,91.1029411764706
6,3801,334,186.66049382716
6,3802,190,-175.736842105263
6,3803,-375,-232.021276595745
6,3804,-113,-110.05
6,3805,1,0.7
6,3806,77,-6.89648798521257
6,3807,-15,-19.4230769230769
6,3808,-68,-6.89648798521257
6,3809,62,-33.1333333333333
6,3810,168,69.027027027027
6,3811,356,238.210526315789
6,3812,30,-232.021276595745
6,3813,-196,-153.574468085106
6,3814,-115,-111.352272727273
6,3815,-141,-83.90625
6,3816,-55,-33.1333333333333
6,3817,-107,-33.1333333333333
6,3818,-116,-33.1333333333333
6,3819,-36,-33.1333333333333
6,3820,-42,56.1
6,3821,-8,-33.1333333333333
6,3822,2,-6.89648798521257
6,3823,23,-6.89648798521257
6,3824,93,91.1029411764706
6,3825,253,186.66049382716
6,3826,333,141.746987951807
6,3827,-299,-232.021276595745
6,3828,-146,-153.574468085106
6,3829,20,0.7
6,3830,91,25.536231884058
6,3831,-5,-19.4230769230769
6,3832,-5,-6.89648798521257
6,3833,-16,-6.89648798521257
6,3834,139,109.383333333333
6,3835,343,238.210526315789
6,3836,-204,-67.7
6,3837,-143,-153.574468085106
6,3838,-99,0.7
6,3839,-90,-83.90625
6,3840,-36,-33.1333333333333
6,3841,-51,-33.1333333333333
6,3842,-21,-33.1333333333333
6,3843,-73,-15.2903225806452
6,3844,-17,-33.1333333333333
6,3845,-61,-6.89648798521257
6,3846,-31,-33.1333333333333
6,3847,-4,-33.1333333333333
6,3848,30,-6.89648798521257
6,3849,13,91.1029411764706
6,3850,103,55.1794871794872
6,3851,131,186.66049382716
6,3852,119,69.027027027027
6,3853,38,-232.021276595745
6,3854,60,-47
6,3855,92,-5.9
6,3856,41,-5.9
6,3857,-72,-5.9
6,3858,6,-33.1333333333333
6,3859,-108,-13.5280898876404
6,3860,-107,-33.1333333333333
6,3861,80,-33.1333333333333
6,3862,-75,-19.4230769230769
6,3863,-87,-33.1333333333333
6,3864,-44,-33.1333333333333
6,3865,-14,-33.1333333333333
6,3866,-24,-6.89648798521257
6,3867,-19,-6.89648798521257
6,3868,-53,-6.89648798521257
6,3869,-58,-33.1333333333333
6,3870,-38,-33.1333333333333
6,3871,-10,-33.1333333333333
6,3872,6,-6.89648798521257
6,3873,32,12.0952380952381
6,3874,86,55.1794871794872
6,3875,88,148.564102564103
6,3876,161,140.714285714286
6,3877,69,30.4347826086957
6,3878,38,-110.05
6,3879,-9,25.536231884058
6,3880,-4,-6.89648798521257
6,3881,13,-6.89648798521257
6,3882,6,-13.5280898876404
6,3883,-59,-13.5280898876404
6,3884,-124,-33.1333333333333
6,3885,0,-33.1333333333333
6,3886,-18,-6.89648798521257
6,3887,-71,-6.89648798521257
6,3888,-93,-33.1333333333333
6,3889,-39,-33.1333333333333
6,3890,-48,-33.1333333333333
6,3891,-32,-33.1333333333333
6,3892,4,-33.1333333333333
6,3893,-9,-6.89648798521257
6,3894,6,-6.89648798521257
6,3895,38,12.0952380952381
6,3896,90,91.1029411764706
6,3897,343,186.66049382716
6,3898,184,140.714285714286
6,3899,-319,-232.021276595745
6,3900,-162,-110.05
6,3901,-4,0.7
6,3902,55,-6.89648798521257
6,3903,2,-19.4230769230769
6,3904,-27,-6.89648798521257
6,3905,25,-6.89648798521257
6,3906,149,109.383333333333
6,3907,369,238.210526315789
6,3908,39,-67.7
6,3909,-199,-153.574468085106
6,3910,-141,-111.352272727273
6,3911,-126,-83.90625
6,3912,-44,-33.1333333333333
6,3913,-118,-33.1333333333333
6,3914,-113,-33.1333333333333
6,3915,-28,-33.1333333333333
6,3916,-18,-15.2903225806452
6,3917,-4,-6.89648798521257
6,3918,4,-6.89648798521257
6,3919,31,-6.89648798521257
6,3920,175,91.1029411764706
6,3921,313,186.66049382716
6,3922,135,-67.7
6,3923,-341,-232.021276595745
6,3924,-161,-110.05
6,3925,47,-83.90625
6,3926,48,-19.4230769230769
6,3927,-33,-19.4230769230769
6,3928,-7,-33.1333333333333
6,3929,30,109.383333333333
6,3930,137,109.383333333333
6,3931,389,261.135135135135
6,3932,2,-67.7
6,3933,-225,-153.574468085106
6,3934,-120,-111.352272727273
6,3935,-94,-83.90625
6,3936,-89,-33.1333333333333
6,3937,-83,-33.1333333333333
6,3938,-108,-33.1333333333333
6,3939,-37,-33.1333333333333
6,3940,-8,56.1
6,3941,-4,-6.89648798521257
6,3942,2,-6.89648798521257
6,3943,40,-6.89648798521257
6,3944,116,131.666666666667
6,3945,333,186.66049382716
6,3946,184,-175.736842105263
6,3947,-382,-232.021276595745
6,3948,-159,-110.05
6,3949,45,0.7
6,3950,19,-19.4230769230769
6,3951,1,-13.5280898876404
6,3952,-33,-6.89648798521257
6,3953,24,-33.1333333333333
6,3954,30,109.383333333333
6,3955,146,109.383333333333
6,3956,273,-19.4230769230769
6,3957,-127,-67.7
6,3958,-150,-153.574468085106
6,3959,-47,-111.352272727273
6,3960,-31,-83.90625
6,3961,-157,-33.1333333333333
6,3962,-65,-33.1333333333333
6,3963,-41,-33.1333333333333
6,3964,-18,-33.1333333333333
6,3965,-2,69.2
6,3966,3,-6.89648798521257
6,3967,32,-6.89648798521257
6,3968,112,55.1794871794872
6,3969,321,261.135135135135
6,3970,184,-67.7
6,3971,-339,-232.021276595745
6,3972,-120,-110.05
6,3973,18,0.7
6,3974,58,25.536231884058
6,3975,-20,-19.4230769230769
6,3976,-57,-6.89648798521257
6,3977,95,-33.1333333333333
6,3978,66,69.027027027027
6,3979,413,238.210526315789
6,3980,6,-102.1
6,3981,-244,-153.574468085106
6,3982,-28,-111.352272727273
6,3983,-173,-6.89648798521257
6,3984,-264,-33.1333333333333
6,3985,-3,-33.1333333333333
6,3986,-31,-6.89648798521257
6,3987,-23,-33.1333333333333
6,3988,8,-15.2903225806452
6,3989,17,12.0952380952381
6,3990,-27,55.1794871794872
6,3991,33,-6.89648798521257
6,3992,84,12.0952380952381
6,3993,234,69.027027027027
6,3994,331,141.746987951807
6,3995,-318,-232.021276595745
6,3996,-140,-153.574468085106
6,3997,-21,0.7
6,3998,62,-6.89648798521257
6,3999,-118,-19.4230769230769
6,4000,73,-33.1333333333333
6,4001,-13,-5.9
6,4002,220,109.383333333333
6,4003,279,238.210526315789
6,4004,-93,-67.7
6,4005,-220,-153.574468085106
6,4006,-151,-111.352272727273
6,4007,-129,-83.90625
6,4008,13,-33.1333333333333
6,4009,31,25.536231884058
6,4010,-63,-13.5280898876404
6,4011,-31,-33.1333333333333
6,4012,-12,56.1
6,4013,-35,-6.89648798521257
6,4014,-9,-33.1333333333333
6,4015,1,-6.89648798521257
6,4016,-2,-6.89648798521257
6,4017,22,-6.89648798521257
6,4018,75,91.1029411764706
6,4019,95,186.66049382716
6,4020,61,141.746987951807
6,4021,37,30.4347826086957
6,4022,152,25.536231884058
6,4023,-103,-102.1
6,4024,-11,-110.05
6,4025,37,-6.89648798521257
6,4026,-54,-13.5280898876404
6,4027,-85,-33.1333333333333
6,4028,-64,-33.1333333333333
6,4029,61,-33.1333333333333
6,4030,-24,131.666666666667
6,4031,-51,69.2
6,4032,17,-33.1333333333333
6,4033,-31,12.0952380952381
6,4034,-36,-33.1333333333333
6,4035,17,-33.1333333333333
6,4036,-8,25.536231884058
6,4037,-79,-6.89648798521257
6,4038,-27,-33.1333333333333
6,4039,-10,-6.89648798521257
6,4040,13,-6.89648798521257
6,4041,19,12.0952380952381
6,4042,115,25.536231884058
6,4043,105,148.564102564103
6,4044,121,-67.7
6,4045,126,30.4347826086957
6,4046,-1,-232.021276595745
6,4047,122,-47
6,4048,-10,-102.1
6,4049,8,-47
6,4050,4,-13.5280898876404
6,4051,-72,-6.89648798521257
6,4052,-41,-33.1333333333333
6,4053,7,-33.1333333333333
6,4054,-144,109.383333333333
6,4055,-33,-33.1333333333333
6,4056,-154,-33.1333333333333
6,4057,-68,-33.1333333333333
6,4058,-76,-33.1333333333333
6,4059,-20,-33.1333333333333
6,4060,-10,-6.89648798521257
6,4061,-15,-6.89648798521257
6,4062,6,-6.89648798521257
6,4063,43,12.0952380952381
6,4064,106,131.666666666667
6,4065,264,186.66049382716
6,4066,317,140.714285714286
6,4067,-393,-232.021276595745
6,4068,-145,-153.574468085106
6,4069,-2,0.7
6,4070,116,-6.89648798521257
6,4071,-74,-19.4230769230769
6,4072,31,-47
6,4073,10,-13.5280898876404
6,4074,176,109.383333333333
6,4075,390,238.210526315789
6,4076,-106,-67.7
6,4077,-159,-153.574468085106
6,4078,-179,-111.352272727273
6,4079,-107,-83.90625
6,4080,-87,-33.1333333333333
6,4081,-95,-33.1333333333333
6,4082,-50,-33.1333333333333
6,4083,-47,-33.1333333333333
6,4084,-1,56.1
6,4085,-10,-6.89648798521257
6,4086,0,-6.89648798521257
6,4087,44,-6.89648798521257
6,4088,140,131.666666666667
6,4089,326,186.66049382716
6,4090,227,-175.736842105263
6,4091,-404,-232.021276595745
6,4092,-121,-153.574468085106
6,4093,-17,0.7
6,4094,28,-6.89648798521257
6,4095,44,-13.5280898876404
6,4096,-29,-19.4230769230769
6,4097,41,109.383333333333
6,4098,170,69.027027027027
6,4099,414,238.210526315789
6,4100,8,-175.736842105263
6,4101,-245,-153.574468085106
6,4102,-109,-111.352272727273
6,4103,-145,-83.90625
6,4104,-109,-33.1333333333333
6,4105,-77,-33.1333333333333
6,4106,-126,-33.1333333333333
6,4107,-38,-33.1333333333333
6,4108,-16,56.1
6,4109,0,-6.89648798521257
6,4110,-8,-6.89648798521257
6,4111,55,-6.89648798521257
6,4112,131,131.666666666667
6,4113,317,186.66049382716
6,4114,281,-232.021276595745
6,4115,-446,-232.021276595745
6,4116,-111,-153.574468085106
6,4117,50,0.7
6,4118,29,-19.4230769230769
6,4119,2,-13.5280898876404
6,4120,-65,-6.89648798521257
6,4121,70,-33.1333333333333
6,4122,167,69.027027027027
6,4123,429,238.210526315789
6,4124,-22,-232.021276595745
6,4125,-193,-153.574468085106
6,4126,-131,-111.352272727273
6,4127,-170,-83.90625
6,4128,-119,-33.1333333333333
6,4129,-39,-33.1333333333333
6,4130,-147,-33.1333333333333
6,4131,-63,-33.1333333333333
6,4132,-8,56.1
6,4133,-13,-6.89648798521257
6,4134,-4,-6.89648798521257
6,4135,38,-6.89648798521257
6,4136,139,91.1029411764706
6,4137,314,186.66049382716
6,4138,234,-67.7
6,4139,-385,-232.021276595745
6,4140,-122,-153.574468085106
6,4141,-10,0.7
6,4142,67,-6.89648798521257
6,4143,-37,-19.4230769230769
6,4144,-29,-33.1333333333333
6,4145,25,109.383333333333
6,4146,136,109.383333333333
6,4147,364,238.210526315789
6,4148,-50,-67.7
6,4149,-74,-153.574468085106
6,4150,-168,-111.352272727273
6,4151,-175,-83.90625
6,4152,-37,-33.1333333333333
6,4153,-89,-33.1333333333333
6,4154,-48,-33.1333333333333
6,4155,-43,-33.1333333333333
6,4156,-28,-33.1333333333333
6,4157,-14,-6.89648798521257
6,4158,-4,-6.89648798521257
6,4159,29,-6.89648798521257
6,4160,102,91.1029411764706
6,4161,271,186.66049382716
6,4162,266,141.746987951807
6,4163,-313,-232.021276595745
6,4164,-132,-153.574468085106
6,4165,20,0.7
6,4166,48,25.536231884058
6,4167,15,-19.4230769230769
6,4168,12,-13.5280898876404
6,4169,-3,-13.5280898876404
6,4170,176,109.383333333333
6,4171,200,238.210526315789
6,4172,-77,-67.7
6,4173,-106,-153.574468085106
6,4174,-162,-111.352272727273
6,4175,-94,-33.1333333333333
6,4176,-61,-33.1333333333333
6,4177,-10,-33.1333333333333
6,4178,2,-6.89648798521257
6,4179,-111,-15.2903225806452
6,4180,10,-33.1333333333333
6,4181,-47,12.0952380952381
6,4182,-32,-33.1333333333333
6,4183,3,-33.1333333333333
6,4184,36,-6.89648798521257
6,4185,26,25.536231884058
6,4186,87,55.1794871794872
6,4187,174,79.0909090909091
6,4188,58,69.027027027027
6,4189,62,-110.05
6,4190,30,79.0909090909091
6,4191,11,25.536231884058
6,4192,-4,-13.5280898876404
6,4193,3,-6.89648798521257
6,4194,-10,-6.89648798521257
6,4195,-8,-6.89648798521257
6,4196,2,109.383333333333
6,4197,-143,-6.89648798521257
6,4198,-105,-33.1333333333333
6,4199,67,-33.1333333333333
6,4200,-24,129.382978723404
6,4201,-68,-6.89648798521257
6,4202,-20,-33.1333333333333
6,4203,-30,-6.89648798521257
6,4204,-46,-6.89648798521257
6,4205,-57,-33.1333333333333
6,4206,-42,-33.1333333333333
6,4207,4,-33.1333333333333
6,4208,1,-6.89648798521257
6,4209,22,-6.89648798521257
6,4210,87,55.1794871794872
6,4211,99,140.714285714286
6,4212,155,141.746987951807
6,4213,128,30.4347826086957
6,4214,2,-232.021276595745
6,4215,-28,-110.05
6,4216,39,-6.89648798521257
6,4217,-21,-13.5280898876404
6,4218,20,-6.89648798521257
6,4219,10,-13.5280898876404
6,4220,-112,-13.5280898876404
6,4221,24,-33.1333333333333
6,4222,-140,109.383333333333
6,4223,-32,-33.1333333333333
6,4224,-123,-33.1333333333333
6,4225,-48,-33.1333333333333
6,4226,-42,-33.1333333333333
6,4227,-39,-33.1333333333333
6,4228,-11,-33.1333333333333
6,4229,-5,-6.89648798521257
6,4230,2,-6.89648798521257
6,4231,42,-6.89648798521257
6,4232,114,131.666666666667
6,4233,308,186.66049382716
6,4234,282,-175.736842105263
6,4235,-458,-232.021276595745
6,4236,-104,-153.574468085106
6,4237,26,0.7
6,4238,63,25.536231884058
6,4239,-52,-19.4230769230769
6,4240,28,-33.1333333333333
6,4241,-18,-13.5280898876404
6,4242,189,109.383333333333
6,4243,402,238.210526315789
6,4244,-15,-67.7
6,4245,-147,-153.574468085106
6,4246,-203,-111.352272727273
6,4247,-140,-83.90625
6,4248,-92,-33.1333333333333
6,4249,-80,-33.1333333333333
6,4250,-112,-33.1333333333333
6,4251,-17,-33.1333333333333
6,4252,-13,-15.2903225806452
6,4253,-2,-6.89648798521257
6,4254,0,-6.89648798521257
6,4255,39,-6.89648798521257
6,4256,149,91.1029411764706
6,4257,319,186.66049382716
6,4258,247,-175.736842105263
6,4259,-427,-232.021276595745
6,4260,-106,-153.574468085106
6,4261,-3,0.7
6,4262,24,-6.89648798521257
6,4263,40,-13.5280898876404
6,4264,-28,-19.4230769230769
6,4265,-116,109.383333333333
6,4266,258,56.1
6,4267,418,238.210526315789
6,4268,37,-67.7
6,4269,-243,-153.574468085106
6,4270,-162,-111.352272727273
6,4271,-100,-83.90625
6,4272,-95,-33.1333333333333
6,4273,-110,-33.1333333333333
6,4274,-100,-33.1333333333333
6,4275,-14,-33.1333333333333
6,4276,-20,-15.2903225806452
6,4277,-6,-6.89648798521257
6,4278,-3,-6.89648798521257
6,4279,45,-6.89648798521257
6,4280,136,131.666666666667
6,4281,302,186.66049382716
6,4282,194,-175.736842105263
6,4283,-331,-232.021276595745
6,4284,-114,-110.05
6,4285,-2,0.7
6,4286,50,-6.89648798521257
6,4287,-4,-19.4230769230769
6,4288,-17,-6.89648798521257
6,4289,32,109.383333333333
6,4290,184,109.383333333333
6,4291,358,238.210526315789
6,4292,54,-67.7
6,4293,-239,-153.574468085106
6,4294,-139,-111.352272727273
6,4295,-193,-83.90625
6,4296,-32,-33.1333333333333
6,4297,-136,-33.1333333333333
6,4298,-89,-33.1333333333333
6,4299,-21,-33.1333333333333
6,4300,-31,-15.2903225806452
6,4301,-5,-33.1333333333333
6,4302,3,-6.89648798521257
6,4303,32,-6.89648798521257
6,4304,142,55.1794871794872
6,4305,290,186.66049382716
6,4306,266,-67.7
6,4307,-396,-232.021276595745
6,4308,-162,-153.574468085106
6,4309,45,0.7
6,4310,60,-19.4230769230769
6,4311,24,-19.4230769230769
6,4312,-85,-13.5280898876404
6,4313,45,-33.1333333333333
6,4314,136,69.027027027027
6,4315,459,238.210526315789
6,4316,-98,-175.736842105263
6,4317,-160,-153.574468085106
6,4318,-180,-111.352272727273
6,4319,-85,-83.90625
6,4320,-80,-33.1333333333333
6,4321,-85,-33.1333333333333
6,4322,-106,-33.1333333333333
6,4323,-28,-33.1333333333333
6,4324,-29,69.2
6,4325,-8,-6.89648798521257
6,4326,6,-6.89648798521257
6,4327,25,91.1029411764706
6,4328,126,91.1029411764706
6,4329,258,186.66049382716
6,4330,247,-67.7
6,4331,-272,-232.021276595745
6,4332,-147,-153.574468085106
6,4333,14,0.7
6,4334,75,-13.5280898876404
6,4335,7,-19.4230769230769
6,4336,-14,-13.5280898876404
6,4337,49,109.383333333333
6,4338,112,69.027027027027
6,4339,249,238.210526315789
6,4340,-70,-175.736842105263
6,4341,-202,-153.574468085106
6,4342,-80,-111.352272727273
7,1,-112,-33.5242165242165
7,2,-19,-33.5242165242165
7,3,16,-16.4268292682927
7,4,125,75.1023622047244
7,5,-149,-18.4126984126984
7,6,-21,-39.7222222222222
7,7,-15,-16.4268292682927
7,8,-3,-16.4268292682927
7,9,-1,3.54901960784314
7,10,15,3.54901960784314
7,11,55,-11.7821782178218
7,12,162,117.914285714286
7,13,210,260.626865671642
7,14,-167,-232.833333333333
7,15,-161,-152.959183673469
7,16,0,-111.588235294118
7,17,34,3.54901960784314
7,18,-9,-11.7821782178218
7,19,-1,-16.4268292682927
7,20,31,3.54901960784314
7,21,57,113.016949152542
7,22,202,187
7,23,7,-104.739130434783
7,24,-146,-152.959183673469
7,25,-90,-83.76
7,26,-47,-33.5242165242165
7,27,-67,-33.5242165242165
7,28,-41,-33.5242165242165
7,29,-23,-33.5242165242165
7,30,-9,-16.4268292682927
7,31,-10,-2.34375
7,32,-2,-16.4268292682927
7,33,1,3.54901960784314
7,34,12,3.54901960784314
7,35,85,75.1023622047244
7,36,199,178.011494252874
7,37,230,143.935251798561
7,38,-240,-232.833333333333
7,39,-173,-152.959183673469
7,40,13,-111.588235294118
7,41,43,-11.7821782178218
7,42,12,-18.4126984126984
7,43,-46,-11.7821782178218
7,44,8,-33.5242165242165
7,45,130,113.016949152542
7,46,233,243.645833333333
7,47,9,-82.6842105263158
7,48,-180,-152.959183673469
7,49,-126,-111.588235294118
7,50,-22,-81.4864864864865
7,51,-72,-16.4268292682927
7,52,-67,-33.5242165242165
7,53,-28,-33.5242165242165
7,54,-13,113.016949152542
7,55,-9,-2.34375
7,56,0,-16.4268292682927
7,57,0,3.54901960784314
7,58,19,3.54901960784314
7,59,78,75.1023622047244
7,60,183,178.011494252874
7,61,227,143.935251798561
7,62,-255,-232.833333333333
7,63,-145,-152.959183673469
7,64,-6,-111.588235294118
7,65,36,3.54901960784314
7,66,-12,-11.7821782178218
7,67,-18,-16.4268292682927
7,68,-54,-16.4268292682927
7,69,21,58
7,70,80,113.016949152542
7,71,12,-18.4126984126984
7,72,-6,-11.7821782178218
7,73,-36,3.54901960784314
7,74,4,-33.5242165242165
7,75,-31,3.54901960784314
7,76,-38,-33.5242165242165
7,77,-34,-33.5242165242165
7,78,-14,-33.5242165242165
7,79,-10,-16.4268292682927
7,80,2,-16.4268292682927
7,81,-3,3.54901960784314
7,82,17,3.54901960784314
7,83,58,75.1023622047244
7,84,191,117.914285714286
7,85,217,143.935251798561
7,86,-246,-232.833333333333
7,87,-141,-152.959183673469
7,88,2,-111.588235294118
7,89,59,3.54901960784314
7,90,-4,-18.4126984126984
7,91,-10,3.54901960784314
7,92,-10,-16.4268292682927
7,93,104,113.016949152542
7,94,161,243.645833333333
7,95,18,-18.4126984126984
7,96,-122,-113.666666666667
7,97,-96,-33.5242165242165
7,98,-22,-33.5242165242165
7,99,-70,-16.4268292682927
7,100,-23,-33.5242165242165
7,101,-41,-16.4268292682927
7,102,-30,-33.5242165242165
7,103,3,-33.5242165242165
7,104,-11,3.54901960784314
7,105,-3,-16.4268292682927
7,106,15,3.54901960784314
7,107,47,75.1023622047244
7,108,166,117.914285714286
7,109,218,178.011494252874
7,110,-173,-175.736842105263
7,111,-151,-152.959183673469
7,112,29,-111.588235294118
7,113,23,-11.7821782178218
7,114,16,-11.7821782178218
7,115,-46,-11.7821782178218
7,116,45,-33.5242165242165
7,117,77,97.7826086956522
7,118,128,187
7,119,-37,-104.739130434783
7,120,-97,-113.666666666667
7,121,-111,-33.5242165242165
7,122,-29,-33.5242165242165
7,123,-9,-33.5242165242165
7,124,-48,-16.4268292682927
7,125,-12,-33.5242165242165
7,126,-8,-16.4268292682927
7,127,-19,113.016949152542
7,128,-17,-16.4268292682927
7,129,-5,-16.4268292682927
7,130,-2,3.54901960784314
7,131,7,3.54901960784314
7,132,10,3.54901960784314
7,133,59,3.54901960784314
7,134,12,117.914285714286
7,135,76,75.1023622047244
7,136,17,-37.6
7,137,38,38.9736842105263
7,138,14,-11.7821782178218
7,139,8,-11.7821782178218
7,140,-119,3.54901960784314
7,141,22,-33.5242165242165
7,142,-2,-11.7821782178218
7,143,-36,3.54901960784314
7,144,-21,-33.5242165242165
7,145,-24,-16.4268292682927
7,146,-15,-16.4268292682927
7,147,-2,-16.4268292682927
7,148,-26,3.54901960784314
7,149,1,-16.4268292682927
7,150,3,3.54901960784314
7,151,3,3.54901960784314
7,152,-13,3.54901960784314
7,153,-13,-16.4268292682927
7,154,2,-16.4268292682927
7,155,-1,3.54901960784314
7,156,16,3.54901960784314
7,157,8,-11.7821782178218
7,158,37,3.54901960784314
7,159,28,38.9736842105263
7,160,33,75.1023622047244
7,161,16,75.1023622047244
7,162,-2,-11.7821782178218
7,163,-27,3.54901960784314
7,164,44,-16.4268292682927
7,165,9,-18.4126984126984
7,166,-77,3.54901960784314
7,167,9,-33.5242165242165
7,168,-16,3.54901960784314
7,169,-23,-16.4268292682927
7,170,-21,-16.4268292682927
7,171,-8,-16.4268292682927
7,172,-5,3.54901960784314
7,173,-14,3.54901960784314
7,174,-3,-16.4268292682927
7,175,-2,3.54901960784314
7,176,-3,3.54901960784314
7,177,1,3.54901960784314
7,178,15,3.54901960784314
7,179,55,75.1023622047244
7,180,123,117.914285714286
7,181,222,125.895833333333
7,182,-212,-232.833333333333
7,183,-134,-152.959183673469
7,184,19,-111.588235294118
7,185,28,-11.7821782178218
7,186,22,-11.7821782178218
7,187,-5,-11.7821782178218
7,188,20,3.54901960784314
7,189,56,113.016949152542
7,190,196,187
7,191,-2,-18.4126984126984
7,192,-142,-113.666666666667
7,193,-49,-83.76
7,194,-67,-33.5242165242165
7,195,-45,-33.5242165242165
7,196,-66,-33.5242165242165
7,197,-22,-33.5242165242165
7,198,-8,-16.4268292682927
7,199,-3,-2.34375
7,200,0,3.54901960784314
7,201,-1,3.54901960784314
7,202,20,3.54901960784314
7,203,68,75.1023622047244
7,204,190,143.935251798561
7,205,233,143.935251798561
7,206,-251,-232.833333333333
7,207,-164,-152.959183673469
7,208,14,-111.588235294118
7,209,60,-11.7821782178218
7,210,1,-18.4126984126984
7,211,-49,3.54901960784314
7,212,21,-33.5242165242165
7,213,121,113.016949152542
7,214,257,243.645833333333
7,215,-117,-82.6842105263158
7,216,-125,-152.959183673469
7,217,-97,-111.588235294118
7,218,-75,-81.4864864864865
7,219,-32,-33.5242165242165
7,220,-20,-33.5242165242165
7,221,-35,-16.4268292682927
7,222,-17,-33.5242165242165
7,223,-1,-2.34375
7,224,-1,3.54901960784314
7,225,-2,3.54901960784314
7,226,24,3.54901960784314
7,227,70,75.1023622047244
7,228,226,178.011494252874
7,229,194,143.935251798561
7,230,-284,-232.833333333333
7,231,-111,-113.666666666667
7,232,18,-81.4864864864865
7,233,25,-11.7821782178218
7,234,7,-11.7821782178218
7,235,-36,3.54901960784314
7,236,37,-33.5242165242165
7,237,60,113.016949152542
7,238,256,243.645833333333
7,239,-19,-104.739130434783
7,240,-157,-152.959183673469
7,241,-100,-111.588235294118
7,242,-33,-81.4864864864865
7,243,-71,-33.5242165242165
7,244,-49,-33.5242165242165
7,245,-35,-33.5242165242165
7,246,-18,-33.5242165242165
7,247,2,-2.34375
7,248,-6,3.54901960784314
7,249,2,3.54901960784314
7,250,17,3.54901960784314
7,251,67,75.1023622047244
7,252,201,178.011494252874
7,253,210,143.935251798561
7,254,-296,-232.833333333333
7,255,-158,-152.959183673469
7,256,27,-111.588235294118
7,257,-26,-11.7821782178218
7,258,19,-16.4268292682927
7,259,-33,-11.7821782178218
7,260,22,-33.5242165242165
7,261,65,-2.34375
7,262,171,243.645833333333
7,263,64,27.2
7,264,-95,-113.666666666667
7,265,-42,-83.76
7,266,-71,-33.5242165242165
7,267,-34,-33.5242165242165
7,268,-38,-33.5242165242165
7,269,-39,-33.5242165242165
7,270,-16,-33.5242165242165
7,271,-6,-2.34375
7,272,-11,3.54901960784314
7,273,0,-16.4268292682927
7,274,15,3.54901960784314
7,275,55,75.1023622047244
7,276,155,117.914285714286
7,277,294,143.935251798561
7,278,-237,-232.833333333333
7,279,-167,-152.959183673469
7,280,26,-111.588235294118
7,281,56,-11.7821782178218
7,282,7,-18.4126984126984
7,283,-35,3.54901960784314
7,284,51,-33.5242165242165
7,285,86,97.7826086956522
7,286,158,243.645833333333
7,287,-88,-104.739130434783
7,288,-95,-113.666666666667
7,289,-111,-33.5242165242165
7,290,-42,-33.5242165242165
7,291,-22,-33.5242165242165
7,292,-25,-16.4268292682927
7,293,4,-16.4268292682927
7,294,-41,3.54901960784314
7,295,0,-33.5242165242165
7,296,-27,3.54901960784314
7,297,-11,-16.4268292682927
7,298,-6,-16.4268292682927
7,299,8,3.54901960784314
7,300,32,3.54901960784314
7,301,61,38.9736842105263
7,302,36,125.895833333333
7,303,67,38.9736842105263
7,304,81,28.7272727272727
7,305,83,58.04
7,306,15,-43.3
7,307,43,-11.7821782178218
7,308,72,-43.3
7,309,-95,-18.4126984126984
7,310,-40,-33.5242165242165
7,311,-118,-33.5242165242165
7,312,-58,-33.5242165242165
7,313,-40,-33.5242165242165
7,314,-34,-33.5242165242165
7,315,4,-33.5242165242165
7,316,-44,3.54901960784314
7,317,0,-33.5242165242165
7,318,-2,3.54901960784314
7,319,-24,3.54901960784314
7,320,-33,-16.4268292682927
7,321,-12,-33.5242165242165
7,322,-1,-16.4268292682927
7,323,3,3.54901960784314
7,324,9,3.54901960784314
7,325,42,3.54901960784314
7,326,37,117.914285714286
7,327,98,75.1023622047244
7,328,35,119.921568627451
7,329,29,75.1023622047244
7,330,6,-11.7821782178218
7,331,-24,3.54901960784314
7,332,16,-16.4268292682927
7,333,-41,-11.7821782178218
7,334,-55,-33.5242165242165
7,335,10,-33.5242165242165
7,336,-48,3.54901960784314
7,337,-16,-33.5242165242165
7,338,-67,-16.4268292682927
7,339,19,-33.5242165242165
7,340,-20,38.9736842105263
7,341,6,-16.4268292682927
7,342,-26,3.54901960784314
7,343,5,-16.4268292682927
7,344,-12,3.54901960784314
7,345,-2,-16.4268292682927
7,346,4,3.54901960784314
7,347,34,3.54901960784314
7,348,76,75.1023622047244
7,349,-10,178.011494252874
7,350,33,-16.4268292682927
7,351,65,38.9736842105263
7,352,73,125.895833333333
7,353,31,-43.3
7,354,-49,-11.7821782178218
7,355,26,-33.5242165242165
7,356,-9,38.9736842105263
7,357,-27,-16.4268292682927
7,358,-11,-16.4268292682927
7,359,-70,-16.4268292682927
7,360,-46,-33.5242165242165
7,361,-28,-33.5242165242165
7,362,-36,-16.4268292682927
7,363,-36,-33.5242165242165
7,364,-14,-33.5242165242165
7,365,-5,-16.4268292682927
7,366,-4,3.54901960784314
7,367,-1,3.54901960784314
7,368,13,3.54901960784314
7,369,71,75.1023622047244
7,370,193,178.011494252874
7,371,185,143.935251798561
7,372,-247,-232.833333333333
7,373,-132,-113.666666666667
7,374,1,24.7619047619048
7,375,77,3.54901960784314
7,376,-32,-18.4126984126984
7,377,-7,-33.5242165242165
7,378,36,3.54901960784314
7,379,94,113.016949152542
7,380,178,243.645833333333
7,381,-7,-104.739130434783
7,382,-121,-113.666666666667
7,383,-77,-83.76
7,384,-73,-33.5242165242165
7,385,-54,-33.5242165242165
7,386,-53,-33.5242165242165
7,387,-23,-33.5242165242165
7,388,-17,-16.4268292682927
7,389,-1,-2.34375
7,390,-2,3.54901960784314
7,391,-2,3.54901960784314
7,392,28,3.54901960784314
7,393,60,75.1023622047244
7,394,212,117.914285714286
7,395,274,143.935251798561
7,396,-324,-232.833333333333
7,397,-113,-152.959183673469
7,398,32,-111.588235294118
7,399,36,-11.7821782178218
7,400,-17,-11.7821782178218
7,401,-13,-16.4268292682927
7,402,18,-16.4268292682927
7,403,103,113.016949152542
7,404,231,243.645833333333
7,405,-4,-18.4126984126984
7,406,-198,-152.959183673469
7,407,-53,-111.588235294118
7,408,-35,-81.4864864864865
7,409,-92,-33.5242165242165
7,410,-85,-33.5242165242165
7,411,-20,-33.5242165242165
7,412,-27,-16.4268292682927
7,413,-6,-2.34375
7,414,-3,3.54901960784314
7,415,-5,3.54901960784314
7,416,31,3.54901960784314
7,417,59,75.1023622047244
7,418,235,117.914285714286
7,419,234,178.011494252874
7,420,-318,-232.833333333333
7,421,-94,-152.959183673469
7,422,34,-111.588235294118
7,423,42,-11.7821782178218
7,424,-6,-18.4126984126984
7,425,-26,3.54901960784314
7,426,25,-16.4268292682927
7,427,126,113.016949152542
7,428,267,243.645833333333
7,429,-88,-82.6842105263158
7,430,-153,-152.959183673469
7,431,-100,-111.588235294118
7,432,-47,-81.4864864864865
7,433,-85,-33.5242165242165
7,434,-52,-33.5242165242165
7,435,-39,-33.5242165242165
7,436,-28,-33.5242165242165
7,437,-13,-2.34375
7,438,0,-16.4268292682927
7,439,-3,3.54901960784314
7,440,24,3.54901960784314
7,441,56,75.1023622047244
7,442,190,117.914285714286
7,443,197,178.011494252874
7,444,-225,-232.833333333333
7,445,-103,-113.666666666667
7,446,22,24.7619047619048
7,447,65,-11.7821782178218
7,448,-45,-18.4126984126984
7,449,-152,-33.5242165242165
7,450,63,-33.5242165242165
7,451,84,97.7826086956522
7,452,78,187
7,453,44,-37.6
7,454,-67,-37.6
7,455,-66,-33.5242165242165
7,456,-15,-33.5242165242165
7,457,-46,-16.4268292682927
7,458,-20,-33.5242165242165
7,459,-25,-16.4268292682927
7,460,-15,-16.4268292682927
7,461,-8,-16.4268292682927
7,462,-31,3.54901960784314
7,463,-5,-33.5242165242165
7,464,1,3.54901960784314
7,465,10,3.54901960784314
7,466,10,3.54901960784314
7,467,70,3.54901960784314
7,468,29,143.935251798561
7,469,61,75.1023622047244
7,470,27,58.04
7,471,48,-11.7821782178218
7,472,-32,-43.3
7,473,-10,-33.5242165242165
7,474,16,-16.4268292682927
7,475,-37,-11.7821782178218
7,476,-36,-33.5242165242165
7,477,-26,-33.5242165242165
7,478,16,-16.4268292682927
7,479,-44,38.9736842105263
7,480,-20,-33.5242165242165
7,481,-3,-16.4268292682927
7,482,9,3.54901960784314
7,483,-21,3.54901960784314
7,484,-15,-16.4268292682927
7,485,-13,-16.4268292682927
7,486,-21,-16.4268292682927
7,487,-15,-16.4268292682927
7,488,-1,-16.4268292682927
7,489,-3,3.54901960784314
7,490,20,3.54901960784314
7,491,37,75.1023622047244
7,492,28,75.1023622047244
7,493,101,75.1023622047244
7,494,39,119.921568627451
7,495,78,75.1023622047244
7,496,20,58.04
7,497,6,-11.7821782178218
7,498,22,3.54901960784314
7,499,-14,-11.7821782178218
7,500,-52,-16.4268292682927
7,501,-71,-33.5242165242165
7,502,-73,-33.5242165242165
7,503,-55,-33.5242165242165
7,504,-5,-33.5242165242165
7,505,-12,3.54901960784314
7,506,-7,-16.4268292682927
7,507,-35,3.54901960784314
7,508,-23,-33.5242165242165
7,509,-2,-16.4268292682927
7,510,-2,3.54901960784314
7,511,-1,3.54901960784314
7,512,15,3.54901960784314
7,513,74,75.1023622047244
7,514,190,178.011494252874
7,515,248,178.011494252874
7,516,-298,-232.833333333333
7,517,-126,-152.959183673469
7,518,-1,-111.588235294118
7,519,74,3.54901960784314
7,520,5,-18.4126984126984
7,521,-24,3.54901960784314
7,522,16,-16.4268292682927
7,523,112,113.016949152542
7,524,243,243.645833333333
7,525,-2,-82.6842105263158
7,526,-193,-152.959183673469
7,527,-115,-111.588235294118
7,528,-24,-81.4864864864865
7,529,-103,-16.4268292682927
7,530,-36,-33.5242165242165
7,531,-46,-33.5242165242165
7,532,-4,-33.5242165242165
7,533,-3,-2.34375
7,534,3,3.54901960784314
7,535,-4,3.54901960784314
7,536,19,3.54901960784314
7,537,80,75.1023622047244
7,538,224,178.011494252874
7,539,234,125.895833333333
7,540,-327,-232.833333333333
7,541,-100,-152.959183673469
7,542,31,-111.588235294118
7,543,20,-11.7821782178218
7,544,7,-11.7821782178218
7,545,-56,3.54901960784314
7,546,32,-33.5242165242165
7,547,121,113.016949152542
7,548,243,243.645833333333
7,549,-81,-82.6842105263158
7,550,-143,-152.959183673469
7,551,-102,-111.588235294118
7,552,-16,-81.4864864864865
7,553,-87,-16.4268292682927
7,554,-36,-33.5242165242165
7,555,-33,-33.5242165242165
7,556,-26,-33.5242165242165
7,557,-2,-2.34375
7,558,-2,3.54901960784314
7,559,27,3.54901960784314
7,560,75,75.1023622047244
7,561,149,178.011494252874
7,562,-137,178.011494252874
7,563,-78,-113.666666666667
7,564,-28,-33.5242165242165
7,565,0,-16.4268292682927
7,566,60,3.54901960784314
7,567,6,-18.4126984126984
7,568,-20,3.54901960784314
7,569,34,-16.4268292682927
7,570,77,113.016949152542
7,571,86,119.921568627451
7,572,-61,-37.6
7,573,-90,-33.5242165242165
7,574,-5,-33.5242165242165
7,575,-58,3.54901960784314
7,576,16,-33.5242165242165
7,577,-22,-11.7821782178218
7,578,-22,-16.4268292682927
7,579,1,-16.4268292682927
7,580,-6,3.54901960784314
7,581,-3,3.54901960784314
7,582,2,3.54901960784314
7,583,13,3.54901960784314
7,584,91,38.9736842105263
7,585,195,143.935251798561
7,586,290,125.895833333333
7,587,-308,-232.833333333333
7,588,-153,-152.959183673469
7,589,35,-111.588235294118
7,590,52,-11.7821782178218
7,591,-9,-18.4126984126984
7,592,0,-16.4268292682927
7,593,12,3.54901960784314
7,594,138,113.016949152542
7,595,239,243.645833333333
7,596,-75,-82.6842105263158
7,597,-197,-152.959183673469
7,598,-74,-111.588235294118
7,599,-57,-81.4864864864865
7,600,-71,-33.5242165242165
7,601,-41,-33.5242165242165
7,602,-39,-33.5242165242165
7,603,-26,-33.5242165242165
7,604,-14,-2.34375
7,605,-3,-16.4268292682927
7,606,-1,3.54901960784314
7,607,22,3.54901960784314
7,608,68,75.1023622047244
7,609,170,178.011494252874
7,610,287,178.011494252874
7,611,-235,-232.833333333333
7,612,-182,-152.959183673469
7,613,62,-111.588235294118
7,614,40,-18.4126984126984
7,615,-12,-18.4126984126984
7,616,-17,-16.4268292682927
7,617,-127,-16.4268292682927
7,618,-28,58
7,619,78,113.016949152542
7,620,32,-18.4126984126984
7,621,14,-11.7821782178218
7,622,-74,38.9736842105263
7,623,1,-33.5242165242165
7,624,-26,3.54901960784314
7,625,-52,-16.4268292682927
7,626,-1,-33.5242165242165
7,627,22,3.54901960784314
7,628,-6,-11.7821782178218
7,629,-17,3.54901960784314
7,630,-19,-16.4268292682927
7,631,0,-16.4268292682927
7,632,5,3.54901960784314
7,633,9,3.54901960784314
7,634,32,3.54901960784314
7,635,46,38.9736842105263
7,636,74,17.75
7,637,46,17.75
7,638,85,58.04
7,639,40,58.04
7,640,91,58.04
7,641,-31,-43.3
7,642,68,-33.5242165242165
7,643,-82,-43.3
7,644,-82,-33.5242165242165
7,645,-78,-33.5242165242165
7,646,-76,-33.5242165242165
7,647,5,-33.5242165242165
7,648,-20,3.54901960784314
7,649,-28,-16.4268292682927
7,650,-34,-16.4268292682927
7,651,4,-33.5242165242165
7,652,4,3.54901960784314
7,653,-54,3.54901960784314
7,654,-12,-33.5242165242165
7,655,-9,-16.4268292682927
7,656,0,-16.4268292682927
7,657,18,3.54901960784314
7,658,43,75.1023622047244
7,659,52,125.895833333333
7,660,74,117.914285714286
7,661,64,119.921568627451
7,662,71,28.7272727272727
7,663,37,58.04
7,664,-32,-11.7821782178218
7,665,2,-33.5242165242165
7,666,-35,3.54901960784314
7,667,-36,-33.5242165242165
7,668,-79,-33.5242165242165
7,669,-52,-33.5242165242165
7,670,-44,-33.5242165242165
7,671,-9,-33.5242165242165
7,672,-17,-16.4268292682927
7,673,-36,-16.4268292682927
7,674,-9,-33.5242165242165
7,675,-11,-16.4268292682927
7,676,-2,-16.4268292682927
7,677,-3,3.54901960784314
7,678,0,3.54901960784314
7,679,17,3.54901960784314
7,680,73,75.1023622047244
7,681,169,143.935251798561
7,682,168,143.935251798561
7,683,-231,-232.833333333333
7,684,-111,-113.666666666667
7,685,17,24.7619047619048
7,686,34,-11.7821782178218
7,687,-17,-11.7821782178218
7,688,8,-16.4268292682927
7,689,2,3.54901960784314
7,690,80,113.016949152542
7,691,177,243.645833333333
7,692,-12,-18.4126984126984
7,693,-149,-113.666666666667
7,694,-47,-83.76
7,695,-59,-33.5242165242165
7,696,-42,-33.5242165242165
7,697,-47,-33.5242165242165
7,698,-23,-33.5242165242165
7,699,-2,-16.4268292682927
7,700,-2,-2.34375
7,701,-3,3.54901960784314
7,702,2,3.54901960784314
7,703,22,3.54901960784314
7,704,77,75.1023622047244
7,705,173,178.011494252874
7,706,226,27.2
7,707,-268,-232.833333333333
7,708,-104,-152.959183673469
7,709,1,-111.588235294118
7,710,8,3.54901960784314
7,711,26,3.54901960784314
7,712,-28,-11.7821782178218
7,713,30,-16.4268292682927
7,714,84,113.016949152542
7,715,196,243.645833333333
7,716,11,-104.739130434783
7,717,-170,-113.666666666667
7,718,-100,-83.76
7,719,-39,-33.5242165242165
7,720,-42,-33.5242165242165
7,721,-52,-33.5242165242165
7,722,-39,-33.5242165242165
7,723,-10,-33.5242165242165
7,724,-1,-2.34375
7,725,-1,3.54901960784314
7,726,0,3.54901960784314
7,727,15,3.54901960784314
7,728,90,75.1023622047244
7,729,236,178.011494252874
7,730,222,143.935251798561
7,731,-302,-232.833333333333
7,732,-117,-152.959183673469
7,733,14,-111.588235294118
7,734,54,-11.7821782178218
7,735,-10,-18.4126984126984
7,736,-30,-16.4268292682927
7,737,34,-33.5242165242165
7,738,79,113.016949152542
7,739,324,243.645833333333
7,740,-68,-104.739130434783
7,741,-183,-152.959183673469
7,742,-101,-111.588235294118
7,743,-72,-81.4864864864865
7,744,-29,-33.5242165242165
7,745,-97,-33.5242165242165
7,746,-16,-33.5242165242165
7,747,-25,-16.4268292682927
7,748,-10,-2.34375
7,749,-8,-16.4268292682927
7,750,-1,3.54901960784314
7,751,27,3.54901960784314
7,752,80,75.1023622047244
7,753,225,143.935251798561
7,754,251,178.011494252874
7,755,-284,-232.833333333333
7,756,-163,-152.959183673469
7,757,66,-111.588235294118
7,758,47,-18.4126984126984
7,759,-18,-18.4126984126984
7,760,-30,-16.4268292682927
7,761,-18,-33.5242165242165
7,762,157,113.016949152542
7,763,255,243.645833333333
7,764,-7,-82.6842105263158
7,765,-174,-152.959183673469
7,766,-114,-111.588235294118
7,767,-69,-81.4864864864865
7,768,-80,-33.5242165242165
7,769,-59,-33.5242165242165
7,770,-40,-33.5242165242165
7,771,-28,-33.5242165242165
7,772,-15,-2.34375
7,773,-4,-16.4268292682927
7,774,-6,3.54901960784314
7,775,28,3.54901960784314
7,776,56,75.1023622047244
7,777,183,117.914285714286
7,778,233,178.011494252874
7,779,-217,-232.833333333333
7,780,-125,-152.959183673469
7,781,28,-111.588235294118
7,782,14,-11.7821782178218
7,783,23,-11.7821782178218
7,784,-46,-11.7821782178218
7,785,60,-33.5242165242165
7,786,105,97.7826086956522
7,787,223,187
7,788,-96,-104.739130434783
7,789,-226,-152.959183673469
7,790,-85,-111.588235294118
7,791,-18,-81.4864864864865
7,792,-34,-16.4268292682927
7,793,-21,-33.5242165242165
7,794,-9,-16.4268292682927
7,795,-26,-16.4268292682927
7,796,-9,-2.34375
7,797,-26,-16.4268292682927
7,798,-12,-16.4268292682927
7,799,6,-16.4268292682927
7,800,2,3.54901960784314
7,801,28,3.54901960784314
7,802,71,75.1023622047244
7,803,37,119.921568627451
7,804,75,75.1023622047244
7,805,51,28.7272727272727
7,806,55,58.04
7,807,28,-43.3
7,808,22,-11.7821782178218
7,809,27,-11.7821782178218
7,810,-16,-11.7821782178218
7,811,-36,-16.4268292682927
7,812,-57,-33.5242165242165
7,813,-113,-33.5242165242165
7,814,-63,-33.5242165242165
7,815,-11,-33.5242165242165
7,816,-10,-16.4268292682927
7,817,-17,-16.4268292682927
7,818,-14,-16.4268292682927
7,819,-8,-16.4268292682927
7,820,5,3.54901960784314
7,821,-44,3.54901960784314
7,822,-15,-33.5242165242165
7,823,3,-16.4268292682927
7,824,7,3.54901960784314
7,825,55,3.54901960784314
7,826,18,117.914285714286
7,827,128,75.1023622047244
7,828,81,28.7272727272727
7,829,111,-113.666666666667
7,830,54,-104.739130434783
7,831,37,-39.7222222222222
7,832,-14,-11.7821782178218
7,833,22,-16.4268292682927
7,834,-11,-11.7821782178218
7,835,-109,-16.4268292682927
7,836,-131,-33.5242165242165
7,837,-87,-33.5242165242165
7,838,-24,-33.5242165242165
7,839,-53,-16.4268292682927
7,840,-42,-33.5242165242165
7,841,-28,-33.5242165242165
7,842,-14,-16.4268292682927
7,843,-1,-16.4268292682927
7,844,-7,3.54901960784314
7,845,1,3.54901960784314
7,846,13,3.54901960784314
7,847,72,75.1023622047244
7,848,180,178.011494252874
7,849,296,143.935251798561
7,850,-283,-232.833333333333
7,851,-144,-152.959183673469
7,852,13,-111.588235294118
7,853,71,-11.7821782178218
7,854,29,-18.4126984126984
7,855,-29,-11.7821782178218
7,856,12,-33.5242165242165
7,857,99,113.016949152542
7,858,312,243.645833333333
7,859,68,-18.4126984126984
7,860,-266,-152.959183673469
7,861,-160,-111.588235294118
7,862,-81,-81.4864864864865
7,863,-72,-33.5242165242165
7,864,-70,-33.5242165242165
7,865,-37,-33.5242165242165
7,866,-10,-33.5242165242165
7,867,-15,-2.34375
7,868,1,-16.4268292682927
7,869,-1,3.54901960784314
7,870,23,3.54901960784314
7,871,89,75.1023622047244
7,872,195,178.011494252874
7,873,285,143.935251798561
7,874,-251,-232.833333333333
7,875,-199,-152.959183673469
7,876,76,-111.588235294118
7,877,25,-18.4126984126984
7,878,-11,-11.7821782178218
7,879,-21,-16.4268292682927
7,880,52,-16.4268292682927
7,881,101,97.7826086956522
7,882,311,243.645833333333
7,883,58,-104.739130434783
7,884,-255,-152.959183673469
7,885,-128,-111.588235294118
7,886,-107,-81.4864864864865
7,887,-74,-33.5242165242165
7,888,-83,-33.5242165242165
7,889,-48,-33.5242165242165
7,890,-12,-33.5242165242165
7,891,-25,-2.34375
7,892,2,-16.4268292682927
7,893,1,3.54901960784314
7,894,22,3.54901960784314
7,895,94,75.1023622047244
7,896,247,178.011494252874
7,897,294,143.935251798561
7,898,-311,-232.833333333333
7,899,-163,-152.959183673469
7,900,32,-111.588235294118
7,901,47,-11.7821782178218
7,902,-13,-18.4126984126984
7,903,-30,-16.4268292682927
7,904,59,-33.5242165242165
7,905,73,97.7826086956522
7,906,426,243.645833333333
7,907,-33,-104.739130434783
7,908,-277,-152.959183673469
7,909,-142,-111.588235294118
7,910,-42,-81.4864864864865
7,911,-86,-33.5242165242165
7,912,-111,-33.5242165242165
7,913,-31,-33.5242165242165
7,914,-37,-33.5242165242165
7,915,-4,58
7,916,-12,3.54901960784314
7,917,7,-16.4268292682927
7,918,12,3.54901960784314
7,919,91,75.1023622047244
7,920,264,178.011494252874
7,921,242,119.921568627451
7,922,-308,-232.833333333333
7,923,-151,-152.959183673469
7,924,47,-111.588235294118
7,925,54,-18.4126984126984
7,926,8,-18.4126984126984
7,927,-15,3.54901960784314
7,928,29,-16.4268292682927
7,929,139,113.016949152542
7,930,287,243.645833333333
7,931,33,-82.6842105263158
7,932,-321,-152.959183673469
7,933,-95,-111.588235294118
7,934,-87,-81.4864864864865
7,935,-74,-33.5242165242165
7,936,-72,-33.5242165242165
7,937,-40,-33.5242165242165
7,938,-31,-33.5242165242165
7,939,-22,58
7,940,-1,-16.4268292682927
7,941,0,3.54901960784314
7,942,29,3.54901960784314
7,943,67,75.1023622047244
7,944,179,178.011494252874
7,945,284,178.011494252874
7,946,-250,-232.833333333333
7,947,-132,-152.959183673469
7,948,27,-111.588235294118
7,949,87,-11.7821782178218
7,950,-34,-18.4126984126984
7,951,-58,-33.5242165242165
7,952,-95,-33.5242165242165
7,953,22,58
7,954,129,-2.34375
7,955,150,-18.4126984126984
7,956,-112,-82.6842105263158
7,957,-61,-113.666666666667
7,958,-83,-33.5242165242165
7,959,-4,-33.5242165242165
7,960,-22,3.54901960784314
7,961,-26,-16.4268292682927
7,962,-31,-16.4268292682927
7,963,-27,-33.5242165242165
7,964,-16,113.016949152542
7,965,-24,-16.4268292682927
7,966,6,-16.4268292682927
7,967,22,3.54901960784314
7,968,56,75.1023622047244
7,969,132,117.914285714286
7,970,103,119.921568627451
7,971,122,-232.833333333333
7,972,142,28.7272727272727
7,973,66,-232.833333333333
7,974,35,-113.666666666667
7,975,4,-11.7821782178218
7,976,-11,3.54901960784314
7,977,6,-16.4268292682927
7,978,-37,113.016949152542
7,979,-88,-33.5242165242165
7,980,-143,-33.5242165242165
7,981,-146,-33.5242165242165
7,982,-48,-33.5242165242165
7,983,-12,-33.5242165242165
7,984,-26,-16.4268292682927
7,985,-78,-16.4268292682927
7,986,6,-33.5242165242165
7,987,-57,3.54901960784314
7,988,-38,-33.5242165242165
7,989,-4,-33.5242165242165
7,990,-8,3.54901960784314
7,991,5,3.54901960784314
7,992,31,3.54901960784314
7,993,54,75.1023622047244
7,994,82,117.914285714286
7,995,173,119.921568627451
7,996,17,-104.739130434783
7,997,135,-113.666666666667
7,998,41,-104.739130434783
7,999,-23,-113.666666666667
7,1000,33,-16.4268292682927
7,1001,-13,-11.7821782178218
7,1002,0,-16.4268292682927
7,1003,-82,3.54901960784314
7,1004,-107,58
7,1005,-154,-33.5242165242165
7,1006,-25,-33.5242165242165
7,1007,-73,-16.4268292682927
7,1008,-54,-33.5242165242165
7,1009,-23,-33.5242165242165
7,1010,-8,-16.4268292682927
7,1011,-7,3.54901960784314
7,1012,-6,3.54901960784314
7,1013,1,3.54901960784314
7,1014,28,3.54901960784314
7,1015,89,75.1023622047244
7,1016,234,178.011494252874
7,1017,225,143.935251798561
7,1018,-248,-232.833333333333
7,1019,-147,-152.959183673469
7,1020,17,-111.588235294118
7,1021,81,-11.7821782178218
7,1022,-19,-18.4126984126984
7,1023,-3,-16.4268292682927
7,1024,26,3.54901960784314
7,1025,99,113.016949152542
7,1026,336,243.645833333333
7,1027,80,-104.739130434783
7,1028,-252,-152.959183673469
7,1029,-219,-111.588235294118
7,1030,-107,-81.4864864864865
7,1031,-75,24.7619047619048
7,1032,-94,-33.5242165242165
7,1033,-25,-33.5242165242165
7,1034,-14,-16.4268292682927
7,1035,-5,-2.34375
7,1036,-7,3.54901960784314
7,1037,3,3.54901960784314
7,1038,14,3.54901960784314
7,1039,80,75.1023622047244
7,1040,70,178.011494252874
7,1041,346,143.935251798561
7,1042,-191,-104.739130434783
7,1043,-162,-152.959183673469
7,1044,67,-111.588235294118
7,1045,31,-18.4126984126984
7,1046,23,-11.7821782178218
7,1047,-36,-11.7821782178218
7,1048,-4,-33.5242165242165
7,1049,187,3.54901960784314
7,1050,319,187
7,1051,51,-82.6842105263158
7,1052,-246,-152.959183673469
7,1053,-178,-111.588235294118
7,1054,-100,-81.4864864864865
7,1055,-89,24.7619047619048
7,1056,-98,-33.5242165242165
7,1057,-57,-33.5242165242165
7,1058,-7,58
7,1059,-16,-2.34375
7,1060,-2,-16.4268292682927
7,1061,-4,3.54901960784314
7,1062,35,3.54901960784314
7,1063,110,75.1023622047244
7,1064,223,178.011494252874
7,1065,163,143.935251798561
7,1066,-242,-232.833333333333
7,1067,-139,-113.666666666667
7,1068,38,-81.4864864864865
7,1069,37,-11.7821782178218
7,1070,74,-11.7821782178218
7,1071,-78,-37.6
7,1072,18,-33.5242165242165
7,1073,135,113.016949152542
7,1074,351,243.645833333333
7,1075,50,-82.6842105263158
7,1076,-197,-152.959183673469
7,1077,-208,-111.588235294118
7,1078,-123,-81.4864864864865
7,1079,-54,24.7619047619048
7,1080,-72,-33.5242165242165
7,1081,-84,-33.5242165242165
7,1082,-11,-33.5242165242165
7,1083,-24,-2.34375
7,1084,1,-16.4268292682927
7,1085,-1,3.54901960784314
7,1086,28,3.54901960784314
7,1087,102,75.1023622047244
7,1088,225,178.011494252874
7,1089,288,143.935251798561
7,1090,-331,-232.833333333333
7,1091,-176,-152.959183673469
7,1092,77,-111.588235294118
7,1093,53,-18.4126984126984
7,1094,26,-18.4126984126984
7,1095,-41,-11.7821782178218
7,1096,47,-33.5242165242165
7,1097,121,97.7826086956522
7,1098,385,243.645833333333
7,1099,-9,-175.736842105263
7,1100,-215,-152.959183673469
7,1101,-162,-111.588235294118
7,1102,-50,-81.4864864864865
7,1103,-154,-33.5242165242165
7,1104,-69,-33.5242165242165
7,1105,-56,-33.5242165242165
7,1106,-45,-33.5242165242165
7,1107,-18,58
7,1108,-22,-16.4268292682927
7,1109,-7,-16.4268292682927
7,1110,31,3.54901960784314
7,1111,82,75.1023622047244
7,1112,230,178.011494252874
7,1113,316,178.011494252874
7,1114,-282,-232.833333333333
7,1115,-105,-152.959183673469
7,1116,43,-111.588235294118
7,1117,153,-18.4126984126984
7,1118,-43,-18.4126984126984
7,1119,4,-113.666666666667
7,1120,40,3.54901960784314
7,1121,117,97.7826086956522
7,1122,368,243.645833333333
7,1123,-127,-175.736842105263
7,1124,-144,-152.959183673469
7,1125,-241,-111.588235294118
7,1126,-161,-81.4864864864865
7,1127,-13,24.7619047619048
7,1128,-95,-16.4268292682927
7,1129,-20,-33.5242165242165
7,1130,-28,-16.4268292682927
7,1131,-59,113.016949152542
7,1132,-37,-33.5242165242165
7,1133,-25,-33.5242165242165
7,1134,-3,-16.4268292682927
7,1135,24,3.54901960784314
7,1136,42,75.1023622047244
7,1137,84,117.914285714286
7,1138,95,178.011494252874
7,1139,96,119.921568627451
7,1140,-72,28.7272727272727
7,1141,-90,-33.5242165242165
7,1142,13,-33.5242165242165
7,1143,27,-11.7821782178218
7,1144,67,-11.7821782178218
7,1145,-113,-18.4126984126984
7,1146,-62,-33.5242165242165
7,1147,22,-33.5242165242165
7,1148,-4,75.1023622047244
7,1149,-22,3.54901960784314
7,1150,-7,-16.4268292682927
7,1151,-21,3.54901960784314
7,1152,22,-16.4268292682927
7,1153,-25,75.1023622047244
7,1154,9,-16.4268292682927
7,1155,-54,3.54901960784314
7,1156,-17,-33.5242165242165
7,1157,-10,-16.4268292682927
7,1158,-2,-16.4268292682927
7,1159,12,3.54901960784314
7,1160,21,38.9736842105263
7,1161,50,75.1023622047244
7,1162,29,117.914285714286
7,1163,132,75.1023622047244
7,1164,73,28.7272727272727
7,1165,37,-113.666666666667
7,1166,7,-11.7821782178218
7,1167,47,3.54901960784314
7,1168,7,-43.3
7,1169,71,3.54901960784314
7,1170,-73,58.04
7,1171,72,-33.5242165242165
7,1172,-116,58.04
7,1173,-116,-33.5242165242165
7,1174,-110,-33.5242165242165
7,1175,-38,-33.5242165242165
7,1176,-46,-33.5242165242165
7,1177,-32,-33.5242165242165
7,1178,-5,-33.5242165242165
7,1179,-8,3.54901960784314
7,1180,-19,3.54901960784314
7,1181,3,-16.4268292682927
7,1182,32,3.54901960784314
7,1183,81,75.1023622047244
7,1184,253,178.011494252874
7,1185,287,-104.739130434783
7,1186,-375,-232.833333333333
7,1187,-129,-152.959183673469
7,1188,25,-111.588235294118
7,1189,101,-11.7821782178218
7,1190,22,-18.4126984126984
7,1191,-84,-11.7821782178218
7,1192,6,-33.5242165242165
7,1193,82,113.016949152542
7,1194,359,243.645833333333
7,1195,20,-18.4126984126984
7,1196,-226,-152.959183673469
7,1197,-237,-111.588235294118
7,1198,-35,-81.4864864864865
7,1199,-93,24.7619047619048
7,1200,-45,-33.5242165242165
7,1201,-38,-33.5242165242165
7,1202,-5,-33.5242165242165
7,1203,2,-2.34375
7,1204,-3,3.54901960784314
7,1205,-1,3.54901960784314
7,1206,14,3.54901960784314
7,1207,84,75.1023622047244
7,1208,185,178.011494252874
7,1209,295,125.895833333333
7,1210,-314,-232.833333333333
7,1211,-129,-152.959183673469
7,1212,37,-111.588235294118
7,1213,45,-11.7821782178218
7,1214,-9,-18.4126984126984
7,1215,-27,-16.4268292682927
7,1216,16,-16.4268292682927
7,1217,105,113.016949152542
7,1218,309,243.645833333333
7,1219,30,-18.4126984126984
7,1220,-227,-152.959183673469
7,1221,-123,-111.588235294118
7,1222,-73,-81.4864864864865
7,1223,-87,-33.5242165242165
7,1224,-70,-33.5242165242165
7,1225,-34,-33.5242165242165
7,1226,-22,-33.5242165242165
7,1227,-5,-2.34375
7,1228,2,3.54901960784314
7,1229,-4,3.54901960784314
7,1230,39,3.54901960784314
7,1231,75,75.1023622047244
7,1232,243,178.011494252874
7,1233,300,143.935251798561
7,1234,-344,-232.833333333333
7,1235,-141,-152.959183673469
7,1236,49,-111.588235294118
7,1237,46,-18.4126984126984
7,1238,5,-18.4126984126984
7,1239,-52,3.54901960784314
7,1240,-22,-33.5242165242165
7,1241,22,113.016949152542
7,1242,383,113.016949152542
7,1243,37,-18.4126984126984
7,1244,-185,-152.959183673469
7,1245,-94,-111.588235294118
7,1246,-101,-81.4864864864865
7,1247,-89,-33.5242165242165
7,1248,-79,-33.5242165242165
7,1249,-45,-33.5242165242165
7,1250,-15,-33.5242165242165
7,1251,-27,-2.34375
7,1252,-1,-16.4268292682927
7,1253,4,3.54901960784314
7,1254,23,3.54901960784314
7,1255,85,75.1023622047244
7,1256,250,178.011494252874
7,1257,287,119.921568627451
7,1258,-333,-232.833333333333
7,1259,-155,-152.959183673469
7,1260,54,-111.588235294118
7,1261,72,-18.4126984126984
7,1262,-19,-18.4126984126984
7,1263,-35,-16.4268292682927
7,1264,69,-33.5242165242165
7,1265,81,97.7826086956522
7,1266,315,243.645833333333
7,1267,-22,-104.739130434783
7,1268,-213,-152.959183673469
7,1269,-133,-111.588235294118
7,1270,-111,-81.4864864864865
7,1271,-72,-33.5242165242165
7,1272,-58,-33.5242165242165
7,1273,-35,-33.5242165242165
7,1274,-32,-33.5242165242165
7,1275,-20,58
7,1276,0,-16.4268292682927
7,1277,-5,3.54901960784314
7,1278,24,3.54901960784314
7,1279,60,75.1023622047244
7,1280,203,117.914285714286
7,1281,304,178.011494252874
7,1282,-272,-232.833333333333
7,1283,-134,-152.959183673469
7,1284,14,-111.588235294118
7,1285,69,-11.7821782178218
7,1286,-28,-18.4126984126984
7,1287,-13,-16.4268292682927
7,1288,51,-16.4268292682927
7,1289,87,97.7826086956522
7,1290,239,243.645833333333
7,1291,-46,-104.739130434783
7,1292,-165,-152.959183673469
7,1293,-186,-111.588235294118
7,1294,11,-81.4864864864865
7,1295,-67,75.1023622047244
7,1296,-30,-33.5242165242165
7,1297,-31,-33.5242165242165
7,1298,-10,-33.5242165242165
7,1299,-13,-2.34375
7,1300,-38,-16.4268292682927
7,1301,-23,-33.5242165242165
7,1302,-3,-16.4268292682927
7,1303,18,3.54901960784314
7,1304,21,75.1023622047244
7,1305,101,75.1023622047244
7,1306,78,143.935251798561
7,1307,90,97.7826086956522
7,1308,150,28.7272727272727
7,1309,158,-104.739130434783
7,1310,17,-232.833333333333
7,1311,-87,-113.666666666667
7,1312,54,-33.5242165242165
7,1313,-70,-18.4126984126984
7,1314,8,-33.5242165242165
7,1315,-202,3.54901960784314
7,1316,-57,-33.5242165242165
7,1317,-76,24.7619047619048
7,1318,-65,-33.5242165242165
7,1319,13,-33.5242165242165
7,1320,-44,38.9736842105263
7,1321,-45,-33.5242165242165
7,1322,-5,-33.5242165242165
7,1323,19,3.54901960784314
7,1324,-56,75.1023622047244
7,1325,-13,-33.5242165242165
7,1326,6,-16.4268292682927
7,1327,79,3.54901960784314
7,1328,-13,178.011494252874
7,1329,41,-16.4268292682927
7,1330,150,-37.6
7,1331,85,97.7826086956522
7,1332,91,-113.666666666667
7,1333,-6,-37.6
7,1334,19,3.54901960784314
7,1335,97,38.9736842105263
7,1336,12,-18.4126984126984
7,1337,-62,-11.7821782178218
7,1338,44,-33.5242165242165
7,1339,-123,125.895833333333
7,1340,-86,-33.5242165242165
7,1341,-114,-33.5242165242165
7,1342,-98,-33.5242165242165
7,1343,-66,-33.5242165242165
7,1344,-5,-33.5242165242165
7,1345,-46,3.54901960784314
7,1346,-12,-33.5242165242165
7,1347,0,-16.4268292682927
7,1348,-1,3.54901960784314
7,1349,20,3.54901960784314
7,1350,86,75.1023622047244
7,1351,196,125.895833333333
7,1352,283,178.011494252874
7,1353,-272,-232.833333333333
7,1354,-113,-152.959183673469
7,1355,5,-111.588235294118
7,1356,72,3.54901960784314
7,1357,0,-18.4126984126984
7,1358,-13,3.54901960784314
7,1359,56,-16.4268292682927
7,1360,71,97.7826086956522
7,1361,334,243.645833333333
7,1362,-111,-104.739130434783
7,1363,-124,-152.959183673469
7,1364,-165,-111.588235294118
7,1365,-91,-81.4864864864865
7,1366,-115,-33.5242165242165
7,1367,-57,-33.5242165242165
7,1368,-33,-33.5242165242165
7,1369,-22,-33.5242165242165
7,1370,-6,-2.34375
7,1371,-2,3.54901960784314
7,1372,-2,3.54901960784314
7,1373,26,3.54901960784314
7,1374,73,75.1023622047244
7,1375,241,178.011494252874
7,1376,263,143.935251798561
7,1377,-196,-232.833333333333
7,1378,-189,-152.959183673469
7,1379,39,-111.588235294118
7,1380,73,-11.7821782178218
7,1381,14,-18.4126984126984
7,1382,-34,-11.7821782178218
7,1383,5,-33.5242165242165
7,1384,169,113.016949152542
7,1385,272,187
7,1386,43,-82.6842105263158
7,1387,-242,-152.959183673469
7,1388,-179,-111.588235294118
7,1389,-136,-81.4864864864865
7,1390,-85,24.7619047619048
7,1391,-79,-33.5242165242165
7,1392,-38,-33.5242165242165
7,1393,-30,58
7,1394,-6,58
7,1395,-2,3.54901960784314
7,1396,-2,3.54901960784314
7,1397,26,3.54901960784314
7,1398,99,75.1023622047244
7,1399,240,178.011494252874
7,1400,318,178.011494252874
7,1401,-321,-232.833333333333
7,1402,-196,-152.959183673469
7,1403,46,-111.588235294118
7,1404,70,-18.4126984126984
7,1405,-32,-18.4126984126984
7,1406,7,-33.5242165242165
7,1407,10,3.54901960784314
7,1408,122,113.016949152542
7,1409,354,243.645833333333
7,1410,15,-82.6842105263158
7,1411,-265,-152.959183673469
7,1412,-122,-111.588235294118
7,1413,-74,-81.4864864864865
7,1414,-117,-33.5242165242165
7,1415,-50,-33.5242165242165
7,1416,-86,-33.5242165242165
7,1417,-32,-33.5242165242165
7,1418,5,58
7,1419,-13,3.54901960784314
7,1420,-4,-16.4268292682927
7,1421,28,3.54901960784314
7,1422,97,75.1023622047244
7,1423,228,178.011494252874
7,1424,284,178.011494252874
7,1425,-287,-232.833333333333
7,1426,-105,-152.959183673469
7,1427,22,-111.588235294118
7,1428,8,-11.7821782178218
7,1429,15,3.54901960784314
7,1430,-4,-11.7821782178218
7,1431,-18,3.54901960784314
7,1432,133,113.016949152542
7,1433,420,243.645833333333
7,1434,-124,-82.6842105263158
7,1435,-211,-152.959183673469
7,1436,-175,-111.588235294118
7,1437,-78,-81.4864864864865
7,1438,-85,24.7619047619048
7,1439,-13,-33.5242165242165
7,1440,-75,-16.4268292682927
7,1441,-23,-33.5242165242165
7,1442,-27,-2.34375
7,1443,-3,-16.4268292682927
7,1444,-3,3.54901960784314
7,1445,18,3.54901960784314
7,1446,57,75.1023622047244
7,1447,166,117.914285714286
7,1448,262,178.011494252874
7,1449,-132,-232.833333333333
7,1450,-138,-152.959183673469
7,1451,53,-111.588235294118
7,1452,46,-18.4126984126984
7,1453,74,-18.4126984126984
7,1454,79,-37.6
7,1455,47,-37.6
7,1456,-1,28.7272727272727
7,1457,119,113.016949152542
7,1458,-171,-104.739130434783
7,1459,-72,-39.7222222222222
7,1460,-160,-33.5242165242165
7,1461,-62,-33.5242165242165
7,1462,-32,-33.5242165242165
7,1463,-45,-33.5242165242165
7,1464,-19,-33.5242165242165
7,1465,-25,-16.4268292682927
7,1466,-33,-16.4268292682927
7,1467,-8,-33.5242165242165
7,1468,-21,3.54901960784314
7,1469,-5,-16.4268292682927
7,1470,17,3.54901960784314
7,1471,35,75.1023622047244
7,1472,69,75.1023622047244
7,1473,153,178.011494252874
7,1474,87,119.921568627451
7,1475,132,-232.833333333333
7,1476,95,-104.739130434783
7,1477,53,-232.833333333333
7,1478,-65,-43.3
7,1479,48,-33.5242165242165
7,1480,-11,-43.3
7,1481,-48,-16.4268292682927
7,1482,-50,-33.5242165242165
7,1483,-104,-33.5242165242165
7,1484,-205,-33.5242165242165
7,1485,26,-33.5242165242165
7,1486,-52,75.1023622047244
7,1487,-64,-33.5242165242165
7,1488,-33,-33.5242165242165
7,1489,-21,-33.5242165242165
7,1490,-32,-16.4268292682927
7,1491,-6,-33.5242165242165
7,1492,-19,3.54901960784314
7,1493,5,-16.4268292682927
7,1494,16,3.54901960784314
7,1495,9,75.1023622047244
7,1496,47,3.54901960784314
7,1497,95,119.921568627451
7,1498,120,125.895833333333
7,1499,105,28.7272727272727
7,1500,53,-232.833333333333
7,1501,26,58.04
7,1502,20,-11.7821782178218
7,1503,-17,-11.7821782178218
7,1504,-10,-16.4268292682927
7,1505,-65,-16.4268292682927
7,1506,-101,-33.5242165242165
7,1507,-34,-33.5242165242165
7,1508,-65,-33.5242165242165
7,1509,-81,-33.5242165242165
7,1510,-12,-33.5242165242165
7,1511,-67,-16.4268292682927
7,1512,-14,-33.5242165242165
7,1513,-21,-16.4268292682927
7,1514,-10,-16.4268292682927
7,1515,-3,-16.4268292682927
7,1516,2,3.54901960784314
7,1517,27,3.54901960784314
7,1518,79,75.1023622047244
7,1519,220,143.935251798561
7,1520,286,143.935251798561
7,1521,-331,-232.833333333333
7,1522,-108,-152.959183673469
7,1523,45,-111.588235294118
7,1524,57,-18.4126984126984
7,1525,1,-18.4126984126984
7,1526,-63,3.54901960784314
7,1527,37,-33.5242165242165
7,1528,136,113.016949152542
7,1529,241,243.645833333333
7,1530,14,-82.6842105263158
7,1531,-225,-152.959183673469
7,1532,-145,-111.588235294118
7,1533,-111,-81.4864864864865
7,1534,-57,-33.5242165242165
7,1535,-41,-33.5242165242165
7,1536,-41,-33.5242165242165
7,1537,-17,-33.5242165242165
7,1538,-7,-2.34375
7,1539,0,3.54901960784314
7,1540,0,3.54901960784314
7,1541,22,3.54901960784314
7,1542,79,75.1023622047244
7,1543,281,178.011494252874
7,1544,308,143.935251798561
7,1545,-373,-232.833333333333
7,1546,-138,-152.959183673469
7,1547,58,-111.588235294118
7,1548,20,-18.4126984126984
7,1549,24,-11.7821782178218
7,1550,-59,-11.7821782178218
7,1551,-21,-33.5242165242165
7,1552,159,113.016949152542
7,1553,382,243.645833333333
7,1554,-40,-82.6842105263158
7,1555,-225,-152.959183673469
7,1556,-197,-111.588235294118
7,1557,-76,-81.4864864864865
7,1558,-79,24.7619047619048
7,1559,-65,-33.5242165242165
7,1560,-32,-33.5242165242165
7,1561,-18,-33.5242165242165
7,1562,-10,-2.34375
7,1563,0,-16.4268292682927
7,1564,25,3.54901960784314
7,1565,79,75.1023622047244
7,1566,215,178.011494252874
7,1567,274,178.011494252874
7,1568,-293,-232.833333333333
7,1569,-149,-152.959183673469
7,1570,27,-111.588235294118
7,1571,2,-11.7821782178218
7,1572,-19,3.54901960784314
7,1573,-28,-16.4268292682927
7,1574,67,-16.4268292682927
7,1575,105,178.011494252874
7,1576,272,243.645833333333
7,1577,6,-104.739130434783
7,1578,-201,-152.959183673469
7,1579,-149,-111.588235294118
7,1580,-70,-81.4864864864865
7,1581,-31,-33.5242165242165
7,1582,-73,-33.5242165242165
7,1583,-38,-33.5242165242165
7,1584,-14,-33.5242165242165
7,1585,-5,-2.34375
7,1586,1,3.54901960784314
7,1587,-4,3.54901960784314
7,1588,20,3.54901960784314
7,1589,75,75.1023622047244
7,1590,210,178.011494252874
7,1591,318,143.935251798561
7,1592,-337,-232.833333333333
7,1593,-146,-152.959183673469
7,1594,83,-111.588235294118
7,1595,35,-18.4126984126984
7,1596,-56,-11.7821782178218
7,1597,21,-33.5242165242165
7,1598,-13,-11.7821782178218
7,1599,142,113.016949152542
7,1600,303,243.645833333333
7,1601,-46,-82.6842105263158
7,1602,-177,-152.959183673469
7,1603,-153,-111.588235294118
7,1604,-93,-81.4864864864865
7,1605,-29,-33.5242165242165
7,1606,-64,-33.5242165242165
7,1607,-39,-33.5242165242165
7,1608,-25,-33.5242165242165
7,1609,-19,-2.34375
7,1610,0,-16.4268292682927
7,1611,-6,3.54901960784314
7,1612,16,3.54901960784314
7,1613,63,75.1023622047244
7,1614,212,178.011494252874
7,1615,267,178.011494252874
7,1616,-233,-232.833333333333
7,1617,-138,-152.959183673469
7,1618,41,-111.588235294118
7,1619,89,-18.4126984126984
7,1620,36,-18.4126984126984
7,1621,-10,-11.7821782178218
7,1622,4,-16.4268292682927
7,1623,111,113.016949152542
7,1624,275,243.645833333333
7,1625,-67,-82.6842105263158
7,1626,-244,-152.959183673469
7,1627,-141,-111.588235294118
7,1628,-97,-81.4864864864865
7,1629,26,-33.5242165242165
7,1630,-17,-11.7821782178218
7,1631,-102,-16.4268292682927
7,1632,-26,-33.5242165242165
7,1633,-14,113.016949152542
7,1634,-24,-16.4268292682927
7,1635,-18,-16.4268292682927
7,1636,-7,-16.4268292682927
7,1637,14,3.54901960784314
7,1638,43,75.1023622047244
7,1639,96,117.914285714286
7,1640,105,143.935251798561
7,1641,141,17.75
7,1642,158,28.7272727272727
7,1643,114,-232.833333333333
7,1644,0,-232.833333333333
7,1645,-18,-39.7222222222222
7,1646,-2,-16.4268292682927
7,1647,-76,3.54901960784314
7,1648,-22,-33.5242165242165
7,1649,-79,-16.4268292682927
7,1650,-22,-33.5242165242165
7,1651,-138,-2.34375
7,1652,-101,-33.5242165242165
7,1653,-8,-33.5242165242165
7,1654,-16,3.54901960784314
7,1655,-72,-16.4268292682927
7,1656,-18,-33.5242165242165
7,1657,-32,-16.4268292682927
7,1658,-29,-33.5242165242165
7,1659,-33,-33.5242165242165
7,1660,-2,-33.5242165242165
7,1661,6,3.54901960784314
7,1662,30,3.54901960784314
7,1663,51,75.1023622047244
7,1664,154,117.914285714286
7,1665,170,119.921568627451
7,1666,107,-232.833333333333
7,1667,107,-232.833333333333
7,1668,46,-104.739130434783
7,1669,-53,-43.3
7,1670,-11,-33.5242165242165
7,1671,-1,-16.4268292682927
7,1672,7,3.54901960784314
7,1673,-144,-2.34375
7,1674,-100,58
7,1675,-88,-33.5242165242165
7,1676,-62,-33.5242165242165
7,1677,-95,-33.5242165242165
7,1678,-44,-33.5242165242165
7,1679,-49,-33.5242165242165
7,1680,-13,-33.5242165242165
7,1681,-14,-16.4268292682927
7,1682,-6,-16.4268292682927
7,1683,-2,3.54901960784314
7,1684,32,3.54901960784314
7,1685,95,75.1023622047244
7,1686,254,178.011494252874
7,1687,210,143.935251798561
7,1688,-300,-232.833333333333
7,1689,-73,-152.959183673469
7,1690,27,-111.588235294118
7,1691,20,-11.7821782178218
7,1692,-8,-11.7821782178218
7,1693,25,3.54901960784314
7,1694,-13,-11.7821782178218
7,1695,83,113.016949152542
7,1696,354,243.645833333333
7,1697,-36,-18.4126984126984
7,1698,-154,-152.959183673469
7,1699,-147,-111.588235294118
7,1700,-104,-81.4864864864865
7,1701,-57,-33.5242165242165
7,1702,-93,-33.5242165242165
7,1703,-78,-33.5242165242165
7,1704,-32,-33.5242165242165
7,1705,-7,58
7,1706,2,3.54901960784314
7,1707,3,3.54901960784314
7,1708,21,3.54901960784314
7,1709,114,75.1023622047244
7,1710,317,178.011494252874
7,1711,212,-82.6842105263158
7,1712,-273,-232.833333333333
7,1713,-183,-152.959183673469
7,1714,22,-111.588235294118
7,1715,5,-11.7821782178218
7,1716,-5,3.54901960784314
7,1717,18,3.54901960784314
7,1718,51,-11.7821782178218
7,1719,62,97.7826086956522
7,1720,411,243.645833333333
7,1721,-6,-104.739130434783
7,1722,-238,-152.959183673469
7,1723,-135,-111.588235294118
7,1724,-105,-81.4864864864865
7,1725,-135,-33.5242165242165
7,1726,-80,-33.5242165242165
7,1727,-44,-33.5242165242165
7,1728,-24,-33.5242165242165
7,1729,-5,-2.34375
7,1730,-3,3.54901960784314
7,1731,1,3.54901960784314
7,1732,27,3.54901960784314
7,1733,100,75.1023622047244
7,1734,284,178.011494252874
7,1735,158,178.011494252874
7,1736,-311,-232.833333333333
7,1737,-118,-113.666666666667
7,1738,-28,-81.4864864864865
7,1739,-9,-16.4268292682927
7,1740,-46,-16.4268292682927
7,1741,-13,-33.5242165242165
7,1742,47,-16.4268292682927
7,1743,137,117.914285714286
7,1744,253,243.645833333333
7,1745,17,-175.736842105263
7,1746,-137,-152.959183673469
7,1747,-108,-111.588235294118
7,1748,-71,-81.4864864864865
7,1749,-27,-33.5242165242165
7,1750,-92,-16.4268292682927
7,1751,-45,-33.5242165242165
7,1752,-12,-33.5242165242165
7,1753,-7,-2.34375
7,1754,-2,3.54901960784314
7,1755,0,3.54901960784314
7,1756,26,3.54901960784314
7,1757,90,75.1023622047244
7,1758,286,178.011494252874
7,1759,271,143.935251798561
7,1760,-376,-232.833333333333
7,1761,-112,-152.959183673469
7,1762,40,-111.588235294118
7,1763,35,-18.4126984126984
7,1764,-26,-11.7821782178218
7,1765,-1,-16.4268292682927
7,1766,25,3.54901960784314
7,1767,125,113.016949152542
7,1768,361,243.645833333333
7,1769,28,-82.6842105263158
7,1770,-190,-152.959183673469
7,1771,-182,-111.588235294118
7,1772,-137,-81.4864864864865
7,1773,-19,24.7619047619048
7,1774,-104,-16.4268292682927
7,1775,-80,-33.5242165242165
7,1776,-39,-33.5242165242165
7,1777,-4,58
7,1778,-11,3.54901960784314
7,1779,-7,-16.4268292682927
7,1780,22,3.54901960784314
7,1781,88,75.1023622047244
7,1782,246,178.011494252874
7,1783,341,178.011494252874
7,1784,-341,-232.833333333333
7,1785,-122,-152.959183673469
7,1786,17,-111.588235294118
7,1787,108,-11.7821782178218
7,1788,19,-18.4126984126984
7,1789,13,-11.7821782178218
7,1790,13,-11.7821782178218
7,1791,173,113.016949152542
7,1792,239,243.645833333333
7,1793,-151,-82.6842105263158
7,1794,-176,-152.959183673469
7,1795,-151,-111.588235294118
7,1796,-54,-81.4864864864865
7,1797,-85,-33.5242165242165
7,1798,-15,-33.5242165242165
7,1799,-45,-16.4268292682927
7,1800,-54,58
7,1801,-7,58
7,1802,-52,3.54901960784314
7,1803,-20,-33.5242165242165
7,1804,-8,-16.4268292682927
7,1805,30,3.54901960784314
7,1806,45,75.1023622047244
7,1807,125,117.914285714286
7,1808,130,143.935251798561
7,1809,151,-175.736842105263
7,1810,126,-232.833333333333
7,1811,32,-232.833333333333
7,1812,9,-39.7222222222222
7,1813,-40,3.54901960784314
7,1814,19,-33.5242165242165
7,1815,11,-11.7821782178218
7,1816,-71,113.016949152542
7,1817,-152,-33.5242165242165
7,1818,-362,-33.5242165242165
7,1819,-15,-33.5242165242165
7,1820,63,-16.4268292682927
7,1821,8,-18.4126984126984
7,1822,-19,3.54901960784314
7,1823,26,-16.4268292682927
7,1824,-44,75.1023622047244
7,1825,-17,-33.5242165242165
7,1826,-16,-16.4268292682927
7,1827,-33,-16.4268292682927
7,1828,-1,-33.5242165242165
7,1829,6,3.54901960784314
7,1830,12,3.54901960784314
7,1831,27,38.9736842105263
7,1832,28,75.1023622047244
7,1833,-11,75.1023622047244
7,1834,9,-16.4268292682927
7,1835,-16,3.54901960784314
7,1836,-9,-16.4268292682927
7,1837,1,-16.4268292682927
7,1838,-15,3.54901960784314
7,1839,-2,-16.4268292682927
7,1840,-9,3.54901960784314
7,1841,12,-16.4268292682927
7,1842,-4,38.9736842105263
7,1843,0,3.54901960784314
7,1844,-24,3.54901960784314
7,1845,2,-16.4268292682927
7,1846,4,3.54901960784314
7,1847,-11,3.54901960784314
7,1848,-4,-16.4268292682927
7,1849,2,3.54901960784314
7,1850,-3,3.54901960784314
7,1851,2,3.54901960784314
7,1852,11,3.54901960784314
7,1853,31,-11.7821782178218
7,1854,162,38.9736842105263
7,1855,275,125.895833333333
7,1856,-210,-82.6842105263158
7,1857,-172,-152.959183673469
7,1858,1,-111.588235294118
7,1859,28,3.54901960784314
7,1860,-22,-11.7821782178218
7,1861,7,-16.4268292682927
7,1862,-2,3.54901960784314
7,1863,-9,113.016949152542
7,1864,129,113.016949152542
7,1865,147,-18.4126984126984
7,1866,-81,-82.6842105263158
7,1867,-95,-113.666666666667
7,1868,-51,-33.5242165242165
7,1869,-63,-33.5242165242165
7,1870,-30,-33.5242165242165
7,1871,-46,-33.5242165242165
7,1872,-6,-33.5242165242165
7,1873,-4,-2.34375
7,1874,-1,-2.34375
7,1875,1,3.54901960784314
7,1876,19,3.54901960784314
7,1877,98,75.1023622047244
7,1878,270,178.011494252874
7,1879,221,125.895833333333
7,1880,-303,-232.833333333333
7,1881,-146,-152.959183673469
7,1882,22,-111.588235294118
7,1883,40,-11.7821782178218
7,1884,0,-18.4126984126984
7,1885,-8,3.54901960784314
7,1886,20,3.54901960784314
7,1887,126,113.016949152542
7,1888,329,243.645833333333
7,1889,-59,-82.6842105263158
7,1890,-150,-152.959183673469
7,1891,-197,-111.588235294118
7,1892,-59,-81.4864864864865
7,1893,-69,24.7619047619048
7,1894,-84,-33.5242165242165
7,1895,-37,-33.5242165242165
7,1896,-11,-33.5242165242165
7,1897,-18,-2.34375
7,1898,-4,-16.4268292682927
7,1899,3,3.54901960784314
7,1900,18,3.54901960784314
7,1901,82,75.1023622047244
7,1902,283,178.011494252874
7,1903,265,143.935251798561
7,1904,-333,-232.833333333333
7,1905,-139,-152.959183673469
7,1906,37,-111.588235294118
7,1907,50,-11.7821782178218
7,1908,-41,-18.4126984126984
7,1909,-5,-33.5242165242165
7,1910,6,3.54901960784314
7,1911,147,113.016949152542
7,1912,356,243.645833333333
7,1913,-23,-82.6842105263158
7,1914,-166,-152.959183673469
7,1915,-163,-111.588235294118
7,1916,-141,-81.4864864864865
7,1917,-47,-33.5242165242165
7,1918,-88,-33.5242165242165
7,1919,-61,-33.5242165242165
7,1920,-20,-33.5242165242165
7,1921,-10,-2.34375
7,1922,-7,-16.4268292682927
7,1923,-3,3.54901960784314
7,1924,14,3.54901960784314
7,1925,110,75.1023622047244
7,1926,98,178.011494252874
7,1927,137,143.935251798561
7,1928,-161,28.7272727272727
7,1929,-62,-113.666666666667
7,1930,12,-33.5242165242165
7,1931,53,-11.7821782178218
7,1932,-7,-18.4126984126984
7,1933,-28,3.54901960784314
7,1934,35,-16.4268292682927
7,1935,114,38.9736842105263
7,1936,296,260.626865671642
7,1937,50,-82.6842105263158
7,1938,-200,-152.959183673469
7,1939,-127,-111.588235294118
7,1940,-87,-81.4864864864865
7,1941,-67,-33.5242165242165
7,1942,-71,-33.5242165242165
7,1943,-39,-33.5242165242165
7,1944,-38,-33.5242165242165
7,1945,-13,58
7,1946,-19,-16.4268292682927
7,1947,3,-16.4268292682927
7,1948,13,3.54901960784314
7,1949,101,75.1023622047244
7,1950,195,178.011494252874
7,1951,277,178.011494252874
7,1952,-258,-232.833333333333
7,1953,-98,-152.959183673469
7,1954,-3,-111.588235294118
7,1955,74,3.54901960784314
7,1956,-1,-18.4126984126984
7,1957,-6,3.54901960784314
7,1958,24,3.54901960784314
7,1959,116,113.016949152542
7,1960,262,243.645833333333
7,1961,-48,-82.6842105263158
7,1962,-213,-152.959183673469
7,1963,-152,-111.588235294118
7,1964,-81,-81.4864864864865
7,1965,-50,-33.5242165242165
7,1966,-42,-33.5242165242165
7,1967,-13,-33.5242165242165
7,1968,-36,-16.4268292682927
7,1969,-10,58
7,1970,-31,-16.4268292682927
7,1971,-24,-33.5242165242165
7,1972,3,-16.4268292682927
7,1973,23,3.54901960784314
7,1974,27,75.1023622047244
7,1975,103,75.1023622047244
7,1976,56,143.935251798561
7,1977,77,97.7826086956522
7,1978,67,28.7272727272727
7,1979,23,58.04
7,1980,8,-11.7821782178218
7,1981,51,3.54901960784314
7,1982,-32,-18.4126984126984
7,1983,-32,-33.5242165242165
7,1984,-54,-33.5242165242165
7,1985,-232,-33.5242165242165
7,1986,49,-33.5242165242165
7,1987,-37,-18.4126984126984
7,1988,-18,-33.5242165242165
7,1989,-1,-16.4268292682927
7,1990,-41,3.54901960784314
7,1991,-6,-33.5242165242165
7,1992,6,3.54901960784314
7,1993,-2,3.54901960784314
7,1994,-24,3.54901960784314
7,1995,-12,-16.4268292682927
7,1996,2,-16.4268292682927
7,1997,1,3.54901960784314
7,1998,20,3.54901960784314
7,1999,80,-11.7821782178218
7,2000,78,125.895833333333
7,2001,195,178.011494252874
7,2002,31,28.7272727272727
7,2003,173,-113.666666666667
7,2004,11,-104.739130434783
7,2005,58,-113.666666666667
7,2006,-50,-43.3
7,2007,-16,-33.5242165242165
7,2008,-65,-16.4268292682927
7,2009,-35,-33.5242165242165
7,2010,-112,58
7,2011,-132,-33.5242165242165
7,2012,-39,58
7,2013,-96,-33.5242165242165
7,2014,-26,-33.5242165242165
7,2015,-34,-16.4268292682927
7,2016,-24,-33.5242165242165
7,2017,-16,-16.4268292682927
7,2018,-4,-16.4268292682927
7,2019,-2,3.54901960784314
7,2020,18,3.54901960784314
7,2021,103,75.1023622047244
7,2022,226,178.011494252874
7,2023,247,178.011494252874
7,2024,-328,-232.833333333333
7,2025,-111,-152.959183673469
7,2026,6,-111.588235294118
7,2027,62,3.54901960784314
7,2028,22,-18.4126984126984
7,2029,-29,-11.7821782178218
7,2030,13,-33.5242165242165
7,2031,116,113.016949152542
7,2032,336,243.645833333333
7,2033,-19,-82.6842105263158
7,2034,-193,-152.959183673469
7,2035,-162,-111.588235294118
7,2036,-88,-81.4864864864865
7,2037,-87,-33.5242165242165
7,2038,-74,-33.5242165242165
7,2039,-25,-33.5242165242165
7,2040,-14,-16.4268292682927
7,2041,-13,-2.34375
7,2042,-5,-16.4268292682927
7,2043,5,3.54901960784314
7,2044,9,3.54901960784314
7,2045,9,3.54901960784314
7,2046,143,3.54901960784314
7,2047,388,119.921568627451
7,2048,-208,-82.6842105263158
7,2049,-175,-152.959183673469
7,2050,55,-111.588235294118
7,2051,40,-18.4126984126984
7,2052,-20,-18.4126984126984
7,2053,-45,-16.4268292682927
7,2054,30,-33.5242165242165
7,2055,120,113.016949152542
7,2056,327,187
7,2057,62,-82.6842105263158
7,2058,-256,-152.959183673469
7,2059,-152,-111.588235294118
7,2060,-53,-81.4864864864865
7,2061,-71,-33.5242165242165
7,2062,-116,-33.5242165242165
7,2063,-48,-33.5242165242165
7,2064,-32,-33.5242165242165
7,2065,1,58
7,2066,-10,3.54901960784314
7,2067,-2,-16.4268292682927
7,2068,29,3.54901960784314
7,2069,87,75.1023622047244
7,2070,238,178.011494252874
7,2071,308,178.011494252874
7,2072,-351,-232.833333333333
7,2073,-140,-152.959183673469
7,2074,9,-111.588235294118
7,2075,61,3.54901960784314
7,2076,-17,-18.4126984126984
7,2077,12,-16.4268292682927
7,2078,16,-11.7821782178218
7,2079,111,113.016949152542
7,2080,362,243.645833333333
7,2081,84,-82.6842105263158
7,2082,-309,-152.959183673469
7,2083,-166,-111.588235294118
7,2084,-99,-81.4864864864865
7,2085,-66,-33.5242165242165
7,2086,-75,-33.5242165242165
7,2087,-8,-33.5242165242165
7,2088,-66,3.54901960784314
7,2089,-7,58
7,2090,-11,3.54901960784314
7,2091,-4,-16.4268292682927
7,2092,19,3.54901960784314
7,2093,115,75.1023622047244
7,2094,248,143.935251798561
7,2095,243,-82.6842105263158
7,2096,-323,-232.833333333333
7,2097,-136,-152.959183673469
7,2098,33,-111.588235294118
7,2099,100,-11.7821782178218
7,2100,-36,-18.4126984126984
7,2101,-61,-33.5242165242165
7,2102,79,-33.5242165242165
7,2103,87,97.7826086956522
7,2104,334,243.645833333333
7,2105,2,-104.739130434783
7,2106,-184,-152.959183673469
7,2107,-102,-111.588235294118
7,2108,-121,-81.4864864864865
7,2109,-53,-33.5242165242165
7,2110,-125,-33.5242165242165
7,2111,-32,-33.5242165242165
7,2112,-41,-33.5242165242165
7,2113,-37,58
7,2114,3,-33.5242165242165
7,2115,-10,3.54901960784314
7,2116,20,-16.4268292682927
7,2117,111,75.1023622047244
7,2118,221,260.626865671642
7,2119,262,-82.6842105263158
7,2120,-324,-232.833333333333
7,2121,-95,-152.959183673469
7,2122,59,-111.588235294118
7,2123,-87,-18.4126984126984
7,2124,107,-33.5242165242165
7,2125,-36,-104.739130434783
7,2126,101,-33.5242165242165
7,2127,97,178.011494252874
7,2128,203,243.645833333333
7,2129,-2,-104.739130434783
7,2130,-189,-152.959183673469
7,2131,-139,-83.76
7,2132,-78,24.7619047619048
7,2133,-3,-33.5242165242165
7,2134,24,3.54901960784314
7,2135,-103,-11.7821782178218
7,2136,-46,-33.5242165242165
7,2137,-32,58
7,2138,-43,-33.5242165242165
7,2139,-23,-33.5242165242165
7,2140,13,-16.4268292682927
7,2141,20,-11.7821782178218
7,2142,45,38.9736842105263
7,2143,110,117.914285714286
7,2144,87,119.921568627451
7,2145,148,119.921568627451
7,2146,143,28.7272727272727
7,2147,-25,-232.833333333333
7,2148,-26,-113.666666666667
7,2149,-96,-16.4268292682927
7,2150,113,-33.5242165242165
7,2151,-1,-18.4126984126984
7,2152,-38,-39.7222222222222
7,2153,-68,-33.5242165242165
7,2154,-29,-33.5242165242165
7,2155,-96,-33.5242165242165
7,2156,-40,-33.5242165242165
7,2157,-52,-33.5242165242165
7,2158,-68,-33.5242165242165
7,2159,-15,-33.5242165242165
7,2160,-13,-16.4268292682927
7,2161,-28,-16.4268292682927
7,2162,-65,-16.4268292682927
7,2163,-12,-33.5242165242165
7,2164,-5,-16.4268292682927
7,2165,6,3.54901960784314
7,2166,19,3.54901960784314
7,2167,78,75.1023622047244
7,2168,77,178.011494252874
7,2169,142,119.921568627451
7,2170,81,28.7272727272727
7,2171,144,-113.666666666667
7,2172,7,-104.739130434783
7,2173,-47,-113.666666666667
7,2174,53,-33.5242165242165
7,2175,-27,-18.4126984126984
7,2176,-33,-16.4268292682927
7,2177,-48,-33.5242165242165
7,2178,-80,-33.5242165242165
7,2179,-107,-33.5242165242165
7,2180,-73,-33.5242165242165
7,2181,-46,-33.5242165242165
7,2182,-55,-33.5242165242165
7,2183,-68,-33.5242165242165
7,2184,-25,-33.5242165242165
7,2185,-3,-16.4268292682927
7,2186,-1,3.54901960784314
7,2187,-3,3.54901960784314
7,2188,21,3.54901960784314
7,2189,119,75.1023622047244
7,2190,243,178.011494252874
7,2191,254,-82.6842105263158
7,2192,-289,-232.833333333333
7,2193,-160,-152.959183673469
7,2194,23,-111.588235294118
7,2195,50,-11.7821782178218
7,2196,9,-18.4126984126984
7,2197,-33,3.54901960784314
7,2198,23,-33.5242165242165
7,2199,126,113.016949152542
7,2200,381,243.645833333333
7,2201,-89,-82.6842105263158
7,2202,-134,-152.959183673469
7,2203,-223,-111.588235294118
7,2204,-76,-81.4864864864865
7,2205,-74,24.7619047619048
7,2206,-60,-33.5242165242165
7,2207,-75,-33.5242165242165
7,2208,-29,-33.5242165242165
7,2209,7,58
7,2210,-10,3.54901960784314
7,2211,-1,-16.4268292682927
7,2212,15,3.54901960784314
7,2213,145,75.1023622047244
7,2214,298,178.011494252874
7,2215,178,-82.6842105263158
7,2216,-346,-232.833333333333
7,2217,-138,-113.666666666667
7,2218,60,-81.4864864864865
7,2219,46,-18.4126984126984
7,2220,-44,-18.4126984126984
7,2221,-148,-33.5242165242165
7,2222,63,-33.5242165242165
7,2223,255,97.7826086956522
7,2224,328,243.645833333333
7,2225,-7,-232.833333333333
7,2226,-252,-152.959183673469
7,2227,-156,-111.588235294118
7,2228,-79,-81.4864864864865
7,2229,-76,-33.5242165242165
7,2230,-84,-33.5242165242165
7,2231,-28,-33.5242165242165
7,2232,-21,-2.34375
7,2233,-13,-2.34375
7,2234,1,-16.4268292682927
7,2235,3,3.54901960784314
7,2236,23,3.54901960784314
7,2237,98,75.1023622047244
7,2238,292,178.011494252874
7,2239,204,143.935251798561
7,2240,-297,-232.833333333333
7,2241,-172,-152.959183673469
7,2242,48,-81.4864864864865
7,2243,79,-18.4126984126984
7,2244,-14,-18.4126984126984
7,2245,-23,-16.4268292682927
7,2246,16,-16.4268292682927
7,2247,98,113.016949152542
7,2248,348,243.645833333333
7,2249,-333,-18.4126984126984
7,2250,-274,-152.959183673469
7,2251,-47,-111.588235294118
7,2252,-17,-81.4864864864865
7,2253,33,-16.4268292682927
7,2254,-12,-11.7821782178218
7,2255,-22,-16.4268292682927
7,2256,-22,-16.4268292682927
7,2257,-8,113.016949152542
7,2258,0,3.54901960784314
7,2259,-1,3.54901960784314
7,2260,22,3.54901960784314
7,2261,115,38.9736842105263
7,2262,262,143.935251798561
7,2263,229,-82.6842105263158
7,2264,-269,-232.833333333333
7,2265,-207,-152.959183673469
7,2266,102,-111.588235294118
7,2267,16,-18.4126984126984
7,2268,46,-11.7821782178218
7,2269,-71,-37.6
7,2270,24,-33.5242165242165
7,2271,150,113.016949152542
7,2272,311,243.645833333333
7,2273,38,-82.6842105263158
7,2274,-217,-152.959183673469
7,2275,-179,-111.588235294118
7,2276,-144,-81.4864864864865
7,2277,2,24.7619047619048
7,2278,-97,3.54901960784314
7,2279,-71,-33.5242165242165
7,2280,-18,-33.5242165242165
7,2281,-15,113.016949152542
7,2282,-18,-16.4268292682927
7,2283,-4,-16.4268292682927
7,2284,17,3.54901960784314
7,2285,109,38.9736842105263
7,2286,216,178.011494252874
7,2287,269,143.935251798561
7,2288,-298,-232.833333333333
7,2289,-112,-152.959183673469
7,2290,81,-111.588235294118
7,2291,57,-18.4126984126984
7,2292,15,-18.4126984126984
7,2293,-29,-11.7821782178218
7,2294,105,-33.5242165242165
7,2295,86,97.7826086956522
7,2296,254,243.645833333333
7,2297,-183,-104.739130434783
7,2298,-93,-152.959183673469
7,2299,-162,-111.588235294118
7,2300,-71,-81.4864864864865
7,2301,-36,-33.5242165242165
7,2302,-54,-33.5242165242165
7,2303,-44,-33.5242165242165
7,2304,-43,-33.5242165242165
7,2305,-37,58
7,2306,-22,-33.5242165242165
7,2307,-25,-16.4268292682927
7,2308,4,-16.4268292682927
7,2309,20,3.54901960784314
7,2310,34,75.1023622047244
7,2311,111,75.1023622047244
7,2312,157,119.921568627451
7,2313,76,-82.6842105263158
7,2314,111,-113.666666666667
7,2315,37,-104.739130434783
7,2316,100,-39.7222222222222
7,2317,-44,-43.3
7,2318,-25,-33.5242165242165
7,2319,1,-16.4268292682927
7,2320,-15,3.54901960784314
7,2321,-30,-2.34375
7,2322,-107,-33.5242165242165
7,2323,-152,-33.5242165242165
7,2324,-57,-33.5242165242165
7,2325,44,-33.5242165242165
7,2326,-98,125.895833333333
7,2327,-78,-33.5242165242165
7,2328,-4,-33.5242165242165
7,2329,-12,3.54901960784314
7,2330,-54,-16.4268292682927
7,2331,-19,-33.5242165242165
7,2332,3,-16.4268292682927
7,2333,9,3.54901960784314
7,2334,39,3.54901960784314
7,2335,96,75.1023622047244
7,2336,66,143.935251798561
7,2337,128,97.7826086956522
7,2338,78,28.7272727272727
7,2339,103,-113.666666666667
7,2340,71,-43.3
7,2341,-50,-43.3
7,2342,-53,-33.5242165242165
7,2343,65,-33.5242165242165
7,2344,-86,-18.4126984126984
7,2345,-89,-33.5242165242165
7,2346,-50,-33.5242165242165
7,2347,-109,-33.5242165242165
7,2348,-61,-33.5242165242165
7,2349,-38,-33.5242165242165
7,2350,-57,-33.5242165242165
7,2351,-39,-33.5242165242165
7,2352,-24,-33.5242165242165
7,2353,-9,-16.4268292682927
7,2354,0,-16.4268292682927
7,2355,4,3.54901960784314
7,2356,20,3.54901960784314
7,2357,39,75.1023622047244
7,2358,10,75.1023622047244
7,2359,81,3.54901960784314
7,2360,-46,119.921568627451
7,2361,-51,-33.5242165242165
7,2362,20,-33.5242165242165
7,2363,106,-11.7821782178218
7,2364,-9,-18.4126984126984
7,2365,-5,-16.4268292682927
7,2366,25,3.54901960784314
7,2367,-85,38.9736842105263
7,2368,118,-33.5242165242165
7,2369,71,-18.4126984126984
7,2370,4,-39.7222222222222
7,2371,-115,3.54901960784314
7,2372,-37,-33.5242165242165
7,2373,-23,-33.5242165242165
7,2374,-54,-16.4268292682927
7,2375,-43,-33.5242165242165
7,2376,-13,-33.5242165242165
7,2377,-15,-16.4268292682927
7,2378,2,-16.4268292682927
7,2379,-1,3.54901960784314
7,2380,3,3.54901960784314
7,2381,16,3.54901960784314
7,2382,68,75.1023622047244
7,2383,317,143.935251798561
7,2384,-54,143.935251798561
7,2385,-184,-152.959183673469
7,2386,53,-111.588235294118
7,2387,40,-18.4126984126984
7,2388,-25,-18.4126984126984
7,2389,-55,-16.4268292682927
7,2390,72,-33.5242165242165
7,2391,118,97.7826086956522
7,2392,304,178.011494252874
7,2393,55,-232.833333333333
7,2394,-221,-152.959183673469
7,2395,-249,-111.588235294118
7,2396,-154,-81.4864864864865
7,2397,-26,24.7619047619048
7,2398,-12,-16.4268292682927
7,2399,-32,-16.4268292682927
7,2400,-18,-33.5242165242165
7,2401,-2,-2.34375
7,2402,-13,3.54901960784314
7,2403,-2,-16.4268292682927
7,2404,34,3.54901960784314
7,2405,120,75.1023622047244
7,2406,282,178.011494252874
7,2407,210,-82.6842105263158
7,2408,-303,-232.833333333333
7,2409,-155,-152.959183673469
7,2410,75,-111.588235294118
7,2411,63,-18.4126984126984
7,2412,20,-18.4126984126984
7,2413,-87,-11.7821782178218
7,2414,11,-33.5242165242165
7,2415,172,113.016949152542
7,2416,427,243.645833333333
7,2417,-27,-82.6842105263158
7,2418,-256,-152.959183673469
7,2419,-131,-111.588235294118
7,2420,-66,-81.4864864864865
7,2421,-107,-33.5242165242165
7,2422,-153,-33.5242165242165
7,2423,-54,-33.5242165242165
7,2424,-51,58
7,2425,-12,58
7,2426,-13,-16.4268292682927
7,2427,13,-16.4268292682927
7,2428,19,75.1023622047244
7,2429,124,75.1023622047244
7,2430,315,260.626865671642
7,2431,160,-82.6842105263158
7,2432,-288,-232.833333333333
7,2433,-141,-113.666666666667
7,2434,74,-81.4864864864865
7,2435,69,-18.4126984126984
7,2436,-21,-18.4126984126984
7,2437,-57,-16.4268292682927
7,2438,46,-33.5242165242165
7,2439,114,97.7826086956522
7,2440,422,243.645833333333
7,2441,16,-175.736842105263
7,2442,-331,-152.959183673469
7,2443,-91,-111.588235294118
7,2444,-147,-81.4864864864865
7,2445,-48,-33.5242165242165
7,2446,-85,-33.5242165242165
7,2447,-96,-33.5242165242165
7,2448,-21,-33.5242165242165
7,2449,-28,-2.34375
7,2450,-7,-16.4268292682927
7,2451,-3,3.54901960784314
7,2452,23,3.54901960784314
7,2453,148,75.1023622047244
7,2454,333,178.011494252874
7,2455,230,-82.6842105263158
7,2456,-384,-232.833333333333
7,2457,-106,-152.959183673469
7,2458,79,-111.588235294118
7,2459,26,-18.4126984126984
7,2460,35,-11.7821782178218
7,2461,-45,-11.7821782178218
7,2462,41,-33.5242165242165
7,2463,177,97.7826086956522
7,2464,244,243.645833333333
7,2465,-143,-175.736842105263
7,2466,-186,-152.959183673469
7,2467,-146,-111.588235294118
7,2468,-79,-81.4864864864865
7,2469,-7,-33.5242165242165
7,2470,-77,3.54901960784314
7,2471,-26,-33.5242165242165
7,2472,-44,-2.34375
7,2473,-35,58
7,2474,-36,-33.5242165242165
7,2475,-19,-33.5242165242165
7,2476,-2,-16.4268292682927
7,2477,38,3.54901960784314
7,2478,45,75.1023622047244
7,2479,100,117.914285714286
7,2480,97,178.011494252874
7,2481,160,119.921568627451
7,2482,134,28.7272727272727
7,2483,56,-232.833333333333
7,2484,62,-113.666666666667
7,2485,26,-43.3
7,2486,-58,-11.7821782178218
7,2487,-30,-33.5242165242165
7,2488,-16,-33.5242165242165
7,2489,19,-16.4268292682927
7,2490,-213,-2.34375
7,2491,-117,-33.5242165242165
7,2492,-56,24.7619047619048
7,2493,79,-33.5242165242165
7,2494,-99,178.011494252874
7,2495,-69,-33.5242165242165
7,2496,-40,-33.5242165242165
7,2497,-32,-33.5242165242165
7,2498,-32,-33.5242165242165
7,2499,-50,-33.5242165242165
7,2500,-8,-33.5242165242165
7,2501,17,3.54901960784314
7,2502,65,75.1023622047244
7,2503,81,178.011494252874
7,2504,142,178.011494252874
7,2505,119,28.7272727272727
7,2506,149,-232.833333333333
7,2507,56,-232.833333333333
7,2508,-30,-113.666666666667
7,2509,-64,-33.5242165242165
7,2510,-41,-33.5242165242165
7,2511,75,-33.5242165242165
7,2512,-28,-18.4126984126984
7,2513,-75,-2.34375
7,2514,-72,-33.5242165242165
7,2515,-128,-33.5242165242165
7,2516,-41,-33.5242165242165
7,2517,-88,-33.5242165242165
7,2518,-59,-33.5242165242165
7,2519,-46,-33.5242165242165
7,2520,-25,-33.5242165242165
7,2521,-4,-16.4268292682927
7,2522,-9,3.54901960784314
7,2523,5,-16.4268292682927
7,2524,8,3.54901960784314
7,2525,64,3.54901960784314
7,2526,74,178.011494252874
7,2527,117,119.921568627451
7,2528,-84,-104.739130434783
7,2529,-87,-39.7222222222222
7,2530,7,-33.5242165242165
7,2531,64,3.54901960784314
7,2532,14,-18.4126984126984
7,2533,-4,-11.7821782178218
7,2534,45,3.54901960784314
7,2535,90,97.7826086956522
7,2536,193,119.921568627451
7,2537,22,-104.739130434783
7,2538,-82,-113.666666666667
7,2539,-112,-83.76
7,2540,-95,-33.5242165242165
7,2541,-99,-33.5242165242165
7,2542,-45,-33.5242165242165
7,2543,-61,-33.5242165242165
7,2544,-9,-33.5242165242165
7,2545,-16,-2.34375
7,2546,-6,-16.4268292682927
7,2547,2,3.54901960784314
7,2548,10,3.54901960784314
7,2549,120,3.54901960784314
7,2550,187,178.011494252874
7,2551,266,-82.6842105263158
7,2552,-257,-232.833333333333
7,2553,-133,-152.959183673469
7,2554,-11,-111.588235294118
7,2555,65,-16.4268292682927
7,2556,-11,-18.4126984126984
7,2557,-21,-16.4268292682927
7,2558,23,-16.4268292682927
7,2559,141,113.016949152542
7,2560,399,243.645833333333
7,2561,0,-82.6842105263158
7,2562,-421,-152.959183673469
7,2563,9,-111.588235294118
7,2564,-112,3.54901960784314
7,2565,-87,-33.5242165242165
7,2566,-69,-33.5242165242165
7,2567,-58,-33.5242165242165
7,2568,-15,-33.5242165242165
7,2569,-20,-2.34375
7,2570,-7,-16.4268292682927
7,2571,-2,3.54901960784314
7,2572,32,3.54901960784314
7,2573,125,75.1023622047244
7,2574,308,178.011494252874
7,2575,251,-82.6842105263158
7,2576,-422,-232.833333333333
7,2577,-106,-152.959183673469
7,2578,6,-111.588235294118
7,2579,51,3.54901960784314
7,2580,22,-18.4126984126984
7,2581,-22,-11.7821782178218
7,2582,9,113.016949152542
7,2583,21,113.016949152542
7,2584,7,113.016949152542
7,2585,42,3.54901960784314
7,2586,49,-18.4126984126984
7,2587,-81,125.895833333333
7,2588,-50,-33.5242165242165
7,2589,-86,-33.5242165242165
7,2590,-53,-33.5242165242165
7,2591,-50,-33.5242165242165
7,2592,-26,-33.5242165242165
7,2593,-14,-16.4268292682927
7,2594,-12,-16.4268292682927
7,2595,1,-16.4268292682927
7,2596,25,3.54901960784314
7,2597,126,75.1023622047244
7,2598,259,178.011494252874
7,2599,277,-82.6842105263158
7,2600,-391,-232.833333333333
7,2601,-116,-152.959183673469
7,2602,36,-111.588235294118
7,2603,68,-11.7821782178218
7,2604,13,-18.4126984126984
7,2605,-50,-11.7821782178218
7,2606,39,-33.5242165242165
7,2607,99,113.016949152542
7,2608,408,243.645833333333
7,2609,-46,-104.739130434783
7,2610,-260,-152.959183673469
7,2611,-94,-111.588235294118
7,2612,-113,-81.4864864864865
7,2613,-42,-33.5242165242165
7,2614,-76,-33.5242165242165
7,2615,-94,-33.5242165242165
7,2616,-31,-33.5242165242165
7,2617,-19,58
7,2618,-9,-16.4268292682927
7,2619,-5,-16.4268292682927
7,2620,21,3.54901960784314
7,2621,83,75.1023622047244
7,2622,246,178.011494252874
7,2623,224,178.011494252874
7,2624,-243,-232.833333333333
7,2625,-108,-152.959183673469
7,2626,51,-111.588235294118
7,2627,38,-18.4126984126984
7,2628,12,-11.7821782178218
7,2629,34,-11.7821782178218
7,2630,99,-11.7821782178218
7,2631,118,97.7826086956522
7,2632,69,243.645833333333
7,2633,-131,-39.7222222222222
7,2634,-118,-33.5242165242165
7,2635,-54,-33.5242165242165
7,2636,-95,-33.5242165242165
7,2637,-43,-33.5242165242165
7,2638,-46,-33.5242165242165
7,2639,-50,-33.5242165242165
7,2640,-34,-33.5242165242165
7,2641,-18,-33.5242165242165
7,2642,-33,-16.4268292682927
7,2643,-29,-33.5242165242165
7,2644,8,-33.5242165242165
7,2645,21,3.54901960784314
7,2646,23,75.1023622047244
7,2647,87,75.1023622047244
7,2648,148,119.921568627451
7,2649,148,119.921568627451
7,2650,83,-232.833333333333
7,2651,9,-113.666666666667
7,2652,10,3.54901960784314
7,2653,25,3.54901960784314
7,2654,-51,-11.7821782178218
7,2655,-9,-33.5242165242165
7,2656,-42,-16.4268292682927
7,2657,-47,-33.5242165242165
7,2658,-42,-33.5242165242165
7,2659,-118,-33.5242165242165
7,2660,-4,-33.5242165242165
7,2661,-47,3.54901960784314
7,2662,-54,-33.5242165242165
7,2663,-13,-33.5242165242165
7,2664,-59,-16.4268292682927
7,2665,-17,-33.5242165242165
7,2666,-25,-16.4268292682927
7,2667,-25,-16.4268292682927
7,2668,-4,-16.4268292682927
7,2669,15,3.54901960784314
7,2670,30,75.1023622047244
7,2671,99,75.1023622047244
7,2672,119,143.935251798561
7,2673,154,17.75
7,2674,95,-232.833333333333
7,2675,51,-232.833333333333
7,2676,-72,-43.3
7,2677,49,-33.5242165242165
7,2678,-12,-43.3
7,2679,-34,-16.4268292682927
7,2680,21,-33.5242165242165
7,2681,-4,-11.7821782178218
7,2682,-76,113.016949152542
7,2683,-50,-33.5242165242165
7,2684,-249,-33.5242165242165
7,2685,-84,-33.5242165242165
7,2686,37,24.7619047619048
7,2687,-31,75.1023622047244
7,2688,-6,-33.5242165242165
7,2689,-11,3.54901960784314
7,2690,-30,-16.4268292682927
7,2691,-12,-33.5242165242165
7,2692,3,-16.4268292682927
7,2693,11,3.54901960784314
7,2694,47,38.9736842105263
7,2695,88,125.895833333333
7,2696,108,143.935251798561
7,2697,101,28.7272727272727
7,2698,112,28.7272727272727
7,2699,49,-104.739130434783
7,2700,31,-39.7222222222222
7,2701,-91,-11.7821782178218
7,2702,-5,-33.5242165242165
7,2703,41,3.54901960784314
7,2704,-96,-18.4126984126984
7,2705,-22,-33.5242165242165
7,2706,12,-16.4268292682927
7,2707,-78,-11.7821782178218
7,2708,-70,-33.5242165242165
7,2709,-90,-33.5242165242165
7,2710,-75,-33.5242165242165
7,2711,-37,-33.5242165242165
7,2712,-31,-33.5242165242165
7,2713,-6,-33.5242165242165
7,2714,-5,3.54901960784314
7,2715,2,3.54901960784314
7,2716,28,3.54901960784314
7,2717,121,75.1023622047244
7,2718,296,178.011494252874
7,2719,184,-82.6842105263158
7,2720,-377,-232.833333333333
7,2721,-74,-113.666666666667
7,2722,14,-81.4864864864865
7,2723,40,-11.7821782178218
7,2724,2,-18.4126984126984
7,2725,-1,3.54901960784314
7,2726,18,113.016949152542
7,2727,137,113.016949152542
7,2728,388,243.645833333333
7,2729,-71,-82.6842105263158
7,2730,-184,-152.959183673469
7,2731,-322,-111.588235294118
7,2732,-133,-81.4864864864865
7,2733,-16,24.7619047619048
7,2734,-5,-16.4268292682927
7,2735,-14,3.54901960784314
7,2736,-32,-2.34375
7,2737,1,58
7,2738,0,3.54901960784314
7,2739,1,3.54901960784314
7,2740,35,3.54901960784314
7,2741,103,75.1023622047244
7,2742,339,143.935251798561
7,2743,188,178.011494252874
7,2744,-366,-232.833333333333
7,2745,-128,-113.666666666667
7,2746,31,-81.4864864864865
7,2747,45,-11.7821782178218
7,2748,36,-18.4126984126984
7,2749,-37,-11.7821782178218
7,2750,23,-33.5242165242165
7,2751,123,113.016949152542
7,2752,441,243.645833333333
7,2753,-43,-82.6842105263158
7,2754,-240,-152.959183673469
7,2755,-125,-111.588235294118
7,2756,-127,-81.4864864864865
7,2757,-87,-33.5242165242165
7,2758,-57,-33.5242165242165
7,2759,-99,-33.5242165242165
7,2760,-35,-33.5242165242165
7,2761,-12,58
7,2762,-6,-16.4268292682927
7,2763,0,3.54901960784314
7,2764,25,3.54901960784314
7,2765,145,75.1023622047244
7,2766,329,178.011494252874
7,2767,186,-82.6842105263158
7,2768,-382,-232.833333333333
7,2769,-91,-113.666666666667
7,2770,-2,-81.4864864864865
7,2771,74,3.54901960784314
7,2772,1,-18.4126984126984
7,2773,-39,3.54901960784314
7,2774,36,-33.5242165242165
7,2775,197,113.016949152542
7,2776,340,243.645833333333
7,2777,-42,-82.6842105263158
7,2778,-194,-152.959183673469
7,2779,-112,-111.588235294118
7,2780,-120,-81.4864864864865
7,2781,-95,-33.5242165242165
7,2782,-124,-33.5242165242165
7,2783,-54,-33.5242165242165
7,2784,-52,58
7,2785,-18,58
7,2786,-12,-16.4268292682927
7,2787,2,-16.4268292682927
7,2788,39,3.54901960784314
7,2789,96,75.1023622047244
7,2790,261,178.011494252874
7,2791,292,178.011494252874
7,2792,-396,-232.833333333333
7,2793,-94,-152.959183673469
7,2794,31,-111.588235294118
7,2795,75,-11.7821782178218
7,2796,6,-18.4126984126984
7,2797,-62,3.54901960784314
7,2798,4,-33.5242165242165
7,2799,-36,113.016949152542
7,2800,5,58
7,2801,-117,3.54901960784314
7,2802,-65,-33.5242165242165
7,2803,-6,-33.5242165242165
7,2804,46,3.54901960784314
7,2805,-62,125.895833333333
7,2806,50,-33.5242165242165
7,2807,13,-37.6
7,2808,-10,38.9736842105263
7,2809,-35,-16.4268292682927
7,2810,-15,-33.5242165242165
7,2811,-13,-16.4268292682927
7,2812,-1,-16.4268292682927
7,2813,24,3.54901960784314
7,2814,50,-11.7821782178218
7,2815,124,117.914285714286
7,2816,122,178.011494252874
7,2817,161,-175.736842105263
7,2818,43,-232.833333333333
7,2819,132,-113.666666666667
7,2820,11,-104.739130434783
7,2821,-32,-113.666666666667
7,2822,55,-33.5242165242165
7,2823,-58,-18.4126984126984
7,2824,-58,-33.5242165242165
7,2825,-74,-33.5242165242165
7,2826,42,-33.5242165242165
7,2827,-155,125.895833333333
7,2828,-83,-33.5242165242165
7,2829,-88,-33.5242165242165
7,2830,10,-33.5242165242165
7,2831,-69,3.54901960784314
7,2832,-48,-33.5242165242165
7,2833,-32,-33.5242165242165
7,2834,-39,-33.5242165242165
7,2835,-37,-33.5242165242165
7,2836,-1,-33.5242165242165
7,2837,10,3.54901960784314
7,2838,13,3.54901960784314
7,2839,105,75.1023622047244
7,2840,160,178.011494252874
7,2841,104,119.921568627451
7,2842,107,-232.833333333333
7,2843,173,-104.739130434783
7,2844,2,-104.739130434783
7,2845,-8,-113.666666666667
7,2846,-34,3.54901960784314
7,2847,18,-33.5242165242165
7,2848,-84,-11.7821782178218
7,2849,-82,-33.5242165242165
7,2850,-43,-33.5242165242165
7,2851,-139,-33.5242165242165
7,2852,-68,58
7,2853,-20,-33.5242165242165
7,2854,-118,-16.4268292682927
7,2855,-59,-33.5242165242165
7,2856,-35,-33.5242165242165
7,2857,-3,-33.5242165242165
7,2858,-6,3.54901960784314
7,2859,3,3.54901960784314
7,2860,27,3.54901960784314
7,2861,104,75.1023622047244
7,2862,378,178.011494252874
7,2863,148,178.011494252874
7,2864,-383,-232.833333333333
7,2865,-95,-113.666666666667
7,2866,52,-81.4864864864865
7,2867,43,-18.4126984126984
7,2868,-8,-18.4126984126984
7,2869,-4,3.54901960784314
7,2870,22,3.54901960784314
7,2871,156,113.016949152542
7,2872,386,243.645833333333
7,2873,-12,-82.6842105263158
7,2874,-177,-152.959183673469
7,2875,-184,-111.588235294118
7,2876,-196,-81.4864864864865
7,2877,-97,24.7619047619048
7,2878,-82,24.7619047619048
7,2879,-52,-33.5242165242165
7,2880,-14,-33.5242165242165
7,2881,-12,-2.34375
7,2882,-3,-16.4268292682927
7,2883,0,3.54901960784314
7,2884,31,3.54901960784314
7,2885,148,75.1023622047244
7,2886,385,178.011494252874
7,2887,141,-82.6842105263158
7,2888,-375,-232.833333333333
7,2889,-159,-113.666666666667
7,2890,51,-81.4864864864865
7,2891,20,-18.4126984126984
7,2892,20,-11.7821782178218
7,2893,9,-11.7821782178218
7,2894,-4,113.016949152542
7,2895,201,113.016949152542
7,2896,377,243.645833333333
7,2897,-60,-82.6842105263158
7,2898,-277,-152.959183673469
7,2899,-98,-111.588235294118
7,2900,-132,-81.4864864864865
7,2901,-90,-33.5242165242165
7,2902,-80,-33.5242165242165
7,2903,-64,-33.5242165242165
7,2904,-22,58
7,2905,-16,-2.34375
7,2906,-3,-16.4268292682927
7,2907,2,3.54901960784314
7,2908,28,3.54901960784314
7,2909,134,75.1023622047244
7,2910,375,178.011494252874
7,2911,121,-82.6842105263158
7,2912,-365,-232.833333333333
7,2913,-100,-39.7222222222222
7,2914,23,-81.4864864864865
7,2915,89,-11.7821782178218
7,2916,-12,-18.4126984126984
7,2917,-1,-16.4268292682927
7,2918,-2,113.016949152542
7,2919,152,113.016949152542
7,2920,272,260.626865671642
7,2921,58,-82.6842105263158
7,2922,-244,-152.959183673469
7,2923,-130,-111.588235294118
7,2924,-110,-81.4864864864865
7,2925,-50,-33.5242165242165
7,2926,-125,-33.5242165242165
7,2927,-64,-33.5242165242165
7,2928,-37,-33.5242165242165
7,2929,-10,58
7,2930,-7,-16.4268292682927
7,2931,1,3.54901960784314
7,2932,28,3.54901960784314
7,2933,136,75.1023622047244
7,2934,356,260.626865671642
7,2935,155,-82.6842105263158
7,2936,-344,-232.833333333333
7,2937,-127,-113.666666666667
7,2938,27,-81.4864864864865
7,2939,99,-11.7821782178218
7,2940,-21,-18.4126984126984
7,2941,-50,-16.4268292682927
7,2942,68,-33.5242165242165
7,2943,133,97.7826086956522
7,2944,403,243.645833333333
7,2945,-56,-232.833333333333
7,2946,-211,-152.959183673469
7,2947,-124,-111.588235294118
7,2948,-165,-81.4864864864865
7,2949,-85,-33.5242165242165
7,2950,-51,-33.5242165242165
7,2951,-100,-33.5242165242165
7,2952,-48,-33.5242165242165
7,2953,-10,58
7,2954,-11,-16.4268292682927
7,2955,2,-16.4268292682927
7,2956,19,3.54901960784314
7,2957,110,75.1023622047244
7,2958,289,178.011494252874
7,2959,272,178.011494252874
7,2960,-318,-232.833333333333
7,2961,-133,-152.959183673469
7,2962,15,-111.588235294118
7,2963,105,-11.7821782178218
7,2964,47,-18.4126984126984
7,2965,-43,-18.4126984126984
7,2966,24,-33.5242165242165
7,2967,126,113.016949152542
7,2968,270,243.645833333333
7,2969,-70,-82.6842105263158
7,2970,-168,-152.959183673469
7,2971,-147,-111.588235294118
7,2972,-69,-81.4864864864865
7,2973,-48,-33.5242165242165
7,2974,-76,-33.5242165242165
7,2975,-9,-33.5242165242165
7,2976,-83,-2.34375
7,2977,-34,58
7,2978,-49,-33.5242165242165
7,2979,-32,-33.5242165242165
7,2980,11,-33.5242165242165
7,2981,61,75.1023622047244
7,2982,7,143.935251798561
7,2983,157,3.54901960784314
7,2984,96,28.7272727272727
7,2985,126,-82.6842105263158
7,2986,103,28.7272727272727
7,2987,-38,-232.833333333333
7,2988,54,-33.5242165242165
7,2989,8,-43.3
7,2990,-38,3.54901960784314
7,2991,-21,-33.5242165242165
7,2992,-39,113.016949152542
7,2993,-44,-33.5242165242165
7,2994,-91,-33.5242165242165
7,2995,3,-33.5242165242165
7,2996,-47,3.54901960784314
7,2997,-102,-33.5242165242165
7,2998,16,-33.5242165242165
7,2999,-72,75.1023622047244
7,3000,-42,-33.5242165242165
7,3001,-43,-33.5242165242165
7,3002,-44,-33.5242165242165
7,3003,-19,-33.5242165242165
7,3004,3,-16.4268292682927
7,3005,17,3.54901960784314
7,3006,32,38.9736842105263
7,3007,119,75.1023622047244
7,3008,85,178.011494252874
7,3009,147,-39.7222222222222
7,3010,86,28.7272727272727
7,3011,3,-113.666666666667
7,3012,-10,3.54901960784314
7,3013,8,-16.4268292682927
7,3014,-25,3.54901960784314
7,3015,33,-16.4268292682927
7,3016,13,-11.7821782178218
7,3017,-31,-11.7821782178218
7,3018,-115,-33.5242165242165
7,3019,-12,-33.5242165242165
7,3020,-110,-16.4268292682927
7,3021,-94,-33.5242165242165
7,3022,-49,-33.5242165242165
7,3023,-69,-33.5242165242165
7,3024,-17,-33.5242165242165
7,3025,-7,-16.4268292682927
7,3026,-11,3.54901960784314
7,3027,1,-16.4268292682927
7,3028,30,3.54901960784314
7,3029,107,75.1023622047244
7,3030,359,178.011494252874
7,3031,148,143.935251798561
7,3032,-335,-232.833333333333
7,3033,-169,-113.666666666667
7,3034,55,-81.4864864864865
7,3035,59,-18.4126984126984
7,3036,-13,-18.4126984126984
7,3037,11,-16.4268292682927
7,3038,0,-11.7821782178218
7,3039,168,113.016949152542
7,3040,373,243.645833333333
7,3041,31,-82.6842105263158
7,3042,-235,-152.959183673469
7,3043,-202,-111.588235294118
7,3044,-144,-81.4864864864865
7,3045,-86,24.7619047619048
7,3046,-84,-33.5242165242165
7,3047,-52,-33.5242165242165
7,3048,-12,58
7,3049,-10,-2.34375
7,3050,6,-16.4268292682927
7,3051,-8,3.54901960784314
7,3052,25,3.54901960784314
7,3053,107,75.1023622047244
7,3054,167,119.921568627451
7,3055,310,143.935251798561
7,3056,-328,-232.833333333333
7,3057,-160,-152.959183673469
7,3058,-60,-111.588235294118
7,3059,30,-81.4864864864865
7,3060,-36,-11.7821782178218
7,3061,1,-33.5242165242165
7,3062,56,3.54901960784314
7,3063,123,97.7826086956522
7,3064,442,243.645833333333
7,3065,-28,-232.833333333333
7,3066,-162,-152.959183673469
7,3067,-105,-111.588235294118
7,3068,-112,-81.4864864864865
7,3069,-67,-33.5242165242165
7,3070,-118,-33.5242165242165
7,3071,-55,-33.5242165242165
7,3072,-6,-33.5242165242165
7,3073,-24,-2.34375
7,3074,4,-16.4268292682927
7,3075,2,3.54901960784314
7,3076,30,3.54901960784314
7,3077,154,75.1023622047244
7,3078,311,119.921568627451
7,3079,208,-82.6842105263158
7,3080,-361,-232.833333333333
7,3081,-154,-152.959183673469
7,3082,48,-111.588235294118
7,3083,88,-18.4126984126984
7,3084,-79,-18.4126984126984
7,3085,65,-33.5242165242165
7,3086,-39,-37.6
7,3087,111,58
7,3088,465,243.645833333333
7,3089,-113,-82.6842105263158
7,3090,-73,-152.959183673469
7,3091,-223,-111.588235294118
7,3092,-52,-81.4864864864865
7,3093,-158,24.7619047619048
7,3094,-85,-33.5242165242165
7,3095,-105,-33.5242165242165
7,3096,-27,-33.5242165242165
7,3097,-12,-2.34375
7,3098,-4,-16.4268292682927
7,3099,1,3.54901960784314
7,3100,34,3.54901960784314
7,3101,141,75.1023622047244
7,3102,325,178.011494252874
7,3103,213,-82.6842105263158
7,3104,-362,-232.833333333333
7,3105,-178,-152.959183673469
7,3106,49,-111.588235294118
7,3107,37,-18.4126984126984
7,3108,19,-11.7821782178218
7,3109,14,-11.7821782178218
7,3110,26,113.016949152542
7,3111,114,113.016949152542
7,3112,429,243.645833333333
7,3113,-44,-82.6842105263158
7,3114,-244,-152.959183673469
7,3115,-144,-111.588235294118
7,3116,-98,-81.4864864864865
7,3117,-95,-33.5242165242165
7,3118,-70,-33.5242165242165
7,3119,-78,-33.5242165242165
7,3120,-43,-33.5242165242165
7,3121,-36,58
7,3122,-10,-33.5242165242165
7,3123,9,-16.4268292682927
7,3124,19,3.54901960784314
7,3125,118,75.1023622047244
7,3126,279,178.011494252874
7,3127,223,-82.6842105263158
7,3128,-287,-232.833333333333
7,3129,-150,-152.959183673469
7,3130,70,-111.588235294118
7,3131,117,-18.4126984126984
7,3132,-10,-18.4126984126984
7,3133,-17,-39.7222222222222
7,3134,1,-16.4268292682927
7,3135,181,113.016949152542
7,3136,265,243.645833333333
7,3137,-130,-82.6842105263158
7,3138,-226,-152.959183673469
7,3139,-82,-111.588235294118
7,3140,-52,-81.4864864864865
7,3141,-12,-33.5242165242165
7,3142,-99,-16.4268292682927
7,3143,-85,-33.5242165242165
7,3144,-42,58
7,3145,-28,58
7,3146,-40,-16.4268292682927
7,3147,-19,-33.5242165242165
7,3148,15,-16.4268292682927
7,3149,24,75.1023622047244
7,3150,31,75.1023622047244
7,3151,126,75.1023622047244
7,3152,163,119.921568627451
7,3153,68,-82.6842105263158
7,3154,131,-113.666666666667
7,3155,37,-104.739130434783
7,3156,14,-113.666666666667
7,3157,-44,-11.7821782178218
7,3158,10,-33.5242165242165
7,3159,-41,3.54901960784314
7,3160,51,-33.5242165242165
7,3161,-22,-18.4126984126984
7,3162,-110,-16.4268292682927
7,3163,-109,-33.5242165242165
7,3164,-62,-33.5242165242165
7,3165,-10,-33.5242165242165
7,3166,-97,-16.4268292682927
7,3167,-35,-33.5242165242165
7,3168,-60,-33.5242165242165
7,3169,-14,-33.5242165242165
7,3170,-46,-16.4268292682927
7,3171,-10,-33.5242165242165
7,3172,-1,-16.4268292682927
7,3173,6,3.54901960784314
7,3174,25,3.54901960784314
7,3175,71,75.1023622047244
7,3176,155,143.935251798561
7,3177,162,97.7826086956522
7,3178,110,-232.833333333333
7,3179,69,-232.833333333333
7,3180,-1,-43.3
7,3181,-32,3.54901960784314
7,3182,-119,-33.5242165242165
7,3183,117,-33.5242165242165
7,3184,13,-18.4126984126984
7,3185,-80,-39.7222222222222
7,3186,-123,-33.5242165242165
7,3187,-88,-33.5242165242165
7,3188,-56,-33.5242165242165
7,3189,-93,-33.5242165242165
7,3190,-45,-33.5242165242165
7,3191,-68,-33.5242165242165
7,3192,-26,-33.5242165242165
7,3193,-5,-16.4268292682927
7,3194,-5,3.54901960784314
7,3195,5,3.54901960784314
7,3196,14,3.54901960784314
7,3197,14,75.1023622047244
7,3198,108,75.1023622047244
7,3199,329,119.921568627451
7,3200,-224,125.895833333333
7,3201,-159,-152.959183673469
7,3202,30,-111.588235294118
7,3203,47,-11.7821782178218
7,3204,57,-18.4126984126984
7,3205,-6,-37.6
7,3206,18,3.54901960784314
7,3207,95,38.9736842105263
7,3208,391,187
7,3209,-81,-18.4126984126984
7,3210,-179,-152.959183673469
7,3211,-101,-111.588235294118
7,3212,-89,-81.4864864864865
7,3213,-109,-33.5242165242165
7,3214,-90,-33.5242165242165
7,3215,-39,-33.5242165242165
7,3216,-21,-33.5242165242165
7,3217,1,-2.34375
7,3218,-7,3.54901960784314
7,3219,2,3.54901960784314
7,3220,27,3.54901960784314
7,3221,124,75.1023622047244
7,3222,319,178.011494252874
7,3223,193,-82.6842105263158
7,3224,-345,-232.833333333333
7,3225,-148,-113.666666666667
7,3226,50,-81.4864864864865
7,3227,62,-18.4126984126984
7,3228,-20,-18.4126984126984
7,3229,-45,-16.4268292682927
7,3230,32,-33.5242165242165
7,3231,75,113.016949152542
7,3232,477,243.645833333333
7,3233,-16,-104.739130434783
7,3234,-281,-152.959183673469
7,3235,-56,-111.588235294118
7,3236,-182,-81.4864864864865
7,3237,15,-33.5242165242165
7,3238,-166,-11.7821782178218
7,3239,-72,-33.5242165242165
7,3240,-26,-33.5242165242165
7,3241,-21,113.016949152542
7,3242,2,-16.4268292682927
7,3243,-1,3.54901960784314
7,3244,32,3.54901960784314
7,3245,126,38.9736842105263
7,3246,299,260.626865671642
7,3247,179,-82.6842105263158
7,3248,-327,-232.833333333333
7,3249,-149,-113.666666666667
7,3250,21,-81.4864864864865
7,3251,-8,-11.7821782178218
7,3252,31,3.54901960784314
7,3253,-21,-11.7821782178218
7,3254,-11,113.016949152542
7,3255,156,113.016949152542
7,3256,356,243.645833333333
7,3257,-19,-82.6842105263158
7,3258,-133,-152.959183673469
7,3259,-132,-111.588235294118
7,3260,-63,-81.4864864864865
7,3261,-87,-33.5242165242165
7,3262,-134,-33.5242165242165
7,3263,-54,-33.5242165242165
7,3264,-51,-33.5242165242165
7,3265,0,58
7,3266,-7,3.54901960784314
7,3267,1,3.54901960784314
7,3268,28,3.54901960784314
7,3269,110,75.1023622047244
7,3270,313,260.626865671642
7,3271,127,178.011494252874
7,3272,-334,-232.833333333333
7,3273,-106,-113.666666666667
7,3274,11,-81.4864864864865
7,3275,54,-11.7821782178218
7,3276,-43,-18.4126984126984
7,3277,4,-33.5242165242165
7,3278,18,3.54901960784314
7,3279,126,113.016949152542
7,3280,295,260.626865671642
7,3281,25,-82.6842105263158
7,3282,-141,-152.959183673469
7,3283,-63,-111.588235294118
7,3284,-125,-81.4864864864865
7,3285,-68,-33.5242165242165
7,3286,-97,-33.5242165242165
7,3287,-53,-33.5242165242165
7,3288,-62,-33.5242165242165
7,3289,-19,58
7,3290,-5,-16.4268292682927
7,3291,3,3.54901960784314
7,3292,28,3.54901960784314
7,3293,84,75.1023622047244
7,3294,237,178.011494252874
7,3295,254,178.011494252874
7,3296,-280,-232.833333333333
7,3297,-148,-152.959183673469
7,3298,51,-111.588235294118
7,3299,18,-18.4126984126984
7,3300,46,-11.7821782178218
7,3301,-37,-37.6
7,3302,21,-33.5242165242165
7,3303,96,113.016949152542
7,3304,266,243.645833333333
7,3305,-141,-18.4126984126984
7,3306,-143,-152.959183673469
7,3307,-160,-111.588235294118
7,3308,15,-81.4864864864865
7,3309,-20,75.1023622047244
7,3310,-23,-16.4268292682927
7,3311,-58,-16.4268292682927
7,3312,7,-33.5242165242165
7,3313,-30,113.016949152542
7,3314,-51,-33.5242165242165
7,3315,-23,-33.5242165242165
7,3316,-7,-16.4268292682927
7,3317,35,3.54901960784314
7,3318,31,75.1023622047244
7,3319,89,75.1023622047244
7,3320,165,178.011494252874
7,3321,162,119.921568627451
7,3322,22,-232.833333333333
7,3323,86,-113.666666666667
7,3324,-38,-43.3
7,3325,45,-33.5242165242165
7,3326,-126,-43.3
7,3327,30,-33.5242165242165
7,3328,17,-11.7821782178218
7,3329,-49,113.016949152542
7,3330,-56,-33.5242165242165
7,3331,-39,-33.5242165242165
7,3332,-64,-33.5242165242165
7,3333,-43,-33.5242165242165
7,3334,-54,-33.5242165242165
7,3335,-62,-33.5242165242165
7,3336,-36,-33.5242165242165
7,3337,-13,-33.5242165242165
7,3338,-54,-16.4268292682927
7,3339,-47,-33.5242165242165
7,3340,-5,-33.5242165242165
7,3341,17,3.54901960784314
7,3342,46,75.1023622047244
7,3343,70,117.914285714286
7,3344,91,143.935251798561
7,3345,220,28.7272727272727
7,3346,54,28.7272727272727
7,3347,50,-152.959183673469
7,3348,29,-43.3
7,3349,-34,-11.7821782178218
7,3350,-64,-33.5242165242165
7,3351,-26,-33.5242165242165
7,3352,71,-16.4268292682927
7,3353,2,-18.4126984126984
7,3354,-111,-2.34375
7,3355,-91,-33.5242165242165
7,3356,-79,-33.5242165242165
7,3357,-75,-33.5242165242165
7,3358,-91,-33.5242165242165
7,3359,-19,-33.5242165242165
7,3360,-37,-16.4268292682927
7,3361,-17,-33.5242165242165
7,3362,-9,-16.4268292682927
7,3363,-1,-16.4268292682927
7,3364,39,3.54901960784314
7,3365,115,75.1023622047244
7,3366,327,143.935251798561
7,3367,123,-175.736842105263
7,3368,-340,-232.833333333333
7,3369,-84,-39.7222222222222
7,3370,-3,-81.4864864864865
7,3371,89,3.54901960784314
7,3372,-10,-18.4126984126984
7,3373,-9,-16.4268292682927
7,3374,-18,-16.4268292682927
7,3375,181,113.016949152542
7,3376,419,260.626865671642
7,3377,-42,-82.6842105263158
7,3378,-209,-152.959183673469
7,3379,-107,-111.588235294118
7,3380,-144,-81.4864864864865
7,3381,-144,-33.5242165242165
7,3382,-84,-33.5242165242165
7,3383,-66,-33.5242165242165
7,3384,-7,58
7,3385,-21,-2.34375
7,3386,0,-16.4268292682927
7,3387,1,3.54901960784314
7,3388,29,3.54901960784314
7,3389,149,75.1023622047244
7,3390,364,178.011494252874
7,3391,104,-82.6842105263158
7,3392,-328,-232.833333333333
7,3393,-138,-111.588235294118
7,3394,45,-81.4864864864865
7,3395,73,-18.4126984126984
7,3396,-2,-18.4126984126984
7,3397,-39,3.54901960784314
7,3398,50,-33.5242165242165
7,3399,99,97.7826086956522
7,3400,484,260.626865671642
7,3401,-76,-104.739130434783
7,3402,-212,-152.959183673469
7,3403,-107,-111.588235294118
7,3404,-177,-81.4864864864865
7,3405,-83,-33.5242165242165
7,3406,-114,24.7619047619048
7,3407,-77,-33.5242165242165
7,3408,-31,-33.5242165242165
7,3409,-9,58
7,3410,-6,-16.4268292682927
7,3411,3,3.54901960784314
7,3412,25,3.54901960784314
7,3413,164,75.1023622047244
7,3414,327,178.011494252874
7,3415,160,-82.6842105263158
7,3416,-405,-232.833333333333
7,3417,-110,-113.666666666667
7,3418,37,-81.4864864864865
7,3419,113,-11.7821782178218
7,3420,-1,-18.4126984126984
7,3421,-51,-39.7222222222222
7,3422,-21,-33.5242165242165
7,3423,143,113.016949152542
7,3424,451,243.645833333333
7,3425,-39,-82.6842105263158
7,3426,-161,-152.959183673469
7,3427,-198,-111.588235294118
7,3428,-78,-81.4864864864865
7,3429,-70,24.7619047619048
7,3430,-138,-33.5242165242165
7,3431,-105,-33.5242165242165
7,3432,-29,-33.5242165242165
7,3433,-12,58
7,3434,-6,-16.4268292682927
7,3435,4,3.54901960784314
7,3436,36,3.54901960784314
7,3437,146,75.1023622047244
7,3438,315,260.626865671642
7,3439,109,-82.6842105263158
7,3440,-266,-232.833333333333
7,3441,-167,-111.588235294118
7,3442,27,-81.4864864864865
7,3443,65,-11.7821782178218
7,3444,-40,-18.4126984126984
7,3445,18,-33.5242165242165
7,3446,-35,113.016949152542
7,3447,168,58
7,3448,318,260.626865671642
7,3449,-8,-82.6842105263158
7,3450,-126,-152.959183673469
7,3451,-101,-111.588235294118
7,3452,-72,-81.4864864864865
7,3453,-124,-33.5242165242165
7,3454,-103,-33.5242165242165
7,3455,-57,-33.5242165242165
7,3456,-72,58
7,3457,-24,58
7,3458,-10,-16.4268292682927
7,3459,2,-16.4268292682927
7,3460,35,3.54901960784314
7,3461,118,75.1023622047244
7,3462,217,178.011494252874
7,3463,244,-82.6842105263158
7,3464,-324,-232.833333333333
7,3465,-129,-152.959183673469
7,3466,17,-111.588235294118
7,3467,38,-11.7821782178218
7,3468,13,-11.7821782178218
7,3469,-6,-11.7821782178218
7,3470,-3,3.54901960784314
7,3471,121,113.016949152542
7,3472,188,243.645833333333
7,3473,-75,-82.6842105263158
7,3474,-101,-113.666666666667
7,3475,-55,-83.76
7,3476,-72,-33.5242165242165
7,3477,-73,-33.5242165242165
7,3478,-115,-33.5242165242165
7,3479,21,-33.5242165242165
7,3480,-11,-2.34375
7,3481,3,-2.34375
7,3482,-38,3.54901960784314
7,3483,-5,-33.5242165242165
7,3484,-8,3.54901960784314
7,3485,32,3.54901960784314
7,3486,50,75.1023622047244
7,3487,102,117.914285714286
7,3488,81,-37.6
7,3489,129,28.7272727272727
7,3490,48,-104.739130434783
7,3491,19,-113.666666666667
7,3492,-43,75.1023622047244
7,3493,-19,-33.5242165242165
7,3494,-5,-16.4268292682927
7,3495,-31,3.54901960784314
7,3496,-11,-33.5242165242165
7,3497,-23,-16.4268292682927
7,3498,35,113.016949152542
7,3499,-82,38.9736842105263
7,3500,-79,-33.5242165242165
7,3501,-41,-33.5242165242165
7,3502,-20,-33.5242165242165
7,3503,-3,-16.4268292682927
7,3504,-56,3.54901960784314
7,3505,-3,-33.5242165242165
7,3506,-57,3.54901960784314
7,3507,-29,-33.5242165242165
7,3508,6,-33.5242165242165
7,3509,17,3.54901960784314
7,3510,23,75.1023622047244
7,3511,92,38.9736842105263
7,3512,77,125.895833333333
7,3513,147,97.7826086956522
7,3514,11,28.7272727272727
7,3515,56,-113.666666666667
7,3516,-13,-43.3
7,3517,24,-16.4268292682927
7,3518,-99,-11.7821782178218
7,3519,-32,-33.5242165242165
7,3520,100,-33.5242165242165
7,3521,-43,-18.4126984126984
7,3522,12,-33.5242165242165
7,3523,-50,38.9736842105263
7,3524,-74,-33.5242165242165
7,3525,-107,-33.5242165242165
7,3526,-41,-33.5242165242165
7,3527,-67,-33.5242165242165
7,3528,-26,-33.5242165242165
7,3529,-2,-16.4268292682927
7,3530,-10,3.54901960784314
7,3531,7,-16.4268292682927
7,3532,28,3.54901960784314
7,3533,96,75.1023622047244
7,3534,262,178.011494252874
7,3535,170,119.921568627451
7,3536,-273,-232.833333333333
7,3537,-121,-113.666666666667
7,3538,27,-81.4864864864865
7,3539,56,-11.7821782178218
7,3540,-21,-18.4126984126984
7,3541,-6,-16.4268292682927
7,3542,4,3.54901960784314
7,3543,131,113.016949152542
7,3544,382,243.645833333333
7,3545,-17,-82.6842105263158
7,3546,-149,-152.959183673469
7,3547,-186,-111.588235294118
7,3548,-137,-81.4864864864865
7,3549,-70,24.7619047619048
7,3550,-86,-33.5242165242165
7,3551,-49,-33.5242165242165
7,3552,-39,-33.5242165242165
7,3553,-4,58
7,3554,-8,3.54901960784314
7,3555,4,3.54901960784314
7,3556,29,3.54901960784314
7,3557,119,75.1023622047244
7,3558,329,178.011494252874
7,3559,163,-82.6842105263158
7,3560,-374,-232.833333333333
7,3561,-63,-113.666666666667
7,3562,8,-81.4864864864865
7,3563,55,3.54901960784314
7,3564,11,-18.4126984126984
7,3565,27,-11.7821782178218
7,3566,91,-11.7821782178218
7,3567,126,97.7826086956522
7,3568,195,243.645833333333
7,3569,-95,-232.833333333333
7,3570,-130,-113.666666666667
7,3571,-121,-83.76
7,3572,-180,-33.5242165242165
7,3573,-19,-33.5242165242165
7,3574,-6,-16.4268292682927
7,3575,-12,3.54901960784314
7,3576,-36,-2.34375
7,3577,-30,58
7,3578,-61,-33.5242165242165
7,3579,-16,-33.5242165242165
7,3580,3,-16.4268292682927
7,3581,13,3.54901960784314
7,3582,40,38.9736842105263
7,3583,81,117.914285714286
7,3584,140,178.011494252874
7,3585,154,119.921568627451
7,3586,38,-232.833333333333
7,3587,9,-113.666666666667
7,3588,5,3.54901960784314
7,3589,48,3.54901960784314
7,3590,-93,-18.4126984126984
7,3591,-65,-33.5242165242165
7,3592,25,-33.5242165242165
7,3593,16,113.016949152542
7,3594,2,-2.34375
7,3595,119,3.54901960784314
7,3596,33,125.895833333333
7,3597,-82,-39.7222222222222
7,3598,-319,-33.5242165242165
7,3599,-95,-33.5242165242165
7,3600,-58,24.7619047619048
7,3601,-12,-33.5242165242165
7,3602,-11,-16.4268292682927
7,3603,0,-16.4268292682927
7,3604,22,3.54901960784314
7,3605,104,75.1023622047244
7,3606,210,260.626865671642
7,3607,207,178.011494252874
7,3608,-257,-232.833333333333
7,3609,-107,-152.959183673469
7,3610,58,-111.588235294118
7,3611,32,-18.4126984126984
7,3612,34,-11.7821782178218
7,3613,-69,-11.7821782178218
7,3614,13,-33.5242165242165
7,3615,179,113.016949152542
7,3616,256,243.645833333333
7,3617,-82,-82.6842105263158
7,3618,-104,-152.959183673469
7,3619,-182,-111.588235294118
7,3620,2,-81.4864864864865
7,3621,-98,3.54901960784314
7,3622,-94,-33.5242165242165
7,3623,-29,-33.5242165242165
7,3624,-73,58
7,3625,-12,58
7,3626,-10,-16.4268292682927
7,3627,-1,-16.4268292682927
7,3628,29,3.54901960784314
7,3629,96,75.1023622047244
7,3630,222,178.011494252874
7,3631,232,178.011494252874
7,3632,-281,-232.833333333333
7,3633,-94,-152.959183673469
7,3634,23,-111.588235294118
7,3635,98,-11.7821782178218
7,3636,-38,-18.4126984126984
7,3637,-18,-33.5242165242165
7,3638,10,-16.4268292682927
7,3639,84,113.016949152542
7,3640,207,243.645833333333
7,3641,-16,-18.4126984126984
7,3642,-142,-152.959183673469
7,3643,-82,-111.588235294118
7,3644,-36,-33.5242165242165
7,3645,-12,-33.5242165242165
7,3646,-124,-16.4268292682927
7,3647,-14,-33.5242165242165
7,3648,-79,-16.4268292682927
7,3649,-13,58
7,3650,-27,-16.4268292682927
7,3651,-15,-16.4268292682927
7,3652,-2,-16.4268292682927
7,3653,17,3.54901960784314
7,3654,40,75.1023622047244
7,3655,81,117.914285714286
7,3656,104,143.935251798561
7,3657,69,17.75
7,3658,42,28.7272727272727
7,3659,-25,58.04
7,3660,18,-16.4268292682927
7,3661,-52,-11.7821782178218
7,3662,-2,-33.5242165242165
7,3663,-12,3.54901960784314
7,3664,-15,-16.4268292682927
7,3665,-2,-16.4268292682927
7,3666,10,3.54901960784314
7,3667,-11,3.54901960784314
7,3668,-75,-16.4268292682927
7,3669,19,-33.5242165242165
7,3670,-72,38.9736842105263
7,3671,-1,-33.5242165242165
7,3672,-23,3.54901960784314
7,3673,-54,-16.4268292682927
7,3674,-35,-33.5242165242165
7,3675,-22,-33.5242165242165
7,3676,-7,-16.4268292682927
7,3677,15,3.54901960784314
7,3678,31,75.1023622047244
7,3679,78,38.9736842105263
7,3680,112,178.011494252874
7,3681,77,119.921568627451
7,3682,70,-39.7222222222222
7,3683,-13,28.7272727272727
7,3684,-39,-16.4268292682927
7,3685,-25,-33.5242165242165
7,3686,-14,-16.4268292682927
7,3687,-7,-16.4268292682927
7,3688,-21,3.54901960784314
7,3689,-17,-16.4268292682927
7,3690,-3,-16.4268292682927
7,3691,35,3.54901960784314
7,3692,-78,75.1023622047244
7,3693,-85,-33.5242165242165
7,3694,1,-33.5242165242165
7,3695,-84,3.54901960784314
7,3696,-21,-33.5242165242165
7,3697,-13,-16.4268292682927
7,3698,0,-16.4268292682927
7,3699,-3,3.54901960784314
7,3700,26,3.54901960784314
7,3701,64,75.1023622047244
7,3702,138,178.011494252874
7,3703,225,143.935251798561
7,3704,-92,-232.833333333333
7,3705,-188,-152.959183673469
7,3706,41,-111.588235294118
7,3707,50,-18.4126984126984
7,3708,-11,-18.4126984126984
7,3709,-13,-16.4268292682927
7,3710,38,-16.4268292682927
7,3711,133,113.016949152542
7,3712,436,178.011494252874
7,3713,23,-82.6842105263158
7,3714,-241,-152.959183673469
7,3715,-184,-111.588235294118
7,3716,-116,-81.4864864864865
7,3717,-107,24.7619047619048
7,3718,-93,-33.5242165242165
7,3719,-62,-33.5242165242165
7,3720,-54,-33.5242165242165
7,3721,1,58
7,3722,-13,3.54901960784314
7,3723,1,-16.4268292682927
7,3724,38,3.54901960784314
7,3725,145,75.1023622047244
7,3726,333,178.011494252874
7,3727,129,-82.6842105263158
7,3728,-318,-232.833333333333
7,3729,-141,-113.666666666667
7,3730,59,-81.4864864864865
7,3731,23,-18.4126984126984
7,3732,8,-11.7821782178218
7,3733,-38,3.54901960784314
7,3734,23,-33.5242165242165
7,3735,170,113.016949152542
7,3736,437,260.626865671642
7,3737,-53,-82.6842105263158
7,3738,-405,-152.959183673469
7,3739,-330,-111.588235294118
7,3740,6,-81.4864864864865
7,3741,49,3.54901960784314
7,3742,-36,-18.4126984126984
7,3743,-59,-33.5242165242165
7,3744,-30,58
7,3745,-9,58
7,3746,0,-16.4268292682927
7,3747,2,3.54901960784314
7,3748,34,3.54901960784314
7,3749,144,38.9736842105263
7,3750,312,178.011494252874
7,3751,177,-82.6842105263158
7,3752,-346,-232.833333333333
7,3753,-133,-113.666666666667
7,3754,34,-81.4864864864865
7,3755,63,-11.7821782178218
7,3756,-19,-18.4126984126984
7,3757,-32,-16.4268292682927
7,3758,35,-33.5242165242165
7,3759,135,113.016949152542
7,3760,419,243.645833333333
7,3761,-16,-82.6842105263158
7,3762,-181,-152.959183673469
7,3763,-150,-111.588235294118
7,3764,-92,-81.4864864864865
7,3765,-147,-33.5242165242165
7,3766,-92,-33.5242165242165
7,3767,-96,-33.5242165242165
7,3768,-35,-33.5242165242165
7,3769,-12,58
7,3770,1,-16.4268292682927
7,3771,-5,3.54901960784314
7,3772,39,3.54901960784314
7,3773,134,75.1023622047244
7,3774,334,178.011494252874
7,3775,190,-175.736842105263
7,3776,-375,-232.833333333333
7,3777,-113,-113.666666666667
7,3778,1,-81.4864864864865
7,3779,77,3.54901960784314
7,3780,-15,-18.4126984126984
7,3781,-68,-16.4268292682927
7,3782,62,-33.5242165242165
7,3783,168,97.7826086956522
7,3784,356,243.645833333333
7,3785,30,-232.833333333333
7,3786,-196,-152.959183673469
7,3787,-115,-111.588235294118
7,3788,-141,-81.4864864864865
7,3789,-55,-33.5242165242165
7,3790,-107,-33.5242165242165
7,3791,-116,-33.5242165242165
7,3792,-36,58
7,3793,-42,58
7,3794,-8,-33.5242165242165
7,3795,2,3.54901960784314
7,3796,23,3.54901960784314
7,3797,93,75.1023622047244
7,3798,253,178.011494252874
7,3799,333,178.011494252874
7,3800,-299,-232.833333333333
7,3801,-146,-152.959183673469
7,3802,20,-111.588235294118
7,3803,91,-11.7821782178218
7,3804,-5,-18.4126984126984
7,3805,-5,3.54901960784314
7,3806,-16,3.54901960784314
7,3807,139,113.016949152542
7,3808,343,243.645833333333
7,3809,-204,-82.6842105263158
7,3810,-143,-152.959183673469
7,3811,-99,-111.588235294118
7,3812,-90,-81.4864864864865
7,3813,-36,-33.5242165242165
7,3814,-51,-33.5242165242165
7,3815,-21,-33.5242165242165
7,3816,-73,-2.34375
7,3817,-17,58
7,3818,-61,-16.4268292682927
7,3819,-31,-33.5242165242165
7,3820,-4,-33.5242165242165
7,3821,30,3.54901960784314
7,3822,13,75.1023622047244
7,3823,103,75.1023622047244
7,3824,131,143.935251798561
7,3825,119,97.7826086956522
7,3826,38,-232.833333333333
7,3827,60,-39.7222222222222
7,3828,92,-43.3
7,3829,41,-43.3
7,3830,-72,-43.3
7,3831,6,-33.5242165242165
7,3832,-108,3.54901960784314
7,3833,-107,-33.5242165242165
7,3834,80,-33.5242165242165
7,3835,-75,-18.4126984126984
7,3836,-87,-33.5242165242165
7,3837,-44,-33.5242165242165
7,3838,-14,-33.5242165242165
7,3839,-24,-16.4268292682927
7,3840,-19,-16.4268292682927
7,3841,-53,-16.4268292682927
7,3842,-58,-33.5242165242165
7,3843,-38,-33.5242165242165
7,3844,-10,-33.5242165242165
7,3845,6,-16.4268292682927
7,3846,32,3.54901960784314
7,3847,86,75.1023622047244
7,3848,88,178.011494252874
7,3849,161,119.921568627451
7,3850,69,28.7272727272727
7,3851,38,-113.666666666667
7,3852,-9,75.1023622047244
7,3853,-4,-16.4268292682927
7,3854,13,3.54901960784314
7,3855,6,-11.7821782178218
7,3856,-59,3.54901960784314
7,3857,-124,-33.5242165242165
7,3858,0,-33.5242165242165
7,3859,-18,3.54901960784314
7,3860,-71,-16.4268292682927
7,3861,-93,-33.5242165242165
7,3862,-39,-33.5242165242165
7,3863,-48,-33.5242165242165
7,3864,-32,-33.5242165242165
7,3865,4,-33.5242165242165
7,3866,-9,3.54901960784314
7,3867,6,-16.4268292682927
7,3868,38,3.54901960784314
7,3869,90,75.1023622047244
7,3870,343,178.011494252874
7,3871,184,119.921568627451
7,3872,-319,-232.833333333333
7,3873,-162,-113.666666666667
7,3874,-4,-81.4864864864865
7,3875,55,3.54901960784314
7,3876,2,-18.4126984126984
7,3877,-27,3.54901960784314
7,3878,25,-16.4268292682927
7,3879,149,113.016949152542
7,3880,369,243.645833333333
7,3881,39,-82.6842105263158
7,3882,-199,-152.959183673469
7,3883,-141,-111.588235294118
7,3884,-126,-81.4864864864865
7,3885,-44,-33.5242165242165
7,3886,-118,-33.5242165242165
7,3887,-113,-33.5242165242165
7,3888,-28,-33.5242165242165
7,3889,-18,-2.34375
7,3890,-4,-16.4268292682927
7,3891,4,3.54901960784314
7,3892,31,3.54901960784314
7,3893,175,75.1023622047244
7,3894,313,178.011494252874
7,3895,135,-82.6842105263158
7,3896,-341,-232.833333333333
7,3897,-161,-113.666666666667
7,3898,47,-81.4864864864865
7,3899,48,-18.4126984126984
7,3900,-33,-18.4126984126984
7,3901,-7,-33.5242165242165
7,3902,30,113.016949152542
7,3903,137,113.016949152542
7,3904,389,260.626865671642
7,3905,2,-82.6842105263158
7,3906,-225,-152.959183673469
7,3907,-120,-111.588235294118
7,3908,-94,-81.4864864864865
7,3909,-89,-33.5242165242165
7,3910,-83,-33.5242165242165
7,3911,-108,-33.5242165242165
7,3912,-37,-33.5242165242165
7,3913,-8,58
7,3914,-4,3.54901960784314
7,3915,2,3.54901960784314
7,3916,40,3.54901960784314
7,3917,116,117.914285714286
7,3918,333,178.011494252874
7,3919,184,-175.736842105263
7,3920,-382,-232.833333333333
7,3921,-159,-113.666666666667
7,3922,45,-81.4864864864865
7,3923,19,-18.4126984126984
7,3924,1,-11.7821782178218
7,3925,-33,3.54901960784314
7,3926,24,-33.5242165242165
7,3927,30,113.016949152542
7,3928,146,113.016949152542
7,3929,273,-18.4126984126984
7,3930,-127,-82.6842105263158
7,3931,-150,-152.959183673469
7,3932,-47,-111.588235294118
7,3933,-31,-81.4864864864865
7,3934,-157,-33.5242165242165
7,3935,-65,-33.5242165242165
7,3936,-41,-33.5242165242165
7,3937,-18,-33.5242165242165
7,3938,-2,-2.34375
7,3939,3,3.54901960784314
7,3940,32,3.54901960784314
7,3941,112,75.1023622047244
7,3942,321,260.626865671642
7,3943,184,-82.6842105263158
7,3944,-339,-232.833333333333
7,3945,-120,-113.666666666667
7,3946,18,-81.4864864864865
7,3947,58,-11.7821782178218
7,3948,-20,-18.4126984126984
7,3949,-57,-16.4268292682927
7,3950,95,-33.5242165242165
7,3951,66,97.7826086956522
7,3952,413,243.645833333333
7,3953,6,-104.739130434783
7,3954,-244,-152.959183673469
7,3955,-28,-111.588235294118
7,3956,-173,-16.4268292682927
7,3957,-264,-33.5242165242165
7,3958,-3,24.7619047619048
7,3959,-31,3.54901960784314
7,3960,-23,-33.5242165242165
7,3961,8,-2.34375
7,3962,17,3.54901960784314
7,3963,-27,75.1023622047244
7,3964,33,-16.4268292682927
7,3965,84,75.1023622047244
7,3966,234,97.7826086956522
7,3967,331,178.011494252874
7,3968,-318,-232.833333333333
7,3969,-140,-152.959183673469
7,3970,-21,-111.588235294118
7,3971,62,-16.4268292682927
7,3972,-118,-18.4126984126984
7,3973,73,-33.5242165242165
7,3974,-13,-37.6
7,3975,220,113.016949152542
7,3976,279,243.645833333333
7,3977,-93,-82.6842105263158
7,3978,-220,-152.959183673469
7,3979,-151,-111.588235294118
7,3980,-129,-81.4864864864865
7,3981,13,-33.5242165242165
7,3982,31,75.1023622047244
7,3983,-63,-11.7821782178218
7,3984,-31,58
7,3985,-12,58
7,3986,-35,-16.4268292682927
7,3987,-9,-33.5242165242165
7,3988,1,-16.4268292682927
7,3989,-2,3.54901960784314
7,3990,22,3.54901960784314
7,3991,75,75.1023622047244
7,3992,95,143.935251798561
7,3993,61,178.011494252874
7,3994,37,28.7272727272727
7,3995,152,75.1023622047244
7,3996,-103,-104.739130434783
7,3997,-11,-113.666666666667
7,3998,37,-16.4268292682927
7,3999,-54,-11.7821782178218
7,4000,-85,-33.5242165242165
7,4001,-64,-33.5242165242165
7,4002,61,-33.5242165242165
7,4003,-24,178.011494252874
7,4004,-51,-2.34375
7,4005,17,-33.5242165242165
7,4006,-31,38.9736842105263
7,4007,-36,-33.5242165242165
7,4008,17,-33.5242165242165
7,4009,-8,75.1023622047244
7,4010,-79,3.54901960784314
7,4011,-27,-33.5242165242165
7,4012,-10,-16.4268292682927
7,4013,13,-16.4268292682927
7,4014,19,75.1023622047244
7,4015,115,75.1023622047244
7,4016,105,143.935251798561
7,4017,121,-82.6842105263158
7,4018,126,28.7272727272727
7,4019,-1,-232.833333333333
7,4020,122,-39.7222222222222
7,4021,-10,-104.739130434783
7,4022,8,-39.7222222222222
7,4023,4,3.54901960784314
7,4024,-72,3.54901960784314
7,4025,-41,-33.5242165242165
7,4026,7,-33.5242165242165
7,4027,-144,113.016949152542
7,4028,-33,-33.5242165242165
7,4029,-154,-33.5242165242165
7,4030,-68,-33.5242165242165
7,4031,-76,-33.5242165242165
7,4032,-20,-33.5242165242165
7,4033,-10,-16.4268292682927
7,4034,-15,-16.4268292682927
7,4035,6,-16.4268292682927
7,4036,43,3.54901960784314
7,4037,106,260.626865671642
7,4038,264,178.011494252874
7,4039,317,119.921568627451
7,4040,-393,-232.833333333333
7,4041,-145,-152.959183673469
7,4042,-2,-111.588235294118
7,4043,116,3.54901960784314
7,4044,-74,-18.4126984126984
7,4045,31,-39.7222222222222
7,4046,10,-11.7821782178218
7,4047,176,113.016949152542
7,4048,390,243.645833333333
7,4049,-106,-82.6842105263158
7,4050,-159,-152.959183673469
7,4051,-179,-111.588235294118
7,4052,-107,-81.4864864864865
7,4053,-87,24.7619047619048
7,4054,-95,-33.5242165242165
7,4055,-50,-33.5242165242165
7,4056,-47,58
7,4057,-1,58
7,4058,-10,3.54901960784314
7,4059,0,-16.4268292682927
7,4060,44,3.54901960784314
7,4061,140,117.914285714286
7,4062,326,178.011494252874
7,4063,227,-175.736842105263
7,4064,-404,-232.833333333333
7,4065,-121,-152.959183673469
7,4066,-17,-111.588235294118
7,4067,28,-16.4268292682927
7,4068,44,-11.7821782178218
7,4069,-29,-18.4126984126984
7,4070,41,-33.5242165242165
7,4071,170,97.7826086956522
7,4072,414,243.645833333333
7,4073,8,-175.736842105263
7,4074,-245,-152.959183673469
7,4075,-109,-111.588235294118
7,4076,-145,-81.4864864864865
7,4077,-109,-33.5242165242165
7,4078,-77,-33.5242165242165
7,4079,-126,-33.5242165242165
7,4080,-38,58
7,4081,-16,58
7,4082,0,-16.4268292682927
7,4083,-8,3.54901960784314
7,4084,55,3.54901960784314
7,4085,131,117.914285714286
7,4086,317,178.011494252874
7,4087,281,-232.833333333333
7,4088,-446,-232.833333333333
7,4089,-111,-152.959183673469
7,4090,50,-111.588235294118
7,4091,29,-18.4126984126984
7,4092,2,-11.7821782178218
7,4093,-65,3.54901960784314
7,4094,70,-33.5242165242165
7,4095,167,97.7826086956522
7,4096,429,243.645833333333
7,4097,-22,-232.833333333333
7,4098,-193,-152.959183673469
7,4099,-131,-111.588235294118
7,4100,-170,-81.4864864864865
7,4101,-119,-33.5242165242165
7,4102,-39,-33.5242165242165
7,4103,-147,-33.5242165242165
7,4104,-63,58
7,4105,-8,58
7,4106,-13,3.54901960784314
7,4107,-4,-16.4268292682927
7,4108,38,3.54901960784314
7,4109,139,75.1023622047244
7,4110,314,178.011494252874
7,4111,234,-82.6842105263158
7,4112,-385,-232.833333333333
7,4113,-122,-152.959183673469
7,4114,-10,-111.588235294118
7,4115,67,-16.4268292682927
7,4116,-37,-18.4126984126984
7,4117,-29,-33.5242165242165
7,4118,25,-33.5242165242165
7,4119,136,113.016949152542
7,4120,364,243.645833333333
7,4121,-50,-82.6842105263158
7,4122,-74,-152.959183673469
7,4123,-168,-111.588235294118
7,4124,-175,-81.4864864864865
7,4125,-37,-33.5242165242165
7,4126,-89,24.7619047619048
7,4127,-48,-33.5242165242165
7,4128,-43,-33.5242165242165
7,4129,-28,58
7,4130,-14,-16.4268292682927
7,4131,-4,-16.4268292682927
7,4132,29,3.54901960784314
7,4133,102,75.1023622047244
7,4134,271,178.011494252874
7,4135,266,178.011494252874
7,4136,-313,-232.833333333333
7,4137,-132,-152.959183673469
7,4138,20,-111.588235294118
7,4139,48,-11.7821782178218
7,4140,15,-18.4126984126984
7,4141,12,-11.7821782178218
7,4142,-3,-11.7821782178218
7,4143,176,113.016949152542
7,4144,200,243.645833333333
7,4145,-77,-82.6842105263158
7,4146,-106,-152.959183673469
7,4147,-162,-83.76
7,4148,-94,-33.5242165242165
7,4149,-61,-33.5242165242165
7,4150,-10,-33.5242165242165
7,4151,2,-16.4268292682927
7,4152,-111,-2.34375
7,4153,10,58
7,4154,-47,3.54901960784314
7,4155,-32,-33.5242165242165
7,4156,3,-33.5242165242165
7,4157,36,3.54901960784314
7,4158,26,75.1023622047244
7,4159,87,38.9736842105263
7,4160,174,-37.6
7,4161,58,97.7826086956522
7,4162,62,-113.666666666667
7,4163,30,58.04
7,4164,11,-11.7821782178218
7,4165,-4,-11.7821782178218
7,4166,3,3.54901960784314
7,4167,-10,3.54901960784314
7,4168,-8,-16.4268292682927
7,4169,2,113.016949152542
7,4170,-143,3.54901960784314
7,4171,-105,-33.5242165242165
7,4172,67,-33.5242165242165
7,4173,-24,125.895833333333
7,4174,-68,-16.4268292682927
7,4175,-20,-33.5242165242165
7,4176,-30,-16.4268292682927
7,4177,-46,-33.5242165242165
7,4178,-57,-33.5242165242165
7,4179,-42,-33.5242165242165
7,4180,4,-33.5242165242165
7,4181,1,3.54901960784314
7,4182,22,3.54901960784314
7,4183,87,75.1023622047244
7,4184,99,119.921568627451
7,4185,155,178.011494252874
7,4186,128,28.7272727272727
7,4187,2,-232.833333333333
7,4188,-28,-113.666666666667
7,4189,39,-16.4268292682927
7,4190,-21,-11.7821782178218
7,4191,20,-16.4268292682927
7,4192,10,-11.7821782178218
7,4193,-112,3.54901960784314
7,4194,24,-33.5242165242165
7,4195,-140,113.016949152542
7,4196,-32,-33.5242165242165
7,4197,-123,-33.5242165242165
7,4198,-48,-33.5242165242165
7,4199,-42,-33.5242165242165
7,4200,-39,-33.5242165242165
7,4201,-11,-33.5242165242165
7,4202,-5,-16.4268292682927
7,4203,2,3.54901960784314
7,4204,42,3.54901960784314
7,4205,114,117.914285714286
7,4206,308,178.011494252874
7,4207,282,-175.736842105263
7,4208,-458,-232.833333333333
7,4209,-104,-152.959183673469
7,4210,26,-111.588235294118
7,4211,63,-11.7821782178218
7,4212,-52,-18.4126984126984
7,4213,28,-33.5242165242165
7,4214,-18,-11.7821782178218
7,4215,189,113.016949152542
7,4216,402,243.645833333333
7,4217,-15,-82.6842105263158
7,4218,-147,-152.959183673469
7,4219,-203,-111.588235294118
7,4220,-140,-81.4864864864865
7,4221,-92,24.7619047619048
7,4222,-80,-33.5242165242165
7,4223,-112,-33.5242165242165
7,4224,-17,58
7,4225,-13,-2.34375
7,4226,-2,-16.4268292682927
7,4227,0,3.54901960784314
7,4228,39,3.54901960784314
7,4229,149,75.1023622047244
7,4230,319,178.011494252874
7,4231,247,-175.736842105263
7,4232,-427,-232.833333333333
7,4233,-106,-152.959183673469
7,4234,-3,-111.588235294118
7,4235,24,3.54901960784314
7,4236,40,-11.7821782178218
7,4237,-28,-18.4126984126984
7,4238,-116,113.016949152542
7,4239,258,58
7,4240,418,243.645833333333
7,4241,37,-82.6842105263158
7,4242,-243,-152.959183673469
7,4243,-162,-111.588235294118
7,4244,-100,-81.4864864864865
7,4245,-95,-33.5242165242165
7,4246,-110,-33.5242165242165
7,4247,-100,-33.5242165242165
7,4248,-14,58
7,4249,-20,-2.34375
7,4250,-6,-16.4268292682927
7,4251,-3,3.54901960784314
7,4252,45,3.54901960784314
7,4253,136,117.914285714286
7,4254,302,178.011494252874
7,4255,194,-175.736842105263
7,4256,-331,-232.833333333333
7,4257,-114,-113.666666666667
7,4258,-2,-81.4864864864865
7,4259,50,3.54901960784314
7,4260,-4,-18.4126984126984
7,4261,-17,3.54901960784314
7,4262,32,113.016949152542
7,4263,184,113.016949152542
7,4264,358,243.645833333333
7,4265,54,-82.6842105263158
7,4266,-239,-152.959183673469
7,4267,-139,-111.588235294118
7,4268,-193,-81.4864864864865
7,4269,-32,-33.5242165242165
7,4270,-136,24.7619047619048
7,4271,-89,-33.5242165242165
7,4272,-21,58
7,4273,-31,-2.34375
7,4274,-5,-33.5242165242165
7,4275,3,3.54901960784314
7,4276,32,3.54901960784314
7,4277,142,75.1023622047244
7,4278,290,260.626865671642
7,4279,266,-82.6842105263158
7,4280,-396,-232.833333333333
7,4281,-162,-152.959183673469
7,4282,45,-111.588235294118
7,4283,60,-18.4126984126984
7,4284,24,-18.4126984126984
7,4285,-85,-11.7821782178218
7,4286,45,-33.5242165242165
7,4287,136,97.7826086956522
7,4288,459,243.645833333333
7,4289,-98,-175.736842105263
7,4290,-160,-152.959183673469
7,4291,-180,-111.588235294118
7,4292,-85,-81.4864864864865
7,4293,-80,24.7619047619048
7,4294,-85,-33.5242165242165
7,4295,-106,-33.5242165242165
7,4296,-28,-33.5242165242165
7,4297,-29,-2.34375
7,4298,-8,-33.5242165242165
7,4299,6,3.54901960784314
7,4300,25,3.54901960784314
7,4301,126,75.1023622047244
7,4302,258,178.011494252874
7,4303,247,-82.6842105263158
7,4304,-272,-232.833333333333
7,4305,-147,-152.959183673469
7,4306,14,-111.588235294118
7,4307,75,-11.7821782178218
7,4308,7,-18.4126984126984
7,4309,-14,3.54901960784314
7,4310,49,113.016949152542
7,4311,112,97.7826086956522
7,4312,249,243.645833333333
7,4313,-70,-175.736842105263
7,4314,-202,-152.959183673469
7,4315,-80,-111.588235294118
7,4316,-111,-81.4864864864865
7,4317,-76,-33.5242165242165
7,4318,-6,-33.5242165242165
7,4319,-35,3.54901960784314
7,4320,-39,-33.5242165242165
7,4321,-38,58
7,4322,-54,-33.5242165242165
7,4323,-17,-33.5242165242165
7,4324,4,-16.4268292682927
7,4325,32,3.54901960784314
7,4326,18,38.9736842105263
7,4327,114,75.1023622047244
7,4328,97,119.921568627451
7,4329,118,-82.6842105263158
7,4330,74,28.7272727272727
7,4331,77,-39.7222222222222
7,4332,-20,-43.3
7,4333,-55,-16.4268292682927
7,4334,17,-33.5242165242165
7,4335,-39,-11.7821782178218
7,4336,42,-33.5242165242165
7,4337,-2,-18.4126984126984
7,4338,-93,3.54901960784314
7,4339,-85,-33.5242165242165
7,4340,-23,-33.5242165242165
7,4341,-20,-16.4268292682927
7,4342,-47,-16.4268292682927
8,1,183,155.980198019802
8,2,227,155.980198019802
8,3,-255,-243.93670886076
8,4,-145,-153.675496688742
8,5,-6,-112.140845070423
8,6,36,0.524520255863539
8,7,-12,-17.9375
8,8,-18,0.524520255863539
8,9,-54,-10.6909090909091
8,10,21,108.809523809524
8,11,80,110.357798165138
8,12,12,-64.2307692307692
8,13,-6,25.9385964912281
8,14,-36,0.524520255863539
8,15,4,-37.6177105831533
8,16,-31,0.524520255863539
8,17,-38,-37.6177105831533
8,18,-34,-37.6177105831533
8,19,-14,-37.6177105831533
8,20,-10,0.524520255863539
8,21,2,0.524520255863539
8,22,-3,0.524520255863539
8,23,17,0.524520255863539
8,24,58,79.0252100840336
8,25,191,183.7578125
8,26,217,155.980198019802
8,27,-246,-206.0375
8,28,-141,-153.675496688742
8,29,2,-112.140845070423
8,30,59,0.524520255863539
8,31,-4,-25.2
8,32,-10,0.524520255863539
8,33,-10,0.524520255863539
8,34,104,110.357798165138
8,35,161,243.428571428571
8,36,18,-34.6111111111111
8,37,-122,-116.753846153846
8,38,-96,-37.6177105831533
8,39,-22,-37.6177105831533
8,40,-70,-37.6177105831533
8,41,-23,-37.6177105831533
8,42,-41,-37.6177105831533
8,43,-30,-10.6909090909091
8,44,3,-10.6909090909091
8,45,-11,0.524520255863539
8,46,-3,0.524520255863539
8,47,15,0.524520255863539
8,48,47,79.0252100840336
8,49,166,183.7578125
8,50,218,155.980198019802
8,51,-173,-206.0375
8,52,-151,-153.675496688742
8,53,29,-112.140845070423
8,54,23,25.9385964912281
8,55,16,-17.9375
8,56,-46,-17.9375
8,57,45,-10.6909090909091
8,58,77,110.357798165138
8,59,128,189.583333333333
8,60,-37,35.48
8,61,-97,-87.5
8,62,-111,-37.6177105831533
8,63,-29,-37.6177105831533
8,64,-9,-37.6177105831533
8,65,-48,0.524520255863539
8,66,-12,-37.6177105831533
8,67,-8,0.524520255863539
8,68,-19,31.5833333333333
8,69,-17,-37.6177105831533
8,70,-5,-37.6177105831533
8,71,-2,0.524520255863539
8,72,7,0.524520255863539
8,73,10,0.524520255863539
8,74,59,0.524520255863539
8,75,12,155.980198019802
8,76,76,79.0252100840336
8,77,17,-22.2352941176471
8,78,38,25.9385964912281
8,79,14,25.9385964912281
8,80,8,25.9385964912281
8,81,-119,0.524520255863539
8,82,22,-37.6177105831533
8,83,-2,-17.9375
8,84,-36,0.524520255863539
8,85,-21,-37.6177105831533
8,86,-24,-37.6177105831533
8,87,-15,-10.6909090909091
8,88,-2,-37.6177105831533
8,89,-26,0.524520255863539
8,90,1,-37.6177105831533
8,91,3,0.524520255863539
8,92,3,0.524520255863539
8,93,-13,0.524520255863539
8,94,-13,0.524520255863539
8,95,2,0.524520255863539
8,96,-1,0.524520255863539
8,97,16,0.524520255863539
8,98,8,25.9385964912281
8,99,37,0.524520255863539
8,100,28,25.9385964912281
8,101,33,79.0252100840336
8,102,16,79.0252100840336
8,103,-2,25.9385964912281
8,104,-27,0.524520255863539
8,105,44,-37.6177105831533
8,106,9,25.9385964912281
8,107,-77,0.524520255863539
8,108,9,-37.6177105831533
8,109,-16,0.524520255863539
8,110,-23,-37.6177105831533
8,111,-21,-37.6177105831533
8,112,-8,-37.6177105831533
8,113,-5,0.524520255863539
8,114,-14,0.524520255863539
8,115,-3,0.524520255863539
8,116,-2,0.524520255863539
8,117,-3,0.524520255863539
8,118,1,0.524520255863539
8,119,15,0.524520255863539
8,120,55,79.0252100840336
8,121,123,101.235294117647
8,122,222,131.380952380952
8,123,-212,-206.0375
8,124,-134,-153.675496688742
8,125,19,-112.140845070423
8,126,28,25.9385964912281
8,127,22,-17.9375
8,128,-5,-17.9375
8,129,20,0.524520255863539
8,130,56,110.357798165138
8,131,196,189.583333333333
8,132,-2,-34.6111111111111
8,133,-142,-116.753846153846
8,134,-49,-37.6177105831533
8,135,-67,-37.6177105831533
8,136,-45,-37.6177105831533
8,137,-66,-37.6177105831533
8,138,-22,-37.6177105831533
8,139,-8,-10.6909090909091
8,140,-3,31.5833333333333
8,141,0,0.524520255863539
8,142,-1,0.524520255863539
8,143,20,0.524520255863539
8,144,68,79.0252100840336
8,145,190,155.980198019802
8,146,233,155.980198019802
8,147,-251,-206.0375
8,148,-164,-153.675496688742
8,149,14,-112.140845070423
8,150,60,25.9385964912281
8,151,1,-25.2
8,152,-49,0.524520255863539
8,153,21,-10.6909090909091
8,154,121,110.357798165138
8,155,257,243.428571428571
8,156,-117,-72.7826086956522
8,157,-125,-153.675496688742
8,158,-97,-112.140845070423
8,159,-75,-93.3461538461538
8,160,-32,-37.6177105831533
8,161,-20,-37.6177105831533
8,162,-35,-10.6909090909091
8,163,-17,-10.6909090909091
8,164,-1,-10.6909090909091
8,165,-1,0.524520255863539
8,166,-2,0.524520255863539
8,167,24,0.524520255863539
8,168,70,79.0252100840336
8,169,226,183.7578125
8,170,194,155.980198019802
8,171,-284,-206.0375
8,172,-111,-116.753846153846
8,173,18,19.3333333333333
8,174,25,25.9385964912281
8,175,7,-17.9375
8,176,-36,0.524520255863539
8,177,37,-10.6909090909091
8,178,60,110.357798165138
8,179,256,243.428571428571
8,180,-19,-123.566666666667
8,181,-157,-153.675496688742
8,182,-100,-112.140845070423
8,183,-33,-93.3461538461538
8,184,-71,-37.6177105831533
8,185,-49,-37.6177105831533
8,186,-35,-37.6177105831533
8,187,-18,-10.6909090909091
8,188,2,-10.6909090909091
8,189,-6,0.524520255863539
8,190,2,0.524520255863539
8,191,17,0.524520255863539
8,192,67,79.0252100840336
8,193,201,183.7578125
8,194,210,155.980198019802
8,195,-296,-206.0375
8,196,-158,-153.675496688742
8,197,27,19.3333333333333
8,198,-26,25.9385964912281
8,199,19,-37.6177105831533
8,200,-33,-17.9375
8,201,22,-10.6909090909091
8,202,65,110.357798165138
8,203,171,243.428571428571
8,204,64,129.64
8,205,-95,-116.753846153846
8,206,-42,-37.6177105831533
8,207,-71,-37.6177105831533
8,208,-34,-37.6177105831533
8,209,-38,-37.6177105831533
8,210,-39,-37.6177105831533
8,211,-16,-10.6909090909091
8,212,-6,-37.6177105831533
8,213,-11,0.524520255863539
8,214,0,0.524520255863539
8,215,15,0.524520255863539
8,216,55,79.0252100840336
8,217,155,183.7578125
8,218,294,155.980198019802
8,219,-237,-206.0375
8,220,-167,-153.675496688742
8,221,26,-112.140845070423
8,222,56,25.9385964912281
8,223,7,-25.2
8,224,-35,0.524520255863539
8,225,51,-10.6909090909091
8,226,86,74
8,227,158,243.428571428571
8,228,-88,-123.566666666667
8,229,-95,-116.753846153846
8,230,-111,-37.6177105831533
8,231,-42,-37.6177105831533
8,232,-22,-37.6177105831533
8,233,-25,-37.6177105831533
8,234,4,-10.6909090909091
8,235,-41,0.524520255863539
8,236,0,-10.6909090909091
8,237,-27,0.524520255863539
8,238,-11,-37.6177105831533
8,239,-6,0.524520255863539
8,240,8,0.524520255863539
8,241,32,0.524520255863539
8,242,61,25.9385964912281
8,243,36,129.64
8,244,67,25.9385964912281
8,245,81,44.8620689655172
8,246,83,35.48
8,247,15,35.48
8,248,43,25.9385964912281
8,249,72,-17.9375
8,250,-95,-25.2
8,251,-40,-37.6177105831533
8,252,-118,-37.6177105831533
8,253,-58,-37.6177105831533
8,254,-40,-37.6177105831533
8,255,-34,-37.6177105831533
8,256,4,-10.6909090909091
8,257,-44,0.524520255863539
8,258,0,-10.6909090909091
8,259,-2,0.524520255863539
8,260,-24,0.524520255863539
8,261,-33,-37.6177105831533
8,262,-12,-37.6177105831533
8,263,-1,0.524520255863539
8,264,3,0.524520255863539
8,265,9,0.524520255863539
8,266,42,0.524520255863539
8,267,37,25.9385964912281
8,268,98,79.0252100840336
8,269,35,44.8620689655172
8,270,29,79.0252100840336
8,271,6,25.9385964912281
8,272,-24,0.524520255863539
8,273,16,-37.6177105831533
8,274,-41,25.9385964912281
8,275,-55,-37.6177105831533
8,276,10,-37.6177105831533
8,277,-48,0.524520255863539
8,278,-16,-37.6177105831533
8,279,-67,-37.6177105831533
8,280,19,-37.6177105831533
8,281,-20,25.9385964912281
8,282,6,-37.6177105831533
8,283,-26,0.524520255863539
8,284,5,-37.6177105831533
8,285,-12,0.524520255863539
8,286,-2,0.524520255863539
8,287,4,0.524520255863539
8,288,34,0.524520255863539
8,289,76,79.0252100840336
8,290,-10,101.235294117647
8,291,33,0.524520255863539
8,292,65,25.9385964912281
8,293,73,131.380952380952
8,294,31,35.48
8,295,-49,25.9385964912281
8,296,26,-37.6177105831533
8,297,-9,25.9385964912281
8,298,-27,0.524520255863539
8,299,-11,-37.6177105831533
8,300,-70,0.524520255863539
8,301,-46,-37.6177105831533
8,302,-28,-37.6177105831533
8,303,-36,-37.6177105831533
8,304,-36,-37.6177105831533
8,305,-14,-37.6177105831533
8,306,-5,0.524520255863539
8,307,-4,0.524520255863539
8,308,-1,0.524520255863539
8,309,13,0.524520255863539
8,310,71,79.0252100840336
8,311,193,183.7578125
8,312,185,155.980198019802
8,313,-247,-206.0375
8,314,-132,-116.753846153846
8,315,1,19.3333333333333
8,316,77,0.524520255863539
8,317,-32,-25.2
8,318,-7,-37.6177105831533
8,319,36,0.524520255863539
8,320,94,110.357798165138
8,321,178,243.428571428571
8,322,-7,-123.566666666667
8,323,-121,-116.753846153846
8,324,-77,-37.6177105831533
8,325,-73,-37.6177105831533
8,326,-54,-37.6177105831533
8,327,-53,-37.6177105831533
8,328,-23,-37.6177105831533
8,329,-17,-10.6909090909091
8,330,-1,-10.6909090909091
8,331,-2,0.524520255863539
8,332,-2,0.524520255863539
8,333,28,0.524520255863539
8,334,60,79.0252100840336
8,335,212,155.980198019802
8,336,274,155.980198019802
8,337,-324,-206.0375
8,338,-113,-153.675496688742
8,339,32,-112.140845070423
8,340,36,25.9385964912281
8,341,-17,-17.9375
8,342,-13,-37.6177105831533
8,343,18,0.524520255863539
8,344,103,110.357798165138
8,345,231,243.428571428571
8,346,-4,-34.6111111111111
8,347,-198,-153.675496688742
8,348,-53,-112.140845070423
8,349,-35,19.3333333333333
8,350,-92,-37.6177105831533
8,351,-85,-37.6177105831533
8,352,-20,-37.6177105831533
8,353,-27,-10.6909090909091
8,354,-6,-37.6177105831533
8,355,-3,0.524520255863539
8,356,-5,0.524520255863539
8,357,31,0.524520255863539
8,358,59,79.0252100840336
8,359,235,155.980198019802
8,360,234,155.980198019802
8,361,-318,-206.0375
8,362,-94,-153.675496688742
8,363,34,-112.140845070423
8,364,42,25.9385964912281
8,365,-6,-17.9375
8,366,-26,0.524520255863539
8,367,25,-10.6909090909091
8,368,126,110.357798165138
8,369,267,243.428571428571
8,370,-88,-72.7826086956522
8,371,-153,-153.675496688742
8,372,-100,-112.140845070423
8,373,-47,-93.3461538461538
8,374,-85,-37.6177105831533
8,375,-52,-37.6177105831533
8,376,-39,-10.6909090909091
8,377,-28,-10.6909090909091
8,378,-13,-10.6909090909091
8,379,0,0.524520255863539
8,380,-3,0.524520255863539
8,381,24,0.524520255863539
8,382,56,79.0252100840336
8,383,190,183.7578125
8,384,197,155.980198019802
8,385,-225,-206.0375
8,386,-103,-116.753846153846
8,387,22,19.3333333333333
8,388,65,25.9385964912281
8,389,-45,-25.2
8,390,-152,-37.6177105831533
8,391,63,-10.6909090909091
8,392,84,74
8,393,78,189.583333333333
8,394,44,-64.2307692307692
8,395,-67,-17.9375
8,396,-66,-10.6909090909091
8,397,-15,-37.6177105831533
8,398,-46,-37.6177105831533
8,399,-20,-37.6177105831533
8,400,-25,-37.6177105831533
8,401,-15,-10.6909090909091
8,402,-8,-10.6909090909091
8,403,-31,0.524520255863539
8,404,-5,-37.6177105831533
8,405,1,0.524520255863539
8,406,10,0.524520255863539
8,407,10,0.524520255863539
8,408,70,0.524520255863539
8,409,29,155.980198019802
8,410,61,79.0252100840336
8,411,27,-22.2352941176471
8,412,48,25.9385964912281
8,413,-32,35.48
8,414,-10,-37.6177105831533
8,415,16,0.524520255863539
8,416,-37,25.9385964912281
8,417,-36,-37.6177105831533
8,418,-26,-37.6177105831533
8,419,16,-37.6177105831533
8,420,-44,25.9385964912281
8,421,-20,-37.6177105831533
8,422,-3,-37.6177105831533
8,423,9,0.524520255863539
8,424,-21,0.524520255863539
8,425,-15,-37.6177105831533
8,426,-13,-37.6177105831533
8,427,-21,0.524520255863539
8,428,-15,-37.6177105831533
8,429,-1,-37.6177105831533
8,430,-3,0.524520255863539
8,431,20,0.524520255863539
8,432,37,79.0252100840336
8,433,28,79.0252100840336
8,434,101,79.0252100840336
8,435,39,44.8620689655172
8,436,78,79.0252100840336
8,437,20,35.48
8,438,6,25.9385964912281
8,439,22,0.524520255863539
8,440,-14,25.9385964912281
8,441,-52,0.524520255863539
8,442,-71,-37.6177105831533
8,443,-73,-37.6177105831533
8,444,-55,-37.6177105831533
8,445,-5,-37.6177105831533
8,446,-12,0.524520255863539
8,447,-7,0.524520255863539
8,448,-35,0.524520255863539
8,449,-23,-10.6909090909091
8,450,-2,-37.6177105831533
8,451,-2,0.524520255863539
8,452,-1,0.524520255863539
8,453,15,0.524520255863539
8,454,74,79.0252100840336
8,455,190,183.7578125
8,456,248,155.980198019802
8,457,-298,-206.0375
8,458,-126,-153.675496688742
8,459,-1,-112.140845070423
8,460,74,0.524520255863539
8,461,5,-25.2
8,462,-24,0.524520255863539
8,463,16,-10.6909090909091
8,464,112,110.357798165138
8,465,243,243.428571428571
8,466,-2,-72.7826086956522
8,467,-193,-153.675496688742
8,468,-115,-112.140845070423
8,469,-24,19.3333333333333
8,470,-103,-37.6177105831533
8,471,-36,-37.6177105831533
8,472,-46,-37.6177105831533
8,473,-4,-10.6909090909091
8,474,-3,31.5833333333333
8,475,3,0.524520255863539
8,476,-4,0.524520255863539
8,477,19,0.524520255863539
8,478,80,79.0252100840336
8,479,224,183.7578125
8,480,234,-34.6111111111111
8,481,-327,-243.93670886076
8,482,-100,-153.675496688742
8,483,31,-112.140845070423
8,484,20,25.9385964912281
8,485,7,-17.9375
8,486,-56,0.524520255863539
8,487,32,-10.6909090909091
8,488,121,110.357798165138
8,489,243,243.428571428571
8,490,-81,-72.7826086956522
8,491,-143,-153.675496688742
8,492,-102,-112.140845070423
8,493,-16,-37.6177105831533
8,494,-87,-37.6177105831533
8,495,-36,-37.6177105831533
8,496,-33,-10.6909090909091
8,497,-26,-10.6909090909091
8,498,-2,-10.6909090909091
8,499,-2,0.524520255863539
8,500,27,0.524520255863539
8,501,75,79.0252100840336
8,502,149,183.7578125
8,503,-137,183.7578125
8,504,-78,-87.5
8,505,-28,-37.6177105831533
8,506,0,-37.6177105831533
8,507,60,0.524520255863539
8,508,6,-64.2307692307692
8,509,-20,0.524520255863539
8,510,34,-10.6909090909091
8,511,77,110.357798165138
8,512,86,135.738095238095
8,513,-61,35.48
8,514,-90,-37.6177105831533
8,515,-5,-37.6177105831533
8,516,-58,0.524520255863539
8,517,16,-37.6177105831533
8,518,-22,-17.9375
8,519,-22,-37.6177105831533
8,520,1,-10.6909090909091
8,521,-6,0.524520255863539
8,522,-3,0.524520255863539
8,523,2,0.524520255863539
8,524,13,0.524520255863539
8,525,91,25.9385964912281
8,526,195,155.980198019802
8,527,290,-34.6111111111111
8,528,-308,-243.93670886076
8,529,-153,-153.675496688742
8,530,35,-112.140845070423
8,531,52,25.9385964912281
8,532,-9,-25.2
8,533,0,0.524520255863539
8,534,12,0.524520255863539
8,535,138,110.357798165138
8,536,239,243.428571428571
8,537,-75,-72.7826086956522
8,538,-197,-153.675496688742
8,539,-74,-112.140845070423
8,540,-57,19.3333333333333
8,541,-71,-37.6177105831533
8,542,-41,-37.6177105831533
8,543,-39,-10.6909090909091
8,544,-26,-10.6909090909091
8,545,-14,-10.6909090909091
8,546,-3,0.524520255863539
8,547,-1,0.524520255863539
8,548,22,0.524520255863539
8,549,68,79.0252100840336
8,550,170,183.7578125
8,551,287,155.980198019802
8,552,-235,-206.0375
8,553,-182,-153.675496688742
8,554,62,-112.140845070423
8,555,40,35.48
8,556,-12,-17.9375
8,557,-17,0.524520255863539
8,558,-127,-10.6909090909091
8,559,-28,108.809523809524
8,560,78,-37.6177105831533
8,561,32,-64.2307692307692
8,562,14,-17.9375
8,563,-74,25.9385964912281
8,564,1,-10.6909090909091
8,565,-26,0.524520255863539
8,566,-52,-37.6177105831533
8,567,-1,-37.6177105831533
8,568,22,0.524520255863539
8,569,-6,25.9385964912281
8,570,-17,0.524520255863539
8,571,-19,-37.6177105831533
8,572,0,-37.6177105831533
8,573,5,0.524520255863539
8,574,9,0.524520255863539
8,575,32,0.524520255863539
8,576,46,25.9385964912281
8,577,74,74
8,578,46,74
8,579,85,35.48
8,580,40,35.48
8,581,91,25.9385964912281
8,582,-31,-25.2
8,583,68,-37.6177105831533
8,584,-82,-25.2
8,585,-82,-37.6177105831533
8,586,-78,-37.6177105831533
8,587,-76,-37.6177105831533
8,588,5,-37.6177105831533
8,589,-20,0.524520255863539
8,590,-28,-10.6909090909091
8,591,-34,-10.6909090909091
8,592,4,-10.6909090909091
8,593,4,0.524520255863539
8,594,-54,0.524520255863539
8,595,-12,-37.6177105831533
8,596,-9,0.524520255863539
8,597,0,0.524520255863539
8,598,18,0.524520255863539
8,599,43,79.0252100840336
8,600,52,25.9385964912281
8,601,74,183.7578125
8,602,64,44.8620689655172
8,603,71,44.8620689655172
8,604,37,35.48
8,605,-32,25.9385964912281
8,606,2,-37.6177105831533
8,607,-35,0.524520255863539
8,608,-36,-37.6177105831533
8,609,-79,-37.6177105831533
8,610,-52,-37.6177105831533
8,611,-44,-37.6177105831533
8,612,-9,-37.6177105831533
8,613,-17,0.524520255863539
8,614,-36,-37.6177105831533
8,615,-9,-10.6909090909091
8,616,-11,0.524520255863539
8,617,-2,0.524520255863539
8,618,-3,0.524520255863539
8,619,0,0.524520255863539
8,620,17,0.524520255863539
8,621,73,79.0252100840336
8,622,169,155.980198019802
8,623,168,155.980198019802
8,624,-231,-206.0375
8,625,-111,-116.753846153846
8,626,17,19.3333333333333
8,627,34,25.9385964912281
8,628,-17,-17.9375
8,629,8,-37.6177105831533
8,630,2,0.524520255863539
8,631,80,110.357798165138
8,632,177,243.428571428571
8,633,-12,-34.6111111111111
8,634,-149,-116.753846153846
8,635,-47,-37.6177105831533
8,636,-59,-37.6177105831533
8,637,-42,-37.6177105831533
8,638,-47,-37.6177105831533
8,639,-23,-37.6177105831533
8,640,-2,-10.6909090909091
8,641,-2,31.5833333333333
8,642,-3,0.524520255863539
8,643,2,0.524520255863539
8,644,22,0.524520255863539
8,645,77,79.0252100840336
8,646,173,155.980198019802
8,647,226,-34.6111111111111
8,648,-268,-243.93670886076
8,649,-104,-153.675496688742
8,650,1,-112.140845070423
8,651,8,0.524520255863539
8,652,26,0.524520255863539
8,653,-28,-17.9375
8,654,30,-10.6909090909091
8,655,84,110.357798165138
8,656,196,243.428571428571
8,657,11,-123.566666666667
8,658,-170,-116.753846153846
8,659,-100,-37.6177105831533
8,660,-39,-37.6177105831533
8,661,-42,-37.6177105831533
8,662,-52,-37.6177105831533
8,663,-39,-37.6177105831533
8,664,-10,-10.6909090909091
8,665,-1,31.5833333333333
8,666,-1,0.524520255863539
8,667,0,0.524520255863539
8,668,15,0.524520255863539
8,669,90,79.0252100840336
8,670,236,183.7578125
8,671,222,155.980198019802
8,672,-302,-243.93670886076
8,673,-117,-153.675496688742
8,674,14,-112.140845070423
8,675,54,25.9385964912281
8,676,-10,-25.2
8,677,-30,0.524520255863539
8,678,34,-10.6909090909091
8,679,79,110.357798165138
8,680,324,243.428571428571
8,681,-68,-123.566666666667
8,682,-183,-153.675496688742
8,683,-101,-112.140845070423
8,684,-72,-93.3461538461538
8,685,-29,-37.6177105831533
8,686,-97,-37.6177105831533
8,687,-16,-10.6909090909091
8,688,-25,-10.6909090909091
8,689,-10,-10.6909090909091
8,690,-8,0.524520255863539
8,691,-1,0.524520255863539
8,692,27,0.524520255863539
8,693,80,79.0252100840336
8,694,225,155.980198019802
8,695,251,155.980198019802
8,696,-284,-243.93670886076
8,697,-163,-153.675496688742
8,698,66,-112.140845070423
8,699,47,35.48
8,700,-18,-25.2
8,701,-30,-37.6177105831533
8,702,-18,-10.6909090909091
8,703,157,108.809523809524
8,704,255,243.428571428571
8,705,-7,-72.7826086956522
8,706,-174,-153.675496688742
8,707,-114,-112.140845070423
8,708,-69,-93.3461538461538
8,709,-80,-37.6177105831533
8,710,-59,-37.6177105831533
8,711,-40,-37.6177105831533
8,712,-28,-10.6909090909091
8,713,-15,-10.6909090909091
8,714,-4,-10.6909090909091
8,715,-6,0.524520255863539
8,716,28,0.524520255863539
8,717,56,79.0252100840336
8,718,183,183.7578125
8,719,233,155.980198019802
8,720,-217,-206.0375
8,721,-125,-153.675496688742
8,722,28,-112.140845070423
8,723,14,25.9385964912281
8,724,23,-17.9375
8,725,-46,-17.9375
8,726,60,-10.6909090909091
8,727,105,74
8,728,223,189.583333333333
8,729,-96,-123.566666666667
8,730,-226,-153.675496688742
8,731,-85,-112.140845070423
8,732,-18,19.3333333333333
8,733,-34,-37.6177105831533
8,734,-21,-37.6177105831533
8,735,-9,-10.6909090909091
8,736,-26,0.524520255863539
8,737,-9,108.809523809524
8,738,-26,0.524520255863539
8,739,-12,-37.6177105831533
8,740,6,0.524520255863539
8,741,2,0.524520255863539
8,742,28,0.524520255863539
8,743,71,79.0252100840336
8,744,37,135.738095238095
8,745,75,79.0252100840336
8,746,51,44.8620689655172
8,747,55,-22.2352941176471
8,748,28,35.48
8,749,22,25.9385964912281
8,750,27,-17.9375
8,751,-16,25.9385964912281
8,752,-36,-37.6177105831533
8,753,-57,-37.6177105831533
8,754,-113,-37.6177105831533
8,755,-63,-37.6177105831533
8,756,-11,-37.6177105831533
8,757,-10,0.524520255863539
8,758,-17,0.524520255863539
8,759,-14,-37.6177105831533
8,760,-8,0.524520255863539
8,761,5,0.524520255863539
8,762,-44,0.524520255863539
8,763,-15,-37.6177105831533
8,764,3,-37.6177105831533
8,765,7,0.524520255863539
8,766,55,0.524520255863539
8,767,18,155.980198019802
8,768,128,79.0252100840336
8,769,81,44.8620689655172
8,770,111,7.72727272727273
8,771,54,35.48
8,772,37,7.72727272727273
8,773,-14,-17.9375
8,774,22,0.524520255863539
8,775,-11,-17.9375
8,776,-109,0.524520255863539
8,777,-131,-37.6177105831533
8,778,-87,-37.6177105831533
8,779,-24,-37.6177105831533
8,780,-53,-37.6177105831533
8,781,-42,-37.6177105831533
8,782,-28,-10.6909090909091
8,783,-14,-10.6909090909091
8,784,-1,0.524520255863539
8,785,-7,0.524520255863539
8,786,1,0.524520255863539
8,787,13,0.524520255863539
8,788,72,79.0252100840336
8,789,180,155.980198019802
8,790,296,155.980198019802
8,791,-283,-206.0375
8,792,-144,-153.675496688742
8,793,13,-112.140845070423
8,794,71,25.9385964912281
8,795,29,-25.2
8,796,-29,-17.9375
8,797,12,-10.6909090909091
8,798,99,110.357798165138
8,799,312,243.428571428571
8,800,68,-34.6111111111111
8,801,-266,-153.675496688742
8,802,-160,-112.140845070423
8,803,-81,-93.3461538461538
8,804,-72,-37.6177105831533
8,805,-70,-37.6177105831533
8,806,-37,-37.6177105831533
8,807,-10,-10.6909090909091
8,808,-15,31.5833333333333
8,809,1,-10.6909090909091
8,810,-1,0.524520255863539
8,811,23,0.524520255863539
8,812,89,79.0252100840336
8,813,195,183.7578125
8,814,285,155.980198019802
8,815,-251,-243.93670886076
8,816,-199,-153.675496688742
8,817,76,-112.140845070423
8,818,25,35.48
8,819,-11,-17.9375
8,820,-21,0.524520255863539
8,821,52,-10.6909090909091
8,822,101,74
8,823,311,243.428571428571
8,824,58,-123.566666666667
8,825,-255,-153.675496688742
8,826,-128,-112.140845070423
8,827,-107,-93.3461538461538
8,828,-74,-37.6177105831533
8,829,-83,-37.6177105831533
8,830,-48,-37.6177105831533
8,831,-12,-10.6909090909091
8,832,-25,31.5833333333333
8,833,2,-10.6909090909091
8,834,1,0.524520255863539
8,835,22,0.524520255863539
8,836,94,79.0252100840336
8,837,247,183.7578125
8,838,294,155.980198019802
8,839,-311,-243.93670886076
8,840,-163,-153.675496688742
8,841,32,-112.140845070423
8,842,47,25.9385964912281
8,843,-13,-25.2
8,844,-30,0.524520255863539
8,845,59,-10.6909090909091
8,846,73,74
8,847,426,243.428571428571
8,848,-33,-123.566666666667
8,849,-277,-153.675496688742
8,850,-142,-112.140845070423
8,851,-42,-93.3461538461538
8,852,-86,-37.6177105831533
8,853,-111,-37.6177105831533
8,854,-31,-37.6177105831533
8,855,-37,-10.6909090909091
8,856,-4,108.809523809524
8,857,-12,0.524520255863539
8,858,7,0.524520255863539
8,859,12,0.524520255863539
8,860,91,79.0252100840336
8,861,264,183.7578125
8,862,242,135.738095238095
8,863,-308,-243.93670886076
8,864,-151,-153.675496688742
8,865,47,-112.140845070423
8,866,54,35.48
8,867,8,-25.2
8,868,-15,0.524520255863539
8,869,29,-10.6909090909091
8,870,139,110.357798165138
8,871,287,243.428571428571
8,872,33,-72.7826086956522
8,873,-321,-153.675496688742
8,874,-95,-112.140845070423
8,875,-87,-93.3461538461538
8,876,-74,-37.6177105831533
8,877,-72,-37.6177105831533
8,878,-40,-37.6177105831533
8,879,-31,-10.6909090909091
8,880,-22,108.809523809524
8,881,-1,-10.6909090909091
8,882,0,0.524520255863539
8,883,29,0.524520255863539
8,884,67,79.0252100840336
8,885,179,183.7578125
8,886,284,183.7578125
8,887,-250,-206.0375
8,888,-132,-153.675496688742
8,889,27,-112.140845070423
8,890,87,25.9385964912281
8,891,-34,-25.2
8,892,-58,-37.6177105831533
8,893,-95,-10.6909090909091
8,894,22,108.809523809524
8,895,129,110.357798165138
8,896,150,-64.2307692307692
8,897,-112,-72.7826086956522
8,898,-61,-116.753846153846
8,899,-83,-10.6909090909091
8,900,-4,-37.6177105831533
8,901,-22,0.524520255863539
8,902,-26,-37.6177105831533
8,903,-31,-10.6909090909091
8,904,-27,-37.6177105831533
8,905,-16,-10.6909090909091
8,906,-24,-37.6177105831533
8,907,6,-37.6177105831533
8,908,22,0.524520255863539
8,909,56,79.0252100840336
8,910,132,183.7578125
8,911,103,135.738095238095
8,912,122,-206.0375
8,913,142,44.8620689655172
8,914,66,-243.93670886076
8,915,35,7.72727272727273
8,916,4,-17.9375
8,917,-11,0.524520255863539
8,918,6,0.524520255863539
8,919,-37,110.357798165138
8,920,-88,-37.6177105831533
8,921,-143,-37.6177105831533
8,922,-146,-37.6177105831533
8,923,-48,-37.6177105831533
8,924,-12,-37.6177105831533
8,925,-26,0.524520255863539
8,926,-78,-10.6909090909091
8,927,6,-10.6909090909091
8,928,-57,0.524520255863539
8,929,-38,-37.6177105831533
8,930,-4,-37.6177105831533
8,931,-8,0.524520255863539
8,932,5,0.524520255863539
8,933,31,0.524520255863539
8,934,54,79.0252100840336
8,935,82,183.7578125
8,936,173,135.738095238095
8,937,17,-123.566666666667
8,938,135,-116.753846153846
8,939,41,35.48
8,940,-23,7.72727272727273
8,941,33,-37.6177105831533
8,942,-13,-17.9375
8,943,0,0.524520255863539
8,944,-82,0.524520255863539
8,945,-107,-37.6177105831533
8,946,-154,-37.6177105831533
8,947,-25,-37.6177105831533
8,948,-73,-37.6177105831533
8,949,-54,-37.6177105831533
8,950,-23,-10.6909090909091
8,951,-8,-10.6909090909091
8,952,-7,0.524520255863539
8,953,-6,0.524520255863539
8,954,1,0.524520255863539
8,955,28,0.524520255863539
8,956,89,79.0252100840336
8,957,234,155.980198019802
8,958,225,155.980198019802
8,959,-248,-243.93670886076
8,960,-147,-153.675496688742
8,961,17,-112.140845070423
8,962,81,25.9385964912281
8,963,-19,-25.2
8,964,-3,-37.6177105831533
8,965,26,0.524520255863539
8,966,99,110.357798165138
8,967,336,243.428571428571
8,968,80,-123.566666666667
8,969,-252,-153.675496688742
8,970,-219,-112.140845070423
8,971,-107,-93.3461538461538
8,972,-75,19.3333333333333
8,973,-94,-37.6177105831533
8,974,-25,-37.6177105831533
8,975,-14,-10.6909090909091
8,976,-5,31.5833333333333
8,977,-7,0.524520255863539
8,978,3,0.524520255863539
8,979,14,0.524520255863539
8,980,80,79.0252100840336
8,981,70,155.980198019802
8,982,346,155.980198019802
8,983,-191,-123.566666666667
8,984,-162,-153.675496688742
8,985,67,-112.140845070423
8,986,31,35.48
8,987,23,-17.9375
8,988,-36,-17.9375
8,989,-4,-10.6909090909091
8,990,187,0.524520255863539
8,991,319,189.583333333333
8,992,51,-72.7826086956522
8,993,-246,-153.675496688742
8,994,-178,-112.140845070423
8,995,-100,-93.3461538461538
8,996,-89,-37.6177105831533
8,997,-98,-37.6177105831533
8,998,-57,-37.6177105831533
8,999,-7,-10.6909090909091
8,1000,-16,31.5833333333333
8,1001,-2,-10.6909090909091
8,1002,-4,0.524520255863539
8,1003,35,0.524520255863539
8,1004,110,79.0252100840336
8,1005,223,183.7578125
8,1006,163,155.980198019802
8,1007,-242,-243.93670886076
8,1008,-139,-116.753846153846
8,1009,38,19.3333333333333
8,1010,37,25.9385964912281
8,1011,74,-17.9375
8,1012,-78,-64.2307692307692
8,1013,18,-10.6909090909091
8,1014,135,110.357798165138
8,1015,351,243.428571428571
8,1016,50,-72.7826086956522
8,1017,-197,-153.675496688742
8,1018,-208,-112.140845070423
8,1019,-123,-93.3461538461538
8,1020,-54,19.3333333333333
8,1021,-72,-37.6177105831533
8,1022,-84,-37.6177105831533
8,1023,-11,-10.6909090909091
8,1024,-24,31.5833333333333
8,1025,1,108.809523809524
8,1026,-1,0.524520255863539
8,1027,28,0.524520255863539
8,1028,102,79.0252100840336
8,1029,225,183.7578125
8,1030,288,155.980198019802
8,1031,-331,-243.93670886076
8,1032,-176,-153.675496688742
8,1033,77,-112.140845070423
8,1034,53,35.48
8,1035,26,-25.2
8,1036,-41,-17.9375
8,1037,47,-10.6909090909091
8,1038,121,74
8,1039,385,243.428571428571
8,1040,-9,-206.0375
8,1041,-215,-153.675496688742
8,1042,-162,-112.140845070423
8,1043,-50,-93.3461538461538
8,1044,-154,-37.6177105831533
8,1045,-69,-37.6177105831533
8,1046,-56,-37.6177105831533
8,1047,-45,-10.6909090909091
8,1048,-18,108.809523809524
8,1049,-22,-37.6177105831533
8,1050,-7,-10.6909090909091
8,1051,31,0.524520255863539
8,1052,82,79.0252100840336
8,1053,230,183.7578125
8,1054,316,183.7578125
8,1055,-282,-243.93670886076
8,1056,-105,-153.675496688742
8,1057,43,-112.140845070423
8,1058,153,25.9385964912281
8,1059,-43,-34.6111111111111
8,1060,4,-116.753846153846
8,1061,40,0.524520255863539
8,1062,117,110.357798165138
8,1063,368,243.428571428571
8,1064,-127,-72.7826086956522
8,1065,-144,-153.675496688742
8,1066,-241,-112.140845070423
8,1067,-161,-93.3461538461538
8,1068,-13,19.3333333333333
8,1069,-95,0.524520255863539
8,1070,-20,-10.6909090909091
8,1071,-28,-10.6909090909091
8,1072,-59,-10.6909090909091
8,1073,-37,108.809523809524
8,1074,-25,-37.6177105831533
8,1075,-3,-10.6909090909091
8,1076,24,0.524520255863539
8,1077,42,79.0252100840336
8,1078,84,79.0252100840336
8,1079,95,183.7578125
8,1080,96,44.8620689655172
8,1081,-72,44.8620689655172
8,1082,-90,-37.6177105831533
8,1083,13,-37.6177105831533
8,1084,27,-17.9375
8,1085,67,-17.9375
8,1086,-113,-64.2307692307692
8,1087,-62,-10.6909090909091
8,1088,22,-10.6909090909091
8,1089,-4,79.0252100840336
8,1090,-22,0.524520255863539
8,1091,-7,-37.6177105831533
8,1092,-21,0.524520255863539
8,1093,22,-37.6177105831533
8,1094,-25,79.0252100840336
8,1095,9,-37.6177105831533
8,1096,-54,0.524520255863539
8,1097,-17,-37.6177105831533
8,1098,-10,-37.6177105831533
8,1099,-2,0.524520255863539
8,1100,12,0.524520255863539
8,1101,21,25.9385964912281
8,1102,50,79.0252100840336
8,1103,29,183.7578125
8,1104,132,79.0252100840336
8,1105,73,44.8620689655172
8,1106,37,7.72727272727273
8,1107,7,25.9385964912281
8,1108,47,0.524520255863539
8,1109,7,-25.2
8,1110,71,0.524520255863539
8,1111,-73,-25.2
8,1112,72,-37.6177105831533
8,1113,-116,-25.2
8,1114,-116,-37.6177105831533
8,1115,-110,-37.6177105831533
8,1116,-38,-37.6177105831533
8,1117,-46,-10.6909090909091
8,1118,-32,-37.6177105831533
8,1119,-5,-10.6909090909091
8,1120,-8,0.524520255863539
8,1121,-19,0.524520255863539
8,1122,3,-37.6177105831533
8,1123,32,0.524520255863539
8,1124,81,79.0252100840336
8,1125,253,183.7578125
8,1126,287,-123.566666666667
8,1127,-375,-243.93670886076
8,1128,-129,-153.675496688742
8,1129,25,-112.140845070423
8,1130,101,25.9385964912281
8,1131,22,-25.2
8,1132,-84,-17.9375
8,1133,6,-10.6909090909091
8,1134,82,110.357798165138
8,1135,359,243.428571428571
8,1136,20,-34.6111111111111
8,1137,-226,-153.675496688742
8,1138,-237,-112.140845070423
8,1139,-35,-93.3461538461538
8,1140,-93,19.3333333333333
8,1141,-45,-37.6177105831533
8,1142,-38,-37.6177105831533
8,1143,-5,-10.6909090909091
8,1144,2,31.5833333333333
8,1145,-3,0.524520255863539
8,1146,-1,0.524520255863539
8,1147,14,0.524520255863539
8,1148,84,79.0252100840336
8,1149,185,183.7578125
8,1150,295,-34.6111111111111
8,1151,-314,-243.93670886076
8,1152,-129,-153.675496688742
8,1153,37,-112.140845070423
8,1154,45,25.9385964912281
8,1155,-9,-17.9375
8,1156,-27,0.524520255863539
8,1157,16,-10.6909090909091
8,1158,105,110.357798165138
8,1159,309,243.428571428571
8,1160,30,-34.6111111111111
8,1161,-227,-153.675496688742
8,1162,-123,-112.140845070423
8,1163,-73,-93.3461538461538
8,1164,-87,-37.6177105831533
8,1165,-70,-37.6177105831533
8,1166,-34,-37.6177105831533
8,1167,-22,-10.6909090909091
8,1168,-5,108.809523809524
8,1169,2,0.524520255863539
8,1170,-4,0.524520255863539
8,1171,39,0.524520255863539
8,1172,75,79.0252100840336
8,1173,243,183.7578125
8,1174,300,155.980198019802
8,1175,-344,-206.0375
8,1176,-141,-153.675496688742
8,1177,49,-112.140845070423
8,1178,46,35.48
8,1179,5,-25.2
8,1180,-52,0.524520255863539
8,1181,-22,-10.6909090909091
8,1182,22,108.809523809524
8,1183,383,110.357798165138
8,1184,37,-34.6111111111111
8,1185,-185,-153.675496688742
8,1186,-94,-112.140845070423
8,1187,-101,-93.3461538461538
8,1188,-89,-37.6177105831533
8,1189,-79,-37.6177105831533
8,1190,-45,-37.6177105831533
8,1191,-15,-10.6909090909091
8,1192,-27,-10.6909090909091
8,1193,-1,-10.6909090909091
8,1194,4,0.524520255863539
8,1195,23,0.524520255863539
8,1196,85,79.0252100840336
8,1197,250,183.7578125
8,1198,287,135.738095238095
8,1199,-333,-243.93670886076
8,1200,-155,-153.675496688742
8,1201,54,-112.140845070423
8,1202,72,35.48
8,1203,-19,-25.2
8,1204,-35,-37.6177105831533
8,1205,69,-10.6909090909091
8,1206,81,74
8,1207,315,243.428571428571
8,1208,-22,-123.566666666667
8,1209,-213,-153.675496688742
8,1210,-133,-112.140845070423
8,1211,-111,-93.3461538461538
8,1212,-72,-37.6177105831533
8,1213,-58,-37.6177105831533
8,1214,-35,-37.6177105831533
8,1215,-32,-10.6909090909091
8,1216,-20,108.809523809524
8,1217,0,-10.6909090909091
8,1218,-5,0.524520255863539
8,1219,24,0.524520255863539
8,1220,60,79.0252100840336
8,1221,203,183.7578125
8,1222,304,183.7578125
8,1223,-272,-206.0375
8,1224,-134,-153.675496688742
8,1225,14,-112.140845070423
8,1226,69,25.9385964912281
8,1227,-28,-25.2
8,1228,-13,-37.6177105831533
8,1229,51,0.524520255863539
8,1230,87,74
8,1231,239,243.428571428571
8,1232,-46,-123.566666666667
8,1233,-165,-153.675496688742
8,1234,-186,-112.140845070423
8,1235,11,-37.6177105831533
8,1236,-67,79.0252100840336
8,1237,-30,-37.6177105831533
8,1238,-31,-37.6177105831533
8,1239,-10,-10.6909090909091
8,1240,-13,110.357798165138
8,1241,-38,0.524520255863539
8,1242,-23,-10.6909090909091
8,1243,-3,-37.6177105831533
8,1244,18,0.524520255863539
8,1245,21,79.0252100840336
8,1246,101,79.0252100840336
8,1247,78,155.980198019802
8,1248,90,74
8,1249,150,44.8620689655172
8,1250,158,-123.566666666667
8,1251,17,-243.93670886076
8,1252,-87,-116.753846153846
8,1253,54,-37.6177105831533
8,1254,-70,-25.2
8,1255,8,-37.6177105831533
8,1256,-202,0.524520255863539
8,1257,-57,-37.6177105831533
8,1258,-76,-10.6909090909091
8,1259,-65,-37.6177105831533
8,1260,13,-10.6909090909091
8,1261,-44,25.9385964912281
8,1262,-45,-10.6909090909091
8,1263,-5,108.809523809524
8,1264,19,0.524520255863539
8,1265,-56,79.0252100840336
8,1266,-13,-37.6177105831533
8,1267,6,0.524520255863539
8,1268,79,0.524520255863539
8,1269,-13,77.5714285714286
8,1270,41,0.524520255863539
8,1271,150,25.9385964912281
8,1272,85,74
8,1273,91,-116.753846153846
8,1274,-6,-64.2307692307692
8,1275,19,0.524520255863539
8,1276,97,25.9385964912281
8,1277,12,35.48
8,1278,-62,-17.9375
8,1279,44,-37.6177105831533
8,1280,-123,110.357798165138
8,1281,-86,-37.6177105831533
8,1282,-114,-37.6177105831533
8,1283,-98,-37.6177105831533
8,1284,-66,-37.6177105831533
8,1285,-5,-37.6177105831533
8,1286,-46,0.524520255863539
8,1287,-12,-10.6909090909091
8,1288,0,0.524520255863539
8,1289,-1,0.524520255863539
8,1290,20,0.524520255863539
8,1291,86,79.0252100840336
8,1292,196,129.64
8,1293,283,183.7578125
8,1294,-272,-243.93670886076
8,1295,-113,-153.675496688742
8,1296,5,-112.140845070423
8,1297,72,0.524520255863539
8,1298,0,-25.2
8,1299,-13,0.524520255863539
8,1300,56,0.524520255863539
8,1301,71,74
8,1302,334,243.428571428571
8,1303,-111,-123.566666666667
8,1304,-124,-153.675496688742
8,1305,-165,-112.140845070423
8,1306,-91,-93.3461538461538
8,1307,-115,-37.6177105831533
8,1308,-57,-37.6177105831533
8,1309,-33,-10.6909090909091
8,1310,-22,-10.6909090909091
8,1311,-6,-10.6909090909091
8,1312,-2,0.524520255863539
8,1313,-2,0.524520255863539
8,1314,26,0.524520255863539
8,1315,73,79.0252100840336
8,1316,241,183.7578125
8,1317,263,155.980198019802
8,1318,-196,-206.0375
8,1319,-189,-153.675496688742
8,1320,39,-112.140845070423
8,1321,73,25.9385964912281
8,1322,14,-25.2
8,1323,-34,-17.9375
8,1324,5,-10.6909090909091
8,1325,169,110.357798165138
8,1326,272,189.583333333333
8,1327,43,-72.7826086956522
8,1328,-242,-153.675496688742
8,1329,-179,-112.140845070423
8,1330,-136,-93.3461538461538
8,1331,-85,-37.6177105831533
8,1332,-79,-37.6177105831533
8,1333,-38,-37.6177105831533
8,1334,-30,-10.6909090909091
8,1335,-6,108.809523809524
8,1336,-2,0.524520255863539
8,1337,-2,0.524520255863539
8,1338,26,0.524520255863539
8,1339,99,79.0252100840336
8,1340,240,183.7578125
8,1341,318,155.980198019802
8,1342,-321,-243.93670886076
8,1343,-196,-153.675496688742
8,1344,46,-112.140845070423
8,1345,70,35.48
8,1346,-32,-25.2
8,1347,7,-37.6177105831533
8,1348,10,0.524520255863539
8,1349,122,110.357798165138
8,1350,354,243.428571428571
8,1351,15,-72.7826086956522
8,1352,-265,-153.675496688742
8,1353,-122,-112.140845070423
8,1354,-74,-93.3461538461538
8,1355,-117,-37.6177105831533
8,1356,-50,-37.6177105831533
8,1357,-86,-37.6177105831533
8,1358,-32,-10.6909090909091
8,1359,5,108.809523809524
8,1360,-13,0.524520255863539
8,1361,-4,0.524520255863539
8,1362,28,0.524520255863539
8,1363,97,79.0252100840336
8,1364,228,183.7578125
8,1365,284,183.7578125
8,1366,-287,-243.93670886076
8,1367,-105,-153.675496688742
8,1368,22,-112.140845070423
8,1369,8,25.9385964912281
8,1370,15,0.524520255863539
8,1371,-4,-17.9375
8,1372,-18,0.524520255863539
8,1373,133,108.809523809524
8,1374,420,243.428571428571
8,1375,-124,-72.7826086956522
8,1376,-211,-153.675496688742
8,1377,-175,-112.140845070423
8,1378,-78,-93.3461538461538
8,1379,-85,-37.6177105831533
8,1380,-13,-37.6177105831533
8,1381,-75,0.524520255863539
8,1382,-23,-10.6909090909091
8,1383,-27,108.809523809524
8,1384,-3,-10.6909090909091
8,1385,-3,0.524520255863539
8,1386,18,0.524520255863539
8,1387,57,79.0252100840336
8,1388,166,183.7578125
8,1389,262,155.980198019802
8,1390,-132,-206.0375
8,1391,-138,-153.675496688742
8,1392,53,-112.140845070423
8,1393,46,35.48
8,1394,74,-25.2
8,1395,79,-64.2307692307692
8,1396,47,129.64
8,1397,-1,44.8620689655172
8,1398,119,110.357798165138
8,1399,-171,35.48
8,1400,-72,-87.5
8,1401,-160,-37.6177105831533
8,1402,-62,-37.6177105831533
8,1403,-32,-37.6177105831533
8,1404,-45,-37.6177105831533
8,1405,-19,-10.6909090909091
8,1406,-25,-10.6909090909091
8,1407,-33,-10.6909090909091
8,1408,-8,-37.6177105831533
8,1409,-21,0.524520255863539
8,1410,-5,-37.6177105831533
8,1411,17,0.524520255863539
8,1412,35,79.0252100840336
8,1413,69,79.0252100840336
8,1414,153,183.7578125
8,1415,87,44.8620689655172
8,1416,132,-206.0375
8,1417,95,35.48
8,1418,53,-243.93670886076
8,1419,-65,-25.2
8,1420,48,-37.6177105831533
8,1421,-11,-25.2
8,1422,-48,0.524520255863539
8,1423,-50,-37.6177105831533
8,1424,-104,-37.6177105831533
8,1425,-205,-10.6909090909091
8,1426,26,-37.6177105831533
8,1427,-52,79.0252100840336
8,1428,-64,-37.6177105831533
8,1429,-33,-37.6177105831533
8,1430,-21,-10.6909090909091
8,1431,-32,-10.6909090909091
8,1432,-6,108.809523809524
8,1433,-19,0.524520255863539
8,1434,5,-37.6177105831533
8,1435,16,0.524520255863539
8,1436,9,79.0252100840336
8,1437,47,0.524520255863539
8,1438,95,135.738095238095
8,1439,120,129.64
8,1440,105,44.8620689655172
8,1441,53,-243.93670886076
8,1442,26,35.48
8,1443,20,25.9385964912281
8,1444,-17,-17.9375
8,1445,-10,-37.6177105831533
8,1446,-65,0.524520255863539
8,1447,-101,-37.6177105831533
8,1448,-34,-37.6177105831533
8,1449,-65,-37.6177105831533
8,1450,-81,-37.6177105831533
8,1451,-12,-37.6177105831533
8,1452,-67,0.524520255863539
8,1453,-14,-10.6909090909091
8,1454,-21,0.524520255863539
8,1455,-10,-10.6909090909091
8,1456,-3,0.524520255863539
8,1457,2,0.524520255863539
8,1458,27,0.524520255863539
8,1459,79,79.0252100840336
8,1460,220,155.980198019802
8,1461,286,155.980198019802
8,1462,-331,-243.93670886076
8,1463,-108,-153.675496688742
8,1464,45,-112.140845070423
8,1465,57,25.9385964912281
8,1466,1,-25.2
8,1467,-63,0.524520255863539
8,1468,37,-10.6909090909091
8,1469,136,110.357798165138
8,1470,241,243.428571428571
8,1471,14,-72.7826086956522
8,1472,-225,-153.675496688742
8,1473,-145,-112.140845070423
8,1474,-111,19.3333333333333
8,1475,-57,-37.6177105831533
8,1476,-41,-37.6177105831533
8,1477,-41,-37.6177105831533
8,1478,-17,-10.6909090909091
8,1479,-7,108.809523809524
8,1480,0,0.524520255863539
8,1481,0,0.524520255863539
8,1482,22,0.524520255863539
8,1483,79,79.0252100840336
8,1484,281,183.7578125
8,1485,308,155.980198019802
8,1486,-373,-243.93670886076
8,1487,-138,-153.675496688742
8,1488,58,-112.140845070423
8,1489,20,35.48
8,1490,24,-17.9375
8,1491,-59,-17.9375
8,1492,-21,-10.6909090909091
8,1493,159,108.809523809524
8,1494,382,243.428571428571
8,1495,-40,-72.7826086956522
8,1496,-225,-153.675496688742
8,1497,-197,-112.140845070423
8,1498,-76,-93.3461538461538
8,1499,-79,19.3333333333333
8,1500,-65,-37.6177105831533
8,1501,-32,-37.6177105831533
8,1502,-18,-10.6909090909091
8,1503,-10,108.809523809524
8,1504,0,0.524520255863539
8,1505,25,0.524520255863539
8,1506,79,79.0252100840336
8,1507,215,183.7578125
8,1508,274,183.7578125
8,1509,-293,-243.93670886076
8,1510,-149,-153.675496688742
8,1511,27,-112.140845070423
8,1512,2,25.9385964912281
8,1513,-19,0.524520255863539
8,1514,-28,-37.6177105831533
8,1515,67,-10.6909090909091
8,1516,105,77.5714285714286
8,1517,272,243.428571428571
8,1518,6,-123.566666666667
8,1519,-201,-153.675496688742
8,1520,-149,-112.140845070423
8,1521,-70,-93.3461538461538
8,1522,-31,-37.6177105831533
8,1523,-73,-37.6177105831533
8,1524,-38,-37.6177105831533
8,1525,-14,-10.6909090909091
8,1526,-5,31.5833333333333
8,1527,1,0.524520255863539
8,1528,-4,0.524520255863539
8,1529,20,0.524520255863539
8,1530,75,79.0252100840336
8,1531,210,183.7578125
8,1532,318,155.980198019802
8,1533,-337,-206.0375
8,1534,-146,-153.675496688742
8,1535,83,-112.140845070423
8,1536,35,35.48
8,1537,-56,-17.9375
8,1538,21,-37.6177105831533
8,1539,-13,-17.9375
8,1540,142,110.357798165138
8,1541,303,243.428571428571
8,1542,-46,-72.7826086956522
8,1543,-177,-153.675496688742
8,1544,-153,-112.140845070423
8,1545,-93,-93.3461538461538
8,1546,-29,-37.6177105831533
8,1547,-64,-37.6177105831533
8,1548,-39,-37.6177105831533
8,1549,-25,-10.6909090909091
8,1550,-19,-10.6909090909091
8,1551,0,-10.6909090909091
8,1552,-6,0.524520255863539
8,1553,16,0.524520255863539
8,1554,63,79.0252100840336
8,1555,212,183.7578125
8,1556,267,155.980198019802
8,1557,-233,-206.0375
8,1558,-138,-153.675496688742
8,1559,41,-112.140845070423
8,1560,89,25.9385964912281
8,1561,36,-25.2
8,1562,-10,-17.9375
8,1563,4,0.524520255863539
8,1564,111,110.357798165138
8,1565,275,243.428571428571
8,1566,-67,-72.7826086956522
8,1567,-244,-153.675496688742
8,1568,-141,-112.140845070423
8,1569,-97,-93.3461538461538
8,1570,26,-37.6177105831533
8,1571,-17,-17.9375
8,1572,-102,-10.6909090909091
8,1573,-26,-10.6909090909091
8,1574,-14,108.809523809524
8,1575,-24,0.524520255863539
8,1576,-18,-37.6177105831533
8,1577,-7,-37.6177105831533
8,1578,14,0.524520255863539
8,1579,43,79.0252100840336
8,1580,96,79.0252100840336
8,1581,105,155.980198019802
8,1582,141,44.8620689655172
8,1583,158,44.8620689655172
8,1584,114,-243.93670886076
8,1585,0,-243.93670886076
8,1586,-18,-87.5
8,1587,-2,-37.6177105831533
8,1588,-76,0.524520255863539
8,1589,-22,-37.6177105831533
8,1590,-79,-37.6177105831533
8,1591,-22,-37.6177105831533
8,1592,-138,-37.6177105831533
8,1593,-101,-37.6177105831533
8,1594,-8,-10.6909090909091
8,1595,-16,0.524520255863539
8,1596,-72,-10.6909090909091
8,1597,-18,-37.6177105831533
8,1598,-32,-10.6909090909091
8,1599,-29,-10.6909090909091
8,1600,-33,-37.6177105831533
8,1601,-2,-37.6177105831533
8,1602,6,0.524520255863539
8,1603,30,0.524520255863539
8,1604,51,79.0252100840336
8,1605,154,183.7578125
8,1606,170,135.738095238095
8,1607,107,-206.0375
8,1608,107,-243.93670886076
8,1609,46,35.48
8,1610,-53,35.48
8,1611,-11,-37.6177105831533
8,1612,-1,0.524520255863539
8,1613,7,0.524520255863539
8,1614,-144,110.357798165138
8,1615,-100,-37.6177105831533
8,1616,-88,-37.6177105831533
8,1617,-62,-37.6177105831533
8,1618,-95,-37.6177105831533
8,1619,-44,-37.6177105831533
8,1620,-49,-10.6909090909091
8,1621,-13,-10.6909090909091
8,1622,-14,0.524520255863539
8,1623,-6,0.524520255863539
8,1624,-2,0.524520255863539
8,1625,32,0.524520255863539
8,1626,95,79.0252100840336
8,1627,254,183.7578125
8,1628,210,155.980198019802
8,1629,-300,-243.93670886076
8,1630,-73,-153.675496688742
8,1631,27,-93.3461538461538
8,1632,20,25.9385964912281
8,1633,-8,-17.9375
8,1634,25,0.524520255863539
8,1635,-13,-17.9375
8,1636,83,110.357798165138
8,1637,354,243.428571428571
8,1638,-36,-34.6111111111111
8,1639,-154,-153.675496688742
8,1640,-147,-112.140845070423
8,1641,-104,-93.3461538461538
8,1642,-57,-37.6177105831533
8,1643,-93,-37.6177105831533
8,1644,-78,-37.6177105831533
8,1645,-32,-10.6909090909091
8,1646,-7,-10.6909090909091
8,1647,2,0.524520255863539
8,1648,3,0.524520255863539
8,1649,21,0.524520255863539
8,1650,114,79.0252100840336
8,1651,317,183.7578125
8,1652,212,-72.7826086956522
8,1653,-273,-243.93670886076
8,1654,-183,-153.675496688742
8,1655,22,-112.140845070423
8,1656,5,25.9385964912281
8,1657,-5,0.524520255863539
8,1658,18,0.524520255863539
8,1659,51,-17.9375
8,1660,62,74
8,1661,411,243.428571428571
8,1662,-6,-123.566666666667
8,1663,-238,-153.675496688742
8,1664,-135,-112.140845070423
8,1665,-105,-93.3461538461538
8,1666,-135,-37.6177105831533
8,1667,-80,-37.6177105831533
8,1668,-44,-37.6177105831533
8,1669,-24,-10.6909090909091
8,1670,-5,108.809523809524
8,1671,-3,0.524520255863539
8,1672,1,0.524520255863539
8,1673,27,0.524520255863539
8,1674,100,79.0252100840336
8,1675,284,183.7578125
8,1676,158,155.980198019802
8,1677,-311,-243.93670886076
8,1678,-118,-116.753846153846
8,1679,-28,-93.3461538461538
8,1680,-9,-37.6177105831533
8,1681,-46,0.524520255863539
8,1682,-13,-37.6177105831533
8,1683,47,0.524520255863539
8,1684,137,183.7578125
8,1685,253,243.428571428571
8,1686,17,-206.0375
8,1687,-137,-153.675496688742
8,1688,-108,-112.140845070423
8,1689,-71,-93.3461538461538
8,1690,-27,-37.6177105831533
8,1691,-92,-37.6177105831533
8,1692,-45,-37.6177105831533
8,1693,-12,-10.6909090909091
8,1694,-7,31.5833333333333
8,1695,-2,0.524520255863539
8,1696,0,0.524520255863539
8,1697,26,0.524520255863539
8,1698,90,79.0252100840336
8,1699,286,183.7578125
8,1700,271,155.980198019802
8,1701,-376,-243.93670886076
8,1702,-112,-153.675496688742
8,1703,40,-112.140845070423
8,1704,35,25.9385964912281
8,1705,-26,-17.9375
8,1706,-1,-37.6177105831533
8,1707,25,0.524520255863539
8,1708,125,110.357798165138
8,1709,361,243.428571428571
8,1710,28,-72.7826086956522
8,1711,-190,-153.675496688742
8,1712,-182,-112.140845070423
8,1713,-137,-93.3461538461538
8,1714,-19,-37.6177105831533
8,1715,-104,-37.6177105831533
8,1716,-80,-37.6177105831533
8,1717,-39,-10.6909090909091
8,1718,-4,-10.6909090909091
8,1719,-11,0.524520255863539
8,1720,-7,0.524520255863539
8,1721,22,0.524520255863539
8,1722,88,79.0252100840336
8,1723,246,183.7578125
8,1724,341,183.7578125
8,1725,-341,-243.93670886076
8,1726,-122,-153.675496688742
8,1727,17,-112.140845070423
8,1728,108,25.9385964912281
8,1729,19,-25.2
8,1730,13,-17.9375
8,1731,13,-17.9375
8,1732,173,110.357798165138
8,1733,239,243.428571428571
8,1734,-151,-72.7826086956522
8,1735,-176,-153.675496688742
8,1736,-151,-112.140845070423
8,1737,-54,-37.6177105831533
8,1738,-85,-37.6177105831533
8,1739,-15,-37.6177105831533
8,1740,-45,-10.6909090909091
8,1741,-54,-10.6909090909091
8,1742,-7,-10.6909090909091
8,1743,-52,0.524520255863539
8,1744,-20,-10.6909090909091
8,1745,-8,-37.6177105831533
8,1746,30,0.524520255863539
8,1747,45,79.0252100840336
8,1748,125,79.0252100840336
8,1749,130,155.980198019802
8,1750,151,-206.0375
8,1751,126,-243.93670886076
8,1752,32,-243.93670886076
8,1753,9,7.72727272727273
8,1754,-40,0.524520255863539
8,1755,19,-37.6177105831533
8,1756,11,-17.9375
8,1757,-71,110.357798165138
8,1758,-152,-37.6177105831533
8,1759,-362,-37.6177105831533
8,1760,-15,-37.6177105831533
8,1761,63,19.3333333333333
8,1762,8,-64.2307692307692
8,1763,-19,0.524520255863539
8,1764,26,-10.6909090909091
8,1765,-44,79.0252100840336
8,1766,-17,108.809523809524
8,1767,-16,-37.6177105831533
8,1768,-33,-37.6177105831533
8,1769,-1,-37.6177105831533
8,1770,6,0.524520255863539
8,1771,12,0.524520255863539
8,1772,27,25.9385964912281
8,1773,28,79.0252100840336
8,1774,-11,79.0252100840336
8,1775,9,0.524520255863539
8,1776,-16,0.524520255863539
8,1777,-9,-37.6177105831533
8,1778,1,0.524520255863539
8,1779,-15,0.524520255863539
8,1780,-2,-37.6177105831533
8,1781,-9,0.524520255863539
8,1782,12,0.524520255863539
8,1783,-4,25.9385964912281
8,1784,0,0.524520255863539
8,1785,-24,0.524520255863539
8,1786,2,-37.6177105831533
8,1787,4,0.524520255863539
8,1788,-11,0.524520255863539
8,1789,-4,0.524520255863539
8,1790,2,0.524520255863539
8,1791,-3,0.524520255863539
8,1792,2,0.524520255863539
8,1793,11,0.524520255863539
8,1794,31,25.9385964912281
8,1795,162,25.9385964912281
8,1796,275,-34.6111111111111
8,1797,-210,-72.7826086956522
8,1798,-172,-153.675496688742
8,1799,1,-112.140845070423
8,1800,28,0.524520255863539
8,1801,-22,25.9385964912281
8,1802,7,-37.6177105831533
8,1803,-2,0.524520255863539
8,1804,-9,110.357798165138
8,1805,129,110.357798165138
8,1806,147,-64.2307692307692
8,1807,-81,-72.7826086956522
8,1808,-95,-87.5
8,1809,-51,-37.6177105831533
8,1810,-63,-37.6177105831533
8,1811,-30,-37.6177105831533
8,1812,-46,-37.6177105831533
8,1813,-6,-10.6909090909091
8,1814,-4,31.5833333333333
8,1815,-1,31.5833333333333
8,1816,1,0.524520255863539
8,1817,19,0.524520255863539
8,1818,98,79.0252100840336
8,1819,270,183.7578125
8,1820,221,-34.6111111111111
8,1821,-303,-243.93670886076
8,1822,-146,-153.675496688742
8,1823,22,-112.140845070423
8,1824,40,25.9385964912281
8,1825,0,-17.9375
8,1826,-8,0.524520255863539
8,1827,20,0.524520255863539
8,1828,126,110.357798165138
8,1829,329,243.428571428571
8,1830,-59,-72.7826086956522
8,1831,-150,-153.675496688742
8,1832,-197,-112.140845070423
8,1833,-59,-93.3461538461538
8,1834,-69,19.3333333333333
8,1835,-84,-37.6177105831533
8,1836,-37,-37.6177105831533
8,1837,-11,-10.6909090909091
8,1838,-18,31.5833333333333
8,1839,-4,-37.6177105831533
8,1840,3,0.524520255863539
8,1841,18,0.524520255863539
8,1842,82,79.0252100840336
8,1843,283,183.7578125
8,1844,265,155.980198019802
8,1845,-333,-243.93670886076
8,1846,-139,-153.675496688742
8,1847,37,-112.140845070423
8,1848,50,25.9385964912281
8,1849,-41,-25.2
8,1850,-5,-37.6177105831533
8,1851,6,0.524520255863539
8,1852,147,110.357798165138
8,1853,356,243.428571428571
8,1854,-23,-72.7826086956522
8,1855,-166,-153.675496688742
8,1856,-163,-112.140845070423
8,1857,-141,-93.3461538461538
8,1858,-47,-37.6177105831533
8,1859,-88,-37.6177105831533
8,1860,-61,-37.6177105831533
8,1861,-20,-10.6909090909091
8,1862,-10,-10.6909090909091
8,1863,-7,0.524520255863539
8,1864,-3,0.524520255863539
8,1865,14,0.524520255863539
8,1866,110,79.0252100840336
8,1867,98,183.7578125
8,1868,137,155.980198019802
8,1869,-161,44.8620689655172
8,1870,-62,-87.5
8,1871,12,-37.6177105831533
8,1872,53,25.9385964912281
8,1873,-7,-25.2
8,1874,-28,0.524520255863539
8,1875,35,-10.6909090909091
8,1876,114,25.9385964912281
8,1877,296,260.223880597015
8,1878,50,-72.7826086956522
8,1879,-200,-153.675496688742
8,1880,-127,-112.140845070423
8,1881,-87,-93.3461538461538
8,1882,-67,-37.6177105831533
8,1883,-71,-37.6177105831533
8,1884,-39,-37.6177105831533
8,1885,-38,-10.6909090909091
8,1886,-13,108.809523809524
8,1887,-19,0.524520255863539
8,1888,3,-10.6909090909091
8,1889,13,0.524520255863539
8,1890,101,79.0252100840336
8,1891,195,183.7578125
8,1892,277,183.7578125
8,1893,-258,-243.93670886076
8,1894,-98,-153.675496688742
8,1895,-3,-112.140845070423
8,1896,74,0.524520255863539
8,1897,-1,-25.2
8,1898,-6,0.524520255863539
8,1899,24,0.524520255863539
8,1900,116,110.357798165138
8,1901,262,243.428571428571
8,1902,-48,-72.7826086956522
8,1903,-213,-153.675496688742
8,1904,-152,-112.140845070423
8,1905,-81,-93.3461538461538
8,1906,-50,-37.6177105831533
8,1907,-42,-37.6177105831533
8,1908,-13,-37.6177105831533
8,1909,-36,0.524520255863539
8,1910,-10,108.809523809524
8,1911,-31,0.524520255863539
8,1912,-24,-37.6177105831533
8,1913,3,-37.6177105831533
8,1914,23,0.524520255863539
8,1915,27,79.0252100840336
8,1916,103,79.0252100840336
8,1917,56,155.980198019802
8,1918,77,74
8,1919,67,44.8620689655172
8,1920,23,35.48
8,1921,8,25.9385964912281
8,1922,51,0.524520255863539
8,1923,-32,-25.2
8,1924,-32,-37.6177105831533
8,1925,-54,-37.6177105831533
8,1926,-232,-37.6177105831533
8,1927,49,-37.6177105831533
8,1928,-37,-64.2307692307692
8,1929,-18,-37.6177105831533
8,1930,-1,-37.6177105831533
8,1931,-41,0.524520255863539
8,1932,-6,-10.6909090909091
8,1933,6,0.524520255863539
8,1934,-2,0.524520255863539
8,1935,-24,0.524520255863539
8,1936,-12,-37.6177105831533
8,1937,2,0.524520255863539
8,1938,1,0.524520255863539
8,1939,20,0.524520255863539
8,1940,80,25.9385964912281
8,1941,78,129.64
8,1942,195,101.235294117647
8,1943,31,44.8620689655172
8,1944,173,-116.753846153846
8,1945,11,-123.566666666667
8,1946,58,-116.753846153846
8,1947,-50,-25.2
8,1948,-16,-37.6177105831533
8,1949,-65,-37.6177105831533
8,1950,-35,-37.6177105831533
8,1951,-112,-37.6177105831533
8,1952,-132,-37.6177105831533
8,1953,-39,-37.6177105831533
8,1954,-96,-37.6177105831533
8,1955,-26,-10.6909090909091
8,1956,-34,-37.6177105831533
8,1957,-24,-10.6909090909091
8,1958,-16,-10.6909090909091
8,1959,-4,-37.6177105831533
8,1960,-2,0.524520255863539
8,1961,18,0.524520255863539
8,1962,103,79.0252100840336
8,1963,226,183.7578125
8,1964,247,155.980198019802
8,1965,-328,-243.93670886076
8,1966,-111,-153.675496688742
8,1967,6,-112.140845070423
8,1968,62,0.524520255863539
8,1969,22,-25.2
8,1970,-29,-17.9375
8,1971,13,-10.6909090909091
8,1972,116,110.357798165138
8,1973,336,243.428571428571
8,1974,-19,-72.7826086956522
8,1975,-193,-153.675496688742
8,1976,-162,-112.140845070423
8,1977,-88,-93.3461538461538
8,1978,-87,-37.6177105831533
8,1979,-74,-37.6177105831533
8,1980,-25,-37.6177105831533
8,1981,-14,-10.6909090909091
8,1982,-13,31.5833333333333
8,1983,-5,0.524520255863539
8,1984,5,0.524520255863539
8,1985,9,0.524520255863539
8,1986,9,0.524520255863539
8,1987,143,0.524520255863539
8,1988,388,135.738095238095
8,1989,-208,-72.7826086956522
8,1990,-175,-153.675496688742
8,1991,55,-112.140845070423
8,1992,40,35.48
8,1993,-20,25.9385964912281
8,1994,-45,-37.6177105831533
8,1995,30,-10.6909090909091
8,1996,120,110.357798165138
8,1997,327,189.583333333333
8,1998,62,-72.7826086956522
8,1999,-256,-153.675496688742
8,2000,-152,-112.140845070423
8,2001,-53,-93.3461538461538
8,2002,-71,-37.6177105831533
8,2003,-116,-37.6177105831533
8,2004,-48,-37.6177105831533
8,2005,-32,-10.6909090909091
8,2006,1,108.809523809524
8,2007,-10,0.524520255863539
8,2008,-2,0.524520255863539
8,2009,29,0.524520255863539
8,2010,87,79.0252100840336
8,2011,238,183.7578125
8,2012,308,183.7578125
8,2013,-351,-243.93670886076
8,2014,-140,-153.675496688742
8,2015,9,-112.140845070423
8,2016,61,0.524520255863539
8,2017,-17,-25.2
8,2018,12,-37.6177105831533
8,2019,16,-17.9375
8,2020,111,110.357798165138
8,2021,362,243.428571428571
8,2022,84,-72.7826086956522
8,2023,-309,-153.675496688742
8,2024,-166,-112.140845070423
8,2025,-99,-93.3461538461538
8,2026,-66,-37.6177105831533
8,2027,-75,-37.6177105831533
8,2028,-8,-37.6177105831533
8,2029,-66,0.524520255863539
8,2030,-7,108.809523809524
8,2031,-11,0.524520255863539
8,2032,-4,0.524520255863539
8,2033,19,0.524520255863539
8,2034,115,79.0252100840336
8,2035,248,155.980198019802
8,2036,243,-72.7826086956522
8,2037,-323,-243.93670886076
8,2038,-136,-153.675496688742
8,2039,33,-112.140845070423
8,2040,100,25.9385964912281
8,2041,-36,-25.2
8,2042,-61,-37.6177105831533
8,2043,79,-10.6909090909091
8,2044,87,74
8,2045,334,243.428571428571
8,2046,2,-123.566666666667
8,2047,-184,-153.675496688742
8,2048,-102,-112.140845070423
8,2049,-121,-93.3461538461538
8,2050,-53,-37.6177105831533
8,2051,-125,-37.6177105831533
8,2052,-32,-37.6177105831533
8,2053,-41,-10.6909090909091
8,2054,-37,-10.6909090909091
8,2055,3,-10.6909090909091
8,2056,-10,0.524520255863539
8,2057,20,0.524520255863539
8,2058,111,79.0252100840336
8,2059,221,183.7578125
8,2060,262,-72.7826086956522
8,2061,-324,-243.93670886076
8,2062,-95,-153.675496688742
8,2063,59,-112.140845070423
8,2064,-87,35.48
8,2065,107,-37.6177105831533
8,2066,-36,-64.2307692307692
8,2067,101,-10.6909090909091
8,2068,97,77.5714285714286
8,2069,203,243.428571428571
8,2070,-2,129.64
8,2071,-189,-153.675496688742
8,2072,-139,-37.6177105831533
8,2073,-78,-37.6177105831533
8,2074,-3,-37.6177105831533
8,2075,24,0.524520255863539
8,2076,-103,-17.9375
8,2077,-46,-10.6909090909091
8,2078,-32,-10.6909090909091
8,2079,-43,-10.6909090909091
8,2080,-23,-37.6177105831533
8,2081,13,-37.6177105831533
8,2082,20,25.9385964912281
8,2083,45,25.9385964912281
8,2084,110,79.0252100840336
8,2085,87,135.738095238095
8,2086,148,44.8620689655172
8,2087,143,44.8620689655172
8,2088,-25,-243.93670886076
8,2089,-26,-87.5
8,2090,-96,-37.6177105831533
8,2091,113,-37.6177105831533
8,2092,-1,-25.2
8,2093,-38,-87.5
8,2094,-68,-37.6177105831533
8,2095,-29,-37.6177105831533
8,2096,-96,-10.6909090909091
8,2097,-40,-37.6177105831533
8,2098,-52,-37.6177105831533
8,2099,-68,-37.6177105831533
8,2100,-15,-10.6909090909091
8,2101,-13,-37.6177105831533
8,2102,-28,0.524520255863539
8,2103,-65,-37.6177105831533
8,2104,-12,-37.6177105831533
8,2105,-5,0.524520255863539
8,2106,6,0.524520255863539
8,2107,19,0.524520255863539
8,2108,78,79.0252100840336
8,2109,77,155.980198019802
8,2110,142,135.738095238095
8,2111,81,44.8620689655172
8,2112,144,7.72727272727273
8,2113,7,35.48
8,2114,-47,-87.5
8,2115,53,-37.6177105831533
8,2116,-27,-25.2
8,2117,-33,-37.6177105831533
8,2118,-48,-37.6177105831533
8,2119,-80,-37.6177105831533
8,2120,-107,-37.6177105831533
8,2121,-73,-37.6177105831533
8,2122,-46,-37.6177105831533
8,2123,-55,-37.6177105831533
8,2124,-68,-37.6177105831533
8,2125,-25,-10.6909090909091
8,2126,-3,-10.6909090909091
8,2127,-1,0.524520255863539
8,2128,-3,0.524520255863539
8,2129,21,0.524520255863539
8,2130,119,79.0252100840336
8,2131,243,183.7578125
8,2132,254,-72.7826086956522
8,2133,-289,-243.93670886076
8,2134,-160,-153.675496688742
8,2135,23,-112.140845070423
8,2136,50,25.9385964912281
8,2137,9,-25.2
8,2138,-33,0.524520255863539
8,2139,23,-10.6909090909091
8,2140,126,110.357798165138
8,2141,381,243.428571428571
8,2142,-89,-72.7826086956522
8,2143,-134,-153.675496688742
8,2144,-223,-112.140845070423
8,2145,-76,-93.3461538461538
8,2146,-74,19.3333333333333
8,2147,-60,-37.6177105831533
8,2148,-75,-10.6909090909091
8,2149,-29,-10.6909090909091
8,2150,7,-10.6909090909091
8,2151,-10,0.524520255863539
8,2152,-1,0.524520255863539
8,2153,15,0.524520255863539
8,2154,145,79.0252100840336
8,2155,298,77.5714285714286
8,2156,178,-72.7826086956522
8,2157,-346,-243.93670886076
8,2158,-138,-116.753846153846
8,2159,60,-93.3461538461538
8,2160,46,35.48
8,2161,-44,-25.2
8,2162,-148,-37.6177105831533
8,2163,63,-10.6909090909091
8,2164,255,74
8,2165,328,243.428571428571
8,2166,-7,-206.0375
8,2167,-252,-153.675496688742
8,2168,-156,-112.140845070423
8,2169,-79,-93.3461538461538
8,2170,-76,-37.6177105831533
8,2171,-84,-37.6177105831533
8,2172,-28,-37.6177105831533
8,2173,-21,-10.6909090909091
8,2174,-13,108.809523809524
8,2175,1,0.524520255863539
8,2176,3,0.524520255863539
8,2177,23,0.524520255863539
8,2178,98,79.0252100840336
8,2179,292,155.980198019802
8,2180,204,155.980198019802
8,2181,-297,-243.93670886076
8,2182,-172,-153.675496688742
8,2183,48,-93.3461538461538
8,2184,79,35.48
8,2185,-14,-25.2
8,2186,-23,0.524520255863539
8,2187,16,-10.6909090909091
8,2188,98,110.357798165138
8,2189,348,243.428571428571
8,2190,-333,-34.6111111111111
8,2191,-274,-153.675496688742
8,2192,-47,-112.140845070423
8,2193,-17,-93.3461538461538
8,2194,33,-37.6177105831533
8,2195,-12,-17.9375
8,2196,-22,0.524520255863539
8,2197,-22,108.809523809524
8,2198,-8,108.809523809524
8,2199,0,0.524520255863539
8,2200,-1,0.524520255863539
8,2201,22,0.524520255863539
8,2202,115,25.9385964912281
8,2203,262,155.980198019802
8,2204,229,-72.7826086956522
8,2205,-269,-243.93670886076
8,2206,-207,-153.675496688742
8,2207,102,-112.140845070423
8,2208,16,35.48
8,2209,46,-17.9375
8,2210,-71,-64.2307692307692
8,2211,24,-10.6909090909091
8,2212,150,110.357798165138
8,2213,311,243.428571428571
8,2214,38,-72.7826086956522
8,2215,-217,-153.675496688742
8,2216,-179,-112.140845070423
8,2217,-144,-93.3461538461538
8,2218,2,-37.6177105831533
8,2219,-97,0.524520255863539
8,2220,-71,-37.6177105831533
8,2221,-18,-10.6909090909091
8,2222,-15,108.809523809524
8,2223,-18,-10.6909090909091
8,2224,-4,-37.6177105831533
8,2225,17,0.524520255863539
8,2226,109,25.9385964912281
8,2227,216,183.7578125
8,2228,269,155.980198019802
8,2229,-298,-243.93670886076
8,2230,-112,-153.675496688742
8,2231,81,-112.140845070423
8,2232,57,35.48
8,2233,15,-25.2
8,2234,-29,-17.9375
8,2235,105,-10.6909090909091
8,2236,86,74
8,2237,254,243.428571428571
8,2238,-183,-123.566666666667
8,2239,-93,-153.675496688742
8,2240,-162,-112.140845070423
8,2241,-71,-93.3461538461538
8,2242,-36,-37.6177105831533
8,2243,-54,-37.6177105831533
8,2244,-44,-10.6909090909091
8,2245,-43,-10.6909090909091
8,2246,-37,-10.6909090909091
8,2247,-22,-10.6909090909091
8,2248,-25,-37.6177105831533
8,2249,4,-37.6177105831533
8,2250,20,0.524520255863539
8,2251,34,79.0252100840336
8,2252,111,79.0252100840336
8,2253,157,135.738095238095
8,2254,76,-72.7826086956522
8,2255,111,-116.753846153846
8,2256,37,35.48
8,2257,100,7.72727272727273
8,2258,-44,-25.2
8,2259,-25,-37.6177105831533
8,2260,1,-37.6177105831533
8,2261,-15,0.524520255863539
8,2262,-30,-37.6177105831533
8,2263,-107,-37.6177105831533
8,2264,-152,-37.6177105831533
8,2265,-57,-37.6177105831533
8,2266,44,-37.6177105831533
8,2267,-98,79.0252100840336
8,2268,-78,-37.6177105831533
8,2269,-4,-10.6909090909091
8,2270,-12,0.524520255863539
8,2271,-54,0.524520255863539
8,2272,-19,-37.6177105831533
8,2273,3,-10.6909090909091
8,2274,9,0.524520255863539
8,2275,39,0.524520255863539
8,2276,96,79.0252100840336
8,2277,66,101.235294117647
8,2278,128,44.8620689655172
8,2279,78,44.8620689655172
8,2280,103,7.72727272727273
8,2281,71,35.48
8,2282,-50,-25.2
8,2283,-53,-37.6177105831533
8,2284,65,-37.6177105831533
8,2285,-86,-25.2
8,2286,-89,-37.6177105831533
8,2287,-50,-37.6177105831533
8,2288,-109,-37.6177105831533
8,2289,-61,-37.6177105831533
8,2290,-38,-37.6177105831533
8,2291,-57,-10.6909090909091
8,2292,-39,-10.6909090909091
8,2293,-24,-37.6177105831533
8,2294,-9,-10.6909090909091
8,2295,0,0.524520255863539
8,2296,4,0.524520255863539
8,2297,20,0.524520255863539
8,2298,39,79.0252100840336
8,2299,10,79.0252100840336
8,2300,81,0.524520255863539
8,2301,-46,44.8620689655172
8,2302,-51,-37.6177105831533
8,2303,20,-37.6177105831533
8,2304,106,25.9385964912281
8,2305,-9,-25.2
8,2306,-5,0.524520255863539
8,2307,25,0.524520255863539
8,2308,-85,25.9385964912281
8,2309,118,-37.6177105831533
8,2310,71,-64.2307692307692
8,2311,4,7.72727272727273
8,2312,-115,0.524520255863539
8,2313,-37,-37.6177105831533
8,2314,-23,-10.6909090909091
8,2315,-54,-37.6177105831533
8,2316,-43,-37.6177105831533
8,2317,-13,-37.6177105831533
8,2318,-15,31.5833333333333
8,2319,2,-37.6177105831533
8,2320,-1,0.524520255863539
8,2321,3,0.524520255863539
8,2322,16,0.524520255863539
8,2323,68,79.0252100840336
8,2324,317,155.980198019802
8,2325,-54,155.980198019802
8,2326,-184,-153.675496688742
8,2327,53,-112.140845070423
8,2328,40,35.48
8,2329,-25,25.9385964912281
8,2330,-55,-37.6177105831533
8,2331,72,-37.6177105831533
8,2332,118,74
8,2333,304,77.5714285714286
8,2334,55,-206.0375
8,2335,-221,-153.675496688742
8,2336,-249,-112.140845070423
8,2337,-154,-93.3461538461538
8,2338,-26,19.3333333333333
8,2339,-12,-37.6177105831533
8,2340,-32,0.524520255863539
8,2341,-18,-10.6909090909091
8,2342,-2,108.809523809524
8,2343,-13,0.524520255863539
8,2344,-2,0.524520255863539
8,2345,34,0.524520255863539
8,2346,120,79.0252100840336
8,2347,282,183.7578125
8,2348,210,-72.7826086956522
8,2349,-303,-243.93670886076
8,2350,-155,-153.675496688742
8,2351,75,-93.3461538461538
8,2352,63,35.48
8,2353,20,-25.2
8,2354,-87,-17.9375
8,2355,11,-10.6909090909091
8,2356,172,110.357798165138
8,2357,427,243.428571428571
8,2358,-27,-72.7826086956522
8,2359,-256,-153.675496688742
8,2360,-131,-112.140845070423
8,2361,-66,-93.3461538461538
8,2362,-107,-37.6177105831533
8,2363,-153,-37.6177105831533
8,2364,-54,-37.6177105831533
8,2365,-51,-10.6909090909091
8,2366,-12,108.809523809524
8,2367,-13,0.524520255863539
8,2368,13,0.524520255863539
8,2369,19,79.0252100840336
8,2370,124,79.0252100840336
8,2371,315,260.223880597015
8,2372,160,-72.7826086956522
8,2373,-288,-243.93670886076
8,2374,-141,-116.753846153846
8,2375,74,-93.3461538461538
8,2376,69,-25.2
8,2377,-21,-25.2
8,2378,-57,-37.6177105831533
8,2379,46,-10.6909090909091
8,2380,114,74
8,2381,422,243.428571428571
8,2382,16,-206.0375
8,2383,-331,-153.675496688742
8,2384,-91,-112.140845070423
8,2385,-147,-93.3461538461538
8,2386,-48,-37.6177105831533
8,2387,-85,-37.6177105831533
8,2388,-96,-37.6177105831533
8,2389,-21,-10.6909090909091
8,2390,-28,108.809523809524
8,2391,-7,-10.6909090909091
8,2392,-3,0.524520255863539
8,2393,23,0.524520255863539
8,2394,148,79.0252100840336
8,2395,333,183.7578125
8,2396,230,-72.7826086956522
8,2397,-384,-243.93670886076
8,2398,-106,-153.675496688742
8,2399,79,-112.140845070423
8,2400,26,35.48
8,2401,35,-17.9375
8,2402,-45,-17.9375
8,2403,41,-10.6909090909091
8,2404,177,110.357798165138
8,2405,244,243.428571428571
8,2406,-143,-206.0375
8,2407,-186,-153.675496688742
8,2408,-146,-112.140845070423
8,2409,-79,-37.6177105831533
8,2410,-7,-37.6177105831533
8,2411,-77,0.524520255863539
8,2412,-26,-10.6909090909091
8,2413,-44,-10.6909090909091
8,2414,-35,-10.6909090909091
8,2415,-36,-10.6909090909091
8,2416,-19,-37.6177105831533
8,2417,-2,-10.6909090909091
8,2418,38,0.524520255863539
8,2419,45,79.0252100840336
8,2420,100,79.0252100840336
8,2421,97,183.7578125
8,2422,160,44.8620689655172
8,2423,134,44.8620689655172
8,2424,56,-243.93670886076
8,2425,62,7.72727272727273
8,2426,26,-25.2
8,2427,-58,-17.9375
8,2428,-30,-37.6177105831533
8,2429,-16,-37.6177105831533
8,2430,19,-37.6177105831533
8,2431,-213,110.357798165138
8,2432,-117,-37.6177105831533
8,2433,-56,19.3333333333333
8,2434,79,-37.6177105831533
8,2435,-99,77.5714285714286
8,2436,-69,-37.6177105831533
8,2437,-40,-10.6909090909091
8,2438,-32,108.809523809524
8,2439,-32,-37.6177105831533
8,2440,-50,-37.6177105831533
8,2441,-8,-10.6909090909091
8,2442,17,0.524520255863539
8,2443,65,79.0252100840336
8,2444,81,183.7578125
8,2445,142,183.7578125
8,2446,119,44.8620689655172
8,2447,149,-243.93670886076
8,2448,56,-243.93670886076
8,2449,-30,7.72727272727273
8,2450,-64,-37.6177105831533
8,2451,-41,-37.6177105831533
8,2452,75,-37.6177105831533
8,2453,-28,-25.2
8,2454,-75,-37.6177105831533
8,2455,-72,-37.6177105831533
8,2456,-128,-37.6177105831533
8,2457,-41,-37.6177105831533
8,2458,-88,-37.6177105831533
8,2459,-59,-37.6177105831533
8,2460,-46,-10.6909090909091
8,2461,-25,-10.6909090909091
8,2462,-4,-10.6909090909091
8,2463,-9,0.524520255863539
8,2464,5,0.524520255863539
8,2465,8,0.524520255863539
8,2466,64,0.524520255863539
8,2467,74,183.7578125
8,2468,117,135.738095238095
8,2469,-84,129.64
8,2470,-87,-87.5
8,2471,7,-37.6177105831533
8,2472,64,0.524520255863539
8,2473,14,-25.2
8,2474,-4,-17.9375
8,2475,45,0.524520255863539
8,2476,90,25.9385964912281
8,2477,193,135.738095238095
8,2478,22,-123.566666666667
8,2479,-82,-116.753846153846
8,2480,-112,-37.6177105831533
8,2481,-95,-37.6177105831533
8,2482,-99,-37.6177105831533
8,2483,-45,-37.6177105831533
8,2484,-61,-37.6177105831533
8,2485,-9,-10.6909090909091
8,2486,-16,31.5833333333333
8,2487,-6,-10.6909090909091
8,2488,2,0.524520255863539
8,2489,10,0.524520255863539
8,2490,120,0.524520255863539
8,2491,187,183.7578125
8,2492,266,-72.7826086956522
8,2493,-257,-243.93670886076
8,2494,-133,-153.675496688742
8,2495,-11,-112.140845070423
8,2496,65,0.524520255863539
8,2497,-11,-25.2
8,2498,-21,0.524520255863539
8,2499,23,-10.6909090909091
8,2500,141,110.357798165138
8,2501,399,243.428571428571
8,2502,0,-72.7826086956522
8,2503,-421,-153.675496688742
8,2504,9,-112.140845070423
8,2505,-112,0.524520255863539
8,2506,-87,-37.6177105831533
8,2507,-69,-37.6177105831533
8,2508,-58,-37.6177105831533
8,2509,-15,-10.6909090909091
8,2510,-20,108.809523809524
8,2511,-7,-10.6909090909091
8,2512,-2,0.524520255863539
8,2513,32,0.524520255863539
8,2514,125,79.0252100840336
8,2515,308,183.7578125
8,2516,251,-72.7826086956522
8,2517,-422,-243.93670886076
8,2518,-106,-153.675496688742
8,2519,6,-112.140845070423
8,2520,51,0.524520255863539
8,2521,22,-25.2
8,2522,-22,-17.9375
8,2523,9,-10.6909090909091
8,2524,21,110.357798165138
8,2525,7,110.357798165138
8,2526,42,0.524520255863539
8,2527,49,-17.9375
8,2528,-81,129.64
8,2529,-50,-37.6177105831533
8,2530,-86,-37.6177105831533
8,2531,-53,-37.6177105831533
8,2532,-50,-37.6177105831533
8,2533,-26,-37.6177105831533
8,2534,-14,-10.6909090909091
8,2535,-12,0.524520255863539
8,2536,1,0.524520255863539
8,2537,25,0.524520255863539
8,2538,126,79.0252100840336
8,2539,259,183.7578125
8,2540,277,-72.7826086956522
8,2541,-391,-243.93670886076
8,2542,-116,-153.675496688742
8,2543,36,-112.140845070423
8,2544,68,25.9385964912281
8,2545,13,-25.2
8,2546,-50,-17.9375
8,2547,39,-10.6909090909091
8,2548,99,110.357798165138
8,2549,408,243.428571428571
8,2550,-46,-123.566666666667
8,2551,-260,-153.675496688742
8,2552,-94,-112.140845070423
8,2553,-113,-93.3461538461538
8,2554,-42,-37.6177105831533
8,2555,-76,-37.6177105831533
8,2556,-94,-37.6177105831533
8,2557,-31,-10.6909090909091
8,2558,-19,108.809523809524
8,2559,-9,-10.6909090909091
8,2560,-5,0.524520255863539
8,2561,21,0.524520255863539
8,2562,83,79.0252100840336
8,2563,246,183.7578125
8,2564,224,183.7578125
8,2565,-243,-243.93670886076
8,2566,-108,-153.675496688742
8,2567,51,-112.140845070423
8,2568,38,35.48
8,2569,12,-17.9375
8,2570,34,-17.9375
8,2571,99,-17.9375
8,2572,118,74
8,2573,69,243.428571428571
8,2574,-131,7.72727272727273
8,2575,-118,-37.6177105831533
8,2576,-54,-37.6177105831533
8,2577,-95,-37.6177105831533
8,2578,-43,-37.6177105831533
8,2579,-46,-37.6177105831533
8,2580,-50,-10.6909090909091
8,2581,-34,-10.6909090909091
8,2582,-18,-37.6177105831533
8,2583,-33,-10.6909090909091
8,2584,-29,-37.6177105831533
8,2585,8,-37.6177105831533
8,2586,21,0.524520255863539
8,2587,23,79.0252100840336
8,2588,87,79.0252100840336
8,2589,148,135.738095238095
8,2590,148,74
8,2591,83,-243.93670886076
8,2592,9,7.72727272727273
8,2593,10,0.524520255863539
8,2594,25,0.524520255863539
8,2595,-51,-17.9375
8,2596,-9,-37.6177105831533
8,2597,-42,0.524520255863539
8,2598,-47,-37.6177105831533
8,2599,-42,-37.6177105831533
8,2600,-118,-37.6177105831533
8,2601,-4,-37.6177105831533
8,2602,-47,0.524520255863539
8,2603,-54,-37.6177105831533
8,2604,-13,-37.6177105831533
8,2605,-59,0.524520255863539
8,2606,-17,-10.6909090909091
8,2607,-25,-37.6177105831533
8,2608,-25,-37.6177105831533
8,2609,-4,-37.6177105831533
8,2610,15,0.524520255863539
8,2611,30,79.0252100840336
8,2612,99,79.0252100840336
8,2613,119,155.980198019802
8,2614,154,74
8,2615,95,-243.93670886076
8,2616,51,-243.93670886076
8,2617,-72,35.48
8,2618,49,-37.6177105831533
8,2619,-12,-25.2
8,2620,-34,0.524520255863539
8,2621,21,-37.6177105831533
8,2622,-4,31.5833333333333
8,2623,-76,110.357798165138
8,2624,-50,-37.6177105831533
8,2625,-249,-37.6177105831533
8,2626,-84,-37.6177105831533
8,2627,37,19.3333333333333
8,2628,-31,79.0252100840336
8,2629,-6,-10.6909090909091
8,2630,-11,0.524520255863539
8,2631,-30,0.524520255863539
8,2632,-12,108.809523809524
8,2633,3,0.524520255863539
8,2634,11,0.524520255863539
8,2635,47,25.9385964912281
8,2636,88,129.64
8,2637,108,101.235294117647
8,2638,101,44.8620689655172
8,2639,112,44.8620689655172
8,2640,49,35.48
8,2641,31,7.72727272727273
8,2642,-91,-17.9375
8,2643,-5,-37.6177105831533
8,2644,41,0.524520255863539
8,2645,-96,-17.9375
8,2646,-22,-37.6177105831533
8,2647,12,-37.6177105831533
8,2648,-78,25.9385964912281
8,2649,-70,-37.6177105831533
8,2650,-90,-37.6177105831533
8,2651,-75,-10.6909090909091
8,2652,-37,-37.6177105831533
8,2653,-31,-37.6177105831533
8,2654,-6,-10.6909090909091
8,2655,-5,0.524520255863539
8,2656,2,0.524520255863539
8,2657,28,0.524520255863539
8,2658,121,79.0252100840336
8,2659,296,183.7578125
8,2660,184,-72.7826086956522
8,2661,-377,-243.93670886076
8,2662,-74,-116.753846153846
8,2663,14,-93.3461538461538
8,2664,40,25.9385964912281
8,2665,2,-17.9375
8,2666,-1,0.524520255863539
8,2667,18,31.5833333333333
8,2668,137,110.357798165138
8,2669,388,243.428571428571
8,2670,-71,-72.7826086956522
8,2671,-184,-153.675496688742
8,2672,-322,-112.140845070423
8,2673,-133,-93.3461538461538
8,2674,-16,19.3333333333333
8,2675,-5,-37.6177105831533
8,2676,-14,0.524520255863539
8,2677,-32,31.5833333333333
8,2678,1,-10.6909090909091
8,2679,0,0.524520255863539
8,2680,1,0.524520255863539
8,2681,35,0.524520255863539
8,2682,103,79.0252100840336
8,2683,339,101.235294117647
8,2684,188,183.7578125
8,2685,-366,-243.93670886076
8,2686,-128,-116.753846153846
8,2687,31,-93.3461538461538
8,2688,45,25.9385964912281
8,2689,36,-17.9375
8,2690,-37,-17.9375
8,2691,23,-10.6909090909091
8,2692,123,110.357798165138
8,2693,441,243.428571428571
8,2694,-43,-72.7826086956522
8,2695,-240,-153.675496688742
8,2696,-125,-112.140845070423
8,2697,-127,-93.3461538461538
8,2698,-87,-37.6177105831533
8,2699,-57,-37.6177105831533
8,2700,-99,-37.6177105831533
8,2701,-35,-10.6909090909091
8,2702,-12,108.809523809524
8,2703,-6,0.524520255863539
8,2704,0,0.524520255863539
8,2705,25,0.524520255863539
8,2706,145,79.0252100840336
8,2707,329,183.7578125
8,2708,186,-72.7826086956522
8,2709,-382,-243.93670886076
8,2710,-91,-116.753846153846
8,2711,-2,-93.3461538461538
8,2712,74,0.524520255863539
8,2713,1,-25.2
8,2714,-39,0.524520255863539
8,2715,36,-10.6909090909091
8,2716,197,110.357798165138
8,2717,340,243.428571428571
8,2718,-42,-72.7826086956522
8,2719,-194,-153.675496688742
8,2720,-112,-112.140845070423
8,2721,-120,-93.3461538461538
8,2722,-95,-37.6177105831533
8,2723,-124,-37.6177105831533
8,2724,-54,-37.6177105831533
8,2725,-52,-10.6909090909091
8,2726,-18,-10.6909090909091
8,2727,-12,-10.6909090909091
8,2728,2,0.524520255863539
8,2729,39,0.524520255863539
8,2730,96,79.0252100840336
8,2731,261,183.7578125
8,2732,292,183.7578125
8,2733,-396,-243.93670886076
8,2734,-94,-153.675496688742
8,2735,31,-112.140845070423
8,2736,75,-17.9375
8,2737,6,-25.2
8,2738,-62,0.524520255863539
8,2739,4,-10.6909090909091
8,2740,-36,110.357798165138
8,2741,5,-37.6177105831533
8,2742,-117,0.524520255863539
8,2743,-65,-37.6177105831533
8,2744,-6,-37.6177105831533
8,2745,46,0.524520255863539
8,2746,-62,129.64
8,2747,50,-37.6177105831533
8,2748,13,129.64
8,2749,-10,25.9385964912281
8,2750,-35,0.524520255863539
8,2751,-15,-37.6177105831533
8,2752,-13,-37.6177105831533
8,2753,-1,0.524520255863539
8,2754,24,0.524520255863539
8,2755,50,25.9385964912281
8,2756,124,101.235294117647
8,2757,122,183.7578125
8,2758,161,-206.0375
8,2759,43,-243.93670886076
8,2760,132,-116.753846153846
8,2761,11,35.48
8,2762,-32,7.72727272727273
8,2763,55,-37.6177105831533
8,2764,-58,-25.2
8,2765,-58,-37.6177105831533
8,2766,-74,-37.6177105831533
8,2767,42,-37.6177105831533
8,2768,-155,25.9385964912281
8,2769,-83,-37.6177105831533
8,2770,-88,-37.6177105831533
8,2771,10,-37.6177105831533
8,2772,-69,0.524520255863539
8,2773,-48,-37.6177105831533
8,2774,-32,-10.6909090909091
8,2775,-39,-10.6909090909091
8,2776,-37,-10.6909090909091
8,2777,-1,-37.6177105831533
8,2778,10,0.524520255863539
8,2779,13,0.524520255863539
8,2780,105,79.0252100840336
8,2781,160,183.7578125
8,2782,104,135.738095238095
8,2783,107,-243.93670886076
8,2784,173,35.48
8,2785,2,-123.566666666667
8,2786,-8,-116.753846153846
8,2787,-34,0.524520255863539
8,2788,18,-37.6177105831533
8,2789,-84,-17.9375
8,2790,-82,-37.6177105831533
8,2791,-43,-37.6177105831533
8,2792,-139,-37.6177105831533
8,2793,-68,-37.6177105831533
8,2794,-20,-37.6177105831533
8,2795,-118,-10.6909090909091
8,2796,-59,-10.6909090909091
8,2797,-35,-37.6177105831533
8,2798,-3,-10.6909090909091
8,2799,-6,0.524520255863539
8,2800,3,0.524520255863539
8,2801,27,0.524520255863539
8,2802,104,79.0252100840336
8,2803,378,183.7578125
8,2804,148,183.7578125
8,2805,-383,-243.93670886076
8,2806,-95,-87.5
8,2807,52,-93.3461538461538
8,2808,43,35.48
8,2809,-8,-17.9375
8,2810,-4,0.524520255863539
8,2811,22,0.524520255863539
8,2812,156,110.357798165138
8,2813,386,243.428571428571
8,2814,-12,-72.7826086956522
8,2815,-177,-153.675496688742
8,2816,-184,-112.140845070423
8,2817,-196,-93.3461538461538
8,2818,-97,-37.6177105831533
8,2819,-82,19.3333333333333
8,2820,-52,-37.6177105831533
8,2821,-14,-10.6909090909091
8,2822,-12,31.5833333333333
8,2823,-3,0.524520255863539
8,2824,0,0.524520255863539
8,2825,31,0.524520255863539
8,2826,148,79.0252100840336
8,2827,385,183.7578125
8,2828,141,-72.7826086956522
8,2829,-375,-243.93670886076
8,2830,-159,-87.5
8,2831,51,-93.3461538461538
8,2832,20,35.48
8,2833,20,-17.9375
8,2834,9,-17.9375
8,2835,-4,31.5833333333333
8,2836,201,110.357798165138
8,2837,377,243.428571428571
8,2838,-60,-72.7826086956522
8,2839,-277,-153.675496688742
8,2840,-98,-112.140845070423
8,2841,-132,-93.3461538461538
8,2842,-90,-37.6177105831533
8,2843,-80,-37.6177105831533
8,2844,-64,-37.6177105831533
8,2845,-22,-10.6909090909091
8,2846,-16,108.809523809524
8,2847,-3,-10.6909090909091
8,2848,2,0.524520255863539
8,2849,28,0.524520255863539
8,2850,134,79.0252100840336
8,2851,375,183.7578125
8,2852,121,-72.7826086956522
8,2853,-365,-243.93670886076
8,2854,-100,-87.5
8,2855,23,-93.3461538461538
8,2856,89,25.9385964912281
8,2857,-12,-25.2
8,2858,-1,0.524520255863539
8,2859,-2,31.5833333333333
8,2860,152,110.357798165138
8,2861,272,260.223880597015
8,2862,58,-72.7826086956522
8,2863,-244,-153.675496688742
8,2864,-130,-112.140845070423
8,2865,-110,-93.3461538461538
8,2866,-50,-37.6177105831533
8,2867,-125,-37.6177105831533
8,2868,-64,-37.6177105831533
8,2869,-37,-10.6909090909091
8,2870,-10,108.809523809524
8,2871,-7,0.524520255863539
8,2872,1,0.524520255863539
8,2873,28,0.524520255863539
8,2874,136,79.0252100840336
8,2875,356,183.7578125
8,2876,155,-72.7826086956522
8,2877,-344,-243.93670886076
8,2878,-127,-116.753846153846
8,2879,27,-93.3461538461538
8,2880,99,25.9385964912281
8,2881,-21,-25.2
8,2882,-50,-37.6177105831533
8,2883,68,-10.6909090909091
8,2884,133,74
8,2885,403,243.428571428571
8,2886,-56,-206.0375
8,2887,-211,-153.675496688742
8,2888,-124,-112.140845070423
8,2889,-165,-93.3461538461538
8,2890,-85,-37.6177105831533
8,2891,-51,-37.6177105831533
8,2892,-100,-37.6177105831533
8,2893,-48,-10.6909090909091
8,2894,-10,108.809523809524
8,2895,-11,0.524520255863539
8,2896,2,0.524520255863539
8,2897,19,0.524520255863539
8,2898,110,79.0252100840336
8,2899,289,183.7578125
8,2900,272,183.7578125
8,2901,-318,-243.93670886076
8,2902,-133,-153.675496688742
8,2903,15,-112.140845070423
8,2904,105,25.9385964912281
8,2905,47,-25.2
8,2906,-43,-64.2307692307692
8,2907,24,-10.6909090909091
8,2908,126,110.357798165138
8,2909,270,243.428571428571
8,2910,-70,-72.7826086956522
8,2911,-168,-153.675496688742
8,2912,-147,-112.140845070423
8,2913,-69,-93.3461538461538
8,2914,-48,-37.6177105831533
8,2915,-76,-37.6177105831533
8,2916,-9,-10.6909090909091
8,2917,-83,31.5833333333333
8,2918,-34,-10.6909090909091
8,2919,-49,-10.6909090909091
8,2920,-32,-37.6177105831533
8,2921,11,-10.6909090909091
8,2922,61,79.0252100840336
8,2923,7,155.980198019802
8,2924,157,0.524520255863539
8,2925,96,44.8620689655172
8,2926,126,-72.7826086956522
8,2927,103,44.8620689655172
8,2928,-38,-243.93670886076
8,2929,54,-37.6177105831533
8,2930,8,-25.2
8,2931,-38,0.524520255863539
8,2932,-21,-37.6177105831533
8,2933,-39,-37.6177105831533
8,2934,-44,-37.6177105831533
8,2935,-91,-37.6177105831533
8,2936,3,-37.6177105831533
8,2937,-47,0.524520255863539
8,2938,-102,-37.6177105831533
8,2939,16,-37.6177105831533
8,2940,-72,79.0252100840336
8,2941,-42,-10.6909090909091
8,2942,-43,-37.6177105831533
8,2943,-44,-37.6177105831533
8,2944,-19,-10.6909090909091
8,2945,3,-37.6177105831533
8,2946,17,0.524520255863539
8,2947,32,25.9385964912281
8,2948,119,79.0252100840336
8,2949,85,183.7578125
8,2950,147,7.72727272727273
8,2951,86,44.8620689655172
8,2952,3,7.72727272727273
8,2953,-10,0.524520255863539
8,2954,8,0.524520255863539
8,2955,-25,0.524520255863539
8,2956,33,-37.6177105831533
8,2957,13,110.357798165138
8,2958,-31,-17.9375
8,2959,-115,-37.6177105831533
8,2960,-12,-37.6177105831533
8,2961,-110,0.524520255863539
8,2962,-94,-37.6177105831533
8,2963,-49,-37.6177105831533
8,2964,-69,-37.6177105831533
8,2965,-17,-10.6909090909091
8,2966,-7,-37.6177105831533
8,2967,-11,0.524520255863539
8,2968,1,0.524520255863539
8,2969,30,0.524520255863539
8,2970,107,79.0252100840336
8,2971,359,183.7578125
8,2972,148,155.980198019802
8,2973,-335,-243.93670886076
8,2974,-169,-87.5
8,2975,55,-93.3461538461538
8,2976,59,35.48
8,2977,-13,-25.2
8,2978,11,0.524520255863539
8,2979,0,-17.9375
8,2980,168,110.357798165138
8,2981,373,243.428571428571
8,2982,31,-72.7826086956522
8,2983,-235,-153.675496688742
8,2984,-202,-112.140845070423
8,2985,-144,-93.3461538461538
8,2986,-86,19.3333333333333
8,2987,-84,-37.6177105831533
8,2988,-52,-37.6177105831533
8,2989,-12,-10.6909090909091
8,2990,-10,31.5833333333333
8,2991,6,0.524520255863539
8,2992,-8,0.524520255863539
8,2993,25,0.524520255863539
8,2994,107,79.0252100840336
8,2995,167,135.738095238095
8,2996,310,155.980198019802
8,2997,-328,-243.93670886076
8,2998,-160,-153.675496688742
8,2999,-60,-112.140845070423
8,3000,30,-93.3461538461538
8,3001,-36,-17.9375
8,3002,1,-37.6177105831533
8,3003,56,0.524520255863539
8,3004,123,74
8,3005,442,243.428571428571
8,3006,-28,-206.0375
8,3007,-162,-153.675496688742
8,3008,-105,-112.140845070423
8,3009,-112,-93.3461538461538
8,3010,-67,-37.6177105831533
8,3011,-118,-37.6177105831533
8,3012,-55,-37.6177105831533
8,3013,-6,-10.6909090909091
8,3014,-24,31.5833333333333
8,3015,4,-10.6909090909091
8,3016,2,0.524520255863539
8,3017,30,0.524520255863539
8,3018,154,79.0252100840336
8,3019,311,135.738095238095
8,3020,208,-72.7826086956522
8,3021,-361,-243.93670886076
8,3022,-154,-153.675496688742
8,3023,48,-93.3461538461538
8,3024,88,35.48
8,3025,-79,-25.2
8,3026,65,-37.6177105831533
8,3027,-39,129.64
8,3028,111,108.809523809524
8,3029,465,243.428571428571
8,3030,-113,-72.7826086956522
8,3031,-73,-153.675496688742
8,3032,-223,-112.140845070423
8,3033,-52,-93.3461538461538
8,3034,-158,19.3333333333333
8,3035,-85,-37.6177105831533
8,3036,-105,-10.6909090909091
8,3037,-27,-10.6909090909091
8,3038,-12,-10.6909090909091
8,3039,-4,0.524520255863539
8,3040,1,0.524520255863539
8,3041,34,0.524520255863539
8,3042,141,79.0252100840336
8,3043,325,183.7578125
8,3044,213,-72.7826086956522
8,3045,-362,-243.93670886076
8,3046,-178,-153.675496688742
8,3047,49,-112.140845070423
8,3048,37,35.48
8,3049,19,-17.9375
8,3050,14,-17.9375
8,3051,26,31.5833333333333
8,3052,114,110.357798165138
8,3053,429,243.428571428571
8,3054,-44,-72.7826086956522
8,3055,-244,-153.675496688742
8,3056,-144,-112.140845070423
8,3057,-98,-93.3461538461538
8,3058,-95,-37.6177105831533
8,3059,-70,-37.6177105831533
8,3060,-78,-37.6177105831533
8,3061,-43,-10.6909090909091
8,3062,-36,108.809523809524
8,3063,-10,-10.6909090909091
8,3064,9,0.524520255863539
8,3065,19,0.524520255863539
8,3066,118,79.0252100840336
8,3067,279,183.7578125
8,3068,223,-72.7826086956522
8,3069,-287,-243.93670886076
8,3070,-150,-153.675496688742
8,3071,70,-112.140845070423
8,3072,117,-25.2
8,3073,-10,-25.2
8,3074,-17,-87.5
8,3075,1,-10.6909090909091
8,3076,181,110.357798165138
8,3077,265,243.428571428571
8,3078,-130,-72.7826086956522
8,3079,-226,-153.675496688742
8,3080,-82,-112.140845070423
8,3081,-52,-93.3461538461538
8,3082,-12,-37.6177105831533
8,3083,-99,0.524520255863539
8,3084,-85,-10.6909090909091
8,3085,-42,-10.6909090909091
8,3086,-28,108.809523809524
8,3087,-40,-37.6177105831533
8,3088,-19,-37.6177105831533
8,3089,15,-10.6909090909091
8,3090,24,79.0252100840336
8,3091,31,79.0252100840336
8,3092,126,79.0252100840336
8,3093,163,135.738095238095
8,3094,68,-72.7826086956522
8,3095,131,-116.753846153846
8,3096,37,35.48
8,3097,14,7.72727272727273
8,3098,-44,25.9385964912281
8,3099,10,-37.6177105831533
8,3100,-41,0.524520255863539
8,3101,51,-37.6177105831533
8,3102,-22,-25.2
8,3103,-110,-37.6177105831533
8,3104,-109,-37.6177105831533
8,3105,-62,-37.6177105831533
8,3106,-10,-37.6177105831533
8,3107,-97,0.524520255863539
8,3108,-35,-37.6177105831533
8,3109,-60,-10.6909090909091
8,3110,-14,-10.6909090909091
8,3111,-46,0.524520255863539
8,3112,-10,-37.6177105831533
8,3113,-1,0.524520255863539
8,3114,6,0.524520255863539
8,3115,25,0.524520255863539
8,3116,71,79.0252100840336
8,3117,155,155.980198019802
8,3118,162,74
8,3119,110,-206.0375
8,3120,69,-243.93670886076
8,3121,-1,35.48
8,3122,-32,0.524520255863539
8,3123,-119,-37.6177105831533
8,3124,117,-37.6177105831533
8,3125,13,-25.2
8,3126,-80,7.72727272727273
8,3127,-123,-37.6177105831533
8,3128,-88,-37.6177105831533
8,3129,-56,-10.6909090909091
8,3130,-93,-37.6177105831533
8,3131,-45,-37.6177105831533
8,3132,-68,-10.6909090909091
8,3133,-26,-10.6909090909091
8,3134,-5,-10.6909090909091
8,3135,-5,0.524520255863539
8,3136,5,0.524520255863539
8,3137,14,0.524520255863539
8,3138,14,79.0252100840336
8,3139,108,79.0252100840336
8,3140,329,135.738095238095
8,3141,-224,-34.6111111111111
8,3142,-159,-153.675496688742
8,3143,30,-112.140845070423
8,3144,47,25.9385964912281
8,3145,57,-25.2
8,3146,-6,-64.2307692307692
8,3147,18,0.524520255863539
8,3148,95,25.9385964912281
8,3149,391,189.583333333333
8,3150,-81,-34.6111111111111
8,3151,-179,-153.675496688742
8,3152,-101,-112.140845070423
8,3153,-89,-93.3461538461538
8,3154,-109,-37.6177105831533
8,3155,-90,-37.6177105831533
8,3156,-39,-10.6909090909091
8,3157,-21,-10.6909090909091
8,3158,1,-10.6909090909091
8,3159,-7,0.524520255863539
8,3160,2,0.524520255863539
8,3161,27,0.524520255863539
8,3162,124,79.0252100840336
8,3163,319,183.7578125
8,3164,193,-72.7826086956522
8,3165,-345,-243.93670886076
8,3166,-148,-116.753846153846
8,3167,50,-93.3461538461538
8,3168,62,35.48
8,3169,-20,-25.2
8,3170,-45,-37.6177105831533
8,3171,32,-10.6909090909091
8,3172,75,110.357798165138
8,3173,477,243.428571428571
8,3174,-16,-123.566666666667
8,3175,-281,-153.675496688742
8,3176,-56,-112.140845070423
8,3177,-182,-93.3461538461538
8,3178,15,-37.6177105831533
8,3179,-166,-17.9375
8,3180,-72,-37.6177105831533
8,3181,-26,-10.6909090909091
8,3182,-21,108.809523809524
8,3183,2,-10.6909090909091
8,3184,-1,0.524520255863539
8,3185,32,0.524520255863539
8,3186,126,25.9385964912281
8,3187,299,260.223880597015
8,3188,179,-72.7826086956522
8,3189,-327,-243.93670886076
8,3190,-149,-116.753846153846
8,3191,21,-93.3461538461538
8,3192,-8,25.9385964912281
8,3193,31,0.524520255863539
8,3194,-21,-17.9375
8,3195,-11,-10.6909090909091
8,3196,156,110.357798165138
8,3197,356,243.428571428571
8,3198,-19,-72.7826086956522
8,3199,-133,-153.675496688742
8,3200,-132,-112.140845070423
8,3201,-63,-93.3461538461538
8,3202,-87,-37.6177105831533
8,3203,-134,-37.6177105831533
8,3204,-54,-37.6177105831533
8,3205,-51,-10.6909090909091
8,3206,0,-10.6909090909091
8,3207,-7,0.524520255863539
8,3208,1,0.524520255863539
8,3209,28,0.524520255863539
8,3210,110,79.0252100840336
8,3211,313,260.223880597015
8,3212,127,183.7578125
8,3213,-334,-243.93670886076
8,3214,-106,-87.5
8,3215,11,-93.3461538461538
8,3216,54,25.9385964912281
8,3217,-43,-25.2
8,3218,4,-37.6177105831533
8,3219,18,0.524520255863539
8,3220,126,110.357798165138
8,3221,295,260.223880597015
8,3222,25,-72.7826086956522
8,3223,-141,-153.675496688742
8,3224,-63,-112.140845070423
8,3225,-125,-93.3461538461538
8,3226,-68,-37.6177105831533
8,3227,-97,-37.6177105831533
8,3228,-53,-37.6177105831533
8,3229,-62,-10.6909090909091
8,3230,-19,-37.6177105831533
8,3231,-5,-10.6909090909091
8,3232,3,0.524520255863539
8,3233,28,0.524520255863539
8,3234,84,79.0252100840336
8,3235,237,183.7578125
8,3236,254,183.7578125
8,3237,-280,-243.93670886076
8,3238,-148,-153.675496688742
8,3239,51,-112.140845070423
8,3240,18,35.48
8,3241,46,-17.9375
8,3242,-37,-64.2307692307692
8,3243,21,-10.6909090909091
8,3244,96,110.357798165138
8,3245,266,243.428571428571
8,3246,-141,-34.6111111111111
8,3247,-143,-153.675496688742
8,3248,-160,-112.140845070423
8,3249,15,-93.3461538461538
8,3250,-20,79.0252100840336
8,3251,-23,-37.6177105831533
8,3252,-58,-10.6909090909091
8,3253,7,-10.6909090909091
8,3254,-30,110.357798165138
8,3255,-51,-37.6177105831533
8,3256,-23,-37.6177105831533
8,3257,-7,-37.6177105831533
8,3258,35,0.524520255863539
8,3259,31,79.0252100840336
8,3260,89,79.0252100840336
8,3261,165,101.235294117647
8,3262,162,135.738095238095
8,3263,22,-243.93670886076
8,3264,86,-116.753846153846
8,3265,-38,35.48
8,3266,45,-37.6177105831533
8,3267,-126,-17.9375
8,3268,30,-37.6177105831533
8,3269,17,-17.9375
8,3270,-49,31.5833333333333
8,3271,-56,-37.6177105831533
8,3272,-39,-37.6177105831533
8,3273,-64,-10.6909090909091
8,3274,-43,-37.6177105831533
8,3275,-54,-37.6177105831533
8,3276,-62,-37.6177105831533
8,3277,-36,-37.6177105831533
8,3278,-13,-37.6177105831533
8,3279,-54,0.524520255863539
8,3280,-47,-37.6177105831533
8,3281,-5,-37.6177105831533
8,3282,17,0.524520255863539
8,3283,46,79.0252100840336
8,3284,70,183.7578125
8,3285,91,155.980198019802
8,3286,220,44.8620689655172
8,3287,54,44.8620689655172
8,3288,50,-153.675496688742
8,3289,29,35.48
8,3290,-34,-17.9375
8,3291,-64,-37.6177105831533
8,3292,-26,-37.6177105831533
8,3293,71,-37.6177105831533
8,3294,2,-25.2
8,3295,-111,31.5833333333333
8,3296,-91,-37.6177105831533
8,3297,-79,-37.6177105831533
8,3298,-75,-37.6177105831533
8,3299,-91,-37.6177105831533
8,3300,-19,-37.6177105831533
8,3301,-37,-10.6909090909091
8,3302,-17,-10.6909090909091
8,3303,-9,-10.6909090909091
8,3304,-1,0.524520255863539
8,3305,39,0.524520255863539
8,3306,115,79.0252100840336
8,3307,327,155.980198019802
8,3308,123,-72.7826086956522
8,3309,-340,-243.93670886076
8,3310,-84,-87.5
8,3311,-3,-93.3461538461538
8,3312,89,0.524520255863539
8,3313,-10,-25.2
8,3314,-9,0.524520255863539
8,3315,-18,0.524520255863539
8,3316,181,108.809523809524
8,3317,419,260.223880597015
8,3318,-42,-72.7826086956522
8,3319,-209,-153.675496688742
8,3320,-107,-112.140845070423
8,3321,-144,-93.3461538461538
8,3322,-144,-37.6177105831533
8,3323,-84,-37.6177105831533
8,3324,-66,-37.6177105831533
8,3325,-7,-10.6909090909091
8,3326,-21,31.5833333333333
8,3327,0,-10.6909090909091
8,3328,1,0.524520255863539
8,3329,29,0.524520255863539
8,3330,149,79.0252100840336
8,3331,364,183.7578125
8,3332,104,-72.7826086956522
8,3333,-328,-243.93670886076
8,3334,-138,-112.140845070423
8,3335,45,-93.3461538461538
8,3336,73,25.9385964912281
8,3337,-2,-25.2
8,3338,-39,0.524520255863539
8,3339,50,-10.6909090909091
8,3340,99,74
8,3341,484,260.223880597015
8,3342,-76,-123.566666666667
8,3343,-212,-153.675496688742
8,3344,-107,-112.140845070423
8,3345,-177,-93.3461538461538
8,3346,-83,-37.6177105831533
8,3347,-114,-37.6177105831533
8,3348,-77,-10.6909090909091
8,3349,-31,-10.6909090909091
8,3350,-9,108.809523809524
8,3351,-6,0.524520255863539
8,3352,3,0.524520255863539
8,3353,25,0.524520255863539
8,3354,164,79.0252100840336
8,3355,327,183.7578125
8,3356,160,-72.7826086956522
8,3357,-405,-243.93670886076
8,3358,-110,-116.753846153846
8,3359,37,-93.3461538461538
8,3360,113,25.9385964912281
8,3361,-1,-25.2
8,3362,-51,-87.5
8,3363,-21,-10.6909090909091
8,3364,143,108.809523809524
8,3365,451,243.428571428571
8,3366,-39,-72.7826086956522
8,3367,-161,-153.675496688742
8,3368,-198,-112.140845070423
8,3369,-78,-93.3461538461538
8,3370,-70,19.3333333333333
8,3371,-138,-37.6177105831533
8,3372,-105,-37.6177105831533
8,3373,-29,-10.6909090909091
8,3374,-12,-10.6909090909091
8,3375,-6,0.524520255863539
8,3376,4,0.524520255863539
8,3377,36,0.524520255863539
8,3378,146,79.0252100840336
8,3379,315,260.223880597015
8,3380,109,-72.7826086956522
8,3381,-266,-243.93670886076
8,3382,-167,-112.140845070423
8,3383,27,-93.3461538461538
8,3384,65,25.9385964912281
8,3385,-40,-25.2
8,3386,18,-37.6177105831533
8,3387,-35,31.5833333333333
8,3388,168,108.809523809524
8,3389,318,260.223880597015
8,3390,-8,-72.7826086956522
8,3391,-126,-153.675496688742
8,3392,-101,-112.140845070423
8,3393,-72,-93.3461538461538
8,3394,-124,-37.6177105831533
8,3395,-103,-37.6177105831533
8,3396,-57,-37.6177105831533
8,3397,-72,-10.6909090909091
8,3398,-24,-10.6909090909091
8,3399,-10,-10.6909090909091
8,3400,2,0.524520255863539
8,3401,35,0.524520255863539
8,3402,118,79.0252100840336
8,3403,217,183.7578125
8,3404,244,-72.7826086956522
8,3405,-324,-243.93670886076
8,3406,-129,-153.675496688742
8,3407,17,-112.140845070423
8,3408,38,25.9385964912281
8,3409,13,-17.9375
8,3410,-6,-17.9375
8,3411,-3,31.5833333333333
8,3412,121,110.357798165138
8,3413,188,243.428571428571
8,3414,-75,-72.7826086956522
8,3415,-101,-116.753846153846
8,3416,-55,-37.6177105831533
8,3417,-72,-37.6177105831533
8,3418,-73,-37.6177105831533
8,3419,-115,-37.6177105831533
8,3420,21,-10.6909090909091
8,3421,-11,31.5833333333333
8,3422,3,31.5833333333333
8,3423,-38,0.524520255863539
8,3424,-5,-10.6909090909091
8,3425,-8,0.524520255863539
8,3426,32,0.524520255863539
8,3427,50,79.0252100840336
8,3428,102,101.235294117647
8,3429,81,129.64
8,3430,129,44.8620689655172
8,3431,48,-22.2352941176471
8,3432,19,7.72727272727273
8,3433,-43,79.0252100840336
8,3434,-19,-37.6177105831533
8,3435,-5,-37.6177105831533
8,3436,-31,0.524520255863539
8,3437,-11,-37.6177105831533
8,3438,-23,0.524520255863539
8,3439,35,-37.6177105831533
8,3440,-82,25.9385964912281
8,3441,-79,-37.6177105831533
8,3442,-41,-37.6177105831533
8,3443,-20,-37.6177105831533
8,3444,-3,-37.6177105831533
8,3445,-56,0.524520255863539
8,3446,-3,-10.6909090909091
8,3447,-57,0.524520255863539
8,3448,-29,-37.6177105831533
8,3449,6,-37.6177105831533
8,3450,17,0.524520255863539
8,3451,23,79.0252100840336
8,3452,92,25.9385964912281
8,3453,77,129.64
8,3454,147,74
8,3455,11,44.8620689655172
8,3456,56,7.72727272727273
8,3457,-13,35.48
8,3458,24,0.524520255863539
8,3459,-99,-17.9375
8,3460,-32,-37.6177105831533
8,3461,100,-37.6177105831533
8,3462,-43,-64.2307692307692
8,3463,12,-37.6177105831533
8,3464,-50,25.9385964912281
8,3465,-74,-10.6909090909091
8,3466,-107,-37.6177105831533
8,3467,-41,-37.6177105831533
8,3468,-67,-37.6177105831533
8,3469,-26,-37.6177105831533
8,3470,-2,-37.6177105831533
8,3471,-10,0.524520255863539
8,3472,7,0.524520255863539
8,3473,28,0.524520255863539
8,3474,96,79.0252100840336
8,3475,262,183.7578125
8,3476,170,135.738095238095
8,3477,-273,-243.93670886076
8,3478,-121,-116.753846153846
8,3479,27,-93.3461538461538
8,3480,56,25.9385964912281
8,3481,-21,-25.2
8,3482,-6,-37.6177105831533
8,3483,4,0.524520255863539
8,3484,131,110.357798165138
8,3485,382,243.428571428571
8,3486,-17,-72.7826086956522
8,3487,-149,-153.675496688742
8,3488,-186,-112.140845070423
8,3489,-137,-93.3461538461538
8,3490,-70,-37.6177105831533
8,3491,-86,-37.6177105831533
8,3492,-49,-37.6177105831533
8,3493,-39,-10.6909090909091
8,3494,-4,-10.6909090909091
8,3495,-8,0.524520255863539
8,3496,4,0.524520255863539
8,3497,29,0.524520255863539
8,3498,119,79.0252100840336
8,3499,329,183.7578125
8,3500,163,-72.7826086956522
8,3501,-374,-243.93670886076
8,3502,-63,-116.753846153846
8,3503,8,-93.3461538461538
8,3504,55,0.524520255863539
8,3505,11,-25.2
8,3506,27,-17.9375
8,3507,91,31.5833333333333
8,3508,126,74
8,3509,195,243.428571428571
8,3510,-95,-243.93670886076
8,3511,-130,-116.753846153846
8,3512,-121,-37.6177105831533
8,3513,-180,-37.6177105831533
8,3514,-19,-37.6177105831533
8,3515,-6,-37.6177105831533
8,3516,-12,0.524520255863539
8,3517,-36,31.5833333333333
8,3518,-30,-10.6909090909091
8,3519,-61,-10.6909090909091
8,3520,-16,-37.6177105831533
8,3521,3,-37.6177105831533
8,3522,13,0.524520255863539
8,3523,40,25.9385964912281
8,3524,81,79.0252100840336
8,3525,140,155.980198019802
8,3526,154,44.8620689655172
8,3527,38,-243.93670886076
8,3528,9,-116.753846153846
8,3529,5,0.524520255863539
8,3530,48,0.524520255863539
8,3531,-93,-25.2
8,3532,-65,-37.6177105831533
8,3533,25,-37.6177105831533
8,3534,16,110.357798165138
8,3535,2,110.357798165138
8,3536,119,0.524520255863539
8,3537,33,129.64
8,3538,-82,7.72727272727273
8,3539,-319,-37.6177105831533
8,3540,-95,-37.6177105831533
8,3541,-58,19.3333333333333
8,3542,-12,-37.6177105831533
8,3543,-11,0.524520255863539
8,3544,0,0.524520255863539
8,3545,22,31.5833333333333
8,3546,104,79.0252100840336
8,3547,210,260.223880597015
8,3548,207,183.7578125
8,3549,-257,-243.93670886076
8,3550,-107,-153.675496688742
8,3551,58,19.3333333333333
8,3552,32,35.48
8,3553,34,-17.9375
8,3554,-69,-17.9375
8,3555,13,-10.6909090909091
8,3556,179,110.357798165138
8,3557,256,243.428571428571
8,3558,-82,-72.7826086956522
8,3559,-104,-153.675496688742
8,3560,-182,-112.140845070423
8,3561,2,-93.3461538461538
8,3562,-98,0.524520255863539
8,3563,-94,-37.6177105831533
8,3564,-29,-10.6909090909091
8,3565,-73,-10.6909090909091
8,3566,-12,-10.6909090909091
8,3567,-10,0.524520255863539
8,3568,-1,0.524520255863539
8,3569,29,0.524520255863539
8,3570,96,79.0252100840336
8,3571,222,155.980198019802
8,3572,232,183.7578125
8,3573,-281,-243.93670886076
8,3574,-94,-153.675496688742
8,3575,23,-112.140845070423
8,3576,98,25.9385964912281
8,3577,-38,-25.2
8,3578,-18,-37.6177105831533
8,3579,10,-10.6909090909091
8,3580,84,110.357798165138
8,3581,207,243.428571428571
8,3582,-16,-34.6111111111111
8,3583,-142,-153.675496688742
8,3584,-82,-37.6177105831533
8,3585,-36,-37.6177105831533
8,3586,-12,-37.6177105831533
8,3587,-124,0.524520255863539
8,3588,-14,-37.6177105831533
8,3589,-79,0.524520255863539
8,3590,-13,-10.6909090909091
8,3591,-27,0.524520255863539
8,3592,-15,-37.6177105831533
8,3593,-2,-10.6909090909091
8,3594,17,0.524520255863539
8,3595,40,79.0252100840336
8,3596,81,79.0252100840336
8,3597,104,155.980198019802
8,3598,69,44.8620689655172
8,3599,42,44.8620689655172
8,3600,-25,79.0252100840336
8,3601,18,-37.6177105831533
8,3602,-52,-17.9375
8,3603,-2,-37.6177105831533
8,3604,-12,0.524520255863539
8,3605,-15,0.524520255863539
8,3606,-2,-37.6177105831533
8,3607,10,0.524520255863539
8,3608,-11,0.524520255863539
8,3609,-75,0.524520255863539
8,3610,19,-37.6177105831533
8,3611,-72,25.9385964912281
8,3612,-1,-37.6177105831533
8,3613,-23,0.524520255863539
8,3614,-54,-37.6177105831533
8,3615,-35,-10.6909090909091
8,3616,-22,-37.6177105831533
8,3617,-7,-10.6909090909091
8,3618,15,0.524520255863539
8,3619,31,79.0252100840336
8,3620,78,25.9385964912281
8,3621,112,183.7578125
8,3622,77,135.738095238095
8,3623,70,7.72727272727273
8,3624,-13,44.8620689655172
8,3625,-39,0.524520255863539
8,3626,-25,-37.6177105831533
8,3627,-14,-37.6177105831533
8,3628,-7,0.524520255863539
8,3629,-21,0.524520255863539
8,3630,-17,-37.6177105831533
8,3631,-3,-37.6177105831533
8,3632,35,0.524520255863539
8,3633,-78,79.0252100840336
8,3634,-85,-37.6177105831533
8,3635,1,-37.6177105831533
8,3636,-84,0.524520255863539
8,3637,-21,-37.6177105831533
8,3638,-13,-37.6177105831533
8,3639,0,0.524520255863539
8,3640,-3,0.524520255863539
8,3641,26,0.524520255863539
8,3642,64,79.0252100840336
8,3643,138,183.7578125
8,3644,225,155.980198019802
8,3645,-92,-206.0375
8,3646,-188,-153.675496688742
8,3647,41,-112.140845070423
8,3648,50,25.9385964912281
8,3649,-11,-25.2
8,3650,-13,0.524520255863539
8,3651,38,0.524520255863539
8,3652,133,110.357798165138
8,3653,436,77.5714285714286
8,3654,23,-72.7826086956522
8,3655,-241,-153.675496688742
8,3656,-184,-112.140845070423
8,3657,-116,-93.3461538461538
8,3658,-107,-37.6177105831533
8,3659,-93,-37.6177105831533
8,3660,-62,-37.6177105831533
8,3661,-54,-10.6909090909091
8,3662,1,108.809523809524
8,3663,-13,0.524520255863539
8,3664,1,0.524520255863539
8,3665,38,0.524520255863539
8,3666,145,79.0252100840336
8,3667,333,183.7578125
8,3668,129,-72.7826086956522
8,3669,-318,-243.93670886076
8,3670,-141,-87.5
8,3671,59,-93.3461538461538
8,3672,23,35.48
8,3673,8,-17.9375
8,3674,-38,0.524520255863539
8,3675,23,-10.6909090909091
8,3676,170,110.357798165138
8,3677,437,260.223880597015
8,3678,-53,-72.7826086956522
8,3679,-405,-153.675496688742
8,3680,-330,-112.140845070423
8,3681,6,-93.3461538461538
8,3682,49,0.524520255863539
8,3683,-36,-64.2307692307692
8,3684,-59,-37.6177105831533
8,3685,-30,-10.6909090909091
8,3686,-9,108.809523809524
8,3687,0,0.524520255863539
8,3688,2,0.524520255863539
8,3689,34,0.524520255863539
8,3690,144,25.9385964912281
8,3691,312,183.7578125
8,3692,177,-72.7826086956522
8,3693,-346,-243.93670886076
8,3694,-133,-116.753846153846
8,3695,34,-93.3461538461538
8,3696,63,25.9385964912281
8,3697,-19,-25.2
8,3698,-32,-37.6177105831533
8,3699,35,-10.6909090909091
8,3700,135,110.357798165138
8,3701,419,243.428571428571
8,3702,-16,-72.7826086956522
8,3703,-181,-153.675496688742
8,3704,-150,-112.140845070423
8,3705,-92,-93.3461538461538
8,3706,-147,-37.6177105831533
8,3707,-92,-37.6177105831533
8,3708,-96,-37.6177105831533
8,3709,-35,-10.6909090909091
8,3710,-12,-10.6909090909091
8,3711,1,0.524520255863539
8,3712,-5,0.524520255863539
8,3713,39,0.524520255863539
8,3714,134,79.0252100840336
8,3715,334,183.7578125
8,3716,190,-72.7826086956522
8,3717,-375,-243.93670886076
8,3718,-113,-116.753846153846
8,3719,1,-93.3461538461538
8,3720,77,0.524520255863539
8,3721,-15,-25.2
8,3722,-68,-37.6177105831533
8,3723,62,-10.6909090909091
8,3724,168,74
8,3725,356,243.428571428571
8,3726,30,-206.0375
8,3727,-196,-153.675496688742
8,3728,-115,-112.140845070423
8,3729,-141,-93.3461538461538
8,3730,-55,-37.6177105831533
8,3731,-107,-37.6177105831533
8,3732,-116,-37.6177105831533
8,3733,-36,-10.6909090909091
8,3734,-42,-10.6909090909091
8,3735,-8,-10.6909090909091
8,3736,2,0.524520255863539
8,3737,23,0.524520255863539
8,3738,93,79.0252100840336
8,3739,253,183.7578125
8,3740,333,183.7578125
8,3741,-299,-243.93670886076
8,3742,-146,-153.675496688742
8,3743,20,-112.140845070423
8,3744,91,25.9385964912281
8,3745,-5,-25.2
8,3746,-5,0.524520255863539
8,3747,-16,0.524520255863539
8,3748,139,108.809523809524
8,3749,343,243.428571428571
8,3750,-204,-72.7826086956522
8,3751,-143,-153.675496688742
8,3752,-99,-112.140845070423
8,3753,-90,-93.3461538461538
8,3754,-36,-37.6177105831533
8,3755,-51,-37.6177105831533
8,3756,-21,-10.6909090909091
8,3757,-73,108.809523809524
8,3758,-17,-10.6909090909091
8,3759,-61,-10.6909090909091
8,3760,-31,-37.6177105831533
8,3761,-4,-37.6177105831533
8,3762,30,0.524520255863539
8,3763,13,79.0252100840336
8,3764,103,79.0252100840336
8,3765,131,155.980198019802
8,3766,119,74
8,3767,38,-243.93670886076
8,3768,60,7.72727272727273
8,3769,92,35.48
8,3770,41,-25.2
8,3771,-72,-17.9375
8,3772,6,-37.6177105831533
8,3773,-108,0.524520255863539
8,3774,-107,-37.6177105831533
8,3775,80,-37.6177105831533
8,3776,-75,-64.2307692307692
8,3777,-87,-10.6909090909091
8,3778,-44,-37.6177105831533
8,3779,-14,-10.6909090909091
8,3780,-24,0.524520255863539
8,3781,-19,-37.6177105831533
8,3782,-53,-10.6909090909091
8,3783,-58,-10.6909090909091
8,3784,-38,-37.6177105831533
8,3785,-10,-37.6177105831533
8,3786,6,0.524520255863539
8,3787,32,0.524520255863539
8,3788,86,79.0252100840336
8,3789,88,183.7578125
8,3790,161,135.738095238095
8,3791,69,44.8620689655172
8,3792,38,-116.753846153846
8,3793,-9,79.0252100840336
8,3794,-4,0.524520255863539
8,3795,13,0.524520255863539
8,3796,6,-17.9375
8,3797,-59,0.524520255863539
8,3798,-124,-37.6177105831533
8,3799,0,-37.6177105831533
8,3800,-18,0.524520255863539
8,3801,-71,-37.6177105831533
8,3802,-93,-37.6177105831533
8,3803,-39,-37.6177105831533
8,3804,-48,-10.6909090909091
8,3805,-32,-37.6177105831533
8,3806,4,-37.6177105831533
8,3807,-9,0.524520255863539
8,3808,6,0.524520255863539
8,3809,38,0.524520255863539
8,3810,90,79.0252100840336
8,3811,343,183.7578125
8,3812,184,44.8620689655172
8,3813,-319,-243.93670886076
8,3814,-162,-116.753846153846
8,3815,-4,-93.3461538461538
8,3816,55,0.524520255863539
8,3817,2,-25.2
8,3818,-27,0.524520255863539
8,3819,25,-10.6909090909091
8,3820,149,110.357798165138
8,3821,369,243.428571428571
8,3822,39,-72.7826086956522
8,3823,-199,-153.675496688742
8,3824,-141,-112.140845070423
8,3825,-126,-93.3461538461538
8,3826,-44,-37.6177105831533
8,3827,-118,-37.6177105831533
8,3828,-113,-37.6177105831533
8,3829,-28,-10.6909090909091
8,3830,-18,108.809523809524
8,3831,-4,-10.6909090909091
8,3832,4,0.524520255863539
8,3833,31,0.524520255863539
8,3834,175,79.0252100840336
8,3835,313,183.7578125
8,3836,135,-72.7826086956522
8,3837,-341,-243.93670886076
8,3838,-161,-87.5
8,3839,47,-93.3461538461538
8,3840,48,35.48
8,3841,-33,-25.2
8,3842,-7,-37.6177105831533
8,3843,30,31.5833333333333
8,3844,137,110.357798165138
8,3845,389,260.223880597015
8,3846,2,-72.7826086956522
8,3847,-225,-153.675496688742
8,3848,-120,-112.140845070423
8,3849,-94,-93.3461538461538
8,3850,-89,-37.6177105831533
8,3851,-83,-37.6177105831533
8,3852,-108,-37.6177105831533
8,3853,-37,-10.6909090909091
8,3854,-8,108.809523809524
8,3855,-4,0.524520255863539
8,3856,2,0.524520255863539
8,3857,40,0.524520255863539
8,3858,116,79.0252100840336
8,3859,333,183.7578125
8,3860,184,-72.7826086956522
8,3861,-382,-243.93670886076
8,3862,-159,-116.753846153846
8,3863,45,-93.3461538461538
8,3864,19,-17.9375
8,3865,1,-17.9375
8,3866,-33,0.524520255863539
8,3867,24,-10.6909090909091
8,3868,30,110.357798165138
8,3869,146,110.357798165138
8,3870,273,-34.6111111111111
8,3871,-127,-72.7826086956522
8,3872,-150,-153.675496688742
8,3873,-47,-112.140845070423
8,3874,-31,-93.3461538461538
8,3875,-157,-37.6177105831533
8,3876,-65,-37.6177105831533
8,3877,-41,-10.6909090909091
8,3878,-18,-10.6909090909091
8,3879,-2,-37.6177105831533
8,3880,3,0.524520255863539
8,3881,32,0.524520255863539
8,3882,112,79.0252100840336
8,3883,321,260.223880597015
8,3884,184,-72.7826086956522
8,3885,-339,-243.93670886076
8,3886,-120,-116.753846153846
8,3887,18,-93.3461538461538
8,3888,58,25.9385964912281
8,3889,-20,-25.2
8,3890,-57,-37.6177105831533
8,3891,95,-10.6909090909091
8,3892,66,74
8,3893,413,243.428571428571
8,3894,6,-123.566666666667
8,3895,-244,-153.675496688742
8,3896,-28,-112.140845070423
8,3897,-173,-93.3461538461538
8,3898,-264,-37.6177105831533
8,3899,-3,-37.6177105831533
8,3900,-31,0.524520255863539
8,3901,-23,-10.6909090909091
8,3902,8,108.809523809524
8,3903,17,0.524520255863539
8,3904,-27,79.0252100840336
8,3905,33,108.809523809524
8,3906,84,79.0252100840336
8,3907,234,74
8,3908,331,77.5714285714286
8,3909,-318,-243.93670886076
8,3910,-140,-153.675496688742
8,3911,-21,-112.140845070423
8,3912,62,-93.3461538461538
8,3913,-118,-25.2
8,3914,73,-37.6177105831533
8,3915,-13,129.64
8,3916,220,31.5833333333333
8,3917,279,243.428571428571
8,3918,-93,-72.7826086956522
8,3919,-220,-153.675496688742
8,3920,-151,-112.140845070423
8,3921,-129,-93.3461538461538
8,3922,13,-37.6177105831533
8,3923,31,79.0252100840336
8,3924,-63,-17.9375
8,3925,-31,-10.6909090909091
8,3926,-12,108.809523809524
8,3927,-35,0.524520255863539
8,3928,-9,-37.6177105831533
8,3929,1,0.524520255863539
8,3930,-2,0.524520255863539
8,3931,22,0.524520255863539
8,3932,75,79.0252100840336
8,3933,95,155.980198019802
8,3934,61,183.7578125
8,3935,37,44.8620689655172
8,3936,152,79.0252100840336
8,3937,-103,-123.566666666667
8,3938,-11,-116.753846153846
8,3939,37,0.524520255863539
8,3940,-54,-17.9375
8,3941,-85,-37.6177105831533
8,3942,-64,-37.6177105831533
8,3943,61,-10.6909090909091
8,3944,-24,77.5714285714286
8,3945,-51,-37.6177105831533
8,3946,17,-37.6177105831533
8,3947,-31,25.9385964912281
8,3948,-36,-37.6177105831533
8,3949,17,-37.6177105831533
8,3950,-8,79.0252100840336
8,3951,-79,0.524520255863539
8,3952,-27,-37.6177105831533
8,3953,-10,-37.6177105831533
8,3954,13,0.524520255863539
8,3955,19,79.0252100840336
8,3956,115,79.0252100840336
8,3957,105,101.235294117647
8,3958,121,-72.7826086956522
8,3959,126,44.8620689655172
8,3960,-1,-243.93670886076
8,3961,122,-87.5
8,3962,-10,-25.2
8,3963,8,-87.5
8,3964,4,0.524520255863539
8,3965,-72,0.524520255863539
8,3966,-41,-37.6177105831533
8,3967,7,-37.6177105831533
8,3968,-144,110.357798165138
8,3969,-33,-37.6177105831533
8,3970,-154,-37.6177105831533
8,3971,-68,-10.6909090909091
8,3972,-76,-37.6177105831533
8,3973,-20,-37.6177105831533
8,3974,-10,-10.6909090909091
8,3975,-15,0.524520255863539
8,3976,6,-10.6909090909091
8,3977,43,0.524520255863539
8,3978,106,79.0252100840336
8,3979,264,183.7578125
8,3980,317,44.8620689655172
8,3981,-393,-243.93670886076
8,3982,-145,-153.675496688742
8,3983,-2,-112.140845070423
8,3984,116,0.524520255863539
8,3985,-74,-25.2
8,3986,31,-87.5
8,3987,10,-17.9375
8,3988,176,110.357798165138
8,3989,390,243.428571428571
8,3990,-106,-72.7826086956522
8,3991,-159,-153.675496688742
8,3992,-179,-112.140845070423
8,3993,-107,-93.3461538461538
8,3994,-87,-37.6177105831533
8,3995,-95,-37.6177105831533
8,3996,-50,-10.6909090909091
8,3997,-47,-10.6909090909091
8,3998,-1,-10.6909090909091
8,3999,-10,0.524520255863539
8,4000,0,0.524520255863539
8,4001,44,0.524520255863539
8,4002,140,79.0252100840336
8,4003,326,183.7578125
8,4004,227,-206.0375
8,4005,-404,-243.93670886076
8,4006,-121,-153.675496688742
8,4007,-17,-112.140845070423
8,4008,28,-37.6177105831533
8,4009,44,-17.9375
8,4010,-29,-17.9375
8,4011,41,-10.6909090909091
8,4012,170,110.357798165138
8,4013,414,243.428571428571
8,4014,8,-206.0375
8,4015,-245,-153.675496688742
8,4016,-109,-112.140845070423
8,4017,-145,-93.3461538461538
8,4018,-109,-37.6177105831533
8,4019,-77,-37.6177105831533
8,4020,-126,-37.6177105831533
8,4021,-38,-10.6909090909091
8,4022,-16,108.809523809524
8,4023,0,-10.6909090909091
8,4024,-8,0.524520255863539
8,4025,55,0.524520255863539
8,4026,131,183.7578125
8,4027,317,183.7578125
8,4028,281,-206.0375
8,4029,-446,-243.93670886076
8,4030,-111,-153.675496688742
8,4031,50,-112.140845070423
8,4032,29,35.48
8,4033,2,-17.9375
8,4034,-65,0.524520255863539
8,4035,70,-10.6909090909091
8,4036,167,74
8,4037,429,243.428571428571
8,4038,-22,-206.0375
8,4039,-193,-153.675496688742
8,4040,-131,-112.140845070423
8,4041,-170,-93.3461538461538
8,4042,-119,-37.6177105831533
8,4043,-39,-37.6177105831533
8,4044,-147,-37.6177105831533
8,4045,-63,-10.6909090909091
8,4046,-8,-10.6909090909091
8,4047,-13,0.524520255863539
8,4048,-4,0.524520255863539
8,4049,38,0.524520255863539
8,4050,139,79.0252100840336
8,4051,314,183.7578125
8,4052,234,-72.7826086956522
8,4053,-385,-243.93670886076
8,4054,-122,-153.675496688742
8,4055,-10,-112.140845070423
8,4056,67,0.524520255863539
8,4057,-37,-25.2
8,4058,-29,-37.6177105831533
8,4059,25,-10.6909090909091
8,4060,136,110.357798165138
8,4061,364,243.428571428571
8,4062,-50,-72.7826086956522
8,4063,-74,-153.675496688742
8,4064,-168,-112.140845070423
8,4065,-175,-93.3461538461538
8,4066,-37,-37.6177105831533
8,4067,-89,-37.6177105831533
8,4068,-48,-37.6177105831533
8,4069,-43,-10.6909090909091
8,4070,-28,-10.6909090909091
8,4071,-14,-10.6909090909091
8,4072,-4,0.524520255863539
8,4073,29,0.524520255863539
8,4074,102,79.0252100840336
8,4075,271,183.7578125
8,4076,266,183.7578125
8,4077,-313,-243.93670886076
8,4078,-132,-153.675496688742
8,4079,20,-112.140845070423
8,4080,48,25.9385964912281
8,4081,15,-25.2
8,4082,12,-17.9375
8,4083,-3,-17.9375
8,4084,176,110.357798165138
8,4085,200,243.428571428571
8,4086,-77,-72.7826086956522
8,4087,-106,-153.675496688742
8,4088,-162,-37.6177105831533
8,4089,-94,-37.6177105831533
8,4090,-61,-37.6177105831533
8,4091,-10,-37.6177105831533
8,4092,2,0.524520255863539
8,4093,-111,31.5833333333333
8,4094,10,-10.6909090909091
8,4095,-47,0.524520255863539
8,4096,-32,-37.6177105831533
8,4097,3,-37.6177105831533
8,4098,36,0.524520255863539
8,4099,26,79.0252100840336
8,4100,87,25.9385964912281
8,4101,174,129.64
8,4102,58,74
8,4103,62,-116.753846153846
8,4104,30,35.48
8,4105,11,25.9385964912281
8,4106,-4,25.9385964912281
8,4107,3,0.524520255863539
8,4108,-10,0.524520255863539
8,4109,-8,0.524520255863539
8,4110,2,110.357798165138
8,4111,-143,0.524520255863539
8,4112,-105,-37.6177105831533
8,4113,67,-37.6177105831533
8,4114,-24,129.64
8,4115,-68,-37.6177105831533
8,4116,-20,-37.6177105831533
8,4117,-30,-10.6909090909091
8,4118,-46,-10.6909090909091
8,4119,-57,-37.6177105831533
8,4120,-42,-37.6177105831533
8,4121,4,-10.6909090909091
8,4122,1,0.524520255863539
8,4123,22,0.524520255863539
8,4124,87,79.0252100840336
8,4125,99,135.738095238095
8,4126,155,183.7578125
8,4127,128,44.8620689655172
8,4128,2,-243.93670886076
8,4129,-28,-87.5
8,4130,39,-37.6177105831533
8,4131,-21,-17.9375
8,4132,20,-37.6177105831533
8,4133,10,-17.9375
8,4134,-112,0.524520255863539
8,4135,24,-37.6177105831533
8,4136,-140,31.5833333333333
8,4137,-32,-37.6177105831533
8,4138,-123,-37.6177105831533
8,4139,-48,-37.6177105831533
8,4140,-42,-10.6909090909091
8,4141,-39,-37.6177105831533
8,4142,-11,-10.6909090909091
8,4143,-5,0.524520255863539
8,4144,2,0.524520255863539
8,4145,42,0.524520255863539
8,4146,114,79.0252100840336
8,4147,308,183.7578125
8,4148,282,-206.0375
8,4149,-458,-243.93670886076
8,4150,-104,-153.675496688742
8,4151,26,-112.140845070423
8,4152,63,-17.9375
8,4153,-52,-25.2
8,4154,28,-37.6177105831533
8,4155,-18,-17.9375
8,4156,189,108.809523809524
8,4157,402,243.428571428571
8,4158,-15,-72.7826086956522
8,4159,-147,-153.675496688742
8,4160,-203,-112.140845070423
8,4161,-140,-93.3461538461538
8,4162,-92,19.3333333333333
8,4163,-80,-37.6177105831533
8,4164,-112,-37.6177105831533
8,4165,-17,-10.6909090909091
8,4166,-13,-10.6909090909091
8,4167,-2,0.524520255863539
8,4168,0,0.524520255863539
8,4169,39,0.524520255863539
8,4170,149,79.0252100840336
8,4171,319,183.7578125
8,4172,247,-72.7826086956522
8,4173,-427,-243.93670886076
8,4174,-106,-153.675496688742
8,4175,-3,-112.140845070423
8,4176,24,0.524520255863539
8,4177,40,-17.9375
8,4178,-28,-17.9375
8,4179,-116,-10.6909090909091
8,4180,258,108.809523809524
8,4181,418,243.428571428571
8,4182,37,-72.7826086956522
8,4183,-243,-153.675496688742
8,4184,-162,-112.140845070423
8,4185,-100,-93.3461538461538
8,4186,-95,-37.6177105831533
8,4187,-110,-37.6177105831533
8,4188,-100,-37.6177105831533
8,4189,-14,-10.6909090909091
8,4190,-20,31.5833333333333
8,4191,-6,-10.6909090909091
8,4192,-3,0.524520255863539
8,4193,45,0.524520255863539
8,4194,136,79.0252100840336
8,4195,302,183.7578125
8,4196,194,-206.0375
8,4197,-331,-243.93670886076
8,4198,-114,-116.753846153846
8,4199,-2,-93.3461538461538
8,4200,50,0.524520255863539
8,4201,-4,-25.2
8,4202,-17,0.524520255863539
8,4203,32,-10.6909090909091
8,4204,184,110.357798165138
8,4205,358,243.428571428571
8,4206,54,-72.7826086956522
8,4207,-239,-153.675496688742
8,4208,-139,-112.140845070423
8,4209,-193,-93.3461538461538
8,4210,-32,-37.6177105831533
8,4211,-136,19.3333333333333
8,4212,-89,-37.6177105831533
8,4213,-21,-10.6909090909091
8,4214,-31,108.809523809524
8,4215,-5,-10.6909090909091
8,4216,3,0.524520255863539
8,4217,32,0.524520255863539
8,4218,142,79.0252100840336
8,4219,290,260.223880597015
8,4220,266,-72.7826086956522
8,4221,-396,-243.93670886076
8,4222,-162,-153.675496688742
8,4223,45,-112.140845070423
8,4224,60,25.9385964912281
8,4225,24,-25.2
8,4226,-85,-17.9375
8,4227,45,-10.6909090909091
8,4228,136,110.357798165138
8,4229,459,243.428571428571
8,4230,-98,-206.0375
8,4231,-160,-153.675496688742
8,4232,-180,-112.140845070423
8,4233,-85,-93.3461538461538
8,4234,-80,-37.6177105831533
8,4235,-85,-37.6177105831533
8,4236,-106,-10.6909090909091
8,4237,-28,-10.6909090909091
8,4238,-29,-10.6909090909091
8,4239,-8,-10.6909090909091
8,4240,6,0.524520255863539
8,4241,25,0.524520255863539
8,4242,126,79.0252100840336
8,4243,258,183.7578125
8,4244,247,-72.7826086956522
8,4245,-272,-243.93670886076
8,4246,-147,-153.675496688742
8,4247,14,-112.140845070423
8,4248,75,25.9385964912281
8,4249,7,-25.2
8,4250,-14,0.524520255863539
8,4251,49,31.5833333333333
8,4252,112,74
8,4253,249,243.428571428571
8,4254,-70,-206.0375
8,4255,-202,-153.675496688742
8,4256,-80,-112.140845070423
8,4257,-111,-93.3461538461538
8,4258,-76,-37.6177105831533
8,4259,-6,-37.6177105831533
8,4260,-35,0.524520255863539
8,4261,-39,-10.6909090909091
8,4262,-38,108.809523809524
8,4263,-54,-10.6909090909091
8,4264,-17,-10.6909090909091
8,4265,4,-37.6177105831533
8,4266,32,0.524520255863539
8,4267,18,25.9385964912281
8,4268,114,79.0252100840336
8,4269,97,135.738095238095
8,4270,118,-72.7826086956522
8,4271,74,44.8620689655172
8,4272,77,7.72727272727273
8,4273,-20,35.48
8,4274,-55,-37.6177105831533
8,4275,17,-37.6177105831533
8,4276,-39,-17.9375
8,4277,42,-37.6177105831533
8,4278,-2,-17.9375
8,4279,-93,31.5833333333333
8,4280,-85,-37.6177105831533
8,4281,-23,-37.6177105831533
8,4282,-20,-37.6177105831533
8,4283,-47,-37.6177105831533
8,4284,-69,-37.6177105831533
8,4285,-66,-10.6909090909091
8,4286,-14,-10.6909090909091
8,4287,-32,0.524520255863539
8,4288,-27,-37.6177105831533
8,4289,5,-37.6177105831533
8,4290,0,0.524520255863539
8,4291,49,0.524520255863539
8,4292,40,183.7578125
8,4293,121,79.0252100840336
8,4294,135,183.7578125
8,4295,73,-72.7826086956522
8,4296,54,7.72727272727273
8,4297,32,35.48
8,4298,3,-17.9375
8,4299,-76,0.524520255863539
8,4300,-29,-37.6177105831533
8,4301,-39,-37.6177105831533
8,4302,-153,-37.6177105831533
8,4303,-44,-37.6177105831533
8,4304,8,-37.6177105831533
8,4305,15,0.524520255863539
8,4306,-51,25.9385964912281
8,4307,-70,-37.6177105831533
8,4308,-54,-10.6909090909091
8,4309,-22,-37.6177105831533
8,4310,-6,-37.6177105831533
8,4311,0,0.524520255863539
8,4312,6,0.524520255863539
8,4313,14,0.524520255863539
8,4314,116,79.0252100840336
8,4315,266,183.7578125
8,4316,198,-72.7826086956522
8,4317,-329,-243.93670886076
8,4318,-63,-116.753846153846
8,4319,47,-93.3461538461538
8,4320,25,35.48
8,4321,4,-17.9375
8,4322,-2,0.524520255863539
8,4323,-13,0.524520255863539
8,4324,177,110.357798165138
8,4325,407,243.428571428571
8,4326,-15,-72.7826086956522
8,4327,-203,-153.675496688742
8,4328,-183,-112.140845070423
8,4329,-140,-93.3461538461538
8,4330,-110,-37.6177105831533
8,4331,-94,-37.6177105831533
8,4332,-66,-37.6177105831533
8,4333,-29,-10.6909090909091
8,4334,-5,108.809523809524
8,4335,-7,0.524520255863539
8,4336,3,0.524520255863539
8,4337,27,0.524520255863539
8,4338,143,79.0252100840336
8,4339,323,183.7578125
8,4340,203,-72.7826086956522
8,4341,-378,-243.93670886076
8,4342,-77,-153.675496688742
9,1,8,37.5864661654135
9,2,-119,-0.173913043478261
9,3,22,-34.6544943820225
9,4,-2,-21.6125
9,5,-36,-0.173913043478261
9,6,-21,-34.6544943820225
9,7,-24,-23.5035971223022
9,8,-15,-23.5035971223022
9,9,-2,-23.5035971223022
9,10,-26,-0.173913043478261
9,11,1,-23.5035971223022
9,12,3,-0.173913043478261
9,13,3,-0.173913043478261
9,14,-13,-0.173913043478261
9,15,-13,-0.173913043478261
9,16,2,-0.173913043478261
9,17,-1,-0.173913043478261
9,18,16,-0.173913043478261
9,19,8,37.5864661654135
9,20,37,-0.173913043478261
9,21,28,37.5864661654135
9,22,33,37.5864661654135
9,23,16,37.5864661654135
9,24,-2,37.5864661654135
9,25,-27,-0.173913043478261
9,26,44,-23.5035971223022
9,27,9,-17.453125
9,28,-77,37.5864661654135
9,29,9,-34.6544943820225
9,30,-16,37.5864661654135
9,31,-23,-23.5035971223022
9,32,-21,-23.5035971223022
9,33,-8,-23.5035971223022
9,34,-5,-0.173913043478261
9,35,-14,-0.173913043478261
9,36,-3,-0.173913043478261
9,37,-2,-0.173913043478261
9,38,-3,-0.173913043478261
9,39,1,-0.173913043478261
9,40,15,-0.173913043478261
9,41,55,37.5864661654135
9,42,123,146.475609756098
9,43,222,113.035714285714
9,44,-212,-231.88275862069
9,45,-134,-152.860927152318
9,46,19,13.7586206896552
9,47,28,37.5864661654135
9,48,22,-21.6125
9,49,-5,-21.6125
9,50,20,-0.173913043478261
9,51,56,108.61320754717
9,52,196,214.80303030303
9,53,-2,-17.453125
9,54,-142,-114.208791208791
9,55,-49,-88.5
9,56,-67,-34.6544943820225
9,57,-45,-34.6544943820225
9,58,-66,-34.6544943820225
9,59,-22,-34.6544943820225
9,60,-8,-23.5035971223022
9,61,-3,-5.88235294117647
9,62,0,-0.173913043478261
9,63,-1,-0.173913043478261
9,64,20,-0.173913043478261
9,65,68,80.2022471910112
9,66,190,146.475609756098
9,67,233,146.475609756098
9,68,-251,-231.88275862069
9,69,-164,-152.860927152318
9,70,14,13.7586206896552
9,71,60,37.5864661654135
9,72,1,-17.453125
9,73,-49,-0.173913043478261
9,74,21,-34.6544943820225
9,75,121,108.61320754717
9,76,257,214.80303030303
9,77,-117,-65
9,78,-125,-152.860927152318
9,79,-97,-119.354166666667
9,80,-75,-89.9354838709677
9,81,-32,-34.6544943820225
9,82,-20,-34.6544943820225
9,83,-35,-23.5035971223022
9,84,-17,-34.6544943820225
9,85,-1,-5.88235294117647
9,86,-1,-0.173913043478261
9,87,-2,-0.173913043478261
9,88,24,-0.173913043478261
9,89,70,80.2022471910112
9,90,226,186.346368715084
9,91,194,146.475609756098
9,92,-284,-231.88275862069
9,93,-111,-114.208791208791
9,94,18,13.7586206896552
9,95,25,37.5864661654135
9,96,7,-21.6125
9,97,-36,-0.173913043478261
9,98,37,-34.6544943820225
9,99,60,108.61320754717
9,100,256,214.80303030303
9,101,-19,-43.1
9,102,-157,-152.860927152318
9,103,-100,-119.354166666667
9,104,-33,-89.9354838709677
9,105,-71,-34.6544943820225
9,106,-49,-34.6544943820225
9,107,-35,-34.6544943820225
9,108,-18,-34.6544943820225
9,109,2,-5.88235294117647
9,110,-6,-0.173913043478261
9,111,2,-0.173913043478261
9,112,17,-0.173913043478261
9,113,67,80.2022471910112
9,114,201,186.346368715084
9,115,210,146.475609756098
9,116,-296,-231.88275862069
9,117,-158,-152.860927152318
9,118,27,13.7586206896552
9,119,-26,37.5864661654135
9,120,19,-23.5035971223022
9,121,-33,-21.6125
9,122,22,-34.6544943820225
9,123,65,108.61320754717
9,124,171,214.80303030303
9,125,64,113.035714285714
9,126,-95,-114.208791208791
9,127,-42,-34.6544943820225
9,128,-71,-34.6544943820225
9,129,-34,-34.6544943820225
9,130,-38,-34.6544943820225
9,131,-39,-34.6544943820225
9,132,-16,-34.6544943820225
9,133,-6,-5.88235294117647
9,134,-11,-0.173913043478261
9,135,0,-0.173913043478261
9,136,15,-0.173913043478261
9,137,55,80.2022471910112
9,138,155,144.980392156863
9,139,294,146.475609756098
9,140,-237,-231.88275862069
9,141,-167,-152.860927152318
9,142,26,-119.354166666667
9,143,56,37.5864661654135
9,144,7,-17.453125
9,145,-35,-0.173913043478261
9,146,51,-34.6544943820225
9,147,86,107.733333333333
9,148,158,214.80303030303
9,149,-88,-43.1
9,150,-95,-114.208791208791
9,151,-111,-34.6544943820225
9,152,-42,-34.6544943820225
9,153,-22,-34.6544943820225
9,154,-25,-23.5035971223022
9,155,4,-23.5035971223022
9,156,-41,-0.173913043478261
9,157,0,-34.6544943820225
9,158,-27,-0.173913043478261
9,159,-11,-23.5035971223022
9,160,-6,-0.173913043478261
9,161,8,-0.173913043478261
9,162,32,-0.173913043478261
9,163,61,37.5864661654135
9,164,36,113.035714285714
9,165,67,37.5864661654135
9,166,81,55.8
9,167,83,55.8333333333333
9,168,15,-43.1
9,169,43,-21.6125
9,170,72,-43.1
9,171,-95,-17.453125
9,172,-40,-34.6544943820225
9,173,-118,-34.6544943820225
9,174,-58,-34.6544943820225
9,175,-40,-34.6544943820225
9,176,-34,-34.6544943820225
9,177,4,-34.6544943820225
9,178,-44,-0.173913043478261
9,179,0,-34.6544943820225
9,180,-2,-0.173913043478261
9,181,-24,-0.173913043478261
9,182,-33,-23.5035971223022
9,183,-12,-34.6544943820225
9,184,-1,-0.173913043478261
9,185,3,-0.173913043478261
9,186,9,-0.173913043478261
9,187,42,37.5864661654135
9,188,37,144.980392156863
9,189,98,37.5864661654135
9,190,35,55.8
9,191,29,37.5864661654135
9,192,6,37.5864661654135
9,193,-24,-0.173913043478261
9,194,16,-23.5035971223022
9,195,-41,-21.6125
9,196,-55,-34.6544943820225
9,197,10,-34.6544943820225
9,198,-48,37.5864661654135
9,199,-16,-34.6544943820225
9,200,-67,-23.5035971223022
9,201,19,-34.6544943820225
9,202,-20,37.5864661654135
9,203,6,-23.5035971223022
9,204,-26,-0.173913043478261
9,205,5,-23.5035971223022
9,206,-12,-0.173913043478261
9,207,-2,-0.173913043478261
9,208,4,-0.173913043478261
9,209,34,-0.173913043478261
9,210,76,37.5864661654135
9,211,-10,186.346368715084
9,212,33,-0.173913043478261
9,213,65,37.5864661654135
9,214,73,113.035714285714
9,215,31,-43.1
9,216,-49,-21.6125
9,217,26,-34.6544943820225
9,218,-9,37.5864661654135
9,219,-27,-0.173913043478261
9,220,-11,-23.5035971223022
9,221,-70,-0.173913043478261
9,222,-46,-34.6544943820225
9,223,-28,-34.6544943820225
9,224,-36,-23.5035971223022
9,225,-36,-34.6544943820225
9,226,-14,-34.6544943820225
9,227,-5,-0.173913043478261
9,228,-4,-0.173913043478261
9,229,-1,-0.173913043478261
9,230,13,-0.173913043478261
9,231,71,80.2022471910112
9,232,193,186.346368715084
9,233,185,146.475609756098
9,234,-247,-231.88275862069
9,235,-132,-114.208791208791
9,236,1,13.7586206896552
9,237,77,-0.173913043478261
9,238,-32,-17.453125
9,239,-7,-34.6544943820225
9,240,36,-0.173913043478261
9,241,94,108.61320754717
9,242,178,214.80303030303
9,243,-7,-104.934782608696
9,244,-121,-114.208791208791
9,245,-77,-88.5
9,246,-73,-34.6544943820225
9,247,-54,-34.6544943820225
9,248,-53,-34.6544943820225
9,249,-23,-34.6544943820225
9,250,-17,-23.5035971223022
9,251,-1,-5.88235294117647
9,252,-2,-0.173913043478261
9,253,-2,-0.173913043478261
9,254,28,-0.173913043478261
9,255,60,80.2022471910112
9,256,212,144.980392156863
9,257,274,146.475609756098
9,258,-324,-231.88275862069
9,259,-113,-152.860927152318
9,260,32,-119.354166666667
9,261,36,37.5864661654135
9,262,-17,-21.6125
9,263,-13,-23.5035971223022
9,264,18,-0.173913043478261
9,265,103,108.61320754717
9,266,231,214.80303030303
9,267,-4,-17.453125
9,268,-198,-152.860927152318
9,269,-53,-88.5
9,270,-35,-89.9354838709677
9,271,-92,-34.6544943820225
9,272,-85,-34.6544943820225
9,273,-20,-34.6544943820225
9,274,-27,-23.5035971223022
9,275,-6,-5.88235294117647
9,276,-3,-0.173913043478261
9,277,-5,-0.173913043478261
9,278,31,-0.173913043478261
9,279,59,80.2022471910112
9,280,235,146.475609756098
9,281,234,186.346368715084
9,282,-318,-231.88275862069
9,283,-94,-152.860927152318
9,284,34,13.7586206896552
9,285,42,-21.6125
9,286,-6,-17.453125
9,287,-26,-0.173913043478261
9,288,25,-23.5035971223022
9,289,126,108.61320754717
9,290,267,214.80303030303
9,291,-88,-65
9,292,-153,-152.860927152318
9,293,-100,-119.354166666667
9,294,-47,-89.9354838709677
9,295,-85,-34.6544943820225
9,296,-52,-34.6544943820225
9,297,-39,-34.6544943820225
9,298,-28,-34.6544943820225
9,299,-13,-5.88235294117647
9,300,0,-0.173913043478261
9,301,-3,-0.173913043478261
9,302,24,-0.173913043478261
9,303,56,80.2022471910112
9,304,190,144.980392156863
9,305,197,186.346368715084
9,306,-225,-231.88275862069
9,307,-103,-114.208791208791
9,308,22,13.7586206896552
9,309,65,37.5864661654135
9,310,-45,-17.453125
9,311,-152,-34.6544943820225
9,312,63,-34.6544943820225
9,313,84,107.733333333333
9,314,78,214.80303030303
9,315,44,-104.934782608696
9,316,-67,-104.934782608696
9,317,-66,-34.6544943820225
9,318,-15,-34.6544943820225
9,319,-46,-23.5035971223022
9,320,-20,-34.6544943820225
9,321,-25,-23.5035971223022
9,322,-15,-23.5035971223022
9,323,-8,-23.5035971223022
9,324,-31,-0.173913043478261
9,325,-5,-34.6544943820225
9,326,1,-0.173913043478261
9,327,10,-0.173913043478261
9,328,10,37.5864661654135
9,329,70,37.5864661654135
9,330,29,146.475609756098
9,331,61,37.5864661654135
9,332,27,55.8333333333333
9,333,48,37.5864661654135
9,334,-32,55.8333333333333
9,335,-10,-34.6544943820225
9,336,16,-0.173913043478261
9,337,-37,37.5864661654135
9,338,-36,-34.6544943820225
9,339,-26,-34.6544943820225
9,340,16,-23.5035971223022
9,341,-44,37.5864661654135
9,342,-20,-34.6544943820225
9,343,-3,-23.5035971223022
9,344,9,-0.173913043478261
9,345,-21,80.2022471910112
9,346,-15,-23.5035971223022
9,347,-13,-23.5035971223022
9,348,-21,-0.173913043478261
9,349,-15,-23.5035971223022
9,350,-1,-23.5035971223022
9,351,-3,-0.173913043478261
9,352,20,-0.173913043478261
9,353,37,37.5864661654135
9,354,28,37.5864661654135
9,355,101,37.5864661654135
9,356,39,113.444444444444
9,357,78,37.5864661654135
9,358,20,-43.1
9,359,6,37.5864661654135
9,360,22,-0.173913043478261
9,361,-14,37.5864661654135
9,362,-52,-0.173913043478261
9,363,-71,-34.6544943820225
9,364,-73,-34.6544943820225
9,365,-55,-34.6544943820225
9,366,-5,-34.6544943820225
9,367,-12,-0.173913043478261
9,368,-7,-0.173913043478261
9,369,-35,-0.173913043478261
9,370,-23,-34.6544943820225
9,371,-2,-23.5035971223022
9,372,-2,-0.173913043478261
9,373,-1,-0.173913043478261
9,374,15,-0.173913043478261
9,375,74,37.5864661654135
9,376,190,186.346368715084
9,377,248,186.346368715084
9,378,-298,-231.88275862069
9,379,-126,-152.860927152318
9,380,-1,-119.354166666667
9,381,74,-0.173913043478261
9,382,5,-17.453125
9,383,-24,-0.173913043478261
9,384,16,-23.5035971223022
9,385,112,108.61320754717
9,386,243,214.80303030303
9,387,-2,-65
9,388,-193,-152.860927152318
9,389,-115,-119.354166666667
9,390,-24,-89.9354838709677
9,391,-103,-23.5035971223022
9,392,-36,-34.6544943820225
9,393,-46,-34.6544943820225
9,394,-4,-34.6544943820225
9,395,-3,-5.88235294117647
9,396,3,-0.173913043478261
9,397,-4,-0.173913043478261
9,398,19,-0.173913043478261
9,399,80,80.2022471910112
9,400,224,186.346368715084
9,401,234,113.035714285714
9,402,-327,-231.88275862069
9,403,-100,-152.860927152318
9,404,31,13.7586206896552
9,405,20,37.5864661654135
9,406,7,-21.6125
9,407,-56,-0.173913043478261
9,408,32,-34.6544943820225
9,409,121,108.61320754717
9,410,243,214.80303030303
9,411,-81,-65
9,412,-143,-152.860927152318
9,413,-102,-119.354166666667
9,414,-16,-89.9354838709677
9,415,-87,-23.5035971223022
9,416,-36,-34.6544943820225
9,417,-33,-34.6544943820225
9,418,-26,-34.6544943820225
9,419,-2,-5.88235294117647
9,420,-2,-0.173913043478261
9,421,27,-0.173913043478261
9,422,75,37.5864661654135
9,423,149,186.346368715084
9,424,-137,186.346368715084
9,425,-78,-114.208791208791
9,426,-28,-34.6544943820225
9,427,0,-23.5035971223022
9,428,60,-0.173913043478261
9,429,6,-17.453125
9,430,-20,-0.173913043478261
9,431,34,-23.5035971223022
9,432,77,108.61320754717
9,433,86,55.8
9,434,-61,-43.1
9,435,-90,-34.6544943820225
9,436,-5,-34.6544943820225
9,437,-58,-0.173913043478261
9,438,16,-34.6544943820225
9,439,-22,-21.6125
9,440,-22,-23.5035971223022
9,441,1,-23.5035971223022
9,442,-6,-0.173913043478261
9,443,-3,-0.173913043478261
9,444,2,-0.173913043478261
9,445,13,-0.173913043478261
9,446,91,37.5864661654135
9,447,195,146.475609756098
9,448,290,113.035714285714
9,449,-308,-231.88275862069
9,450,-153,-152.860927152318
9,451,35,-119.354166666667
9,452,52,37.5864661654135
9,453,-9,-17.453125
9,454,0,-0.173913043478261
9,455,12,-0.173913043478261
9,456,138,108.61320754717
9,457,239,214.80303030303
9,458,-75,-65
9,459,-197,-152.860927152318
9,460,-74,-88.5
9,461,-57,-89.9354838709677
9,462,-71,-34.6544943820225
9,463,-41,-34.6544943820225
9,464,-39,-34.6544943820225
9,465,-26,-34.6544943820225
9,466,-14,-5.88235294117647
9,467,-3,-0.173913043478261
9,468,-1,-0.173913043478261
9,469,22,-0.173913043478261
9,470,68,80.2022471910112
9,471,170,186.346368715084
9,472,287,186.346368715084
9,473,-235,-231.88275862069
9,474,-182,-152.860927152318
9,475,62,-119.354166666667
9,476,40,-17.453125
9,477,-12,-21.6125
9,478,-17,-0.173913043478261
9,479,-127,-23.5035971223022
9,480,-28,73.2
9,481,78,167.666666666667
9,482,32,-17.453125
9,483,14,-21.6125
9,484,-74,37.5864661654135
9,485,1,-34.6544943820225
9,486,-26,-0.173913043478261
9,487,-52,-23.5035971223022
9,488,-1,-34.6544943820225
9,489,22,-0.173913043478261
9,490,-6,37.5864661654135
9,491,-17,-0.173913043478261
9,492,-19,-23.5035971223022
9,493,0,-23.5035971223022
9,494,5,-0.173913043478261
9,495,9,-0.173913043478261
9,496,32,37.5864661654135
9,497,46,37.5864661654135
9,498,74,7.5625
9,499,46,55.8
9,500,85,55.8333333333333
9,501,40,55.8333333333333
9,502,91,37.5864661654135
9,503,-31,-43.1
9,504,68,-34.6544943820225
9,505,-82,-43.1
9,506,-82,-34.6544943820225
9,507,-78,-34.6544943820225
9,508,-76,-34.6544943820225
9,509,5,-34.6544943820225
9,510,-20,-0.173913043478261
9,511,-28,-23.5035971223022
9,512,-34,-23.5035971223022
9,513,4,-34.6544943820225
9,514,4,-0.173913043478261
9,515,-54,-0.173913043478261
9,516,-12,-34.6544943820225
9,517,-9,-0.173913043478261
9,518,0,-0.173913043478261
9,519,18,-0.173913043478261
9,520,43,80.2022471910112
9,521,52,113.035714285714
9,522,74,144.980392156863
9,523,64,113.444444444444
9,524,71,55.8
9,525,37,55.8333333333333
9,526,-32,37.5864661654135
9,527,2,-34.6544943820225
9,528,-35,-0.173913043478261
9,529,-36,-34.6544943820225
9,530,-79,-34.6544943820225
9,531,-52,-34.6544943820225
9,532,-44,-34.6544943820225
9,533,-9,-34.6544943820225
9,534,-17,-0.173913043478261
9,535,-36,-23.5035971223022
9,536,-9,-34.6544943820225
9,537,-11,-0.173913043478261
9,538,-2,-0.173913043478261
9,539,-3,-0.173913043478261
9,540,0,-0.173913043478261
9,541,17,-0.173913043478261
9,542,73,37.5864661654135
9,543,169,146.475609756098
9,544,168,146.475609756098
9,545,-231,-231.88275862069
9,546,-111,-114.208791208791
9,547,17,13.7586206896552
9,548,34,37.5864661654135
9,549,-17,-21.6125
9,550,8,-23.5035971223022
9,551,2,-0.173913043478261
9,552,80,108.61320754717
9,553,177,214.80303030303
9,554,-12,-17.453125
9,555,-149,-114.208791208791
9,556,-47,-88.5
9,557,-59,-34.6544943820225
9,558,-42,-34.6544943820225
9,559,-47,-34.6544943820225
9,560,-23,-34.6544943820225
9,561,-2,-23.5035971223022
9,562,-2,-5.88235294117647
9,563,-3,-0.173913043478261
9,564,2,-0.173913043478261
9,565,22,-0.173913043478261
9,566,77,80.2022471910112
9,567,173,186.346368715084
9,568,226,113.035714285714
9,569,-268,-231.88275862069
9,570,-104,-152.860927152318
9,571,1,13.7586206896552
9,572,8,-0.173913043478261
9,573,26,-0.173913043478261
9,574,-28,-21.6125
9,575,30,-23.5035971223022
9,576,84,108.61320754717
9,577,196,214.80303030303
9,578,11,55.8333333333333
9,579,-170,-114.208791208791
9,580,-100,-88.5
9,581,-39,-34.6544943820225
9,582,-42,-34.6544943820225
9,583,-52,-34.6544943820225
9,584,-39,-34.6544943820225
9,585,-10,-34.6544943820225
9,586,-1,-5.88235294117647
9,587,-1,-0.173913043478261
9,588,0,-0.173913043478261
9,589,15,-0.173913043478261
9,590,90,80.2022471910112
9,591,236,186.346368715084
9,592,222,146.475609756098
9,593,-302,-231.88275862069
9,594,-117,-152.860927152318
9,595,14,13.7586206896552
9,596,54,37.5864661654135
9,597,-10,-17.453125
9,598,-30,-0.173913043478261
9,599,34,-34.6544943820225
9,600,79,108.61320754717
9,601,324,214.80303030303
9,602,-68,-104.934782608696
9,603,-183,-152.860927152318
9,604,-101,-119.354166666667
9,605,-72,-89.9354838709677
9,606,-29,-34.6544943820225
9,607,-97,-34.6544943820225
9,608,-16,-34.6544943820225
9,609,-25,-23.5035971223022
9,610,-10,35
9,611,-8,-0.173913043478261
9,612,-1,-0.173913043478261
9,613,27,-0.173913043478261
9,614,80,80.2022471910112
9,615,225,146.475609756098
9,616,251,186.346368715084
9,617,-284,-231.88275862069
9,618,-163,-152.860927152318
9,619,66,-119.354166666667
9,620,47,-17.453125
9,621,-18,-17.453125
9,622,-30,-23.5035971223022
9,623,-18,-34.6544943820225
9,624,157,108.61320754717
9,625,255,214.80303030303
9,626,-7,-65
9,627,-174,-152.860927152318
9,628,-114,-119.354166666667
9,629,-69,-89.9354838709677
9,630,-80,-34.6544943820225
9,631,-59,-34.6544943820225
9,632,-40,-34.6544943820225
9,633,-28,-34.6544943820225
9,634,-15,-5.88235294117647
9,635,-4,-23.5035971223022
9,636,-6,-0.173913043478261
9,637,28,-0.173913043478261
9,638,56,80.2022471910112
9,639,183,144.980392156863
9,640,233,186.346368715084
9,641,-217,-231.88275862069
9,642,-125,-152.860927152318
9,643,28,13.7586206896552
9,644,14,37.5864661654135
9,645,23,-21.6125
9,646,-46,-21.6125
9,647,60,-34.6544943820225
9,648,105,107.733333333333
9,649,223,214.80303030303
9,650,-96,55.8333333333333
9,651,-226,-152.860927152318
9,652,-85,-88.5
9,653,-18,13.7586206896552
9,654,-34,-23.5035971223022
9,655,-21,-34.6544943820225
9,656,-9,-23.5035971223022
9,657,-26,-0.173913043478261
9,658,-9,-5.88235294117647
9,659,-26,-0.173913043478261
9,660,-12,-23.5035971223022
9,661,6,-0.173913043478261
9,662,2,-0.173913043478261
9,663,28,-0.173913043478261
9,664,71,37.5864661654135
9,665,37,113.444444444444
9,666,75,37.5864661654135
9,667,51,55.8
9,668,55,55.8333333333333
9,669,28,-43.1
9,670,22,37.5864661654135
9,671,27,-21.6125
9,672,-16,-21.6125
9,673,-36,-23.5035971223022
9,674,-57,-34.6544943820225
9,675,-113,-34.6544943820225
9,676,-63,-34.6544943820225
9,677,-11,-34.6544943820225
9,678,-10,-0.173913043478261
9,679,-17,-0.173913043478261
9,680,-14,-23.5035971223022
9,681,-8,-0.173913043478261
9,682,5,-0.173913043478261
9,683,-44,-0.173913043478261
9,684,-15,-34.6544943820225
9,685,3,-23.5035971223022
9,686,7,-0.173913043478261
9,687,55,-0.173913043478261
9,688,18,146.475609756098
9,689,128,37.5864661654135
9,690,81,107.733333333333
9,691,111,11.3636363636364
9,692,54,55.8333333333333
9,693,37,11.3636363636364
9,694,-14,-21.6125
9,695,22,-0.173913043478261
9,696,-11,-21.6125
9,697,-109,-0.173913043478261
9,698,-131,-34.6544943820225
9,699,-87,-34.6544943820225
9,700,-24,-34.6544943820225
9,701,-53,-23.5035971223022
9,702,-42,-34.6544943820225
9,703,-28,-34.6544943820225
9,704,-14,-23.5035971223022
9,705,-1,-0.173913043478261
9,706,-7,-0.173913043478261
9,707,1,-0.173913043478261
9,708,13,-0.173913043478261
9,709,72,80.2022471910112
9,710,180,186.346368715084
9,711,296,146.475609756098
9,712,-283,-231.88275862069
9,713,-144,-152.860927152318
9,714,13,-119.354166666667
9,715,71,37.5864661654135
9,716,29,-17.453125
9,717,-29,-21.6125
9,718,12,-34.6544943820225
9,719,99,108.61320754717
9,720,312,214.80303030303
9,721,68,-17.453125
9,722,-266,-152.860927152318
9,723,-160,-119.354166666667
9,724,-81,13.7586206896552
9,725,-72,-34.6544943820225
9,726,-70,-34.6544943820225
9,727,-37,-34.6544943820225
9,728,-10,-34.6544943820225
9,729,-15,-5.88235294117647
9,730,1,-23.5035971223022
9,731,-1,-0.173913043478261
9,732,23,-0.173913043478261
9,733,89,80.2022471910112
9,734,195,186.346368715084
9,735,285,146.475609756098
9,736,-251,-231.88275862069
9,737,-199,-152.860927152318
9,738,76,-119.354166666667
9,739,25,-17.453125
9,740,-11,-21.6125
9,741,-21,-0.173913043478261
9,742,52,-23.5035971223022
9,743,101,107.733333333333
9,744,311,214.80303030303
9,745,58,-104.934782608696
9,746,-255,-152.860927152318
9,747,-128,-119.354166666667
9,748,-107,13.7586206896552
9,749,-74,-34.6544943820225
9,750,-83,-34.6544943820225
9,751,-48,-34.6544943820225
9,752,-12,-34.6544943820225
9,753,-25,-5.88235294117647
9,754,2,-23.5035971223022
9,755,1,-0.173913043478261
9,756,22,-0.173913043478261
9,757,94,80.2022471910112
9,758,247,186.346368715084
9,759,294,146.475609756098
9,760,-311,-231.88275862069
9,761,-163,-152.860927152318
9,762,32,-119.354166666667
9,763,47,37.5864661654135
9,764,-13,-17.453125
9,765,-30,-0.173913043478261
9,766,59,-34.6544943820225
9,767,73,107.733333333333
9,768,426,214.80303030303
9,769,-33,-104.934782608696
9,770,-277,-152.860927152318
9,771,-142,-119.354166666667
9,772,-42,13.7586206896552
9,773,-86,-34.6544943820225
9,774,-111,-34.6544943820225
9,775,-31,-34.6544943820225
9,776,-37,-34.6544943820225
9,777,-4,73.2
9,778,-12,-0.173913043478261
9,779,7,-0.173913043478261
9,780,12,-0.173913043478261
9,781,91,80.2022471910112
9,782,264,186.346368715084
9,783,242,107.733333333333
9,784,-308,-231.88275862069
9,785,-151,-152.860927152318
9,786,47,13.7586206896552
9,787,54,-17.453125
9,788,8,-17.453125
9,789,-15,-0.173913043478261
9,790,29,-23.5035971223022
9,791,139,108.61320754717
9,792,287,214.80303030303
9,793,33,-65
9,794,-321,-152.860927152318
9,795,-95,-119.354166666667
9,796,-87,13.7586206896552
9,797,-74,-34.6544943820225
9,798,-72,-34.6544943820225
9,799,-40,-34.6544943820225
9,800,-31,-34.6544943820225
9,801,-22,73.2
9,802,-1,-23.5035971223022
9,803,0,-0.173913043478261
9,804,29,-0.173913043478261
9,805,67,80.2022471910112
9,806,179,186.346368715084
9,807,284,186.346368715084
9,808,-250,-231.88275862069
9,809,-132,-152.860927152318
9,810,27,-119.354166666667
9,811,87,37.5864661654135
9,812,-34,-17.453125
9,813,-58,-34.6544943820225
9,814,-95,-34.6544943820225
9,815,22,73.2
9,816,129,-5.88235294117647
9,817,150,-17.453125
9,818,-112,-65
9,819,-61,-114.208791208791
9,820,-83,-34.6544943820225
9,821,-4,-34.6544943820225
9,822,-22,-0.173913043478261
9,823,-26,-23.5035971223022
9,824,-31,-23.5035971223022
9,825,-27,-34.6544943820225
9,826,-16,108.61320754717
9,827,-24,-23.5035971223022
9,828,6,-23.5035971223022
9,829,22,-0.173913043478261
9,830,56,37.5864661654135
9,831,132,144.980392156863
9,832,103,113.444444444444
9,833,122,-231.88275862069
9,834,142,55.8
9,835,66,-231.88275862069
9,836,35,-114.208791208791
9,837,4,-21.6125
9,838,-11,-0.173913043478261
9,839,6,-0.173913043478261
9,840,-37,167.666666666667
9,841,-88,-34.6544943820225
9,842,-143,-34.6544943820225
9,843,-146,-34.6544943820225
9,844,-48,-34.6544943820225
9,845,-12,-34.6544943820225
9,846,-26,-0.173913043478261
9,847,-78,-23.5035971223022
9,848,6,-34.6544943820225
9,849,-57,-0.173913043478261
9,850,-38,-34.6544943820225
9,851,-4,-34.6544943820225
9,852,-8,-0.173913043478261
9,853,5,-0.173913043478261
9,854,31,-0.173913043478261
9,855,54,80.2022471910112
9,856,82,144.980392156863
9,857,173,107.733333333333
9,858,17,55.8333333333333
9,859,135,-114.208791208791
9,860,41,-43.1
9,861,-23,11.3636363636364
9,862,33,-23.5035971223022
9,863,-13,-21.6125
9,864,0,-0.173913043478261
9,865,-82,-0.173913043478261
9,866,-107,-34.6544943820225
9,867,-154,-34.6544943820225
9,868,-25,-34.6544943820225
9,869,-73,-23.5035971223022
9,870,-54,-34.6544943820225
9,871,-23,-34.6544943820225
9,872,-8,-23.5035971223022
9,873,-7,-0.173913043478261
9,874,-6,-0.173913043478261
9,875,1,-0.173913043478261
9,876,28,-0.173913043478261
9,877,89,80.2022471910112
9,878,234,186.346368715084
9,879,225,146.475609756098
9,880,-248,-231.88275862069
9,881,-147,-152.860927152318
9,882,17,13.7586206896552
9,883,81,37.5864661654135
9,884,-19,-17.453125
9,885,-3,-23.5035971223022
9,886,26,-0.173913043478261
9,887,99,108.61320754717
9,888,336,214.80303030303
9,889,80,-104.934782608696
9,890,-252,-152.860927152318
9,891,-219,-119.354166666667
9,892,-107,13.7586206896552
9,893,-75,13.7586206896552
9,894,-94,-34.6544943820225
9,895,-25,-34.6544943820225
9,896,-14,-23.5035971223022
9,897,-5,-5.88235294117647
9,898,-7,-0.173913043478261
9,899,3,-0.173913043478261
9,900,14,-0.173913043478261
9,901,80,80.2022471910112
9,902,70,186.346368715084
9,903,346,146.475609756098
9,904,-191,-104.934782608696
9,905,-162,-152.860927152318
9,906,67,-119.354166666667
9,907,31,-17.453125
9,908,23,-21.6125
9,909,-36,-21.6125
9,910,-4,-34.6544943820225
9,911,187,-0.173913043478261
9,912,319,214.80303030303
9,913,51,-65
9,914,-246,-152.860927152318
9,915,-178,-119.354166666667
9,916,-100,13.7586206896552
9,917,-89,-34.6544943820225
9,918,-98,-34.6544943820225
9,919,-57,-34.6544943820225
9,920,-7,-34.6544943820225
9,921,-16,-5.88235294117647
9,922,-2,-23.5035971223022
9,923,-4,-0.173913043478261
9,924,35,-0.173913043478261
9,925,110,80.2022471910112
9,926,223,186.346368715084
9,927,163,-65
9,928,-242,-231.88275862069
9,929,-139,-114.208791208791
9,930,38,13.7586206896552
9,931,37,-21.6125
9,932,74,-21.6125
9,933,-78,-104.934782608696
9,934,18,-34.6544943820225
9,935,135,108.61320754717
9,936,351,214.80303030303
9,937,50,-65
9,938,-197,-152.860927152318
9,939,-208,-119.354166666667
9,940,-123,-89.9354838709677
9,941,-54,13.7586206896552
9,942,-72,-34.6544943820225
9,943,-84,-34.6544943820225
9,944,-11,-34.6544943820225
9,945,-24,-5.88235294117647
9,946,1,-23.5035971223022
9,947,-1,-0.173913043478261
9,948,28,-0.173913043478261
9,949,102,80.2022471910112
9,950,225,186.346368715084
9,951,288,146.475609756098
9,952,-331,-231.88275862069
9,953,-176,-152.860927152318
9,954,77,-119.354166666667
9,955,53,-17.453125
9,956,26,-17.453125
9,957,-41,-21.6125
9,958,47,-34.6544943820225
9,959,121,107.733333333333
9,960,385,214.80303030303
9,961,-9,-175.6
9,962,-215,-152.860927152318
9,963,-162,-119.354166666667
9,964,-50,13.7586206896552
9,965,-154,-34.6544943820225
9,966,-69,-34.6544943820225
9,967,-56,-34.6544943820225
9,968,-45,-34.6544943820225
9,969,-18,73.2
9,970,-22,-23.5035971223022
9,971,-7,-23.5035971223022
9,972,31,-0.173913043478261
9,973,82,80.2022471910112
9,974,230,186.346368715084
9,975,316,186.346368715084
9,976,-282,-231.88275862069
9,977,-105,-152.860927152318
9,978,43,-119.354166666667
9,979,153,-17.453125
9,980,-43,-17.453125
9,981,4,-114.208791208791
9,982,40,-0.173913043478261
9,983,117,108.61320754717
9,984,368,214.80303030303
9,985,-127,-175.6
9,986,-144,-152.860927152318
9,987,-241,-119.354166666667
9,988,-161,-89.9354838709677
9,989,-13,13.7586206896552
9,990,-95,-0.173913043478261
9,991,-20,-34.6544943820225
9,992,-28,-23.5035971223022
9,993,-59,35
9,994,-37,73.2
9,995,-25,-34.6544943820225
9,996,-3,-23.5035971223022
9,997,24,-0.173913043478261
9,998,42,80.2022471910112
9,999,84,144.980392156863
9,1000,95,186.346368715084
9,1001,96,107.733333333333
9,1002,-72,55.8
9,1003,-90,-34.6544943820225
9,1004,13,-34.6544943820225
9,1005,27,-21.6125
9,1006,67,-21.6125
9,1007,-113,-17.453125
9,1008,-62,-34.6544943820225
9,1009,22,-34.6544943820225
9,1010,-4,80.2022471910112
9,1011,-22,-0.173913043478261
9,1012,-7,-23.5035971223022
9,1013,-21,-0.173913043478261
9,1014,22,-23.5035971223022
9,1015,-25,80.2022471910112
9,1016,9,-23.5035971223022
9,1017,-54,37.5864661654135
9,1018,-17,-34.6544943820225
9,1019,-10,-23.5035971223022
9,1020,-2,-0.173913043478261
9,1021,12,-0.173913043478261
9,1022,21,37.5864661654135
9,1023,50,37.5864661654135
9,1024,29,144.980392156863
9,1025,132,80.2022471910112
9,1026,73,55.8
9,1027,37,11.3636363636364
9,1028,7,37.5864661654135
9,1029,47,-0.173913043478261
9,1030,7,-43.1
9,1031,71,-0.173913043478261
9,1032,-73,-43.1
9,1033,72,-34.6544943820225
9,1034,-116,55.8333333333333
9,1035,-116,-34.6544943820225
9,1036,-110,-34.6544943820225
9,1037,-38,-34.6544943820225
9,1038,-46,-34.6544943820225
9,1039,-32,-34.6544943820225
9,1040,-5,-34.6544943820225
9,1041,-8,-0.173913043478261
9,1042,-19,-0.173913043478261
9,1043,3,-23.5035971223022
9,1044,32,-0.173913043478261
9,1045,81,80.2022471910112
9,1046,253,186.346368715084
9,1047,287,-104.934782608696
9,1048,-375,-231.88275862069
9,1049,-129,-152.860927152318
9,1050,25,-119.354166666667
9,1051,101,-21.6125
9,1052,22,-17.453125
9,1053,-84,-21.6125
9,1054,6,-34.6544943820225
9,1055,82,108.61320754717
9,1056,359,214.80303030303
9,1057,20,-17.453125
9,1058,-226,-152.860927152318
9,1059,-237,-119.354166666667
9,1060,-35,13.7586206896552
9,1061,-93,13.7586206896552
9,1062,-45,-34.6544943820225
9,1063,-38,-34.6544943820225
9,1064,-5,-34.6544943820225
9,1065,2,-5.88235294117647
9,1066,-3,-0.173913043478261
9,1067,-1,-0.173913043478261
9,1068,14,-0.173913043478261
9,1069,84,80.2022471910112
9,1070,185,186.346368715084
9,1071,295,113.035714285714
9,1072,-314,-231.88275862069
9,1073,-129,-152.860927152318
9,1074,37,-119.354166666667
9,1075,45,37.5864661654135
9,1076,-9,-17.453125
9,1077,-27,-0.173913043478261
9,1078,16,-23.5035971223022
9,1079,105,108.61320754717
9,1080,309,214.80303030303
9,1081,30,-17.453125
9,1082,-227,-152.860927152318
9,1083,-123,-119.354166666667
9,1084,-73,13.7586206896552
9,1085,-87,-34.6544943820225
9,1086,-70,-34.6544943820225
9,1087,-34,-34.6544943820225
9,1088,-22,-34.6544943820225
9,1089,-5,-5.88235294117647
9,1090,2,-0.173913043478261
9,1091,-4,-0.173913043478261
9,1092,39,-0.173913043478261
9,1093,75,80.2022471910112
9,1094,243,186.346368715084
9,1095,300,146.475609756098
9,1096,-344,-231.88275862069
9,1097,-141,-152.860927152318
9,1098,49,-119.354166666667
9,1099,46,-17.453125
9,1100,5,-17.453125
9,1101,-52,-0.173913043478261
9,1102,-22,-34.6544943820225
9,1103,22,108.61320754717
9,1104,383,167.666666666667
9,1105,37,-17.453125
9,1106,-185,-152.860927152318
9,1107,-94,-119.354166666667
9,1108,-101,-89.9354838709677
9,1109,-89,-34.6544943820225
9,1110,-79,-34.6544943820225
9,1111,-45,-34.6544943820225
9,1112,-15,-34.6544943820225
9,1113,-27,-5.88235294117647
9,1114,-1,-23.5035971223022
9,1115,4,-0.173913043478261
9,1116,23,-0.173913043478261
9,1117,85,80.2022471910112
9,1118,250,186.346368715084
9,1119,287,113.444444444444
9,1120,-333,-231.88275862069
9,1121,-155,-152.860927152318
9,1122,54,-119.354166666667
9,1123,72,-17.453125
9,1124,-19,-17.453125
9,1125,-35,-23.5035971223022
9,1126,69,-34.6544943820225
9,1127,81,107.733333333333
9,1128,315,214.80303030303
9,1129,-22,-104.934782608696
9,1130,-213,-152.860927152318
9,1131,-133,-119.354166666667
9,1132,-111,13.7586206896552
9,1133,-72,-34.6544943820225
9,1134,-58,-34.6544943820225
9,1135,-35,-34.6544943820225
9,1136,-32,-34.6544943820225
9,1137,-20,73.2
9,1138,0,-23.5035971223022
9,1139,-5,-0.173913043478261
9,1140,24,-0.173913043478261
9,1141,60,80.2022471910112
9,1142,203,144.980392156863
9,1143,304,186.346368715084
9,1144,-272,-231.88275862069
9,1145,-134,-152.860927152318
9,1146,14,-119.354166666667
9,1147,69,37.5864661654135
9,1148,-28,-17.453125
9,1149,-13,-23.5035971223022
9,1150,51,-0.173913043478261
9,1151,87,107.733333333333
9,1152,239,214.80303030303
9,1153,-46,-104.934782608696
9,1154,-165,-152.860927152318
9,1155,-186,-88.5
9,1156,11,-89.9354838709677
9,1157,-67,-21.6125
9,1158,-30,-34.6544943820225
9,1159,-31,-34.6544943820225
9,1160,-10,-34.6544943820225
9,1161,-13,-5.88235294117647
9,1162,-38,-0.173913043478261
9,1163,-23,-34.6544943820225
9,1164,-3,-23.5035971223022
9,1165,18,-0.173913043478261
9,1166,21,80.2022471910112
9,1167,101,80.2022471910112
9,1168,78,146.475609756098
9,1169,90,107.733333333333
9,1170,150,55.8
9,1171,158,55.8333333333333
9,1172,17,-231.88275862069
9,1173,-87,-114.208791208791
9,1174,54,-34.6544943820225
9,1175,-70,-17.453125
9,1176,8,-34.6544943820225
9,1177,-202,-0.173913043478261
9,1178,-57,-34.6544943820225
9,1179,-76,13.7586206896552
9,1180,-65,-34.6544943820225
9,1181,13,-34.6544943820225
9,1182,-44,37.5864661654135
9,1183,-45,-34.6544943820225
9,1184,-5,73.2
9,1185,19,-0.173913043478261
9,1186,-56,80.2022471910112
9,1187,-13,-34.6544943820225
9,1188,6,-0.173913043478261
9,1189,79,-0.173913043478261
9,1190,-13,186.346368715084
9,1191,41,-0.173913043478261
9,1192,150,37.5864661654135
9,1193,85,107.733333333333
9,1194,91,-175.6
9,1195,-6,-104.934782608696
9,1196,19,-0.173913043478261
9,1197,97,37.5864661654135
9,1198,12,-17.453125
9,1199,-62,-21.6125
9,1200,44,-34.6544943820225
9,1201,-123,113.035714285714
9,1202,-86,-34.6544943820225
9,1203,-114,-34.6544943820225
9,1204,-98,-34.6544943820225
9,1205,-66,-34.6544943820225
9,1206,-5,-34.6544943820225
9,1207,-46,-0.173913043478261
9,1208,-12,-34.6544943820225
9,1209,0,-0.173913043478261
9,1210,-1,-0.173913043478261
9,1211,20,-0.173913043478261
9,1212,86,80.2022471910112
9,1213,196,113.035714285714
9,1214,283,186.346368715084
9,1215,-272,-231.88275862069
9,1216,-113,-152.860927152318
9,1217,5,-119.354166666667
9,1218,72,-0.173913043478261
9,1219,0,-17.453125
9,1220,-13,-0.173913043478261
9,1221,56,-0.173913043478261
9,1222,71,107.733333333333
9,1223,334,214.80303030303
9,1224,-111,-104.934782608696
9,1225,-124,-152.860927152318
9,1226,-165,-119.354166666667
9,1227,-91,-89.9354838709677
9,1228,-115,-34.6544943820225
9,1229,-57,-34.6544943820225
9,1230,-33,-34.6544943820225
9,1231,-22,-34.6544943820225
9,1232,-6,-5.88235294117647
9,1233,-2,-0.173913043478261
9,1234,-2,-0.173913043478261
9,1235,26,-0.173913043478261
9,1236,73,80.2022471910112
9,1237,241,186.346368715084
9,1238,263,146.475609756098
9,1239,-196,-231.88275862069
9,1240,-189,-152.860927152318
9,1241,39,-119.354166666667
9,1242,73,37.5864661654135
9,1243,14,-17.453125
9,1244,-34,-21.6125
9,1245,5,-34.6544943820225
9,1246,169,108.61320754717
9,1247,272,214.80303030303
9,1248,43,-65
9,1249,-242,-152.860927152318
9,1250,-179,-119.354166666667
9,1251,-136,13.7586206896552
9,1252,-85,-34.6544943820225
9,1253,-79,-34.6544943820225
9,1254,-38,-34.6544943820225
9,1255,-30,-34.6544943820225
9,1256,-6,73.2
9,1257,-2,-0.173913043478261
9,1258,-2,-0.173913043478261
9,1259,26,-0.173913043478261
9,1260,99,80.2022471910112
9,1261,240,186.346368715084
9,1262,318,186.346368715084
9,1263,-321,-231.88275862069
9,1264,-196,-152.860927152318
9,1265,46,-119.354166666667
9,1266,70,-17.453125
9,1267,-32,-17.453125
9,1268,7,-34.6544943820225
9,1269,10,-0.173913043478261
9,1270,122,108.61320754717
9,1271,354,214.80303030303
9,1272,15,-65
9,1273,-265,-152.860927152318
9,1274,-122,-119.354166666667
9,1275,-74,13.7586206896552
9,1276,-117,-34.6544943820225
9,1277,-50,-34.6544943820225
9,1278,-86,-34.6544943820225
9,1279,-32,-34.6544943820225
9,1280,5,73.2
9,1281,-13,-0.173913043478261
9,1282,-4,-0.173913043478261
9,1283,28,-0.173913043478261
9,1284,97,80.2022471910112
9,1285,228,186.346368715084
9,1286,284,186.346368715084
9,1287,-287,-231.88275862069
9,1288,-105,-152.860927152318
9,1289,22,-119.354166666667
9,1290,8,37.5864661654135
9,1291,15,-0.173913043478261
9,1292,-4,-21.6125
9,1293,-18,-0.173913043478261
9,1294,133,108.61320754717
9,1295,420,214.80303030303
9,1296,-124,-65
9,1297,-211,-152.860927152318
9,1298,-175,-119.354166666667
9,1299,-78,13.7586206896552
9,1300,-85,-34.6544943820225
9,1301,-13,-34.6544943820225
9,1302,-75,-0.173913043478261
9,1303,-23,-34.6544943820225
9,1304,-27,-5.88235294117647
9,1305,-3,-23.5035971223022
9,1306,-3,-0.173913043478261
9,1307,18,-0.173913043478261
9,1308,57,80.2022471910112
9,1309,166,144.980392156863
9,1310,262,186.346368715084
9,1311,-132,-231.88275862069
9,1312,-138,-152.860927152318
9,1313,53,-119.354166666667
9,1314,46,-17.453125
9,1315,74,-17.453125
9,1316,79,-104.934782608696
9,1317,47,-104.934782608696
9,1318,-1,107.733333333333
9,1319,119,167.666666666667
9,1320,-171,-43.1
9,1321,-72,-79.4
9,1322,-160,-34.6544943820225
9,1323,-62,-34.6544943820225
9,1324,-32,-34.6544943820225
9,1325,-45,-34.6544943820225
9,1326,-19,-34.6544943820225
9,1327,-25,-23.5035971223022
9,1328,-33,-5.88235294117647
9,1329,-8,-34.6544943820225
9,1330,-21,-0.173913043478261
9,1331,-5,-23.5035971223022
9,1332,17,-0.173913043478261
9,1333,35,80.2022471910112
9,1334,69,37.5864661654135
9,1335,153,186.346368715084
9,1336,87,113.444444444444
9,1337,132,-231.88275862069
9,1338,95,55.8333333333333
9,1339,53,-231.88275862069
9,1340,-65,-43.1
9,1341,48,-34.6544943820225
9,1342,-11,-43.1
9,1343,-48,-0.173913043478261
9,1344,-50,-34.6544943820225
9,1345,-104,-34.6544943820225
9,1346,-205,-34.6544943820225
9,1347,26,-34.6544943820225
9,1348,-52,-21.6125
9,1349,-64,-34.6544943820225
9,1350,-33,-34.6544943820225
9,1351,-21,-34.6544943820225
9,1352,-32,-23.5035971223022
9,1353,-6,73.2
9,1354,-19,-0.173913043478261
9,1355,5,-23.5035971223022
9,1356,16,-0.173913043478261
9,1357,9,80.2022471910112
9,1358,47,80.2022471910112
9,1359,95,113.444444444444
9,1360,120,113.035714285714
9,1361,105,7.5625
9,1362,53,-231.88275862069
9,1363,26,55.8333333333333
9,1364,20,37.5864661654135
9,1365,-17,-21.6125
9,1366,-10,-23.5035971223022
9,1367,-65,-0.173913043478261
9,1368,-101,-34.6544943820225
9,1369,-34,-34.6544943820225
9,1370,-65,-34.6544943820225
9,1371,-81,-34.6544943820225
9,1372,-12,-34.6544943820225
9,1373,-67,-0.173913043478261
9,1374,-14,-34.6544943820225
9,1375,-21,-0.173913043478261
9,1376,-10,-23.5035971223022
9,1377,-3,-0.173913043478261
9,1378,2,-0.173913043478261
9,1379,27,-0.173913043478261
9,1380,79,37.5864661654135
9,1381,220,146.475609756098
9,1382,286,146.475609756098
9,1383,-331,-231.88275862069
9,1384,-108,-152.860927152318
9,1385,45,-119.354166666667
9,1386,57,-17.453125
9,1387,1,-17.453125
9,1388,-63,-0.173913043478261
9,1389,37,-34.6544943820225
9,1390,136,108.61320754717
9,1391,241,214.80303030303
9,1392,14,-65
9,1393,-225,-152.860927152318
9,1394,-145,-88.5
9,1395,-111,13.7586206896552
9,1396,-57,-34.6544943820225
9,1397,-41,-34.6544943820225
9,1398,-41,-34.6544943820225
9,1399,-17,-34.6544943820225
9,1400,-7,-5.88235294117647
9,1401,0,-0.173913043478261
9,1402,0,-0.173913043478261
9,1403,22,-0.173913043478261
9,1404,79,80.2022471910112
9,1405,281,186.346368715084
9,1406,308,146.475609756098
9,1407,-373,-231.88275862069
9,1408,-138,-152.860927152318
9,1409,58,-119.354166666667
9,1410,20,-17.453125
9,1411,24,-21.6125
9,1412,-59,-21.6125
9,1413,-21,-34.6544943820225
9,1414,159,108.61320754717
9,1415,382,214.80303030303
9,1416,-40,-65
9,1417,-225,-152.860927152318
9,1418,-197,-119.354166666667
9,1419,-76,13.7586206896552
9,1420,-79,-34.6544943820225
9,1421,-65,-34.6544943820225
9,1422,-32,-34.6544943820225
9,1423,-18,-34.6544943820225
9,1424,-10,-5.88235294117647
9,1425,0,-0.173913043478261
9,1426,25,-0.173913043478261
9,1427,79,80.2022471910112
9,1428,215,186.346368715084
9,1429,274,186.346368715084
9,1430,-293,-231.88275862069
9,1431,-149,-152.860927152318
9,1432,27,-119.354166666667
9,1433,2,37.5864661654135
9,1434,-19,-0.173913043478261
9,1435,-28,-23.5035971223022
9,1436,67,-23.5035971223022
9,1437,105,186.346368715084
9,1438,272,214.80303030303
9,1439,6,-104.934782608696
9,1440,-201,-152.860927152318
9,1441,-149,-119.354166666667
9,1442,-70,13.7586206896552
9,1443,-31,-34.6544943820225
9,1444,-73,-34.6544943820225
9,1445,-38,-34.6544943820225
9,1446,-14,-34.6544943820225
9,1447,-5,-5.88235294117647
9,1448,1,-0.173913043478261
9,1449,-4,-0.173913043478261
9,1450,20,-0.173913043478261
9,1451,75,80.2022471910112
9,1452,210,186.346368715084
9,1453,318,146.475609756098
9,1454,-337,-231.88275862069
9,1455,-146,-152.860927152318
9,1456,83,-119.354166666667
9,1457,35,-17.453125
9,1458,-56,-21.6125
9,1459,21,-34.6544943820225
9,1460,-13,-21.6125
9,1461,142,108.61320754717
9,1462,303,214.80303030303
9,1463,-46,-65
9,1464,-177,-152.860927152318
9,1465,-153,-119.354166666667
9,1466,-93,-89.9354838709677
9,1467,-29,-34.6544943820225
9,1468,-64,-34.6544943820225
9,1469,-39,-34.6544943820225
9,1470,-25,-34.6544943820225
9,1471,-19,35
9,1472,0,-23.5035971223022
9,1473,-6,-0.173913043478261
9,1474,16,-0.173913043478261
9,1475,63,80.2022471910112
9,1476,212,144.980392156863
9,1477,267,186.346368715084
9,1478,-233,-231.88275862069
9,1479,-138,-152.860927152318
9,1480,41,-119.354166666667
9,1481,89,37.5864661654135
9,1482,36,-17.453125
9,1483,-10,-21.6125
9,1484,4,-0.173913043478261
9,1485,111,108.61320754717
9,1486,275,214.80303030303
9,1487,-67,-65
9,1488,-244,-152.860927152318
9,1489,-141,-119.354166666667
9,1490,-97,13.7586206896552
9,1491,26,-34.6544943820225
9,1492,-17,-21.6125
9,1493,-102,-23.5035971223022
9,1494,-26,-34.6544943820225
9,1495,-14,35
9,1496,-24,-0.173913043478261
9,1497,-18,-23.5035971223022
9,1498,-7,-23.5035971223022
9,1499,14,-0.173913043478261
9,1500,43,37.5864661654135
9,1501,96,144.980392156863
9,1502,105,146.475609756098
9,1503,141,113.444444444444
9,1504,158,55.8
9,1505,114,-231.88275862069
9,1506,0,-231.88275862069
9,1507,-18,-79.4
9,1508,-2,-23.5035971223022
9,1509,-76,-0.173913043478261
9,1510,-22,-34.6544943820225
9,1511,-79,-23.5035971223022
9,1512,-22,-34.6544943820225
9,1513,-138,-5.88235294117647
9,1514,-101,-34.6544943820225
9,1515,-8,-34.6544943820225
9,1516,-16,-0.173913043478261
9,1517,-72,-23.5035971223022
9,1518,-18,-34.6544943820225
9,1519,-32,-23.5035971223022
9,1520,-29,-34.6544943820225
9,1521,-33,-34.6544943820225
9,1522,-2,-34.6544943820225
9,1523,6,-0.173913043478261
9,1524,30,-0.173913043478261
9,1525,51,80.2022471910112
9,1526,154,144.980392156863
9,1527,170,113.444444444444
9,1528,107,-231.88275862069
9,1529,107,-231.88275862069
9,1530,46,-43.1
9,1531,-53,-43.1
9,1532,-11,-34.6544943820225
9,1533,-1,-0.173913043478261
9,1534,7,-0.173913043478261
9,1535,-144,-5.88235294117647
9,1536,-100,-34.6544943820225
9,1537,-88,-34.6544943820225
9,1538,-62,-34.6544943820225
9,1539,-95,-34.6544943820225
9,1540,-44,-34.6544943820225
9,1541,-49,-34.6544943820225
9,1542,-13,-34.6544943820225
9,1543,-14,-0.173913043478261
9,1544,-6,-0.173913043478261
9,1545,-2,-0.173913043478261
9,1546,32,-0.173913043478261
9,1547,95,80.2022471910112
9,1548,254,186.346368715084
9,1549,210,146.475609756098
9,1550,-300,-231.88275862069
9,1551,-73,-152.860927152318
9,1552,27,13.7586206896552
9,1553,20,-21.6125
9,1554,-8,-21.6125
9,1555,25,-0.173913043478261
9,1556,-13,-21.6125
9,1557,83,108.61320754717
9,1558,354,214.80303030303
9,1559,-36,-17.453125
9,1560,-154,-152.860927152318
9,1561,-147,-119.354166666667
9,1562,-104,-89.9354838709677
9,1563,-57,-34.6544943820225
9,1564,-93,-34.6544943820225
9,1565,-78,-34.6544943820225
9,1566,-32,-34.6544943820225
9,1567,-7,-34.6544943820225
9,1568,2,-0.173913043478261
9,1569,3,-0.173913043478261
9,1570,21,-0.173913043478261
9,1571,114,80.2022471910112
9,1572,317,186.346368715084
9,1573,212,-65
9,1574,-273,-231.88275862069
9,1575,-183,-152.860927152318
9,1576,22,13.7586206896552
9,1577,5,37.5864661654135
9,1578,-5,-0.173913043478261
9,1579,18,-0.173913043478261
9,1580,51,-21.6125
9,1581,62,107.733333333333
9,1582,411,214.80303030303
9,1583,-6,-104.934782608696
9,1584,-238,-152.860927152318
9,1585,-135,-119.354166666667
9,1586,-105,13.7586206896552
9,1587,-135,-34.6544943820225
9,1588,-80,-34.6544943820225
9,1589,-44,-34.6544943820225
9,1590,-24,-34.6544943820225
9,1591,-5,-5.88235294117647
9,1592,-3,-0.173913043478261
9,1593,1,-0.173913043478261
9,1594,27,-0.173913043478261
9,1595,100,80.2022471910112
9,1596,284,186.346368715084
9,1597,158,186.346368715084
9,1598,-311,-231.88275862069
9,1599,-118,-114.208791208791
9,1600,-28,13.7586206896552
9,1601,-9,-23.5035971223022
9,1602,-46,-0.173913043478261
9,1603,-13,-34.6544943820225
9,1604,47,-0.173913043478261
9,1605,137,144.980392156863
9,1606,253,266.164179104478
9,1607,17,-175.6
9,1608,-137,-152.860927152318
9,1609,-108,-119.354166666667
9,1610,-71,-89.9354838709677
9,1611,-27,-34.6544943820225
9,1612,-92,-23.5035971223022
9,1613,-45,-34.6544943820225
9,1614,-12,-34.6544943820225
9,1615,-7,35
9,1616,-2,-0.173913043478261
9,1617,0,-0.173913043478261
9,1618,26,-0.173913043478261
9,1619,90,80.2022471910112
9,1620,286,186.346368715084
9,1621,271,146.475609756098
9,1622,-376,-231.88275862069
9,1623,-112,-152.860927152318
9,1624,40,-119.354166666667
9,1625,35,37.5864661654135
9,1626,-26,-21.6125
9,1627,-1,-23.5035971223022
9,1628,25,-0.173913043478261
9,1629,125,108.61320754717
9,1630,361,214.80303030303
9,1631,28,-65
9,1632,-190,-152.860927152318
9,1633,-182,-119.354166666667
9,1634,-137,-89.9354838709677
9,1635,-19,-34.6544943820225
9,1636,-104,-23.5035971223022
9,1637,-80,-34.6544943820225
9,1638,-39,-34.6544943820225
9,1639,-4,73.2
9,1640,-11,-0.173913043478261
9,1641,-7,-0.173913043478261
9,1642,22,-0.173913043478261
9,1643,88,37.5864661654135
9,1644,246,186.346368715084
9,1645,341,186.346368715084
9,1646,-341,-231.88275862069
9,1647,-122,-152.860927152318
9,1648,17,-119.354166666667
9,1649,108,37.5864661654135
9,1650,19,-17.453125
9,1651,13,-21.6125
9,1652,13,-21.6125
9,1653,173,108.61320754717
9,1654,239,214.80303030303
9,1655,-151,-65
9,1656,-176,-152.860927152318
9,1657,-151,-88.5
9,1658,-54,-89.9354838709677
9,1659,-85,-34.6544943820225
9,1660,-15,-34.6544943820225
9,1661,-45,-23.5035971223022
9,1662,-54,-34.6544943820225
9,1663,-7,-34.6544943820225
9,1664,-52,-0.173913043478261
9,1665,-20,-34.6544943820225
9,1666,-8,-23.5035971223022
9,1667,30,-0.173913043478261
9,1668,45,37.5864661654135
9,1669,125,144.980392156863
9,1670,130,146.475609756098
9,1671,151,-175.6
9,1672,126,-231.88275862069
9,1673,32,-231.88275862069
9,1674,9,11.3636363636364
9,1675,-40,-21.6125
9,1676,19,-34.6544943820225
9,1677,11,-21.6125
9,1678,-71,167.666666666667
9,1679,-152,-34.6544943820225
9,1680,-362,-34.6544943820225
9,1681,-15,-34.6544943820225
9,1682,63,-23.5035971223022
9,1683,8,-17.453125
9,1684,-19,-0.173913043478261
9,1685,26,-23.5035971223022
9,1686,-44,80.2022471910112
9,1687,-17,73.2
9,1688,-16,-23.5035971223022
9,1689,-33,-23.5035971223022
9,1690,-1,-34.6544943820225
9,1691,6,-0.173913043478261
9,1692,12,-0.173913043478261
9,1693,27,37.5864661654135
9,1694,28,80.2022471910112
9,1695,-11,37.5864661654135
9,1696,9,-0.173913043478261
9,1697,-16,80.2022471910112
9,1698,-9,-23.5035971223022
9,1699,1,-0.173913043478261
9,1700,-15,-0.173913043478261
9,1701,-2,-23.5035971223022
9,1702,-9,-0.173913043478261
9,1703,12,-0.173913043478261
9,1704,-4,37.5864661654135
9,1705,0,-0.173913043478261
9,1706,-24,-0.173913043478261
9,1707,2,-23.5035971223022
9,1708,4,-0.173913043478261
9,1709,-11,-0.173913043478261
9,1710,-4,-0.173913043478261
9,1711,2,-0.173913043478261
9,1712,-3,-0.173913043478261
9,1713,2,-0.173913043478261
9,1714,11,-0.173913043478261
9,1715,31,37.5864661654135
9,1716,162,37.5864661654135
9,1717,275,113.035714285714
9,1718,-210,-65
9,1719,-172,-152.860927152318
9,1720,1,-119.354166666667
9,1721,28,-0.173913043478261
9,1722,-22,-21.6125
9,1723,7,-23.5035971223022
9,1724,-2,-0.173913043478261
9,1725,-9,108.61320754717
9,1726,129,108.61320754717
9,1727,147,-17.453125
9,1728,-81,-65
9,1729,-95,-114.208791208791
9,1730,-51,-34.6544943820225
9,1731,-63,-34.6544943820225
9,1732,-30,-34.6544943820225
9,1733,-46,-34.6544943820225
9,1734,-6,-34.6544943820225
9,1735,-4,-5.88235294117647
9,1736,-1,-5.88235294117647
9,1737,1,-0.173913043478261
9,1738,19,-0.173913043478261
9,1739,98,80.2022471910112
9,1740,270,186.346368715084
9,1741,221,113.035714285714
9,1742,-303,-231.88275862069
9,1743,-146,-152.860927152318
9,1744,22,13.7586206896552
9,1745,40,37.5864661654135
9,1746,0,-21.6125
9,1747,-8,-0.173913043478261
9,1748,20,-0.173913043478261
9,1749,126,108.61320754717
9,1750,329,214.80303030303
9,1751,-59,-65
9,1752,-150,-152.860927152318
9,1753,-197,-119.354166666667
9,1754,-59,-89.9354838709677
9,1755,-69,-34.6544943820225
9,1756,-84,-34.6544943820225
9,1757,-37,-34.6544943820225
9,1758,-11,-34.6544943820225
9,1759,-18,-5.88235294117647
9,1760,-4,-23.5035971223022
9,1761,3,-0.173913043478261
9,1762,18,-0.173913043478261
9,1763,82,80.2022471910112
9,1764,283,186.346368715084
9,1765,265,146.475609756098
9,1766,-333,-231.88275862069
9,1767,-139,-152.860927152318
9,1768,37,-119.354166666667
9,1769,50,37.5864661654135
9,1770,-41,-17.453125
9,1771,-5,-34.6544943820225
9,1772,6,-0.173913043478261
9,1773,147,108.61320754717
9,1774,356,214.80303030303
9,1775,-23,-65
9,1776,-166,-152.860927152318
9,1777,-163,-119.354166666667
9,1778,-141,-89.9354838709677
9,1779,-47,-34.6544943820225
9,1780,-88,-34.6544943820225
9,1781,-61,-34.6544943820225
9,1782,-20,-34.6544943820225
9,1783,-10,-5.88235294117647
9,1784,-7,-0.173913043478261
9,1785,-3,-0.173913043478261
9,1786,14,-0.173913043478261
9,1787,110,80.2022471910112
9,1788,98,186.346368715084
9,1789,137,-65
9,1790,-161,113.444444444444
9,1791,-62,-114.208791208791
9,1792,12,-34.6544943820225
9,1793,53,37.5864661654135
9,1794,-7,-17.453125
9,1795,-28,-0.173913043478261
9,1796,35,-23.5035971223022
9,1797,114,37.5864661654135
9,1798,296,186.346368715084
9,1799,50,-65
9,1800,-200,-152.860927152318
9,1801,-127,-119.354166666667
9,1802,-87,13.7586206896552
9,1803,-67,-34.6544943820225
9,1804,-71,-34.6544943820225
9,1805,-39,-34.6544943820225
9,1806,-38,-34.6544943820225
9,1807,-13,73.2
9,1808,-19,-0.173913043478261
9,1809,3,-23.5035971223022
9,1810,13,-0.173913043478261
9,1811,101,80.2022471910112
9,1812,195,186.346368715084
9,1813,277,186.346368715084
9,1814,-258,-231.88275862069
9,1815,-98,-152.860927152318
9,1816,-3,-119.354166666667
9,1817,74,-0.173913043478261
9,1818,-1,-17.453125
9,1819,-6,-0.173913043478261
9,1820,24,-0.173913043478261
9,1821,116,108.61320754717
9,1822,262,214.80303030303
9,1823,-48,-65
9,1824,-213,-152.860927152318
9,1825,-152,-119.354166666667
9,1826,-81,13.7586206896552
9,1827,-50,-34.6544943820225
9,1828,-42,-34.6544943820225
9,1829,-13,-34.6544943820225
9,1830,-36,-0.173913043478261
9,1831,-10,73.2
9,1832,-31,-0.173913043478261
9,1833,-24,-34.6544943820225
9,1834,3,-23.5035971223022
9,1835,23,-0.173913043478261
9,1836,27,80.2022471910112
9,1837,103,37.5864661654135
9,1838,56,146.475609756098
9,1839,77,7.5625
9,1840,67,55.8
9,1841,23,-43.1
9,1842,8,37.5864661654135
9,1843,51,-0.173913043478261
9,1844,-32,-17.453125
9,1845,-32,-34.6544943820225
9,1846,-54,-34.6544943820225
9,1847,-232,-34.6544943820225
9,1848,49,-34.6544943820225
9,1849,-37,-17.453125
9,1850,-18,-34.6544943820225
9,1851,-1,-23.5035971223022
9,1852,-41,-0.173913043478261
9,1853,-6,-34.6544943820225
9,1854,6,-0.173913043478261
9,1855,-2,-0.173913043478261
9,1856,-24,-0.173913043478261
9,1857,-12,-23.5035971223022
9,1858,2,-0.173913043478261
9,1859,1,-0.173913043478261
9,1860,20,-0.173913043478261
9,1861,80,37.5864661654135
9,1862,78,113.035714285714
9,1863,195,186.346368715084
9,1864,31,55.8
9,1865,173,-114.208791208791
9,1866,11,-43.1
9,1867,58,-114.208791208791
9,1868,-50,-43.1
9,1869,-16,-34.6544943820225
9,1870,-65,-23.5035971223022
9,1871,-35,-34.6544943820225
9,1872,-112,-34.6544943820225
9,1873,-132,-34.6544943820225
9,1874,-39,-34.6544943820225
9,1875,-96,-34.6544943820225
9,1876,-26,-34.6544943820225
9,1877,-34,-23.5035971223022
9,1878,-24,-34.6544943820225
9,1879,-16,-23.5035971223022
9,1880,-4,-23.5035971223022
9,1881,-2,-0.173913043478261
9,1882,18,-0.173913043478261
9,1883,103,80.2022471910112
9,1884,226,186.346368715084
9,1885,247,186.346368715084
9,1886,-328,-231.88275862069
9,1887,-111,-152.860927152318
9,1888,6,-119.354166666667
9,1889,62,-0.173913043478261
9,1890,22,-17.453125
9,1891,-29,-21.6125
9,1892,13,-34.6544943820225
9,1893,116,108.61320754717
9,1894,336,214.80303030303
9,1895,-19,-65
9,1896,-193,-152.860927152318
9,1897,-162,-119.354166666667
9,1898,-88,-89.9354838709677
9,1899,-87,-34.6544943820225
9,1900,-74,-34.6544943820225
9,1901,-25,-34.6544943820225
9,1902,-14,-23.5035971223022
9,1903,-13,-5.88235294117647
9,1904,-5,-0.173913043478261
9,1905,5,-0.173913043478261
9,1906,9,-0.173913043478261
9,1907,9,80.2022471910112
9,1908,143,80.2022471910112
9,1909,388,113.444444444444
9,1910,-208,-65
9,1911,-175,-152.860927152318
9,1912,55,-119.354166666667
9,1913,40,-17.453125
9,1914,-20,37.5864661654135
9,1915,-45,-23.5035971223022
9,1916,30,-34.6544943820225
9,1917,120,108.61320754717
9,1918,327,214.80303030303
9,1919,62,-65
9,1920,-256,-152.860927152318
9,1921,-152,-119.354166666667
9,1922,-53,13.7586206896552
9,1923,-71,-34.6544943820225
9,1924,-116,-34.6544943820225
9,1925,-48,-34.6544943820225
9,1926,-32,-34.6544943820225
9,1927,1,73.2
9,1928,-10,-0.173913043478261
9,1929,-2,-0.173913043478261
9,1930,29,-0.173913043478261
9,1931,87,80.2022471910112
9,1932,238,186.346368715084
9,1933,308,186.346368715084
9,1934,-351,-231.88275862069
9,1935,-140,-152.860927152318
9,1936,9,-119.354166666667
9,1937,61,37.5864661654135
9,1938,-17,-17.453125
9,1939,12,-23.5035971223022
9,1940,16,-21.6125
9,1941,111,108.61320754717
9,1942,362,214.80303030303
9,1943,84,-65
9,1944,-309,-231.88275862069
9,1945,-166,-119.354166666667
9,1946,-99,13.7586206896552
9,1947,-66,-34.6544943820225
9,1948,-75,-34.6544943820225
9,1949,-8,-34.6544943820225
9,1950,-66,-0.173913043478261
9,1951,-7,73.2
9,1952,-11,-0.173913043478261
9,1953,-4,-0.173913043478261
9,1954,19,-0.173913043478261
9,1955,115,80.2022471910112
9,1956,248,146.475609756098
9,1957,243,-65
9,1958,-323,-231.88275862069
9,1959,-136,-152.860927152318
9,1960,33,-119.354166666667
9,1961,100,37.5864661654135
9,1962,-36,-17.453125
9,1963,-61,-34.6544943820225
9,1964,79,-34.6544943820225
9,1965,87,107.733333333333
9,1966,334,214.80303030303
9,1967,2,-104.934782608696
9,1968,-184,-152.860927152318
9,1969,-102,-119.354166666667
9,1970,-121,-89.9354838709677
9,1971,-53,-34.6544943820225
9,1972,-125,-34.6544943820225
9,1973,-32,-34.6544943820225
9,1974,-41,-34.6544943820225
9,1975,-37,73.2
9,1976,3,-34.6544943820225
9,1977,-10,-0.173913043478261
9,1978,20,-0.173913043478261
9,1979,111,80.2022471910112
9,1980,221,186.346368715084
9,1981,262,-65
9,1982,-324,-231.88275862069
9,1983,-95,-152.860927152318
9,1984,59,-119.354166666667
9,1985,-87,-17.453125
9,1986,107,-34.6544943820225
9,1987,-36,-104.934782608696
9,1988,101,-34.6544943820225
9,1989,97,186.346368715084
9,1990,203,214.80303030303
9,1991,-2,55.8333333333333
9,1992,-189,-152.860927152318
9,1993,-139,-88.5
9,1994,-78,-34.6544943820225
9,1995,-3,-34.6544943820225
9,1996,24,-0.173913043478261
9,1997,-103,-21.6125
9,1998,-46,-34.6544943820225
9,1999,-32,73.2
9,2000,-43,-34.6544943820225
9,2001,-23,-34.6544943820225
9,2002,13,-23.5035971223022
9,2003,20,37.5864661654135
9,2004,45,37.5864661654135
9,2005,110,144.980392156863
9,2006,87,113.444444444444
9,2007,148,-175.6
9,2008,143,55.8
9,2009,-25,-231.88275862069
9,2010,-26,-114.208791208791
9,2011,-96,-23.5035971223022
9,2012,113,-34.6544943820225
9,2013,-1,-17.453125
9,2014,-38,-79.4
9,2015,-68,-34.6544943820225
9,2016,-29,-34.6544943820225
9,2017,-96,-34.6544943820225
9,2018,-40,-34.6544943820225
9,2019,-52,-34.6544943820225
9,2020,-68,-34.6544943820225
9,2021,-15,-34.6544943820225
9,2022,-13,-23.5035971223022
9,2023,-28,-0.173913043478261
9,2024,-65,-23.5035971223022
9,2025,-12,-34.6544943820225
9,2026,-5,-0.173913043478261
9,2027,6,-0.173913043478261
9,2028,19,-0.173913043478261
9,2029,78,37.5864661654135
9,2030,77,186.346368715084
9,2031,142,107.733333333333
9,2032,81,55.8
9,2033,144,-114.208791208791
9,2034,7,-43.1
9,2035,-47,-114.208791208791
9,2036,53,-34.6544943820225
9,2037,-27,-17.453125
9,2038,-33,-23.5035971223022
9,2039,-48,-34.6544943820225
9,2040,-80,-34.6544943820225
9,2041,-107,-34.6544943820225
9,2042,-73,-34.6544943820225
9,2043,-46,-34.6544943820225
9,2044,-55,-34.6544943820225
9,2045,-68,-34.6544943820225
9,2046,-25,-34.6544943820225
9,2047,-3,-23.5035971223022
9,2048,-1,-0.173913043478261
9,2049,-3,-0.173913043478261
9,2050,21,-0.173913043478261
9,2051,119,80.2022471910112
9,2052,243,186.346368715084
9,2053,254,-65
9,2054,-289,-231.88275862069
9,2055,-160,-152.860927152318
9,2056,23,-119.354166666667
9,2057,50,37.5864661654135
9,2058,9,-17.453125
9,2059,-33,-21.6125
9,2060,23,-34.6544943820225
9,2061,126,108.61320754717
9,2062,381,214.80303030303
9,2063,-89,-65
9,2064,-134,-152.860927152318
9,2065,-223,-119.354166666667
9,2066,-76,-89.9354838709677
9,2067,-74,13.7586206896552
9,2068,-60,-34.6544943820225
9,2069,-75,-34.6544943820225
9,2070,-29,-34.6544943820225
9,2071,7,-34.6544943820225
9,2072,-10,-0.173913043478261
9,2073,-1,-0.173913043478261
9,2074,15,-0.173913043478261
9,2075,145,80.2022471910112
9,2076,298,186.346368715084
9,2077,178,-65
9,2078,-346,-231.88275862069
9,2079,-138,-114.208791208791
9,2080,60,13.7586206896552
9,2081,46,-17.453125
9,2082,-44,-17.453125
9,2083,-148,-34.6544943820225
9,2084,63,-34.6544943820225
9,2085,255,107.733333333333
9,2086,328,214.80303030303
9,2087,-7,-231.88275862069
9,2088,-252,-152.860927152318
9,2089,-156,-119.354166666667
9,2090,-79,13.7586206896552
9,2091,-76,-34.6544943820225
9,2092,-84,-34.6544943820225
9,2093,-28,-34.6544943820225
9,2094,-21,-5.88235294117647
9,2095,-13,-5.88235294117647
9,2096,1,-0.173913043478261
9,2097,3,-0.173913043478261
9,2098,23,-0.173913043478261
9,2099,98,80.2022471910112
9,2100,292,186.346368715084
9,2101,204,146.475609756098
9,2102,-297,-231.88275862069
9,2103,-172,-152.860927152318
9,2104,48,13.7586206896552
9,2105,79,-17.453125
9,2106,-14,-17.453125
9,2107,-23,-0.173913043478261
9,2108,16,-23.5035971223022
9,2109,98,108.61320754717
9,2110,348,214.80303030303
9,2111,-333,-17.453125
9,2112,-274,-152.860927152318
9,2113,-47,-119.354166666667
9,2114,-17,13.7586206896552
9,2115,33,-23.5035971223022
9,2116,-12,-21.6125
9,2117,-22,-0.173913043478261
9,2118,-22,-23.5035971223022
9,2119,-8,35
9,2120,0,-0.173913043478261
9,2121,-1,-0.173913043478261
9,2122,22,-0.173913043478261
9,2123,115,37.5864661654135
9,2124,262,146.475609756098
9,2125,229,-65
9,2126,-269,-231.88275862069
9,2127,-207,-152.860927152318
9,2128,102,13.7586206896552
9,2129,16,-17.453125
9,2130,46,-21.6125
9,2131,-71,-104.934782608696
9,2132,24,-34.6544943820225
9,2133,150,108.61320754717
9,2134,311,214.80303030303
9,2135,38,-65
9,2136,-217,-152.860927152318
9,2137,-179,-119.354166666667
9,2138,-144,13.7586206896552
9,2139,2,-34.6544943820225
9,2140,-97,-0.173913043478261
9,2141,-71,-34.6544943820225
9,2142,-18,-34.6544943820225
9,2143,-15,35
9,2144,-18,-23.5035971223022
9,2145,-4,-23.5035971223022
9,2146,17,-0.173913043478261
9,2147,109,37.5864661654135
9,2148,216,186.346368715084
9,2149,269,146.475609756098
9,2150,-298,-231.88275862069
9,2151,-112,-152.860927152318
9,2152,81,-119.354166666667
9,2153,57,-17.453125
9,2154,15,-17.453125
9,2155,-29,-21.6125
9,2156,105,-34.6544943820225
9,2157,86,107.733333333333
9,2158,254,214.80303030303
9,2159,-183,-43.1
9,2160,-93,-152.860927152318
9,2161,-162,-119.354166666667
9,2162,-71,-89.9354838709677
9,2163,-36,-34.6544943820225
9,2164,-54,-34.6544943820225
9,2165,-44,-34.6544943820225
9,2166,-43,73.2
9,2167,-37,-34.6544943820225
9,2168,-22,-34.6544943820225
9,2169,-25,-23.5035971223022
9,2170,4,-23.5035971223022
9,2171,20,-0.173913043478261
9,2172,34,80.2022471910112
9,2173,111,80.2022471910112
9,2174,157,107.733333333333
9,2175,76,-65
9,2176,111,-114.208791208791
9,2177,37,-43.1
9,2178,100,11.3636363636364
9,2179,-44,-43.1
9,2180,-25,-34.6544943820225
9,2181,1,-23.5035971223022
9,2182,-15,-0.173913043478261
9,2183,-30,-5.88235294117647
9,2184,-107,-34.6544943820225
9,2185,-152,-34.6544943820225
9,2186,-57,-34.6544943820225
9,2187,44,-34.6544943820225
9,2188,-98,113.035714285714
9,2189,-78,-34.6544943820225
9,2190,-4,-34.6544943820225
9,2191,-12,-0.173913043478261
9,2192,-54,-0.173913043478261
9,2193,-19,-34.6544943820225
9,2194,3,-23.5035971223022
9,2195,9,-0.173913043478261
9,2196,39,80.2022471910112
9,2197,96,80.2022471910112
9,2198,66,146.475609756098
9,2199,128,107.733333333333
9,2200,78,55.8
9,2201,103,11.3636363636364
9,2202,71,-43.1
9,2203,-50,-43.1
9,2204,-53,-34.6544943820225
9,2205,65,-34.6544943820225
9,2206,-86,-17.453125
9,2207,-89,-34.6544943820225
9,2208,-50,-34.6544943820225
9,2209,-109,-34.6544943820225
9,2210,-61,-34.6544943820225
9,2211,-38,-34.6544943820225
9,2212,-57,-34.6544943820225
9,2213,-39,-34.6544943820225
9,2214,-24,-34.6544943820225
9,2215,-9,-23.5035971223022
9,2216,0,-0.173913043478261
9,2217,4,-0.173913043478261
9,2218,20,-0.173913043478261
9,2219,39,80.2022471910112
9,2220,10,80.2022471910112
9,2221,81,80.2022471910112
9,2222,-46,55.8
9,2223,-51,-34.6544943820225
9,2224,20,-34.6544943820225
9,2225,106,37.5864661654135
9,2226,-9,-17.453125
9,2227,-5,-0.173913043478261
9,2228,25,-0.173913043478261
9,2229,-85,37.5864661654135
9,2230,118,-34.6544943820225
9,2231,71,-17.453125
9,2232,4,11.3636363636364
9,2233,-115,-0.173913043478261
9,2234,-37,-34.6544943820225
9,2235,-23,-34.6544943820225
9,2236,-54,-23.5035971223022
9,2237,-43,-34.6544943820225
9,2238,-13,-34.6544943820225
9,2239,-15,-0.173913043478261
9,2240,2,-23.5035971223022
9,2241,-1,-0.173913043478261
9,2242,3,-0.173913043478261
9,2243,16,-0.173913043478261
9,2244,68,80.2022471910112
9,2245,317,146.475609756098
9,2246,-54,146.475609756098
9,2247,-184,-152.860927152318
9,2248,53,-119.354166666667
9,2249,40,-17.453125
9,2250,-25,37.5864661654135
9,2251,-55,-23.5035971223022
9,2252,72,-34.6544943820225
9,2253,118,107.733333333333
9,2254,304,186.346368715084
9,2255,55,-231.88275862069
9,2256,-221,-152.860927152318
9,2257,-249,-119.354166666667
9,2258,-154,13.7586206896552
9,2259,-26,13.7586206896552
9,2260,-12,-23.5035971223022
9,2261,-32,-0.173913043478261
9,2262,-18,-34.6544943820225
9,2263,-2,35
9,2264,-13,-0.173913043478261
9,2265,-2,-0.173913043478261
9,2266,34,-0.173913043478261
9,2267,120,80.2022471910112
9,2268,282,186.346368715084
9,2269,210,-65
9,2270,-303,-231.88275862069
9,2271,-155,-152.860927152318
9,2272,75,13.7586206896552
9,2273,63,-17.453125
9,2274,20,-17.453125
9,2275,-87,-21.6125
9,2276,11,-34.6544943820225
9,2277,172,108.61320754717
9,2278,427,214.80303030303
9,2279,-27,-65
9,2280,-256,-152.860927152318
9,2281,-131,-119.354166666667
9,2282,-66,13.7586206896552
9,2283,-107,-34.6544943820225
9,2284,-153,-34.6544943820225
9,2285,-54,-34.6544943820225
9,2286,-51,-34.6544943820225
9,2287,-12,73.2
9,2288,-13,-0.173913043478261
9,2289,13,-0.173913043478261
9,2290,19,80.2022471910112
9,2291,124,80.2022471910112
9,2292,315,186.346368715084
9,2293,160,-65
9,2294,-288,-231.88275862069
9,2295,-141,-114.208791208791
9,2296,74,13.7586206896552
9,2297,69,-17.453125
9,2298,-21,-17.453125
9,2299,-57,-23.5035971223022
9,2300,46,-34.6544943820225
9,2301,114,107.733333333333
9,2302,422,214.80303030303
9,2303,16,-175.6
9,2304,-331,-152.860927152318
9,2305,-91,-119.354166666667
9,2306,-147,13.7586206896552
9,2307,-48,-34.6544943820225
9,2308,-85,-34.6544943820225
9,2309,-96,-34.6544943820225
9,2310,-21,-34.6544943820225
9,2311,-28,-5.88235294117647
9,2312,-7,-23.5035971223022
9,2313,-3,-0.173913043478261
9,2314,23,-0.173913043478261
9,2315,148,80.2022471910112
9,2316,333,186.346368715084
9,2317,230,-65
9,2318,-384,-231.88275862069
9,2319,-106,-152.860927152318
9,2320,79,13.7586206896552
9,2321,26,-17.453125
9,2322,35,-21.6125
9,2323,-45,-21.6125
9,2324,41,-34.6544943820225
9,2325,177,108.61320754717
9,2326,244,214.80303030303
9,2327,-143,-175.6
9,2328,-186,-152.860927152318
9,2329,-146,-119.354166666667
9,2330,-79,-89.9354838709677
9,2331,-7,-34.6544943820225
9,2332,-77,-0.173913043478261
9,2333,-26,-34.6544943820225
9,2334,-44,-5.88235294117647
9,2335,-35,73.2
9,2336,-36,-34.6544943820225
9,2337,-19,-34.6544943820225
9,2338,-2,-23.5035971223022
9,2339,38,-0.173913043478261
9,2340,45,80.2022471910112
9,2341,100,144.980392156863
9,2342,97,186.346368715084
9,2343,160,107.733333333333
9,2344,134,55.8
9,2345,56,-231.88275862069
9,2346,62,11.3636363636364
9,2347,26,-43.1
9,2348,-58,-21.6125
9,2349,-30,-34.6544943820225
9,2350,-16,-34.6544943820225
9,2351,19,-23.5035971223022
9,2352,-213,-5.88235294117647
9,2353,-117,-34.6544943820225
9,2354,-56,13.7586206896552
9,2355,79,-34.6544943820225
9,2356,-99,186.346368715084
9,2357,-69,-34.6544943820225
9,2358,-40,-34.6544943820225
9,2359,-32,73.2
9,2360,-32,-34.6544943820225
9,2361,-50,-34.6544943820225
9,2362,-8,-34.6544943820225
9,2363,17,-0.173913043478261
9,2364,65,80.2022471910112
9,2365,81,144.980392156863
9,2366,142,186.346368715084
9,2367,119,113.444444444444
9,2368,149,-231.88275862069
9,2369,56,-231.88275862069
9,2370,-30,-114.208791208791
9,2371,-64,-34.6544943820225
9,2372,-41,-34.6544943820225
9,2373,75,-34.6544943820225
9,2374,-28,-17.453125
9,2375,-75,-5.88235294117647
9,2376,-72,-34.6544943820225
9,2377,-128,-34.6544943820225
9,2378,-41,-34.6544943820225
9,2379,-88,-34.6544943820225
9,2380,-59,-34.6544943820225
9,2381,-46,-34.6544943820225
9,2382,-25,-34.6544943820225
9,2383,-4,-23.5035971223022
9,2384,-9,-0.173913043478261
9,2385,5,-0.173913043478261
9,2386,8,-0.173913043478261
9,2387,64,-0.173913043478261
9,2388,74,144.980392156863
9,2389,117,113.444444444444
9,2390,-84,55.8333333333333
9,2391,-87,-79.4
9,2392,7,-34.6544943820225
9,2393,64,-0.173913043478261
9,2394,14,-17.453125
9,2395,-4,-21.6125
9,2396,45,-0.173913043478261
9,2397,90,107.733333333333
9,2398,193,188.789473684211
9,2399,22,-43.1
9,2400,-82,-114.208791208791
9,2401,-112,-88.5
9,2402,-95,-34.6544943820225
9,2403,-99,-34.6544943820225
9,2404,-45,-34.6544943820225
9,2405,-61,-34.6544943820225
9,2406,-9,-34.6544943820225
9,2407,-16,-5.88235294117647
9,2408,-6,-23.5035971223022
9,2409,2,-0.173913043478261
9,2410,10,-0.173913043478261
9,2411,120,80.2022471910112
9,2412,187,186.346368715084
9,2413,266,-65
9,2414,-257,-231.88275862069
9,2415,-133,-152.860927152318
9,2416,-11,-119.354166666667
9,2417,65,-0.173913043478261
9,2418,-11,-17.453125
9,2419,-21,-0.173913043478261
9,2420,23,35
9,2421,141,108.61320754717
9,2422,399,214.80303030303
9,2423,0,-65
9,2424,-421,-152.860927152318
9,2425,9,-119.354166666667
9,2426,-112,37.5864661654135
9,2427,-87,-34.6544943820225
9,2428,-69,-34.6544943820225
9,2429,-58,-34.6544943820225
9,2430,-15,-34.6544943820225
9,2431,-20,-5.88235294117647
9,2432,-7,-23.5035971223022
9,2433,-2,-0.173913043478261
9,2434,32,-0.173913043478261
9,2435,125,80.2022471910112
9,2436,308,186.346368715084
9,2437,251,-65
9,2438,-422,-231.88275862069
9,2439,-106,-152.860927152318
9,2440,6,-119.354166666667
9,2441,51,-0.173913043478261
9,2442,22,-17.453125
9,2443,-22,-21.6125
9,2444,9,35
9,2445,21,108.61320754717
9,2446,7,167.666666666667
9,2447,42,-0.173913043478261
9,2448,49,-17.453125
9,2449,-81,113.035714285714
9,2450,-50,-34.6544943820225
9,2451,-86,-34.6544943820225
9,2452,-53,-34.6544943820225
9,2453,-50,-34.6544943820225
9,2454,-26,-34.6544943820225
9,2455,-14,-23.5035971223022
9,2456,-12,-0.173913043478261
9,2457,1,-0.173913043478261
9,2458,25,-0.173913043478261
9,2459,126,80.2022471910112
9,2460,259,186.346368715084
9,2461,277,-65
9,2462,-391,-231.88275862069
9,2463,-116,-152.860927152318
9,2464,36,-119.354166666667
9,2465,68,37.5864661654135
9,2466,13,-17.453125
9,2467,-50,-21.6125
9,2468,39,-34.6544943820225
9,2469,99,108.61320754717
9,2470,408,214.80303030303
9,2471,-46,-43.1
9,2472,-260,-152.860927152318
9,2473,-94,-119.354166666667
9,2474,-113,13.7586206896552
9,2475,-42,-34.6544943820225
9,2476,-76,-34.6544943820225
9,2477,-94,-34.6544943820225
9,2478,-31,-34.6544943820225
9,2479,-19,73.2
9,2480,-9,-23.5035971223022
9,2481,-5,-0.173913043478261
9,2482,21,-0.173913043478261
9,2483,83,80.2022471910112
9,2484,246,186.346368715084
9,2485,224,186.346368715084
9,2486,-243,-231.88275862069
9,2487,-108,-152.860927152318
9,2488,51,13.7586206896552
9,2489,38,-17.453125
9,2490,12,-21.6125
9,2491,34,-21.6125
9,2492,99,-21.6125
9,2493,118,107.733333333333
9,2494,69,214.80303030303
9,2495,-131,11.3636363636364
9,2496,-118,-34.6544943820225
9,2497,-54,-34.6544943820225
9,2498,-95,-34.6544943820225
9,2499,-43,-34.6544943820225
9,2500,-46,-34.6544943820225
9,2501,-50,-34.6544943820225
9,2502,-34,-34.6544943820225
9,2503,-18,-34.6544943820225
9,2504,-33,-23.5035971223022
9,2505,-29,-34.6544943820225
9,2506,8,-34.6544943820225
9,2507,21,-0.173913043478261
9,2508,23,80.2022471910112
9,2509,87,80.2022471910112
9,2510,148,113.444444444444
9,2511,148,55.8
9,2512,83,-231.88275862069
9,2513,9,-231.88275862069
9,2514,10,37.5864661654135
9,2515,25,37.5864661654135
9,2516,-51,-21.6125
9,2517,-9,-34.6544943820225
9,2518,-42,-0.173913043478261
9,2519,-47,-34.6544943820225
9,2520,-42,-34.6544943820225
9,2521,-118,-34.6544943820225
9,2522,-4,-34.6544943820225
9,2523,-47,-0.173913043478261
9,2524,-54,-34.6544943820225
9,2525,-13,-34.6544943820225
9,2526,-59,-0.173913043478261
9,2527,-17,-34.6544943820225
9,2528,-25,-23.5035971223022
9,2529,-25,-23.5035971223022
9,2530,-4,-23.5035971223022
9,2531,15,-0.173913043478261
9,2532,30,80.2022471910112
9,2533,99,37.5864661654135
9,2534,119,146.475609756098
9,2535,154,113.444444444444
9,2536,95,-231.88275862069
9,2537,51,-231.88275862069
9,2538,-72,-43.1
9,2539,49,-34.6544943820225
9,2540,-12,-43.1
9,2541,-34,-0.173913043478261
9,2542,21,-34.6544943820225
9,2543,-4,167.666666666667
9,2544,-76,108.61320754717
9,2545,-50,-34.6544943820225
9,2546,-249,-34.6544943820225
9,2547,-84,-34.6544943820225
9,2548,37,13.7586206896552
9,2549,-31,80.2022471910112
9,2550,-6,-34.6544943820225
9,2551,-11,-0.173913043478261
9,2552,-30,-0.173913043478261
9,2553,-12,73.2
9,2554,3,-0.173913043478261
9,2555,11,-0.173913043478261
9,2556,47,37.5864661654135
9,2557,88,113.035714285714
9,2558,108,146.475609756098
9,2559,101,7.5625
9,2560,112,55.8
9,2561,49,55.8333333333333
9,2562,31,11.3636363636364
9,2563,-91,-21.6125
9,2564,-5,-34.6544943820225
9,2565,41,-0.173913043478261
9,2566,-96,-21.6125
9,2567,-22,-34.6544943820225
9,2568,12,-23.5035971223022
9,2569,-78,-21.6125
9,2570,-70,-34.6544943820225
9,2571,-90,-34.6544943820225
9,2572,-75,-34.6544943820225
9,2573,-37,-34.6544943820225
9,2574,-31,-34.6544943820225
9,2575,-6,-34.6544943820225
9,2576,-5,-0.173913043478261
9,2577,2,-0.173913043478261
9,2578,28,-0.173913043478261
9,2579,121,80.2022471910112
9,2580,296,186.346368715084
9,2581,184,-65
9,2582,-377,-231.88275862069
9,2583,-74,-114.208791208791
9,2584,14,13.7586206896552
9,2585,40,37.5864661654135
9,2586,2,-21.6125
9,2587,-1,-0.173913043478261
9,2588,18,35
9,2589,137,108.61320754717
9,2590,388,214.80303030303
9,2591,-71,-65
9,2592,-184,-152.860927152318
9,2593,-322,-119.354166666667
9,2594,-133,-89.9354838709677
9,2595,-16,13.7586206896552
9,2596,-5,-23.5035971223022
9,2597,-14,-0.173913043478261
9,2598,-32,-5.88235294117647
9,2599,1,73.2
9,2600,0,-0.173913043478261
9,2601,1,-0.173913043478261
9,2602,35,-0.173913043478261
9,2603,103,37.5864661654135
9,2604,339,146.475609756098
9,2605,188,186.346368715084
9,2606,-366,-231.88275862069
9,2607,-128,-114.208791208791
9,2608,31,13.7586206896552
9,2609,45,-21.6125
9,2610,36,-17.453125
9,2611,-37,-21.6125
9,2612,23,-34.6544943820225
9,2613,123,108.61320754717
9,2614,441,214.80303030303
9,2615,-43,-65
9,2616,-240,-152.860927152318
9,2617,-125,-119.354166666667
9,2618,-127,13.7586206896552
9,2619,-87,-34.6544943820225
9,2620,-57,-34.6544943820225
9,2621,-99,-34.6544943820225
9,2622,-35,-34.6544943820225
9,2623,-12,73.2
9,2624,-6,-0.173913043478261
9,2625,0,-0.173913043478261
9,2626,25,-0.173913043478261
9,2627,145,80.2022471910112
9,2628,329,186.346368715084
9,2629,186,-65
9,2630,-382,-231.88275862069
9,2631,-91,-114.208791208791
9,2632,-2,13.7586206896552
9,2633,74,-0.173913043478261
9,2634,1,-17.453125
9,2635,-39,-0.173913043478261
9,2636,36,-34.6544943820225
9,2637,197,108.61320754717
9,2638,340,214.80303030303
9,2639,-42,-65
9,2640,-194,-152.860927152318
9,2641,-112,-119.354166666667
9,2642,-120,-89.9354838709677
9,2643,-95,-34.6544943820225
9,2644,-124,-34.6544943820225
9,2645,-54,-34.6544943820225
9,2646,-52,-34.6544943820225
9,2647,-18,73.2
9,2648,-12,-23.5035971223022
9,2649,2,-0.173913043478261
9,2650,39,-0.173913043478261
9,2651,96,80.2022471910112
9,2652,261,186.346368715084
9,2653,292,186.346368715084
9,2654,-396,-231.88275862069
9,2655,-94,-152.860927152318
9,2656,31,-119.354166666667
9,2657,75,-21.6125
9,2658,6,-17.453125
9,2659,-62,-0.173913043478261
9,2660,4,-34.6544943820225
9,2661,-36,108.61320754717
9,2662,5,-34.6544943820225
9,2663,-117,-0.173913043478261
9,2664,-65,-34.6544943820225
9,2665,-6,-34.6544943820225
9,2666,46,-0.173913043478261
9,2667,-62,113.035714285714
9,2668,50,-34.6544943820225
9,2669,13,-104.934782608696
9,2670,-10,37.5864661654135
9,2671,-35,-0.173913043478261
9,2672,-15,-34.6544943820225
9,2673,-13,-23.5035971223022
9,2674,-1,-0.173913043478261
9,2675,24,-0.173913043478261
9,2676,50,37.5864661654135
9,2677,124,146.475609756098
9,2678,122,186.346368715084
9,2679,161,-175.6
9,2680,43,-231.88275862069
9,2681,132,-114.208791208791
9,2682,11,-43.1
9,2683,-32,11.3636363636364
9,2684,55,-34.6544943820225
9,2685,-58,-17.453125
9,2686,-58,-34.6544943820225
9,2687,-74,-34.6544943820225
9,2688,42,-34.6544943820225
9,2689,-155,113.035714285714
9,2690,-83,-34.6544943820225
9,2691,-88,-34.6544943820225
9,2692,10,-34.6544943820225
9,2693,-69,80.2022471910112
9,2694,-48,-34.6544943820225
9,2695,-32,-34.6544943820225
9,2696,-39,-34.6544943820225
9,2697,-37,-34.6544943820225
9,2698,-1,-34.6544943820225
9,2699,10,-0.173913043478261
9,2700,13,37.5864661654135
9,2701,105,80.2022471910112
9,2702,160,186.346368715084
9,2703,104,107.733333333333
9,2704,107,-231.88275862069
9,2705,173,55.8333333333333
9,2706,2,55.8333333333333
9,2707,-8,-114.208791208791
9,2708,-34,-0.173913043478261
9,2709,18,-34.6544943820225
9,2710,-84,-21.6125
9,2711,-82,-34.6544943820225
9,2712,-43,-34.6544943820225
9,2713,-139,-34.6544943820225
9,2714,-68,-34.6544943820225
9,2715,-20,-34.6544943820225
9,2716,-118,-23.5035971223022
9,2717,-59,-34.6544943820225
9,2718,-35,-34.6544943820225
9,2719,-3,-34.6544943820225
9,2720,-6,-0.173913043478261
9,2721,3,-0.173913043478261
9,2722,27,-0.173913043478261
9,2723,104,37.5864661654135
9,2724,378,186.346368715084
9,2725,148,186.346368715084
9,2726,-383,-231.88275862069
9,2727,-95,-114.208791208791
9,2728,52,13.7586206896552
9,2729,43,-17.453125
9,2730,-8,-17.453125
9,2731,-4,-0.173913043478261
9,2732,22,-0.173913043478261
9,2733,156,108.61320754717
9,2734,386,266.164179104478
9,2735,-12,-65
9,2736,-177,-152.860927152318
9,2737,-184,-119.354166666667
9,2738,-196,-89.9354838709677
9,2739,-97,-34.6544943820225
9,2740,-82,-34.6544943820225
9,2741,-52,-34.6544943820225
9,2742,-14,-34.6544943820225
9,2743,-12,-5.88235294117647
9,2744,-3,-0.173913043478261
9,2745,0,-0.173913043478261
9,2746,31,-0.173913043478261
9,2747,148,80.2022471910112
9,2748,385,186.346368715084
9,2749,141,-65
9,2750,-375,-231.88275862069
9,2751,-159,-114.208791208791
9,2752,51,13.7586206896552
9,2753,20,-17.453125
9,2754,20,-21.6125
9,2755,9,-21.6125
9,2756,-4,35
9,2757,201,108.61320754717
9,2758,377,266.164179104478
9,2759,-60,-65
9,2760,-277,-152.860927152318
9,2761,-98,-119.354166666667
9,2762,-132,13.7586206896552
9,2763,-90,-34.6544943820225
9,2764,-80,-34.6544943820225
9,2765,-64,-34.6544943820225
9,2766,-22,-34.6544943820225
9,2767,-16,-5.88235294117647
9,2768,-3,-23.5035971223022
9,2769,2,-0.173913043478261
9,2770,28,-0.173913043478261
9,2771,134,80.2022471910112
9,2772,375,186.346368715084
9,2773,121,-65
9,2774,-365,-231.88275862069
9,2775,-100,-79.4
9,2776,23,13.7586206896552
9,2777,89,37.5864661654135
9,2778,-12,-17.453125
9,2779,-1,-0.173913043478261
9,2780,-2,35
9,2781,152,108.61320754717
9,2782,272,266.164179104478
9,2783,58,-65
9,2784,-244,-152.860927152318
9,2785,-130,-119.354166666667
9,2786,-110,13.7586206896552
9,2787,-50,-34.6544943820225
9,2788,-125,-34.6544943820225
9,2789,-64,-34.6544943820225
9,2790,-37,-34.6544943820225
9,2791,-10,73.2
9,2792,-7,-0.173913043478261
9,2793,1,-0.173913043478261
9,2794,28,-0.173913043478261
9,2795,136,80.2022471910112
9,2796,356,186.346368715084
9,2797,155,-65
9,2798,-344,-231.88275862069
9,2799,-127,-114.208791208791
9,2800,27,13.7586206896552
9,2801,99,37.5864661654135
9,2802,-21,-17.453125
9,2803,-50,-23.5035971223022
9,2804,68,-34.6544943820225
9,2805,133,107.733333333333
9,2806,403,266.164179104478
9,2807,-56,-231.88275862069
9,2808,-211,-152.860927152318
9,2809,-124,-119.354166666667
9,2810,-165,13.7586206896552
9,2811,-85,-34.6544943820225
9,2812,-51,-34.6544943820225
9,2813,-100,-34.6544943820225
9,2814,-48,-34.6544943820225
9,2815,-10,73.2
9,2816,-11,-0.173913043478261
9,2817,2,-0.173913043478261
9,2818,19,-0.173913043478261
9,2819,110,80.2022471910112
9,2820,289,186.346368715084
9,2821,272,-65
9,2822,-318,-231.88275862069
9,2823,-133,-152.860927152318
9,2824,15,-119.354166666667
9,2825,105,37.5864661654135
9,2826,47,-17.453125
9,2827,-43,-17.453125
9,2828,24,-34.6544943820225
9,2829,126,108.61320754717
9,2830,270,214.80303030303
9,2831,-70,-65
9,2832,-168,-152.860927152318
9,2833,-147,-119.354166666667
9,2834,-69,-89.9354838709677
9,2835,-48,-34.6544943820225
9,2836,-76,-34.6544943820225
9,2837,-9,-34.6544943820225
9,2838,-83,-5.88235294117647
9,2839,-34,-34.6544943820225
9,2840,-49,-34.6544943820225
9,2841,-32,-34.6544943820225
9,2842,11,-34.6544943820225
9,2843,61,80.2022471910112
9,2844,7,146.475609756098
9,2845,157,-0.173913043478261
9,2846,96,107.733333333333
9,2847,126,-65
9,2848,103,55.8
9,2849,-38,-231.88275862069
9,2850,54,-34.6544943820225
9,2851,8,-43.1
9,2852,-38,-0.173913043478261
9,2853,-21,-34.6544943820225
9,2854,-39,167.666666666667
9,2855,-44,-34.6544943820225
9,2856,-91,-34.6544943820225
9,2857,3,-34.6544943820225
9,2858,-47,-0.173913043478261
9,2859,-102,-34.6544943820225
9,2860,16,-34.6544943820225
9,2861,-72,37.5864661654135
9,2862,-42,-34.6544943820225
9,2863,-43,-34.6544943820225
9,2864,-44,-34.6544943820225
9,2865,-19,-34.6544943820225
9,2866,3,-23.5035971223022
9,2867,17,-0.173913043478261
9,2868,32,37.5864661654135
9,2869,119,80.2022471910112
9,2870,85,186.346368715084
9,2871,147,-65
9,2872,86,55.8
9,2873,3,-231.88275862069
9,2874,-10,-0.173913043478261
9,2875,8,-0.173913043478261
9,2876,-25,-0.173913043478261
9,2877,33,-23.5035971223022
9,2878,13,167.666666666667
9,2879,-31,-21.6125
9,2880,-115,-34.6544943820225
9,2881,-12,-34.6544943820225
9,2882,-110,-0.173913043478261
9,2883,-94,-34.6544943820225
9,2884,-49,-34.6544943820225
9,2885,-69,-34.6544943820225
9,2886,-17,-34.6544943820225
9,2887,-7,-23.5035971223022
9,2888,-11,-0.173913043478261
9,2889,1,-0.173913043478261
9,2890,30,-0.173913043478261
9,2891,107,80.2022471910112
9,2892,359,186.346368715084
9,2893,148,146.475609756098
9,2894,-335,-231.88275862069
9,2895,-169,-114.208791208791
9,2896,55,13.7586206896552
9,2897,59,-17.453125
9,2898,-13,-17.453125
9,2899,11,-0.173913043478261
9,2900,0,-21.6125
9,2901,168,108.61320754717
9,2902,373,266.164179104478
9,2903,31,-65
9,2904,-235,-152.860927152318
9,2905,-202,-119.354166666667
9,2906,-144,13.7586206896552
9,2907,-86,13.7586206896552
9,2908,-84,-34.6544943820225
9,2909,-52,-34.6544943820225
9,2910,-12,-34.6544943820225
9,2911,-10,-5.88235294117647
9,2912,6,-0.173913043478261
9,2913,-8,-0.173913043478261
9,2914,25,-0.173913043478261
9,2915,107,80.2022471910112
9,2916,167,107.733333333333
9,2917,310,146.475609756098
9,2918,-328,-231.88275862069
9,2919,-160,-152.860927152318
9,2920,-60,-119.354166666667
9,2921,30,-89.9354838709677
9,2922,-36,-21.6125
9,2923,1,-34.6544943820225
9,2924,56,-0.173913043478261
9,2925,123,107.733333333333
9,2926,442,214.80303030303
9,2927,-28,-231.88275862069
9,2928,-162,-152.860927152318
9,2929,-105,-119.354166666667
9,2930,-112,-89.9354838709677
9,2931,-67,-34.6544943820225
9,2932,-118,-34.6544943820225
9,2933,-55,-34.6544943820225
9,2934,-6,-34.6544943820225
9,2935,-24,-5.88235294117647
9,2936,4,-23.5035971223022
9,2937,2,-0.173913043478261
9,2938,30,-0.173913043478261
9,2939,154,80.2022471910112
9,2940,311,107.733333333333
9,2941,208,-65
9,2942,-361,-231.88275862069
9,2943,-154,-152.860927152318
9,2944,48,13.7586206896552
9,2945,88,-17.453125
9,2946,-79,-17.453125
9,2947,65,-34.6544943820225
9,2948,-39,-104.934782608696
9,2949,111,73.2
9,2950,465,214.80303030303
9,2951,-113,-65
9,2952,-73,-152.860927152318
9,2953,-223,-119.354166666667
9,2954,-52,-89.9354838709677
9,2955,-158,13.7586206896552
9,2956,-85,-34.6544943820225
9,2957,-105,-34.6544943820225
9,2958,-27,-34.6544943820225
9,2959,-12,-5.88235294117647
9,2960,-4,-0.173913043478261
9,2961,1,-0.173913043478261
9,2962,34,-0.173913043478261
9,2963,141,80.2022471910112
9,2964,325,186.346368715084
9,2965,213,-65
9,2966,-362,-231.88275862069
9,2967,-178,-152.860927152318
9,2968,49,13.7586206896552
9,2969,37,-17.453125
9,2970,19,-21.6125
9,2971,14,-21.6125
9,2972,26,35
9,2973,114,108.61320754717
9,2974,429,214.80303030303
9,2975,-44,-65
9,2976,-244,-152.860927152318
9,2977,-144,-119.354166666667
9,2978,-98,13.7586206896552
9,2979,-95,-34.6544943820225
9,2980,-70,-34.6544943820225
9,2981,-78,-34.6544943820225
9,2982,-43,-34.6544943820225
9,2983,-36,73.2
9,2984,-10,-34.6544943820225
9,2985,9,-0.173913043478261
9,2986,19,80.2022471910112
9,2987,118,80.2022471910112
9,2988,279,186.346368715084
9,2989,223,-65
9,2990,-287,-231.88275862069
9,2991,-150,-152.860927152318
9,2992,70,13.7586206896552
9,2993,117,-17.453125
9,2994,-10,-17.453125
9,2995,-17,-79.4
9,2996,1,-23.5035971223022
9,2997,181,108.61320754717
9,2998,265,214.80303030303
9,2999,-130,-65
9,3000,-226,-152.860927152318
9,3001,-82,-119.354166666667
9,3002,-52,13.7586206896552
9,3003,-12,-34.6544943820225
9,3004,-99,-0.173913043478261
9,3005,-85,-34.6544943820225
9,3006,-42,-34.6544943820225
9,3007,-28,73.2
9,3008,-40,-23.5035971223022
9,3009,-19,-34.6544943820225
9,3010,15,-23.5035971223022
9,3011,24,37.5864661654135
9,3012,31,80.2022471910112
9,3013,126,80.2022471910112
9,3014,163,113.444444444444
9,3015,68,-65
9,3016,131,-114.208791208791
9,3017,37,-43.1
9,3018,14,11.3636363636364
9,3019,-44,-21.6125
9,3020,10,-34.6544943820225
9,3021,-41,-21.6125
9,3022,51,-34.6544943820225
9,3023,-22,-17.453125
9,3024,-110,-23.5035971223022
9,3025,-109,-34.6544943820225
9,3026,-62,-34.6544943820225
9,3027,-10,-34.6544943820225
9,3028,-97,-0.173913043478261
9,3029,-35,-34.6544943820225
9,3030,-60,-34.6544943820225
9,3031,-14,-34.6544943820225
9,3032,-46,-0.173913043478261
9,3033,-10,-34.6544943820225
9,3034,-1,-0.173913043478261
9,3035,6,-0.173913043478261
9,3036,25,-0.173913043478261
9,3037,71,80.2022471910112
9,3038,155,146.475609756098
9,3039,162,107.733333333333
9,3040,110,-231.88275862069
9,3041,69,-231.88275862069
9,3042,-1,11.3636363636364
9,3043,-32,-0.173913043478261
9,3044,-119,-34.6544943820225
9,3045,117,-34.6544943820225
9,3046,13,-17.453125
9,3047,-80,11.3636363636364
9,3048,-123,-34.6544943820225
9,3049,-88,-34.6544943820225
9,3050,-56,-34.6544943820225
9,3051,-93,-34.6544943820225
9,3052,-45,-34.6544943820225
9,3053,-68,-34.6544943820225
9,3054,-26,-34.6544943820225
9,3055,-5,-23.5035971223022
9,3056,-5,-0.173913043478261
9,3057,5,-0.173913043478261
9,3058,14,-0.173913043478261
9,3059,14,80.2022471910112
9,3060,108,80.2022471910112
9,3061,329,113.444444444444
9,3062,-224,113.035714285714
9,3063,-159,-152.860927152318
9,3064,30,-119.354166666667
9,3065,47,37.5864661654135
9,3066,57,-17.453125
9,3067,-6,-104.934782608696
9,3068,18,-0.173913043478261
9,3069,95,37.5864661654135
9,3070,391,214.80303030303
9,3071,-81,-17.453125
9,3072,-179,-152.860927152318
9,3073,-101,-119.354166666667
9,3074,-89,-89.9354838709677
9,3075,-109,-34.6544943820225
9,3076,-90,-34.6544943820225
9,3077,-39,-34.6544943820225
9,3078,-21,-34.6544943820225
9,3079,1,-5.88235294117647
9,3080,-7,-0.173913043478261
9,3081,2,-0.173913043478261
9,3082,27,-0.173913043478261
9,3083,124,80.2022471910112
9,3084,319,186.346368715084
9,3085,193,-65
9,3086,-345,-231.88275862069
9,3087,-148,-114.208791208791
9,3088,50,13.7586206896552
9,3089,62,-17.453125
9,3090,-20,-17.453125
9,3091,-45,-23.5035971223022
9,3092,32,-34.6544943820225
9,3093,75,108.61320754717
9,3094,477,214.80303030303
9,3095,-16,-104.934782608696
9,3096,-281,-152.860927152318
9,3097,-56,-119.354166666667
9,3098,-182,13.7586206896552
9,3099,15,-34.6544943820225
9,3100,-166,-21.6125
9,3101,-72,-34.6544943820225
9,3102,-26,-34.6544943820225
9,3103,-21,35
9,3104,2,-23.5035971223022
9,3105,-1,-0.173913043478261
9,3106,32,-0.173913043478261
9,3107,126,37.5864661654135
9,3108,299,186.346368715084
9,3109,179,-65
9,3110,-327,-231.88275862069
9,3111,-149,-114.208791208791
9,3112,21,13.7586206896552
9,3113,-8,-21.6125
9,3114,31,-0.173913043478261
9,3115,-21,-21.6125
9,3116,-11,35
9,3117,156,108.61320754717
9,3118,356,214.80303030303
9,3119,-19,-65
9,3120,-133,-152.860927152318
9,3121,-132,-119.354166666667
9,3122,-63,-89.9354838709677
9,3123,-87,-34.6544943820225
9,3124,-134,-34.6544943820225
9,3125,-54,-34.6544943820225
9,3126,-51,-34.6544943820225
9,3127,0,-34.6544943820225
9,3128,-7,-0.173913043478261
9,3129,1,-0.173913043478261
9,3130,28,-0.173913043478261
9,3131,110,80.2022471910112
9,3132,313,186.346368715084
9,3133,127,-65
9,3134,-334,-231.88275862069
9,3135,-106,-79.4
9,3136,11,13.7586206896552
9,3137,54,37.5864661654135
9,3138,-43,-17.453125
9,3139,4,-34.6544943820225
9,3140,18,-0.173913043478261
9,3141,126,108.61320754717
9,3142,295,266.164179104478
9,3143,25,-65
9,3144,-141,-152.860927152318
9,3145,-63,-119.354166666667
9,3146,-125,-89.9354838709677
9,3147,-68,-34.6544943820225
9,3148,-97,-34.6544943820225
9,3149,-53,-34.6544943820225
9,3150,-62,-34.6544943820225
9,3151,-19,-34.6544943820225
9,3152,-5,-23.5035971223022
9,3153,3,-0.173913043478261
9,3154,28,-0.173913043478261
9,3155,84,80.2022471910112
9,3156,237,186.346368715084
9,3157,254,186.346368715084
9,3158,-280,-231.88275862069
9,3159,-148,-152.860927152318
9,3160,51,-119.354166666667
9,3161,18,-17.453125
9,3162,46,-21.6125
9,3163,-37,-104.934782608696
9,3164,21,-34.6544943820225
9,3165,96,108.61320754717
9,3166,266,214.80303030303
9,3167,-141,-17.453125
9,3168,-143,-152.860927152318
9,3169,-160,-119.354166666667
9,3170,15,-89.9354838709677
9,3171,-20,80.2022471910112
9,3172,-23,-23.5035971223022
9,3173,-58,-23.5035971223022
9,3174,7,-34.6544943820225
9,3175,-30,108.61320754717
9,3176,-51,-34.6544943820225
9,3177,-23,-34.6544943820225
9,3178,-7,-23.5035971223022
9,3179,35,-0.173913043478261
9,3180,31,37.5864661654135
9,3181,89,80.2022471910112
9,3182,165,186.346368715084
9,3183,162,107.733333333333
9,3184,22,-231.88275862069
9,3185,86,-114.208791208791
9,3186,-38,-43.1
9,3187,45,-34.6544943820225
9,3188,-126,-43.1
9,3189,30,-34.6544943820225
9,3190,17,-21.6125
9,3191,-49,167.666666666667
9,3192,-56,-34.6544943820225
9,3193,-39,-34.6544943820225
9,3194,-64,-34.6544943820225
9,3195,-43,-34.6544943820225
9,3196,-54,-34.6544943820225
9,3197,-62,-34.6544943820225
9,3198,-36,-34.6544943820225
9,3199,-13,-34.6544943820225
9,3200,-54,-0.173913043478261
9,3201,-47,-34.6544943820225
9,3202,-5,-34.6544943820225
9,3203,17,-0.173913043478261
9,3204,46,80.2022471910112
9,3205,70,144.980392156863
9,3206,91,146.475609756098
9,3207,220,107.733333333333
9,3208,54,107.733333333333
9,3209,50,-152.860927152318
9,3210,29,-43.1
9,3211,-34,-21.6125
9,3212,-64,-34.6544943820225
9,3213,-26,-34.6544943820225
9,3214,71,-23.5035971223022
9,3215,2,-17.453125
9,3216,-111,-5.88235294117647
9,3217,-91,-34.6544943820225
9,3218,-79,-34.6544943820225
9,3219,-75,-34.6544943820225
9,3220,-91,-34.6544943820225
9,3221,-19,-34.6544943820225
9,3222,-37,-23.5035971223022
9,3223,-17,-34.6544943820225
9,3224,-9,-23.5035971223022
9,3225,-1,-0.173913043478261
9,3226,39,-0.173913043478261
9,3227,115,80.2022471910112
9,3228,327,146.475609756098
9,3229,123,-175.6
9,3230,-340,-231.88275862069
9,3231,-84,-79.4
9,3232,-3,13.7586206896552
9,3233,89,-0.173913043478261
9,3234,-10,-17.453125
9,3235,-9,-0.173913043478261
9,3236,-18,-0.173913043478261
9,3237,181,108.61320754717
9,3238,419,266.164179104478
9,3239,-42,-65
9,3240,-209,-152.860927152318
9,3241,-107,-119.354166666667
9,3242,-144,13.7586206896552
9,3243,-144,-34.6544943820225
9,3244,-84,-34.6544943820225
9,3245,-66,-34.6544943820225
9,3246,-7,-34.6544943820225
9,3247,-21,-5.88235294117647
9,3248,0,-23.5035971223022
9,3249,1,-0.173913043478261
9,3250,29,-0.173913043478261
9,3251,149,80.2022471910112
9,3252,364,186.346368715084
9,3253,104,-65
9,3254,-328,-231.88275862069
9,3255,-138,-119.354166666667
9,3256,45,13.7586206896552
9,3257,73,-17.453125
9,3258,-2,-17.453125
9,3259,-39,-0.173913043478261
9,3260,50,-34.6544943820225
9,3261,99,107.733333333333
9,3262,484,266.164179104478
9,3263,-76,-104.934782608696
9,3264,-212,-152.860927152318
9,3265,-107,-119.354166666667
9,3266,-177,13.7586206896552
9,3267,-83,-34.6544943820225
9,3268,-114,-34.6544943820225
9,3269,-77,-34.6544943820225
9,3270,-31,-34.6544943820225
9,3271,-9,73.2
9,3272,-6,-0.173913043478261
9,3273,3,-0.173913043478261
9,3274,25,-0.173913043478261
9,3275,164,80.2022471910112
9,3276,327,186.346368715084
9,3277,160,-65
9,3278,-405,-231.88275862069
9,3279,-110,-114.208791208791
9,3280,37,13.7586206896552
9,3281,113,37.5864661654135
9,3282,-1,-17.453125
9,3283,-51,-79.4
9,3284,-21,-34.6544943820225
9,3285,143,108.61320754717
9,3286,451,214.80303030303
9,3287,-39,-65
9,3288,-161,-152.860927152318
9,3289,-198,-119.354166666667
9,3290,-78,-89.9354838709677
9,3291,-70,-34.6544943820225
9,3292,-138,-34.6544943820225
9,3293,-105,-34.6544943820225
9,3294,-29,-34.6544943820225
9,3295,-12,-34.6544943820225
9,3296,-6,-0.173913043478261
9,3297,4,-0.173913043478261
9,3298,36,-0.173913043478261
9,3299,146,80.2022471910112
9,3300,315,186.346368715084
9,3301,109,-65
9,3302,-266,-231.88275862069
9,3303,-167,-119.354166666667
9,3304,27,13.7586206896552
9,3305,65,-21.6125
9,3306,-40,-17.453125
9,3307,18,-34.6544943820225
9,3308,-35,35
9,3309,168,73.2
9,3310,318,266.164179104478
9,3311,-8,-65
9,3312,-126,-152.860927152318
9,3313,-101,-119.354166666667
9,3314,-72,-89.9354838709677
9,3315,-124,-34.6544943820225
9,3316,-103,-34.6544943820225
9,3317,-57,-34.6544943820225
9,3318,-72,-34.6544943820225
9,3319,-24,-34.6544943820225
9,3320,-10,-23.5035971223022
9,3321,2,-0.173913043478261
9,3322,35,-0.173913043478261
9,3323,118,80.2022471910112
9,3324,217,186.346368715084
9,3325,244,-65
9,3326,-324,-231.88275862069
9,3327,-129,-152.860927152318
9,3328,17,-119.354166666667
9,3329,38,-21.6125
9,3330,13,-21.6125
9,3331,-6,-21.6125
9,3332,-3,-0.173913043478261
9,3333,121,108.61320754717
9,3334,188,214.80303030303
9,3335,-75,-65
9,3336,-101,-114.208791208791
9,3337,-55,-88.5
9,3338,-72,-34.6544943820225
9,3339,-73,-34.6544943820225
9,3340,-115,-34.6544943820225
9,3341,21,-34.6544943820225
9,3342,-11,-5.88235294117647
9,3343,3,-5.88235294117647
9,3344,-38,-0.173913043478261
9,3345,-5,-34.6544943820225
9,3346,-8,-0.173913043478261
9,3347,32,-0.173913043478261
9,3348,50,80.2022471910112
9,3349,102,146.475609756098
9,3350,81,-104.934782608696
9,3351,129,107.733333333333
9,3352,48,55.8333333333333
9,3353,19,11.3636363636364
9,3354,-43,-21.6125
9,3355,-19,-34.6544943820225
9,3356,-5,-23.5035971223022
9,3357,-31,-0.173913043478261
9,3358,-11,-34.6544943820225
9,3359,-23,-0.173913043478261
9,3360,35,35
9,3361,-82,37.5864661654135
9,3362,-79,-34.6544943820225
9,3363,-41,-34.6544943820225
9,3364,-20,-34.6544943820225
9,3365,-3,-23.5035971223022
9,3366,-56,-0.173913043478261
9,3367,-3,-34.6544943820225
9,3368,-57,-0.173913043478261
9,3369,-29,-34.6544943820225
9,3370,6,-34.6544943820225
9,3371,17,-0.173913043478261
9,3372,23,37.5864661654135
9,3373,92,37.5864661654135
9,3374,77,113.035714285714
9,3375,147,107.733333333333
9,3376,11,55.8
9,3377,56,-114.208791208791
9,3378,-13,-43.1
9,3379,24,-0.173913043478261
9,3380,-99,-21.6125
9,3381,-32,-34.6544943820225
9,3382,100,-34.6544943820225
9,3383,-43,-17.453125
9,3384,12,-34.6544943820225
9,3385,-50,37.5864661654135
9,3386,-74,-34.6544943820225
9,3387,-107,-34.6544943820225
9,3388,-41,-34.6544943820225
9,3389,-67,-34.6544943820225
9,3390,-26,-34.6544943820225
9,3391,-2,-23.5035971223022
9,3392,-10,-0.173913043478261
9,3393,7,-0.173913043478261
9,3394,28,-0.173913043478261
9,3395,96,80.2022471910112
9,3396,262,186.346368715084
9,3397,170,113.444444444444
9,3398,-273,-231.88275862069
9,3399,-121,-114.208791208791
9,3400,27,13.7586206896552
9,3401,56,37.5864661654135
9,3402,-21,-17.453125
9,3403,-6,-23.5035971223022
9,3404,4,-0.173913043478261
9,3405,131,108.61320754717
9,3406,382,214.80303030303
9,3407,-17,-65
9,3408,-149,-152.860927152318
9,3409,-186,-119.354166666667
9,3410,-137,-89.9354838709677
9,3411,-70,-34.6544943820225
9,3412,-86,-34.6544943820225
9,3413,-49,-34.6544943820225
9,3414,-39,-34.6544943820225
9,3415,-4,-34.6544943820225
9,3416,-8,-0.173913043478261
9,3417,4,-0.173913043478261
9,3418,29,-0.173913043478261
9,3419,119,80.2022471910112
9,3420,329,186.346368715084
9,3421,163,-65
9,3422,-374,-231.88275862069
9,3423,-63,-114.208791208791
9,3424,8,13.7586206896552
9,3425,55,-0.173913043478261
9,3426,11,-17.453125
9,3427,27,-21.6125
9,3428,91,35
9,3429,126,107.733333333333
9,3430,195,214.80303030303
9,3431,-95,-231.88275862069
9,3432,-130,-114.208791208791
9,3433,-121,-88.5
9,3434,-180,-34.6544943820225
9,3435,-19,-34.6544943820225
9,3436,-6,-23.5035971223022
9,3437,-12,-0.173913043478261
9,3438,-36,-5.88235294117647
9,3439,-30,-34.6544943820225
9,3440,-61,-34.6544943820225
9,3441,-16,-34.6544943820225
9,3442,3,-23.5035971223022
9,3443,13,-0.173913043478261
9,3444,40,37.5864661654135
9,3445,81,37.5864661654135
9,3446,140,186.346368715084
9,3447,154,107.733333333333
9,3448,38,-231.88275862069
9,3449,9,-114.208791208791
9,3450,5,37.5864661654135
9,3451,48,-0.173913043478261
9,3452,-93,-17.453125
9,3453,-65,-34.6544943820225
9,3454,25,-34.6544943820225
9,3455,16,167.666666666667
9,3456,2,-5.88235294117647
9,3457,119,-0.173913043478261
9,3458,33,113.035714285714
9,3459,-82,11.3636363636364
9,3460,-319,-34.6544943820225
9,3461,-95,-34.6544943820225
9,3462,-58,13.7586206896552
9,3463,-12,-34.6544943820225
9,3464,-11,-0.173913043478261
9,3465,0,-0.173913043478261
9,3466,22,-5.88235294117647
9,3467,104,80.2022471910112
9,3468,210,266.164179104478
9,3469,207,186.346368715084
9,3470,-257,-231.88275862069
9,3471,-107,-152.860927152318
9,3472,58,13.7586206896552
9,3473,32,-17.453125
9,3474,34,-21.6125
9,3475,-69,-21.6125
9,3476,13,-34.6544943820225
9,3477,179,108.61320754717
9,3478,256,214.80303030303
9,3479,-82,-65
9,3480,-104,-152.860927152318
9,3481,-182,-119.354166666667
9,3482,2,-89.9354838709677
9,3483,-98,-0.173913043478261
9,3484,-94,-34.6544943820225
9,3485,-29,-34.6544943820225
9,3486,-73,-34.6544943820225
9,3487,-12,-34.6544943820225
9,3488,-10,-0.173913043478261
9,3489,-1,-0.173913043478261
9,3490,29,-0.173913043478261
9,3491,96,80.2022471910112
9,3492,222,186.346368715084
9,3493,232,186.346368715084
9,3494,-281,-231.88275862069
9,3495,-94,-152.860927152318
9,3496,23,13.7586206896552
9,3497,98,37.5864661654135
9,3498,-38,-17.453125
9,3499,-18,-34.6544943820225
9,3500,10,-23.5035971223022
9,3501,84,108.61320754717
9,3502,207,214.80303030303
9,3503,-16,-17.453125
9,3504,-142,-152.860927152318
9,3505,-82,-88.5
9,3506,-36,-34.6544943820225
9,3507,-12,-34.6544943820225
9,3508,-124,-0.173913043478261
9,3509,-14,-34.6544943820225
9,3510,-79,-0.173913043478261
9,3511,-13,-34.6544943820225
9,3512,-27,-0.173913043478261
9,3513,-15,-23.5035971223022
9,3514,-2,-23.5035971223022
9,3515,17,-0.173913043478261
9,3516,40,80.2022471910112
9,3517,81,37.5864661654135
9,3518,104,146.475609756098
9,3519,69,113.444444444444
9,3520,42,55.8
9,3521,-25,55.8333333333333
9,3522,18,-23.5035971223022
9,3523,-52,-21.6125
9,3524,-2,-34.6544943820225
9,3525,-12,-0.173913043478261
9,3526,-15,-0.173913043478261
9,3527,-2,-23.5035971223022
9,3528,10,-0.173913043478261
9,3529,-11,37.5864661654135
9,3530,-75,-0.173913043478261
9,3531,19,-34.6544943820225
9,3532,-72,37.5864661654135
9,3533,-1,-34.6544943820225
9,3534,-23,-0.173913043478261
9,3535,-54,-23.5035971223022
9,3536,-35,-34.6544943820225
9,3537,-22,-34.6544943820225
9,3538,-7,-23.5035971223022
9,3539,15,-0.173913043478261
9,3540,31,80.2022471910112
9,3541,78,37.5864661654135
9,3542,112,186.346368715084
9,3543,77,107.733333333333
9,3544,70,11.3636363636364
9,3545,-13,55.8
9,3546,-39,-0.173913043478261
9,3547,-25,-34.6544943820225
9,3548,-14,-23.5035971223022
9,3549,-7,-0.173913043478261
9,3550,-21,-0.173913043478261
9,3551,-17,-23.5035971223022
9,3552,-3,-23.5035971223022
9,3553,35,-0.173913043478261
9,3554,-78,80.2022471910112
9,3555,-85,-34.6544943820225
9,3556,1,-34.6544943820225
9,3557,-84,-0.173913043478261
9,3558,-21,-34.6544943820225
9,3559,-13,-23.5035971223022
9,3560,0,-0.173913043478261
9,3561,-3,-0.173913043478261
9,3562,26,-0.173913043478261
9,3563,64,80.2022471910112
9,3564,138,144.980392156863
9,3565,225,146.475609756098
9,3566,-92,-231.88275862069
9,3567,-188,-152.860927152318
9,3568,41,-88.5
9,3569,50,37.5864661654135
9,3570,-11,-17.453125
9,3571,-13,-0.173913043478261
9,3572,38,-0.173913043478261
9,3573,133,108.61320754717
9,3574,436,186.346368715084
9,3575,23,-65
9,3576,-241,-152.860927152318
9,3577,-184,-119.354166666667
9,3578,-116,13.7586206896552
9,3579,-107,-34.6544943820225
9,3580,-93,-34.6544943820225
9,3581,-62,-34.6544943820225
9,3582,-54,-34.6544943820225
9,3583,1,73.2
9,3584,-13,-0.173913043478261
9,3585,1,-0.173913043478261
9,3586,38,-0.173913043478261
9,3587,145,80.2022471910112
9,3588,333,186.346368715084
9,3589,129,-65
9,3590,-318,-231.88275862069
9,3591,-141,-79.4
9,3592,59,13.7586206896552
9,3593,23,-17.453125
9,3594,8,-21.6125
9,3595,-38,-0.173913043478261
9,3596,23,-34.6544943820225
9,3597,170,108.61320754717
9,3598,437,266.164179104478
9,3599,-53,-65
9,3600,-405,-152.860927152318
9,3601,-330,-119.354166666667
9,3602,6,13.7586206896552
9,3603,49,-0.173913043478261
9,3604,-36,-17.453125
9,3605,-59,-34.6544943820225
9,3606,-30,-34.6544943820225
9,3607,-9,73.2
9,3608,0,-0.173913043478261
9,3609,2,-0.173913043478261
9,3610,34,-0.173913043478261
9,3611,144,37.5864661654135
9,3612,312,186.346368715084
9,3613,177,-65
9,3614,-346,-231.88275862069
9,3615,-133,-114.208791208791
9,3616,34,13.7586206896552
9,3617,63,-21.6125
9,3618,-19,-17.453125
9,3619,-32,-23.5035971223022
9,3620,35,-34.6544943820225
9,3621,135,108.61320754717
9,3622,419,214.80303030303
9,3623,-16,-65
9,3624,-181,-152.860927152318
9,3625,-150,-119.354166666667
9,3626,-92,-89.9354838709677
9,3627,-147,-34.6544943820225
9,3628,-92,-34.6544943820225
9,3629,-96,-34.6544943820225
9,3630,-35,-34.6544943820225
9,3631,-12,-34.6544943820225
9,3632,1,-0.173913043478261
9,3633,-5,-0.173913043478261
9,3634,39,-0.173913043478261
9,3635,134,80.2022471910112
9,3636,334,186.346368715084
9,3637,190,-175.6
9,3638,-375,-231.88275862069
9,3639,-113,-114.208791208791
9,3640,1,13.7586206896552
9,3641,77,-0.173913043478261
9,3642,-15,-17.453125
9,3643,-68,-23.5035971223022
9,3644,62,-34.6544943820225
9,3645,168,107.733333333333
9,3646,356,214.80303030303
9,3647,30,-231.88275862069
9,3648,-196,-152.860927152318
9,3649,-115,-119.354166666667
9,3650,-141,-89.9354838709677
9,3651,-55,-34.6544943820225
9,3652,-107,-34.6544943820225
9,3653,-116,-34.6544943820225
9,3654,-36,-34.6544943820225
9,3655,-42,73.2
9,3656,-8,-34.6544943820225
9,3657,2,-0.173913043478261
9,3658,23,-0.173913043478261
9,3659,93,80.2022471910112
9,3660,253,186.346368715084
9,3661,333,186.346368715084
9,3662,-299,-231.88275862069
9,3663,-146,-152.860927152318
9,3664,20,-119.354166666667
9,3665,91,37.5864661654135
9,3666,-5,-17.453125
9,3667,-5,-0.173913043478261
9,3668,-16,-0.173913043478261
9,3669,139,108.61320754717
9,3670,343,214.80303030303
9,3671,-204,-65
9,3672,-143,-152.860927152318
9,3673,-99,-119.354166666667
9,3674,-90,-89.9354838709677
9,3675,-36,-34.6544943820225
9,3676,-51,-34.6544943820225
9,3677,-21,-34.6544943820225
9,3678,-73,-5.88235294117647
9,3679,-17,-34.6544943820225
9,3680,-61,-23.5035971223022
9,3681,-31,-34.6544943820225
9,3682,-4,-34.6544943820225
9,3683,30,-0.173913043478261
9,3684,13,80.2022471910112
9,3685,103,37.5864661654135
9,3686,131,146.475609756098
9,3687,119,107.733333333333
9,3688,38,-231.88275862069
9,3689,60,11.3636363636364
9,3690,92,55.8333333333333
9,3691,41,-43.1
9,3692,-72,-21.6125
9,3693,6,-34.6544943820225
9,3694,-108,-0.173913043478261
9,3695,-107,-34.6544943820225
9,3696,80,-34.6544943820225
9,3697,-75,-17.453125
9,3698,-87,-34.6544943820225
9,3699,-44,-34.6544943820225
9,3700,-14,-34.6544943820225
9,3701,-24,-0.173913043478261
9,3702,-19,-23.5035971223022
9,3703,-53,-23.5035971223022
9,3704,-58,-34.6544943820225
9,3705,-38,-34.6544943820225
9,3706,-10,-34.6544943820225
9,3707,6,-0.173913043478261
9,3708,32,-0.173913043478261
9,3709,86,37.5864661654135
9,3710,88,186.346368715084
9,3711,161,107.733333333333
9,3712,69,107.733333333333
9,3713,38,-114.208791208791
9,3714,-9,37.5864661654135
9,3715,-4,-0.173913043478261
9,3716,13,-0.173913043478261
9,3717,6,-21.6125
9,3718,-59,-0.173913043478261
9,3719,-124,-34.6544943820225
9,3720,0,-34.6544943820225
9,3721,-18,-0.173913043478261
9,3722,-71,-23.5035971223022
9,3723,-93,-34.6544943820225
9,3724,-39,-34.6544943820225
9,3725,-48,-34.6544943820225
9,3726,-32,-34.6544943820225
9,3727,4,-34.6544943820225
9,3728,-9,-0.173913043478261
9,3729,6,-0.173913043478261
9,3730,38,-0.173913043478261
9,3731,90,80.2022471910112
9,3732,343,186.346368715084
9,3733,184,113.444444444444
9,3734,-319,-231.88275862069
9,3735,-162,-114.208791208791
9,3736,-4,13.7586206896552
9,3737,55,-0.173913043478261
9,3738,2,-17.453125
9,3739,-27,-0.173913043478261
9,3740,25,-23.5035971223022
9,3741,149,108.61320754717
9,3742,369,214.80303030303
9,3743,39,-65
9,3744,-199,-152.860927152318
9,3745,-141,-119.354166666667
9,3746,-126,13.7586206896552
9,3747,-44,-34.6544943820225
9,3748,-118,-34.6544943820225
9,3749,-113,-34.6544943820225
9,3750,-28,-34.6544943820225
9,3751,-18,-5.88235294117647
9,3752,-4,-23.5035971223022
9,3753,4,-0.173913043478261
9,3754,31,-0.173913043478261
9,3755,175,80.2022471910112
9,3756,313,186.346368715084
9,3757,135,-65
9,3758,-341,-231.88275862069
9,3759,-161,-79.4
9,3760,47,13.7586206896552
9,3761,48,-17.453125
9,3762,-33,-17.453125
9,3763,-7,-34.6544943820225
9,3764,30,35
9,3765,137,108.61320754717
9,3766,389,266.164179104478
9,3767,2,-65
9,3768,-225,-152.860927152318
9,3769,-120,-119.354166666667
9,3770,-94,13.7586206896552
9,3771,-89,-34.6544943820225
9,3772,-83,-34.6544943820225
9,3773,-108,-34.6544943820225
9,3774,-37,-34.6544943820225
9,3775,-8,73.2
9,3776,-4,-0.173913043478261
9,3777,2,-0.173913043478261
9,3778,40,-0.173913043478261
9,3779,116,80.2022471910112
9,3780,333,186.346368715084
9,3781,184,-175.6
9,3782,-382,-231.88275862069
9,3783,-159,-114.208791208791
9,3784,45,13.7586206896552
9,3785,19,-17.453125
9,3786,1,-21.6125
9,3787,-33,-0.173913043478261
9,3788,24,-34.6544943820225
9,3789,30,108.61320754717
9,3790,146,167.666666666667
9,3791,273,-17.453125
9,3792,-127,-65
9,3793,-150,-152.860927152318
9,3794,-47,-119.354166666667
9,3795,-31,-89.9354838709677
9,3796,-157,-34.6544943820225
9,3797,-65,-34.6544943820225
9,3798,-41,-34.6544943820225
9,3799,-18,-34.6544943820225
9,3800,-2,-5.88235294117647
9,3801,3,-0.173913043478261
9,3802,32,-0.173913043478261
9,3803,112,80.2022471910112
9,3804,321,186.346368715084
9,3805,184,-65
9,3806,-339,-231.88275862069
9,3807,-120,-114.208791208791
9,3808,18,13.7586206896552
9,3809,58,-21.6125
9,3810,-20,-17.453125
9,3811,-57,-23.5035971223022
9,3812,95,-34.6544943820225
9,3813,66,107.733333333333
9,3814,413,214.80303030303
9,3815,6,-104.934782608696
9,3816,-244,-152.860927152318
9,3817,-28,-119.354166666667
9,3818,-173,-23.5035971223022
9,3819,-264,-34.6544943820225
9,3820,-3,-34.6544943820225
9,3821,-31,-0.173913043478261
9,3822,-23,-34.6544943820225
9,3823,8,-5.88235294117647
9,3824,17,-0.173913043478261
9,3825,-27,80.2022471910112
9,3826,33,-23.5035971223022
9,3827,84,80.2022471910112
9,3828,234,7.5625
9,3829,331,186.346368715084
9,3830,-318,-231.88275862069
9,3831,-140,-152.860927152318
9,3832,-21,-119.354166666667
9,3833,62,-23.5035971223022
9,3834,-118,-17.453125
9,3835,73,-34.6544943820225
9,3836,-13,-104.934782608696
9,3837,220,35
9,3838,279,214.80303030303
9,3839,-93,-65
9,3840,-220,-152.860927152318
9,3841,-151,-119.354166666667
9,3842,-129,13.7586206896552
9,3843,13,-34.6544943820225
9,3844,31,-21.6125
9,3845,-63,-21.6125
9,3846,-31,-34.6544943820225
9,3847,-12,73.2
9,3848,-35,-0.173913043478261
9,3849,-9,-34.6544943820225
9,3850,1,-0.173913043478261
9,3851,-2,-0.173913043478261
9,3852,22,-0.173913043478261
9,3853,75,80.2022471910112
9,3854,95,146.475609756098
9,3855,61,186.346368715084
9,3856,37,113.444444444444
9,3857,152,37.5864661654135
9,3858,-103,-43.1
9,3859,-11,-114.208791208791
9,3860,37,-0.173913043478261
9,3861,-54,-21.6125
9,3862,-85,-34.6544943820225
9,3863,-64,-34.6544943820225
9,3864,61,-34.6544943820225
9,3865,-24,144.980392156863
9,3866,-51,-5.88235294117647
9,3867,17,-34.6544943820225
9,3868,-31,37.5864661654135
9,3869,-36,-34.6544943820225
9,3870,17,-34.6544943820225
9,3871,-8,-21.6125
9,3872,-79,-0.173913043478261
9,3873,-27,-34.6544943820225
9,3874,-10,-23.5035971223022
9,3875,13,-0.173913043478261
9,3876,19,80.2022471910112
9,3877,115,80.2022471910112
9,3878,105,146.475609756098
9,3879,121,-65
9,3880,126,55.8
9,3881,-1,-231.88275862069
9,3882,122,-79.4
9,3883,-10,-43.1
9,3884,8,-79.4
9,3885,4,-0.173913043478261
9,3886,-72,-0.173913043478261
9,3887,-41,-34.6544943820225
9,3888,7,-34.6544943820225
9,3889,-144,108.61320754717
9,3890,-33,-34.6544943820225
9,3891,-154,-34.6544943820225
9,3892,-68,-34.6544943820225
9,3893,-76,-34.6544943820225
9,3894,-20,-34.6544943820225
9,3895,-10,-23.5035971223022
9,3896,-15,-0.173913043478261
9,3897,6,-23.5035971223022
9,3898,43,-0.173913043478261
9,3899,106,144.980392156863
9,3900,264,186.346368715084
9,3901,317,113.444444444444
9,3902,-393,-231.88275862069
9,3903,-145,-152.860927152318
9,3904,-2,-119.354166666667
9,3905,116,-0.173913043478261
9,3906,-74,-17.453125
9,3907,31,-79.4
9,3908,10,-21.6125
9,3909,176,108.61320754717
9,3910,390,214.80303030303
9,3911,-106,-65
9,3912,-159,-152.860927152318
9,3913,-179,-119.354166666667
9,3914,-107,-89.9354838709677
9,3915,-87,-34.6544943820225
9,3916,-95,-34.6544943820225
9,3917,-50,-34.6544943820225
9,3918,-47,-34.6544943820225
9,3919,-1,-34.6544943820225
9,3920,-10,-0.173913043478261
9,3921,0,-0.173913043478261
9,3922,44,-0.173913043478261
9,3923,140,144.980392156863
9,3924,326,186.346368715084
9,3925,227,-175.6
9,3926,-404,-231.88275862069
9,3927,-121,-152.860927152318
9,3928,-17,13.7586206896552
9,3929,28,-23.5035971223022
9,3930,44,-21.6125
9,3931,-29,-17.453125
9,3932,41,-34.6544943820225
9,3933,170,35
9,3934,414,214.80303030303
9,3935,8,-175.6
9,3936,-245,-152.860927152318
9,3937,-109,-119.354166666667
9,3938,-145,13.7586206896552
9,3939,-109,-34.6544943820225
9,3940,-77,-34.6544943820225
9,3941,-126,-34.6544943820225
9,3942,-38,-34.6544943820225
9,3943,-16,73.2
9,3944,0,-23.5035971223022
9,3945,-8,-0.173913043478261
9,3946,55,-0.173913043478261
9,3947,131,144.980392156863
9,3948,317,186.346368715084
9,3949,281,-231.88275862069
9,3950,-446,-231.88275862069
9,3951,-111,-152.860927152318
9,3952,50,-119.354166666667
9,3953,29,-17.453125
9,3954,2,-21.6125
9,3955,-65,-0.173913043478261
9,3956,70,-34.6544943820225
9,3957,167,107.733333333333
9,3958,429,214.80303030303
9,3959,-22,-231.88275862069
9,3960,-193,-152.860927152318
9,3961,-131,-119.354166666667
9,3962,-170,-89.9354838709677
9,3963,-119,-34.6544943820225
9,3964,-39,-34.6544943820225
9,3965,-147,-34.6544943820225
9,3966,-63,-34.6544943820225
9,3967,-8,73.2
9,3968,-13,-0.173913043478261
9,3969,-4,-0.173913043478261
9,3970,38,-0.173913043478261
9,3971,139,80.2022471910112
9,3972,314,186.346368715084
9,3973,234,-65
9,3974,-385,-231.88275862069
9,3975,-122,-152.860927152318
9,3976,-10,13.7586206896552
9,3977,67,-0.173913043478261
9,3978,-37,-17.453125
9,3979,-29,-34.6544943820225
9,3980,25,-34.6544943820225
9,3981,136,108.61320754717
9,3982,364,214.80303030303
9,3983,-50,-65
9,3984,-74,-152.860927152318
9,3985,-168,-119.354166666667
9,3986,-175,-89.9354838709677
9,3987,-37,-34.6544943820225
9,3988,-89,-34.6544943820225
9,3989,-48,-34.6544943820225
9,3990,-43,-34.6544943820225
9,3991,-28,-34.6544943820225
9,3992,-14,-23.5035971223022
9,3993,-4,-0.173913043478261
9,3994,29,-0.173913043478261
9,3995,102,80.2022471910112
9,3996,271,186.346368715084
9,3997,266,186.346368715084
9,3998,-313,-231.88275862069
9,3999,-132,-152.860927152318
9,4000,20,-119.354166666667
9,4001,48,37.5864661654135
9,4002,15,-17.453125
9,4003,12,-21.6125
9,4004,-3,-21.6125
9,4005,176,108.61320754717
9,4006,200,214.80303030303
9,4007,-77,-65
9,4008,-106,-152.860927152318
9,4009,-162,-88.5
9,4010,-94,-34.6544943820225
9,4011,-61,-34.6544943820225
9,4012,-10,-34.6544943820225
9,4013,2,-0.173913043478261
9,4014,-111,-5.88235294117647
9,4015,10,-34.6544943820225
9,4016,-47,80.2022471910112
9,4017,-32,-34.6544943820225
9,4018,3,-34.6544943820225
9,4019,36,-0.173913043478261
9,4020,26,37.5864661654135
9,4021,87,37.5864661654135
9,4022,174,-104.934782608696
9,4023,58,107.733333333333
9,4024,62,-114.208791208791
9,4025,30,-43.1
9,4026,11,-21.6125
9,4027,-4,37.5864661654135
9,4028,3,-0.173913043478261
9,4029,-10,-0.173913043478261
9,4030,-8,-0.173913043478261
9,4031,2,167.666666666667
9,4032,-143,-0.173913043478261
9,4033,-105,-34.6544943820225
9,4034,67,-34.6544943820225
9,4035,-24,113.035714285714
9,4036,-68,-23.5035971223022
9,4037,-20,-34.6544943820225
9,4038,-30,-23.5035971223022
9,4039,-46,-34.6544943820225
9,4040,-57,-34.6544943820225
9,4041,-42,-34.6544943820225
9,4042,4,-34.6544943820225
9,4043,1,-0.173913043478261
9,4044,22,-0.173913043478261
9,4045,87,37.5864661654135
9,4046,99,107.733333333333
9,4047,155,186.346368715084
9,4048,128,188.789473684211
9,4049,2,-231.88275862069
9,4050,-28,-79.4
9,4051,39,-23.5035971223022
9,4052,-21,-21.6125
9,4053,20,-23.5035971223022
9,4054,10,-21.6125
9,4055,-112,-21.6125
9,4056,24,-34.6544943820225
9,4057,-140,167.666666666667
9,4058,-32,-34.6544943820225
9,4059,-123,-34.6544943820225
9,4060,-48,-34.6544943820225
9,4061,-42,-34.6544943820225
9,4062,-39,-34.6544943820225
9,4063,-11,-34.6544943820225
9,4064,-5,-0.173913043478261
9,4065,2,-0.173913043478261
9,4066,42,-0.173913043478261
9,4067,114,144.980392156863
9,4068,308,186.346368715084
9,4069,282,-175.6
9,4070,-458,-231.88275862069
9,4071,-104,-152.860927152318
9,4072,26,-119.354166666667
9,4073,63,-21.6125
9,4074,-52,-17.453125
9,4075,28,-34.6544943820225
9,4076,-18,-21.6125
9,4077,189,108.61320754717
9,4078,402,214.80303030303
9,4079,-15,-65
9,4080,-147,-152.860927152318
9,4081,-203,-119.354166666667
9,4082,-140,-89.9354838709677
9,4083,-92,13.7586206896552
9,4084,-80,-34.6544943820225
9,4085,-112,-34.6544943820225
9,4086,-17,-34.6544943820225
9,4087,-13,-5.88235294117647
9,4088,-2,-0.173913043478261
9,4089,0,-0.173913043478261
9,4090,39,-0.173913043478261
9,4091,149,80.2022471910112
9,4092,319,186.346368715084
9,4093,247,-175.6
9,4094,-427,-231.88275862069
9,4095,-106,-152.860927152318
9,4096,-3,-119.354166666667
9,4097,24,-0.173913043478261
9,4098,40,-21.6125
9,4099,-28,-21.6125
9,4100,-116,35
9,4101,258,73.2
9,4102,418,214.80303030303
9,4103,37,-65
9,4104,-243,-152.860927152318
9,4105,-162,-119.354166666667
9,4106,-100,13.7586206896552
9,4107,-95,-34.6544943820225
9,4108,-110,-34.6544943820225
9,4109,-100,-34.6544943820225
9,4110,-14,-34.6544943820225
9,4111,-20,-5.88235294117647
9,4112,-6,-23.5035971223022
9,4113,-3,-0.173913043478261
9,4114,45,-0.173913043478261
9,4115,136,144.980392156863
9,4116,302,186.346368715084
9,4117,194,-175.6
9,4118,-331,-231.88275862069
9,4119,-114,-114.208791208791
9,4120,-2,13.7586206896552
9,4121,50,-0.173913043478261
9,4122,-4,-17.453125
9,4123,-17,-0.173913043478261
9,4124,32,35
9,4125,184,108.61320754717
9,4126,358,214.80303030303
9,4127,54,-65
9,4128,-239,-152.860927152318
9,4129,-139,-119.354166666667
9,4130,-193,13.7586206896552
9,4131,-32,-34.6544943820225
9,4132,-136,-34.6544943820225
9,4133,-89,-34.6544943820225
9,4134,-21,-34.6544943820225
9,4135,-31,-5.88235294117647
9,4136,-5,-34.6544943820225
9,4137,3,-0.173913043478261
9,4138,32,-0.173913043478261
9,4139,142,80.2022471910112
9,4140,290,186.346368715084
9,4141,266,-65
9,4142,-396,-231.88275862069
9,4143,-162,-152.860927152318
9,4144,45,-119.354166666667
9,4145,60,-17.453125
9,4146,24,-17.453125
9,4147,-85,-21.6125
9,4148,45,-34.6544943820225
9,4149,136,107.733333333333
9,4150,459,214.80303030303
9,4151,-98,-175.6
9,4152,-160,-152.860927152318
9,4153,-180,-119.354166666667
9,4154,-85,-89.9354838709677
9,4155,-80,-34.6544943820225
9,4156,-85,-34.6544943820225
9,4157,-106,-34.6544943820225
9,4158,-28,-34.6544943820225
9,4159,-29,-5.88235294117647
9,4160,-8,-34.6544943820225
9,4161,6,-0.173913043478261
9,4162,25,-0.173913043478261
9,4163,126,80.2022471910112
9,4164,258,186.346368715084
9,4165,247,-65
9,4166,-272,-231.88275862069
9,4167,-147,-152.860927152318
9,4168,14,-119.354166666667
9,4169,75,37.5864661654135
9,4170,7,-17.453125
9,4171,-14,-0.173913043478261
9,4172,49,35
9,4173,112,107.733333333333
9,4174,249,214.80303030303
9,4175,-70,-175.6
9,4176,-202,-152.860927152318
9,4177,-80,-119.354166666667
9,4178,-111,13.7586206896552
9,4179,-76,-34.6544943820225
9,4180,-6,-34.6544943820225
9,4181,-35,-0.173913043478261
9,4182,-39,-34.6544943820225
9,4183,-38,73.2
9,4184,-54,-34.6544943820225
9,4185,-17,-34.6544943820225
9,4186,4,-23.5035971223022
9,4187,32,-0.173913043478261
9,4188,18,37.5864661654135
9,4189,114,80.2022471910112
9,4190,97,107.733333333333
9,4191,118,-65
9,4192,74,55.8
9,4193,77,11.3636363636364
9,4194,-20,55.8333333333333
9,4195,-55,-23.5035971223022
9,4196,17,-34.6544943820225
9,4197,-39,-21.6125
9,4198,42,-34.6544943820225
9,4199,-2,-17.453125
9,4200,-93,-0.173913043478261
9,4201,-85,-34.6544943820225
9,4202,-23,-34.6544943820225
9,4203,-20,-23.5035971223022
9,4204,-47,-23.5035971223022
9,4205,-69,-34.6544943820225
9,4206,-66,-34.6544943820225
9,4207,-14,-34.6544943820225
9,4208,-32,-0.173913043478261
9,4209,-27,-34.6544943820225
9,4210,5,-23.5035971223022
9,4211,0,-0.173913043478261
9,4212,49,-0.173913043478261
9,4213,40,144.980392156863
9,4214,121,80.2022471910112
9,4215,135,186.346368715084
9,4216,73,-175.6
9,4217,54,11.3636363636364
9,4218,32,-43.1
9,4219,3,-21.6125
9,4220,-76,-0.173913043478261
9,4221,-29,-34.6544943820225
9,4222,-39,-34.6544943820225
9,4223,-153,-34.6544943820225
9,4224,-44,-34.6544943820225
9,4225,8,-34.6544943820225
9,4226,15,-0.173913043478261
9,4227,-51,37.5864661654135
9,4228,-70,-34.6544943820225
9,4229,-54,-34.6544943820225
9,4230,-22,-34.6544943820225
9,4231,-6,-23.5035971223022
9,4232,0,-0.173913043478261
9,4233,6,-0.173913043478261
9,4234,14,-0.173913043478261
9,4235,116,80.2022471910112
9,4236,266,186.346368715084
9,4237,198,-65
9,4238,-329,-231.88275862069
9,4239,-63,-114.208791208791
9,4240,47,13.7586206896552
9,4241,25,-17.453125
9,4242,4,-21.6125
9,4243,-2,-0.173913043478261
9,4244,-13,-0.173913043478261
9,4245,177,108.61320754717
9,4246,407,214.80303030303
9,4247,-15,-65
9,4248,-203,-152.860927152318
9,4249,-183,-119.354166666667
9,4250,-140,13.7586206896552
9,4251,-110,-34.6544943820225
9,4252,-94,-34.6544943820225
9,4253,-66,-34.6544943820225
9,4254,-29,-34.6544943820225
9,4255,-5,73.2
9,4256,-7,-0.173913043478261
9,4257,3,-0.173913043478261
9,4258,27,-0.173913043478261
9,4259,143,80.2022471910112
9,4260,323,186.346368715084
9,4261,203,-65
9,4262,-378,-231.88275862069
9,4263,-77,-152.860927152318
9,4264,-36,13.7586206896552
9,4265,69,-34.6544943820225
9,4266,-30,-17.453125
9,4267,8,-34.6544943820225
9,4268,45,-5.88235294117647
9,4269,139,107.733333333333
9,4270,423,214.80303030303
9,4271,-54,-175.6
9,4272,-204,-152.860927152318
9,4273,-162,-119.354166666667
9,4274,-131,13.7586206896552
9,4275,-93,-34.6544943820225
9,4276,-86,-34.6544943820225
9,4277,-80,-34.6544943820225
9,4278,-35,-34.6544943820225
9,4279,-17,73.2
9,4280,1,-23.5035971223022
9,4281,0,-0.173913043478261
9,4282,36,-0.173913043478261
9,4283,130,80.2022471910112
9,4284,309,186.346368715084
9,4285,255,-65
9,4286,-396,-231.88275862069
9,4287,-127,-152.860927152318
9,4288,25,-119.354166666667
9,4289,41,-21.6125
9,4290,33,-21.6125
9,4291,-77,-21.6125
9,4292,42,-34.6544943820225
9,4293,163,107.733333333333
9,4294,417,214.80303030303
9,4295,4,-175.6
9,4296,-176,-152.860927152318
9,4297,-186,-119.354166666667
9,4298,-119,-89.9354838709677
9,4299,-148,-34.6544943820225
9,4300,-97,-34.6544943820225
9,4301,-69,-34.6544943820225
9,4302,-39,-34.6544943820225
9,4303,-14,-34.6544943820225
9,4304,-8,-0.173913043478261
9,4305,4,-0.173913043478261
9,4306,31,-0.173913043478261
9,4307,126,80.2022471910112
9,4308,308,186.346368715084
9,4309,223,-65
9,4310,-345,-231.88275862069
9,4311,-148,-152.860927152318
9,4312,55,13.7586206896552
9,4313,17,-17.453125
9,4314,4,-21.6125
9,4315,-34,-0.173913043478261
9,4316,20,-34.6544943820225
9,4317,150,108.61320754717
9,4318,393,214.80303030303
9,4319,1,-65
9,4320,-188,-152.860927152318
9,4321,-145,-119.354166666667
9,4322,-142,-89.9354838709677
9,4323,-77,-34.6544943820225
9,4324,-103,-34.6544943820225
9,4325,-71,-34.6544943820225
9,4326,-44,-34.6544943820225
9,4327,-21,73.2
9,4328,-11,-23.5035971223022
9,4329,-2,-0.173913043478261
9,4330,26,-0.173913043478261
9,4331,11,80.2022471910112
9,4332,89,80.2022471910112
9,4333,-14,186.346368715084
9,4334,101,-0.173913043478261
9,4335,-27,55.8
9,4336,58,-23.5035971223022
9,4337,64,55.8333333333333
9,4338,-25,-17.453125
9,4339,17,-23.5035971223022
9,4340,17,37.5864661654135
9,4341,143,-21.6125
9,4342,263,186.346368715084
10,1,-8,-13.9272727272727
10,2,-3,-9.70588235294118
10,3,0,4.31192660550459
10,4,-1,4.31192660550459
10,5,20,4.31192660550459
10,6,68,92.536231884058
10,7,190,151.592307692308
10,8,233,151.592307692308
10,9,-251,-232.464788732394
10,10,-164,-153.286624203822
10,11,14,-36.9285714285714
10,12,60,25.5571428571429
10,13,1,-15.98
10,14,-49,4.31192660550459
10,15,21,-30.0916666666667
10,16,121,110.27
10,17,257,219.781818181818
10,18,-117,-75.1904761904762
10,19,-125,-153.286624203822
10,20,-97,-119.15873015873
10,21,-75,-56.7543859649123
10,22,-32,-56.7543859649123
10,23,-20,-30.0916666666667
10,24,-35,-13.9272727272727
10,25,-17,-30.0916666666667
10,26,-1,-9.70588235294118
10,27,-1,4.31192660550459
10,28,-2,4.31192660550459
10,29,24,4.31192660550459
10,30,70,92.536231884058
10,31,226,184.321212121212
10,32,194,151.592307692308
10,33,-284,-232.464788732394
10,34,-111,-110.663366336634
10,35,18,13.9090909090909
10,36,25,25.5571428571429
10,37,7,-26.5774647887324
10,38,-36,4.31192660550459
10,39,37,-30.0916666666667
10,40,60,110.27
10,41,256,219.781818181818
10,42,-19,-28.0588235294118
10,43,-157,-153.286624203822
10,44,-100,-119.15873015873
10,45,-33,-56.7543859649123
10,46,-71,-30.0916666666667
10,47,-49,-56.7543859649123
10,48,-35,-30.0916666666667
10,49,-18,-30.0916666666667
10,50,2,-9.70588235294118
10,51,-6,4.31192660550459
10,52,2,4.31192660550459
10,53,17,4.31192660550459
10,54,67,92.536231884058
10,55,201,184.321212121212
10,56,210,151.592307692308
10,57,-296,-232.464788732394
10,58,-158,-153.286624203822
10,59,27,-36.9285714285714
10,60,-26,25.5571428571429
10,61,19,-13.9272727272727
10,62,-33,-26.5774647887324
10,63,22,-30.0916666666667
10,64,65,-9.70588235294118
10,65,171,219.781818181818
10,66,64,49.6923076923077
10,67,-95,-110.663366336634
10,68,-42,-56.7543859649123
10,69,-71,-30.0916666666667
10,70,-34,-56.7543859649123
10,71,-38,-30.0916666666667
10,72,-39,-30.0916666666667
10,73,-16,-30.0916666666667
10,74,-6,-9.70588235294118
10,75,-11,4.31192660550459
10,76,0,-13.9272727272727
10,77,15,4.31192660550459
10,78,55,92.536231884058
10,79,155,129.8125
10,80,294,151.592307692308
10,81,-237,-232.464788732394
10,82,-167,-153.286624203822
10,83,26,-36.9285714285714
10,84,56,25.5571428571429
10,85,7,-15.98
10,86,-35,4.31192660550459
10,87,51,-30.0916666666667
10,88,86,62.25
10,89,158,219.781818181818
10,90,-88,-28.0588235294118
10,91,-95,-110.663366336634
10,92,-111,-56.7543859649123
10,93,-42,-56.7543859649123
10,94,-22,-30.0916666666667
10,95,-25,-13.9272727272727
10,96,4,-13.9272727272727
10,97,-41,4.31192660550459
10,98,0,-30.0916666666667
10,99,-27,4.31192660550459
10,100,-11,-13.9272727272727
10,101,-6,-13.9272727272727
10,102,8,4.31192660550459
10,103,32,4.31192660550459
10,104,61,54.8360655737705
10,105,36,141.72972972973
10,106,67,54.8360655737705
10,107,81,62.25
10,108,83,21.6451612903226
10,109,15,21.6451612903226
10,110,43,25.5571428571429
10,111,72,21.6451612903226
10,112,-95,-15.98
10,113,-40,-56.7543859649123
10,114,-118,-30.0916666666667
10,115,-58,-56.7543859649123
10,116,-40,-30.0916666666667
10,117,-34,-30.0916666666667
10,118,4,-30.0916666666667
10,119,-44,4.31192660550459
10,120,0,-30.0916666666667
10,121,-2,4.31192660550459
10,122,-24,4.31192660550459
10,123,-33,-13.9272727272727
10,124,-12,-30.0916666666667
10,125,-1,-13.9272727272727
10,126,3,4.31192660550459
10,127,9,4.31192660550459
10,128,42,4.31192660550459
10,129,37,129.8125
10,130,98,92.536231884058
10,131,35,15.65
10,132,29,25.5571428571429
10,133,6,25.5571428571429
10,134,-24,4.31192660550459
10,135,16,-13.9272727272727
10,136,-41,-26.5774647887324
10,137,-55,-30.0916666666667
10,138,10,-30.0916666666667
10,139,-48,-26.5774647887324
10,140,-16,-30.0916666666667
10,141,-67,-13.9272727272727
10,142,19,-56.7543859649123
10,143,-20,13.375
10,144,6,-13.9272727272727
10,145,-26,4.31192660550459
10,146,5,-13.9272727272727
10,147,-12,4.31192660550459
10,148,-2,-13.9272727272727
10,149,4,4.31192660550459
10,150,34,4.31192660550459
10,151,76,25.5571428571429
10,152,-10,184.321212121212
10,153,33,-13.9272727272727
10,154,65,54.8360655737705
10,155,73,141.72972972973
10,156,31,21.6451612903226
10,157,-49,25.5571428571429
10,158,26,-30.0916666666667
10,159,-9,54.8360655737705
10,160,-27,-13.9272727272727
10,161,-11,-13.9272727272727
10,162,-70,-13.9272727272727
10,163,-46,-56.7543859649123
10,164,-28,-30.0916666666667
10,165,-36,-13.9272727272727
10,166,-36,-30.0916666666667
10,167,-14,-30.0916666666667
10,168,-5,-13.9272727272727
10,169,-4,4.31192660550459
10,170,-1,4.31192660550459
10,171,13,4.31192660550459
10,172,71,92.536231884058
10,173,193,184.321212121212
10,174,185,151.592307692308
10,175,-247,-232.464788732394
10,176,-132,-110.663366336634
10,177,1,13.9090909090909
10,178,77,4.31192660550459
10,179,-32,-15.98
10,180,-7,-30.0916666666667
10,181,36,4.31192660550459
10,182,94,110.27
10,183,178,219.781818181818
10,184,-7,-28.0588235294118
10,185,-121,-110.663366336634
10,186,-77,-56.7543859649123
10,187,-73,-56.7543859649123
10,188,-54,-56.7543859649123
10,189,-53,-30.0916666666667
10,190,-23,-30.0916666666667
10,191,-17,-13.9272727272727
10,192,-1,-9.70588235294118
10,193,-2,4.31192660550459
10,194,-2,4.31192660550459
10,195,28,4.31192660550459
10,196,60,92.536231884058
10,197,212,129.8125
10,198,274,151.592307692308
10,199,-324,-232.464788732394
10,200,-113,-153.286624203822
10,201,32,-36.9285714285714
10,202,36,25.5571428571429
10,203,-17,-26.5774647887324
10,204,-13,-13.9272727272727
10,205,18,-13.9272727272727
10,206,103,110.27
10,207,231,219.781818181818
10,208,-4,-15.98
10,209,-198,-153.286624203822
10,210,-53,-119.15873015873
10,211,-35,13.9090909090909
10,212,-92,-30.0916666666667
10,213,-85,-56.7543859649123
10,214,-20,-56.7543859649123
10,215,-27,-13.9272727272727
10,216,-6,74.4
10,217,-3,4.31192660550459
10,218,-5,4.31192660550459
10,219,31,4.31192660550459
10,220,59,92.536231884058
10,221,235,129.8125
10,222,234,184.321212121212
10,223,-318,-232.464788732394
10,224,-94,-153.286624203822
10,225,34,-36.9285714285714
10,226,42,25.5571428571429
10,227,-6,-15.98
10,228,-26,4.31192660550459
10,229,25,-13.9272727272727
10,230,126,110.27
10,231,267,219.781818181818
10,232,-88,-75.1904761904762
10,233,-153,-153.286624203822
10,234,-100,-119.15873015873
10,235,-47,-56.7543859649123
10,236,-85,-30.0916666666667
10,237,-52,-56.7543859649123
10,238,-39,-30.0916666666667
10,239,-28,-30.0916666666667
10,240,-13,-9.70588235294118
10,241,0,-13.9272727272727
10,242,-3,4.31192660550459
10,243,24,4.31192660550459
10,244,56,92.536231884058
10,245,190,129.8125
10,246,197,184.321212121212
10,247,-225,-232.464788732394
10,248,-103,-110.663366336634
10,249,22,13.9090909090909
10,250,65,25.5571428571429
10,251,-45,-15.98
10,252,-152,-30.0916666666667
10,253,63,-56.7543859649123
10,254,84,62.25
10,255,78,219.781818181818
10,256,44,21.6451612903226
10,257,-67,21.6451612903226
10,258,-66,-56.7543859649123
10,259,-15,-56.7543859649123
10,260,-46,-13.9272727272727
10,261,-20,-30.0916666666667
10,262,-25,-13.9272727272727
10,263,-15,-13.9272727272727
10,264,-8,-13.9272727272727
10,265,-31,-13.9272727272727
10,266,-5,-30.0916666666667
10,267,1,4.31192660550459
10,268,10,4.31192660550459
10,269,10,54.8360655737705
10,270,70,92.536231884058
10,271,29,151.592307692308
10,272,61,54.8360655737705
10,273,27,21.6451612903226
10,274,48,25.5571428571429
10,275,-32,21.6451612903226
10,276,-10,-30.0916666666667
10,277,16,-13.9272727272727
10,278,-37,-26.5774647887324
10,279,-36,-30.0916666666667
10,280,-26,-30.0916666666667
10,281,16,-13.9272727272727
10,282,-44,13.375
10,283,-20,-30.0916666666667
10,284,-3,-13.9272727272727
10,285,9,4.31192660550459
10,286,-21,4.31192660550459
10,287,-15,-13.9272727272727
10,288,-13,-13.9272727272727
10,289,-21,-13.9272727272727
10,290,-15,-13.9272727272727
10,291,-1,-13.9272727272727
10,292,-3,4.31192660550459
10,293,20,4.31192660550459
10,294,37,54.8360655737705
10,295,28,54.8360655737705
10,296,101,54.8360655737705
10,297,39,15.65
10,298,78,25.5571428571429
10,299,20,21.6451612903226
10,300,6,25.5571428571429
10,301,22,4.31192660550459
10,302,-14,-26.5774647887324
10,303,-52,-13.9272727272727
10,304,-71,-30.0916666666667
10,305,-73,-56.7543859649123
10,306,-55,-56.7543859649123
10,307,-5,-30.0916666666667
10,308,-12,4.31192660550459
10,309,-7,-13.9272727272727
10,310,-35,4.31192660550459
10,311,-23,-30.0916666666667
10,312,-2,-13.9272727272727
10,313,-2,4.31192660550459
10,314,-1,4.31192660550459
10,315,15,4.31192660550459
10,316,74,54.8360655737705
10,317,190,184.321212121212
10,318,248,184.321212121212
10,319,-298,-232.464788732394
10,320,-126,-153.286624203822
10,321,-1,-36.9285714285714
10,322,74,4.31192660550459
10,323,5,-15.98
10,324,-24,4.31192660550459
10,325,16,-13.9272727272727
10,326,112,110.27
10,327,243,219.781818181818
10,328,-2,-75.1904761904762
10,329,-193,-153.286624203822
10,330,-115,-119.15873015873
10,331,-24,13.9090909090909
10,332,-103,-13.9272727272727
10,333,-36,-56.7543859649123
10,334,-46,-30.0916666666667
10,335,-4,-30.0916666666667
10,336,-3,-9.70588235294118
10,337,3,4.31192660550459
10,338,-4,4.31192660550459
10,339,19,4.31192660550459
10,340,80,92.536231884058
10,341,224,184.321212121212
10,342,234,141.72972972973
10,343,-327,-232.464788732394
10,344,-100,-153.286624203822
10,345,31,-119.15873015873
10,346,20,25.5571428571429
10,347,7,-26.5774647887324
10,348,-56,4.31192660550459
10,349,32,-30.0916666666667
10,350,121,110.27
10,351,243,219.781818181818
10,352,-81,-75.1904761904762
10,353,-143,-153.286624203822
10,354,-102,-119.15873015873
10,355,-16,-56.7543859649123
10,356,-87,-13.9272727272727
10,357,-36,-56.7543859649123
10,358,-33,-30.0916666666667
10,359,-26,-30.0916666666667
10,360,-2,-9.70588235294118
10,361,-2,4.31192660550459
10,362,27,4.31192660550459
10,363,75,54.8360655737705
10,364,149,184.321212121212
10,365,-137,184.321212121212
10,366,-78,-110.663366336634
10,367,-28,-56.7543859649123
10,368,0,-13.9272727272727
10,369,60,4.31192660550459
10,370,6,-15.98
10,371,-20,4.31192660550459
10,372,34,-13.9272727272727
10,373,77,169.083333333333
10,374,86,94.6923076923077
10,375,-61,21.6451612903226
10,376,-90,-30.0916666666667
10,377,-5,-56.7543859649123
10,378,-58,4.31192660550459
10,379,16,-30.0916666666667
10,380,-22,-26.5774647887324
10,381,-22,-13.9272727272727
10,382,1,-13.9272727272727
10,383,-6,4.31192660550459
10,384,-3,4.31192660550459
10,385,2,4.31192660550459
10,386,13,4.31192660550459
10,387,91,54.8360655737705
10,388,195,151.592307692308
10,389,290,141.72972972973
10,390,-308,-232.464788732394
10,391,-153,-153.286624203822
10,392,35,-36.9285714285714
10,393,52,25.5571428571429
10,394,-9,-15.98
10,395,0,-13.9272727272727
10,396,12,4.31192660550459
10,397,138,110.27
10,398,239,219.781818181818
10,399,-75,-75.1904761904762
10,400,-197,-153.286624203822
10,401,-74,-119.15873015873
10,402,-57,13.9090909090909
10,403,-71,-30.0916666666667
10,404,-41,-56.7543859649123
10,405,-39,-30.0916666666667
10,406,-26,-30.0916666666667
10,407,-14,-9.70588235294118
10,408,-3,-13.9272727272727
10,409,-1,4.31192660550459
10,410,22,4.31192660550459
10,411,68,92.536231884058
10,412,170,184.321212121212
10,413,287,184.321212121212
10,414,-235,-232.464788732394
10,415,-182,-153.286624203822
10,416,62,-36.9285714285714
10,417,40,-15.98
10,418,-12,-26.5774647887324
10,419,-17,-13.9272727272727
10,420,-127,-13.9272727272727
10,421,-28,60.9
10,422,78,169.083333333333
10,423,32,-15.98
10,424,14,-26.5774647887324
10,425,-74,54.8360655737705
10,426,1,-56.7543859649123
10,427,-26,4.31192660550459
10,428,-52,-13.9272727272727
10,429,-1,-30.0916666666667
10,430,22,4.31192660550459
10,431,-6,-26.5774647887324
10,432,-17,4.31192660550459
10,433,-19,-13.9272727272727
10,434,0,-13.9272727272727
10,435,5,4.31192660550459
10,436,9,4.31192660550459
10,437,32,4.31192660550459
10,438,46,54.8360655737705
10,439,74,118.730769230769
10,440,46,15.65
10,441,85,21.6451612903226
10,442,40,21.6451612903226
10,443,91,25.5571428571429
10,444,-31,21.6451612903226
10,445,68,-30.0916666666667
10,446,-82,21.6451612903226
10,447,-82,-56.7543859649123
10,448,-78,-56.7543859649123
10,449,-76,-56.7543859649123
10,450,5,-56.7543859649123
10,451,-20,4.31192660550459
10,452,-28,-13.9272727272727
10,453,-34,-13.9272727272727
10,454,4,-30.0916666666667
10,455,4,4.31192660550459
10,456,-54,4.31192660550459
10,457,-12,-30.0916666666667
10,458,-9,-13.9272727272727
10,459,0,-13.9272727272727
10,460,18,4.31192660550459
10,461,43,25.5571428571429
10,462,52,141.72972972973
10,463,74,129.8125
10,464,64,118.730769230769
10,465,71,94.6923076923077
10,466,37,21.6451612903226
10,467,-32,25.5571428571429
10,468,2,-30.0916666666667
10,469,-35,4.31192660550459
10,470,-36,-30.0916666666667
10,471,-79,-30.0916666666667
10,472,-52,-56.7543859649123
10,473,-44,-30.0916666666667
10,474,-9,-30.0916666666667
10,475,-17,-13.9272727272727
10,476,-36,-13.9272727272727
10,477,-9,-30.0916666666667
10,478,-11,-13.9272727272727
10,479,-2,-13.9272727272727
10,480,-3,4.31192660550459
10,481,0,4.31192660550459
10,482,17,4.31192660550459
10,483,73,54.8360655737705
10,484,169,151.592307692308
10,485,168,151.592307692308
10,486,-231,-232.464788732394
10,487,-111,-110.663366336634
10,488,17,13.9090909090909
10,489,34,25.5571428571429
10,490,-17,-26.5774647887324
10,491,8,-13.9272727272727
10,492,2,4.31192660550459
10,493,80,110.27
10,494,177,219.781818181818
10,495,-12,-15.98
10,496,-149,-110.663366336634
10,497,-47,-56.7543859649123
10,498,-59,-30.0916666666667
10,499,-42,-30.0916666666667
10,500,-47,-30.0916666666667
10,501,-23,-30.0916666666667
10,502,-2,-13.9272727272727
10,503,-2,-9.70588235294118
10,504,-3,4.31192660550459
10,505,2,4.31192660550459
10,506,22,4.31192660550459
10,507,77,92.536231884058
10,508,173,184.321212121212
10,509,226,141.72972972973
10,510,-268,-232.464788732394
10,511,-104,-153.286624203822
10,512,1,-36.9285714285714
10,513,8,4.31192660550459
10,514,26,4.31192660550459
10,515,-28,-26.5774647887324
10,516,30,-13.9272727272727
10,517,84,110.27
10,518,196,219.781818181818
10,519,11,-28.0588235294118
10,520,-170,-110.663366336634
10,521,-100,-56.7543859649123
10,522,-39,-56.7543859649123
10,523,-42,-30.0916666666667
10,524,-52,-30.0916666666667
10,525,-39,-30.0916666666667
10,526,-10,-30.0916666666667
10,527,-1,-9.70588235294118
10,528,-1,4.31192660550459
10,529,0,4.31192660550459
10,530,15,4.31192660550459
10,531,90,92.536231884058
10,532,236,184.321212121212
10,533,222,151.592307692308
10,534,-302,-232.464788732394
10,535,-117,-153.286624203822
10,536,14,-36.9285714285714
10,537,54,25.5571428571429
10,538,-10,-15.98
10,539,-30,-13.9272727272727
10,540,34,-30.0916666666667
10,541,79,110.27
10,542,324,219.781818181818
10,543,-68,-28.0588235294118
10,544,-183,-153.286624203822
10,545,-101,-119.15873015873
10,546,-72,13.9090909090909
10,547,-29,-56.7543859649123
10,548,-97,-30.0916666666667
10,549,-16,-56.7543859649123
10,550,-25,-13.9272727272727
10,551,-10,74.4
10,552,-8,-13.9272727272727
10,553,-1,-13.9272727272727
10,554,27,4.31192660550459
10,555,80,92.536231884058
10,556,225,151.592307692308
10,557,251,184.321212121212
10,558,-284,-232.464788732394
10,559,-163,-153.286624203822
10,560,66,-36.9285714285714
10,561,47,-15.98
10,562,-18,-15.98
10,563,-30,-13.9272727272727
10,564,-18,-30.0916666666667
10,565,157,110.27
10,566,255,219.781818181818
10,567,-7,-75.1904761904762
10,568,-174,-153.286624203822
10,569,-114,-119.15873015873
10,570,-69,13.9090909090909
10,571,-80,-56.7543859649123
10,572,-59,-56.7543859649123
10,573,-40,-30.0916666666667
10,574,-28,-30.0916666666667
10,575,-15,-9.70588235294118
10,576,-4,-13.9272727272727
10,577,-6,4.31192660550459
10,578,28,4.31192660550459
10,579,56,92.536231884058
10,580,183,129.8125
10,581,233,184.321212121212
10,582,-217,-232.464788732394
10,583,-125,-153.286624203822
10,584,28,-36.9285714285714
10,585,14,25.5571428571429
10,586,23,-26.5774647887324
10,587,-46,-26.5774647887324
10,588,60,-30.0916666666667
10,589,105,118.730769230769
10,590,223,219.781818181818
10,591,-96,-28.0588235294118
10,592,-226,-153.286624203822
10,593,-85,-119.15873015873
10,594,-18,13.9090909090909
10,595,-34,-13.9272727272727
10,596,-21,-30.0916666666667
10,597,-9,-13.9272727272727
10,598,-26,-13.9272727272727
10,599,-9,74.4
10,600,-26,-13.9272727272727
10,601,-12,-13.9272727272727
10,602,6,-13.9272727272727
10,603,2,4.31192660550459
10,604,28,4.31192660550459
10,605,71,54.8360655737705
10,606,37,118.730769230769
10,607,75,54.8360655737705
10,608,51,15.65
10,609,55,21.6451612903226
10,610,28,21.6451612903226
10,611,22,25.5571428571429
10,612,27,-26.5774647887324
10,613,-16,-26.5774647887324
10,614,-36,-13.9272727272727
10,615,-57,-30.0916666666667
10,616,-113,-30.0916666666667
10,617,-63,-56.7543859649123
10,618,-11,-30.0916666666667
10,619,-10,-13.9272727272727
10,620,-17,-13.9272727272727
10,621,-14,-13.9272727272727
10,622,-8,-13.9272727272727
10,623,5,-13.9272727272727
10,624,-44,4.31192660550459
10,625,-15,-30.0916666666667
10,626,3,-13.9272727272727
10,627,7,4.31192660550459
10,628,55,4.31192660550459
10,629,18,129.8125
10,630,128,25.5571428571429
10,631,81,118.730769230769
10,632,111,-110.663366336634
10,633,54,-37
10,634,37,-36.7142857142857
10,635,-14,25.5571428571429
10,636,22,-13.9272727272727
10,637,-11,-26.5774647887324
10,638,-109,-13.9272727272727
10,639,-131,-56.7543859649123
10,640,-87,-56.7543859649123
10,641,-24,-56.7543859649123
10,642,-53,-13.9272727272727
10,643,-42,-30.0916666666667
10,644,-28,-30.0916666666667
10,645,-14,-13.9272727272727
10,646,-1,-13.9272727272727
10,647,-7,4.31192660550459
10,648,1,4.31192660550459
10,649,13,4.31192660550459
10,650,72,92.536231884058
10,651,180,184.321212121212
10,652,296,151.592307692308
10,653,-283,-232.464788732394
10,654,-144,-153.286624203822
10,655,13,-36.9285714285714
10,656,71,25.5571428571429
10,657,29,-15.98
10,658,-29,-26.5774647887324
10,659,12,-30.0916666666667
10,660,99,110.27
10,661,312,219.781818181818
10,662,68,-15.98
10,663,-266,-153.286624203822
10,664,-160,-119.15873015873
10,665,-81,13.9090909090909
10,666,-72,-56.7543859649123
10,667,-70,-56.7543859649123
10,668,-37,-56.7543859649123
10,669,-10,-30.0916666666667
10,670,-15,-9.70588235294118
10,671,1,-13.9272727272727
10,672,-1,4.31192660550459
10,673,23,4.31192660550459
10,674,89,92.536231884058
10,675,195,184.321212121212
10,676,285,151.592307692308
10,677,-251,-232.464788732394
10,678,-199,-153.286624203822
10,679,76,-119.15873015873
10,680,25,-15.98
10,681,-11,-26.5774647887324
10,682,-21,-13.9272727272727
10,683,52,-13.9272727272727
10,684,101,62.25
10,685,311,219.781818181818
10,686,58,-28.0588235294118
10,687,-255,-153.286624203822
10,688,-128,-119.15873015873
10,689,-107,13.9090909090909
10,690,-74,-56.7543859649123
10,691,-83,-56.7543859649123
10,692,-48,-56.7543859649123
10,693,-12,-30.0916666666667
10,694,-25,-9.70588235294118
10,695,2,-13.9272727272727
10,696,1,4.31192660550459
10,697,22,4.31192660550459
10,698,94,92.536231884058
10,699,247,184.321212121212
10,700,294,151.592307692308
10,701,-311,-232.464788732394
10,702,-163,-153.286624203822
10,703,32,-119.15873015873
10,704,47,25.5571428571429
10,705,-13,-15.98
10,706,-30,-13.9272727272727
10,707,59,-30.0916666666667
10,708,73,62.25
10,709,426,219.781818181818
10,710,-33,-28.0588235294118
10,711,-277,-153.286624203822
10,712,-142,-119.15873015873
10,713,-42,13.9090909090909
10,714,-86,-30.0916666666667
10,715,-111,-56.7543859649123
10,716,-31,-56.7543859649123
10,717,-37,-30.0916666666667
10,718,-4,60.9
10,719,-12,4.31192660550459
10,720,7,-13.9272727272727
10,721,12,4.31192660550459
10,722,91,92.536231884058
10,723,264,184.321212121212
10,724,242,118.730769230769
10,725,-308,-232.464788732394
10,726,-151,-153.286624203822
10,727,47,-36.9285714285714
10,728,54,-15.98
10,729,8,-15.98
10,730,-15,4.31192660550459
10,731,29,-13.9272727272727
10,732,139,110.27
10,733,287,219.781818181818
10,734,33,-75.1904761904762
10,735,-321,-153.286624203822
10,736,-95,-119.15873015873
10,737,-87,13.9090909090909
10,738,-74,-56.7543859649123
10,739,-72,-56.7543859649123
10,740,-40,-56.7543859649123
10,741,-31,-30.0916666666667
10,742,-22,60.9
10,743,-1,-13.9272727272727
10,744,0,4.31192660550459
10,745,29,4.31192660550459
10,746,67,92.536231884058
10,747,179,184.321212121212
10,748,284,184.321212121212
10,749,-250,-232.464788732394
10,750,-132,-153.286624203822
10,751,27,-36.9285714285714
10,752,87,25.5571428571429
10,753,-34,-15.98
10,754,-58,-30.0916666666667
10,755,-95,-30.0916666666667
10,756,22,60.9
10,757,129,-9.70588235294118
10,758,150,-15.98
10,759,-112,-75.1904761904762
10,760,-61,-110.663366336634
10,761,-83,-30.0916666666667
10,762,-4,-56.7543859649123
10,763,-22,4.31192660550459
10,764,-26,-13.9272727272727
10,765,-31,-13.9272727272727
10,766,-27,-30.0916666666667
10,767,-16,-9.70588235294118
10,768,-24,-13.9272727272727
10,769,6,-13.9272727272727
10,770,22,4.31192660550459
10,771,56,13.375
10,772,132,129.8125
10,773,103,118.730769230769
10,774,122,-232.464788732394
10,775,142,94.6923076923077
10,776,66,-232.464788732394
10,777,35,-110.663366336634
10,778,4,-26.5774647887324
10,779,-11,4.31192660550459
10,780,6,-13.9272727272727
10,781,-37,110.27
10,782,-88,-30.0916666666667
10,783,-143,-56.7543859649123
10,784,-146,-56.7543859649123
10,785,-48,-56.7543859649123
10,786,-12,-30.0916666666667
10,787,-26,-13.9272727272727
10,788,-78,-13.9272727272727
10,789,6,-56.7543859649123
10,790,-57,4.31192660550459
10,791,-38,-30.0916666666667
10,792,-4,-30.0916666666667
10,793,-8,4.31192660550459
10,794,5,-13.9272727272727
10,795,31,4.31192660550459
10,796,54,25.5571428571429
10,797,82,129.8125
10,798,173,118.730769230769
10,799,17,-124.428571428571
10,800,135,-110.663366336634
10,801,41,-37
10,802,-23,-110.663366336634
10,803,33,-13.9272727272727
10,804,-13,-26.5774647887324
10,805,0,-13.9272727272727
10,806,-82,4.31192660550459
10,807,-107,-56.7543859649123
10,808,-154,-56.7543859649123
10,809,-25,-56.7543859649123
10,810,-73,-13.9272727272727
10,811,-54,-56.7543859649123
10,812,-23,-30.0916666666667
10,813,-8,-13.9272727272727
10,814,-7,-13.9272727272727
10,815,-6,4.31192660550459
10,816,1,4.31192660550459
10,817,28,4.31192660550459
10,818,89,92.536231884058
10,819,234,184.321212121212
10,820,225,151.592307692308
10,821,-248,-232.464788732394
10,822,-147,-153.286624203822
10,823,17,-36.9285714285714
10,824,81,25.5571428571429
10,825,-19,-15.98
10,826,-3,-13.9272727272727
10,827,26,4.31192660550459
10,828,99,110.27
10,829,336,219.781818181818
10,830,80,-28.0588235294118
10,831,-252,-153.286624203822
10,832,-219,-119.15873015873
10,833,-107,13.9090909090909
10,834,-75,13.9090909090909
10,835,-94,-56.7543859649123
10,836,-25,-56.7543859649123
10,837,-14,-13.9272727272727
10,838,-5,-9.70588235294118
10,839,-7,4.31192660550459
10,840,3,4.31192660550459
10,841,14,4.31192660550459
10,842,80,92.536231884058
10,843,70,184.321212121212
10,844,346,151.592307692308
10,845,-191,-37
10,846,-162,-153.286624203822
10,847,67,-36.9285714285714
10,848,31,-15.98
10,849,23,-26.5774647887324
10,850,-36,-26.5774647887324
10,851,-4,-30.0916666666667
10,852,187,4.31192660550459
10,853,319,201.392857142857
10,854,51,-75.1904761904762
10,855,-246,-153.286624203822
10,856,-178,-119.15873015873
10,857,-100,13.9090909090909
10,858,-89,13.9090909090909
10,859,-98,-56.7543859649123
10,860,-57,-56.7543859649123
10,861,-7,-30.0916666666667
10,862,-16,-9.70588235294118
10,863,-2,-13.9272727272727
10,864,-4,4.31192660550459
10,865,35,4.31192660550459
10,866,110,92.536231884058
10,867,223,184.321212121212
10,868,163,151.592307692308
10,869,-242,-232.464788732394
10,870,-139,-110.663366336634
10,871,38,13.9090909090909
10,872,37,25.5571428571429
10,873,74,-26.5774647887324
10,874,-78,21.6451612903226
10,875,18,-56.7543859649123
10,876,135,110.27
10,877,351,219.781818181818
10,878,50,-75.1904761904762
10,879,-197,-153.286624203822
10,880,-208,-119.15873015873
10,881,-123,13.9090909090909
10,882,-54,13.9090909090909
10,883,-72,-30.0916666666667
10,884,-84,-56.7543859649123
10,885,-11,-56.7543859649123
10,886,-24,-9.70588235294118
10,887,1,-13.9272727272727
10,888,-1,4.31192660550459
10,889,28,4.31192660550459
10,890,102,92.536231884058
10,891,225,184.321212121212
10,892,288,151.592307692308
10,893,-331,-232.464788732394
10,894,-176,-153.286624203822
10,895,77,-119.15873015873
10,896,53,-15.98
10,897,26,-15.98
10,898,-41,-26.5774647887324
10,899,47,-30.0916666666667
10,900,121,62.25
10,901,385,219.781818181818
10,902,-9,-175.315789473684
10,903,-215,-153.286624203822
10,904,-162,-119.15873015873
10,905,-50,13.9090909090909
10,906,-154,-30.0916666666667
10,907,-69,-56.7543859649123
10,908,-56,-56.7543859649123
10,909,-45,-30.0916666666667
10,910,-18,60.9
10,911,-22,-13.9272727272727
10,912,-7,-13.9272727272727
10,913,31,4.31192660550459
10,914,82,13.375
10,915,230,184.321212121212
10,916,316,184.321212121212
10,917,-282,-232.464788732394
10,918,-105,-153.286624203822
10,919,43,-36.9285714285714
10,920,153,-15.98
10,921,-43,-15.98
10,922,4,-110.663366336634
10,923,40,4.31192660550459
10,924,117,110.27
10,925,368,219.781818181818
10,926,-127,-75.1904761904762
10,927,-144,-153.286624203822
10,928,-241,-119.15873015873
10,929,-161,-56.7543859649123
10,930,-13,13.9090909090909
10,931,-95,-13.9272727272727
10,932,-20,-56.7543859649123
10,933,-28,-13.9272727272727
10,934,-59,169.083333333333
10,935,-37,60.9
10,936,-25,60.9
10,937,-3,-13.9272727272727
10,938,24,4.31192660550459
10,939,42,13.375
10,940,84,129.8125
10,941,95,184.321212121212
10,942,96,62.25
10,943,-72,62.25
10,944,-90,-56.7543859649123
10,945,13,-56.7543859649123
10,946,27,-26.5774647887324
10,947,67,-26.5774647887324
10,948,-113,-15.98
10,949,-62,-56.7543859649123
10,950,22,-30.0916666666667
10,951,-4,13.375
10,952,-22,4.31192660550459
10,953,-7,-13.9272727272727
10,954,-21,4.31192660550459
10,955,22,-13.9272727272727
10,956,-25,92.536231884058
10,957,9,-13.9272727272727
10,958,-54,4.31192660550459
10,959,-17,-30.0916666666667
10,960,-10,-13.9272727272727
10,961,-2,-13.9272727272727
10,962,12,4.31192660550459
10,963,21,54.8360655737705
10,964,50,25.5571428571429
10,965,29,129.8125
10,966,132,92.536231884058
10,967,73,62.25
10,968,37,-110.663366336634
10,969,7,25.5571428571429
10,970,47,4.31192660550459
10,971,7,21.6451612903226
10,972,71,4.31192660550459
10,973,-73,21.6451612903226
10,974,72,-56.7543859649123
10,975,-116,21.6451612903226
10,976,-116,-56.7543859649123
10,977,-110,-56.7543859649123
10,978,-38,-56.7543859649123
10,979,-46,-30.0916666666667
10,980,-32,-30.0916666666667
10,981,-5,-30.0916666666667
10,982,-8,4.31192660550459
10,983,-19,-13.9272727272727
10,984,3,-13.9272727272727
10,985,32,4.31192660550459
10,986,81,13.375
10,987,253,184.321212121212
10,988,287,-124.428571428571
10,989,-375,-232.464788732394
10,990,-129,-153.286624203822
10,991,25,-36.9285714285714
10,992,101,25.5571428571429
10,993,22,-15.98
10,994,-84,-26.5774647887324
10,995,6,-56.7543859649123
10,996,82,110.27
10,997,359,219.781818181818
10,998,20,-15.98
10,999,-226,-153.286624203822
10,1000,-237,-119.15873015873
10,1001,-35,13.9090909090909
10,1002,-93,13.9090909090909
10,1003,-45,-56.7543859649123
10,1004,-38,-30.0916666666667
10,1005,-5,-30.0916666666667
10,1006,2,-9.70588235294118
10,1007,-3,4.31192660550459
10,1008,-1,4.31192660550459
10,1009,14,4.31192660550459
10,1010,84,92.536231884058
10,1011,185,184.321212121212
10,1012,295,141.72972972973
10,1013,-314,-232.464788732394
10,1014,-129,-153.286624203822
10,1015,37,-36.9285714285714
10,1016,45,25.5571428571429
10,1017,-9,-15.98
10,1018,-27,-13.9272727272727
10,1019,16,-13.9272727272727
10,1020,105,110.27
10,1021,309,219.781818181818
10,1022,30,-15.98
10,1023,-227,-153.286624203822
10,1024,-123,-119.15873015873
10,1025,-73,13.9090909090909
10,1026,-87,-56.7543859649123
10,1027,-70,-56.7543859649123
10,1028,-34,-56.7543859649123
10,1029,-22,-30.0916666666667
10,1030,-5,-9.70588235294118
10,1031,2,4.31192660550459
10,1032,-4,4.31192660550459
10,1033,39,4.31192660550459
10,1034,75,92.536231884058
10,1035,243,184.321212121212
10,1036,300,151.592307692308
10,1037,-344,-232.464788732394
10,1038,-141,-153.286624203822
10,1039,49,-119.15873015873
10,1040,46,-15.98
10,1041,5,-15.98
10,1042,-52,4.31192660550459
10,1043,-22,-30.0916666666667
10,1044,22,110.27
10,1045,383,169.083333333333
10,1046,37,-15.98
10,1047,-185,-153.286624203822
10,1048,-94,-119.15873015873
10,1049,-101,13.9090909090909
10,1050,-89,-56.7543859649123
10,1051,-79,-56.7543859649123
10,1052,-45,-56.7543859649123
10,1053,-15,-30.0916666666667
10,1054,-27,-9.70588235294118
10,1055,-1,-13.9272727272727
10,1056,4,4.31192660550459
10,1057,23,4.31192660550459
10,1058,85,92.536231884058
10,1059,250,184.321212121212
10,1060,287,118.730769230769
10,1061,-333,-232.464788732394
10,1062,-155,-153.286624203822
10,1063,54,-36.9285714285714
10,1064,72,-15.98
10,1065,-19,-15.98
10,1066,-35,-13.9272727272727
10,1067,69,-30.0916666666667
10,1068,81,62.25
10,1069,315,219.781818181818
10,1070,-22,-28.0588235294118
10,1071,-213,-153.286624203822
10,1072,-133,-119.15873015873
10,1073,-111,13.9090909090909
10,1074,-72,-56.7543859649123
10,1075,-58,-56.7543859649123
10,1076,-35,-30.0916666666667
10,1077,-32,-30.0916666666667
10,1078,-20,60.9
10,1079,0,-13.9272727272727
10,1080,-5,4.31192660550459
10,1081,24,4.31192660550459
10,1082,60,92.536231884058
10,1083,203,129.8125
10,1084,304,184.321212121212
10,1085,-272,-232.464788732394
10,1086,-134,-153.286624203822
10,1087,14,-36.9285714285714
10,1088,69,25.5571428571429
10,1089,-28,-15.98
10,1090,-13,-13.9272727272727
10,1091,51,-13.9272727272727
10,1092,87,62.25
10,1093,239,219.781818181818
10,1094,-46,-28.0588235294118
10,1095,-165,-153.286624203822
10,1096,-186,-119.15873015873
10,1097,11,-56.7543859649123
10,1098,-67,25.5571428571429
10,1099,-30,-56.7543859649123
10,1100,-31,-30.0916666666667
10,1101,-10,-30.0916666666667
10,1102,-13,-9.70588235294118
10,1103,-38,-13.9272727272727
10,1104,-23,-30.0916666666667
10,1105,-3,-13.9272727272727
10,1106,18,4.31192660550459
10,1107,21,13.375
10,1108,101,92.536231884058
10,1109,78,151.592307692308
10,1110,90,118.730769230769
10,1111,150,62.25
10,1112,158,-37
10,1113,17,-232.464788732394
10,1114,-87,-110.663366336634
10,1115,54,-56.7543859649123
10,1116,-70,-15.98
10,1117,8,-56.7543859649123
10,1118,-202,4.31192660550459
10,1119,-57,-56.7543859649123
10,1120,-76,13.9090909090909
10,1121,-65,-56.7543859649123
10,1122,13,-56.7543859649123
10,1123,-44,13.375
10,1124,-45,-30.0916666666667
10,1125,-5,60.9
10,1126,19,4.31192660550459
10,1127,-56,13.375
10,1128,-13,-30.0916666666667
10,1129,6,-13.9272727272727
10,1130,79,4.31192660550459
10,1131,-13,184.321212121212
10,1132,41,-13.9272727272727
10,1133,150,25.5571428571429
10,1134,85,62.25
10,1135,91,-110.663366336634
10,1136,-6,21.6451612903226
10,1137,19,4.31192660550459
10,1138,97,54.8360655737705
10,1139,12,-15.98
10,1140,-62,-26.5774647887324
10,1141,44,-30.0916666666667
10,1142,-123,49.6923076923077
10,1143,-86,-56.7543859649123
10,1144,-114,-56.7543859649123
10,1145,-98,-56.7543859649123
10,1146,-66,-56.7543859649123
10,1147,-5,-56.7543859649123
10,1148,-46,4.31192660550459
10,1149,-12,-30.0916666666667
10,1150,0,-13.9272727272727
10,1151,-1,4.31192660550459
10,1152,20,4.31192660550459
10,1153,86,92.536231884058
10,1154,196,141.72972972973
10,1155,283,184.321212121212
10,1156,-272,-232.464788732394
10,1157,-113,-153.286624203822
10,1158,5,-36.9285714285714
10,1159,72,4.31192660550459
10,1160,0,-15.98
10,1161,-13,4.31192660550459
10,1162,56,-13.9272727272727
10,1163,71,62.25
10,1164,334,219.781818181818
10,1165,-111,-28.0588235294118
10,1166,-124,-153.286624203822
10,1167,-165,-119.15873015873
10,1168,-91,-56.7543859649123
10,1169,-115,-56.7543859649123
10,1170,-57,-56.7543859649123
10,1171,-33,-30.0916666666667
10,1172,-22,-30.0916666666667
10,1173,-6,-9.70588235294118
10,1174,-2,4.31192660550459
10,1175,-2,4.31192660550459
10,1176,26,4.31192660550459
10,1177,73,92.536231884058
10,1178,241,184.321212121212
10,1179,263,151.592307692308
10,1180,-196,-232.464788732394
10,1181,-189,-153.286624203822
10,1182,39,-36.9285714285714
10,1183,73,25.5571428571429
10,1184,14,-15.98
10,1185,-34,-26.5774647887324
10,1186,5,-30.0916666666667
10,1187,169,110.27
10,1188,272,201.392857142857
10,1189,43,-75.1904761904762
10,1190,-242,-153.286624203822
10,1191,-179,-119.15873015873
10,1192,-136,13.9090909090909
10,1193,-85,13.9090909090909
10,1194,-79,-56.7543859649123
10,1195,-38,-56.7543859649123
10,1196,-30,-30.0916666666667
10,1197,-6,60.9
10,1198,-2,4.31192660550459
10,1199,-2,4.31192660550459
10,1200,26,4.31192660550459
10,1201,99,92.536231884058
10,1202,240,184.321212121212
10,1203,318,184.321212121212
10,1204,-321,-232.464788732394
10,1205,-196,-153.286624203822
10,1206,46,-36.9285714285714
10,1207,70,-15.98
10,1208,-32,-15.98
10,1209,7,-30.0916666666667
10,1210,10,4.31192660550459
10,1211,122,110.27
10,1212,354,219.781818181818
10,1213,15,-75.1904761904762
10,1214,-265,-153.286624203822
10,1215,-122,-119.15873015873
10,1216,-74,13.9090909090909
10,1217,-117,-56.7543859649123
10,1218,-50,-56.7543859649123
10,1219,-86,-30.0916666666667
10,1220,-32,-56.7543859649123
10,1221,5,60.9
10,1222,-13,4.31192660550459
10,1223,-4,-13.9272727272727
10,1224,28,4.31192660550459
10,1225,97,13.375
10,1226,228,184.321212121212
10,1227,284,184.321212121212
10,1228,-287,-232.464788732394
10,1229,-105,-153.286624203822
10,1230,22,-36.9285714285714
10,1231,8,25.5571428571429
10,1232,15,4.31192660550459
10,1233,-4,-26.5774647887324
10,1234,-18,4.31192660550459
10,1235,133,110.27
10,1236,420,219.781818181818
10,1237,-124,-75.1904761904762
10,1238,-211,-153.286624203822
10,1239,-175,-119.15873015873
10,1240,-78,13.9090909090909
10,1241,-85,13.9090909090909
10,1242,-13,-56.7543859649123
10,1243,-75,-13.9272727272727
10,1244,-23,-56.7543859649123
10,1245,-27,-9.70588235294118
10,1246,-3,-13.9272727272727
10,1247,-3,4.31192660550459
10,1248,18,4.31192660550459
10,1249,57,92.536231884058
10,1250,166,129.8125
10,1251,262,184.321212121212
10,1252,-132,-232.464788732394
10,1253,-138,-153.286624203822
10,1254,53,-36.9285714285714
10,1255,46,-15.98
10,1256,74,-15.98
10,1257,79,21.6451612903226
10,1258,47,21.6451612903226
10,1259,-1,62.25
10,1260,119,169.083333333333
10,1261,-171,-124.428571428571
10,1262,-72,-36.7142857142857
10,1263,-160,13.9090909090909
10,1264,-62,-56.7543859649123
10,1265,-32,-30.0916666666667
10,1266,-45,-30.0916666666667
10,1267,-19,-30.0916666666667
10,1268,-25,-13.9272727272727
10,1269,-33,74.4
10,1270,-8,60.9
10,1271,-21,-13.9272727272727
10,1272,-5,-13.9272727272727
10,1273,17,4.31192660550459
10,1274,35,13.375
10,1275,69,54.8360655737705
10,1276,153,184.321212121212
10,1277,87,118.730769230769
10,1278,132,-110.663366336634
10,1279,95,-37
10,1280,53,-232.464788732394
10,1281,-65,21.6451612903226
10,1282,48,-56.7543859649123
10,1283,-11,21.6451612903226
10,1284,-48,-13.9272727272727
10,1285,-50,-30.0916666666667
10,1286,-104,-30.0916666666667
10,1287,-205,-56.7543859649123
10,1288,26,-56.7543859649123
10,1289,-52,25.5571428571429
10,1290,-64,-30.0916666666667
10,1291,-33,-30.0916666666667
10,1292,-21,-30.0916666666667
10,1293,-32,-13.9272727272727
10,1294,-6,60.9
10,1295,-19,4.31192660550459
10,1296,5,-13.9272727272727
10,1297,16,4.31192660550459
10,1298,9,13.375
10,1299,47,4.31192660550459
10,1300,95,118.730769230769
10,1301,120,141.72972972973
10,1302,105,94.6923076923077
10,1303,53,-232.464788732394
10,1304,26,21.6451612903226
10,1305,20,-26.5774647887324
10,1306,-17,25.5571428571429
10,1307,-10,-13.9272727272727
10,1308,-65,-13.9272727272727
10,1309,-101,-56.7543859649123
10,1310,-34,-56.7543859649123
10,1311,-65,-30.0916666666667
10,1312,-81,-56.7543859649123
10,1313,-12,-56.7543859649123
10,1314,-67,-13.9272727272727
10,1315,-14,-56.7543859649123
10,1316,-21,-13.9272727272727
10,1317,-10,-13.9272727272727
10,1318,-3,-13.9272727272727
10,1319,2,4.31192660550459
10,1320,27,4.31192660550459
10,1321,79,54.8360655737705
10,1322,220,151.592307692308
10,1323,286,151.592307692308
10,1324,-331,-232.464788732394
10,1325,-108,-153.286624203822
10,1326,45,-36.9285714285714
10,1327,57,-15.98
10,1328,1,-15.98
10,1329,-63,4.31192660550459
10,1330,37,-30.0916666666667
10,1331,136,110.27
10,1332,241,219.781818181818
10,1333,14,-75.1904761904762
10,1334,-225,-153.286624203822
10,1335,-145,-119.15873015873
10,1336,-111,13.9090909090909
10,1337,-57,-56.7543859649123
10,1338,-41,-30.0916666666667
10,1339,-41,-30.0916666666667
10,1340,-17,-30.0916666666667
10,1341,-7,-9.70588235294118
10,1342,0,4.31192660550459
10,1343,0,4.31192660550459
10,1344,22,4.31192660550459
10,1345,79,92.536231884058
10,1346,281,184.321212121212
10,1347,308,151.592307692308
10,1348,-373,-232.464788732394
10,1349,-138,-153.286624203822
10,1350,58,-36.9285714285714
10,1351,20,-15.98
10,1352,24,-26.5774647887324
10,1353,-59,-26.5774647887324
10,1354,-21,-30.0916666666667
10,1355,159,110.27
10,1356,382,219.781818181818
10,1357,-40,-75.1904761904762
10,1358,-225,-153.286624203822
10,1359,-197,-119.15873015873
10,1360,-76,13.9090909090909
10,1361,-79,13.9090909090909
10,1362,-65,-56.7543859649123
10,1363,-32,-56.7543859649123
10,1364,-18,-30.0916666666667
10,1365,-10,-9.70588235294118
10,1366,0,-13.9272727272727
10,1367,25,4.31192660550459
10,1368,79,92.536231884058
10,1369,215,184.321212121212
10,1370,274,184.321212121212
10,1371,-293,-232.464788732394
10,1372,-149,-153.286624203822
10,1373,27,-36.9285714285714
10,1374,2,25.5571428571429
10,1375,-19,4.31192660550459
10,1376,-28,-13.9272727272727
10,1377,67,-13.9272727272727
10,1378,105,184.321212121212
10,1379,272,219.781818181818
10,1380,6,-28.0588235294118
10,1381,-201,-153.286624203822
10,1382,-149,-119.15873015873
10,1383,-70,13.9090909090909
10,1384,-31,-56.7543859649123
10,1385,-73,-30.0916666666667
10,1386,-38,-56.7543859649123
10,1387,-14,-30.0916666666667
10,1388,-5,-9.70588235294118
10,1389,1,4.31192660550459
10,1390,-4,4.31192660550459
10,1391,20,4.31192660550459
10,1392,75,92.536231884058
10,1393,210,184.321212121212
10,1394,318,151.592307692308
10,1395,-337,-232.464788732394
10,1396,-146,-153.286624203822
10,1397,83,-119.15873015873
10,1398,35,-15.98
10,1399,-56,-26.5774647887324
10,1400,21,-30.0916666666667
10,1401,-13,-26.5774647887324
10,1402,142,110.27
10,1403,303,219.781818181818
10,1404,-46,-75.1904761904762
10,1405,-177,-153.286624203822
10,1406,-153,-119.15873015873
10,1407,-93,13.9090909090909
10,1408,-29,-56.7543859649123
10,1409,-64,-30.0916666666667
10,1410,-39,-30.0916666666667
10,1411,-25,-30.0916666666667
10,1412,-19,-9.70588235294118
10,1413,0,-13.9272727272727
10,1414,-6,4.31192660550459
10,1415,16,4.31192660550459
10,1416,63,92.536231884058
10,1417,212,129.8125
10,1418,267,184.321212121212
10,1419,-233,-232.464788732394
10,1420,-138,-153.286624203822
10,1421,41,-36.9285714285714
10,1422,89,25.5571428571429
10,1423,36,-15.98
10,1424,-10,-26.5774647887324
10,1425,4,-13.9272727272727
10,1426,111,110.27
10,1427,275,219.781818181818
10,1428,-67,-75.1904761904762
10,1429,-244,-153.286624203822
10,1430,-141,-119.15873015873
10,1431,-97,13.9090909090909
10,1432,26,-56.7543859649123
10,1433,-17,25.5571428571429
10,1434,-102,-13.9272727272727
10,1435,-26,-56.7543859649123
10,1436,-14,34.8
10,1437,-24,-13.9272727272727
10,1438,-18,-13.9272727272727
10,1439,-7,-13.9272727272727
10,1440,14,4.31192660550459
10,1441,43,13.375
10,1442,96,129.8125
10,1443,105,151.592307692308
10,1444,141,118.730769230769
10,1445,158,62.25
10,1446,114,-232.464788732394
10,1447,0,-232.464788732394
10,1448,-18,-36.7142857142857
10,1449,-2,-13.9272727272727
10,1450,-76,4.31192660550459
10,1451,-22,-56.7543859649123
10,1452,-79,-13.9272727272727
10,1453,-22,-56.7543859649123
10,1454,-138,-9.70588235294118
10,1455,-101,-56.7543859649123
10,1456,-8,-56.7543859649123
10,1457,-16,-13.9272727272727
10,1458,-72,-13.9272727272727
10,1459,-18,-56.7543859649123
10,1460,-32,-13.9272727272727
10,1461,-29,-30.0916666666667
10,1462,-33,-30.0916666666667
10,1463,-2,-30.0916666666667
10,1464,6,4.31192660550459
10,1465,30,4.31192660550459
10,1466,51,92.536231884058
10,1467,154,129.8125
10,1468,170,118.730769230769
10,1469,107,-232.464788732394
10,1470,107,-232.464788732394
10,1471,46,-37
10,1472,-53,21.6451612903226
10,1473,-11,-30.0916666666667
10,1474,-1,-13.9272727272727
10,1475,7,4.31192660550459
10,1476,-144,74.4
10,1477,-100,-56.7543859649123
10,1478,-88,-56.7543859649123
10,1479,-62,-56.7543859649123
10,1480,-95,-30.0916666666667
10,1481,-44,-56.7543859649123
10,1482,-49,-30.0916666666667
10,1483,-13,-30.0916666666667
10,1484,-14,-13.9272727272727
10,1485,-6,-13.9272727272727
10,1486,-2,4.31192660550459
10,1487,32,4.31192660550459
10,1488,95,92.536231884058
10,1489,254,184.321212121212
10,1490,210,151.592307692308
10,1491,-300,-232.464788732394
10,1492,-73,-153.286624203822
10,1493,27,-36.9285714285714
10,1494,20,25.5571428571429
10,1495,-8,-26.5774647887324
10,1496,25,-13.9272727272727
10,1497,-13,-26.5774647887324
10,1498,83,110.27
10,1499,354,219.781818181818
10,1500,-36,-15.98
10,1501,-154,-153.286624203822
10,1502,-147,-119.15873015873
10,1503,-104,-56.7543859649123
10,1504,-57,-56.7543859649123
10,1505,-93,-30.0916666666667
10,1506,-78,-56.7543859649123
10,1507,-32,-56.7543859649123
10,1508,-7,-30.0916666666667
10,1509,2,4.31192660550459
10,1510,3,4.31192660550459
10,1511,21,4.31192660550459
10,1512,114,92.536231884058
10,1513,317,184.321212121212
10,1514,212,-75.1904761904762
10,1515,-273,-232.464788732394
10,1516,-183,-153.286624203822
10,1517,22,-119.15873015873
10,1518,5,25.5571428571429
10,1519,-5,4.31192660550459
10,1520,18,4.31192660550459
10,1521,51,-26.5774647887324
10,1522,62,118.730769230769
10,1523,411,219.781818181818
10,1524,-6,-124.428571428571
10,1525,-238,-153.286624203822
10,1526,-135,-119.15873015873
10,1527,-105,13.9090909090909
10,1528,-135,-56.7543859649123
10,1529,-80,-56.7543859649123
10,1530,-44,-56.7543859649123
10,1531,-24,-30.0916666666667
10,1532,-5,-9.70588235294118
10,1533,-3,4.31192660550459
10,1534,1,4.31192660550459
10,1535,27,4.31192660550459
10,1536,100,92.536231884058
10,1537,284,184.321212121212
10,1538,158,184.321212121212
10,1539,-311,-232.464788732394
10,1540,-118,-110.663366336634
10,1541,-28,13.9090909090909
10,1542,-9,-13.9272727272727
10,1543,-46,-13.9272727272727
10,1544,-13,-30.0916666666667
10,1545,47,-13.9272727272727
10,1546,137,129.8125
10,1547,253,271.932203389831
10,1548,17,-175.315789473684
10,1549,-137,-153.286624203822
10,1550,-108,-36.9285714285714
10,1551,-71,-56.7543859649123
10,1552,-27,-56.7543859649123
10,1553,-92,-13.9272727272727
10,1554,-45,-56.7543859649123
10,1555,-12,-30.0916666666667
10,1556,-7,-9.70588235294118
10,1557,-2,4.31192660550459
10,1558,0,4.31192660550459
10,1559,26,4.31192660550459
10,1560,90,92.536231884058
10,1561,286,184.321212121212
10,1562,271,151.592307692308
10,1563,-376,-232.464788732394
10,1564,-112,-153.286624203822
10,1565,40,-36.9285714285714
10,1566,35,25.5571428571429
10,1567,-26,-26.5774647887324
10,1568,-1,-13.9272727272727
10,1569,25,4.31192660550459
10,1570,125,110.27
10,1571,361,219.781818181818
10,1572,28,-75.1904761904762
10,1573,-190,-153.286624203822
10,1574,-182,-119.15873015873
10,1575,-137,13.9090909090909
10,1576,-19,13.9090909090909
10,1577,-104,-13.9272727272727
10,1578,-80,-56.7543859649123
10,1579,-39,-56.7543859649123
10,1580,-4,60.9
10,1581,-11,4.31192660550459
10,1582,-7,-13.9272727272727
10,1583,22,4.31192660550459
10,1584,88,54.8360655737705
10,1585,246,184.321212121212
10,1586,341,184.321212121212
10,1587,-341,-232.464788732394
10,1588,-122,-153.286624203822
10,1589,17,-36.9285714285714
10,1590,108,25.5571428571429
10,1591,19,-15.98
10,1592,13,-26.5774647887324
10,1593,13,-26.5774647887324
10,1594,173,110.27
10,1595,239,219.781818181818
10,1596,-151,-75.1904761904762
10,1597,-176,-153.286624203822
10,1598,-151,-119.15873015873
10,1599,-54,13.9090909090909
10,1600,-85,-30.0916666666667
10,1601,-15,-56.7543859649123
10,1602,-45,-13.9272727272727
10,1603,-54,-30.0916666666667
10,1604,-7,60.9
10,1605,-52,4.31192660550459
10,1606,-20,-30.0916666666667
10,1607,-8,-13.9272727272727
10,1608,30,-13.9272727272727
10,1609,45,13.375
10,1610,125,129.8125
10,1611,130,151.592307692308
10,1612,151,-175.315789473684
10,1613,126,-232.464788732394
10,1614,32,-232.464788732394
10,1615,9,-36.7142857142857
10,1616,-40,4.31192660550459
10,1617,19,-30.0916666666667
10,1618,11,-26.5774647887324
10,1619,-71,110.27
10,1620,-152,-56.7543859649123
10,1621,-362,-56.7543859649123
10,1622,-15,-56.7543859649123
10,1623,63,-13.9272727272727
10,1624,8,-15.98
10,1625,-19,4.31192660550459
10,1626,26,-13.9272727272727
10,1627,-44,92.536231884058
10,1628,-17,60.9
10,1629,-16,-13.9272727272727
10,1630,-33,-13.9272727272727
10,1631,-1,-30.0916666666667
10,1632,6,4.31192660550459
10,1633,12,4.31192660550459
10,1634,27,54.8360655737705
10,1635,28,92.536231884058
10,1636,-11,54.8360655737705
10,1637,9,-13.9272727272727
10,1638,-16,4.31192660550459
10,1639,-9,-13.9272727272727
10,1640,1,-13.9272727272727
10,1641,-15,4.31192660550459
10,1642,-2,-13.9272727272727
10,1643,-9,4.31192660550459
10,1644,12,-13.9272727272727
10,1645,-4,54.8360655737705
10,1646,0,4.31192660550459
10,1647,-24,4.31192660550459
10,1648,2,-13.9272727272727
10,1649,4,4.31192660550459
10,1650,-11,4.31192660550459
10,1651,-4,-13.9272727272727
10,1652,2,4.31192660550459
10,1653,-3,4.31192660550459
10,1654,2,4.31192660550459
10,1655,11,4.31192660550459
10,1656,31,25.5571428571429
10,1657,162,54.8360655737705
10,1658,275,141.72972972973
10,1659,-210,-75.1904761904762
10,1660,-172,-153.286624203822
10,1661,1,-36.9285714285714
10,1662,28,4.31192660550459
10,1663,-22,-26.5774647887324
10,1664,7,-13.9272727272727
10,1665,-2,4.31192660550459
10,1666,-9,110.27
10,1667,129,74.4
10,1668,147,-15.98
10,1669,-81,-75.1904761904762
10,1670,-95,-110.663366336634
10,1671,-51,-56.7543859649123
10,1672,-63,-30.0916666666667
10,1673,-30,-30.0916666666667
10,1674,-46,-30.0916666666667
10,1675,-6,-30.0916666666667
10,1676,-4,-9.70588235294118
10,1677,-1,74.4
10,1678,1,4.31192660550459
10,1679,19,4.31192660550459
10,1680,98,92.536231884058
10,1681,270,184.321212121212
10,1682,221,141.72972972973
10,1683,-303,-232.464788732394
10,1684,-146,-153.286624203822
10,1685,22,-36.9285714285714
10,1686,40,25.5571428571429
10,1687,0,-26.5774647887324
10,1688,-8,4.31192660550459
10,1689,20,-13.9272727272727
10,1690,126,110.27
10,1691,329,219.781818181818
10,1692,-59,-75.1904761904762
10,1693,-150,-153.286624203822
10,1694,-197,-119.15873015873
10,1695,-59,-56.7543859649123
10,1696,-69,13.9090909090909
10,1697,-84,-56.7543859649123
10,1698,-37,-56.7543859649123
10,1699,-11,-30.0916666666667
10,1700,-18,-9.70588235294118
10,1701,-4,-13.9272727272727
10,1702,3,4.31192660550459
10,1703,18,4.31192660550459
10,1704,82,92.536231884058
10,1705,283,184.321212121212
10,1706,265,151.592307692308
10,1707,-333,-232.464788732394
10,1708,-139,-153.286624203822
10,1709,37,-36.9285714285714
10,1710,50,25.5571428571429
10,1711,-41,-15.98
10,1712,-5,-30.0916666666667
10,1713,6,4.31192660550459
10,1714,147,110.27
10,1715,356,219.781818181818
10,1716,-23,-75.1904761904762
10,1717,-166,-153.286624203822
10,1718,-163,-119.15873015873
10,1719,-141,-56.7543859649123
10,1720,-47,-56.7543859649123
10,1721,-88,-30.0916666666667
10,1722,-61,-56.7543859649123
10,1723,-20,-30.0916666666667
10,1724,-10,-9.70588235294118
10,1725,-7,-13.9272727272727
10,1726,-3,4.31192660550459
10,1727,14,4.31192660550459
10,1728,110,92.536231884058
10,1729,98,184.321212121212
10,1730,137,151.592307692308
10,1731,-161,118.730769230769
10,1732,-62,-110.663366336634
10,1733,12,-30.0916666666667
10,1734,53,25.5571428571429
10,1735,-7,-15.98
10,1736,-28,4.31192660550459
10,1737,35,-13.9272727272727
10,1738,114,54.8360655737705
10,1739,296,201.392857142857
10,1740,50,-75.1904761904762
10,1741,-200,-153.286624203822
10,1742,-127,-119.15873015873
10,1743,-87,13.9090909090909
10,1744,-67,-56.7543859649123
10,1745,-71,-56.7543859649123
10,1746,-39,-56.7543859649123
10,1747,-38,-30.0916666666667
10,1748,-13,60.9
10,1749,-19,-13.9272727272727
10,1750,3,-13.9272727272727
10,1751,13,4.31192660550459
10,1752,101,13.375
10,1753,195,184.321212121212
10,1754,277,184.321212121212
10,1755,-258,-232.464788732394
10,1756,-98,-153.286624203822
10,1757,-3,-36.9285714285714
10,1758,74,4.31192660550459
10,1759,-1,-15.98
10,1760,-6,4.31192660550459
10,1761,24,4.31192660550459
10,1762,116,110.27
10,1763,262,219.781818181818
10,1764,-48,-75.1904761904762
10,1765,-213,-153.286624203822
10,1766,-152,-119.15873015873
10,1767,-81,13.9090909090909
10,1768,-50,-56.7543859649123
10,1769,-42,-30.0916666666667
10,1770,-13,-30.0916666666667
10,1771,-36,-13.9272727272727
10,1772,-10,60.9
10,1773,-31,-13.9272727272727
10,1774,-24,-30.0916666666667
10,1775,3,-13.9272727272727
10,1776,23,4.31192660550459
10,1777,27,13.375
10,1778,103,54.8360655737705
10,1779,56,151.592307692308
10,1780,77,62.25
10,1781,67,94.6923076923077
10,1782,23,21.6451612903226
10,1783,8,25.5571428571429
10,1784,51,4.31192660550459
10,1785,-32,21.6451612903226
10,1786,-32,-30.0916666666667
10,1787,-54,-30.0916666666667
10,1788,-232,-30.0916666666667
10,1789,49,-56.7543859649123
10,1790,-37,-15.98
10,1791,-18,-30.0916666666667
10,1792,-1,-13.9272727272727
10,1793,-41,4.31192660550459
10,1794,-6,-30.0916666666667
10,1795,6,4.31192660550459
10,1796,-2,4.31192660550459
10,1797,-24,4.31192660550459
10,1798,-12,-13.9272727272727
10,1799,2,-13.9272727272727
10,1800,1,4.31192660550459
10,1801,20,4.31192660550459
10,1802,80,25.5571428571429
10,1803,78,141.72972972973
10,1804,195,184.321212121212
10,1805,31,15.65
10,1806,173,-110.663366336634
10,1807,11,-37
10,1808,58,-110.663366336634
10,1809,-50,21.6451612903226
10,1810,-16,-30.0916666666667
10,1811,-65,-13.9272727272727
10,1812,-35,-56.7543859649123
10,1813,-112,-30.0916666666667
10,1814,-132,-56.7543859649123
10,1815,-39,-56.7543859649123
10,1816,-96,-30.0916666666667
10,1817,-26,-56.7543859649123
10,1818,-34,-13.9272727272727
10,1819,-24,-30.0916666666667
10,1820,-16,-13.9272727272727
10,1821,-4,-13.9272727272727
10,1822,-2,4.31192660550459
10,1823,18,4.31192660550459
10,1824,103,92.536231884058
10,1825,226,184.321212121212
10,1826,247,184.321212121212
10,1827,-328,-232.464788732394
10,1828,-111,-153.286624203822
10,1829,6,-36.9285714285714
10,1830,62,4.31192660550459
10,1831,22,-15.98
10,1832,-29,-26.5774647887324
10,1833,13,-30.0916666666667
10,1834,116,110.27
10,1835,336,219.781818181818
10,1836,-19,-75.1904761904762
10,1837,-193,-153.286624203822
10,1838,-162,-119.15873015873
10,1839,-88,13.9090909090909
10,1840,-87,-56.7543859649123
10,1841,-74,-56.7543859649123
10,1842,-25,-56.7543859649123
10,1843,-14,-13.9272727272727
10,1844,-13,-9.70588235294118
10,1845,-5,-13.9272727272727
10,1846,5,4.31192660550459
10,1847,9,4.31192660550459
10,1848,9,4.31192660550459
10,1849,143,4.31192660550459
10,1850,388,118.730769230769
10,1851,-208,-75.1904761904762
10,1852,-175,-153.286624203822
10,1853,55,-36.9285714285714
10,1854,40,-15.98
10,1855,-20,25.5571428571429
10,1856,-45,-13.9272727272727
10,1857,30,-30.0916666666667
10,1858,120,110.27
10,1859,327,219.781818181818
10,1860,62,-75.1904761904762
10,1861,-256,-153.286624203822
10,1862,-152,-119.15873015873
10,1863,-53,13.9090909090909
10,1864,-71,-30.0916666666667
10,1865,-116,-56.7543859649123
10,1866,-48,-56.7543859649123
10,1867,-32,-30.0916666666667
10,1868,1,60.9
10,1869,-10,4.31192660550459
10,1870,-2,-13.9272727272727
10,1871,29,4.31192660550459
10,1872,87,92.536231884058
10,1873,238,184.321212121212
10,1874,308,184.321212121212
10,1875,-351,-232.464788732394
10,1876,-140,-153.286624203822
10,1877,9,-36.9285714285714
10,1878,61,4.31192660550459
10,1879,-17,-15.98
10,1880,12,-13.9272727272727
10,1881,16,-26.5774647887324
10,1882,111,110.27
10,1883,362,219.781818181818
10,1884,84,-75.1904761904762
10,1885,-309,-153.286624203822
10,1886,-166,-119.15873015873
10,1887,-99,13.9090909090909
10,1888,-66,-56.7543859649123
10,1889,-75,-56.7543859649123
10,1890,-8,-56.7543859649123
10,1891,-66,-13.9272727272727
10,1892,-7,60.9
10,1893,-11,4.31192660550459
10,1894,-4,-13.9272727272727
10,1895,19,4.31192660550459
10,1896,115,92.536231884058
10,1897,248,151.592307692308
10,1898,243,-75.1904761904762
10,1899,-323,-232.464788732394
10,1900,-136,-153.286624203822
10,1901,33,-36.9285714285714
10,1902,100,25.5571428571429
10,1903,-36,-15.98
10,1904,-61,-30.0916666666667
10,1905,79,-30.0916666666667
10,1906,87,62.25
10,1907,334,219.781818181818
10,1908,2,-28.0588235294118
10,1909,-184,-153.286624203822
10,1910,-102,-119.15873015873
10,1911,-121,13.9090909090909
10,1912,-53,-56.7543859649123
10,1913,-125,-30.0916666666667
10,1914,-32,-56.7543859649123
10,1915,-41,-30.0916666666667
10,1916,-37,60.9
10,1917,3,-30.0916666666667
10,1918,-10,4.31192660550459
10,1919,20,-13.9272727272727
10,1920,111,92.536231884058
10,1921,221,201.392857142857
10,1922,262,-75.1904761904762
10,1923,-324,-232.464788732394
10,1924,-95,-153.286624203822
10,1925,59,-119.15873015873
10,1926,-87,-15.98
10,1927,107,-56.7543859649123
10,1928,-36,-28.0588235294118
10,1929,101,-30.0916666666667
10,1930,97,184.321212121212
10,1931,203,219.781818181818
10,1932,-2,-28.0588235294118
10,1933,-189,-153.286624203822
10,1934,-139,-56.7543859649123
10,1935,-78,13.9090909090909
10,1936,-3,-56.7543859649123
10,1937,24,4.31192660550459
10,1938,-103,-26.5774647887324
10,1939,-46,-56.7543859649123
10,1940,-32,60.9
10,1941,-43,-30.0916666666667
10,1942,-23,-30.0916666666667
10,1943,13,-13.9272727272727
10,1944,20,25.5571428571429
10,1945,45,13.375
10,1946,110,129.8125
10,1947,87,118.730769230769
10,1948,148,62.25
10,1949,143,94.6923076923077
10,1950,-25,-232.464788732394
10,1951,-26,-110.663366336634
10,1952,-96,-13.9272727272727
10,1953,113,-56.7543859649123
10,1954,-1,-15.98
10,1955,-38,-36.7142857142857
10,1956,-68,-30.0916666666667
10,1957,-29,-56.7543859649123
10,1958,-96,-30.0916666666667
10,1959,-40,-56.7543859649123
10,1960,-52,-30.0916666666667
10,1961,-68,-30.0916666666667
10,1962,-15,-56.7543859649123
10,1963,-13,-13.9272727272727
10,1964,-28,-13.9272727272727
10,1965,-65,-13.9272727272727
10,1966,-12,-56.7543859649123
10,1967,-5,-13.9272727272727
10,1968,6,4.31192660550459
10,1969,19,4.31192660550459
10,1970,78,54.8360655737705
10,1971,77,184.321212121212
10,1972,142,118.730769230769
10,1973,81,62.25
10,1974,144,-110.663366336634
10,1975,7,-37
10,1976,-47,-110.663366336634
10,1977,53,-30.0916666666667
10,1978,-27,-15.98
10,1979,-33,-13.9272727272727
10,1980,-48,-30.0916666666667
10,1981,-80,-30.0916666666667
10,1982,-107,-56.7543859649123
10,1983,-73,-56.7543859649123
10,1984,-46,-56.7543859649123
10,1985,-55,-30.0916666666667
10,1986,-68,-30.0916666666667
10,1987,-25,-56.7543859649123
10,1988,-3,-13.9272727272727
10,1989,-1,4.31192660550459
10,1990,-3,4.31192660550459
10,1991,21,4.31192660550459
10,1992,119,92.536231884058
10,1993,243,184.321212121212
10,1994,254,-75.1904761904762
10,1995,-289,-232.464788732394
10,1996,-160,-153.286624203822
10,1997,23,-36.9285714285714
10,1998,50,25.5571428571429
10,1999,9,-15.98
10,2000,-33,4.31192660550459
10,2001,23,-30.0916666666667
10,2002,126,110.27
10,2003,381,219.781818181818
10,2004,-89,-75.1904761904762
10,2005,-134,-153.286624203822
10,2006,-223,-119.15873015873
10,2007,-76,-56.7543859649123
10,2008,-74,13.9090909090909
10,2009,-60,-56.7543859649123
10,2010,-75,-30.0916666666667
10,2011,-29,-56.7543859649123
10,2012,7,-30.0916666666667
10,2013,-10,4.31192660550459
10,2014,-1,-13.9272727272727
10,2015,15,4.31192660550459
10,2016,145,92.536231884058
10,2017,298,184.321212121212
10,2018,178,-75.1904761904762
10,2019,-346,-232.464788732394
10,2020,-138,-110.663366336634
10,2021,60,13.9090909090909
10,2022,46,-15.98
10,2023,-44,-15.98
10,2024,-148,-30.0916666666667
10,2025,63,-56.7543859649123
10,2026,255,62.25
10,2027,328,219.781818181818
10,2028,-7,-232.464788732394
10,2029,-252,-153.286624203822
10,2030,-156,-119.15873015873
10,2031,-79,13.9090909090909
10,2032,-76,-56.7543859649123
10,2033,-84,-56.7543859649123
10,2034,-28,-56.7543859649123
10,2035,-21,-9.70588235294118
10,2036,-13,-9.70588235294118
10,2037,1,-13.9272727272727
10,2038,3,4.31192660550459
10,2039,23,4.31192660550459
10,2040,98,92.536231884058
10,2041,292,184.321212121212
10,2042,204,151.592307692308
10,2043,-297,-232.464788732394
10,2044,-172,-153.286624203822
10,2045,48,13.9090909090909
10,2046,79,-15.98
10,2047,-14,-15.98
10,2048,-23,-13.9272727272727
10,2049,16,-13.9272727272727
10,2050,98,110.27
10,2051,348,219.781818181818
10,2052,-333,-15.98
10,2053,-274,-153.286624203822
10,2054,-47,-119.15873015873
10,2055,-17,13.9090909090909
10,2056,33,-13.9272727272727
10,2057,-12,-26.5774647887324
10,2058,-22,-13.9272727272727
10,2059,-22,-13.9272727272727
10,2060,-8,169.083333333333
10,2061,0,-13.9272727272727
10,2062,-1,4.31192660550459
10,2063,22,4.31192660550459
10,2064,115,54.8360655737705
10,2065,262,151.592307692308
10,2066,229,-75.1904761904762
10,2067,-269,-232.464788732394
10,2068,-207,-153.286624203822
10,2069,102,-36.9285714285714
10,2070,16,-15.98
10,2071,46,-26.5774647887324
10,2072,-71,21.6451612903226
10,2073,24,-56.7543859649123
10,2074,150,110.27
10,2075,311,219.781818181818
10,2076,38,-75.1904761904762
10,2077,-217,-153.286624203822
10,2078,-179,-119.15873015873
10,2079,-144,13.9090909090909
10,2080,2,13.9090909090909
10,2081,-97,4.31192660550459
10,2082,-71,-56.7543859649123
10,2083,-18,-56.7543859649123
10,2084,-15,34.8
10,2085,-18,-13.9272727272727
10,2086,-4,-13.9272727272727
10,2087,17,4.31192660550459
10,2088,109,13.375
10,2089,216,184.321212121212
10,2090,269,151.592307692308
10,2091,-298,-232.464788732394
10,2092,-112,-153.286624203822
10,2093,81,-36.9285714285714
10,2094,57,-15.98
10,2095,15,-15.98
10,2096,-29,-26.5774647887324
10,2097,105,-30.0916666666667
10,2098,86,62.25
10,2099,254,219.781818181818
10,2100,-183,-28.0588235294118
10,2101,-93,-153.286624203822
10,2102,-162,-119.15873015873
10,2103,-71,-56.7543859649123
10,2104,-36,-56.7543859649123
10,2105,-54,-30.0916666666667
10,2106,-44,-30.0916666666667
10,2107,-43,60.9
10,2108,-37,-30.0916666666667
10,2109,-22,60.9
10,2110,-25,-13.9272727272727
10,2111,4,-13.9272727272727
10,2112,20,4.31192660550459
10,2113,34,13.375
10,2114,111,92.536231884058
10,2115,157,118.730769230769
10,2116,76,-75.1904761904762
10,2117,111,-110.663366336634
10,2118,37,-37
10,2119,100,-36.7142857142857
10,2120,-44,-37
10,2121,-25,-30.0916666666667
10,2122,1,-13.9272727272727
10,2123,-15,4.31192660550459
10,2124,-30,74.4
10,2125,-107,-30.0916666666667
10,2126,-152,-56.7543859649123
10,2127,-57,-56.7543859649123
10,2128,44,-30.0916666666667
10,2129,-98,141.72972972973
10,2130,-78,-56.7543859649123
10,2131,-4,-56.7543859649123
10,2132,-12,4.31192660550459
10,2133,-54,-13.9272727272727
10,2134,-19,-30.0916666666667
10,2135,3,-13.9272727272727
10,2136,9,4.31192660550459
10,2137,39,4.31192660550459
10,2138,96,92.536231884058
10,2139,66,151.592307692308
10,2140,128,118.730769230769
10,2141,78,15.65
10,2142,103,-110.663366336634
10,2143,71,-37
10,2144,-50,21.6451612903226
10,2145,-53,-30.0916666666667
10,2146,65,-30.0916666666667
10,2147,-86,-15.98
10,2148,-89,-56.7543859649123
10,2149,-50,-56.7543859649123
10,2150,-109,-30.0916666666667
10,2151,-61,-56.7543859649123
10,2152,-38,-30.0916666666667
10,2153,-57,-30.0916666666667
10,2154,-39,-30.0916666666667
10,2155,-24,-30.0916666666667
10,2156,-9,-13.9272727272727
10,2157,0,-13.9272727272727
10,2158,4,4.31192660550459
10,2159,20,4.31192660550459
10,2160,39,92.536231884058
10,2161,10,92.536231884058
10,2162,81,92.536231884058
10,2163,-46,15.65
10,2164,-51,-30.0916666666667
10,2165,20,-30.0916666666667
10,2166,106,25.5571428571429
10,2167,-9,-15.98
10,2168,-5,-13.9272727272727
10,2169,25,4.31192660550459
10,2170,-85,54.8360655737705
10,2171,118,-56.7543859649123
10,2172,71,-28.0588235294118
10,2173,4,-36.7142857142857
10,2174,-115,4.31192660550459
10,2175,-37,-56.7543859649123
10,2176,-23,-30.0916666666667
10,2177,-54,-13.9272727272727
10,2178,-43,-30.0916666666667
10,2179,-13,-30.0916666666667
10,2180,-15,-9.70588235294118
10,2181,2,-13.9272727272727
10,2182,-1,4.31192660550459
10,2183,3,4.31192660550459
10,2184,16,4.31192660550459
10,2185,68,92.536231884058
10,2186,317,151.592307692308
10,2187,-54,151.592307692308
10,2188,-184,-153.286624203822
10,2189,53,-119.15873015873
10,2190,40,-15.98
10,2191,-25,25.5571428571429
10,2192,-55,-13.9272727272727
10,2193,72,-30.0916666666667
10,2194,118,62.25
10,2195,304,184.321212121212
10,2196,55,-232.464788732394
10,2197,-221,-153.286624203822
10,2198,-249,-119.15873015873
10,2199,-154,13.9090909090909
10,2200,-26,13.9090909090909
10,2201,-12,-13.9272727272727
10,2202,-32,-13.9272727272727
10,2203,-18,-30.0916666666667
10,2204,-2,-9.70588235294118
10,2205,-13,4.31192660550459
10,2206,-2,-13.9272727272727
10,2207,34,4.31192660550459
10,2208,120,13.375
10,2209,282,184.321212121212
10,2210,210,-75.1904761904762
10,2211,-303,-232.464788732394
10,2212,-155,-153.286624203822
10,2213,75,-36.9285714285714
10,2214,63,-15.98
10,2215,20,-15.98
10,2216,-87,-26.5774647887324
10,2217,11,-56.7543859649123
10,2218,172,110.27
10,2219,427,219.781818181818
10,2220,-27,-75.1904761904762
10,2221,-256,-153.286624203822
10,2222,-131,-119.15873015873
10,2223,-66,13.9090909090909
10,2224,-107,-56.7543859649123
10,2225,-153,-56.7543859649123
10,2226,-54,-56.7543859649123
10,2227,-51,-30.0916666666667
10,2228,-12,60.9
10,2229,-13,-13.9272727272727
10,2230,13,-13.9272727272727
10,2231,19,92.536231884058
10,2232,124,13.375
10,2233,315,201.392857142857
10,2234,160,-75.1904761904762
10,2235,-288,-232.464788732394
10,2236,-141,-110.663366336634
10,2237,74,13.9090909090909
10,2238,69,-15.98
10,2239,-21,-15.98
10,2240,-57,-13.9272727272727
10,2241,46,-30.0916666666667
10,2242,114,62.25
10,2243,422,271.932203389831
10,2244,16,-175.315789473684
10,2245,-331,-153.286624203822
10,2246,-91,-119.15873015873
10,2247,-147,13.9090909090909
10,2248,-48,-56.7543859649123
10,2249,-85,-30.0916666666667
10,2250,-96,-56.7543859649123
10,2251,-21,-56.7543859649123
10,2252,-28,-9.70588235294118
10,2253,-7,-13.9272727272727
10,2254,-3,4.31192660550459
10,2255,23,4.31192660550459
10,2256,148,92.536231884058
10,2257,333,184.321212121212
10,2258,230,-75.1904761904762
10,2259,-384,-232.464788732394
10,2260,-106,-153.286624203822
10,2261,79,-36.9285714285714
10,2262,26,-15.98
10,2263,35,-26.5774647887324
10,2264,-45,-26.5774647887324
10,2265,41,-30.0916666666667
10,2266,177,110.27
10,2267,244,219.781818181818
10,2268,-143,-175.315789473684
10,2269,-186,-153.286624203822
10,2270,-146,-119.15873015873
10,2271,-79,13.9090909090909
10,2272,-7,-56.7543859649123
10,2273,-77,4.31192660550459
10,2274,-26,-56.7543859649123
10,2275,-44,-9.70588235294118
10,2276,-35,60.9
10,2277,-36,-30.0916666666667
10,2278,-19,-30.0916666666667
10,2279,-2,-13.9272727272727
10,2280,38,4.31192660550459
10,2281,45,13.375
10,2282,100,129.8125
10,2283,97,184.321212121212
10,2284,160,62.25
10,2285,134,62.25
10,2286,56,-232.464788732394
10,2287,62,-110.663366336634
10,2288,26,21.6451612903226
10,2289,-58,-26.5774647887324
10,2290,-30,-30.0916666666667
10,2291,-16,-30.0916666666667
10,2292,19,-13.9272727272727
10,2293,-213,74.4
10,2294,-117,-56.7543859649123
10,2295,-56,13.9090909090909
10,2296,79,-30.0916666666667
10,2297,-99,184.321212121212
10,2298,-69,-56.7543859649123
10,2299,-40,-56.7543859649123
10,2300,-32,60.9
10,2301,-32,-30.0916666666667
10,2302,-50,-30.0916666666667
10,2303,-8,-30.0916666666667
10,2304,17,-13.9272727272727
10,2305,65,13.375
10,2306,81,184.321212121212
10,2307,142,184.321212121212
10,2308,119,118.730769230769
10,2309,149,-232.464788732394
10,2310,56,-232.464788732394
10,2311,-30,-110.663366336634
10,2312,-64,-30.0916666666667
10,2313,-41,-30.0916666666667
10,2314,75,-30.0916666666667
10,2315,-28,-15.98
10,2316,-75,74.4
10,2317,-72,-56.7543859649123
10,2318,-128,-56.7543859649123
10,2319,-41,-56.7543859649123
10,2320,-88,-30.0916666666667
10,2321,-59,-56.7543859649123
10,2322,-46,-30.0916666666667
10,2323,-25,-30.0916666666667
10,2324,-4,-13.9272727272727
10,2325,-9,4.31192660550459
10,2326,5,-13.9272727272727
10,2327,8,4.31192660550459
10,2328,64,4.31192660550459
10,2329,74,129.8125
10,2330,117,118.730769230769
10,2331,-84,-37
10,2332,-87,-36.7142857142857
10,2333,7,-56.7543859649123
10,2334,64,4.31192660550459
10,2335,14,-15.98
10,2336,-4,-26.5774647887324
10,2337,45,4.31192660550459
10,2338,90,62.25
10,2339,193,94.6923076923077
10,2340,22,-28.0588235294118
10,2341,-82,-110.663366336634
10,2342,-112,-56.7543859649123
10,2343,-95,-56.7543859649123
10,2344,-99,-56.7543859649123
10,2345,-45,-56.7543859649123
10,2346,-61,-30.0916666666667
10,2347,-9,-30.0916666666667
10,2348,-16,-9.70588235294118
10,2349,-6,-13.9272727272727
10,2350,2,4.31192660550459
10,2351,10,4.31192660550459
10,2352,120,92.536231884058
10,2353,187,184.321212121212
10,2354,266,-75.1904761904762
10,2355,-257,-232.464788732394
10,2356,-133,-153.286624203822
10,2357,-11,-36.9285714285714
10,2358,65,-13.9272727272727
10,2359,-11,-15.98
10,2360,-21,-13.9272727272727
10,2361,23,34.8
10,2362,141,110.27
10,2363,399,219.781818181818
10,2364,0,-75.1904761904762
10,2365,-421,-153.286624203822
10,2366,9,-119.15873015873
10,2367,-112,4.31192660550459
10,2368,-87,-56.7543859649123
10,2369,-69,-56.7543859649123
10,2370,-58,-56.7543859649123
10,2371,-15,-30.0916666666667
10,2372,-20,-9.70588235294118
10,2373,-7,-13.9272727272727
10,2374,-2,4.31192660550459
10,2375,32,4.31192660550459
10,2376,125,92.536231884058
10,2377,308,184.321212121212
10,2378,251,-75.1904761904762
10,2379,-422,-232.464788732394
10,2380,-106,-153.286624203822
10,2381,6,-36.9285714285714
10,2382,51,4.31192660550459
10,2383,22,-15.98
10,2384,-22,-26.5774647887324
10,2385,9,34.8
10,2386,21,110.27
10,2387,7,169.083333333333
10,2388,42,4.31192660550459
10,2389,49,-15.98
10,2390,-81,49.6923076923077
10,2391,-50,-56.7543859649123
10,2392,-86,-30.0916666666667
10,2393,-53,-56.7543859649123
10,2394,-50,-30.0916666666667
10,2395,-26,-30.0916666666667
10,2396,-14,-13.9272727272727
10,2397,-12,-13.9272727272727
10,2398,1,-13.9272727272727
10,2399,25,4.31192660550459
10,2400,126,92.536231884058
10,2401,259,184.321212121212
10,2402,277,-75.1904761904762
10,2403,-391,-232.464788732394
10,2404,-116,-153.286624203822
10,2405,36,-36.9285714285714
10,2406,68,25.5571428571429
10,2407,13,-15.98
10,2408,-50,-26.5774647887324
10,2409,39,-30.0916666666667
10,2410,99,110.27
10,2411,408,219.781818181818
10,2412,-46,-28.0588235294118
10,2413,-260,-153.286624203822
10,2414,-94,-119.15873015873
10,2415,-113,13.9090909090909
10,2416,-42,-56.7543859649123
10,2417,-76,-30.0916666666667
10,2418,-94,-56.7543859649123
10,2419,-31,-56.7543859649123
10,2420,-19,60.9
10,2421,-9,-13.9272727272727
10,2422,-5,-13.9272727272727
10,2423,21,4.31192660550459
10,2424,83,92.536231884058
10,2425,246,184.321212121212
10,2426,224,184.321212121212
10,2427,-243,-232.464788732394
10,2428,-108,-153.286624203822
10,2429,51,-36.9285714285714
10,2430,38,-15.98
10,2431,12,-26.5774647887324
10,2432,34,-26.5774647887324
10,2433,99,-26.5774647887324
10,2434,118,62.25
10,2435,69,219.781818181818
10,2436,-131,-36.7142857142857
10,2437,-118,-56.7543859649123
10,2438,-54,-56.7543859649123
10,2439,-95,-30.0916666666667
10,2440,-43,-56.7543859649123
10,2441,-46,-30.0916666666667
10,2442,-50,-30.0916666666667
10,2443,-34,-30.0916666666667
10,2444,-18,-30.0916666666667
10,2445,-33,-13.9272727272727
10,2446,-29,-30.0916666666667
10,2447,8,-30.0916666666667
10,2448,21,4.31192660550459
10,2449,23,13.375
10,2450,87,92.536231884058
10,2451,148,118.730769230769
10,2452,148,62.25
10,2453,83,-232.464788732394
10,2454,9,-110.663366336634
10,2455,10,4.31192660550459
10,2456,25,-26.5774647887324
10,2457,-51,-26.5774647887324
10,2458,-9,-30.0916666666667
10,2459,-42,-13.9272727272727
10,2460,-47,-30.0916666666667
10,2461,-42,-30.0916666666667
10,2462,-118,-30.0916666666667
10,2463,-4,-56.7543859649123
10,2464,-47,4.31192660550459
10,2465,-54,-30.0916666666667
10,2466,-13,-30.0916666666667
10,2467,-59,-13.9272727272727
10,2468,-17,-30.0916666666667
10,2469,-25,-13.9272727272727
10,2470,-25,-13.9272727272727
10,2471,-4,-13.9272727272727
10,2472,15,4.31192660550459
10,2473,30,13.375
10,2474,99,54.8360655737705
10,2475,119,151.592307692308
10,2476,154,118.730769230769
10,2477,95,-232.464788732394
10,2478,51,-232.464788732394
10,2479,-72,21.6451612903226
10,2480,49,-56.7543859649123
10,2481,-12,21.6451612903226
10,2482,-34,-13.9272727272727
10,2483,21,-30.0916666666667
10,2484,-4,34.8
10,2485,-76,110.27
10,2486,-50,-56.7543859649123
10,2487,-249,-30.0916666666667
10,2488,-84,-56.7543859649123
10,2489,37,13.9090909090909
10,2490,-31,25.5571428571429
10,2491,-6,-30.0916666666667
10,2492,-11,4.31192660550459
10,2493,-30,-13.9272727272727
10,2494,-12,60.9
10,2495,3,-13.9272727272727
10,2496,11,4.31192660550459
10,2497,47,54.8360655737705
10,2498,88,141.72972972973
10,2499,108,151.592307692308
10,2500,101,118.730769230769
10,2501,112,94.6923076923077
10,2502,49,-37
10,2503,31,-36.7142857142857
10,2504,-91,-26.5774647887324
10,2505,-5,-56.7543859649123
10,2506,41,4.31192660550459
10,2507,-96,-26.5774647887324
10,2508,-22,-56.7543859649123
10,2509,12,-13.9272727272727
10,2510,-78,-26.5774647887324
10,2511,-70,-56.7543859649123
10,2512,-90,-56.7543859649123
10,2513,-75,-56.7543859649123
10,2514,-37,-56.7543859649123
10,2515,-31,-30.0916666666667
10,2516,-6,-30.0916666666667
10,2517,-5,4.31192660550459
10,2518,2,4.31192660550459
10,2519,28,4.31192660550459
10,2520,121,92.536231884058
10,2521,296,184.321212121212
10,2522,184,-75.1904761904762
10,2523,-377,-232.464788732394
10,2524,-74,-110.663366336634
10,2525,14,13.9090909090909
10,2526,40,25.5571428571429
10,2527,2,-26.5774647887324
10,2528,-1,4.31192660550459
10,2529,18,34.8
10,2530,137,110.27
10,2531,388,219.781818181818
10,2532,-71,-75.1904761904762
10,2533,-184,-153.286624203822
10,2534,-322,-119.15873015873
10,2535,-133,13.9090909090909
10,2536,-16,13.9090909090909
10,2537,-5,-13.9272727272727
10,2538,-14,4.31192660550459
10,2539,-32,74.4
10,2540,1,60.9
10,2541,0,4.31192660550459
10,2542,1,4.31192660550459
10,2543,35,4.31192660550459
10,2544,103,54.8360655737705
10,2545,339,151.592307692308
10,2546,188,184.321212121212
10,2547,-366,-232.464788732394
10,2548,-128,-110.663366336634
10,2549,31,13.9090909090909
10,2550,45,25.5571428571429
10,2551,36,-15.98
10,2552,-37,-26.5774647887324
10,2553,23,-30.0916666666667
10,2554,123,110.27
10,2555,441,219.781818181818
10,2556,-43,-75.1904761904762
10,2557,-240,-153.286624203822
10,2558,-125,-119.15873015873
10,2559,-127,13.9090909090909
10,2560,-87,-56.7543859649123
10,2561,-57,-56.7543859649123
10,2562,-99,-30.0916666666667
10,2563,-35,-56.7543859649123
10,2564,-12,60.9
10,2565,-6,-13.9272727272727
10,2566,0,4.31192660550459
10,2567,25,4.31192660550459
10,2568,145,92.536231884058
10,2569,329,184.321212121212
10,2570,186,-75.1904761904762
10,2571,-382,-232.464788732394
10,2572,-91,-110.663366336634
10,2573,-2,13.9090909090909
10,2574,74,4.31192660550459
10,2575,1,-15.98
10,2576,-39,4.31192660550459
10,2577,36,-30.0916666666667
10,2578,197,110.27
10,2579,340,219.781818181818
10,2580,-42,-75.1904761904762
10,2581,-194,-153.286624203822
10,2582,-112,-119.15873015873
10,2583,-120,13.9090909090909
10,2584,-95,-56.7543859649123
10,2585,-124,-56.7543859649123
10,2586,-54,-56.7543859649123
10,2587,-52,-30.0916666666667
10,2588,-18,60.9
10,2589,-12,-13.9272727272727
10,2590,2,-13.9272727272727
10,2591,39,4.31192660550459
10,2592,96,92.536231884058
10,2593,261,201.392857142857
10,2594,292,184.321212121212
10,2595,-396,-232.464788732394
10,2596,-94,-153.286624203822
10,2597,31,-36.9285714285714
10,2598,75,25.5571428571429
10,2599,6,-15.98
10,2600,-62,4.31192660550459
10,2601,4,-30.0916666666667
10,2602,-36,110.27
10,2603,5,-30.0916666666667
10,2604,-117,4.31192660550459
10,2605,-65,-56.7543859649123
10,2606,-6,-56.7543859649123
10,2607,46,4.31192660550459
10,2608,-62,141.72972972973
10,2609,50,-30.0916666666667
10,2610,13,21.6451612903226
10,2611,-10,13.375
10,2612,-35,-13.9272727272727
10,2613,-15,-30.0916666666667
10,2614,-13,-13.9272727272727
10,2615,-1,-13.9272727272727
10,2616,24,4.31192660550459
10,2617,50,-26.5774647887324
10,2618,124,129.8125
10,2619,122,184.321212121212
10,2620,161,-175.315789473684
10,2621,43,-232.464788732394
10,2622,132,-110.663366336634
10,2623,11,-37
10,2624,-32,-110.663366336634
10,2625,55,-30.0916666666667
10,2626,-58,-15.98
10,2627,-58,-30.0916666666667
10,2628,-74,-30.0916666666667
10,2629,42,-56.7543859649123
10,2630,-155,49.6923076923077
10,2631,-83,-56.7543859649123
10,2632,-88,-56.7543859649123
10,2633,10,-56.7543859649123
10,2634,-69,13.375
10,2635,-48,-56.7543859649123
10,2636,-32,-30.0916666666667
10,2637,-39,60.9
10,2638,-37,-30.0916666666667
10,2639,-1,-30.0916666666667
10,2640,10,4.31192660550459
10,2641,13,13.375
10,2642,105,92.536231884058
10,2643,160,184.321212121212
10,2644,104,118.730769230769
10,2645,107,-232.464788732394
10,2646,173,-37
10,2647,2,-37
10,2648,-8,-110.663366336634
10,2649,-34,-13.9272727272727
10,2650,18,-30.0916666666667
10,2651,-84,-26.5774647887324
10,2652,-82,-56.7543859649123
10,2653,-43,-56.7543859649123
10,2654,-139,-30.0916666666667
10,2655,-68,-56.7543859649123
10,2656,-20,-56.7543859649123
10,2657,-118,-13.9272727272727
10,2658,-59,-56.7543859649123
10,2659,-35,-30.0916666666667
10,2660,-3,-30.0916666666667
10,2661,-6,4.31192660550459
10,2662,3,4.31192660550459
10,2663,27,4.31192660550459
10,2664,104,54.8360655737705
10,2665,378,184.321212121212
10,2666,148,184.321212121212
10,2667,-383,-232.464788732394
10,2668,-95,-110.663366336634
10,2669,52,13.9090909090909
10,2670,43,-15.98
10,2671,-8,-15.98
10,2672,-4,-13.9272727272727
10,2673,22,4.31192660550459
10,2674,156,110.27
10,2675,386,271.932203389831
10,2676,-12,-75.1904761904762
10,2677,-177,-153.286624203822
10,2678,-184,-119.15873015873
10,2679,-196,13.9090909090909
10,2680,-97,13.9090909090909
10,2681,-82,13.9090909090909
10,2682,-52,-56.7543859649123
10,2683,-14,-30.0916666666667
10,2684,-12,-9.70588235294118
10,2685,-3,-13.9272727272727
10,2686,0,4.31192660550459
10,2687,31,4.31192660550459
10,2688,148,92.536231884058
10,2689,385,184.321212121212
10,2690,141,-75.1904761904762
10,2691,-375,-232.464788732394
10,2692,-159,-110.663366336634
10,2693,51,13.9090909090909
10,2694,20,-15.98
10,2695,20,-26.5774647887324
10,2696,9,-26.5774647887324
10,2697,-4,34.8
10,2698,201,110.27
10,2699,377,271.932203389831
10,2700,-60,-75.1904761904762
10,2701,-277,-153.286624203822
10,2702,-98,-119.15873015873
10,2703,-132,13.9090909090909
10,2704,-90,-56.7543859649123
10,2705,-80,-56.7543859649123
10,2706,-64,-56.7543859649123
10,2707,-22,-30.0916666666667
10,2708,-16,-9.70588235294118
10,2709,-3,-13.9272727272727
10,2710,2,4.31192660550459
10,2711,28,4.31192660550459
10,2712,134,92.536231884058
10,2713,375,184.321212121212
10,2714,121,-75.1904761904762
10,2715,-365,-232.464788732394
10,2716,-100,-36.7142857142857
10,2717,23,13.9090909090909
10,2718,89,25.5571428571429
10,2719,-12,-15.98
10,2720,-1,-13.9272727272727
10,2721,-2,34.8
10,2722,152,110.27
10,2723,272,271.932203389831
10,2724,58,-75.1904761904762
10,2725,-244,-153.286624203822
10,2726,-130,-119.15873015873
10,2727,-110,13.9090909090909
10,2728,-50,-56.7543859649123
10,2729,-125,-30.0916666666667
10,2730,-64,-56.7543859649123
10,2731,-37,-30.0916666666667
10,2732,-10,60.9
10,2733,-7,-13.9272727272727
10,2734,1,4.31192660550459
10,2735,28,4.31192660550459
10,2736,136,92.536231884058
10,2737,356,201.392857142857
10,2738,155,-75.1904761904762
10,2739,-344,-232.464788732394
10,2740,-127,-110.663366336634
10,2741,27,13.9090909090909
10,2742,99,25.5571428571429
10,2743,-21,-15.98
10,2744,-50,-13.9272727272727
10,2745,68,-30.0916666666667
10,2746,133,62.25
10,2747,403,271.932203389831
10,2748,-56,-232.464788732394
10,2749,-211,-153.286624203822
10,2750,-124,-119.15873015873
10,2751,-165,13.9090909090909
10,2752,-85,-56.7543859649123
10,2753,-51,-56.7543859649123
10,2754,-100,-30.0916666666667
10,2755,-48,-56.7543859649123
10,2756,-10,60.9
10,2757,-11,-13.9272727272727
10,2758,2,-13.9272727272727
10,2759,19,4.31192660550459
10,2760,110,92.536231884058
10,2761,289,184.321212121212
10,2762,272,184.321212121212
10,2763,-318,-232.464788732394
10,2764,-133,-153.286624203822
10,2765,15,-36.9285714285714
10,2766,105,25.5571428571429
10,2767,47,-15.98
10,2768,-43,-15.98
10,2769,24,-30.0916666666667
10,2770,126,110.27
10,2771,270,219.781818181818
10,2772,-70,-75.1904761904762
10,2773,-168,-153.286624203822
10,2774,-147,-119.15873015873
10,2775,-69,-56.7543859649123
10,2776,-48,-56.7543859649123
10,2777,-76,-30.0916666666667
10,2778,-9,-56.7543859649123
10,2779,-83,-9.70588235294118
10,2780,-34,60.9
10,2781,-49,-30.0916666666667
10,2782,-32,-30.0916666666667
10,2783,11,-30.0916666666667
10,2784,61,13.375
10,2785,7,129.8125
10,2786,157,4.31192660550459
10,2787,96,118.730769230769
10,2788,126,-75.1904761904762
10,2789,103,94.6923076923077
10,2790,-38,-232.464788732394
10,2791,54,-30.0916666666667
10,2792,8,21.6451612903226
10,2793,-38,4.31192660550459
10,2794,-21,-30.0916666666667
10,2795,-39,34.8
10,2796,-44,-30.0916666666667
10,2797,-91,-30.0916666666667
10,2798,3,-56.7543859649123
10,2799,-47,4.31192660550459
10,2800,-102,-30.0916666666667
10,2801,16,-56.7543859649123
10,2802,-72,13.375
10,2803,-42,-56.7543859649123
10,2804,-43,-30.0916666666667
10,2805,-44,-30.0916666666667
10,2806,-19,-30.0916666666667
10,2807,3,-13.9272727272727
10,2808,17,4.31192660550459
10,2809,32,13.375
10,2810,119,92.536231884058
10,2811,85,184.321212121212
10,2812,147,-36.7142857142857
10,2813,86,94.6923076923077
10,2814,3,-110.663366336634
10,2815,-10,4.31192660550459
10,2816,8,-13.9272727272727
10,2817,-25,4.31192660550459
10,2818,33,-13.9272727272727
10,2819,13,110.27
10,2820,-31,-26.5774647887324
10,2821,-115,-30.0916666666667
10,2822,-12,-56.7543859649123
10,2823,-110,-13.9272727272727
10,2824,-94,-56.7543859649123
10,2825,-49,-56.7543859649123
10,2826,-69,-30.0916666666667
10,2827,-17,-56.7543859649123
10,2828,-7,-13.9272727272727
10,2829,-11,4.31192660550459
10,2830,1,-13.9272727272727
10,2831,30,4.31192660550459
10,2832,107,92.536231884058
10,2833,359,184.321212121212
10,2834,148,151.592307692308
10,2835,-335,-232.464788732394
10,2836,-169,-110.663366336634
10,2837,55,13.9090909090909
10,2838,59,-15.98
10,2839,-13,-15.98
10,2840,11,-13.9272727272727
10,2841,0,-26.5774647887324
10,2842,168,110.27
10,2843,373,271.932203389831
10,2844,31,-75.1904761904762
10,2845,-235,-153.286624203822
10,2846,-202,-119.15873015873
10,2847,-144,13.9090909090909
10,2848,-86,13.9090909090909
10,2849,-84,-56.7543859649123
10,2850,-52,-56.7543859649123
10,2851,-12,-30.0916666666667
10,2852,-10,-9.70588235294118
10,2853,6,-13.9272727272727
10,2854,-8,4.31192660550459
10,2855,25,-13.9272727272727
10,2856,107,92.536231884058
10,2857,167,118.730769230769
10,2858,310,151.592307692308
10,2859,-328,-232.464788732394
10,2860,-160,-153.286624203822
10,2861,-60,-119.15873015873
10,2862,30,-30.0916666666667
10,2863,-36,-26.5774647887324
10,2864,1,-30.0916666666667
10,2865,56,4.31192660550459
10,2866,123,62.25
10,2867,442,219.781818181818
10,2868,-28,-232.464788732394
10,2869,-162,-153.286624203822
10,2870,-105,-119.15873015873
10,2871,-112,-56.7543859649123
10,2872,-67,-56.7543859649123
10,2873,-118,-56.7543859649123
10,2874,-55,-56.7543859649123
10,2875,-6,-30.0916666666667
10,2876,-24,-9.70588235294118
10,2877,4,-13.9272727272727
10,2878,2,4.31192660550459
10,2879,30,4.31192660550459
10,2880,154,92.536231884058
10,2881,311,118.730769230769
10,2882,208,-75.1904761904762
10,2883,-361,-232.464788732394
10,2884,-154,-153.286624203822
10,2885,48,-119.15873015873
10,2886,88,-15.98
10,2887,-79,-15.98
10,2888,65,-56.7543859649123
10,2889,-39,21.6451612903226
10,2890,111,60.9
10,2891,465,219.781818181818
10,2892,-113,-75.1904761904762
10,2893,-73,-153.286624203822
10,2894,-223,-119.15873015873
10,2895,-52,-56.7543859649123
10,2896,-158,13.9090909090909
10,2897,-85,-56.7543859649123
10,2898,-105,-56.7543859649123
10,2899,-27,-56.7543859649123
10,2900,-12,-9.70588235294118
10,2901,-4,-13.9272727272727
10,2902,1,4.31192660550459
10,2903,34,4.31192660550459
10,2904,141,92.536231884058
10,2905,325,184.321212121212
10,2906,213,-75.1904761904762
10,2907,-362,-232.464788732394
10,2908,-178,-153.286624203822
10,2909,49,-36.9285714285714
10,2910,37,-15.98
10,2911,19,-26.5774647887324
10,2912,14,-26.5774647887324
10,2913,26,34.8
10,2914,114,110.27
10,2915,429,219.781818181818
10,2916,-44,-75.1904761904762
10,2917,-244,-153.286624203822
10,2918,-144,-119.15873015873
10,2919,-98,13.9090909090909
10,2920,-95,-56.7543859649123
10,2921,-70,-56.7543859649123
10,2922,-78,-56.7543859649123
10,2923,-43,-56.7543859649123
10,2924,-36,60.9
10,2925,-10,-30.0916666666667
10,2926,9,-13.9272727272727
10,2927,19,4.31192660550459
10,2928,118,92.536231884058
10,2929,279,184.321212121212
10,2930,223,-75.1904761904762
10,2931,-287,-232.464788732394
10,2932,-150,-153.286624203822
10,2933,70,-36.9285714285714
10,2934,117,-15.98
10,2935,-10,-15.98
10,2936,-17,-36.7142857142857
10,2937,1,34.8
10,2938,181,110.27
10,2939,265,219.781818181818
10,2940,-130,-75.1904761904762
10,2941,-226,-153.286624203822
10,2942,-82,-119.15873015873
10,2943,-52,13.9090909090909
10,2944,-12,-30.0916666666667
10,2945,-99,-13.9272727272727
10,2946,-85,-56.7543859649123
10,2947,-42,-56.7543859649123
10,2948,-28,60.9
10,2949,-40,-13.9272727272727
10,2950,-19,-30.0916666666667
10,2951,15,-13.9272727272727
10,2952,24,13.375
10,2953,31,13.375
10,2954,126,92.536231884058
10,2955,163,118.730769230769
10,2956,68,-75.1904761904762
10,2957,131,-110.663366336634
10,2958,37,-37
10,2959,14,-110.663366336634
10,2960,-44,-26.5774647887324
10,2961,10,-30.0916666666667
10,2962,-41,-26.5774647887324
10,2963,51,-30.0916666666667
10,2964,-22,-15.98
10,2965,-110,-13.9272727272727
10,2966,-109,-56.7543859649123
10,2967,-62,-56.7543859649123
10,2968,-10,-30.0916666666667
10,2969,-97,-13.9272727272727
10,2970,-35,-56.7543859649123
10,2971,-60,-30.0916666666667
10,2972,-14,-30.0916666666667
10,2973,-46,-13.9272727272727
10,2974,-10,-30.0916666666667
10,2975,-1,-13.9272727272727
10,2976,6,4.31192660550459
10,2977,25,4.31192660550459
10,2978,71,92.536231884058
10,2979,155,151.592307692308
10,2980,162,118.730769230769
10,2981,110,-232.464788732394
10,2982,69,-232.464788732394
10,2983,-1,21.6451612903226
10,2984,-32,4.31192660550459
10,2985,-119,-30.0916666666667
10,2986,117,-56.7543859649123
10,2987,13,-15.98
10,2988,-80,-36.7142857142857
10,2989,-123,-56.7543859649123
10,2990,-88,-56.7543859649123
10,2991,-56,-56.7543859649123
10,2992,-93,-30.0916666666667
10,2993,-45,-56.7543859649123
10,2994,-68,-30.0916666666667
10,2995,-26,-56.7543859649123
10,2996,-5,-13.9272727272727
10,2997,-5,4.31192660550459
10,2998,5,4.31192660550459
10,2999,14,4.31192660550459
10,3000,14,92.536231884058
10,3001,108,92.536231884058
10,3002,329,118.730769230769
10,3003,-224,141.72972972973
10,3004,-159,-153.286624203822
10,3005,30,-36.9285714285714
10,3006,47,25.5571428571429
10,3007,57,-15.98
10,3008,-6,21.6451612903226
10,3009,18,4.31192660550459
10,3010,95,54.8360655737705
10,3011,391,219.781818181818
10,3012,-81,-15.98
10,3013,-179,-153.286624203822
10,3014,-101,-119.15873015873
10,3015,-89,13.9090909090909
10,3016,-109,-56.7543859649123
10,3017,-90,-56.7543859649123
10,3018,-39,-56.7543859649123
10,3019,-21,-30.0916666666667
10,3020,1,-9.70588235294118
10,3021,-7,4.31192660550459
10,3022,2,4.31192660550459
10,3023,27,4.31192660550459
10,3024,124,92.536231884058
10,3025,319,184.321212121212
10,3026,193,-75.1904761904762
10,3027,-345,-232.464788732394
10,3028,-148,-110.663366336634
10,3029,50,13.9090909090909
10,3030,62,-15.98
10,3031,-20,-15.98
10,3032,-45,-13.9272727272727
10,3033,32,-30.0916666666667
10,3034,75,110.27
10,3035,477,219.781818181818
10,3036,-16,-28.0588235294118
10,3037,-281,-153.286624203822
10,3038,-56,-119.15873015873
10,3039,-182,13.9090909090909
10,3040,15,-56.7543859649123
10,3041,-166,-26.5774647887324
10,3042,-72,-56.7543859649123
10,3043,-26,-56.7543859649123
10,3044,-21,34.8
10,3045,2,-13.9272727272727
10,3046,-1,4.31192660550459
10,3047,32,4.31192660550459
10,3048,126,54.8360655737705
10,3049,299,201.392857142857
10,3050,179,-75.1904761904762
10,3051,-327,-232.464788732394
10,3052,-149,-110.663366336634
10,3053,21,13.9090909090909
10,3054,-8,25.5571428571429
10,3055,31,-13.9272727272727
10,3056,-21,-26.5774647887324
10,3057,-11,34.8
10,3058,156,110.27
10,3059,356,219.781818181818
10,3060,-19,-75.1904761904762
10,3061,-133,-153.286624203822
10,3062,-132,-36.9285714285714
10,3063,-63,-56.7543859649123
10,3064,-87,-30.0916666666667
10,3065,-134,-56.7543859649123
10,3066,-54,-56.7543859649123
10,3067,-51,-30.0916666666667
10,3068,0,-30.0916666666667
10,3069,-7,4.31192660550459
10,3070,1,4.31192660550459
10,3071,28,4.31192660550459
10,3072,110,92.536231884058
10,3073,313,201.392857142857
10,3074,127,184.321212121212
10,3075,-334,-232.464788732394
10,3076,-106,-110.663366336634
10,3077,11,13.9090909090909
10,3078,54,25.5571428571429
10,3079,-43,-15.98
10,3080,4,-30.0916666666667
10,3081,18,4.31192660550459
10,3082,126,110.27
10,3083,295,271.932203389831
10,3084,25,-75.1904761904762
10,3085,-141,-153.286624203822
10,3086,-63,-119.15873015873
10,3087,-125,-30.0916666666667
10,3088,-68,-56.7543859649123
10,3089,-97,-56.7543859649123
10,3090,-53,-56.7543859649123
10,3091,-62,-30.0916666666667
10,3092,-19,-30.0916666666667
10,3093,-5,-13.9272727272727
10,3094,3,4.31192660550459
10,3095,28,4.31192660550459
10,3096,84,92.536231884058
10,3097,237,184.321212121212
10,3098,254,184.321212121212
10,3099,-280,-232.464788732394
10,3100,-148,-153.286624203822
10,3101,51,-36.9285714285714
10,3102,18,-15.98
10,3103,46,-26.5774647887324
10,3104,-37,21.6451612903226
10,3105,21,-30.0916666666667
10,3106,96,110.27
10,3107,266,219.781818181818
10,3108,-141,-15.98
10,3109,-143,-153.286624203822
10,3110,-160,-119.15873015873
10,3111,15,-56.7543859649123
10,3112,-20,25.5571428571429
10,3113,-23,-13.9272727272727
10,3114,-58,-13.9272727272727
10,3115,7,-30.0916666666667
10,3116,-30,-9.70588235294118
10,3117,-51,60.9
10,3118,-23,-30.0916666666667
10,3119,-7,-13.9272727272727
10,3120,35,4.31192660550459
10,3121,31,13.375
10,3122,89,25.5571428571429
10,3123,165,184.321212121212
10,3124,162,62.25
10,3125,22,-232.464788732394
10,3126,86,-110.663366336634
10,3127,-38,21.6451612903226
10,3128,45,-30.0916666666667
10,3129,-126,21.6451612903226
10,3130,30,-56.7543859649123
10,3131,17,-26.5774647887324
10,3132,-49,34.8
10,3133,-56,-30.0916666666667
10,3134,-39,-30.0916666666667
10,3135,-64,-30.0916666666667
10,3136,-43,-30.0916666666667
10,3137,-54,-30.0916666666667
10,3138,-62,-30.0916666666667
10,3139,-36,-30.0916666666667
10,3140,-13,-30.0916666666667
10,3141,-54,-13.9272727272727
10,3142,-47,-30.0916666666667
10,3143,-5,-30.0916666666667
10,3144,17,4.31192660550459
10,3145,46,13.375
10,3146,70,129.8125
10,3147,91,151.592307692308
10,3148,220,118.730769230769
10,3149,54,62.25
10,3150,50,-153.286624203822
10,3151,29,21.6451612903226
10,3152,-34,-26.5774647887324
10,3153,-64,-30.0916666666667
10,3154,-26,-30.0916666666667
10,3155,71,-13.9272727272727
10,3156,2,-15.98
10,3157,-111,74.4
10,3158,-91,-56.7543859649123
10,3159,-79,-56.7543859649123
10,3160,-75,-56.7543859649123
10,3161,-91,-56.7543859649123
10,3162,-19,-56.7543859649123
10,3163,-37,-13.9272727272727
10,3164,-17,-30.0916666666667
10,3165,-9,-13.9272727272727
10,3166,-1,-13.9272727272727
10,3167,39,4.31192660550459
10,3168,115,92.536231884058
10,3169,327,151.592307692308
10,3170,123,-75.1904761904762
10,3171,-340,-232.464788732394
10,3172,-84,-36.7142857142857
10,3173,-3,13.9090909090909
10,3174,89,4.31192660550459
10,3175,-10,-15.98
10,3176,-9,-13.9272727272727
10,3177,-18,-13.9272727272727
10,3178,181,110.27
10,3179,419,271.932203389831
10,3180,-42,-75.1904761904762
10,3181,-209,-153.286624203822
10,3182,-107,-119.15873015873
10,3183,-144,13.9090909090909
10,3184,-144,-56.7543859649123
10,3185,-84,-56.7543859649123
10,3186,-66,-56.7543859649123
10,3187,-7,-56.7543859649123
10,3188,-21,-9.70588235294118
10,3189,0,-13.9272727272727
10,3190,1,4.31192660550459
10,3191,29,4.31192660550459
10,3192,149,92.536231884058
10,3193,364,184.321212121212
10,3194,104,-75.1904761904762
10,3195,-328,-232.464788732394
10,3196,-138,-36.9285714285714
10,3197,45,13.9090909090909
10,3198,73,-15.98
10,3199,-2,-15.98
10,3200,-39,4.31192660550459
10,3201,50,-30.0916666666667
10,3202,99,62.25
10,3203,484,271.932203389831
10,3204,-76,-28.0588235294118
10,3205,-212,-153.286624203822
10,3206,-107,-119.15873015873
10,3207,-177,13.9090909090909
10,3208,-83,-56.7543859649123
10,3209,-114,13.9090909090909
10,3210,-77,-56.7543859649123
10,3211,-31,-56.7543859649123
10,3212,-9,60.9
10,3213,-6,-13.9272727272727
10,3214,3,4.31192660550459
10,3215,25,4.31192660550459
10,3216,164,92.536231884058
10,3217,327,184.321212121212
10,3218,160,-75.1904761904762
10,3219,-405,-232.464788732394
10,3220,-110,-110.663366336634
10,3221,37,13.9090909090909
10,3222,113,25.5571428571429
10,3223,-1,-15.98
10,3224,-51,-36.7142857142857
10,3225,-21,-30.0916666666667
10,3226,143,110.27
10,3227,451,271.932203389831
10,3228,-39,-75.1904761904762
10,3229,-161,-153.286624203822
10,3230,-198,-119.15873015873
10,3231,-78,-56.7543859649123
10,3232,-70,13.9090909090909
10,3233,-138,-56.7543859649123
10,3234,-105,-56.7543859649123
10,3235,-29,-56.7543859649123
10,3236,-12,60.9
10,3237,-6,-13.9272727272727
10,3238,4,4.31192660550459
10,3239,36,4.31192660550459
10,3240,146,92.536231884058
10,3241,315,201.392857142857
10,3242,109,-75.1904761904762
10,3243,-266,-232.464788732394
10,3244,-167,-36.9285714285714
10,3245,27,13.9090909090909
10,3246,65,25.5571428571429
10,3247,-40,-15.98
10,3248,18,-30.0916666666667
10,3249,-35,34.8
10,3250,168,60.9
10,3251,318,271.932203389831
10,3252,-8,-75.1904761904762
10,3253,-126,-153.286624203822
10,3254,-101,-119.15873015873
10,3255,-72,-56.7543859649123
10,3256,-124,-56.7543859649123
10,3257,-103,-56.7543859649123
10,3258,-57,-56.7543859649123
10,3259,-72,-30.0916666666667
10,3260,-24,-56.7543859649123
10,3261,-10,-13.9272727272727
10,3262,2,-13.9272727272727
10,3263,35,4.31192660550459
10,3264,118,92.536231884058
10,3265,217,184.321212121212
10,3266,244,-75.1904761904762
10,3267,-324,-232.464788732394
10,3268,-129,-153.286624203822
10,3269,17,-36.9285714285714
10,3270,38,25.5571428571429
10,3271,13,-26.5774647887324
10,3272,-6,-26.5774647887324
10,3273,-3,34.8
10,3274,121,110.27
10,3275,188,219.781818181818
10,3276,-75,-75.1904761904762
10,3277,-101,-110.663366336634
10,3278,-55,-56.7543859649123
10,3279,-72,-30.0916666666667
10,3280,-73,-56.7543859649123
10,3281,-115,-56.7543859649123
10,3282,21,-56.7543859649123
10,3283,-11,-9.70588235294118
10,3284,3,74.4
10,3285,-38,4.31192660550459
10,3286,-5,-30.0916666666667
10,3287,-8,4.31192660550459
10,3288,32,-13.9272727272727
10,3289,50,25.5571428571429
10,3290,102,129.8125
10,3291,81,-28.0588235294118
10,3292,129,62.25
10,3293,48,-37
10,3294,19,-110.663366336634
10,3295,-43,25.5571428571429
10,3296,-19,-30.0916666666667
10,3297,-5,-13.9272727272727
10,3298,-31,4.31192660550459
10,3299,-11,-30.0916666666667
10,3300,-23,-13.9272727272727
10,3301,35,34.8
10,3302,-82,54.8360655737705
10,3303,-79,-56.7543859649123
10,3304,-41,-56.7543859649123
10,3305,-20,-30.0916666666667
10,3306,-3,-13.9272727272727
10,3307,-56,4.31192660550459
10,3308,-3,-30.0916666666667
10,3309,-57,4.31192660550459
10,3310,-29,-30.0916666666667
10,3311,6,-30.0916666666667
10,3312,17,4.31192660550459
10,3313,23,13.375
10,3314,92,54.8360655737705
10,3315,77,141.72972972973
10,3316,147,118.730769230769
10,3317,11,94.6923076923077
10,3318,56,-110.663366336634
10,3319,-13,21.6451612903226
10,3320,24,-13.9272727272727
10,3321,-99,-26.5774647887324
10,3322,-32,-56.7543859649123
10,3323,100,-30.0916666666667
10,3324,-43,-15.98
10,3325,12,-30.0916666666667
10,3326,-50,54.8360655737705
10,3327,-74,-30.0916666666667
10,3328,-107,-56.7543859649123
10,3329,-41,-56.7543859649123
10,3330,-67,-30.0916666666667
10,3331,-26,-56.7543859649123
10,3332,-2,-13.9272727272727
10,3333,-10,4.31192660550459
10,3334,7,-13.9272727272727
10,3335,28,4.31192660550459
10,3336,96,92.536231884058
10,3337,262,184.321212121212
10,3338,170,118.730769230769
10,3339,-273,-232.464788732394
10,3340,-121,-110.663366336634
10,3341,27,13.9090909090909
10,3342,56,25.5571428571429
10,3343,-21,-15.98
10,3344,-6,-13.9272727272727
10,3345,4,4.31192660550459
10,3346,131,110.27
10,3347,382,219.781818181818
10,3348,-17,-75.1904761904762
10,3349,-149,-153.286624203822
10,3350,-186,-119.15873015873
10,3351,-137,-56.7543859649123
10,3352,-70,13.9090909090909
10,3353,-86,-56.7543859649123
10,3354,-49,-56.7543859649123
10,3355,-39,-30.0916666666667
10,3356,-4,-30.0916666666667
10,3357,-8,4.31192660550459
10,3358,4,-13.9272727272727
10,3359,29,4.31192660550459
10,3360,119,92.536231884058
10,3361,329,184.321212121212
10,3362,163,-75.1904761904762
10,3363,-374,-232.464788732394
10,3364,-63,-110.663366336634
10,3365,8,13.9090909090909
10,3366,55,4.31192660550459
10,3367,11,-15.98
10,3368,27,-26.5774647887324
10,3369,91,34.8
10,3370,126,62.25
10,3371,195,219.781818181818
10,3372,-95,-232.464788732394
10,3373,-130,-110.663366336634
10,3374,-121,-56.7543859649123
10,3375,-180,-56.7543859649123
10,3376,-19,-56.7543859649123
10,3377,-6,-13.9272727272727
10,3378,-12,4.31192660550459
10,3379,-36,74.4
10,3380,-30,-30.0916666666667
10,3381,-61,-30.0916666666667
10,3382,-16,60.9
10,3383,3,-13.9272727272727
10,3384,13,4.31192660550459
10,3385,40,13.375
10,3386,81,54.8360655737705
10,3387,140,184.321212121212
10,3388,154,118.730769230769
10,3389,38,-232.464788732394
10,3390,9,-110.663366336634
10,3391,5,4.31192660550459
10,3392,48,4.31192660550459
10,3393,-93,-15.98
10,3394,-65,-56.7543859649123
10,3395,25,-56.7543859649123
10,3396,16,110.27
10,3397,2,74.4
10,3398,119,4.31192660550459
10,3399,33,49.6923076923077
10,3400,-82,-36.7142857142857
10,3401,-319,-56.7543859649123
10,3402,-95,-56.7543859649123
10,3403,-58,13.9090909090909
10,3404,-12,-30.0916666666667
10,3405,-11,-13.9272727272727
10,3406,0,-13.9272727272727
10,3407,22,74.4
10,3408,104,92.536231884058
10,3409,210,271.932203389831
10,3410,207,184.321212121212
10,3411,-257,-232.464788732394
10,3412,-107,-153.286624203822
10,3413,58,-36.9285714285714
10,3414,32,-15.98
10,3415,34,-26.5774647887324
10,3416,-69,-26.5774647887324
10,3417,13,-56.7543859649123
10,3418,179,110.27
10,3419,256,219.781818181818
10,3420,-82,-75.1904761904762
10,3421,-104,-153.286624203822
10,3422,-182,-119.15873015873
10,3423,2,-56.7543859649123
10,3424,-98,4.31192660550459
10,3425,-94,-56.7543859649123
10,3426,-29,-56.7543859649123
10,3427,-73,-30.0916666666667
10,3428,-12,-56.7543859649123
10,3429,-10,-13.9272727272727
10,3430,-1,-13.9272727272727
10,3431,29,4.31192660550459
10,3432,96,92.536231884058
10,3433,222,184.321212121212
10,3434,232,184.321212121212
10,3435,-281,-232.464788732394
10,3436,-94,-153.286624203822
10,3437,23,-36.9285714285714
10,3438,98,25.5571428571429
10,3439,-38,-15.98
10,3440,-18,-30.0916666666667
10,3441,10,-13.9272727272727
10,3442,84,110.27
10,3443,207,219.781818181818
10,3444,-16,-15.98
10,3445,-142,-153.286624203822
10,3446,-82,-119.15873015873
10,3447,-36,-56.7543859649123
10,3448,-12,-30.0916666666667
10,3449,-124,-13.9272727272727
10,3450,-14,-56.7543859649123
10,3451,-79,-13.9272727272727
10,3452,-13,-56.7543859649123
10,3453,-27,-13.9272727272727
10,3454,-15,-13.9272727272727
10,3455,-2,-13.9272727272727
10,3456,17,4.31192660550459
10,3457,40,13.375
10,3458,81,54.8360655737705
10,3459,104,151.592307692308
10,3460,69,118.730769230769
10,3461,42,62.25
10,3462,-25,21.6451612903226
10,3463,18,-13.9272727272727
10,3464,-52,-26.5774647887324
10,3465,-2,-30.0916666666667
10,3466,-12,4.31192660550459
10,3467,-15,-13.9272727272727
10,3468,-2,-13.9272727272727
10,3469,10,4.31192660550459
10,3470,-11,25.5571428571429
10,3471,-75,-13.9272727272727
10,3472,19,-56.7543859649123
10,3473,-72,54.8360655737705
10,3474,-1,-56.7543859649123
10,3475,-23,4.31192660550459
10,3476,-54,-13.9272727272727
10,3477,-35,-30.0916666666667
10,3478,-22,-30.0916666666667
10,3479,-7,-13.9272727272727
10,3480,15,4.31192660550459
10,3481,31,25.5571428571429
10,3482,78,54.8360655737705
10,3483,112,184.321212121212
10,3484,77,118.730769230769
10,3485,70,-36.7142857142857
10,3486,-13,94.6923076923077
10,3487,-39,-13.9272727272727
10,3488,-25,-30.0916666666667
10,3489,-14,-13.9272727272727
10,3490,-7,-13.9272727272727
10,3491,-21,4.31192660550459
10,3492,-17,-13.9272727272727
10,3493,-3,-13.9272727272727
10,3494,35,4.31192660550459
10,3495,-78,13.375
10,3496,-85,-56.7543859649123
10,3497,1,-56.7543859649123
10,3498,-84,4.31192660550459
10,3499,-21,-56.7543859649123
10,3500,-13,-13.9272727272727
10,3501,0,-13.9272727272727
10,3502,-3,4.31192660550459
10,3503,26,4.31192660550459
10,3504,64,25.5571428571429
10,3505,138,129.8125
10,3506,225,151.592307692308
10,3507,-92,-232.464788732394
10,3508,-188,-153.286624203822
10,3509,41,-36.9285714285714
10,3510,50,25.5571428571429
10,3511,-11,-15.98
10,3512,-13,-13.9272727272727
10,3513,38,-13.9272727272727
10,3514,133,110.27
10,3515,436,184.321212121212
10,3516,23,-75.1904761904762
10,3517,-241,-153.286624203822
10,3518,-184,-119.15873015873
10,3519,-116,13.9090909090909
10,3520,-107,13.9090909090909
10,3521,-93,-56.7543859649123
10,3522,-62,-56.7543859649123
10,3523,-54,-30.0916666666667
10,3524,1,60.9
10,3525,-13,4.31192660550459
10,3526,1,-13.9272727272727
10,3527,38,4.31192660550459
10,3528,145,13.375
10,3529,333,184.321212121212
10,3530,129,-75.1904761904762
10,3531,-318,-232.464788732394
10,3532,-141,-110.663366336634
10,3533,59,13.9090909090909
10,3534,23,-15.98
10,3535,8,-26.5774647887324
10,3536,-38,4.31192660550459
10,3537,23,-30.0916666666667
10,3538,170,110.27
10,3539,437,271.932203389831
10,3540,-53,-75.1904761904762
10,3541,-405,-153.286624203822
10,3542,-330,-119.15873015873
10,3543,6,13.9090909090909
10,3544,49,4.31192660550459
10,3545,-36,-15.98
10,3546,-59,-30.0916666666667
10,3547,-30,-30.0916666666667
10,3548,-9,60.9
10,3549,0,-13.9272727272727
10,3550,2,4.31192660550459
10,3551,34,4.31192660550459
10,3552,144,54.8360655737705
10,3553,312,184.321212121212
10,3554,177,-75.1904761904762
10,3555,-346,-232.464788732394
10,3556,-133,-110.663366336634
10,3557,34,13.9090909090909
10,3558,63,25.5571428571429
10,3559,-19,-15.98
10,3560,-32,-13.9272727272727
10,3561,35,-30.0916666666667
10,3562,135,110.27
10,3563,419,219.781818181818
10,3564,-16,-75.1904761904762
10,3565,-181,-153.286624203822
10,3566,-150,-119.15873015873
10,3567,-92,13.9090909090909
10,3568,-147,-56.7543859649123
10,3569,-92,-56.7543859649123
10,3570,-96,-56.7543859649123
10,3571,-35,-56.7543859649123
10,3572,-12,60.9
10,3573,1,-13.9272727272727
10,3574,-5,4.31192660550459
10,3575,39,4.31192660550459
10,3576,134,92.536231884058
10,3577,334,184.321212121212
10,3578,190,-75.1904761904762
10,3579,-375,-232.464788732394
10,3580,-113,-110.663366336634
10,3581,1,13.9090909090909
10,3582,77,4.31192660550459
10,3583,-15,-15.98
10,3584,-68,-13.9272727272727
10,3585,62,-56.7543859649123
10,3586,168,62.25
10,3587,356,219.781818181818
10,3588,30,-232.464788732394
10,3589,-196,-153.286624203822
10,3590,-115,-119.15873015873
10,3591,-141,13.9090909090909
10,3592,-55,-56.7543859649123
10,3593,-107,-30.0916666666667
10,3594,-116,-56.7543859649123
10,3595,-36,-56.7543859649123
10,3596,-42,60.9
10,3597,-8,-30.0916666666667
10,3598,2,-13.9272727272727
10,3599,23,4.31192660550459
10,3600,93,92.536231884058
10,3601,253,184.321212121212
10,3602,333,184.321212121212
10,3603,-299,-232.464788732394
10,3604,-146,-153.286624203822
10,3605,20,-36.9285714285714
10,3606,91,25.5571428571429
10,3607,-5,-15.98
10,3608,-5,4.31192660550459
10,3609,-16,4.31192660550459
10,3610,139,110.27
10,3611,343,219.781818181818
10,3612,-204,-75.1904761904762
10,3613,-143,-153.286624203822
10,3614,-99,-119.15873015873
10,3615,-90,-56.7543859649123
10,3616,-36,-56.7543859649123
10,3617,-51,-30.0916666666667
10,3618,-21,-30.0916666666667
10,3619,-73,-9.70588235294118
10,3620,-17,-56.7543859649123
10,3621,-61,-13.9272727272727
10,3622,-31,-30.0916666666667
10,3623,-4,-30.0916666666667
10,3624,30,4.31192660550459
10,3625,13,13.375
10,3626,103,54.8360655737705
10,3627,131,151.592307692308
10,3628,119,62.25
10,3629,38,-232.464788732394
10,3630,60,-36.7142857142857
10,3631,92,21.6451612903226
10,3632,41,21.6451612903226
10,3633,-72,-26.5774647887324
10,3634,6,-56.7543859649123
10,3635,-108,4.31192660550459
10,3636,-107,-56.7543859649123
10,3637,80,-56.7543859649123
10,3638,-75,-15.98
10,3639,-87,-56.7543859649123
10,3640,-44,-56.7543859649123
10,3641,-14,-30.0916666666667
10,3642,-24,-13.9272727272727
10,3643,-19,-13.9272727272727
10,3644,-53,-13.9272727272727
10,3645,-58,-30.0916666666667
10,3646,-38,-30.0916666666667
10,3647,-10,-30.0916666666667
10,3648,6,-13.9272727272727
10,3649,32,4.31192660550459
10,3650,86,92.536231884058
10,3651,88,184.321212121212
10,3652,161,118.730769230769
10,3653,69,62.25
10,3654,38,-110.663366336634
10,3655,-9,25.5571428571429
10,3656,-4,-13.9272727272727
10,3657,13,4.31192660550459
10,3658,6,-26.5774647887324
10,3659,-59,4.31192660550459
10,3660,-124,-30.0916666666667
10,3661,0,-56.7543859649123
10,3662,-18,4.31192660550459
10,3663,-71,-13.9272727272727
10,3664,-93,-56.7543859649123
10,3665,-39,-56.7543859649123
10,3666,-48,-30.0916666666667
10,3667,-32,-30.0916666666667
10,3668,4,-30.0916666666667
10,3669,-9,4.31192660550459
10,3670,6,-13.9272727272727
10,3671,38,4.31192660550459
10,3672,90,92.536231884058
10,3673,343,184.321212121212
10,3674,184,15.65
10,3675,-319,-232.464788732394
10,3676,-162,-110.663366336634
10,3677,-4,13.9090909090909
10,3678,55,4.31192660550459
10,3679,2,-15.98
10,3680,-27,4.31192660550459
10,3681,25,-13.9272727272727
10,3682,149,110.27
10,3683,369,219.781818181818
10,3684,39,-75.1904761904762
10,3685,-199,-153.286624203822
10,3686,-141,-119.15873015873
10,3687,-126,13.9090909090909
10,3688,-44,-56.7543859649123
10,3689,-118,-30.0916666666667
10,3690,-113,-56.7543859649123
10,3691,-28,-56.7543859649123
10,3692,-18,-9.70588235294118
10,3693,-4,-13.9272727272727
10,3694,4,4.31192660550459
10,3695,31,4.31192660550459
10,3696,175,92.536231884058
10,3697,313,184.321212121212
10,3698,135,-75.1904761904762
10,3699,-341,-232.464788732394
10,3700,-161,-110.663366336634
10,3701,47,13.9090909090909
10,3702,48,-15.98
10,3703,-33,-15.98
10,3704,-7,-30.0916666666667
10,3705,30,34.8
10,3706,137,110.27
10,3707,389,271.932203389831
10,3708,2,-75.1904761904762
10,3709,-225,-153.286624203822
10,3710,-120,-119.15873015873
10,3711,-94,13.9090909090909
10,3712,-89,-56.7543859649123
10,3713,-83,-56.7543859649123
10,3714,-108,-56.7543859649123
10,3715,-37,-56.7543859649123
10,3716,-8,60.9
10,3717,-4,-13.9272727272727
10,3718,2,4.31192660550459
10,3719,40,4.31192660550459
10,3720,116,92.536231884058
10,3721,333,184.321212121212
10,3722,184,-75.1904761904762
10,3723,-382,-232.464788732394
10,3724,-159,-110.663366336634
10,3725,45,13.9090909090909
10,3726,19,-15.98
10,3727,1,-26.5774647887324
10,3728,-33,4.31192660550459
10,3729,24,-30.0916666666667
10,3730,30,110.27
10,3731,146,169.083333333333
10,3732,273,-28.0588235294118
10,3733,-127,-75.1904761904762
10,3734,-150,-153.286624203822
10,3735,-47,-119.15873015873
10,3736,-31,-30.0916666666667
10,3737,-157,-30.0916666666667
10,3738,-65,-56.7543859649123
10,3739,-41,-56.7543859649123
10,3740,-18,-30.0916666666667
10,3741,-2,-9.70588235294118
10,3742,3,4.31192660550459
10,3743,32,4.31192660550459
10,3744,112,92.536231884058
10,3745,321,201.392857142857
10,3746,184,-75.1904761904762
10,3747,-339,-232.464788732394
10,3748,-120,-110.663366336634
10,3749,18,13.9090909090909
10,3750,58,25.5571428571429
10,3751,-20,-15.98
10,3752,-57,-13.9272727272727
10,3753,95,-30.0916666666667
10,3754,66,62.25
10,3755,413,219.781818181818
10,3756,6,-28.0588235294118
10,3757,-244,-153.286624203822
10,3758,-28,-119.15873015873
10,3759,-173,-13.9272727272727
10,3760,-264,-56.7543859649123
10,3761,-3,13.9090909090909
10,3762,-31,4.31192660550459
10,3763,-23,-30.0916666666667
10,3764,8,-9.70588235294118
10,3765,17,4.31192660550459
10,3766,-27,13.375
10,3767,33,-13.9272727272727
10,3768,84,92.536231884058
10,3769,234,118.730769230769
10,3770,331,184.321212121212
10,3771,-318,-232.464788732394
10,3772,-140,-153.286624203822
10,3773,-21,-119.15873015873
10,3774,62,-13.9272727272727
10,3775,-118,-15.98
10,3776,73,-56.7543859649123
10,3777,-13,21.6451612903226
10,3778,220,34.8
10,3779,279,219.781818181818
10,3780,-93,-75.1904761904762
10,3781,-220,-153.286624203822
10,3782,-151,-119.15873015873
10,3783,-129,13.9090909090909
10,3784,13,-56.7543859649123
10,3785,31,25.5571428571429
10,3786,-63,-26.5774647887324
10,3787,-31,-30.0916666666667
10,3788,-12,60.9
10,3789,-35,-13.9272727272727
10,3790,-9,-30.0916666666667
10,3791,1,-13.9272727272727
10,3792,-2,4.31192660550459
10,3793,22,4.31192660550459
10,3794,75,92.536231884058
10,3795,95,151.592307692308
10,3796,61,184.321212121212
10,3797,37,15.65
10,3798,152,25.5571428571429
10,3799,-103,-37
10,3800,-11,-110.663366336634
10,3801,37,-13.9272727272727
10,3802,-54,-26.5774647887324
10,3803,-85,-30.0916666666667
10,3804,-64,-56.7543859649123
10,3805,61,-30.0916666666667
10,3806,-24,129.8125
10,3807,-51,74.4
10,3808,17,-30.0916666666667
10,3809,-31,13.375
10,3810,-36,-30.0916666666667
10,3811,17,-30.0916666666667
10,3812,-8,25.5571428571429
10,3813,-79,-13.9272727272727
10,3814,-27,-56.7543859649123
10,3815,-10,-13.9272727272727
10,3816,13,-13.9272727272727
10,3817,19,13.375
10,3818,115,25.5571428571429
10,3819,105,151.592307692308
10,3820,121,-75.1904761904762
10,3821,126,62.25
10,3822,-1,-232.464788732394
10,3823,122,-36.7142857142857
10,3824,-10,-37
10,3825,8,-36.7142857142857
10,3826,4,4.31192660550459
10,3827,-72,4.31192660550459
10,3828,-41,-56.7543859649123
10,3829,7,-30.0916666666667
10,3830,-144,110.27
10,3831,-33,-56.7543859649123
10,3832,-154,-30.0916666666667
10,3833,-68,-56.7543859649123
10,3834,-76,-56.7543859649123
10,3835,-20,-56.7543859649123
10,3836,-10,-13.9272727272727
10,3837,-15,-13.9272727272727
10,3838,6,-13.9272727272727
10,3839,43,4.31192660550459
10,3840,106,201.392857142857
10,3841,264,184.321212121212
10,3842,317,118.730769230769
10,3843,-393,-232.464788732394
10,3844,-145,-153.286624203822
10,3845,-2,-36.9285714285714
10,3846,116,4.31192660550459
10,3847,-74,-15.98
10,3848,31,-36.7142857142857
10,3849,10,-26.5774647887324
10,3850,176,110.27
10,3851,390,219.781818181818
10,3852,-106,-75.1904761904762
10,3853,-159,-153.286624203822
10,3854,-179,-119.15873015873
10,3855,-107,-56.7543859649123
10,3856,-87,13.9090909090909
10,3857,-95,-56.7543859649123
10,3858,-50,-56.7543859649123
10,3859,-47,-30.0916666666667
10,3860,-1,60.9
10,3861,-10,4.31192660550459
10,3862,0,-13.9272727272727
10,3863,44,4.31192660550459
10,3864,140,129.8125
10,3865,326,184.321212121212
10,3866,227,-175.315789473684
10,3867,-404,-232.464788732394
10,3868,-121,-153.286624203822
10,3869,-17,-36.9285714285714
10,3870,28,-13.9272727272727
10,3871,44,-26.5774647887324
10,3872,-29,-15.98
10,3873,41,-30.0916666666667
10,3874,170,34.8
10,3875,414,219.781818181818
10,3876,8,-175.315789473684
10,3877,-245,-153.286624203822
10,3878,-109,-119.15873015873
10,3879,-145,13.9090909090909
10,3880,-109,-56.7543859649123
10,3881,-77,-56.7543859649123
10,3882,-126,-56.7543859649123
10,3883,-38,-56.7543859649123
10,3884,-16,60.9
10,3885,0,-13.9272727272727
10,3886,-8,4.31192660550459
10,3887,55,-13.9272727272727
10,3888,131,129.8125
10,3889,317,184.321212121212
10,3890,281,-232.464788732394
10,3891,-446,-232.464788732394
10,3892,-111,-153.286624203822
10,3893,50,-36.9285714285714
10,3894,29,-15.98
10,3895,2,-26.5774647887324
10,3896,-65,4.31192660550459
10,3897,70,-56.7543859649123
10,3898,167,62.25
10,3899,429,219.781818181818
10,3900,-22,-232.464788732394
10,3901,-193,-153.286624203822
10,3902,-131,-119.15873015873
10,3903,-170,13.9090909090909
10,3904,-119,-56.7543859649123
10,3905,-39,-56.7543859649123
10,3906,-147,-30.0916666666667
10,3907,-63,-56.7543859649123
10,3908,-8,60.9
10,3909,-13,-13.9272727272727
10,3910,-4,-13.9272727272727
10,3911,38,4.31192660550459
10,3912,139,13.375
10,3913,314,184.321212121212
10,3914,234,-75.1904761904762
10,3915,-385,-232.464788732394
10,3916,-122,-153.286624203822
10,3917,-10,-36.9285714285714
10,3918,67,-13.9272727272727
10,3919,-37,-15.98
10,3920,-29,-30.0916666666667
10,3921,25,-30.0916666666667
10,3922,136,110.27
10,3923,364,219.781818181818
10,3924,-50,-75.1904761904762
10,3925,-74,-153.286624203822
10,3926,-168,-119.15873015873
10,3927,-175,-56.7543859649123
10,3928,-37,-56.7543859649123
10,3929,-89,13.9090909090909
10,3930,-48,-56.7543859649123
10,3931,-43,-30.0916666666667
10,3932,-28,-30.0916666666667
10,3933,-14,-13.9272727272727
10,3934,-4,-13.9272727272727
10,3935,29,4.31192660550459
10,3936,102,13.375
10,3937,271,184.321212121212
10,3938,266,184.321212121212
10,3939,-313,-232.464788732394
10,3940,-132,-153.286624203822
10,3941,20,-36.9285714285714
10,3942,48,25.5571428571429
10,3943,15,-15.98
10,3944,12,-26.5774647887324
10,3945,-3,-26.5774647887324
10,3946,176,110.27
10,3947,200,219.781818181818
10,3948,-77,-75.1904761904762
10,3949,-106,-153.286624203822
10,3950,-162,-56.7543859649123
10,3951,-94,-56.7543859649123
10,3952,-61,-56.7543859649123
10,3953,-10,-30.0916666666667
10,3954,2,-13.9272727272727
10,3955,-111,74.4
10,3956,10,-56.7543859649123
10,3957,-47,92.536231884058
10,3958,-32,-30.0916666666667
10,3959,3,-30.0916666666667
10,3960,36,4.31192660550459
10,3961,26,25.5571428571429
10,3962,87,54.8360655737705
10,3963,174,21.6451612903226
10,3964,58,62.25
10,3965,62,-110.663366336634
10,3966,30,21.6451612903226
10,3967,11,25.5571428571429
10,3968,-4,-26.5774647887324
10,3969,3,4.31192660550459
10,3970,-10,4.31192660550459
10,3971,-8,-13.9272727272727
10,3972,2,110.27
10,3973,-143,4.31192660550459
10,3974,-105,-56.7543859649123
10,3975,67,-56.7543859649123
10,3976,-24,141.72972972973
10,3977,-68,-13.9272727272727
10,3978,-20,-56.7543859649123
10,3979,-30,-13.9272727272727
10,3980,-46,-30.0916666666667
10,3981,-57,-30.0916666666667
10,3982,-42,-30.0916666666667
10,3983,4,-30.0916666666667
10,3984,1,4.31192660550459
10,3985,22,4.31192660550459
10,3986,87,54.8360655737705
10,3987,99,118.730769230769
10,3988,155,184.321212121212
10,3989,128,15.65
10,3990,2,-232.464788732394
10,3991,-28,-110.663366336634
10,3992,39,-13.9272727272727
10,3993,-21,-26.5774647887324
10,3994,20,-13.9272727272727
10,3995,10,-26.5774647887324
10,3996,-112,-26.5774647887324
10,3997,24,-56.7543859649123
10,3998,-140,34.8
10,3999,-32,-56.7543859649123
10,4000,-123,-30.0916666666667
10,4001,-48,-56.7543859649123
10,4002,-42,-30.0916666666667
10,4003,-39,-30.0916666666667
10,4004,-11,-30.0916666666667
10,4005,-5,-13.9272727272727
10,4006,2,4.31192660550459
10,4007,42,4.31192660550459
10,4008,114,129.8125
10,4009,308,184.321212121212
10,4010,282,-175.315789473684
10,4011,-458,-232.464788732394
10,4012,-104,-153.286624203822
10,4013,26,-36.9285714285714
10,4014,63,25.5571428571429
10,4015,-52,-15.98
10,4016,28,-30.0916666666667
10,4017,-18,-26.5774647887324
10,4018,189,110.27
10,4019,402,219.781818181818
10,4020,-15,-75.1904761904762
10,4021,-147,-153.286624203822
10,4022,-203,-119.15873015873
10,4023,-140,-56.7543859649123
10,4024,-92,13.9090909090909
10,4025,-80,-56.7543859649123
10,4026,-112,-56.7543859649123
10,4027,-17,-56.7543859649123
10,4028,-13,-9.70588235294118
10,4029,-2,-13.9272727272727
10,4030,0,4.31192660550459
10,4031,39,4.31192660550459
10,4032,149,92.536231884058
10,4033,319,184.321212121212
10,4034,247,-75.1904761904762
10,4035,-427,-232.464788732394
10,4036,-106,-153.286624203822
10,4037,-3,-36.9285714285714
10,4038,24,4.31192660550459
10,4039,40,-26.5774647887324
10,4040,-28,-26.5774647887324
10,4041,-116,34.8
10,4042,258,60.9
10,4043,418,219.781818181818
10,4044,37,-75.1904761904762
10,4045,-243,-153.286624203822
10,4046,-162,-119.15873015873
10,4047,-100,13.9090909090909
10,4048,-95,-56.7543859649123
10,4049,-110,-56.7543859649123
10,4050,-100,-56.7543859649123
10,4051,-14,-56.7543859649123
10,4052,-20,-9.70588235294118
10,4053,-6,-13.9272727272727
10,4054,-3,4.31192660550459
10,4055,45,4.31192660550459
10,4056,136,129.8125
10,4057,302,184.321212121212
10,4058,194,-175.315789473684
10,4059,-331,-232.464788732394
10,4060,-114,-110.663366336634
10,4061,-2,13.9090909090909
10,4062,50,4.31192660550459
10,4063,-4,-15.98
10,4064,-17,4.31192660550459
10,4065,32,34.8
10,4066,184,110.27
10,4067,358,219.781818181818
10,4068,54,-75.1904761904762
10,4069,-239,-153.286624203822
10,4070,-139,-119.15873015873
10,4071,-193,13.9090909090909
10,4072,-32,-56.7543859649123
10,4073,-136,13.9090909090909
10,4074,-89,-56.7543859649123
10,4075,-21,-56.7543859649123
10,4076,-31,-9.70588235294118
10,4077,-5,-30.0916666666667
10,4078,3,4.31192660550459
10,4079,32,4.31192660550459
10,4080,142,92.536231884058
10,4081,290,201.392857142857
10,4082,266,-75.1904761904762
10,4083,-396,-232.464788732394
10,4084,-162,-153.286624203822
10,4085,45,-36.9285714285714
10,4086,60,-15.98
10,4087,24,-15.98
10,4088,-85,-26.5774647887324
10,4089,45,-56.7543859649123
10,4090,136,62.25
10,4091,459,219.781818181818
10,4092,-98,-175.315789473684
10,4093,-160,-153.286624203822
10,4094,-180,-119.15873015873
10,4095,-85,-56.7543859649123
10,4096,-80,13.9090909090909
10,4097,-85,-56.7543859649123
10,4098,-106,-56.7543859649123
10,4099,-28,-56.7543859649123
10,4100,-29,-9.70588235294118
10,4101,-8,60.9
10,4102,6,-13.9272727272727
10,4103,25,4.31192660550459
10,4104,126,92.536231884058
10,4105,258,184.321212121212
10,4106,247,-75.1904761904762
10,4107,-272,-232.464788732394
10,4108,-147,-153.286624203822
10,4109,14,-36.9285714285714
10,4110,75,25.5571428571429
10,4111,7,-15.98
10,4112,-14,4.31192660550459
10,4113,49,34.8
10,4114,112,62.25
10,4115,249,219.781818181818
10,4116,-70,-175.315789473684
10,4117,-202,-153.286624203822
10,4118,-80,-119.15873015873
10,4119,-111,13.9090909090909
10,4120,-76,-56.7543859649123
10,4121,-6,-56.7543859649123
10,4122,-35,4.31192660550459
10,4123,-39,-30.0916666666667
10,4124,-38,60.9
10,4125,-54,-30.0916666666667
10,4126,-17,-30.0916666666667
10,4127,4,-13.9272727272727
10,4128,32,4.31192660550459
10,4129,18,13.375
10,4130,114,92.536231884058
10,4131,97,118.730769230769
10,4132,118,-75.1904761904762
10,4133,74,94.6923076923077
10,4134,77,-36.7142857142857
10,4135,-20,21.6451612903226
10,4136,-55,-13.9272727272727
10,4137,17,-30.0916666666667
10,4138,-39,-26.5774647887324
10,4139,42,-30.0916666666667
10,4140,-2,-15.98
10,4141,-93,34.8
10,4142,-85,-56.7543859649123
10,4143,-23,-56.7543859649123
10,4144,-20,-13.9272727272727
10,4145,-47,-13.9272727272727
10,4146,-69,-30.0916666666667
10,4147,-66,-56.7543859649123
10,4148,-14,-56.7543859649123
10,4149,-32,-13.9272727272727
10,4150,-27,-30.0916666666667
10,4151,5,-13.9272727272727
10,4152,0,4.31192660550459
10,4153,49,4.31192660550459
10,4154,40,129.8125
10,4155,121,92.536231884058
10,4156,135,184.321212121212
10,4157,73,-75.1904761904762
10,4158,54,-110.663366336634
10,4159,32,21.6451612903226
10,4160,3,25.5571428571429
10,4161,-76,4.31192660550459
10,4162,-29,-56.7543859649123
10,4163,-39,-30.0916666666667
10,4164,-153,-30.0916666666667
10,4165,-44,-56.7543859649123
10,4166,8,-30.0916666666667
10,4167,15,4.31192660550459
10,4168,-51,13.375
10,4169,-70,-30.0916666666667
10,4170,-54,-56.7543859649123
10,4171,-22,-30.0916666666667
10,4172,-6,-13.9272727272727
10,4173,0,4.31192660550459
10,4174,6,4.31192660550459
10,4175,14,4.31192660550459
10,4176,116,92.536231884058
10,4177,266,184.321212121212
10,4178,198,-75.1904761904762
10,4179,-329,-232.464788732394
10,4180,-63,-110.663366336634
10,4181,47,13.9090909090909
10,4182,25,-15.98
10,4183,4,-26.5774647887324
10,4184,-2,4.31192660550459
10,4185,-13,4.31192660550459
10,4186,177,110.27
10,4187,407,219.781818181818
10,4188,-15,-75.1904761904762
10,4189,-203,-153.286624203822
10,4190,-183,-119.15873015873
10,4191,-140,13.9090909090909
10,4192,-110,13.9090909090909
10,4193,-94,-56.7543859649123
10,4194,-66,-56.7543859649123
10,4195,-29,-56.7543859649123
10,4196,-5,60.9
10,4197,-7,4.31192660550459
10,4198,3,4.31192660550459
10,4199,27,4.31192660550459
10,4200,143,92.536231884058
10,4201,323,184.321212121212
10,4202,203,-75.1904761904762
10,4203,-378,-232.464788732394
10,4204,-77,-153.286624203822
10,4205,-36,13.9090909090909
10,4206,69,-30.0916666666667
10,4207,-30,-15.98
10,4208,8,-30.0916666666667
10,4209,45,-9.70588235294118
10,4210,139,62.25
10,4211,423,219.781818181818
10,4212,-54,-175.315789473684
10,4213,-204,-153.286624203822
10,4214,-162,-119.15873015873
10,4215,-131,13.9090909090909
10,4216,-93,-56.7543859649123
10,4217,-86,-56.7543859649123
10,4218,-80,-56.7543859649123
10,4219,-35,-56.7543859649123
10,4220,-17,60.9
10,4221,1,-13.9272727272727
10,4222,0,4.31192660550459
10,4223,36,4.31192660550459
10,4224,130,92.536231884058
10,4225,309,184.321212121212
10,4226,255,-75.1904761904762
10,4227,-396,-232.464788732394
10,4228,-127,-153.286624203822
10,4229,25,-119.15873015873
10,4230,41,25.5571428571429
10,4231,33,-26.5774647887324
10,4232,-77,-26.5774647887324
10,4233,42,-56.7543859649123
10,4234,163,62.25
10,4235,417,219.781818181818
10,4236,4,-175.315789473684
10,4237,-176,-153.286624203822
10,4238,-186,-119.15873015873
10,4239,-119,13.9090909090909
10,4240,-148,13.9090909090909
10,4241,-97,-56.7543859649123
10,4242,-69,-56.7543859649123
10,4243,-39,-56.7543859649123
10,4244,-14,60.9
10,4245,-8,-13.9272727272727
10,4246,4,-13.9272727272727
10,4247,31,4.31192660550459
10,4248,126,92.536231884058
10,4249,308,184.321212121212
10,4250,223,-75.1904761904762
10,4251,-345,-232.464788732394
10,4252,-148,-153.286624203822
10,4253,55,-36.9285714285714
10,4254,17,-15.98
10,4255,4,-26.5774647887324
10,4256,-34,4.31192660550459
10,4257,20,-30.0916666666667
10,4258,150,110.27
10,4259,393,219.781818181818
10,4260,1,-75.1904761904762
10,4261,-188,-153.286624203822
10,4262,-145,-119.15873015873
10,4263,-142,13.9090909090909
10,4264,-77,-56.7543859649123
10,4265,-103,-56.7543859649123
10,4266,-71,-56.7543859649123
10,4267,-44,-56.7543859649123
10,4268,-21,60.9
10,4269,-11,-13.9272727272727
10,4270,-2,-13.9272727272727
10,4271,26,4.31192660550459
10,4272,11,92.536231884058
10,4273,89,92.536231884058
10,4274,-14,184.321212121212
10,4275,101,-13.9272727272727
10,4276,-27,118.730769230769
10,4277,58,-13.9272727272727
10,4278,64,21.6451612903226
10,4279,-25,-15.98
10,4280,17,-13.9272727272727
10,4281,17,54.8360655737705
10,4282,143,25.5571428571429
10,4283,263,184.321212121212
10,4284,-90,-75.1904761904762
10,4285,-148,-153.286624203822
10,4286,-122,-119.15873015873
10,4287,-84,-56.7543859649123
10,4288,-68,-56.7543859649123
10,4289,-26,-56.7543859649123
10,4290,-12,-13.9272727272727
10,4291,-64,-9.70588235294118
10,4292,-31,-30.0916666666667
10,4293,-64,-30.0916666666667
10,4294,-11,-30.0916666666667
10,4295,1,-13.9272727272727
10,4296,12,4.31192660550459
10,4297,39,92.536231884058
10,4298,100,54.8360655737705
10,4299,109,184.321212121212
10,4300,136,118.730769230769
10,4301,92,94.6923076923077
10,4302,47,-232.464788732394
10,4303,23,21.6451612903226
10,4304,-31,-26.5774647887324
10,4305,24,-30.0916666666667
10,4306,-31,-26.5774647887324
10,4307,-19,-30.0916666666667
10,4308,-212,-13.9272727272727
10,4309,-25,-56.7543859649123
10,4310,-115,-13.9272727272727
10,4311,-32,-56.7543859649123
10,4312,40,-30.0916666666667
10,4313,-5,13.375
10,4314,-43,4.31192660550459
10,4315,-7,60.9
10,4316,-27,4.31192660550459
10,4317,-38,-13.9272727272727
10,4318,-38,-30.0916666666667
10,4319,0,-30.0916666666667
10,4320,6,4.31192660550459
10,4321,23,4.31192660550459
10,4322,80,92.536231884058
10,4323,98,184.321212121212
10,4324,111,118.730769230769
10,4325,121,15.65
10,4326,56,-232.464788732394
10,4327,38,-36.7142857142857
10,4328,36,25.5571428571429
10,4329,-2,-26.5774647887324
10,4330,-64,4.31192660550459
10,4331,-8,-30.0916666666667
10,4332,-14,-13.9272727272727
10,4333,-26,-13.9272727272727
10,4334,-165,74.4
10,4335,-80,-56.7543859649123
10,4336,-39,-56.7543859649123
10,4337,-71,-30.0916666666667
10,4338,-63,-56.7543859649123
10,4339,-33,-30.0916666666667
10,4340,-5,-30.0916666666667
10,4341,-3,4.31192660550459
10,4342,5,4.31192660550459
11,1,20,3.05042016806723
11,2,68,77.6630434782609
11,3,190,136.15625
11,4,233,145.720430107527
11,5,-251,-223.946428571429
11,6,-164,-148.948529411765
11,7,14,-122.12
11,8,60,32.875
11,9,1,-23.448275862069
11,10,-49,-17.3625730994152
11,11,21,-41.8502415458937
11,12,121,119.472527472527
11,13,257,233.527777777778
11,14,-117,-69.5652173913043
11,15,-125,-148.948529411765
11,16,-97,-122.12
11,17,-75,-98.56
11,18,-32,-41.8502415458937
11,19,-20,-23.327485380117
11,20,-35,-23.327485380117
11,21,-17,-23.327485380117
11,22,-1,-23.327485380117
11,23,-1,3.05042016806723
11,24,-2,3.05042016806723
11,25,24,3.05042016806723
11,26,70,77.6630434782609
11,27,226,136.15625
11,28,194,145.720430107527
11,29,-284,-223.946428571429
11,30,-111,-111.702702702703
11,31,18,22.0277777777778
11,32,25,32.875
11,33,7,-17.3625730994152
11,34,-36,-17.3625730994152
11,35,37,-23.327485380117
11,36,60,119.472527472527
11,37,256,233.527777777778
11,38,-19,-50.7647058823529
11,39,-157,-148.948529411765
11,40,-100,-122.12
11,41,-33,-98.56
11,42,-71,-23.327485380117
11,43,-49,-41.8502415458937
11,44,-35,-41.8502415458937
11,45,-18,-23.327485380117
11,46,2,-23.327485380117
11,47,-6,3.05042016806723
11,48,2,3.05042016806723
11,49,17,3.05042016806723
11,50,67,77.6630434782609
11,51,201,136.15625
11,52,210,145.720430107527
11,53,-296,-223.946428571429
11,54,-158,-148.948529411765
11,55,27,22.0277777777778
11,56,-26,32.875
11,57,19,-23.327485380117
11,58,-33,-17.3625730994152
11,59,22,-23.327485380117
11,60,65,119.472527472527
11,61,171,233.527777777778
11,62,64,209.166666666667
11,63,-95,-223.946428571429
11,64,-42,-41.8502415458937
11,65,-71,-23.327485380117
11,66,-34,-41.8502415458937
11,67,-38,-23.327485380117
11,68,-39,-23.327485380117
11,69,-16,-23.327485380117
11,70,-6,-23.327485380117
11,71,-11,3.05042016806723
11,72,0,3.05042016806723
11,73,15,3.05042016806723
11,74,55,77.6630434782609
11,75,155,136.15625
11,76,294,181.859459459459
11,77,-237,-223.946428571429
11,78,-167,-148.948529411765
11,79,26,-122.12
11,80,56,32.875
11,81,7,-23.448275862069
11,82,-35,-17.3625730994152
11,83,51,-23.327485380117
11,84,86,124.363636363636
11,85,158,233.527777777778
11,86,-88,-50.7647058823529
11,87,-95,-111.702702702703
11,88,-111,-41.8502415458937
11,89,-42,-41.8502415458937
11,90,-22,-23.327485380117
11,91,-25,-23.327485380117
11,92,4,-23.327485380117
11,93,-41,3.05042016806723
11,94,0,-23.327485380117
11,95,-27,3.05042016806723
11,96,-11,-23.327485380117
11,97,-6,3.05042016806723
11,98,8,3.05042016806723
11,99,32,3.05042016806723
11,100,61,32.875
11,101,36,103.258064516129
11,102,67,32.875
11,103,81,35.9090909090909
11,104,83,-0.5
11,105,15,-0.5
11,106,43,-17.3625730994152
11,107,72,-0.5
11,108,-95,-23.448275862069
11,109,-40,-41.8502415458937
11,110,-118,-23.327485380117
11,111,-58,-41.8502415458937
11,112,-40,-41.8502415458937
11,113,-34,-23.327485380117
11,114,4,-23.327485380117
11,115,-44,3.05042016806723
11,116,0,-23.327485380117
11,117,-2,3.05042016806723
11,118,-24,3.05042016806723
11,119,-33,-23.327485380117
11,120,-12,-23.327485380117
11,121,-1,3.05042016806723
11,122,3,3.05042016806723
11,123,9,3.05042016806723
11,124,42,3.05042016806723
11,125,37,136.15625
11,126,98,77.6630434782609
11,127,35,126.452380952381
11,128,29,32.875
11,129,6,32.875
11,130,-24,3.05042016806723
11,131,16,-23.327485380117
11,132,-41,-17.3625730994152
11,133,-55,-23.327485380117
11,134,10,-41.8502415458937
11,135,-48,32.875
11,136,-16,-41.8502415458937
11,137,-67,-23.327485380117
11,138,19,-41.8502415458937
11,139,-20,32.875
11,140,6,-23.327485380117
11,141,-26,3.05042016806723
11,142,5,-23.327485380117
11,143,-12,3.05042016806723
11,144,-2,3.05042016806723
11,145,4,3.05042016806723
11,146,34,3.05042016806723
11,147,76,32.875
11,148,-10,181.859459459459
11,149,33,3.05042016806723
11,150,65,32.875
11,151,73,56.25
11,152,31,-0.5
11,153,-49,-17.3625730994152
11,154,26,-41.8502415458937
11,155,-9,32.875
11,156,-27,-17.3625730994152
11,157,-11,-23.327485380117
11,158,-70,-17.3625730994152
11,159,-46,-41.8502415458937
11,160,-28,-23.327485380117
11,161,-36,-23.327485380117
11,162,-36,-23.327485380117
11,163,-14,-23.327485380117
11,164,-5,3.05042016806723
11,165,-4,3.05042016806723
11,166,-1,3.05042016806723
11,167,13,3.05042016806723
11,168,71,77.6630434782609
11,169,193,181.859459459459
11,170,185,145.720430107527
11,171,-247,-223.946428571429
11,172,-132,-111.702702702703
11,173,1,22.0277777777778
11,174,77,3.05042016806723
11,175,-32,-23.448275862069
11,176,-7,-23.327485380117
11,177,36,-17.3625730994152
11,178,94,44.7916666666667
11,179,178,233.527777777778
11,180,-7,-50.7647058823529
11,181,-121,-111.702702702703
11,182,-77,-41.8502415458937
11,183,-73,-41.8502415458937
11,184,-54,-41.8502415458937
11,185,-53,-41.8502415458937
11,186,-23,-41.8502415458937
11,187,-17,-23.327485380117
11,188,-1,-23.327485380117
11,189,-2,3.05042016806723
11,190,-2,3.05042016806723
11,191,28,3.05042016806723
11,192,60,77.6630434782609
11,193,212,136.15625
11,194,274,181.859459459459
11,195,-324,-223.946428571429
11,196,-113,-148.948529411765
11,197,32,-122.12
11,198,36,32.875
11,199,-17,-17.3625730994152
11,200,-13,-23.327485380117
11,201,18,-17.3625730994152
11,202,103,119.472527472527
11,203,231,233.527777777778
11,204,-4,-23.448275862069
11,205,-198,-148.948529411765
11,206,-53,-122.12
11,207,-35,22.0277777777778
11,208,-92,-23.327485380117
11,209,-85,-41.8502415458937
11,210,-20,-41.8502415458937
11,211,-27,-23.327485380117
11,212,-6,94.3928571428571
11,213,-3,3.05042016806723
11,214,-5,3.05042016806723
11,215,31,3.05042016806723
11,216,59,77.6630434782609
11,217,235,136.15625
11,218,234,181.859459459459
11,219,-318,-223.946428571429
11,220,-94,-148.948529411765
11,221,34,-122.12
11,222,42,-17.3625730994152
11,223,-6,-23.448275862069
11,224,-26,-17.3625730994152
11,225,25,-23.327485380117
11,226,126,119.472527472527
11,227,267,233.527777777778
11,228,-88,-69.5652173913043
11,229,-153,-148.948529411765
11,230,-100,-122.12
11,231,-47,-98.56
11,232,-85,-23.327485380117
11,233,-52,-41.8502415458937
11,234,-39,-41.8502415458937
11,235,-28,-23.327485380117
11,236,-13,-23.327485380117
11,237,0,3.05042016806723
11,238,-3,3.05042016806723
11,239,24,3.05042016806723
11,240,56,77.6630434782609
11,241,190,136.15625
11,242,197,181.859459459459
11,243,-225,-223.946428571429
11,244,-103,-111.702702702703
11,245,22,22.0277777777778
11,246,65,32.875
11,247,-45,-23.448275862069
11,248,-152,-23.327485380117
11,249,63,-41.8502415458937
11,250,84,124.363636363636
11,251,78,177.941176470588
11,252,44,-61.2
11,253,-67,-61.2
11,254,-66,-41.8502415458937
11,255,-15,-41.8502415458937
11,256,-46,-23.327485380117
11,257,-20,-23.327485380117
11,258,-25,-23.327485380117
11,259,-15,-23.327485380117
11,260,-8,-23.327485380117
11,261,-31,3.05042016806723
11,262,-5,-23.327485380117
11,263,1,3.05042016806723
11,264,10,3.05042016806723
11,265,10,32.875
11,266,70,77.6630434782609
11,267,29,136.15625
11,268,61,32.875
11,269,27,81.6
11,270,48,32.875
11,271,-32,-0.5
11,272,-10,-23.327485380117
11,273,16,-17.3625730994152
11,274,-37,32.875
11,275,-36,-23.327485380117
11,276,-26,-23.327485380117
11,277,16,-23.327485380117
11,278,-44,32.875
11,279,-20,-23.327485380117
11,280,-3,-23.327485380117
11,281,9,3.05042016806723
11,282,-21,3.05042016806723
11,283,-15,-23.327485380117
11,284,-13,-23.327485380117
11,285,-21,3.05042016806723
11,286,-15,-23.327485380117
11,287,-1,-23.327485380117
11,288,-3,3.05042016806723
11,289,20,3.05042016806723
11,290,37,32.875
11,291,28,32.875
11,292,101,32.875
11,293,39,126.452380952381
11,294,78,32.875
11,295,20,-0.5
11,296,6,32.875
11,297,22,-17.3625730994152
11,298,-14,32.875
11,299,-52,-17.3625730994152
11,300,-71,-41.8502415458937
11,301,-73,-41.8502415458937
11,302,-55,-41.8502415458937
11,303,-5,-41.8502415458937
11,304,-12,3.05042016806723
11,305,-7,3.05042016806723
11,306,-35,3.05042016806723
11,307,-23,-23.327485380117
11,308,-2,-23.327485380117
11,309,-2,3.05042016806723
11,310,-1,3.05042016806723
11,311,15,3.05042016806723
11,312,74,32.875
11,313,190,181.859459459459
11,314,248,145.720430107527
11,315,-298,-223.946428571429
11,316,-126,-148.948529411765
11,317,-1,-122.12
11,318,74,3.05042016806723
11,319,5,-23.448275862069
11,320,-24,-17.3625730994152
11,321,16,-23.327485380117
11,322,112,119.472527472527
11,323,243,233.527777777778
11,324,-2,-69.5652173913043
11,325,-193,-148.948529411765
11,326,-115,-122.12
11,327,-24,22.0277777777778
11,328,-103,-23.327485380117
11,329,-36,-41.8502415458937
11,330,-46,-23.327485380117
11,331,-4,-23.327485380117
11,332,-3,44.7916666666667
11,333,3,3.05042016806723
11,334,-4,3.05042016806723
11,335,19,3.05042016806723
11,336,80,77.6630434782609
11,337,224,181.859459459459
11,338,234,209.166666666667
11,339,-327,-223.946428571429
11,340,-100,-148.948529411765
11,341,31,-122.12
11,342,20,32.875
11,343,7,-17.3625730994152
11,344,-56,-17.3625730994152
11,345,32,-41.8502415458937
11,346,121,119.472527472527
11,347,243,233.527777777778
11,348,-81,-69.5652173913043
11,349,-143,-148.948529411765
11,350,-102,-122.12
11,351,-16,-98.56
11,352,-87,-23.327485380117
11,353,-36,-41.8502415458937
11,354,-33,-23.327485380117
11,355,-26,-23.327485380117
11,356,-2,-23.327485380117
11,357,-2,3.05042016806723
11,358,27,3.05042016806723
11,359,75,32.875
11,360,149,181.859459459459
11,361,-137,145.720430107527
11,362,-78,-111.702702702703
11,363,-28,-41.8502415458937
11,364,0,-23.327485380117
11,365,60,3.05042016806723
11,366,6,-23.448275862069
11,367,-20,-17.3625730994152
11,368,34,-23.327485380117
11,369,77,119.472527472527
11,370,86,126.452380952381
11,371,-61,81.6
11,372,-90,-41.8502415458937
11,373,-5,-41.8502415458937
11,374,-58,3.05042016806723
11,375,16,-41.8502415458937
11,376,-22,-17.3625730994152
11,377,-22,-23.327485380117
11,378,1,-23.327485380117
11,379,-6,3.05042016806723
11,380,-3,3.05042016806723
11,381,2,3.05042016806723
11,382,13,3.05042016806723
11,383,91,32.875
11,384,195,181.859459459459
11,385,290,209.166666666667
11,386,-308,-223.946428571429
11,387,-153,-148.948529411765
11,388,35,-122.12
11,389,52,32.875
11,390,-9,-23.448275862069
11,391,0,-17.3625730994152
11,392,12,-17.3625730994152
11,393,138,119.472527472527
11,394,239,233.527777777778
11,395,-75,-69.5652173913043
11,396,-197,-148.948529411765
11,397,-74,-122.12
11,398,-57,22.0277777777778
11,399,-71,-41.8502415458937
11,400,-41,-41.8502415458937
11,401,-39,-23.327485380117
11,402,-26,-23.327485380117
11,403,-14,94.3928571428571
11,404,-3,3.05042016806723
11,405,-1,3.05042016806723
11,406,22,3.05042016806723
11,407,68,77.6630434782609
11,408,170,136.15625
11,409,287,145.720430107527
11,410,-235,-223.946428571429
11,411,-182,-148.948529411765
11,412,62,-122.12
11,413,40,-23.448275862069
11,414,-12,-17.3625730994152
11,415,-17,-17.3625730994152
11,416,-127,-23.327485380117
11,417,-28,94.3928571428571
11,418,78,94.3928571428571
11,419,32,-23.448275862069
11,420,14,-17.3625730994152
11,421,-74,32.875
11,422,1,-41.8502415458937
11,423,-26,3.05042016806723
11,424,-52,-23.327485380117
11,425,-1,-41.8502415458937
11,426,22,-17.3625730994152
11,427,-6,32.875
11,428,-17,3.05042016806723
11,429,-19,-23.327485380117
11,430,0,-23.327485380117
11,431,5,3.05042016806723
11,432,9,3.05042016806723
11,433,32,3.05042016806723
11,434,46,32.875
11,435,74,45.1428571428571
11,436,46,45.1428571428571
11,437,85,81.6
11,438,40,-0.5
11,439,91,32.875
11,440,-31,-0.5
11,441,68,-23.327485380117
11,442,-82,-0.5
11,443,-82,-41.8502415458937
11,444,-78,-41.8502415458937
11,445,-76,-41.8502415458937
11,446,5,-41.8502415458937
11,447,-20,3.05042016806723
11,448,-28,-23.327485380117
11,449,-34,-23.327485380117
11,450,4,-23.327485380117
11,451,4,3.05042016806723
11,452,-54,3.05042016806723
11,453,-12,-41.8502415458937
11,454,-9,3.05042016806723
11,455,0,3.05042016806723
11,456,18,3.05042016806723
11,457,43,77.6630434782609
11,458,52,103.258064516129
11,459,74,136.15625
11,460,64,126.452380952381
11,461,71,35.9090909090909
11,462,37,-0.5
11,463,-32,32.875
11,464,2,-23.327485380117
11,465,-35,-17.3625730994152
11,466,-36,-23.327485380117
11,467,-79,-23.327485380117
11,468,-52,-41.8502415458937
11,469,-44,-41.8502415458937
11,470,-9,-23.327485380117
11,471,-17,3.05042016806723
11,472,-36,-23.327485380117
11,473,-9,-23.327485380117
11,474,-11,3.05042016806723
11,475,-2,3.05042016806723
11,476,-3,3.05042016806723
11,477,0,3.05042016806723
11,478,17,3.05042016806723
11,479,73,32.875
11,480,169,181.859459459459
11,481,168,145.720430107527
11,482,-231,-223.946428571429
11,483,-111,-111.702702702703
11,484,17,22.0277777777778
11,485,34,32.875
11,486,-17,-17.3625730994152
11,487,8,-23.327485380117
11,488,2,-17.3625730994152
11,489,80,119.472527472527
11,490,177,233.527777777778
11,491,-12,-23.448275862069
11,492,-149,-111.702702702703
11,493,-47,-41.8502415458937
11,494,-59,-23.327485380117
11,495,-42,-41.8502415458937
11,496,-47,-23.327485380117
11,497,-23,-23.327485380117
11,498,-2,-23.327485380117
11,499,-2,44.7916666666667
11,500,-3,3.05042016806723
11,501,2,3.05042016806723
11,502,22,3.05042016806723
11,503,77,77.6630434782609
11,504,173,181.859459459459
11,505,226,209.166666666667
11,506,-268,-223.946428571429
11,507,-104,-148.948529411765
11,508,1,22.0277777777778
11,509,8,3.05042016806723
11,510,26,-17.3625730994152
11,511,-28,-17.3625730994152
11,512,30,-23.327485380117
11,513,84,119.472527472527
11,514,196,233.527777777778
11,515,11,-50.7647058823529
11,516,-170,-111.702702702703
11,517,-100,-98.1923076923077
11,518,-39,-41.8502415458937
11,519,-42,-23.327485380117
11,520,-52,-23.327485380117
11,521,-39,-41.8502415458937
11,522,-10,-23.327485380117
11,523,-1,44.7916666666667
11,524,-1,3.05042016806723
11,525,0,3.05042016806723
11,526,15,3.05042016806723
11,527,90,77.6630434782609
11,528,236,181.859459459459
11,529,222,145.720430107527
11,530,-302,-223.946428571429
11,531,-117,-148.948529411765
11,532,14,22.0277777777778
11,533,54,32.875
11,534,-10,-23.448275862069
11,535,-30,-17.3625730994152
11,536,34,-23.327485380117
11,537,79,119.472527472527
11,538,324,233.527777777778
11,539,-68,-50.7647058823529
11,540,-183,-148.948529411765
11,541,-101,-122.12
11,542,-72,-98.56
11,543,-29,-41.8502415458937
11,544,-97,-23.327485380117
11,545,-16,-41.8502415458937
11,546,-25,-23.327485380117
11,547,-10,94.3928571428571
11,548,-8,3.05042016806723
11,549,-1,3.05042016806723
11,550,27,3.05042016806723
11,551,80,77.6630434782609
11,552,225,181.859459459459
11,553,251,145.720430107527
11,554,-284,-223.946428571429
11,555,-163,-148.948529411765
11,556,66,-122.12
11,557,47,-23.448275862069
11,558,-18,-23.448275862069
11,559,-30,-23.327485380117
11,560,-18,-23.327485380117
11,561,157,94.3928571428571
11,562,255,233.527777777778
11,563,-7,-69.5652173913043
11,564,-174,-148.948529411765
11,565,-114,-122.12
11,566,-69,-98.56
11,567,-80,-41.8502415458937
11,568,-59,-41.8502415458937
11,569,-40,-41.8502415458937
11,570,-28,-23.327485380117
11,571,-15,94.3928571428571
11,572,-4,-23.327485380117
11,573,-6,3.05042016806723
11,574,28,3.05042016806723
11,575,56,77.6630434782609
11,576,183,136.15625
11,577,233,181.859459459459
11,578,-217,-223.946428571429
11,579,-125,-148.948529411765
11,580,28,-122.12
11,581,14,32.875
11,582,23,-17.3625730994152
11,583,-46,-17.3625730994152
11,584,60,-23.327485380117
11,585,105,124.363636363636
11,586,223,177.941176470588
11,587,-96,-50.7647058823529
11,588,-226,-148.948529411765
11,589,-85,-98.1923076923077
11,590,-18,22.0277777777778
11,591,-34,-23.327485380117
11,592,-21,-23.327485380117
11,593,-9,-23.327485380117
11,594,-26,3.05042016806723
11,595,-9,94.3928571428571
11,596,-26,3.05042016806723
11,597,-12,-23.327485380117
11,598,6,3.05042016806723
11,599,2,3.05042016806723
11,600,28,3.05042016806723
11,601,71,32.875
11,602,37,126.452380952381
11,603,75,32.875
11,604,51,35.9090909090909
11,605,55,-0.5
11,606,28,-0.5
11,607,22,32.875
11,608,27,-17.3625730994152
11,609,-16,-17.3625730994152
11,610,-36,-23.327485380117
11,611,-57,-23.327485380117
11,612,-113,-41.8502415458937
11,613,-63,-41.8502415458937
11,614,-11,-41.8502415458937
11,615,-10,3.05042016806723
11,616,-17,3.05042016806723
11,617,-14,-23.327485380117
11,618,-8,3.05042016806723
11,619,5,3.05042016806723
11,620,-44,3.05042016806723
11,621,-15,-23.327485380117
11,622,3,-23.327485380117
11,623,7,3.05042016806723
11,624,55,3.05042016806723
11,625,18,136.15625
11,626,128,32.875
11,627,81,35.9090909090909
11,628,111,-69.5652173913043
11,629,54,-134.733333333333
11,630,37,-153.769230769231
11,631,-14,-17.3625730994152
11,632,22,3.05042016806723
11,633,-11,-17.3625730994152
11,634,-109,-17.3625730994152
11,635,-131,-41.8502415458937
11,636,-87,-41.8502415458937
11,637,-24,-41.8502415458937
11,638,-53,-23.327485380117
11,639,-42,-41.8502415458937
11,640,-28,-23.327485380117
11,641,-14,-23.327485380117
11,642,-1,3.05042016806723
11,643,-7,3.05042016806723
11,644,1,3.05042016806723
11,645,13,3.05042016806723
11,646,72,77.6630434782609
11,647,180,181.859459459459
11,648,296,145.720430107527
11,649,-283,-223.946428571429
11,650,-144,-148.948529411765
11,651,13,-122.12
11,652,71,32.875
11,653,29,-23.448275862069
11,654,-29,-17.3625730994152
11,655,12,-23.327485380117
11,656,99,119.472527472527
11,657,312,233.527777777778
11,658,68,-23.448275862069
11,659,-266,-223.946428571429
11,660,-160,-122.12
11,661,-81,22.0277777777778
11,662,-72,-41.8502415458937
11,663,-70,-41.8502415458937
11,664,-37,-41.8502415458937
11,665,-10,-23.327485380117
11,666,-15,44.7916666666667
11,667,1,-23.327485380117
11,668,-1,3.05042016806723
11,669,23,3.05042016806723
11,670,89,77.6630434782609
11,671,195,181.859459459459
11,672,285,145.720430107527
11,673,-251,-223.946428571429
11,674,-199,-148.948529411765
11,675,76,-122.12
11,676,25,-23.448275862069
11,677,-11,-17.3625730994152
11,678,-21,-17.3625730994152
11,679,52,-23.327485380117
11,680,101,124.363636363636
11,681,311,233.527777777778
11,682,58,-50.7647058823529
11,683,-255,-223.946428571429
11,684,-128,-122.12
11,685,-107,22.0277777777778
11,686,-74,-41.8502415458937
11,687,-83,-41.8502415458937
11,688,-48,-41.8502415458937
11,689,-12,-41.8502415458937
11,690,-25,44.7916666666667
11,691,2,-23.327485380117
11,692,1,3.05042016806723
11,693,22,3.05042016806723
11,694,94,77.6630434782609
11,695,247,181.859459459459
11,696,294,145.720430107527
11,697,-311,-223.946428571429
11,698,-163,-148.948529411765
11,699,32,-122.12
11,700,47,32.875
11,701,-13,-23.448275862069
11,702,-30,-17.3625730994152
11,703,59,-23.327485380117
11,704,73,124.363636363636
11,705,426,233.527777777778
11,706,-33,-50.7647058823529
11,707,-277,-148.948529411765
11,708,-142,-122.12
11,709,-42,22.0277777777778
11,710,-86,-23.327485380117
11,711,-111,-41.8502415458937
11,712,-31,-41.8502415458937
11,713,-37,-23.327485380117
11,714,-4,94.3928571428571
11,715,-12,3.05042016806723
11,716,7,3.05042016806723
11,717,12,3.05042016806723
11,718,91,77.6630434782609
11,719,264,181.859459459459
11,720,242,126.452380952381
11,721,-308,-223.946428571429
11,722,-151,-148.948529411765
11,723,47,-122.12
11,724,54,-23.448275862069
11,725,8,-23.448275862069
11,726,-15,-17.3625730994152
11,727,29,-23.327485380117
11,728,139,119.472527472527
11,729,287,233.527777777778
11,730,33,-69.5652173913043
11,731,-321,-148.948529411765
11,732,-95,-122.12
11,733,-87,22.0277777777778
11,734,-74,-41.8502415458937
11,735,-72,-41.8502415458937
11,736,-40,-41.8502415458937
11,737,-31,-23.327485380117
11,738,-22,94.3928571428571
11,739,-1,-23.327485380117
11,740,0,3.05042016806723
11,741,29,3.05042016806723
11,742,67,77.6630434782609
11,743,179,136.15625
11,744,284,145.720430107527
11,745,-250,-223.946428571429
11,746,-132,-148.948529411765
11,747,27,-122.12
11,748,87,32.875
11,749,-34,-23.448275862069
11,750,-58,-23.327485380117
11,751,-95,-41.8502415458937
11,752,22,94.3928571428571
11,753,129,44.7916666666667
11,754,150,-23.448275862069
11,755,-112,-69.5652173913043
11,756,-61,-111.702702702703
11,757,-83,-41.8502415458937
11,758,-4,-41.8502415458937
11,759,-22,3.05042016806723
11,760,-26,-23.327485380117
11,761,-31,-23.327485380117
11,762,-27,-23.327485380117
11,763,-16,-23.327485380117
11,764,-24,-23.327485380117
11,765,6,-23.327485380117
11,766,22,3.05042016806723
11,767,56,32.875
11,768,132,136.15625
11,769,103,126.452380952381
11,770,122,-223.946428571429
11,771,142,35.9090909090909
11,772,66,-153.769230769231
11,773,35,-223.946428571429
11,774,4,-17.3625730994152
11,775,-11,-17.3625730994152
11,776,6,-17.3625730994152
11,777,-37,119.472527472527
11,778,-88,-23.327485380117
11,779,-143,-41.8502415458937
11,780,-146,-41.8502415458937
11,781,-48,-41.8502415458937
11,782,-12,-41.8502415458937
11,783,-26,3.05042016806723
11,784,-78,-23.327485380117
11,785,6,-41.8502415458937
11,786,-57,3.05042016806723
11,787,-38,-41.8502415458937
11,788,-4,-23.327485380117
11,789,-8,3.05042016806723
11,790,5,3.05042016806723
11,791,31,3.05042016806723
11,792,54,77.6630434782609
11,793,82,136.15625
11,794,173,126.452380952381
11,795,17,-134.733333333333
11,796,135,-34.3333333333333
11,797,41,-134.733333333333
11,798,-23,-34.3333333333333
11,799,33,-23.327485380117
11,800,-13,-17.3625730994152
11,801,0,-17.3625730994152
11,802,-82,3.05042016806723
11,803,-107,-41.8502415458937
11,804,-154,-41.8502415458937
11,805,-25,-41.8502415458937
11,806,-73,-23.327485380117
11,807,-54,-41.8502415458937
11,808,-23,-41.8502415458937
11,809,-8,-23.327485380117
11,810,-7,3.05042016806723
11,811,-6,3.05042016806723
11,812,1,3.05042016806723
11,813,28,3.05042016806723
11,814,89,77.6630434782609
11,815,234,181.859459459459
11,816,225,145.720430107527
11,817,-248,-223.946428571429
11,818,-147,-148.948529411765
11,819,17,22.0277777777778
11,820,81,32.875
11,821,-19,-23.448275862069
11,822,-3,-23.327485380117
11,823,26,-17.3625730994152
11,824,99,119.472527472527
11,825,336,233.527777777778
11,826,80,-50.7647058823529
11,827,-252,-223.946428571429
11,828,-219,-122.12
11,829,-107,22.0277777777778
11,830,-75,22.0277777777778
11,831,-94,-41.8502415458937
11,832,-25,-41.8502415458937
11,833,-14,-23.327485380117
11,834,-5,44.7916666666667
11,835,-7,3.05042016806723
11,836,3,3.05042016806723
11,837,14,3.05042016806723
11,838,80,77.6630434782609
11,839,70,181.859459459459
11,840,346,136.15625
11,841,-191,-134.733333333333
11,842,-162,-148.948529411765
11,843,67,-122.12
11,844,31,-23.448275862069
11,845,23,-17.3625730994152
11,846,-36,-17.3625730994152
11,847,-4,-23.327485380117
11,848,187,3.05042016806723
11,849,319,177.941176470588
11,850,51,-69.5652173913043
11,851,-246,-148.948529411765
11,852,-178,-122.12
11,853,-100,22.0277777777778
11,854,-89,-41.8502415458937
11,855,-98,-41.8502415458937
11,856,-57,-41.8502415458937
11,857,-7,-41.8502415458937
11,858,-16,44.7916666666667
11,859,-2,94.3928571428571
11,860,-4,3.05042016806723
11,861,35,3.05042016806723
11,862,110,77.6630434782609
11,863,223,181.859459459459
11,864,163,145.720430107527
11,865,-242,-223.946428571429
11,866,-139,-34.3333333333333
11,867,38,22.0277777777778
11,868,37,-17.3625730994152
11,869,74,-17.3625730994152
11,870,-78,-61.2
11,871,18,-41.8502415458937
11,872,135,119.472527472527
11,873,351,270.166666666667
11,874,50,-69.5652173913043
11,875,-197,-148.948529411765
11,876,-208,-122.12
11,877,-123,22.0277777777778
11,878,-54,22.0277777777778
11,879,-72,-41.8502415458937
11,880,-84,-41.8502415458937
11,881,-11,-41.8502415458937
11,882,-24,44.7916666666667
11,883,1,94.3928571428571
11,884,-1,3.05042016806723
11,885,28,3.05042016806723
11,886,102,77.6630434782609
11,887,225,181.859459459459
11,888,288,145.720430107527
11,889,-331,-223.946428571429
11,890,-176,-148.948529411765
11,891,77,-122.12
11,892,53,-23.448275862069
11,893,26,-23.448275862069
11,894,-41,-17.3625730994152
11,895,47,-23.327485380117
11,896,121,124.363636363636
11,897,385,233.527777777778
11,898,-9,-153.769230769231
11,899,-215,-148.948529411765
11,900,-162,-122.12
11,901,-50,22.0277777777778
11,902,-154,-41.8502415458937
11,903,-69,-41.8502415458937
11,904,-56,-41.8502415458937
11,905,-45,-41.8502415458937
11,906,-18,94.3928571428571
11,907,-22,94.3928571428571
11,908,-7,-23.327485380117
11,909,31,3.05042016806723
11,910,82,77.6630434782609
11,911,230,181.859459459459
11,912,316,145.720430107527
11,913,-282,-223.946428571429
11,914,-105,-148.948529411765
11,915,43,-122.12
11,916,153,-23.448275862069
11,917,-43,-23.448275862069
11,918,4,-111.702702702703
11,919,40,-17.3625730994152
11,920,117,44.7916666666667
11,921,368,233.527777777778
11,922,-127,-153.769230769231
11,923,-144,-148.948529411765
11,924,-241,-122.12
11,925,-161,-98.56
11,926,-13,22.0277777777778
11,927,-95,-17.3625730994152
11,928,-20,-41.8502415458937
11,929,-28,-23.327485380117
11,930,-59,-23.327485380117
11,931,-37,94.3928571428571
11,932,-25,94.3928571428571
11,933,-3,-23.327485380117
11,934,24,3.05042016806723
11,935,42,77.6630434782609
11,936,84,136.15625
11,937,95,181.859459459459
11,938,96,126.452380952381
11,939,-72,35.9090909090909
11,940,-90,-41.8502415458937
11,941,13,-41.8502415458937
11,942,27,-17.3625730994152
11,943,67,-17.3625730994152
11,944,-113,-23.448275862069
11,945,-62,-41.8502415458937
11,946,22,-41.8502415458937
11,947,-4,77.6630434782609
11,948,-22,3.05042016806723
11,949,-7,-23.327485380117
11,950,-21,-17.3625730994152
11,951,22,-23.327485380117
11,952,-25,77.6630434782609
11,953,9,-23.327485380117
11,954,-54,3.05042016806723
11,955,-17,-41.8502415458937
11,956,-10,-23.327485380117
11,957,-2,3.05042016806723
11,958,12,3.05042016806723
11,959,21,32.875
11,960,50,77.6630434782609
11,961,29,136.15625
11,962,132,77.6630434782609
11,963,73,35.9090909090909
11,964,37,-69.5652173913043
11,965,7,32.875
11,966,47,3.05042016806723
11,967,7,-0.5
11,968,71,3.05042016806723
11,969,-73,-0.5
11,970,72,-41.8502415458937
11,971,-116,-0.5
11,972,-116,-41.8502415458937
11,973,-110,-41.8502415458937
11,974,-38,-41.8502415458937
11,975,-46,-23.327485380117
11,976,-32,-23.327485380117
11,977,-5,-23.327485380117
11,978,-8,3.05042016806723
11,979,-19,3.05042016806723
11,980,3,-23.327485380117
11,981,32,3.05042016806723
11,982,81,77.6630434782609
11,983,253,181.859459459459
11,984,287,-134.733333333333
11,985,-375,-223.946428571429
11,986,-129,-148.948529411765
11,987,25,-122.12
11,988,101,-17.3625730994152
11,989,22,-23.448275862069
11,990,-84,-17.3625730994152
11,991,6,-41.8502415458937
11,992,82,119.472527472527
11,993,359,233.527777777778
11,994,20,-23.448275862069
11,995,-226,-148.948529411765
11,996,-237,-122.12
11,997,-35,22.0277777777778
11,998,-93,22.0277777777778
11,999,-45,-41.8502415458937
11,1000,-38,-23.327485380117
11,1001,-5,-23.327485380117
11,1002,2,44.7916666666667
11,1003,-3,3.05042016806723
11,1004,-1,3.05042016806723
11,1005,14,3.05042016806723
11,1006,84,77.6630434782609
11,1007,185,181.859459459459
11,1008,295,209.166666666667
11,1009,-314,-223.946428571429
11,1010,-129,-148.948529411765
11,1011,37,-122.12
11,1012,45,32.875
11,1013,-9,-23.448275862069
11,1014,-27,-17.3625730994152
11,1015,16,-23.327485380117
11,1016,105,119.472527472527
11,1017,309,233.527777777778
11,1018,30,-23.448275862069
11,1019,-227,-148.948529411765
11,1020,-123,-122.12
11,1021,-73,22.0277777777778
11,1022,-87,-41.8502415458937
11,1023,-70,-41.8502415458937
11,1024,-34,-41.8502415458937
11,1025,-22,-23.327485380117
11,1026,-5,94.3928571428571
11,1027,2,3.05042016806723
11,1028,-4,3.05042016806723
11,1029,39,3.05042016806723
11,1030,75,77.6630434782609
11,1031,243,181.859459459459
11,1032,300,145.720430107527
11,1033,-344,-223.946428571429
11,1034,-141,-148.948529411765
11,1035,49,-122.12
11,1036,46,-23.448275862069
11,1037,5,-23.448275862069
11,1038,-52,-17.3625730994152
11,1039,-22,-41.8502415458937
11,1040,22,94.3928571428571
11,1041,383,44.7916666666667
11,1042,37,-23.448275862069
11,1043,-185,-148.948529411765
11,1044,-94,-122.12
11,1045,-101,-98.56
11,1046,-89,-41.8502415458937
11,1047,-79,-41.8502415458937
11,1048,-45,-41.8502415458937
11,1049,-15,-23.327485380117
11,1050,-27,94.3928571428571
11,1051,-1,-23.327485380117
11,1052,4,3.05042016806723
11,1053,23,3.05042016806723
11,1054,85,77.6630434782609
11,1055,250,181.859459459459
11,1056,287,126.452380952381
11,1057,-333,-223.946428571429
11,1058,-155,-148.948529411765
11,1059,54,-122.12
11,1060,72,-23.448275862069
11,1061,-19,-23.448275862069
11,1062,-35,-23.327485380117
11,1063,69,-23.327485380117
11,1064,81,124.363636363636
11,1065,315,233.527777777778
11,1066,-22,-50.7647058823529
11,1067,-213,-148.948529411765
11,1068,-133,-122.12
11,1069,-111,22.0277777777778
11,1070,-72,-41.8502415458937
11,1071,-58,-41.8502415458937
11,1072,-35,-41.8502415458937
11,1073,-32,-23.327485380117
11,1074,-20,94.3928571428571
11,1075,0,-23.327485380117
11,1076,-5,3.05042016806723
11,1077,24,3.05042016806723
11,1078,60,77.6630434782609
11,1079,203,136.15625
11,1080,304,181.859459459459
11,1081,-272,-223.946428571429
11,1082,-134,-148.948529411765
11,1083,14,-122.12
11,1084,69,32.875
11,1085,-28,-23.448275862069
11,1086,-13,-23.327485380117
11,1087,51,-17.3625730994152
11,1088,87,124.363636363636
11,1089,239,233.527777777778
11,1090,-46,-50.7647058823529
11,1091,-165,-148.948529411765
11,1092,-186,-122.12
11,1093,11,-98.56
11,1094,-67,-17.3625730994152
11,1095,-30,-41.8502415458937
11,1096,-31,-23.327485380117
11,1097,-10,-23.327485380117
11,1098,-13,44.7916666666667
11,1099,-38,3.05042016806723
11,1100,-23,-23.327485380117
11,1101,-3,-23.327485380117
11,1102,18,3.05042016806723
11,1103,21,77.6630434782609
11,1104,101,77.6630434782609
11,1105,78,181.859459459459
11,1106,90,45.1428571428571
11,1107,150,35.9090909090909
11,1108,158,-134.733333333333
11,1109,17,-223.946428571429
11,1110,-87,-34.3333333333333
11,1111,54,-41.8502415458937
11,1112,-70,-23.448275862069
11,1113,8,-41.8502415458937
11,1114,-202,-17.3625730994152
11,1115,-57,-41.8502415458937
11,1116,-76,22.0277777777778
11,1117,-65,-41.8502415458937
11,1118,13,-41.8502415458937
11,1119,-44,32.875
11,1120,-45,-23.327485380117
11,1121,-5,94.3928571428571
11,1122,19,3.05042016806723
11,1123,-56,77.6630434782609
11,1124,-13,-41.8502415458937
11,1125,6,3.05042016806723
11,1126,79,3.05042016806723
11,1127,-13,181.859459459459
11,1128,41,3.05042016806723
11,1129,150,32.875
11,1130,85,124.363636363636
11,1131,91,-223.946428571429
11,1132,-6,-61.2
11,1133,19,-17.3625730994152
11,1134,97,32.875
11,1135,12,-23.448275862069
11,1136,-62,-17.3625730994152
11,1137,44,-41.8502415458937
11,1138,-123,56.25
11,1139,-86,-41.8502415458937
11,1140,-114,-41.8502415458937
11,1141,-98,-41.8502415458937
11,1142,-66,-41.8502415458937
11,1143,-5,-41.8502415458937
11,1144,-46,-17.3625730994152
11,1145,-12,-23.327485380117
11,1146,0,3.05042016806723
11,1147,-1,3.05042016806723
11,1148,20,3.05042016806723
11,1149,86,77.6630434782609
11,1150,196,103.258064516129
11,1151,283,145.720430107527
11,1152,-272,-223.946428571429
11,1153,-113,-148.948529411765
11,1154,5,-122.12
11,1155,72,3.05042016806723
11,1156,0,-23.448275862069
11,1157,-13,-17.3625730994152
11,1158,56,-17.3625730994152
11,1159,71,124.363636363636
11,1160,334,233.527777777778
11,1161,-111,-50.7647058823529
11,1162,-124,-148.948529411765
11,1163,-165,-122.12
11,1164,-91,-98.56
11,1165,-115,-41.8502415458937
11,1166,-57,-41.8502415458937
11,1167,-33,-41.8502415458937
11,1168,-22,-23.327485380117
11,1169,-6,-23.327485380117
11,1170,-2,3.05042016806723
11,1171,-2,3.05042016806723
11,1172,26,3.05042016806723
11,1173,73,77.6630434782609
11,1174,241,181.859459459459
11,1175,263,145.720430107527
11,1176,-196,-223.946428571429
11,1177,-189,-148.948529411765
11,1178,39,-122.12
11,1179,73,32.875
11,1180,14,-23.448275862069
11,1181,-34,-17.3625730994152
11,1182,5,-23.327485380117
11,1183,169,119.472527472527
11,1184,272,177.941176470588
11,1185,43,-69.5652173913043
11,1186,-242,-148.948529411765
11,1187,-179,-122.12
11,1188,-136,22.0277777777778
11,1189,-85,-41.8502415458937
11,1190,-79,-41.8502415458937
11,1191,-38,-41.8502415458937
11,1192,-30,-23.327485380117
11,1193,-6,94.3928571428571
11,1194,-2,3.05042016806723
11,1195,-2,3.05042016806723
11,1196,26,3.05042016806723
11,1197,99,77.6630434782609
11,1198,240,181.859459459459
11,1199,318,145.720430107527
11,1200,-321,-223.946428571429
11,1201,-196,-148.948529411765
11,1202,46,-122.12
11,1203,70,-23.448275862069
11,1204,-32,-23.448275862069
11,1205,7,-23.327485380117
11,1206,10,-17.3625730994152
11,1207,122,44.7916666666667
11,1208,354,233.527777777778
11,1209,15,-69.5652173913043
11,1210,-265,-148.948529411765
11,1211,-122,-122.12
11,1212,-74,22.0277777777778
11,1213,-117,-41.8502415458937
11,1214,-50,-41.8502415458937
11,1215,-86,-41.8502415458937
11,1216,-32,-41.8502415458937
11,1217,5,94.3928571428571
11,1218,-13,3.05042016806723
11,1219,-4,3.05042016806723
11,1220,28,3.05042016806723
11,1221,97,77.6630434782609
11,1222,228,181.859459459459
11,1223,284,145.720430107527
11,1224,-287,-223.946428571429
11,1225,-105,-148.948529411765
11,1226,22,-122.12
11,1227,8,32.875
11,1228,15,-17.3625730994152
11,1229,-4,-17.3625730994152
11,1230,-18,-17.3625730994152
11,1231,133,94.3928571428571
11,1232,420,233.527777777778
11,1233,-124,-69.5652173913043
11,1234,-211,-148.948529411765
11,1235,-175,-122.12
11,1236,-78,22.0277777777778
11,1237,-85,-41.8502415458937
11,1238,-13,-41.8502415458937
11,1239,-75,-17.3625730994152
11,1240,-23,-41.8502415458937
11,1241,-27,94.3928571428571
11,1242,-3,94.3928571428571
11,1243,-3,3.05042016806723
11,1244,18,3.05042016806723
11,1245,57,77.6630434782609
11,1246,166,136.15625
11,1247,262,181.859459459459
11,1248,-132,-223.946428571429
11,1249,-138,-148.948529411765
11,1250,53,-122.12
11,1251,46,-23.448275862069
11,1252,74,-23.448275862069
11,1253,79,-61.2
11,1254,47,-61.2
11,1255,-1,35.9090909090909
11,1256,119,119.472527472527
11,1257,-171,-134.733333333333
11,1258,-72,-34.3333333333333
11,1259,-160,-41.8502415458937
11,1260,-62,-41.8502415458937
11,1261,-32,-41.8502415458937
11,1262,-45,-23.327485380117
11,1263,-19,-23.327485380117
11,1264,-25,94.3928571428571
11,1265,-33,-23.327485380117
11,1266,-8,-23.327485380117
11,1267,-21,3.05042016806723
11,1268,-5,-23.327485380117
11,1269,17,3.05042016806723
11,1270,35,77.6630434782609
11,1271,69,32.875
11,1272,153,136.15625
11,1273,87,126.452380952381
11,1274,132,-223.946428571429
11,1275,95,-134.733333333333
11,1276,53,-223.946428571429
11,1277,-65,-0.5
11,1278,48,-41.8502415458937
11,1279,-11,-0.5
11,1280,-48,-17.3625730994152
11,1281,-50,-41.8502415458937
11,1282,-104,-41.8502415458937
11,1283,-205,-41.8502415458937
11,1284,26,-41.8502415458937
11,1285,-52,-17.3625730994152
11,1286,-64,-41.8502415458937
11,1287,-33,-41.8502415458937
11,1288,-21,-23.327485380117
11,1289,-32,-23.327485380117
11,1290,-6,94.3928571428571
11,1291,-19,3.05042016806723
11,1292,5,-23.327485380117
11,1293,16,3.05042016806723
11,1294,9,77.6630434782609
11,1295,47,3.05042016806723
11,1296,95,126.452380952381
11,1297,120,56.25
11,1298,105,35.9090909090909
11,1299,53,-153.769230769231
11,1300,26,-0.5
11,1301,20,32.875
11,1302,-17,-17.3625730994152
11,1303,-10,-23.327485380117
11,1304,-65,-17.3625730994152
11,1305,-101,-41.8502415458937
11,1306,-34,-41.8502415458937
11,1307,-65,-23.327485380117
11,1308,-81,-41.8502415458937
11,1309,-12,-41.8502415458937
11,1310,-67,3.05042016806723
11,1311,-14,-41.8502415458937
11,1312,-21,3.05042016806723
11,1313,-10,-23.327485380117
11,1314,-3,3.05042016806723
11,1315,2,3.05042016806723
11,1316,27,3.05042016806723
11,1317,79,32.875
11,1318,220,181.859459459459
11,1319,286,145.720430107527
11,1320,-331,-223.946428571429
11,1321,-108,-148.948529411765
11,1322,45,-122.12
11,1323,57,-23.448275862069
11,1324,1,-23.448275862069
11,1325,-63,-17.3625730994152
11,1326,37,-41.8502415458937
11,1327,136,119.472527472527
11,1328,241,233.527777777778
11,1329,14,-69.5652173913043
11,1330,-225,-148.948529411765
11,1331,-145,-122.12
11,1332,-111,22.0277777777778
11,1333,-57,-41.8502415458937
11,1334,-41,-41.8502415458937
11,1335,-41,-23.327485380117
11,1336,-17,-23.327485380117
11,1337,-7,94.3928571428571
11,1338,0,3.05042016806723
11,1339,0,3.05042016806723
11,1340,22,3.05042016806723
11,1341,79,77.6630434782609
11,1342,281,181.859459459459
11,1343,308,145.720430107527
11,1344,-373,-223.946428571429
11,1345,-138,-148.948529411765
11,1346,58,-122.12
11,1347,20,-23.448275862069
11,1348,24,-17.3625730994152
11,1349,-59,-17.3625730994152
11,1350,-21,-41.8502415458937
11,1351,159,94.3928571428571
11,1352,382,233.527777777778
11,1353,-40,-69.5652173913043
11,1354,-225,-148.948529411765
11,1355,-197,-122.12
11,1356,-76,22.0277777777778
11,1357,-79,22.0277777777778
11,1358,-65,-41.8502415458937
11,1359,-32,-41.8502415458937
11,1360,-18,-23.327485380117
11,1361,-10,94.3928571428571
11,1362,0,3.05042016806723
11,1363,25,3.05042016806723
11,1364,79,77.6630434782609
11,1365,215,181.859459459459
11,1366,274,145.720430107527
11,1367,-293,-223.946428571429
11,1368,-149,-148.948529411765
11,1369,27,-122.12
11,1370,2,32.875
11,1371,-19,-17.3625730994152
11,1372,-28,-23.327485380117
11,1373,67,-23.327485380117
11,1374,105,136.15625
11,1375,272,233.527777777778
11,1376,6,-50.7647058823529
11,1377,-201,-148.948529411765
11,1378,-149,-122.12
11,1379,-70,22.0277777777778
11,1380,-31,-41.8502415458937
11,1381,-73,-23.327485380117
11,1382,-38,-41.8502415458937
11,1383,-14,-23.327485380117
11,1384,-5,44.7916666666667
11,1385,1,3.05042016806723
11,1386,-4,3.05042016806723
11,1387,20,3.05042016806723
11,1388,75,77.6630434782609
11,1389,210,181.859459459459
11,1390,318,145.720430107527
11,1391,-337,-223.946428571429
11,1392,-146,-148.948529411765
11,1393,83,-122.12
11,1394,35,-23.448275862069
11,1395,-56,-17.3625730994152
11,1396,21,-41.8502415458937
11,1397,-13,-17.3625730994152
11,1398,142,44.7916666666667
11,1399,303,233.527777777778
11,1400,-46,-69.5652173913043
11,1401,-177,-148.948529411765
11,1402,-153,-122.12
11,1403,-93,-98.56
11,1404,-29,-41.8502415458937
11,1405,-64,-23.327485380117
11,1406,-39,-41.8502415458937
11,1407,-25,-23.327485380117
11,1408,-19,94.3928571428571
11,1409,0,-23.327485380117
11,1410,-6,3.05042016806723
11,1411,16,3.05042016806723
11,1412,63,77.6630434782609
11,1413,212,136.15625
11,1414,267,181.859459459459
11,1415,-233,-223.946428571429
11,1416,-138,-148.948529411765
11,1417,41,-122.12
11,1418,89,32.875
11,1419,36,-23.448275862069
11,1420,-10,-17.3625730994152
11,1421,4,-17.3625730994152
11,1422,111,119.472527472527
11,1423,275,233.527777777778
11,1424,-67,-69.5652173913043
11,1425,-244,-148.948529411765
11,1426,-141,-122.12
11,1427,-97,22.0277777777778
11,1428,26,-41.8502415458937
11,1429,-17,-17.3625730994152
11,1430,-102,-23.327485380117
11,1431,-26,-41.8502415458937
11,1432,-14,94.3928571428571
11,1433,-24,3.05042016806723
11,1434,-18,-23.327485380117
11,1435,-7,-23.327485380117
11,1436,14,3.05042016806723
11,1437,43,32.875
11,1438,96,136.15625
11,1439,105,181.859459459459
11,1440,141,45.1428571428571
11,1441,158,35.9090909090909
11,1442,114,-223.946428571429
11,1443,0,-223.946428571429
11,1444,-18,-34.3333333333333
11,1445,-2,-23.327485380117
11,1446,-76,-17.3625730994152
11,1447,-22,-41.8502415458937
11,1448,-79,-23.327485380117
11,1449,-22,-41.8502415458937
11,1450,-138,-23.327485380117
11,1451,-101,-41.8502415458937
11,1452,-8,-41.8502415458937
11,1453,-16,3.05042016806723
11,1454,-72,-23.327485380117
11,1455,-18,-41.8502415458937
11,1456,-32,-23.327485380117
11,1457,-29,-23.327485380117
11,1458,-33,-23.327485380117
11,1459,-2,-23.327485380117
11,1460,6,3.05042016806723
11,1461,30,3.05042016806723
11,1462,51,77.6630434782609
11,1463,154,136.15625
11,1464,170,126.452380952381
11,1465,107,-223.946428571429
11,1466,107,-223.946428571429
11,1467,46,-134.733333333333
11,1468,-53,-0.5
11,1469,-11,-41.8502415458937
11,1470,-1,-17.3625730994152
11,1471,7,-17.3625730994152
11,1472,-144,119.472527472527
11,1473,-100,-41.8502415458937
11,1474,-88,-41.8502415458937
11,1475,-62,-41.8502415458937
11,1476,-95,-41.8502415458937
11,1477,-44,-41.8502415458937
11,1478,-49,-23.327485380117
11,1479,-13,-41.8502415458937
11,1480,-14,3.05042016806723
11,1481,-6,3.05042016806723
11,1482,-2,3.05042016806723
11,1483,32,3.05042016806723
11,1484,95,77.6630434782609
11,1485,254,181.859459459459
11,1486,210,145.720430107527
11,1487,-300,-223.946428571429
11,1488,-73,-148.948529411765
11,1489,27,22.0277777777778
11,1490,20,-17.3625730994152
11,1491,-8,-17.3625730994152
11,1492,25,-17.3625730994152
11,1493,-13,-17.3625730994152
11,1494,83,119.472527472527
11,1495,354,233.527777777778
11,1496,-36,-23.448275862069
11,1497,-154,-148.948529411765
11,1498,-147,-122.12
11,1499,-104,-98.56
11,1500,-57,-41.8502415458937
11,1501,-93,-41.8502415458937
11,1502,-78,-41.8502415458937
11,1503,-32,-41.8502415458937
11,1504,-7,-23.327485380117
11,1505,2,3.05042016806723
11,1506,3,3.05042016806723
11,1507,21,3.05042016806723
11,1508,114,77.6630434782609
11,1509,317,181.859459459459
11,1510,212,-69.5652173913043
11,1511,-273,-223.946428571429
11,1512,-183,-148.948529411765
11,1513,22,22.0277777777778
11,1514,5,32.875
11,1515,-5,-17.3625730994152
11,1516,18,-17.3625730994152
11,1517,51,-17.3625730994152
11,1518,62,124.363636363636
11,1519,411,233.527777777778
11,1520,-6,-134.733333333333
11,1521,-238,-148.948529411765
11,1522,-135,-122.12
11,1523,-105,22.0277777777778
11,1524,-135,-41.8502415458937
11,1525,-80,-41.8502415458937
11,1526,-44,-41.8502415458937
11,1527,-24,-23.327485380117
11,1528,-5,94.3928571428571
11,1529,-3,3.05042016806723
11,1530,1,3.05042016806723
11,1531,27,3.05042016806723
11,1532,100,77.6630434782609
11,1533,284,181.859459459459
11,1534,158,145.720430107527
11,1535,-311,-223.946428571429
11,1536,-118,-34.3333333333333
11,1537,-28,22.0277777777778
11,1538,-9,-23.327485380117
11,1539,-46,-17.3625730994152
11,1540,-13,-23.327485380117
11,1541,47,-17.3625730994152
11,1542,137,136.15625
11,1543,253,188.75
11,1544,17,-223.946428571429
11,1545,-137,-148.948529411765
11,1546,-108,-122.12
11,1547,-71,-98.56
11,1548,-27,-41.8502415458937
11,1549,-92,-23.327485380117
11,1550,-45,-41.8502415458937
11,1551,-12,-23.327485380117
11,1552,-7,44.7916666666667
11,1553,-2,3.05042016806723
11,1554,0,3.05042016806723
11,1555,26,3.05042016806723
11,1556,90,77.6630434782609
11,1557,286,181.859459459459
11,1558,271,145.720430107527
11,1559,-376,-223.946428571429
11,1560,-112,-148.948529411765
11,1561,40,-122.12
11,1562,35,32.875
11,1563,-26,-17.3625730994152
11,1564,-1,-23.327485380117
11,1565,25,-17.3625730994152
11,1566,125,119.472527472527
11,1567,361,233.527777777778
11,1568,28,-69.5652173913043
11,1569,-190,-148.948529411765
11,1570,-182,-122.12
11,1571,-137,-98.56
11,1572,-19,-41.8502415458937
11,1573,-104,-23.327485380117
11,1574,-80,-41.8502415458937
11,1575,-39,-41.8502415458937
11,1576,-4,94.3928571428571
11,1577,-11,3.05042016806723
11,1578,-7,3.05042016806723
11,1579,22,3.05042016806723
11,1580,88,32.875
11,1581,246,181.859459459459
11,1582,341,145.720430107527
11,1583,-341,-223.946428571429
11,1584,-122,-148.948529411765
11,1585,17,-122.12
11,1586,108,32.875
11,1587,19,-23.448275862069
11,1588,13,-17.3625730994152
11,1589,13,-17.3625730994152
11,1590,173,119.472527472527
11,1591,239,233.527777777778
11,1592,-151,-69.5652173913043
11,1593,-176,-148.948529411765
11,1594,-151,-122.12
11,1595,-54,-98.56
11,1596,-85,-41.8502415458937
11,1597,-15,-41.8502415458937
11,1598,-45,-23.327485380117
11,1599,-54,-23.327485380117
11,1600,-7,94.3928571428571
11,1601,-52,3.05042016806723
11,1602,-20,-41.8502415458937
11,1603,-8,-23.327485380117
11,1604,30,3.05042016806723
11,1605,45,32.875
11,1606,125,136.15625
11,1607,130,181.859459459459
11,1608,151,-223.946428571429
11,1609,126,-223.946428571429
11,1610,32,-223.946428571429
11,1611,9,-34.3333333333333
11,1612,-40,-17.3625730994152
11,1613,19,-23.327485380117
11,1614,11,-17.3625730994152
11,1615,-71,44.7916666666667
11,1616,-152,-41.8502415458937
11,1617,-362,-41.8502415458937
11,1618,-15,-41.8502415458937
11,1619,63,22.0277777777778
11,1620,8,-23.448275862069
11,1621,-19,3.05042016806723
11,1622,26,-23.327485380117
11,1623,-44,77.6630434782609
11,1624,-17,94.3928571428571
11,1625,-16,-23.327485380117
11,1626,-33,-23.327485380117
11,1627,-1,-23.327485380117
11,1628,6,3.05042016806723
11,1629,12,3.05042016806723
11,1630,27,32.875
11,1631,28,77.6630434782609
11,1632,-11,32.875
11,1633,9,3.05042016806723
11,1634,-16,3.05042016806723
11,1635,-9,-23.327485380117
11,1636,1,3.05042016806723
11,1637,-15,3.05042016806723
11,1638,-2,-23.327485380117
11,1639,-9,3.05042016806723
11,1640,12,3.05042016806723
11,1641,-4,32.875
11,1642,0,3.05042016806723
11,1643,-24,3.05042016806723
11,1644,2,-23.327485380117
11,1645,4,3.05042016806723
11,1646,-11,3.05042016806723
11,1647,-4,3.05042016806723
11,1648,2,3.05042016806723
11,1649,-3,3.05042016806723
11,1650,2,3.05042016806723
11,1651,11,3.05042016806723
11,1652,31,32.875
11,1653,162,32.875
11,1654,275,103.258064516129
11,1655,-210,-69.5652173913043
11,1656,-172,-148.948529411765
11,1657,1,-122.12
11,1658,28,3.05042016806723
11,1659,-22,-17.3625730994152
11,1660,7,-23.327485380117
11,1661,-2,-17.3625730994152
11,1662,-9,119.472527472527
11,1663,129,119.472527472527
11,1664,147,-23.448275862069
11,1665,-81,-69.5652173913043
11,1666,-95,-111.702702702703
11,1667,-51,-41.8502415458937
11,1668,-63,-41.8502415458937
11,1669,-30,-41.8502415458937
11,1670,-46,-23.327485380117
11,1671,-6,-23.327485380117
11,1672,-4,44.7916666666667
11,1673,-1,44.7916666666667
11,1674,1,3.05042016806723
11,1675,19,3.05042016806723
11,1676,98,77.6630434782609
11,1677,270,181.859459459459
11,1678,221,209.166666666667
11,1679,-303,-223.946428571429
11,1680,-146,-148.948529411765
11,1681,22,22.0277777777778
11,1682,40,32.875
11,1683,0,-17.3625730994152
11,1684,-8,-17.3625730994152
11,1685,20,-17.3625730994152
11,1686,126,119.472527472527
11,1687,329,233.527777777778
11,1688,-59,-69.5652173913043
11,1689,-150,-148.948529411765
11,1690,-197,-122.12
11,1691,-59,-98.56
11,1692,-69,22.0277777777778
11,1693,-84,-41.8502415458937
11,1694,-37,-41.8502415458937
11,1695,-11,-23.327485380117
11,1696,-18,44.7916666666667
11,1697,-4,94.3928571428571
11,1698,3,3.05042016806723
11,1699,18,3.05042016806723
11,1700,82,77.6630434782609
11,1701,283,181.859459459459
11,1702,265,145.720430107527
11,1703,-333,-223.946428571429
11,1704,-139,-148.948529411765
11,1705,37,-122.12
11,1706,50,32.875
11,1707,-41,-23.448275862069
11,1708,-5,-23.327485380117
11,1709,6,-17.3625730994152
11,1710,147,44.7916666666667
11,1711,356,233.527777777778
11,1712,-23,-69.5652173913043
11,1713,-166,-148.948529411765
11,1714,-163,-122.12
11,1715,-141,-98.56
11,1716,-47,-41.8502415458937
11,1717,-88,-23.327485380117
11,1718,-61,-41.8502415458937
11,1719,-20,-41.8502415458937
11,1720,-10,94.3928571428571
11,1721,-7,3.05042016806723
11,1722,-3,3.05042016806723
11,1723,14,3.05042016806723
11,1724,110,77.6630434782609
11,1725,98,181.859459459459
11,1726,137,145.720430107527
11,1727,-161,35.9090909090909
11,1728,-62,-111.702702702703
11,1729,12,-41.8502415458937
11,1730,53,32.875
11,1731,-7,-23.448275862069
11,1732,-28,-17.3625730994152
11,1733,35,-23.327485380117
11,1734,114,32.875
11,1735,296,217.090909090909
11,1736,50,-69.5652173913043
11,1737,-200,-148.948529411765
11,1738,-127,-122.12
11,1739,-87,22.0277777777778
11,1740,-67,-41.8502415458937
11,1741,-71,-41.8502415458937
11,1742,-39,-41.8502415458937
11,1743,-38,-23.327485380117
11,1744,-13,94.3928571428571
11,1745,-19,3.05042016806723
11,1746,3,-23.327485380117
11,1747,13,3.05042016806723
11,1748,101,77.6630434782609
11,1749,195,181.859459459459
11,1750,277,145.720430107527
11,1751,-258,-223.946428571429
11,1752,-98,-148.948529411765
11,1753,-3,-122.12
11,1754,74,3.05042016806723
11,1755,-1,-23.448275862069
11,1756,-6,-17.3625730994152
11,1757,24,-17.3625730994152
11,1758,116,119.472527472527
11,1759,262,233.527777777778
11,1760,-48,-69.5652173913043
11,1761,-213,-148.948529411765
11,1762,-152,-122.12
11,1763,-81,22.0277777777778
11,1764,-50,-41.8502415458937
11,1765,-42,-41.8502415458937
11,1766,-13,-23.327485380117
11,1767,-36,3.05042016806723
11,1768,-10,94.3928571428571
11,1769,-31,3.05042016806723
11,1770,-24,-23.327485380117
11,1771,3,-23.327485380117
11,1772,23,3.05042016806723
11,1773,27,77.6630434782609
11,1774,103,32.875
11,1775,56,181.859459459459
11,1776,77,45.1428571428571
11,1777,67,35.9090909090909
11,1778,23,81.6
11,1779,8,32.875
11,1780,51,3.05042016806723
11,1781,-32,-23.448275862069
11,1782,-32,-23.327485380117
11,1783,-54,-23.327485380117
11,1784,-232,-41.8502415458937
11,1785,49,-41.8502415458937
11,1786,-37,-23.448275862069
11,1787,-18,-23.327485380117
11,1788,-1,-23.327485380117
11,1789,-41,3.05042016806723
11,1790,-6,-23.327485380117
11,1791,6,3.05042016806723
11,1792,-2,-17.3625730994152
11,1793,-24,3.05042016806723
11,1794,-12,-23.327485380117
11,1795,2,3.05042016806723
11,1796,1,3.05042016806723
11,1797,20,3.05042016806723
11,1798,80,32.875
11,1799,78,103.258064516129
11,1800,195,145.720430107527
11,1801,31,35.9090909090909
11,1802,173,-111.702702702703
11,1803,11,-134.733333333333
11,1804,58,-34.3333333333333
11,1805,-50,-0.5
11,1806,-16,-41.8502415458937
11,1807,-65,-23.327485380117
11,1808,-35,-41.8502415458937
11,1809,-112,-23.327485380117
11,1810,-132,-41.8502415458937
11,1811,-39,-41.8502415458937
11,1812,-96,-23.327485380117
11,1813,-26,-41.8502415458937
11,1814,-34,-23.327485380117
11,1815,-24,-23.327485380117
11,1816,-16,-23.327485380117
11,1817,-4,-23.327485380117
11,1818,-2,3.05042016806723
11,1819,18,3.05042016806723
11,1820,103,77.6630434782609
11,1821,226,181.859459459459
11,1822,247,145.720430107527
11,1823,-328,-223.946428571429
11,1824,-111,-148.948529411765
11,1825,6,-122.12
11,1826,62,3.05042016806723
11,1827,22,-23.448275862069
11,1828,-29,-17.3625730994152
11,1829,13,-23.327485380117
11,1830,116,119.472527472527
11,1831,336,233.527777777778
11,1832,-19,-69.5652173913043
11,1833,-193,-148.948529411765
11,1834,-162,-122.12
11,1835,-88,22.0277777777778
11,1836,-87,-41.8502415458937
11,1837,-74,-41.8502415458937
11,1838,-25,-41.8502415458937
11,1839,-14,-23.327485380117
11,1840,-13,44.7916666666667
11,1841,-5,3.05042016806723
11,1842,5,3.05042016806723
11,1843,9,3.05042016806723
11,1844,9,3.05042016806723
11,1845,143,3.05042016806723
11,1846,388,126.452380952381
11,1847,-208,-69.5652173913043
11,1848,-175,-148.948529411765
11,1849,55,-122.12
11,1850,40,-23.448275862069
11,1851,-20,32.875
11,1852,-45,-23.327485380117
11,1853,30,-23.327485380117
11,1854,120,119.472527472527
11,1855,327,177.941176470588
11,1856,62,-69.5652173913043
11,1857,-256,-223.946428571429
11,1858,-152,-122.12
11,1859,-53,22.0277777777778
11,1860,-71,-41.8502415458937
11,1861,-116,-41.8502415458937
11,1862,-48,-41.8502415458937
11,1863,-32,-41.8502415458937
11,1864,1,94.3928571428571
11,1865,-10,3.05042016806723
11,1866,-2,3.05042016806723
11,1867,29,3.05042016806723
11,1868,87,77.6630434782609
11,1869,238,181.859459459459
11,1870,308,145.720430107527
11,1871,-351,-223.946428571429
11,1872,-140,-148.948529411765
11,1873,9,-122.12
11,1874,61,3.05042016806723
11,1875,-17,-23.448275862069
11,1876,12,-23.327485380117
11,1877,16,-17.3625730994152
11,1878,111,119.472527472527
11,1879,362,233.527777777778
11,1880,84,-69.5652173913043
11,1881,-309,-223.946428571429
11,1882,-166,-122.12
11,1883,-99,22.0277777777778
11,1884,-66,-41.8502415458937
11,1885,-75,-41.8502415458937
11,1886,-8,-41.8502415458937
11,1887,-66,-17.3625730994152
11,1888,-7,94.3928571428571
11,1889,-11,3.05042016806723
11,1890,-4,3.05042016806723
11,1891,19,3.05042016806723
11,1892,115,77.6630434782609
11,1893,248,181.859459459459
11,1894,243,-69.5652173913043
11,1895,-323,-223.946428571429
11,1896,-136,-148.948529411765
11,1897,33,-122.12
11,1898,100,32.875
11,1899,-36,-23.448275862069
11,1900,-61,-23.327485380117
11,1901,79,-41.8502415458937
11,1902,87,124.363636363636
11,1903,334,233.527777777778
11,1904,2,-50.7647058823529
11,1905,-184,-148.948529411765
11,1906,-102,-122.12
11,1907,-121,-98.56
11,1908,-53,-41.8502415458937
11,1909,-125,-41.8502415458937
11,1910,-32,-41.8502415458937
11,1911,-41,-23.327485380117
11,1912,-37,94.3928571428571
11,1913,3,-23.327485380117
11,1914,-10,3.05042016806723
11,1915,20,3.05042016806723
11,1916,111,77.6630434782609
11,1917,221,188.75
11,1918,262,-69.5652173913043
11,1919,-324,-223.946428571429
11,1920,-95,-148.948529411765
11,1921,59,-122.12
11,1922,-87,-23.448275862069
11,1923,107,-41.8502415458937
11,1924,-36,-50.7647058823529
11,1925,101,-23.327485380117
11,1926,97,181.859459459459
11,1927,203,233.527777777778
11,1928,-2,-50.7647058823529
11,1929,-189,-111.702702702703
11,1930,-139,-98.1923076923077
11,1931,-78,-41.8502415458937
11,1932,-3,-41.8502415458937
11,1933,24,-17.3625730994152
11,1934,-103,-17.3625730994152
11,1935,-46,-41.8502415458937
11,1936,-32,94.3928571428571
11,1937,-43,-23.327485380117
11,1938,-23,-23.327485380117
11,1939,13,-23.327485380117
11,1940,20,32.875
11,1941,45,32.875
11,1942,110,136.15625
11,1943,87,126.452380952381
11,1944,148,126.452380952381
11,1945,143,35.9090909090909
11,1946,-25,-223.946428571429
11,1947,-26,-34.3333333333333
11,1948,-96,-23.327485380117
11,1949,113,-41.8502415458937
11,1950,-1,-23.448275862069
11,1951,-38,-111.702702702703
11,1952,-68,-23.327485380117
11,1953,-29,-41.8502415458937
11,1954,-96,-23.327485380117
11,1955,-40,-41.8502415458937
11,1956,-52,-23.327485380117
11,1957,-68,-41.8502415458937
11,1958,-15,-41.8502415458937
11,1959,-13,-23.327485380117
11,1960,-28,3.05042016806723
11,1961,-65,-23.327485380117
11,1962,-12,-41.8502415458937
11,1963,-5,3.05042016806723
11,1964,6,3.05042016806723
11,1965,19,3.05042016806723
11,1966,78,32.875
11,1967,77,181.859459459459
11,1968,142,126.452380952381
11,1969,81,35.9090909090909
11,1970,144,-223.946428571429
11,1971,7,-134.733333333333
11,1972,-47,-34.3333333333333
11,1973,53,-23.327485380117
11,1974,-27,-23.448275862069
11,1975,-33,-23.327485380117
11,1976,-48,-23.327485380117
11,1977,-80,-41.8502415458937
11,1978,-107,-41.8502415458937
11,1979,-73,-41.8502415458937
11,1980,-46,-41.8502415458937
11,1981,-55,-23.327485380117
11,1982,-68,-41.8502415458937
11,1983,-25,-41.8502415458937
11,1984,-3,-23.327485380117
11,1985,-1,3.05042016806723
11,1986,-3,3.05042016806723
11,1987,21,3.05042016806723
11,1988,119,77.6630434782609
11,1989,243,181.859459459459
11,1990,254,-69.5652173913043
11,1991,-289,-223.946428571429
11,1992,-160,-148.948529411765
11,1993,23,-122.12
11,1994,50,32.875
11,1995,9,-23.448275862069
11,1996,-33,-17.3625730994152
11,1997,23,-23.327485380117
11,1998,126,119.472527472527
11,1999,381,233.527777777778
11,2000,-89,-69.5652173913043
11,2001,-134,-148.948529411765
11,2002,-223,-122.12
11,2003,-76,-98.56
11,2004,-74,22.0277777777778
11,2005,-60,-41.8502415458937
11,2006,-75,-41.8502415458937
11,2007,-29,-41.8502415458937
11,2008,7,-23.327485380117
11,2009,-10,3.05042016806723
11,2010,-1,3.05042016806723
11,2011,15,3.05042016806723
11,2012,145,77.6630434782609
11,2013,298,181.859459459459
11,2014,178,-69.5652173913043
11,2015,-346,-223.946428571429
11,2016,-138,-111.702702702703
11,2017,60,22.0277777777778
11,2018,46,-23.448275862069
11,2019,-44,-23.448275862069
11,2020,-148,-23.327485380117
11,2021,63,-41.8502415458937
11,2022,255,124.363636363636
11,2023,328,233.527777777778
11,2024,-7,-223.946428571429
11,2025,-252,-148.948529411765
11,2026,-156,-122.12
11,2027,-79,22.0277777777778
11,2028,-76,-41.8502415458937
11,2029,-84,-41.8502415458937
11,2030,-28,-41.8502415458937
11,2031,-21,-23.327485380117
11,2032,-13,94.3928571428571
11,2033,1,3.05042016806723
11,2034,3,3.05042016806723
11,2035,23,3.05042016806723
11,2036,98,77.6630434782609
11,2037,292,181.859459459459
11,2038,204,145.720430107527
11,2039,-297,-223.946428571429
11,2040,-172,-111.702702702703
11,2041,48,22.0277777777778
11,2042,79,-23.448275862069
11,2043,-14,-23.448275862069
11,2044,-23,-17.3625730994152
11,2045,16,-23.327485380117
11,2046,98,119.472527472527
11,2047,348,233.527777777778
11,2048,-333,-23.448275862069
11,2049,-274,-148.948529411765
11,2050,-47,-122.12
11,2051,-17,22.0277777777778
11,2052,33,-23.327485380117
11,2053,-12,-17.3625730994152
11,2054,-22,-17.3625730994152
11,2055,-22,94.3928571428571
11,2056,-8,94.3928571428571
11,2057,0,3.05042016806723
11,2058,-1,3.05042016806723
11,2059,22,-17.3625730994152
11,2060,115,32.875
11,2061,262,181.859459459459
11,2062,229,-69.5652173913043
11,2063,-269,-223.946428571429
11,2064,-207,-148.948529411765
11,2065,102,22.0277777777778
11,2066,16,-23.448275862069
11,2067,46,-17.3625730994152
11,2068,-71,-61.2
11,2069,24,-41.8502415458937
11,2070,150,119.472527472527
11,2071,311,233.527777777778
11,2072,38,-69.5652173913043
11,2073,-217,-148.948529411765
11,2074,-179,-122.12
11,2075,-144,22.0277777777778
11,2076,2,-41.8502415458937
11,2077,-97,-17.3625730994152
11,2078,-71,-41.8502415458937
11,2079,-18,-41.8502415458937
11,2080,-15,94.3928571428571
11,2081,-18,94.3928571428571
11,2082,-4,-23.327485380117
11,2083,17,3.05042016806723
11,2084,109,32.875
11,2085,216,181.859459459459
11,2086,269,145.720430107527
11,2087,-298,-223.946428571429
11,2088,-112,-148.948529411765
11,2089,81,-122.12
11,2090,57,-23.448275862069
11,2091,15,-23.448275862069
11,2092,-29,-17.3625730994152
11,2093,105,-23.327485380117
11,2094,86,124.363636363636
11,2095,254,233.527777777778
11,2096,-183,-50.7647058823529
11,2097,-93,-148.948529411765
11,2098,-162,-122.12
11,2099,-71,-98.56
11,2100,-36,-41.8502415458937
11,2101,-54,-23.327485380117
11,2102,-44,-41.8502415458937
11,2103,-43,94.3928571428571
11,2104,-37,-23.327485380117
11,2105,-22,94.3928571428571
11,2106,-25,-23.327485380117
11,2107,4,-23.327485380117
11,2108,20,3.05042016806723
11,2109,34,77.6630434782609
11,2110,111,77.6630434782609
11,2111,157,126.452380952381
11,2112,76,-69.5652173913043
11,2113,111,-223.946428571429
11,2114,37,-134.733333333333
11,2115,100,-34.3333333333333
11,2116,-44,-0.5
11,2117,-25,-23.327485380117
11,2118,1,-23.327485380117
11,2119,-15,-17.3625730994152
11,2120,-30,-23.327485380117
11,2121,-107,-23.327485380117
11,2122,-152,-41.8502415458937
11,2123,-57,-41.8502415458937
11,2124,44,-41.8502415458937
11,2125,-98,103.258064516129
11,2126,-78,-41.8502415458937
11,2127,-4,-41.8502415458937
11,2128,-12,3.05042016806723
11,2129,-54,3.05042016806723
11,2130,-19,-41.8502415458937
11,2131,3,-23.327485380117
11,2132,9,3.05042016806723
11,2133,39,3.05042016806723
11,2134,96,77.6630434782609
11,2135,66,181.859459459459
11,2136,128,124.363636363636
11,2137,78,35.9090909090909
11,2138,103,-223.946428571429
11,2139,71,-0.5
11,2140,-50,-0.5
11,2141,-53,-41.8502415458937
11,2142,65,-41.8502415458937
11,2143,-86,-23.448275862069
11,2144,-89,-41.8502415458937
11,2145,-50,-41.8502415458937
11,2146,-109,-41.8502415458937
11,2147,-61,-41.8502415458937
11,2148,-38,-41.8502415458937
11,2149,-57,-23.327485380117
11,2150,-39,-41.8502415458937
11,2151,-24,-23.327485380117
11,2152,-9,-23.327485380117
11,2153,0,3.05042016806723
11,2154,4,3.05042016806723
11,2155,20,3.05042016806723
11,2156,39,77.6630434782609
11,2157,10,77.6630434782609
11,2158,81,77.6630434782609
11,2159,-46,126.452380952381
11,2160,-51,-23.327485380117
11,2161,20,-41.8502415458937
11,2162,106,32.875
11,2163,-9,-23.448275862069
11,2164,-5,3.05042016806723
11,2165,25,-17.3625730994152
11,2166,-85,32.875
11,2167,118,-41.8502415458937
11,2168,71,-23.448275862069
11,2169,4,-69.5652173913043
11,2170,-115,3.05042016806723
11,2171,-37,-41.8502415458937
11,2172,-23,-23.327485380117
11,2173,-54,-23.327485380117
11,2174,-43,-41.8502415458937
11,2175,-13,-23.327485380117
11,2176,-15,3.05042016806723
11,2177,2,-23.327485380117
11,2178,-1,3.05042016806723
11,2179,3,3.05042016806723
11,2180,16,3.05042016806723
11,2181,68,77.6630434782609
11,2182,317,136.15625
11,2183,-54,145.720430107527
11,2184,-184,-148.948529411765
11,2185,53,-122.12
11,2186,40,-23.448275862069
11,2187,-25,32.875
11,2188,-55,-23.327485380117
11,2189,72,-41.8502415458937
11,2190,118,124.363636363636
11,2191,304,145.720430107527
11,2192,55,-153.769230769231
11,2193,-221,-223.946428571429
11,2194,-249,-122.12
11,2195,-154,22.0277777777778
11,2196,-26,22.0277777777778
11,2197,-12,-23.327485380117
11,2198,-32,-17.3625730994152
11,2199,-18,-23.327485380117
11,2200,-2,94.3928571428571
11,2201,-13,3.05042016806723
11,2202,-2,3.05042016806723
11,2203,34,3.05042016806723
11,2204,120,77.6630434782609
11,2205,282,181.859459459459
11,2206,210,-69.5652173913043
11,2207,-303,-223.946428571429
11,2208,-155,-148.948529411765
11,2209,75,22.0277777777778
11,2210,63,-23.448275862069
11,2211,20,-23.448275862069
11,2212,-87,-17.3625730994152
11,2213,11,-41.8502415458937
11,2214,172,119.472527472527
11,2215,427,233.527777777778
11,2216,-27,-69.5652173913043
11,2217,-256,-148.948529411765
11,2218,-131,-122.12
11,2219,-66,22.0277777777778
11,2220,-107,-41.8502415458937
11,2221,-153,-41.8502415458937
11,2222,-54,-41.8502415458937
11,2223,-51,-41.8502415458937
11,2224,-12,94.3928571428571
11,2225,-13,3.05042016806723
11,2226,13,3.05042016806723
11,2227,19,77.6630434782609
11,2228,124,77.6630434782609
11,2229,315,188.75
11,2230,160,-69.5652173913043
11,2231,-288,-223.946428571429
11,2232,-141,-111.702702702703
11,2233,74,22.0277777777778
11,2234,69,-23.448275862069
11,2235,-21,-23.448275862069
11,2236,-57,-23.327485380117
11,2237,46,-41.8502415458937
11,2238,114,124.363636363636
11,2239,422,270.166666666667
11,2240,16,-153.769230769231
11,2241,-331,-148.948529411765
11,2242,-91,-122.12
11,2243,-147,22.0277777777778
11,2244,-48,-41.8502415458937
11,2245,-85,-41.8502415458937
11,2246,-96,-41.8502415458937
11,2247,-21,-41.8502415458937
11,2248,-28,94.3928571428571
11,2249,-7,-23.327485380117
11,2250,-3,3.05042016806723
11,2251,23,3.05042016806723
11,2252,148,77.6630434782609
11,2253,333,181.859459459459
11,2254,230,-69.5652173913043
11,2255,-384,-223.946428571429
11,2256,-106,-148.948529411765
11,2257,79,-122.12
11,2258,26,-23.448275862069
11,2259,35,-17.3625730994152
11,2260,-45,-17.3625730994152
11,2261,41,-23.327485380117
11,2262,177,119.472527472527
11,2263,244,233.527777777778
11,2264,-143,-223.946428571429
11,2265,-186,-148.948529411765
11,2266,-146,-122.12
11,2267,-79,-98.56
11,2268,-7,-41.8502415458937
11,2269,-77,-17.3625730994152
11,2270,-26,-41.8502415458937
11,2271,-44,-23.327485380117
11,2272,-35,94.3928571428571
11,2273,-36,-23.327485380117
11,2274,-19,-23.327485380117
11,2275,-2,-23.327485380117
11,2276,38,3.05042016806723
11,2277,45,77.6630434782609
11,2278,100,136.15625
11,2279,97,181.859459459459
11,2280,160,126.452380952381
11,2281,134,35.9090909090909
11,2282,56,-223.946428571429
11,2283,62,-223.946428571429
11,2284,26,-0.5
11,2285,-58,-17.3625730994152
11,2286,-30,-41.8502415458937
11,2287,-16,-23.327485380117
11,2288,19,-23.327485380117
11,2289,-213,44.7916666666667
11,2290,-117,-41.8502415458937
11,2291,-56,22.0277777777778
11,2292,79,-41.8502415458937
11,2293,-99,181.859459459459
11,2294,-69,-41.8502415458937
11,2295,-40,-41.8502415458937
11,2296,-32,94.3928571428571
11,2297,-32,-23.327485380117
11,2298,-50,-23.327485380117
11,2299,-8,-41.8502415458937
11,2300,17,3.05042016806723
11,2301,65,77.6630434782609
11,2302,81,136.15625
11,2303,142,181.859459459459
11,2304,119,35.9090909090909
11,2305,149,-223.946428571429
11,2306,56,-153.769230769231
11,2307,-30,-223.946428571429
11,2308,-64,-23.327485380117
11,2309,-41,-41.8502415458937
11,2310,75,-23.327485380117
11,2311,-28,-23.448275862069
11,2312,-75,-23.327485380117
11,2313,-72,-41.8502415458937
11,2314,-128,-41.8502415458937
11,2315,-41,-41.8502415458937
11,2316,-88,-23.327485380117
11,2317,-59,-41.8502415458937
11,2318,-46,-41.8502415458937
11,2319,-25,-23.327485380117
11,2320,-4,-23.327485380117
11,2321,-9,3.05042016806723
11,2322,5,3.05042016806723
11,2323,8,3.05042016806723
11,2324,64,3.05042016806723
11,2325,74,136.15625
11,2326,117,126.452380952381
11,2327,-84,-134.733333333333
11,2328,-87,-111.702702702703
11,2329,7,-41.8502415458937
11,2330,64,3.05042016806723
11,2331,14,-23.448275862069
11,2332,-4,-17.3625730994152
11,2333,45,-17.3625730994152
11,2334,90,124.363636363636
11,2335,193,126.452380952381
11,2336,22,-50.7647058823529
11,2337,-82,-111.702702702703
11,2338,-112,-98.1923076923077
11,2339,-95,-41.8502415458937
11,2340,-99,-41.8502415458937
11,2341,-45,-41.8502415458937
11,2342,-61,-23.327485380117
11,2343,-9,-41.8502415458937
11,2344,-16,44.7916666666667
11,2345,-6,-23.327485380117
11,2346,2,3.05042016806723
11,2347,10,3.05042016806723
11,2348,120,77.6630434782609
11,2349,187,181.859459459459
11,2350,266,-69.5652173913043
11,2351,-257,-223.946428571429
11,2352,-133,-148.948529411765
11,2353,-11,-122.12
11,2354,65,3.05042016806723
11,2355,-11,-23.448275862069
11,2356,-21,-17.3625730994152
11,2357,23,-23.327485380117
11,2358,141,119.472527472527
11,2359,399,233.527777777778
11,2360,0,-69.5652173913043
11,2361,-421,-148.948529411765
11,2362,9,-122.12
11,2363,-112,3.05042016806723
11,2364,-87,-41.8502415458937
11,2365,-69,-41.8502415458937
11,2366,-58,-41.8502415458937
11,2367,-15,-41.8502415458937
11,2368,-20,94.3928571428571
11,2369,-7,-23.327485380117
11,2370,-2,3.05042016806723
11,2371,32,3.05042016806723
11,2372,125,77.6630434782609
11,2373,308,181.859459459459
11,2374,251,-69.5652173913043
11,2375,-422,-223.946428571429
11,2376,-106,-148.948529411765
11,2377,6,-122.12
11,2378,51,-17.3625730994152
11,2379,22,-23.448275862069
11,2380,-22,-17.3625730994152
11,2381,9,-23.327485380117
11,2382,21,119.472527472527
11,2383,7,119.472527472527
11,2384,42,3.05042016806723
11,2385,49,-23.448275862069
11,2386,-81,56.25
11,2387,-50,-41.8502415458937
11,2388,-86,-41.8502415458937
11,2389,-53,-41.8502415458937
11,2390,-50,-41.8502415458937
11,2391,-26,-41.8502415458937
11,2392,-14,-23.327485380117
11,2393,-12,3.05042016806723
11,2394,1,3.05042016806723
11,2395,25,3.05042016806723
11,2396,126,77.6630434782609
11,2397,259,181.859459459459
11,2398,277,-69.5652173913043
11,2399,-391,-223.946428571429
11,2400,-116,-148.948529411765
11,2401,36,-122.12
11,2402,68,32.875
11,2403,13,-23.448275862069
11,2404,-50,-17.3625730994152
11,2405,39,-41.8502415458937
11,2406,99,119.472527472527
11,2407,408,233.527777777778
11,2408,-46,-50.7647058823529
11,2409,-260,-148.948529411765
11,2410,-94,-122.12
11,2411,-113,22.0277777777778
11,2412,-42,-41.8502415458937
11,2413,-76,-23.327485380117
11,2414,-94,-41.8502415458937
11,2415,-31,-41.8502415458937
11,2416,-19,94.3928571428571
11,2417,-9,-23.327485380117
11,2418,-5,3.05042016806723
11,2419,21,3.05042016806723
11,2420,83,77.6630434782609
11,2421,246,181.859459459459
11,2422,224,145.720430107527
11,2423,-243,-223.946428571429
11,2424,-108,-148.948529411765
11,2425,51,22.0277777777778
11,2426,38,-23.448275862069
11,2427,12,-17.3625730994152
11,2428,34,-17.3625730994152
11,2429,99,-17.3625730994152
11,2430,118,124.363636363636
11,2431,69,233.527777777778
11,2432,-131,-153.769230769231
11,2433,-118,-41.8502415458937
11,2434,-54,-41.8502415458937
11,2435,-95,-41.8502415458937
11,2436,-43,-41.8502415458937
11,2437,-46,-23.327485380117
11,2438,-50,-23.327485380117
11,2439,-34,-41.8502415458937
11,2440,-18,-23.327485380117
11,2441,-33,-23.327485380117
11,2442,-29,-23.327485380117
11,2443,8,-23.327485380117
11,2444,21,3.05042016806723
11,2445,23,77.6630434782609
11,2446,87,77.6630434782609
11,2447,148,126.452380952381
11,2448,148,45.1428571428571
11,2449,83,-223.946428571429
11,2450,9,-223.946428571429
11,2451,10,3.05042016806723
11,2452,25,32.875
11,2453,-51,-17.3625730994152
11,2454,-9,-41.8502415458937
11,2455,-42,-17.3625730994152
11,2456,-47,-23.327485380117
11,2457,-42,-23.327485380117
11,2458,-118,-23.327485380117
11,2459,-4,-41.8502415458937
11,2460,-47,3.05042016806723
11,2461,-54,-23.327485380117
11,2462,-13,-41.8502415458937
11,2463,-59,3.05042016806723
11,2464,-17,-41.8502415458937
11,2465,-25,-23.327485380117
11,2466,-25,-23.327485380117
11,2467,-4,-23.327485380117
11,2468,15,3.05042016806723
11,2469,30,77.6630434782609
11,2470,99,32.875
11,2471,119,181.859459459459
11,2472,154,45.1428571428571
11,2473,95,-153.769230769231
11,2474,51,-223.946428571429
11,2475,-72,-0.5
11,2476,49,-41.8502415458937
11,2477,-12,-0.5
11,2478,-34,-17.3625730994152
11,2479,21,-23.327485380117
11,2480,-4,-17.3625730994152
11,2481,-76,44.7916666666667
11,2482,-50,-41.8502415458937
11,2483,-249,-41.8502415458937
11,2484,-84,-41.8502415458937
11,2485,37,22.0277777777778
11,2486,-31,77.6630434782609
11,2487,-6,-23.327485380117
11,2488,-11,3.05042016806723
11,2489,-30,3.05042016806723
11,2490,-12,94.3928571428571
11,2491,3,3.05042016806723
11,2492,11,-17.3625730994152
11,2493,47,32.875
11,2494,88,103.258064516129
11,2495,108,181.859459459459
11,2496,101,35.9090909090909
11,2497,112,35.9090909090909
11,2498,49,-134.733333333333
11,2499,31,-34.3333333333333
11,2500,-91,-17.3625730994152
11,2501,-5,-41.8502415458937
11,2502,41,-17.3625730994152
11,2503,-96,-17.3625730994152
11,2504,-22,-41.8502415458937
11,2505,12,-23.327485380117
11,2506,-78,-17.3625730994152
11,2507,-70,-41.8502415458937
11,2508,-90,-41.8502415458937
11,2509,-75,-41.8502415458937
11,2510,-37,-41.8502415458937
11,2511,-31,-23.327485380117
11,2512,-6,-23.327485380117
11,2513,-5,3.05042016806723
11,2514,2,3.05042016806723
11,2515,28,3.05042016806723
11,2516,121,77.6630434782609
11,2517,296,181.859459459459
11,2518,184,-69.5652173913043
11,2519,-377,-223.946428571429
11,2520,-74,-34.3333333333333
11,2521,14,22.0277777777778
11,2522,40,32.875
11,2523,2,-17.3625730994152
11,2524,-1,-17.3625730994152
11,2525,18,119.472527472527
11,2526,137,119.472527472527
11,2527,388,233.527777777778
11,2528,-71,-69.5652173913043
11,2529,-184,-148.948529411765
11,2530,-322,-122.12
11,2531,-133,-98.56
11,2532,-16,22.0277777777778
11,2533,-5,-23.327485380117
11,2534,-14,-17.3625730994152
11,2535,-32,119.472527472527
11,2536,1,94.3928571428571
11,2537,0,3.05042016806723
11,2538,1,3.05042016806723
11,2539,35,3.05042016806723
11,2540,103,32.875
11,2541,339,181.859459459459
11,2542,188,145.720430107527
11,2543,-366,-223.946428571429
11,2544,-128,-34.3333333333333
11,2545,31,22.0277777777778
11,2546,45,-17.3625730994152
11,2547,36,-23.448275862069
11,2548,-37,-17.3625730994152
11,2549,23,-23.327485380117
11,2550,123,119.472527472527
11,2551,441,233.527777777778
11,2552,-43,-69.5652173913043
11,2553,-240,-148.948529411765
11,2554,-125,-122.12
11,2555,-127,22.0277777777778
11,2556,-87,-41.8502415458937
11,2557,-57,-41.8502415458937
11,2558,-99,-41.8502415458937
11,2559,-35,-41.8502415458937
11,2560,-12,94.3928571428571
11,2561,-6,3.05042016806723
11,2562,0,3.05042016806723
11,2563,25,3.05042016806723
11,2564,145,77.6630434782609
11,2565,329,181.859459459459
11,2566,186,-69.5652173913043
11,2567,-382,-223.946428571429
11,2568,-91,-111.702702702703
11,2569,-2,22.0277777777778
11,2570,74,3.05042016806723
11,2571,1,-23.448275862069
11,2572,-39,-17.3625730994152
11,2573,36,-23.327485380117
11,2574,197,119.472527472527
11,2575,340,233.527777777778
11,2576,-42,-69.5652173913043
11,2577,-194,-148.948529411765
11,2578,-112,-122.12
11,2579,-120,22.0277777777778
11,2580,-95,-41.8502415458937
11,2581,-124,-41.8502415458937
11,2582,-54,-41.8502415458937
11,2583,-52,-41.8502415458937
11,2584,-18,94.3928571428571
11,2585,-12,-23.327485380117
11,2586,2,3.05042016806723
11,2587,39,3.05042016806723
11,2588,96,77.6630434782609
11,2589,261,188.75
11,2590,292,145.720430107527
11,2591,-396,-223.946428571429
11,2592,-94,-148.948529411765
11,2593,31,-122.12
11,2594,75,-17.3625730994152
11,2595,6,-23.448275862069
11,2596,-62,-17.3625730994152
11,2597,4,-41.8502415458937
11,2598,-36,119.472527472527
11,2599,5,-23.327485380117
11,2600,-117,-17.3625730994152
11,2601,-65,-41.8502415458937
11,2602,-6,-41.8502415458937
11,2603,46,3.05042016806723
11,2604,-62,103.258064516129
11,2605,50,-41.8502415458937
11,2606,13,-61.2
11,2607,-10,32.875
11,2608,-35,3.05042016806723
11,2609,-15,-23.327485380117
11,2610,-13,-23.327485380117
11,2611,-1,3.05042016806723
11,2612,24,-17.3625730994152
11,2613,50,32.875
11,2614,124,136.15625
11,2615,122,181.859459459459
11,2616,161,-223.946428571429
11,2617,43,-153.769230769231
11,2618,132,-34.3333333333333
11,2619,11,-134.733333333333
11,2620,-32,-34.3333333333333
11,2621,55,-23.327485380117
11,2622,-58,-23.448275862069
11,2623,-58,-41.8502415458937
11,2624,-74,-41.8502415458937
11,2625,42,-41.8502415458937
11,2626,-155,103.258064516129
11,2627,-83,-41.8502415458937
11,2628,-88,-41.8502415458937
11,2629,10,-41.8502415458937
11,2630,-69,77.6630434782609
11,2631,-48,-41.8502415458937
11,2632,-32,-41.8502415458937
11,2633,-39,-23.327485380117
11,2634,-37,-23.327485380117
11,2635,-1,-23.327485380117
11,2636,10,3.05042016806723
11,2637,13,32.875
11,2638,105,77.6630434782609
11,2639,160,181.859459459459
11,2640,104,126.452380952381
11,2641,107,-223.946428571429
11,2642,173,-134.733333333333
11,2643,2,-134.733333333333
11,2644,-8,-34.3333333333333
11,2645,-34,-17.3625730994152
11,2646,18,-23.327485380117
11,2647,-84,-17.3625730994152
11,2648,-82,-41.8502415458937
11,2649,-43,-41.8502415458937
11,2650,-139,-23.327485380117
11,2651,-68,-41.8502415458937
11,2652,-20,-41.8502415458937
11,2653,-118,-23.327485380117
11,2654,-59,-41.8502415458937
11,2655,-35,-41.8502415458937
11,2656,-3,-23.327485380117
11,2657,-6,3.05042016806723
11,2658,3,3.05042016806723
11,2659,27,3.05042016806723
11,2660,104,32.875
11,2661,378,181.859459459459
11,2662,148,145.720430107527
11,2663,-383,-223.946428571429
11,2664,-95,-34.3333333333333
11,2665,52,22.0277777777778
11,2666,43,-23.448275862069
11,2667,-8,-23.448275862069
11,2668,-4,-17.3625730994152
11,2669,22,-17.3625730994152
11,2670,156,119.472527472527
11,2671,386,270.166666666667
11,2672,-12,-69.5652173913043
11,2673,-177,-148.948529411765
11,2674,-184,-122.12
11,2675,-196,-98.56
11,2676,-97,-41.8502415458937
11,2677,-82,22.0277777777778
11,2678,-52,-41.8502415458937
11,2679,-14,-41.8502415458937
11,2680,-12,44.7916666666667
11,2681,-3,3.05042016806723
11,2682,0,3.05042016806723
11,2683,31,3.05042016806723
11,2684,148,77.6630434782609
11,2685,385,181.859459459459
11,2686,141,-69.5652173913043
11,2687,-375,-223.946428571429
11,2688,-159,-34.3333333333333
11,2689,51,22.0277777777778
11,2690,20,-23.448275862069
11,2691,20,-17.3625730994152
11,2692,9,-17.3625730994152
11,2693,-4,119.472527472527
11,2694,201,119.472527472527
11,2695,377,270.166666666667
11,2696,-60,-69.5652173913043
11,2697,-277,-148.948529411765
11,2698,-98,-122.12
11,2699,-132,22.0277777777778
11,2700,-90,-41.8502415458937
11,2701,-80,-41.8502415458937
11,2702,-64,-41.8502415458937
11,2703,-22,-41.8502415458937
11,2704,-16,94.3928571428571
11,2705,-3,-23.327485380117
11,2706,2,3.05042016806723
11,2707,28,3.05042016806723
11,2708,134,77.6630434782609
11,2709,375,181.859459459459
11,2710,121,-69.5652173913043
11,2711,-365,-223.946428571429
11,2712,-100,-34.3333333333333
11,2713,23,22.0277777777778
11,2714,89,32.875
11,2715,-12,-23.448275862069
11,2716,-1,-17.3625730994152
11,2717,-2,119.472527472527
11,2718,152,119.472527472527
11,2719,272,270.166666666667
11,2720,58,-69.5652173913043
11,2721,-244,-223.946428571429
11,2722,-130,-122.12
11,2723,-110,22.0277777777778
11,2724,-50,-41.8502415458937
11,2725,-125,-41.8502415458937
11,2726,-64,-41.8502415458937
11,2727,-37,-41.8502415458937
11,2728,-10,94.3928571428571
11,2729,-7,3.05042016806723
11,2730,1,3.05042016806723
11,2731,28,3.05042016806723
11,2732,136,77.6630434782609
11,2733,356,188.75
11,2734,155,-69.5652173913043
11,2735,-344,-223.946428571429
11,2736,-127,-34.3333333333333
11,2737,27,22.0277777777778
11,2738,99,32.875
11,2739,-21,-23.448275862069
11,2740,-50,-23.327485380117
11,2741,68,-41.8502415458937
11,2742,133,124.363636363636
11,2743,403,270.166666666667
11,2744,-56,-223.946428571429
11,2745,-211,-148.948529411765
11,2746,-124,-122.12
11,2747,-165,22.0277777777778
11,2748,-85,-41.8502415458937
11,2749,-51,-41.8502415458937
11,2750,-100,-41.8502415458937
11,2751,-48,-41.8502415458937
11,2752,-10,94.3928571428571
11,2753,-11,3.05042016806723
11,2754,2,3.05042016806723
11,2755,19,3.05042016806723
11,2756,110,77.6630434782609
11,2757,289,181.859459459459
11,2758,272,145.720430107527
11,2759,-318,-223.946428571429
11,2760,-133,-148.948529411765
11,2761,15,-122.12
11,2762,105,32.875
11,2763,47,-23.448275862069
11,2764,-43,-23.448275862069
11,2765,24,-23.327485380117
11,2766,126,119.472527472527
11,2767,270,233.527777777778
11,2768,-70,-69.5652173913043
11,2769,-168,-148.948529411765
11,2770,-147,-122.12
11,2771,-69,-98.56
11,2772,-48,-41.8502415458937
11,2773,-76,-41.8502415458937
11,2774,-9,-41.8502415458937
11,2775,-83,44.7916666666667
11,2776,-34,94.3928571428571
11,2777,-49,-23.327485380117
11,2778,-32,-41.8502415458937
11,2779,11,-23.327485380117
11,2780,61,77.6630434782609
11,2781,7,136.15625
11,2782,157,3.05042016806723
11,2783,96,35.9090909090909
11,2784,126,-69.5652173913043
11,2785,103,35.9090909090909
11,2786,-38,-223.946428571429
11,2787,54,-23.327485380117
11,2788,8,-0.5
11,2789,-38,-17.3625730994152
11,2790,-21,-23.327485380117
11,2791,-39,-23.327485380117
11,2792,-44,-23.327485380117
11,2793,-91,-23.327485380117
11,2794,3,-41.8502415458937
11,2795,-47,3.05042016806723
11,2796,-102,-23.327485380117
11,2797,16,-41.8502415458937
11,2798,-72,32.875
11,2799,-42,-41.8502415458937
11,2800,-43,-23.327485380117
11,2801,-44,-23.327485380117
11,2802,-19,-23.327485380117
11,2803,3,-23.327485380117
11,2804,17,3.05042016806723
11,2805,32,32.875
11,2806,119,77.6630434782609
11,2807,85,181.859459459459
11,2808,147,-69.5652173913043
11,2809,86,35.9090909090909
11,2810,3,-223.946428571429
11,2811,-10,3.05042016806723
11,2812,8,-17.3625730994152
11,2813,-25,-17.3625730994152
11,2814,33,-23.327485380117
11,2815,13,-17.3625730994152
11,2816,-31,-17.3625730994152
11,2817,-115,-23.327485380117
11,2818,-12,-41.8502415458937
11,2819,-110,3.05042016806723
11,2820,-94,-41.8502415458937
11,2821,-49,-41.8502415458937
11,2822,-69,-41.8502415458937
11,2823,-17,-41.8502415458937
11,2824,-7,-23.327485380117
11,2825,-11,3.05042016806723
11,2826,1,3.05042016806723
11,2827,30,3.05042016806723
11,2828,107,77.6630434782609
11,2829,359,181.859459459459
11,2830,148,145.720430107527
11,2831,-335,-223.946428571429
11,2832,-169,-34.3333333333333
11,2833,55,22.0277777777778
11,2834,59,-23.448275862069
11,2835,-13,-23.448275862069
11,2836,11,-17.3625730994152
11,2837,0,-17.3625730994152
11,2838,168,119.472527472527
11,2839,373,270.166666666667
11,2840,31,-69.5652173913043
11,2841,-235,-148.948529411765
11,2842,-202,-122.12
11,2843,-144,22.0277777777778
11,2844,-86,22.0277777777778
11,2845,-84,-41.8502415458937
11,2846,-52,-41.8502415458937
11,2847,-12,-41.8502415458937
11,2848,-10,44.7916666666667
11,2849,6,3.05042016806723
11,2850,-8,3.05042016806723
11,2851,25,3.05042016806723
11,2852,107,77.6630434782609
11,2853,167,126.452380952381
11,2854,310,145.720430107527
11,2855,-328,-223.946428571429
11,2856,-160,-148.948529411765
11,2857,-60,-122.12
11,2858,30,-98.56
11,2859,-36,-17.3625730994152
11,2860,1,-23.327485380117
11,2861,56,-17.3625730994152
11,2862,123,124.363636363636
11,2863,442,233.527777777778
11,2864,-28,-153.769230769231
11,2865,-162,-148.948529411765
11,2866,-105,-122.12
11,2867,-112,-98.56
11,2868,-67,-41.8502415458937
11,2869,-118,-41.8502415458937
11,2870,-55,-41.8502415458937
11,2871,-6,-41.8502415458937
11,2872,-24,44.7916666666667
11,2873,4,-23.327485380117
11,2874,2,3.05042016806723
11,2875,30,3.05042016806723
11,2876,154,77.6630434782609
11,2877,311,126.452380952381
11,2878,208,-69.5652173913043
11,2879,-361,-223.946428571429
11,2880,-154,-148.948529411765
11,2881,48,22.0277777777778
11,2882,88,-23.448275862069
11,2883,-79,-23.448275862069
11,2884,65,-41.8502415458937
11,2885,-39,-61.2
11,2886,111,94.3928571428571
11,2887,465,233.527777777778
11,2888,-113,-69.5652173913043
11,2889,-73,-148.948529411765
11,2890,-223,-122.12
11,2891,-52,-98.56
11,2892,-158,22.0277777777778
11,2893,-85,-41.8502415458937
11,2894,-105,-41.8502415458937
11,2895,-27,-41.8502415458937
11,2896,-12,-23.327485380117
11,2897,-4,3.05042016806723
11,2898,1,3.05042016806723
11,2899,34,3.05042016806723
11,2900,141,77.6630434782609
11,2901,325,181.859459459459
11,2902,213,-69.5652173913043
11,2903,-362,-223.946428571429
11,2904,-178,-148.948529411765
11,2905,49,22.0277777777778
11,2906,37,-23.448275862069
11,2907,19,-17.3625730994152
11,2908,14,-17.3625730994152
11,2909,26,119.472527472527
11,2910,114,119.472527472527
11,2911,429,233.527777777778
11,2912,-44,-69.5652173913043
11,2913,-244,-148.948529411765
11,2914,-144,-122.12
11,2915,-98,22.0277777777778
11,2916,-95,-41.8502415458937
11,2917,-70,-41.8502415458937
11,2918,-78,-41.8502415458937
11,2919,-43,-41.8502415458937
11,2920,-36,94.3928571428571
11,2921,-10,-23.327485380117
11,2922,9,3.05042016806723
11,2923,19,3.05042016806723
11,2924,118,77.6630434782609
11,2925,279,181.859459459459
11,2926,223,-69.5652173913043
11,2927,-287,-223.946428571429
11,2928,-150,-148.948529411765
11,2929,70,22.0277777777778
11,2930,117,-23.448275862069
11,2931,-10,-23.448275862069
11,2932,-17,-111.702702702703
11,2933,1,-23.327485380117
11,2934,181,119.472527472527
11,2935,265,233.527777777778
11,2936,-130,-69.5652173913043
11,2937,-226,-148.948529411765
11,2938,-82,-122.12
11,2939,-52,22.0277777777778
11,2940,-12,-41.8502415458937
11,2941,-99,-17.3625730994152
11,2942,-85,-41.8502415458937
11,2943,-42,-41.8502415458937
11,2944,-28,94.3928571428571
11,2945,-40,-23.327485380117
11,2946,-19,-23.327485380117
11,2947,15,-23.327485380117
11,2948,24,32.875
11,2949,31,77.6630434782609
11,2950,126,77.6630434782609
11,2951,163,126.452380952381
11,2952,68,-69.5652173913043
11,2953,131,-223.946428571429
11,2954,37,-134.733333333333
11,2955,14,-34.3333333333333
11,2956,-44,-17.3625730994152
11,2957,10,-23.327485380117
11,2958,-41,-17.3625730994152
11,2959,51,-23.327485380117
11,2960,-22,-23.448275862069
11,2961,-110,-23.327485380117
11,2962,-109,-41.8502415458937
11,2963,-62,-41.8502415458937
11,2964,-10,-41.8502415458937
11,2965,-97,3.05042016806723
11,2966,-35,-41.8502415458937
11,2967,-60,-23.327485380117
11,2968,-14,-41.8502415458937
11,2969,-46,3.05042016806723
11,2970,-10,-23.327485380117
11,2971,-1,3.05042016806723
11,2972,6,3.05042016806723
11,2973,25,3.05042016806723
11,2974,71,77.6630434782609
11,2975,155,181.859459459459
11,2976,162,124.363636363636
11,2977,110,-223.946428571429
11,2978,69,-223.946428571429
11,2979,-1,-0.5
11,2980,-32,3.05042016806723
11,2981,-119,-23.327485380117
11,2982,117,-41.8502415458937
11,2983,13,-23.448275862069
11,2984,-80,-111.702702702703
11,2985,-123,-41.8502415458937
11,2986,-88,-41.8502415458937
11,2987,-56,-41.8502415458937
11,2988,-93,-41.8502415458937
11,2989,-45,-41.8502415458937
11,2990,-68,-23.327485380117
11,2991,-26,-41.8502415458937
11,2992,-5,-23.327485380117
11,2993,-5,3.05042016806723
11,2994,5,3.05042016806723
11,2995,14,3.05042016806723
11,2996,14,77.6630434782609
11,2997,108,77.6630434782609
11,2998,329,126.452380952381
11,2999,-224,56.25
11,3000,-159,-148.948529411765
11,3001,30,-122.12
11,3002,47,32.875
11,3003,57,-23.448275862069
11,3004,-6,-61.2
11,3005,18,-17.3625730994152
11,3006,95,32.875
11,3007,391,177.941176470588
11,3008,-81,-23.448275862069
11,3009,-179,-148.948529411765
11,3010,-101,-122.12
11,3011,-89,-98.56
11,3012,-109,-41.8502415458937
11,3013,-90,-41.8502415458937
11,3014,-39,-41.8502415458937
11,3015,-21,-23.327485380117
11,3016,1,94.3928571428571
11,3017,-7,3.05042016806723
11,3018,2,3.05042016806723
11,3019,27,3.05042016806723
11,3020,124,77.6630434782609
11,3021,319,181.859459459459
11,3022,193,-69.5652173913043
11,3023,-345,-223.946428571429
11,3024,-148,-34.3333333333333
11,3025,50,22.0277777777778
11,3026,62,-23.448275862069
11,3027,-20,-23.448275862069
11,3028,-45,-23.327485380117
11,3029,32,-23.327485380117
11,3030,75,119.472527472527
11,3031,477,233.527777777778
11,3032,-16,-50.7647058823529
11,3033,-281,-148.948529411765
11,3034,-56,-122.12
11,3035,-182,22.0277777777778
11,3036,15,-41.8502415458937
11,3037,-166,-17.3625730994152
11,3038,-72,-41.8502415458937
11,3039,-26,-41.8502415458937
11,3040,-21,94.3928571428571
11,3041,2,-23.327485380117
11,3042,-1,3.05042016806723
11,3043,32,3.05042016806723
11,3044,126,32.875
11,3045,299,188.75
11,3046,179,-69.5652173913043
11,3047,-327,-223.946428571429
11,3048,-149,-34.3333333333333
11,3049,21,22.0277777777778
11,3050,-8,-17.3625730994152
11,3051,31,-17.3625730994152
11,3052,-21,-17.3625730994152
11,3053,-11,-23.327485380117
11,3054,156,119.472527472527
11,3055,356,233.527777777778
11,3056,-19,-69.5652173913043
11,3057,-133,-148.948529411765
11,3058,-132,-122.12
11,3059,-63,-98.56
11,3060,-87,-41.8502415458937
11,3061,-134,-41.8502415458937
11,3062,-54,-41.8502415458937
11,3063,-51,-41.8502415458937
11,3064,0,-41.8502415458937
11,3065,-7,3.05042016806723
11,3066,1,3.05042016806723
11,3067,28,3.05042016806723
11,3068,110,77.6630434782609
11,3069,313,188.75
11,3070,127,145.720430107527
11,3071,-334,-223.946428571429
11,3072,-106,-34.3333333333333
11,3073,11,22.0277777777778
11,3074,54,32.875
11,3075,-43,-23.448275862069
11,3076,4,-23.327485380117
11,3077,18,-17.3625730994152
11,3078,126,44.7916666666667
11,3079,295,270.166666666667
11,3080,25,-69.5652173913043
11,3081,-141,-148.948529411765
11,3082,-63,-122.12
11,3083,-125,-98.56
11,3084,-68,-41.8502415458937
11,3085,-97,-41.8502415458937
11,3086,-53,-41.8502415458937
11,3087,-62,-41.8502415458937
11,3088,-19,-41.8502415458937
11,3089,-5,-23.327485380117
11,3090,3,3.05042016806723
11,3091,28,3.05042016806723
11,3092,84,77.6630434782609
11,3093,237,181.859459459459
11,3094,254,145.720430107527
11,3095,-280,-223.946428571429
11,3096,-148,-148.948529411765
11,3097,51,-122.12
11,3098,18,-23.448275862069
11,3099,46,-17.3625730994152
11,3100,-37,-61.2
11,3101,21,-23.327485380117
11,3102,96,119.472527472527
11,3103,266,233.527777777778
11,3104,-141,-23.448275862069
11,3105,-143,-148.948529411765
11,3106,-160,-122.12
11,3107,15,-98.56
11,3108,-20,77.6630434782609
11,3109,-23,-23.327485380117
11,3110,-58,-23.327485380117
11,3111,7,-41.8502415458937
11,3112,-30,119.472527472527
11,3113,-51,-23.327485380117
11,3114,-23,-41.8502415458937
11,3115,-7,-23.327485380117
11,3116,35,3.05042016806723
11,3117,31,32.875
11,3118,89,77.6630434782609
11,3119,165,181.859459459459
11,3120,162,126.452380952381
11,3121,22,-223.946428571429
11,3122,86,-34.3333333333333
11,3123,-38,-0.5
11,3124,45,-23.327485380117
11,3125,-126,-0.5
11,3126,30,-41.8502415458937
11,3127,17,-17.3625730994152
11,3128,-49,44.7916666666667
11,3129,-56,-41.8502415458937
11,3130,-39,-41.8502415458937
11,3131,-64,-23.327485380117
11,3132,-43,-41.8502415458937
11,3133,-54,-23.327485380117
11,3134,-62,-41.8502415458937
11,3135,-36,-41.8502415458937
11,3136,-13,-23.327485380117
11,3137,-54,3.05042016806723
11,3138,-47,-41.8502415458937
11,3139,-5,-23.327485380117
11,3140,17,3.05042016806723
11,3141,46,77.6630434782609
11,3142,70,136.15625
11,3143,91,136.15625
11,3144,220,35.9090909090909
11,3145,54,35.9090909090909
11,3146,50,-223.946428571429
11,3147,29,-0.5
11,3148,-34,-17.3625730994152
11,3149,-64,-23.327485380117
11,3150,-26,-41.8502415458937
11,3151,71,-23.327485380117
11,3152,2,-23.448275862069
11,3153,-111,119.472527472527
11,3154,-91,-41.8502415458937
11,3155,-79,-41.8502415458937
11,3156,-75,-41.8502415458937
11,3157,-91,-41.8502415458937
11,3158,-19,-41.8502415458937
11,3159,-37,-23.327485380117
11,3160,-17,-23.327485380117
11,3161,-9,-23.327485380117
11,3162,-1,3.05042016806723
11,3163,39,3.05042016806723
11,3164,115,77.6630434782609
11,3165,327,181.859459459459
11,3166,123,-153.769230769231
11,3167,-340,-223.946428571429
11,3168,-84,-34.3333333333333
11,3169,-3,22.0277777777778
11,3170,89,-17.3625730994152
11,3171,-10,-23.448275862069
11,3172,-9,-17.3625730994152
11,3173,-18,-17.3625730994152
11,3174,181,94.3928571428571
11,3175,419,188.75
11,3176,-42,-69.5652173913043
11,3177,-209,-148.948529411765
11,3178,-107,-122.12
11,3179,-144,22.0277777777778
11,3180,-144,-41.8502415458937
11,3181,-84,-41.8502415458937
11,3182,-66,-41.8502415458937
11,3183,-7,-41.8502415458937
11,3184,-21,44.7916666666667
11,3185,0,-23.327485380117
11,3186,1,3.05042016806723
11,3187,29,3.05042016806723
11,3188,149,77.6630434782609
11,3189,364,181.859459459459
11,3190,104,-69.5652173913043
11,3191,-328,-223.946428571429
11,3192,-138,-122.12
11,3193,45,22.0277777777778
11,3194,73,-23.448275862069
11,3195,-2,-23.448275862069
11,3196,-39,-17.3625730994152
11,3197,50,-23.327485380117
11,3198,99,124.363636363636
11,3199,484,270.166666666667
11,3200,-76,-50.7647058823529
11,3201,-212,-148.948529411765
11,3202,-107,-122.12
11,3203,-177,22.0277777777778
11,3204,-83,-41.8502415458937
11,3205,-114,-41.8502415458937
11,3206,-77,-41.8502415458937
11,3207,-31,-41.8502415458937
11,3208,-9,94.3928571428571
11,3209,-6,3.05042016806723
11,3210,3,3.05042016806723
11,3211,25,3.05042016806723
11,3212,164,77.6630434782609
11,3213,327,181.859459459459
11,3214,160,-69.5652173913043
11,3215,-405,-223.946428571429
11,3216,-110,-111.702702702703
11,3217,37,22.0277777777778
11,3218,113,32.875
11,3219,-1,-23.448275862069
11,3220,-51,-111.702702702703
11,3221,-21,-41.8502415458937
11,3222,143,94.3928571428571
11,3223,451,270.166666666667
11,3224,-39,-69.5652173913043
11,3225,-161,-148.948529411765
11,3226,-198,-122.12
11,3227,-78,-98.56
11,3228,-70,22.0277777777778
11,3229,-138,-41.8502415458937
11,3230,-105,-41.8502415458937
11,3231,-29,-41.8502415458937
11,3232,-12,94.3928571428571
11,3233,-6,3.05042016806723
11,3234,4,3.05042016806723
11,3235,36,3.05042016806723
11,3236,146,77.6630434782609
11,3237,315,188.75
11,3238,109,-69.5652173913043
11,3239,-266,-223.946428571429
11,3240,-167,-122.12
11,3241,27,22.0277777777778
11,3242,65,-17.3625730994152
11,3243,-40,-23.448275862069
11,3244,18,-23.327485380117
11,3245,-35,119.472527472527
11,3246,168,94.3928571428571
11,3247,318,270.166666666667
11,3248,-8,-69.5652173913043
11,3249,-126,-148.948529411765
11,3250,-101,-122.12
11,3251,-72,-98.56
11,3252,-124,-41.8502415458937
11,3253,-103,-41.8502415458937
11,3254,-57,-41.8502415458937
11,3255,-72,-41.8502415458937
11,3256,-24,-41.8502415458937
11,3257,-10,-23.327485380117
11,3258,2,3.05042016806723
11,3259,35,3.05042016806723
11,3260,118,77.6630434782609
11,3261,217,181.859459459459
11,3262,244,-69.5652173913043
11,3263,-324,-223.946428571429
11,3264,-129,-148.948529411765
11,3265,17,-122.12
11,3266,38,-17.3625730994152
11,3267,13,-17.3625730994152
11,3268,-6,-17.3625730994152
11,3269,-3,-17.3625730994152
11,3270,121,119.472527472527
11,3271,188,233.527777777778
11,3272,-75,-69.5652173913043
11,3273,-101,-111.702702702703
11,3274,-55,-98.1923076923077
11,3275,-72,-41.8502415458937
11,3276,-73,-41.8502415458937
11,3277,-115,-41.8502415458937
11,3278,21,-41.8502415458937
11,3279,-11,44.7916666666667
11,3280,3,44.7916666666667
11,3281,-38,3.05042016806723
11,3282,-5,-23.327485380117
11,3283,-8,3.05042016806723
11,3284,32,3.05042016806723
11,3285,50,77.6630434782609
11,3286,102,136.15625
11,3287,81,-61.2
11,3288,129,35.9090909090909
11,3289,48,-134.733333333333
11,3290,19,-34.3333333333333
11,3291,-43,-17.3625730994152
11,3292,-19,-23.327485380117
11,3293,-5,-23.327485380117
11,3294,-31,-17.3625730994152
11,3295,-11,-23.327485380117
11,3296,-23,-17.3625730994152
11,3297,35,-23.327485380117
11,3298,-82,32.875
11,3299,-79,-41.8502415458937
11,3300,-41,-41.8502415458937
11,3301,-20,-23.327485380117
11,3302,-3,-23.327485380117
11,3303,-56,3.05042016806723
11,3304,-3,-41.8502415458937
11,3305,-57,3.05042016806723
11,3306,-29,-41.8502415458937
11,3307,6,-23.327485380117
11,3308,17,3.05042016806723
11,3309,23,32.875
11,3310,92,32.875
11,3311,77,56.25
11,3312,147,124.363636363636
11,3313,11,35.9090909090909
11,3314,56,-111.702702702703
11,3315,-13,-0.5
11,3316,24,3.05042016806723
11,3317,-99,-17.3625730994152
11,3318,-32,-41.8502415458937
11,3319,100,-23.327485380117
11,3320,-43,-23.448275862069
11,3321,12,-23.327485380117
11,3322,-50,32.875
11,3323,-74,-41.8502415458937
11,3324,-107,-41.8502415458937
11,3325,-41,-41.8502415458937
11,3326,-67,-23.327485380117
11,3327,-26,-41.8502415458937
11,3328,-2,-23.327485380117
11,3329,-10,3.05042016806723
11,3330,7,3.05042016806723
11,3331,28,3.05042016806723
11,3332,96,77.6630434782609
11,3333,262,181.859459459459
11,3334,170,126.452380952381
11,3335,-273,-223.946428571429
11,3336,-121,-34.3333333333333
11,3337,27,22.0277777777778
11,3338,56,32.875
11,3339,-21,-23.448275862069
11,3340,-6,-23.327485380117
11,3341,4,-17.3625730994152
11,3342,131,119.472527472527
11,3343,382,233.527777777778
11,3344,-17,-69.5652173913043
11,3345,-149,-148.948529411765
11,3346,-186,-122.12
11,3347,-137,-98.56
11,3348,-70,-41.8502415458937
11,3349,-86,-41.8502415458937
11,3350,-49,-41.8502415458937
11,3351,-39,-41.8502415458937
11,3352,-4,-23.327485380117
11,3353,-8,3.05042016806723
11,3354,4,3.05042016806723
11,3355,29,3.05042016806723
11,3356,119,77.6630434782609
11,3357,329,181.859459459459
11,3358,163,-69.5652173913043
11,3359,-374,-223.946428571429
11,3360,-63,-34.3333333333333
11,3361,8,22.0277777777778
11,3362,55,3.05042016806723
11,3363,11,-23.448275862069
11,3364,27,-17.3625730994152
11,3365,91,-17.3625730994152
11,3366,126,124.363636363636
11,3367,195,270.166666666667
11,3368,-95,-223.946428571429
11,3369,-130,-34.3333333333333
11,3370,-121,-98.1923076923077
11,3371,-180,-41.8502415458937
11,3372,-19,-41.8502415458937
11,3373,-6,-23.327485380117
11,3374,-12,-17.3625730994152
11,3375,-36,119.472527472527
11,3376,-30,-23.327485380117
11,3377,-61,-23.327485380117
11,3378,-16,94.3928571428571
11,3379,3,-23.327485380117
11,3380,13,3.05042016806723
11,3381,40,32.875
11,3382,81,32.875
11,3383,140,181.859459459459
11,3384,154,126.452380952381
11,3385,38,-223.946428571429
11,3386,9,-34.3333333333333
11,3387,5,3.05042016806723
11,3388,48,-17.3625730994152
11,3389,-93,-23.448275862069
11,3390,-65,-41.8502415458937
11,3391,25,-41.8502415458937
11,3392,16,44.7916666666667
11,3393,2,44.7916666666667
11,3394,119,3.05042016806723
11,3395,33,56.25
11,3396,-82,-111.702702702703
11,3397,-319,-41.8502415458937
11,3398,-95,-41.8502415458937
11,3399,-58,22.0277777777778
11,3400,-12,-41.8502415458937
11,3401,-11,-17.3625730994152
11,3402,0,-17.3625730994152
11,3403,22,3.05042016806723
11,3404,104,77.6630434782609
11,3405,210,188.75
11,3406,207,145.720430107527
11,3407,-257,-223.946428571429
11,3408,-107,-148.948529411765
11,3409,58,22.0277777777778
11,3410,32,-23.448275862069
11,3411,34,-17.3625730994152
11,3412,-69,-17.3625730994152
11,3413,13,-41.8502415458937
11,3414,179,119.472527472527
11,3415,256,233.527777777778
11,3416,-82,-69.5652173913043
11,3417,-104,-148.948529411765
11,3418,-182,-122.12
11,3419,2,-98.56
11,3420,-98,3.05042016806723
11,3421,-94,-41.8502415458937
11,3422,-29,-41.8502415458937
11,3423,-73,-23.327485380117
11,3424,-12,-41.8502415458937
11,3425,-10,3.05042016806723
11,3426,-1,3.05042016806723
11,3427,29,3.05042016806723
11,3428,96,77.6630434782609
11,3429,222,181.859459459459
11,3430,232,145.720430107527
11,3431,-281,-223.946428571429
11,3432,-94,-148.948529411765
11,3433,23,-122.12
11,3434,98,32.875
11,3435,-38,-23.448275862069
11,3436,-18,-23.327485380117
11,3437,10,-23.327485380117
11,3438,84,44.7916666666667
11,3439,207,233.527777777778
11,3440,-16,-23.448275862069
11,3441,-142,-148.948529411765
11,3442,-82,-98.1923076923077
11,3443,-36,-41.8502415458937
11,3444,-12,-23.327485380117
11,3445,-124,-17.3625730994152
11,3446,-14,-41.8502415458937
11,3447,-79,3.05042016806723
11,3448,-13,-41.8502415458937
11,3449,-27,3.05042016806723
11,3450,-15,-23.327485380117
11,3451,-2,-23.327485380117
11,3452,17,3.05042016806723
11,3453,40,77.6630434782609
11,3454,81,32.875
11,3455,104,181.859459459459
11,3456,69,45.1428571428571
11,3457,42,35.9090909090909
11,3458,-25,81.6
11,3459,18,-23.327485380117
11,3460,-52,-17.3625730994152
11,3461,-2,-41.8502415458937
11,3462,-12,-17.3625730994152
11,3463,-15,-17.3625730994152
11,3464,-2,-23.327485380117
11,3465,10,3.05042016806723
11,3466,-11,77.6630434782609
11,3467,-75,3.05042016806723
11,3468,19,-41.8502415458937
11,3469,-72,32.875
11,3470,-1,-41.8502415458937
11,3471,-23,3.05042016806723
11,3472,-54,-23.327485380117
11,3473,-35,-41.8502415458937
11,3474,-22,-23.327485380117
11,3475,-7,-23.327485380117
11,3476,15,3.05042016806723
11,3477,31,77.6630434782609
11,3478,78,32.875
11,3479,112,181.859459459459
11,3480,77,126.452380952381
11,3481,70,-153.769230769231
11,3482,-13,35.9090909090909
11,3483,-39,3.05042016806723
11,3484,-25,-23.327485380117
11,3485,-14,-23.327485380117
11,3486,-7,-17.3625730994152
11,3487,-21,-17.3625730994152
11,3488,-17,-23.327485380117
11,3489,-3,-23.327485380117
11,3490,35,3.05042016806723
11,3491,-78,77.6630434782609
11,3492,-85,-41.8502415458937
11,3493,1,-41.8502415458937
11,3494,-84,3.05042016806723
11,3495,-21,-41.8502415458937
11,3496,-13,-23.327485380117
11,3497,0,-17.3625730994152
11,3498,-3,3.05042016806723
11,3499,26,3.05042016806723
11,3500,64,77.6630434782609
11,3501,138,136.15625
11,3502,225,181.859459459459
11,3503,-92,-223.946428571429
11,3504,-188,-148.948529411765
11,3505,41,-98.1923076923077
11,3506,50,32.875
11,3507,-11,-23.448275862069
11,3508,-13,-17.3625730994152
11,3509,38,-17.3625730994152
11,3510,133,119.472527472527
11,3511,436,181.859459459459
11,3512,23,-69.5652173913043
11,3513,-241,-148.948529411765
11,3514,-184,-122.12
11,3515,-116,22.0277777777778
11,3516,-107,-41.8502415458937
11,3517,-93,-41.8502415458937
11,3518,-62,-41.8502415458937
11,3519,-54,-41.8502415458937
11,3520,1,94.3928571428571
11,3521,-13,3.05042016806723
11,3522,1,3.05042016806723
11,3523,38,3.05042016806723
11,3524,145,77.6630434782609
11,3525,333,181.859459459459
11,3526,129,-69.5652173913043
11,3527,-318,-223.946428571429
11,3528,-141,-34.3333333333333
11,3529,59,22.0277777777778
11,3530,23,-23.448275862069
11,3531,8,-17.3625730994152
11,3532,-38,-17.3625730994152
11,3533,23,-23.327485380117
11,3534,170,119.472527472527
11,3535,437,270.166666666667
11,3536,-53,-69.5652173913043
11,3537,-405,-148.948529411765
11,3538,-330,-122.12
11,3539,6,22.0277777777778
11,3540,49,3.05042016806723
11,3541,-36,-23.448275862069
11,3542,-59,-23.327485380117
11,3543,-30,-41.8502415458937
11,3544,-9,94.3928571428571
11,3545,0,3.05042016806723
11,3546,2,3.05042016806723
11,3547,34,-17.3625730994152
11,3548,144,32.875
11,3549,312,181.859459459459
11,3550,177,-69.5652173913043
11,3551,-346,-223.946428571429
11,3552,-133,-34.3333333333333
11,3553,34,22.0277777777778
11,3554,63,-17.3625730994152
11,3555,-19,-23.448275862069
11,3556,-32,-23.327485380117
11,3557,35,-23.327485380117
11,3558,135,119.472527472527
11,3559,419,233.527777777778
11,3560,-16,-69.5652173913043
11,3561,-181,-148.948529411765
11,3562,-150,-122.12
11,3563,-92,-98.56
11,3564,-147,-41.8502415458937
11,3565,-92,-41.8502415458937
11,3566,-96,-41.8502415458937
11,3567,-35,-41.8502415458937
11,3568,-12,94.3928571428571
11,3569,1,3.05042016806723
11,3570,-5,3.05042016806723
11,3571,39,3.05042016806723
11,3572,134,77.6630434782609
11,3573,334,181.859459459459
11,3574,190,-223.946428571429
11,3575,-375,-223.946428571429
11,3576,-113,-34.3333333333333
11,3577,1,22.0277777777778
11,3578,77,-17.3625730994152
11,3579,-15,-23.448275862069
11,3580,-68,-23.327485380117
11,3581,62,-41.8502415458937
11,3582,168,124.363636363636
11,3583,356,233.527777777778
11,3584,30,-223.946428571429
11,3585,-196,-148.948529411765
11,3586,-115,-122.12
11,3587,-141,22.0277777777778
11,3588,-55,-41.8502415458937
11,3589,-107,-41.8502415458937
11,3590,-116,-41.8502415458937
11,3591,-36,-41.8502415458937
11,3592,-42,94.3928571428571
11,3593,-8,-23.327485380117
11,3594,2,3.05042016806723
11,3595,23,3.05042016806723
11,3596,93,77.6630434782609
11,3597,253,181.859459459459
11,3598,333,145.720430107527
11,3599,-299,-223.946428571429
11,3600,-146,-148.948529411765
11,3601,20,-122.12
11,3602,91,32.875
11,3603,-5,-23.448275862069
11,3604,-5,-17.3625730994152
11,3605,-16,-17.3625730994152
11,3606,139,94.3928571428571
11,3607,343,233.527777777778
11,3608,-204,-69.5652173913043
11,3609,-143,-148.948529411765
11,3610,-99,-122.12
11,3611,-90,-98.56
11,3612,-36,-41.8502415458937
11,3613,-51,-23.327485380117
11,3614,-21,-41.8502415458937
11,3615,-73,94.3928571428571
11,3616,-17,-41.8502415458937
11,3617,-61,-23.327485380117
11,3618,-31,-41.8502415458937
11,3619,-4,-23.327485380117
11,3620,30,3.05042016806723
11,3621,13,77.6630434782609
11,3622,103,32.875
11,3623,131,181.859459459459
11,3624,119,124.363636363636
11,3625,38,-223.946428571429
11,3626,60,-111.702702702703
11,3627,92,-0.5
11,3628,41,-0.5
11,3629,-72,-17.3625730994152
11,3630,6,-41.8502415458937
11,3631,-108,-17.3625730994152
11,3632,-107,-41.8502415458937
11,3633,80,-41.8502415458937
11,3634,-75,-23.448275862069
11,3635,-87,-41.8502415458937
11,3636,-44,-41.8502415458937
11,3637,-14,-23.327485380117
11,3638,-24,3.05042016806723
11,3639,-19,-23.327485380117
11,3640,-53,-23.327485380117
11,3641,-58,-41.8502415458937
11,3642,-38,-41.8502415458937
11,3643,-10,-23.327485380117
11,3644,6,3.05042016806723
11,3645,32,3.05042016806723
11,3646,86,77.6630434782609
11,3647,88,181.859459459459
11,3648,161,126.452380952381
11,3649,69,35.9090909090909
11,3650,38,-223.946428571429
11,3651,-9,32.875
11,3652,-4,-17.3625730994152
11,3653,13,-17.3625730994152
11,3654,6,-17.3625730994152
11,3655,-59,-17.3625730994152
11,3656,-124,-41.8502415458937
11,3657,0,-41.8502415458937
11,3658,-18,3.05042016806723
11,3659,-71,-23.327485380117
11,3660,-93,-41.8502415458937
11,3661,-39,-41.8502415458937
11,3662,-48,-23.327485380117
11,3663,-32,-41.8502415458937
11,3664,4,-23.327485380117
11,3665,-9,3.05042016806723
11,3666,6,3.05042016806723
11,3667,38,3.05042016806723
11,3668,90,77.6630434782609
11,3669,343,181.859459459459
11,3670,184,126.452380952381
11,3671,-319,-223.946428571429
11,3672,-162,-34.3333333333333
11,3673,-4,22.0277777777778
11,3674,55,-17.3625730994152
11,3675,2,-23.448275862069
11,3676,-27,-17.3625730994152
11,3677,25,-23.327485380117
11,3678,149,119.472527472527
11,3679,369,233.527777777778
11,3680,39,-69.5652173913043
11,3681,-199,-148.948529411765
11,3682,-141,-122.12
11,3683,-126,22.0277777777778
11,3684,-44,-41.8502415458937
11,3685,-118,-23.327485380117
11,3686,-113,-41.8502415458937
11,3687,-28,-41.8502415458937
11,3688,-18,94.3928571428571
11,3689,-4,-23.327485380117
11,3690,4,3.05042016806723
11,3691,31,3.05042016806723
11,3692,175,77.6630434782609
11,3693,313,181.859459459459
11,3694,135,-69.5652173913043
11,3695,-341,-223.946428571429
11,3696,-161,-34.3333333333333
11,3697,47,22.0277777777778
11,3698,48,-23.448275862069
11,3699,-33,-23.448275862069
11,3700,-7,-23.327485380117
11,3701,30,119.472527472527
11,3702,137,44.7916666666667
11,3703,389,270.166666666667
11,3704,2,-69.5652173913043
11,3705,-225,-148.948529411765
11,3706,-120,-122.12
11,3707,-94,22.0277777777778
11,3708,-89,-41.8502415458937
11,3709,-83,-41.8502415458937
11,3710,-108,-41.8502415458937
11,3711,-37,-41.8502415458937
11,3712,-8,94.3928571428571
11,3713,-4,3.05042016806723
11,3714,2,3.05042016806723
11,3715,40,3.05042016806723
11,3716,116,77.6630434782609
11,3717,333,181.859459459459
11,3718,184,-153.769230769231
11,3719,-382,-223.946428571429
11,3720,-159,-34.3333333333333
11,3721,45,22.0277777777778
11,3722,19,-23.448275862069
11,3723,1,-17.3625730994152
11,3724,-33,-17.3625730994152
11,3725,24,-23.327485380117
11,3726,30,119.472527472527
11,3727,146,44.7916666666667
11,3728,273,-23.448275862069
11,3729,-127,-69.5652173913043
11,3730,-150,-148.948529411765
11,3731,-47,-122.12
11,3732,-31,-23.327485380117
11,3733,-157,-23.327485380117
11,3734,-65,-41.8502415458937
11,3735,-41,-41.8502415458937
11,3736,-18,-23.327485380117
11,3737,-2,-23.327485380117
11,3738,3,3.05042016806723
11,3739,32,3.05042016806723
11,3740,112,77.6630434782609
11,3741,321,188.75
11,3742,184,-69.5652173913043
11,3743,-339,-223.946428571429
11,3744,-120,-34.3333333333333
11,3745,18,22.0277777777778
11,3746,58,-17.3625730994152
11,3747,-20,-23.448275862069
11,3748,-57,-23.327485380117
11,3749,95,-41.8502415458937
11,3750,66,124.363636363636
11,3751,413,233.527777777778
11,3752,6,-50.7647058823529
11,3753,-244,-148.948529411765
11,3754,-28,-122.12
11,3755,-173,22.0277777777778
11,3756,-264,-41.8502415458937
11,3757,-3,-41.8502415458937
11,3758,-31,-17.3625730994152
11,3759,-23,-23.327485380117
11,3760,8,94.3928571428571
11,3761,17,3.05042016806723
11,3762,-27,77.6630434782609
11,3763,33,94.3928571428571
11,3764,84,77.6630434782609
11,3765,234,45.1428571428571
11,3766,331,145.720430107527
11,3767,-318,-223.946428571429
11,3768,-140,-148.948529411765
11,3769,-21,-122.12
11,3770,62,-23.327485380117
11,3771,-118,-23.448275862069
11,3772,73,-41.8502415458937
11,3773,-13,-61.2
11,3774,220,44.7916666666667
11,3775,279,233.527777777778
11,3776,-93,-69.5652173913043
11,3777,-220,-148.948529411765
11,3778,-151,-122.12
11,3779,-129,22.0277777777778
11,3780,13,-41.8502415458937
11,3781,31,-17.3625730994152
11,3782,-63,-17.3625730994152
11,3783,-31,-41.8502415458937
11,3784,-12,94.3928571428571
11,3785,-35,3.05042016806723
11,3786,-9,-23.327485380117
11,3787,1,3.05042016806723
11,3788,-2,-17.3625730994152
11,3789,22,3.05042016806723
11,3790,75,77.6630434782609
11,3791,95,181.859459459459
11,3792,61,145.720430107527
11,3793,37,35.9090909090909
11,3794,152,32.875
11,3795,-103,-134.733333333333
11,3796,-11,-34.3333333333333
11,3797,37,-17.3625730994152
11,3798,-54,-17.3625730994152
11,3799,-85,-41.8502415458937
11,3800,-64,-41.8502415458937
11,3801,61,-41.8502415458937
11,3802,-24,136.15625
11,3803,-51,-23.327485380117
11,3804,17,-41.8502415458937
11,3805,-31,32.875
11,3806,-36,-23.327485380117
11,3807,17,-23.327485380117
11,3808,-8,-17.3625730994152
11,3809,-79,3.05042016806723
11,3810,-27,-41.8502415458937
11,3811,-10,-23.327485380117
11,3812,13,3.05042016806723
11,3813,19,77.6630434782609
11,3814,115,77.6630434782609
11,3815,105,181.859459459459
11,3816,121,-69.5652173913043
11,3817,126,35.9090909090909
11,3818,-1,-153.769230769231
11,3819,122,-34.3333333333333
11,3820,-10,-134.733333333333
11,3821,8,-34.3333333333333
11,3822,4,-17.3625730994152
11,3823,-72,-17.3625730994152
11,3824,-41,-41.8502415458937
11,3825,7,-23.327485380117
11,3826,-144,44.7916666666667
11,3827,-33,-41.8502415458937
11,3828,-154,-23.327485380117
11,3829,-68,-41.8502415458937
11,3830,-76,-41.8502415458937
11,3831,-20,-41.8502415458937
11,3832,-10,-23.327485380117
11,3833,-15,3.05042016806723
11,3834,6,-23.327485380117
11,3835,43,3.05042016806723
11,3836,106,188.75
11,3837,264,181.859459459459
11,3838,317,126.452380952381
11,3839,-393,-223.946428571429
11,3840,-145,-148.948529411765
11,3841,-2,-122.12
11,3842,116,-17.3625730994152
11,3843,-74,-23.448275862069
11,3844,31,-111.702702702703
11,3845,10,-17.3625730994152
11,3846,176,44.7916666666667
11,3847,390,233.527777777778
11,3848,-106,-69.5652173913043
11,3849,-159,-148.948529411765
11,3850,-179,-122.12
11,3851,-107,-98.56
11,3852,-87,-41.8502415458937
11,3853,-95,-41.8502415458937
11,3854,-50,-41.8502415458937
11,3855,-47,-41.8502415458937
11,3856,-1,-23.327485380117
11,3857,-10,3.05042016806723
11,3858,0,3.05042016806723
11,3859,44,3.05042016806723
11,3860,140,136.15625
11,3861,326,181.859459459459
11,3862,227,-223.946428571429
11,3863,-404,-223.946428571429
11,3864,-121,-148.948529411765
11,3865,-17,22.0277777777778
11,3866,28,-23.327485380117
11,3867,44,-17.3625730994152
11,3868,-29,-23.448275862069
11,3869,41,-23.327485380117
11,3870,170,119.472527472527
11,3871,414,233.527777777778
11,3872,8,-223.946428571429
11,3873,-245,-148.948529411765
11,3874,-109,-122.12
11,3875,-145,22.0277777777778
11,3876,-109,-41.8502415458937
11,3877,-77,-41.8502415458937
11,3878,-126,-41.8502415458937
11,3879,-38,-41.8502415458937
11,3880,-16,94.3928571428571
11,3881,0,-23.327485380117
11,3882,-8,3.05042016806723
11,3883,55,3.05042016806723
11,3884,131,136.15625
11,3885,317,181.859459459459
11,3886,281,-223.946428571429
11,3887,-446,-223.946428571429
11,3888,-111,-148.948529411765
11,3889,50,-122.12
11,3890,29,-23.448275862069
11,3891,2,-17.3625730994152
11,3892,-65,-17.3625730994152
11,3893,70,-41.8502415458937
11,3894,167,124.363636363636
11,3895,429,233.527777777778
11,3896,-22,-223.946428571429
11,3897,-193,-148.948529411765
11,3898,-131,-122.12
11,3899,-170,22.0277777777778
11,3900,-119,-41.8502415458937
11,3901,-39,-41.8502415458937
11,3902,-147,-23.327485380117
11,3903,-63,-41.8502415458937
11,3904,-8,94.3928571428571
11,3905,-13,3.05042016806723
11,3906,-4,3.05042016806723
11,3907,38,3.05042016806723
11,3908,139,77.6630434782609
11,3909,314,181.859459459459
11,3910,234,-69.5652173913043
11,3911,-385,-223.946428571429
11,3912,-122,-148.948529411765
11,3913,-10,-122.12
11,3914,67,-17.3625730994152
11,3915,-37,-23.448275862069
11,3916,-29,-23.327485380117
11,3917,25,-23.327485380117
11,3918,136,44.7916666666667
11,3919,364,233.527777777778
11,3920,-50,-69.5652173913043
11,3921,-74,-148.948529411765
11,3922,-168,-122.12
11,3923,-175,-98.56
11,3924,-37,-41.8502415458937
11,3925,-89,-23.327485380117
11,3926,-48,-41.8502415458937
11,3927,-43,-41.8502415458937
11,3928,-28,-23.327485380117
11,3929,-14,94.3928571428571
11,3930,-4,3.05042016806723
11,3931,29,3.05042016806723
11,3932,102,77.6630434782609
11,3933,271,181.859459459459
11,3934,266,145.720430107527
11,3935,-313,-223.946428571429
11,3936,-132,-148.948529411765
11,3937,20,-122.12
11,3938,48,32.875
11,3939,15,-23.448275862069
11,3940,12,-17.3625730994152
11,3941,-3,-17.3625730994152
11,3942,176,119.472527472527
11,3943,200,233.527777777778
11,3944,-77,-69.5652173913043
11,3945,-106,-111.702702702703
11,3946,-162,-98.1923076923077
11,3947,-94,-41.8502415458937
11,3948,-61,-41.8502415458937
11,3949,-10,-41.8502415458937
11,3950,2,-17.3625730994152
11,3951,-111,44.7916666666667
11,3952,10,-41.8502415458937
11,3953,-47,77.6630434782609
11,3954,-32,-23.327485380117
11,3955,3,-23.327485380117
11,3956,36,3.05042016806723
11,3957,26,32.875
11,3958,87,32.875
11,3959,174,-61.2
11,3960,58,124.363636363636
11,3961,62,-223.946428571429
11,3962,30,81.6
11,3963,11,-17.3625730994152
11,3964,-4,32.875
11,3965,3,-17.3625730994152
11,3966,-10,-17.3625730994152
11,3967,-8,-17.3625730994152
11,3968,2,119.472527472527
11,3969,-143,-17.3625730994152
11,3970,-105,-41.8502415458937
11,3971,67,-41.8502415458937
11,3972,-24,103.258064516129
11,3973,-68,-23.327485380117
11,3974,-20,-41.8502415458937
11,3975,-30,-23.327485380117
11,3976,-46,-23.327485380117
11,3977,-57,-23.327485380117
11,3978,-42,-41.8502415458937
11,3979,4,-23.327485380117
11,3980,1,3.05042016806723
11,3981,22,3.05042016806723
11,3982,87,32.875
11,3983,99,126.452380952381
11,3984,155,145.720430107527
11,3985,128,35.9090909090909
11,3986,2,-223.946428571429
11,3987,-28,-34.3333333333333
11,3988,39,-23.327485380117
11,3989,-21,-17.3625730994152
11,3990,20,-23.327485380117
11,3991,10,-17.3625730994152
11,3992,-112,-17.3625730994152
11,3993,24,-41.8502415458937
11,3994,-140,119.472527472527
11,3995,-32,-41.8502415458937
11,3996,-123,-23.327485380117
11,3997,-48,-41.8502415458937
11,3998,-42,-41.8502415458937
11,3999,-39,-23.327485380117
11,4000,-11,-23.327485380117
11,4001,-5,3.05042016806723
11,4002,2,3.05042016806723
11,4003,42,3.05042016806723
11,4004,114,136.15625
11,4005,308,181.859459459459
11,4006,282,-153.769230769231
11,4007,-458,-223.946428571429
11,4008,-104,-148.948529411765
11,4009,26,-122.12
11,4010,63,-17.3625730994152
11,4011,-52,-23.448275862069
11,4012,28,-41.8502415458937
11,4013,-18,-17.3625730994152
11,4014,189,94.3928571428571
11,4015,402,233.527777777778
11,4016,-15,-69.5652173913043
11,4017,-147,-148.948529411765
11,4018,-203,-122.12
11,4019,-140,-98.56
11,4020,-92,22.0277777777778
11,4021,-80,-41.8502415458937
11,4022,-112,-41.8502415458937
11,4023,-17,-41.8502415458937
11,4024,-13,-23.327485380117
11,4025,-2,3.05042016806723
11,4026,0,3.05042016806723
11,4027,39,3.05042016806723
11,4028,149,77.6630434782609
11,4029,319,181.859459459459
11,4030,247,-223.946428571429
11,4031,-427,-223.946428571429
11,4032,-106,-148.948529411765
11,4033,-3,-122.12
11,4034,24,-17.3625730994152
11,4035,40,-17.3625730994152
11,4036,-28,-17.3625730994152
11,4037,-116,-23.327485380117
11,4038,258,94.3928571428571
11,4039,418,233.527777777778
11,4040,37,-69.5652173913043
11,4041,-243,-148.948529411765
11,4042,-162,-122.12
11,4043,-100,22.0277777777778
11,4044,-95,-41.8502415458937
11,4045,-110,-41.8502415458937
11,4046,-100,-41.8502415458937
11,4047,-14,-41.8502415458937
11,4048,-20,44.7916666666667
11,4049,-6,94.3928571428571
11,4050,-3,3.05042016806723
11,4051,45,3.05042016806723
11,4052,136,136.15625
11,4053,302,181.859459459459
11,4054,194,-223.946428571429
11,4055,-331,-223.946428571429
11,4056,-114,-34.3333333333333
11,4057,-2,22.0277777777778
11,4058,50,-17.3625730994152
11,4059,-4,-23.448275862069
11,4060,-17,-17.3625730994152
11,4061,32,-23.327485380117
11,4062,184,119.472527472527
11,4063,358,233.527777777778
11,4064,54,-69.5652173913043
11,4065,-239,-223.946428571429
11,4066,-139,-122.12
11,4067,-193,22.0277777777778
11,4068,-32,-41.8502415458937
11,4069,-136,22.0277777777778
11,4070,-89,-41.8502415458937
11,4071,-21,-41.8502415458937
11,4072,-31,94.3928571428571
11,4073,-5,-23.327485380117
11,4074,3,3.05042016806723
11,4075,32,3.05042016806723
11,4076,142,77.6630434782609
11,4077,290,188.75
11,4078,266,-69.5652173913043
11,4079,-396,-223.946428571429
11,4080,-162,-148.948529411765
11,4081,45,-122.12
11,4082,60,-23.448275862069
11,4083,24,-23.448275862069
11,4084,-85,-17.3625730994152
11,4085,45,-41.8502415458937
11,4086,136,124.363636363636
11,4087,459,233.527777777778
11,4088,-98,-223.946428571429
11,4089,-160,-148.948529411765
11,4090,-180,-122.12
11,4091,-85,-98.56
11,4092,-80,-41.8502415458937
11,4093,-85,-41.8502415458937
11,4094,-106,-41.8502415458937
11,4095,-28,-41.8502415458937
11,4096,-29,-23.327485380117
11,4097,-8,94.3928571428571
11,4098,6,3.05042016806723
11,4099,25,3.05042016806723
11,4100,126,77.6630434782609
11,4101,258,181.859459459459
11,4102,247,-69.5652173913043
11,4103,-272,-223.946428571429
11,4104,-147,-148.948529411765
11,4105,14,-122.12
11,4106,75,32.875
11,4107,7,-23.448275862069
11,4108,-14,-17.3625730994152
11,4109,49,119.472527472527
11,4110,112,124.363636363636
11,4111,249,233.527777777778
11,4112,-70,-153.769230769231
11,4113,-202,-148.948529411765
11,4114,-80,-122.12
11,4115,-111,22.0277777777778
11,4116,-76,-41.8502415458937
11,4117,-6,-41.8502415458937
11,4118,-35,-17.3625730994152
11,4119,-39,-23.327485380117
11,4120,-38,94.3928571428571
11,4121,-54,-23.327485380117
11,4122,-17,-41.8502415458937
11,4123,4,-23.327485380117
11,4124,32,3.05042016806723
11,4125,18,32.875
11,4126,114,77.6630434782609
11,4127,97,126.452380952381
11,4128,118,-69.5652173913043
11,4129,74,35.9090909090909
11,4130,77,-153.769230769231
11,4131,-20,-0.5
11,4132,-55,-23.327485380117
11,4133,17,-41.8502415458937
11,4134,-39,-17.3625730994152
11,4135,42,-23.327485380117
11,4136,-2,-23.448275862069
11,4137,-93,-17.3625730994152
11,4138,-85,-41.8502415458937
11,4139,-23,-41.8502415458937
11,4140,-20,-23.327485380117
11,4141,-47,-23.327485380117
11,4142,-69,-23.327485380117
11,4143,-66,-41.8502415458937
11,4144,-14,-41.8502415458937
11,4145,-32,3.05042016806723
11,4146,-27,-23.327485380117
11,4147,5,-23.327485380117
11,4148,0,3.05042016806723
11,4149,49,3.05042016806723
11,4150,40,136.15625
11,4151,121,77.6630434782609
11,4152,135,181.859459459459
11,4153,73,-153.769230769231
11,4154,54,-223.946428571429
11,4155,32,-0.5
11,4156,3,-17.3625730994152
11,4157,-76,-17.3625730994152
11,4158,-29,-41.8502415458937
11,4159,-39,-23.327485380117
11,4160,-153,-23.327485380117
11,4161,-44,-41.8502415458937
11,4162,8,-23.327485380117
11,4163,15,3.05042016806723
11,4164,-51,32.875
11,4165,-70,-41.8502415458937
11,4166,-54,-41.8502415458937
11,4167,-22,-41.8502415458937
11,4168,-6,-23.327485380117
11,4169,0,3.05042016806723
11,4170,6,3.05042016806723
11,4171,14,3.05042016806723
11,4172,116,77.6630434782609
11,4173,266,181.859459459459
11,4174,198,-69.5652173913043
11,4175,-329,-223.946428571429
11,4176,-63,-111.702702702703
11,4177,47,22.0277777777778
11,4178,25,-23.448275862069
11,4179,4,-17.3625730994152
11,4180,-2,-17.3625730994152
11,4181,-13,-17.3625730994152
11,4182,177,119.472527472527
11,4183,407,233.527777777778
11,4184,-15,-69.5652173913043
11,4185,-203,-148.948529411765
11,4186,-183,-122.12
11,4187,-140,22.0277777777778
11,4188,-110,-41.8502415458937
11,4189,-94,-41.8502415458937
11,4190,-66,-41.8502415458937
11,4191,-29,-41.8502415458937
11,4192,-5,94.3928571428571
11,4193,-7,3.05042016806723
11,4194,3,3.05042016806723
11,4195,27,3.05042016806723
11,4196,143,77.6630434782609
11,4197,323,181.859459459459
11,4198,203,-69.5652173913043
11,4199,-378,-223.946428571429
11,4200,-77,-34.3333333333333
11,4201,-36,22.0277777777778
11,4202,69,-23.327485380117
11,4203,-30,-23.448275862069
11,4204,8,-23.327485380117
11,4205,45,119.472527472527
11,4206,139,124.363636363636
11,4207,423,233.527777777778
11,4208,-54,-223.946428571429
11,4209,-204,-148.948529411765
11,4210,-162,-122.12
11,4211,-131,22.0277777777778
11,4212,-93,-41.8502415458937
11,4213,-86,-41.8502415458937
11,4214,-80,-41.8502415458937
11,4215,-35,-41.8502415458937
11,4216,-17,94.3928571428571
11,4217,1,94.3928571428571
11,4218,0,3.05042016806723
11,4219,36,3.05042016806723
11,4220,130,77.6630434782609
11,4221,309,181.859459459459
11,4222,255,-69.5652173913043
11,4223,-396,-223.946428571429
11,4224,-127,-148.948529411765
11,4225,25,-122.12
11,4226,41,-17.3625730994152
11,4227,33,-17.3625730994152
11,4228,-77,-17.3625730994152
11,4229,42,-41.8502415458937
11,4230,163,124.363636363636
11,4231,417,233.527777777778
11,4232,4,-223.946428571429
11,4233,-176,-148.948529411765
11,4234,-186,-122.12
11,4235,-119,-98.56
11,4236,-148,-41.8502415458937
11,4237,-97,-41.8502415458937
11,4238,-69,-41.8502415458937
11,4239,-39,-41.8502415458937
11,4240,-14,94.3928571428571
11,4241,-8,3.05042016806723
11,4242,4,3.05042016806723
11,4243,31,3.05042016806723
11,4244,126,77.6630434782609
11,4245,308,181.859459459459
11,4246,223,-69.5652173913043
11,4247,-345,-223.946428571429
11,4248,-148,-148.948529411765
11,4249,55,22.0277777777778
11,4250,17,-23.448275862069
11,4251,4,-17.3625730994152
11,4252,-34,-17.3625730994152
11,4253,20,-23.327485380117
11,4254,150,119.472527472527
11,4255,393,233.527777777778
11,4256,1,-69.5652173913043
11,4257,-188,-148.948529411765
11,4258,-145,-122.12
11,4259,-142,-98.56
11,4260,-77,-41.8502415458937
11,4261,-103,-41.8502415458937
11,4262,-71,-41.8502415458937
11,4263,-44,-41.8502415458937
11,4264,-21,94.3928571428571
11,4265,-11,-23.327485380117
11,4266,-2,3.05042016806723
11,4267,26,3.05042016806723
11,4268,11,77.6630434782609
11,4269,89,77.6630434782609
11,4270,-14,181.859459459459
11,4271,101,3.05042016806723
11,4272,-27,35.9090909090909
11,4273,58,-23.327485380117
11,4274,64,-0.5
11,4275,-25,-23.448275862069
11,4276,17,-23.327485380117
11,4277,17,32.875
11,4278,143,-17.3625730994152
11,4279,263,181.859459459459
11,4280,-90,-69.5652173913043
11,4281,-148,-148.948529411765
11,4282,-122,-122.12
11,4283,-84,-98.56
11,4284,-68,-41.8502415458937
11,4285,-26,-41.8502415458937
11,4286,-12,-23.327485380117
11,4287,-64,44.7916666666667
11,4288,-31,-41.8502415458937
11,4289,-64,-23.327485380117
11,4290,-11,-41.8502415458937
11,4291,1,3.05042016806723
11,4292,12,3.05042016806723
11,4293,39,77.6630434782609
11,4294,100,32.875
11,4295,109,181.859459459459
11,4296,136,126.452380952381
11,4297,92,35.9090909090909
11,4298,47,-223.946428571429
11,4299,23,-0.5
11,4300,-31,-17.3625730994152
11,4301,24,-23.327485380117
11,4302,-31,-17.3625730994152
11,4303,-19,-23.327485380117
11,4304,-212,-23.327485380117
11,4305,-25,-41.8502415458937
11,4306,-115,22.0277777777778
11,4307,-32,-41.8502415458937
11,4308,40,-23.327485380117
11,4309,-5,32.875
11,4310,-43,3.05042016806723
11,4311,-7,94.3928571428571
11,4312,-27,3.05042016806723
11,4313,-38,-23.327485380117
11,4314,-38,-23.327485380117
11,4315,0,-23.327485380117
11,4316,6,3.05042016806723
11,4317,23,3.05042016806723
11,4318,80,77.6630434782609
11,4319,98,181.859459459459
11,4320,111,126.452380952381
11,4321,121,35.9090909090909
11,4322,56,-153.769230769231
11,4323,38,-153.769230769231
11,4324,36,32.875
11,4325,-2,-17.3625730994152
11,4326,-64,-17.3625730994152
11,4327,-8,-41.8502415458937
11,4328,-14,-17.3625730994152
11,4329,-26,-17.3625730994152
11,4330,-165,-23.327485380117
11,4331,-80,-41.8502415458937
11,4332,-39,-41.8502415458937
11,4333,-71,-23.327485380117
11,4334,-63,-41.8502415458937
11,4335,-33,-41.8502415458937
11,4336,-5,-23.327485380117
11,4337,-3,3.05042016806723
11,4338,5,3.05042016806723
11,4339,25,3.05042016806723
11,4340,123,77.6630434782609
11,4341,277,181.859459459459
11,4342,237,-69.5652173913043
12,1,-100,-113.560975609756
12,2,-33,-46.5671641791045
12,3,-71,-20.2347826086957
12,4,-49,-46.5671641791045
12,5,-35,-46.5671641791045
12,6,-18,-20.2347826086957
12,7,2,-20.2347826086957
12,8,-6,1.87782805429864
12,9,2,1.87782805429864
12,10,17,1.87782805429864
12,11,67,78.8384615384615
12,12,201,134.454545454545
12,13,210,160.140625
12,14,-296,-232.951388888889
12,15,-158,-152.751552795031
12,16,27,5.75
12,17,-26,24.6947368421053
12,18,19,-20.2347826086957
12,19,-33,-18.9193548387097
12,20,22,-20.2347826086957
12,21,65,112.084905660377
12,22,171,221.910714285714
12,23,64,69.2307692307692
12,24,-95,-117.166666666667
12,25,-42,-46.5671641791045
12,26,-71,-20.2347826086957
12,27,-34,-46.5671641791045
12,28,-38,-20.2347826086957
12,29,-39,-20.2347826086957
12,30,-16,-20.2347826086957
12,31,-6,-20.2347826086957
12,32,-11,1.87782805429864
12,33,0,1.87782805429864
12,34,15,1.87782805429864
12,35,55,78.8384615384615
12,36,155,134.454545454545
12,37,294,160.140625
12,38,-237,-232.951388888889
12,39,-167,-152.751552795031
12,40,26,5.75
12,41,56,24.6947368421053
12,42,7,9.41666666666667
12,43,-35,1.87782805429864
12,44,51,-20.2347826086957
12,45,86,70.0975609756098
12,46,158,221.910714285714
12,47,-88,-22.8846153846154
12,48,-95,-117.166666666667
12,49,-111,-46.5671641791045
12,50,-42,-46.5671641791045
12,51,-22,-20.2347826086957
12,52,-25,-20.2347826086957
12,53,4,-20.2347826086957
12,54,-41,1.87782805429864
12,55,0,-20.2347826086957
12,56,-27,1.87782805429864
12,57,-11,-20.2347826086957
12,58,-6,1.87782805429864
12,59,8,1.87782805429864
12,60,32,1.87782805429864
12,61,61,24.6947368421053
12,62,36,163.76
12,63,67,24.6947368421053
12,64,81,32.3333333333333
12,65,83,44.1666666666667
12,66,15,-22.8846153846154
12,67,43,24.6947368421053
12,68,72,-18.9193548387097
12,69,-95,9.41666666666667
12,70,-40,-46.5671641791045
12,71,-118,-20.2347826086957
12,72,-58,-46.5671641791045
12,73,-40,-46.5671641791045
12,74,-34,-20.2347826086957
12,75,4,-20.2347826086957
12,76,-44,1.87782805429864
12,77,0,-20.2347826086957
12,78,-2,1.87782805429864
12,79,-24,1.87782805429864
12,80,-33,-20.2347826086957
12,81,-12,-20.2347826086957
12,82,-1,1.87782805429864
12,83,3,1.87782805429864
12,84,9,1.87782805429864
12,85,42,1.87782805429864
12,86,37,24.6947368421053
12,87,98,78.8384615384615
12,88,35,126.340425531915
12,89,29,78.8384615384615
12,90,6,24.6947368421053
12,91,-24,1.87782805429864
12,92,16,-20.2347826086957
12,93,-41,-18.9193548387097
12,94,-55,-20.2347826086957
12,95,10,-46.5671641791045
12,96,-48,1.87782805429864
12,97,-16,-46.5671641791045
12,98,-67,-20.2347826086957
12,99,19,-46.5671641791045
12,100,-20,24.6947368421053
12,101,6,-20.2347826086957
12,102,-26,1.87782805429864
12,103,5,-20.2347826086957
12,104,-12,1.87782805429864
12,105,-2,1.87782805429864
12,106,4,1.87782805429864
12,107,34,1.87782805429864
12,108,76,78.8384615384615
12,109,-10,160.140625
12,110,33,1.87782805429864
12,111,65,24.6947368421053
12,112,73,44.1666666666667
12,113,31,-22.8846153846154
12,114,-49,24.6947368421053
12,115,26,-46.5671641791045
12,116,-9,24.6947368421053
12,117,-27,1.87782805429864
12,118,-11,-20.2347826086957
12,119,-70,1.87782805429864
12,120,-46,-46.5671641791045
12,121,-28,-20.2347826086957
12,122,-36,-20.2347826086957
12,123,-36,-20.2347826086957
12,124,-14,-20.2347826086957
12,125,-5,1.87782805429864
12,126,-4,1.87782805429864
12,127,-1,1.87782805429864
12,128,13,1.87782805429864
12,129,71,78.8384615384615
12,130,193,194.923076923077
12,131,185,160.140625
12,132,-247,-232.951388888889
12,133,-132,-117.166666666667
12,134,1,5.75
12,135,77,1.87782805429864
12,136,-32,9.41666666666667
12,137,-7,-20.2347826086957
12,138,36,1.87782805429864
12,139,94,112.084905660377
12,140,178,221.910714285714
12,141,-7,-112.763157894737
12,142,-121,-117.166666666667
12,143,-77,-46.5671641791045
12,144,-73,-46.5671641791045
12,145,-54,-46.5671641791045
12,146,-53,-46.5671641791045
12,147,-23,-46.5671641791045
12,148,-17,-20.2347826086957
12,149,-1,-20.2347826086957
12,150,-2,1.87782805429864
12,151,-2,1.87782805429864
12,152,28,1.87782805429864
12,153,60,78.8384615384615
12,154,212,134.454545454545
12,155,274,160.140625
12,156,-324,-232.951388888889
12,157,-113,-152.751552795031
12,158,32,5.75
12,159,36,24.6947368421053
12,160,-17,-18.9193548387097
12,161,-13,-20.2347826086957
12,162,18,1.87782805429864
12,163,103,112.084905660377
12,164,231,221.910714285714
12,165,-4,-67.95
12,166,-198,-152.751552795031
12,167,-53,-113.560975609756
12,168,-35,6.17241379310345
12,169,-92,-20.2347826086957
12,170,-85,-46.5671641791045
12,171,-20,-46.5671641791045
12,172,-27,-20.2347826086957
12,173,-6,115.333333333333
12,174,-3,1.87782805429864
12,175,-5,1.87782805429864
12,176,31,1.87782805429864
12,177,59,78.8384615384615
12,178,235,134.454545454545
12,179,234,160.140625
12,180,-318,-232.951388888889
12,181,-94,-152.751552795031
12,182,34,5.75
12,183,42,24.6947368421053
12,184,-6,-18.9193548387097
12,185,-26,1.87782805429864
12,186,25,-20.2347826086957
12,187,126,112.084905660377
12,188,267,221.910714285714
12,189,-88,-77.7619047619048
12,190,-153,-152.751552795031
12,191,-100,-113.560975609756
12,192,-47,-46.5671641791045
12,193,-85,-20.2347826086957
12,194,-52,-46.5671641791045
12,195,-39,-46.5671641791045
12,196,-28,-20.2347826086957
12,197,-13,-20.2347826086957
12,198,0,1.87782805429864
12,199,-3,1.87782805429864
12,200,24,1.87782805429864
12,201,56,78.8384615384615
12,202,190,134.454545454545
12,203,197,160.140625
12,204,-225,-232.951388888889
12,205,-103,-117.166666666667
12,206,22,5.75
12,207,65,24.6947368421053
12,208,-45,9.41666666666667
12,209,-152,-20.2347826086957
12,210,63,-46.5671641791045
12,211,84,70.0975609756098
12,212,78,221.910714285714
12,213,44,-112.763157894737
12,214,-67,-18.9193548387097
12,215,-66,-46.5671641791045
12,216,-15,-46.5671641791045
12,217,-46,-20.2347826086957
12,218,-20,-20.2347826086957
12,219,-25,-20.2347826086957
12,220,-15,-20.2347826086957
12,221,-8,-20.2347826086957
12,222,-31,1.87782805429864
12,223,-5,-20.2347826086957
12,224,1,1.87782805429864
12,225,10,1.87782805429864
12,226,10,1.87782805429864
12,227,70,1.87782805429864
12,228,29,160.140625
12,229,61,78.8384615384615
12,230,27,44.1666666666667
12,231,48,24.6947368421053
12,232,-32,44.1666666666667
12,233,-10,-20.2347826086957
12,234,16,1.87782805429864
12,235,-37,24.6947368421053
12,236,-36,-20.2347826086957
12,237,-26,-20.2347826086957
12,238,16,-20.2347826086957
12,239,-44,24.6947368421053
12,240,-20,-20.2347826086957
12,241,-3,-20.2347826086957
12,242,9,1.87782805429864
12,243,-21,1.87782805429864
12,244,-15,-20.2347826086957
12,245,-13,-20.2347826086957
12,246,-21,1.87782805429864
12,247,-15,-20.2347826086957
12,248,-1,-20.2347826086957
12,249,-3,1.87782805429864
12,250,20,1.87782805429864
12,251,37,78.8384615384615
12,252,28,78.8384615384615
12,253,101,78.8384615384615
12,254,39,126.340425531915
12,255,78,78.8384615384615
12,256,20,-22.8846153846154
12,257,6,24.6947368421053
12,258,22,1.87782805429864
12,259,-14,24.6947368421053
12,260,-52,1.87782805429864
12,261,-71,-46.5671641791045
12,262,-73,-46.5671641791045
12,263,-55,-46.5671641791045
12,264,-5,-46.5671641791045
12,265,-12,1.87782805429864
12,266,-7,1.87782805429864
12,267,-35,1.87782805429864
12,268,-23,-20.2347826086957
12,269,-2,-20.2347826086957
12,270,-2,1.87782805429864
12,271,-1,1.87782805429864
12,272,15,1.87782805429864
12,273,74,78.8384615384615
12,274,190,194.923076923077
12,275,248,160.140625
12,276,-298,-232.951388888889
12,277,-126,-152.751552795031
12,278,-1,5.75
12,279,74,1.87782805429864
12,280,5,9.41666666666667
12,281,-24,1.87782805429864
12,282,16,-20.2347826086957
12,283,112,112.084905660377
12,284,243,221.910714285714
12,285,-2,-77.7619047619048
12,286,-193,-152.751552795031
12,287,-115,-113.560975609756
12,288,-24,6.17241379310345
12,289,-103,-20.2347826086957
12,290,-36,-46.5671641791045
12,291,-46,-20.2347826086957
12,292,-4,-20.2347826086957
12,293,-3,17.75
12,294,3,1.87782805429864
12,295,-4,1.87782805429864
12,296,19,1.87782805429864
12,297,80,78.8384615384615
12,298,224,194.923076923077
12,299,234,163.76
12,300,-327,-232.951388888889
12,301,-100,-152.751552795031
12,302,31,5.75
12,303,20,24.6947368421053
12,304,7,-18.9193548387097
12,305,-56,1.87782805429864
12,306,32,-46.5671641791045
12,307,121,112.084905660377
12,308,243,221.910714285714
12,309,-81,-77.7619047619048
12,310,-143,-152.751552795031
12,311,-102,-113.560975609756
12,312,-16,-46.5671641791045
12,313,-87,-20.2347826086957
12,314,-36,-46.5671641791045
12,315,-33,-20.2347826086957
12,316,-26,-20.2347826086957
12,317,-2,-20.2347826086957
12,318,-2,1.87782805429864
12,319,27,1.87782805429864
12,320,75,78.8384615384615
12,321,149,194.923076923077
12,322,-137,194.923076923077
12,323,-78,-117.166666666667
12,324,-28,-46.5671641791045
12,325,0,-20.2347826086957
12,326,60,1.87782805429864
12,327,6,9.41666666666667
12,328,-20,1.87782805429864
12,329,34,-20.2347826086957
12,330,77,112.084905660377
12,331,86,126.340425531915
12,332,-61,-22.8846153846154
12,333,-90,-46.5671641791045
12,334,-5,-46.5671641791045
12,335,-58,1.87782805429864
12,336,16,-46.5671641791045
12,337,-22,-18.9193548387097
12,338,-22,-20.2347826086957
12,339,1,-20.2347826086957
12,340,-6,1.87782805429864
12,341,-3,1.87782805429864
12,342,2,1.87782805429864
12,343,13,1.87782805429864
12,344,91,24.6947368421053
12,345,195,160.140625
12,346,290,69.2307692307692
12,347,-308,-232.951388888889
12,348,-153,-152.751552795031
12,349,35,5.75
12,350,52,24.6947368421053
12,351,-9,9.41666666666667
12,352,0,1.87782805429864
12,353,12,1.87782805429864
12,354,138,112.084905660377
12,355,239,221.910714285714
12,356,-75,-77.7619047619048
12,357,-197,-152.751552795031
12,358,-74,-113.560975609756
12,359,-57,6.17241379310345
12,360,-71,-46.5671641791045
12,361,-41,-46.5671641791045
12,362,-39,-20.2347826086957
12,363,-26,-20.2347826086957
12,364,-14,115.333333333333
12,365,-3,1.87782805429864
12,366,-1,1.87782805429864
12,367,22,1.87782805429864
12,368,68,78.8384615384615
12,369,170,134.454545454545
12,370,287,160.140625
12,371,-235,-232.951388888889
12,372,-182,-152.751552795031
12,373,62,5.75
12,374,40,9.41666666666667
12,375,-12,-18.9193548387097
12,376,-17,1.87782805429864
12,377,-127,-20.2347826086957
12,378,-28,115.333333333333
12,379,78,115.333333333333
12,380,32,9.41666666666667
12,381,14,-18.9193548387097
12,382,-74,24.6947368421053
12,383,1,-46.5671641791045
12,384,-26,1.87782805429864
12,385,-52,-20.2347826086957
12,386,-1,-46.5671641791045
12,387,22,1.87782805429864
12,388,-6,24.6947368421053
12,389,-17,1.87782805429864
12,390,-19,-20.2347826086957
12,391,0,-20.2347826086957
12,392,5,1.87782805429864
12,393,9,1.87782805429864
12,394,32,1.87782805429864
12,395,46,24.6947368421053
12,396,74,70.0975609756098
12,397,46,70.0975609756098
12,398,85,44.1666666666667
12,399,40,44.1666666666667
12,400,91,24.6947368421053
12,401,-31,-22.8846153846154
12,402,68,-20.2347826086957
12,403,-82,-22.8846153846154
12,404,-82,-46.5671641791045
12,405,-78,-46.5671641791045
12,406,-76,-46.5671641791045
12,407,5,-46.5671641791045
12,408,-20,1.87782805429864
12,409,-28,-20.2347826086957
12,410,-34,-20.2347826086957
12,411,4,-20.2347826086957
12,412,4,1.87782805429864
12,413,-54,1.87782805429864
12,414,-12,-46.5671641791045
12,415,-9,1.87782805429864
12,416,0,1.87782805429864
12,417,18,1.87782805429864
12,418,43,78.8384615384615
12,419,52,24.6947368421053
12,420,74,134.454545454545
12,421,64,126.340425531915
12,422,71,32.3333333333333
12,423,37,44.1666666666667
12,424,-32,24.6947368421053
12,425,2,-20.2347826086957
12,426,-35,1.87782805429864
12,427,-36,-20.2347826086957
12,428,-79,-20.2347826086957
12,429,-52,-46.5671641791045
12,430,-44,-46.5671641791045
12,431,-9,-20.2347826086957
12,432,-17,1.87782805429864
12,433,-36,-20.2347826086957
12,434,-9,-20.2347826086957
12,435,-11,1.87782805429864
12,436,-2,1.87782805429864
12,437,-3,1.87782805429864
12,438,0,1.87782805429864
12,439,17,1.87782805429864
12,440,73,78.8384615384615
12,441,169,160.140625
12,442,168,160.140625
12,443,-231,-232.951388888889
12,444,-111,-117.166666666667
12,445,17,6.17241379310345
12,446,34,24.6947368421053
12,447,-17,-18.9193548387097
12,448,8,-20.2347826086957
12,449,2,1.87782805429864
12,450,80,112.084905660377
12,451,177,221.910714285714
12,452,-12,-67.95
12,453,-149,-117.166666666667
12,454,-47,-46.5671641791045
12,455,-59,-20.2347826086957
12,456,-42,-46.5671641791045
12,457,-47,-20.2347826086957
12,458,-23,-20.2347826086957
12,459,-2,-20.2347826086957
12,460,-2,17.75
12,461,-3,1.87782805429864
12,462,2,1.87782805429864
12,463,22,1.87782805429864
12,464,77,78.8384615384615
12,465,173,160.140625
12,466,226,163.76
12,467,-268,-232.951388888889
12,468,-104,-152.751552795031
12,469,1,5.75
12,470,8,1.87782805429864
12,471,26,1.87782805429864
12,472,-28,-18.9193548387097
12,473,30,-20.2347826086957
12,474,84,112.084905660377
12,475,196,221.910714285714
12,476,11,44.1666666666667
12,477,-170,-117.166666666667
12,478,-100,-113.560975609756
12,479,-39,-46.5671641791045
12,480,-42,-20.2347826086957
12,481,-52,-20.2347826086957
12,482,-39,-46.5671641791045
12,483,-10,-20.2347826086957
12,484,-1,17.75
12,485,-1,1.87782805429864
12,486,0,1.87782805429864
12,487,15,1.87782805429864
12,488,90,78.8384615384615
12,489,236,194.923076923077
12,490,222,160.140625
12,491,-302,-232.951388888889
12,492,-117,-152.751552795031
12,493,14,5.75
12,494,54,24.6947368421053
12,495,-10,9.41666666666667
12,496,-30,1.87782805429864
12,497,34,-20.2347826086957
12,498,79,112.084905660377
12,499,324,221.910714285714
12,500,-68,-112.763157894737
12,501,-183,-152.751552795031
12,502,-101,-113.560975609756
12,503,-72,6.17241379310345
12,504,-29,-46.5671641791045
12,505,-97,-20.2347826086957
12,506,-16,-46.5671641791045
12,507,-25,-20.2347826086957
12,508,-10,115.333333333333
12,509,-8,1.87782805429864
12,510,-1,1.87782805429864
12,511,27,1.87782805429864
12,512,80,78.8384615384615
12,513,225,160.140625
12,514,251,160.140625
12,515,-284,-232.951388888889
12,516,-163,-152.751552795031
12,517,66,5.75
12,518,47,9.41666666666667
12,519,-18,9.41666666666667
12,520,-30,-20.2347826086957
12,521,-18,-20.2347826086957
12,522,157,115.333333333333
12,523,255,221.910714285714
12,524,-7,-77.7619047619048
12,525,-174,-152.751552795031
12,526,-114,-113.560975609756
12,527,-69,-46.5671641791045
12,528,-80,-46.5671641791045
12,529,-59,-46.5671641791045
12,530,-40,-46.5671641791045
12,531,-28,-20.2347826086957
12,532,-15,-20.2347826086957
12,533,-4,-20.2347826086957
12,534,-6,1.87782805429864
12,535,28,1.87782805429864
12,536,56,78.8384615384615
12,537,183,134.454545454545
12,538,233,160.140625
12,539,-217,-232.951388888889
12,540,-125,-152.751552795031
12,541,28,5.75
12,542,14,24.6947368421053
12,543,23,-18.9193548387097
12,544,-46,-18.9193548387097
12,545,60,-20.2347826086957
12,546,105,70.0975609756098
12,547,223,221.910714285714
12,548,-96,44.1666666666667
12,549,-226,-152.751552795031
12,550,-85,-113.560975609756
12,551,-18,6.17241379310345
12,552,-34,-20.2347826086957
12,553,-21,-20.2347826086957
12,554,-9,-20.2347826086957
12,555,-26,1.87782805429864
12,556,-9,115.333333333333
12,557,-26,1.87782805429864
12,558,-12,-20.2347826086957
12,559,6,1.87782805429864
12,560,2,1.87782805429864
12,561,28,1.87782805429864
12,562,71,78.8384615384615
12,563,37,126.340425531915
12,564,75,78.8384615384615
12,565,51,32.3333333333333
12,566,55,44.1666666666667
12,567,28,-22.8846153846154
12,568,22,24.6947368421053
12,569,27,-18.9193548387097
12,570,-16,-18.9193548387097
12,571,-36,-20.2347826086957
12,572,-57,-20.2347826086957
12,573,-113,-46.5671641791045
12,574,-63,-46.5671641791045
12,575,-11,-46.5671641791045
12,576,-10,1.87782805429864
12,577,-17,1.87782805429864
12,578,-14,-20.2347826086957
12,579,-8,1.87782805429864
12,580,5,1.87782805429864
12,581,-44,1.87782805429864
12,582,-15,-20.2347826086957
12,583,3,-20.2347826086957
12,584,7,1.87782805429864
12,585,55,1.87782805429864
12,586,18,134.454545454545
12,587,128,78.8384615384615
12,588,81,32.3333333333333
12,589,111,1.58333333333333
12,590,54,44.1666666666667
12,591,37,1.58333333333333
12,592,-14,-18.9193548387097
12,593,22,1.87782805429864
12,594,-11,-18.9193548387097
12,595,-109,1.87782805429864
12,596,-131,-46.5671641791045
12,597,-87,-46.5671641791045
12,598,-24,-46.5671641791045
12,599,-53,-20.2347826086957
12,600,-42,-46.5671641791045
12,601,-28,-20.2347826086957
12,602,-14,-20.2347826086957
12,603,-1,1.87782805429864
12,604,-7,1.87782805429864
12,605,1,1.87782805429864
12,606,13,1.87782805429864
12,607,72,78.8384615384615
12,608,180,160.140625
12,609,296,160.140625
12,610,-283,-232.951388888889
12,611,-144,-152.751552795031
12,612,13,5.75
12,613,71,24.6947368421053
12,614,29,9.41666666666667
12,615,-29,-18.9193548387097
12,616,12,-20.2347826086957
12,617,99,112.084905660377
12,618,312,221.910714285714
12,619,68,-67.95
12,620,-266,-152.751552795031
12,621,-160,-113.560975609756
12,622,-81,6.17241379310345
12,623,-72,-46.5671641791045
12,624,-70,-46.5671641791045
12,625,-37,-46.5671641791045
12,626,-10,-20.2347826086957
12,627,-15,17.75
12,628,1,-20.2347826086957
12,629,-1,1.87782805429864
12,630,23,1.87782805429864
12,631,89,78.8384615384615
12,632,195,194.923076923077
12,633,285,160.140625
12,634,-251,-232.951388888889
12,635,-199,-152.751552795031
12,636,76,5.75
12,637,25,9.41666666666667
12,638,-11,-18.9193548387097
12,639,-21,1.87782805429864
12,640,52,-20.2347826086957
12,641,101,70.0975609756098
12,642,311,221.910714285714
12,643,58,-112.763157894737
12,644,-255,-152.751552795031
12,645,-128,-113.560975609756
12,646,-107,6.17241379310345
12,647,-74,-46.5671641791045
12,648,-83,-46.5671641791045
12,649,-48,-46.5671641791045
12,650,-12,-46.5671641791045
12,651,-25,17.75
12,652,2,-20.2347826086957
12,653,1,1.87782805429864
12,654,22,1.87782805429864
12,655,94,78.8384615384615
12,656,247,194.923076923077
12,657,294,160.140625
12,658,-311,-232.951388888889
12,659,-163,-152.751552795031
12,660,32,5.75
12,661,47,24.6947368421053
12,662,-13,9.41666666666667
12,663,-30,1.87782805429864
12,664,59,-20.2347826086957
12,665,73,70.0975609756098
12,666,426,221.910714285714
12,667,-33,-112.763157894737
12,668,-277,-152.751552795031
12,669,-142,-113.560975609756
12,670,-42,6.17241379310345
12,671,-86,-20.2347826086957
12,672,-111,-46.5671641791045
12,673,-31,-46.5671641791045
12,674,-37,-20.2347826086957
12,675,-4,115.333333333333
12,676,-12,1.87782805429864
12,677,7,1.87782805429864
12,678,12,1.87782805429864
12,679,91,78.8384615384615
12,680,264,160.140625
12,681,242,126.340425531915
12,682,-308,-232.951388888889
12,683,-151,-152.751552795031
12,684,47,5.75
12,685,54,9.41666666666667
12,686,8,9.41666666666667
12,687,-15,1.87782805429864
12,688,29,-20.2347826086957
12,689,139,112.084905660377
12,690,287,221.910714285714
12,691,33,-77.7619047619048
12,692,-321,-152.751552795031
12,693,-95,-113.560975609756
12,694,-87,6.17241379310345
12,695,-74,-46.5671641791045
12,696,-72,-46.5671641791045
12,697,-40,-46.5671641791045
12,698,-31,-20.2347826086957
12,699,-22,115.333333333333
12,700,-1,-20.2347826086957
12,701,0,1.87782805429864
12,702,29,1.87782805429864
12,703,67,78.8384615384615
12,704,179,134.454545454545
12,705,284,160.140625
12,706,-250,-232.951388888889
12,707,-132,-152.751552795031
12,708,27,5.75
12,709,87,24.6947368421053
12,710,-34,9.41666666666667
12,711,-58,-20.2347826086957
12,712,-95,-46.5671641791045
12,713,22,115.333333333333
12,714,129,17.75
12,715,150,-67.95
12,716,-112,-77.7619047619048
12,717,-61,-117.166666666667
12,718,-83,-46.5671641791045
12,719,-4,-46.5671641791045
12,720,-22,1.87782805429864
12,721,-26,-20.2347826086957
12,722,-31,-20.2347826086957
12,723,-27,-20.2347826086957
12,724,-16,-20.2347826086957
12,725,-24,-20.2347826086957
12,726,6,-20.2347826086957
12,727,22,1.87782805429864
12,728,56,78.8384615384615
12,729,132,134.454545454545
12,730,103,126.340425531915
12,731,122,-232.951388888889
12,732,142,32.3333333333333
12,733,66,-232.951388888889
12,734,35,-117.166666666667
12,735,4,-18.9193548387097
12,736,-11,1.87782805429864
12,737,6,1.87782805429864
12,738,-37,112.084905660377
12,739,-88,-20.2347826086957
12,740,-143,-46.5671641791045
12,741,-146,-46.5671641791045
12,742,-48,-46.5671641791045
12,743,-12,-46.5671641791045
12,744,-26,1.87782805429864
12,745,-78,-20.2347826086957
12,746,6,-46.5671641791045
12,747,-57,1.87782805429864
12,748,-38,-46.5671641791045
12,749,-4,-20.2347826086957
12,750,-8,1.87782805429864
12,751,5,1.87782805429864
12,752,31,1.87782805429864
12,753,54,78.8384615384615
12,754,82,134.454545454545
12,755,173,126.340425531915
12,756,17,44.1666666666667
12,757,135,-117.166666666667
12,758,41,-22.8846153846154
12,759,-23,1.58333333333333
12,760,33,-20.2347826086957
12,761,-13,-18.9193548387097
12,762,0,1.87782805429864
12,763,-82,1.87782805429864
12,764,-107,-46.5671641791045
12,765,-154,-46.5671641791045
12,766,-25,-46.5671641791045
12,767,-73,-20.2347826086957
12,768,-54,-46.5671641791045
12,769,-23,-46.5671641791045
12,770,-8,-20.2347826086957
12,771,-7,1.87782805429864
12,772,-6,1.87782805429864
12,773,1,1.87782805429864
12,774,28,1.87782805429864
12,775,89,78.8384615384615
12,776,234,160.140625
12,777,225,160.140625
12,778,-248,-232.951388888889
12,779,-147,-152.751552795031
12,780,17,5.75
12,781,81,24.6947368421053
12,782,-19,9.41666666666667
12,783,-3,-20.2347826086957
12,784,26,1.87782805429864
12,785,99,112.084905660377
12,786,336,221.910714285714
12,787,80,-67.95
12,788,-252,-152.751552795031
12,789,-219,-113.560975609756
12,790,-107,6.17241379310345
12,791,-75,6.17241379310345
12,792,-94,-46.5671641791045
12,793,-25,-46.5671641791045
12,794,-14,-20.2347826086957
12,795,-5,17.75
12,796,-7,1.87782805429864
12,797,3,1.87782805429864
12,798,14,1.87782805429864
12,799,80,78.8384615384615
12,800,70,160.140625
12,801,346,160.140625
12,802,-191,-112.763157894737
12,803,-162,-152.751552795031
12,804,67,5.75
12,805,31,9.41666666666667
12,806,23,-18.9193548387097
12,807,-36,-18.9193548387097
12,808,-4,-20.2347826086957
12,809,187,1.87782805429864
12,810,319,201.178571428571
12,811,51,-77.7619047619048
12,812,-246,-152.751552795031
12,813,-178,-113.560975609756
12,814,-100,6.17241379310345
12,815,-89,6.17241379310345
12,816,-98,-46.5671641791045
12,817,-57,-46.5671641791045
12,818,-7,-46.5671641791045
12,819,-16,17.75
12,820,-2,-20.2347826086957
12,821,-4,1.87782805429864
12,822,35,1.87782805429864
12,823,110,78.8384615384615
12,824,223,194.923076923077
12,825,163,-77.7619047619048
12,826,-242,-232.951388888889
12,827,-139,-117.166666666667
12,828,38,6.17241379310345
12,829,37,-18.9193548387097
12,830,74,-18.9193548387097
12,831,-78,-112.763157894737
12,832,18,-46.5671641791045
12,833,135,112.084905660377
12,834,351,221.910714285714
12,835,50,-77.7619047619048
12,836,-197,-152.751552795031
12,837,-208,-113.560975609756
12,838,-123,6.17241379310345
12,839,-54,6.17241379310345
12,840,-72,-46.5671641791045
12,841,-84,-46.5671641791045
12,842,-11,-46.5671641791045
12,843,-24,17.75
12,844,1,115.333333333333
12,845,-1,1.87782805429864
12,846,28,1.87782805429864
12,847,102,78.8384615384615
12,848,225,194.923076923077
12,849,288,160.140625
12,850,-331,-232.951388888889
12,851,-176,-152.751552795031
12,852,77,5.75
12,853,53,9.41666666666667
12,854,26,9.41666666666667
12,855,-41,-18.9193548387097
12,856,47,-20.2347826086957
12,857,121,70.0975609756098
12,858,385,221.910714285714
12,859,-9,-175.6
12,860,-215,-152.751552795031
12,861,-162,-113.560975609756
12,862,-50,6.17241379310345
12,863,-154,-46.5671641791045
12,864,-69,-46.5671641791045
12,865,-56,-46.5671641791045
12,866,-45,-46.5671641791045
12,867,-18,115.333333333333
12,868,-22,-20.2347826086957
12,869,-7,-20.2347826086957
12,870,31,1.87782805429864
12,871,82,78.8384615384615
12,872,230,194.923076923077
12,873,316,194.923076923077
12,874,-282,-232.951388888889
12,875,-105,-152.751552795031
12,876,43,5.75
12,877,153,24.6947368421053
12,878,-43,-67.95
12,879,4,-117.166666666667
12,880,40,1.87782805429864
12,881,117,112.084905660377
12,882,368,221.910714285714
12,883,-127,-175.6
12,884,-144,-152.751552795031
12,885,-241,-113.560975609756
12,886,-161,-46.5671641791045
12,887,-13,6.17241379310345
12,888,-95,1.87782805429864
12,889,-20,-46.5671641791045
12,890,-28,-20.2347826086957
12,891,-59,-20.2347826086957
12,892,-37,115.333333333333
12,893,-25,-20.2347826086957
12,894,-3,-20.2347826086957
12,895,24,1.87782805429864
12,896,42,78.8384615384615
12,897,84,78.8384615384615
12,898,95,194.923076923077
12,899,96,126.340425531915
12,900,-72,32.3333333333333
12,901,-90,-46.5671641791045
12,902,13,-46.5671641791045
12,903,27,-18.9193548387097
12,904,67,-18.9193548387097
12,905,-113,9.41666666666667
12,906,-62,-46.5671641791045
12,907,22,-46.5671641791045
12,908,-4,78.8384615384615
12,909,-22,1.87782805429864
12,910,-7,-20.2347826086957
12,911,-21,1.87782805429864
12,912,22,-20.2347826086957
12,913,-25,78.8384615384615
12,914,9,-20.2347826086957
12,915,-54,1.87782805429864
12,916,-17,-46.5671641791045
12,917,-10,-20.2347826086957
12,918,-2,1.87782805429864
12,919,12,1.87782805429864
12,920,21,24.6947368421053
12,921,50,78.8384615384615
12,922,29,134.454545454545
12,923,132,78.8384615384615
12,924,73,32.3333333333333
12,925,37,1.58333333333333
12,926,7,24.6947368421053
12,927,47,1.87782805429864
12,928,7,-22.8846153846154
12,929,71,1.87782805429864
12,930,-73,-22.8846153846154
12,931,72,-46.5671641791045
12,932,-116,44.1666666666667
12,933,-116,-46.5671641791045
12,934,-110,-46.5671641791045
12,935,-38,-46.5671641791045
12,936,-46,-20.2347826086957
12,937,-32,-20.2347826086957
12,938,-5,-20.2347826086957
12,939,-8,1.87782805429864
12,940,-19,1.87782805429864
12,941,3,-20.2347826086957
12,942,32,1.87782805429864
12,943,81,78.8384615384615
12,944,253,160.140625
12,945,287,-112.763157894737
12,946,-375,-232.951388888889
12,947,-129,-152.751552795031
12,948,25,5.75
12,949,101,24.6947368421053
12,950,22,-67.95
12,951,-84,-18.9193548387097
12,952,6,-46.5671641791045
12,953,82,112.084905660377
12,954,359,221.910714285714
12,955,20,-67.95
12,956,-226,-152.751552795031
12,957,-237,-113.560975609756
12,958,-35,6.17241379310345
12,959,-93,-20.2347826086957
12,960,-45,-46.5671641791045
12,961,-38,-20.2347826086957
12,962,-5,-20.2347826086957
12,963,2,17.75
12,964,-3,1.87782805429864
12,965,-1,1.87782805429864
12,966,14,1.87782805429864
12,967,84,78.8384615384615
12,968,185,194.923076923077
12,969,295,163.76
12,970,-314,-232.951388888889
12,971,-129,-152.751552795031
12,972,37,5.75
12,973,45,24.6947368421053
12,974,-9,-18.9193548387097
12,975,-27,1.87782805429864
12,976,16,-20.2347826086957
12,977,105,112.084905660377
12,978,309,221.910714285714
12,979,30,-67.95
12,980,-227,-152.751552795031
12,981,-123,-113.560975609756
12,982,-73,6.17241379310345
12,983,-87,-46.5671641791045
12,984,-70,-46.5671641791045
12,985,-34,-46.5671641791045
12,986,-22,-20.2347826086957
12,987,-5,115.333333333333
12,988,2,1.87782805429864
12,989,-4,1.87782805429864
12,990,39,1.87782805429864
12,991,75,78.8384615384615
12,992,243,194.923076923077
12,993,300,160.140625
12,994,-344,-232.951388888889
12,995,-141,-152.751552795031
12,996,49,5.75
12,997,46,9.41666666666667
12,998,5,9.41666666666667
12,999,-52,1.87782805429864
12,1000,-22,-46.5671641791045
12,1001,22,115.333333333333
12,1002,383,112.084905660377
12,1003,37,-67.95
12,1004,-185,-152.751552795031
12,1005,-94,-113.560975609756
12,1006,-101,6.17241379310345
12,1007,-89,-46.5671641791045
12,1008,-79,-46.5671641791045
12,1009,-45,-46.5671641791045
12,1010,-15,-20.2347826086957
12,1011,-27,115.333333333333
12,1012,-1,-20.2347826086957
12,1013,4,1.87782805429864
12,1014,23,1.87782805429864
12,1015,85,78.8384615384615
12,1016,250,194.923076923077
12,1017,287,126.340425531915
12,1018,-333,-232.951388888889
12,1019,-155,-152.751552795031
12,1020,54,5.75
12,1021,72,9.41666666666667
12,1022,-19,9.41666666666667
12,1023,-35,-20.2347826086957
12,1024,69,-20.2347826086957
12,1025,81,70.0975609756098
12,1026,315,221.910714285714
12,1027,-22,-112.763157894737
12,1028,-213,-152.751552795031
12,1029,-133,-113.560975609756
12,1030,-111,6.17241379310345
12,1031,-72,-46.5671641791045
12,1032,-58,-46.5671641791045
12,1033,-35,-46.5671641791045
12,1034,-32,-20.2347826086957
12,1035,-20,115.333333333333
12,1036,0,-20.2347826086957
12,1037,-5,1.87782805429864
12,1038,24,1.87782805429864
12,1039,60,78.8384615384615
12,1040,203,134.454545454545
12,1041,304,160.140625
12,1042,-272,-232.951388888889
12,1043,-134,-152.751552795031
12,1044,14,5.75
12,1045,69,24.6947368421053
12,1046,-28,9.41666666666667
12,1047,-13,-20.2347826086957
12,1048,51,1.87782805429864
12,1049,87,70.0975609756098
12,1050,239,221.910714285714
12,1051,-46,-112.763157894737
12,1052,-165,-152.751552795031
12,1053,-186,-113.560975609756
12,1054,11,-46.5671641791045
12,1055,-67,78.8384615384615
12,1056,-30,-46.5671641791045
12,1057,-31,-20.2347826086957
12,1058,-10,-20.2347826086957
12,1059,-13,17.75
12,1060,-38,1.87782805429864
12,1061,-23,-20.2347826086957
12,1062,-3,-20.2347826086957
12,1063,18,1.87782805429864
12,1064,21,78.8384615384615
12,1065,101,78.8384615384615
12,1066,78,160.140625
12,1067,90,70.0975609756098
12,1068,150,32.3333333333333
12,1069,158,44.1666666666667
12,1070,17,-232.951388888889
12,1071,-87,-117.166666666667
12,1072,54,-46.5671641791045
12,1073,-70,9.41666666666667
12,1074,8,-46.5671641791045
12,1075,-202,1.87782805429864
12,1076,-57,-46.5671641791045
12,1077,-76,6.17241379310345
12,1078,-65,-46.5671641791045
12,1079,13,-46.5671641791045
12,1080,-44,24.6947368421053
12,1081,-45,-20.2347826086957
12,1082,-5,115.333333333333
12,1083,19,1.87782805429864
12,1084,-56,78.8384615384615
12,1085,-13,-46.5671641791045
12,1086,6,1.87782805429864
12,1087,79,1.87782805429864
12,1088,-13,194.923076923077
12,1089,41,1.87782805429864
12,1090,150,24.6947368421053
12,1091,85,70.0975609756098
12,1092,91,-117.166666666667
12,1093,-6,-112.763157894737
12,1094,19,1.87782805429864
12,1095,97,24.6947368421053
12,1096,12,-67.95
12,1097,-62,-18.9193548387097
12,1098,44,-46.5671641791045
12,1099,-123,112.084905660377
12,1100,-86,-46.5671641791045
12,1101,-114,-46.5671641791045
12,1102,-98,-46.5671641791045
12,1103,-66,-46.5671641791045
12,1104,-5,-46.5671641791045
12,1105,-46,1.87782805429864
12,1106,-12,-20.2347826086957
12,1107,0,1.87782805429864
12,1108,-1,1.87782805429864
12,1109,20,1.87782805429864
12,1110,86,78.8384615384615
12,1111,196,163.76
12,1112,283,194.923076923077
12,1113,-272,-232.951388888889
12,1114,-113,-152.751552795031
12,1115,5,5.75
12,1116,72,1.87782805429864
12,1117,0,9.41666666666667
12,1118,-13,1.87782805429864
12,1119,56,1.87782805429864
12,1120,71,70.0975609756098
12,1121,334,221.910714285714
12,1122,-111,-112.763157894737
12,1123,-124,-152.751552795031
12,1124,-165,-113.560975609756
12,1125,-91,-46.5671641791045
12,1126,-115,-46.5671641791045
12,1127,-57,-46.5671641791045
12,1128,-33,-46.5671641791045
12,1129,-22,-20.2347826086957
12,1130,-6,-20.2347826086957
12,1131,-2,1.87782805429864
12,1132,-2,1.87782805429864
12,1133,26,1.87782805429864
12,1134,73,78.8384615384615
12,1135,241,194.923076923077
12,1136,263,160.140625
12,1137,-196,-232.951388888889
12,1138,-189,-152.751552795031
12,1139,39,5.75
12,1140,73,24.6947368421053
12,1141,14,9.41666666666667
12,1142,-34,-18.9193548387097
12,1143,5,-20.2347826086957
12,1144,169,112.084905660377
12,1145,272,201.178571428571
12,1146,43,-77.7619047619048
12,1147,-242,-152.751552795031
12,1148,-179,-113.560975609756
12,1149,-136,6.17241379310345
12,1150,-85,6.17241379310345
12,1151,-79,-46.5671641791045
12,1152,-38,-46.5671641791045
12,1153,-30,-20.2347826086957
12,1154,-6,115.333333333333
12,1155,-2,1.87782805429864
12,1156,-2,1.87782805429864
12,1157,26,1.87782805429864
12,1158,99,78.8384615384615
12,1159,240,194.923076923077
12,1160,318,160.140625
12,1161,-321,-232.951388888889
12,1162,-196,-152.751552795031
12,1163,46,5.75
12,1164,70,9.41666666666667
12,1165,-32,9.41666666666667
12,1166,7,-20.2347826086957
12,1167,10,1.87782805429864
12,1168,122,112.084905660377
12,1169,354,221.910714285714
12,1170,15,-77.7619047619048
12,1171,-265,-152.751552795031
12,1172,-122,-113.560975609756
12,1173,-74,6.17241379310345
12,1174,-117,-46.5671641791045
12,1175,-50,-46.5671641791045
12,1176,-86,-46.5671641791045
12,1177,-32,-46.5671641791045
12,1178,5,115.333333333333
12,1179,-13,1.87782805429864
12,1180,-4,1.87782805429864
12,1181,28,1.87782805429864
12,1182,97,78.8384615384615
12,1183,228,194.923076923077
12,1184,284,160.140625
12,1185,-287,-232.951388888889
12,1186,-105,-152.751552795031
12,1187,22,5.75
12,1188,8,24.6947368421053
12,1189,15,1.87782805429864
12,1190,-4,-18.9193548387097
12,1191,-18,1.87782805429864
12,1192,133,115.333333333333
12,1193,420,221.910714285714
12,1194,-124,-77.7619047619048
12,1195,-211,-152.751552795031
12,1196,-175,-113.560975609756
12,1197,-78,6.17241379310345
12,1198,-85,6.17241379310345
12,1199,-13,-46.5671641791045
12,1200,-75,1.87782805429864
12,1201,-23,-46.5671641791045
12,1202,-27,115.333333333333
12,1203,-3,-20.2347826086957
12,1204,-3,1.87782805429864
12,1205,18,1.87782805429864
12,1206,57,78.8384615384615
12,1207,166,134.454545454545
12,1208,262,160.140625
12,1209,-132,-232.951388888889
12,1210,-138,-152.751552795031
12,1211,53,-113.560975609756
12,1212,46,9.41666666666667
12,1213,74,9.41666666666667
12,1214,79,-112.763157894737
12,1215,47,-112.763157894737
12,1216,-1,32.3333333333333
12,1217,119,112.084905660377
12,1218,-171,-22.8846153846154
12,1219,-72,-77.7333333333333
12,1220,-160,-46.5671641791045
12,1221,-62,-46.5671641791045
12,1222,-32,-46.5671641791045
12,1223,-45,-20.2347826086957
12,1224,-19,-20.2347826086957
12,1225,-25,-20.2347826086957
12,1226,-33,-20.2347826086957
12,1227,-8,-20.2347826086957
12,1228,-21,1.87782805429864
12,1229,-5,-20.2347826086957
12,1230,17,1.87782805429864
12,1231,35,78.8384615384615
12,1232,69,78.8384615384615
12,1233,153,134.454545454545
12,1234,87,126.340425531915
12,1235,132,-117.166666666667
12,1236,95,44.1666666666667
12,1237,53,-232.951388888889
12,1238,-65,-22.8846153846154
12,1239,48,-46.5671641791045
12,1240,-11,-22.8846153846154
12,1241,-48,1.87782805429864
12,1242,-50,-46.5671641791045
12,1243,-104,-46.5671641791045
12,1244,-205,-46.5671641791045
12,1245,26,-46.5671641791045
12,1246,-52,78.8384615384615
12,1247,-64,-46.5671641791045
12,1248,-33,-46.5671641791045
12,1249,-21,-20.2347826086957
12,1250,-32,-20.2347826086957
12,1251,-6,115.333333333333
12,1252,-19,1.87782805429864
12,1253,5,-20.2347826086957
12,1254,16,1.87782805429864
12,1255,9,78.8384615384615
12,1256,47,1.87782805429864
12,1257,95,126.340425531915
12,1258,120,44.1666666666667
12,1259,105,32.3333333333333
12,1260,53,-232.951388888889
12,1261,26,44.1666666666667
12,1262,20,24.6947368421053
12,1263,-17,-18.9193548387097
12,1264,-10,-20.2347826086957
12,1265,-65,1.87782805429864
12,1266,-101,-46.5671641791045
12,1267,-34,-46.5671641791045
12,1268,-65,-20.2347826086957
12,1269,-81,-46.5671641791045
12,1270,-12,-46.5671641791045
12,1271,-67,1.87782805429864
12,1272,-14,-46.5671641791045
12,1273,-21,1.87782805429864
12,1274,-10,-20.2347826086957
12,1275,-3,1.87782805429864
12,1276,2,1.87782805429864
12,1277,27,1.87782805429864
12,1278,79,78.8384615384615
12,1279,220,160.140625
12,1280,286,160.140625
12,1281,-331,-232.951388888889
12,1282,-108,-152.751552795031
12,1283,45,5.75
12,1284,57,24.6947368421053
12,1285,1,9.41666666666667
12,1286,-63,1.87782805429864
12,1287,37,-46.5671641791045
12,1288,136,112.084905660377
12,1289,241,221.910714285714
12,1290,14,-77.7619047619048
12,1291,-225,-152.751552795031
12,1292,-145,-113.560975609756
12,1293,-111,6.17241379310345
12,1294,-57,-46.5671641791045
12,1295,-41,-46.5671641791045
12,1296,-41,-20.2347826086957
12,1297,-17,-20.2347826086957
12,1298,-7,115.333333333333
12,1299,0,1.87782805429864
12,1300,0,1.87782805429864
12,1301,22,1.87782805429864
12,1302,79,78.8384615384615
12,1303,281,194.923076923077
12,1304,308,160.140625
12,1305,-373,-232.951388888889
12,1306,-138,-152.751552795031
12,1307,58,5.75
12,1308,20,9.41666666666667
12,1309,24,-18.9193548387097
12,1310,-59,-18.9193548387097
12,1311,-21,-46.5671641791045
12,1312,159,115.333333333333
12,1313,382,221.910714285714
12,1314,-40,-77.7619047619048
12,1315,-225,-152.751552795031
12,1316,-197,-113.560975609756
12,1317,-76,6.17241379310345
12,1318,-79,6.17241379310345
12,1319,-65,-46.5671641791045
12,1320,-32,-46.5671641791045
12,1321,-18,-20.2347826086957
12,1322,-10,115.333333333333
12,1323,0,1.87782805429864
12,1324,25,1.87782805429864
12,1325,79,78.8384615384615
12,1326,215,194.923076923077
12,1327,274,160.140625
12,1328,-293,-232.951388888889
12,1329,-149,-152.751552795031
12,1330,27,5.75
12,1331,2,24.6947368421053
12,1332,-19,1.87782805429864
12,1333,-28,-20.2347826086957
12,1334,67,-20.2347826086957
12,1335,105,134.454545454545
12,1336,272,221.910714285714
12,1337,6,-112.763157894737
12,1338,-201,-152.751552795031
12,1339,-149,-113.560975609756
12,1340,-70,6.17241379310345
12,1341,-31,-46.5671641791045
12,1342,-73,-20.2347826086957
12,1343,-38,-46.5671641791045
12,1344,-14,-20.2347826086957
12,1345,-5,17.75
12,1346,1,1.87782805429864
12,1347,-4,1.87782805429864
12,1348,20,1.87782805429864
12,1349,75,78.8384615384615
12,1350,210,194.923076923077
12,1351,318,160.140625
12,1352,-337,-232.951388888889
12,1353,-146,-152.751552795031
12,1354,83,5.75
12,1355,35,9.41666666666667
12,1356,-56,-18.9193548387097
12,1357,21,-46.5671641791045
12,1358,-13,-18.9193548387097
12,1359,142,112.084905660377
12,1360,303,221.910714285714
12,1361,-46,-77.7619047619048
12,1362,-177,-152.751552795031
12,1363,-153,-113.560975609756
12,1364,-93,6.17241379310345
12,1365,-29,-46.5671641791045
12,1366,-64,-20.2347826086957
12,1367,-39,-46.5671641791045
12,1368,-25,-20.2347826086957
12,1369,-19,-20.2347826086957
12,1370,0,-20.2347826086957
12,1371,-6,1.87782805429864
12,1372,16,1.87782805429864
12,1373,63,78.8384615384615
12,1374,212,134.454545454545
12,1375,267,160.140625
12,1376,-233,-232.951388888889
12,1377,-138,-152.751552795031
12,1378,41,5.75
12,1379,89,24.6947368421053
12,1380,36,9.41666666666667
12,1381,-10,-18.9193548387097
12,1382,4,1.87782805429864
12,1383,111,112.084905660377
12,1384,275,221.910714285714
12,1385,-67,-77.7619047619048
12,1386,-244,-152.751552795031
12,1387,-141,-113.560975609756
12,1388,-97,6.17241379310345
12,1389,26,-46.5671641791045
12,1390,-17,-18.9193548387097
12,1391,-102,-20.2347826086957
12,1392,-26,-46.5671641791045
12,1393,-14,115.333333333333
12,1394,-24,1.87782805429864
12,1395,-18,-20.2347826086957
12,1396,-7,-20.2347826086957
12,1397,14,1.87782805429864
12,1398,43,78.8384615384615
12,1399,96,78.8384615384615
12,1400,105,160.140625
12,1401,141,70.0975609756098
12,1402,158,32.3333333333333
12,1403,114,-232.951388888889
12,1404,0,-232.951388888889
12,1405,-18,-77.7333333333333
12,1406,-2,-20.2347826086957
12,1407,-76,1.87782805429864
12,1408,-22,-46.5671641791045
12,1409,-79,-20.2347826086957
12,1410,-22,-46.5671641791045
12,1411,-138,-20.2347826086957
12,1412,-101,-46.5671641791045
12,1413,-8,-46.5671641791045
12,1414,-16,1.87782805429864
12,1415,-72,-20.2347826086957
12,1416,-18,-46.5671641791045
12,1417,-32,-20.2347826086957
12,1418,-29,-20.2347826086957
12,1419,-33,-20.2347826086957
12,1420,-2,-20.2347826086957
12,1421,6,1.87782805429864
12,1422,30,1.87782805429864
12,1423,51,78.8384615384615
12,1424,154,134.454545454545
12,1425,170,126.340425531915
12,1426,107,-232.951388888889
12,1427,107,-232.951388888889
12,1428,46,-22.8846153846154
12,1429,-53,-22.8846153846154
12,1430,-11,-46.5671641791045
12,1431,-1,1.87782805429864
12,1432,7,1.87782805429864
12,1433,-144,17.75
12,1434,-100,-46.5671641791045
12,1435,-88,-46.5671641791045
12,1436,-62,-46.5671641791045
12,1437,-95,-46.5671641791045
12,1438,-44,-46.5671641791045
12,1439,-49,-20.2347826086957
12,1440,-13,-46.5671641791045
12,1441,-14,1.87782805429864
12,1442,-6,1.87782805429864
12,1443,-2,1.87782805429864
12,1444,32,1.87782805429864
12,1445,95,78.8384615384615
12,1446,254,194.923076923077
12,1447,210,160.140625
12,1448,-300,-232.951388888889
12,1449,-73,-152.751552795031
12,1450,27,5.75
12,1451,20,24.6947368421053
12,1452,-8,-18.9193548387097
12,1453,25,1.87782805429864
12,1454,-13,-18.9193548387097
12,1455,83,112.084905660377
12,1456,354,221.910714285714
12,1457,-36,-67.95
12,1458,-154,-152.751552795031
12,1459,-147,-113.560975609756
12,1460,-104,-46.5671641791045
12,1461,-57,-46.5671641791045
12,1462,-93,-46.5671641791045
12,1463,-78,-46.5671641791045
12,1464,-32,-46.5671641791045
12,1465,-7,-20.2347826086957
12,1466,2,1.87782805429864
12,1467,3,1.87782805429864
12,1468,21,1.87782805429864
12,1469,114,78.8384615384615
12,1470,317,194.923076923077
12,1471,212,-77.7619047619048
12,1472,-273,-232.951388888889
12,1473,-183,-152.751552795031
12,1474,22,5.75
12,1475,5,24.6947368421053
12,1476,-5,1.87782805429864
12,1477,18,1.87782805429864
12,1478,51,-18.9193548387097
12,1479,62,70.0975609756098
12,1480,411,221.910714285714
12,1481,-6,-112.763157894737
12,1482,-238,-152.751552795031
12,1483,-135,-113.560975609756
12,1484,-105,6.17241379310345
12,1485,-135,-46.5671641791045
12,1486,-80,-46.5671641791045
12,1487,-44,-46.5671641791045
12,1488,-24,-20.2347826086957
12,1489,-5,115.333333333333
12,1490,-3,1.87782805429864
12,1491,1,1.87782805429864
12,1492,27,1.87782805429864
12,1493,100,78.8384615384615
12,1494,284,194.923076923077
12,1495,158,160.140625
12,1496,-311,-232.951388888889
12,1497,-118,-117.166666666667
12,1498,-28,6.17241379310345
12,1499,-9,-20.2347826086957
12,1500,-46,1.87782805429864
12,1501,-13,-20.2347826086957
12,1502,47,1.87782805429864
12,1503,137,134.454545454545
12,1504,253,271.932203389831
12,1505,17,-175.6
12,1506,-137,-152.751552795031
12,1507,-108,-113.560975609756
12,1508,-71,-46.5671641791045
12,1509,-27,-46.5671641791045
12,1510,-92,-20.2347826086957
12,1511,-45,-46.5671641791045
12,1512,-12,-20.2347826086957
12,1513,-7,112.084905660377
12,1514,-2,1.87782805429864
12,1515,0,1.87782805429864
12,1516,26,1.87782805429864
12,1517,90,78.8384615384615
12,1518,286,194.923076923077
12,1519,271,160.140625
12,1520,-376,-232.951388888889
12,1521,-112,-152.751552795031
12,1522,40,5.75
12,1523,35,24.6947368421053
12,1524,-26,-18.9193548387097
12,1525,-1,-20.2347826086957
12,1526,25,1.87782805429864
12,1527,125,112.084905660377
12,1528,361,221.910714285714
12,1529,28,-77.7619047619048
12,1530,-190,-152.751552795031
12,1531,-182,-113.560975609756
12,1532,-137,6.17241379310345
12,1533,-19,6.17241379310345
12,1534,-104,-20.2347826086957
12,1535,-80,-46.5671641791045
12,1536,-39,-46.5671641791045
12,1537,-4,115.333333333333
12,1538,-11,1.87782805429864
12,1539,-7,1.87782805429864
12,1540,22,1.87782805429864
12,1541,88,78.8384615384615
12,1542,246,194.923076923077
12,1543,341,194.923076923077
12,1544,-341,-232.951388888889
12,1545,-122,-152.751552795031
12,1546,17,5.75
12,1547,108,24.6947368421053
12,1548,19,-67.95
12,1549,13,-18.9193548387097
12,1550,13,-18.9193548387097
12,1551,173,112.084905660377
12,1552,239,221.910714285714
12,1553,-151,-77.7619047619048
12,1554,-176,-152.751552795031
12,1555,-151,5.75
12,1556,-54,6.17241379310345
12,1557,-85,-46.5671641791045
12,1558,-15,-46.5671641791045
12,1559,-45,-20.2347826086957
12,1560,-54,-20.2347826086957
12,1561,-7,-46.5671641791045
12,1562,-52,1.87782805429864
12,1563,-20,-46.5671641791045
12,1564,-8,-20.2347826086957
12,1565,30,1.87782805429864
12,1566,45,78.8384615384615
12,1567,125,78.8384615384615
12,1568,130,160.140625
12,1569,151,-175.6
12,1570,126,-232.951388888889
12,1571,32,-232.951388888889
12,1572,9,1.58333333333333
12,1573,-40,1.87782805429864
12,1574,19,-20.2347826086957
12,1575,11,-18.9193548387097
12,1576,-71,-18.9193548387097
12,1577,-152,-46.5671641791045
12,1578,-362,-46.5671641791045
12,1579,-15,-46.5671641791045
12,1580,63,-20.2347826086957
12,1581,8,9.41666666666667
12,1582,-19,1.87782805429864
12,1583,26,-20.2347826086957
12,1584,-44,78.8384615384615
12,1585,-17,115.333333333333
12,1586,-16,-20.2347826086957
12,1587,-33,-20.2347826086957
12,1588,-1,-20.2347826086957
12,1589,6,1.87782805429864
12,1590,12,1.87782805429864
12,1591,27,24.6947368421053
12,1592,28,78.8384615384615
12,1593,-11,78.8384615384615
12,1594,9,1.87782805429864
12,1595,-16,1.87782805429864
12,1596,-9,-20.2347826086957
12,1597,1,1.87782805429864
12,1598,-15,1.87782805429864
12,1599,-2,-20.2347826086957
12,1600,-9,1.87782805429864
12,1601,12,1.87782805429864
12,1602,-4,24.6947368421053
12,1603,0,1.87782805429864
12,1604,-24,1.87782805429864
12,1605,2,-20.2347826086957
12,1606,4,1.87782805429864
12,1607,-11,1.87782805429864
12,1608,-4,1.87782805429864
12,1609,2,1.87782805429864
12,1610,-3,1.87782805429864
12,1611,2,1.87782805429864
12,1612,11,1.87782805429864
12,1613,31,24.6947368421053
12,1614,162,24.6947368421053
12,1615,275,163.76
12,1616,-210,-77.7619047619048
12,1617,-172,-152.751552795031
12,1618,1,5.75
12,1619,28,1.87782805429864
12,1620,-22,24.6947368421053
12,1621,7,-20.2347826086957
12,1622,-2,1.87782805429864
12,1623,-9,112.084905660377
12,1624,129,112.084905660377
12,1625,147,-67.95
12,1626,-81,-77.7619047619048
12,1627,-95,-117.166666666667
12,1628,-51,-46.5671641791045
12,1629,-63,-46.5671641791045
12,1630,-30,-46.5671641791045
12,1631,-46,-20.2347826086957
12,1632,-6,-20.2347826086957
12,1633,-4,17.75
12,1634,-1,17.75
12,1635,1,1.87782805429864
12,1636,19,1.87782805429864
12,1637,98,78.8384615384615
12,1638,270,194.923076923077
12,1639,221,163.76
12,1640,-303,-232.951388888889
12,1641,-146,-152.751552795031
12,1642,22,5.75
12,1643,40,24.6947368421053
12,1644,0,-18.9193548387097
12,1645,-8,1.87782805429864
12,1646,20,1.87782805429864
12,1647,126,112.084905660377
12,1648,329,221.910714285714
12,1649,-59,-77.7619047619048
12,1650,-150,-152.751552795031
12,1651,-197,-113.560975609756
12,1652,-59,-46.5671641791045
12,1653,-69,6.17241379310345
12,1654,-84,-46.5671641791045
12,1655,-37,-46.5671641791045
12,1656,-11,-20.2347826086957
12,1657,-18,17.75
12,1658,-4,115.333333333333
12,1659,3,1.87782805429864
12,1660,18,1.87782805429864
12,1661,82,78.8384615384615
12,1662,283,194.923076923077
12,1663,265,160.140625
12,1664,-333,-232.951388888889
12,1665,-139,-152.751552795031
12,1666,37,5.75
12,1667,50,24.6947368421053
12,1668,-41,9.41666666666667
12,1669,-5,-20.2347826086957
12,1670,6,1.87782805429864
12,1671,147,112.084905660377
12,1672,356,221.910714285714
12,1673,-23,-77.7619047619048
12,1674,-166,-152.751552795031
12,1675,-163,-113.560975609756
12,1676,-141,-46.5671641791045
12,1677,-47,-46.5671641791045
12,1678,-88,-20.2347826086957
12,1679,-61,-46.5671641791045
12,1680,-20,-46.5671641791045
12,1681,-10,-20.2347826086957
12,1682,-7,1.87782805429864
12,1683,-3,1.87782805429864
12,1684,14,1.87782805429864
12,1685,110,78.8384615384615
12,1686,98,194.923076923077
12,1687,137,-77.7619047619048
12,1688,-161,32.3333333333333
12,1689,-62,-77.7333333333333
12,1690,12,-46.5671641791045
12,1691,53,24.6947368421053
12,1692,-7,9.41666666666667
12,1693,-28,1.87782805429864
12,1694,35,-20.2347826086957
12,1695,114,24.6947368421053
12,1696,296,201.178571428571
12,1697,50,-77.7619047619048
12,1698,-200,-152.751552795031
12,1699,-127,-113.560975609756
12,1700,-87,6.17241379310345
12,1701,-67,-46.5671641791045
12,1702,-71,-46.5671641791045
12,1703,-39,-46.5671641791045
12,1704,-38,-20.2347826086957
12,1705,-13,115.333333333333
12,1706,-19,1.87782805429864
12,1707,3,-20.2347826086957
12,1708,13,1.87782805429864
12,1709,101,78.8384615384615
12,1710,195,194.923076923077
12,1711,277,194.923076923077
12,1712,-258,-232.951388888889
12,1713,-98,-152.751552795031
12,1714,-3,5.75
12,1715,74,1.87782805429864
12,1716,-1,9.41666666666667
12,1717,-6,1.87782805429864
12,1718,24,1.87782805429864
12,1719,116,112.084905660377
12,1720,262,221.910714285714
12,1721,-48,-77.7619047619048
12,1722,-213,-152.751552795031
12,1723,-152,-113.560975609756
12,1724,-81,6.17241379310345
12,1725,-50,-46.5671641791045
12,1726,-42,-46.5671641791045
12,1727,-13,-20.2347826086957
12,1728,-36,1.87782805429864
12,1729,-10,115.333333333333
12,1730,-31,1.87782805429864
12,1731,-24,-20.2347826086957
12,1732,3,-20.2347826086957
12,1733,23,1.87782805429864
12,1734,27,78.8384615384615
12,1735,103,78.8384615384615
12,1736,56,160.140625
12,1737,77,70.0975609756098
12,1738,67,32.3333333333333
12,1739,23,-22.8846153846154
12,1740,8,24.6947368421053
12,1741,51,1.87782805429864
12,1742,-32,9.41666666666667
12,1743,-32,-20.2347826086957
12,1744,-54,-20.2347826086957
12,1745,-232,-46.5671641791045
12,1746,49,-46.5671641791045
12,1747,-37,9.41666666666667
12,1748,-18,-20.2347826086957
12,1749,-1,-20.2347826086957
12,1750,-41,1.87782805429864
12,1751,-6,-20.2347826086957
12,1752,6,1.87782805429864
12,1753,-2,1.87782805429864
12,1754,-24,1.87782805429864
12,1755,-12,-20.2347826086957
12,1756,2,1.87782805429864
12,1757,1,1.87782805429864
12,1758,20,1.87782805429864
12,1759,80,24.6947368421053
12,1760,78,163.76
12,1761,195,160.140625
12,1762,31,32.3333333333333
12,1763,173,-117.166666666667
12,1764,11,-22.8846153846154
12,1765,58,-117.166666666667
12,1766,-50,-22.8846153846154
12,1767,-16,-46.5671641791045
12,1768,-65,-20.2347826086957
12,1769,-35,-46.5671641791045
12,1770,-112,-20.2347826086957
12,1771,-132,-46.5671641791045
12,1772,-39,-46.5671641791045
12,1773,-96,-20.2347826086957
12,1774,-26,-46.5671641791045
12,1775,-34,-20.2347826086957
12,1776,-24,-20.2347826086957
12,1777,-16,-20.2347826086957
12,1778,-4,-20.2347826086957
12,1779,-2,1.87782805429864
12,1780,18,1.87782805429864
12,1781,103,78.8384615384615
12,1782,226,194.923076923077
12,1783,247,160.140625
12,1784,-328,-232.951388888889
12,1785,-111,-152.751552795031
12,1786,6,5.75
12,1787,62,1.87782805429864
12,1788,22,9.41666666666667
12,1789,-29,-18.9193548387097
12,1790,13,-20.2347826086957
12,1791,116,112.084905660377
12,1792,336,221.910714285714
12,1793,-19,-77.7619047619048
12,1794,-193,-152.751552795031
12,1795,-162,-113.560975609756
12,1796,-88,6.17241379310345
12,1797,-87,-46.5671641791045
12,1798,-74,-46.5671641791045
12,1799,-25,-46.5671641791045
12,1800,-14,-20.2347826086957
12,1801,-13,17.75
12,1802,-5,1.87782805429864
12,1803,5,1.87782805429864
12,1804,9,1.87782805429864
12,1805,9,1.87782805429864
12,1806,143,1.87782805429864
12,1807,388,126.340425531915
12,1808,-208,-77.7619047619048
12,1809,-175,-152.751552795031
12,1810,55,5.75
12,1811,40,9.41666666666667
12,1812,-20,24.6947368421053
12,1813,-45,-20.2347826086957
12,1814,30,-20.2347826086957
12,1815,120,112.084905660377
12,1816,327,221.910714285714
12,1817,62,-77.7619047619048
12,1818,-256,-152.751552795031
12,1819,-152,-113.560975609756
12,1820,-53,6.17241379310345
12,1821,-71,-46.5671641791045
12,1822,-116,-46.5671641791045
12,1823,-48,-46.5671641791045
12,1824,-32,-46.5671641791045
12,1825,1,115.333333333333
12,1826,-10,1.87782805429864
12,1827,-2,1.87782805429864
12,1828,29,1.87782805429864
12,1829,87,78.8384615384615
12,1830,238,194.923076923077
12,1831,308,160.140625
12,1832,-351,-232.951388888889
12,1833,-140,-152.751552795031
12,1834,9,5.75
12,1835,61,1.87782805429864
12,1836,-17,9.41666666666667
12,1837,12,-20.2347826086957
12,1838,16,-18.9193548387097
12,1839,111,112.084905660377
12,1840,362,221.910714285714
12,1841,84,-77.7619047619048
12,1842,-309,-152.751552795031
12,1843,-166,-113.560975609756
12,1844,-99,6.17241379310345
12,1845,-66,-46.5671641791045
12,1846,-75,-46.5671641791045
12,1847,-8,-46.5671641791045
12,1848,-66,1.87782805429864
12,1849,-7,115.333333333333
12,1850,-11,1.87782805429864
12,1851,-4,1.87782805429864
12,1852,19,1.87782805429864
12,1853,115,78.8384615384615
12,1854,248,160.140625
12,1855,243,-77.7619047619048
12,1856,-323,-232.951388888889
12,1857,-136,-152.751552795031
12,1858,33,5.75
12,1859,100,24.6947368421053
12,1860,-36,-67.95
12,1861,-61,-20.2347826086957
12,1862,79,-46.5671641791045
12,1863,87,70.0975609756098
12,1864,334,221.910714285714
12,1865,2,-112.763157894737
12,1866,-184,-152.751552795031
12,1867,-102,-113.560975609756
12,1868,-121,6.17241379310345
12,1869,-53,-46.5671641791045
12,1870,-125,-46.5671641791045
12,1871,-32,-46.5671641791045
12,1872,-41,-20.2347826086957
12,1873,-37,115.333333333333
12,1874,3,-20.2347826086957
12,1875,-10,1.87782805429864
12,1876,20,1.87782805429864
12,1877,111,78.8384615384615
12,1878,221,201.178571428571
12,1879,262,-77.7619047619048
12,1880,-324,-232.951388888889
12,1881,-95,-152.751552795031
12,1882,59,5.75
12,1883,-87,9.41666666666667
12,1884,107,-46.5671641791045
12,1885,-36,-112.763157894737
12,1886,101,-20.2347826086957
12,1887,97,194.923076923077
12,1888,203,221.910714285714
12,1889,-2,44.1666666666667
12,1890,-189,-152.751552795031
12,1891,-139,-113.560975609756
12,1892,-78,6.17241379310345
12,1893,-3,-46.5671641791045
12,1894,24,1.87782805429864
12,1895,-103,-18.9193548387097
12,1896,-46,-46.5671641791045
12,1897,-32,115.333333333333
12,1898,-43,-20.2347826086957
12,1899,-23,-20.2347826086957
12,1900,13,-20.2347826086957
12,1901,20,24.6947368421053
12,1902,45,24.6947368421053
12,1903,110,78.8384615384615
12,1904,87,126.340425531915
12,1905,148,1.58333333333333
12,1906,143,32.3333333333333
12,1907,-25,-232.951388888889
12,1908,-26,-117.166666666667
12,1909,-96,-20.2347826086957
12,1910,113,-46.5671641791045
12,1911,-1,-67.95
12,1912,-38,-77.7333333333333
12,1913,-68,-20.2347826086957
12,1914,-29,-46.5671641791045
12,1915,-96,-20.2347826086957
12,1916,-40,-46.5671641791045
12,1917,-52,-20.2347826086957
12,1918,-68,-46.5671641791045
12,1919,-15,-46.5671641791045
12,1920,-13,-20.2347826086957
12,1921,-28,1.87782805429864
12,1922,-65,-20.2347826086957
12,1923,-12,-46.5671641791045
12,1924,-5,1.87782805429864
12,1925,6,1.87782805429864
12,1926,19,1.87782805429864
12,1927,78,78.8384615384615
12,1928,77,160.140625
12,1929,142,126.340425531915
12,1930,81,32.3333333333333
12,1931,144,-117.166666666667
12,1932,7,-22.8846153846154
12,1933,-47,-117.166666666667
12,1934,53,-20.2347826086957
12,1935,-27,9.41666666666667
12,1936,-33,-20.2347826086957
12,1937,-48,-20.2347826086957
12,1938,-80,-46.5671641791045
12,1939,-107,-46.5671641791045
12,1940,-73,-46.5671641791045
12,1941,-46,-46.5671641791045
12,1942,-55,-20.2347826086957
12,1943,-68,-46.5671641791045
12,1944,-25,-46.5671641791045
12,1945,-3,-20.2347826086957
12,1946,-1,1.87782805429864
12,1947,-3,1.87782805429864
12,1948,21,1.87782805429864
12,1949,119,78.8384615384615
12,1950,243,194.923076923077
12,1951,254,-77.7619047619048
12,1952,-289,-232.951388888889
12,1953,-160,-152.751552795031
12,1954,23,5.75
12,1955,50,24.6947368421053
12,1956,9,9.41666666666667
12,1957,-33,1.87782805429864
12,1958,23,-20.2347826086957
12,1959,126,112.084905660377
12,1960,381,221.910714285714
12,1961,-89,-77.7619047619048
12,1962,-134,-152.751552795031
12,1963,-223,-113.560975609756
12,1964,-76,-46.5671641791045
12,1965,-74,6.17241379310345
12,1966,-60,-46.5671641791045
12,1967,-75,-46.5671641791045
12,1968,-29,-46.5671641791045
12,1969,7,-20.2347826086957
12,1970,-10,1.87782805429864
12,1971,-1,1.87782805429864
12,1972,15,1.87782805429864
12,1973,145,78.8384615384615
12,1974,298,194.923076923077
12,1975,178,-77.7619047619048
12,1976,-346,-232.951388888889
12,1977,-138,-117.166666666667
12,1978,60,6.17241379310345
12,1979,46,9.41666666666667
12,1980,-44,9.41666666666667
12,1981,-148,-20.2347826086957
12,1982,63,-46.5671641791045
12,1983,255,70.0975609756098
12,1984,328,221.910714285714
12,1985,-7,-232.951388888889
12,1986,-252,-152.751552795031
12,1987,-156,-113.560975609756
12,1988,-79,6.17241379310345
12,1989,-76,-46.5671641791045
12,1990,-84,-46.5671641791045
12,1991,-28,-46.5671641791045
12,1992,-21,-20.2347826086957
12,1993,-13,115.333333333333
12,1994,1,1.87782805429864
12,1995,3,1.87782805429864
12,1996,23,1.87782805429864
12,1997,98,78.8384615384615
12,1998,292,160.140625
12,1999,204,160.140625
12,2000,-297,-232.951388888889
12,2001,-172,-152.751552795031
12,2002,48,5.75
12,2003,79,9.41666666666667
12,2004,-14,9.41666666666667
12,2005,-23,1.87782805429864
12,2006,16,-20.2347826086957
12,2007,98,112.084905660377
12,2008,348,221.910714285714
12,2009,-333,-67.95
12,2010,-274,-152.751552795031
12,2011,-47,5.75
12,2012,-17,-20.2347826086957
12,2013,33,-20.2347826086957
12,2014,-12,-18.9193548387097
12,2015,-22,1.87782805429864
12,2016,-22,115.333333333333
12,2017,-8,115.333333333333
12,2018,0,1.87782805429864
12,2019,-1,1.87782805429864
12,2020,22,1.87782805429864
12,2021,115,24.6947368421053
12,2022,262,160.140625
12,2023,229,-77.7619047619048
12,2024,-269,-232.951388888889
12,2025,-207,-152.751552795031
12,2026,102,5.75
12,2027,16,-67.95
12,2028,46,-18.9193548387097
12,2029,-71,-112.763157894737
12,2030,24,-46.5671641791045
12,2031,150,112.084905660377
12,2032,311,221.910714285714
12,2033,38,-77.7619047619048
12,2034,-217,-152.751552795031
12,2035,-179,-113.560975609756
12,2036,-144,6.17241379310345
12,2037,2,6.17241379310345
12,2038,-97,1.87782805429864
12,2039,-71,-46.5671641791045
12,2040,-18,-46.5671641791045
12,2041,-15,115.333333333333
12,2042,-18,-20.2347826086957
12,2043,-4,-20.2347826086957
12,2044,17,1.87782805429864
12,2045,109,24.6947368421053
12,2046,216,194.923076923077
12,2047,269,-77.7619047619048
12,2048,-298,-232.951388888889
12,2049,-112,-152.751552795031
12,2050,81,5.75
12,2051,57,9.41666666666667
12,2052,15,9.41666666666667
12,2053,-29,-18.9193548387097
12,2054,105,-20.2347826086957
12,2055,86,70.0975609756098
12,2056,254,221.910714285714
12,2057,-183,-22.8846153846154
12,2058,-93,-152.751552795031
12,2059,-162,5.75
12,2060,-71,-46.5671641791045
12,2061,-36,-46.5671641791045
12,2062,-54,-20.2347826086957
12,2063,-44,-46.5671641791045
12,2064,-43,115.333333333333
12,2065,-37,-20.2347826086957
12,2066,-22,-20.2347826086957
12,2067,-25,-20.2347826086957
12,2068,4,-20.2347826086957
12,2069,20,1.87782805429864
12,2070,34,78.8384615384615
12,2071,111,78.8384615384615
12,2072,157,126.340425531915
12,2073,76,-77.7619047619048
12,2074,111,-117.166666666667
12,2075,37,-22.8846153846154
12,2076,100,1.58333333333333
12,2077,-44,-22.8846153846154
12,2078,-25,-20.2347826086957
12,2079,1,-20.2347826086957
12,2080,-15,1.87782805429864
12,2081,-30,-20.2347826086957
12,2082,-107,-20.2347826086957
12,2083,-152,-46.5671641791045
12,2084,-57,-46.5671641791045
12,2085,44,-46.5671641791045
12,2086,-98,78.8384615384615
12,2087,-78,-46.5671641791045
12,2088,-4,-46.5671641791045
12,2089,-12,1.87782805429864
12,2090,-54,1.87782805429864
12,2091,-19,-46.5671641791045
12,2092,3,-20.2347826086957
12,2093,9,1.87782805429864
12,2094,39,1.87782805429864
12,2095,96,78.8384615384615
12,2096,66,160.140625
12,2097,128,70.0975609756098
12,2098,78,32.3333333333333
12,2099,103,1.58333333333333
12,2100,71,-22.8846153846154
12,2101,-50,-22.8846153846154
12,2102,-53,-46.5671641791045
12,2103,65,-46.5671641791045
12,2104,-86,9.41666666666667
12,2105,-89,-46.5671641791045
12,2106,-50,-46.5671641791045
12,2107,-109,-46.5671641791045
12,2108,-61,-46.5671641791045
12,2109,-38,-46.5671641791045
12,2110,-57,-20.2347826086957
12,2111,-39,-46.5671641791045
12,2112,-24,-20.2347826086957
12,2113,-9,-20.2347826086957
12,2114,0,1.87782805429864
12,2115,4,1.87782805429864
12,2116,20,1.87782805429864
12,2117,39,78.8384615384615
12,2118,10,78.8384615384615
12,2119,81,1.87782805429864
12,2120,-46,126.340425531915
12,2121,-51,-20.2347826086957
12,2122,20,-46.5671641791045
12,2123,106,24.6947368421053
12,2124,-9,-67.95
12,2125,-5,1.87782805429864
12,2126,25,1.87782805429864
12,2127,-85,24.6947368421053
12,2128,118,-46.5671641791045
12,2129,71,-67.95
12,2130,4,1.58333333333333
12,2131,-115,1.87782805429864
12,2132,-37,-46.5671641791045
12,2133,-23,-20.2347826086957
12,2134,-54,-20.2347826086957
12,2135,-43,-46.5671641791045
12,2136,-13,-20.2347826086957
12,2137,-15,1.87782805429864
12,2138,2,-20.2347826086957
12,2139,-1,1.87782805429864
12,2140,3,1.87782805429864
12,2141,16,1.87782805429864
12,2142,68,78.8384615384615
12,2143,317,134.454545454545
12,2144,-54,160.140625
12,2145,-184,-152.751552795031
12,2146,53,-113.560975609756
12,2147,40,9.41666666666667
12,2148,-25,24.6947368421053
12,2149,-55,-20.2347826086957
12,2150,72,-46.5671641791045
12,2151,118,70.0975609756098
12,2152,304,194.923076923077
12,2153,55,-232.951388888889
12,2154,-221,-152.751552795031
12,2155,-249,-113.560975609756
12,2156,-154,6.17241379310345
12,2157,-26,6.17241379310345
12,2158,-12,-20.2347826086957
12,2159,-32,1.87782805429864
12,2160,-18,-20.2347826086957
12,2161,-2,115.333333333333
12,2162,-13,1.87782805429864
12,2163,-2,1.87782805429864
12,2164,34,1.87782805429864
12,2165,120,78.8384615384615
12,2166,282,160.140625
12,2167,210,-77.7619047619048
12,2168,-303,-232.951388888889
12,2169,-155,-152.751552795031
12,2170,75,5.75
12,2171,63,9.41666666666667
12,2172,20,9.41666666666667
12,2173,-87,-18.9193548387097
12,2174,11,-46.5671641791045
12,2175,172,112.084905660377
12,2176,427,221.910714285714
12,2177,-27,-77.7619047619048
12,2178,-256,-152.751552795031
12,2179,-131,-113.560975609756
12,2180,-66,6.17241379310345
12,2181,-107,-46.5671641791045
12,2182,-153,-46.5671641791045
12,2183,-54,-46.5671641791045
12,2184,-51,-46.5671641791045
12,2185,-12,115.333333333333
12,2186,-13,1.87782805429864
12,2187,13,1.87782805429864
12,2188,19,78.8384615384615
12,2189,124,78.8384615384615
12,2190,315,201.178571428571
12,2191,160,-77.7619047619048
12,2192,-288,-232.951388888889
12,2193,-141,-117.166666666667
12,2194,74,6.17241379310345
12,2195,69,9.41666666666667
12,2196,-21,9.41666666666667
12,2197,-57,-20.2347826086957
12,2198,46,-46.5671641791045
12,2199,114,70.0975609756098
12,2200,422,271.932203389831
12,2201,16,-175.6
12,2202,-331,-152.751552795031
12,2203,-91,-113.560975609756
12,2204,-147,6.17241379310345
12,2205,-48,-46.5671641791045
12,2206,-85,-46.5671641791045
12,2207,-96,-46.5671641791045
12,2208,-21,-46.5671641791045
12,2209,-28,115.333333333333
12,2210,-7,-20.2347826086957
12,2211,-3,1.87782805429864
12,2212,23,1.87782805429864
12,2213,148,78.8384615384615
12,2214,333,194.923076923077
12,2215,230,-77.7619047619048
12,2216,-384,-232.951388888889
12,2217,-106,-152.751552795031
12,2218,79,5.75
12,2219,26,9.41666666666667
12,2220,35,-18.9193548387097
12,2221,-45,-18.9193548387097
12,2222,41,-20.2347826086957
12,2223,177,112.084905660377
12,2224,244,221.910714285714
12,2225,-143,-175.6
12,2226,-186,-152.751552795031
12,2227,-146,-113.560975609756
12,2228,-79,6.17241379310345
12,2229,-7,-46.5671641791045
12,2230,-77,1.87782805429864
12,2231,-26,-46.5671641791045
12,2232,-44,-20.2347826086957
12,2233,-35,115.333333333333
12,2234,-36,-20.2347826086957
12,2235,-19,-20.2347826086957
12,2236,-2,-20.2347826086957
12,2237,38,1.87782805429864
12,2238,45,78.8384615384615
12,2239,100,78.8384615384615
12,2240,97,194.923076923077
12,2241,160,126.340425531915
12,2242,134,32.3333333333333
12,2243,56,-232.951388888889
12,2244,62,1.58333333333333
12,2245,26,-22.8846153846154
12,2246,-58,-18.9193548387097
12,2247,-30,-46.5671641791045
12,2248,-16,-20.2347826086957
12,2249,19,-20.2347826086957
12,2250,-213,17.75
12,2251,-117,-46.5671641791045
12,2252,-56,6.17241379310345
12,2253,79,-46.5671641791045
12,2254,-99,160.140625
12,2255,-69,-46.5671641791045
12,2256,-40,-46.5671641791045
12,2257,-32,115.333333333333
12,2258,-32,-20.2347826086957
12,2259,-50,-20.2347826086957
12,2260,-8,-46.5671641791045
12,2261,17,1.87782805429864
12,2262,65,78.8384615384615
12,2263,81,134.454545454545
12,2264,142,160.140625
12,2265,119,32.3333333333333
12,2266,149,-232.951388888889
12,2267,56,-232.951388888889
12,2268,-30,-117.166666666667
12,2269,-64,-20.2347826086957
12,2270,-41,-46.5671641791045
12,2271,75,-20.2347826086957
12,2272,-28,9.41666666666667
12,2273,-75,-20.2347826086957
12,2274,-72,-46.5671641791045
12,2275,-128,-46.5671641791045
12,2276,-41,-46.5671641791045
12,2277,-88,-20.2347826086957
12,2278,-59,-46.5671641791045
12,2279,-46,-46.5671641791045
12,2280,-25,-20.2347826086957
12,2281,-4,-20.2347826086957
12,2282,-9,1.87782805429864
12,2283,5,1.87782805429864
12,2284,8,1.87782805429864
12,2285,64,1.87782805429864
12,2286,74,134.454545454545
12,2287,117,126.340425531915
12,2288,-84,44.1666666666667
12,2289,-87,-77.7333333333333
12,2290,7,-46.5671641791045
12,2291,64,1.87782805429864
12,2292,14,9.41666666666667
12,2293,-4,-18.9193548387097
12,2294,45,1.87782805429864
12,2295,90,24.6947368421053
12,2296,193,126.340425531915
12,2297,22,-22.8846153846154
12,2298,-82,-117.166666666667
12,2299,-112,-113.560975609756
12,2300,-95,-46.5671641791045
12,2301,-99,-46.5671641791045
12,2302,-45,-46.5671641791045
12,2303,-61,-20.2347826086957
12,2304,-9,-46.5671641791045
12,2305,-16,17.75
12,2306,-6,-20.2347826086957
12,2307,2,1.87782805429864
12,2308,10,1.87782805429864
12,2309,120,1.87782805429864
12,2310,187,194.923076923077
12,2311,266,-77.7619047619048
12,2312,-257,-232.951388888889
12,2313,-133,-152.751552795031
12,2314,-11,5.75
12,2315,65,1.87782805429864
12,2316,-11,9.41666666666667
12,2317,-21,1.87782805429864
12,2318,23,-20.2347826086957
12,2319,141,112.084905660377
12,2320,399,221.910714285714
12,2321,0,-77.7619047619048
12,2322,-421,-152.751552795031
12,2323,9,-113.560975609756
12,2324,-112,1.87782805429864
12,2325,-87,-46.5671641791045
12,2326,-69,-46.5671641791045
12,2327,-58,-46.5671641791045
12,2328,-15,-46.5671641791045
12,2329,-20,115.333333333333
12,2330,-7,-20.2347826086957
12,2331,-2,1.87782805429864
12,2332,32,1.87782805429864
12,2333,125,78.8384615384615
12,2334,308,194.923076923077
12,2335,251,-77.7619047619048
12,2336,-422,-232.951388888889
12,2337,-106,-152.751552795031
12,2338,6,5.75
12,2339,51,1.87782805429864
12,2340,22,9.41666666666667
12,2341,-22,-18.9193548387097
12,2342,9,-20.2347826086957
12,2343,21,112.084905660377
12,2344,7,112.084905660377
12,2345,42,1.87782805429864
12,2346,49,-18.9193548387097
12,2347,-81,44.1666666666667
12,2348,-50,-46.5671641791045
12,2349,-86,-46.5671641791045
12,2350,-53,-46.5671641791045
12,2351,-50,-46.5671641791045
12,2352,-26,-46.5671641791045
12,2353,-14,-20.2347826086957
12,2354,-12,1.87782805429864
12,2355,1,1.87782805429864
12,2356,25,1.87782805429864
12,2357,126,78.8384615384615
12,2358,259,194.923076923077
12,2359,277,-77.7619047619048
12,2360,-391,-232.951388888889
12,2361,-116,-152.751552795031
12,2362,36,5.75
12,2363,68,24.6947368421053
12,2364,13,9.41666666666667
12,2365,-50,-18.9193548387097
12,2366,39,-46.5671641791045
12,2367,99,112.084905660377
12,2368,408,221.910714285714
12,2369,-46,-22.8846153846154
12,2370,-260,-152.751552795031
12,2371,-94,-113.560975609756
12,2372,-113,6.17241379310345
12,2373,-42,-46.5671641791045
12,2374,-76,-20.2347826086957
12,2375,-94,-46.5671641791045
12,2376,-31,-46.5671641791045
12,2377,-19,115.333333333333
12,2378,-9,-20.2347826086957
12,2379,-5,1.87782805429864
12,2380,21,1.87782805429864
12,2381,83,78.8384615384615
12,2382,246,194.923076923077
12,2383,224,160.140625
12,2384,-243,-232.951388888889
12,2385,-108,-152.751552795031
12,2386,51,5.75
12,2387,38,9.41666666666667
12,2388,12,-18.9193548387097
12,2389,34,-18.9193548387097
12,2390,99,-18.9193548387097
12,2391,118,70.0975609756098
12,2392,69,221.910714285714
12,2393,-131,1.58333333333333
12,2394,-118,-46.5671641791045
12,2395,-54,-46.5671641791045
12,2396,-95,-46.5671641791045
12,2397,-43,-46.5671641791045
12,2398,-46,-20.2347826086957
12,2399,-50,-20.2347826086957
12,2400,-34,-46.5671641791045
12,2401,-18,-20.2347826086957
12,2402,-33,-20.2347826086957
12,2403,-29,-20.2347826086957
12,2404,8,-20.2347826086957
12,2405,21,1.87782805429864
12,2406,23,78.8384615384615
12,2407,87,78.8384615384615
12,2408,148,126.340425531915
12,2409,148,126.340425531915
12,2410,83,-232.951388888889
12,2411,9,-117.166666666667
12,2412,10,1.87782805429864
12,2413,25,1.87782805429864
12,2414,-51,-18.9193548387097
12,2415,-9,-46.5671641791045
12,2416,-42,1.87782805429864
12,2417,-47,-20.2347826086957
12,2418,-42,-20.2347826086957
12,2419,-118,-20.2347826086957
12,2420,-4,-46.5671641791045
12,2421,-47,1.87782805429864
12,2422,-54,-20.2347826086957
12,2423,-13,-46.5671641791045
12,2424,-59,1.87782805429864
12,2425,-17,-46.5671641791045
12,2426,-25,-20.2347826086957
12,2427,-25,-20.2347826086957
12,2428,-4,-20.2347826086957
12,2429,15,1.87782805429864
12,2430,30,78.8384615384615
12,2431,99,78.8384615384615
12,2432,119,160.140625
12,2433,154,70.0975609756098
12,2434,95,-232.951388888889
12,2435,51,-232.951388888889
12,2436,-72,-22.8846153846154
12,2437,49,-46.5671641791045
12,2438,-12,-22.8846153846154
12,2439,-34,1.87782805429864
12,2440,21,-20.2347826086957
12,2441,-4,-18.9193548387097
12,2442,-76,112.084905660377
12,2443,-50,-46.5671641791045
12,2444,-249,-46.5671641791045
12,2445,-84,-46.5671641791045
12,2446,37,6.17241379310345
12,2447,-31,78.8384615384615
12,2448,-6,-20.2347826086957
12,2449,-11,1.87782805429864
12,2450,-30,1.87782805429864
12,2451,-12,115.333333333333
12,2452,3,1.87782805429864
12,2453,11,1.87782805429864
12,2454,47,24.6947368421053
12,2455,88,163.76
12,2456,108,160.140625
12,2457,101,32.3333333333333
12,2458,112,32.3333333333333
12,2459,49,44.1666666666667
12,2460,31,1.58333333333333
12,2461,-91,-18.9193548387097
12,2462,-5,-46.5671641791045
12,2463,41,1.87782805429864
12,2464,-96,-18.9193548387097
12,2465,-22,-46.5671641791045
12,2466,12,-20.2347826086957
12,2467,-78,24.6947368421053
12,2468,-70,-46.5671641791045
12,2469,-90,-46.5671641791045
12,2470,-75,-46.5671641791045
12,2471,-37,-46.5671641791045
12,2472,-31,-20.2347826086957
12,2473,-6,-20.2347826086957
12,2474,-5,1.87782805429864
12,2475,2,1.87782805429864
12,2476,28,1.87782805429864
12,2477,121,78.8384615384615
12,2478,296,194.923076923077
12,2479,184,-77.7619047619048
12,2480,-377,-232.951388888889
12,2481,-74,-117.166666666667
12,2482,14,6.17241379310345
12,2483,40,24.6947368421053
12,2484,2,-18.9193548387097
12,2485,-1,1.87782805429864
12,2486,18,1.87782805429864
12,2487,137,112.084905660377
12,2488,388,221.910714285714
12,2489,-71,-77.7619047619048
12,2490,-184,-152.751552795031
12,2491,-322,-113.560975609756
12,2492,-133,6.17241379310345
12,2493,-16,6.17241379310345
12,2494,-5,-20.2347826086957
12,2495,-14,1.87782805429864
12,2496,-32,17.75
12,2497,1,115.333333333333
12,2498,0,1.87782805429864
12,2499,1,1.87782805429864
12,2500,35,1.87782805429864
12,2501,103,78.8384615384615
12,2502,339,160.140625
12,2503,188,160.140625
12,2504,-366,-232.951388888889
12,2505,-128,-117.166666666667
12,2506,31,5.75
12,2507,45,-18.9193548387097
12,2508,36,-18.9193548387097
12,2509,-37,-18.9193548387097
12,2510,23,-20.2347826086957
12,2511,123,112.084905660377
12,2512,441,221.910714285714
12,2513,-43,-77.7619047619048
12,2514,-240,-152.751552795031
12,2515,-125,-113.560975609756
12,2516,-127,6.17241379310345
12,2517,-87,-46.5671641791045
12,2518,-57,-46.5671641791045
12,2519,-99,-46.5671641791045
12,2520,-35,-46.5671641791045
12,2521,-12,115.333333333333
12,2522,-6,1.87782805429864
12,2523,0,1.87782805429864
12,2524,25,1.87782805429864
12,2525,145,78.8384615384615
12,2526,329,194.923076923077
12,2527,186,-77.7619047619048
12,2528,-382,-232.951388888889
12,2529,-91,-117.166666666667
12,2530,-2,5.75
12,2531,74,1.87782805429864
12,2532,1,9.41666666666667
12,2533,-39,1.87782805429864
12,2534,36,-20.2347826086957
12,2535,197,112.084905660377
12,2536,340,221.910714285714
12,2537,-42,-77.7619047619048
12,2538,-194,-152.751552795031
12,2539,-112,-113.560975609756
12,2540,-120,6.17241379310345
12,2541,-95,-46.5671641791045
12,2542,-124,-46.5671641791045
12,2543,-54,-46.5671641791045
12,2544,-52,-46.5671641791045
12,2545,-18,115.333333333333
12,2546,-12,-20.2347826086957
12,2547,2,1.87782805429864
12,2548,39,1.87782805429864
12,2549,96,78.8384615384615
12,2550,261,201.178571428571
12,2551,292,194.923076923077
12,2552,-396,-232.951388888889
12,2553,-94,-152.751552795031
12,2554,31,5.75
12,2555,75,-18.9193548387097
12,2556,6,9.41666666666667
12,2557,-62,1.87782805429864
12,2558,4,-46.5671641791045
12,2559,-36,112.084905660377
12,2560,5,-20.2347826086957
12,2561,-117,1.87782805429864
12,2562,-65,-46.5671641791045
12,2563,-6,-46.5671641791045
12,2564,46,1.87782805429864
12,2565,-62,69.2307692307692
12,2566,50,-46.5671641791045
12,2567,13,-112.763157894737
12,2568,-10,24.6947368421053
12,2569,-35,1.87782805429864
12,2570,-15,-20.2347826086957
12,2571,-13,-20.2347826086957
12,2572,-1,1.87782805429864
12,2573,24,1.87782805429864
12,2574,50,24.6947368421053
12,2575,124,134.454545454545
12,2576,122,194.923076923077
12,2577,161,-175.6
12,2578,43,-232.951388888889
12,2579,132,-117.166666666667
12,2580,11,-22.8846153846154
12,2581,-32,1.58333333333333
12,2582,55,-20.2347826086957
12,2583,-58,9.41666666666667
12,2584,-58,-46.5671641791045
12,2585,-74,-46.5671641791045
12,2586,42,-46.5671641791045
12,2587,-155,24.6947368421053
12,2588,-83,-46.5671641791045
12,2589,-88,-46.5671641791045
12,2590,10,-46.5671641791045
12,2591,-69,1.87782805429864
12,2592,-48,-46.5671641791045
12,2593,-32,-46.5671641791045
12,2594,-39,-20.2347826086957
12,2595,-37,-20.2347826086957
12,2596,-1,-20.2347826086957
12,2597,10,1.87782805429864
12,2598,13,1.87782805429864
12,2599,105,78.8384615384615
12,2600,160,160.140625
12,2601,104,126.340425531915
12,2602,107,-232.951388888889
12,2603,173,44.1666666666667
12,2604,2,44.1666666666667
12,2605,-8,-117.166666666667
12,2606,-34,1.87782805429864
12,2607,18,-20.2347826086957
12,2608,-84,-18.9193548387097
12,2609,-82,-46.5671641791045
12,2610,-43,-46.5671641791045
12,2611,-139,-20.2347826086957
12,2612,-68,-46.5671641791045
12,2613,-20,-46.5671641791045
12,2614,-118,-20.2347826086957
12,2615,-59,-46.5671641791045
12,2616,-35,-46.5671641791045
12,2617,-3,-20.2347826086957
12,2618,-6,1.87782805429864
12,2619,3,1.87782805429864
12,2620,27,1.87782805429864
12,2621,104,78.8384615384615
12,2622,378,194.923076923077
12,2623,148,194.923076923077
12,2624,-383,-232.951388888889
12,2625,-95,-117.166666666667
12,2626,52,6.17241379310345
12,2627,43,9.41666666666667
12,2628,-8,-18.9193548387097
12,2629,-4,1.87782805429864
12,2630,22,1.87782805429864
12,2631,156,112.084905660377
12,2632,386,271.932203389831
12,2633,-12,-77.7619047619048
12,2634,-177,-152.751552795031
12,2635,-184,-113.560975609756
12,2636,-196,6.17241379310345
12,2637,-97,6.17241379310345
12,2638,-82,6.17241379310345
12,2639,-52,-46.5671641791045
12,2640,-14,-46.5671641791045
12,2641,-12,17.75
12,2642,-3,1.87782805429864
12,2643,0,1.87782805429864
12,2644,31,1.87782805429864
12,2645,148,78.8384615384615
12,2646,385,194.923076923077
12,2647,141,-77.7619047619048
12,2648,-375,-232.951388888889
12,2649,-159,-117.166666666667
12,2650,51,6.17241379310345
12,2651,20,9.41666666666667
12,2652,20,-18.9193548387097
12,2653,9,-18.9193548387097
12,2654,-4,112.084905660377
12,2655,201,112.084905660377
12,2656,377,271.932203389831
12,2657,-60,-77.7619047619048
12,2658,-277,-152.751552795031
12,2659,-98,-113.560975609756
12,2660,-132,6.17241379310345
12,2661,-90,-46.5671641791045
12,2662,-80,-46.5671641791045
12,2663,-64,-46.5671641791045
12,2664,-22,-46.5671641791045
12,2665,-16,115.333333333333
12,2666,-3,-20.2347826086957
12,2667,2,1.87782805429864
12,2668,28,1.87782805429864
12,2669,134,78.8384615384615
12,2670,375,194.923076923077
12,2671,121,-77.7619047619048
12,2672,-365,-232.951388888889
12,2673,-100,-77.7333333333333
12,2674,23,6.17241379310345
12,2675,89,24.6947368421053
12,2676,-12,9.41666666666667
12,2677,-1,1.87782805429864
12,2678,-2,112.084905660377
12,2679,152,112.084905660377
12,2680,272,271.932203389831
12,2681,58,-77.7619047619048
12,2682,-244,-152.751552795031
12,2683,-130,-113.560975609756
12,2684,-110,6.17241379310345
12,2685,-50,-46.5671641791045
12,2686,-125,-46.5671641791045
12,2687,-64,-46.5671641791045
12,2688,-37,-46.5671641791045
12,2689,-10,115.333333333333
12,2690,-7,1.87782805429864
12,2691,1,1.87782805429864
12,2692,28,1.87782805429864
12,2693,136,78.8384615384615
12,2694,356,201.178571428571
12,2695,155,-77.7619047619048
12,2696,-344,-232.951388888889
12,2697,-127,-117.166666666667
12,2698,27,6.17241379310345
12,2699,99,24.6947368421053
12,2700,-21,-67.95
12,2701,-50,-20.2347826086957
12,2702,68,-46.5671641791045
12,2703,133,70.0975609756098
12,2704,403,271.932203389831
12,2705,-56,-232.951388888889
12,2706,-211,-152.751552795031
12,2707,-124,-113.560975609756
12,2708,-165,6.17241379310345
12,2709,-85,-46.5671641791045
12,2710,-51,-46.5671641791045
12,2711,-100,-46.5671641791045
12,2712,-48,-46.5671641791045
12,2713,-10,115.333333333333
12,2714,-11,1.87782805429864
12,2715,2,1.87782805429864
12,2716,19,1.87782805429864
12,2717,110,78.8384615384615
12,2718,289,194.923076923077
12,2719,272,-77.7619047619048
12,2720,-318,-232.951388888889
12,2721,-133,-152.751552795031
12,2722,15,5.75
12,2723,105,24.6947368421053
12,2724,47,-67.95
12,2725,-43,9.41666666666667
12,2726,24,-20.2347826086957
12,2727,126,112.084905660377
12,2728,270,221.910714285714
12,2729,-70,-77.7619047619048
12,2730,-168,-152.751552795031
12,2731,-147,-113.560975609756
12,2732,-69,-46.5671641791045
12,2733,-48,-46.5671641791045
12,2734,-76,-46.5671641791045
12,2735,-9,-46.5671641791045
12,2736,-83,1.87782805429864
12,2737,-34,-46.5671641791045
12,2738,-49,-20.2347826086957
12,2739,-32,-46.5671641791045
12,2740,11,-20.2347826086957
12,2741,61,78.8384615384615
12,2742,7,134.454545454545
12,2743,157,1.87782805429864
12,2744,96,32.3333333333333
12,2745,126,-77.7619047619048
12,2746,103,32.3333333333333
12,2747,-38,-232.951388888889
12,2748,54,-20.2347826086957
12,2749,8,-22.8846153846154
12,2750,-38,1.87782805429864
12,2751,-21,-20.2347826086957
12,2752,-39,-20.2347826086957
12,2753,-44,-20.2347826086957
12,2754,-91,-20.2347826086957
12,2755,3,-46.5671641791045
12,2756,-47,1.87782805429864
12,2757,-102,-20.2347826086957
12,2758,16,-46.5671641791045
12,2759,-72,78.8384615384615
12,2760,-42,-46.5671641791045
12,2761,-43,-20.2347826086957
12,2762,-44,-20.2347826086957
12,2763,-19,-20.2347826086957
12,2764,3,-20.2347826086957
12,2765,17,1.87782805429864
12,2766,32,24.6947368421053
12,2767,119,78.8384615384615
12,2768,85,194.923076923077
12,2769,147,1.58333333333333
12,2770,86,32.3333333333333
12,2771,3,-117.166666666667
12,2772,-10,1.87782805429864
12,2773,8,1.87782805429864
12,2774,-25,1.87782805429864
12,2775,33,-20.2347826086957
12,2776,13,-18.9193548387097
12,2777,-31,-18.9193548387097
12,2778,-115,-20.2347826086957
12,2779,-12,-46.5671641791045
12,2780,-110,1.87782805429864
12,2781,-94,-46.5671641791045
12,2782,-49,-46.5671641791045
12,2783,-69,-46.5671641791045
12,2784,-17,-46.5671641791045
12,2785,-7,-20.2347826086957
12,2786,-11,1.87782805429864
12,2787,1,1.87782805429864
12,2788,30,1.87782805429864
12,2789,107,78.8384615384615
12,2790,359,194.923076923077
12,2791,148,160.140625
12,2792,-335,-232.951388888889
12,2793,-169,-117.166666666667
12,2794,55,6.17241379310345
12,2795,59,9.41666666666667
12,2796,-13,9.41666666666667
12,2797,11,1.87782805429864
12,2798,0,-18.9193548387097
12,2799,168,112.084905660377
12,2800,373,271.932203389831
12,2801,31,-77.7619047619048
12,2802,-235,-152.751552795031
12,2803,-202,-113.560975609756
12,2804,-144,6.17241379310345
12,2805,-86,6.17241379310345
12,2806,-84,-46.5671641791045
12,2807,-52,-46.5671641791045
12,2808,-12,-46.5671641791045
12,2809,-10,17.75
12,2810,6,1.87782805429864
12,2811,-8,1.87782805429864
12,2812,25,1.87782805429864
12,2813,107,78.8384615384615
12,2814,167,126.340425531915
12,2815,310,160.140625
12,2816,-328,-232.951388888889
12,2817,-160,-152.751552795031
12,2818,-60,5.75
12,2819,30,-46.5671641791045
12,2820,-36,-18.9193548387097
12,2821,1,-20.2347826086957
12,2822,56,1.87782805429864
12,2823,123,70.0975609756098
12,2824,442,221.910714285714
12,2825,-28,-232.951388888889
12,2826,-162,-152.751552795031
12,2827,-105,-113.560975609756
12,2828,-112,-46.5671641791045
12,2829,-67,-46.5671641791045
12,2830,-118,-46.5671641791045
12,2831,-55,-46.5671641791045
12,2832,-6,-46.5671641791045
12,2833,-24,17.75
12,2834,4,-20.2347826086957
12,2835,2,1.87782805429864
12,2836,30,1.87782805429864
12,2837,154,78.8384615384615
12,2838,311,126.340425531915
12,2839,208,-77.7619047619048
12,2840,-361,-232.951388888889
12,2841,-154,-152.751552795031
12,2842,48,5.75
12,2843,88,9.41666666666667
12,2844,-79,9.41666666666667
12,2845,65,-46.5671641791045
12,2846,-39,-112.763157894737
12,2847,111,115.333333333333
12,2848,465,221.910714285714
12,2849,-113,-77.7619047619048
12,2850,-73,-152.751552795031
12,2851,-223,-113.560975609756
12,2852,-52,-46.5671641791045
12,2853,-158,6.17241379310345
12,2854,-85,-46.5671641791045
12,2855,-105,-46.5671641791045
12,2856,-27,-46.5671641791045
12,2857,-12,-20.2347826086957
12,2858,-4,1.87782805429864
12,2859,1,1.87782805429864
12,2860,34,1.87782805429864
12,2861,141,78.8384615384615
12,2862,325,194.923076923077
12,2863,213,-77.7619047619048
12,2864,-362,-232.951388888889
12,2865,-178,-152.751552795031
12,2866,49,5.75
12,2867,37,9.41666666666667
12,2868,19,-18.9193548387097
12,2869,14,-18.9193548387097
12,2870,26,112.084905660377
12,2871,114,112.084905660377
12,2872,429,221.910714285714
12,2873,-44,-77.7619047619048
12,2874,-244,-152.751552795031
12,2875,-144,-113.560975609756
12,2876,-98,6.17241379310345
12,2877,-95,-46.5671641791045
12,2878,-70,-46.5671641791045
12,2879,-78,-46.5671641791045
12,2880,-43,-46.5671641791045
12,2881,-36,115.333333333333
12,2882,-10,-20.2347826086957
12,2883,9,1.87782805429864
12,2884,19,1.87782805429864
12,2885,118,78.8384615384615
12,2886,279,194.923076923077
12,2887,223,-77.7619047619048
12,2888,-287,-232.951388888889
12,2889,-150,-152.751552795031
12,2890,70,5.75
12,2891,117,9.41666666666667
12,2892,-10,-67.95
12,2893,-17,-77.7333333333333
12,2894,1,-20.2347826086957
12,2895,181,112.084905660377
12,2896,265,221.910714285714
12,2897,-130,-77.7619047619048
12,2898,-226,-152.751552795031
12,2899,-82,-113.560975609756
12,2900,-52,6.17241379310345
12,2901,-12,-46.5671641791045
12,2902,-99,1.87782805429864
12,2903,-85,-46.5671641791045
12,2904,-42,-46.5671641791045
12,2905,-28,115.333333333333
12,2906,-40,-20.2347826086957
12,2907,-19,-20.2347826086957
12,2908,15,-20.2347826086957
12,2909,24,78.8384615384615
12,2910,31,78.8384615384615
12,2911,126,78.8384615384615
12,2912,163,126.340425531915
12,2913,68,-77.7619047619048
12,2914,131,-117.166666666667
12,2915,37,-22.8846153846154
12,2916,14,1.58333333333333
12,2917,-44,24.6947368421053
12,2918,10,-20.2347826086957
12,2919,-41,1.87782805429864
12,2920,51,-20.2347826086957
12,2921,-22,9.41666666666667
12,2922,-110,-20.2347826086957
12,2923,-109,-46.5671641791045
12,2924,-62,-46.5671641791045
12,2925,-10,-46.5671641791045
12,2926,-97,1.87782805429864
12,2927,-35,-46.5671641791045
12,2928,-60,-20.2347826086957
12,2929,-14,-46.5671641791045
12,2930,-46,1.87782805429864
12,2931,-10,-20.2347826086957
12,2932,-1,1.87782805429864
12,2933,6,1.87782805429864
12,2934,25,1.87782805429864
12,2935,71,78.8384615384615
12,2936,155,160.140625
12,2937,162,70.0975609756098
12,2938,110,-232.951388888889
12,2939,69,-232.951388888889
12,2940,-1,1.58333333333333
12,2941,-32,1.87782805429864
12,2942,-119,-20.2347826086957
12,2943,117,-46.5671641791045
12,2944,13,-67.95
12,2945,-80,1.58333333333333
12,2946,-123,-46.5671641791045
12,2947,-88,-46.5671641791045
12,2948,-56,-46.5671641791045
12,2949,-93,-46.5671641791045
12,2950,-45,-46.5671641791045
12,2951,-68,-20.2347826086957
12,2952,-26,-46.5671641791045
12,2953,-5,-20.2347826086957
12,2954,-5,1.87782805429864
12,2955,5,1.87782805429864
12,2956,14,1.87782805429864
12,2957,14,78.8384615384615
12,2958,108,78.8384615384615
12,2959,329,126.340425531915
12,2960,-224,44.1666666666667
12,2961,-159,-152.751552795031
12,2962,30,5.75
12,2963,47,24.6947368421053
12,2964,57,9.41666666666667
12,2965,-6,-112.763157894737
12,2966,18,1.87782805429864
12,2967,95,24.6947368421053
12,2968,391,221.910714285714
12,2969,-81,-67.95
12,2970,-179,-152.751552795031
12,2971,-101,-113.560975609756
12,2972,-89,6.17241379310345
12,2973,-109,-46.5671641791045
12,2974,-90,-46.5671641791045
12,2975,-39,-46.5671641791045
12,2976,-21,-20.2347826086957
12,2977,1,-20.2347826086957
12,2978,-7,1.87782805429864
12,2979,2,1.87782805429864
12,2980,27,1.87782805429864
12,2981,124,78.8384615384615
12,2982,319,194.923076923077
12,2983,193,-77.7619047619048
12,2984,-345,-232.951388888889
12,2985,-148,-117.166666666667
12,2986,50,5.75
12,2987,62,9.41666666666667
12,2988,-20,9.41666666666667
12,2989,-45,-20.2347826086957
12,2990,32,-20.2347826086957
12,2991,75,112.084905660377
12,2992,477,221.910714285714
12,2993,-16,-112.763157894737
12,2994,-281,-152.751552795031
12,2995,-56,-113.560975609756
12,2996,-182,6.17241379310345
12,2997,15,-46.5671641791045
12,2998,-166,-18.9193548387097
12,2999,-72,-46.5671641791045
12,3000,-26,-46.5671641791045
12,3001,-21,115.333333333333
12,3002,2,-20.2347826086957
12,3003,-1,1.87782805429864
12,3004,32,1.87782805429864
12,3005,126,24.6947368421053
12,3006,299,201.178571428571
12,3007,179,-77.7619047619048
12,3008,-327,-232.951388888889
12,3009,-149,-117.166666666667
12,3010,21,6.17241379310345
12,3011,-8,24.6947368421053
12,3012,31,1.87782805429864
12,3013,-21,-18.9193548387097
12,3014,-11,-20.2347826086957
12,3015,156,112.084905660377
12,3016,356,221.910714285714
12,3017,-19,-77.7619047619048
12,3018,-133,-152.751552795031
12,3019,-132,-113.560975609756
12,3020,-63,-46.5671641791045
12,3021,-87,-46.5671641791045
12,3022,-134,-46.5671641791045
12,3023,-54,-46.5671641791045
12,3024,-51,-46.5671641791045
12,3025,0,-46.5671641791045
12,3026,-7,1.87782805429864
12,3027,1,1.87782805429864
12,3028,28,1.87782805429864
12,3029,110,78.8384615384615
12,3030,313,201.178571428571
12,3031,127,-77.7619047619048
12,3032,-334,-232.951388888889
12,3033,-106,-77.7333333333333
12,3034,11,6.17241379310345
12,3035,54,24.6947368421053
12,3036,-43,9.41666666666667
12,3037,4,-20.2347826086957
12,3038,18,1.87782805429864
12,3039,126,112.084905660377
12,3040,295,271.932203389831
12,3041,25,-77.7619047619048
12,3042,-141,-152.751552795031
12,3043,-63,-113.560975609756
12,3044,-125,-46.5671641791045
12,3045,-68,-46.5671641791045
12,3046,-97,-46.5671641791045
12,3047,-53,-46.5671641791045
12,3048,-62,-46.5671641791045
12,3049,-19,-46.5671641791045
12,3050,-5,-20.2347826086957
12,3051,3,1.87782805429864
12,3052,28,1.87782805429864
12,3053,84,78.8384615384615
12,3054,237,194.923076923077
12,3055,254,194.923076923077
12,3056,-280,-232.951388888889
12,3057,-148,-152.751552795031
12,3058,51,5.75
12,3059,18,9.41666666666667
12,3060,46,-18.9193548387097
12,3061,-37,-112.763157894737
12,3062,21,-20.2347826086957
12,3063,96,112.084905660377
12,3064,266,221.910714285714
12,3065,-141,-67.95
12,3066,-143,-152.751552795031
12,3067,-160,-113.560975609756
12,3068,15,-46.5671641791045
12,3069,-20,78.8384615384615
12,3070,-23,-20.2347826086957
12,3071,-58,-20.2347826086957
12,3072,7,-46.5671641791045
12,3073,-30,112.084905660377
12,3074,-51,-20.2347826086957
12,3075,-23,-46.5671641791045
12,3076,-7,-20.2347826086957
12,3077,35,1.87782805429864
12,3078,31,78.8384615384615
12,3079,89,78.8384615384615
12,3080,165,160.140625
12,3081,162,126.340425531915
12,3082,22,-232.951388888889
12,3083,86,-117.166666666667
12,3084,-38,-22.8846153846154
12,3085,45,-20.2347826086957
12,3086,-126,-18.9193548387097
12,3087,30,-46.5671641791045
12,3088,17,-18.9193548387097
12,3089,-49,112.084905660377
12,3090,-56,-46.5671641791045
12,3091,-39,-46.5671641791045
12,3092,-64,-20.2347826086957
12,3093,-43,-46.5671641791045
12,3094,-54,-20.2347826086957
12,3095,-62,-46.5671641791045
12,3096,-36,-46.5671641791045
12,3097,-13,-20.2347826086957
12,3098,-54,1.87782805429864
12,3099,-47,-46.5671641791045
12,3100,-5,-20.2347826086957
12,3101,17,1.87782805429864
12,3102,46,78.8384615384615
12,3103,70,134.454545454545
12,3104,91,160.140625
12,3105,220,32.3333333333333
12,3106,54,32.3333333333333
12,3107,50,-152.751552795031
12,3108,29,-22.8846153846154
12,3109,-34,-18.9193548387097
12,3110,-64,-20.2347826086957
12,3111,-26,-46.5671641791045
12,3112,71,-20.2347826086957
12,3113,2,9.41666666666667
12,3114,-111,17.75
12,3115,-91,-46.5671641791045
12,3116,-79,-46.5671641791045
12,3117,-75,-46.5671641791045
12,3118,-91,-46.5671641791045
12,3119,-19,-46.5671641791045
12,3120,-37,-20.2347826086957
12,3121,-17,-20.2347826086957
12,3122,-9,-20.2347826086957
12,3123,-1,1.87782805429864
12,3124,39,1.87782805429864
12,3125,115,78.8384615384615
12,3126,327,160.140625
12,3127,123,-175.6
12,3128,-340,-232.951388888889
12,3129,-84,-77.7333333333333
12,3130,-3,6.17241379310345
12,3131,89,1.87782805429864
12,3132,-10,9.41666666666667
12,3133,-9,1.87782805429864
12,3134,-18,1.87782805429864
12,3135,181,115.333333333333
12,3136,419,271.932203389831
12,3137,-42,-77.7619047619048
12,3138,-209,-152.751552795031
12,3139,-107,-113.560975609756
12,3140,-144,6.17241379310345
12,3141,-144,-46.5671641791045
12,3142,-84,-46.5671641791045
12,3143,-66,-46.5671641791045
12,3144,-7,-46.5671641791045
12,3145,-21,17.75
12,3146,0,-20.2347826086957
12,3147,1,1.87782805429864
12,3148,29,1.87782805429864
12,3149,149,78.8384615384615
12,3150,364,194.923076923077
12,3151,104,-77.7619047619048
12,3152,-328,-232.951388888889
12,3153,-138,-113.560975609756
12,3154,45,6.17241379310345
12,3155,73,24.6947368421053
12,3156,-2,9.41666666666667
12,3157,-39,1.87782805429864
12,3158,50,-20.2347826086957
12,3159,99,70.0975609756098
12,3160,484,271.932203389831
12,3161,-76,-112.763157894737
12,3162,-212,-152.751552795031
12,3163,-107,-113.560975609756
12,3164,-177,6.17241379310345
12,3165,-83,-46.5671641791045
12,3166,-114,6.17241379310345
12,3167,-77,-46.5671641791045
12,3168,-31,-46.5671641791045
12,3169,-9,115.333333333333
12,3170,-6,1.87782805429864
12,3171,3,1.87782805429864
12,3172,25,1.87782805429864
12,3173,164,78.8384615384615
12,3174,327,194.923076923077
12,3175,160,-77.7619047619048
12,3176,-405,-232.951388888889
12,3177,-110,-117.166666666667
12,3178,37,6.17241379310345
12,3179,113,24.6947368421053
12,3180,-1,-67.95
12,3181,-51,-77.7333333333333
12,3182,-21,-46.5671641791045
12,3183,143,115.333333333333
12,3184,451,271.932203389831
12,3185,-39,-77.7619047619048
12,3186,-161,-152.751552795031
12,3187,-198,-113.560975609756
12,3188,-78,-46.5671641791045
12,3189,-70,6.17241379310345
12,3190,-138,-46.5671641791045
12,3191,-105,-46.5671641791045
12,3192,-29,-46.5671641791045
12,3193,-12,-20.2347826086957
12,3194,-6,1.87782805429864
12,3195,4,1.87782805429864
12,3196,36,1.87782805429864
12,3197,146,78.8384615384615
12,3198,315,201.178571428571
12,3199,109,-77.7619047619048
12,3200,-266,-232.951388888889
12,3201,-167,-77.7333333333333
12,3202,27,6.17241379310345
12,3203,65,-18.9193548387097
12,3204,-40,9.41666666666667
12,3205,18,-20.2347826086957
12,3206,-35,112.084905660377
12,3207,168,115.333333333333
12,3208,318,271.932203389831
12,3209,-8,-77.7619047619048
12,3210,-126,-152.751552795031
12,3211,-101,-113.560975609756
12,3212,-72,-46.5671641791045
12,3213,-124,-46.5671641791045
12,3214,-103,-46.5671641791045
12,3215,-57,-46.5671641791045
12,3216,-72,-46.5671641791045
12,3217,-24,-46.5671641791045
12,3218,-10,-20.2347826086957
12,3219,2,1.87782805429864
12,3220,35,1.87782805429864
12,3221,118,78.8384615384615
12,3222,217,194.923076923077
12,3223,244,-77.7619047619048
12,3224,-324,-232.951388888889
12,3225,-129,-152.751552795031
12,3226,17,5.75
12,3227,38,-18.9193548387097
12,3228,13,-18.9193548387097
12,3229,-6,-18.9193548387097
12,3230,-3,1.87782805429864
12,3231,121,112.084905660377
12,3232,188,221.910714285714
12,3233,-75,-77.7619047619048
12,3234,-101,-117.166666666667
12,3235,-55,-113.560975609756
12,3236,-72,-46.5671641791045
12,3237,-73,-46.5671641791045
12,3238,-115,-46.5671641791045
12,3239,21,-46.5671641791045
12,3240,-11,24.6947368421053
12,3241,3,17.75
12,3242,-38,1.87782805429864
12,3243,-5,-20.2347826086957
12,3244,-8,1.87782805429864
12,3245,32,1.87782805429864
12,3246,50,78.8384615384615
12,3247,102,134.454545454545
12,3248,81,-112.763157894737
12,3249,129,32.3333333333333
12,3250,48,44.1666666666667
12,3251,19,1.58333333333333
12,3252,-43,78.8384615384615
12,3253,-19,-20.2347826086957
12,3254,-5,-20.2347826086957
12,3255,-31,1.87782805429864
12,3256,-11,-20.2347826086957
12,3257,-23,1.87782805429864
12,3258,35,-20.2347826086957
12,3259,-82,24.6947368421053
12,3260,-79,-46.5671641791045
12,3261,-41,-46.5671641791045
12,3262,-20,-20.2347826086957
12,3263,-3,-20.2347826086957
12,3264,-56,1.87782805429864
12,3265,-3,-46.5671641791045
12,3266,-57,1.87782805429864
12,3267,-29,-46.5671641791045
12,3268,6,-20.2347826086957
12,3269,17,1.87782805429864
12,3270,23,78.8384615384615
12,3271,92,24.6947368421053
12,3272,77,44.1666666666667
12,3273,147,70.0975609756098
12,3274,11,32.3333333333333
12,3275,56,-117.166666666667
12,3276,-13,-22.8846153846154
12,3277,24,1.87782805429864
12,3278,-99,-18.9193548387097
12,3279,-32,-46.5671641791045
12,3280,100,-20.2347826086957
12,3281,-43,-67.95
12,3282,12,-20.2347826086957
12,3283,-50,24.6947368421053
12,3284,-74,-46.5671641791045
12,3285,-107,-46.5671641791045
12,3286,-41,-46.5671641791045
12,3287,-67,-20.2347826086957
12,3288,-26,-46.5671641791045
12,3289,-2,-20.2347826086957
12,3290,-10,1.87782805429864
12,3291,7,1.87782805429864
12,3292,28,1.87782805429864
12,3293,96,78.8384615384615
12,3294,262,194.923076923077
12,3295,170,126.340425531915
12,3296,-273,-232.951388888889
12,3297,-121,-117.166666666667
12,3298,27,6.17241379310345
12,3299,56,24.6947368421053
12,3300,-21,9.41666666666667
12,3301,-6,-20.2347826086957
12,3302,4,1.87782805429864
12,3303,131,112.084905660377
12,3304,382,221.910714285714
12,3305,-17,-77.7619047619048
12,3306,-149,-152.751552795031
12,3307,-186,-113.560975609756
12,3308,-137,-46.5671641791045
12,3309,-70,6.17241379310345
12,3310,-86,-46.5671641791045
12,3311,-49,-46.5671641791045
12,3312,-39,-46.5671641791045
12,3313,-4,-20.2347826086957
12,3314,-8,1.87782805429864
12,3315,4,1.87782805429864
12,3316,29,1.87782805429864
12,3317,119,78.8384615384615
12,3318,329,194.923076923077
12,3319,163,-77.7619047619048
12,3320,-374,-232.951388888889
12,3321,-63,-117.166666666667
12,3322,8,6.17241379310345
12,3323,55,1.87782805429864
12,3324,11,9.41666666666667
12,3325,27,-18.9193548387097
12,3326,91,-18.9193548387097
12,3327,126,70.0975609756098
12,3328,195,221.910714285714
12,3329,-95,-232.951388888889
12,3330,-130,-117.166666666667
12,3331,-121,-113.560975609756
12,3332,-180,-46.5671641791045
12,3333,-19,-46.5671641791045
12,3334,-6,-20.2347826086957
12,3335,-12,1.87782805429864
12,3336,-36,1.87782805429864
12,3337,-30,-20.2347826086957
12,3338,-61,-20.2347826086957
12,3339,-16,-46.5671641791045
12,3340,3,-20.2347826086957
12,3341,13,1.87782805429864
12,3342,40,24.6947368421053
12,3343,81,78.8384615384615
12,3344,140,160.140625
12,3345,154,126.340425531915
12,3346,38,-232.951388888889
12,3347,9,-117.166666666667
12,3348,5,1.87782805429864
12,3349,48,1.87782805429864
12,3350,-93,9.41666666666667
12,3351,-65,-46.5671641791045
12,3352,25,-46.5671641791045
12,3353,16,112.084905660377
12,3354,2,17.75
12,3355,119,1.87782805429864
12,3356,33,44.1666666666667
12,3357,-82,1.58333333333333
12,3358,-319,-46.5671641791045
12,3359,-95,-46.5671641791045
12,3360,-58,6.17241379310345
12,3361,-12,-46.5671641791045
12,3362,-11,1.87782805429864
12,3363,0,1.87782805429864
12,3364,22,1.87782805429864
12,3365,104,78.8384615384615
12,3366,210,271.932203389831
12,3367,207,194.923076923077
12,3368,-257,-232.951388888889
12,3369,-107,-152.751552795031
12,3370,58,5.75
12,3371,32,9.41666666666667
12,3372,34,-18.9193548387097
12,3373,-69,-18.9193548387097
12,3374,13,-46.5671641791045
12,3375,179,112.084905660377
12,3376,256,221.910714285714
12,3377,-82,-77.7619047619048
12,3378,-104,-152.751552795031
12,3379,-182,-113.560975609756
12,3380,2,-46.5671641791045
12,3381,-98,1.87782805429864
12,3382,-94,-46.5671641791045
12,3383,-29,-46.5671641791045
12,3384,-73,-20.2347826086957
12,3385,-12,-46.5671641791045
12,3386,-10,1.87782805429864
12,3387,-1,1.87782805429864
12,3388,29,1.87782805429864
12,3389,96,78.8384615384615
12,3390,222,160.140625
12,3391,232,194.923076923077
12,3392,-281,-232.951388888889
12,3393,-94,-152.751552795031
12,3394,23,5.75
12,3395,98,24.6947368421053
12,3396,-38,-67.95
12,3397,-18,-20.2347826086957
12,3398,10,-20.2347826086957
12,3399,84,112.084905660377
12,3400,207,221.910714285714
12,3401,-16,-67.95
12,3402,-142,-152.751552795031
12,3403,-82,-113.560975609756
12,3404,-36,-46.5671641791045
12,3405,-12,-20.2347826086957
12,3406,-124,1.87782805429864
12,3407,-14,-46.5671641791045
12,3408,-79,1.87782805429864
12,3409,-13,-46.5671641791045
12,3410,-27,1.87782805429864
12,3411,-15,-20.2347826086957
12,3412,-2,-20.2347826086957
12,3413,17,1.87782805429864
12,3414,40,78.8384615384615
12,3415,81,78.8384615384615
12,3416,104,160.140625
12,3417,69,70.0975609756098
12,3418,42,32.3333333333333
12,3419,-25,78.8384615384615
12,3420,18,-20.2347826086957
12,3421,-52,-18.9193548387097
12,3422,-2,-46.5671641791045
12,3423,-12,1.87782805429864
12,3424,-15,1.87782805429864
12,3425,-2,-20.2347826086957
12,3426,10,1.87782805429864
12,3427,-11,1.87782805429864
12,3428,-75,1.87782805429864
12,3429,19,-46.5671641791045
12,3430,-72,24.6947368421053
12,3431,-1,-46.5671641791045
12,3432,-23,1.87782805429864
12,3433,-54,-20.2347826086957
12,3434,-35,-46.5671641791045
12,3435,-22,-20.2347826086957
12,3436,-7,-20.2347826086957
12,3437,15,1.87782805429864
12,3438,31,78.8384615384615
12,3439,78,24.6947368421053
12,3440,112,194.923076923077
12,3441,77,126.340425531915
12,3442,70,1.58333333333333
12,3443,-13,32.3333333333333
12,3444,-39,1.87782805429864
12,3445,-25,-20.2347826086957
12,3446,-14,-20.2347826086957
12,3447,-7,1.87782805429864
12,3448,-21,1.87782805429864
12,3449,-17,-20.2347826086957
12,3450,-3,-20.2347826086957
12,3451,35,1.87782805429864
12,3452,-78,78.8384615384615
12,3453,-85,-46.5671641791045
12,3454,1,-46.5671641791045
12,3455,-84,1.87782805429864
12,3456,-21,-46.5671641791045
12,3457,-13,-20.2347826086957
12,3458,0,1.87782805429864
12,3459,-3,1.87782805429864
12,3460,26,1.87782805429864
12,3461,64,78.8384615384615
12,3462,138,134.454545454545
12,3463,225,160.140625
12,3464,-92,-232.951388888889
12,3465,-188,-152.751552795031
12,3466,41,-113.560975609756
12,3467,50,24.6947368421053
12,3468,-11,9.41666666666667
12,3469,-13,1.87782805429864
12,3470,38,1.87782805429864
12,3471,133,112.084905660377
12,3472,436,194.923076923077
12,3473,23,-77.7619047619048
12,3474,-241,-152.751552795031
12,3475,-184,-113.560975609756
12,3476,-116,6.17241379310345
12,3477,-107,6.17241379310345
12,3478,-93,-46.5671641791045
12,3479,-62,-46.5671641791045
12,3480,-54,-46.5671641791045
12,3481,1,115.333333333333
12,3482,-13,1.87782805429864
12,3483,1,1.87782805429864
12,3484,38,1.87782805429864
12,3485,145,78.8384615384615
12,3486,333,194.923076923077
12,3487,129,-77.7619047619048
12,3488,-318,-232.951388888889
12,3489,-141,-77.7333333333333
12,3490,59,6.17241379310345
12,3491,23,9.41666666666667
12,3492,8,-18.9193548387097
12,3493,-38,1.87782805429864
12,3494,23,-20.2347826086957
12,3495,170,112.084905660377
12,3496,437,271.932203389831
12,3497,-53,-77.7619047619048
12,3498,-405,-152.751552795031
12,3499,-330,-113.560975609756
12,3500,6,6.17241379310345
12,3501,49,1.87782805429864
12,3502,-36,9.41666666666667
12,3503,-59,-20.2347826086957
12,3504,-30,-46.5671641791045
12,3505,-9,115.333333333333
12,3506,0,1.87782805429864
12,3507,2,1.87782805429864
12,3508,34,1.87782805429864
12,3509,144,24.6947368421053
12,3510,312,194.923076923077
12,3511,177,-77.7619047619048
12,3512,-346,-232.951388888889
12,3513,-133,-117.166666666667
12,3514,34,6.17241379310345
12,3515,63,24.6947368421053
12,3516,-19,9.41666666666667
12,3517,-32,-20.2347826086957
12,3518,35,-20.2347826086957
12,3519,135,112.084905660377
12,3520,419,221.910714285714
12,3521,-16,-77.7619047619048
12,3522,-181,-152.751552795031
12,3523,-150,-113.560975609756
12,3524,-92,6.17241379310345
12,3525,-147,-46.5671641791045
12,3526,-92,-46.5671641791045
12,3527,-96,-46.5671641791045
12,3528,-35,-46.5671641791045
12,3529,-12,115.333333333333
12,3530,1,1.87782805429864
12,3531,-5,1.87782805429864
12,3532,39,1.87782805429864
12,3533,134,78.8384615384615
12,3534,334,194.923076923077
12,3535,190,-175.6
12,3536,-375,-232.951388888889
12,3537,-113,-117.166666666667
12,3538,1,5.75
12,3539,77,1.87782805429864
12,3540,-15,9.41666666666667
12,3541,-68,-20.2347826086957
12,3542,62,-46.5671641791045
12,3543,168,70.0975609756098
12,3544,356,221.910714285714
12,3545,30,-232.951388888889
12,3546,-196,-152.751552795031
12,3547,-115,-113.560975609756
12,3548,-141,6.17241379310345
12,3549,-55,-46.5671641791045
12,3550,-107,-46.5671641791045
12,3551,-116,-46.5671641791045
12,3552,-36,-46.5671641791045
12,3553,-42,115.333333333333
12,3554,-8,-20.2347826086957
12,3555,2,1.87782805429864
12,3556,23,1.87782805429864
12,3557,93,78.8384615384615
12,3558,253,194.923076923077
12,3559,333,194.923076923077
12,3560,-299,-232.951388888889
12,3561,-146,-152.751552795031
12,3562,20,5.75
12,3563,91,24.6947368421053
12,3564,-5,9.41666666666667
12,3565,-5,1.87782805429864
12,3566,-16,1.87782805429864
12,3567,139,115.333333333333
12,3568,343,221.910714285714
12,3569,-204,-77.7619047619048
12,3570,-143,-152.751552795031
12,3571,-99,5.75
12,3572,-90,-46.5671641791045
12,3573,-36,-46.5671641791045
12,3574,-51,-20.2347826086957
12,3575,-21,-46.5671641791045
12,3576,-73,115.333333333333
12,3577,-17,-46.5671641791045
12,3578,-61,-20.2347826086957
12,3579,-31,-46.5671641791045
12,3580,-4,-20.2347826086957
12,3581,30,1.87782805429864
12,3582,13,78.8384615384615
12,3583,103,78.8384615384615
12,3584,131,160.140625
12,3585,119,70.0975609756098
12,3586,38,-232.951388888889
12,3587,60,1.58333333333333
12,3588,92,44.1666666666667
12,3589,41,-22.8846153846154
12,3590,-72,-18.9193548387097
12,3591,6,-46.5671641791045
12,3592,-108,1.87782805429864
12,3593,-107,-46.5671641791045
12,3594,80,-46.5671641791045
12,3595,-75,9.41666666666667
12,3596,-87,-46.5671641791045
12,3597,-44,-46.5671641791045
12,3598,-14,-20.2347826086957
12,3599,-24,1.87782805429864
12,3600,-19,-20.2347826086957
12,3601,-53,-20.2347826086957
12,3602,-58,-46.5671641791045
12,3603,-38,-46.5671641791045
12,3604,-10,-20.2347826086957
12,3605,6,1.87782805429864
12,3606,32,1.87782805429864
12,3607,86,78.8384615384615
12,3608,88,194.923076923077
12,3609,161,126.340425531915
12,3610,69,32.3333333333333
12,3611,38,-117.166666666667
12,3612,-9,78.8384615384615
12,3613,-4,1.87782805429864
12,3614,13,1.87782805429864
12,3615,6,-18.9193548387097
12,3616,-59,1.87782805429864
12,3617,-124,-46.5671641791045
12,3618,0,-46.5671641791045
12,3619,-18,1.87782805429864
12,3620,-71,-20.2347826086957
12,3621,-93,-46.5671641791045
12,3622,-39,-46.5671641791045
12,3623,-48,-20.2347826086957
12,3624,-32,-46.5671641791045
12,3625,4,-20.2347826086957
12,3626,-9,1.87782805429864
12,3627,6,1.87782805429864
12,3628,38,1.87782805429864
12,3629,90,78.8384615384615
12,3630,343,194.923076923077
12,3631,184,126.340425531915
12,3632,-319,-232.951388888889
12,3633,-162,-117.166666666667
12,3634,-4,6.17241379310345
12,3635,55,1.87782805429864
12,3636,2,9.41666666666667
12,3637,-27,1.87782805429864
12,3638,25,-20.2347826086957
12,3639,149,112.084905660377
12,3640,369,221.910714285714
12,3641,39,-77.7619047619048
12,3642,-199,-152.751552795031
12,3643,-141,-113.560975609756
12,3644,-126,6.17241379310345
12,3645,-44,-46.5671641791045
12,3646,-118,-20.2347826086957
12,3647,-113,-46.5671641791045
12,3648,-28,-46.5671641791045
12,3649,-18,115.333333333333
12,3650,-4,-20.2347826086957
12,3651,4,1.87782805429864
12,3652,31,1.87782805429864
12,3653,175,78.8384615384615
12,3654,313,194.923076923077
12,3655,135,-77.7619047619048
12,3656,-341,-232.951388888889
12,3657,-161,-77.7333333333333
12,3658,47,6.17241379310345
12,3659,48,9.41666666666667
12,3660,-33,9.41666666666667
12,3661,-7,-20.2347826086957
12,3662,30,112.084905660377
12,3663,137,112.084905660377
12,3664,389,271.932203389831
12,3665,2,-77.7619047619048
12,3666,-225,-152.751552795031
12,3667,-120,-113.560975609756
12,3668,-94,6.17241379310345
12,3669,-89,-46.5671641791045
12,3670,-83,-46.5671641791045
12,3671,-108,-46.5671641791045
12,3672,-37,-46.5671641791045
12,3673,-8,115.333333333333
12,3674,-4,1.87782805429864
12,3675,2,1.87782805429864
12,3676,40,1.87782805429864
12,3677,116,78.8384615384615
12,3678,333,194.923076923077
12,3679,184,-175.6
12,3680,-382,-232.951388888889
12,3681,-159,-117.166666666667
12,3682,45,6.17241379310345
12,3683,19,-18.9193548387097
12,3684,1,-18.9193548387097
12,3685,-33,1.87782805429864
12,3686,24,-20.2347826086957
12,3687,30,112.084905660377
12,3688,146,112.084905660377
12,3689,273,-67.95
12,3690,-127,-77.7619047619048
12,3691,-150,-152.751552795031
12,3692,-47,-113.560975609756
12,3693,-31,-20.2347826086957
12,3694,-157,-20.2347826086957
12,3695,-65,-46.5671641791045
12,3696,-41,-46.5671641791045
12,3697,-18,-20.2347826086957
12,3698,-2,-20.2347826086957
12,3699,3,1.87782805429864
12,3700,32,1.87782805429864
12,3701,112,78.8384615384615
12,3702,321,201.178571428571
12,3703,184,-77.7619047619048
12,3704,-339,-232.951388888889
12,3705,-120,-117.166666666667
12,3706,18,6.17241379310345
12,3707,58,24.6947368421053
12,3708,-20,9.41666666666667
12,3709,-57,-20.2347826086957
12,3710,95,-46.5671641791045
12,3711,66,70.0975609756098
12,3712,413,221.910714285714
12,3713,6,-112.763157894737
12,3714,-244,-152.751552795031
12,3715,-28,-113.560975609756
12,3716,-173,-20.2347826086957
12,3717,-264,-46.5671641791045
12,3718,-3,-46.5671641791045
12,3719,-31,1.87782805429864
12,3720,-23,-20.2347826086957
12,3721,8,115.333333333333
12,3722,17,1.87782805429864
12,3723,-27,78.8384615384615
12,3724,33,115.333333333333
12,3725,84,78.8384615384615
12,3726,234,70.0975609756098
12,3727,331,160.140625
12,3728,-318,-232.951388888889
12,3729,-140,-152.751552795031
12,3730,-21,5.75
12,3731,62,-20.2347826086957
12,3732,-118,9.41666666666667
12,3733,73,-46.5671641791045
12,3734,-13,-112.763157894737
12,3735,220,112.084905660377
12,3736,279,221.910714285714
12,3737,-93,-77.7619047619048
12,3738,-220,-152.751552795031
12,3739,-151,-113.560975609756
12,3740,-129,6.17241379310345
12,3741,13,-46.5671641791045
12,3742,31,78.8384615384615
12,3743,-63,-18.9193548387097
12,3744,-31,-46.5671641791045
12,3745,-12,115.333333333333
12,3746,-35,1.87782805429864
12,3747,-9,-20.2347826086957
12,3748,1,1.87782805429864
12,3749,-2,1.87782805429864
12,3750,22,1.87782805429864
12,3751,75,78.8384615384615
12,3752,95,160.140625
12,3753,61,194.923076923077
12,3754,37,32.3333333333333
12,3755,152,78.8384615384615
12,3756,-103,-22.8846153846154
12,3757,-11,-117.166666666667
12,3758,37,1.87782805429864
12,3759,-54,-18.9193548387097
12,3760,-85,-46.5671641791045
12,3761,-64,-46.5671641791045
12,3762,61,-46.5671641791045
12,3763,-24,134.454545454545
12,3764,-51,-20.2347826086957
12,3765,17,-46.5671641791045
12,3766,-31,24.6947368421053
12,3767,-36,-20.2347826086957
12,3768,17,-20.2347826086957
12,3769,-8,78.8384615384615
12,3770,-79,1.87782805429864
12,3771,-27,-46.5671641791045
12,3772,-10,-20.2347826086957
12,3773,13,1.87782805429864
12,3774,19,78.8384615384615
12,3775,115,78.8384615384615
12,3776,105,160.140625
12,3777,121,-77.7619047619048
12,3778,126,32.3333333333333
12,3779,-1,-232.951388888889
12,3780,122,-77.7333333333333
12,3781,-10,-22.8846153846154
12,3782,8,-77.7333333333333
12,3783,4,1.87782805429864
12,3784,-72,1.87782805429864
12,3785,-41,-46.5671641791045
12,3786,7,-20.2347826086957
12,3787,-144,1.87782805429864
12,3788,-33,-46.5671641791045
12,3789,-154,-20.2347826086957
12,3790,-68,-46.5671641791045
12,3791,-76,-46.5671641791045
12,3792,-20,-46.5671641791045
12,3793,-10,-20.2347826086957
12,3794,-15,1.87782805429864
12,3795,6,-20.2347826086957
12,3796,43,1.87782805429864
12,3797,106,78.8384615384615
12,3798,264,194.923076923077
12,3799,317,126.340425531915
12,3800,-393,-232.951388888889
12,3801,-145,-152.751552795031
12,3802,-2,5.75
12,3803,116,1.87782805429864
12,3804,-74,-67.95
12,3805,31,-77.7333333333333
12,3806,10,-18.9193548387097
12,3807,176,112.084905660377
12,3808,390,221.910714285714
12,3809,-106,-77.7619047619048
12,3810,-159,-152.751552795031
12,3811,-179,-113.560975609756
12,3812,-107,-46.5671641791045
12,3813,-87,6.17241379310345
12,3814,-95,-46.5671641791045
12,3815,-50,-46.5671641791045
12,3816,-47,-46.5671641791045
12,3817,-1,-20.2347826086957
12,3818,-10,1.87782805429864
12,3819,0,1.87782805429864
12,3820,44,1.87782805429864
12,3821,140,78.8384615384615
12,3822,326,194.923076923077
12,3823,227,-175.6
12,3824,-404,-232.951388888889
12,3825,-121,-152.751552795031
12,3826,-17,5.75
12,3827,28,-20.2347826086957
12,3828,44,-18.9193548387097
12,3829,-29,-18.9193548387097
12,3830,41,-20.2347826086957
12,3831,170,112.084905660377
12,3832,414,221.910714285714
12,3833,8,-175.6
12,3834,-245,-152.751552795031
12,3835,-109,-113.560975609756
12,3836,-145,6.17241379310345
12,3837,-109,-46.5671641791045
12,3838,-77,-46.5671641791045
12,3839,-126,-46.5671641791045
12,3840,-38,-46.5671641791045
12,3841,-16,115.333333333333
12,3842,0,-20.2347826086957
12,3843,-8,1.87782805429864
12,3844,55,1.87782805429864
12,3845,131,134.454545454545
12,3846,317,194.923076923077
12,3847,281,-232.951388888889
12,3848,-446,-232.951388888889
12,3849,-111,-152.751552795031
12,3850,50,5.75
12,3851,29,9.41666666666667
12,3852,2,-18.9193548387097
12,3853,-65,1.87782805429864
12,3854,70,-46.5671641791045
12,3855,167,70.0975609756098
12,3856,429,221.910714285714
12,3857,-22,-232.951388888889
12,3858,-193,-152.751552795031
12,3859,-131,-113.560975609756
12,3860,-170,6.17241379310345
12,3861,-119,-46.5671641791045
12,3862,-39,-46.5671641791045
12,3863,-147,-20.2347826086957
12,3864,-63,-46.5671641791045
12,3865,-8,115.333333333333
12,3866,-13,1.87782805429864
12,3867,-4,1.87782805429864
12,3868,38,1.87782805429864
12,3869,139,78.8384615384615
12,3870,314,194.923076923077
12,3871,234,-77.7619047619048
12,3872,-385,-232.951388888889
12,3873,-122,-152.751552795031
12,3874,-10,5.75
12,3875,67,1.87782805429864
12,3876,-37,9.41666666666667
12,3877,-29,-20.2347826086957
12,3878,25,-20.2347826086957
12,3879,136,112.084905660377
12,3880,364,221.910714285714
12,3881,-50,-77.7619047619048
12,3882,-74,-152.751552795031
12,3883,-168,-113.560975609756
12,3884,-175,-46.5671641791045
12,3885,-37,-46.5671641791045
12,3886,-89,-20.2347826086957
12,3887,-48,-46.5671641791045
12,3888,-43,-46.5671641791045
12,3889,-28,-20.2347826086957
12,3890,-14,-20.2347826086957
12,3891,-4,1.87782805429864
12,3892,29,1.87782805429864
12,3893,102,78.8384615384615
12,3894,271,194.923076923077
12,3895,266,194.923076923077
12,3896,-313,-232.951388888889
12,3897,-132,-152.751552795031
12,3898,20,5.75
12,3899,48,24.6947368421053
12,3900,15,9.41666666666667
12,3901,12,-18.9193548387097
12,3902,-3,-18.9193548387097
12,3903,176,112.084905660377
12,3904,200,221.910714285714
12,3905,-77,-77.7619047619048
12,3906,-106,-152.751552795031
12,3907,-162,-113.560975609756
12,3908,-94,-46.5671641791045
12,3909,-61,-46.5671641791045
12,3910,-10,-46.5671641791045
12,3911,2,1.87782805429864
12,3912,-111,17.75
12,3913,10,-46.5671641791045
12,3914,-47,1.87782805429864
12,3915,-32,-20.2347826086957
12,3916,3,-20.2347826086957
12,3917,36,1.87782805429864
12,3918,26,78.8384615384615
12,3919,87,24.6947368421053
12,3920,174,-112.763157894737
12,3921,58,70.0975609756098
12,3922,62,-117.166666666667
12,3923,30,-22.8846153846154
12,3924,11,-18.9193548387097
12,3925,-4,24.6947368421053
12,3926,3,1.87782805429864
12,3927,-10,1.87782805429864
12,3928,-8,1.87782805429864
12,3929,2,112.084905660377
12,3930,-143,1.87782805429864
12,3931,-105,-46.5671641791045
12,3932,67,-46.5671641791045
12,3933,-24,69.2307692307692
12,3934,-68,-20.2347826086957
12,3935,-20,-46.5671641791045
12,3936,-30,-20.2347826086957
12,3937,-46,-20.2347826086957
12,3938,-57,-20.2347826086957
12,3939,-42,-46.5671641791045
12,3940,4,-20.2347826086957
12,3941,1,1.87782805429864
12,3942,22,1.87782805429864
12,3943,87,78.8384615384615
12,3944,99,126.340425531915
12,3945,155,194.923076923077
12,3946,128,32.3333333333333
12,3947,2,-232.951388888889
12,3948,-28,-77.7333333333333
12,3949,39,-20.2347826086957
12,3950,-21,-18.9193548387097
12,3951,20,-20.2347826086957
12,3952,10,-18.9193548387097
12,3953,-112,1.87782805429864
12,3954,24,-46.5671641791045
12,3955,-140,112.084905660377
12,3956,-32,-46.5671641791045
12,3957,-123,-20.2347826086957
12,3958,-48,-46.5671641791045
12,3959,-42,-46.5671641791045
12,3960,-39,-20.2347826086957
12,3961,-11,-20.2347826086957
12,3962,-5,1.87782805429864
12,3963,2,1.87782805429864
12,3964,42,1.87782805429864
12,3965,114,78.8384615384615
12,3966,308,194.923076923077
12,3967,282,-175.6
12,3968,-458,-232.951388888889
12,3969,-104,-152.751552795031
12,3970,26,5.75
12,3971,63,-18.9193548387097
12,3972,-52,9.41666666666667
12,3973,28,-46.5671641791045
12,3974,-18,-18.9193548387097
12,3975,189,115.333333333333
12,3976,402,221.910714285714
12,3977,-15,-77.7619047619048
12,3978,-147,-152.751552795031
12,3979,-203,-113.560975609756
12,3980,-140,-46.5671641791045
12,3981,-92,6.17241379310345
12,3982,-80,-46.5671641791045
12,3983,-112,-46.5671641791045
12,3984,-17,-46.5671641791045
12,3985,-13,-20.2347826086957
12,3986,-2,1.87782805429864
12,3987,0,1.87782805429864
12,3988,39,1.87782805429864
12,3989,149,78.8384615384615
12,3990,319,194.923076923077
12,3991,247,-175.6
12,3992,-427,-232.951388888889
12,3993,-106,-152.751552795031
12,3994,-3,5.75
12,3995,24,1.87782805429864
12,3996,40,-18.9193548387097
12,3997,-28,-18.9193548387097
12,3998,-116,-20.2347826086957
12,3999,258,115.333333333333
12,4000,418,221.910714285714
12,4001,37,-77.7619047619048
12,4002,-243,-152.751552795031
12,4003,-162,-113.560975609756
12,4004,-100,6.17241379310345
12,4005,-95,-46.5671641791045
12,4006,-110,-46.5671641791045
12,4007,-100,-46.5671641791045
12,4008,-14,-46.5671641791045
12,4009,-20,17.75
12,4010,-6,-20.2347826086957
12,4011,-3,1.87782805429864
12,4012,45,1.87782805429864
12,4013,136,78.8384615384615
12,4014,302,194.923076923077
12,4015,194,-175.6
12,4016,-331,-232.951388888889
12,4017,-114,-117.166666666667
12,4018,-2,5.75
12,4019,50,1.87782805429864
12,4020,-4,9.41666666666667
12,4021,-17,1.87782805429864
12,4022,32,-20.2347826086957
12,4023,184,112.084905660377
12,4024,358,221.910714285714
12,4025,54,-77.7619047619048
12,4026,-239,-152.751552795031
12,4027,-139,-113.560975609756
12,4028,-193,6.17241379310345
12,4029,-32,-46.5671641791045
12,4030,-136,-20.2347826086957
12,4031,-89,-46.5671641791045
12,4032,-21,-46.5671641791045
12,4033,-31,115.333333333333
12,4034,-5,-20.2347826086957
12,4035,3,1.87782805429864
12,4036,32,1.87782805429864
12,4037,142,78.8384615384615
12,4038,290,201.178571428571
12,4039,266,-77.7619047619048
12,4040,-396,-232.951388888889
12,4041,-162,-152.751552795031
12,4042,45,5.75
12,4043,60,24.6947368421053
12,4044,24,9.41666666666667
12,4045,-85,-18.9193548387097
12,4046,45,-46.5671641791045
12,4047,136,112.084905660377
12,4048,459,221.910714285714
12,4049,-98,-175.6
12,4050,-160,-152.751552795031
12,4051,-180,-113.560975609756
12,4052,-85,-46.5671641791045
12,4053,-80,6.17241379310345
12,4054,-85,-46.5671641791045
12,4055,-106,-46.5671641791045
12,4056,-28,-46.5671641791045
12,4057,-29,-20.2347826086957
12,4058,-8,-20.2347826086957
12,4059,6,1.87782805429864
12,4060,25,1.87782805429864
12,4061,126,78.8384615384615
12,4062,258,194.923076923077
12,4063,247,-77.7619047619048
12,4064,-272,-232.951388888889
12,4065,-147,-152.751552795031
12,4066,14,5.75
12,4067,75,24.6947368421053
12,4068,7,9.41666666666667
12,4069,-14,1.87782805429864
12,4070,49,1.87782805429864
12,4071,112,70.0975609756098
12,4072,249,221.910714285714
12,4073,-70,-175.6
12,4074,-202,-152.751552795031
12,4075,-80,-113.560975609756
12,4076,-111,6.17241379310345
12,4077,-76,-46.5671641791045
12,4078,-6,-46.5671641791045
12,4079,-35,1.87782805429864
12,4080,-39,-20.2347826086957
12,4081,-38,115.333333333333
12,4082,-54,-20.2347826086957
12,4083,-17,-46.5671641791045
12,4084,4,-20.2347826086957
12,4085,32,1.87782805429864
12,4086,18,24.6947368421053
12,4087,114,78.8384615384615
12,4088,97,126.340425531915
12,4089,118,-77.7619047619048
12,4090,74,32.3333333333333
12,4091,77,1.58333333333333
12,4092,-20,44.1666666666667
12,4093,-55,-20.2347826086957
12,4094,17,-46.5671641791045
12,4095,-39,-18.9193548387097
12,4096,42,-20.2347826086957
12,4097,-2,-18.9193548387097
12,4098,-93,1.87782805429864
12,4099,-85,-46.5671641791045
12,4100,-23,-46.5671641791045
12,4101,-20,-20.2347826086957
12,4102,-47,-20.2347826086957
12,4103,-69,-20.2347826086957
12,4104,-66,-46.5671641791045
12,4105,-14,-46.5671641791045
12,4106,-32,1.87782805429864
12,4107,-27,-20.2347826086957
12,4108,5,-20.2347826086957
12,4109,0,1.87782805429864
12,4110,49,1.87782805429864
12,4111,40,134.454545454545
12,4112,121,78.8384615384615
12,4113,135,160.140625
12,4114,73,-175.6
12,4115,54,1.58333333333333
12,4116,32,-22.8846153846154
12,4117,3,-18.9193548387097
12,4118,-76,1.87782805429864
12,4119,-29,-46.5671641791045
12,4120,-39,-20.2347826086957
12,4121,-153,-20.2347826086957
12,4122,-44,-46.5671641791045
12,4123,8,-20.2347826086957
12,4124,15,1.87782805429864
12,4125,-51,24.6947368421053
12,4126,-70,-46.5671641791045
12,4127,-54,-46.5671641791045
12,4128,-22,-46.5671641791045
12,4129,-6,-20.2347826086957
12,4130,0,1.87782805429864
12,4131,6,1.87782805429864
12,4132,14,1.87782805429864
12,4133,116,78.8384615384615
12,4134,266,194.923076923077
12,4135,198,-77.7619047619048
12,4136,-329,-232.951388888889
12,4137,-63,-152.751552795031
12,4138,47,5.75
12,4139,25,9.41666666666667
12,4140,4,-18.9193548387097
12,4141,-2,1.87782805429864
12,4142,-13,1.87782805429864
12,4143,177,112.084905660377
12,4144,407,221.910714285714
12,4145,-15,-77.7619047619048
12,4146,-203,-152.751552795031
12,4147,-183,-113.560975609756
12,4148,-140,6.17241379310345
12,4149,-110,6.17241379310345
12,4150,-94,-46.5671641791045
12,4151,-66,-46.5671641791045
12,4152,-29,-46.5671641791045
12,4153,-5,115.333333333333
12,4154,-7,1.87782805429864
12,4155,3,1.87782805429864
12,4156,27,1.87782805429864
12,4157,143,78.8384615384615
12,4158,323,194.923076923077
12,4159,203,-77.7619047619048
12,4160,-378,-232.951388888889
12,4161,-77,-152.751552795031
12,4162,-36,5.75
12,4163,69,-20.2347826086957
12,4164,-30,9.41666666666667
12,4165,8,-20.2347826086957
12,4166,45,17.75
12,4167,139,112.084905660377
12,4168,423,221.910714285714
12,4169,-54,-175.6
12,4170,-204,-152.751552795031
12,4171,-162,-113.560975609756
12,4172,-131,6.17241379310345
12,4173,-93,-46.5671641791045
12,4174,-86,-46.5671641791045
12,4175,-80,-46.5671641791045
12,4176,-35,-46.5671641791045
12,4177,-17,115.333333333333
12,4178,1,-20.2347826086957
12,4179,0,1.87782805429864
12,4180,36,1.87782805429864
12,4181,130,78.8384615384615
12,4182,309,194.923076923077
12,4183,255,-77.7619047619048
12,4184,-396,-232.951388888889
12,4185,-127,-152.751552795031
12,4186,25,5.75
12,4187,41,-18.9193548387097
12,4188,33,-18.9193548387097
12,4189,-77,-18.9193548387097
12,4190,42,-46.5671641791045
12,4191,163,112.084905660377
12,4192,417,221.910714285714
12,4193,4,-175.6
12,4194,-176,-152.751552795031
12,4195,-186,-113.560975609756
12,4196,-119,6.17241379310345
12,4197,-148,6.17241379310345
12,4198,-97,-46.5671641791045
12,4199,-69,-46.5671641791045
12,4200,-39,-46.5671641791045
12,4201,-14,-20.2347826086957
12,4202,-8,1.87782805429864
12,4203,4,1.87782805429864
12,4204,31,1.87782805429864
12,4205,126,78.8384615384615
12,4206,308,194.923076923077
12,4207,223,-77.7619047619048
12,4208,-345,-232.951388888889
12,4209,-148,-152.751552795031
12,4210,55,5.75
12,4211,17,9.41666666666667
12,4212,4,-18.9193548387097
12,4213,-34,1.87782805429864
12,4214,20,-20.2347826086957
12,4215,150,112.084905660377
12,4216,393,221.910714285714
12,4217,1,-77.7619047619048
12,4218,-188,-152.751552795031
12,4219,-145,-113.560975609756
12,4220,-142,6.17241379310345
12,4221,-77,-46.5671641791045
12,4222,-103,-46.5671641791045
12,4223,-71,-46.5671641791045
12,4224,-44,-46.5671641791045
12,4225,-21,115.333333333333
12,4226,-11,-20.2347826086957
12,4227,-2,1.87782805429864
12,4228,26,1.87782805429864
12,4229,11,78.8384615384615
12,4230,89,78.8384615384615
12,4231,-14,194.923076923077
12,4232,101,1.87782805429864
12,4233,-27,32.3333333333333
12,4234,58,-20.2347826086957
12,4235,64,44.1666666666667
12,4236,-25,9.41666666666667
12,4237,17,-20.2347826086957
12,4238,17,24.6947368421053
12,4239,143,78.8384615384615
12,4240,263,160.140625
12,4241,-90,-77.7619047619048
12,4242,-148,-152.751552795031
12,4243,-122,-113.560975609756
12,4244,-84,-46.5671641791045
12,4245,-68,-46.5671641791045
12,4246,-26,-46.5671641791045
12,4247,-12,-20.2347826086957
12,4248,-64,17.75
12,4249,-31,-46.5671641791045
12,4250,-64,-20.2347826086957
12,4251,-11,-46.5671641791045
12,4252,1,1.87782805429864
12,4253,12,1.87782805429864
12,4254,39,78.8384615384615
12,4255,100,78.8384615384615
12,4256,109,160.140625
12,4257,136,126.340425531915
12,4258,92,-232.951388888889
12,4259,47,-232.951388888889
12,4260,23,-22.8846153846154
12,4261,-31,-18.9193548387097
12,4262,24,-20.2347826086957
12,4263,-31,-18.9193548387097
12,4264,-19,-20.2347826086957
12,4265,-212,-20.2347826086957
12,4266,-25,-46.5671641791045
12,4267,-115,-20.2347826086957
12,4268,-32,-46.5671641791045
12,4269,40,-20.2347826086957
12,4270,-5,24.6947368421053
12,4271,-43,1.87782805429864
12,4272,-7,115.333333333333
12,4273,-27,1.87782805429864
12,4274,-38,-20.2347826086957
12,4275,-38,-20.2347826086957
12,4276,0,-20.2347826086957
12,4277,6,1.87782805429864
12,4278,23,1.87782805429864
12,4279,80,78.8384615384615
12,4280,98,160.140625
12,4281,111,126.340425531915
12,4282,121,32.3333333333333
12,4283,56,-232.951388888889
12,4284,38,1.58333333333333
12,4285,36,24.6947368421053
12,4286,-2,-18.9193548387097
12,4287,-64,1.87782805429864
12,4288,-8,-46.5671641791045
12,4289,-14,1.87782805429864
12,4290,-26,1.87782805429864
12,4291,-165,-20.2347826086957
12,4292,-80,-46.5671641791045
12,4293,-39,-46.5671641791045
12,4294,-71,-20.2347826086957
12,4295,-63,-46.5671641791045
12,4296,-33,-46.5671641791045
12,4297,-5,-20.2347826086957
12,4298,-3,1.87782805429864
12,4299,5,1.87782805429864
12,4300,25,1.87782805429864
12,4301,123,78.8384615384615
12,4302,277,194.923076923077
12,4303,237,-77.7619047619048
12,4304,-368,-232.951388888889
12,4305,-106,-152.751552795031
12,4306,46,5.75
12,4307,31,9.41666666666667
12,4308,-22,-18.9193548387097
12,4309,-6,-20.2347826086957
12,4310,26,1.87782805429864
12,4311,190,112.084905660377
12,4312,354,221.910714285714
12,4313,-6,-77.7619047619048
12,4314,-257,-152.751552795031
12,4315,-123,-113.560975609756
12,4316,-142,6.17241379310345
12,4317,-98,-46.5671641791045
12,4318,-64,-46.5671641791045
12,4319,-68,-46.5671641791045
12,4320,-33,-46.5671641791045
12,4321,-16,115.333333333333
12,4322,-8,-20.2347826086957
12,4323,2,1.87782805429864
12,4324,31,1.87782805429864
12,4325,28,78.8384615384615
12,4326,115,78.8384615384615
12,4327,439,194.923076923077
12,4328,-216,-77.7619047619048
12,4329,-194,-152.751552795031
12,4330,-12,5.75
12,4331,104,1.87782805429864
12,4332,-14,-67.95
12,4333,-31,1.87782805429864
12,4334,28,-20.2347826086957
12,4335,175,24.6947368421053
12,4336,354,221.910714285714
12,4337,42,-77.7619047619048
12,4338,-227,-152.751552795031
12,4339,-191,-113.560975609756
12,4340,-128,6.17241379310345
12,4341,-119,6.17241379310345
12,4342,-22,-46.5671641791045
13,1,72,-16.7285714285714
13,2,-95,-23.7586206896552
13,3,-40,-48.5281690140845
13,4,-118,-21.3649851632047
13,5,-58,-48.5281690140845
13,6,-40,-48.5281690140845
13,7,-34,-21.3649851632047
13,8,4,-21.3649851632047
13,9,-44,1.57823129251701
13,10,0,-21.3649851632047
13,11,-2,1.57823129251701
13,12,-24,1.57823129251701
13,13,-33,-21.3649851632047
13,14,-12,-21.3649851632047
13,15,-1,1.57823129251701
13,16,3,1.57823129251701
13,17,9,1.57823129251701
13,18,42,1.57823129251701
13,19,37,26.7545454545455
13,20,98,92.2954545454545
13,21,35,9.04166666666667
13,22,29,52.0434782608696
13,23,6,26.7545454545455
13,24,-24,1.57823129251701
13,25,16,-21.3649851632047
13,26,-41,-16.7285714285714
13,27,-55,-21.3649851632047
13,28,10,-48.5281690140845
13,29,-48,1.57823129251701
13,30,-16,-48.5281690140845
13,31,-67,-21.3649851632047
13,32,19,-48.5281690140845
13,33,-20,26.7545454545455
13,34,6,-21.3649851632047
13,35,-26,1.57823129251701
13,36,5,-21.3649851632047
13,37,-12,1.57823129251701
13,38,-2,1.57823129251701
13,39,4,1.57823129251701
13,40,34,1.57823129251701
13,41,76,52.0434782608696
13,42,-10,159.467811158798
13,43,33,1.57823129251701
13,44,65,26.7545454545455
13,45,73,94.7857142857143
13,46,31,-23.7586206896552
13,47,-49,-16.7285714285714
13,48,26,-48.5281690140845
13,49,-9,26.7545454545455
13,50,-27,1.57823129251701
13,51,-11,-21.3649851632047
13,52,-70,1.57823129251701
13,53,-46,-48.5281690140845
13,54,-28,-21.3649851632047
13,55,-36,-21.3649851632047
13,56,-36,-21.3649851632047
13,57,-14,-21.3649851632047
13,58,-5,1.57823129251701
13,59,-4,1.57823129251701
13,60,-1,1.57823129251701
13,61,13,1.57823129251701
13,62,71,92.2954545454545
13,63,193,186.027972027972
13,64,185,159.467811158798
13,65,-247,-232.21768707483
13,66,-132,-117.764705882353
13,67,1,20.4117647058824
13,68,77,1.57823129251701
13,69,-32,-23.7586206896552
13,70,-7,-21.3649851632047
13,71,36,1.57823129251701
13,72,94,105.81914893617
13,73,178,217.492753623188
13,74,-7,-115.30303030303
13,75,-121,-117.764705882353
13,76,-77,-48.5281690140845
13,77,-73,-48.5281690140845
13,78,-54,-48.5281690140845
13,79,-53,-48.5281690140845
13,80,-23,-48.5281690140845
13,81,-17,-21.3649851632047
13,82,-1,-21.3649851632047
13,83,-2,1.57823129251701
13,84,-2,1.57823129251701
13,85,28,1.57823129251701
13,86,60,92.2954545454545
13,87,212,159.467811158798
13,88,274,159.467811158798
13,89,-324,-232.21768707483
13,90,-113,-152.895061728395
13,91,32,-37.9
13,92,36,26.7545454545455
13,93,-17,-16.7285714285714
13,94,-13,-21.3649851632047
13,95,18,1.57823129251701
13,96,103,105.81914893617
13,97,231,217.492753623188
13,98,-4,-18.75
13,99,-198,-152.895061728395
13,100,-53,-121.4
13,101,-35,-48.5281690140845
13,102,-92,-21.3649851632047
13,103,-85,-48.5281690140845
13,104,-20,-48.5281690140845
13,105,-27,-21.3649851632047
13,106,-6,98.2916666666667
13,107,-3,1.57823129251701
13,108,-5,1.57823129251701
13,109,31,1.57823129251701
13,110,59,92.2954545454545
13,111,235,159.467811158798
13,112,234,159.467811158798
13,113,-318,-232.21768707483
13,114,-94,-152.895061728395
13,115,34,-37.9
13,116,42,26.7545454545455
13,117,-6,-16.7285714285714
13,118,-26,1.57823129251701
13,119,25,-21.3649851632047
13,120,126,105.81914893617
13,121,267,217.492753623188
13,122,-88,-80.2631578947368
13,123,-153,-152.895061728395
13,124,-100,-121.4
13,125,-47,-48.5281690140845
13,126,-85,-48.5281690140845
13,127,-52,-48.5281690140845
13,128,-39,-48.5281690140845
13,129,-28,-21.3649851632047
13,130,-13,-21.3649851632047
13,131,0,1.57823129251701
13,132,-3,1.57823129251701
13,133,24,1.57823129251701
13,134,56,92.2954545454545
13,135,190,186.027972027972
13,136,197,159.467811158798
13,137,-225,-232.21768707483
13,138,-103,-117.764705882353
13,139,22,20.4117647058824
13,140,65,26.7545454545455
13,141,-45,-23.7586206896552
13,142,-152,-21.3649851632047
13,143,63,-48.5281690140845
13,144,84,115.296296296296
13,145,78,217.492753623188
13,146,44,-5.7
13,147,-67,-16.7285714285714
13,148,-66,-48.5281690140845
13,149,-15,-48.5281690140845
13,150,-46,-21.3649851632047
13,151,-20,-21.3649851632047
13,152,-25,-21.3649851632047
13,153,-15,-21.3649851632047
13,154,-8,-21.3649851632047
13,155,-31,1.57823129251701
13,156,-5,-21.3649851632047
13,157,1,1.57823129251701
13,158,10,1.57823129251701
13,159,10,1.57823129251701
13,160,70,1.57823129251701
13,161,29,159.467811158798
13,162,61,52.0434782608696
13,163,27,94.7857142857143
13,164,48,26.7545454545455
13,165,-32,-23.7586206896552
13,166,-10,-21.3649851632047
13,167,16,1.57823129251701
13,168,-37,26.7545454545455
13,169,-36,-21.3649851632047
13,170,-26,-21.3649851632047
13,171,16,-21.3649851632047
13,172,-44,26.7545454545455
13,173,-20,-21.3649851632047
13,174,-3,-21.3649851632047
13,175,9,1.57823129251701
13,176,-21,1.57823129251701
13,177,-15,-21.3649851632047
13,178,-13,-21.3649851632047
13,179,-21,1.57823129251701
13,180,-15,-21.3649851632047
13,181,-1,-21.3649851632047
13,182,-3,1.57823129251701
13,183,20,1.57823129251701
13,184,37,52.0434782608696
13,185,28,52.0434782608696
13,186,101,52.0434782608696
13,187,39,9.04166666666667
13,188,78,52.0434782608696
13,189,20,-23.7586206896552
13,190,6,26.7545454545455
13,191,22,1.57823129251701
13,192,-14,26.7545454545455
13,193,-52,1.57823129251701
13,194,-71,-48.5281690140845
13,195,-73,-48.5281690140845
13,196,-55,-48.5281690140845
13,197,-5,-48.5281690140845
13,198,-12,1.57823129251701
13,199,-7,1.57823129251701
13,200,-35,1.57823129251701
13,201,-23,-21.3649851632047
13,202,-2,-21.3649851632047
13,203,-2,1.57823129251701
13,204,-1,1.57823129251701
13,205,15,1.57823129251701
13,206,74,52.0434782608696
13,207,190,186.027972027972
13,208,248,159.467811158798
13,209,-298,-232.21768707483
13,210,-126,-152.895061728395
13,211,-1,-37.9
13,212,74,1.57823129251701
13,213,5,-23.7586206896552
13,214,-24,1.57823129251701
13,215,16,-21.3649851632047
13,216,112,105.81914893617
13,217,243,217.492753623188
13,218,-2,-80.2631578947368
13,219,-193,-152.895061728395
13,220,-115,-121.4
13,221,-24,-48.5281690140845
13,222,-103,-21.3649851632047
13,223,-36,-48.5281690140845
13,224,-46,-21.3649851632047
13,225,-4,-21.3649851632047
13,226,-3,17.5294117647059
13,227,3,1.57823129251701
13,228,-4,1.57823129251701
13,229,19,1.57823129251701
13,230,80,92.2954545454545
13,231,224,186.027972027972
13,232,234,-18.75
13,233,-327,-232.21768707483
13,234,-100,-152.895061728395
13,235,31,-37.9
13,236,20,26.7545454545455
13,237,7,-16.7285714285714
13,238,-56,1.57823129251701
13,239,32,-48.5281690140845
13,240,121,105.81914893617
13,241,243,217.492753623188
13,242,-81,-80.2631578947368
13,243,-143,-152.895061728395
13,244,-102,-121.4
13,245,-16,-48.5281690140845
13,246,-87,-21.3649851632047
13,247,-36,-48.5281690140845
13,248,-33,-21.3649851632047
13,249,-26,-21.3649851632047
13,250,-2,-21.3649851632047
13,251,-2,1.57823129251701
13,252,27,1.57823129251701
13,253,75,52.0434782608696
13,254,149,186.027972027972
13,255,-137,186.027972027972
13,256,-78,-117.764705882353
13,257,-28,-48.5281690140845
13,258,0,-21.3649851632047
13,259,60,1.57823129251701
13,260,6,-23.7586206896552
13,261,-20,1.57823129251701
13,262,34,-21.3649851632047
13,263,77,182.3
13,264,86,9.04166666666667
13,265,-61,-5.7
13,266,-90,-48.5281690140845
13,267,-5,-48.5281690140845
13,268,-58,1.57823129251701
13,269,16,-48.5281690140845
13,270,-22,-16.7285714285714
13,271,-22,-21.3649851632047
13,272,1,-21.3649851632047
13,273,-6,1.57823129251701
13,274,-3,1.57823129251701
13,275,2,1.57823129251701
13,276,13,1.57823129251701
13,277,91,26.7545454545455
13,278,195,159.467811158798
13,279,290,-18.75
13,280,-308,-232.21768707483
13,281,-153,-152.895061728395
13,282,35,-37.9
13,283,52,26.7545454545455
13,284,-9,-23.7586206896552
13,285,0,1.57823129251701
13,286,12,1.57823129251701
13,287,138,105.81914893617
13,288,239,217.492753623188
13,289,-75,-80.2631578947368
13,290,-197,-152.895061728395
13,291,-74,-121.4
13,292,-57,-48.5281690140845
13,293,-71,-48.5281690140845
13,294,-41,-48.5281690140845
13,295,-39,-21.3649851632047
13,296,-26,-21.3649851632047
13,297,-14,98.2916666666667
13,298,-3,1.57823129251701
13,299,-1,1.57823129251701
13,300,22,1.57823129251701
13,301,68,92.2954545454545
13,302,170,186.027972027972
13,303,287,159.467811158798
13,304,-235,-232.21768707483
13,305,-182,-152.895061728395
13,306,62,-37.9
13,307,40,-23.7586206896552
13,308,-12,-16.7285714285714
13,309,-17,1.57823129251701
13,310,-127,-21.3649851632047
13,311,-28,98.2916666666667
13,312,78,-21.3649851632047
13,313,32,94.7857142857143
13,314,14,-16.7285714285714
13,315,-74,26.7545454545455
13,316,1,-48.5281690140845
13,317,-26,1.57823129251701
13,318,-52,-21.3649851632047
13,319,-1,-48.5281690140845
13,320,22,1.57823129251701
13,321,-6,26.7545454545455
13,322,-17,1.57823129251701
13,323,-19,-21.3649851632047
13,324,0,-21.3649851632047
13,325,5,1.57823129251701
13,326,9,1.57823129251701
13,327,32,1.57823129251701
13,328,46,26.7545454545455
13,329,74,114.833333333333
13,330,46,9.04166666666667
13,331,85,-5.7
13,332,40,-23.7586206896552
13,333,91,26.7545454545455
13,334,-31,-23.7586206896552
13,335,68,-21.3649851632047
13,336,-82,-23.7586206896552
13,337,-82,-48.5281690140845
13,338,-78,-48.5281690140845
13,339,-76,-48.5281690140845
13,340,5,-48.5281690140845
13,341,-20,1.57823129251701
13,342,-28,-21.3649851632047
13,343,-34,-21.3649851632047
13,344,4,-21.3649851632047
13,345,4,1.57823129251701
13,346,-54,1.57823129251701
13,347,-12,-48.5281690140845
13,348,-9,1.57823129251701
13,349,0,1.57823129251701
13,350,18,1.57823129251701
13,351,43,92.2954545454545
13,352,52,26.7545454545455
13,353,74,186.027972027972
13,354,64,114.833333333333
13,355,71,9.04166666666667
13,356,37,94.7857142857143
13,357,-32,26.7545454545455
13,358,2,-21.3649851632047
13,359,-35,1.57823129251701
13,360,-36,-21.3649851632047
13,361,-79,-21.3649851632047
13,362,-52,-48.5281690140845
13,363,-44,-48.5281690140845
13,364,-9,-21.3649851632047
13,365,-17,1.57823129251701
13,366,-36,-21.3649851632047
13,367,-9,-21.3649851632047
13,368,-11,1.57823129251701
13,369,-2,1.57823129251701
13,370,-3,1.57823129251701
13,371,0,1.57823129251701
13,372,17,1.57823129251701
13,373,73,52.0434782608696
13,374,169,159.467811158798
13,375,168,159.467811158798
13,376,-231,-232.21768707483
13,377,-111,-117.764705882353
13,378,17,20.4117647058824
13,379,34,26.7545454545455
13,380,-17,-16.7285714285714
13,381,8,-21.3649851632047
13,382,2,1.57823129251701
13,383,80,105.81914893617
13,384,177,217.492753623188
13,385,-12,-18.75
13,386,-149,-117.764705882353
13,387,-47,-48.5281690140845
13,388,-59,-48.5281690140845
13,389,-42,-48.5281690140845
13,390,-47,-21.3649851632047
13,391,-23,-48.5281690140845
13,392,-2,-21.3649851632047
13,393,-2,17.5294117647059
13,394,-3,1.57823129251701
13,395,2,1.57823129251701
13,396,22,1.57823129251701
13,397,77,92.2954545454545
13,398,173,159.467811158798
13,399,226,-18.75
13,400,-268,-232.21768707483
13,401,-104,-152.895061728395
13,402,1,-37.9
13,403,8,1.57823129251701
13,404,26,1.57823129251701
13,405,-28,-16.7285714285714
13,406,30,-21.3649851632047
13,407,84,105.81914893617
13,408,196,217.492753623188
13,409,11,-115.30303030303
13,410,-170,-117.764705882353
13,411,-100,-48.5281690140845
13,412,-39,-48.5281690140845
13,413,-42,-21.3649851632047
13,414,-52,-21.3649851632047
13,415,-39,-48.5281690140845
13,416,-10,-21.3649851632047
13,417,-1,17.5294117647059
13,418,-1,1.57823129251701
13,419,0,1.57823129251701
13,420,15,1.57823129251701
13,421,90,92.2954545454545
13,422,236,186.027972027972
13,423,222,159.467811158798
13,424,-302,-232.21768707483
13,425,-117,-152.895061728395
13,426,14,-37.9
13,427,54,26.7545454545455
13,428,-10,-23.7586206896552
13,429,-30,1.57823129251701
13,430,34,-21.3649851632047
13,431,79,105.81914893617
13,432,324,217.492753623188
13,433,-68,-115.30303030303
13,434,-183,-152.895061728395
13,435,-101,-121.4
13,436,-72,-48.5281690140845
13,437,-29,-48.5281690140845
13,438,-97,-21.3649851632047
13,439,-16,-48.5281690140845
13,440,-25,-21.3649851632047
13,441,-10,-21.3649851632047
13,442,-8,1.57823129251701
13,443,-1,1.57823129251701
13,444,27,1.57823129251701
13,445,80,92.2954545454545
13,446,225,159.467811158798
13,447,251,159.467811158798
13,448,-284,-232.21768707483
13,449,-163,-152.895061728395
13,450,66,-37.9
13,451,47,-23.7586206896552
13,452,-18,-23.7586206896552
13,453,-30,-21.3649851632047
13,454,-18,-21.3649851632047
13,455,157,98.2916666666667
13,456,255,217.492753623188
13,457,-7,-80.2631578947368
13,458,-174,-152.895061728395
13,459,-114,-121.4
13,460,-69,-48.5281690140845
13,461,-80,-48.5281690140845
13,462,-59,-48.5281690140845
13,463,-40,-48.5281690140845
13,464,-28,-21.3649851632047
13,465,-15,-21.3649851632047
13,466,-4,-21.3649851632047
13,467,-6,1.57823129251701
13,468,28,1.57823129251701
13,469,56,92.2954545454545
13,470,183,186.027972027972
13,471,233,159.467811158798
13,472,-217,-232.21768707483
13,473,-125,-152.895061728395
13,474,28,-37.9
13,475,14,26.7545454545455
13,476,23,-16.7285714285714
13,477,-46,-16.7285714285714
13,478,60,-21.3649851632047
13,479,105,115.296296296296
13,480,223,217.492753623188
13,481,-96,-115.30303030303
13,482,-226,-152.895061728395
13,483,-85,-121.4
13,484,-18,20.4117647058824
13,485,-34,-21.3649851632047
13,486,-21,-21.3649851632047
13,487,-9,-21.3649851632047
13,488,-26,1.57823129251701
13,489,-9,98.2916666666667
13,490,-26,1.57823129251701
13,491,-12,-21.3649851632047
13,492,6,1.57823129251701
13,493,2,1.57823129251701
13,494,28,1.57823129251701
13,495,71,52.0434782608696
13,496,37,114.833333333333
13,497,75,52.0434782608696
13,498,51,9.04166666666667
13,499,55,-5.7
13,500,28,-23.7586206896552
13,501,22,26.7545454545455
13,502,27,-16.7285714285714
13,503,-16,-16.7285714285714
13,504,-36,-21.3649851632047
13,505,-57,-21.3649851632047
13,506,-113,-48.5281690140845
13,507,-63,-48.5281690140845
13,508,-11,-48.5281690140845
13,509,-10,1.57823129251701
13,510,-17,1.57823129251701
13,511,-14,-21.3649851632047
13,512,-8,1.57823129251701
13,513,5,1.57823129251701
13,514,-44,1.57823129251701
13,515,-15,-21.3649851632047
13,516,3,-21.3649851632047
13,517,7,1.57823129251701
13,518,55,1.57823129251701
13,519,18,89.2727272727273
13,520,128,52.0434782608696
13,521,81,115.296296296296
13,522,111,-97.4117647058823
13,523,54,-5.7
13,524,37,-17.4666666666667
13,525,-14,-16.7285714285714
13,526,22,1.57823129251701
13,527,-11,-16.7285714285714
13,528,-109,1.57823129251701
13,529,-131,-48.5281690140845
13,530,-87,-48.5281690140845
13,531,-24,-48.5281690140845
13,532,-53,-21.3649851632047
13,533,-42,-48.5281690140845
13,534,-28,-21.3649851632047
13,535,-14,-21.3649851632047
13,536,-1,1.57823129251701
13,537,-7,1.57823129251701
13,538,1,1.57823129251701
13,539,13,1.57823129251701
13,540,72,92.2954545454545
13,541,180,159.467811158798
13,542,296,159.467811158798
13,543,-283,-232.21768707483
13,544,-144,-152.895061728395
13,545,13,-37.9
13,546,71,26.7545454545455
13,547,29,-23.7586206896552
13,548,-29,-16.7285714285714
13,549,12,-21.3649851632047
13,550,99,105.81914893617
13,551,312,217.492753623188
13,552,68,-18.75
13,553,-266,-152.895061728395
13,554,-160,-121.4
13,555,-81,20.4117647058824
13,556,-72,-48.5281690140845
13,557,-70,-48.5281690140845
13,558,-37,-48.5281690140845
13,559,-10,-21.3649851632047
13,560,-15,17.5294117647059
13,561,1,-21.3649851632047
13,562,-1,1.57823129251701
13,563,23,1.57823129251701
13,564,89,92.2954545454545
13,565,195,186.027972027972
13,566,285,159.467811158798
13,567,-251,-232.21768707483
13,568,-199,-152.895061728395
13,569,76,-37.9
13,570,25,-23.7586206896552
13,571,-11,-16.7285714285714
13,572,-21,1.57823129251701
13,573,52,-21.3649851632047
13,574,101,115.296296296296
13,575,311,217.492753623188
13,576,58,-115.30303030303
13,577,-255,-152.895061728395
13,578,-128,-121.4
13,579,-107,20.4117647058824
13,580,-74,-48.5281690140845
13,581,-83,-48.5281690140845
13,582,-48,-48.5281690140845
13,583,-12,-48.5281690140845
13,584,-25,17.5294117647059
13,585,2,-21.3649851632047
13,586,1,1.57823129251701
13,587,22,1.57823129251701
13,588,94,92.2954545454545
13,589,247,186.027972027972
13,590,294,159.467811158798
13,591,-311,-232.21768707483
13,592,-163,-152.895061728395
13,593,32,-37.9
13,594,47,26.7545454545455
13,595,-13,-23.7586206896552
13,596,-30,1.57823129251701
13,597,59,-21.3649851632047
13,598,73,115.296296296296
13,599,426,217.492753623188
13,600,-33,-115.30303030303
13,601,-277,-152.895061728395
13,602,-142,-121.4
13,603,-42,20.4117647058824
13,604,-86,-21.3649851632047
13,605,-111,-48.5281690140845
13,606,-31,-48.5281690140845
13,607,-37,-21.3649851632047
13,608,-4,98.2916666666667
13,609,-12,1.57823129251701
13,610,7,1.57823129251701
13,611,12,1.57823129251701
13,612,91,92.2954545454545
13,613,264,159.467811158798
13,614,242,115.296296296296
13,615,-308,-232.21768707483
13,616,-151,-152.895061728395
13,617,47,-37.9
13,618,54,-23.7586206896552
13,619,8,-23.7586206896552
13,620,-15,1.57823129251701
13,621,29,-21.3649851632047
13,622,139,105.81914893617
13,623,287,217.492753623188
13,624,33,-80.2631578947368
13,625,-321,-152.895061728395
13,626,-95,-121.4
13,627,-87,20.4117647058824
13,628,-74,-48.5281690140845
13,629,-72,-48.5281690140845
13,630,-40,-48.5281690140845
13,631,-31,-21.3649851632047
13,632,-22,98.2916666666667
13,633,-1,-21.3649851632047
13,634,0,1.57823129251701
13,635,29,1.57823129251701
13,636,67,92.2954545454545
13,637,179,186.027972027972
13,638,284,159.467811158798
13,639,-250,-232.21768707483
13,640,-132,-152.895061728395
13,641,27,-37.9
13,642,87,26.7545454545455
13,643,-34,-23.7586206896552
13,644,-58,-21.3649851632047
13,645,-95,-48.5281690140845
13,646,22,98.2916666666667
13,647,129,17.5294117647059
13,648,150,94.7857142857143
13,649,-112,-80.2631578947368
13,650,-61,-117.764705882353
13,651,-83,-48.5281690140845
13,652,-4,-48.5281690140845
13,653,-22,1.57823129251701
13,654,-26,-21.3649851632047
13,655,-31,-21.3649851632047
13,656,-27,-21.3649851632047
13,657,-16,-21.3649851632047
13,658,-24,-21.3649851632047
13,659,6,-21.3649851632047
13,660,22,1.57823129251701
13,661,56,52.0434782608696
13,662,132,159.467811158798
13,663,103,114.833333333333
13,664,122,-232.21768707483
13,665,142,9.04166666666667
13,666,66,-232.21768707483
13,667,35,-117.764705882353
13,668,4,-16.7285714285714
13,669,-11,1.57823129251701
13,670,6,1.57823129251701
13,671,-37,105.81914893617
13,672,-88,-21.3649851632047
13,673,-143,-48.5281690140845
13,674,-146,-48.5281690140845
13,675,-48,-48.5281690140845
13,676,-12,-48.5281690140845
13,677,-26,1.57823129251701
13,678,-78,-21.3649851632047
13,679,6,-48.5281690140845
13,680,-57,1.57823129251701
13,681,-38,-48.5281690140845
13,682,-4,-21.3649851632047
13,683,-8,1.57823129251701
13,684,5,1.57823129251701
13,685,31,1.57823129251701
13,686,54,92.2954545454545
13,687,82,186.027972027972
13,688,173,115.296296296296
13,689,17,51.7
13,690,135,-117.764705882353
13,691,41,-115.30303030303
13,692,-23,-17.4666666666667
13,693,33,-21.3649851632047
13,694,-13,-16.7285714285714
13,695,0,1.57823129251701
13,696,-82,1.57823129251701
13,697,-107,-48.5281690140845
13,698,-154,-48.5281690140845
13,699,-25,-48.5281690140845
13,700,-73,-21.3649851632047
13,701,-54,-48.5281690140845
13,702,-23,-48.5281690140845
13,703,-8,-21.3649851632047
13,704,-7,1.57823129251701
13,705,-6,1.57823129251701
13,706,1,1.57823129251701
13,707,28,1.57823129251701
13,708,89,92.2954545454545
13,709,234,159.467811158798
13,710,225,159.467811158798
13,711,-248,-232.21768707483
13,712,-147,-152.895061728395
13,713,17,-37.9
13,714,81,26.7545454545455
13,715,-19,-23.7586206896552
13,716,-3,-21.3649851632047
13,717,26,1.57823129251701
13,718,99,105.81914893617
13,719,336,217.492753623188
13,720,80,-115.30303030303
13,721,-252,-152.895061728395
13,722,-219,-121.4
13,723,-107,20.4117647058824
13,724,-75,20.4117647058824
13,725,-94,-48.5281690140845
13,726,-25,-48.5281690140845
13,727,-14,-21.3649851632047
13,728,-5,17.5294117647059
13,729,-7,1.57823129251701
13,730,3,1.57823129251701
13,731,14,1.57823129251701
13,732,80,92.2954545454545
13,733,70,159.467811158798
13,734,346,159.467811158798
13,735,-191,-115.30303030303
13,736,-162,-152.895061728395
13,737,67,-37.9
13,738,31,-23.7586206896552
13,739,23,-16.7285714285714
13,740,-36,-16.7285714285714
13,741,-4,-21.3649851632047
13,742,187,1.57823129251701
13,743,319,217.492753623188
13,744,51,-80.2631578947368
13,745,-246,-152.895061728395
13,746,-178,-121.4
13,747,-100,20.4117647058824
13,748,-89,-48.5281690140845
13,749,-98,-48.5281690140845
13,750,-57,-48.5281690140845
13,751,-7,-48.5281690140845
13,752,-16,17.5294117647059
13,753,-2,-21.3649851632047
13,754,-4,1.57823129251701
13,755,35,1.57823129251701
13,756,110,92.2954545454545
13,757,223,186.027972027972
13,758,163,159.467811158798
13,759,-242,-232.21768707483
13,760,-139,-117.764705882353
13,761,38,20.4117647058824
13,762,37,-16.7285714285714
13,763,74,-16.7285714285714
13,764,-78,-23.7586206896552
13,765,18,-48.5281690140845
13,766,135,105.81914893617
13,767,351,217.492753623188
13,768,50,-80.2631578947368
13,769,-197,-152.895061728395
13,770,-208,-121.4
13,771,-123,-48.5281690140845
13,772,-54,-48.5281690140845
13,773,-72,-48.5281690140845
13,774,-84,-48.5281690140845
13,775,-11,-48.5281690140845
13,776,-24,17.5294117647059
13,777,1,98.2916666666667
13,778,-1,1.57823129251701
13,779,28,1.57823129251701
13,780,102,92.2954545454545
13,781,225,186.027972027972
13,782,288,159.467811158798
13,783,-331,-232.21768707483
13,784,-176,-152.895061728395
13,785,77,-37.9
13,786,53,-23.7586206896552
13,787,26,-23.7586206896552
13,788,-41,-16.7285714285714
13,789,47,-21.3649851632047
13,790,121,115.296296296296
13,791,385,217.492753623188
13,792,-9,-175.6
13,793,-215,-152.895061728395
13,794,-162,-121.4
13,795,-50,20.4117647058824
13,796,-154,-48.5281690140845
13,797,-69,-48.5281690140845
13,798,-56,-48.5281690140845
13,799,-45,-48.5281690140845
13,800,-18,98.2916666666667
13,801,-22,-21.3649851632047
13,802,-7,-21.3649851632047
13,803,31,1.57823129251701
13,804,82,92.2954545454545
13,805,230,186.027972027972
13,806,316,186.027972027972
13,807,-282,-232.21768707483
13,808,-105,-152.895061728395
13,809,43,-37.9
13,810,153,26.7545454545455
13,811,-43,-18.75
13,812,4,-117.764705882353
13,813,40,1.57823129251701
13,814,117,105.81914893617
13,815,368,217.492753623188
13,816,-127,-175.6
13,817,-144,-152.895061728395
13,818,-241,-37.9
13,819,-161,-48.5281690140845
13,820,-13,20.4117647058824
13,821,-95,1.57823129251701
13,822,-20,-48.5281690140845
13,823,-28,-21.3649851632047
13,824,-59,-21.3649851632047
13,825,-37,98.2916666666667
13,826,-25,-21.3649851632047
13,827,-3,-21.3649851632047
13,828,24,1.57823129251701
13,829,42,92.2954545454545
13,830,84,52.0434782608696
13,831,95,186.027972027972
13,832,96,115.296296296296
13,833,-72,28.6923076923077
13,834,-90,-48.5281690140845
13,835,13,-48.5281690140845
13,836,27,-16.7285714285714
13,837,67,-16.7285714285714
13,838,-113,-23.7586206896552
13,839,-62,-48.5281690140845
13,840,22,-48.5281690140845
13,841,-4,92.2954545454545
13,842,-22,1.57823129251701
13,843,-7,-21.3649851632047
13,844,-21,1.57823129251701
13,845,22,-21.3649851632047
13,846,-25,92.2954545454545
13,847,9,-21.3649851632047
13,848,-54,1.57823129251701
13,849,-17,-48.5281690140845
13,850,-10,-21.3649851632047
13,851,-2,1.57823129251701
13,852,12,1.57823129251701
13,853,21,26.7545454545455
13,854,50,92.2954545454545
13,855,29,186.027972027972
13,856,132,92.2954545454545
13,857,73,28.6923076923077
13,858,37,-17.4666666666667
13,859,7,26.7545454545455
13,860,47,1.57823129251701
13,861,7,-23.7586206896552
13,862,71,1.57823129251701
13,863,-73,-23.7586206896552
13,864,72,-48.5281690140845
13,865,-116,-23.7586206896552
13,866,-116,-48.5281690140845
13,867,-110,-48.5281690140845
13,868,-38,-48.5281690140845
13,869,-46,-21.3649851632047
13,870,-32,-21.3649851632047
13,871,-5,-21.3649851632047
13,872,-8,1.57823129251701
13,873,-19,1.57823129251701
13,874,3,-21.3649851632047
13,875,32,1.57823129251701
13,876,81,92.2954545454545
13,877,253,159.467811158798
13,878,287,138.238095238095
13,879,-375,-232.21768707483
13,880,-129,-152.895061728395
13,881,25,-37.9
13,882,101,-16.7285714285714
13,883,22,-23.7586206896552
13,884,-84,-16.7285714285714
13,885,6,-48.5281690140845
13,886,82,105.81914893617
13,887,359,217.492753623188
13,888,20,-18.75
13,889,-226,-152.895061728395
13,890,-237,-121.4
13,891,-35,20.4117647058824
13,892,-93,-21.3649851632047
13,893,-45,-48.5281690140845
13,894,-38,-21.3649851632047
13,895,-5,-21.3649851632047
13,896,2,17.5294117647059
13,897,-3,1.57823129251701
13,898,-1,1.57823129251701
13,899,14,1.57823129251701
13,900,84,92.2954545454545
13,901,185,186.027972027972
13,902,295,-18.75
13,903,-314,-232.21768707483
13,904,-129,-152.895061728395
13,905,37,-37.9
13,906,45,26.7545454545455
13,907,-9,-16.7285714285714
13,908,-27,1.57823129251701
13,909,16,-21.3649851632047
13,910,105,105.81914893617
13,911,309,217.492753623188
13,912,30,-18.75
13,913,-227,-152.895061728395
13,914,-123,-121.4
13,915,-73,20.4117647058824
13,916,-87,-48.5281690140845
13,917,-70,-48.5281690140845
13,918,-34,-48.5281690140845
13,919,-22,-21.3649851632047
13,920,-5,98.2916666666667
13,921,2,1.57823129251701
13,922,-4,1.57823129251701
13,923,39,1.57823129251701
13,924,75,92.2954545454545
13,925,243,186.027972027972
13,926,300,159.467811158798
13,927,-344,-232.21768707483
13,928,-141,-152.895061728395
13,929,49,-37.9
13,930,46,-23.7586206896552
13,931,5,-23.7586206896552
13,932,-52,1.57823129251701
13,933,-22,-48.5281690140845
13,934,22,98.2916666666667
13,935,383,182.3
13,936,37,-18.75
13,937,-185,-152.895061728395
13,938,-94,-121.4
13,939,-101,-48.5281690140845
13,940,-89,-48.5281690140845
13,941,-79,-48.5281690140845
13,942,-45,-48.5281690140845
13,943,-15,-21.3649851632047
13,944,-27,-21.3649851632047
13,945,-1,-21.3649851632047
13,946,4,1.57823129251701
13,947,23,1.57823129251701
13,948,85,92.2954545454545
13,949,250,186.027972027972
13,950,287,114.833333333333
13,951,-333,-232.21768707483
13,952,-155,-152.895061728395
13,953,54,-37.9
13,954,72,-23.7586206896552
13,955,-19,-23.7586206896552
13,956,-35,-21.3649851632047
13,957,69,-21.3649851632047
13,958,81,115.296296296296
13,959,315,217.492753623188
13,960,-22,-115.30303030303
13,961,-213,-152.895061728395
13,962,-133,-121.4
13,963,-111,20.4117647058824
13,964,-72,-48.5281690140845
13,965,-58,-48.5281690140845
13,966,-35,-48.5281690140845
13,967,-32,-21.3649851632047
13,968,-20,98.2916666666667
13,969,0,-21.3649851632047
13,970,-5,1.57823129251701
13,971,24,1.57823129251701
13,972,60,92.2954545454545
13,973,203,186.027972027972
13,974,304,159.467811158798
13,975,-272,-232.21768707483
13,976,-134,-152.895061728395
13,977,14,-37.9
13,978,69,26.7545454545455
13,979,-28,-23.7586206896552
13,980,-13,-21.3649851632047
13,981,51,1.57823129251701
13,982,87,115.296296296296
13,983,239,217.492753623188
13,984,-46,-115.30303030303
13,985,-165,-152.895061728395
13,986,-186,-121.4
13,987,11,-48.5281690140845
13,988,-67,52.0434782608696
13,989,-30,-48.5281690140845
13,990,-31,-21.3649851632047
13,991,-10,-21.3649851632047
13,992,-13,17.5294117647059
13,993,-38,1.57823129251701
13,994,-23,-21.3649851632047
13,995,-3,-21.3649851632047
13,996,18,1.57823129251701
13,997,21,92.2954545454545
13,998,101,92.2954545454545
13,999,78,89.2727272727273
13,1000,90,115.296296296296
13,1001,150,28.6923076923077
13,1002,158,-115.30303030303
13,1003,17,-232.21768707483
13,1004,-87,-117.764705882353
13,1005,54,-48.5281690140845
13,1006,-70,-23.7586206896552
13,1007,8,-48.5281690140845
13,1008,-202,1.57823129251701
13,1009,-57,-48.5281690140845
13,1010,-76,-48.5281690140845
13,1011,-65,-48.5281690140845
13,1012,13,-48.5281690140845
13,1013,-44,26.7545454545455
13,1014,-45,-21.3649851632047
13,1015,-5,98.2916666666667
13,1016,19,1.57823129251701
13,1017,-56,92.2954545454545
13,1018,-13,-48.5281690140845
13,1019,6,1.57823129251701
13,1020,79,1.57823129251701
13,1021,-13,186.027972027972
13,1022,41,1.57823129251701
13,1023,150,26.7545454545455
13,1024,85,115.296296296296
13,1025,91,-117.764705882353
13,1026,-6,-5.7
13,1027,19,1.57823129251701
13,1028,97,26.7545454545455
13,1029,12,94.7857142857143
13,1030,-62,-16.7285714285714
13,1031,44,-48.5281690140845
13,1032,-123,105.81914893617
13,1033,-86,-48.5281690140845
13,1034,-114,-48.5281690140845
13,1035,-98,-48.5281690140845
13,1036,-66,-48.5281690140845
13,1037,-5,-48.5281690140845
13,1038,-46,1.57823129251701
13,1039,-12,-21.3649851632047
13,1040,0,1.57823129251701
13,1041,-1,1.57823129251701
13,1042,20,1.57823129251701
13,1043,86,92.2954545454545
13,1044,196,138.238095238095
13,1045,283,186.027972027972
13,1046,-272,-232.21768707483
13,1047,-113,-152.895061728395
13,1048,5,-37.9
13,1049,72,1.57823129251701
13,1050,0,-23.7586206896552
13,1051,-13,1.57823129251701
13,1052,56,1.57823129251701
13,1053,71,115.296296296296
13,1054,334,217.492753623188
13,1055,-111,-115.30303030303
13,1056,-124,-152.895061728395
13,1057,-165,-37.9
13,1058,-91,-48.5281690140845
13,1059,-115,-48.5281690140845
13,1060,-57,-48.5281690140845
13,1061,-33,-48.5281690140845
13,1062,-22,-21.3649851632047
13,1063,-6,-21.3649851632047
13,1064,-2,1.57823129251701
13,1065,-2,1.57823129251701
13,1066,26,1.57823129251701
13,1067,73,92.2954545454545
13,1068,241,186.027972027972
13,1069,263,159.467811158798
13,1070,-196,-232.21768707483
13,1071,-189,-152.895061728395
13,1072,39,-37.9
13,1073,73,26.7545454545455
13,1074,14,-23.7586206896552
13,1075,-34,-16.7285714285714
13,1076,5,-21.3649851632047
13,1077,169,105.81914893617
13,1078,272,217.492753623188
13,1079,43,-80.2631578947368
13,1080,-242,-152.895061728395
13,1081,-179,-121.4
13,1082,-136,20.4117647058824
13,1083,-85,-48.5281690140845
13,1084,-79,-48.5281690140845
13,1085,-38,-48.5281690140845
13,1086,-30,-21.3649851632047
13,1087,-6,98.2916666666667
13,1088,-2,1.57823129251701
13,1089,-2,1.57823129251701
13,1090,26,1.57823129251701
13,1091,99,92.2954545454545
13,1092,240,186.027972027972
13,1093,318,159.467811158798
13,1094,-321,-232.21768707483
13,1095,-196,-152.895061728395
13,1096,46,-37.9
13,1097,70,-23.7586206896552
13,1098,-32,-23.7586206896552
13,1099,7,-21.3649851632047
13,1100,10,1.57823129251701
13,1101,122,105.81914893617
13,1102,354,217.492753623188
13,1103,15,-80.2631578947368
13,1104,-265,-152.895061728395
13,1105,-122,-121.4
13,1106,-74,20.4117647058824
13,1107,-117,-48.5281690140845
13,1108,-50,-48.5281690140845
13,1109,-86,-48.5281690140845
13,1110,-32,-48.5281690140845
13,1111,5,98.2916666666667
13,1112,-13,1.57823129251701
13,1113,-4,1.57823129251701
13,1114,28,1.57823129251701
13,1115,97,92.2954545454545
13,1116,228,186.027972027972
13,1117,284,159.467811158798
13,1118,-287,-232.21768707483
13,1119,-105,-152.895061728395
13,1120,22,-37.9
13,1121,8,26.7545454545455
13,1122,15,1.57823129251701
13,1123,-4,-16.7285714285714
13,1124,-18,1.57823129251701
13,1125,133,98.2916666666667
13,1126,420,217.492753623188
13,1127,-124,-80.2631578947368
13,1128,-211,-152.895061728395
13,1129,-175,-37.9
13,1130,-78,-48.5281690140845
13,1131,-85,-48.5281690140845
13,1132,-13,-48.5281690140845
13,1133,-75,1.57823129251701
13,1134,-23,-48.5281690140845
13,1135,-27,98.2916666666667
13,1136,-3,-21.3649851632047
13,1137,-3,1.57823129251701
13,1138,18,1.57823129251701
13,1139,57,92.2954545454545
13,1140,166,186.027972027972
13,1141,262,159.467811158798
13,1142,-132,-232.21768707483
13,1143,-138,-152.895061728395
13,1144,53,-37.9
13,1145,46,-23.7586206896552
13,1146,74,-23.7586206896552
13,1147,79,-23.7586206896552
13,1148,47,51.7
13,1149,-1,115.296296296296
13,1150,119,182.3
13,1151,-171,94.7857142857143
13,1152,-72,-17.4666666666667
13,1153,-160,-48.5281690140845
13,1154,-62,-48.5281690140845
13,1155,-32,-48.5281690140845
13,1156,-45,-21.3649851632047
13,1157,-19,-21.3649851632047
13,1158,-25,-21.3649851632047
13,1159,-33,-21.3649851632047
13,1160,-8,-21.3649851632047
13,1161,-21,1.57823129251701
13,1162,-5,-21.3649851632047
13,1163,17,1.57823129251701
13,1164,35,92.2954545454545
13,1165,69,52.0434782608696
13,1166,153,186.027972027972
13,1167,87,114.833333333333
13,1168,132,-117.764705882353
13,1169,95,-5.7
13,1170,53,-232.21768707483
13,1171,-65,-23.7586206896552
13,1172,48,-48.5281690140845
13,1173,-11,-23.7586206896552
13,1174,-48,1.57823129251701
13,1175,-50,-48.5281690140845
13,1176,-104,-48.5281690140845
13,1177,-205,-48.5281690140845
13,1178,26,-48.5281690140845
13,1179,-52,92.2954545454545
13,1180,-64,-48.5281690140845
13,1181,-33,-48.5281690140845
13,1182,-21,-21.3649851632047
13,1183,-32,-21.3649851632047
13,1184,-6,98.2916666666667
13,1185,-19,1.57823129251701
13,1186,5,-21.3649851632047
13,1187,16,1.57823129251701
13,1188,9,92.2954545454545
13,1189,47,1.57823129251701
13,1190,95,114.833333333333
13,1191,120,51.7
13,1192,105,9.04166666666667
13,1193,53,-232.21768707483
13,1194,26,-23.7586206896552
13,1195,20,26.7545454545455
13,1196,-17,-16.7285714285714
13,1197,-10,-21.3649851632047
13,1198,-65,1.57823129251701
13,1199,-101,-48.5281690140845
13,1200,-34,-48.5281690140845
13,1201,-65,-21.3649851632047
13,1202,-81,-48.5281690140845
13,1203,-12,-48.5281690140845
13,1204,-67,1.57823129251701
13,1205,-14,-48.5281690140845
13,1206,-21,1.57823129251701
13,1207,-10,-21.3649851632047
13,1208,-3,1.57823129251701
13,1209,2,1.57823129251701
13,1210,27,1.57823129251701
13,1211,79,52.0434782608696
13,1212,220,159.467811158798
13,1213,286,159.467811158798
13,1214,-331,-232.21768707483
13,1215,-108,-152.895061728395
13,1216,45,-37.9
13,1217,57,26.7545454545455
13,1218,1,-23.7586206896552
13,1219,-63,1.57823129251701
13,1220,37,-48.5281690140845
13,1221,136,105.81914893617
13,1222,241,217.492753623188
13,1223,14,-80.2631578947368
13,1224,-225,-152.895061728395
13,1225,-145,-121.4
13,1226,-111,20.4117647058824
13,1227,-57,-48.5281690140845
13,1228,-41,-48.5281690140845
13,1229,-41,-21.3649851632047
13,1230,-17,-21.3649851632047
13,1231,-7,98.2916666666667
13,1232,0,1.57823129251701
13,1233,0,1.57823129251701
13,1234,22,1.57823129251701
13,1235,79,92.2954545454545
13,1236,281,186.027972027972
13,1237,308,159.467811158798
13,1238,-373,-232.21768707483
13,1239,-138,-152.895061728395
13,1240,58,-37.9
13,1241,20,-23.7586206896552
13,1242,24,-16.7285714285714
13,1243,-59,-16.7285714285714
13,1244,-21,-48.5281690140845
13,1245,159,98.2916666666667
13,1246,382,217.492753623188
13,1247,-40,-80.2631578947368
13,1248,-225,-152.895061728395
13,1249,-197,-121.4
13,1250,-76,20.4117647058824
13,1251,-79,-48.5281690140845
13,1252,-65,-48.5281690140845
13,1253,-32,-48.5281690140845
13,1254,-18,-21.3649851632047
13,1255,-10,98.2916666666667
13,1256,0,1.57823129251701
13,1257,25,1.57823129251701
13,1258,79,92.2954545454545
13,1259,215,186.027972027972
13,1260,274,159.467811158798
13,1261,-293,-232.21768707483
13,1262,-149,-152.895061728395
13,1263,27,-37.9
13,1264,2,26.7545454545455
13,1265,-19,1.57823129251701
13,1266,-28,-21.3649851632047
13,1267,67,-21.3649851632047
13,1268,105,186.027972027972
13,1269,272,217.492753623188
13,1270,6,-115.30303030303
13,1271,-201,-152.895061728395
13,1272,-149,-121.4
13,1273,-70,-48.5281690140845
13,1274,-31,-48.5281690140845
13,1275,-73,-21.3649851632047
13,1276,-38,-48.5281690140845
13,1277,-14,-21.3649851632047
13,1278,-5,17.5294117647059
13,1279,1,1.57823129251701
13,1280,-4,1.57823129251701
13,1281,20,1.57823129251701
13,1282,75,92.2954545454545
13,1283,210,186.027972027972
13,1284,318,159.467811158798
13,1285,-337,-232.21768707483
13,1286,-146,-152.895061728395
13,1287,83,-37.9
13,1288,35,-23.7586206896552
13,1289,-56,-16.7285714285714
13,1290,21,-48.5281690140845
13,1291,-13,-16.7285714285714
13,1292,142,105.81914893617
13,1293,303,217.492753623188
13,1294,-46,-80.2631578947368
13,1295,-177,-152.895061728395
13,1296,-153,-121.4
13,1297,-93,-48.5281690140845
13,1298,-29,-48.5281690140845
13,1299,-64,-21.3649851632047
13,1300,-39,-48.5281690140845
13,1301,-25,-21.3649851632047
13,1302,-19,-21.3649851632047
13,1303,0,-21.3649851632047
13,1304,-6,1.57823129251701
13,1305,16,1.57823129251701
13,1306,63,92.2954545454545
13,1307,212,186.027972027972
13,1308,267,159.467811158798
13,1309,-233,-232.21768707483
13,1310,-138,-152.895061728395
13,1311,41,-37.9
13,1312,89,26.7545454545455
13,1313,36,-23.7586206896552
13,1314,-10,-16.7285714285714
13,1315,4,1.57823129251701
13,1316,111,105.81914893617
13,1317,275,217.492753623188
13,1318,-67,-80.2631578947368
13,1319,-244,-152.895061728395
13,1320,-141,-121.4
13,1321,-97,20.4117647058824
13,1322,26,-48.5281690140845
13,1323,-17,-16.7285714285714
13,1324,-102,-21.3649851632047
13,1325,-26,-48.5281690140845
13,1326,-14,98.2916666666667
13,1327,-24,1.57823129251701
13,1328,-18,-21.3649851632047
13,1329,-7,-21.3649851632047
13,1330,14,1.57823129251701
13,1331,43,52.0434782608696
13,1332,96,92.2954545454545
13,1333,105,159.467811158798
13,1334,141,114.833333333333
13,1335,158,28.6923076923077
13,1336,114,-232.21768707483
13,1337,0,-232.21768707483
13,1338,-18,-17.4666666666667
13,1339,-2,-21.3649851632047
13,1340,-76,1.57823129251701
13,1341,-22,-48.5281690140845
13,1342,-79,-21.3649851632047
13,1343,-22,-48.5281690140845
13,1344,-138,-21.3649851632047
13,1345,-101,-48.5281690140845
13,1346,-8,-48.5281690140845
13,1347,-16,1.57823129251701
13,1348,-72,-21.3649851632047
13,1349,-18,-48.5281690140845
13,1350,-32,-21.3649851632047
13,1351,-29,-21.3649851632047
13,1352,-33,-21.3649851632047
13,1353,-2,-21.3649851632047
13,1354,6,1.57823129251701
13,1355,30,1.57823129251701
13,1356,51,92.2954545454545
13,1357,154,89.2727272727273
13,1358,170,114.833333333333
13,1359,107,-232.21768707483
13,1360,107,-232.21768707483
13,1361,46,-23.7586206896552
13,1362,-53,-23.7586206896552
13,1363,-11,-48.5281690140845
13,1364,-1,1.57823129251701
13,1365,7,1.57823129251701
13,1366,-144,17.5294117647059
13,1367,-100,-48.5281690140845
13,1368,-88,-48.5281690140845
13,1369,-62,-48.5281690140845
13,1370,-95,-48.5281690140845
13,1371,-44,-48.5281690140845
13,1372,-49,-21.3649851632047
13,1373,-13,-48.5281690140845
13,1374,-14,1.57823129251701
13,1375,-6,1.57823129251701
13,1376,-2,1.57823129251701
13,1377,32,1.57823129251701
13,1378,95,92.2954545454545
13,1379,254,186.027972027972
13,1380,210,159.467811158798
13,1381,-300,-232.21768707483
13,1382,-73,-152.895061728395
13,1383,27,-37.9
13,1384,20,-16.7285714285714
13,1385,-8,-16.7285714285714
13,1386,25,1.57823129251701
13,1387,-13,-16.7285714285714
13,1388,83,105.81914893617
13,1389,354,217.492753623188
13,1390,-36,-18.75
13,1391,-154,-152.895061728395
13,1392,-147,-121.4
13,1393,-104,-48.5281690140845
13,1394,-57,-48.5281690140845
13,1395,-93,-48.5281690140845
13,1396,-78,-48.5281690140845
13,1397,-32,-48.5281690140845
13,1398,-7,-21.3649851632047
13,1399,2,1.57823129251701
13,1400,3,1.57823129251701
13,1401,21,1.57823129251701
13,1402,114,92.2954545454545
13,1403,317,186.027972027972
13,1404,212,-80.2631578947368
13,1405,-273,-232.21768707483
13,1406,-183,-152.895061728395
13,1407,22,-37.9
13,1408,5,26.7545454545455
13,1409,-5,1.57823129251701
13,1410,18,1.57823129251701
13,1411,51,-16.7285714285714
13,1412,62,115.296296296296
13,1413,411,217.492753623188
13,1414,-6,-115.30303030303
13,1415,-238,-152.895061728395
13,1416,-135,-121.4
13,1417,-105,20.4117647058824
13,1418,-135,-48.5281690140845
13,1419,-80,-48.5281690140845
13,1420,-44,-48.5281690140845
13,1421,-24,-21.3649851632047
13,1422,-5,98.2916666666667
13,1423,-3,1.57823129251701
13,1424,1,1.57823129251701
13,1425,27,1.57823129251701
13,1426,100,92.2954545454545
13,1427,284,186.027972027972
13,1428,158,159.467811158798
13,1429,-311,-232.21768707483
13,1430,-118,-117.764705882353
13,1431,-28,20.4117647058824
13,1432,-9,-21.3649851632047
13,1433,-46,1.57823129251701
13,1434,-13,-21.3649851632047
13,1435,47,1.57823129251701
13,1436,137,186.027972027972
13,1437,253,266.164179104478
13,1438,17,-175.6
13,1439,-137,-152.895061728395
13,1440,-108,-121.4
13,1441,-71,-48.5281690140845
13,1442,-27,-48.5281690140845
13,1443,-92,-21.3649851632047
13,1444,-45,-48.5281690140845
13,1445,-12,-21.3649851632047
13,1446,-7,17.5294117647059
13,1447,-2,1.57823129251701
13,1448,0,1.57823129251701
13,1449,26,1.57823129251701
13,1450,90,92.2954545454545
13,1451,286,186.027972027972
13,1452,271,159.467811158798
13,1453,-376,-232.21768707483
13,1454,-112,-152.895061728395
13,1455,40,-37.9
13,1456,35,26.7545454545455
13,1457,-26,-16.7285714285714
13,1458,-1,-21.3649851632047
13,1459,25,1.57823129251701
13,1460,125,105.81914893617
13,1461,361,217.492753623188
13,1462,28,-80.2631578947368
13,1463,-190,-152.895061728395
13,1464,-182,-121.4
13,1465,-137,-48.5281690140845
13,1466,-19,-48.5281690140845
13,1467,-104,-21.3649851632047
13,1468,-80,-48.5281690140845
13,1469,-39,-48.5281690140845
13,1470,-4,-21.3649851632047
13,1471,-11,1.57823129251701
13,1472,-7,1.57823129251701
13,1473,22,1.57823129251701
13,1474,88,52.0434782608696
13,1475,246,186.027972027972
13,1476,341,186.027972027972
13,1477,-341,-232.21768707483
13,1478,-122,-152.895061728395
13,1479,17,-37.9
13,1480,108,26.7545454545455
13,1481,19,-23.7586206896552
13,1482,13,-16.7285714285714
13,1483,13,-16.7285714285714
13,1484,173,105.81914893617
13,1485,239,217.492753623188
13,1486,-151,-80.2631578947368
13,1487,-176,-152.895061728395
13,1488,-151,-37.9
13,1489,-54,-48.5281690140845
13,1490,-85,-48.5281690140845
13,1491,-15,-48.5281690140845
13,1492,-45,-21.3649851632047
13,1493,-54,-21.3649851632047
13,1494,-7,-48.5281690140845
13,1495,-52,1.57823129251701
13,1496,-20,-48.5281690140845
13,1497,-8,-21.3649851632047
13,1498,30,1.57823129251701
13,1499,45,52.0434782608696
13,1500,125,92.2954545454545
13,1501,130,159.467811158798
13,1502,151,-175.6
13,1503,126,-232.21768707483
13,1504,32,-232.21768707483
13,1505,9,-17.4666666666667
13,1506,-40,1.57823129251701
13,1507,19,-21.3649851632047
13,1508,11,-16.7285714285714
13,1509,-71,-16.7285714285714
13,1510,-152,-48.5281690140845
13,1511,-362,-48.5281690140845
13,1512,-15,-48.5281690140845
13,1513,63,-21.3649851632047
13,1514,8,94.7857142857143
13,1515,-19,1.57823129251701
13,1516,26,-21.3649851632047
13,1517,-44,92.2954545454545
13,1518,-17,98.2916666666667
13,1519,-16,-21.3649851632047
13,1520,-33,-21.3649851632047
13,1521,-1,-21.3649851632047
13,1522,6,1.57823129251701
13,1523,12,1.57823129251701
13,1524,27,26.7545454545455
13,1525,28,92.2954545454545
13,1526,-11,52.0434782608696
13,1527,9,1.57823129251701
13,1528,-16,1.57823129251701
13,1529,-9,-21.3649851632047
13,1530,1,1.57823129251701
13,1531,-15,1.57823129251701
13,1532,-2,-21.3649851632047
13,1533,-9,1.57823129251701
13,1534,12,1.57823129251701
13,1535,-4,26.7545454545455
13,1536,0,1.57823129251701
13,1537,-24,1.57823129251701
13,1538,2,-21.3649851632047
13,1539,4,1.57823129251701
13,1540,-11,1.57823129251701
13,1541,-4,1.57823129251701
13,1542,2,1.57823129251701
13,1543,-3,1.57823129251701
13,1544,2,1.57823129251701
13,1545,11,1.57823129251701
13,1546,31,26.7545454545455
13,1547,162,26.7545454545455
13,1548,275,-18.75
13,1549,-210,-80.2631578947368
13,1550,-172,-152.895061728395
13,1551,1,-37.9
13,1552,28,1.57823129251701
13,1553,-22,26.7545454545455
13,1554,7,-21.3649851632047
13,1555,-2,1.57823129251701
13,1556,-9,105.81914893617
13,1557,129,17.5294117647059
13,1558,147,94.7857142857143
13,1559,-81,-80.2631578947368
13,1560,-95,-117.764705882353
13,1561,-51,-48.5281690140845
13,1562,-63,-48.5281690140845
13,1563,-30,-48.5281690140845
13,1564,-46,-21.3649851632047
13,1565,-6,-21.3649851632047
13,1566,-4,17.5294117647059
13,1567,-1,17.5294117647059
13,1568,1,1.57823129251701
13,1569,19,1.57823129251701
13,1570,98,92.2954545454545
13,1571,270,186.027972027972
13,1572,221,-18.75
13,1573,-303,-232.21768707483
13,1574,-146,-152.895061728395
13,1575,22,-37.9
13,1576,40,26.7545454545455
13,1577,0,-16.7285714285714
13,1578,-8,1.57823129251701
13,1579,20,1.57823129251701
13,1580,126,105.81914893617
13,1581,329,217.492753623188
13,1582,-59,-80.2631578947368
13,1583,-150,-152.895061728395
13,1584,-197,-121.4
13,1585,-59,-48.5281690140845
13,1586,-69,-48.5281690140845
13,1587,-84,-48.5281690140845
13,1588,-37,-48.5281690140845
13,1589,-11,-21.3649851632047
13,1590,-18,17.5294117647059
13,1591,-4,98.2916666666667
13,1592,3,1.57823129251701
13,1593,18,1.57823129251701
13,1594,82,92.2954545454545
13,1595,283,186.027972027972
13,1596,265,159.467811158798
13,1597,-333,-232.21768707483
13,1598,-139,-152.895061728395
13,1599,37,-37.9
13,1600,50,26.7545454545455
13,1601,-41,-23.7586206896552
13,1602,-5,-21.3649851632047
13,1603,6,1.57823129251701
13,1604,147,105.81914893617
13,1605,356,217.492753623188
13,1606,-23,-80.2631578947368
13,1607,-166,-152.895061728395
13,1608,-163,-121.4
13,1609,-141,-48.5281690140845
13,1610,-47,-48.5281690140845
13,1611,-88,-48.5281690140845
13,1612,-61,-48.5281690140845
13,1613,-20,-48.5281690140845
13,1614,-10,-21.3649851632047
13,1615,-7,1.57823129251701
13,1616,-3,1.57823129251701
13,1617,14,1.57823129251701
13,1618,110,92.2954545454545
13,1619,98,186.027972027972
13,1620,137,159.467811158798
13,1621,-161,114.833333333333
13,1622,-62,-97.4117647058823
13,1623,12,-48.5281690140845
13,1624,53,26.7545454545455
13,1625,-7,-23.7586206896552
13,1626,-28,1.57823129251701
13,1627,35,-21.3649851632047
13,1628,114,26.7545454545455
13,1629,296,186.027972027972
13,1630,50,-80.2631578947368
13,1631,-200,-152.895061728395
13,1632,-127,-121.4
13,1633,-87,-48.5281690140845
13,1634,-67,-48.5281690140845
13,1635,-71,-48.5281690140845
13,1636,-39,-48.5281690140845
13,1637,-38,-21.3649851632047
13,1638,-13,98.2916666666667
13,1639,-19,1.57823129251701
13,1640,3,-21.3649851632047
13,1641,13,1.57823129251701
13,1642,101,92.2954545454545
13,1643,195,186.027972027972
13,1644,277,186.027972027972
13,1645,-258,-232.21768707483
13,1646,-98,-152.895061728395
13,1647,-3,-37.9
13,1648,74,1.57823129251701
13,1649,-1,-23.7586206896552
13,1650,-6,1.57823129251701
13,1651,24,1.57823129251701
13,1652,116,105.81914893617
13,1653,262,217.492753623188
13,1654,-48,-80.2631578947368
13,1655,-213,-152.895061728395
13,1656,-152,-121.4
13,1657,-81,20.4117647058824
13,1658,-50,-48.5281690140845
13,1659,-42,-48.5281690140845
13,1660,-13,-21.3649851632047
13,1661,-36,1.57823129251701
13,1662,-10,98.2916666666667
13,1663,-31,1.57823129251701
13,1664,-24,-21.3649851632047
13,1665,3,-21.3649851632047
13,1666,23,1.57823129251701
13,1667,27,92.2954545454545
13,1668,103,52.0434782608696
13,1669,56,89.2727272727273
13,1670,77,28.6923076923077
13,1671,67,9.04166666666667
13,1672,23,-5.7
13,1673,8,26.7545454545455
13,1674,51,1.57823129251701
13,1675,-32,-23.7586206896552
13,1676,-32,-21.3649851632047
13,1677,-54,-21.3649851632047
13,1678,-232,-48.5281690140845
13,1679,49,-48.5281690140845
13,1680,-37,-23.7586206896552
13,1681,-18,-21.3649851632047
13,1682,-1,-21.3649851632047
13,1683,-41,1.57823129251701
13,1684,-6,-21.3649851632047
13,1685,6,1.57823129251701
13,1686,-2,1.57823129251701
13,1687,-24,1.57823129251701
13,1688,-12,-21.3649851632047
13,1689,2,1.57823129251701
13,1690,1,1.57823129251701
13,1691,20,1.57823129251701
13,1692,80,26.7545454545455
13,1693,78,138.238095238095
13,1694,195,159.467811158798
13,1695,31,9.04166666666667
13,1696,173,-117.764705882353
13,1697,11,-115.30303030303
13,1698,58,-117.764705882353
13,1699,-50,-23.7586206896552
13,1700,-16,-48.5281690140845
13,1701,-65,-21.3649851632047
13,1702,-35,-48.5281690140845
13,1703,-112,-21.3649851632047
13,1704,-132,-48.5281690140845
13,1705,-39,-48.5281690140845
13,1706,-96,-21.3649851632047
13,1707,-26,-48.5281690140845
13,1708,-34,-21.3649851632047
13,1709,-24,-21.3649851632047
13,1710,-16,-21.3649851632047
13,1711,-4,-21.3649851632047
13,1712,-2,1.57823129251701
13,1713,18,1.57823129251701
13,1714,103,92.2954545454545
13,1715,226,186.027972027972
13,1716,247,159.467811158798
13,1717,-328,-232.21768707483
13,1718,-111,-152.895061728395
13,1719,6,-37.9
13,1720,62,1.57823129251701
13,1721,22,-23.7586206896552
13,1722,-29,-16.7285714285714
13,1723,13,-21.3649851632047
13,1724,116,105.81914893617
13,1725,336,217.492753623188
13,1726,-19,-80.2631578947368
13,1727,-193,-152.895061728395
13,1728,-162,-121.4
13,1729,-88,-48.5281690140845
13,1730,-87,-48.5281690140845
13,1731,-74,-48.5281690140845
13,1732,-25,-48.5281690140845
13,1733,-14,-21.3649851632047
13,1734,-13,17.5294117647059
13,1735,-5,1.57823129251701
13,1736,5,1.57823129251701
13,1737,9,1.57823129251701
13,1738,9,1.57823129251701
13,1739,143,1.57823129251701
13,1740,388,114.833333333333
13,1741,-208,-80.2631578947368
13,1742,-175,-152.895061728395
13,1743,55,-37.9
13,1744,40,-23.7586206896552
13,1745,-20,26.7545454545455
13,1746,-45,-21.3649851632047
13,1747,30,-21.3649851632047
13,1748,120,105.81914893617
13,1749,327,217.492753623188
13,1750,62,-80.2631578947368
13,1751,-256,-152.895061728395
13,1752,-152,-121.4
13,1753,-53,20.4117647058824
13,1754,-71,-48.5281690140845
13,1755,-116,-48.5281690140845
13,1756,-48,-48.5281690140845
13,1757,-32,-48.5281690140845
13,1758,1,98.2916666666667
13,1759,-10,1.57823129251701
13,1760,-2,1.57823129251701
13,1761,29,1.57823129251701
13,1762,87,92.2954545454545
13,1763,238,186.027972027972
13,1764,308,159.467811158798
13,1765,-351,-232.21768707483
13,1766,-140,-152.895061728395
13,1767,9,-37.9
13,1768,61,1.57823129251701
13,1769,-17,-23.7586206896552
13,1770,12,-21.3649851632047
13,1771,16,-16.7285714285714
13,1772,111,105.81914893617
13,1773,362,217.492753623188
13,1774,84,-80.2631578947368
13,1775,-309,-152.895061728395
13,1776,-166,-121.4
13,1777,-99,20.4117647058824
13,1778,-66,-48.5281690140845
13,1779,-75,-48.5281690140845
13,1780,-8,-48.5281690140845
13,1781,-66,1.57823129251701
13,1782,-7,98.2916666666667
13,1783,-11,1.57823129251701
13,1784,-4,1.57823129251701
13,1785,19,1.57823129251701
13,1786,115,92.2954545454545
13,1787,248,159.467811158798
13,1788,243,-80.2631578947368
13,1789,-323,-232.21768707483
13,1790,-136,-152.895061728395
13,1791,33,-37.9
13,1792,100,26.7545454545455
13,1793,-36,-23.7586206896552
13,1794,-61,-21.3649851632047
13,1795,79,-48.5281690140845
13,1796,87,115.296296296296
13,1797,334,217.492753623188
13,1798,2,-115.30303030303
13,1799,-184,-152.895061728395
13,1800,-102,-121.4
13,1801,-121,-48.5281690140845
13,1802,-53,-48.5281690140845
13,1803,-125,-48.5281690140845
13,1804,-32,-48.5281690140845
13,1805,-41,-21.3649851632047
13,1806,-37,-21.3649851632047
13,1807,3,-21.3649851632047
13,1808,-10,1.57823129251701
13,1809,20,1.57823129251701
13,1810,111,92.2954545454545
13,1811,221,89.2727272727273
13,1812,262,-80.2631578947368
13,1813,-324,-232.21768707483
13,1814,-95,-152.895061728395
13,1815,59,-37.9
13,1816,-87,94.7857142857143
13,1817,107,-48.5281690140845
13,1818,-36,-23.7586206896552
13,1819,101,-21.3649851632047
13,1820,97,186.027972027972
13,1821,203,217.492753623188
13,1822,-2,138.238095238095
13,1823,-189,-152.895061728395
13,1824,-139,-48.5281690140845
13,1825,-78,-48.5281690140845
13,1826,-3,-48.5281690140845
13,1827,24,1.57823129251701
13,1828,-103,-16.7285714285714
13,1829,-46,-48.5281690140845
13,1830,-32,-21.3649851632047
13,1831,-43,-21.3649851632047
13,1832,-23,-21.3649851632047
13,1833,13,-21.3649851632047
13,1834,20,26.7545454545455
13,1835,45,26.7545454545455
13,1836,110,92.2954545454545
13,1837,87,114.833333333333
13,1838,148,115.296296296296
13,1839,143,9.04166666666667
13,1840,-25,-232.21768707483
13,1841,-26,-117.764705882353
13,1842,-96,-21.3649851632047
13,1843,113,-48.5281690140845
13,1844,-1,-23.7586206896552
13,1845,-38,-17.4666666666667
13,1846,-68,-21.3649851632047
13,1847,-29,-48.5281690140845
13,1848,-96,-21.3649851632047
13,1849,-40,-48.5281690140845
13,1850,-52,-21.3649851632047
13,1851,-68,-48.5281690140845
13,1852,-15,-48.5281690140845
13,1853,-13,-21.3649851632047
13,1854,-28,1.57823129251701
13,1855,-65,-21.3649851632047
13,1856,-12,-48.5281690140845
13,1857,-5,1.57823129251701
13,1858,6,1.57823129251701
13,1859,19,1.57823129251701
13,1860,78,52.0434782608696
13,1861,77,159.467811158798
13,1862,142,115.296296296296
13,1863,81,28.6923076923077
13,1864,144,-117.764705882353
13,1865,7,-115.30303030303
13,1866,-47,-117.764705882353
13,1867,53,-48.5281690140845
13,1868,-27,-23.7586206896552
13,1869,-33,-21.3649851632047
13,1870,-48,-21.3649851632047
13,1871,-80,-48.5281690140845
13,1872,-107,-48.5281690140845
13,1873,-73,-48.5281690140845
13,1874,-46,-48.5281690140845
13,1875,-55,-21.3649851632047
13,1876,-68,-48.5281690140845
13,1877,-25,-48.5281690140845
13,1878,-3,-21.3649851632047
13,1879,-1,1.57823129251701
13,1880,-3,1.57823129251701
13,1881,21,1.57823129251701
13,1882,119,92.2954545454545
13,1883,243,186.027972027972
13,1884,254,-80.2631578947368
13,1885,-289,-232.21768707483
13,1886,-160,-152.895061728395
13,1887,23,-37.9
13,1888,50,26.7545454545455
13,1889,9,-23.7586206896552
13,1890,-33,1.57823129251701
13,1891,23,-21.3649851632047
13,1892,126,105.81914893617
13,1893,381,217.492753623188
13,1894,-89,-80.2631578947368
13,1895,-134,-152.895061728395
13,1896,-223,-121.4
13,1897,-76,-48.5281690140845
13,1898,-74,20.4117647058824
13,1899,-60,-48.5281690140845
13,1900,-75,-48.5281690140845
13,1901,-29,-48.5281690140845
13,1902,7,-21.3649851632047
13,1903,-10,1.57823129251701
13,1904,-1,1.57823129251701
13,1905,15,1.57823129251701
13,1906,145,92.2954545454545
13,1907,298,186.027972027972
13,1908,178,-80.2631578947368
13,1909,-346,-232.21768707483
13,1910,-138,-117.764705882353
13,1911,60,20.4117647058824
13,1912,46,-23.7586206896552
13,1913,-44,-23.7586206896552
13,1914,-148,-21.3649851632047
13,1915,63,-48.5281690140845
13,1916,255,115.296296296296
13,1917,328,217.492753623188
13,1918,-7,-232.21768707483
13,1919,-252,-152.895061728395
13,1920,-156,-121.4
13,1921,-79,20.4117647058824
13,1922,-76,-48.5281690140845
13,1923,-84,-48.5281690140845
13,1924,-28,-48.5281690140845
13,1925,-21,-21.3649851632047
13,1926,-13,98.2916666666667
13,1927,1,1.57823129251701
13,1928,3,1.57823129251701
13,1929,23,1.57823129251701
13,1930,98,92.2954545454545
13,1931,292,159.467811158798
13,1932,204,159.467811158798
13,1933,-297,-232.21768707483
13,1934,-172,-152.895061728395
13,1935,48,20.4117647058824
13,1936,79,-23.7586206896552
13,1937,-14,-23.7586206896552
13,1938,-23,1.57823129251701
13,1939,16,-21.3649851632047
13,1940,98,105.81914893617
13,1941,348,217.492753623188
13,1942,-333,-18.75
13,1943,-274,-152.895061728395
13,1944,-47,-37.9
13,1945,-17,20.4117647058824
13,1946,33,-21.3649851632047
13,1947,-12,-16.7285714285714
13,1948,-22,1.57823129251701
13,1949,-22,98.2916666666667
13,1950,-8,98.2916666666667
13,1951,0,1.57823129251701
13,1952,-1,1.57823129251701
13,1953,22,1.57823129251701
13,1954,115,26.7545454545455
13,1955,262,159.467811158798
13,1956,229,-80.2631578947368
13,1957,-269,-232.21768707483
13,1958,-207,-152.895061728395
13,1959,102,-37.9
13,1960,16,-23.7586206896552
13,1961,46,-16.7285714285714
13,1962,-71,-23.7586206896552
13,1963,24,-48.5281690140845
13,1964,150,105.81914893617
13,1965,311,217.492753623188
13,1966,38,-80.2631578947368
13,1967,-217,-152.895061728395
13,1968,-179,-121.4
13,1969,-144,20.4117647058824
13,1970,2,-48.5281690140845
13,1971,-97,1.57823129251701
13,1972,-71,-48.5281690140845
13,1973,-18,-48.5281690140845
13,1974,-15,98.2916666666667
13,1975,-18,-21.3649851632047
13,1976,-4,-21.3649851632047
13,1977,17,1.57823129251701
13,1978,109,26.7545454545455
13,1979,216,186.027972027972
13,1980,269,159.467811158798
13,1981,-298,-232.21768707483
13,1982,-112,-152.895061728395
13,1983,81,-37.9
13,1984,57,-23.7586206896552
13,1985,15,-23.7586206896552
13,1986,-29,-16.7285714285714
13,1987,105,-21.3649851632047
13,1988,86,115.296296296296
13,1989,254,217.492753623188
13,1990,-183,-115.30303030303
13,1991,-93,-152.895061728395
13,1992,-162,-37.9
13,1993,-71,-48.5281690140845
13,1994,-36,-48.5281690140845
13,1995,-54,-21.3649851632047
13,1996,-44,-48.5281690140845
13,1997,-43,-21.3649851632047
13,1998,-37,-21.3649851632047
13,1999,-22,-21.3649851632047
13,2000,-25,-21.3649851632047
13,2001,4,-21.3649851632047
13,2002,20,1.57823129251701
13,2003,34,92.2954545454545
13,2004,111,92.2954545454545
13,2005,157,115.296296296296
13,2006,76,-80.2631578947368
13,2007,111,-117.764705882353
13,2008,37,-5.7
13,2009,100,-17.4666666666667
13,2010,-44,-23.7586206896552
13,2011,-25,-21.3649851632047
13,2012,1,-21.3649851632047
13,2013,-15,1.57823129251701
13,2014,-30,-21.3649851632047
13,2015,-107,-21.3649851632047
13,2016,-152,-48.5281690140845
13,2017,-57,-48.5281690140845
13,2018,44,-48.5281690140845
13,2019,-98,92.2954545454545
13,2020,-78,-48.5281690140845
13,2021,-4,-48.5281690140845
13,2022,-12,1.57823129251701
13,2023,-54,1.57823129251701
13,2024,-19,-48.5281690140845
13,2025,3,-21.3649851632047
13,2026,9,1.57823129251701
13,2027,39,1.57823129251701
13,2028,96,92.2954545454545
13,2029,66,159.467811158798
13,2030,128,115.296296296296
13,2031,78,9.04166666666667
13,2032,103,-17.4666666666667
13,2033,71,-23.7586206896552
13,2034,-50,-23.7586206896552
13,2035,-53,-48.5281690140845
13,2036,65,-48.5281690140845
13,2037,-86,-23.7586206896552
13,2038,-89,-48.5281690140845
13,2039,-50,-48.5281690140845
13,2040,-109,-48.5281690140845
13,2041,-61,-48.5281690140845
13,2042,-38,-48.5281690140845
13,2043,-57,-21.3649851632047
13,2044,-39,-48.5281690140845
13,2045,-24,-21.3649851632047
13,2046,-9,-21.3649851632047
13,2047,0,1.57823129251701
13,2048,4,1.57823129251701
13,2049,20,1.57823129251701
13,2050,39,92.2954545454545
13,2051,10,92.2954545454545
13,2052,81,1.57823129251701
13,2053,-46,9.04166666666667
13,2054,-51,-21.3649851632047
13,2055,20,-48.5281690140845
13,2056,106,26.7545454545455
13,2057,-9,-23.7586206896552
13,2058,-5,1.57823129251701
13,2059,25,1.57823129251701
13,2060,-85,26.7545454545455
13,2061,118,-48.5281690140845
13,2062,71,94.7857142857143
13,2063,4,-97.4117647058823
13,2064,-115,1.57823129251701
13,2065,-37,-48.5281690140845
13,2066,-23,-21.3649851632047
13,2067,-54,-21.3649851632047
13,2068,-43,-48.5281690140845
13,2069,-13,-21.3649851632047
13,2070,-15,1.57823129251701
13,2071,2,-21.3649851632047
13,2072,-1,1.57823129251701
13,2073,3,1.57823129251701
13,2074,16,1.57823129251701
13,2075,68,92.2954545454545
13,2076,317,159.467811158798
13,2077,-54,159.467811158798
13,2078,-184,-152.895061728395
13,2079,53,-121.4
13,2080,40,-23.7586206896552
13,2081,-25,26.7545454545455
13,2082,-55,-21.3649851632047
13,2083,72,-48.5281690140845
13,2084,118,115.296296296296
13,2085,304,186.027972027972
13,2086,55,-232.21768707483
13,2087,-221,-152.895061728395
13,2088,-249,-121.4
13,2089,-154,20.4117647058824
13,2090,-26,20.4117647058824
13,2091,-12,-21.3649851632047
13,2092,-32,1.57823129251701
13,2093,-18,-21.3649851632047
13,2094,-2,98.2916666666667
13,2095,-13,1.57823129251701
13,2096,-2,1.57823129251701
13,2097,34,1.57823129251701
13,2098,120,92.2954545454545
13,2099,282,159.467811158798
13,2100,210,-80.2631578947368
13,2101,-303,-232.21768707483
13,2102,-155,-152.895061728395
13,2103,75,-37.9
13,2104,63,-23.7586206896552
13,2105,20,-23.7586206896552
13,2106,-87,-16.7285714285714
13,2107,11,-48.5281690140845
13,2108,172,105.81914893617
13,2109,427,217.492753623188
13,2110,-27,-80.2631578947368
13,2111,-256,-152.895061728395
13,2112,-131,-121.4
13,2113,-66,20.4117647058824
13,2114,-107,-48.5281690140845
13,2115,-153,-48.5281690140845
13,2116,-54,-48.5281690140845
13,2117,-51,-48.5281690140845
13,2118,-12,98.2916666666667
13,2119,-13,1.57823129251701
13,2120,13,1.57823129251701
13,2121,19,92.2954545454545
13,2122,124,92.2954545454545
13,2123,315,186.027972027972
13,2124,160,-80.2631578947368
13,2125,-288,-232.21768707483
13,2126,-141,-117.764705882353
13,2127,74,20.4117647058824
13,2128,69,-23.7586206896552
13,2129,-21,-23.7586206896552
13,2130,-57,-21.3649851632047
13,2131,46,-48.5281690140845
13,2132,114,115.296296296296
13,2133,422,217.492753623188
13,2134,16,-175.6
13,2135,-331,-152.895061728395
13,2136,-91,-121.4
13,2137,-147,20.4117647058824
13,2138,-48,-48.5281690140845
13,2139,-85,-48.5281690140845
13,2140,-96,-48.5281690140845
13,2141,-21,-48.5281690140845
13,2142,-28,98.2916666666667
13,2143,-7,-21.3649851632047
13,2144,-3,1.57823129251701
13,2145,23,1.57823129251701
13,2146,148,92.2954545454545
13,2147,333,186.027972027972
13,2148,230,-80.2631578947368
13,2149,-384,-232.21768707483
13,2150,-106,-152.895061728395
13,2151,79,-37.9
13,2152,26,-23.7586206896552
13,2153,35,-16.7285714285714
13,2154,-45,-16.7285714285714
13,2155,41,-21.3649851632047
13,2156,177,105.81914893617
13,2157,244,217.492753623188
13,2158,-143,-175.6
13,2159,-186,-152.895061728395
13,2160,-146,-37.9
13,2161,-79,-48.5281690140845
13,2162,-7,-48.5281690140845
13,2163,-77,1.57823129251701
13,2164,-26,-48.5281690140845
13,2165,-44,-21.3649851632047
13,2166,-35,-21.3649851632047
13,2167,-36,-21.3649851632047
13,2168,-19,-21.3649851632047
13,2169,-2,-21.3649851632047
13,2170,38,1.57823129251701
13,2171,45,92.2954545454545
13,2172,100,92.2954545454545
13,2173,97,186.027972027972
13,2174,160,115.296296296296
13,2175,134,28.6923076923077
13,2176,56,-232.21768707483
13,2177,62,-17.4666666666667
13,2178,26,-23.7586206896552
13,2179,-58,-16.7285714285714
13,2180,-30,-48.5281690140845
13,2181,-16,-21.3649851632047
13,2182,19,-21.3649851632047
13,2183,-213,17.5294117647059
13,2184,-117,-48.5281690140845
13,2185,-56,20.4117647058824
13,2186,79,-48.5281690140845
13,2187,-99,159.467811158798
13,2188,-69,-48.5281690140845
13,2189,-40,-48.5281690140845
13,2190,-32,98.2916666666667
13,2191,-32,-21.3649851632047
13,2192,-50,-21.3649851632047
13,2193,-8,-48.5281690140845
13,2194,17,1.57823129251701
13,2195,65,92.2954545454545
13,2196,81,186.027972027972
13,2197,142,89.2727272727273
13,2198,119,114.833333333333
13,2199,149,-232.21768707483
13,2200,56,-232.21768707483
13,2201,-30,-117.764705882353
13,2202,-64,-21.3649851632047
13,2203,-41,-48.5281690140845
13,2204,75,-21.3649851632047
13,2205,-28,-23.7586206896552
13,2206,-75,-21.3649851632047
13,2207,-72,-48.5281690140845
13,2208,-128,-48.5281690140845
13,2209,-41,-48.5281690140845
13,2210,-88,-21.3649851632047
13,2211,-59,-48.5281690140845
13,2212,-46,-48.5281690140845
13,2213,-25,-21.3649851632047
13,2214,-4,-21.3649851632047
13,2215,-9,1.57823129251701
13,2216,5,1.57823129251701
13,2217,8,1.57823129251701
13,2218,64,1.57823129251701
13,2219,74,186.027972027972
13,2220,117,114.833333333333
13,2221,-84,51.7
13,2222,-87,-97.4117647058823
13,2223,7,-48.5281690140845
13,2224,64,1.57823129251701
13,2225,14,-23.7586206896552
13,2226,-4,-16.7285714285714
13,2227,45,1.57823129251701
13,2228,90,26.7545454545455
13,2229,193,188.789473684211
13,2230,22,-115.30303030303
13,2231,-82,-117.764705882353
13,2232,-112,-48.5281690140845
13,2233,-95,-48.5281690140845
13,2234,-99,-48.5281690140845
13,2235,-45,-48.5281690140845
13,2236,-61,-21.3649851632047
13,2237,-9,-48.5281690140845
13,2238,-16,17.5294117647059
13,2239,-6,-21.3649851632047
13,2240,2,1.57823129251701
13,2241,10,1.57823129251701
13,2242,120,1.57823129251701
13,2243,187,186.027972027972
13,2244,266,-80.2631578947368
13,2245,-257,-232.21768707483
13,2246,-133,-152.895061728395
13,2247,-11,-37.9
13,2248,65,1.57823129251701
13,2249,-11,-23.7586206896552
13,2250,-21,1.57823129251701
13,2251,23,-21.3649851632047
13,2252,141,105.81914893617
13,2253,399,217.492753623188
13,2254,0,-80.2631578947368
13,2255,-421,-152.895061728395
13,2256,9,-121.4
13,2257,-112,1.57823129251701
13,2258,-87,-48.5281690140845
13,2259,-69,-48.5281690140845
13,2260,-58,-48.5281690140845
13,2261,-15,-48.5281690140845
13,2262,-20,98.2916666666667
13,2263,-7,-21.3649851632047
13,2264,-2,1.57823129251701
13,2265,32,1.57823129251701
13,2266,125,92.2954545454545
13,2267,308,186.027972027972
13,2268,251,-80.2631578947368
13,2269,-422,-232.21768707483
13,2270,-106,-152.895061728395
13,2271,6,-37.9
13,2272,51,1.57823129251701
13,2273,22,-23.7586206896552
13,2274,-22,-16.7285714285714
13,2275,9,-21.3649851632047
13,2276,21,105.81914893617
13,2277,7,182.3
13,2278,42,1.57823129251701
13,2279,49,-16.7285714285714
13,2280,-81,51.7
13,2281,-50,-48.5281690140845
13,2282,-86,-48.5281690140845
13,2283,-53,-48.5281690140845
13,2284,-50,-48.5281690140845
13,2285,-26,-48.5281690140845
13,2286,-14,-21.3649851632047
13,2287,-12,1.57823129251701
13,2288,1,1.57823129251701
13,2289,25,1.57823129251701
13,2290,126,92.2954545454545
13,2291,259,186.027972027972
13,2292,277,-80.2631578947368
13,2293,-391,-232.21768707483
13,2294,-116,-152.895061728395
13,2295,36,-37.9
13,2296,68,26.7545454545455
13,2297,13,-23.7586206896552
13,2298,-50,-16.7285714285714
13,2299,39,-48.5281690140845
13,2300,99,105.81914893617
13,2301,408,217.492753623188
13,2302,-46,-115.30303030303
13,2303,-260,-152.895061728395
13,2304,-94,-121.4
13,2305,-113,20.4117647058824
13,2306,-42,-48.5281690140845
13,2307,-76,-21.3649851632047
13,2308,-94,-48.5281690140845
13,2309,-31,-48.5281690140845
13,2310,-19,98.2916666666667
13,2311,-9,-21.3649851632047
13,2312,-5,1.57823129251701
13,2313,21,1.57823129251701
13,2314,83,92.2954545454545
13,2315,246,186.027972027972
13,2316,224,159.467811158798
13,2317,-243,-232.21768707483
13,2318,-108,-152.895061728395
13,2319,51,-37.9
13,2320,38,-23.7586206896552
13,2321,12,-16.7285714285714
13,2322,34,-16.7285714285714
13,2323,99,-16.7285714285714
13,2324,118,115.296296296296
13,2325,69,217.492753623188
13,2326,-131,-17.4666666666667
13,2327,-118,-48.5281690140845
13,2328,-54,-48.5281690140845
13,2329,-95,-48.5281690140845
13,2330,-43,-48.5281690140845
13,2331,-46,-21.3649851632047
13,2332,-50,-21.3649851632047
13,2333,-34,-48.5281690140845
13,2334,-18,-21.3649851632047
13,2335,-33,-21.3649851632047
13,2336,-29,-21.3649851632047
13,2337,8,-21.3649851632047
13,2338,21,1.57823129251701
13,2339,23,92.2954545454545
13,2340,87,92.2954545454545
13,2341,148,114.833333333333
13,2342,148,28.6923076923077
13,2343,83,-232.21768707483
13,2344,9,-117.764705882353
13,2345,10,1.57823129251701
13,2346,25,1.57823129251701
13,2347,-51,-16.7285714285714
13,2348,-9,-48.5281690140845
13,2349,-42,1.57823129251701
13,2350,-47,-21.3649851632047
13,2351,-42,-48.5281690140845
13,2352,-118,-21.3649851632047
13,2353,-4,-48.5281690140845
13,2354,-47,1.57823129251701
13,2355,-54,-48.5281690140845
13,2356,-13,-48.5281690140845
13,2357,-59,1.57823129251701
13,2358,-17,-48.5281690140845
13,2359,-25,-21.3649851632047
13,2360,-25,-21.3649851632047
13,2361,-4,-21.3649851632047
13,2362,15,1.57823129251701
13,2363,30,92.2954545454545
13,2364,99,52.0434782608696
13,2365,119,89.2727272727273
13,2366,154,114.833333333333
13,2367,95,-232.21768707483
13,2368,51,-232.21768707483
13,2369,-72,-23.7586206896552
13,2370,49,-48.5281690140845
13,2371,-12,-23.7586206896552
13,2372,-34,1.57823129251701
13,2373,21,-21.3649851632047
13,2374,-4,-16.7285714285714
13,2375,-76,105.81914893617
13,2376,-50,-48.5281690140845
13,2377,-249,-48.5281690140845
13,2378,-84,-48.5281690140845
13,2379,37,20.4117647058824
13,2380,-31,92.2954545454545
13,2381,-6,-21.3649851632047
13,2382,-11,1.57823129251701
13,2383,-30,1.57823129251701
13,2384,-12,98.2916666666667
13,2385,3,1.57823129251701
13,2386,11,1.57823129251701
13,2387,47,26.7545454545455
13,2388,88,138.238095238095
13,2389,108,159.467811158798
13,2390,101,114.833333333333
13,2391,112,9.04166666666667
13,2392,49,-5.7
13,2393,31,-17.4666666666667
13,2394,-91,-16.7285714285714
13,2395,-5,-48.5281690140845
13,2396,41,1.57823129251701
13,2397,-96,-16.7285714285714
13,2398,-22,-48.5281690140845
13,2399,12,-21.3649851632047
13,2400,-78,26.7545454545455
13,2401,-70,-48.5281690140845
13,2402,-90,-48.5281690140845
13,2403,-75,-48.5281690140845
13,2404,-37,-48.5281690140845
13,2405,-31,-21.3649851632047
13,2406,-6,-21.3649851632047
13,2407,-5,1.57823129251701
13,2408,2,1.57823129251701
13,2409,28,1.57823129251701
13,2410,121,92.2954545454545
13,2411,296,186.027972027972
13,2412,184,-80.2631578947368
13,2413,-377,-232.21768707483
13,2414,-74,-117.764705882353
13,2415,14,20.4117647058824
13,2416,40,26.7545454545455
13,2417,2,-16.7285714285714
13,2418,-1,1.57823129251701
13,2419,18,1.57823129251701
13,2420,137,105.81914893617
13,2421,388,217.492753623188
13,2422,-71,-80.2631578947368
13,2423,-184,-152.895061728395
13,2424,-322,-121.4
13,2425,-133,-48.5281690140845
13,2426,-16,20.4117647058824
13,2427,-5,-21.3649851632047
13,2428,-14,1.57823129251701
13,2429,-32,17.5294117647059
13,2430,1,-21.3649851632047
13,2431,0,1.57823129251701
13,2432,1,1.57823129251701
13,2433,35,1.57823129251701
13,2434,103,52.0434782608696
13,2435,339,159.467811158798
13,2436,188,159.467811158798
13,2437,-366,-232.21768707483
13,2438,-128,-117.764705882353
13,2439,31,20.4117647058824
13,2440,45,-16.7285714285714
13,2441,36,-16.7285714285714
13,2442,-37,-16.7285714285714
13,2443,23,-21.3649851632047
13,2444,123,105.81914893617
13,2445,441,217.492753623188
13,2446,-43,-80.2631578947368
13,2447,-240,-152.895061728395
13,2448,-125,-121.4
13,2449,-127,20.4117647058824
13,2450,-87,-48.5281690140845
13,2451,-57,-48.5281690140845
13,2452,-99,-48.5281690140845
13,2453,-35,-48.5281690140845
13,2454,-12,98.2916666666667
13,2455,-6,1.57823129251701
13,2456,0,1.57823129251701
13,2457,25,1.57823129251701
13,2458,145,92.2954545454545
13,2459,329,186.027972027972
13,2460,186,-80.2631578947368
13,2461,-382,-232.21768707483
13,2462,-91,-117.764705882353
13,2463,-2,20.4117647058824
13,2464,74,1.57823129251701
13,2465,1,-23.7586206896552
13,2466,-39,1.57823129251701
13,2467,36,-21.3649851632047
13,2468,197,105.81914893617
13,2469,340,217.492753623188
13,2470,-42,-80.2631578947368
13,2471,-194,-152.895061728395
13,2472,-112,-121.4
13,2473,-120,-48.5281690140845
13,2474,-95,-48.5281690140845
13,2475,-124,-48.5281690140845
13,2476,-54,-48.5281690140845
13,2477,-52,-48.5281690140845
13,2478,-18,-48.5281690140845
13,2479,-12,-21.3649851632047
13,2480,2,1.57823129251701
13,2481,39,1.57823129251701
13,2482,96,92.2954545454545
13,2483,261,186.027972027972
13,2484,292,186.027972027972
13,2485,-396,-232.21768707483
13,2486,-94,-152.895061728395
13,2487,31,-37.9
13,2488,75,-16.7285714285714
13,2489,6,-23.7586206896552
13,2490,-62,1.57823129251701
13,2491,4,-48.5281690140845
13,2492,-36,105.81914893617
13,2493,5,-21.3649851632047
13,2494,-117,1.57823129251701
13,2495,-65,-48.5281690140845
13,2496,-6,-48.5281690140845
13,2497,46,1.57823129251701
13,2498,-62,138.238095238095
13,2499,50,-48.5281690140845
13,2500,13,138.238095238095
13,2501,-10,26.7545454545455
13,2502,-35,1.57823129251701
13,2503,-15,-21.3649851632047
13,2504,-13,-21.3649851632047
13,2505,-1,1.57823129251701
13,2506,24,1.57823129251701
13,2507,50,26.7545454545455
13,2508,124,159.467811158798
13,2509,122,186.027972027972
13,2510,161,-175.6
13,2511,43,-232.21768707483
13,2512,132,-117.764705882353
13,2513,11,-23.7586206896552
13,2514,-32,-17.4666666666667
13,2515,55,-21.3649851632047
13,2516,-58,-23.7586206896552
13,2517,-58,-48.5281690140845
13,2518,-74,-48.5281690140845
13,2519,42,-48.5281690140845
13,2520,-155,26.7545454545455
13,2521,-83,-48.5281690140845
13,2522,-88,-48.5281690140845
13,2523,10,-48.5281690140845
13,2524,-69,1.57823129251701
13,2525,-48,-48.5281690140845
13,2526,-32,-48.5281690140845
13,2527,-39,-21.3649851632047
13,2528,-37,-21.3649851632047
13,2529,-1,-21.3649851632047
13,2530,10,1.57823129251701
13,2531,13,1.57823129251701
13,2532,105,92.2954545454545
13,2533,160,89.2727272727273
13,2534,104,115.296296296296
13,2535,107,-232.21768707483
13,2536,173,-5.7
13,2537,2,-115.30303030303
13,2538,-8,-117.764705882353
13,2539,-34,1.57823129251701
13,2540,18,-21.3649851632047
13,2541,-84,-16.7285714285714
13,2542,-82,-48.5281690140845
13,2543,-43,-48.5281690140845
13,2544,-139,-21.3649851632047
13,2545,-68,-48.5281690140845
13,2546,-20,-48.5281690140845
13,2547,-118,-21.3649851632047
13,2548,-59,-48.5281690140845
13,2549,-35,-48.5281690140845
13,2550,-3,-21.3649851632047
13,2551,-6,1.57823129251701
13,2552,3,1.57823129251701
13,2553,27,1.57823129251701
13,2554,104,52.0434782608696
13,2555,378,186.027972027972
13,2556,148,186.027972027972
13,2557,-383,-232.21768707483
13,2558,-95,-117.764705882353
13,2559,52,20.4117647058824
13,2560,43,-23.7586206896552
13,2561,-8,-16.7285714285714
13,2562,-4,1.57823129251701
13,2563,22,1.57823129251701
13,2564,156,105.81914893617
13,2565,386,266.164179104478
13,2566,-12,-80.2631578947368
13,2567,-177,-152.895061728395
13,2568,-184,-121.4
13,2569,-196,-48.5281690140845
13,2570,-97,-48.5281690140845
13,2571,-82,-48.5281690140845
13,2572,-52,-48.5281690140845
13,2573,-14,-48.5281690140845
13,2574,-12,17.5294117647059
13,2575,-3,1.57823129251701
13,2576,0,1.57823129251701
13,2577,31,1.57823129251701
13,2578,148,92.2954545454545
13,2579,385,186.027972027972
13,2580,141,-80.2631578947368
13,2581,-375,-232.21768707483
13,2582,-159,-117.764705882353
13,2583,51,20.4117647058824
13,2584,20,-23.7586206896552
13,2585,20,-16.7285714285714
13,2586,9,-16.7285714285714
13,2587,-4,105.81914893617
13,2588,201,105.81914893617
13,2589,377,266.164179104478
13,2590,-60,-80.2631578947368
13,2591,-277,-152.895061728395
13,2592,-98,-121.4
13,2593,-132,20.4117647058824
13,2594,-90,-48.5281690140845
13,2595,-80,-48.5281690140845
13,2596,-64,-48.5281690140845
13,2597,-22,-48.5281690140845
13,2598,-16,98.2916666666667
13,2599,-3,-21.3649851632047
13,2600,2,1.57823129251701
13,2601,28,1.57823129251701
13,2602,134,92.2954545454545
13,2603,375,186.027972027972
13,2604,121,-80.2631578947368
13,2605,-365,-232.21768707483
13,2606,-100,-97.4117647058823
13,2607,23,20.4117647058824
13,2608,89,26.7545454545455
13,2609,-12,-23.7586206896552
13,2610,-1,1.57823129251701
13,2611,-2,105.81914893617
13,2612,152,105.81914893617
13,2613,272,266.164179104478
13,2614,58,-80.2631578947368
13,2615,-244,-152.895061728395
13,2616,-130,-121.4
13,2617,-110,20.4117647058824
13,2618,-50,-48.5281690140845
13,2619,-125,-48.5281690140845
13,2620,-64,-48.5281690140845
13,2621,-37,-48.5281690140845
13,2622,-10,98.2916666666667
13,2623,-7,1.57823129251701
13,2624,1,1.57823129251701
13,2625,28,1.57823129251701
13,2626,136,92.2954545454545
13,2627,356,186.027972027972
13,2628,155,-80.2631578947368
13,2629,-344,-232.21768707483
13,2630,-127,-117.764705882353
13,2631,27,20.4117647058824
13,2632,99,26.7545454545455
13,2633,-21,-23.7586206896552
13,2634,-50,-21.3649851632047
13,2635,68,-48.5281690140845
13,2636,133,115.296296296296
13,2637,403,266.164179104478
13,2638,-56,-232.21768707483
13,2639,-211,-152.895061728395
13,2640,-124,-121.4
13,2641,-165,-48.5281690140845
13,2642,-85,-48.5281690140845
13,2643,-51,-48.5281690140845
13,2644,-100,-48.5281690140845
13,2645,-48,-48.5281690140845
13,2646,-10,98.2916666666667
13,2647,-11,1.57823129251701
13,2648,2,1.57823129251701
13,2649,19,1.57823129251701
13,2650,110,92.2954545454545
13,2651,289,186.027972027972
13,2652,272,186.027972027972
13,2653,-318,-232.21768707483
13,2654,-133,-152.895061728395
13,2655,15,-37.9
13,2656,105,26.7545454545455
13,2657,47,-23.7586206896552
13,2658,-43,-23.7586206896552
13,2659,24,-21.3649851632047
13,2660,126,105.81914893617
13,2661,270,217.492753623188
13,2662,-70,-80.2631578947368
13,2663,-168,-152.895061728395
13,2664,-147,-121.4
13,2665,-69,-48.5281690140845
13,2666,-48,-48.5281690140845
13,2667,-76,-48.5281690140845
13,2668,-9,-48.5281690140845
13,2669,-83,1.57823129251701
13,2670,-34,-48.5281690140845
13,2671,-49,-21.3649851632047
13,2672,-32,-48.5281690140845
13,2673,11,-21.3649851632047
13,2674,61,92.2954545454545
13,2675,7,89.2727272727273
13,2676,157,1.57823129251701
13,2677,96,115.296296296296
13,2678,126,-80.2631578947368
13,2679,103,9.04166666666667
13,2680,-38,-232.21768707483
13,2681,54,-21.3649851632047
13,2682,8,-23.7586206896552
13,2683,-38,1.57823129251701
13,2684,-21,-21.3649851632047
13,2685,-39,-21.3649851632047
13,2686,-44,-21.3649851632047
13,2687,-91,-21.3649851632047
13,2688,3,-48.5281690140845
13,2689,-47,1.57823129251701
13,2690,-102,-48.5281690140845
13,2691,16,-48.5281690140845
13,2692,-72,52.0434782608696
13,2693,-42,-48.5281690140845
13,2694,-43,-21.3649851632047
13,2695,-44,-21.3649851632047
13,2696,-19,-21.3649851632047
13,2697,3,-21.3649851632047
13,2698,17,1.57823129251701
13,2699,32,26.7545454545455
13,2700,119,92.2954545454545
13,2701,85,186.027972027972
13,2702,147,-97.4117647058823
13,2703,86,9.04166666666667
13,2704,3,-117.764705882353
13,2705,-10,1.57823129251701
13,2706,8,1.57823129251701
13,2707,-25,1.57823129251701
13,2708,33,-21.3649851632047
13,2709,13,-16.7285714285714
13,2710,-31,-16.7285714285714
13,2711,-115,-21.3649851632047
13,2712,-12,-48.5281690140845
13,2713,-110,1.57823129251701
13,2714,-94,-48.5281690140845
13,2715,-49,-48.5281690140845
13,2716,-69,-48.5281690140845
13,2717,-17,-48.5281690140845
13,2718,-7,-21.3649851632047
13,2719,-11,1.57823129251701
13,2720,1,1.57823129251701
13,2721,30,1.57823129251701
13,2722,107,92.2954545454545
13,2723,359,186.027972027972
13,2724,148,159.467811158798
13,2725,-335,-232.21768707483
13,2726,-169,-117.764705882353
13,2727,55,20.4117647058824
13,2728,59,-23.7586206896552
13,2729,-13,-23.7586206896552
13,2730,11,1.57823129251701
13,2731,0,-16.7285714285714
13,2732,168,105.81914893617
13,2733,373,266.164179104478
13,2734,31,-80.2631578947368
13,2735,-235,-152.895061728395
13,2736,-202,-121.4
13,2737,-144,20.4117647058824
13,2738,-86,-48.5281690140845
13,2739,-84,-48.5281690140845
13,2740,-52,-48.5281690140845
13,2741,-12,-48.5281690140845
13,2742,-10,17.5294117647059
13,2743,6,1.57823129251701
13,2744,-8,1.57823129251701
13,2745,25,1.57823129251701
13,2746,107,92.2954545454545
13,2747,167,115.296296296296
13,2748,310,159.467811158798
13,2749,-328,-232.21768707483
13,2750,-160,-152.895061728395
13,2751,-60,-37.9
13,2752,30,-48.5281690140845
13,2753,-36,-16.7285714285714
13,2754,1,-21.3649851632047
13,2755,56,1.57823129251701
13,2756,123,115.296296296296
13,2757,442,217.492753623188
13,2758,-28,-232.21768707483
13,2759,-162,-152.895061728395
13,2760,-105,-121.4
13,2761,-112,-48.5281690140845
13,2762,-67,-48.5281690140845
13,2763,-118,-48.5281690140845
13,2764,-55,-48.5281690140845
13,2765,-6,-48.5281690140845
13,2766,-24,17.5294117647059
13,2767,4,-21.3649851632047
13,2768,2,1.57823129251701
13,2769,30,1.57823129251701
13,2770,154,92.2954545454545
13,2771,311,115.296296296296
13,2772,208,-80.2631578947368
13,2773,-361,-232.21768707483
13,2774,-154,-152.895061728395
13,2775,48,-37.9
13,2776,88,-23.7586206896552
13,2777,-79,-23.7586206896552
13,2778,65,-48.5281690140845
13,2779,-39,51.7
13,2780,111,98.2916666666667
13,2781,465,217.492753623188
13,2782,-113,-80.2631578947368
13,2783,-73,-152.895061728395
13,2784,-223,-37.9
13,2785,-52,-48.5281690140845
13,2786,-158,20.4117647058824
13,2787,-85,-48.5281690140845
13,2788,-105,-48.5281690140845
13,2789,-27,-48.5281690140845
13,2790,-12,-21.3649851632047
13,2791,-4,1.57823129251701
13,2792,1,1.57823129251701
13,2793,34,1.57823129251701
13,2794,141,92.2954545454545
13,2795,325,186.027972027972
13,2796,213,-80.2631578947368
13,2797,-362,-232.21768707483
13,2798,-178,-152.895061728395
13,2799,49,-37.9
13,2800,37,-23.7586206896552
13,2801,19,-16.7285714285714
13,2802,14,-16.7285714285714
13,2803,26,105.81914893617
13,2804,114,105.81914893617
13,2805,429,217.492753623188
13,2806,-44,-80.2631578947368
13,2807,-244,-152.895061728395
13,2808,-144,-121.4
13,2809,-98,20.4117647058824
13,2810,-95,-48.5281690140845
13,2811,-70,-48.5281690140845
13,2812,-78,-48.5281690140845
13,2813,-43,-48.5281690140845
13,2814,-36,98.2916666666667
13,2815,-10,-21.3649851632047
13,2816,9,1.57823129251701
13,2817,19,1.57823129251701
13,2818,118,92.2954545454545
13,2819,279,186.027972027972
13,2820,223,-80.2631578947368
13,2821,-287,-232.21768707483
13,2822,-150,-152.895061728395
13,2823,70,-37.9
13,2824,117,-23.7586206896552
13,2825,-10,-23.7586206896552
13,2826,-17,-17.4666666666667
13,2827,1,-21.3649851632047
13,2828,181,105.81914893617
13,2829,265,217.492753623188
13,2830,-130,-80.2631578947368
13,2831,-226,-152.895061728395
13,2832,-82,-37.9
13,2833,-52,20.4117647058824
13,2834,-12,-48.5281690140845
13,2835,-99,1.57823129251701
13,2836,-85,-48.5281690140845
13,2837,-42,-48.5281690140845
13,2838,-28,98.2916666666667
13,2839,-40,-21.3649851632047
13,2840,-19,-21.3649851632047
13,2841,15,-21.3649851632047
13,2842,24,52.0434782608696
13,2843,31,92.2954545454545
13,2844,126,92.2954545454545
13,2845,163,114.833333333333
13,2846,68,-80.2631578947368
13,2847,131,-117.764705882353
13,2848,37,94.7857142857143
13,2849,14,-17.4666666666667
13,2850,-44,26.7545454545455
13,2851,10,-21.3649851632047
13,2852,-41,1.57823129251701
13,2853,51,-21.3649851632047
13,2854,-22,-23.7586206896552
13,2855,-110,-21.3649851632047
13,2856,-109,-48.5281690140845
13,2857,-62,-48.5281690140845
13,2858,-10,-48.5281690140845
13,2859,-97,1.57823129251701
13,2860,-35,-48.5281690140845
13,2861,-60,-21.3649851632047
13,2862,-14,-48.5281690140845
13,2863,-46,1.57823129251701
13,2864,-10,-21.3649851632047
13,2865,-1,1.57823129251701
13,2866,6,1.57823129251701
13,2867,25,1.57823129251701
13,2868,71,92.2954545454545
13,2869,155,159.467811158798
13,2870,162,115.296296296296
13,2871,110,-232.21768707483
13,2872,69,-232.21768707483
13,2873,-1,-23.7586206896552
13,2874,-32,1.57823129251701
13,2875,-119,-21.3649851632047
13,2876,117,-48.5281690140845
13,2877,13,-23.7586206896552
13,2878,-80,-17.4666666666667
13,2879,-123,-48.5281690140845
13,2880,-88,-48.5281690140845
13,2881,-56,-48.5281690140845
13,2882,-93,-48.5281690140845
13,2883,-45,-48.5281690140845
13,2884,-68,-21.3649851632047
13,2885,-26,-48.5281690140845
13,2886,-5,-21.3649851632047
13,2887,-5,1.57823129251701
13,2888,5,1.57823129251701
13,2889,14,1.57823129251701
13,2890,14,92.2954545454545
13,2891,108,92.2954545454545
13,2892,329,114.833333333333
13,2893,-224,-18.75
13,2894,-159,-152.895061728395
13,2895,30,-37.9
13,2896,47,26.7545454545455
13,2897,57,-23.7586206896552
13,2898,-6,-23.7586206896552
13,2899,18,1.57823129251701
13,2900,95,26.7545454545455
13,2901,391,217.492753623188
13,2902,-81,-18.75
13,2903,-179,-152.895061728395
13,2904,-101,-121.4
13,2905,-89,-48.5281690140845
13,2906,-109,-48.5281690140845
13,2907,-90,-48.5281690140845
13,2908,-39,-48.5281690140845
13,2909,-21,-21.3649851632047
13,2910,1,-21.3649851632047
13,2911,-7,1.57823129251701
13,2912,2,1.57823129251701
13,2913,27,1.57823129251701
13,2914,124,92.2954545454545
13,2915,319,186.027972027972
13,2916,193,-80.2631578947368
13,2917,-345,-232.21768707483
13,2918,-148,-117.764705882353
13,2919,50,20.4117647058824
13,2920,62,-23.7586206896552
13,2921,-20,-23.7586206896552
13,2922,-45,-21.3649851632047
13,2923,32,-21.3649851632047
13,2924,75,105.81914893617
13,2925,477,217.492753623188
13,2926,-16,-115.30303030303
13,2927,-281,-152.895061728395
13,2928,-56,-121.4
13,2929,-182,20.4117647058824
13,2930,15,-48.5281690140845
13,2931,-166,-16.7285714285714
13,2932,-72,-48.5281690140845
13,2933,-26,-48.5281690140845
13,2934,-21,98.2916666666667
13,2935,2,-21.3649851632047
13,2936,-1,1.57823129251701
13,2937,32,1.57823129251701
13,2938,126,26.7545454545455
13,2939,299,186.027972027972
13,2940,179,-80.2631578947368
13,2941,-327,-232.21768707483
13,2942,-149,-117.764705882353
13,2943,21,20.4117647058824
13,2944,-8,-16.7285714285714
13,2945,31,1.57823129251701
13,2946,-21,-16.7285714285714
13,2947,-11,-21.3649851632047
13,2948,156,105.81914893617
13,2949,356,217.492753623188
13,2950,-19,-80.2631578947368
13,2951,-133,-152.895061728395
13,2952,-132,-121.4
13,2953,-63,-48.5281690140845
13,2954,-87,-48.5281690140845
13,2955,-134,-48.5281690140845
13,2956,-54,-48.5281690140845
13,2957,-51,-48.5281690140845
13,2958,0,-48.5281690140845
13,2959,-7,1.57823129251701
13,2960,1,1.57823129251701
13,2961,28,1.57823129251701
13,2962,110,92.2954545454545
13,2963,313,186.027972027972
13,2964,127,186.027972027972
13,2965,-334,-232.21768707483
13,2966,-106,-97.4117647058823
13,2967,11,20.4117647058824
13,2968,54,26.7545454545455
13,2969,-43,-23.7586206896552
13,2970,4,-21.3649851632047
13,2971,18,1.57823129251701
13,2972,126,105.81914893617
13,2973,295,266.164179104478
13,2974,25,-80.2631578947368
13,2975,-141,-152.895061728395
13,2976,-63,-121.4
13,2977,-125,-48.5281690140845
13,2978,-68,-48.5281690140845
13,2979,-97,-48.5281690140845
13,2980,-53,-48.5281690140845
13,2981,-62,-48.5281690140845
13,2982,-19,-48.5281690140845
13,2983,-5,-21.3649851632047
13,2984,3,1.57823129251701
13,2985,28,1.57823129251701
13,2986,84,92.2954545454545
13,2987,237,186.027972027972
13,2988,254,186.027972027972
13,2989,-280,-232.21768707483
13,2990,-148,-152.895061728395
13,2991,51,-37.9
13,2992,18,-23.7586206896552
13,2993,46,-16.7285714285714
13,2994,-37,-23.7586206896552
13,2995,21,-21.3649851632047
13,2996,96,105.81914893617
13,2997,266,217.492753623188
13,2998,-141,-18.75
13,2999,-143,-152.895061728395
13,3000,-160,-37.9
13,3001,15,-48.5281690140845
13,3002,-20,92.2954545454545
13,3003,-23,-21.3649851632047
13,3004,-58,-21.3649851632047
13,3005,7,-48.5281690140845
13,3006,-30,182.3
13,3007,-51,-21.3649851632047
13,3008,-23,-48.5281690140845
13,3009,-7,-21.3649851632047
13,3010,35,1.57823129251701
13,3011,31,52.0434782608696
13,3012,89,92.2954545454545
13,3013,165,89.2727272727273
13,3014,162,115.296296296296
13,3015,22,-232.21768707483
13,3016,86,-117.764705882353
13,3017,-38,94.7857142857143
13,3018,45,-21.3649851632047
13,3019,-126,-16.7285714285714
13,3020,30,-48.5281690140845
13,3021,17,-16.7285714285714
13,3022,-49,105.81914893617
13,3023,-56,-48.5281690140845
13,3024,-39,-48.5281690140845
13,3025,-64,-21.3649851632047
13,3026,-43,-48.5281690140845
13,3027,-54,-21.3649851632047
13,3028,-62,-48.5281690140845
13,3029,-36,-48.5281690140845
13,3030,-13,-21.3649851632047
13,3031,-54,1.57823129251701
13,3032,-47,-48.5281690140845
13,3033,-5,-48.5281690140845
13,3034,17,1.57823129251701
13,3035,46,92.2954545454545
13,3036,70,186.027972027972
13,3037,91,89.2727272727273
13,3038,220,115.296296296296
13,3039,54,115.296296296296
13,3040,50,-152.895061728395
13,3041,29,-23.7586206896552
13,3042,-34,-16.7285714285714
13,3043,-64,-21.3649851632047
13,3044,-26,-48.5281690140845
13,3045,71,-21.3649851632047
13,3046,2,-23.7586206896552
13,3047,-111,17.5294117647059
13,3048,-91,-48.5281690140845
13,3049,-79,-48.5281690140845
13,3050,-75,-48.5281690140845
13,3051,-91,-48.5281690140845
13,3052,-19,-48.5281690140845
13,3053,-37,-21.3649851632047
13,3054,-17,-21.3649851632047
13,3055,-9,-21.3649851632047
13,3056,-1,1.57823129251701
13,3057,39,1.57823129251701
13,3058,115,92.2954545454545
13,3059,327,159.467811158798
13,3060,123,-175.6
13,3061,-340,-232.21768707483
13,3062,-84,-97.4117647058823
13,3063,-3,20.4117647058824
13,3064,89,1.57823129251701
13,3065,-10,-23.7586206896552
13,3066,-9,1.57823129251701
13,3067,-18,1.57823129251701
13,3068,181,98.2916666666667
13,3069,419,266.164179104478
13,3070,-42,-80.2631578947368
13,3071,-209,-152.895061728395
13,3072,-107,-121.4
13,3073,-144,-48.5281690140845
13,3074,-144,-48.5281690140845
13,3075,-84,-48.5281690140845
13,3076,-66,-48.5281690140845
13,3077,-7,-48.5281690140845
13,3078,-21,17.5294117647059
13,3079,0,-21.3649851632047
13,3080,1,1.57823129251701
13,3081,29,1.57823129251701
13,3082,149,92.2954545454545
13,3083,364,186.027972027972
13,3084,104,-80.2631578947368
13,3085,-328,-232.21768707483
13,3086,-138,-121.4
13,3087,45,20.4117647058824
13,3088,73,26.7545454545455
13,3089,-2,-23.7586206896552
13,3090,-39,1.57823129251701
13,3091,50,-21.3649851632047
13,3092,99,115.296296296296
13,3093,484,266.164179104478
13,3094,-76,-115.30303030303
13,3095,-212,-152.895061728395
13,3096,-107,-121.4
13,3097,-177,20.4117647058824
13,3098,-83,-48.5281690140845
13,3099,-114,-48.5281690140845
13,3100,-77,-48.5281690140845
13,3101,-31,-48.5281690140845
13,3102,-9,98.2916666666667
13,3103,-6,1.57823129251701
13,3104,3,1.57823129251701
13,3105,25,1.57823129251701
13,3106,164,92.2954545454545
13,3107,327,186.027972027972
13,3108,160,-80.2631578947368
13,3109,-405,-232.21768707483
13,3110,-110,-117.764705882353
13,3111,37,20.4117647058824
13,3112,113,26.7545454545455
13,3113,-1,-23.7586206896552
13,3114,-51,-17.4666666666667
13,3115,-21,-48.5281690140845
13,3116,143,98.2916666666667
13,3117,451,217.492753623188
13,3118,-39,-80.2631578947368
13,3119,-161,-152.895061728395
13,3120,-198,-121.4
13,3121,-78,-48.5281690140845
13,3122,-70,-48.5281690140845
13,3123,-138,-48.5281690140845
13,3124,-105,-48.5281690140845
13,3125,-29,-48.5281690140845
13,3126,-12,-21.3649851632047
13,3127,-6,1.57823129251701
13,3128,4,1.57823129251701
13,3129,36,1.57823129251701
13,3130,146,92.2954545454545
13,3131,315,186.027972027972
13,3132,109,-80.2631578947368
13,3133,-266,-232.21768707483
13,3134,-167,-121.4
13,3135,27,20.4117647058824
13,3136,65,-16.7285714285714
13,3137,-40,-23.7586206896552
13,3138,18,-21.3649851632047
13,3139,-35,105.81914893617
13,3140,168,98.2916666666667
13,3141,318,266.164179104478
13,3142,-8,-80.2631578947368
13,3143,-126,-152.895061728395
13,3144,-101,-121.4
13,3145,-72,-48.5281690140845
13,3146,-124,-48.5281690140845
13,3147,-103,-48.5281690140845
13,3148,-57,-48.5281690140845
13,3149,-72,-48.5281690140845
13,3150,-24,-48.5281690140845
13,3151,-10,-21.3649851632047
13,3152,2,1.57823129251701
13,3153,35,1.57823129251701
13,3154,118,92.2954545454545
13,3155,217,186.027972027972
13,3156,244,-80.2631578947368
13,3157,-324,-232.21768707483
13,3158,-129,-152.895061728395
13,3159,17,-37.9
13,3160,38,-16.7285714285714
13,3161,13,-16.7285714285714
13,3162,-6,-16.7285714285714
13,3163,-3,1.57823129251701
13,3164,121,105.81914893617
13,3165,188,217.492753623188
13,3166,-75,-80.2631578947368
13,3167,-101,-117.764705882353
13,3168,-55,-48.5281690140845
13,3169,-72,-48.5281690140845
13,3170,-73,-48.5281690140845
13,3171,-115,-48.5281690140845
13,3172,21,-48.5281690140845
13,3173,-11,26.7545454545455
13,3174,3,17.5294117647059
13,3175,-38,1.57823129251701
13,3176,-5,-21.3649851632047
13,3177,-8,1.57823129251701
13,3178,32,1.57823129251701
13,3179,50,92.2954545454545
13,3180,102,89.2727272727273
13,3181,81,138.238095238095
13,3182,129,115.296296296296
13,3183,48,51.7
13,3184,19,-17.4666666666667
13,3185,-43,52.0434782608696
13,3186,-19,-21.3649851632047
13,3187,-5,-21.3649851632047
13,3188,-31,1.57823129251701
13,3189,-11,-21.3649851632047
13,3190,-23,1.57823129251701
13,3191,35,-21.3649851632047
13,3192,-82,26.7545454545455
13,3193,-79,-48.5281690140845
13,3194,-41,-48.5281690140845
13,3195,-20,-21.3649851632047
13,3196,-3,-21.3649851632047
13,3197,-56,1.57823129251701
13,3198,-3,-48.5281690140845
13,3199,-57,1.57823129251701
13,3200,-29,-48.5281690140845
13,3201,6,-21.3649851632047
13,3202,17,1.57823129251701
13,3203,23,52.0434782608696
13,3204,92,26.7545454545455
13,3205,77,51.7
13,3206,147,115.296296296296
13,3207,11,9.04166666666667
13,3208,56,-117.764705882353
13,3209,-13,-23.7586206896552
13,3210,24,1.57823129251701
13,3211,-99,-16.7285714285714
13,3212,-32,-48.5281690140845
13,3213,100,-21.3649851632047
13,3214,-43,-23.7586206896552
13,3215,12,-21.3649851632047
13,3216,-50,26.7545454545455
13,3217,-74,-48.5281690140845
13,3218,-107,-48.5281690140845
13,3219,-41,-48.5281690140845
13,3220,-67,-21.3649851632047
13,3221,-26,-48.5281690140845
13,3222,-2,-21.3649851632047
13,3223,-10,1.57823129251701
13,3224,7,1.57823129251701
13,3225,28,1.57823129251701
13,3226,96,92.2954545454545
13,3227,262,186.027972027972
13,3228,170,114.833333333333
13,3229,-273,-232.21768707483
13,3230,-121,-117.764705882353
13,3231,27,20.4117647058824
13,3232,56,26.7545454545455
13,3233,-21,-23.7586206896552
13,3234,-6,-21.3649851632047
13,3235,4,1.57823129251701
13,3236,131,105.81914893617
13,3237,382,217.492753623188
13,3238,-17,-80.2631578947368
13,3239,-149,-152.895061728395
13,3240,-186,-121.4
13,3241,-137,-48.5281690140845
13,3242,-70,-48.5281690140845
13,3243,-86,-48.5281690140845
13,3244,-49,-48.5281690140845
13,3245,-39,-48.5281690140845
13,3246,-4,-21.3649851632047
13,3247,-8,1.57823129251701
13,3248,4,1.57823129251701
13,3249,29,1.57823129251701
13,3250,119,92.2954545454545
13,3251,329,186.027972027972
13,3252,163,-80.2631578947368
13,3253,-374,-232.21768707483
13,3254,-63,-117.764705882353
13,3255,8,20.4117647058824
13,3256,55,1.57823129251701
13,3257,11,-23.7586206896552
13,3258,27,-16.7285714285714
13,3259,91,-16.7285714285714
13,3260,126,115.296296296296
13,3261,195,217.492753623188
13,3262,-95,-232.21768707483
13,3263,-130,-117.764705882353
13,3264,-121,-48.5281690140845
13,3265,-180,-48.5281690140845
13,3266,-19,-48.5281690140845
13,3267,-6,-21.3649851632047
13,3268,-12,1.57823129251701
13,3269,-36,1.57823129251701
13,3270,-30,-21.3649851632047
13,3271,-61,-21.3649851632047
13,3272,-16,-48.5281690140845
13,3273,3,-21.3649851632047
13,3274,13,1.57823129251701
13,3275,40,26.7545454545455
13,3276,81,52.0434782608696
13,3277,140,159.467811158798
13,3278,154,115.296296296296
13,3279,38,-232.21768707483
13,3280,9,-117.764705882353
13,3281,5,1.57823129251701
13,3282,48,1.57823129251701
13,3283,-93,-23.7586206896552
13,3284,-65,-48.5281690140845
13,3285,25,-48.5281690140845
13,3286,16,105.81914893617
13,3287,2,17.5294117647059
13,3288,119,1.57823129251701
13,3289,33,51.7
13,3290,-82,-97.4117647058823
13,3291,-319,-48.5281690140845
13,3292,-95,-48.5281690140845
13,3293,-58,20.4117647058824
13,3294,-12,-48.5281690140845
13,3295,-11,1.57823129251701
13,3296,0,1.57823129251701
13,3297,22,1.57823129251701
13,3298,104,92.2954545454545
13,3299,210,266.164179104478
13,3300,207,186.027972027972
13,3301,-257,-232.21768707483
13,3302,-107,-152.895061728395
13,3303,58,-37.9
13,3304,32,-23.7586206896552
13,3305,34,-16.7285714285714
13,3306,-69,-16.7285714285714
13,3307,13,-48.5281690140845
13,3308,179,105.81914893617
13,3309,256,217.492753623188
13,3310,-82,-80.2631578947368
13,3311,-104,-152.895061728395
13,3312,-182,-121.4
13,3313,2,-48.5281690140845
13,3314,-98,1.57823129251701
13,3315,-94,-48.5281690140845
13,3316,-29,-48.5281690140845
13,3317,-73,-21.3649851632047
13,3318,-12,-48.5281690140845
13,3319,-10,1.57823129251701
13,3320,-1,1.57823129251701
13,3321,29,1.57823129251701
13,3322,96,92.2954545454545
13,3323,222,159.467811158798
13,3324,232,186.027972027972
13,3325,-281,-232.21768707483
13,3326,-94,-152.895061728395
13,3327,23,-37.9
13,3328,98,26.7545454545455
13,3329,-38,-23.7586206896552
13,3330,-18,-21.3649851632047
13,3331,10,-21.3649851632047
13,3332,84,105.81914893617
13,3333,207,217.492753623188
13,3334,-16,-18.75
13,3335,-142,-152.895061728395
13,3336,-82,-121.4
13,3337,-36,-48.5281690140845
13,3338,-12,-21.3649851632047
13,3339,-124,1.57823129251701
13,3340,-14,-48.5281690140845
13,3341,-79,1.57823129251701
13,3342,-13,-48.5281690140845
13,3343,-27,1.57823129251701
13,3344,-15,-21.3649851632047
13,3345,-2,-21.3649851632047
13,3346,17,1.57823129251701
13,3347,40,92.2954545454545
13,3348,81,52.0434782608696
13,3349,104,159.467811158798
13,3350,69,114.833333333333
13,3351,42,28.6923076923077
13,3352,-25,52.0434782608696
13,3353,18,-21.3649851632047
13,3354,-52,-16.7285714285714
13,3355,-2,-48.5281690140845
13,3356,-12,1.57823129251701
13,3357,-15,1.57823129251701
13,3358,-2,-21.3649851632047
13,3359,10,1.57823129251701
13,3360,-11,1.57823129251701
13,3361,-75,1.57823129251701
13,3362,19,-48.5281690140845
13,3363,-72,26.7545454545455
13,3364,-1,-48.5281690140845
13,3365,-23,1.57823129251701
13,3366,-54,-21.3649851632047
13,3367,-35,-48.5281690140845
13,3368,-22,-21.3649851632047
13,3369,-7,-21.3649851632047
13,3370,15,1.57823129251701
13,3371,31,92.2954545454545
13,3372,78,26.7545454545455
13,3373,112,186.027972027972
13,3374,77,115.296296296296
13,3375,70,-97.4117647058823
13,3376,-13,9.04166666666667
13,3377,-39,1.57823129251701
13,3378,-25,-21.3649851632047
13,3379,-14,-21.3649851632047
13,3380,-7,1.57823129251701
13,3381,-21,1.57823129251701
13,3382,-17,-21.3649851632047
13,3383,-3,-21.3649851632047
13,3384,35,1.57823129251701
13,3385,-78,92.2954545454545
13,3386,-85,-48.5281690140845
13,3387,1,-48.5281690140845
13,3388,-84,1.57823129251701
13,3389,-21,-48.5281690140845
13,3390,-13,-21.3649851632047
13,3391,0,1.57823129251701
13,3392,-3,1.57823129251701
13,3393,26,1.57823129251701
13,3394,64,92.2954545454545
13,3395,138,186.027972027972
13,3396,225,159.467811158798
13,3397,-92,-232.21768707483
13,3398,-188,-152.895061728395
13,3399,41,-121.4
13,3400,50,26.7545454545455
13,3401,-11,-23.7586206896552
13,3402,-13,1.57823129251701
13,3403,38,1.57823129251701
13,3404,133,105.81914893617
13,3405,436,186.027972027972
13,3406,23,-80.2631578947368
13,3407,-241,-152.895061728395
13,3408,-184,-121.4
13,3409,-116,20.4117647058824
13,3410,-107,-48.5281690140845
13,3411,-93,-48.5281690140845
13,3412,-62,-48.5281690140845
13,3413,-54,-48.5281690140845
13,3414,1,98.2916666666667
13,3415,-13,1.57823129251701
13,3416,1,1.57823129251701
13,3417,38,1.57823129251701
13,3418,145,92.2954545454545
13,3419,333,186.027972027972
13,3420,129,-80.2631578947368
13,3421,-318,-232.21768707483
13,3422,-141,-97.4117647058823
13,3423,59,20.4117647058824
13,3424,23,-23.7586206896552
13,3425,8,-16.7285714285714
13,3426,-38,1.57823129251701
13,3427,23,-21.3649851632047
13,3428,170,105.81914893617
13,3429,437,266.164179104478
13,3430,-53,-80.2631578947368
13,3431,-405,-152.895061728395
13,3432,-330,-121.4
13,3433,6,20.4117647058824
13,3434,49,1.57823129251701
13,3435,-36,-23.7586206896552
13,3436,-59,-21.3649851632047
13,3437,-30,-48.5281690140845
13,3438,-9,98.2916666666667
13,3439,0,1.57823129251701
13,3440,2,1.57823129251701
13,3441,34,1.57823129251701
13,3442,144,26.7545454545455
13,3443,312,186.027972027972
13,3444,177,-80.2631578947368
13,3445,-346,-232.21768707483
13,3446,-133,-117.764705882353
13,3447,34,20.4117647058824
13,3448,63,-16.7285714285714
13,3449,-19,-23.7586206896552
13,3450,-32,-21.3649851632047
13,3451,35,-21.3649851632047
13,3452,135,105.81914893617
13,3453,419,217.492753623188
13,3454,-16,-80.2631578947368
13,3455,-181,-152.895061728395
13,3456,-150,-121.4
13,3457,-92,-48.5281690140845
13,3458,-147,-48.5281690140845
13,3459,-92,-48.5281690140845
13,3460,-96,-48.5281690140845
13,3461,-35,-48.5281690140845
13,3462,-12,-21.3649851632047
13,3463,1,1.57823129251701
13,3464,-5,1.57823129251701
13,3465,39,1.57823129251701
13,3466,134,92.2954545454545
13,3467,334,186.027972027972
13,3468,190,-175.6
13,3469,-375,-232.21768707483
13,3470,-113,-117.764705882353
13,3471,1,20.4117647058824
13,3472,77,1.57823129251701
13,3473,-15,-23.7586206896552
13,3474,-68,-21.3649851632047
13,3475,62,-48.5281690140845
13,3476,168,115.296296296296
13,3477,356,217.492753623188
13,3478,30,-232.21768707483
13,3479,-196,-152.895061728395
13,3480,-115,-121.4
13,3481,-141,-48.5281690140845
13,3482,-55,-48.5281690140845
13,3483,-107,-48.5281690140845
13,3484,-116,-48.5281690140845
13,3485,-36,-48.5281690140845
13,3486,-42,-21.3649851632047
13,3487,-8,-21.3649851632047
13,3488,2,1.57823129251701
13,3489,23,1.57823129251701
13,3490,93,92.2954545454545
13,3491,253,186.027972027972
13,3492,333,186.027972027972
13,3493,-299,-232.21768707483
13,3494,-146,-152.895061728395
13,3495,20,-37.9
13,3496,91,26.7545454545455
13,3497,-5,-23.7586206896552
13,3498,-5,1.57823129251701
13,3499,-16,1.57823129251701
13,3500,139,98.2916666666667
13,3501,343,217.492753623188
13,3502,-204,-80.2631578947368
13,3503,-143,-152.895061728395
13,3504,-99,-37.9
13,3505,-90,-48.5281690140845
13,3506,-36,-48.5281690140845
13,3507,-51,-21.3649851632047
13,3508,-21,-48.5281690140845
13,3509,-73,98.2916666666667
13,3510,-17,-48.5281690140845
13,3511,-61,-21.3649851632047
13,3512,-31,-48.5281690140845
13,3513,-4,-21.3649851632047
13,3514,30,1.57823129251701
13,3515,13,92.2954545454545
13,3516,103,52.0434782608696
13,3517,131,89.2727272727273
13,3518,119,115.296296296296
13,3519,38,-232.21768707483
13,3520,60,-17.4666666666667
13,3521,92,-23.7586206896552
13,3522,41,-23.7586206896552
13,3523,-72,-16.7285714285714
13,3524,6,-48.5281690140845
13,3525,-108,1.57823129251701
13,3526,-107,-48.5281690140845
13,3527,80,-48.5281690140845
13,3528,-75,-23.7586206896552
13,3529,-87,-48.5281690140845
13,3530,-44,-48.5281690140845
13,3531,-14,-21.3649851632047
13,3532,-24,1.57823129251701
13,3533,-19,-21.3649851632047
13,3534,-53,-21.3649851632047
13,3535,-58,-48.5281690140845
13,3536,-38,-48.5281690140845
13,3537,-10,-21.3649851632047
13,3538,6,1.57823129251701
13,3539,32,1.57823129251701
13,3540,86,92.2954545454545
13,3541,88,186.027972027972
13,3542,161,115.296296296296
13,3543,69,115.296296296296
13,3544,38,-117.764705882353
13,3545,-9,52.0434782608696
13,3546,-4,1.57823129251701
13,3547,13,1.57823129251701
13,3548,6,-16.7285714285714
13,3549,-59,1.57823129251701
13,3550,-124,-48.5281690140845
13,3551,0,-48.5281690140845
13,3552,-18,1.57823129251701
13,3553,-71,-21.3649851632047
13,3554,-93,-48.5281690140845
13,3555,-39,-48.5281690140845
13,3556,-48,-21.3649851632047
13,3557,-32,-48.5281690140845
13,3558,4,-21.3649851632047
13,3559,-9,1.57823129251701
13,3560,6,1.57823129251701
13,3561,38,1.57823129251701
13,3562,90,92.2954545454545
13,3563,343,186.027972027972
13,3564,184,9.04166666666667
13,3565,-319,-232.21768707483
13,3566,-162,-117.764705882353
13,3567,-4,20.4117647058824
13,3568,55,1.57823129251701
13,3569,2,-23.7586206896552
13,3570,-27,1.57823129251701
13,3571,25,-21.3649851632047
13,3572,149,105.81914893617
13,3573,369,217.492753623188
13,3574,39,-80.2631578947368
13,3575,-199,-152.895061728395
13,3576,-141,-121.4
13,3577,-126,-48.5281690140845
13,3578,-44,-48.5281690140845
13,3579,-118,-21.3649851632047
13,3580,-113,-48.5281690140845
13,3581,-28,-48.5281690140845
13,3582,-18,98.2916666666667
13,3583,-4,-21.3649851632047
13,3584,4,1.57823129251701
13,3585,31,1.57823129251701
13,3586,175,92.2954545454545
13,3587,313,186.027972027972
13,3588,135,-80.2631578947368
13,3589,-341,-232.21768707483
13,3590,-161,-97.4117647058823
13,3591,47,20.4117647058824
13,3592,48,-23.7586206896552
13,3593,-33,-23.7586206896552
13,3594,-7,-21.3649851632047
13,3595,30,105.81914893617
13,3596,137,105.81914893617
13,3597,389,266.164179104478
13,3598,2,-80.2631578947368
13,3599,-225,-152.895061728395
13,3600,-120,-121.4
13,3601,-94,20.4117647058824
13,3602,-89,-48.5281690140845
13,3603,-83,-48.5281690140845
13,3604,-108,-48.5281690140845
13,3605,-37,-48.5281690140845
13,3606,-8,98.2916666666667
13,3607,-4,1.57823129251701
13,3608,2,1.57823129251701
13,3609,40,1.57823129251701
13,3610,116,92.2954545454545
13,3611,333,186.027972027972
13,3612,184,-175.6
13,3613,-382,-232.21768707483
13,3614,-159,-117.764705882353
13,3615,45,20.4117647058824
13,3616,19,-16.7285714285714
13,3617,1,-16.7285714285714
13,3618,-33,1.57823129251701
13,3619,24,-21.3649851632047
13,3620,30,105.81914893617
13,3621,146,182.3
13,3622,273,-18.75
13,3623,-127,-80.2631578947368
13,3624,-150,-152.895061728395
13,3625,-47,-37.9
13,3626,-31,-48.5281690140845
13,3627,-157,-21.3649851632047
13,3628,-65,-48.5281690140845
13,3629,-41,-48.5281690140845
13,3630,-18,-21.3649851632047
13,3631,-2,-21.3649851632047
13,3632,3,1.57823129251701
13,3633,32,1.57823129251701
13,3634,112,92.2954545454545
13,3635,321,186.027972027972
13,3636,184,-80.2631578947368
13,3637,-339,-232.21768707483
13,3638,-120,-117.764705882353
13,3639,18,20.4117647058824
13,3640,58,-16.7285714285714
13,3641,-20,-23.7586206896552
13,3642,-57,-21.3649851632047
13,3643,95,-48.5281690140845
13,3644,66,115.296296296296
13,3645,413,217.492753623188
13,3646,6,-115.30303030303
13,3647,-244,-152.895061728395
13,3648,-28,-121.4
13,3649,-173,-21.3649851632047
13,3650,-264,-48.5281690140845
13,3651,-3,-48.5281690140845
13,3652,-31,1.57823129251701
13,3653,-23,-21.3649851632047
13,3654,8,98.2916666666667
13,3655,17,1.57823129251701
13,3656,-27,92.2954545454545
13,3657,33,98.2916666666667
13,3658,84,92.2954545454545
13,3659,234,114.833333333333
13,3660,331,159.467811158798
13,3661,-318,-232.21768707483
13,3662,-140,-152.895061728395
13,3663,-21,-37.9
13,3664,62,-21.3649851632047
13,3665,-118,-23.7586206896552
13,3666,73,-48.5281690140845
13,3667,-13,138.238095238095
13,3668,220,105.81914893617
13,3669,279,217.492753623188
13,3670,-93,-80.2631578947368
13,3671,-220,-152.895061728395
13,3672,-151,-121.4
13,3673,-129,20.4117647058824
13,3674,13,-48.5281690140845
13,3675,31,52.0434782608696
13,3676,-63,-16.7285714285714
13,3677,-31,-48.5281690140845
13,3678,-12,98.2916666666667
13,3679,-35,1.57823129251701
13,3680,-9,-21.3649851632047
13,3681,1,1.57823129251701
13,3682,-2,1.57823129251701
13,3683,22,1.57823129251701
13,3684,75,92.2954545454545
13,3685,95,159.467811158798
13,3686,61,186.027972027972
13,3687,37,9.04166666666667
13,3688,152,52.0434782608696
13,3689,-103,-115.30303030303
13,3690,-11,-117.764705882353
13,3691,37,1.57823129251701
13,3692,-54,-16.7285714285714
13,3693,-85,-48.5281690140845
13,3694,-64,-48.5281690140845
13,3695,61,-48.5281690140845
13,3696,-24,186.027972027972
13,3697,-51,-21.3649851632047
13,3698,17,-48.5281690140845
13,3699,-31,26.7545454545455
13,3700,-36,-21.3649851632047
13,3701,17,-21.3649851632047
13,3702,-8,92.2954545454545
13,3703,-79,1.57823129251701
13,3704,-27,-48.5281690140845
13,3705,-10,-21.3649851632047
13,3706,13,1.57823129251701
13,3707,19,92.2954545454545
13,3708,115,92.2954545454545
13,3709,105,89.2727272727273
13,3710,121,-80.2631578947368
13,3711,126,28.6923076923077
13,3712,-1,-232.21768707483
13,3713,122,-17.4666666666667
13,3714,-10,-23.7586206896552
13,3715,8,-17.4666666666667
13,3716,4,1.57823129251701
13,3717,-72,1.57823129251701
13,3718,-41,-48.5281690140845
13,3719,7,-21.3649851632047
13,3720,-144,1.57823129251701
13,3721,-33,-48.5281690140845
13,3722,-154,-21.3649851632047
13,3723,-68,-48.5281690140845
13,3724,-76,-48.5281690140845
13,3725,-20,-48.5281690140845
13,3726,-10,-21.3649851632047
13,3727,-15,1.57823129251701
13,3728,6,-21.3649851632047
13,3729,43,1.57823129251701
13,3730,106,92.2954545454545
13,3731,264,186.027972027972
13,3732,317,114.833333333333
13,3733,-393,-232.21768707483
13,3734,-145,-152.895061728395
13,3735,-2,-37.9
13,3736,116,1.57823129251701
13,3737,-74,-23.7586206896552
13,3738,31,-17.4666666666667
13,3739,10,-16.7285714285714
13,3740,176,105.81914893617
13,3741,390,217.492753623188
13,3742,-106,-80.2631578947368
13,3743,-159,-152.895061728395
13,3744,-179,-37.9
13,3745,-107,-48.5281690140845
13,3746,-87,-48.5281690140845
13,3747,-95,-48.5281690140845
13,3748,-50,-48.5281690140845
13,3749,-47,-48.5281690140845
13,3750,-1,-48.5281690140845
13,3751,-10,1.57823129251701
13,3752,0,1.57823129251701
13,3753,44,1.57823129251701
13,3754,140,92.2954545454545
13,3755,326,186.027972027972
13,3756,227,-175.6
13,3757,-404,-232.21768707483
13,3758,-121,-152.895061728395
13,3759,-17,-37.9
13,3760,28,-21.3649851632047
13,3761,44,-16.7285714285714
13,3762,-29,-16.7285714285714
13,3763,41,-21.3649851632047
13,3764,170,105.81914893617
13,3765,414,217.492753623188
13,3766,8,-175.6
13,3767,-245,-152.895061728395
13,3768,-109,-121.4
13,3769,-145,20.4117647058824
13,3770,-109,-48.5281690140845
13,3771,-77,-48.5281690140845
13,3772,-126,-48.5281690140845
13,3773,-38,-48.5281690140845
13,3774,-16,98.2916666666667
13,3775,0,-21.3649851632047
13,3776,-8,1.57823129251701
13,3777,55,1.57823129251701
13,3778,131,186.027972027972
13,3779,317,186.027972027972
13,3780,281,-232.21768707483
13,3781,-446,-232.21768707483
13,3782,-111,-152.895061728395
13,3783,50,-37.9
13,3784,29,94.7857142857143
13,3785,2,-16.7285714285714
13,3786,-65,1.57823129251701
13,3787,70,-48.5281690140845
13,3788,167,115.296296296296
13,3789,429,217.492753623188
13,3790,-22,-232.21768707483
13,3791,-193,-152.895061728395
13,3792,-131,-121.4
13,3793,-170,-48.5281690140845
13,3794,-119,-48.5281690140845
13,3795,-39,-48.5281690140845
13,3796,-147,-21.3649851632047
13,3797,-63,-48.5281690140845
13,3798,-8,-48.5281690140845
13,3799,-13,1.57823129251701
13,3800,-4,1.57823129251701
13,3801,38,1.57823129251701
13,3802,139,92.2954545454545
13,3803,314,186.027972027972
13,3804,234,-80.2631578947368
13,3805,-385,-232.21768707483
13,3806,-122,-152.895061728395
13,3807,-10,-37.9
13,3808,67,1.57823129251701
13,3809,-37,-23.7586206896552
13,3810,-29,-21.3649851632047
13,3811,25,-21.3649851632047
13,3812,136,105.81914893617
13,3813,364,217.492753623188
13,3814,-50,-80.2631578947368
13,3815,-74,-152.895061728395
13,3816,-168,-121.4
13,3817,-175,-48.5281690140845
13,3818,-37,-48.5281690140845
13,3819,-89,-21.3649851632047
13,3820,-48,-48.5281690140845
13,3821,-43,-48.5281690140845
13,3822,-28,-21.3649851632047
13,3823,-14,-21.3649851632047
13,3824,-4,1.57823129251701
13,3825,29,1.57823129251701
13,3826,102,92.2954545454545
13,3827,271,186.027972027972
13,3828,266,186.027972027972
13,3829,-313,-232.21768707483
13,3830,-132,-152.895061728395
13,3831,20,-37.9
13,3832,48,26.7545454545455
13,3833,15,-23.7586206896552
13,3834,12,-16.7285714285714
13,3835,-3,-16.7285714285714
13,3836,176,105.81914893617
13,3837,200,217.492753623188
13,3838,-77,-80.2631578947368
13,3839,-106,-152.895061728395
13,3840,-162,-48.5281690140845
13,3841,-94,-48.5281690140845
13,3842,-61,-48.5281690140845
13,3843,-10,-48.5281690140845
13,3844,2,1.57823129251701
13,3845,-111,17.5294117647059
13,3846,10,-48.5281690140845
13,3847,-47,1.57823129251701
13,3848,-32,-48.5281690140845
13,3849,3,-21.3649851632047
13,3850,36,1.57823129251701
13,3851,26,52.0434782608696
13,3852,87,26.7545454545455
13,3853,174,138.238095238095
13,3854,58,115.296296296296
13,3855,62,-117.764705882353
13,3856,30,94.7857142857143
13,3857,11,-16.7285714285714
13,3858,-4,26.7545454545455
13,3859,3,1.57823129251701
13,3860,-10,1.57823129251701
13,3861,-8,1.57823129251701
13,3862,2,105.81914893617
13,3863,-143,1.57823129251701
13,3864,-105,-48.5281690140845
13,3865,67,-48.5281690140845
13,3866,-24,138.238095238095
13,3867,-68,-21.3649851632047
13,3868,-20,-48.5281690140845
13,3869,-30,-21.3649851632047
13,3870,-46,-21.3649851632047
13,3871,-57,-21.3649851632047
13,3872,-42,-48.5281690140845
13,3873,4,-21.3649851632047
13,3874,1,1.57823129251701
13,3875,22,1.57823129251701
13,3876,87,52.0434782608696
13,3877,99,115.296296296296
13,3878,155,186.027972027972
13,3879,128,188.789473684211
13,3880,2,-232.21768707483
13,3881,-28,-17.4666666666667
13,3882,39,-21.3649851632047
13,3883,-21,-16.7285714285714
13,3884,20,-21.3649851632047
13,3885,10,-16.7285714285714
13,3886,-112,1.57823129251701
13,3887,24,-48.5281690140845
13,3888,-140,26.7545454545455
13,3889,-32,-48.5281690140845
13,3890,-123,-21.3649851632047
13,3891,-48,-48.5281690140845
13,3892,-42,-48.5281690140845
13,3893,-39,-21.3649851632047
13,3894,-11,-21.3649851632047
13,3895,-5,1.57823129251701
13,3896,2,1.57823129251701
13,3897,42,1.57823129251701
13,3898,114,92.2954545454545
13,3899,308,186.027972027972
13,3900,282,-175.6
13,3901,-458,-232.21768707483
13,3902,-104,-152.895061728395
13,3903,26,-37.9
13,3904,63,-16.7285714285714
13,3905,-52,-23.7586206896552
13,3906,28,-48.5281690140845
13,3907,-18,-16.7285714285714
13,3908,189,98.2916666666667
13,3909,402,217.492753623188
13,3910,-15,-80.2631578947368
13,3911,-147,-152.895061728395
13,3912,-203,-121.4
13,3913,-140,-48.5281690140845
13,3914,-92,-48.5281690140845
13,3915,-80,-48.5281690140845
13,3916,-112,-48.5281690140845
13,3917,-17,-48.5281690140845
13,3918,-13,-21.3649851632047
13,3919,-2,1.57823129251701
13,3920,0,1.57823129251701
13,3921,39,1.57823129251701
13,3922,149,92.2954545454545
13,3923,319,186.027972027972
13,3924,247,-175.6
13,3925,-427,-232.21768707483
13,3926,-106,-152.895061728395
13,3927,-3,-37.9
13,3928,24,1.57823129251701
13,3929,40,-16.7285714285714
13,3930,-28,-16.7285714285714
13,3931,-116,-21.3649851632047
13,3932,258,98.2916666666667
13,3933,418,217.492753623188
13,3934,37,-80.2631578947368
13,3935,-243,-152.895061728395
13,3936,-162,-121.4
13,3937,-100,20.4117647058824
13,3938,-95,-48.5281690140845
13,3939,-110,-48.5281690140845
13,3940,-100,-48.5281690140845
13,3941,-14,-48.5281690140845
13,3942,-20,17.5294117647059
13,3943,-6,-21.3649851632047
13,3944,-3,1.57823129251701
13,3945,45,1.57823129251701
13,3946,136,92.2954545454545
13,3947,302,186.027972027972
13,3948,194,-175.6
13,3949,-331,-232.21768707483
13,3950,-114,-117.764705882353
13,3951,-2,20.4117647058824
13,3952,50,1.57823129251701
13,3953,-4,-23.7586206896552
13,3954,-17,1.57823129251701
13,3955,32,-21.3649851632047
13,3956,184,105.81914893617
13,3957,358,217.492753623188
13,3958,54,-80.2631578947368
13,3959,-239,-152.895061728395
13,3960,-139,-121.4
13,3961,-193,20.4117647058824
13,3962,-32,-48.5281690140845
13,3963,-136,-21.3649851632047
13,3964,-89,-48.5281690140845
13,3965,-21,-48.5281690140845
13,3966,-31,98.2916666666667
13,3967,-5,-21.3649851632047
13,3968,3,1.57823129251701
13,3969,32,1.57823129251701
13,3970,142,92.2954545454545
13,3971,290,186.027972027972
13,3972,266,-80.2631578947368
13,3973,-396,-232.21768707483
13,3974,-162,-152.895061728395
13,3975,45,-37.9
13,3976,60,-16.7285714285714
13,3977,24,-23.7586206896552
13,3978,-85,-16.7285714285714
13,3979,45,-48.5281690140845
13,3980,136,105.81914893617
13,3981,459,217.492753623188
13,3982,-98,-175.6
13,3983,-160,-152.895061728395
13,3984,-180,-121.4
13,3985,-85,-48.5281690140845
13,3986,-80,-48.5281690140845
13,3987,-85,-48.5281690140845
13,3988,-106,-48.5281690140845
13,3989,-28,-48.5281690140845
13,3990,-29,-21.3649851632047
13,3991,-8,-21.3649851632047
13,3992,6,1.57823129251701
13,3993,25,1.57823129251701
13,3994,126,92.2954545454545
13,3995,258,186.027972027972
13,3996,247,-80.2631578947368
13,3997,-272,-232.21768707483
13,3998,-147,-152.895061728395
13,3999,14,-37.9
13,4000,75,26.7545454545455
13,4001,7,-23.7586206896552
13,4002,-14,1.57823129251701
13,4003,49,1.57823129251701
13,4004,112,115.296296296296
13,4005,249,217.492753623188
13,4006,-70,-175.6
13,4007,-202,-152.895061728395
13,4008,-80,-121.4
13,4009,-111,-48.5281690140845
13,4010,-76,-48.5281690140845
13,4011,-6,-48.5281690140845
13,4012,-35,1.57823129251701
13,4013,-39,-21.3649851632047
13,4014,-38,98.2916666666667
13,4015,-54,-21.3649851632047
13,4016,-17,-48.5281690140845
13,4017,4,-21.3649851632047
13,4018,32,1.57823129251701
13,4019,18,26.7545454545455
13,4020,114,92.2954545454545
13,4021,97,115.296296296296
13,4022,118,-80.2631578947368
13,4023,74,9.04166666666667
13,4024,77,-17.4666666666667
13,4025,-20,-23.7586206896552
13,4026,-55,-21.3649851632047
13,4027,17,-48.5281690140845
13,4028,-39,-16.7285714285714
13,4029,42,-21.3649851632047
13,4030,-2,-16.7285714285714
13,4031,-93,1.57823129251701
13,4032,-85,-48.5281690140845
13,4033,-23,-48.5281690140845
13,4034,-20,-21.3649851632047
13,4035,-47,-21.3649851632047
13,4036,-69,-48.5281690140845
13,4037,-66,-48.5281690140845
13,4038,-14,-48.5281690140845
13,4039,-32,1.57823129251701
13,4040,-27,-21.3649851632047
13,4041,5,-21.3649851632047
13,4042,0,1.57823129251701
13,4043,49,1.57823129251701
13,4044,40,186.027972027972
13,4045,121,92.2954545454545
13,4046,135,159.467811158798
13,4047,73,-175.6
13,4048,54,-97.4117647058823
13,4049,32,-23.7586206896552
13,4050,3,-16.7285714285714
13,4051,-76,1.57823129251701
13,4052,-29,-48.5281690140845
13,4053,-39,-21.3649851632047
13,4054,-153,-21.3649851632047
13,4055,-44,-48.5281690140845
13,4056,8,-21.3649851632047
13,4057,15,1.57823129251701
13,4058,-51,26.7545454545455
13,4059,-70,-48.5281690140845
13,4060,-54,-48.5281690140845
13,4061,-22,-48.5281690140845
13,4062,-6,-21.3649851632047
13,4063,0,1.57823129251701
13,4064,6,1.57823129251701
13,4065,14,1.57823129251701
13,4066,116,92.2954545454545
13,4067,266,186.027972027972
13,4068,198,-80.2631578947368
13,4069,-329,-232.21768707483
13,4070,-63,-117.764705882353
13,4071,47,20.4117647058824
13,4072,25,-23.7586206896552
13,4073,4,-16.7285714285714
13,4074,-2,1.57823129251701
13,4075,-13,1.57823129251701
13,4076,177,105.81914893617
13,4077,407,217.492753623188
13,4078,-15,-80.2631578947368
13,4079,-203,-152.895061728395
13,4080,-183,-121.4
13,4081,-140,-48.5281690140845
13,4082,-110,-48.5281690140845
13,4083,-94,-48.5281690140845
13,4084,-66,-48.5281690140845
13,4085,-29,-48.5281690140845
13,4086,-5,98.2916666666667
13,4087,-7,1.57823129251701
13,4088,3,1.57823129251701
13,4089,27,1.57823129251701
13,4090,143,92.2954545454545
13,4091,323,186.027972027972
13,4092,203,-80.2631578947368
13,4093,-378,-232.21768707483
13,4094,-77,-152.895061728395
13,4095,-36,20.4117647058824
13,4096,69,-21.3649851632047
13,4097,-30,-23.7586206896552
13,4098,8,-21.3649851632047
13,4099,45,17.5294117647059
13,4100,139,105.81914893617
13,4101,423,217.492753623188
13,4102,-54,-175.6
13,4103,-204,-152.895061728395
13,4104,-162,-121.4
13,4105,-131,-48.5281690140845
13,4106,-93,-48.5281690140845
13,4107,-86,-48.5281690140845
13,4108,-80,-48.5281690140845
13,4109,-35,-48.5281690140845
13,4110,-17,98.2916666666667
13,4111,1,-21.3649851632047
13,4112,0,1.57823129251701
13,4113,36,1.57823129251701
13,4114,130,92.2954545454545
13,4115,309,186.027972027972
13,4116,255,-80.2631578947368
13,4117,-396,-232.21768707483
13,4118,-127,-152.895061728395
13,4119,25,-37.9
13,4120,41,-16.7285714285714
13,4121,33,-16.7285714285714
13,4122,-77,-16.7285714285714
13,4123,42,-48.5281690140845
13,4124,163,105.81914893617
13,4125,417,217.492753623188
13,4126,4,-175.6
13,4127,-176,-152.895061728395
13,4128,-186,-121.4
13,4129,-119,-48.5281690140845
13,4130,-148,-48.5281690140845
13,4131,-97,-48.5281690140845
13,4132,-69,-48.5281690140845
13,4133,-39,-48.5281690140845
13,4134,-14,-21.3649851632047
13,4135,-8,1.57823129251701
13,4136,4,1.57823129251701
13,4137,31,1.57823129251701
13,4138,126,92.2954545454545
13,4139,308,186.027972027972
13,4140,223,-80.2631578947368
13,4141,-345,-232.21768707483
13,4142,-148,-152.895061728395
13,4143,55,-37.9
13,4144,17,-23.7586206896552
13,4145,4,-16.7285714285714
13,4146,-34,1.57823129251701
13,4147,20,-21.3649851632047
13,4148,150,105.81914893617
13,4149,393,217.492753623188
13,4150,1,-80.2631578947368
13,4151,-188,-152.895061728395
13,4152,-145,-121.4
13,4153,-142,-48.5281690140845
13,4154,-77,-48.5281690140845
13,4155,-103,-48.5281690140845
13,4156,-71,-48.5281690140845
13,4157,-44,-48.5281690140845
13,4158,-21,-21.3649851632047
13,4159,-11,-21.3649851632047
13,4160,-2,1.57823129251701
13,4161,26,1.57823129251701
13,4162,11,92.2954545454545
13,4163,89,92.2954545454545
13,4164,-14,186.027972027972
13,4165,101,1.57823129251701
13,4166,-27,114.833333333333
13,4167,58,-21.3649851632047
13,4168,64,-23.7586206896552
13,4169,-25,-23.7586206896552
13,4170,17,-21.3649851632047
13,4171,17,26.7545454545455
13,4172,143,52.0434782608696
13,4173,263,159.467811158798
13,4174,-90,-80.2631578947368
13,4175,-148,-152.895061728395
13,4176,-122,-121.4
13,4177,-84,-48.5281690140845
13,4178,-68,-48.5281690140845
13,4179,-26,-48.5281690140845
13,4180,-12,-21.3649851632047
13,4181,-64,17.5294117647059
13,4182,-31,-48.5281690140845
13,4183,-64,-21.3649851632047
13,4184,-11,-48.5281690140845
13,4185,1,1.57823129251701
13,4186,12,1.57823129251701
13,4187,39,92.2954545454545
13,4188,100,52.0434782608696
13,4189,109,159.467811158798
13,4190,136,115.296296296296
13,4191,92,9.04166666666667
13,4192,47,-232.21768707483
13,4193,23,-23.7586206896552
13,4194,-31,-16.7285714285714
13,4195,24,-21.3649851632047
13,4196,-31,-16.7285714285714
13,4197,-19,-21.3649851632047
13,4198,-212,-21.3649851632047
13,4199,-25,-48.5281690140845
13,4200,-115,-21.3649851632047
13,4201,-32,-48.5281690140845
13,4202,40,-21.3649851632047
13,4203,-5,26.7545454545455
13,4204,-43,1.57823129251701
13,4205,-7,98.2916666666667
13,4206,-27,1.57823129251701
13,4207,-38,-21.3649851632047
13,4208,-38,-21.3649851632047
13,4209,0,-21.3649851632047
13,4210,6,1.57823129251701
13,4211,23,1.57823129251701
13,4212,80,92.2954545454545
13,4213,98,89.2727272727273
13,4214,111,115.296296296296
13,4215,121,188.789473684211
13,4216,56,-232.21768707483
13,4217,38,-17.4666666666667
13,4218,36,26.7545454545455
13,4219,-2,-16.7285714285714
13,4220,-64,1.57823129251701
13,4221,-8,-48.5281690140845
13,4222,-14,1.57823129251701
13,4223,-26,1.57823129251701
13,4224,-165,-21.3649851632047
13,4225,-80,-48.5281690140845
13,4226,-39,-48.5281690140845
13,4227,-71,-21.3649851632047
13,4228,-63,-48.5281690140845
13,4229,-33,-48.5281690140845
13,4230,-5,-21.3649851632047
13,4231,-3,1.57823129251701
13,4232,5,1.57823129251701
13,4233,25,1.57823129251701
13,4234,123,92.2954545454545
13,4235,277,186.027972027972
13,4236,237,-80.2631578947368
13,4237,-368,-232.21768707483
13,4238,-106,-152.895061728395
13,4239,46,-37.9
13,4240,31,-23.7586206896552
13,4241,-22,-16.7285714285714
13,4242,-6,-21.3649851632047
13,4243,26,1.57823129251701
13,4244,190,105.81914893617
13,4245,354,217.492753623188
13,4246,-6,-80.2631578947368
13,4247,-257,-152.895061728395
13,4248,-123,-121.4
13,4249,-142,20.4117647058824
13,4250,-98,-48.5281690140845
13,4251,-64,-48.5281690140845
13,4252,-68,-48.5281690140845
13,4253,-33,-48.5281690140845
13,4254,-16,98.2916666666667
13,4255,-8,-21.3649851632047
13,4256,2,1.57823129251701
13,4257,31,1.57823129251701
13,4258,28,92.2954545454545
13,4259,115,92.2954545454545
13,4260,439,186.027972027972
13,4261,-216,-80.2631578947368
13,4262,-194,-152.895061728395
13,4263,-12,-37.9
13,4264,104,1.57823129251701
13,4265,-14,-23.7586206896552
13,4266,-31,1.57823129251701
13,4267,28,-21.3649851632047
13,4268,175,26.7545454545455
13,4269,354,217.492753623188
13,4270,42,-80.2631578947368
13,4271,-227,-152.895061728395
13,4272,-191,-121.4
13,4273,-128,20.4117647058824
13,4274,-119,-48.5281690140845
13,4275,-22,-48.5281690140845
13,4276,-107,-21.3649851632047
13,4277,-23,-48.5281690140845
13,4278,-29,98.2916666666667
13,4279,3,-21.3649851632047
13,4280,-7,1.57823129251701
13,4281,35,1.57823129251701
13,4282,133,92.2954545454545
13,4283,320,186.027972027972
13,4284,190,-80.2631578947368
13,4285,-315,-232.21768707483
13,4286,-134,-117.764705882353
13,4287,2,20.4117647058824
13,4288,72,1.57823129251701
13,4289,-13,-23.7586206896552
13,4290,-39,1.57823129251701
13,4291,11,-21.3649851632047
13,4292,165,105.81914893617
13,4293,420,217.492753623188
13,4294,-3,-80.2631578947368
13,4295,-199,-152.895061728395
13,4296,-222,-121.4
13,4297,-112,-48.5281690140845
13,4298,-89,20.4117647058824
13,4299,-88,-48.5281690140845
13,4300,-62,-48.5281690140845
13,4301,-55,-48.5281690140845
13,4302,-6,98.2916666666667
13,4303,-11,1.57823129251701
13,4304,1,1.57823129251701
13,4305,32,1.57823129251701
13,4306,128,92.2954545454545
13,4307,299,186.027972027972
13,4308,218,-80.2631578947368
13,4309,-345,-232.21768707483
13,4310,-138,-152.895061728395
13,4311,75,-37.9
13,4312,69,-23.7586206896552
13,4313,-43,-23.7586206896552
13,4314,-52,-21.3649851632047
13,4315,12,-48.5281690140845
13,4316,159,105.81914893617
13,4317,478,217.492753623188
13,4318,-65,-80.2631578947368
13,4319,-155,-152.895061728395
13,4320,-163,-121.4
13,4321,-158,-48.5281690140845
13,4322,-102,-48.5281690140845
13,4323,-28,-48.5281690140845
13,4324,-138,-21.3649851632047
13,4325,-34,-48.5281690140845
13,4326,-35,-21.3649851632047
13,4327,-13,-21.3649851632047
13,4328,3,1.57823129251701
13,4329,27,1.57823129251701
13,4330,121,92.2954545454545
13,4331,222,186.027972027972
13,4332,289,-80.2631578947368
13,4333,-290,-232.21768707483
13,4334,-147,-152.895061728395
13,4335,72,-37.9
13,4336,62,-23.7586206896552
13,4337,-8,-23.7586206896552
13,4338,-29,1.57823129251701
13,4339,55,-21.3649851632047
13,4340,105,115.296296296296
13,4341,303,217.492753623188
13,4342,-122,-115.30303030303
14,1,-16,-43.9638157894737
14,2,-67,-20.283422459893
14,3,19,-43.9638157894737
14,4,-20,1.6875
14,5,6,-20.283422459893
14,6,-26,0.298578199052133
14,7,5,-20.283422459893
14,8,-12,0.298578199052133
14,9,-2,0.298578199052133
14,10,4,0.298578199052133
14,11,34,0.298578199052133
14,12,76,26.1481481481481
14,13,-10,157.343434343434
14,14,33,0.298578199052133
14,15,65,1.6875
14,16,73,16.7647058823529
14,17,31,13
14,18,-49,26.1481481481481
14,19,26,-43.9638157894737
14,20,-9,1.6875
14,21,-27,0.298578199052133
14,22,-11,-20.283422459893
14,23,-70,0.298578199052133
14,24,-46,-43.9638157894737
14,25,-28,-43.9638157894737
14,26,-36,-20.283422459893
14,27,-36,-43.9638157894737
14,28,-14,-43.9638157894737
14,29,-5,-20.283422459893
14,30,-4,0.298578199052133
14,31,-1,0.298578199052133
14,32,13,0.298578199052133
14,33,71,79.7246376811594
14,34,193,181.993377483444
14,35,185,157.343434343434
14,36,-247,-232.686666666667
14,37,-132,-111.968085106383
14,38,1,7.72093023255814
14,39,77,0.298578199052133
14,40,-32,-6.33333333333333
14,41,-7,-43.9638157894737
14,42,36,0.298578199052133
14,43,94,119.38679245283
14,44,178,219.931034482759
14,45,-7,-55.9230769230769
14,46,-121,-111.968085106383
14,47,-77,-84.9268292682927
14,48,-73,-43.9638157894737
14,49,-54,-43.9638157894737
14,50,-53,-43.9638157894737
14,51,-23,-43.9638157894737
14,52,-17,-20.283422459893
14,53,-1,-2.77777777777778
14,54,-2,0.298578199052133
14,55,-2,0.298578199052133
14,56,28,0.298578199052133
14,57,60,79.7246376811594
14,58,212,157.343434343434
14,59,274,157.343434343434
14,60,-324,-232.686666666667
14,61,-113,-153.083870967742
14,62,32,-116.339285714286
14,63,36,26.1481481481481
14,64,-17,-21.2602739726027
14,65,-13,-20.283422459893
14,66,18,0.298578199052133
14,67,103,119.38679245283
14,68,231,219.931034482759
14,69,-4,-68.7368421052632
14,70,-198,-153.083870967742
14,71,-53,-116.339285714286
14,72,-35,7.72093023255814
14,73,-92,-43.9638157894737
14,74,-85,-43.9638157894737
14,75,-20,-43.9638157894737
14,76,-27,-20.283422459893
14,77,-6,-2.77777777777778
14,78,-3,0.298578199052133
14,79,-5,0.298578199052133
14,80,31,0.298578199052133
14,81,59,79.7246376811594
14,82,235,157.343434343434
14,83,234,157.343434343434
14,84,-318,-232.686666666667
14,85,-94,-153.083870967742
14,86,34,-116.339285714286
14,87,42,26.1481481481481
14,88,-6,-21.2602739726027
14,89,-26,0.298578199052133
14,90,25,-20.283422459893
14,91,126,119.38679245283
14,92,267,219.931034482759
14,93,-88,-53
14,94,-153,-153.083870967742
14,95,-100,-116.339285714286
14,96,-47,-98.421052631579
14,97,-85,-43.9638157894737
14,98,-52,-43.9638157894737
14,99,-39,4.3469387755102
14,100,-28,4.3469387755102
14,101,-13,-2.77777777777778
14,102,0,0.298578199052133
14,103,-3,0.298578199052133
14,104,24,0.298578199052133
14,105,56,79.7246376811594
14,106,190,181.993377483444
14,107,197,157.343434343434
14,108,-225,-232.686666666667
14,109,-103,-111.968085106383
14,110,22,7.72093023255814
14,111,65,26.1481481481481
14,112,-45,-6.33333333333333
14,113,-152,-43.9638157894737
14,114,63,4.3469387755102
14,115,84,79.1875
14,116,78,219.931034482759
14,117,44,13
14,118,-67,-21.2602739726027
14,119,-66,4.3469387755102
14,120,-15,-43.9638157894737
14,121,-46,-20.283422459893
14,122,-20,-43.9638157894737
14,123,-25,-20.283422459893
14,124,-15,-20.283422459893
14,125,-8,-20.283422459893
14,126,-31,0.298578199052133
14,127,-5,-43.9638157894737
14,128,1,0.298578199052133
14,129,10,0.298578199052133
14,130,10,79.7246376811594
14,131,70,79.7246376811594
14,132,29,157.343434343434
14,133,61,79.7246376811594
14,134,27,13
14,135,48,26.1481481481481
14,136,-32,13
14,137,-10,-43.9638157894737
14,138,16,0.298578199052133
14,139,-37,-21.2602739726027
14,140,-36,-43.9638157894737
14,141,-26,-43.9638157894737
14,142,16,-20.283422459893
14,143,-44,1.6875
14,144,-20,-43.9638157894737
14,145,-3,-20.283422459893
14,146,9,0.298578199052133
14,147,-21,0.298578199052133
14,148,-15,-20.283422459893
14,149,-13,-20.283422459893
14,150,-21,0.298578199052133
14,151,-15,-20.283422459893
14,152,-1,-20.283422459893
14,153,-3,0.298578199052133
14,154,20,0.298578199052133
14,155,37,79.7246376811594
14,156,28,79.7246376811594
14,157,101,79.7246376811594
14,158,39,131.511627906977
14,159,78,26.1481481481481
14,160,20,13
14,161,6,26.1481481481481
14,162,22,0.298578199052133
14,163,-14,-21.2602739726027
14,164,-52,-20.283422459893
14,165,-71,-43.9638157894737
14,166,-73,-43.9638157894737
14,167,-55,-43.9638157894737
14,168,-5,-43.9638157894737
14,169,-12,0.298578199052133
14,170,-7,0.298578199052133
14,171,-35,0.298578199052133
14,172,-23,4.3469387755102
14,173,-2,-20.283422459893
14,174,-2,0.298578199052133
14,175,-1,0.298578199052133
14,176,15,0.298578199052133
14,177,74,79.7246376811594
14,178,190,181.993377483444
14,179,248,157.343434343434
14,180,-298,-232.686666666667
14,181,-126,-153.083870967742
14,182,-1,-116.339285714286
14,183,74,0.298578199052133
14,184,5,-6.33333333333333
14,185,-24,0.298578199052133
14,186,16,-20.283422459893
14,187,112,119.38679245283
14,188,243,219.931034482759
14,189,-2,-68.7368421052632
14,190,-193,-153.083870967742
14,191,-115,-116.339285714286
14,192,-24,7.72093023255814
14,193,-103,-20.283422459893
14,194,-36,-43.9638157894737
14,195,-46,-43.9638157894737
14,196,-4,4.3469387755102
14,197,-3,-2.77777777777778
14,198,3,0.298578199052133
14,199,-4,0.298578199052133
14,200,19,0.298578199052133
14,201,80,79.7246376811594
14,202,224,181.993377483444
14,203,234,147.878787878788
14,204,-327,-232.686666666667
14,205,-100,-153.083870967742
14,206,31,-116.339285714286
14,207,20,26.1481481481481
14,208,7,-21.2602739726027
14,209,-56,0.298578199052133
14,210,32,4.3469387755102
14,211,121,119.38679245283
14,212,243,219.931034482759
14,213,-81,-53
14,214,-143,-153.083870967742
14,215,-102,-116.339285714286
14,216,-16,-43.9638157894737
14,217,-87,-20.283422459893
14,218,-36,-43.9638157894737
14,219,-33,4.3469387755102
14,220,-26,4.3469387755102
14,221,-2,-2.77777777777778
14,222,-2,0.298578199052133
14,223,27,0.298578199052133
14,224,75,79.7246376811594
14,225,149,181.993377483444
14,226,-137,181.993377483444
14,227,-78,-111.968085106383
14,228,-28,-43.9638157894737
14,229,0,-20.283422459893
14,230,60,0.298578199052133
14,231,6,-6.33333333333333
14,232,-20,0.298578199052133
14,233,34,-20.283422459893
14,234,77,119.38679245283
14,235,86,131.511627906977
14,236,-61,13
14,237,-90,-43.9638157894737
14,238,-5,-43.9638157894737
14,239,-58,0.298578199052133
14,240,16,-43.9638157894737
14,241,-22,-21.2602739726027
14,242,-22,-20.283422459893
14,243,1,-20.283422459893
14,244,-6,0.298578199052133
14,245,-3,0.298578199052133
14,246,2,0.298578199052133
14,247,13,0.298578199052133
14,248,91,79.7246376811594
14,249,195,157.343434343434
14,250,290,147.878787878788
14,251,-308,-232.686666666667
14,252,-153,-153.083870967742
14,253,35,-116.339285714286
14,254,52,26.1481481481481
14,255,-9,-6.33333333333333
14,256,0,0.298578199052133
14,257,12,0.298578199052133
14,258,138,119.38679245283
14,259,239,219.931034482759
14,260,-75,-53
14,261,-197,-153.083870967742
14,262,-74,-116.339285714286
14,263,-57,7.72093023255814
14,264,-71,-43.9638157894737
14,265,-41,-43.9638157894737
14,266,-39,4.3469387755102
14,267,-26,4.3469387755102
14,268,-14,-2.77777777777778
14,269,-3,-20.283422459893
14,270,-1,0.298578199052133
14,271,22,0.298578199052133
14,272,68,79.7246376811594
14,273,170,181.993377483444
14,274,287,157.343434343434
14,275,-235,-232.686666666667
14,276,-182,-153.083870967742
14,277,62,-116.339285714286
14,278,40,-6.33333333333333
14,279,-12,-21.2602739726027
14,280,-17,0.298578199052133
14,281,-127,-20.283422459893
14,282,-28,4.3469387755102
14,283,78,119.38679245283
14,284,32,-6.33333333333333
14,285,14,-21.2602739726027
14,286,-74,79.7246376811594
14,287,1,4.3469387755102
14,288,-26,0.298578199052133
14,289,-52,-20.283422459893
14,290,-1,-43.9638157894737
14,291,22,0.298578199052133
14,292,-6,-21.2602739726027
14,293,-17,0.298578199052133
14,294,-19,-20.283422459893
14,295,0,-20.283422459893
14,296,5,0.298578199052133
14,297,9,0.298578199052133
14,298,32,0.298578199052133
14,299,46,79.7246376811594
14,300,74,79.1875
14,301,46,79.1875
14,302,85,13
14,303,40,13
14,304,91,26.1481481481481
14,305,-31,13
14,306,68,-43.9638157894737
14,307,-82,13
14,308,-82,-43.9638157894737
14,309,-78,-43.9638157894737
14,310,-76,-43.9638157894737
14,311,5,-43.9638157894737
14,312,-20,0.298578199052133
14,313,-28,-20.283422459893
14,314,-34,-20.283422459893
14,315,4,4.3469387755102
14,316,4,0.298578199052133
14,317,-54,0.298578199052133
14,318,-12,-43.9638157894737
14,319,-9,0.298578199052133
14,320,0,0.298578199052133
14,321,18,0.298578199052133
14,322,43,26.1481481481481
14,323,52,26.1481481481481
14,324,74,181.993377483444
14,325,64,15.3181818181818
14,326,71,15.3181818181818
14,327,37,13
14,328,-32,26.1481481481481
14,329,2,-43.9638157894737
14,330,-35,0.298578199052133
14,331,-36,-43.9638157894737
14,332,-79,-43.9638157894737
14,333,-52,-43.9638157894737
14,334,-44,-43.9638157894737
14,335,-9,-43.9638157894737
14,336,-17,0.298578199052133
14,337,-36,-20.283422459893
14,338,-9,4.3469387755102
14,339,-11,0.298578199052133
14,340,-2,0.298578199052133
14,341,-3,0.298578199052133
14,342,0,0.298578199052133
14,343,17,0.298578199052133
14,344,73,79.7246376811594
14,345,169,157.343434343434
14,346,168,157.343434343434
14,347,-231,-232.686666666667
14,348,-111,-111.968085106383
14,349,17,7.72093023255814
14,350,34,26.1481481481481
14,351,-17,-21.2602739726027
14,352,8,-20.283422459893
14,353,2,0.298578199052133
14,354,80,119.38679245283
14,355,177,219.931034482759
14,356,-12,-68.7368421052632
14,357,-149,-111.968085106383
14,358,-47,-84.9268292682927
14,359,-59,-43.9638157894737
14,360,-42,-43.9638157894737
14,361,-47,-43.9638157894737
14,362,-23,-43.9638157894737
14,363,-2,-20.283422459893
14,364,-2,-2.77777777777778
14,365,-3,0.298578199052133
14,366,2,0.298578199052133
14,367,22,0.298578199052133
14,368,77,79.7246376811594
14,369,173,157.343434343434
14,370,226,147.878787878788
14,371,-268,-232.686666666667
14,372,-104,-153.083870967742
14,373,1,7.72093023255814
14,374,8,0.298578199052133
14,375,26,0.298578199052133
14,376,-28,-21.2602739726027
14,377,30,-20.283422459893
14,378,84,119.38679245283
14,379,196,219.931034482759
14,380,11,42.25
14,381,-170,-111.968085106383
14,382,-100,-84.9268292682927
14,383,-39,7.72093023255814
14,384,-42,-43.9638157894737
14,385,-52,-43.9638157894737
14,386,-39,-43.9638157894737
14,387,-10,4.3469387755102
14,388,-1,-2.77777777777778
14,389,-1,0.298578199052133
14,390,0,0.298578199052133
14,391,15,0.298578199052133
14,392,90,79.7246376811594
14,393,236,181.993377483444
14,394,222,157.343434343434
14,395,-302,-232.686666666667
14,396,-117,-153.083870967742
14,397,14,7.72093023255814
14,398,54,26.1481481481481
14,399,-10,-6.33333333333333
14,400,-30,0.298578199052133
14,401,34,-20.283422459893
14,402,79,119.38679245283
14,403,324,219.931034482759
14,404,-68,-55.9230769230769
14,405,-183,-153.083870967742
14,406,-101,-116.339285714286
14,407,-72,7.72093023255814
14,408,-29,-43.9638157894737
14,409,-97,-20.283422459893
14,410,-16,4.3469387755102
14,411,-25,-20.283422459893
14,412,-10,-2.77777777777778
14,413,-8,0.298578199052133
14,414,-1,0.298578199052133
14,415,27,0.298578199052133
14,416,80,79.7246376811594
14,417,225,157.343434343434
14,418,251,157.343434343434
14,419,-284,-232.686666666667
14,420,-163,-153.083870967742
14,421,66,-116.339285714286
14,422,47,-6.33333333333333
14,423,-18,-68.7368421052632
14,424,-30,-20.283422459893
14,425,-18,-20.283422459893
14,426,157,119.38679245283
14,427,255,219.931034482759
14,428,-7,-53
14,429,-174,-153.083870967742
14,430,-114,-116.339285714286
14,431,-69,7.72093023255814
14,432,-80,-43.9638157894737
14,433,-59,-43.9638157894737
14,434,-40,-43.9638157894737
14,435,-28,4.3469387755102
14,436,-15,-2.77777777777778
14,437,-4,-20.283422459893
14,438,-6,0.298578199052133
14,439,28,0.298578199052133
14,440,56,79.7246376811594
14,441,183,181.993377483444
14,442,233,157.343434343434
14,443,-217,-232.686666666667
14,444,-125,-153.083870967742
14,445,28,-116.339285714286
14,446,14,26.1481481481481
14,447,23,-21.2602739726027
14,448,-46,-21.2602739726027
14,449,60,4.3469387755102
14,450,105,79.1875
14,451,223,219.931034482759
14,452,-96,-55.9230769230769
14,453,-226,-153.083870967742
14,454,-85,-84.9268292682927
14,455,-18,7.72093023255814
14,456,-34,-20.283422459893
14,457,-21,-43.9638157894737
14,458,-9,-20.283422459893
14,459,-26,0.298578199052133
14,460,-9,-2.77777777777778
14,461,-26,0.298578199052133
14,462,-12,-20.283422459893
14,463,6,0.298578199052133
14,464,2,0.298578199052133
14,465,28,0.298578199052133
14,466,71,79.7246376811594
14,467,37,131.511627906977
14,468,75,79.7246376811594
14,469,51,15.3181818181818
14,470,55,13
14,471,28,13
14,472,22,26.1481481481481
14,473,27,-21.2602739726027
14,474,-16,-21.2602739726027
14,475,-36,-20.283422459893
14,476,-57,-43.9638157894737
14,477,-113,-43.9638157894737
14,478,-63,-43.9638157894737
14,479,-11,-43.9638157894737
14,480,-10,0.298578199052133
14,481,-17,0.298578199052133
14,482,-14,-20.283422459893
14,483,-8,-20.283422459893
14,484,5,0.298578199052133
14,485,-44,0.298578199052133
14,486,-15,-43.9638157894737
14,487,3,-20.283422459893
14,488,7,0.298578199052133
14,489,55,0.298578199052133
14,490,18,100.7
14,491,128,26.1481481481481
14,492,81,15.3181818181818
14,493,111,-41.6666666666667
14,494,54,-133.884615384615
14,495,37,13
14,496,-14,26.1481481481481
14,497,22,-20.283422459893
14,498,-11,-21.2602739726027
14,499,-109,0.298578199052133
14,500,-131,-43.9638157894737
14,501,-87,-43.9638157894737
14,502,-24,-43.9638157894737
14,503,-53,-20.283422459893
14,504,-42,-43.9638157894737
14,505,-28,4.3469387755102
14,506,-14,-20.283422459893
14,507,-1,-20.283422459893
14,508,-7,0.298578199052133
14,509,1,0.298578199052133
14,510,13,0.298578199052133
14,511,72,79.7246376811594
14,512,180,157.343434343434
14,513,296,157.343434343434
14,514,-283,-232.686666666667
14,515,-144,-153.083870967742
14,516,13,-116.339285714286
14,517,71,26.1481481481481
14,518,29,-6.33333333333333
14,519,-29,-21.2602739726027
14,520,12,-20.283422459893
14,521,99,119.38679245283
14,522,312,219.931034482759
14,523,68,-68.7368421052632
14,524,-266,-153.083870967742
14,525,-160,-116.339285714286
14,526,-81,7.72093023255814
14,527,-72,-43.9638157894737
14,528,-70,-43.9638157894737
14,529,-37,-43.9638157894737
14,530,-10,4.3469387755102
14,531,-15,-2.77777777777778
14,532,1,-20.283422459893
14,533,-1,0.298578199052133
14,534,23,0.298578199052133
14,535,89,79.7246376811594
14,536,195,181.993377483444
14,537,285,157.343434343434
14,538,-251,-232.686666666667
14,539,-199,-153.083870967742
14,540,76,-116.339285714286
14,541,25,-6.33333333333333
14,542,-11,-21.2602739726027
14,543,-21,0.298578199052133
14,544,52,-20.283422459893
14,545,101,79.1875
14,546,311,219.931034482759
14,547,58,-55.9230769230769
14,548,-255,-153.083870967742
14,549,-128,-116.339285714286
14,550,-107,7.72093023255814
14,551,-74,-43.9638157894737
14,552,-83,-43.9638157894737
14,553,-48,-43.9638157894737
14,554,-12,4.3469387755102
14,555,-25,-2.77777777777778
14,556,2,-20.283422459893
14,557,1,0.298578199052133
14,558,22,0.298578199052133
14,559,94,79.7246376811594
14,560,247,181.993377483444
14,561,294,157.343434343434
14,562,-311,-232.686666666667
14,563,-163,-153.083870967742
14,564,32,-116.339285714286
14,565,47,26.1481481481481
14,566,-13,-6.33333333333333
14,567,-30,0.298578199052133
14,568,59,-20.283422459893
14,569,73,79.1875
14,570,426,219.931034482759
14,571,-33,-55.9230769230769
14,572,-277,-153.083870967742
14,573,-142,-116.339285714286
14,574,-42,7.72093023255814
14,575,-86,-43.9638157894737
14,576,-111,-43.9638157894737
14,577,-31,-43.9638157894737
14,578,-37,4.3469387755102
14,579,-4,4.3469387755102
14,580,-12,0.298578199052133
14,581,7,0.298578199052133
14,582,12,0.298578199052133
14,583,91,79.7246376811594
14,584,264,181.993377483444
14,585,242,131.511627906977
14,586,-308,-232.686666666667
14,587,-151,-153.083870967742
14,588,47,-116.339285714286
14,589,54,-6.33333333333333
14,590,8,-6.33333333333333
14,591,-15,0.298578199052133
14,592,29,-20.283422459893
14,593,139,119.38679245283
14,594,287,219.931034482759
14,595,33,-53
14,596,-321,-153.083870967742
14,597,-95,-116.339285714286
14,598,-87,7.72093023255814
14,599,-74,-43.9638157894737
14,600,-72,-43.9638157894737
14,601,-40,-43.9638157894737
14,602,-31,4.3469387755102
14,603,-22,4.3469387755102
14,604,-1,-20.283422459893
14,605,0,0.298578199052133
14,606,29,0.298578199052133
14,607,67,79.7246376811594
14,608,179,181.993377483444
14,609,284,181.993377483444
14,610,-250,-232.686666666667
14,611,-132,-153.083870967742
14,612,27,-116.339285714286
14,613,87,26.1481481481481
14,614,-34,-6.33333333333333
14,615,-58,-43.9638157894737
14,616,-95,4.3469387755102
14,617,22,4.3469387755102
14,618,129,-2.77777777777778
14,619,150,-6.33333333333333
14,620,-112,-53
14,621,-61,-111.968085106383
14,622,-83,4.3469387755102
14,623,-4,-43.9638157894737
14,624,-22,0.298578199052133
14,625,-26,-20.283422459893
14,626,-31,-20.283422459893
14,627,-27,-43.9638157894737
14,628,-16,119.38679245283
14,629,-24,-20.283422459893
14,630,6,-20.283422459893
14,631,22,0.298578199052133
14,632,56,79.7246376811594
14,633,132,181.993377483444
14,634,103,131.511627906977
14,635,122,-232.686666666667
14,636,142,15.3181818181818
14,637,66,-232.686666666667
14,638,35,-111.968085106383
14,639,4,-21.2602739726027
14,640,-11,0.298578199052133
14,641,6,0.298578199052133
14,642,-37,119.38679245283
14,643,-88,-43.9638157894737
14,644,-143,-43.9638157894737
14,645,-146,-43.9638157894737
14,646,-48,-43.9638157894737
14,647,-12,-43.9638157894737
14,648,-26,0.298578199052133
14,649,-78,-20.283422459893
14,650,6,4.3469387755102
14,651,-57,0.298578199052133
14,652,-38,-43.9638157894737
14,653,-4,-43.9638157894737
14,654,-8,0.298578199052133
14,655,5,0.298578199052133
14,656,31,0.298578199052133
14,657,54,26.1481481481481
14,658,82,181.993377483444
14,659,173,131.511627906977
14,660,17,-133.884615384615
14,661,135,-111.968085106383
14,662,41,-133.884615384615
14,663,-23,-111.968085106383
14,664,33,-20.283422459893
14,665,-13,-21.2602739726027
14,666,0,0.298578199052133
14,667,-82,0.298578199052133
14,668,-107,-43.9638157894737
14,669,-154,-43.9638157894737
14,670,-25,-43.9638157894737
14,671,-73,-20.283422459893
14,672,-54,-43.9638157894737
14,673,-23,4.3469387755102
14,674,-8,-20.283422459893
14,675,-7,0.298578199052133
14,676,-6,0.298578199052133
14,677,1,0.298578199052133
14,678,28,0.298578199052133
14,679,89,79.7246376811594
14,680,234,157.343434343434
14,681,225,157.343434343434
14,682,-248,-232.686666666667
14,683,-147,-153.083870967742
14,684,17,7.72093023255814
14,685,81,26.1481481481481
14,686,-19,-6.33333333333333
14,687,-3,-20.283422459893
14,688,26,0.298578199052133
14,689,99,119.38679245283
14,690,336,219.931034482759
14,691,80,-68.7368421052632
14,692,-252,-153.083870967742
14,693,-219,-116.339285714286
14,694,-107,7.72093023255814
14,695,-75,7.72093023255814
14,696,-94,-43.9638157894737
14,697,-25,-43.9638157894737
14,698,-14,-20.283422459893
14,699,-5,-2.77777777777778
14,700,-7,0.298578199052133
14,701,3,0.298578199052133
14,702,14,0.298578199052133
14,703,80,79.7246376811594
14,704,70,157.343434343434
14,705,346,157.343434343434
14,706,-191,-133.884615384615
14,707,-162,-153.083870967742
14,708,67,-116.339285714286
14,709,31,-6.33333333333333
14,710,23,-21.2602739726027
14,711,-36,-21.2602739726027
14,712,-4,4.3469387755102
14,713,187,0.298578199052133
14,714,319,198.543859649123
14,715,51,-53
14,716,-246,-153.083870967742
14,717,-178,-116.339285714286
14,718,-100,7.72093023255814
14,719,-89,7.72093023255814
14,720,-98,-43.9638157894737
14,721,-57,-43.9638157894737
14,722,-7,4.3469387755102
14,723,-16,-2.77777777777778
14,724,-2,-20.283422459893
14,725,-4,0.298578199052133
14,726,35,0.298578199052133
14,727,110,79.7246376811594
14,728,223,181.993377483444
14,729,163,157.343434343434
14,730,-242,-232.686666666667
14,731,-139,-111.968085106383
14,732,38,7.72093023255814
14,733,37,26.1481481481481
14,734,74,-21.2602739726027
14,735,-78,13
14,736,18,4.3469387755102
14,737,135,119.38679245283
14,738,351,219.931034482759
14,739,50,-53
14,740,-197,-153.083870967742
14,741,-208,-116.339285714286
14,742,-123,7.72093023255814
14,743,-54,7.72093023255814
14,744,-72,-43.9638157894737
14,745,-84,-43.9638157894737
14,746,-11,4.3469387755102
14,747,-24,-2.77777777777778
14,748,1,-20.283422459893
14,749,-1,0.298578199052133
14,750,28,0.298578199052133
14,751,102,79.7246376811594
14,752,225,181.993377483444
14,753,288,157.343434343434
14,754,-331,-232.686666666667
14,755,-176,-153.083870967742
14,756,77,-116.339285714286
14,757,53,-6.33333333333333
14,758,26,-68.7368421052632
14,759,-41,-21.2602739726027
14,760,47,4.3469387755102
14,761,121,79.1875
14,762,385,219.931034482759
14,763,-9,-176.777777777778
14,764,-215,-153.083870967742
14,765,-162,-116.339285714286
14,766,-50,7.72093023255814
14,767,-154,-43.9638157894737
14,768,-69,-43.9638157894737
14,769,-56,-43.9638157894737
14,770,-45,4.3469387755102
14,771,-18,4.3469387755102
14,772,-22,-20.283422459893
14,773,-7,-20.283422459893
14,774,31,0.298578199052133
14,775,82,1.6875
14,776,230,181.993377483444
14,777,316,181.993377483444
14,778,-282,-232.686666666667
14,779,-105,-153.083870967742
14,780,43,-116.339285714286
14,781,153,26.1481481481481
14,782,-43,-6.33333333333333
14,783,4,-111.968085106383
14,784,40,0.298578199052133
14,785,117,119.38679245283
14,786,368,219.931034482759
14,787,-127,-53
14,788,-144,-153.083870967742
14,789,-241,-116.339285714286
14,790,-161,-98.421052631579
14,791,-13,7.72093023255814
14,792,-95,0.298578199052133
14,793,-20,4.3469387755102
14,794,-28,-20.283422459893
14,795,-59,50.6875
14,796,-37,4.3469387755102
14,797,-25,-43.9638157894737
14,798,-3,-20.283422459893
14,799,24,0.298578199052133
14,800,42,79.7246376811594
14,801,84,79.7246376811594
14,802,95,181.993377483444
14,803,96,15.3181818181818
14,804,-72,15.3181818181818
14,805,-90,-43.9638157894737
14,806,13,-43.9638157894737
14,807,27,-21.2602739726027
14,808,67,-21.2602739726027
14,809,-113,-6.33333333333333
14,810,-62,4.3469387755102
14,811,22,4.3469387755102
14,812,-4,1.6875
14,813,-22,0.298578199052133
14,814,-7,-20.283422459893
14,815,-21,0.298578199052133
14,816,22,-20.283422459893
14,817,-25,1.6875
14,818,9,-20.283422459893
14,819,-54,0.298578199052133
14,820,-17,-43.9638157894737
14,821,-10,-20.283422459893
14,822,-2,0.298578199052133
14,823,12,0.298578199052133
14,824,21,79.7246376811594
14,825,50,26.1481481481481
14,826,29,181.993377483444
14,827,132,79.7246376811594
14,828,73,15.3181818181818
14,829,37,-111.968085106383
14,830,7,26.1481481481481
14,831,47,0.298578199052133
14,832,7,13
14,833,71,0.298578199052133
14,834,-73,13
14,835,72,-43.9638157894737
14,836,-116,13
14,837,-116,-43.9638157894737
14,838,-110,-43.9638157894737
14,839,-38,-43.9638157894737
14,840,-46,4.3469387755102
14,841,-32,-43.9638157894737
14,842,-5,4.3469387755102
14,843,-8,0.298578199052133
14,844,-19,0.298578199052133
14,845,3,-20.283422459893
14,846,32,0.298578199052133
14,847,81,79.7246376811594
14,848,253,181.993377483444
14,849,287,-133.884615384615
14,850,-375,-232.686666666667
14,851,-129,-153.083870967742
14,852,25,-116.339285714286
14,853,101,26.1481481481481
14,854,22,-6.33333333333333
14,855,-84,-21.2602739726027
14,856,6,4.3469387755102
14,857,82,119.38679245283
14,858,359,219.931034482759
14,859,20,-68.7368421052632
14,860,-226,-153.083870967742
14,861,-237,-116.339285714286
14,862,-35,7.72093023255814
14,863,-93,7.72093023255814
14,864,-45,-43.9638157894737
14,865,-38,-43.9638157894737
14,866,-5,4.3469387755102
14,867,2,-2.77777777777778
14,868,-3,0.298578199052133
14,869,-1,0.298578199052133
14,870,14,0.298578199052133
14,871,84,79.7246376811594
14,872,185,181.993377483444
14,873,295,147.878787878788
14,874,-314,-232.686666666667
14,875,-129,-153.083870967742
14,876,37,-116.339285714286
14,877,45,26.1481481481481
14,878,-9,-21.2602739726027
14,879,-27,0.298578199052133
14,880,16,-20.283422459893
14,881,105,119.38679245283
14,882,309,219.931034482759
14,883,30,-68.7368421052632
14,884,-227,-153.083870967742
14,885,-123,-116.339285714286
14,886,-73,7.72093023255814
14,887,-87,-43.9638157894737
14,888,-70,-43.9638157894737
14,889,-34,-43.9638157894737
14,890,-22,4.3469387755102
14,891,-5,-2.77777777777778
14,892,2,0.298578199052133
14,893,-4,0.298578199052133
14,894,39,0.298578199052133
14,895,75,79.7246376811594
14,896,243,181.993377483444
14,897,300,157.343434343434
14,898,-344,-232.686666666667
14,899,-141,-153.083870967742
14,900,49,-116.339285714286
14,901,46,-6.33333333333333
14,902,5,-6.33333333333333
14,903,-52,0.298578199052133
14,904,-22,4.3469387755102
14,905,22,119.38679245283
14,906,383,119.38679245283
14,907,37,-6.33333333333333
14,908,-185,-153.083870967742
14,909,-94,-116.339285714286
14,910,-101,7.72093023255814
14,911,-89,-43.9638157894737
14,912,-79,-43.9638157894737
14,913,-45,-43.9638157894737
14,914,-15,4.3469387755102
14,915,-27,-2.77777777777778
14,916,-1,-20.283422459893
14,917,4,0.298578199052133
14,918,23,0.298578199052133
14,919,85,79.7246376811594
14,920,250,181.993377483444
14,921,287,131.511627906977
14,922,-333,-232.686666666667
14,923,-155,-153.083870967742
14,924,54,-116.339285714286
14,925,72,-6.33333333333333
14,926,-19,-6.33333333333333
14,927,-35,-20.283422459893
14,928,69,4.3469387755102
14,929,81,79.1875
14,930,315,219.931034482759
14,931,-22,-55.9230769230769
14,932,-213,-153.083870967742
14,933,-133,-116.339285714286
14,934,-111,7.72093023255814
14,935,-72,-43.9638157894737
14,936,-58,-43.9638157894737
14,937,-35,-43.9638157894737
14,938,-32,4.3469387755102
14,939,-20,4.3469387755102
14,940,0,-20.283422459893
14,941,-5,0.298578199052133
14,942,24,0.298578199052133
14,943,60,79.7246376811594
14,944,203,181.993377483444
14,945,304,181.993377483444
14,946,-272,-232.686666666667
14,947,-134,-153.083870967742
14,948,14,-116.339285714286
14,949,69,26.1481481481481
14,950,-28,-6.33333333333333
14,951,-13,-20.283422459893
14,952,51,0.298578199052133
14,953,87,79.1875
14,954,239,219.931034482759
14,955,-46,-55.9230769230769
14,956,-165,-153.083870967742
14,957,-186,-116.339285714286
14,958,11,-43.9638157894737
14,959,-67,26.1481481481481
14,960,-30,-43.9638157894737
14,961,-31,-20.283422459893
14,962,-10,4.3469387755102
14,963,-13,-2.77777777777778
14,964,-38,0.298578199052133
14,965,-23,4.3469387755102
14,966,-3,-20.283422459893
14,967,18,0.298578199052133
14,968,21,79.7246376811594
14,969,101,79.7246376811594
14,970,78,100.7
14,971,90,79.1875
14,972,150,15.3181818181818
14,973,158,-133.884615384615
14,974,17,-232.686666666667
14,975,-87,-111.968085106383
14,976,54,-43.9638157894737
14,977,-70,-6.33333333333333
14,978,8,-43.9638157894737
14,979,-202,0.298578199052133
14,980,-57,-43.9638157894737
14,981,-76,7.72093023255814
14,982,-65,-43.9638157894737
14,983,13,4.3469387755102
14,984,-44,1.6875
14,985,-45,4.3469387755102
14,986,-5,-43.9638157894737
14,987,19,0.298578199052133
14,988,-56,79.7246376811594
14,989,-13,-43.9638157894737
14,990,6,0.298578199052133
14,991,79,0.298578199052133
14,992,-13,181.993377483444
14,993,41,0.298578199052133
14,994,150,26.1481481481481
14,995,85,79.1875
14,996,91,-176.777777777778
14,997,-6,13
14,998,19,0.298578199052133
14,999,97,79.7246376811594
14,1000,12,-6.33333333333333
14,1001,-62,-21.2602739726027
14,1002,44,-43.9638157894737
14,1003,-123,119.38679245283
14,1004,-86,-43.9638157894737
14,1005,-114,-43.9638157894737
14,1006,-98,-43.9638157894737
14,1007,-66,-43.9638157894737
14,1008,-5,-43.9638157894737
14,1009,-46,0.298578199052133
14,1010,-12,4.3469387755102
14,1011,0,0.298578199052133
14,1012,-1,0.298578199052133
14,1013,20,0.298578199052133
14,1014,86,79.7246376811594
14,1015,196,147.878787878788
14,1016,283,181.993377483444
14,1017,-272,-232.686666666667
14,1018,-113,-153.083870967742
14,1019,5,-116.339285714286
14,1020,72,0.298578199052133
14,1021,0,-6.33333333333333
14,1022,-13,0.298578199052133
14,1023,56,0.298578199052133
14,1024,71,79.1875
14,1025,334,219.931034482759
14,1026,-111,-55.9230769230769
14,1027,-124,-153.083870967742
14,1028,-165,-116.339285714286
14,1029,-91,-98.421052631579
14,1030,-115,-43.9638157894737
14,1031,-57,-43.9638157894737
14,1032,-33,4.3469387755102
14,1033,-22,4.3469387755102
14,1034,-6,-2.77777777777778
14,1035,-2,0.298578199052133
14,1036,-2,0.298578199052133
14,1037,26,0.298578199052133
14,1038,73,79.7246376811594
14,1039,241,181.993377483444
14,1040,263,157.343434343434
14,1041,-196,-232.686666666667
14,1042,-189,-153.083870967742
14,1043,39,-116.339285714286
14,1044,73,26.1481481481481
14,1045,14,-6.33333333333333
14,1046,-34,-21.2602739726027
14,1047,5,4.3469387755102
14,1048,169,119.38679245283
14,1049,272,198.543859649123
14,1050,43,-53
14,1051,-242,-153.083870967742
14,1052,-179,-116.339285714286
14,1053,-136,7.72093023255814
14,1054,-85,7.72093023255814
14,1055,-79,-43.9638157894737
14,1056,-38,-43.9638157894737
14,1057,-30,4.3469387755102
14,1058,-6,-2.77777777777778
14,1059,-2,0.298578199052133
14,1060,-2,0.298578199052133
14,1061,26,0.298578199052133
14,1062,99,79.7246376811594
14,1063,240,181.993377483444
14,1064,318,181.993377483444
14,1065,-321,-232.686666666667
14,1066,-196,-153.083870967742
14,1067,46,-116.339285714286
14,1068,70,-6.33333333333333
14,1069,-32,-6.33333333333333
14,1070,7,-43.9638157894737
14,1071,10,0.298578199052133
14,1072,122,119.38679245283
14,1073,354,219.931034482759
14,1074,15,-53
14,1075,-265,-153.083870967742
14,1076,-122,-116.339285714286
14,1077,-74,7.72093023255814
14,1078,-117,-43.9638157894737
14,1079,-50,-43.9638157894737
14,1080,-86,-43.9638157894737
14,1081,-32,4.3469387755102
14,1082,5,4.3469387755102
14,1083,-13,0.298578199052133
14,1084,-4,0.298578199052133
14,1085,28,0.298578199052133
14,1086,97,79.7246376811594
14,1087,228,181.993377483444
14,1088,284,181.993377483444
14,1089,-287,-232.686666666667
14,1090,-105,-153.083870967742
14,1091,22,-116.339285714286
14,1092,8,26.1481481481481
14,1093,15,0.298578199052133
14,1094,-4,-21.2602739726027
14,1095,-18,0.298578199052133
14,1096,133,119.38679245283
14,1097,420,219.931034482759
14,1098,-124,-53
14,1099,-211,-153.083870967742
14,1100,-175,-116.339285714286
14,1101,-78,7.72093023255814
14,1102,-85,7.72093023255814
14,1103,-13,-43.9638157894737
14,1104,-75,0.298578199052133
14,1105,-23,4.3469387755102
14,1106,-27,-2.77777777777778
14,1107,-3,-20.283422459893
14,1108,-3,0.298578199052133
14,1109,18,0.298578199052133
14,1110,57,79.7246376811594
14,1111,166,181.993377483444
14,1112,262,157.343434343434
14,1113,-132,-232.686666666667
14,1114,-138,-153.083870967742
14,1115,53,-116.339285714286
14,1116,46,-6.33333333333333
14,1117,74,-6.33333333333333
14,1118,79,13
14,1119,47,13
14,1120,-1,15.3181818181818
14,1121,119,119.38679245283
14,1122,-171,-133.884615384615
14,1123,-72,-41.6666666666667
14,1124,-160,7.72093023255814
14,1125,-62,-43.9638157894737
14,1126,-32,-43.9638157894737
14,1127,-45,-43.9638157894737
14,1128,-19,4.3469387755102
14,1129,-25,-20.283422459893
14,1130,-33,-20.283422459893
14,1131,-8,-43.9638157894737
14,1132,-21,0.298578199052133
14,1133,-5,-20.283422459893
14,1134,17,0.298578199052133
14,1135,35,79.7246376811594
14,1136,69,79.7246376811594
14,1137,153,181.993377483444
14,1138,87,131.511627906977
14,1139,132,-232.686666666667
14,1140,95,-133.884615384615
14,1141,53,-232.686666666667
14,1142,-65,13
14,1143,48,-43.9638157894737
14,1144,-11,13
14,1145,-48,0.298578199052133
14,1146,-50,-43.9638157894737
14,1147,-104,-43.9638157894737
14,1148,-205,4.3469387755102
14,1149,26,-43.9638157894737
14,1150,-52,26.1481481481481
14,1151,-64,-43.9638157894737
14,1152,-33,-43.9638157894737
14,1153,-21,4.3469387755102
14,1154,-32,-20.283422459893
14,1155,-6,-43.9638157894737
14,1156,-19,0.298578199052133
14,1157,5,-20.283422459893
14,1158,16,0.298578199052133
14,1159,9,79.7246376811594
14,1160,47,0.298578199052133
14,1161,95,131.511627906977
14,1162,120,16.7647058823529
14,1163,105,15.3181818181818
14,1164,53,-232.686666666667
14,1165,26,13
14,1166,20,-21.2602739726027
14,1167,-17,26.1481481481481
14,1168,-10,-20.283422459893
14,1169,-65,0.298578199052133
14,1170,-101,-43.9638157894737
14,1171,-34,-43.9638157894737
14,1172,-65,-43.9638157894737
14,1173,-81,-43.9638157894737
14,1174,-12,-43.9638157894737
14,1175,-67,0.298578199052133
14,1176,-14,4.3469387755102
14,1177,-21,-20.283422459893
14,1178,-10,-20.283422459893
14,1179,-3,0.298578199052133
14,1180,2,0.298578199052133
14,1181,27,0.298578199052133
14,1182,79,79.7246376811594
14,1183,220,157.343434343434
14,1184,286,157.343434343434
14,1185,-331,-232.686666666667
14,1186,-108,-153.083870967742
14,1187,45,-116.339285714286
14,1188,57,26.1481481481481
14,1189,1,-6.33333333333333
14,1190,-63,0.298578199052133
14,1191,37,4.3469387755102
14,1192,136,119.38679245283
14,1193,241,219.931034482759
14,1194,14,-53
14,1195,-225,-153.083870967742
14,1196,-145,-116.339285714286
14,1197,-111,7.72093023255814
14,1198,-57,-43.9638157894737
14,1199,-41,-43.9638157894737
14,1200,-41,-43.9638157894737
14,1201,-17,4.3469387755102
14,1202,-7,-2.77777777777778
14,1203,0,0.298578199052133
14,1204,0,0.298578199052133
14,1205,22,0.298578199052133
14,1206,79,79.7246376811594
14,1207,281,181.993377483444
14,1208,308,157.343434343434
14,1209,-373,-232.686666666667
14,1210,-138,-153.083870967742
14,1211,58,-116.339285714286
14,1212,20,-6.33333333333333
14,1213,24,-21.2602739726027
14,1214,-59,-21.2602739726027
14,1215,-21,4.3469387755102
14,1216,159,119.38679245283
14,1217,382,219.931034482759
14,1218,-40,-53
14,1219,-225,-153.083870967742
14,1220,-197,-116.339285714286
14,1221,-76,7.72093023255814
14,1222,-79,7.72093023255814
14,1223,-65,-43.9638157894737
14,1224,-32,-43.9638157894737
14,1225,-18,4.3469387755102
14,1226,-10,-2.77777777777778
14,1227,0,0.298578199052133
14,1228,25,0.298578199052133
14,1229,79,79.7246376811594
14,1230,215,181.993377483444
14,1231,274,181.993377483444
14,1232,-293,-232.686666666667
14,1233,-149,-153.083870967742
14,1234,27,-116.339285714286
14,1235,2,26.1481481481481
14,1236,-19,0.298578199052133
14,1237,-28,-20.283422459893
14,1238,67,-20.283422459893
14,1239,105,181.993377483444
14,1240,272,219.931034482759
14,1241,6,-55.9230769230769
14,1242,-201,-153.083870967742
14,1243,-149,-116.339285714286
14,1244,-70,7.72093023255814
14,1245,-31,-43.9638157894737
14,1246,-73,-43.9638157894737
14,1247,-38,-43.9638157894737
14,1248,-14,4.3469387755102
14,1249,-5,-2.77777777777778
14,1250,1,0.298578199052133
14,1251,-4,0.298578199052133
14,1252,20,0.298578199052133
14,1253,75,79.7246376811594
14,1254,210,181.993377483444
14,1255,318,157.343434343434
14,1256,-337,-232.686666666667
14,1257,-146,-153.083870967742
14,1258,83,-116.339285714286
14,1259,35,-6.33333333333333
14,1260,-56,-21.2602739726027
14,1261,21,-43.9638157894737
14,1262,-13,-21.2602739726027
14,1263,142,119.38679245283
14,1264,303,219.931034482759
14,1265,-46,-53
14,1266,-177,-153.083870967742
14,1267,-153,-116.339285714286
14,1268,-93,7.72093023255814
14,1269,-29,-43.9638157894737
14,1270,-64,-20.283422459893
14,1271,-39,-43.9638157894737
14,1272,-25,4.3469387755102
14,1273,-19,-2.77777777777778
14,1274,0,-20.283422459893
14,1275,-6,0.298578199052133
14,1276,16,0.298578199052133
14,1277,63,79.7246376811594
14,1278,212,181.993377483444
14,1279,267,157.343434343434
14,1280,-233,-232.686666666667
14,1281,-138,-153.083870967742
14,1282,41,-116.339285714286
14,1283,89,26.1481481481481
14,1284,36,-6.33333333333333
14,1285,-10,-21.2602739726027
14,1286,4,0.298578199052133
14,1287,111,119.38679245283
14,1288,275,219.931034482759
14,1289,-67,-68.7368421052632
14,1290,-244,-153.083870967742
14,1291,-141,-116.339285714286
14,1292,-97,7.72093023255814
14,1293,26,-43.9638157894737
14,1294,-17,26.1481481481481
14,1295,-102,-20.283422459893
14,1296,-26,4.3469387755102
14,1297,-14,50.6875
14,1298,-24,-20.283422459893
14,1299,-18,-20.283422459893
14,1300,-7,-20.283422459893
14,1301,14,0.298578199052133
14,1302,43,1.6875
14,1303,96,79.7246376811594
14,1304,105,100.7
14,1305,141,15.3181818181818
14,1306,158,15.3181818181818
14,1307,114,-232.686666666667
14,1308,0,-232.686666666667
14,1309,-18,0.298578199052133
14,1310,-2,-20.283422459893
14,1311,-76,0.298578199052133
14,1312,-22,-43.9638157894737
14,1313,-79,-20.283422459893
14,1314,-22,-43.9638157894737
14,1315,-138,-2.77777777777778
14,1316,-101,-43.9638157894737
14,1317,-8,4.3469387755102
14,1318,-16,0.298578199052133
14,1319,-72,-20.283422459893
14,1320,-18,-43.9638157894737
14,1321,-32,-20.283422459893
14,1322,-29,4.3469387755102
14,1323,-33,-20.283422459893
14,1324,-2,-43.9638157894737
14,1325,6,0.298578199052133
14,1326,30,0.298578199052133
14,1327,51,79.7246376811594
14,1328,154,181.993377483444
14,1329,170,131.511627906977
14,1330,107,-232.686666666667
14,1331,107,-232.686666666667
14,1332,46,-133.884615384615
14,1333,-53,13
14,1334,-11,-43.9638157894737
14,1335,-1,0.298578199052133
14,1336,7,0.298578199052133
14,1337,-144,-2.77777777777778
14,1338,-100,-43.9638157894737
14,1339,-88,-43.9638157894737
14,1340,-62,-43.9638157894737
14,1341,-95,-43.9638157894737
14,1342,-44,-43.9638157894737
14,1343,-49,4.3469387755102
14,1344,-13,4.3469387755102
14,1345,-14,0.298578199052133
14,1346,-6,-20.283422459893
14,1347,-2,0.298578199052133
14,1348,32,0.298578199052133
14,1349,95,79.7246376811594
14,1350,254,181.993377483444
14,1351,210,157.343434343434
14,1352,-300,-232.686666666667
14,1353,-73,-153.083870967742
14,1354,27,7.72093023255814
14,1355,20,26.1481481481481
14,1356,-8,-21.2602739726027
14,1357,25,0.298578199052133
14,1358,-13,-21.2602739726027
14,1359,83,119.38679245283
14,1360,354,219.931034482759
14,1361,-36,-68.7368421052632
14,1362,-154,-153.083870967742
14,1363,-147,-116.339285714286
14,1364,-104,-98.421052631579
14,1365,-57,-43.9638157894737
14,1366,-93,-43.9638157894737
14,1367,-78,-43.9638157894737
14,1368,-32,4.3469387755102
14,1369,-7,4.3469387755102
14,1370,2,0.298578199052133
14,1371,3,0.298578199052133
14,1372,21,0.298578199052133
14,1373,114,79.7246376811594
14,1374,317,181.993377483444
14,1375,212,181.993377483444
14,1376,-273,-232.686666666667
14,1377,-183,-153.083870967742
14,1378,22,7.72093023255814
14,1379,5,26.1481481481481
14,1380,-5,0.298578199052133
14,1381,18,0.298578199052133
14,1382,51,-21.2602739726027
14,1383,62,79.1875
14,1384,411,219.931034482759
14,1385,-6,-133.884615384615
14,1386,-238,-153.083870967742
14,1387,-135,-116.339285714286
14,1388,-105,7.72093023255814
14,1389,-135,-43.9638157894737
14,1390,-80,-43.9638157894737
14,1391,-44,-43.9638157894737
14,1392,-24,4.3469387755102
14,1393,-5,-2.77777777777778
14,1394,-3,0.298578199052133
14,1395,1,0.298578199052133
14,1396,27,0.298578199052133
14,1397,100,79.7246376811594
14,1398,284,181.993377483444
14,1399,158,157.343434343434
14,1400,-311,-232.686666666667
14,1401,-118,-111.968085106383
14,1402,-28,7.72093023255814
14,1403,-9,-20.283422459893
14,1404,-46,0.298578199052133
14,1405,-13,-43.9638157894737
14,1406,47,0.298578199052133
14,1407,137,181.993377483444
14,1408,253,271.932203389831
14,1409,17,-176.777777777778
14,1410,-137,-153.083870967742
14,1411,-108,-116.339285714286
14,1412,-71,-98.421052631579
14,1413,-27,-43.9638157894737
14,1414,-92,-20.283422459893
14,1415,-45,-43.9638157894737
14,1416,-12,4.3469387755102
14,1417,-7,-2.77777777777778
14,1418,-2,0.298578199052133
14,1419,0,0.298578199052133
14,1420,26,0.298578199052133
14,1421,90,79.7246376811594
14,1422,286,181.993377483444
14,1423,271,157.343434343434
14,1424,-376,-232.686666666667
14,1425,-112,-153.083870967742
14,1426,40,-116.339285714286
14,1427,35,26.1481481481481
14,1428,-26,-21.2602739726027
14,1429,-1,-20.283422459893
14,1430,25,0.298578199052133
14,1431,125,119.38679245283
14,1432,361,219.931034482759
14,1433,28,-53
14,1434,-190,-153.083870967742
14,1435,-182,-116.339285714286
14,1436,-137,7.72093023255814
14,1437,-19,7.72093023255814
14,1438,-104,-20.283422459893
14,1439,-80,-43.9638157894737
14,1440,-39,4.3469387755102
14,1441,-4,4.3469387755102
14,1442,-11,0.298578199052133
14,1443,-7,0.298578199052133
14,1444,22,0.298578199052133
14,1445,88,1.6875
14,1446,246,181.993377483444
14,1447,341,181.993377483444
14,1448,-341,-232.686666666667
14,1449,-122,-153.083870967742
14,1450,17,-116.339285714286
14,1451,108,26.1481481481481
14,1452,19,-6.33333333333333
14,1453,13,-21.2602739726027
14,1454,13,-21.2602739726027
14,1455,173,119.38679245283
14,1456,239,219.931034482759
14,1457,-151,-53
14,1458,-176,-153.083870967742
14,1459,-151,-116.339285714286
14,1460,-54,7.72093023255814
14,1461,-85,-43.9638157894737
14,1462,-15,-43.9638157894737
14,1463,-45,-20.283422459893
14,1464,-54,4.3469387755102
14,1465,-7,4.3469387755102
14,1466,-52,0.298578199052133
14,1467,-20,4.3469387755102
14,1468,-8,-20.283422459893
14,1469,30,0.298578199052133
14,1470,45,1.6875
14,1471,125,79.7246376811594
14,1472,130,100.7
14,1473,151,-176.777777777778
14,1474,126,-232.686666666667
14,1475,32,-232.686666666667
14,1476,9,-41.6666666666667
14,1477,-40,0.298578199052133
14,1478,19,-43.9638157894737
14,1479,11,-21.2602739726027
14,1480,-71,-21.2602739726027
14,1481,-152,-43.9638157894737
14,1482,-362,-43.9638157894737
14,1483,-15,-43.9638157894737
14,1484,63,-20.283422459893
14,1485,8,-6.33333333333333
14,1486,-19,0.298578199052133
14,1487,26,-20.283422459893
14,1488,-44,1.6875
14,1489,-17,-43.9638157894737
14,1490,-16,-20.283422459893
14,1491,-33,-20.283422459893
14,1492,-1,-43.9638157894737
14,1493,6,0.298578199052133
14,1494,12,0.298578199052133
14,1495,27,79.7246376811594
14,1496,28,79.7246376811594
14,1497,-11,79.7246376811594
14,1498,9,0.298578199052133
14,1499,-16,0.298578199052133
14,1500,-9,-20.283422459893
14,1501,1,0.298578199052133
14,1502,-15,0.298578199052133
14,1503,-2,-20.283422459893
14,1504,-9,0.298578199052133
14,1505,12,0.298578199052133
14,1506,-4,1.6875
14,1507,0,0.298578199052133
14,1508,-24,0.298578199052133
14,1509,2,-20.283422459893
14,1510,4,0.298578199052133
14,1511,-11,0.298578199052133
14,1512,-4,0.298578199052133
14,1513,2,0.298578199052133
14,1514,-3,0.298578199052133
14,1515,2,0.298578199052133
14,1516,11,0.298578199052133
14,1517,31,26.1481481481481
14,1518,162,79.7246376811594
14,1519,275,147.878787878788
14,1520,-210,-53
14,1521,-172,-153.083870967742
14,1522,1,-116.339285714286
14,1523,28,0.298578199052133
14,1524,-22,-21.2602739726027
14,1525,7,-20.283422459893
14,1526,-2,0.298578199052133
14,1527,-9,119.38679245283
14,1528,129,119.38679245283
14,1529,147,-6.33333333333333
14,1530,-81,-53
14,1531,-95,-111.968085106383
14,1532,-51,-43.9638157894737
14,1533,-63,-43.9638157894737
14,1534,-30,-43.9638157894737
14,1535,-46,-20.283422459893
14,1536,-6,4.3469387755102
14,1537,-4,-2.77777777777778
14,1538,-1,-2.77777777777778
14,1539,1,0.298578199052133
14,1540,19,0.298578199052133
14,1541,98,79.7246376811594
14,1542,270,181.993377483444
14,1543,221,147.878787878788
14,1544,-303,-232.686666666667
14,1545,-146,-153.083870967742
14,1546,22,7.72093023255814
14,1547,40,26.1481481481481
14,1548,0,-21.2602739726027
14,1549,-8,0.298578199052133
14,1550,20,0.298578199052133
14,1551,126,119.38679245283
14,1552,329,219.931034482759
14,1553,-59,-53
14,1554,-150,-153.083870967742
14,1555,-197,-116.339285714286
14,1556,-59,-98.421052631579
14,1557,-69,7.72093023255814
14,1558,-84,-43.9638157894737
14,1559,-37,-43.9638157894737
14,1560,-11,4.3469387755102
14,1561,-18,-2.77777777777778
14,1562,-4,-20.283422459893
14,1563,3,0.298578199052133
14,1564,18,0.298578199052133
14,1565,82,79.7246376811594
14,1566,283,181.993377483444
14,1567,265,157.343434343434
14,1568,-333,-232.686666666667
14,1569,-139,-153.083870967742
14,1570,37,-116.339285714286
14,1571,50,26.1481481481481
14,1572,-41,-6.33333333333333
14,1573,-5,-43.9638157894737
14,1574,6,0.298578199052133
14,1575,147,119.38679245283
14,1576,356,219.931034482759
14,1577,-23,-53
14,1578,-166,-153.083870967742
14,1579,-163,-116.339285714286
14,1580,-141,-98.421052631579
14,1581,-47,-43.9638157894737
14,1582,-88,-43.9638157894737
14,1583,-61,-43.9638157894737
14,1584,-20,4.3469387755102
14,1585,-10,-2.77777777777778
14,1586,-7,0.298578199052133
14,1587,-3,0.298578199052133
14,1588,14,0.298578199052133
14,1589,110,79.7246376811594
14,1590,98,181.993377483444
14,1591,137,157.343434343434
14,1592,-161,15.3181818181818
14,1593,-62,-111.968085106383
14,1594,12,-43.9638157894737
14,1595,53,26.1481481481481
14,1596,-7,-6.33333333333333
14,1597,-28,0.298578199052133
14,1598,35,-20.283422459893
14,1599,114,1.6875
14,1600,296,198.543859649123
14,1601,50,-55.9230769230769
14,1602,-200,-153.083870967742
14,1603,-127,-116.339285714286
14,1604,-87,7.72093023255814
14,1605,-67,-43.9638157894737
14,1606,-71,-43.9638157894737
14,1607,-39,-43.9638157894737
14,1608,-38,4.3469387755102
14,1609,-13,4.3469387755102
14,1610,-19,0.298578199052133
14,1611,3,-20.283422459893
14,1612,13,0.298578199052133
14,1613,101,79.7246376811594
14,1614,195,181.993377483444
14,1615,277,181.993377483444
14,1616,-258,-232.686666666667
14,1617,-98,-153.083870967742
14,1618,-3,-116.339285714286
14,1619,74,0.298578199052133
14,1620,-1,-6.33333333333333
14,1621,-6,0.298578199052133
14,1622,24,0.298578199052133
14,1623,116,119.38679245283
14,1624,262,219.931034482759
14,1625,-48,-53
14,1626,-213,-153.083870967742
14,1627,-152,-116.339285714286
14,1628,-81,7.72093023255814
14,1629,-50,-43.9638157894737
14,1630,-42,-43.9638157894737
14,1631,-13,-43.9638157894737
14,1632,-36,0.298578199052133
14,1633,-10,4.3469387755102
14,1634,-31,0.298578199052133
14,1635,-24,-43.9638157894737
14,1636,3,-20.283422459893
14,1637,23,0.298578199052133
14,1638,27,79.7246376811594
14,1639,103,79.7246376811594
14,1640,56,100.7
14,1641,77,79.1875
14,1642,67,15.3181818181818
14,1643,23,13
14,1644,8,26.1481481481481
14,1645,51,0.298578199052133
14,1646,-32,-6.33333333333333
14,1647,-32,-43.9638157894737
14,1648,-54,-43.9638157894737
14,1649,-232,-43.9638157894737
14,1650,49,-43.9638157894737
14,1651,-37,-6.33333333333333
14,1652,-18,-43.9638157894737
14,1653,-1,-20.283422459893
14,1654,-41,0.298578199052133
14,1655,-6,4.3469387755102
14,1656,6,0.298578199052133
14,1657,-2,0.298578199052133
14,1658,-24,0.298578199052133
14,1659,-12,-20.283422459893
14,1660,2,0.298578199052133
14,1661,1,0.298578199052133
14,1662,20,0.298578199052133
14,1663,80,26.1481481481481
14,1664,78,147.878787878788
14,1665,195,157.343434343434
14,1666,31,15.3181818181818
14,1667,173,-111.968085106383
14,1668,11,-133.884615384615
14,1669,58,-111.968085106383
14,1670,-50,13
14,1671,-16,-43.9638157894737
14,1672,-65,-20.283422459893
14,1673,-35,-43.9638157894737
14,1674,-112,-43.9638157894737
14,1675,-132,-43.9638157894737
14,1676,-39,-43.9638157894737
14,1677,-96,-43.9638157894737
14,1678,-26,4.3469387755102
14,1679,-34,-20.283422459893
14,1680,-24,4.3469387755102
14,1681,-16,-20.283422459893
14,1682,-4,-20.283422459893
14,1683,-2,0.298578199052133
14,1684,18,0.298578199052133
14,1685,103,79.7246376811594
14,1686,226,181.993377483444
14,1687,247,157.343434343434
14,1688,-328,-232.686666666667
14,1689,-111,-153.083870967742
14,1690,6,-116.339285714286
14,1691,62,0.298578199052133
14,1692,22,-6.33333333333333
14,1693,-29,-21.2602739726027
14,1694,13,-20.283422459893
14,1695,116,119.38679245283
14,1696,336,219.931034482759
14,1697,-19,-53
14,1698,-193,-153.083870967742
14,1699,-162,-116.339285714286
14,1700,-88,7.72093023255814
14,1701,-87,-43.9638157894737
14,1702,-74,-43.9638157894737
14,1703,-25,-43.9638157894737
14,1704,-14,-20.283422459893
14,1705,-13,-2.77777777777778
14,1706,-5,0.298578199052133
14,1707,5,0.298578199052133
14,1708,9,0.298578199052133
14,1709,9,0.298578199052133
14,1710,143,0.298578199052133
14,1711,388,131.511627906977
14,1712,-208,-53
14,1713,-175,-153.083870967742
14,1714,55,-116.339285714286
14,1715,40,-6.33333333333333
14,1716,-20,26.1481481481481
14,1717,-45,-20.283422459893
14,1718,30,4.3469387755102
14,1719,120,119.38679245283
14,1720,327,219.931034482759
14,1721,62,-53
14,1722,-256,-153.083870967742
14,1723,-152,-116.339285714286
14,1724,-53,7.72093023255814
14,1725,-71,-43.9638157894737
14,1726,-116,-43.9638157894737
14,1727,-48,-43.9638157894737
14,1728,-32,4.3469387755102
14,1729,1,4.3469387755102
14,1730,-10,0.298578199052133
14,1731,-2,0.298578199052133
14,1732,29,0.298578199052133
14,1733,87,79.7246376811594
14,1734,238,181.993377483444
14,1735,308,181.993377483444
14,1736,-351,-232.686666666667
14,1737,-140,-153.083870967742
14,1738,9,-116.339285714286
14,1739,61,0.298578199052133
14,1740,-17,-6.33333333333333
14,1741,12,-20.283422459893
14,1742,16,-21.2602739726027
14,1743,111,119.38679245283
14,1744,362,219.931034482759
14,1745,84,-68.7368421052632
14,1746,-309,-232.686666666667
14,1747,-166,-116.339285714286
14,1748,-99,7.72093023255814
14,1749,-66,-43.9638157894737
14,1750,-75,-43.9638157894737
14,1751,-8,-43.9638157894737
14,1752,-66,0.298578199052133
14,1753,-7,4.3469387755102
14,1754,-11,0.298578199052133
14,1755,-4,0.298578199052133
14,1756,19,0.298578199052133
14,1757,115,79.7246376811594
14,1758,248,157.343434343434
14,1759,243,181.993377483444
14,1760,-323,-232.686666666667
14,1761,-136,-153.083870967742
14,1762,33,-116.339285714286
14,1763,100,26.1481481481481
14,1764,-36,-6.33333333333333
14,1765,-61,-43.9638157894737
14,1766,79,4.3469387755102
14,1767,87,79.1875
14,1768,334,219.931034482759
14,1769,2,-55.9230769230769
14,1770,-184,-153.083870967742
14,1771,-102,-116.339285714286
14,1772,-121,7.72093023255814
14,1773,-53,-43.9638157894737
14,1774,-125,-43.9638157894737
14,1775,-32,-43.9638157894737
14,1776,-41,4.3469387755102
14,1777,-37,4.3469387755102
14,1778,3,4.3469387755102
14,1779,-10,0.298578199052133
14,1780,20,0.298578199052133
14,1781,111,1.6875
14,1782,221,198.543859649123
14,1783,262,181.993377483444
14,1784,-324,-232.686666666667
14,1785,-95,-153.083870967742
14,1786,59,-116.339285714286
14,1787,-87,-6.33333333333333
14,1788,107,-43.9638157894737
14,1789,-36,-55.9230769230769
14,1790,101,4.3469387755102
14,1791,97,181.993377483444
14,1792,203,219.931034482759
14,1793,-2,-55.9230769230769
14,1794,-189,-153.083870967742
14,1795,-139,-84.9268292682927
14,1796,-78,7.72093023255814
14,1797,-3,-43.9638157894737
14,1798,24,0.298578199052133
14,1799,-103,-21.2602739726027
14,1800,-46,4.3469387755102
14,1801,-32,4.3469387755102
14,1802,-43,4.3469387755102
14,1803,-23,-43.9638157894737
14,1804,13,-20.283422459893
14,1805,20,26.1481481481481
14,1806,45,79.7246376811594
14,1807,110,79.7246376811594
14,1808,87,131.511627906977
14,1809,148,15.3181818181818
14,1810,143,15.3181818181818
14,1811,-25,-232.686666666667
14,1812,-26,-111.968085106383
14,1813,-96,-20.283422459893
14,1814,113,-43.9638157894737
14,1815,-1,-6.33333333333333
14,1816,-38,0.298578199052133
14,1817,-68,-43.9638157894737
14,1818,-29,-43.9638157894737
14,1819,-96,119.38679245283
14,1820,-40,-43.9638157894737
14,1821,-52,-43.9638157894737
14,1822,-68,-43.9638157894737
14,1823,-15,4.3469387755102
14,1824,-13,-20.283422459893
14,1825,-28,0.298578199052133
14,1826,-65,-20.283422459893
14,1827,-12,-43.9638157894737
14,1828,-5,0.298578199052133
14,1829,6,0.298578199052133
14,1830,19,0.298578199052133
14,1831,78,79.7246376811594
14,1832,77,157.343434343434
14,1833,142,131.511627906977
14,1834,81,15.3181818181818
14,1835,144,-111.968085106383
14,1836,7,-133.884615384615
14,1837,-47,-111.968085106383
14,1838,53,-43.9638157894737
14,1839,-27,-6.33333333333333
14,1840,-33,-20.283422459893
14,1841,-48,-43.9638157894737
14,1842,-80,-43.9638157894737
14,1843,-107,-43.9638157894737
14,1844,-73,-43.9638157894737
14,1845,-46,-43.9638157894737
14,1846,-55,-43.9638157894737
14,1847,-68,-43.9638157894737
14,1848,-25,4.3469387755102
14,1849,-3,-20.283422459893
14,1850,-1,0.298578199052133
14,1851,-3,0.298578199052133
14,1852,21,0.298578199052133
14,1853,119,79.7246376811594
14,1854,243,181.993377483444
14,1855,254,-53
14,1856,-289,-232.686666666667
14,1857,-160,-153.083870967742
14,1858,23,-116.339285714286
14,1859,50,26.1481481481481
14,1860,9,-6.33333333333333
14,1861,-33,0.298578199052133
14,1862,23,4.3469387755102
14,1863,126,119.38679245283
14,1864,381,219.931034482759
14,1865,-89,-53
14,1866,-134,-153.083870967742
14,1867,-223,-116.339285714286
14,1868,-76,-98.421052631579
14,1869,-74,7.72093023255814
14,1870,-60,-43.9638157894737
14,1871,-75,4.3469387755102
14,1872,-29,4.3469387755102
14,1873,7,-2.77777777777778
14,1874,-10,0.298578199052133
14,1875,-1,0.298578199052133
14,1876,15,0.298578199052133
14,1877,145,79.7246376811594
14,1878,298,181.993377483444
14,1879,178,-53
14,1880,-346,-232.686666666667
14,1881,-138,-111.968085106383
14,1882,60,7.72093023255814
14,1883,46,-6.33333333333333
14,1884,-44,-6.33333333333333
14,1885,-148,-43.9638157894737
14,1886,63,4.3469387755102
14,1887,255,79.1875
14,1888,328,219.931034482759
14,1889,-7,-232.686666666667
14,1890,-252,-153.083870967742
14,1891,-156,-116.339285714286
14,1892,-79,7.72093023255814
14,1893,-76,-43.9638157894737
14,1894,-84,-43.9638157894737
14,1895,-28,-43.9638157894737
14,1896,-21,-2.77777777777778
14,1897,-13,-2.77777777777778
14,1898,1,0.298578199052133
14,1899,3,0.298578199052133
14,1900,23,0.298578199052133
14,1901,98,79.7246376811594
14,1902,292,157.343434343434
14,1903,204,157.343434343434
14,1904,-297,-232.686666666667
14,1905,-172,-153.083870967742
14,1906,48,7.72093023255814
14,1907,79,-6.33333333333333
14,1908,-14,-6.33333333333333
14,1909,-23,-20.283422459893
14,1910,16,-20.283422459893
14,1911,98,119.38679245283
14,1912,348,219.931034482759
14,1913,-333,-68.7368421052632
14,1914,-274,-153.083870967742
14,1915,-47,-116.339285714286
14,1916,-17,7.72093023255814
14,1917,33,-20.283422459893
14,1918,-12,-21.2602739726027
14,1919,-22,0.298578199052133
14,1920,-22,-20.283422459893
14,1921,-8,50.6875
14,1922,0,0.298578199052133
14,1923,-1,0.298578199052133
14,1924,22,0.298578199052133
14,1925,115,79.7246376811594
14,1926,262,157.343434343434
14,1927,229,157.343434343434
14,1928,-269,-232.686666666667
14,1929,-207,-153.083870967742
14,1930,102,7.72093023255814
14,1931,16,-6.33333333333333
14,1932,46,-21.2602739726027
14,1933,-71,13
14,1934,24,4.3469387755102
14,1935,150,119.38679245283
14,1936,311,219.931034482759
14,1937,38,-53
14,1938,-217,-153.083870967742
14,1939,-179,-116.339285714286
14,1940,-144,7.72093023255814
14,1941,2,7.72093023255814
14,1942,-97,0.298578199052133
14,1943,-71,-43.9638157894737
14,1944,-18,4.3469387755102
14,1945,-15,50.6875
14,1946,-18,-20.283422459893
14,1947,-4,-20.283422459893
14,1948,17,0.298578199052133
14,1949,109,79.7246376811594
14,1950,216,181.993377483444
14,1951,269,100.7
14,1952,-298,-232.686666666667
14,1953,-112,-153.083870967742
14,1954,81,-116.339285714286
14,1955,57,-6.33333333333333
14,1956,15,-68.7368421052632
14,1957,-29,-21.2602739726027
14,1958,105,-20.283422459893
14,1959,86,79.1875
14,1960,254,219.931034482759
14,1961,-183,-55.9230769230769
14,1962,-93,-153.083870967742
14,1963,-162,-116.339285714286
14,1964,-71,-98.421052631579
14,1965,-36,-43.9638157894737
14,1966,-54,-43.9638157894737
14,1967,-44,4.3469387755102
14,1968,-43,4.3469387755102
14,1969,-37,4.3469387755102
14,1970,-22,4.3469387755102
14,1971,-25,-20.283422459893
14,1972,4,-20.283422459893
14,1973,20,0.298578199052133
14,1974,34,79.7246376811594
14,1975,111,79.7246376811594
14,1976,157,131.511627906977
14,1977,76,131.511627906977
14,1978,111,-111.968085106383
14,1979,37,-133.884615384615
14,1980,100,26.1481481481481
14,1981,-44,13
14,1982,-25,-43.9638157894737
14,1983,1,-20.283422459893
14,1984,-15,0.298578199052133
14,1985,-30,-2.77777777777778
14,1986,-107,-20.283422459893
14,1987,-152,-43.9638157894737
14,1988,-57,-43.9638157894737
14,1989,44,-43.9638157894737
14,1990,-98,26.1481481481481
14,1991,-78,-43.9638157894737
14,1992,-4,4.3469387755102
14,1993,-12,0.298578199052133
14,1994,-54,0.298578199052133
14,1995,-19,-43.9638157894737
14,1996,3,-20.283422459893
14,1997,9,0.298578199052133
14,1998,39,0.298578199052133
14,1999,96,79.7246376811594
14,2000,66,100.7
14,2001,128,15.3181818181818
14,2002,78,15.3181818181818
14,2003,103,-41.6666666666667
14,2004,71,13
14,2005,-50,13
14,2006,-53,-43.9638157894737
14,2007,65,-43.9638157894737
14,2008,-86,-6.33333333333333
14,2009,-89,-43.9638157894737
14,2010,-50,-43.9638157894737
14,2011,-109,-43.9638157894737
14,2012,-61,-43.9638157894737
14,2013,-38,-43.9638157894737
14,2014,-57,4.3469387755102
14,2015,-39,4.3469387755102
14,2016,-24,-43.9638157894737
14,2017,-9,-20.283422459893
14,2018,0,0.298578199052133
14,2019,4,0.298578199052133
14,2020,20,0.298578199052133
14,2021,39,79.7246376811594
14,2022,10,79.7246376811594
14,2023,81,79.7246376811594
14,2024,-46,15.3181818181818
14,2025,-51,-43.9638157894737
14,2026,20,-43.9638157894737
14,2027,106,26.1481481481481
14,2028,-9,-6.33333333333333
14,2029,-5,0.298578199052133
14,2030,25,0.298578199052133
14,2031,-85,79.7246376811594
14,2032,118,-43.9638157894737
14,2033,71,-6.33333333333333
14,2034,4,-41.6666666666667
14,2035,-115,0.298578199052133
14,2036,-37,-43.9638157894737
14,2037,-23,4.3469387755102
14,2038,-54,-20.283422459893
14,2039,-43,-43.9638157894737
14,2040,-13,-43.9638157894737
14,2041,-15,0.298578199052133
14,2042,2,-20.283422459893
14,2043,-1,0.298578199052133
14,2044,3,0.298578199052133
14,2045,16,0.298578199052133
14,2046,68,79.7246376811594
14,2047,317,157.343434343434
14,2048,-54,157.343434343434
14,2049,-184,-153.083870967742
14,2050,53,-116.339285714286
14,2051,40,-6.33333333333333
14,2052,-25,26.1481481481481
14,2053,-55,-20.283422459893
14,2054,72,-43.9638157894737
14,2055,118,79.1875
14,2056,304,181.993377483444
14,2057,55,-232.686666666667
14,2058,-221,-153.083870967742
14,2059,-249,-116.339285714286
14,2060,-154,7.72093023255814
14,2061,-26,7.72093023255814
14,2062,-12,-20.283422459893
14,2063,-32,0.298578199052133
14,2064,-18,4.3469387755102
14,2065,-2,-2.77777777777778
14,2066,-13,0.298578199052133
14,2067,-2,0.298578199052133
14,2068,34,0.298578199052133
14,2069,120,79.7246376811594
14,2070,282,181.993377483444
14,2071,210,-53
14,2072,-303,-232.686666666667
14,2073,-155,-153.083870967742
14,2074,75,7.72093023255814
14,2075,63,-6.33333333333333
14,2076,20,-68.7368421052632
14,2077,-87,-21.2602739726027
14,2078,11,4.3469387755102
14,2079,172,119.38679245283
14,2080,427,219.931034482759
14,2081,-27,-53
14,2082,-256,-153.083870967742
14,2083,-131,-116.339285714286
14,2084,-66,7.72093023255814
14,2085,-107,-43.9638157894737
14,2086,-153,-43.9638157894737
14,2087,-54,-43.9638157894737
14,2088,-51,4.3469387755102
14,2089,-12,4.3469387755102
14,2090,-13,0.298578199052133
14,2091,13,0.298578199052133
14,2092,19,1.6875
14,2093,124,79.7246376811594
14,2094,315,198.543859649123
14,2095,160,-53
14,2096,-288,-232.686666666667
14,2097,-141,-111.968085106383
14,2098,74,7.72093023255814
14,2099,69,-6.33333333333333
14,2100,-21,-68.7368421052632
14,2101,-57,-20.283422459893
14,2102,46,4.3469387755102
14,2103,114,79.1875
14,2104,422,271.932203389831
14,2105,16,-55.9230769230769
14,2106,-331,-153.083870967742
14,2107,-91,-116.339285714286
14,2108,-147,7.72093023255814
14,2109,-48,-43.9638157894737
14,2110,-85,-43.9638157894737
14,2111,-96,-43.9638157894737
14,2112,-21,4.3469387755102
14,2113,-28,-2.77777777777778
14,2114,-7,-20.283422459893
14,2115,-3,0.298578199052133
14,2116,23,0.298578199052133
14,2117,148,79.7246376811594
14,2118,333,181.993377483444
14,2119,230,-53
14,2120,-384,-232.686666666667
14,2121,-106,-153.083870967742
14,2122,79,7.72093023255814
14,2123,26,-6.33333333333333
14,2124,35,-21.2602739726027
14,2125,-45,-21.2602739726027
14,2126,41,4.3469387755102
14,2127,177,119.38679245283
14,2128,244,219.931034482759
14,2129,-143,-176.777777777778
14,2130,-186,-153.083870967742
14,2131,-146,-116.339285714286
14,2132,-79,7.72093023255814
14,2133,-7,-43.9638157894737
14,2134,-77,0.298578199052133
14,2135,-26,4.3469387755102
14,2136,-44,-2.77777777777778
14,2137,-35,4.3469387755102
14,2138,-36,4.3469387755102
14,2139,-19,-43.9638157894737
14,2140,-2,-20.283422459893
14,2141,38,0.298578199052133
14,2142,45,79.7246376811594
14,2143,100,79.7246376811594
14,2144,97,181.993377483444
14,2145,160,15.3181818181818
14,2146,134,15.3181818181818
14,2147,56,-232.686666666667
14,2148,62,-111.968085106383
14,2149,26,13
14,2150,-58,-21.2602739726027
14,2151,-30,-43.9638157894737
14,2152,-16,-20.283422459893
14,2153,19,-20.283422459893
14,2154,-213,-2.77777777777778
14,2155,-117,-43.9638157894737
14,2156,-56,7.72093023255814
14,2157,79,-43.9638157894737
14,2158,-99,181.993377483444
14,2159,-69,-43.9638157894737
14,2160,-40,4.3469387755102
14,2161,-32,4.3469387755102
14,2162,-32,-43.9638157894737
14,2163,-50,-43.9638157894737
14,2164,-8,4.3469387755102
14,2165,17,0.298578199052133
14,2166,65,1.6875
14,2167,81,181.993377483444
14,2168,142,181.993377483444
14,2169,119,15.3181818181818
14,2170,149,-232.686666666667
14,2171,56,-232.686666666667
14,2172,-30,-111.968085106383
14,2173,-64,-20.283422459893
14,2174,-41,-43.9638157894737
14,2175,75,-43.9638157894737
14,2176,-28,-6.33333333333333
14,2177,-75,-2.77777777777778
14,2178,-72,-43.9638157894737
14,2179,-128,4.3469387755102
14,2180,-41,-43.9638157894737
14,2181,-88,-43.9638157894737
14,2182,-59,-43.9638157894737
14,2183,-46,4.3469387755102
14,2184,-25,4.3469387755102
14,2185,-4,-20.283422459893
14,2186,-9,0.298578199052133
14,2187,5,0.298578199052133
14,2188,8,0.298578199052133
14,2189,64,0.298578199052133
14,2190,74,181.993377483444
14,2191,117,131.511627906977
14,2192,-84,-133.884615384615
14,2193,-87,-41.6666666666667
14,2194,7,-43.9638157894737
14,2195,64,0.298578199052133
14,2196,14,-6.33333333333333
14,2197,-4,-21.2602739726027
14,2198,45,0.298578199052133
14,2199,90,79.7246376811594
14,2200,193,131.511627906977
14,2201,22,-55.9230769230769
14,2202,-82,-111.968085106383
14,2203,-112,-84.9268292682927
14,2204,-95,-43.9638157894737
14,2205,-99,-43.9638157894737
14,2206,-45,-43.9638157894737
14,2207,-61,-43.9638157894737
14,2208,-9,4.3469387755102
14,2209,-16,-2.77777777777778
14,2210,-6,-20.283422459893
14,2211,2,0.298578199052133
14,2212,10,0.298578199052133
14,2213,120,79.7246376811594
14,2214,187,181.993377483444
14,2215,266,-53
14,2216,-257,-232.686666666667
14,2217,-133,-153.083870967742
14,2218,-11,-116.339285714286
14,2219,65,0.298578199052133
14,2220,-11,-6.33333333333333
14,2221,-21,0.298578199052133
14,2222,23,-20.283422459893
14,2223,141,119.38679245283
14,2224,399,219.931034482759
14,2225,0,-53
14,2226,-421,-153.083870967742
14,2227,9,-116.339285714286
14,2228,-112,0.298578199052133
14,2229,-87,-43.9638157894737
14,2230,-69,-43.9638157894737
14,2231,-58,-43.9638157894737
14,2232,-15,4.3469387755102
14,2233,-20,-2.77777777777778
14,2234,-7,-20.283422459893
14,2235,-2,0.298578199052133
14,2236,32,0.298578199052133
14,2237,125,79.7246376811594
14,2238,308,181.993377483444
14,2239,251,-53
14,2240,-422,-232.686666666667
14,2241,-106,-153.083870967742
14,2242,6,-116.339285714286
14,2243,51,0.298578199052133
14,2244,22,-6.33333333333333
14,2245,-22,-21.2602739726027
14,2246,9,-20.283422459893
14,2247,21,119.38679245283
14,2248,7,119.38679245283
14,2249,42,0.298578199052133
14,2250,49,26.1481481481481
14,2251,-81,16.7647058823529
14,2252,-50,-43.9638157894737
14,2253,-86,-43.9638157894737
14,2254,-53,-43.9638157894737
14,2255,-50,-43.9638157894737
14,2256,-26,-43.9638157894737
14,2257,-14,-20.283422459893
14,2258,-12,-20.283422459893
14,2259,1,0.298578199052133
14,2260,25,0.298578199052133
14,2261,126,79.7246376811594
14,2262,259,181.993377483444
14,2263,277,-53
14,2264,-391,-232.686666666667
14,2265,-116,-153.083870967742
14,2266,36,-116.339285714286
14,2267,68,26.1481481481481
14,2268,13,-6.33333333333333
14,2269,-50,-21.2602739726027
14,2270,39,4.3469387755102
14,2271,99,119.38679245283
14,2272,408,219.931034482759
14,2273,-46,-55.9230769230769
14,2274,-260,-153.083870967742
14,2275,-94,-116.339285714286
14,2276,-113,7.72093023255814
14,2277,-42,-43.9638157894737
14,2278,-76,-43.9638157894737
14,2279,-94,-43.9638157894737
14,2280,-31,4.3469387755102
14,2281,-19,4.3469387755102
14,2282,-9,-20.283422459893
14,2283,-5,0.298578199052133
14,2284,21,0.298578199052133
14,2285,83,79.7246376811594
14,2286,246,181.993377483444
14,2287,224,181.993377483444
14,2288,-243,-232.686666666667
14,2289,-108,-153.083870967742
14,2290,51,7.72093023255814
14,2291,38,-6.33333333333333
14,2292,12,-21.2602739726027
14,2293,34,-21.2602739726027
14,2294,99,-21.2602739726027
14,2295,118,79.1875
14,2296,69,219.931034482759
14,2297,-131,-41.6666666666667
14,2298,-118,-43.9638157894737
14,2299,-54,-43.9638157894737
14,2300,-95,-43.9638157894737
14,2301,-43,-43.9638157894737
14,2302,-46,-43.9638157894737
14,2303,-50,4.3469387755102
14,2304,-34,4.3469387755102
14,2305,-18,-43.9638157894737
14,2306,-33,-20.283422459893
14,2307,-29,-43.9638157894737
14,2308,8,-20.283422459893
14,2309,21,0.298578199052133
14,2310,23,79.7246376811594
14,2311,87,79.7246376811594
14,2312,148,131.511627906977
14,2313,148,79.1875
14,2314,83,-232.686666666667
14,2315,9,-232.686666666667
14,2316,10,0.298578199052133
14,2317,25,-21.2602739726027
14,2318,-51,-21.2602739726027
14,2319,-9,-43.9638157894737
14,2320,-42,0.298578199052133
14,2321,-47,-43.9638157894737
14,2322,-42,-43.9638157894737
14,2323,-118,-43.9638157894737
14,2324,-4,-43.9638157894737
14,2325,-47,0.298578199052133
14,2326,-54,-43.9638157894737
14,2327,-13,-43.9638157894737
14,2328,-59,0.298578199052133
14,2329,-17,4.3469387755102
14,2330,-25,-20.283422459893
14,2331,-25,-20.283422459893
14,2332,-4,-20.283422459893
14,2333,15,0.298578199052133
14,2334,30,79.7246376811594
14,2335,99,79.7246376811594
14,2336,119,100.7
14,2337,154,79.1875
14,2338,95,-232.686666666667
14,2339,51,-232.686666666667
14,2340,-72,13
14,2341,49,-43.9638157894737
14,2342,-12,13
14,2343,-34,0.298578199052133
14,2344,21,-43.9638157894737
14,2345,-4,-21.2602739726027
14,2346,-76,119.38679245283
14,2347,-50,-43.9638157894737
14,2348,-249,-43.9638157894737
14,2349,-84,-43.9638157894737
14,2350,37,7.72093023255814
14,2351,-31,26.1481481481481
14,2352,-6,4.3469387755102
14,2353,-11,0.298578199052133
14,2354,-30,0.298578199052133
14,2355,-12,-20.283422459893
14,2356,3,0.298578199052133
14,2357,11,0.298578199052133
14,2358,47,79.7246376811594
14,2359,88,42.25
14,2360,108,157.343434343434
14,2361,101,15.3181818181818
14,2362,112,15.3181818181818
14,2363,49,-133.884615384615
14,2364,31,13
14,2365,-91,-21.2602739726027
14,2366,-5,-43.9638157894737
14,2367,41,0.298578199052133
14,2368,-96,-21.2602739726027
14,2369,-22,-43.9638157894737
14,2370,12,-20.283422459893
14,2371,-78,-21.2602739726027
14,2372,-70,-43.9638157894737
14,2373,-90,-43.9638157894737
14,2374,-75,4.3469387755102
14,2375,-37,-43.9638157894737
14,2376,-31,-43.9638157894737
14,2377,-6,4.3469387755102
14,2378,-5,0.298578199052133
14,2379,2,0.298578199052133
14,2380,28,0.298578199052133
14,2381,121,79.7246376811594
14,2382,296,181.993377483444
14,2383,184,-53
14,2384,-377,-232.686666666667
14,2385,-74,-111.968085106383
14,2386,14,7.72093023255814
14,2387,40,26.1481481481481
14,2388,2,-21.2602739726027
14,2389,-1,0.298578199052133
14,2390,18,0.298578199052133
14,2391,137,119.38679245283
14,2392,388,219.931034482759
14,2393,-71,-53
14,2394,-184,-153.083870967742
14,2395,-322,-116.339285714286
14,2396,-133,7.72093023255814
14,2397,-16,7.72093023255814
14,2398,-5,-20.283422459893
14,2399,-14,0.298578199052133
14,2400,-32,-2.77777777777778
14,2401,1,4.3469387755102
14,2402,0,0.298578199052133
14,2403,1,0.298578199052133
14,2404,35,0.298578199052133
14,2405,103,79.7246376811594
14,2406,339,157.343434343434
14,2407,188,181.993377483444
14,2408,-366,-232.686666666667
14,2409,-128,-111.968085106383
14,2410,31,7.72093023255814
14,2411,45,26.1481481481481
14,2412,36,-21.2602739726027
14,2413,-37,-21.2602739726027
14,2414,23,4.3469387755102
14,2415,123,119.38679245283
14,2416,441,219.931034482759
14,2417,-43,-53
14,2418,-240,-153.083870967742
14,2419,-125,-116.339285714286
14,2420,-127,7.72093023255814
14,2421,-87,-43.9638157894737
14,2422,-57,-43.9638157894737
14,2423,-99,-43.9638157894737
14,2424,-35,4.3469387755102
14,2425,-12,4.3469387755102
14,2426,-6,0.298578199052133
14,2427,0,0.298578199052133
14,2428,25,0.298578199052133
14,2429,145,79.7246376811594
14,2430,329,181.993377483444
14,2431,186,-53
14,2432,-382,-232.686666666667
14,2433,-91,-111.968085106383
14,2434,-2,7.72093023255814
14,2435,74,0.298578199052133
14,2436,1,-6.33333333333333
14,2437,-39,0.298578199052133
14,2438,36,4.3469387755102
14,2439,197,119.38679245283
14,2440,340,219.931034482759
14,2441,-42,-53
14,2442,-194,-153.083870967742
14,2443,-112,-116.339285714286
14,2444,-120,7.72093023255814
14,2445,-95,-43.9638157894737
14,2446,-124,-43.9638157894737
14,2447,-54,-43.9638157894737
14,2448,-52,4.3469387755102
14,2449,-18,4.3469387755102
14,2450,-12,-20.283422459893
14,2451,2,0.298578199052133
14,2452,39,0.298578199052133
14,2453,96,79.7246376811594
14,2454,261,198.543859649123
14,2455,292,181.993377483444
14,2456,-396,-232.686666666667
14,2457,-94,-153.083870967742
14,2458,31,-116.339285714286
14,2459,75,26.1481481481481
14,2460,6,-6.33333333333333
14,2461,-62,0.298578199052133
14,2462,4,4.3469387755102
14,2463,-36,119.38679245283
14,2464,5,-43.9638157894737
14,2465,-117,0.298578199052133
14,2466,-65,-43.9638157894737
14,2467,-6,-43.9638157894737
14,2468,46,0.298578199052133
14,2469,-62,42.25
14,2470,50,-43.9638157894737
14,2471,13,13
14,2472,-10,79.7246376811594
14,2473,-35,0.298578199052133
14,2474,-15,-43.9638157894737
14,2475,-13,-20.283422459893
14,2476,-1,0.298578199052133
14,2477,24,0.298578199052133
14,2478,50,-21.2602739726027
14,2479,124,100.7
14,2480,122,181.993377483444
14,2481,161,-176.777777777778
14,2482,43,-232.686666666667
14,2483,132,-111.968085106383
14,2484,11,-133.884615384615
14,2485,-32,-111.968085106383
14,2486,55,-43.9638157894737
14,2487,-58,-6.33333333333333
14,2488,-58,-43.9638157894737
14,2489,-74,-43.9638157894737
14,2490,42,-43.9638157894737
14,2491,-155,-21.2602739726027
14,2492,-83,-43.9638157894737
14,2493,-88,-43.9638157894737
14,2494,10,-43.9638157894737
14,2495,-69,1.6875
14,2496,-48,-43.9638157894737
14,2497,-32,4.3469387755102
14,2498,-39,4.3469387755102
14,2499,-37,4.3469387755102
14,2500,-1,-43.9638157894737
14,2501,10,0.298578199052133
14,2502,13,79.7246376811594
14,2503,105,79.7246376811594
14,2504,160,181.993377483444
14,2505,104,131.511627906977
14,2506,107,-232.686666666667
14,2507,173,-133.884615384615
14,2508,2,-133.884615384615
14,2509,-8,-111.968085106383
14,2510,-34,0.298578199052133
14,2511,18,-43.9638157894737
14,2512,-84,-21.2602739726027
14,2513,-82,-43.9638157894737
14,2514,-43,-43.9638157894737
14,2515,-139,-43.9638157894737
14,2516,-68,-43.9638157894737
14,2517,-20,-43.9638157894737
14,2518,-118,-20.283422459893
14,2519,-59,4.3469387755102
14,2520,-35,-43.9638157894737
14,2521,-3,4.3469387755102
14,2522,-6,0.298578199052133
14,2523,3,0.298578199052133
14,2524,27,0.298578199052133
14,2525,104,79.7246376811594
14,2526,378,181.993377483444
14,2527,148,181.993377483444
14,2528,-383,-232.686666666667
14,2529,-95,-111.968085106383
14,2530,52,7.72093023255814
14,2531,43,-6.33333333333333
14,2532,-8,-21.2602739726027
14,2533,-4,0.298578199052133
14,2534,22,0.298578199052133
14,2535,156,119.38679245283
14,2536,386,271.932203389831
14,2537,-12,-53
14,2538,-177,-153.083870967742
14,2539,-184,-116.339285714286
14,2540,-196,7.72093023255814
14,2541,-97,7.72093023255814
14,2542,-82,7.72093023255814
14,2543,-52,-43.9638157894737
14,2544,-14,4.3469387755102
14,2545,-12,-2.77777777777778
14,2546,-3,0.298578199052133
14,2547,0,0.298578199052133
14,2548,31,0.298578199052133
14,2549,148,79.7246376811594
14,2550,385,181.993377483444
14,2551,141,-53
14,2552,-375,-232.686666666667
14,2553,-159,-111.968085106383
14,2554,51,7.72093023255814
14,2555,20,-6.33333333333333
14,2556,20,-21.2602739726027
14,2557,9,-21.2602739726027
14,2558,-4,50.6875
14,2559,201,119.38679245283
14,2560,377,271.932203389831
14,2561,-60,-53
14,2562,-277,-153.083870967742
14,2563,-98,-116.339285714286
14,2564,-132,7.72093023255814
14,2565,-90,-43.9638157894737
14,2566,-80,-43.9638157894737
14,2567,-64,-43.9638157894737
14,2568,-22,4.3469387755102
14,2569,-16,-2.77777777777778
14,2570,-3,-20.283422459893
14,2571,2,0.298578199052133
14,2572,28,0.298578199052133
14,2573,134,79.7246376811594
14,2574,375,181.993377483444
14,2575,121,-53
14,2576,-365,-232.686666666667
14,2577,-100,-41.6666666666667
14,2578,23,7.72093023255814
14,2579,89,26.1481481481481
14,2580,-12,-6.33333333333333
14,2581,-1,0.298578199052133
14,2582,-2,50.6875
14,2583,152,119.38679245283
14,2584,272,271.932203389831
14,2585,58,-53
14,2586,-244,-153.083870967742
14,2587,-130,-116.339285714286
14,2588,-110,7.72093023255814
14,2589,-50,-43.9638157894737
14,2590,-125,-43.9638157894737
14,2591,-64,-43.9638157894737
14,2592,-37,4.3469387755102
14,2593,-10,4.3469387755102
14,2594,-7,0.298578199052133
14,2595,1,0.298578199052133
14,2596,28,0.298578199052133
14,2597,136,79.7246376811594
14,2598,356,198.543859649123
14,2599,155,-53
14,2600,-344,-232.686666666667
14,2601,-127,-111.968085106383
14,2602,27,7.72093023255814
14,2603,99,26.1481481481481
14,2604,-21,-6.33333333333333
14,2605,-50,-20.283422459893
14,2606,68,4.3469387755102
14,2607,133,79.1875
14,2608,403,271.932203389831
14,2609,-56,-232.686666666667
14,2610,-211,-153.083870967742
14,2611,-124,-116.339285714286
14,2612,-165,7.72093023255814
14,2613,-85,-43.9638157894737
14,2614,-51,-43.9638157894737
14,2615,-100,-43.9638157894737
14,2616,-48,4.3469387755102
14,2617,-10,4.3469387755102
14,2618,-11,0.298578199052133
14,2619,2,0.298578199052133
14,2620,19,0.298578199052133
14,2621,110,79.7246376811594
14,2622,289,181.993377483444
14,2623,272,181.993377483444
14,2624,-318,-232.686666666667
14,2625,-133,-153.083870967742
14,2626,15,-116.339285714286
14,2627,105,26.1481481481481
14,2628,47,-6.33333333333333
14,2629,-43,-68.7368421052632
14,2630,24,4.3469387755102
14,2631,126,119.38679245283
14,2632,270,219.931034482759
14,2633,-70,-53
14,2634,-168,-153.083870967742
14,2635,-147,-116.339285714286
14,2636,-69,7.72093023255814
14,2637,-48,-43.9638157894737
14,2638,-76,-43.9638157894737
14,2639,-9,4.3469387755102
14,2640,-83,-2.77777777777778
14,2641,-34,4.3469387755102
14,2642,-49,4.3469387755102
14,2643,-32,-43.9638157894737
14,2644,11,4.3469387755102
14,2645,61,1.6875
14,2646,7,100.7
14,2647,157,0.298578199052133
14,2648,96,15.3181818181818
14,2649,126,-53
14,2650,103,15.3181818181818
14,2651,-38,-232.686666666667
14,2652,54,-43.9638157894737
14,2653,8,13
14,2654,-38,0.298578199052133
14,2655,-21,-43.9638157894737
14,2656,-39,50.6875
14,2657,-44,-43.9638157894737
14,2658,-91,-43.9638157894737
14,2659,3,-43.9638157894737
14,2660,-47,0.298578199052133
14,2661,-102,-43.9638157894737
14,2662,16,-43.9638157894737
14,2663,-72,1.6875
14,2664,-42,4.3469387755102
14,2665,-43,-43.9638157894737
14,2666,-44,-43.9638157894737
14,2667,-19,4.3469387755102
14,2668,3,-20.283422459893
14,2669,17,0.298578199052133
14,2670,32,79.7246376811594
14,2671,119,79.7246376811594
14,2672,85,181.993377483444
14,2673,147,-53
14,2674,86,15.3181818181818
14,2675,3,-232.686666666667
14,2676,-10,0.298578199052133
14,2677,8,0.298578199052133
14,2678,-25,0.298578199052133
14,2679,33,-20.283422459893
14,2680,13,-21.2602739726027
14,2681,-31,-21.2602739726027
14,2682,-115,-43.9638157894737
14,2683,-12,-43.9638157894737
14,2684,-110,0.298578199052133
14,2685,-94,-43.9638157894737
14,2686,-49,-43.9638157894737
14,2687,-69,-43.9638157894737
14,2688,-17,4.3469387755102
14,2689,-7,-20.283422459893
14,2690,-11,0.298578199052133
14,2691,1,0.298578199052133
14,2692,30,0.298578199052133
14,2693,107,79.7246376811594
14,2694,359,181.993377483444
14,2695,148,157.343434343434
14,2696,-335,-232.686666666667
14,2697,-169,-111.968085106383
14,2698,55,7.72093023255814
14,2699,59,-6.33333333333333
14,2700,-13,-6.33333333333333
14,2701,11,0.298578199052133
14,2702,0,-21.2602739726027
14,2703,168,119.38679245283
14,2704,373,271.932203389831
14,2705,31,-53
14,2706,-235,-153.083870967742
14,2707,-202,-116.339285714286
14,2708,-144,7.72093023255814
14,2709,-86,7.72093023255814
14,2710,-84,-43.9638157894737
14,2711,-52,-43.9638157894737
14,2712,-12,4.3469387755102
14,2713,-10,-2.77777777777778
14,2714,6,0.298578199052133
14,2715,-8,0.298578199052133
14,2716,25,0.298578199052133
14,2717,107,1.6875
14,2718,167,131.511627906977
14,2719,310,157.343434343434
14,2720,-328,-232.686666666667
14,2721,-160,-153.083870967742
14,2722,-60,-116.339285714286
14,2723,30,-98.421052631579
14,2724,-36,-21.2602739726027
14,2725,1,-43.9638157894737
14,2726,56,0.298578199052133
14,2727,123,79.1875
14,2728,442,219.931034482759
14,2729,-28,-232.686666666667
14,2730,-162,-153.083870967742
14,2731,-105,-116.339285714286
14,2732,-112,-98.421052631579
14,2733,-67,-43.9638157894737
14,2734,-118,-43.9638157894737
14,2735,-55,-43.9638157894737
14,2736,-6,4.3469387755102
14,2737,-24,-2.77777777777778
14,2738,4,-20.283422459893
14,2739,2,0.298578199052133
14,2740,30,0.298578199052133
14,2741,154,79.7246376811594
14,2742,311,131.511627906977
14,2743,208,-53
14,2744,-361,-232.686666666667
14,2745,-154,-153.083870967742
14,2746,48,7.72093023255814
14,2747,88,-6.33333333333333
14,2748,-79,-6.33333333333333
14,2749,65,-43.9638157894737
14,2750,-39,13
14,2751,111,4.3469387755102
14,2752,465,219.931034482759
14,2753,-113,-68.7368421052632
14,2754,-73,-153.083870967742
14,2755,-223,-116.339285714286
14,2756,-52,-98.421052631579
14,2757,-158,7.72093023255814
14,2758,-85,-43.9638157894737
14,2759,-105,4.3469387755102
14,2760,-27,4.3469387755102
14,2761,-12,-2.77777777777778
14,2762,-4,0.298578199052133
14,2763,1,0.298578199052133
14,2764,34,0.298578199052133
14,2765,141,79.7246376811594
14,2766,325,181.993377483444
14,2767,213,-53
14,2768,-362,-232.686666666667
14,2769,-178,-153.083870967742
14,2770,49,7.72093023255814
14,2771,37,-6.33333333333333
14,2772,19,-21.2602739726027
14,2773,14,-21.2602739726027
14,2774,26,50.6875
14,2775,114,119.38679245283
14,2776,429,219.931034482759
14,2777,-44,-68.7368421052632
14,2778,-244,-153.083870967742
14,2779,-144,-116.339285714286
14,2780,-98,7.72093023255814
14,2781,-95,-43.9638157894737
14,2782,-70,-43.9638157894737
14,2783,-78,-43.9638157894737
14,2784,-43,4.3469387755102
14,2785,-36,4.3469387755102
14,2786,-10,4.3469387755102
14,2787,9,0.298578199052133
14,2788,19,0.298578199052133
14,2789,118,79.7246376811594
14,2790,279,181.993377483444
14,2791,223,-53
14,2792,-287,-232.686666666667
14,2793,-150,-153.083870967742
14,2794,70,7.72093023255814
14,2795,117,-6.33333333333333
14,2796,-10,-68.7368421052632
14,2797,-17,-41.6666666666667
14,2798,1,-20.283422459893
14,2799,181,119.38679245283
14,2800,265,219.931034482759
14,2801,-130,-53
14,2802,-226,-153.083870967742
14,2803,-82,-116.339285714286
14,2804,-52,7.72093023255814
14,2805,-12,-43.9638157894737
14,2806,-99,0.298578199052133
14,2807,-85,4.3469387755102
14,2808,-42,4.3469387755102
14,2809,-28,4.3469387755102
14,2810,-40,-20.283422459893
14,2811,-19,-43.9638157894737
14,2812,15,-20.283422459893
14,2813,24,1.6875
14,2814,31,79.7246376811594
14,2815,126,79.7246376811594
14,2816,163,131.511627906977
14,2817,68,-53
14,2818,131,-111.968085106383
14,2819,37,-133.884615384615
14,2820,14,-111.968085106383
14,2821,-44,-21.2602739726027
14,2822,10,-43.9638157894737
14,2823,-41,-21.2602739726027
14,2824,51,-43.9638157894737
14,2825,-22,-6.33333333333333
14,2826,-110,-20.283422459893
14,2827,-109,-43.9638157894737
14,2828,-62,-43.9638157894737
14,2829,-10,-43.9638157894737
14,2830,-97,0.298578199052133
14,2831,-35,-43.9638157894737
14,2832,-60,4.3469387755102
14,2833,-14,4.3469387755102
14,2834,-46,-20.283422459893
14,2835,-10,-43.9638157894737
14,2836,-1,0.298578199052133
14,2837,6,0.298578199052133
14,2838,25,0.298578199052133
14,2839,71,79.7246376811594
14,2840,155,157.343434343434
14,2841,162,79.1875
14,2842,110,-232.686666666667
14,2843,69,-232.686666666667
14,2844,-1,13
14,2845,-32,0.298578199052133
14,2846,-119,-43.9638157894737
14,2847,117,-43.9638157894737
14,2848,13,-6.33333333333333
14,2849,-80,-41.6666666666667
14,2850,-123,-43.9638157894737
14,2851,-88,-43.9638157894737
14,2852,-56,4.3469387755102
14,2853,-93,-43.9638157894737
14,2854,-45,-43.9638157894737
14,2855,-68,4.3469387755102
14,2856,-26,4.3469387755102
14,2857,-5,-20.283422459893
14,2858,-5,0.298578199052133
14,2859,5,0.298578199052133
14,2860,14,0.298578199052133
14,2861,14,79.7246376811594
14,2862,108,79.7246376811594
14,2863,329,131.511627906977
14,2864,-224,16.7647058823529
14,2865,-159,-153.083870967742
14,2866,30,-116.339285714286
14,2867,47,26.1481481481481
14,2868,57,-6.33333333333333
14,2869,-6,-6.33333333333333
14,2870,18,0.298578199052133
14,2871,95,79.7246376811594
14,2872,391,219.931034482759
14,2873,-81,-68.7368421052632
14,2874,-179,-153.083870967742
14,2875,-101,-116.339285714286
14,2876,-89,7.72093023255814
14,2877,-109,-43.9638157894737
14,2878,-90,-43.9638157894737
14,2879,-39,4.3469387755102
14,2880,-21,4.3469387755102
14,2881,1,-2.77777777777778
14,2882,-7,0.298578199052133
14,2883,2,0.298578199052133
14,2884,27,0.298578199052133
14,2885,124,79.7246376811594
14,2886,319,181.993377483444
14,2887,193,-53
14,2888,-345,-232.686666666667
14,2889,-148,-111.968085106383
14,2890,50,7.72093023255814
14,2891,62,-6.33333333333333
14,2892,-20,-6.33333333333333
14,2893,-45,-20.283422459893
14,2894,32,4.3469387755102
14,2895,75,119.38679245283
14,2896,477,219.931034482759
14,2897,-16,-55.9230769230769
14,2898,-281,-153.083870967742
14,2899,-56,-116.339285714286
14,2900,-182,7.72093023255814
14,2901,15,-43.9638157894737
14,2902,-166,-21.2602739726027
14,2903,-72,-43.9638157894737
14,2904,-26,4.3469387755102
14,2905,-21,50.6875
14,2906,2,-20.283422459893
14,2907,-1,0.298578199052133
14,2908,32,0.298578199052133
14,2909,126,79.7246376811594
14,2910,299,198.543859649123
14,2911,179,-53
14,2912,-327,-232.686666666667
14,2913,-149,-111.968085106383
14,2914,21,7.72093023255814
14,2915,-8,26.1481481481481
14,2916,31,0.298578199052133
14,2917,-21,-21.2602739726027
14,2918,-11,50.6875
14,2919,156,119.38679245283
14,2920,356,219.931034482759
14,2921,-19,-53
14,2922,-133,-153.083870967742
14,2923,-132,-116.339285714286
14,2924,-63,-98.421052631579
14,2925,-87,-43.9638157894737
14,2926,-134,-43.9638157894737
14,2927,-54,-43.9638157894737
14,2928,-51,4.3469387755102
14,2929,0,4.3469387755102
14,2930,-7,0.298578199052133
14,2931,1,0.298578199052133
14,2932,28,0.298578199052133
14,2933,110,79.7246376811594
14,2934,313,198.543859649123
14,2935,127,181.993377483444
14,2936,-334,-232.686666666667
14,2937,-106,-41.6666666666667
14,2938,11,7.72093023255814
14,2939,54,26.1481481481481
14,2940,-43,-6.33333333333333
14,2941,4,-43.9638157894737
14,2942,18,0.298578199052133
14,2943,126,119.38679245283
14,2944,295,271.932203389831
14,2945,25,-53
14,2946,-141,-153.083870967742
14,2947,-63,-116.339285714286
14,2948,-125,-98.421052631579
14,2949,-68,-43.9638157894737
14,2950,-97,-43.9638157894737
14,2951,-53,-43.9638157894737
14,2952,-62,4.3469387755102
14,2953,-19,4.3469387755102
14,2954,-5,-20.283422459893
14,2955,3,0.298578199052133
14,2956,28,0.298578199052133
14,2957,84,79.7246376811594
14,2958,237,181.993377483444
14,2959,254,181.993377483444
14,2960,-280,-232.686666666667
14,2961,-148,-153.083870967742
14,2962,51,-116.339285714286
14,2963,18,-6.33333333333333
14,2964,46,-21.2602739726027
14,2965,-37,13
14,2966,21,4.3469387755102
14,2967,96,119.38679245283
14,2968,266,219.931034482759
14,2969,-141,-68.7368421052632
14,2970,-143,-153.083870967742
14,2971,-160,-116.339285714286
14,2972,15,-98.421052631579
14,2973,-20,26.1481481481481
14,2974,-23,-20.283422459893
14,2975,-58,-20.283422459893
14,2976,7,4.3469387755102
14,2977,-30,119.38679245283
14,2978,-51,-20.283422459893
14,2979,-23,-43.9638157894737
14,2980,-7,-20.283422459893
14,2981,35,0.298578199052133
14,2982,31,1.6875
14,2983,89,26.1481481481481
14,2984,165,181.993377483444
14,2985,162,131.511627906977
14,2986,22,-232.686666666667
14,2987,86,-111.968085106383
14,2988,-38,13
14,2989,45,-43.9638157894737
14,2990,-126,-21.2602739726027
14,2991,30,-43.9638157894737
14,2992,17,-21.2602739726027
14,2993,-49,50.6875
14,2994,-56,-43.9638157894737
14,2995,-39,-43.9638157894737
14,2996,-64,4.3469387755102
14,2997,-43,-43.9638157894737
14,2998,-54,-43.9638157894737
14,2999,-62,-43.9638157894737
14,3000,-36,-43.9638157894737
14,3001,-13,-43.9638157894737
14,3002,-54,0.298578199052133
14,3003,-47,-43.9638157894737
14,3004,-5,-43.9638157894737
14,3005,17,0.298578199052133
14,3006,46,79.7246376811594
14,3007,70,181.993377483444
14,3008,91,100.7
14,3009,220,15.3181818181818
14,3010,54,15.3181818181818
14,3011,50,-153.083870967742
14,3012,29,13
14,3013,-34,-21.2602739726027
14,3014,-64,-43.9638157894737
14,3015,-26,-43.9638157894737
14,3016,71,-20.283422459893
14,3017,2,-6.33333333333333
14,3018,-111,-2.77777777777778
14,3019,-91,-43.9638157894737
14,3020,-79,4.3469387755102
14,3021,-75,-43.9638157894737
14,3022,-91,-43.9638157894737
14,3023,-19,-43.9638157894737
14,3024,-37,-20.283422459893
14,3025,-17,4.3469387755102
14,3026,-9,-20.283422459893
14,3027,-1,0.298578199052133
14,3028,39,0.298578199052133
14,3029,115,79.7246376811594
14,3030,327,100.7
14,3031,123,181.993377483444
14,3032,-340,-232.686666666667
14,3033,-84,-41.6666666666667
14,3034,-3,7.72093023255814
14,3035,89,0.298578199052133
14,3036,-10,-6.33333333333333
14,3037,-9,0.298578199052133
14,3038,-18,0.298578199052133
14,3039,181,119.38679245283
14,3040,419,271.932203389831
14,3041,-42,-53
14,3042,-209,-153.083870967742
14,3043,-107,-116.339285714286
14,3044,-144,7.72093023255814
14,3045,-144,-43.9638157894737
14,3046,-84,-43.9638157894737
14,3047,-66,-43.9638157894737
14,3048,-7,4.3469387755102
14,3049,-21,-2.77777777777778
14,3050,0,-20.283422459893
14,3051,1,0.298578199052133
14,3052,29,0.298578199052133
14,3053,149,79.7246376811594
14,3054,364,181.993377483444
14,3055,104,-53
14,3056,-328,-232.686666666667
14,3057,-138,-116.339285714286
14,3058,45,7.72093023255814
14,3059,73,26.1481481481481
14,3060,-2,-6.33333333333333
14,3061,-39,0.298578199052133
14,3062,50,4.3469387755102
14,3063,99,79.1875
14,3064,484,271.932203389831
14,3065,-76,-55.9230769230769
14,3066,-212,-153.083870967742
14,3067,-107,-116.339285714286
14,3068,-177,7.72093023255814
14,3069,-83,-43.9638157894737
14,3070,-114,7.72093023255814
14,3071,-77,4.3469387755102
14,3072,-31,4.3469387755102
14,3073,-9,4.3469387755102
14,3074,-6,0.298578199052133
14,3075,3,0.298578199052133
14,3076,25,0.298578199052133
14,3077,164,79.7246376811594
14,3078,327,181.993377483444
14,3079,160,-53
14,3080,-405,-232.686666666667
14,3081,-110,-111.968085106383
14,3082,37,7.72093023255814
14,3083,113,26.1481481481481
14,3084,-1,-6.33333333333333
14,3085,-51,0.298578199052133
14,3086,-21,4.3469387755102
14,3087,143,119.38679245283
14,3088,451,271.932203389831
14,3089,-39,-53
14,3090,-161,-153.083870967742
14,3091,-198,-116.339285714286
14,3092,-78,-98.421052631579
14,3093,-70,7.72093023255814
14,3094,-138,-43.9638157894737
14,3095,-105,-43.9638157894737
14,3096,-29,4.3469387755102
14,3097,-12,-2.77777777777778
14,3098,-6,0.298578199052133
14,3099,4,0.298578199052133
14,3100,36,0.298578199052133
14,3101,146,79.7246376811594
14,3102,315,198.543859649123
14,3103,109,-53
14,3104,-266,-232.686666666667
14,3105,-167,-116.339285714286
14,3106,27,7.72093023255814
14,3107,65,26.1481481481481
14,3108,-40,-6.33333333333333
14,3109,18,-43.9638157894737
14,3110,-35,50.6875
14,3111,168,4.3469387755102
14,3112,318,271.932203389831
14,3113,-8,-53
14,3114,-126,-153.083870967742
14,3115,-101,-116.339285714286
14,3116,-72,-98.421052631579
14,3117,-124,-43.9638157894737
14,3118,-103,-43.9638157894737
14,3119,-57,-43.9638157894737
14,3120,-72,4.3469387755102
14,3121,-24,4.3469387755102
14,3122,-10,-20.283422459893
14,3123,2,0.298578199052133
14,3124,35,0.298578199052133
14,3125,118,79.7246376811594
14,3126,217,181.993377483444
14,3127,244,-53
14,3128,-324,-232.686666666667
14,3129,-129,-153.083870967742
14,3130,17,-116.339285714286
14,3131,38,26.1481481481481
14,3132,13,-21.2602739726027
14,3133,-6,-21.2602739726027
14,3134,-3,0.298578199052133
14,3135,121,119.38679245283
14,3136,188,219.931034482759
14,3137,-75,-53
14,3138,-101,-111.968085106383
14,3139,-55,-84.9268292682927
14,3140,-72,-43.9638157894737
14,3141,-73,-43.9638157894737
14,3142,-115,-43.9638157894737
14,3143,21,4.3469387755102
14,3144,-11,1.6875
14,3145,3,-2.77777777777778
14,3146,-38,0.298578199052133
14,3147,-5,4.3469387755102
14,3148,-8,0.298578199052133
14,3149,32,0.298578199052133
14,3150,50,26.1481481481481
14,3151,102,100.7
14,3152,81,13
14,3153,129,15.3181818181818
14,3154,48,-133.884615384615
14,3155,19,-41.6666666666667
14,3156,-43,26.1481481481481
14,3157,-19,-43.9638157894737
14,3158,-5,-20.283422459893
14,3159,-31,0.298578199052133
14,3160,-11,-43.9638157894737
14,3161,-23,0.298578199052133
14,3162,35,50.6875
14,3163,-82,1.6875
14,3164,-79,-43.9638157894737
14,3165,-41,-43.9638157894737
14,3166,-20,-43.9638157894737
14,3167,-3,-20.283422459893
14,3168,-56,0.298578199052133
14,3169,-3,4.3469387755102
14,3170,-57,0.298578199052133
14,3171,-29,-43.9638157894737
14,3172,6,-20.283422459893
14,3173,17,0.298578199052133
14,3174,23,79.7246376811594
14,3175,92,79.7246376811594
14,3176,77,16.7647058823529
14,3177,147,79.1875
14,3178,11,15.3181818181818
14,3179,56,-111.968085106383
14,3180,-13,13
14,3181,24,0.298578199052133
14,3182,-99,-21.2602739726027
14,3183,-32,-43.9638157894737
14,3184,100,-43.9638157894737
14,3185,-43,-6.33333333333333
14,3186,12,-43.9638157894737
14,3187,-50,1.6875
14,3188,-74,4.3469387755102
14,3189,-107,-43.9638157894737
14,3190,-41,-43.9638157894737
14,3191,-67,-43.9638157894737
14,3192,-26,-43.9638157894737
14,3193,-2,-20.283422459893
14,3194,-10,0.298578199052133
14,3195,7,0.298578199052133
14,3196,28,0.298578199052133
14,3197,96,79.7246376811594
14,3198,262,181.993377483444
14,3199,170,131.511627906977
14,3200,-273,-232.686666666667
14,3201,-121,-111.968085106383
14,3202,27,7.72093023255814
14,3203,56,26.1481481481481
14,3204,-21,-6.33333333333333
14,3205,-6,-20.283422459893
14,3206,4,0.298578199052133
14,3207,131,119.38679245283
14,3208,382,219.931034482759
14,3209,-17,-53
14,3210,-149,-153.083870967742
14,3211,-186,-116.339285714286
14,3212,-137,-98.421052631579
14,3213,-70,7.72093023255814
14,3214,-86,-43.9638157894737
14,3215,-49,-43.9638157894737
14,3216,-39,4.3469387755102
14,3217,-4,4.3469387755102
14,3218,-8,0.298578199052133
14,3219,4,0.298578199052133
14,3220,29,0.298578199052133
14,3221,119,79.7246376811594
14,3222,329,181.993377483444
14,3223,163,-53
14,3224,-374,-232.686666666667
14,3225,-63,-111.968085106383
14,3226,8,7.72093023255814
14,3227,55,0.298578199052133
14,3228,11,-6.33333333333333
14,3229,27,-21.2602739726027
14,3230,91,-21.2602739726027
14,3231,126,79.1875
14,3232,195,219.931034482759
14,3233,-95,-232.686666666667
14,3234,-130,-111.968085106383
14,3235,-121,-84.9268292682927
14,3236,-180,-43.9638157894737
14,3237,-19,-43.9638157894737
14,3238,-6,-20.283422459893
14,3239,-12,0.298578199052133
14,3240,-36,-2.77777777777778
14,3241,-30,4.3469387755102
14,3242,-61,-20.283422459893
14,3243,-16,-43.9638157894737
14,3244,3,-20.283422459893
14,3245,13,0.298578199052133
14,3246,40,79.7246376811594
14,3247,81,79.7246376811594
14,3248,140,181.993377483444
14,3249,154,15.3181818181818
14,3250,38,-232.686666666667
14,3251,9,-111.968085106383
14,3252,5,0.298578199052133
14,3253,48,0.298578199052133
14,3254,-93,-6.33333333333333
14,3255,-65,-43.9638157894737
14,3256,25,-43.9638157894737
14,3257,16,119.38679245283
14,3258,2,-2.77777777777778
14,3259,119,0.298578199052133
14,3260,33,16.7647058823529
14,3261,-82,-41.6666666666667
14,3262,-319,-43.9638157894737
14,3263,-95,-43.9638157894737
14,3264,-58,7.72093023255814
14,3265,-12,-43.9638157894737
14,3266,-11,0.298578199052133
14,3267,0,0.298578199052133
14,3268,22,0.298578199052133
14,3269,104,79.7246376811594
14,3270,210,271.932203389831
14,3271,207,181.993377483444
14,3272,-257,-232.686666666667
14,3273,-107,-153.083870967742
14,3274,58,7.72093023255814
14,3275,32,-6.33333333333333
14,3276,34,-21.2602739726027
14,3277,-69,-21.2602739726027
14,3278,13,4.3469387755102
14,3279,179,119.38679245283
14,3280,256,219.931034482759
14,3281,-82,-53
14,3282,-104,-153.083870967742
14,3283,-182,-116.339285714286
14,3284,2,-98.421052631579
14,3285,-98,0.298578199052133
14,3286,-94,-43.9638157894737
14,3287,-29,4.3469387755102
14,3288,-73,50.6875
14,3289,-12,4.3469387755102
14,3290,-10,0.298578199052133
14,3291,-1,0.298578199052133
14,3292,29,0.298578199052133
14,3293,96,79.7246376811594
14,3294,222,157.343434343434
14,3295,232,181.993377483444
14,3296,-281,-232.686666666667
14,3297,-94,-153.083870967742
14,3298,23,-116.339285714286
14,3299,98,26.1481481481481
14,3300,-38,-6.33333333333333
14,3301,-18,-43.9638157894737
14,3302,10,-20.283422459893
14,3303,84,119.38679245283
14,3304,207,219.931034482759
14,3305,-16,-68.7368421052632
14,3306,-142,-153.083870967742
14,3307,-82,-84.9268292682927
14,3308,-36,-43.9638157894737
14,3309,-12,-43.9638157894737
14,3310,-124,0.298578199052133
14,3311,-14,-43.9638157894737
14,3312,-79,-20.283422459893
14,3313,-13,4.3469387755102
14,3314,-27,0.298578199052133
14,3315,-15,-20.283422459893
14,3316,-2,-20.283422459893
14,3317,17,0.298578199052133
14,3318,40,79.7246376811594
14,3319,81,79.7246376811594
14,3320,104,100.7
14,3321,69,15.3181818181818
14,3322,42,15.3181818181818
14,3323,-25,26.1481481481481
14,3324,18,-20.283422459893
14,3325,-52,-21.2602739726027
14,3326,-2,-43.9638157894737
14,3327,-12,0.298578199052133
14,3328,-15,0.298578199052133
14,3329,-2,-20.283422459893
14,3330,10,0.298578199052133
14,3331,-11,26.1481481481481
14,3332,-75,0.298578199052133
14,3333,19,-43.9638157894737
14,3334,-72,1.6875
14,3335,-1,-43.9638157894737
14,3336,-23,0.298578199052133
14,3337,-54,-20.283422459893
14,3338,-35,4.3469387755102
14,3339,-22,-43.9638157894737
14,3340,-7,-20.283422459893
14,3341,15,0.298578199052133
14,3342,31,26.1481481481481
14,3343,78,79.7246376811594
14,3344,112,181.993377483444
14,3345,77,131.511627906977
14,3346,70,15.3181818181818
14,3347,-13,15.3181818181818
14,3348,-39,0.298578199052133
14,3349,-25,-43.9638157894737
14,3350,-14,-20.283422459893
14,3351,-7,-20.283422459893
14,3352,-21,0.298578199052133
14,3353,-17,-20.283422459893
14,3354,-3,-20.283422459893
14,3355,35,0.298578199052133
14,3356,-78,79.7246376811594
14,3357,-85,-43.9638157894737
14,3358,1,-43.9638157894737
14,3359,-84,0.298578199052133
14,3360,-21,-43.9638157894737
14,3361,-13,-20.283422459893
14,3362,0,0.298578199052133
14,3363,-3,0.298578199052133
14,3364,26,0.298578199052133
14,3365,64,26.1481481481481
14,3366,138,181.993377483444
14,3367,225,157.343434343434
14,3368,-92,-232.686666666667
14,3369,-188,-153.083870967742
14,3370,41,-84.9268292682927
14,3371,50,26.1481481481481
14,3372,-11,-6.33333333333333
14,3373,-13,0.298578199052133
14,3374,38,0.298578199052133
14,3375,133,119.38679245283
14,3376,436,181.993377483444
14,3377,23,-53
14,3378,-241,-153.083870967742
14,3379,-184,-116.339285714286
14,3380,-116,7.72093023255814
14,3381,-107,7.72093023255814
14,3382,-93,-43.9638157894737
14,3383,-62,-43.9638157894737
14,3384,-54,4.3469387755102
14,3385,1,4.3469387755102
14,3386,-13,0.298578199052133
14,3387,1,0.298578199052133
14,3388,38,0.298578199052133
14,3389,145,79.7246376811594
14,3390,333,181.993377483444
14,3391,129,-53
14,3392,-318,-232.686666666667
14,3393,-141,-41.6666666666667
14,3394,59,7.72093023255814
14,3395,23,-6.33333333333333
14,3396,8,-21.2602739726027
14,3397,-38,0.298578199052133
14,3398,23,4.3469387755102
14,3399,170,119.38679245283
14,3400,437,271.932203389831
14,3401,-53,-53
14,3402,-405,-153.083870967742
14,3403,-330,-116.339285714286
14,3404,6,7.72093023255814
14,3405,49,0.298578199052133
14,3406,-36,-6.33333333333333
14,3407,-59,-43.9638157894737
14,3408,-30,4.3469387755102
14,3409,-9,119.38679245283
14,3410,0,0.298578199052133
14,3411,2,0.298578199052133
14,3412,34,0.298578199052133
14,3413,144,79.7246376811594
14,3414,312,181.993377483444
14,3415,177,-53
14,3416,-346,-232.686666666667
14,3417,-133,-111.968085106383
14,3418,34,7.72093023255814
14,3419,63,26.1481481481481
14,3420,-19,-6.33333333333333
14,3421,-32,-20.283422459893
14,3422,35,4.3469387755102
14,3423,135,119.38679245283
14,3424,419,219.931034482759
14,3425,-16,-53
14,3426,-181,-153.083870967742
14,3427,-150,-116.339285714286
14,3428,-92,7.72093023255814
14,3429,-147,-43.9638157894737
14,3430,-92,-43.9638157894737
14,3431,-96,-43.9638157894737
14,3432,-35,4.3469387755102
14,3433,-12,4.3469387755102
14,3434,1,0.298578199052133
14,3435,-5,0.298578199052133
14,3436,39,0.298578199052133
14,3437,134,79.7246376811594
14,3438,334,181.993377483444
14,3439,190,-53
14,3440,-375,-232.686666666667
14,3441,-113,-111.968085106383
14,3442,1,7.72093023255814
14,3443,77,0.298578199052133
14,3444,-15,-6.33333333333333
14,3445,-68,-20.283422459893
14,3446,62,4.3469387755102
14,3447,168,79.1875
14,3448,356,219.931034482759
14,3449,30,-232.686666666667
14,3450,-196,-153.083870967742
14,3451,-115,-116.339285714286
14,3452,-141,7.72093023255814
14,3453,-55,-43.9638157894737
14,3454,-107,-43.9638157894737
14,3455,-116,-43.9638157894737
14,3456,-36,4.3469387755102
14,3457,-42,4.3469387755102
14,3458,-8,4.3469387755102
14,3459,2,0.298578199052133
14,3460,23,0.298578199052133
14,3461,93,79.7246376811594
14,3462,253,181.993377483444
14,3463,333,181.993377483444
14,3464,-299,-232.686666666667
14,3465,-146,-153.083870967742
14,3466,20,-116.339285714286
14,3467,91,26.1481481481481
14,3468,-5,-6.33333333333333
14,3469,-5,0.298578199052133
14,3470,-16,0.298578199052133
14,3471,139,119.38679245283
14,3472,343,219.931034482759
14,3473,-204,-53
14,3474,-143,-153.083870967742
14,3475,-99,-116.339285714286
14,3476,-90,-98.421052631579
14,3477,-36,-43.9638157894737
14,3478,-51,-43.9638157894737
14,3479,-21,4.3469387755102
14,3480,-73,-2.77777777777778
14,3481,-17,4.3469387755102
14,3482,-61,-20.283422459893
14,3483,-31,-43.9638157894737
14,3484,-4,-43.9638157894737
14,3485,30,0.298578199052133
14,3486,13,79.7246376811594
14,3487,103,79.7246376811594
14,3488,131,100.7
14,3489,119,79.1875
14,3490,38,-232.686666666667
14,3491,60,-41.6666666666667
14,3492,92,13
14,3493,41,13
14,3494,-72,-21.2602739726027
14,3495,6,-43.9638157894737
14,3496,-108,0.298578199052133
14,3497,-107,-43.9638157894737
14,3498,80,-43.9638157894737
14,3499,-75,-6.33333333333333
14,3500,-87,4.3469387755102
14,3501,-44,-43.9638157894737
14,3502,-14,4.3469387755102
14,3503,-24,-20.283422459893
14,3504,-19,-20.283422459893
14,3505,-53,-20.283422459893
14,3506,-58,4.3469387755102
14,3507,-38,-43.9638157894737
14,3508,-10,-43.9638157894737
14,3509,6,0.298578199052133
14,3510,32,0.298578199052133
14,3511,86,79.7246376811594
14,3512,88,181.993377483444
14,3513,161,131.511627906977
14,3514,69,15.3181818181818
14,3515,38,-111.968085106383
14,3516,-9,26.1481481481481
14,3517,-4,0.298578199052133
14,3518,13,0.298578199052133
14,3519,6,-21.2602739726027
14,3520,-59,0.298578199052133
14,3521,-124,-43.9638157894737
14,3522,0,-43.9638157894737
14,3523,-18,0.298578199052133
14,3524,-71,-20.283422459893
14,3525,-93,-43.9638157894737
14,3526,-39,-43.9638157894737
14,3527,-48,4.3469387755102
14,3528,-32,-43.9638157894737
14,3529,4,-43.9638157894737
14,3530,-9,0.298578199052133
14,3531,6,0.298578199052133
14,3532,38,0.298578199052133
14,3533,90,79.7246376811594
14,3534,343,181.993377483444
14,3535,184,131.511627906977
14,3536,-319,-232.686666666667
14,3537,-162,-111.968085106383
14,3538,-4,7.72093023255814
14,3539,55,0.298578199052133
14,3540,2,-6.33333333333333
14,3541,-27,0.298578199052133
14,3542,25,-20.283422459893
14,3543,149,119.38679245283
14,3544,369,219.931034482759
14,3545,39,-53
14,3546,-199,-153.083870967742
14,3547,-141,-116.339285714286
14,3548,-126,7.72093023255814
14,3549,-44,-43.9638157894737
14,3550,-118,-43.9638157894737
14,3551,-113,-43.9638157894737
14,3552,-28,4.3469387755102
14,3553,-18,-2.77777777777778
14,3554,-4,-20.283422459893
14,3555,4,0.298578199052133
14,3556,31,0.298578199052133
14,3557,175,79.7246376811594
14,3558,313,181.993377483444
14,3559,135,-53
14,3560,-341,-232.686666666667
14,3561,-161,-111.968085106383
14,3562,47,7.72093023255814
14,3563,48,-6.33333333333333
14,3564,-33,-6.33333333333333
14,3565,-7,-43.9638157894737
14,3566,30,50.6875
14,3567,137,119.38679245283
14,3568,389,271.932203389831
14,3569,2,-53
14,3570,-225,-153.083870967742
14,3571,-120,-116.339285714286
14,3572,-94,7.72093023255814
14,3573,-89,-43.9638157894737
14,3574,-83,-43.9638157894737
14,3575,-108,-43.9638157894737
14,3576,-37,4.3469387755102
14,3577,-8,4.3469387755102
14,3578,-4,0.298578199052133
14,3579,2,0.298578199052133
14,3580,40,0.298578199052133
14,3581,116,79.7246376811594
14,3582,333,181.993377483444
14,3583,184,-53
14,3584,-382,-232.686666666667
14,3585,-159,-111.968085106383
14,3586,45,7.72093023255814
14,3587,19,26.1481481481481
14,3588,1,-21.2602739726027
14,3589,-33,0.298578199052133
14,3590,24,4.3469387755102
14,3591,30,119.38679245283
14,3592,146,119.38679245283
14,3593,273,-6.33333333333333
14,3594,-127,-53
14,3595,-150,-153.083870967742
14,3596,-47,-116.339285714286
14,3597,-31,-98.421052631579
14,3598,-157,-43.9638157894737
14,3599,-65,-43.9638157894737
14,3600,-41,4.3469387755102
14,3601,-18,4.3469387755102
14,3602,-2,-2.77777777777778
14,3603,3,0.298578199052133
14,3604,32,0.298578199052133
14,3605,112,79.7246376811594
14,3606,321,198.543859649123
14,3607,184,181.993377483444
14,3608,-339,-232.686666666667
14,3609,-120,-111.968085106383
14,3610,18,7.72093023255814
14,3611,58,26.1481481481481
14,3612,-20,-6.33333333333333
14,3613,-57,-20.283422459893
14,3614,95,4.3469387755102
14,3615,66,79.1875
14,3616,413,219.931034482759
14,3617,6,-55.9230769230769
14,3618,-244,-153.083870967742
14,3619,-28,-116.339285714286
14,3620,-173,-20.283422459893
14,3621,-264,-43.9638157894737
14,3622,-3,7.72093023255814
14,3623,-31,0.298578199052133
14,3624,-23,4.3469387755102
14,3625,8,-2.77777777777778
14,3626,17,0.298578199052133
14,3627,-27,79.7246376811594
14,3628,33,-20.283422459893
14,3629,84,1.6875
14,3630,234,79.1875
14,3631,331,157.343434343434
14,3632,-318,-232.686666666667
14,3633,-140,-153.083870967742
14,3634,-21,-116.339285714286
14,3635,62,-20.283422459893
14,3636,-118,-6.33333333333333
14,3637,73,-43.9638157894737
14,3638,-13,13
14,3639,220,50.6875
14,3640,279,219.931034482759
14,3641,-93,-53
14,3642,-220,-153.083870967742
14,3643,-151,-116.339285714286
14,3644,-129,7.72093023255814
14,3645,13,-43.9638157894737
14,3646,31,26.1481481481481
14,3647,-63,-21.2602739726027
14,3648,-31,4.3469387755102
14,3649,-12,4.3469387755102
14,3650,-35,0.298578199052133
14,3651,-9,-43.9638157894737
14,3652,1,0.298578199052133
14,3653,-2,0.298578199052133
14,3654,22,0.298578199052133
14,3655,75,79.7246376811594
14,3656,95,157.343434343434
14,3657,61,181.993377483444
14,3658,37,15.3181818181818
14,3659,152,26.1481481481481
14,3660,-103,-133.884615384615
14,3661,-11,-111.968085106383
14,3662,37,0.298578199052133
14,3663,-54,-21.2602739726027
14,3664,-85,-43.9638157894737
14,3665,-64,-43.9638157894737
14,3666,61,4.3469387755102
14,3667,-24,181.993377483444
14,3668,-51,-2.77777777777778
14,3669,17,-43.9638157894737
14,3670,-31,1.6875
14,3671,-36,4.3469387755102
14,3672,17,-43.9638157894737
14,3673,-8,26.1481481481481
14,3674,-79,0.298578199052133
14,3675,-27,-43.9638157894737
14,3676,-10,-20.283422459893
14,3677,13,0.298578199052133
14,3678,19,1.6875
14,3679,115,26.1481481481481
14,3680,105,100.7
14,3681,121,79.1875
14,3682,126,15.3181818181818
14,3683,-1,-232.686666666667
14,3684,122,-41.6666666666667
14,3685,-10,-133.884615384615
14,3686,8,-41.6666666666667
14,3687,4,0.298578199052133
14,3688,-72,0.298578199052133
14,3689,-41,-43.9638157894737
14,3690,7,-43.9638157894737
14,3691,-144,119.38679245283
14,3692,-33,-43.9638157894737
14,3693,-154,-43.9638157894737
14,3694,-68,4.3469387755102
14,3695,-76,-43.9638157894737
14,3696,-20,-43.9638157894737
14,3697,-10,-20.283422459893
14,3698,-15,0.298578199052133
14,3699,6,-20.283422459893
14,3700,43,0.298578199052133
14,3701,106,79.7246376811594
14,3702,264,181.993377483444
14,3703,317,15.3181818181818
14,3704,-393,-232.686666666667
14,3705,-145,-153.083870967742
14,3706,-2,-116.339285714286
14,3707,116,0.298578199052133
14,3708,-74,-6.33333333333333
14,3709,31,-41.6666666666667
14,3710,10,-21.2602739726027
14,3711,176,119.38679245283
14,3712,390,219.931034482759
14,3713,-106,-53
14,3714,-159,-153.083870967742
14,3715,-179,-116.339285714286
14,3716,-107,-98.421052631579
14,3717,-87,7.72093023255814
14,3718,-95,-43.9638157894737
14,3719,-50,4.3469387755102
14,3720,-47,4.3469387755102
14,3721,-1,4.3469387755102
14,3722,-10,0.298578199052133
14,3723,0,0.298578199052133
14,3724,44,0.298578199052133
14,3725,140,79.7246376811594
14,3726,326,181.993377483444
14,3727,227,-176.777777777778
14,3728,-404,-232.686666666667
14,3729,-121,-153.083870967742
14,3730,-17,7.72093023255814
14,3731,28,-20.283422459893
14,3732,44,-21.2602739726027
14,3733,-29,-21.2602739726027
14,3734,41,50.6875
14,3735,170,50.6875
14,3736,414,219.931034482759
14,3737,8,-176.777777777778
14,3738,-245,-153.083870967742
14,3739,-109,-116.339285714286
14,3740,-145,7.72093023255814
14,3741,-109,-43.9638157894737
14,3742,-77,-43.9638157894737
14,3743,-126,-43.9638157894737
14,3744,-38,4.3469387755102
14,3745,-16,4.3469387755102
14,3746,0,-20.283422459893
14,3747,-8,0.298578199052133
14,3748,55,0.298578199052133
14,3749,131,181.993377483444
14,3750,317,181.993377483444
14,3751,281,-232.686666666667
14,3752,-446,-232.686666666667
14,3753,-111,-153.083870967742
14,3754,50,-116.339285714286
14,3755,29,-6.33333333333333
14,3756,2,-21.2602739726027
14,3757,-65,0.298578199052133
14,3758,70,4.3469387755102
14,3759,167,79.1875
14,3760,429,219.931034482759
14,3761,-22,-232.686666666667
14,3762,-193,-153.083870967742
14,3763,-131,-116.339285714286
14,3764,-170,7.72093023255814
14,3765,-119,-43.9638157894737
14,3766,-39,7.72093023255814
14,3767,-147,-43.9638157894737
14,3768,-63,4.3469387755102
14,3769,-8,4.3469387755102
14,3770,-13,0.298578199052133
14,3771,-4,0.298578199052133
14,3772,38,0.298578199052133
14,3773,139,79.7246376811594
14,3774,314,181.993377483444
14,3775,234,-53
14,3776,-385,-232.686666666667
14,3777,-122,-153.083870967742
14,3778,-10,-116.339285714286
14,3779,67,0.298578199052133
14,3780,-37,-6.33333333333333
14,3781,-29,-43.9638157894737
14,3782,25,50.6875
14,3783,136,119.38679245283
14,3784,364,219.931034482759
14,3785,-50,-53
14,3786,-74,-153.083870967742
14,3787,-168,-116.339285714286
14,3788,-175,-98.421052631579
14,3789,-37,7.72093023255814
14,3790,-89,7.72093023255814
14,3791,-48,-43.9638157894737
14,3792,-43,4.3469387755102
14,3793,-28,4.3469387755102
14,3794,-14,-20.283422459893
14,3795,-4,-20.283422459893
14,3796,29,0.298578199052133
14,3797,102,79.7246376811594
14,3798,271,181.993377483444
14,3799,266,181.993377483444
14,3800,-313,-232.686666666667
14,3801,-132,-153.083870967742
14,3802,20,-116.339285714286
14,3803,48,26.1481481481481
14,3804,15,-6.33333333333333
14,3805,12,-21.2602739726027
14,3806,-3,-21.2602739726027
14,3807,176,119.38679245283
14,3808,200,219.931034482759
14,3809,-77,-53
14,3810,-106,-153.083870967742
14,3811,-162,-84.9268292682927
14,3812,-94,-43.9638157894737
14,3813,-61,-43.9638157894737
14,3814,-10,-43.9638157894737
14,3815,2,0.298578199052133
14,3816,-111,-2.77777777777778
14,3817,10,4.3469387755102
14,3818,-47,1.6875
14,3819,-32,-43.9638157894737
14,3820,3,-43.9638157894737
14,3821,36,0.298578199052133
14,3822,26,26.1481481481481
14,3823,87,79.7246376811594
14,3824,174,13
14,3825,58,79.1875
14,3826,62,-111.968085106383
14,3827,30,13
14,3828,11,26.1481481481481
14,3829,-4,-21.2602739726027
14,3830,3,0.298578199052133
14,3831,-10,0.298578199052133
14,3832,-8,0.298578199052133
14,3833,2,119.38679245283
14,3834,-143,0.298578199052133
14,3835,-105,-43.9638157894737
14,3836,67,-43.9638157894737
14,3837,-24,147.878787878788
14,3838,-68,-20.283422459893
14,3839,-20,-43.9638157894737
14,3840,-30,-20.283422459893
14,3841,-46,-20.283422459893
14,3842,-57,-43.9638157894737
14,3843,-42,-43.9638157894737
14,3844,4,4.3469387755102
14,3845,1,0.298578199052133
14,3846,22,0.298578199052133
14,3847,87,79.7246376811594
14,3848,99,131.511627906977
14,3849,155,181.993377483444
14,3850,128,15.3181818181818
14,3851,2,-232.686666666667
14,3852,-28,-41.6666666666667
14,3853,39,-20.283422459893
14,3854,-21,-21.2602739726027
14,3855,20,-20.283422459893
14,3856,10,-21.2602739726027
14,3857,-112,-21.2602739726027
14,3858,24,-43.9638157894737
14,3859,-140,50.6875
14,3860,-32,-43.9638157894737
14,3861,-123,-43.9638157894737
14,3862,-48,-43.9638157894737
14,3863,-42,4.3469387755102
14,3864,-39,-43.9638157894737
14,3865,-11,4.3469387755102
14,3866,-5,0.298578199052133
14,3867,2,0.298578199052133
14,3868,42,0.298578199052133
14,3869,114,79.7246376811594
14,3870,308,181.993377483444
14,3871,282,181.993377483444
14,3872,-458,-232.686666666667
14,3873,-104,-153.083870967742
14,3874,26,-116.339285714286
14,3875,63,26.1481481481481
14,3876,-52,-6.33333333333333
14,3877,28,-43.9638157894737
14,3878,-18,-21.2602739726027
14,3879,189,119.38679245283
14,3880,402,219.931034482759
14,3881,-15,-53
14,3882,-147,-153.083870967742
14,3883,-203,-116.339285714286
14,3884,-140,-98.421052631579
14,3885,-92,7.72093023255814
14,3886,-80,-43.9638157894737
14,3887,-112,-43.9638157894737
14,3888,-17,4.3469387755102
14,3889,-13,-2.77777777777778
14,3890,-2,0.298578199052133
14,3891,0,0.298578199052133
14,3892,39,0.298578199052133
14,3893,149,79.7246376811594
14,3894,319,181.993377483444
14,3895,247,-53
14,3896,-427,-232.686666666667
14,3897,-106,-153.083870967742
14,3898,-3,-116.339285714286
14,3899,24,0.298578199052133
14,3900,40,-21.2602739726027
14,3901,-28,-21.2602739726027
14,3902,-116,50.6875
14,3903,258,4.3469387755102
14,3904,418,219.931034482759
14,3905,37,-53
14,3906,-243,-153.083870967742
14,3907,-162,-116.339285714286
14,3908,-100,7.72093023255814
14,3909,-95,-43.9638157894737
14,3910,-110,-43.9638157894737
14,3911,-100,-43.9638157894737
14,3912,-14,4.3469387755102
14,3913,-20,-2.77777777777778
14,3914,-6,-20.283422459893
14,3915,-3,0.298578199052133
14,3916,45,0.298578199052133
14,3917,136,79.7246376811594
14,3918,302,181.993377483444
14,3919,194,-176.777777777778
14,3920,-331,-232.686666666667
14,3921,-114,-111.968085106383
14,3922,-2,7.72093023255814
14,3923,50,0.298578199052133
14,3924,-4,-6.33333333333333
14,3925,-17,0.298578199052133
14,3926,32,50.6875
14,3927,184,119.38679245283
14,3928,358,219.931034482759
14,3929,54,-53
14,3930,-239,-153.083870967742
14,3931,-139,-116.339285714286
14,3932,-193,7.72093023255814
14,3933,-32,-43.9638157894737
14,3934,-136,7.72093023255814
14,3935,-89,-43.9638157894737
14,3936,-21,4.3469387755102
14,3937,-31,-2.77777777777778
14,3938,-5,4.3469387755102
14,3939,3,0.298578199052133
14,3940,32,0.298578199052133
14,3941,142,79.7246376811594
14,3942,290,198.543859649123
14,3943,266,-53
14,3944,-396,-232.686666666667
14,3945,-162,-153.083870967742
14,3946,45,-116.339285714286
14,3947,60,26.1481481481481
14,3948,24,-6.33333333333333
14,3949,-85,-21.2602739726027
14,3950,45,4.3469387755102
14,3951,136,119.38679245283
14,3952,459,219.931034482759
14,3953,-98,-176.777777777778
14,3954,-160,-153.083870967742
14,3955,-180,-116.339285714286
14,3956,-85,-98.421052631579
14,3957,-80,7.72093023255814
14,3958,-85,-43.9638157894737
14,3959,-106,4.3469387755102
14,3960,-28,4.3469387755102
14,3961,-29,-2.77777777777778
14,3962,-8,-20.283422459893
14,3963,6,0.298578199052133
14,3964,25,0.298578199052133
14,3965,126,79.7246376811594
14,3966,258,181.993377483444
14,3967,247,-53
14,3968,-272,-232.686666666667
14,3969,-147,-153.083870967742
14,3970,14,-116.339285714286
14,3971,75,26.1481481481481
14,3972,7,-6.33333333333333
14,3973,-14,0.298578199052133
14,3974,49,50.6875
14,3975,112,79.1875
14,3976,249,219.931034482759
14,3977,-70,-55.9230769230769
14,3978,-202,-153.083870967742
14,3979,-80,-116.339285714286
14,3980,-111,7.72093023255814
14,3981,-76,-43.9638157894737
14,3982,-6,-43.9638157894737
14,3983,-35,0.298578199052133
14,3984,-39,4.3469387755102
14,3985,-38,4.3469387755102
14,3986,-54,4.3469387755102
14,3987,-17,4.3469387755102
14,3988,4,-20.283422459893
14,3989,32,0.298578199052133
14,3990,18,79.7246376811594
14,3991,114,79.7246376811594
14,3992,97,131.511627906977
14,3993,118,131.511627906977
14,3994,74,15.3181818181818
14,3995,77,-41.6666666666667
14,3996,-20,13
14,3997,-55,-20.283422459893
14,3998,17,-43.9638157894737
14,3999,-39,-21.2602739726027
14,4000,42,-43.9638157894737
14,4001,-2,-21.2602739726027
14,4002,-93,0.298578199052133
14,4003,-85,-43.9638157894737
14,4004,-23,-43.9638157894737
14,4005,-20,-20.283422459893
14,4006,-47,-20.283422459893
14,4007,-69,-43.9638157894737
14,4008,-66,4.3469387755102
14,4009,-14,4.3469387755102
14,4010,-32,-20.283422459893
14,4011,-27,-43.9638157894737
14,4012,5,-20.283422459893
14,4013,0,0.298578199052133
14,4014,49,0.298578199052133
14,4015,40,181.993377483444
14,4016,121,79.7246376811594
14,4017,135,181.993377483444
14,4018,73,-53
14,4019,54,-111.968085106383
14,4020,32,13
14,4021,3,26.1481481481481
14,4022,-76,0.298578199052133
14,4023,-29,-43.9638157894737
14,4024,-39,-20.283422459893
14,4025,-153,-43.9638157894737
14,4026,-44,-43.9638157894737
14,4027,8,-43.9638157894737
14,4028,15,0.298578199052133
14,4029,-51,79.7246376811594
14,4030,-70,-43.9638157894737
14,4031,-54,4.3469387755102
14,4032,-22,-43.9638157894737
14,4033,-6,-20.283422459893
14,4034,0,0.298578199052133
14,4035,6,0.298578199052133
14,4036,14,0.298578199052133
14,4037,116,79.7246376811594
14,4038,266,181.993377483444
14,4039,198,-53
14,4040,-329,-232.686666666667
14,4041,-63,-153.083870967742
14,4042,47,7.72093023255814
14,4043,25,-6.33333333333333
14,4044,4,-21.2602739726027
14,4045,-2,0.298578199052133
14,4046,-13,0.298578199052133
14,4047,177,119.38679245283
14,4048,407,219.931034482759
14,4049,-15,-53
14,4050,-203,-153.083870967742
14,4051,-183,-116.339285714286
14,4052,-140,7.72093023255814
14,4053,-110,7.72093023255814
14,4054,-94,-43.9638157894737
14,4055,-66,-43.9638157894737
14,4056,-29,4.3469387755102
14,4057,-5,-2.77777777777778
14,4058,-7,0.298578199052133
14,4059,3,0.298578199052133
14,4060,27,0.298578199052133
14,4061,143,79.7246376811594
14,4062,323,181.993377483444
14,4063,203,-53
14,4064,-378,-232.686666666667
14,4065,-77,-153.083870967742
14,4066,-36,7.72093023255814
14,4067,69,-43.9638157894737
14,4068,-30,-6.33333333333333
14,4069,8,-20.283422459893
14,4070,45,-2.77777777777778
14,4071,139,50.6875
14,4072,423,219.931034482759
14,4073,-54,-176.777777777778
14,4074,-204,-153.083870967742
14,4075,-162,-116.339285714286
14,4076,-131,7.72093023255814
14,4077,-93,-43.9638157894737
14,4078,-86,-43.9638157894737
14,4079,-80,-43.9638157894737
14,4080,-35,4.3469387755102
14,4081,-17,4.3469387755102
14,4082,1,-20.283422459893
14,4083,0,0.298578199052133
14,4084,36,0.298578199052133
14,4085,130,79.7246376811594
14,4086,309,181.993377483444
14,4087,255,-53
14,4088,-396,-232.686666666667
14,4089,-127,-153.083870967742
14,4090,25,-116.339285714286
14,4091,41,26.1481481481481
14,4092,33,-21.2602739726027
14,4093,-77,-21.2602739726027
14,4094,42,4.3469387755102
14,4095,163,119.38679245283
14,4096,417,219.931034482759
14,4097,4,-176.777777777778
14,4098,-176,-153.083870967742
14,4099,-186,-116.339285714286
14,4100,-119,7.72093023255814
14,4101,-148,7.72093023255814
14,4102,-97,-43.9638157894737
14,4103,-69,-43.9638157894737
14,4104,-39,4.3469387755102
14,4105,-14,4.3469387755102
14,4106,-8,-20.283422459893
14,4107,4,0.298578199052133
14,4108,31,0.298578199052133
14,4109,126,79.7246376811594
14,4110,308,181.993377483444
14,4111,223,-53
14,4112,-345,-232.686666666667
14,4113,-148,-153.083870967742
14,4114,55,7.72093023255814
14,4115,17,-6.33333333333333
14,4116,4,-21.2602739726027
14,4117,-34,0.298578199052133
14,4118,20,4.3469387755102
14,4119,150,119.38679245283
14,4120,393,219.931034482759
14,4121,1,-53
14,4122,-188,-153.083870967742
14,4123,-145,-116.339285714286
14,4124,-142,7.72093023255814
14,4125,-77,-43.9638157894737
14,4126,-103,-43.9638157894737
14,4127,-71,-43.9638157894737
14,4128,-44,4.3469387755102
14,4129,-21,4.3469387755102
14,4130,-11,-20.283422459893
14,4131,-2,0.298578199052133
14,4132,26,0.298578199052133
14,4133,11,79.7246376811594
14,4134,89,79.7246376811594
14,4135,-14,181.993377483444
14,4136,101,-20.283422459893
14,4137,-27,15.3181818181818
14,4138,58,-20.283422459893
14,4139,64,13
14,4140,-25,-6.33333333333333
14,4141,17,-20.283422459893
14,4142,17,1.6875
14,4143,143,26.1481481481481
14,4144,263,157.343434343434
14,4145,-90,-53
14,4146,-148,-153.083870967742
14,4147,-122,-116.339285714286
14,4148,-84,-98.421052631579
14,4149,-68,-43.9638157894737
14,4150,-26,-43.9638157894737
14,4151,-12,-20.283422459893
14,4152,-64,-2.77777777777778
14,4153,-31,4.3469387755102
14,4154,-64,4.3469387755102
14,4155,-11,4.3469387755102
14,4156,1,0.298578199052133
14,4157,12,0.298578199052133
14,4158,39,79.7246376811594
14,4159,100,79.7246376811594
14,4160,109,181.993377483444
14,4161,136,15.3181818181818
14,4162,92,15.3181818181818
14,4163,47,-232.686666666667
14,4164,23,13
14,4165,-31,-21.2602739726027
14,4166,24,-43.9638157894737
14,4167,-31,-21.2602739726027
14,4168,-19,-43.9638157894737
14,4169,-212,-20.283422459893
14,4170,-25,-43.9638157894737
14,4171,-115,-20.283422459893
14,4172,-32,-43.9638157894737
14,4173,40,-43.9638157894737
14,4174,-5,1.6875
14,4175,-43,0.298578199052133
14,4176,-7,-43.9638157894737
14,4177,-27,0.298578199052133
14,4178,-38,-20.283422459893
14,4179,-38,-43.9638157894737
14,4180,0,-43.9638157894737
14,4181,6,0.298578199052133
14,4182,23,0.298578199052133
14,4183,80,79.7246376811594
14,4184,98,100.7
14,4185,111,131.511627906977
14,4186,121,15.3181818181818
14,4187,56,-133.884615384615
14,4188,38,-41.6666666666667
14,4189,36,26.1481481481481
14,4190,-2,-21.2602739726027
14,4191,-64,0.298578199052133
14,4192,-8,-43.9638157894737
14,4193,-14,0.298578199052133
14,4194,-26,-20.283422459893
14,4195,-165,-20.283422459893
14,4196,-80,-43.9638157894737
14,4197,-39,4.3469387755102
14,4198,-71,-43.9638157894737
14,4199,-63,-43.9638157894737
14,4200,-33,-43.9638157894737
14,4201,-5,4.3469387755102
14,4202,-3,0.298578199052133
14,4203,5,0.298578199052133
14,4204,25,0.298578199052133
14,4205,123,79.7246376811594
14,4206,277,181.993377483444
14,4207,237,-53
14,4208,-368,-232.686666666667
14,4209,-106,-153.083870967742
14,4210,46,-116.339285714286
14,4211,31,-6.33333333333333
14,4212,-22,-21.2602739726027
14,4213,-6,-20.283422459893
14,4214,26,0.298578199052133
14,4215,190,119.38679245283
14,4216,354,219.931034482759
14,4217,-6,-53
14,4218,-257,-153.083870967742
14,4219,-123,-116.339285714286
14,4220,-142,7.72093023255814
14,4221,-98,-43.9638157894737
14,4222,-64,-43.9638157894737
14,4223,-68,-43.9638157894737
14,4224,-33,4.3469387755102
14,4225,-16,4.3469387755102
14,4226,-8,-20.283422459893
14,4227,2,0.298578199052133
14,4228,31,0.298578199052133
14,4229,28,79.7246376811594
14,4230,115,79.7246376811594
14,4231,439,181.993377483444
14,4232,-216,131.511627906977
14,4233,-194,-153.083870967742
14,4234,-12,-116.339285714286
14,4235,104,0.298578199052133
14,4236,-14,-6.33333333333333
14,4237,-31,-20.283422459893
14,4238,28,4.3469387755102
14,4239,175,1.6875
14,4240,354,219.931034482759
14,4241,42,-53
14,4242,-227,-153.083870967742
14,4243,-191,-116.339285714286
14,4244,-128,7.72093023255814
14,4245,-119,7.72093023255814
14,4246,-22,-43.9638157894737
14,4247,-107,-20.283422459893
14,4248,-23,4.3469387755102
14,4249,-29,-2.77777777777778
14,4250,3,-20.283422459893
14,4251,-7,0.298578199052133
14,4252,35,0.298578199052133
14,4253,133,1.6875
14,4254,320,181.993377483444
14,4255,190,-53
14,4256,-315,-232.686666666667
14,4257,-134,-111.968085106383
14,4258,2,7.72093023255814
14,4259,72,0.298578199052133
14,4260,-13,-6.33333333333333
14,4261,-39,0.298578199052133
14,4262,11,4.3469387755102
14,4263,165,119.38679245283
14,4264,420,219.931034482759
14,4265,-3,-53
14,4266,-199,-153.083870967742
14,4267,-222,-116.339285714286
14,4268,-112,7.72093023255814
14,4269,-89,7.72093023255814
14,4270,-88,-43.9638157894737
14,4271,-62,-43.9638157894737
14,4272,-55,4.3469387755102
14,4273,-6,4.3469387755102
14,4274,-11,0.298578199052133
14,4275,1,0.298578199052133
14,4276,32,0.298578199052133
14,4277,128,79.7246376811594
14,4278,299,181.993377483444
14,4279,218,-53
14,4280,-345,-232.686666666667
14,4281,-138,-153.083870967742
14,4282,75,7.72093023255814
14,4283,69,-6.33333333333333
14,4284,-43,-68.7368421052632
14,4285,-52,-43.9638157894737
14,4286,12,4.3469387755102
14,4287,159,119.38679245283
14,4288,478,219.931034482759
14,4289,-65,-53
14,4290,-155,-153.083870967742
14,4291,-163,-116.339285714286
14,4292,-158,-98.421052631579
14,4293,-102,-43.9638157894737
14,4294,-28,-43.9638157894737
14,4295,-138,-20.283422459893
14,4296,-34,4.3469387755102
14,4297,-35,4.3469387755102
14,4298,-13,4.3469387755102
14,4299,3,0.298578199052133
14,4300,27,0.298578199052133
14,4301,121,79.7246376811594
14,4302,222,181.993377483444
14,4303,289,-53
14,4304,-290,-232.686666666667
14,4305,-147,-153.083870967742
14,4306,72,-116.339285714286
14,4307,62,-6.33333333333333
14,4308,-8,-68.7368421052632
14,4309,-29,0.298578199052133
14,4310,55,-20.283422459893
14,4311,105,79.1875
14,4312,303,219.931034482759
14,4313,-122,-55.9230769230769
14,4314,-178,-153.083870967742
14,4315,-132,-116.339285714286
14,4316,-104,7.72093023255814
14,4317,-42,-43.9638157894737
14,4318,-92,-43.9638157894737
14,4319,-16,4.3469387755102
14,4320,-13,-20.283422459893
14,4321,-49,-2.77777777777778
14,4322,-13,4.3469387755102
14,4323,-17,0.298578199052133
14,4324,-4,-20.283422459893
14,4325,18,0.298578199052133
14,4326,37,79.7246376811594
14,4327,125,79.7246376811594
14,4328,103,181.993377483444
14,4329,188,-53
14,4330,56,15.3181818181818
14,4331,118,-111.968085106383
14,4332,-10,-133.884615384615
14,4333,-46,-41.6666666666667
14,4334,-2,-43.9638157894737
14,4335,45,0.298578199052133
14,4336,-6,-21.2602739726027
14,4337,-81,0.298578199052133
14,4338,-66,-43.9638157894737
14,4339,-147,-43.9638157894737
14,4340,-3,-43.9638157894737
14,4341,-77,0.298578199052133
14,4342,-26,-43.9638157894737
15,1,76,42.45
15,2,-10,124.210526315789
15,3,33,-16.8328267477204
15,4,65,-13.468085106383
15,5,73,132.925
15,6,31,7.91891891891892
15,7,-49,-13.468085106383
15,8,26,-36.6445182724253
15,9,-9,-13.468085106383
15,10,-27,-16.8328267477204
15,11,-11,-16.8328267477204
15,12,-70,-16.8328267477204
15,13,-46,-36.6445182724253
15,14,-28,-36.6445182724253
15,15,-36,-16.8328267477204
15,16,-36,-36.6445182724253
15,17,-14,-36.6445182724253
15,18,-5,-16.8328267477204
15,19,-4,1.36963696369637
15,20,-1,1.36963696369637
15,21,13,1.36963696369637
15,22,71,81.9479166666667
15,23,193,180.76724137931
15,24,185,133.358490566038
15,25,-247,-231.529801324503
15,26,-132,-116.922222222222
15,27,1,22.9310344827586
15,28,77,1.36963696369637
15,29,-32,-15.2714285714286
15,30,-7,-16.8328267477204
15,31,36,-16.8328267477204
15,32,94,113.649122807018
15,33,178,230.846153846154
15,34,-7,-47.5714285714286
15,35,-121,-116.922222222222
15,36,-77,-89.9545454545455
15,37,-73,-36.6445182724253
15,38,-54,-36.6445182724253
15,39,-53,-36.6445182724253
15,40,-23,-36.6445182724253
15,41,-17,-16.8328267477204
15,42,-1,-11.2333333333333
15,43,-2,1.36963696369637
15,44,-2,1.36963696369637
15,45,28,1.36963696369637
15,46,60,81.9479166666667
15,47,212,142.636363636364
15,48,274,133.358490566038
15,49,-324,-231.529801324503
15,50,-113,-154.708609271523
15,51,32,-124.489361702128
15,52,36,42.45
15,53,-17,-13.468085106383
15,54,-13,-16.8328267477204
15,55,18,-16.8328267477204
15,56,103,113.649122807018
15,57,231,230.846153846154
15,58,-4,-15.2714285714286
15,59,-198,-154.708609271523
15,60,-53,-89.9545454545455
15,61,-35,22.9310344827586
15,62,-92,-16.8328267477204
15,63,-85,-36.6445182724253
15,64,-20,-36.6445182724253
15,65,-27,-16.8328267477204
15,66,-6,-11.2333333333333
15,67,-3,1.36963696369637
15,68,-5,1.36963696369637
15,69,31,1.36963696369637
15,70,59,81.9479166666667
15,71,235,142.636363636364
15,72,234,133.358490566038
15,73,-318,-231.529801324503
15,74,-94,-154.708609271523
15,75,34,22.9310344827586
15,76,42,42.45
15,77,-6,-15.2714285714286
15,78,-26,1.36963696369637
15,79,25,-16.8328267477204
15,80,126,113.649122807018
15,81,267,230.846153846154
15,82,-88,-61.5185185185185
15,83,-153,-154.708609271523
15,84,-100,-124.489361702128
15,85,-47,-87.4117647058823
15,86,-85,-36.6445182724253
15,87,-52,-36.6445182724253
15,88,-39,-36.6445182724253
15,89,-28,-36.6445182724253
15,90,-13,-11.2333333333333
15,91,0,-16.8328267477204
15,92,-3,1.36963696369637
15,93,24,1.36963696369637
15,94,56,81.9479166666667
15,95,190,142.636363636364
15,96,197,180.76724137931
15,97,-225,-231.529801324503
15,98,-103,-116.922222222222
15,99,22,22.9310344827586
15,100,65,42.45
15,101,-45,-15.2714285714286
15,102,-152,-36.6445182724253
15,103,63,-36.6445182724253
15,104,84,82.1636363636364
15,105,78,175.833333333333
15,106,44,7.91891891891892
15,107,-67,7.91891891891892
15,108,-66,-36.6445182724253
15,109,-15,-36.6445182724253
15,110,-46,-16.8328267477204
15,111,-20,-36.6445182724253
15,112,-25,-16.8328267477204
15,113,-15,-16.8328267477204
15,114,-8,-16.8328267477204
15,115,-31,-16.8328267477204
15,116,-5,-16.8328267477204
15,117,1,1.36963696369637
15,118,10,1.36963696369637
15,119,10,81.9479166666667
15,120,70,81.9479166666667
15,121,29,124.210526315789
15,122,61,81.9479166666667
15,123,27,7.91891891891892
15,124,48,42.45
15,125,-32,7.91891891891892
15,126,-10,-16.8328267477204
15,127,16,-16.8328267477204
15,128,-37,-13.468085106383
15,129,-36,-36.6445182724253
15,130,-26,-36.6445182724253
15,131,16,-16.8328267477204
15,132,-44,-13.468085106383
15,133,-20,-36.6445182724253
15,134,-3,-16.8328267477204
15,135,9,1.36963696369637
15,136,-21,1.36963696369637
15,137,-15,-16.8328267477204
15,138,-13,-16.8328267477204
15,139,-21,-16.8328267477204
15,140,-15,-16.8328267477204
15,141,-1,-16.8328267477204
15,142,-3,1.36963696369637
15,143,20,1.36963696369637
15,144,37,81.9479166666667
15,145,28,81.9479166666667
15,146,101,81.9479166666667
15,147,39,82.1636363636364
15,148,78,42.45
15,149,20,7.91891891891892
15,150,6,42.45
15,151,22,1.36963696369637
15,152,-14,-13.468085106383
15,153,-52,-16.8328267477204
15,154,-71,-36.6445182724253
15,155,-73,-36.6445182724253
15,156,-55,-36.6445182724253
15,157,-5,-36.6445182724253
15,158,-12,1.36963696369637
15,159,-7,-16.8328267477204
15,160,-35,-16.8328267477204
15,161,-23,-16.8328267477204
15,162,-2,-16.8328267477204
15,163,-2,1.36963696369637
15,164,-1,1.36963696369637
15,165,15,1.36963696369637
15,166,74,42.45
15,167,190,124.210526315789
15,168,248,180.76724137931
15,169,-298,-231.529801324503
15,170,-126,-154.708609271523
15,171,-1,-124.489361702128
15,172,74,1.36963696369637
15,173,5,-15.2714285714286
15,174,-24,1.36963696369637
15,175,16,-16.8328267477204
15,176,112,113.649122807018
15,177,243,230.846153846154
15,178,-2,-61.5185185185185
15,179,-193,-154.708609271523
15,180,-115,-124.489361702128
15,181,-24,22.9310344827586
15,182,-103,-16.8328267477204
15,183,-36,-36.6445182724253
15,184,-46,-36.6445182724253
15,185,-4,-36.6445182724253
15,186,-3,-11.2333333333333
15,187,3,1.36963696369637
15,188,-4,1.36963696369637
15,189,19,1.36963696369637
15,190,80,81.9479166666667
15,191,224,180.76724137931
15,192,234,132.925
15,193,-327,-231.529801324503
15,194,-100,-154.708609271523
15,195,31,22.9310344827586
15,196,20,42.45
15,197,7,-13.468085106383
15,198,-56,1.36963696369637
15,199,32,-36.6445182724253
15,200,121,113.649122807018
15,201,243,230.846153846154
15,202,-81,-61.5185185185185
15,203,-143,-154.708609271523
15,204,-102,-124.489361702128
15,205,-16,-87.4117647058823
15,206,-87,-16.8328267477204
15,207,-36,-36.6445182724253
15,208,-33,-36.6445182724253
15,209,-26,-16.8328267477204
15,210,-2,-11.2333333333333
15,211,-2,1.36963696369637
15,212,27,1.36963696369637
15,213,75,81.9479166666667
15,214,149,180.76724137931
15,215,-137,180.76724137931
15,216,-78,-116.922222222222
15,217,-28,-36.6445182724253
15,218,0,-16.8328267477204
15,219,60,1.36963696369637
15,220,6,-15.2714285714286
15,221,-20,1.36963696369637
15,222,34,-16.8328267477204
15,223,77,113.649122807018
15,224,86,180.76724137931
15,225,-61,7.91891891891892
15,226,-90,-36.6445182724253
15,227,-5,-36.6445182724253
15,228,-58,1.36963696369637
15,229,16,-36.6445182724253
15,230,-22,-13.468085106383
15,231,-22,-16.8328267477204
15,232,1,-16.8328267477204
15,233,-6,1.36963696369637
15,234,-3,1.36963696369637
15,235,2,1.36963696369637
15,236,13,1.36963696369637
15,237,91,-13.468085106383
15,238,195,180.76724137931
15,239,290,132.925
15,240,-308,-231.529801324503
15,241,-153,-154.708609271523
15,242,35,-124.489361702128
15,243,52,-13.468085106383
15,244,-9,-15.2714285714286
15,245,0,-16.8328267477204
15,246,12,1.36963696369637
15,247,138,113.649122807018
15,248,239,230.846153846154
15,249,-75,-61.5185185185185
15,250,-197,-154.708609271523
15,251,-74,-89.9545454545455
15,252,-57,22.9310344827586
15,253,-71,-36.6445182724253
15,254,-41,-36.6445182724253
15,255,-39,-36.6445182724253
15,256,-26,-36.6445182724253
15,257,-14,-11.2333333333333
15,258,-3,-16.8328267477204
15,259,-1,1.36963696369637
15,260,22,1.36963696369637
15,261,68,81.9479166666667
15,262,170,180.76724137931
15,263,287,180.76724137931
15,264,-235,-231.529801324503
15,265,-182,-154.708609271523
15,266,62,-124.489361702128
15,267,40,-15.2714285714286
15,268,-12,-13.468085106383
15,269,-17,-16.8328267477204
15,270,-127,-16.8328267477204
15,271,-28,-36.6445182724253
15,272,78,113.649122807018
15,273,32,-15.2714285714286
15,274,14,-13.468085106383
15,275,-74,-13.468085106383
15,276,1,-36.6445182724253
15,277,-26,1.36963696369637
15,278,-52,-16.8328267477204
15,279,-1,-36.6445182724253
15,280,22,1.36963696369637
15,281,-6,-13.468085106383
15,282,-17,1.36963696369637
15,283,-19,-16.8328267477204
15,284,0,-16.8328267477204
15,285,5,1.36963696369637
15,286,9,1.36963696369637
15,287,32,1.36963696369637
15,288,46,-13.468085106383
15,289,74,124.210526315789
15,290,46,82.1636363636364
15,291,85,7.91891891891892
15,292,40,7.91891891891892
15,293,91,-13.468085106383
15,294,-31,7.91891891891892
15,295,68,-16.8328267477204
15,296,-82,7.91891891891892
15,297,-82,-36.6445182724253
15,298,-78,-36.6445182724253
15,299,-76,-36.6445182724253
15,300,5,-36.6445182724253
15,301,-20,1.36963696369637
15,302,-28,-16.8328267477204
15,303,-34,-16.8328267477204
15,304,4,-16.8328267477204
15,305,4,1.36963696369637
15,306,-54,1.36963696369637
15,307,-12,-36.6445182724253
15,308,-9,-16.8328267477204
15,309,0,-16.8328267477204
15,310,18,1.36963696369637
15,311,43,42.45
15,312,52,132.925
15,313,74,124.210526315789
15,314,64,82.1636363636364
15,315,71,82.1636363636364
15,316,37,7.91891891891892
15,317,-32,42.45
15,318,2,-16.8328267477204
15,319,-35,1.36963696369637
15,320,-36,-16.8328267477204
15,321,-79,-36.6445182724253
15,322,-52,-36.6445182724253
15,323,-44,-36.6445182724253
15,324,-9,-36.6445182724253
15,325,-17,-16.8328267477204
15,326,-36,-16.8328267477204
15,327,-9,-36.6445182724253
15,328,-11,-16.8328267477204
15,329,-2,-16.8328267477204
15,330,-3,1.36963696369637
15,331,0,1.36963696369637
15,332,17,1.36963696369637
15,333,73,81.9479166666667
15,334,169,180.76724137931
15,335,168,124.210526315789
15,336,-231,-231.529801324503
15,337,-111,-116.922222222222
15,338,17,22.9310344827586
15,339,34,42.45
15,340,-17,-13.468085106383
15,341,8,-16.8328267477204
15,342,2,1.36963696369637
15,343,80,113.649122807018
15,344,177,175.833333333333
15,345,-12,-15.2714285714286
15,346,-149,-116.922222222222
15,347,-47,-89.9545454545455
15,348,-59,-36.6445182724253
15,349,-42,-36.6445182724253
15,350,-47,-36.6445182724253
15,351,-23,-36.6445182724253
15,352,-2,-16.8328267477204
15,353,-2,-11.2333333333333
15,354,-3,1.36963696369637
15,355,2,1.36963696369637
15,356,22,1.36963696369637
15,357,77,81.9479166666667
15,358,173,180.76724137931
15,359,226,132.925
15,360,-268,-231.529801324503
15,361,-104,-154.708609271523
15,362,1,22.9310344827586
15,363,8,1.36963696369637
15,364,26,1.36963696369637
15,365,-28,-13.468085106383
15,366,30,-16.8328267477204
15,367,84,113.649122807018
15,368,196,230.846153846154
15,369,11,-47.5714285714286
15,370,-170,-116.922222222222
15,371,-100,-89.9545454545455
15,372,-39,-36.6445182724253
15,373,-42,-36.6445182724253
15,374,-52,-36.6445182724253
15,375,-39,-36.6445182724253
15,376,-10,-36.6445182724253
15,377,-1,-11.2333333333333
15,378,-1,1.36963696369637
15,379,0,1.36963696369637
15,380,15,1.36963696369637
15,381,90,81.9479166666667
15,382,236,180.76724137931
15,383,222,133.358490566038
15,384,-302,-231.529801324503
15,385,-117,-154.708609271523
15,386,14,22.9310344827586
15,387,54,42.45
15,388,-10,-15.2714285714286
15,389,-30,-16.8328267477204
15,390,34,-16.8328267477204
15,391,79,113.649122807018
15,392,324,230.846153846154
15,393,-68,-47.5714285714286
15,394,-183,-154.708609271523
15,395,-101,-124.489361702128
15,396,-72,-87.4117647058823
15,397,-29,-36.6445182724253
15,398,-97,-16.8328267477204
15,399,-16,-36.6445182724253
15,400,-25,-16.8328267477204
15,401,-10,-11.2333333333333
15,402,-8,-16.8328267477204
15,403,-1,-16.8328267477204
15,404,27,1.36963696369637
15,405,80,81.9479166666667
15,406,225,180.76724137931
15,407,251,124.210526315789
15,408,-284,-231.529801324503
15,409,-163,-154.708609271523
15,410,66,-124.489361702128
15,411,47,-15.2714285714286
15,412,-18,-15.2714285714286
15,413,-30,-16.8328267477204
15,414,-18,-16.8328267477204
15,415,157,113.649122807018
15,416,255,230.846153846154
15,417,-7,-61.5185185185185
15,418,-174,-154.708609271523
15,419,-114,-124.489361702128
15,420,-69,-87.4117647058823
15,421,-80,-36.6445182724253
15,422,-59,-36.6445182724253
15,423,-40,-36.6445182724253
15,424,-28,-36.6445182724253
15,425,-15,-11.2333333333333
15,426,-4,-16.8328267477204
15,427,-6,1.36963696369637
15,428,28,1.36963696369637
15,429,56,81.9479166666667
15,430,183,142.636363636364
15,431,233,180.76724137931
15,432,-217,-231.529801324503
15,433,-125,-154.708609271523
15,434,28,22.9310344827586
15,435,14,42.45
15,436,23,-13.468085106383
15,437,-46,-13.468085106383
15,438,60,-36.6445182724253
15,439,105,82.1636363636364
15,440,223,175.833333333333
15,441,-96,-47.5714285714286
15,442,-226,-154.708609271523
15,443,-85,-89.9545454545455
15,444,-18,22.9310344827586
15,445,-34,-16.8328267477204
15,446,-21,-16.8328267477204
15,447,-9,-16.8328267477204
15,448,-26,-16.8328267477204
15,449,-9,70.2
15,450,-26,-16.8328267477204
15,451,-12,-16.8328267477204
15,452,6,-16.8328267477204
15,453,2,1.36963696369637
15,454,28,1.36963696369637
15,455,71,81.9479166666667
15,456,37,180.76724137931
15,457,75,81.9479166666667
15,458,51,82.1636363636364
15,459,55,7.91891891891892
15,460,28,7.91891891891892
15,461,22,-13.468085106383
15,462,27,-13.468085106383
15,463,-16,-13.468085106383
15,464,-36,-16.8328267477204
15,465,-57,-36.6445182724253
15,466,-113,-36.6445182724253
15,467,-63,-36.6445182724253
15,468,-11,-36.6445182724253
15,469,-10,-16.8328267477204
15,470,-17,-16.8328267477204
15,471,-14,-16.8328267477204
15,472,-8,-16.8328267477204
15,473,5,-16.8328267477204
15,474,-44,1.36963696369637
15,475,-15,-36.6445182724253
15,476,3,-16.8328267477204
15,477,7,1.36963696369637
15,478,55,1.36963696369637
15,479,18,124.210526315789
15,480,128,42.45
15,481,81,124.210526315789
15,482,111,-42.0952380952381
15,483,54,-122.34375
15,484,37,-42.0952380952381
15,485,-14,-13.468085106383
15,486,22,-16.8328267477204
15,487,-11,-13.468085106383
15,488,-109,-16.8328267477204
15,489,-131,-36.6445182724253
15,490,-87,-36.6445182724253
15,491,-24,-36.6445182724253
15,492,-53,-16.8328267477204
15,493,-42,-36.6445182724253
15,494,-28,-36.6445182724253
15,495,-14,-16.8328267477204
15,496,-1,-16.8328267477204
15,497,-7,1.36963696369637
15,498,1,-16.8328267477204
15,499,13,1.36963696369637
15,500,72,81.9479166666667
15,501,180,180.76724137931
15,502,296,180.76724137931
15,503,-283,-231.529801324503
15,504,-144,-154.708609271523
15,505,13,-124.489361702128
15,506,71,42.45
15,507,29,-15.2714285714286
15,508,-29,-13.468085106383
15,509,12,-16.8328267477204
15,510,99,113.649122807018
15,511,312,230.846153846154
15,512,68,-15.2714285714286
15,513,-266,-154.708609271523
15,514,-160,-124.489361702128
15,515,-81,22.9310344827586
15,516,-72,-36.6445182724253
15,517,-70,-36.6445182724253
15,518,-37,-36.6445182724253
15,519,-10,-36.6445182724253
15,520,-15,-11.2333333333333
15,521,1,-16.8328267477204
15,522,-1,1.36963696369637
15,523,23,1.36963696369637
15,524,89,81.9479166666667
15,525,195,180.76724137931
15,526,285,133.358490566038
15,527,-251,-231.529801324503
15,528,-199,-154.708609271523
15,529,76,-124.489361702128
15,530,25,-15.2714285714286
15,531,-11,-13.468085106383
15,532,-21,-16.8328267477204
15,533,52,-16.8328267477204
15,534,101,82.1636363636364
15,535,311,230.846153846154
15,536,58,-47.5714285714286
15,537,-255,-154.708609271523
15,538,-128,-124.489361702128
15,539,-107,22.9310344827586
15,540,-74,-36.6445182724253
15,541,-83,-36.6445182724253
15,542,-48,-36.6445182724253
15,543,-12,-36.6445182724253
15,544,-25,-11.2333333333333
15,545,2,-16.8328267477204
15,546,1,1.36963696369637
15,547,22,1.36963696369637
15,548,94,81.9479166666667
15,549,247,180.76724137931
15,550,294,133.358490566038
15,551,-311,-231.529801324503
15,552,-163,-154.708609271523
15,553,32,-124.489361702128
15,554,47,42.45
15,555,-13,-15.2714285714286
15,556,-30,-16.8328267477204
15,557,59,-16.8328267477204
15,558,73,82.1636363636364
15,559,426,230.846153846154
15,560,-33,-47.5714285714286
15,561,-277,-154.708609271523
15,562,-142,-124.489361702128
15,563,-42,22.9310344827586
15,564,-86,-36.6445182724253
15,565,-111,-36.6445182724253
15,566,-31,-36.6445182724253
15,567,-37,-16.8328267477204
15,568,-4,-36.6445182724253
15,569,-12,1.36963696369637
15,570,7,-16.8328267477204
15,571,12,1.36963696369637
15,572,91,81.9479166666667
15,573,264,180.76724137931
15,574,242,133.358490566038
15,575,-308,-231.529801324503
15,576,-151,-154.708609271523
15,577,47,-124.489361702128
15,578,54,-15.2714285714286
15,579,8,-15.2714285714286
15,580,-15,1.36963696369637
15,581,29,-16.8328267477204
15,582,139,113.649122807018
15,583,287,230.846153846154
15,584,33,-61.5185185185185
15,585,-321,-154.708609271523
15,586,-95,-124.489361702128
15,587,-87,22.9310344827586
15,588,-74,-36.6445182724253
15,589,-72,-36.6445182724253
15,590,-40,-36.6445182724253
15,591,-31,-36.6445182724253
15,592,-22,-11.2333333333333
15,593,-1,-16.8328267477204
15,594,0,1.36963696369637
15,595,29,1.36963696369637
15,596,67,81.9479166666667
15,597,179,180.76724137931
15,598,284,180.76724137931
15,599,-250,-231.529801324503
15,600,-132,-154.708609271523
15,601,27,-124.489361702128
15,602,87,42.45
15,603,-34,-15.2714285714286
15,604,-58,-16.8328267477204
15,605,-95,-36.6445182724253
15,606,22,-36.6445182724253
15,607,129,-11.2333333333333
15,608,150,-15.2714285714286
15,609,-112,-61.5185185185185
15,610,-61,-116.922222222222
15,611,-83,-36.6445182724253
15,612,-4,-36.6445182724253
15,613,-22,1.36963696369637
15,614,-26,-16.8328267477204
15,615,-31,-16.8328267477204
15,616,-27,42.4285714285714
15,617,-16,-11.2333333333333
15,618,-24,-16.8328267477204
15,619,6,-16.8328267477204
15,620,22,1.36963696369637
15,621,56,81.9479166666667
15,622,132,142.636363636364
15,623,103,180.76724137931
15,624,122,-231.529801324503
15,625,142,-42
15,626,66,-231.529801324503
15,627,35,-116.922222222222
15,628,4,-13.468085106383
15,629,-11,1.36963696369637
15,630,6,-16.8328267477204
15,631,-37,113.649122807018
15,632,-88,-36.6445182724253
15,633,-143,-36.6445182724253
15,634,-146,-36.6445182724253
15,635,-48,-36.6445182724253
15,636,-12,-36.6445182724253
15,637,-26,-16.8328267477204
15,638,-78,-16.8328267477204
15,639,6,-36.6445182724253
15,640,-57,1.36963696369637
15,641,-38,-36.6445182724253
15,642,-4,-36.6445182724253
15,643,-8,1.36963696369637
15,644,5,-16.8328267477204
15,645,31,1.36963696369637
15,646,54,42.45
15,647,82,124.210526315789
15,648,173,180.76724137931
15,649,17,-122.34375
15,650,135,-116.922222222222
15,651,41,-122.34375
15,652,-23,-116.922222222222
15,653,33,-16.8328267477204
15,654,-13,-13.468085106383
15,655,0,-16.8328267477204
15,656,-82,1.36963696369637
15,657,-107,-36.6445182724253
15,658,-154,-36.6445182724253
15,659,-25,-36.6445182724253
15,660,-73,-16.8328267477204
15,661,-54,-36.6445182724253
15,662,-23,-36.6445182724253
15,663,-8,-16.8328267477204
15,664,-7,-16.8328267477204
15,665,-6,-16.8328267477204
15,666,1,1.36963696369637
15,667,28,1.36963696369637
15,668,89,81.9479166666667
15,669,234,180.76724137931
15,670,225,133.358490566038
15,671,-248,-231.529801324503
15,672,-147,-154.708609271523
15,673,17,22.9310344827586
15,674,81,42.45
15,675,-19,-15.2714285714286
15,676,-3,-16.8328267477204
15,677,26,1.36963696369637
15,678,99,113.649122807018
15,679,336,230.846153846154
15,680,80,-47.5714285714286
15,681,-252,-154.708609271523
15,682,-219,-124.489361702128
15,683,-107,22.9310344827586
15,684,-75,22.9310344827586
15,685,-94,-36.6445182724253
15,686,-25,-36.6445182724253
15,687,-14,-16.8328267477204
15,688,-5,-11.2333333333333
15,689,-7,1.36963696369637
15,690,3,-16.8328267477204
15,691,14,1.36963696369637
15,692,80,81.9479166666667
15,693,70,180.76724137931
15,694,346,180.76724137931
15,695,-191,-122.34375
15,696,-162,-154.708609271523
15,697,67,-124.489361702128
15,698,31,-15.2714285714286
15,699,23,-13.468085106383
15,700,-36,-13.468085106383
15,701,-4,-36.6445182724253
15,702,187,1.36963696369637
15,703,319,175.833333333333
15,704,51,-61.5185185185185
15,705,-246,-154.708609271523
15,706,-178,-124.489361702128
15,707,-100,22.9310344827586
15,708,-89,-36.6445182724253
15,709,-98,-36.6445182724253
15,710,-57,-36.6445182724253
15,711,-7,-36.6445182724253
15,712,-16,-11.2333333333333
15,713,-2,-16.8328267477204
15,714,-4,1.36963696369637
15,715,35,1.36963696369637
15,716,110,81.9479166666667
15,717,223,180.76724137931
15,718,163,133.358490566038
15,719,-242,-231.529801324503
15,720,-139,-116.922222222222
15,721,38,22.9310344827586
15,722,37,42.45
15,723,74,-13.468085106383
15,724,-78,7.91891891891892
15,725,18,-36.6445182724253
15,726,135,113.649122807018
15,727,351,268.830769230769
15,728,50,-61.5185185185185
15,729,-197,-154.708609271523
15,730,-208,-124.489361702128
15,731,-123,22.9310344827586
15,732,-54,22.9310344827586
15,733,-72,-36.6445182724253
15,734,-84,-36.6445182724253
15,735,-11,-36.6445182724253
15,736,-24,-11.2333333333333
15,737,1,-16.8328267477204
15,738,-1,1.36963696369637
15,739,28,1.36963696369637
15,740,102,81.9479166666667
15,741,225,180.76724137931
15,742,288,133.358490566038
15,743,-331,-231.529801324503
15,744,-176,-154.708609271523
15,745,77,-124.489361702128
15,746,53,-15.2714285714286
15,747,26,-15.2714285714286
15,748,-41,-13.468085106383
15,749,47,-36.6445182724253
15,750,121,82.1636363636364
15,751,385,230.846153846154
15,752,-9,-175.315789473684
15,753,-215,-154.708609271523
15,754,-162,-124.489361702128
15,755,-50,22.9310344827586
15,756,-154,-36.6445182724253
15,757,-69,-36.6445182724253
15,758,-56,-36.6445182724253
15,759,-45,-36.6445182724253
15,760,-18,-36.6445182724253
15,761,-22,-16.8328267477204
15,762,-7,-16.8328267477204
15,763,31,-16.8328267477204
15,764,82,81.9479166666667
15,765,230,180.76724137931
15,766,316,133.358490566038
15,767,-282,-231.529801324503
15,768,-105,-154.708609271523
15,769,43,-124.489361702128
15,770,153,-15.2714285714286
15,771,-43,-15.2714285714286
15,772,4,-116.922222222222
15,773,40,1.36963696369637
15,774,117,113.649122807018
15,775,368,230.846153846154
15,776,-127,-61.5185185185185
15,777,-144,-154.708609271523
15,778,-241,-124.489361702128
15,779,-161,-87.4117647058823
15,780,-13,22.9310344827586
15,781,-95,-16.8328267477204
15,782,-20,-36.6445182724253
15,783,-28,-16.8328267477204
15,784,-59,42.4285714285714
15,785,-37,-36.6445182724253
15,786,-25,-36.6445182724253
15,787,-3,-16.8328267477204
15,788,24,1.36963696369637
15,789,42,81.9479166666667
15,790,84,142.636363636364
15,791,95,180.76724137931
15,792,96,82.1636363636364
15,793,-72,82.1636363636364
15,794,-90,-36.6445182724253
15,795,13,-36.6445182724253
15,796,27,-13.468085106383
15,797,67,-13.468085106383
15,798,-113,-15.2714285714286
15,799,-62,-36.6445182724253
15,800,22,-36.6445182724253
15,801,-4,81.9479166666667
15,802,-22,1.36963696369637
15,803,-7,-16.8328267477204
15,804,-21,-16.8328267477204
15,805,22,-16.8328267477204
15,806,-25,81.9479166666667
15,807,9,-16.8328267477204
15,808,-54,1.36963696369637
15,809,-17,-36.6445182724253
15,810,-10,-16.8328267477204
15,811,-2,-16.8328267477204
15,812,12,1.36963696369637
15,813,21,-13.468085106383
15,814,50,42.45
15,815,29,124.210526315789
15,816,132,81.9479166666667
15,817,73,-42
15,818,37,-116.922222222222
15,819,7,42.45
15,820,47,1.36963696369637
15,821,7,7.91891891891892
15,822,71,1.36963696369637
15,823,-73,7.91891891891892
15,824,72,-36.6445182724253
15,825,-116,7.91891891891892
15,826,-116,-36.6445182724253
15,827,-110,-36.6445182724253
15,828,-38,-36.6445182724253
15,829,-46,-36.6445182724253
15,830,-32,-36.6445182724253
15,831,-5,-16.8328267477204
15,832,-8,1.36963696369637
15,833,-19,-16.8328267477204
15,834,3,-16.8328267477204
15,835,32,1.36963696369637
15,836,81,81.9479166666667
15,837,253,180.76724137931
15,838,287,-122.34375
15,839,-375,-231.529801324503
15,840,-129,-154.708609271523
15,841,25,-124.489361702128
15,842,101,-13.468085106383
15,843,22,-15.2714285714286
15,844,-84,-13.468085106383
15,845,6,-36.6445182724253
15,846,82,113.649122807018
15,847,359,230.846153846154
15,848,20,-15.2714285714286
15,849,-226,-154.708609271523
15,850,-237,-124.489361702128
15,851,-35,22.9310344827586
15,852,-93,-16.8328267477204
15,853,-45,-36.6445182724253
15,854,-38,-36.6445182724253
15,855,-5,-36.6445182724253
15,856,2,-11.2333333333333
15,857,-3,1.36963696369637
15,858,-1,1.36963696369637
15,859,14,1.36963696369637
15,860,84,81.9479166666667
15,861,185,180.76724137931
15,862,295,132.925
15,863,-314,-231.529801324503
15,864,-129,-154.708609271523
15,865,37,-124.489361702128
15,866,45,42.45
15,867,-9,-15.2714285714286
15,868,-27,-16.8328267477204
15,869,16,-16.8328267477204
15,870,105,113.649122807018
15,871,309,230.846153846154
15,872,30,-15.2714285714286
15,873,-227,-154.708609271523
15,874,-123,-124.489361702128
15,875,-73,22.9310344827586
15,876,-87,-36.6445182724253
15,877,-70,-36.6445182724253
15,878,-34,-36.6445182724253
15,879,-22,-16.8328267477204
15,880,-5,-11.2333333333333
15,881,2,1.36963696369637
15,882,-4,1.36963696369637
15,883,39,1.36963696369637
15,884,75,81.9479166666667
15,885,243,180.76724137931
15,886,300,133.358490566038
15,887,-344,-231.529801324503
15,888,-141,-154.708609271523
15,889,49,-124.489361702128
15,890,46,-15.2714285714286
15,891,5,-15.2714285714286
15,892,-52,1.36963696369637
15,893,-22,-36.6445182724253
15,894,22,113.649122807018
15,895,383,113.649122807018
15,896,37,-15.2714285714286
15,897,-185,-154.708609271523
15,898,-94,-124.489361702128
15,899,-101,-87.4117647058823
15,900,-89,-36.6445182724253
15,901,-79,-36.6445182724253
15,902,-45,-36.6445182724253
15,903,-15,-36.6445182724253
15,904,-27,-11.2333333333333
15,905,-1,-16.8328267477204
15,906,4,1.36963696369637
15,907,23,1.36963696369637
15,908,85,81.9479166666667
15,909,250,180.76724137931
15,910,287,133.358490566038
15,911,-333,-231.529801324503
15,912,-155,-154.708609271523
15,913,54,-124.489361702128
15,914,72,-15.2714285714286
15,915,-19,-15.2714285714286
15,916,-35,-16.8328267477204
15,917,69,-16.8328267477204
15,918,81,82.1636363636364
15,919,315,230.846153846154
15,920,-22,-47.5714285714286
15,921,-213,-154.708609271523
15,922,-133,-124.489361702128
15,923,-111,22.9310344827586
15,924,-72,-36.6445182724253
15,925,-58,-36.6445182724253
15,926,-35,-36.6445182724253
15,927,-32,-16.8328267477204
15,928,-20,-11.2333333333333
15,929,0,-16.8328267477204
15,930,-5,1.36963696369637
15,931,24,1.36963696369637
15,932,60,81.9479166666667
15,933,203,142.636363636364
15,934,304,133.358490566038
15,935,-272,-231.529801324503
15,936,-134,-154.708609271523
15,937,14,-124.489361702128
15,938,69,42.45
15,939,-28,-15.2714285714286
15,940,-13,-16.8328267477204
15,941,51,-16.8328267477204
15,942,87,82.1636363636364
15,943,239,230.846153846154
15,944,-46,-47.5714285714286
15,945,-165,-154.708609271523
15,946,-186,-89.9545454545455
15,947,11,-87.4117647058823
15,948,-67,42.45
15,949,-30,-36.6445182724253
15,950,-31,-16.8328267477204
15,951,-10,-16.8328267477204
15,952,-13,-11.2333333333333
15,953,-38,-16.8328267477204
15,954,-23,-36.6445182724253
15,955,-3,-16.8328267477204
15,956,18,1.36963696369637
15,957,21,81.9479166666667
15,958,101,42.45
15,959,78,124.210526315789
15,960,90,82.1636363636364
15,961,150,82.1636363636364
15,962,158,-122.34375
15,963,17,-231.529801324503
15,964,-87,-116.922222222222
15,965,54,-36.6445182724253
15,966,-70,-15.2714285714286
15,967,8,-36.6445182724253
15,968,-202,1.36963696369637
15,969,-57,-36.6445182724253
15,970,-76,22.9310344827586
15,971,-65,-36.6445182724253
15,972,13,-36.6445182724253
15,973,-44,64
15,974,-45,-36.6445182724253
15,975,-5,-36.6445182724253
15,976,19,1.36963696369637
15,977,-56,81.9479166666667
15,978,-13,-36.6445182724253
15,979,6,-16.8328267477204
15,980,79,1.36963696369637
15,981,-13,180.76724137931
15,982,41,-16.8328267477204
15,983,150,42.45
15,984,85,-42
15,985,91,-175.315789473684
15,986,-6,7.91891891891892
15,987,19,1.36963696369637
15,988,97,-13.468085106383
15,989,12,-15.2714285714286
15,990,-62,-13.468085106383
15,991,44,-36.6445182724253
15,992,-123,35.4375
15,993,-86,-36.6445182724253
15,994,-114,-36.6445182724253
15,995,-98,-36.6445182724253
15,996,-66,-36.6445182724253
15,997,-5,-36.6445182724253
15,998,-46,1.36963696369637
15,999,-12,-36.6445182724253
15,1000,0,-16.8328267477204
15,1001,-1,1.36963696369637
15,1002,20,1.36963696369637
15,1003,86,81.9479166666667
15,1004,196,132.925
15,1005,283,124.210526315789
15,1006,-272,-231.529801324503
15,1007,-113,-154.708609271523
15,1008,5,-124.489361702128
15,1009,72,1.36963696369637
15,1010,0,-15.2714285714286
15,1011,-13,1.36963696369637
15,1012,56,-16.8328267477204
15,1013,71,82.1636363636364
15,1014,334,230.846153846154
15,1015,-111,-47.5714285714286
15,1016,-124,-154.708609271523
15,1017,-165,-124.489361702128
15,1018,-91,-87.4117647058823
15,1019,-115,-36.6445182724253
15,1020,-57,-36.6445182724253
15,1021,-33,-36.6445182724253
15,1022,-22,-16.8328267477204
15,1023,-6,-11.2333333333333
15,1024,-2,1.36963696369637
15,1025,-2,1.36963696369637
15,1026,26,1.36963696369637
15,1027,73,81.9479166666667
15,1028,241,180.76724137931
15,1029,263,133.358490566038
15,1030,-196,-231.529801324503
15,1031,-189,-154.708609271523
15,1032,39,-124.489361702128
15,1033,73,42.45
15,1034,14,-15.2714285714286
15,1035,-34,-13.468085106383
15,1036,5,-16.8328267477204
15,1037,169,113.649122807018
15,1038,272,175.833333333333
15,1039,43,-61.5185185185185
15,1040,-242,-154.708609271523
15,1041,-179,-124.489361702128
15,1042,-136,22.9310344827586
15,1043,-85,-36.6445182724253
15,1044,-79,-36.6445182724253
15,1045,-38,-36.6445182724253
15,1046,-30,-36.6445182724253
15,1047,-6,-11.2333333333333
15,1048,-2,1.36963696369637
15,1049,-2,1.36963696369637
15,1050,26,1.36963696369637
15,1051,99,81.9479166666667
15,1052,240,180.76724137931
15,1053,318,133.358490566038
15,1054,-321,-231.529801324503
15,1055,-196,-154.708609271523
15,1056,46,-124.489361702128
15,1057,70,-15.2714285714286
15,1058,-32,-15.2714285714286
15,1059,7,-16.8328267477204
15,1060,10,1.36963696369637
15,1061,122,113.649122807018
15,1062,354,230.846153846154
15,1063,15,-61.5185185185185
15,1064,-265,-154.708609271523
15,1065,-122,-124.489361702128
15,1066,-74,22.9310344827586
15,1067,-117,-36.6445182724253
15,1068,-50,-36.6445182724253
15,1069,-86,-36.6445182724253
15,1070,-32,-36.6445182724253
15,1071,5,-11.2333333333333
15,1072,-13,1.36963696369637
15,1073,-4,-16.8328267477204
15,1074,28,1.36963696369637
15,1075,97,81.9479166666667
15,1076,228,180.76724137931
15,1077,284,133.358490566038
15,1078,-287,-231.529801324503
15,1079,-105,-154.708609271523
15,1080,22,-124.489361702128
15,1081,8,42.45
15,1082,15,1.36963696369637
15,1083,-4,-13.468085106383
15,1084,-18,1.36963696369637
15,1085,133,113.649122807018
15,1086,420,230.846153846154
15,1087,-124,-61.5185185185185
15,1088,-211,-154.708609271523
15,1089,-175,-124.489361702128
15,1090,-78,22.9310344827586
15,1091,-85,-36.6445182724253
15,1092,-13,-36.6445182724253
15,1093,-75,-16.8328267477204
15,1094,-23,-36.6445182724253
15,1095,-27,-11.2333333333333
15,1096,-3,-16.8328267477204
15,1097,-3,1.36963696369637
15,1098,18,1.36963696369637
15,1099,57,81.9479166666667
15,1100,166,124.210526315789
15,1101,262,180.76724137931
15,1102,-132,-231.529801324503
15,1103,-138,-154.708609271523
15,1104,53,-124.489361702128
15,1105,46,-15.2714285714286
15,1106,74,-15.2714285714286
15,1107,79,7.91891891891892
15,1108,47,7.91891891891892
15,1109,-1,82.1636363636364
15,1110,119,113.649122807018
15,1111,-171,-122.34375
15,1112,-72,-42.0952380952381
15,1113,-160,-36.6445182724253
15,1114,-62,-36.6445182724253
15,1115,-32,-36.6445182724253
15,1116,-45,-16.8328267477204
15,1117,-19,-36.6445182724253
15,1118,-25,-16.8328267477204
15,1119,-33,-16.8328267477204
15,1120,-8,-16.8328267477204
15,1121,-21,-16.8328267477204
15,1122,-5,-16.8328267477204
15,1123,17,1.36963696369637
15,1124,35,81.9479166666667
15,1125,69,81.9479166666667
15,1126,153,180.76724137931
15,1127,87,-42
15,1128,132,-231.529801324503
15,1129,95,-122.34375
15,1130,53,-231.529801324503
15,1131,-65,7.91891891891892
15,1132,48,-36.6445182724253
15,1133,-11,7.91891891891892
15,1134,-48,-16.8328267477204
15,1135,-50,-36.6445182724253
15,1136,-104,-36.6445182724253
15,1137,-205,-36.6445182724253
15,1138,26,-36.6445182724253
15,1139,-52,42.45
15,1140,-64,-36.6445182724253
15,1141,-33,-36.6445182724253
15,1142,-21,-16.8328267477204
15,1143,-32,-16.8328267477204
15,1144,-6,-16.8328267477204
15,1145,-19,1.36963696369637
15,1146,5,-16.8328267477204
15,1147,16,1.36963696369637
15,1148,9,81.9479166666667
15,1149,47,1.36963696369637
15,1150,95,142.636363636364
15,1151,120,132.925
15,1152,105,-42
15,1153,53,-231.529801324503
15,1154,26,7.91891891891892
15,1155,20,-13.468085106383
15,1156,-17,-13.468085106383
15,1157,-10,-16.8328267477204
15,1158,-65,-16.8328267477204
15,1159,-101,-36.6445182724253
15,1160,-34,-36.6445182724253
15,1161,-65,-16.8328267477204
15,1162,-81,-36.6445182724253
15,1163,-12,-36.6445182724253
15,1164,-67,-16.8328267477204
15,1165,-14,-36.6445182724253
15,1166,-21,-16.8328267477204
15,1167,-10,-16.8328267477204
15,1168,-3,-16.8328267477204
15,1169,2,1.36963696369637
15,1170,27,1.36963696369637
15,1171,79,81.9479166666667
15,1172,220,180.76724137931
15,1173,286,124.210526315789
15,1174,-331,-231.529801324503
15,1175,-108,-154.708609271523
15,1176,45,-124.489361702128
15,1177,57,-15.2714285714286
15,1178,1,-15.2714285714286
15,1179,-63,1.36963696369637
15,1180,37,-36.6445182724253
15,1181,136,113.649122807018
15,1182,241,230.846153846154
15,1183,14,-61.5185185185185
15,1184,-225,-154.708609271523
15,1185,-145,-124.489361702128
15,1186,-111,22.9310344827586
15,1187,-57,-36.6445182724253
15,1188,-41,-36.6445182724253
15,1189,-41,-36.6445182724253
15,1190,-17,-36.6445182724253
15,1191,-7,-11.2333333333333
15,1192,0,-16.8328267477204
15,1193,0,1.36963696369637
15,1194,22,1.36963696369637
15,1195,79,81.9479166666667
15,1196,281,180.76724137931
15,1197,308,133.358490566038
15,1198,-373,-231.529801324503
15,1199,-138,-154.708609271523
15,1200,58,-124.489361702128
15,1201,20,-15.2714285714286
15,1202,24,-13.468085106383
15,1203,-59,-13.468085106383
15,1204,-21,-36.6445182724253
15,1205,159,113.649122807018
15,1206,382,230.846153846154
15,1207,-40,-61.5185185185185
15,1208,-225,-154.708609271523
15,1209,-197,-124.489361702128
15,1210,-76,22.9310344827586
15,1211,-79,22.9310344827586
15,1212,-65,-36.6445182724253
15,1213,-32,-36.6445182724253
15,1214,-18,-11.2333333333333
15,1215,-10,-11.2333333333333
15,1216,0,-16.8328267477204
15,1217,25,1.36963696369637
15,1218,79,81.9479166666667
15,1219,215,180.76724137931
15,1220,274,133.358490566038
15,1221,-293,-231.529801324503
15,1222,-149,-154.708609271523
15,1223,27,-124.489361702128
15,1224,2,42.45
15,1225,-19,1.36963696369637
15,1226,-28,-16.8328267477204
15,1227,67,-16.8328267477204
15,1228,105,124.210526315789
15,1229,272,230.846153846154
15,1230,6,-47.5714285714286
15,1231,-201,-154.708609271523
15,1232,-149,-124.489361702128
15,1233,-70,22.9310344827586
15,1234,-31,-36.6445182724253
15,1235,-73,-16.8328267477204
15,1236,-38,-36.6445182724253
15,1237,-14,-36.6445182724253
15,1238,-5,-11.2333333333333
15,1239,1,1.36963696369637
15,1240,-4,1.36963696369637
15,1241,20,1.36963696369637
15,1242,75,81.9479166666667
15,1243,210,180.76724137931
15,1244,318,133.358490566038
15,1245,-337,-231.529801324503
15,1246,-146,-154.708609271523
15,1247,83,-124.489361702128
15,1248,35,-15.2714285714286
15,1249,-56,-13.468085106383
15,1250,21,-36.6445182724253
15,1251,-13,-13.468085106383
15,1252,142,113.649122807018
15,1253,303,230.846153846154
15,1254,-46,-61.5185185185185
15,1255,-177,-154.708609271523
15,1256,-153,-124.489361702128
15,1257,-93,-87.4117647058823
15,1258,-29,-36.6445182724253
15,1259,-64,-16.8328267477204
15,1260,-39,-36.6445182724253
15,1261,-25,-36.6445182724253
15,1262,-19,-11.2333333333333
15,1263,0,-16.8328267477204
15,1264,-6,1.36963696369637
15,1265,16,1.36963696369637
15,1266,63,81.9479166666667
15,1267,212,142.636363636364
15,1268,267,133.358490566038
15,1269,-233,-231.529801324503
15,1270,-138,-154.708609271523
15,1271,41,-124.489361702128
15,1272,89,42.45
15,1273,36,-15.2714285714286
15,1274,-10,-13.468085106383
15,1275,4,-16.8328267477204
15,1276,111,113.649122807018
15,1277,275,175.833333333333
15,1278,-67,-61.5185185185185
15,1279,-244,-154.708609271523
15,1280,-141,-124.489361702128
15,1281,-97,22.9310344827586
15,1282,26,-36.6445182724253
15,1283,-17,-13.468085106383
15,1284,-102,-16.8328267477204
15,1285,-26,-36.6445182724253
15,1286,-14,42.4285714285714
15,1287,-24,-16.8328267477204
15,1288,-18,-16.8328267477204
15,1289,-7,-16.8328267477204
15,1290,14,-16.8328267477204
15,1291,43,81.9479166666667
15,1292,96,142.636363636364
15,1293,105,180.76724137931
15,1294,141,82.1636363636364
15,1295,158,-42
15,1296,114,-231.529801324503
15,1297,0,-231.529801324503
15,1298,-18,-42.0952380952381
15,1299,-2,-16.8328267477204
15,1300,-76,1.36963696369637
15,1301,-22,-36.6445182724253
15,1302,-79,-16.8328267477204
15,1303,-22,-36.6445182724253
15,1304,-138,-11.2333333333333
15,1305,-101,-36.6445182724253
15,1306,-8,-36.6445182724253
15,1307,-16,-16.8328267477204
15,1308,-72,-16.8328267477204
15,1309,-18,-36.6445182724253
15,1310,-32,-16.8328267477204
15,1311,-29,-16.8328267477204
15,1312,-33,-16.8328267477204
15,1313,-2,-16.8328267477204
15,1314,6,1.36963696369637
15,1315,30,1.36963696369637
15,1316,51,81.9479166666667
15,1317,154,142.636363636364
15,1318,170,180.76724137931
15,1319,107,-231.529801324503
15,1320,107,-231.529801324503
15,1321,46,-122.34375
15,1322,-53,7.91891891891892
15,1323,-11,-36.6445182724253
15,1324,-1,-16.8328267477204
15,1325,7,1.36963696369637
15,1326,-144,70.2
15,1327,-100,-36.6445182724253
15,1328,-88,-36.6445182724253
15,1329,-62,-36.6445182724253
15,1330,-95,-36.6445182724253
15,1331,-44,-36.6445182724253
15,1332,-49,-36.6445182724253
15,1333,-13,-36.6445182724253
15,1334,-14,-16.8328267477204
15,1335,-6,-16.8328267477204
15,1336,-2,1.36963696369637
15,1337,32,1.36963696369637
15,1338,95,81.9479166666667
15,1339,254,180.76724137931
15,1340,210,133.358490566038
15,1341,-300,-231.529801324503
15,1342,-73,-154.708609271523
15,1343,27,22.9310344827586
15,1344,20,42.45
15,1345,-8,-13.468085106383
15,1346,25,-16.8328267477204
15,1347,-13,-13.468085106383
15,1348,83,113.649122807018
15,1349,354,230.846153846154
15,1350,-36,-15.2714285714286
15,1351,-154,-154.708609271523
15,1352,-147,-124.489361702128
15,1353,-104,-87.4117647058823
15,1354,-57,-36.6445182724253
15,1355,-93,-36.6445182724253
15,1356,-78,-36.6445182724253
15,1357,-32,-36.6445182724253
15,1358,-7,-11.2333333333333
15,1359,2,-16.8328267477204
15,1360,3,1.36963696369637
15,1361,21,1.36963696369637
15,1362,114,81.9479166666667
15,1363,317,180.76724137931
15,1364,212,-61.5185185185185
15,1365,-273,-231.529801324503
15,1366,-183,-154.708609271523
15,1367,22,22.9310344827586
15,1368,5,-13.468085106383
15,1369,-5,1.36963696369637
15,1370,18,1.36963696369637
15,1371,51,-13.468085106383
15,1372,62,124.210526315789
15,1373,411,230.846153846154
15,1374,-6,-122.34375
15,1375,-238,-154.708609271523
15,1376,-135,-124.489361702128
15,1377,-105,22.9310344827586
15,1378,-135,-36.6445182724253
15,1379,-80,-36.6445182724253
15,1380,-44,-36.6445182724253
15,1381,-24,-36.6445182724253
15,1382,-5,-11.2333333333333
15,1383,-3,1.36963696369637
15,1384,1,1.36963696369637
15,1385,27,1.36963696369637
15,1386,100,81.9479166666667
15,1387,284,180.76724137931
15,1388,158,133.358490566038
15,1389,-311,-231.529801324503
15,1390,-118,-116.922222222222
15,1391,-28,22.9310344827586
15,1392,-9,-16.8328267477204
15,1393,-46,-16.8328267477204
15,1394,-13,-36.6445182724253
15,1395,47,-16.8328267477204
15,1396,137,124.210526315789
15,1397,253,268.830769230769
15,1398,17,-175.315789473684
15,1399,-137,-154.708609271523
15,1400,-108,-124.489361702128
15,1401,-71,-87.4117647058823
15,1402,-27,-36.6445182724253
15,1403,-92,-16.8328267477204
15,1404,-45,-36.6445182724253
15,1405,-12,-36.6445182724253
15,1406,-7,-11.2333333333333
15,1407,-2,-16.8328267477204
15,1408,0,1.36963696369637
15,1409,26,1.36963696369637
15,1410,90,81.9479166666667
15,1411,286,180.76724137931
15,1412,271,133.358490566038
15,1413,-376,-231.529801324503
15,1414,-112,-154.708609271523
15,1415,40,-124.489361702128
15,1416,35,42.45
15,1417,-26,-13.468085106383
15,1418,-1,-16.8328267477204
15,1419,25,1.36963696369637
15,1420,125,113.649122807018
15,1421,361,230.846153846154
15,1422,28,-61.5185185185185
15,1423,-190,-154.708609271523
15,1424,-182,-124.489361702128
15,1425,-137,22.9310344827586
15,1426,-19,-36.6445182724253
15,1427,-104,-16.8328267477204
15,1428,-80,-36.6445182724253
15,1429,-39,-36.6445182724253
15,1430,-4,-36.6445182724253
15,1431,-11,1.36963696369637
15,1432,-7,-16.8328267477204
15,1433,22,-16.8328267477204
15,1434,88,81.9479166666667
15,1435,246,180.76724137931
15,1436,341,133.358490566038
15,1437,-341,-231.529801324503
15,1438,-122,-154.708609271523
15,1439,17,-124.489361702128
15,1440,108,42.45
15,1441,19,-15.2714285714286
15,1442,13,-13.468085106383
15,1443,13,-13.468085106383
15,1444,173,113.649122807018
15,1445,239,230.846153846154
15,1446,-151,-61.5185185185185
15,1447,-176,-154.708609271523
15,1448,-151,-89.9545454545455
15,1449,-54,-87.4117647058823
15,1450,-85,-36.6445182724253
15,1451,-15,-36.6445182724253
15,1452,-45,-16.8328267477204
15,1453,-54,-36.6445182724253
15,1454,-7,-36.6445182724253
15,1455,-52,-16.8328267477204
15,1456,-20,-36.6445182724253
15,1457,-8,-16.8328267477204
15,1458,30,-16.8328267477204
15,1459,45,81.9479166666667
15,1460,125,142.636363636364
15,1461,130,180.76724137931
15,1462,151,-175.315789473684
15,1463,126,-231.529801324503
15,1464,32,-231.529801324503
15,1465,9,-42.0952380952381
15,1466,-40,1.36963696369637
15,1467,19,-36.6445182724253
15,1468,11,-13.468085106383
15,1469,-71,-13.468085106383
15,1470,-152,-36.6445182724253
15,1471,-362,-36.6445182724253
15,1472,-15,-36.6445182724253
15,1473,63,-16.8328267477204
15,1474,8,-15.2714285714286
15,1475,-19,1.36963696369637
15,1476,26,-16.8328267477204
15,1477,-44,81.9479166666667
15,1478,-17,-36.6445182724253
15,1479,-16,-16.8328267477204
15,1480,-33,-16.8328267477204
15,1481,-1,-16.8328267477204
15,1482,6,1.36963696369637
15,1483,12,1.36963696369637
15,1484,27,-13.468085106383
15,1485,28,81.9479166666667
15,1486,-11,81.9479166666667
15,1487,9,-16.8328267477204
15,1488,-16,1.36963696369637
15,1489,-9,-16.8328267477204
15,1490,1,-16.8328267477204
15,1491,-15,1.36963696369637
15,1492,-2,-16.8328267477204
15,1493,-9,1.36963696369637
15,1494,12,-16.8328267477204
15,1495,-4,-13.468085106383
15,1496,0,1.36963696369637
15,1497,-24,1.36963696369637
15,1498,2,-16.8328267477204
15,1499,4,1.36963696369637
15,1500,-11,1.36963696369637
15,1501,-4,-16.8328267477204
15,1502,2,1.36963696369637
15,1503,-3,1.36963696369637
15,1504,2,1.36963696369637
15,1505,11,1.36963696369637
15,1506,31,-13.468085106383
15,1507,162,-13.468085106383
15,1508,275,132.925
15,1509,-210,-61.5185185185185
15,1510,-172,-154.708609271523
15,1511,1,-124.489361702128
15,1512,28,1.36963696369637
15,1513,-22,-13.468085106383
15,1514,7,-16.8328267477204
15,1515,-2,1.36963696369637
15,1516,-9,113.649122807018
15,1517,129,70.2
15,1518,147,-15.2714285714286
15,1519,-81,-61.5185185185185
15,1520,-95,-116.922222222222
15,1521,-51,-36.6445182724253
15,1522,-63,-36.6445182724253
15,1523,-30,-36.6445182724253
15,1524,-46,-16.8328267477204
15,1525,-6,-36.6445182724253
15,1526,-4,-11.2333333333333
15,1527,-1,70.2
15,1528,1,1.36963696369637
15,1529,19,1.36963696369637
15,1530,98,81.9479166666667
15,1531,270,180.76724137931
15,1532,221,132.925
15,1533,-303,-231.529801324503
15,1534,-146,-154.708609271523
15,1535,22,22.9310344827586
15,1536,40,42.45
15,1537,0,-13.468085106383
15,1538,-8,1.36963696369637
15,1539,20,-16.8328267477204
15,1540,126,113.649122807018
15,1541,329,230.846153846154
15,1542,-59,-61.5185185185185
15,1543,-150,-154.708609271523
15,1544,-197,-124.489361702128
15,1545,-59,-87.4117647058823
15,1546,-69,22.9310344827586
15,1547,-84,-36.6445182724253
15,1548,-37,-36.6445182724253
15,1549,-11,-36.6445182724253
15,1550,-18,-11.2333333333333
15,1551,-4,-16.8328267477204
15,1552,3,1.36963696369637
15,1553,18,1.36963696369637
15,1554,82,81.9479166666667
15,1555,283,180.76724137931
15,1556,265,133.358490566038
15,1557,-333,-231.529801324503
15,1558,-139,-154.708609271523
15,1559,37,-124.489361702128
15,1560,50,-13.468085106383
15,1561,-41,-15.2714285714286
15,1562,-5,-36.6445182724253
15,1563,6,1.36963696369637
15,1564,147,113.649122807018
15,1565,356,230.846153846154
15,1566,-23,-61.5185185185185
15,1567,-166,-154.708609271523
15,1568,-163,-124.489361702128
15,1569,-141,-87.4117647058823
15,1570,-47,-36.6445182724253
15,1571,-88,-36.6445182724253
15,1572,-61,-36.6445182724253
15,1573,-20,-36.6445182724253
15,1574,-10,-11.2333333333333
15,1575,-7,-16.8328267477204
15,1576,-3,-16.8328267477204
15,1577,14,1.36963696369637
15,1578,110,81.9479166666667
15,1579,98,180.76724137931
15,1580,137,180.76724137931
15,1581,-161,-42
15,1582,-62,-116.922222222222
15,1583,12,-36.6445182724253
15,1584,53,42.45
15,1585,-7,-15.2714285714286
15,1586,-28,-16.8328267477204
15,1587,35,-16.8328267477204
15,1588,114,64
15,1589,296,218.470588235294
15,1590,50,-61.5185185185185
15,1591,-200,-154.708609271523
15,1592,-127,-124.489361702128
15,1593,-87,22.9310344827586
15,1594,-67,-36.6445182724253
15,1595,-71,-36.6445182724253
15,1596,-39,-36.6445182724253
15,1597,-38,-36.6445182724253
15,1598,-13,-36.6445182724253
15,1599,-19,-16.8328267477204
15,1600,3,-16.8328267477204
15,1601,13,1.36963696369637
15,1602,101,81.9479166666667
15,1603,195,180.76724137931
15,1604,277,133.358490566038
15,1605,-258,-231.529801324503
15,1606,-98,-154.708609271523
15,1607,-3,-124.489361702128
15,1608,74,1.36963696369637
15,1609,-1,-15.2714285714286
15,1610,-6,1.36963696369637
15,1611,24,1.36963696369637
15,1612,116,113.649122807018
15,1613,262,230.846153846154
15,1614,-48,-61.5185185185185
15,1615,-213,-154.708609271523
15,1616,-152,-124.489361702128
15,1617,-81,22.9310344827586
15,1618,-50,-36.6445182724253
15,1619,-42,-36.6445182724253
15,1620,-13,-36.6445182724253
15,1621,-36,-16.8328267477204
15,1622,-10,-36.6445182724253
15,1623,-31,-16.8328267477204
15,1624,-24,-16.8328267477204
15,1625,3,-16.8328267477204
15,1626,23,1.36963696369637
15,1627,27,81.9479166666667
15,1628,103,81.9479166666667
15,1629,56,180.76724137931
15,1630,77,82.1636363636364
15,1631,67,82.1636363636364
15,1632,23,7.91891891891892
15,1633,8,-13.468085106383
15,1634,51,1.36963696369637
15,1635,-32,-15.2714285714286
15,1636,-32,-16.8328267477204
15,1637,-54,-16.8328267477204
15,1638,-232,-36.6445182724253
15,1639,49,-36.6445182724253
15,1640,-37,-15.2714285714286
15,1641,-18,-36.6445182724253
15,1642,-1,-16.8328267477204
15,1643,-41,1.36963696369637
15,1644,-6,-36.6445182724253
15,1645,6,1.36963696369637
15,1646,-2,1.36963696369637
15,1647,-24,1.36963696369637
15,1648,-12,-16.8328267477204
15,1649,2,-16.8328267477204
15,1650,1,1.36963696369637
15,1651,20,1.36963696369637
15,1652,80,42.45
15,1653,78,132.925
15,1654,195,124.210526315789
15,1655,31,-42
15,1656,173,-116.922222222222
15,1657,11,-122.34375
15,1658,58,-116.922222222222
15,1659,-50,7.91891891891892
15,1660,-16,-36.6445182724253
15,1661,-65,-16.8328267477204
15,1662,-35,-36.6445182724253
15,1663,-112,-11.2333333333333
15,1664,-132,-36.6445182724253
15,1665,-39,-36.6445182724253
15,1666,-96,-36.6445182724253
15,1667,-26,-36.6445182724253
15,1668,-34,-16.8328267477204
15,1669,-24,-16.8328267477204
15,1670,-16,-16.8328267477204
15,1671,-4,-16.8328267477204
15,1672,-2,1.36963696369637
15,1673,18,1.36963696369637
15,1674,103,81.9479166666667
15,1675,226,180.76724137931
15,1676,247,133.358490566038
15,1677,-328,-231.529801324503
15,1678,-111,-154.708609271523
15,1679,6,-124.489361702128
15,1680,62,1.36963696369637
15,1681,22,-15.2714285714286
15,1682,-29,-13.468085106383
15,1683,13,-16.8328267477204
15,1684,116,113.649122807018
15,1685,336,230.846153846154
15,1686,-19,-61.5185185185185
15,1687,-193,-154.708609271523
15,1688,-162,-124.489361702128
15,1689,-88,22.9310344827586
15,1690,-87,-36.6445182724253
15,1691,-74,-36.6445182724253
15,1692,-25,-36.6445182724253
15,1693,-14,-16.8328267477204
15,1694,-13,-11.2333333333333
15,1695,-5,-16.8328267477204
15,1696,5,1.36963696369637
15,1697,9,1.36963696369637
15,1698,9,1.36963696369637
15,1699,143,1.36963696369637
15,1700,388,180.76724137931
15,1701,-208,-61.5185185185185
15,1702,-175,-154.708609271523
15,1703,55,-124.489361702128
15,1704,40,-15.2714285714286
15,1705,-20,-13.468085106383
15,1706,-45,-16.8328267477204
15,1707,30,-36.6445182724253
15,1708,120,113.649122807018
15,1709,327,175.833333333333
15,1710,62,-61.5185185185185
15,1711,-256,-154.708609271523
15,1712,-152,-124.489361702128
15,1713,-53,22.9310344827586
15,1714,-71,-36.6445182724253
15,1715,-116,-36.6445182724253
15,1716,-48,-36.6445182724253
15,1717,-32,-36.6445182724253
15,1718,1,-11.2333333333333
15,1719,-10,1.36963696369637
15,1720,-2,-16.8328267477204
15,1721,29,1.36963696369637
15,1722,87,81.9479166666667
15,1723,238,180.76724137931
15,1724,308,133.358490566038
15,1725,-351,-231.529801324503
15,1726,-140,-154.708609271523
15,1727,9,-124.489361702128
15,1728,61,1.36963696369637
15,1729,-17,-15.2714285714286
15,1730,12,-16.8328267477204
15,1731,16,-13.468085106383
15,1732,111,113.649122807018
15,1733,362,230.846153846154
15,1734,84,-61.5185185185185
15,1735,-309,-231.529801324503
15,1736,-166,-124.489361702128
15,1737,-99,22.9310344827586
15,1738,-66,-36.6445182724253
15,1739,-75,-36.6445182724253
15,1740,-8,-36.6445182724253
15,1741,-66,-16.8328267477204
15,1742,-7,-36.6445182724253
15,1743,-11,-16.8328267477204
15,1744,-4,-16.8328267477204
15,1745,19,1.36963696369637
15,1746,115,81.9479166666667
15,1747,248,180.76724137931
15,1748,243,-61.5185185185185
15,1749,-323,-231.529801324503
15,1750,-136,-154.708609271523
15,1751,33,-124.489361702128
15,1752,100,42.45
15,1753,-36,-15.2714285714286
15,1754,-61,-36.6445182724253
15,1755,79,-36.6445182724253
15,1756,87,82.1636363636364
15,1757,334,230.846153846154
15,1758,2,-47.5714285714286
15,1759,-184,-154.708609271523
15,1760,-102,-124.489361702128
15,1761,-121,-87.4117647058823
15,1762,-53,-36.6445182724253
15,1763,-125,-36.6445182724253
15,1764,-32,-36.6445182724253
15,1765,-41,-16.8328267477204
15,1766,-37,-36.6445182724253
15,1767,3,-36.6445182724253
15,1768,-10,1.36963696369637
15,1769,20,-16.8328267477204
15,1770,111,81.9479166666667
15,1771,221,180.76724137931
15,1772,262,-61.5185185185185
15,1773,-324,-231.529801324503
15,1774,-95,-154.708609271523
15,1775,59,-124.489361702128
15,1776,-87,-15.2714285714286
15,1777,107,-36.6445182724253
15,1778,-36,-47.5714285714286
15,1779,101,-36.6445182724253
15,1780,97,124.210526315789
15,1781,203,230.846153846154
15,1782,-2,-47.5714285714286
15,1783,-189,-154.708609271523
15,1784,-139,-89.9545454545455
15,1785,-78,22.9310344827586
15,1786,-3,-36.6445182724253
15,1787,24,1.36963696369637
15,1788,-103,-13.468085106383
15,1789,-46,-36.6445182724253
15,1790,-32,-36.6445182724253
15,1791,-43,-16.8328267477204
15,1792,-23,-36.6445182724253
15,1793,13,-16.8328267477204
15,1794,20,42.45
15,1795,45,64
15,1796,110,142.636363636364
15,1797,87,82.1636363636364
15,1798,148,82.1636363636364
15,1799,143,-42
15,1800,-25,-231.529801324503
15,1801,-26,-116.922222222222
15,1802,-96,-16.8328267477204
15,1803,113,-36.6445182724253
15,1804,-1,-15.2714285714286
15,1805,-38,-42.0952380952381
15,1806,-68,-36.6445182724253
15,1807,-29,-36.6445182724253
15,1808,-96,113.649122807018
15,1809,-40,-36.6445182724253
15,1810,-52,-36.6445182724253
15,1811,-68,-36.6445182724253
15,1812,-15,-36.6445182724253
15,1813,-13,-16.8328267477204
15,1814,-28,-16.8328267477204
15,1815,-65,-16.8328267477204
15,1816,-12,-36.6445182724253
15,1817,-5,-16.8328267477204
15,1818,6,1.36963696369637
15,1819,19,1.36963696369637
15,1820,78,81.9479166666667
15,1821,77,124.210526315789
15,1822,142,180.76724137931
15,1823,81,-42
15,1824,144,-116.922222222222
15,1825,7,-122.34375
15,1826,-47,-116.922222222222
15,1827,53,-36.6445182724253
15,1828,-27,-15.2714285714286
15,1829,-33,-16.8328267477204
15,1830,-48,-16.8328267477204
15,1831,-80,-36.6445182724253
15,1832,-107,-36.6445182724253
15,1833,-73,-36.6445182724253
15,1834,-46,-36.6445182724253
15,1835,-55,-36.6445182724253
15,1836,-68,-36.6445182724253
15,1837,-25,-36.6445182724253
15,1838,-3,-16.8328267477204
15,1839,-1,1.36963696369637
15,1840,-3,1.36963696369637
15,1841,21,1.36963696369637
15,1842,119,81.9479166666667
15,1843,243,180.76724137931
15,1844,254,-61.5185185185185
15,1845,-289,-231.529801324503
15,1846,-160,-154.708609271523
15,1847,23,-124.489361702128
15,1848,50,42.45
15,1849,9,-15.2714285714286
15,1850,-33,1.36963696369637
15,1851,23,-16.8328267477204
15,1852,126,113.649122807018
15,1853,381,230.846153846154
15,1854,-89,-61.5185185185185
15,1855,-134,-154.708609271523
15,1856,-223,-124.489361702128
15,1857,-76,-87.4117647058823
15,1858,-74,22.9310344827586
15,1859,-60,-36.6445182724253
15,1860,-75,-36.6445182724253
15,1861,-29,-36.6445182724253
15,1862,7,-11.2333333333333
15,1863,-10,1.36963696369637
15,1864,-1,-16.8328267477204
15,1865,15,1.36963696369637
15,1866,145,81.9479166666667
15,1867,298,180.76724137931
15,1868,178,-61.5185185185185
15,1869,-346,-231.529801324503
15,1870,-138,-116.922222222222
15,1871,60,22.9310344827586
15,1872,46,-15.2714285714286
15,1873,-44,-15.2714285714286
15,1874,-148,-36.6445182724253
15,1875,63,-36.6445182724253
15,1876,255,82.1636363636364
15,1877,328,230.846153846154
15,1878,-7,-231.529801324503
15,1879,-252,-154.708609271523
15,1880,-156,-124.489361702128
15,1881,-79,22.9310344827586
15,1882,-76,-36.6445182724253
15,1883,-84,-36.6445182724253
15,1884,-28,-36.6445182724253
15,1885,-21,-11.2333333333333
15,1886,-13,-11.2333333333333
15,1887,1,-16.8328267477204
15,1888,3,1.36963696369637
15,1889,23,1.36963696369637
15,1890,98,81.9479166666667
15,1891,292,180.76724137931
15,1892,204,133.358490566038
15,1893,-297,-231.529801324503
15,1894,-172,-154.708609271523
15,1895,48,22.9310344827586
15,1896,79,-15.2714285714286
15,1897,-14,-15.2714285714286
15,1898,-23,-16.8328267477204
15,1899,16,-16.8328267477204
15,1900,98,113.649122807018
15,1901,348,230.846153846154
15,1902,-333,-15.2714285714286
15,1903,-274,-154.708609271523
15,1904,-47,-124.489361702128
15,1905,-17,22.9310344827586
15,1906,33,-16.8328267477204
15,1907,-12,-13.468085106383
15,1908,-22,-16.8328267477204
15,1909,-22,-16.8328267477204
15,1910,-8,113.649122807018
15,1911,0,-16.8328267477204
15,1912,-1,1.36963696369637
15,1913,22,1.36963696369637
15,1914,115,-13.468085106383
15,1915,262,124.210526315789
15,1916,229,-61.5185185185185
15,1917,-269,-231.529801324503
15,1918,-207,-154.708609271523
15,1919,102,22.9310344827586
15,1920,16,-15.2714285714286
15,1921,46,-13.468085106383
15,1922,-71,7.91891891891892
15,1923,24,-36.6445182724253
15,1924,150,113.649122807018
15,1925,311,230.846153846154
15,1926,38,-61.5185185185185
15,1927,-217,-154.708609271523
15,1928,-179,-124.489361702128
15,1929,-144,22.9310344827586
15,1930,2,-36.6445182724253
15,1931,-97,1.36963696369637
15,1932,-71,-36.6445182724253
15,1933,-18,-36.6445182724253
15,1934,-15,42.4285714285714
15,1935,-18,-16.8328267477204
15,1936,-4,-16.8328267477204
15,1937,17,1.36963696369637
15,1938,109,64
15,1939,216,180.76724137931
15,1940,269,133.358490566038
15,1941,-298,-231.529801324503
15,1942,-112,-154.708609271523
15,1943,81,-124.489361702128
15,1944,57,-15.2714285714286
15,1945,15,-15.2714285714286
15,1946,-29,-13.468085106383
15,1947,105,-16.8328267477204
15,1948,86,82.1636363636364
15,1949,254,230.846153846154
15,1950,-183,-47.5714285714286
15,1951,-93,-154.708609271523
15,1952,-162,-124.489361702128
15,1953,-71,-87.4117647058823
15,1954,-36,-36.6445182724253
15,1955,-54,-36.6445182724253
15,1956,-44,-36.6445182724253
15,1957,-43,-36.6445182724253
15,1958,-37,-36.6445182724253
15,1959,-22,-36.6445182724253
15,1960,-25,-16.8328267477204
15,1961,4,-16.8328267477204
15,1962,20,1.36963696369637
15,1963,34,81.9479166666667
15,1964,111,81.9479166666667
15,1965,157,180.76724137931
15,1966,76,-61.5185185185185
15,1967,111,-116.922222222222
15,1968,37,-122.34375
15,1969,100,-42.0952380952381
15,1970,-44,7.91891891891892
15,1971,-25,-36.6445182724253
15,1972,1,-16.8328267477204
15,1973,-15,1.36963696369637
15,1974,-30,70.2
15,1975,-107,-16.8328267477204
15,1976,-152,-36.6445182724253
15,1977,-57,-36.6445182724253
15,1978,44,-36.6445182724253
15,1979,-98,132.925
15,1980,-78,-36.6445182724253
15,1981,-4,-36.6445182724253
15,1982,-12,1.36963696369637
15,1983,-54,-16.8328267477204
15,1984,-19,-36.6445182724253
15,1985,3,-16.8328267477204
15,1986,9,1.36963696369637
15,1987,39,1.36963696369637
15,1988,96,42.45
15,1989,66,124.210526315789
15,1990,128,82.1636363636364
15,1991,78,-42
15,1992,103,-42.0952380952381
15,1993,71,7.91891891891892
15,1994,-50,7.91891891891892
15,1995,-53,-36.6445182724253
15,1996,65,-36.6445182724253
15,1997,-86,-15.2714285714286
15,1998,-89,-36.6445182724253
15,1999,-50,-36.6445182724253
15,2000,-109,-36.6445182724253
15,2001,-61,-36.6445182724253
15,2002,-38,-36.6445182724253
15,2003,-57,-36.6445182724253
15,2004,-39,-36.6445182724253
15,2005,-24,-36.6445182724253
15,2006,-9,-16.8328267477204
15,2007,0,-16.8328267477204
15,2008,4,1.36963696369637
15,2009,20,1.36963696369637
15,2010,39,81.9479166666667
15,2011,10,81.9479166666667
15,2012,81,81.9479166666667
15,2013,-46,82.1636363636364
15,2014,-51,-36.6445182724253
15,2015,20,-36.6445182724253
15,2016,106,-13.468085106383
15,2017,-9,-15.2714285714286
15,2018,-5,-16.8328267477204
15,2019,25,1.36963696369637
15,2020,-85,-13.468085106383
15,2021,118,-36.6445182724253
15,2022,71,-15.2714285714286
15,2023,4,-42.0952380952381
15,2024,-115,1.36963696369637
15,2025,-37,-36.6445182724253
15,2026,-23,-36.6445182724253
15,2027,-54,-16.8328267477204
15,2028,-43,-36.6445182724253
15,2029,-13,-36.6445182724253
15,2030,-15,-16.8328267477204
15,2031,2,-16.8328267477204
15,2032,-1,1.36963696369637
15,2033,3,1.36963696369637
15,2034,16,1.36963696369637
15,2035,68,81.9479166666667
15,2036,317,180.76724137931
15,2037,-54,124.210526315789
15,2038,-184,-154.708609271523
15,2039,53,-124.489361702128
15,2040,40,-15.2714285714286
15,2041,-25,-13.468085106383
15,2042,-55,-16.8328267477204
15,2043,72,-36.6445182724253
15,2044,118,82.1636363636364
15,2045,304,180.76724137931
15,2046,55,-231.529801324503
15,2047,-221,-154.708609271523
15,2048,-249,-124.489361702128
15,2049,-154,22.9310344827586
15,2050,-26,22.9310344827586
15,2051,-12,-16.8328267477204
15,2052,-32,-16.8328267477204
15,2053,-18,-16.8328267477204
15,2054,-2,-11.2333333333333
15,2055,-13,1.36963696369637
15,2056,-2,-16.8328267477204
15,2057,34,1.36963696369637
15,2058,120,42.45
15,2059,282,124.210526315789
15,2060,210,-61.5185185185185
15,2061,-303,-231.529801324503
15,2062,-155,-154.708609271523
15,2063,75,22.9310344827586
15,2064,63,-15.2714285714286
15,2065,20,-15.2714285714286
15,2066,-87,-13.468085106383
15,2067,11,-36.6445182724253
15,2068,172,113.649122807018
15,2069,427,230.846153846154
15,2070,-27,-61.5185185185185
15,2071,-256,-154.708609271523
15,2072,-131,-124.489361702128
15,2073,-66,22.9310344827586
15,2074,-107,-36.6445182724253
15,2075,-153,-36.6445182724253
15,2076,-54,-36.6445182724253
15,2077,-51,-36.6445182724253
15,2078,-12,-36.6445182724253
15,2079,-13,-16.8328267477204
15,2080,13,-16.8328267477204
15,2081,19,81.9479166666667
15,2082,124,81.9479166666667
15,2083,315,218.470588235294
15,2084,160,-61.5185185185185
15,2085,-288,-231.529801324503
15,2086,-141,-116.922222222222
15,2087,74,22.9310344827586
15,2088,69,-15.2714285714286
15,2089,-21,-15.2714285714286
15,2090,-57,-16.8328267477204
15,2091,46,-36.6445182724253
15,2092,114,82.1636363636364
15,2093,422,268.830769230769
15,2094,16,-175.315789473684
15,2095,-331,-154.708609271523
15,2096,-91,-124.489361702128
15,2097,-147,22.9310344827586
15,2098,-48,-36.6445182724253
15,2099,-85,-36.6445182724253
15,2100,-96,-36.6445182724253
15,2101,-21,-36.6445182724253
15,2102,-28,-11.2333333333333
15,2103,-7,-16.8328267477204
15,2104,-3,-16.8328267477204
15,2105,23,1.36963696369637
15,2106,148,81.9479166666667
15,2107,333,180.76724137931
15,2108,230,-61.5185185185185
15,2109,-384,-231.529801324503
15,2110,-106,-154.708609271523
15,2111,79,22.9310344827586
15,2112,26,-15.2714285714286
15,2113,35,-13.468085106383
15,2114,-45,-13.468085106383
15,2115,41,-36.6445182724253
15,2116,177,113.649122807018
15,2117,244,230.846153846154
15,2118,-143,-175.315789473684
15,2119,-186,-154.708609271523
15,2120,-146,-124.489361702128
15,2121,-79,-87.4117647058823
15,2122,-7,-36.6445182724253
15,2123,-77,-16.8328267477204
15,2124,-26,-36.6445182724253
15,2125,-44,-11.2333333333333
15,2126,-35,-36.6445182724253
15,2127,-36,-16.8328267477204
15,2128,-19,-36.6445182724253
15,2129,-2,-16.8328267477204
15,2130,38,1.36963696369637
15,2131,45,81.9479166666667
15,2132,100,142.636363636364
15,2133,97,180.76724137931
15,2134,160,82.1636363636364
15,2135,134,-42
15,2136,56,-231.529801324503
15,2137,62,-116.922222222222
15,2138,26,7.91891891891892
15,2139,-58,-13.468085106383
15,2140,-30,-36.6445182724253
15,2141,-16,-16.8328267477204
15,2142,19,-16.8328267477204
15,2143,-213,-11.2333333333333
15,2144,-117,-36.6445182724253
15,2145,-56,22.9310344827586
15,2146,79,-36.6445182724253
15,2147,-99,180.76724137931
15,2148,-69,-36.6445182724253
15,2149,-40,-36.6445182724253
15,2150,-32,-36.6445182724253
15,2151,-32,-16.8328267477204
15,2152,-50,-16.8328267477204
15,2153,-8,-36.6445182724253
15,2154,17,-16.8328267477204
15,2155,65,81.9479166666667
15,2156,81,180.76724137931
15,2157,142,180.76724137931
15,2158,119,-42
15,2159,149,-231.529801324503
15,2160,56,-231.529801324503
15,2161,-30,-116.922222222222
15,2162,-64,-16.8328267477204
15,2163,-41,-36.6445182724253
15,2164,75,-36.6445182724253
15,2165,-28,-15.2714285714286
15,2166,-75,70.2
15,2167,-72,-36.6445182724253
15,2168,-128,-36.6445182724253
15,2169,-41,-36.6445182724253
15,2170,-88,-36.6445182724253
15,2171,-59,-36.6445182724253
15,2172,-46,-36.6445182724253
15,2173,-25,-36.6445182724253
15,2174,-4,-16.8328267477204
15,2175,-9,1.36963696369637
15,2176,5,-16.8328267477204
15,2177,8,1.36963696369637
15,2178,64,1.36963696369637
15,2179,74,142.636363636364
15,2180,117,180.76724137931
15,2181,-84,-122.34375
15,2182,-87,-42.0952380952381
15,2183,7,-36.6445182724253
15,2184,64,1.36963696369637
15,2185,14,-15.2714285714286
15,2186,-4,-13.468085106383
15,2187,45,1.36963696369637
15,2188,90,82.1636363636364
15,2189,193,82.1636363636364
15,2190,22,-47.5714285714286
15,2191,-82,-116.922222222222
15,2192,-112,-89.9545454545455
15,2193,-95,-36.6445182724253
15,2194,-99,-36.6445182724253
15,2195,-45,-36.6445182724253
15,2196,-61,-36.6445182724253
15,2197,-9,-36.6445182724253
15,2198,-16,-11.2333333333333
15,2199,-6,-16.8328267477204
15,2200,2,1.36963696369637
15,2201,10,1.36963696369637
15,2202,120,81.9479166666667
15,2203,187,180.76724137931
15,2204,266,-61.5185185185185
15,2205,-257,-231.529801324503
15,2206,-133,-154.708609271523
15,2207,-11,-124.489361702128
15,2208,65,-16.8328267477204
15,2209,-11,-15.2714285714286
15,2210,-21,-16.8328267477204
15,2211,23,-16.8328267477204
15,2212,141,113.649122807018
15,2213,399,230.846153846154
15,2214,0,-61.5185185185185
15,2215,-421,-154.708609271523
15,2216,9,-124.489361702128
15,2217,-112,1.36963696369637
15,2218,-87,-36.6445182724253
15,2219,-69,-36.6445182724253
15,2220,-58,-36.6445182724253
15,2221,-15,-36.6445182724253
15,2222,-20,-11.2333333333333
15,2223,-7,-16.8328267477204
15,2224,-2,-16.8328267477204
15,2225,32,1.36963696369637
15,2226,125,81.9479166666667
15,2227,308,180.76724137931
15,2228,251,-61.5185185185185
15,2229,-422,-231.529801324503
15,2230,-106,-154.708609271523
15,2231,6,-124.489361702128
15,2232,51,1.36963696369637
15,2233,22,-15.2714285714286
15,2234,-22,-13.468085106383
15,2235,9,-16.8328267477204
15,2236,21,113.649122807018
15,2237,7,113.649122807018
15,2238,42,1.36963696369637
15,2239,49,-15.2714285714286
15,2240,-81,35.4375
15,2241,-50,-36.6445182724253
15,2242,-86,-36.6445182724253
15,2243,-53,-36.6445182724253
15,2244,-50,-36.6445182724253
15,2245,-26,-36.6445182724253
15,2246,-14,-16.8328267477204
15,2247,-12,-16.8328267477204
15,2248,1,-16.8328267477204
15,2249,25,1.36963696369637
15,2250,126,81.9479166666667
15,2251,259,180.76724137931
15,2252,277,-61.5185185185185
15,2253,-391,-231.529801324503
15,2254,-116,-154.708609271523
15,2255,36,-124.489361702128
15,2256,68,42.45
15,2257,13,-15.2714285714286
15,2258,-50,-13.468085106383
15,2259,39,-36.6445182724253
15,2260,99,113.649122807018
15,2261,408,230.846153846154
15,2262,-46,-47.5714285714286
15,2263,-260,-154.708609271523
15,2264,-94,-124.489361702128
15,2265,-113,22.9310344827586
15,2266,-42,-36.6445182724253
15,2267,-76,-36.6445182724253
15,2268,-94,-36.6445182724253
15,2269,-31,-36.6445182724253
15,2270,-19,-11.2333333333333
15,2271,-9,-16.8328267477204
15,2272,-5,-16.8328267477204
15,2273,21,1.36963696369637
15,2274,83,81.9479166666667
15,2275,246,180.76724137931
15,2276,224,133.358490566038
15,2277,-243,-231.529801324503
15,2278,-108,-154.708609271523
15,2279,51,22.9310344827586
15,2280,38,-15.2714285714286
15,2281,12,-13.468085106383
15,2282,34,-13.468085106383
15,2283,99,-13.468085106383
15,2284,118,82.1636363636364
15,2285,69,230.846153846154
15,2286,-131,-42.0952380952381
15,2287,-118,-36.6445182724253
15,2288,-54,-36.6445182724253
15,2289,-95,-36.6445182724253
15,2290,-43,-36.6445182724253
15,2291,-46,-36.6445182724253
15,2292,-50,-36.6445182724253
15,2293,-34,-36.6445182724253
15,2294,-18,-16.8328267477204
15,2295,-33,-16.8328267477204
15,2296,-29,-16.8328267477204
15,2297,8,-16.8328267477204
15,2298,21,1.36963696369637
15,2299,23,81.9479166666667
15,2300,87,81.9479166666667
15,2301,148,180.76724137931
15,2302,148,-42
15,2303,83,-231.529801324503
15,2304,9,-231.529801324503
15,2305,10,1.36963696369637
15,2306,25,-13.468085106383
15,2307,-51,-13.468085106383
15,2308,-9,-36.6445182724253
15,2309,-42,-16.8328267477204
15,2310,-47,-36.6445182724253
15,2311,-42,-36.6445182724253
15,2312,-118,-36.6445182724253
15,2313,-4,-36.6445182724253
15,2314,-47,1.36963696369637
15,2315,-54,-36.6445182724253
15,2316,-13,-36.6445182724253
15,2317,-59,-16.8328267477204
15,2318,-17,-36.6445182724253
15,2319,-25,-16.8328267477204
15,2320,-25,-16.8328267477204
15,2321,-4,-16.8328267477204
15,2322,15,1.36963696369637
15,2323,30,81.9479166666667
15,2324,99,81.9479166666667
15,2325,119,180.76724137931
15,2326,154,-42
15,2327,95,-231.529801324503
15,2328,51,-231.529801324503
15,2329,-72,7.91891891891892
15,2330,49,-36.6445182724253
15,2331,-12,7.91891891891892
15,2332,-34,-16.8328267477204
15,2333,21,-16.8328267477204
15,2334,-4,-13.468085106383
15,2335,-76,113.649122807018
15,2336,-50,-36.6445182724253
15,2337,-249,-36.6445182724253
15,2338,-84,-36.6445182724253
15,2339,37,22.9310344827586
15,2340,-31,42.45
15,2341,-6,-16.8328267477204
15,2342,-11,1.36963696369637
15,2343,-30,-16.8328267477204
15,2344,-12,-16.8328267477204
15,2345,3,-16.8328267477204
15,2346,11,1.36963696369637
15,2347,47,-13.468085106383
15,2348,88,132.925
15,2349,108,124.210526315789
15,2350,101,82.1636363636364
15,2351,112,82.1636363636364
15,2352,49,-122.34375
15,2353,31,-42.0952380952381
15,2354,-91,-13.468085106383
15,2355,-5,-36.6445182724253
15,2356,41,1.36963696369637
15,2357,-96,-13.468085106383
15,2358,-22,-36.6445182724253
15,2359,12,-16.8328267477204
15,2360,-78,-13.468085106383
15,2361,-70,-36.6445182724253
15,2362,-90,-36.6445182724253
15,2363,-75,-36.6445182724253
15,2364,-37,-36.6445182724253
15,2365,-31,-36.6445182724253
15,2366,-6,-16.8328267477204
15,2367,-5,1.36963696369637
15,2368,2,1.36963696369637
15,2369,28,1.36963696369637
15,2370,121,81.9479166666667
15,2371,296,180.76724137931
15,2372,184,-61.5185185185185
15,2373,-377,-231.529801324503
15,2374,-74,-116.922222222222
15,2375,14,22.9310344827586
15,2376,40,-13.468085106383
15,2377,2,-13.468085106383
15,2378,-1,1.36963696369637
15,2379,18,1.36963696369637
15,2380,137,113.649122807018
15,2381,388,230.846153846154
15,2382,-71,-61.5185185185185
15,2383,-184,-154.708609271523
15,2384,-322,-124.489361702128
15,2385,-133,-87.4117647058823
15,2386,-16,22.9310344827586
15,2387,-5,-16.8328267477204
15,2388,-14,1.36963696369637
15,2389,-32,70.2
15,2390,1,42.4285714285714
15,2391,0,1.36963696369637
15,2392,1,1.36963696369637
15,2393,35,1.36963696369637
15,2394,103,42.45
15,2395,339,124.210526315789
15,2396,188,124.210526315789
15,2397,-366,-231.529801324503
15,2398,-128,-116.922222222222
15,2399,31,22.9310344827586
15,2400,45,42.45
15,2401,36,-15.2714285714286
15,2402,-37,-13.468085106383
15,2403,23,-36.6445182724253
15,2404,123,113.649122807018
15,2405,441,230.846153846154
15,2406,-43,-61.5185185185185
15,2407,-240,-154.708609271523
15,2408,-125,-124.489361702128
15,2409,-127,22.9310344827586
15,2410,-87,-36.6445182724253
15,2411,-57,-36.6445182724253
15,2412,-99,-36.6445182724253
15,2413,-35,-36.6445182724253
15,2414,-12,-11.2333333333333
15,2415,-6,-16.8328267477204
15,2416,0,1.36963696369637
15,2417,25,1.36963696369637
15,2418,145,81.9479166666667
15,2419,329,180.76724137931
15,2420,186,-61.5185185185185
15,2421,-382,-231.529801324503
15,2422,-91,-116.922222222222
15,2423,-2,22.9310344827586
15,2424,74,1.36963696369637
15,2425,1,-15.2714285714286
15,2426,-39,1.36963696369637
15,2427,36,-36.6445182724253
15,2428,197,113.649122807018
15,2429,340,230.846153846154
15,2430,-42,-61.5185185185185
15,2431,-194,-154.708609271523
15,2432,-112,-124.489361702128
15,2433,-120,22.9310344827586
15,2434,-95,-36.6445182724253
15,2435,-124,-36.6445182724253
15,2436,-54,-36.6445182724253
15,2437,-52,-36.6445182724253
15,2438,-18,-36.6445182724253
15,2439,-12,-16.8328267477204
15,2440,2,-16.8328267477204
15,2441,39,1.36963696369637
15,2442,96,81.9479166666667
15,2443,261,180.76724137931
15,2444,292,133.358490566038
15,2445,-396,-231.529801324503
15,2446,-94,-154.708609271523
15,2447,31,-124.489361702128
15,2448,75,-13.468085106383
15,2449,6,-15.2714285714286
15,2450,-62,1.36963696369637
15,2451,4,-36.6445182724253
15,2452,-36,113.649122807018
15,2453,5,-36.6445182724253
15,2454,-117,1.36963696369637
15,2455,-65,-36.6445182724253
15,2456,-6,-36.6445182724253
15,2457,46,1.36963696369637
15,2458,-62,132.925
15,2459,50,-36.6445182724253
15,2460,13,7.91891891891892
15,2461,-10,64
15,2462,-35,-16.8328267477204
15,2463,-15,-16.8328267477204
15,2464,-13,-16.8328267477204
15,2465,-1,-16.8328267477204
15,2466,24,1.36963696369637
15,2467,50,-13.468085106383
15,2468,124,124.210526315789
15,2469,122,124.210526315789
15,2470,161,-175.315789473684
15,2471,43,-231.529801324503
15,2472,132,-116.922222222222
15,2473,11,-122.34375
15,2474,-32,-116.922222222222
15,2475,55,-16.8328267477204
15,2476,-58,-15.2714285714286
15,2477,-58,-36.6445182724253
15,2478,-74,-36.6445182724253
15,2479,42,-36.6445182724253
15,2480,-155,35.4375
15,2481,-83,-36.6445182724253
15,2482,-88,-36.6445182724253
15,2483,10,-36.6445182724253
15,2484,-69,81.9479166666667
15,2485,-48,-36.6445182724253
15,2486,-32,-36.6445182724253
15,2487,-39,-16.8328267477204
15,2488,-37,-36.6445182724253
15,2489,-1,-36.6445182724253
15,2490,10,1.36963696369637
15,2491,13,64
15,2492,105,81.9479166666667
15,2493,160,180.76724137931
15,2494,104,-42
15,2495,107,-231.529801324503
15,2496,173,-122.34375
15,2497,2,-122.34375
15,2498,-8,-116.922222222222
15,2499,-34,-16.8328267477204
15,2500,18,-16.8328267477204
15,2501,-84,-13.468085106383
15,2502,-82,-36.6445182724253
15,2503,-43,-36.6445182724253
15,2504,-139,-36.6445182724253
15,2505,-68,-36.6445182724253
15,2506,-20,-36.6445182724253
15,2507,-118,-16.8328267477204
15,2508,-59,-36.6445182724253
15,2509,-35,-36.6445182724253
15,2510,-3,-16.8328267477204
15,2511,-6,1.36963696369637
15,2512,3,1.36963696369637
15,2513,27,1.36963696369637
15,2514,104,81.9479166666667
15,2515,378,180.76724137931
15,2516,148,133.358490566038
15,2517,-383,-231.529801324503
15,2518,-95,-116.922222222222
15,2519,52,22.9310344827586
15,2520,43,-15.2714285714286
15,2521,-8,-15.2714285714286
15,2522,-4,-16.8328267477204
15,2523,22,1.36963696369637
15,2524,156,113.649122807018
15,2525,386,268.830769230769
15,2526,-12,-61.5185185185185
15,2527,-177,-154.708609271523
15,2528,-184,-124.489361702128
15,2529,-196,-87.4117647058823
15,2530,-97,-36.6445182724253
15,2531,-82,22.9310344827586
15,2532,-52,-36.6445182724253
15,2533,-14,-36.6445182724253
15,2534,-12,-11.2333333333333
15,2535,-3,-16.8328267477204
15,2536,0,1.36963696369637
15,2537,31,1.36963696369637
15,2538,148,81.9479166666667
15,2539,385,180.76724137931
15,2540,141,-61.5185185185185
15,2541,-375,-231.529801324503
15,2542,-159,-116.922222222222
15,2543,51,22.9310344827586
15,2544,20,-15.2714285714286
15,2545,20,-13.468085106383
15,2546,9,-13.468085106383
15,2547,-4,42.4285714285714
15,2548,201,113.649122807018
15,2549,377,268.830769230769
15,2550,-60,-61.5185185185185
15,2551,-277,-154.708609271523
15,2552,-98,-124.489361702128
15,2553,-132,22.9310344827586
15,2554,-90,-36.6445182724253
15,2555,-80,-36.6445182724253
15,2556,-64,-36.6445182724253
15,2557,-22,-36.6445182724253
15,2558,-16,-11.2333333333333
15,2559,-3,-16.8328267477204
15,2560,2,1.36963696369637
15,2561,28,1.36963696369637
15,2562,134,81.9479166666667
15,2563,375,180.76724137931
15,2564,121,-61.5185185185185
15,2565,-365,-231.529801324503
15,2566,-100,-42.0952380952381
15,2567,23,22.9310344827586
15,2568,89,-13.468085106383
15,2569,-12,-15.2714285714286
15,2570,-1,-16.8328267477204
15,2571,-2,42.4285714285714
15,2572,152,113.649122807018
15,2573,272,268.830769230769
15,2574,58,-61.5185185185185
15,2575,-244,-154.708609271523
15,2576,-130,-124.489361702128
15,2577,-110,22.9310344827586
15,2578,-50,-36.6445182724253
15,2579,-125,-36.6445182724253
15,2580,-64,-36.6445182724253
15,2581,-37,-36.6445182724253
15,2582,-10,-36.6445182724253
15,2583,-7,-16.8328267477204
15,2584,1,-16.8328267477204
15,2585,28,1.36963696369637
15,2586,136,81.9479166666667
15,2587,356,180.76724137931
15,2588,155,-61.5185185185185
15,2589,-344,-231.529801324503
15,2590,-127,-116.922222222222
15,2591,27,22.9310344827586
15,2592,99,42.45
15,2593,-21,-15.2714285714286
15,2594,-50,-16.8328267477204
15,2595,68,-36.6445182724253
15,2596,133,82.1636363636364
15,2597,403,268.830769230769
15,2598,-56,-231.529801324503
15,2599,-211,-154.708609271523
15,2600,-124,-124.489361702128
15,2601,-165,22.9310344827586
15,2602,-85,-36.6445182724253
15,2603,-51,-36.6445182724253
15,2604,-100,-36.6445182724253
15,2605,-48,-36.6445182724253
15,2606,-10,-36.6445182724253
15,2607,-11,-16.8328267477204
15,2608,2,-16.8328267477204
15,2609,19,1.36963696369637
15,2610,110,81.9479166666667
15,2611,289,180.76724137931
15,2612,272,133.358490566038
15,2613,-318,-231.529801324503
15,2614,-133,-154.708609271523
15,2615,15,-124.489361702128
15,2616,105,-13.468085106383
15,2617,47,-15.2714285714286
15,2618,-43,-15.2714285714286
15,2619,24,-36.6445182724253
15,2620,126,113.649122807018
15,2621,270,230.846153846154
15,2622,-70,-61.5185185185185
15,2623,-168,-154.708609271523
15,2624,-147,-124.489361702128
15,2625,-69,-87.4117647058823
15,2626,-48,-36.6445182724253
15,2627,-76,-36.6445182724253
15,2628,-9,-36.6445182724253
15,2629,-83,-16.8328267477204
15,2630,-34,-36.6445182724253
15,2631,-49,-16.8328267477204
15,2632,-32,-36.6445182724253
15,2633,11,-16.8328267477204
15,2634,61,81.9479166666667
15,2635,7,142.636363636364
15,2636,157,1.36963696369637
15,2637,96,-42
15,2638,126,-61.5185185185185
15,2639,103,180.76724137931
15,2640,-38,-231.529801324503
15,2641,54,-36.6445182724253
15,2642,8,7.91891891891892
15,2643,-38,1.36963696369637
15,2644,-21,-36.6445182724253
15,2645,-39,42.4285714285714
15,2646,-44,-36.6445182724253
15,2647,-91,-36.6445182724253
15,2648,3,-36.6445182724253
15,2649,-47,1.36963696369637
15,2650,-102,-36.6445182724253
15,2651,16,-36.6445182724253
15,2652,-72,81.9479166666667
15,2653,-42,-36.6445182724253
15,2654,-43,-36.6445182724253
15,2655,-44,-36.6445182724253
15,2656,-19,-36.6445182724253
15,2657,3,-16.8328267477204
15,2658,17,1.36963696369637
15,2659,32,64
15,2660,119,81.9479166666667
15,2661,85,180.76724137931
15,2662,147,-61.5185185185185
15,2663,86,-42
15,2664,3,-231.529801324503
15,2665,-10,1.36963696369637
15,2666,8,-16.8328267477204
15,2667,-25,1.36963696369637
15,2668,33,-16.8328267477204
15,2669,13,-13.468085106383
15,2670,-31,-13.468085106383
15,2671,-115,70.2
15,2672,-12,-36.6445182724253
15,2673,-110,-16.8328267477204
15,2674,-94,-36.6445182724253
15,2675,-49,-36.6445182724253
15,2676,-69,-36.6445182724253
15,2677,-17,-36.6445182724253
15,2678,-7,-16.8328267477204
15,2679,-11,-16.8328267477204
15,2680,1,-16.8328267477204
15,2681,30,1.36963696369637
15,2682,107,81.9479166666667
15,2683,359,180.76724137931
15,2684,148,133.358490566038
15,2685,-335,-231.529801324503
15,2686,-169,-116.922222222222
15,2687,55,22.9310344827586
15,2688,59,-15.2714285714286
15,2689,-13,-15.2714285714286
15,2690,11,-16.8328267477204
15,2691,0,-13.468085106383
15,2692,168,113.649122807018
15,2693,373,268.830769230769
15,2694,31,-61.5185185185185
15,2695,-235,-154.708609271523
15,2696,-202,-124.489361702128
15,2697,-144,22.9310344827586
15,2698,-86,22.9310344827586
15,2699,-84,-36.6445182724253
15,2700,-52,-36.6445182724253
15,2701,-12,-36.6445182724253
15,2702,-10,-11.2333333333333
15,2703,6,-16.8328267477204
15,2704,-8,1.36963696369637
15,2705,25,-16.8328267477204
15,2706,107,81.9479166666667
15,2707,167,180.76724137931
15,2708,310,180.76724137931
15,2709,-328,-231.529801324503
15,2710,-160,-154.708609271523
15,2711,-60,-124.489361702128
15,2712,30,-87.4117647058823
15,2713,-36,-13.468085106383
15,2714,1,-36.6445182724253
15,2715,56,1.36963696369637
15,2716,123,82.1636363636364
15,2717,442,230.846153846154
15,2718,-28,-231.529801324503
15,2719,-162,-154.708609271523
15,2720,-105,-124.489361702128
15,2721,-112,-87.4117647058823
15,2722,-67,-36.6445182724253
15,2723,-118,-36.6445182724253
15,2724,-55,-36.6445182724253
15,2725,-6,-36.6445182724253
15,2726,-24,-11.2333333333333
15,2727,4,-16.8328267477204
15,2728,2,1.36963696369637
15,2729,30,1.36963696369637
15,2730,154,81.9479166666667
15,2731,311,180.76724137931
15,2732,208,-61.5185185185185
15,2733,-361,-231.529801324503
15,2734,-154,-154.708609271523
15,2735,48,22.9310344827586
15,2736,88,-15.2714285714286
15,2737,-79,-15.2714285714286
15,2738,65,-36.6445182724253
15,2739,-39,7.91891891891892
15,2740,111,-36.6445182724253
15,2741,465,230.846153846154
15,2742,-113,-61.5185185185185
15,2743,-73,-154.708609271523
15,2744,-223,-124.489361702128
15,2745,-52,-87.4117647058823
15,2746,-158,22.9310344827586
15,2747,-85,-36.6445182724253
15,2748,-105,-36.6445182724253
15,2749,-27,-36.6445182724253
15,2750,-12,-11.2333333333333
15,2751,-4,-16.8328267477204
15,2752,1,1.36963696369637
15,2753,34,1.36963696369637
15,2754,141,81.9479166666667
15,2755,325,180.76724137931
15,2756,213,-61.5185185185185
15,2757,-362,-231.529801324503
15,2758,-178,-154.708609271523
15,2759,49,22.9310344827586
15,2760,37,-15.2714285714286
15,2761,19,-13.468085106383
15,2762,14,-13.468085106383
15,2763,26,42.4285714285714
15,2764,114,113.649122807018
15,2765,429,230.846153846154
15,2766,-44,-61.5185185185185
15,2767,-244,-154.708609271523
15,2768,-144,-124.489361702128
15,2769,-98,22.9310344827586
15,2770,-95,-36.6445182724253
15,2771,-70,-36.6445182724253
15,2772,-78,-36.6445182724253
15,2773,-43,-36.6445182724253
15,2774,-36,-36.6445182724253
15,2775,-10,-36.6445182724253
15,2776,9,-16.8328267477204
15,2777,19,1.36963696369637
15,2778,118,81.9479166666667
15,2779,279,180.76724137931
15,2780,223,-61.5185185185185
15,2781,-287,-231.529801324503
15,2782,-150,-154.708609271523
15,2783,70,22.9310344827586
15,2784,117,-15.2714285714286
15,2785,-10,-15.2714285714286
15,2786,-17,-42.0952380952381
15,2787,1,-16.8328267477204
15,2788,181,113.649122807018
15,2789,265,230.846153846154
15,2790,-130,-61.5185185185185
15,2791,-226,-154.708609271523
15,2792,-82,-124.489361702128
15,2793,-52,22.9310344827586
15,2794,-12,-36.6445182724253
15,2795,-99,-16.8328267477204
15,2796,-85,-36.6445182724253
15,2797,-42,-36.6445182724253
15,2798,-28,-36.6445182724253
15,2799,-40,-16.8328267477204
15,2800,-19,-36.6445182724253
15,2801,15,-16.8328267477204
15,2802,24,81.9479166666667
15,2803,31,81.9479166666667
15,2804,126,81.9479166666667
15,2805,163,-42
15,2806,68,-61.5185185185185
15,2807,131,-116.922222222222
15,2808,37,-122.34375
15,2809,14,-116.922222222222
15,2810,-44,-13.468085106383
15,2811,10,-36.6445182724253
15,2812,-41,-13.468085106383
15,2813,51,-36.6445182724253
15,2814,-22,-15.2714285714286
15,2815,-110,-16.8328267477204
15,2816,-109,-36.6445182724253
15,2817,-62,-36.6445182724253
15,2818,-10,-36.6445182724253
15,2819,-97,-16.8328267477204
15,2820,-35,-36.6445182724253
15,2821,-60,-16.8328267477204
15,2822,-14,-36.6445182724253
15,2823,-46,-16.8328267477204
15,2824,-10,-36.6445182724253
15,2825,-1,-16.8328267477204
15,2826,6,1.36963696369637
15,2827,25,1.36963696369637
15,2828,71,81.9479166666667
15,2829,155,180.76724137931
15,2830,162,124.210526315789
15,2831,110,-231.529801324503
15,2832,69,-231.529801324503
15,2833,-1,7.91891891891892
15,2834,-32,1.36963696369637
15,2835,-119,-16.8328267477204
15,2836,117,-36.6445182724253
15,2837,13,-15.2714285714286
15,2838,-80,-42.0952380952381
15,2839,-123,-36.6445182724253
15,2840,-88,-36.6445182724253
15,2841,-56,-36.6445182724253
15,2842,-93,-36.6445182724253
15,2843,-45,-36.6445182724253
15,2844,-68,-36.6445182724253
15,2845,-26,-36.6445182724253
15,2846,-5,-16.8328267477204
15,2847,-5,1.36963696369637
15,2848,5,1.36963696369637
15,2849,14,1.36963696369637
15,2850,14,81.9479166666667
15,2851,108,81.9479166666667
15,2852,329,180.76724137931
15,2853,-224,132.925
15,2854,-159,-154.708609271523
15,2855,30,-124.489361702128
15,2856,47,-13.468085106383
15,2857,57,-15.2714285714286
15,2858,-6,7.91891891891892
15,2859,18,1.36963696369637
15,2860,95,64
15,2861,391,175.833333333333
15,2862,-81,-15.2714285714286
15,2863,-179,-154.708609271523
15,2864,-101,-124.489361702128
15,2865,-89,-87.4117647058823
15,2866,-109,-36.6445182724253
15,2867,-90,-36.6445182724253
15,2868,-39,-36.6445182724253
15,2869,-21,-36.6445182724253
15,2870,1,-11.2333333333333
15,2871,-7,1.36963696369637
15,2872,2,-16.8328267477204
15,2873,27,1.36963696369637
15,2874,124,81.9479166666667
15,2875,319,180.76724137931
15,2876,193,-61.5185185185185
15,2877,-345,-231.529801324503
15,2878,-148,-116.922222222222
15,2879,50,22.9310344827586
15,2880,62,-15.2714285714286
15,2881,-20,-15.2714285714286
15,2882,-45,-16.8328267477204
15,2883,32,-36.6445182724253
15,2884,75,113.649122807018
15,2885,477,230.846153846154
15,2886,-16,-47.5714285714286
15,2887,-281,-154.708609271523
15,2888,-56,-124.489361702128
15,2889,-182,22.9310344827586
15,2890,15,-36.6445182724253
15,2891,-166,-13.468085106383
15,2892,-72,-36.6445182724253
15,2893,-26,-36.6445182724253
15,2894,-21,42.4285714285714
15,2895,2,-16.8328267477204
15,2896,-1,1.36963696369637
15,2897,32,1.36963696369637
15,2898,126,64
15,2899,299,218.470588235294
15,2900,179,-61.5185185185185
15,2901,-327,-231.529801324503
15,2902,-149,-116.922222222222
15,2903,21,22.9310344827586
15,2904,-8,42.45
15,2905,31,-16.8328267477204
15,2906,-21,-13.468085106383
15,2907,-11,-16.8328267477204
15,2908,156,113.649122807018
15,2909,356,230.846153846154
15,2910,-19,-61.5185185185185
15,2911,-133,-154.708609271523
15,2912,-132,-124.489361702128
15,2913,-63,-87.4117647058823
15,2914,-87,-36.6445182724253
15,2915,-134,-36.6445182724253
15,2916,-54,-36.6445182724253
15,2917,-51,-36.6445182724253
15,2918,0,-36.6445182724253
15,2919,-7,1.36963696369637
15,2920,1,-16.8328267477204
15,2921,28,1.36963696369637
15,2922,110,81.9479166666667
15,2923,313,218.470588235294
15,2924,127,133.358490566038
15,2925,-334,-231.529801324503
15,2926,-106,-42.0952380952381
15,2927,11,22.9310344827586
15,2928,54,42.45
15,2929,-43,-15.2714285714286
15,2930,4,-36.6445182724253
15,2931,18,1.36963696369637
15,2932,126,113.649122807018
15,2933,295,268.830769230769
15,2934,25,-61.5185185185185
15,2935,-141,-154.708609271523
15,2936,-63,-124.489361702128
15,2937,-125,-87.4117647058823
15,2938,-68,-36.6445182724253
15,2939,-97,-36.6445182724253
15,2940,-53,-36.6445182724253
15,2941,-62,-36.6445182724253
15,2942,-19,-36.6445182724253
15,2943,-5,-16.8328267477204
15,2944,3,1.36963696369637
15,2945,28,1.36963696369637
15,2946,84,81.9479166666667
15,2947,237,180.76724137931
15,2948,254,133.358490566038
15,2949,-280,-231.529801324503
15,2950,-148,-154.708609271523
15,2951,51,-124.489361702128
15,2952,18,-15.2714285714286
15,2953,46,-13.468085106383
15,2954,-37,7.91891891891892
15,2955,21,-36.6445182724253
15,2956,96,113.649122807018
15,2957,266,230.846153846154
15,2958,-141,-15.2714285714286
15,2959,-143,-154.708609271523
15,2960,-160,-124.489361702128
15,2961,15,-87.4117647058823
15,2962,-20,42.45
15,2963,-23,-16.8328267477204
15,2964,-58,-16.8328267477204
15,2965,7,-36.6445182724253
15,2966,-30,-11.2333333333333
15,2967,-51,-16.8328267477204
15,2968,-23,-36.6445182724253
15,2969,-7,-16.8328267477204
15,2970,35,-16.8328267477204
15,2971,31,81.9479166666667
15,2972,89,42.45
15,2973,165,124.210526315789
15,2974,162,-42
15,2975,22,-231.529801324503
15,2976,86,-116.922222222222
15,2977,-38,7.91891891891892
15,2978,45,-36.6445182724253
15,2979,-126,7.91891891891892
15,2980,30,-36.6445182724253
15,2981,17,-13.468085106383
15,2982,-49,42.4285714285714
15,2983,-56,-36.6445182724253
15,2984,-39,-36.6445182724253
15,2985,-64,-36.6445182724253
15,2986,-43,-36.6445182724253
15,2987,-54,-36.6445182724253
15,2988,-62,-36.6445182724253
15,2989,-36,-36.6445182724253
15,2990,-13,-36.6445182724253
15,2991,-54,-16.8328267477204
15,2992,-47,-36.6445182724253
15,2993,-5,-36.6445182724253
15,2994,17,1.36963696369637
15,2995,46,81.9479166666667
15,2996,70,142.636363636364
15,2997,91,180.76724137931
15,2998,220,82.1636363636364
15,2999,54,-42
15,3000,50,-154.708609271523
15,3001,29,7.91891891891892
15,3002,-34,-13.468085106383
15,3003,-64,-16.8328267477204
15,3004,-26,-36.6445182724253
15,3005,71,-16.8328267477204
15,3006,2,-15.2714285714286
15,3007,-111,70.2
15,3008,-91,-36.6445182724253
15,3009,-79,-36.6445182724253
15,3010,-75,-36.6445182724253
15,3011,-91,-36.6445182724253
15,3012,-19,-36.6445182724253
15,3013,-37,-16.8328267477204
15,3014,-17,-36.6445182724253
15,3015,-9,-16.8328267477204
15,3016,-1,-16.8328267477204
15,3017,39,1.36963696369637
15,3018,115,81.9479166666667
15,3019,327,180.76724137931
15,3020,123,-61.5185185185185
15,3021,-340,-231.529801324503
15,3022,-84,-42.0952380952381
15,3023,-3,22.9310344827586
15,3024,89,1.36963696369637
15,3025,-10,-15.2714285714286
15,3026,-9,-16.8328267477204
15,3027,-18,-16.8328267477204
15,3028,181,113.649122807018
15,3029,419,268.830769230769
15,3030,-42,-61.5185185185185
15,3031,-209,-154.708609271523
15,3032,-107,-124.489361702128
15,3033,-144,22.9310344827586
15,3034,-144,-36.6445182724253
15,3035,-84,-36.6445182724253
15,3036,-66,-36.6445182724253
15,3037,-7,-36.6445182724253
15,3038,-21,-11.2333333333333
15,3039,0,-16.8328267477204
15,3040,1,1.36963696369637
15,3041,29,1.36963696369637
15,3042,149,81.9479166666667
15,3043,364,180.76724137931
15,3044,104,-61.5185185185185
15,3045,-328,-231.529801324503
15,3046,-138,-124.489361702128
15,3047,45,22.9310344827586
15,3048,73,-15.2714285714286
15,3049,-2,-15.2714285714286
15,3050,-39,1.36963696369637
15,3051,50,-36.6445182724253
15,3052,99,82.1636363636364
15,3053,484,268.830769230769
15,3054,-76,-47.5714285714286
15,3055,-212,-154.708609271523
15,3056,-107,-124.489361702128
15,3057,-177,22.9310344827586
15,3058,-83,-36.6445182724253
15,3059,-114,-36.6445182724253
15,3060,-77,-36.6445182724253
15,3061,-31,-36.6445182724253
15,3062,-9,-11.2333333333333
15,3063,-6,-16.8328267477204
15,3064,3,1.36963696369637
15,3065,25,1.36963696369637
15,3066,164,81.9479166666667
15,3067,327,180.76724137931
15,3068,160,-61.5185185185185
15,3069,-405,-231.529801324503
15,3070,-110,-116.922222222222
15,3071,37,22.9310344827586
15,3072,113,-13.468085106383
15,3073,-1,-15.2714285714286
15,3074,-51,-42.0952380952381
15,3075,-21,-36.6445182724253
15,3076,143,113.649122807018
15,3077,451,268.830769230769
15,3078,-39,-61.5185185185185
15,3079,-161,-154.708609271523
15,3080,-198,-124.489361702128
15,3081,-78,-87.4117647058823
15,3082,-70,22.9310344827586
15,3083,-138,-36.6445182724253
15,3084,-105,-36.6445182724253
15,3085,-29,-36.6445182724253
15,3086,-12,-11.2333333333333
15,3087,-6,-16.8328267477204
15,3088,4,1.36963696369637
15,3089,36,1.36963696369637
15,3090,146,81.9479166666667
15,3091,315,218.470588235294
15,3092,109,-61.5185185185185
15,3093,-266,-231.529801324503
15,3094,-167,-124.489361702128
15,3095,27,22.9310344827586
15,3096,65,-13.468085106383
15,3097,-40,-15.2714285714286
15,3098,18,-36.6445182724253
15,3099,-35,42.4285714285714
15,3100,168,113.649122807018
15,3101,318,268.830769230769
15,3102,-8,-61.5185185185185
15,3103,-126,-154.708609271523
15,3104,-101,-124.489361702128
15,3105,-72,-87.4117647058823
15,3106,-124,-36.6445182724253
15,3107,-103,-36.6445182724253
15,3108,-57,-36.6445182724253
15,3109,-72,-36.6445182724253
15,3110,-24,-36.6445182724253
15,3111,-10,-16.8328267477204
15,3112,2,-16.8328267477204
15,3113,35,1.36963696369637
15,3114,118,81.9479166666667
15,3115,217,180.76724137931
15,3116,244,-61.5185185185185
15,3117,-324,-231.529801324503
15,3118,-129,-154.708609271523
15,3119,17,-124.489361702128
15,3120,38,-13.468085106383
15,3121,13,-13.468085106383
15,3122,-6,-13.468085106383
15,3123,-3,1.36963696369637
15,3124,121,113.649122807018
15,3125,188,230.846153846154
15,3126,-75,-61.5185185185185
15,3127,-101,-116.922222222222
15,3128,-55,-89.9545454545455
15,3129,-72,-36.6445182724253
15,3130,-73,-36.6445182724253
15,3131,-115,-36.6445182724253
15,3132,21,-36.6445182724253
15,3133,-11,64
15,3134,3,70.2
15,3135,-38,1.36963696369637
15,3136,-5,-36.6445182724253
15,3137,-8,1.36963696369637
15,3138,32,-16.8328267477204
15,3139,50,42.45
15,3140,102,124.210526315789
15,3141,81,7.91891891891892
15,3142,129,82.1636363636364
15,3143,48,-122.34375
15,3144,19,-42.0952380952381
15,3145,-43,42.45
15,3146,-19,-36.6445182724253
15,3147,-5,-16.8328267477204
15,3148,-31,1.36963696369637
15,3149,-11,-16.8328267477204
15,3150,-23,-16.8328267477204
15,3151,35,113.649122807018
15,3152,-82,-13.468085106383
15,3153,-79,-36.6445182724253
15,3154,-41,-36.6445182724253
15,3155,-20,-36.6445182724253
15,3156,-3,-16.8328267477204
15,3157,-56,1.36963696369637
15,3158,-3,-36.6445182724253
15,3159,-57,1.36963696369637
15,3160,-29,-36.6445182724253
15,3161,6,-16.8328267477204
15,3162,17,1.36963696369637
15,3163,23,42.45
15,3164,92,81.9479166666667
15,3165,77,132.925
15,3166,147,82.1636363636364
15,3167,11,-42
15,3168,56,-116.922222222222
15,3169,-13,7.91891891891892
15,3170,24,-16.8328267477204
15,3171,-99,-13.468085106383
15,3172,-32,-36.6445182724253
15,3173,100,-16.8328267477204
15,3174,-43,-15.2714285714286
15,3175,12,-36.6445182724253
15,3176,-50,-13.468085106383
15,3177,-74,-36.6445182724253
15,3178,-107,-36.6445182724253
15,3179,-41,-36.6445182724253
15,3180,-67,-36.6445182724253
15,3181,-26,-36.6445182724253
15,3182,-2,-16.8328267477204
15,3183,-10,1.36963696369637
15,3184,7,-16.8328267477204
15,3185,28,1.36963696369637
15,3186,96,81.9479166666667
15,3187,262,180.76724137931
15,3188,170,133.358490566038
15,3189,-273,-231.529801324503
15,3190,-121,-116.922222222222
15,3191,27,22.9310344827586
15,3192,56,-13.468085106383
15,3193,-21,-15.2714285714286
15,3194,-6,-16.8328267477204
15,3195,4,1.36963696369637
15,3196,131,113.649122807018
15,3197,382,230.846153846154
15,3198,-17,-61.5185185185185
15,3199,-149,-154.708609271523
15,3200,-186,-124.489361702128
15,3201,-137,-87.4117647058823
15,3202,-70,-36.6445182724253
15,3203,-86,-36.6445182724253
15,3204,-49,-36.6445182724253
15,3205,-39,-36.6445182724253
15,3206,-4,-36.6445182724253
15,3207,-8,1.36963696369637
15,3208,4,-16.8328267477204
15,3209,29,1.36963696369637
15,3210,119,81.9479166666667
15,3211,329,180.76724137931
15,3212,163,-61.5185185185185
15,3213,-374,-231.529801324503
15,3214,-63,-116.922222222222
15,3215,8,22.9310344827586
15,3216,55,1.36963696369637
15,3217,11,-15.2714285714286
15,3218,27,-13.468085106383
15,3219,91,-13.468085106383
15,3220,126,82.1636363636364
15,3221,195,268.830769230769
15,3222,-95,-231.529801324503
15,3223,-130,-116.922222222222
15,3224,-121,-89.9545454545455
15,3225,-180,-36.6445182724253
15,3226,-19,-36.6445182724253
15,3227,-6,-16.8328267477204
15,3228,-12,1.36963696369637
15,3229,-36,-16.8328267477204
15,3230,-30,-36.6445182724253
15,3231,-61,-16.8328267477204
15,3232,-16,-36.6445182724253
15,3233,3,-16.8328267477204
15,3234,13,1.36963696369637
15,3235,40,42.45
15,3236,81,81.9479166666667
15,3237,140,180.76724137931
15,3238,154,-42
15,3239,38,-231.529801324503
15,3240,9,-116.922222222222
15,3241,5,1.36963696369637
15,3242,48,1.36963696369637
15,3243,-93,-15.2714285714286
15,3244,-65,-36.6445182724253
15,3245,25,-36.6445182724253
15,3246,16,113.649122807018
15,3247,2,70.2
15,3248,119,1.36963696369637
15,3249,33,35.4375
15,3250,-82,-42.0952380952381
15,3251,-319,-36.6445182724253
15,3252,-95,-36.6445182724253
15,3253,-58,22.9310344827586
15,3254,-12,-36.6445182724253
15,3255,-11,-16.8328267477204
15,3256,0,-16.8328267477204
15,3257,22,1.36963696369637
15,3258,104,81.9479166666667
15,3259,210,268.830769230769
15,3260,207,133.358490566038
15,3261,-257,-231.529801324503
15,3262,-107,-154.708609271523
15,3263,58,22.9310344827586
15,3264,32,-15.2714285714286
15,3265,34,-13.468085106383
15,3266,-69,-13.468085106383
15,3267,13,-36.6445182724253
15,3268,179,113.649122807018
15,3269,256,230.846153846154
15,3270,-82,-61.5185185185185
15,3271,-104,-154.708609271523
15,3272,-182,-124.489361702128
15,3273,2,-87.4117647058823
15,3274,-98,1.36963696369637
15,3275,-94,-36.6445182724253
15,3276,-29,-36.6445182724253
15,3277,-73,42.4285714285714
15,3278,-12,-36.6445182724253
15,3279,-10,-16.8328267477204
15,3280,-1,-16.8328267477204
15,3281,29,1.36963696369637
15,3282,96,81.9479166666667
15,3283,222,180.76724137931
15,3284,232,133.358490566038
15,3285,-281,-231.529801324503
15,3286,-94,-154.708609271523
15,3287,23,22.9310344827586
15,3288,98,42.45
15,3289,-38,-15.2714285714286
15,3290,-18,-36.6445182724253
15,3291,10,-16.8328267477204
15,3292,84,113.649122807018
15,3293,207,230.846153846154
15,3294,-16,-15.2714285714286
15,3295,-142,-154.708609271523
15,3296,-82,-89.9545454545455
15,3297,-36,-36.6445182724253
15,3298,-12,-36.6445182724253
15,3299,-124,-16.8328267477204
15,3300,-14,-36.6445182724253
15,3301,-79,-16.8328267477204
15,3302,-13,-36.6445182724253
15,3303,-27,-16.8328267477204
15,3304,-15,-16.8328267477204
15,3305,-2,-16.8328267477204
15,3306,17,1.36963696369637
15,3307,40,81.9479166666667
15,3308,81,81.9479166666667
15,3309,104,180.76724137931
15,3310,69,82.1636363636364
15,3311,42,82.1636363636364
15,3312,-25,7.91891891891892
15,3313,18,-16.8328267477204
15,3314,-52,-13.468085106383
15,3315,-2,-36.6445182724253
15,3316,-12,1.36963696369637
15,3317,-15,-16.8328267477204
15,3318,-2,-16.8328267477204
15,3319,10,1.36963696369637
15,3320,-11,42.45
15,3321,-75,-16.8328267477204
15,3322,19,-36.6445182724253
15,3323,-72,42.45
15,3324,-1,-36.6445182724253
15,3325,-23,1.36963696369637
15,3326,-54,-16.8328267477204
15,3327,-35,-36.6445182724253
15,3328,-22,-16.8328267477204
15,3329,-7,-16.8328267477204
15,3330,15,-16.8328267477204
15,3331,31,42.45
15,3332,78,81.9479166666667
15,3333,112,180.76724137931
15,3334,77,82.1636363636364
15,3335,70,-42.0952380952381
15,3336,-13,82.1636363636364
15,3337,-39,-16.8328267477204
15,3338,-25,-36.6445182724253
15,3339,-14,-16.8328267477204
15,3340,-7,-16.8328267477204
15,3341,-21,-16.8328267477204
15,3342,-17,-16.8328267477204
15,3343,-3,-16.8328267477204
15,3344,35,1.36963696369637
15,3345,-78,81.9479166666667
15,3346,-85,-36.6445182724253
15,3347,1,-36.6445182724253
15,3348,-84,1.36963696369637
15,3349,-21,-36.6445182724253
15,3350,-13,-16.8328267477204
15,3351,0,-16.8328267477204
15,3352,-3,1.36963696369637
15,3353,26,1.36963696369637
15,3354,64,42.45
15,3355,138,124.210526315789
15,3356,225,180.76724137931
15,3357,-92,-231.529801324503
15,3358,-188,-154.708609271523
15,3359,41,-89.9545454545455
15,3360,50,42.45
15,3361,-11,-15.2714285714286
15,3362,-13,-16.8328267477204
15,3363,38,-16.8328267477204
15,3364,133,113.649122807018
15,3365,436,180.76724137931
15,3366,23,-61.5185185185185
15,3367,-241,-154.708609271523
15,3368,-184,-124.489361702128
15,3369,-116,22.9310344827586
15,3370,-107,-36.6445182724253
15,3371,-93,-36.6445182724253
15,3372,-62,-36.6445182724253
15,3373,-54,-36.6445182724253
15,3374,1,-36.6445182724253
15,3375,-13,1.36963696369637
15,3376,1,-16.8328267477204
15,3377,38,1.36963696369637
15,3378,145,81.9479166666667
15,3379,333,180.76724137931
15,3380,129,-61.5185185185185
15,3381,-318,-231.529801324503
15,3382,-141,-42.0952380952381
15,3383,59,22.9310344827586
15,3384,23,-15.2714285714286
15,3385,8,-13.468085106383
15,3386,-38,1.36963696369637
15,3387,23,-36.6445182724253
15,3388,170,113.649122807018
15,3389,437,268.830769230769
15,3390,-53,-61.5185185185185
15,3391,-405,-154.708609271523
15,3392,-330,-124.489361702128
15,3393,6,22.9310344827586
15,3394,49,1.36963696369637
15,3395,-36,-15.2714285714286
15,3396,-59,-36.6445182724253
15,3397,-30,-36.6445182724253
15,3398,-9,113.649122807018
15,3399,0,-16.8328267477204
15,3400,2,1.36963696369637
15,3401,34,1.36963696369637
15,3402,144,-13.468085106383
15,3403,312,180.76724137931
15,3404,177,-61.5185185185185
15,3405,-346,-231.529801324503
15,3406,-133,-116.922222222222
15,3407,34,22.9310344827586
15,3408,63,-13.468085106383
15,3409,-19,-15.2714285714286
15,3410,-32,-16.8328267477204
15,3411,35,42.4285714285714
15,3412,135,113.649122807018
15,3413,419,230.846153846154
15,3414,-16,-61.5185185185185
15,3415,-181,-154.708609271523
15,3416,-150,-124.489361702128
15,3417,-92,-87.4117647058823
15,3418,-147,-36.6445182724253
15,3419,-92,-36.6445182724253
15,3420,-96,-36.6445182724253
15,3421,-35,-36.6445182724253
15,3422,-12,-11.2333333333333
15,3423,1,-16.8328267477204
15,3424,-5,1.36963696369637
15,3425,39,1.36963696369637
15,3426,134,81.9479166666667
15,3427,334,180.76724137931
15,3428,190,-61.5185185185185
15,3429,-375,-231.529801324503
15,3430,-113,-116.922222222222
15,3431,1,22.9310344827586
15,3432,77,1.36963696369637
15,3433,-15,-15.2714285714286
15,3434,-68,-16.8328267477204
15,3435,62,-36.6445182724253
15,3436,168,82.1636363636364
15,3437,356,230.846153846154
15,3438,30,-231.529801324503
15,3439,-196,-154.708609271523
15,3440,-115,-124.489361702128
15,3441,-141,22.9310344827586
15,3442,-55,-36.6445182724253
15,3443,-107,-36.6445182724253
15,3444,-116,-36.6445182724253
15,3445,-36,-36.6445182724253
15,3446,-42,-36.6445182724253
15,3447,-8,-36.6445182724253
15,3448,2,-16.8328267477204
15,3449,23,1.36963696369637
15,3450,93,81.9479166666667
15,3451,253,180.76724137931
15,3452,333,133.358490566038
15,3453,-299,-231.529801324503
15,3454,-146,-154.708609271523
15,3455,20,-124.489361702128
15,3456,91,-13.468085106383
15,3457,-5,-15.2714285714286
15,3458,-5,1.36963696369637
15,3459,-16,1.36963696369637
15,3460,139,113.649122807018
15,3461,343,230.846153846154
15,3462,-204,-61.5185185185185
15,3463,-143,-154.708609271523
15,3464,-99,-124.489361702128
15,3465,-90,-87.4117647058823
15,3466,-36,-36.6445182724253
15,3467,-51,-36.6445182724253
15,3468,-21,-36.6445182724253
15,3469,-73,-11.2333333333333
15,3470,-17,-36.6445182724253
15,3471,-61,-16.8328267477204
15,3472,-31,-36.6445182724253
15,3473,-4,-16.8328267477204
15,3474,30,1.36963696369637
15,3475,13,81.9479166666667
15,3476,103,81.9479166666667
15,3477,131,180.76724137931
15,3478,119,-42
15,3479,38,-231.529801324503
15,3480,60,-42.0952380952381
15,3481,92,7.91891891891892
15,3482,41,7.91891891891892
15,3483,-72,-13.468085106383
15,3484,6,-36.6445182724253
15,3485,-108,1.36963696369637
15,3486,-107,-36.6445182724253
15,3487,80,-36.6445182724253
15,3488,-75,-15.2714285714286
15,3489,-87,-36.6445182724253
15,3490,-44,-36.6445182724253
15,3491,-14,-36.6445182724253
15,3492,-24,-16.8328267477204
15,3493,-19,-16.8328267477204
15,3494,-53,-16.8328267477204
15,3495,-58,-36.6445182724253
15,3496,-38,-36.6445182724253
15,3497,-10,-36.6445182724253
15,3498,6,-16.8328267477204
15,3499,32,1.36963696369637
15,3500,86,81.9479166666667
15,3501,88,180.76724137931
15,3502,161,180.76724137931
15,3503,69,-42
15,3504,38,-116.922222222222
15,3505,-9,42.45
15,3506,-4,-16.8328267477204
15,3507,13,1.36963696369637
15,3508,6,-13.468085106383
15,3509,-59,1.36963696369637
15,3510,-124,-36.6445182724253
15,3511,0,-36.6445182724253
15,3512,-18,1.36963696369637
15,3513,-71,-16.8328267477204
15,3514,-93,-36.6445182724253
15,3515,-39,-36.6445182724253
15,3516,-48,-36.6445182724253
15,3517,-32,-36.6445182724253
15,3518,4,-16.8328267477204
15,3519,-9,1.36963696369637
15,3520,6,-16.8328267477204
15,3521,38,1.36963696369637
15,3522,90,81.9479166666667
15,3523,343,180.76724137931
15,3524,184,133.358490566038
15,3525,-319,-231.529801324503
15,3526,-162,-116.922222222222
15,3527,-4,22.9310344827586
15,3528,55,1.36963696369637
15,3529,2,-15.2714285714286
15,3530,-27,1.36963696369637
15,3531,25,-16.8328267477204
15,3532,149,113.649122807018
15,3533,369,230.846153846154
15,3534,39,-61.5185185185185
15,3535,-199,-154.708609271523
15,3536,-141,-124.489361702128
15,3537,-126,22.9310344827586
15,3538,-44,-36.6445182724253
15,3539,-118,-36.6445182724253
15,3540,-113,-36.6445182724253
15,3541,-28,-36.6445182724253
15,3542,-18,-11.2333333333333
15,3543,-4,-16.8328267477204
15,3544,4,1.36963696369637
15,3545,31,1.36963696369637
15,3546,175,81.9479166666667
15,3547,313,180.76724137931
15,3548,135,-61.5185185185185
15,3549,-341,-231.529801324503
15,3550,-161,-116.922222222222
15,3551,47,22.9310344827586
15,3552,48,-15.2714285714286
15,3553,-33,-15.2714285714286
15,3554,-7,-16.8328267477204
15,3555,30,42.4285714285714
15,3556,137,113.649122807018
15,3557,389,268.830769230769
15,3558,2,-61.5185185185185
15,3559,-225,-154.708609271523
15,3560,-120,-124.489361702128
15,3561,-94,22.9310344827586
15,3562,-89,-36.6445182724253
15,3563,-83,-36.6445182724253
15,3564,-108,-36.6445182724253
15,3565,-37,-36.6445182724253
15,3566,-8,-36.6445182724253
15,3567,-4,-16.8328267477204
15,3568,2,1.36963696369637
15,3569,40,1.36963696369637
15,3570,116,81.9479166666667
15,3571,333,180.76724137931
15,3572,184,-61.5185185185185
15,3573,-382,-231.529801324503
15,3574,-159,-116.922222222222
15,3575,45,22.9310344827586
15,3576,19,-15.2714285714286
15,3577,1,-13.468085106383
15,3578,-33,1.36963696369637
15,3579,24,-16.8328267477204
15,3580,30,113.649122807018
15,3581,146,113.649122807018
15,3582,273,-15.2714285714286
15,3583,-127,-61.5185185185185
15,3584,-150,-154.708609271523
15,3585,-47,-124.489361702128
15,3586,-31,-87.4117647058823
15,3587,-157,-16.8328267477204
15,3588,-65,-36.6445182724253
15,3589,-41,-36.6445182724253
15,3590,-18,-36.6445182724253
15,3591,-2,-11.2333333333333
15,3592,3,1.36963696369637
15,3593,32,1.36963696369637
15,3594,112,81.9479166666667
15,3595,321,218.470588235294
15,3596,184,-61.5185185185185
15,3597,-339,-231.529801324503
15,3598,-120,-116.922222222222
15,3599,18,22.9310344827586
15,3600,58,-13.468085106383
15,3601,-20,-15.2714285714286
15,3602,-57,-16.8328267477204
15,3603,95,-36.6445182724253
15,3604,66,82.1636363636364
15,3605,413,230.846153846154
15,3606,6,-47.5714285714286
15,3607,-244,-154.708609271523
15,3608,-28,-124.489361702128
15,3609,-173,-16.8328267477204
15,3610,-264,-36.6445182724253
15,3611,-3,-36.6445182724253
15,3612,-31,1.36963696369637
15,3613,-23,-16.8328267477204
15,3614,8,-11.2333333333333
15,3615,17,1.36963696369637
15,3616,-27,81.9479166666667
15,3617,33,-16.8328267477204
15,3618,84,42.45
15,3619,234,82.1636363636364
15,3620,331,133.358490566038
15,3621,-318,-231.529801324503
15,3622,-140,-154.708609271523
15,3623,-21,-124.489361702128
15,3624,62,-16.8328267477204
15,3625,-118,-15.2714285714286
15,3626,73,-36.6445182724253
15,3627,-13,7.91891891891892
15,3628,220,42.4285714285714
15,3629,279,230.846153846154
15,3630,-93,-61.5185185185185
15,3631,-220,-154.708609271523
15,3632,-151,-124.489361702128
15,3633,-129,22.9310344827586
15,3634,13,-36.6445182724253
15,3635,31,42.45
15,3636,-63,-13.468085106383
15,3637,-31,-36.6445182724253
15,3638,-12,42.4285714285714
15,3639,-35,-16.8328267477204
15,3640,-9,-16.8328267477204
15,3641,1,-16.8328267477204
15,3642,-2,1.36963696369637
15,3643,22,1.36963696369637
15,3644,75,81.9479166666667
15,3645,95,180.76724137931
15,3646,61,124.210526315789
15,3647,37,82.1636363636364
15,3648,152,42.45
15,3649,-103,-122.34375
15,3650,-11,-116.922222222222
15,3651,37,-16.8328267477204
15,3652,-54,-13.468085106383
15,3653,-85,-36.6445182724253
15,3654,-64,-36.6445182724253
15,3655,61,-36.6445182724253
15,3656,-24,124.210526315789
15,3657,-51,70.2
15,3658,17,-36.6445182724253
15,3659,-31,-13.468085106383
15,3660,-36,-16.8328267477204
15,3661,17,-36.6445182724253
15,3662,-8,42.45
15,3663,-79,-16.8328267477204
15,3664,-27,-36.6445182724253
15,3665,-10,-16.8328267477204
15,3666,13,-16.8328267477204
15,3667,19,81.9479166666667
15,3668,115,42.45
15,3669,105,124.210526315789
15,3670,121,-61.5185185185185
15,3671,126,-42
15,3672,-1,-231.529801324503
15,3673,122,-42.0952380952381
15,3674,-10,-122.34375
15,3675,8,-42.0952380952381
15,3676,4,1.36963696369637
15,3677,-72,1.36963696369637
15,3678,-41,-36.6445182724253
15,3679,7,-36.6445182724253
15,3680,-144,1.36963696369637
15,3681,-33,-36.6445182724253
15,3682,-154,-16.8328267477204
15,3683,-68,-36.6445182724253
15,3684,-76,-36.6445182724253
15,3685,-20,-36.6445182724253
15,3686,-10,-16.8328267477204
15,3687,-15,-16.8328267477204
15,3688,6,-16.8328267477204
15,3689,43,1.36963696369637
15,3690,106,218.470588235294
15,3691,264,180.76724137931
15,3692,317,133.358490566038
15,3693,-393,-231.529801324503
15,3694,-145,-154.708609271523
15,3695,-2,-124.489361702128
15,3696,116,1.36963696369637
15,3697,-74,-15.2714285714286
15,3698,31,-42.0952380952381
15,3699,10,-13.468085106383
15,3700,176,113.649122807018
15,3701,390,230.846153846154
15,3702,-106,-61.5185185185185
15,3703,-159,-154.708609271523
15,3704,-179,-124.489361702128
15,3705,-107,-87.4117647058823
15,3706,-87,-36.6445182724253
15,3707,-95,-36.6445182724253
15,3708,-50,-36.6445182724253
15,3709,-47,-36.6445182724253
15,3710,-1,-36.6445182724253
15,3711,-10,1.36963696369637
15,3712,0,-16.8328267477204
15,3713,44,1.36963696369637
15,3714,140,142.636363636364
15,3715,326,180.76724137931
15,3716,227,-175.315789473684
15,3717,-404,-231.529801324503
15,3718,-121,-154.708609271523
15,3719,-17,22.9310344827586
15,3720,28,-16.8328267477204
15,3721,44,-13.468085106383
15,3722,-29,-15.2714285714286
15,3723,41,42.4285714285714
15,3724,170,113.649122807018
15,3725,414,230.846153846154
15,3726,8,-175.315789473684
15,3727,-245,-154.708609271523
15,3728,-109,-124.489361702128
15,3729,-145,22.9310344827586
15,3730,-109,-36.6445182724253
15,3731,-77,-36.6445182724253
15,3732,-126,-36.6445182724253
15,3733,-38,-36.6445182724253
15,3734,-16,-36.6445182724253
15,3735,0,-16.8328267477204
15,3736,-8,1.36963696369637
15,3737,55,-16.8328267477204
15,3738,131,142.636363636364
15,3739,317,180.76724137931
15,3740,281,-231.529801324503
15,3741,-446,-231.529801324503
15,3742,-111,-154.708609271523
15,3743,50,-124.489361702128
15,3744,29,-15.2714285714286
15,3745,2,-13.468085106383
15,3746,-65,1.36963696369637
15,3747,70,-36.6445182724253
15,3748,167,82.1636363636364
15,3749,429,230.846153846154
15,3750,-22,-231.529801324503
15,3751,-193,-154.708609271523
15,3752,-131,-124.489361702128
15,3753,-170,22.9310344827586
15,3754,-119,-36.6445182724253
15,3755,-39,-36.6445182724253
15,3756,-147,-36.6445182724253
15,3757,-63,-36.6445182724253
15,3758,-8,-36.6445182724253
15,3759,-13,-16.8328267477204
15,3760,-4,-16.8328267477204
15,3761,38,1.36963696369637
15,3762,139,81.9479166666667
15,3763,314,180.76724137931
15,3764,234,-61.5185185185185
15,3765,-385,-231.529801324503
15,3766,-122,-154.708609271523
15,3767,-10,22.9310344827586
15,3768,67,-16.8328267477204
15,3769,-37,-15.2714285714286
15,3770,-29,-36.6445182724253
15,3771,25,42.4285714285714
15,3772,136,113.649122807018
15,3773,364,230.846153846154
15,3774,-50,-61.5185185185185
15,3775,-74,-154.708609271523
15,3776,-168,-124.489361702128
15,3777,-175,-87.4117647058823
15,3778,-37,-36.6445182724253
15,3779,-89,-36.6445182724253
15,3780,-48,-36.6445182724253
15,3781,-43,-36.6445182724253
15,3782,-28,-36.6445182724253
15,3783,-14,-16.8328267477204
15,3784,-4,-16.8328267477204
15,3785,29,1.36963696369637
15,3786,102,81.9479166666667
15,3787,271,180.76724137931
15,3788,266,133.358490566038
15,3789,-313,-231.529801324503
15,3790,-132,-154.708609271523
15,3791,20,-124.489361702128
15,3792,48,42.45
15,3793,15,-15.2714285714286
15,3794,12,-13.468085106383
15,3795,-3,-13.468085106383
15,3796,176,113.649122807018
15,3797,200,230.846153846154
15,3798,-77,-61.5185185185185
15,3799,-106,-154.708609271523
15,3800,-162,-89.9545454545455
15,3801,-94,-36.6445182724253
15,3802,-61,-36.6445182724253
15,3803,-10,-36.6445182724253
15,3804,2,-16.8328267477204
15,3805,-111,70.2
15,3806,10,-36.6445182724253
15,3807,-47,81.9479166666667
15,3808,-32,-36.6445182724253
15,3809,3,-16.8328267477204
15,3810,36,1.36963696369637
15,3811,26,42.45
15,3812,87,64
15,3813,174,7.91891891891892
15,3814,58,-42
15,3815,62,-116.922222222222
15,3816,30,7.91891891891892
15,3817,11,-13.468085106383
15,3818,-4,-13.468085106383
15,3819,3,1.36963696369637
15,3820,-10,1.36963696369637
15,3821,-8,-16.8328267477204
15,3822,2,113.649122807018
15,3823,-143,1.36963696369637
15,3824,-105,-36.6445182724253
15,3825,67,-36.6445182724253
15,3826,-24,132.925
15,3827,-68,-16.8328267477204
15,3828,-20,-36.6445182724253
15,3829,-30,-16.8328267477204
15,3830,-46,-16.8328267477204
15,3831,-57,-36.6445182724253
15,3832,-42,-36.6445182724253
15,3833,4,-36.6445182724253
15,3834,1,1.36963696369637
15,3835,22,1.36963696369637
15,3836,87,81.9479166666667
15,3837,99,180.76724137931
15,3838,155,180.76724137931
15,3839,128,-42
15,3840,2,-231.529801324503
15,3841,-28,-42.0952380952381
15,3842,39,-16.8328267477204
15,3843,-21,-13.468085106383
15,3844,20,-16.8328267477204
15,3845,10,-13.468085106383
15,3846,-112,-13.468085106383
15,3847,24,-36.6445182724253
15,3848,-140,-13.468085106383
15,3849,-32,-36.6445182724253
15,3850,-123,-16.8328267477204
15,3851,-48,-36.6445182724253
15,3852,-42,-36.6445182724253
15,3853,-39,-36.6445182724253
15,3854,-11,-36.6445182724253
15,3855,-5,-16.8328267477204
15,3856,2,1.36963696369637
15,3857,42,1.36963696369637
15,3858,114,142.636363636364
15,3859,308,180.76724137931
15,3860,282,-175.315789473684
15,3861,-458,-231.529801324503
15,3862,-104,-154.708609271523
15,3863,26,-124.489361702128
15,3864,63,-13.468085106383
15,3865,-52,-15.2714285714286
15,3866,28,-36.6445182724253
15,3867,-18,-13.468085106383
15,3868,189,113.649122807018
15,3869,402,230.846153846154
15,3870,-15,-61.5185185185185
15,3871,-147,-154.708609271523
15,3872,-203,-124.489361702128
15,3873,-140,-87.4117647058823
15,3874,-92,22.9310344827586
15,3875,-80,-36.6445182724253
15,3876,-112,-36.6445182724253
15,3877,-17,-36.6445182724253
15,3878,-13,-11.2333333333333
15,3879,-2,-16.8328267477204
15,3880,0,1.36963696369637
15,3881,39,1.36963696369637
15,3882,149,81.9479166666667
15,3883,319,180.76724137931
15,3884,247,-61.5185185185185
15,3885,-427,-231.529801324503
15,3886,-106,-154.708609271523
15,3887,-3,-124.489361702128
15,3888,24,1.36963696369637
15,3889,40,-13.468085106383
15,3890,-28,-13.468085106383
15,3891,-116,42.4285714285714
15,3892,258,-36.6445182724253
15,3893,418,230.846153846154
15,3894,37,-61.5185185185185
15,3895,-243,-154.708609271523
15,3896,-162,-124.489361702128
15,3897,-100,22.9310344827586
15,3898,-95,-36.6445182724253
15,3899,-110,-36.6445182724253
15,3900,-100,-36.6445182724253
15,3901,-14,-36.6445182724253
15,3902,-20,-11.2333333333333
15,3903,-6,-16.8328267477204
15,3904,-3,1.36963696369637
15,3905,45,1.36963696369637
15,3906,136,142.636363636364
15,3907,302,180.76724137931
15,3908,194,-175.315789473684
15,3909,-331,-231.529801324503
15,3910,-114,-116.922222222222
15,3911,-2,22.9310344827586
15,3912,50,1.36963696369637
15,3913,-4,-15.2714285714286
15,3914,-17,1.36963696369637
15,3915,32,42.4285714285714
15,3916,184,113.649122807018
15,3917,358,230.846153846154
15,3918,54,-61.5185185185185
15,3919,-239,-154.708609271523
15,3920,-139,-124.489361702128
15,3921,-193,22.9310344827586
15,3922,-32,-36.6445182724253
15,3923,-136,-16.8328267477204
15,3924,-89,-36.6445182724253
15,3925,-21,-36.6445182724253
15,3926,-31,-11.2333333333333
15,3927,-5,-16.8328267477204
15,3928,3,1.36963696369637
15,3929,32,1.36963696369637
15,3930,142,81.9479166666667
15,3931,290,218.470588235294
15,3932,266,-61.5185185185185
15,3933,-396,-231.529801324503
15,3934,-162,-154.708609271523
15,3935,45,-124.489361702128
15,3936,60,-15.2714285714286
15,3937,24,-15.2714285714286
15,3938,-85,-13.468085106383
15,3939,45,-36.6445182724253
15,3940,136,82.1636363636364
15,3941,459,230.846153846154
15,3942,-98,-175.315789473684
15,3943,-160,-154.708609271523
15,3944,-180,-124.489361702128
15,3945,-85,-87.4117647058823
15,3946,-80,-36.6445182724253
15,3947,-85,-36.6445182724253
15,3948,-106,-36.6445182724253
15,3949,-28,-36.6445182724253
15,3950,-29,-11.2333333333333
15,3951,-8,-16.8328267477204
15,3952,6,-16.8328267477204
15,3953,25,1.36963696369637
15,3954,126,81.9479166666667
15,3955,258,180.76724137931
15,3956,247,-61.5185185185185
15,3957,-272,-231.529801324503
15,3958,-147,-154.708609271523
15,3959,14,-124.489361702128
15,3960,75,-13.468085106383
15,3961,7,-15.2714285714286
15,3962,-14,1.36963696369637
15,3963,49,-16.8328267477204
15,3964,112,82.1636363636364
15,3965,249,230.846153846154
15,3966,-70,-175.315789473684
15,3967,-202,-154.708609271523
15,3968,-80,-124.489361702128
15,3969,-111,22.9310344827586
15,3970,-76,-36.6445182724253
15,3971,-6,-36.6445182724253
15,3972,-35,1.36963696369637
15,3973,-39,-16.8328267477204
15,3974,-38,-36.6445182724253
15,3975,-54,-36.6445182724253
15,3976,-17,-36.6445182724253
15,3977,4,-16.8328267477204
15,3978,32,1.36963696369637
15,3979,18,81.9479166666667
15,3980,114,81.9479166666667
15,3981,97,180.76724137931
15,3982,118,-61.5185185185185
15,3983,74,-42
15,3984,77,-42.0952380952381
15,3985,-20,7.91891891891892
15,3986,-55,-16.8328267477204
15,3987,17,-36.6445182724253
15,3988,-39,-13.468085106383
15,3989,42,-36.6445182724253
15,3990,-2,-15.2714285714286
15,3991,-93,1.36963696369637
15,3992,-85,-36.6445182724253
15,3993,-23,-36.6445182724253
15,3994,-20,-16.8328267477204
15,3995,-47,-16.8328267477204
15,3996,-69,-36.6445182724253
15,3997,-66,-36.6445182724253
15,3998,-14,-36.6445182724253
15,3999,-32,-16.8328267477204
15,4000,-27,-16.8328267477204
15,4001,5,-16.8328267477204
15,4002,0,1.36963696369637
15,4003,49,1.36963696369637
15,4004,40,142.636363636364
15,4005,121,81.9479166666667
15,4006,135,124.210526315789
15,4007,73,-61.5185185185185
15,4008,54,-116.922222222222
15,4009,32,7.91891891891892
15,4010,3,42.45
15,4011,-76,1.36963696369637
15,4012,-29,-36.6445182724253
15,4013,-39,-16.8328267477204
15,4014,-153,-36.6445182724253
15,4015,-44,-36.6445182724253
15,4016,8,-36.6445182724253
15,4017,15,1.36963696369637
15,4018,-51,64
15,4019,-70,-36.6445182724253
15,4020,-54,-36.6445182724253
15,4021,-22,-36.6445182724253
15,4022,-6,-16.8328267477204
15,4023,0,1.36963696369637
15,4024,6,1.36963696369637
15,4025,14,1.36963696369637
15,4026,116,81.9479166666667
15,4027,266,180.76724137931
15,4028,198,-61.5185185185185
15,4029,-329,-231.529801324503
15,4030,-63,-116.922222222222
15,4031,47,22.9310344827586
15,4032,25,-15.2714285714286
15,4033,4,-13.468085106383
15,4034,-2,1.36963696369637
15,4035,-13,1.36963696369637
15,4036,177,113.649122807018
15,4037,407,230.846153846154
15,4038,-15,-61.5185185185185
15,4039,-203,-154.708609271523
15,4040,-183,-124.489361702128
15,4041,-140,22.9310344827586
15,4042,-110,-36.6445182724253
15,4043,-94,-36.6445182724253
15,4044,-66,-36.6445182724253
15,4045,-29,-36.6445182724253
15,4046,-5,-11.2333333333333
15,4047,-7,1.36963696369637
15,4048,3,-16.8328267477204
15,4049,27,1.36963696369637
15,4050,143,81.9479166666667
15,4051,323,180.76724137931
15,4052,203,-61.5185185185185
15,4053,-378,-231.529801324503
15,4054,-77,-154.708609271523
15,4055,-36,22.9310344827586
15,4056,69,-36.6445182724253
15,4057,-30,-15.2714285714286
15,4058,8,-16.8328267477204
15,4059,45,-11.2333333333333
15,4060,139,82.1636363636364
15,4061,423,230.846153846154
15,4062,-54,-175.315789473684
15,4063,-204,-154.708609271523
15,4064,-162,-124.489361702128
15,4065,-131,22.9310344827586
15,4066,-93,-36.6445182724253
15,4067,-86,-36.6445182724253
15,4068,-80,-36.6445182724253
15,4069,-35,-36.6445182724253
15,4070,-17,-11.2333333333333
15,4071,1,-16.8328267477204
15,4072,0,1.36963696369637
15,4073,36,1.36963696369637
15,4074,130,81.9479166666667
15,4075,309,180.76724137931
15,4076,255,-61.5185185185185
15,4077,-396,-231.529801324503
15,4078,-127,-154.708609271523
15,4079,25,-124.489361702128
15,4080,41,42.45
15,4081,33,-13.468085106383
15,4082,-77,-13.468085106383
15,4083,42,-36.6445182724253
15,4084,163,82.1636363636364
15,4085,417,230.846153846154
15,4086,4,-175.315789473684
15,4087,-176,-154.708609271523
15,4088,-186,-124.489361702128
15,4089,-119,-87.4117647058823
15,4090,-148,-36.6445182724253
15,4091,-97,-36.6445182724253
15,4092,-69,-36.6445182724253
15,4093,-39,-36.6445182724253
15,4094,-14,-36.6445182724253
15,4095,-8,-16.8328267477204
15,4096,4,-16.8328267477204
15,4097,31,1.36963696369637
15,4098,126,81.9479166666667
15,4099,308,180.76724137931
15,4100,223,-61.5185185185185
15,4101,-345,-231.529801324503
15,4102,-148,-154.708609271523
15,4103,55,22.9310344827586
15,4104,17,-15.2714285714286
15,4105,4,-13.468085106383
15,4106,-34,1.36963696369637
15,4107,20,-16.8328267477204
15,4108,150,113.649122807018
15,4109,393,230.846153846154
15,4110,1,-61.5185185185185
15,4111,-188,-154.708609271523
15,4112,-145,-124.489361702128
15,4113,-142,-87.4117647058823
15,4114,-77,-36.6445182724253
15,4115,-103,-36.6445182724253
15,4116,-71,-36.6445182724253
15,4117,-44,-36.6445182724253
15,4118,-21,-36.6445182724253
15,4119,-11,-16.8328267477204
15,4120,-2,-16.8328267477204
15,4121,26,1.36963696369637
15,4122,11,81.9479166666667
15,4123,89,81.9479166666667
15,4124,-14,180.76724137931
15,4125,101,-16.8328267477204
15,4126,-27,82.1636363636364
15,4127,58,-16.8328267477204
15,4128,64,7.91891891891892
15,4129,-25,-15.2714285714286
15,4130,17,-16.8328267477204
15,4131,17,-13.468085106383
15,4132,143,42.45
15,4133,263,124.210526315789
15,4134,-90,-61.5185185185185
15,4135,-148,-154.708609271523
15,4136,-122,-124.489361702128
15,4137,-84,-87.4117647058823
15,4138,-68,-36.6445182724253
15,4139,-26,-36.6445182724253
15,4140,-12,-16.8328267477204
15,4141,-64,-11.2333333333333
15,4142,-31,-36.6445182724253
15,4143,-64,-16.8328267477204
15,4144,-11,-36.6445182724253
15,4145,1,-16.8328267477204
15,4146,12,1.36963696369637
15,4147,39,42.45
15,4148,100,81.9479166666667
15,4149,109,180.76724137931
15,4150,136,82.1636363636364
15,4151,92,-42
15,4152,47,-231.529801324503
15,4153,23,7.91891891891892
15,4154,-31,-13.468085106383
15,4155,24,-16.8328267477204
15,4156,-31,-13.468085106383
15,4157,-19,-16.8328267477204
15,4158,-212,-16.8328267477204
15,4159,-25,-36.6445182724253
15,4160,-115,-16.8328267477204
15,4161,-32,-36.6445182724253
15,4162,40,-16.8328267477204
15,4163,-5,-13.468085106383
15,4164,-43,1.36963696369637
15,4165,-7,-36.6445182724253
15,4166,-27,-16.8328267477204
15,4167,-38,-16.8328267477204
15,4168,-38,-36.6445182724253
15,4169,0,-36.6445182724253
15,4170,6,1.36963696369637
15,4171,23,1.36963696369637
15,4172,80,42.45
15,4173,98,124.210526315789
15,4174,111,180.76724137931
15,4175,121,82.1636363636364
15,4176,56,-231.529801324503
15,4177,38,-42.0952380952381
15,4178,36,-13.468085106383
15,4179,-2,-13.468085106383
15,4180,-64,1.36963696369637
15,4181,-8,-36.6445182724253
15,4182,-14,-16.8328267477204
15,4183,-26,-16.8328267477204
15,4184,-165,-16.8328267477204
15,4185,-80,-36.6445182724253
15,4186,-39,-36.6445182724253
15,4187,-71,-36.6445182724253
15,4188,-63,-36.6445182724253
15,4189,-33,-36.6445182724253
15,4190,-5,-16.8328267477204
15,4191,-3,1.36963696369637
15,4192,5,1.36963696369637
15,4193,25,1.36963696369637
15,4194,123,81.9479166666667
15,4195,277,180.76724137931
15,4196,237,-61.5185185185185
15,4197,-368,-231.529801324503
15,4198,-106,-154.708609271523
15,4199,46,22.9310344827586
15,4200,31,-15.2714285714286
15,4201,-22,-13.468085106383
15,4202,-6,-16.8328267477204
15,4203,26,1.36963696369637
15,4204,190,113.649122807018
15,4205,354,230.846153846154
15,4206,-6,-61.5185185185185
15,4207,-257,-154.708609271523
15,4208,-123,-124.489361702128
15,4209,-142,22.9310344827586
15,4210,-98,-36.6445182724253
15,4211,-64,-36.6445182724253
15,4212,-68,-36.6445182724253
15,4213,-33,-36.6445182724253
15,4214,-16,-11.2333333333333
15,4215,-8,-16.8328267477204
15,4216,2,-16.8328267477204
15,4217,31,1.36963696369637
15,4218,28,81.9479166666667
15,4219,115,81.9479166666667
15,4220,439,180.76724137931
15,4221,-216,-61.5185185185185
15,4222,-194,-154.708609271523
15,4223,-12,-124.489361702128
15,4224,104,-16.8328267477204
15,4225,-14,-15.2714285714286
15,4226,-31,-16.8328267477204
15,4227,28,-16.8328267477204
15,4228,175,64
15,4229,354,175.833333333333
15,4230,42,-61.5185185185185
15,4231,-227,-154.708609271523
15,4232,-191,-124.489361702128
15,4233,-128,22.9310344827586
15,4234,-119,22.9310344827586
15,4235,-22,-36.6445182724253
15,4236,-107,-16.8328267477204
15,4237,-23,-36.6445182724253
15,4238,-29,-11.2333333333333
15,4239,3,-16.8328267477204
15,4240,-7,1.36963696369637
15,4241,35,-16.8328267477204
15,4242,133,81.9479166666667
15,4243,320,180.76724137931
15,4244,190,-61.5185185185185
15,4245,-315,-231.529801324503
15,4246,-134,-116.922222222222
15,4247,2,22.9310344827586
15,4248,72,1.36963696369637
15,4249,-13,-15.2714285714286
15,4250,-39,-16.8328267477204
15,4251,11,-36.6445182724253
15,4252,165,113.649122807018
15,4253,420,230.846153846154
15,4254,-3,-61.5185185185185
15,4255,-199,-154.708609271523
15,4256,-222,-124.489361702128
15,4257,-112,22.9310344827586
15,4258,-89,22.9310344827586
15,4259,-88,-36.6445182724253
15,4260,-62,-36.6445182724253
15,4261,-55,-36.6445182724253
15,4262,-6,-36.6445182724253
15,4263,-11,1.36963696369637
15,4264,1,-16.8328267477204
15,4265,32,1.36963696369637
15,4266,128,81.9479166666667
15,4267,299,180.76724137931
15,4268,218,-61.5185185185185
15,4269,-345,-231.529801324503
15,4270,-138,-154.708609271523
15,4271,75,22.9310344827586
15,4272,69,-15.2714285714286
15,4273,-43,-15.2714285714286
15,4274,-52,-36.6445182724253
15,4275,12,-36.6445182724253
15,4276,159,113.649122807018
15,4277,478,230.846153846154
15,4278,-65,-61.5185185185185
15,4279,-155,-154.708609271523
15,4280,-163,-124.489361702128
15,4281,-158,-87.4117647058823
15,4282,-102,-36.6445182724253
15,4283,-28,-36.6445182724253
15,4284,-138,-16.8328267477204
15,4285,-34,-36.6445182724253
15,4286,-35,-11.2333333333333
15,4287,-13,-16.8328267477204
15,4288,3,-16.8328267477204
15,4289,27,1.36963696369637
15,4290,121,81.9479166666667
15,4291,222,180.76724137931
15,4292,289,-61.5185185185185
15,4293,-290,-231.529801324503
15,4294,-147,-154.708609271523
15,4295,72,-124.489361702128
15,4296,62,-15.2714285714286
15,4297,-8,-15.2714285714286
15,4298,-29,-16.8328267477204
15,4299,55,-16.8328267477204
15,4300,105,82.1636363636364
15,4301,303,230.846153846154
15,4302,-122,-47.5714285714286
15,4303,-178,-154.708609271523
15,4304,-132,-124.489361702128
15,4305,-104,-87.4117647058823
15,4306,-42,-36.6445182724253
15,4307,-92,-36.6445182724253
15,4308,-16,-36.6445182724253
15,4309,-13,-16.8328267477204
15,4310,-49,-11.2333333333333
15,4311,-13,-36.6445182724253
15,4312,-17,-16.8328267477204
15,4313,-4,-16.8328267477204
15,4314,18,1.36963696369637
15,4315,37,81.9479166666667
15,4316,125,81.9479166666667
15,4317,103,124.210526315789
15,4318,188,-61.5185185185185
15,4319,56,-42
15,4320,118,-116.922222222222
15,4321,-10,-122.34375
15,4322,-46,-42.0952380952381
15,4323,-2,-36.6445182724253
15,4324,45,1.36963696369637
15,4325,-6,-15.2714285714286
15,4326,-81,1.36963696369637
15,4327,-66,-36.6445182724253
15,4328,-147,-36.6445182724253
15,4329,-3,-36.6445182724253
15,4330,-77,1.36963696369637
15,4331,-26,-36.6445182724253
15,4332,-48,-16.8328267477204
15,4333,-56,-36.6445182724253
15,4334,-12,-36.6445182724253
15,4335,-64,-16.8328267477204
15,4336,-29,-36.6445182724253
15,4337,-15,-16.8328267477204
15,4338,9,-16.8328267477204
15,4339,21,1.36963696369637
15,4340,83,81.9479166666667
15,4341,146,180.76724137931
15,4342,155,-42
16,1,235,154.955357142857
16,2,234,154.955357142857
16,3,-318,-234.114864864865
16,4,-94,-154.969696969697
16,5,34,13.9333333333333
16,6,42,25.84375
16,7,-6,-14.6764705882353
16,8,-26,1.16112531969309
16,9,25,-19.1136363636364
16,10,126,118.86
16,11,267,238.214285714286
16,12,-88,-67.9473684210526
16,13,-153,-154.969696969697
16,14,-100,-109.224719101124
16,15,-47,-92.15
16,16,-85,-37.6973684210526
16,17,-52,-37.6973684210526
16,18,-39,-19.5
16,19,-28,-19.5
16,20,-13,2.21875
16,21,0,-19.1136363636364
16,22,-3,1.16112531969309
16,23,24,1.16112531969309
16,24,56,75.9047619047619
16,25,190,182.070512820513
16,26,197,154.955357142857
16,27,-225,-234.114864864865
16,28,-103,-154.969696969697
16,29,22,13.9333333333333
16,30,65,25.84375
16,31,-45,-17.9166666666667
16,32,-152,-37.6973684210526
16,33,63,56
16,34,84,85.7833333333333
16,35,78,188.48
16,36,44,26.25
16,37,-67,-14.6764705882353
16,38,-66,56
16,39,-15,-37.6973684210526
16,40,-46,-19.1136363636364
16,41,-20,-37.6973684210526
16,42,-25,-19.1136363636364
16,43,-15,-19.1136363636364
16,44,-8,-19.1136363636364
16,45,-31,1.16112531969309
16,46,-5,-37.6973684210526
16,47,1,1.16112531969309
16,48,10,1.16112531969309
16,49,10,1.16112531969309
16,50,70,1.16112531969309
16,51,29,154.955357142857
16,52,61,75.9047619047619
16,53,27,26.25
16,54,48,25.84375
16,55,-32,26.25
16,56,-10,-37.6973684210526
16,57,16,1.16112531969309
16,58,-37,25.84375
16,59,-36,-37.6973684210526
16,60,-26,-37.6973684210526
16,61,16,-19.1136363636364
16,62,-44,25.84375
16,63,-20,-37.6973684210526
16,64,-3,-19.1136363636364
16,65,9,1.16112531969309
16,66,-21,1.16112531969309
16,67,-15,-19.1136363636364
16,68,-13,-19.1136363636364
16,69,-21,-19.1136363636364
16,70,-15,-19.1136363636364
16,71,-1,-19.1136363636364
16,72,-3,1.16112531969309
16,73,20,1.16112531969309
16,74,37,75.9047619047619
16,75,28,75.9047619047619
16,76,101,75.9047619047619
16,77,39,85.7833333333333
16,78,78,75.9047619047619
16,79,20,26.25
16,80,6,25.84375
16,81,22,1.16112531969309
16,82,-14,25.84375
16,83,-52,-19.1136363636364
16,84,-71,-37.6973684210526
16,85,-73,-37.6973684210526
16,86,-55,-37.6973684210526
16,87,-5,-37.6973684210526
16,88,-12,1.16112531969309
16,89,-7,-19.1136363636364
16,90,-35,1.16112531969309
16,91,-23,-19.5
16,92,-2,-19.1136363636364
16,93,-2,1.16112531969309
16,94,-1,1.16112531969309
16,95,15,1.16112531969309
16,96,74,75.9047619047619
16,97,190,182.070512820513
16,98,248,154.955357142857
16,99,-298,-234.114864864865
16,100,-126,-154.969696969697
16,101,-1,13.9333333333333
16,102,74,1.16112531969309
16,103,5,-17.9166666666667
16,104,-24,1.16112531969309
16,105,16,-19.1136363636364
16,106,112,118.86
16,107,243,238.214285714286
16,108,-2,-67.9473684210526
16,109,-193,-154.969696969697
16,110,-115,-109.224719101124
16,111,-24,-37.6973684210526
16,112,-103,-19.1136363636364
16,113,-36,-37.6973684210526
16,114,-46,-37.6973684210526
16,115,-4,-19.5
16,116,-3,2.21875
16,117,3,1.16112531969309
16,118,-4,1.16112531969309
16,119,19,1.16112531969309
16,120,80,75.9047619047619
16,121,224,182.070512820513
16,122,234,145.305555555556
16,123,-327,-234.114864864865
16,124,-100,-154.969696969697
16,125,31,13.9333333333333
16,126,20,25.84375
16,127,7,-14.6764705882353
16,128,-56,1.16112531969309
16,129,32,56
16,130,121,118.86
16,131,243,238.214285714286
16,132,-81,-67.9473684210526
16,133,-143,-154.969696969697
16,134,-102,-109.224719101124
16,135,-16,-37.6973684210526
16,136,-87,-19.1136363636364
16,137,-36,-37.6973684210526
16,138,-33,-19.5
16,139,-26,-19.5
16,140,-2,2.21875
16,141,-2,1.16112531969309
16,142,27,1.16112531969309
16,143,75,75.9047619047619
16,144,149,182.070512820513
16,145,-137,182.070512820513
16,146,-78,-111.547619047619
16,147,-28,-37.6973684210526
16,148,0,-19.1136363636364
16,149,60,1.16112531969309
16,150,6,-17.9166666666667
16,151,-20,1.16112531969309
16,152,34,-19.1136363636364
16,153,77,118.86
16,154,86,87.3333333333333
16,155,-61,26.25
16,156,-90,-37.6973684210526
16,157,-5,-37.6973684210526
16,158,-58,1.16112531969309
16,159,16,-37.6973684210526
16,160,-22,-14.6764705882353
16,161,-22,-19.1136363636364
16,162,1,-19.1136363636364
16,163,-6,1.16112531969309
16,164,-3,1.16112531969309
16,165,2,1.16112531969309
16,166,13,1.16112531969309
16,167,91,25.84375
16,168,195,154.955357142857
16,169,290,145.305555555556
16,170,-308,-234.114864864865
16,171,-153,-154.969696969697
16,172,35,13.9333333333333
16,173,52,25.84375
16,174,-9,-17.9166666666667
16,175,0,1.16112531969309
16,176,12,1.16112531969309
16,177,138,118.86
16,178,239,238.214285714286
16,179,-75,-67.9473684210526
16,180,-197,-154.969696969697
16,181,-74,-109.224719101124
16,182,-57,-37.6973684210526
16,183,-71,-37.6973684210526
16,184,-41,-37.6973684210526
16,185,-39,-19.5
16,186,-26,-19.5
16,187,-14,2.21875
16,188,-3,-19.1136363636364
16,189,-1,1.16112531969309
16,190,22,1.16112531969309
16,191,68,75.9047619047619
16,192,170,182.070512820513
16,193,287,154.955357142857
16,194,-235,-234.114864864865
16,195,-182,-154.969696969697
16,196,62,13.9333333333333
16,197,40,-17.9166666666667
16,198,-12,-14.6764705882353
16,199,-17,-19.1136363636364
16,200,-127,-19.1136363636364
16,201,-28,56
16,202,78,118.86
16,203,32,-17.9166666666667
16,204,14,-14.6764705882353
16,205,-74,25.84375
16,206,1,56
16,207,-26,1.16112531969309
16,208,-52,-19.1136363636364
16,209,-1,-37.6973684210526
16,210,22,1.16112531969309
16,211,-6,25.84375
16,212,-17,1.16112531969309
16,213,-19,-19.1136363636364
16,214,0,-19.1136363636364
16,215,5,1.16112531969309
16,216,9,1.16112531969309
16,217,32,1.16112531969309
16,218,46,25.84375
16,219,74,154.955357142857
16,220,46,85.7833333333333
16,221,85,26.25
16,222,40,26.25
16,223,91,25.84375
16,224,-31,26.25
16,225,68,-37.6973684210526
16,226,-82,26.25
16,227,-82,-37.6973684210526
16,228,-78,-37.6973684210526
16,229,-76,-37.6973684210526
16,230,5,-37.6973684210526
16,231,-20,1.16112531969309
16,232,-28,-19.1136363636364
16,233,-34,-19.1136363636364
16,234,4,56
16,235,4,1.16112531969309
16,236,-54,1.16112531969309
16,237,-12,-37.6973684210526
16,238,-9,-19.1136363636364
16,239,0,1.16112531969309
16,240,18,1.16112531969309
16,241,43,75.9047619047619
16,242,52,25.84375
16,243,74,182.070512820513
16,244,64,85.7833333333333
16,245,71,85.7833333333333
16,246,37,26.25
16,247,-32,25.84375
16,248,2,-37.6973684210526
16,249,-35,1.16112531969309
16,250,-36,-37.6973684210526
16,251,-79,-37.6973684210526
16,252,-52,-37.6973684210526
16,253,-44,-37.6973684210526
16,254,-9,-37.6973684210526
16,255,-17,1.16112531969309
16,256,-36,-19.1136363636364
16,257,-9,-19.5
16,258,-11,1.16112531969309
16,259,-2,1.16112531969309
16,260,-3,1.16112531969309
16,261,0,1.16112531969309
16,262,17,1.16112531969309
16,263,73,75.9047619047619
16,264,169,154.955357142857
16,265,168,154.955357142857
16,266,-231,-234.114864864865
16,267,-111,-111.547619047619
16,268,17,-37.6973684210526
16,269,34,25.84375
16,270,-17,-14.6764705882353
16,271,8,-19.1136363636364
16,272,2,1.16112531969309
16,273,80,118.86
16,274,177,238.214285714286
16,275,-12,-17.9166666666667
16,276,-149,-111.547619047619
16,277,-47,-109.224719101124
16,278,-59,-37.6973684210526
16,279,-42,-37.6973684210526
16,280,-47,-37.6973684210526
16,281,-23,-37.6973684210526
16,282,-2,-19.1136363636364
16,283,-2,2.21875
16,284,-3,1.16112531969309
16,285,2,1.16112531969309
16,286,22,1.16112531969309
16,287,77,75.9047619047619
16,288,173,154.955357142857
16,289,226,145.305555555556
16,290,-268,-234.114864864865
16,291,-104,-154.969696969697
16,292,1,13.9333333333333
16,293,8,1.16112531969309
16,294,26,1.16112531969309
16,295,-28,-14.6764705882353
16,296,30,-19.1136363636364
16,297,84,118.86
16,298,196,238.214285714286
16,299,11,-65.7692307692308
16,300,-170,-154.969696969697
16,301,-100,-109.224719101124
16,302,-39,-37.6973684210526
16,303,-42,-37.6973684210526
16,304,-52,-37.6973684210526
16,305,-39,-37.6973684210526
16,306,-10,-19.5
16,307,-1,2.21875
16,308,-1,1.16112531969309
16,309,0,1.16112531969309
16,310,15,1.16112531969309
16,311,90,75.9047619047619
16,312,236,182.070512820513
16,313,222,154.955357142857
16,314,-302,-234.114864864865
16,315,-117,-154.969696969697
16,316,14,13.9333333333333
16,317,54,25.84375
16,318,-10,-17.9166666666667
16,319,-30,1.16112531969309
16,320,34,-19.1136363636364
16,321,79,118.86
16,322,324,238.214285714286
16,323,-68,-65.7692307692308
16,324,-183,-154.969696969697
16,325,-101,-109.224719101124
16,326,-72,-92.15
16,327,-29,-37.6973684210526
16,328,-97,-19.1136363636364
16,329,-16,-19.5
16,330,-25,-19.1136363636364
16,331,-10,2.21875
16,332,-8,1.16112531969309
16,333,-1,1.16112531969309
16,334,27,1.16112531969309
16,335,80,75.9047619047619
16,336,225,154.955357142857
16,337,251,154.955357142857
16,338,-284,-234.114864864865
16,339,-163,-154.969696969697
16,340,66,13.9333333333333
16,341,47,-17.9166666666667
16,342,-18,-17.9166666666667
16,343,-30,-19.1136363636364
16,344,-18,-19.1136363636364
16,345,157,118.86
16,346,255,238.214285714286
16,347,-7,-67.9473684210526
16,348,-174,-154.969696969697
16,349,-114,-109.224719101124
16,350,-69,-37.6973684210526
16,351,-80,-37.6973684210526
16,352,-59,-37.6973684210526
16,353,-40,-37.6973684210526
16,354,-28,-19.5
16,355,-15,2.21875
16,356,-4,-19.1136363636364
16,357,-6,1.16112531969309
16,358,28,1.16112531969309
16,359,56,75.9047619047619
16,360,183,182.070512820513
16,361,233,154.955357142857
16,362,-217,-234.114864864865
16,363,-125,-154.969696969697
16,364,28,13.9333333333333
16,365,14,25.84375
16,366,23,-14.6764705882353
16,367,-46,-14.6764705882353
16,368,60,56
16,369,105,85.7833333333333
16,370,223,188.48
16,371,-96,-65.7692307692308
16,372,-226,-154.969696969697
16,373,-85,-109.224719101124
16,374,-18,-37.6973684210526
16,375,-34,-19.1136363636364
16,376,-21,-37.6973684210526
16,377,-9,-19.1136363636364
16,378,-26,1.16112531969309
16,379,-9,2.21875
16,380,-26,1.16112531969309
16,381,-12,-19.1136363636364
16,382,6,-19.1136363636364
16,383,2,1.16112531969309
16,384,28,1.16112531969309
16,385,71,75.9047619047619
16,386,37,154.955357142857
16,387,75,75.9047619047619
16,388,51,85.7833333333333
16,389,55,26.25
16,390,28,26.25
16,391,22,25.84375
16,392,27,-14.6764705882353
16,393,-16,-14.6764705882353
16,394,-36,-19.1136363636364
16,395,-57,-37.6973684210526
16,396,-113,-37.6973684210526
16,397,-63,-37.6973684210526
16,398,-11,-37.6973684210526
16,399,-10,1.16112531969309
16,400,-17,1.16112531969309
16,401,-14,-19.1136363636364
16,402,-8,-19.1136363636364
16,403,5,1.16112531969309
16,404,-44,1.16112531969309
16,405,-15,-37.6973684210526
16,406,3,-19.1136363636364
16,407,7,1.16112531969309
16,408,55,1.16112531969309
16,409,18,154.955357142857
16,410,128,75.9047619047619
16,411,81,182.070512820513
16,412,111,-111.547619047619
16,413,54,-65.7692307692308
16,414,37,-41.0909090909091
16,415,-14,-14.6764705882353
16,416,22,-19.1136363636364
16,417,-11,-14.6764705882353
16,418,-109,1.16112531969309
16,419,-131,-37.6973684210526
16,420,-87,-37.6973684210526
16,421,-24,-37.6973684210526
16,422,-53,-19.1136363636364
16,423,-42,-37.6973684210526
16,424,-28,-19.5
16,425,-14,-19.1136363636364
16,426,-1,-19.1136363636364
16,427,-7,1.16112531969309
16,428,1,1.16112531969309
16,429,13,1.16112531969309
16,430,72,75.9047619047619
16,431,180,154.955357142857
16,432,296,154.955357142857
16,433,-283,-234.114864864865
16,434,-144,-154.969696969697
16,435,13,13.9333333333333
16,436,71,25.84375
16,437,29,-17.9166666666667
16,438,-29,-14.6764705882353
16,439,12,-19.1136363636364
16,440,99,118.86
16,441,312,238.214285714286
16,442,68,-17.9166666666667
16,443,-266,-154.969696969697
16,444,-160,-109.224719101124
16,445,-81,-92.15
16,446,-72,-37.6973684210526
16,447,-70,-37.6973684210526
16,448,-37,-37.6973684210526
16,449,-10,-19.5
16,450,-15,2.21875
16,451,1,-19.1136363636364
16,452,-1,1.16112531969309
16,453,23,1.16112531969309
16,454,89,75.9047619047619
16,455,195,182.070512820513
16,456,285,154.955357142857
16,457,-251,-234.114864864865
16,458,-199,-154.969696969697
16,459,76,13.9333333333333
16,460,25,-17.9166666666667
16,461,-11,-14.6764705882353
16,462,-21,1.16112531969309
16,463,52,-19.1136363636364
16,464,101,85.7833333333333
16,465,311,238.214285714286
16,466,58,-65.7692307692308
16,467,-255,-154.969696969697
16,468,-128,-109.224719101124
16,469,-107,-92.15
16,470,-74,-37.6973684210526
16,471,-83,-37.6973684210526
16,472,-48,-37.6973684210526
16,473,-12,-19.5
16,474,-25,2.21875
16,475,2,-19.1136363636364
16,476,1,1.16112531969309
16,477,22,1.16112531969309
16,478,94,75.9047619047619
16,479,247,182.070512820513
16,480,294,154.955357142857
16,481,-311,-234.114864864865
16,482,-163,-154.969696969697
16,483,32,13.9333333333333
16,484,47,25.84375
16,485,-13,-17.9166666666667
16,486,-30,-19.1136363636364
16,487,59,-19.1136363636364
16,488,73,85.7833333333333
16,489,426,238.214285714286
16,490,-33,-65.7692307692308
16,491,-277,-154.969696969697
16,492,-142,-109.224719101124
16,493,-42,-92.15
16,494,-86,-37.6973684210526
16,495,-111,-37.6973684210526
16,496,-31,-37.6973684210526
16,497,-37,-19.5
16,498,-4,-19.5
16,499,-12,1.16112531969309
16,500,7,-19.1136363636364
16,501,12,1.16112531969309
16,502,91,75.9047619047619
16,503,264,182.070512820513
16,504,242,182.070512820513
16,505,-308,-234.114864864865
16,506,-151,-154.969696969697
16,507,47,13.9333333333333
16,508,54,-17.9166666666667
16,509,8,-17.9166666666667
16,510,-15,1.16112531969309
16,511,29,-19.1136363636364
16,512,139,118.86
16,513,287,238.214285714286
16,514,33,-67.9473684210526
16,515,-321,-154.969696969697
16,516,-95,-109.224719101124
16,517,-87,-92.15
16,518,-74,-37.6973684210526
16,519,-72,-37.6973684210526
16,520,-40,-37.6973684210526
16,521,-31,-19.5
16,522,-22,-19.5
16,523,-1,-19.1136363636364
16,524,0,1.16112531969309
16,525,29,1.16112531969309
16,526,67,75.9047619047619
16,527,179,182.070512820513
16,528,284,182.070512820513
16,529,-250,-234.114864864865
16,530,-132,-154.969696969697
16,531,27,13.9333333333333
16,532,87,25.84375
16,533,-34,-17.9166666666667
16,534,-58,-37.6973684210526
16,535,-95,56
16,536,22,56
16,537,129,2.21875
16,538,150,-17.9166666666667
16,539,-112,-67.9473684210526
16,540,-61,-111.547619047619
16,541,-83,56
16,542,-4,-37.6973684210526
16,543,-22,1.16112531969309
16,544,-26,-19.1136363636364
16,545,-31,-19.1136363636364
16,546,-27,-37.6973684210526
16,547,-16,2.21875
16,548,-24,-19.1136363636364
16,549,6,-19.1136363636364
16,550,22,1.16112531969309
16,551,56,75.9047619047619
16,552,132,182.070512820513
16,553,103,154.955357142857
16,554,122,-234.114864864865
16,555,142,-29.7
16,556,66,-234.114864864865
16,557,35,-111.547619047619
16,558,4,-14.6764705882353
16,559,-11,1.16112531969309
16,560,6,1.16112531969309
16,561,-37,118.86
16,562,-88,-37.6973684210526
16,563,-143,-37.6973684210526
16,564,-146,-37.6973684210526
16,565,-48,-37.6973684210526
16,566,-12,-37.6973684210526
16,567,-26,-19.1136363636364
16,568,-78,-19.1136363636364
16,569,6,-19.5
16,570,-57,1.16112531969309
16,571,-38,-37.6973684210526
16,572,-4,-37.6973684210526
16,573,-8,1.16112531969309
16,574,5,1.16112531969309
16,575,31,1.16112531969309
16,576,54,75.9047619047619
16,577,82,182.070512820513
16,578,173,182.070512820513
16,579,17,-128.409090909091
16,580,135,-111.547619047619
16,581,41,-65.7692307692308
16,582,-23,-111.547619047619
16,583,33,-19.1136363636364
16,584,-13,-14.6764705882353
16,585,0,-19.1136363636364
16,586,-82,1.16112531969309
16,587,-107,-37.6973684210526
16,588,-154,-37.6973684210526
16,589,-25,-37.6973684210526
16,590,-73,-19.1136363636364
16,591,-54,-37.6973684210526
16,592,-23,-19.5
16,593,-8,-19.1136363636364
16,594,-7,1.16112531969309
16,595,-6,1.16112531969309
16,596,1,1.16112531969309
16,597,28,1.16112531969309
16,598,89,75.9047619047619
16,599,234,154.955357142857
16,600,225,154.955357142857
16,601,-248,-234.114864864865
16,602,-147,-154.969696969697
16,603,17,13.9333333333333
16,604,81,25.84375
16,605,-19,-17.9166666666667
16,606,-3,-19.1136363636364
16,607,26,1.16112531969309
16,608,99,118.86
16,609,336,238.214285714286
16,610,80,-65.7692307692308
16,611,-252,-154.969696969697
16,612,-219,-109.224719101124
16,613,-107,-92.15
16,614,-75,-37.6973684210526
16,615,-94,-37.6973684210526
16,616,-25,-37.6973684210526
16,617,-14,-19.1136363636364
16,618,-5,2.21875
16,619,-7,1.16112531969309
16,620,3,1.16112531969309
16,621,14,1.16112531969309
16,622,80,75.9047619047619
16,623,70,154.955357142857
16,624,346,154.955357142857
16,625,-191,-128.409090909091
16,626,-162,-154.969696969697
16,627,67,13.9333333333333
16,628,31,-17.9166666666667
16,629,23,-14.6764705882353
16,630,-36,-14.6764705882353
16,631,-4,56
16,632,187,1.16112531969309
16,633,319,188.48
16,634,51,-67.9473684210526
16,635,-246,-154.969696969697
16,636,-178,-109.224719101124
16,637,-100,-92.15
16,638,-89,-37.6973684210526
16,639,-98,-37.6973684210526
16,640,-57,-37.6973684210526
16,641,-7,-19.5
16,642,-16,2.21875
16,643,-2,-19.1136363636364
16,644,-4,1.16112531969309
16,645,35,1.16112531969309
16,646,110,75.9047619047619
16,647,223,182.070512820513
16,648,163,154.955357142857
16,649,-242,-234.114864864865
16,650,-139,-111.547619047619
16,651,38,-37.6973684210526
16,652,37,-14.6764705882353
16,653,74,-14.6764705882353
16,654,-78,26.25
16,655,18,56
16,656,135,118.86
16,657,351,238.214285714286
16,658,50,-67.9473684210526
16,659,-197,-154.969696969697
16,660,-208,-109.224719101124
16,661,-123,-92.15
16,662,-54,-37.6973684210526
16,663,-72,-37.6973684210526
16,664,-84,-37.6973684210526
16,665,-11,-19.5
16,666,-24,2.21875
16,667,1,-19.1136363636364
16,668,-1,1.16112531969309
16,669,28,1.16112531969309
16,670,102,75.9047619047619
16,671,225,182.070512820513
16,672,288,154.955357142857
16,673,-331,-234.114864864865
16,674,-176,-154.969696969697
16,675,77,13.9333333333333
16,676,53,-17.9166666666667
16,677,26,-17.9166666666667
16,678,-41,-14.6764705882353
16,679,47,56
16,680,121,85.7833333333333
16,681,385,238.214285714286
16,682,-9,-175.6
16,683,-215,-154.969696969697
16,684,-162,-109.224719101124
16,685,-50,-92.15
16,686,-154,-37.6973684210526
16,687,-69,-37.6973684210526
16,688,-56,-37.6973684210526
16,689,-45,-19.5
16,690,-18,-19.5
16,691,-22,-19.1136363636364
16,692,-7,-19.1136363636364
16,693,31,1.16112531969309
16,694,82,75.9047619047619
16,695,230,182.070512820513
16,696,316,182.070512820513
16,697,-282,-234.114864864865
16,698,-105,-154.969696969697
16,699,43,13.9333333333333
16,700,153,25.84375
16,701,-43,-17.9166666666667
16,702,4,-111.547619047619
16,703,40,1.16112531969309
16,704,117,118.86
16,705,368,238.214285714286
16,706,-127,-175.6
16,707,-144,-154.969696969697
16,708,-241,-109.224719101124
16,709,-161,-92.15
16,710,-13,-37.6973684210526
16,711,-95,-19.1136363636364
16,712,-20,-19.5
16,713,-28,-19.1136363636364
16,714,-59,53.4545454545455
16,715,-37,-19.5
16,716,-25,-37.6973684210526
16,717,-3,-19.1136363636364
16,718,24,1.16112531969309
16,719,42,75.9047619047619
16,720,84,75.9047619047619
16,721,95,182.070512820513
16,722,96,85.7833333333333
16,723,-72,85.7833333333333
16,724,-90,-37.6973684210526
16,725,13,-37.6973684210526
16,726,27,-14.6764705882353
16,727,67,-14.6764705882353
16,728,-113,-17.9166666666667
16,729,-62,56
16,730,22,56
16,731,-4,75.9047619047619
16,732,-22,1.16112531969309
16,733,-7,-19.1136363636364
16,734,-21,1.16112531969309
16,735,22,-19.1136363636364
16,736,-25,75.9047619047619
16,737,9,-19.1136363636364
16,738,-54,1.16112531969309
16,739,-17,-37.6973684210526
16,740,-10,-19.1136363636364
16,741,-2,1.16112531969309
16,742,12,1.16112531969309
16,743,21,25.84375
16,744,50,75.9047619047619
16,745,29,182.070512820513
16,746,132,75.9047619047619
16,747,73,-29.7
16,748,37,-111.547619047619
16,749,7,25.84375
16,750,47,1.16112531969309
16,751,7,26.25
16,752,71,1.16112531969309
16,753,-73,26.25
16,754,72,-37.6973684210526
16,755,-116,26.25
16,756,-116,-37.6973684210526
16,757,-110,-37.6973684210526
16,758,-38,-37.6973684210526
16,759,-46,-19.5
16,760,-32,-37.6973684210526
16,761,-5,-19.5
16,762,-8,1.16112531969309
16,763,-19,1.16112531969309
16,764,3,-19.1136363636364
16,765,32,1.16112531969309
16,766,81,75.9047619047619
16,767,253,182.070512820513
16,768,287,-128.409090909091
16,769,-375,-234.114864864865
16,770,-129,-154.969696969697
16,771,25,13.9333333333333
16,772,101,25.84375
16,773,22,-17.9166666666667
16,774,-84,-14.6764705882353
16,775,6,56
16,776,82,118.86
16,777,359,238.214285714286
16,778,20,-17.9166666666667
16,779,-226,-154.969696969697
16,780,-237,-109.224719101124
16,781,-35,-92.15
16,782,-93,-37.6973684210526
16,783,-45,-37.6973684210526
16,784,-38,-37.6973684210526
16,785,-5,-19.5
16,786,2,2.21875
16,787,-3,1.16112531969309
16,788,-1,1.16112531969309
16,789,14,1.16112531969309
16,790,84,75.9047619047619
16,791,185,182.070512820513
16,792,295,145.305555555556
16,793,-314,-234.114864864865
16,794,-129,-154.969696969697
16,795,37,13.9333333333333
16,796,45,25.84375
16,797,-9,-14.6764705882353
16,798,-27,1.16112531969309
16,799,16,-19.1136363636364
16,800,105,118.86
16,801,309,238.214285714286
16,802,30,-17.9166666666667
16,803,-227,-154.969696969697
16,804,-123,-109.224719101124
16,805,-73,-92.15
16,806,-87,-37.6973684210526
16,807,-70,-37.6973684210526
16,808,-34,-37.6973684210526
16,809,-22,-19.5
16,810,-5,2.21875
16,811,2,1.16112531969309
16,812,-4,1.16112531969309
16,813,39,1.16112531969309
16,814,75,75.9047619047619
16,815,243,182.070512820513
16,816,300,154.955357142857
16,817,-344,-234.114864864865
16,818,-141,-154.969696969697
16,819,49,13.9333333333333
16,820,46,-17.9166666666667
16,821,5,-17.9166666666667
16,822,-52,1.16112531969309
16,823,-22,56
16,824,22,118.86
16,825,383,118.86
16,826,37,-17.9166666666667
16,827,-185,-154.969696969697
16,828,-94,-109.224719101124
16,829,-101,-92.15
16,830,-89,-37.6973684210526
16,831,-79,-37.6973684210526
16,832,-45,-37.6973684210526
16,833,-15,-19.5
16,834,-27,2.21875
16,835,-1,-19.1136363636364
16,836,4,1.16112531969309
16,837,23,1.16112531969309
16,838,85,75.9047619047619
16,839,250,182.070512820513
16,840,287,154.955357142857
16,841,-333,-234.114864864865
16,842,-155,-154.969696969697
16,843,54,13.9333333333333
16,844,72,-17.9166666666667
16,845,-19,-17.9166666666667
16,846,-35,-19.1136363636364
16,847,69,56
16,848,81,85.7833333333333
16,849,315,238.214285714286
16,850,-22,-65.7692307692308
16,851,-213,-154.969696969697
16,852,-133,-109.224719101124
16,853,-111,-92.15
16,854,-72,-37.6973684210526
16,855,-58,-37.6973684210526
16,856,-35,-37.6973684210526
16,857,-32,-19.5
16,858,-20,-19.5
16,859,0,-19.1136363636364
16,860,-5,1.16112531969309
16,861,24,1.16112531969309
16,862,60,75.9047619047619
16,863,203,182.070512820513
16,864,304,182.070512820513
16,865,-272,-234.114864864865
16,866,-134,-154.969696969697
16,867,14,13.9333333333333
16,868,69,25.84375
16,869,-28,-17.9166666666667
16,870,-13,-19.1136363636364
16,871,51,-19.1136363636364
16,872,87,85.7833333333333
16,873,239,238.214285714286
16,874,-46,-65.7692307692308
16,875,-165,-154.969696969697
16,876,-186,-109.224719101124
16,877,11,-37.6973684210526
16,878,-67,75.9047619047619
16,879,-30,-37.6973684210526
16,880,-31,-19.1136363636364
16,881,-10,56
16,882,-13,2.21875
16,883,-38,-19.1136363636364
16,884,-23,-19.5
16,885,-3,-19.1136363636364
16,886,18,1.16112531969309
16,887,21,75.9047619047619
16,888,101,75.9047619047619
16,889,78,154.955357142857
16,890,90,85.7833333333333
16,891,150,85.7833333333333
16,892,158,-65.7692307692308
16,893,17,-234.114864864865
16,894,-87,-111.547619047619
16,895,54,-37.6973684210526
16,896,-70,-17.9166666666667
16,897,8,-37.6973684210526
16,898,-202,1.16112531969309
16,899,-57,-37.6973684210526
16,900,-76,-19.5
16,901,-65,-37.6973684210526
16,902,13,-19.5
16,903,-44,25.84375
16,904,-45,-19.5
16,905,-5,-37.6973684210526
16,906,19,1.16112531969309
16,907,-56,75.9047619047619
16,908,-13,-37.6973684210526
16,909,6,-19.1136363636364
16,910,79,1.16112531969309
16,911,-13,87.3333333333333
16,912,41,-19.1136363636364
16,913,150,25.84375
16,914,85,-29.7
16,915,91,-111.547619047619
16,916,-6,26.25
16,917,19,1.16112531969309
16,918,97,25.84375
16,919,12,-17.9166666666667
16,920,-62,-14.6764705882353
16,921,44,-37.6973684210526
16,922,-123,118.86
16,923,-86,-37.6973684210526
16,924,-114,-37.6973684210526
16,925,-98,-37.6973684210526
16,926,-66,-37.6973684210526
16,927,-5,-37.6973684210526
16,928,-46,1.16112531969309
16,929,-12,-19.5
16,930,0,-19.1136363636364
16,931,-1,1.16112531969309
16,932,20,1.16112531969309
16,933,86,75.9047619047619
16,934,196,145.305555555556
16,935,283,182.070512820513
16,936,-272,-234.114864864865
16,937,-113,-154.969696969697
16,938,5,13.9333333333333
16,939,72,1.16112531969309
16,940,0,-17.9166666666667
16,941,-13,1.16112531969309
16,942,56,-19.1136363636364
16,943,71,85.7833333333333
16,944,334,238.214285714286
16,945,-111,-65.7692307692308
16,946,-124,-154.969696969697
16,947,-165,-109.224719101124
16,948,-91,-92.15
16,949,-115,-37.6973684210526
16,950,-57,-37.6973684210526
16,951,-33,-19.5
16,952,-22,-19.5
16,953,-6,2.21875
16,954,-2,1.16112531969309
16,955,-2,1.16112531969309
16,956,26,1.16112531969309
16,957,73,75.9047619047619
16,958,241,182.070512820513
16,959,263,154.955357142857
16,960,-196,-234.114864864865
16,961,-189,-154.969696969697
16,962,39,13.9333333333333
16,963,73,25.84375
16,964,14,-17.9166666666667
16,965,-34,-14.6764705882353
16,966,5,56
16,967,169,118.86
16,968,272,188.48
16,969,43,-67.9473684210526
16,970,-242,-154.969696969697
16,971,-179,-109.224719101124
16,972,-136,-92.15
16,973,-85,-37.6973684210526
16,974,-79,-37.6973684210526
16,975,-38,-37.6973684210526
16,976,-30,-19.5
16,977,-6,2.21875
16,978,-2,1.16112531969309
16,979,-2,1.16112531969309
16,980,26,1.16112531969309
16,981,99,75.9047619047619
16,982,240,182.070512820513
16,983,318,182.070512820513
16,984,-321,-234.114864864865
16,985,-196,-154.969696969697
16,986,46,13.9333333333333
16,987,70,-17.9166666666667
16,988,-32,-17.9166666666667
16,989,7,-37.6973684210526
16,990,10,1.16112531969309
16,991,122,118.86
16,992,354,238.214285714286
16,993,15,-67.9473684210526
16,994,-265,-154.969696969697
16,995,-122,-109.224719101124
16,996,-74,-92.15
16,997,-117,-37.6973684210526
16,998,-50,-37.6973684210526
16,999,-86,-37.6973684210526
16,1000,-32,-19.5
16,1001,5,-19.5
16,1002,-13,1.16112531969309
16,1003,-4,-19.1136363636364
16,1004,28,1.16112531969309
16,1005,97,75.9047619047619
16,1006,228,182.070512820513
16,1007,284,182.070512820513
16,1008,-287,-234.114864864865
16,1009,-105,-154.969696969697
16,1010,22,13.9333333333333
16,1011,8,25.84375
16,1012,15,1.16112531969309
16,1013,-4,-14.6764705882353
16,1014,-18,1.16112531969309
16,1015,133,118.86
16,1016,420,238.214285714286
16,1017,-124,-67.9473684210526
16,1018,-211,-154.969696969697
16,1019,-175,-109.224719101124
16,1020,-78,-92.15
16,1021,-85,-37.6973684210526
16,1022,-13,-37.6973684210526
16,1023,-75,-19.1136363636364
16,1024,-23,-19.5
16,1025,-27,2.21875
16,1026,-3,-19.1136363636364
16,1027,-3,1.16112531969309
16,1028,18,1.16112531969309
16,1029,57,75.9047619047619
16,1030,166,182.070512820513
16,1031,262,154.955357142857
16,1032,-132,-234.114864864865
16,1033,-138,-154.969696969697
16,1034,53,-109.224719101124
16,1035,46,-17.9166666666667
16,1036,74,-17.9166666666667
16,1037,79,26.25
16,1038,47,26.25
16,1039,-1,85.7833333333333
16,1040,119,118.86
16,1041,-171,-65.7692307692308
16,1042,-72,-41.0909090909091
16,1043,-160,-37.6973684210526
16,1044,-62,-37.6973684210526
16,1045,-32,-37.6973684210526
16,1046,-45,-37.6973684210526
16,1047,-19,-19.5
16,1048,-25,-19.1136363636364
16,1049,-33,-19.1136363636364
16,1050,-8,-37.6973684210526
16,1051,-21,1.16112531969309
16,1052,-5,-19.1136363636364
16,1053,17,1.16112531969309
16,1054,35,75.9047619047619
16,1055,69,75.9047619047619
16,1056,153,182.070512820513
16,1057,87,-29.7
16,1058,132,-111.547619047619
16,1059,95,-65.7692307692308
16,1060,53,-234.114864864865
16,1061,-65,26.25
16,1062,48,-37.6973684210526
16,1063,-11,26.25
16,1064,-48,1.16112531969309
16,1065,-50,-37.6973684210526
16,1066,-104,-37.6973684210526
16,1067,-205,-19.5
16,1068,26,-37.6973684210526
16,1069,-52,75.9047619047619
16,1070,-64,-37.6973684210526
16,1071,-33,-37.6973684210526
16,1072,-21,56
16,1073,-32,-19.1136363636364
16,1074,-6,-37.6973684210526
16,1075,-19,1.16112531969309
16,1076,5,-19.1136363636364
16,1077,16,1.16112531969309
16,1078,9,75.9047619047619
16,1079,47,1.16112531969309
16,1080,95,182.070512820513
16,1081,120,145.305555555556
16,1082,105,85.7833333333333
16,1083,53,-234.114864864865
16,1084,26,26.25
16,1085,20,25.84375
16,1086,-17,-14.6764705882353
16,1087,-10,-19.1136363636364
16,1088,-65,1.16112531969309
16,1089,-101,-37.6973684210526
16,1090,-34,-37.6973684210526
16,1091,-65,-37.6973684210526
16,1092,-81,-37.6973684210526
16,1093,-12,-37.6973684210526
16,1094,-67,-19.1136363636364
16,1095,-14,-19.5
16,1096,-21,-19.1136363636364
16,1097,-10,-19.1136363636364
16,1098,-3,1.16112531969309
16,1099,2,1.16112531969309
16,1100,27,1.16112531969309
16,1101,79,75.9047619047619
16,1102,220,154.955357142857
16,1103,286,154.955357142857
16,1104,-331,-234.114864864865
16,1105,-108,-154.969696969697
16,1106,45,13.9333333333333
16,1107,57,25.84375
16,1108,1,-17.9166666666667
16,1109,-63,1.16112531969309
16,1110,37,56
16,1111,136,118.86
16,1112,241,238.214285714286
16,1113,14,-67.9473684210526
16,1114,-225,-154.969696969697
16,1115,-145,-109.224719101124
16,1116,-111,-37.6973684210526
16,1117,-57,-37.6973684210526
16,1118,-41,-37.6973684210526
16,1119,-41,-37.6973684210526
16,1120,-17,-19.5
16,1121,-7,2.21875
16,1122,0,1.16112531969309
16,1123,0,1.16112531969309
16,1124,22,1.16112531969309
16,1125,79,75.9047619047619
16,1126,281,182.070512820513
16,1127,308,154.955357142857
16,1128,-373,-234.114864864865
16,1129,-138,-154.969696969697
16,1130,58,13.9333333333333
16,1131,20,-17.9166666666667
16,1132,24,-14.6764705882353
16,1133,-59,-14.6764705882353
16,1134,-21,56
16,1135,159,118.86
16,1136,382,238.214285714286
16,1137,-40,-67.9473684210526
16,1138,-225,-154.969696969697
16,1139,-197,-109.224719101124
16,1140,-76,-92.15
16,1141,-79,-37.6973684210526
16,1142,-65,-37.6973684210526
16,1143,-32,-37.6973684210526
16,1144,-18,-19.5
16,1145,-10,2.21875
16,1146,0,1.16112531969309
16,1147,25,1.16112531969309
16,1148,79,75.9047619047619
16,1149,215,182.070512820513
16,1150,274,182.070512820513
16,1151,-293,-234.114864864865
16,1152,-149,-154.969696969697
16,1153,27,13.9333333333333
16,1154,2,25.84375
16,1155,-19,1.16112531969309
16,1156,-28,-19.1136363636364
16,1157,67,-19.1136363636364
16,1158,105,87.3333333333333
16,1159,272,238.214285714286
16,1160,6,-65.7692307692308
16,1161,-201,-154.969696969697
16,1162,-149,-109.224719101124
16,1163,-70,-92.15
16,1164,-31,-37.6973684210526
16,1165,-73,-37.6973684210526
16,1166,-38,-37.6973684210526
16,1167,-14,-19.5
16,1168,-5,2.21875
16,1169,1,1.16112531969309
16,1170,-4,1.16112531969309
16,1171,20,1.16112531969309
16,1172,75,75.9047619047619
16,1173,210,182.070512820513
16,1174,318,154.955357142857
16,1175,-337,-234.114864864865
16,1176,-146,-154.969696969697
16,1177,83,13.9333333333333
16,1178,35,-17.9166666666667
16,1179,-56,-14.6764705882353
16,1180,21,-37.6973684210526
16,1181,-13,-14.6764705882353
16,1182,142,118.86
16,1183,303,238.214285714286
16,1184,-46,-67.9473684210526
16,1185,-177,-154.969696969697
16,1186,-153,-109.224719101124
16,1187,-93,-92.15
16,1188,-29,-37.6973684210526
16,1189,-64,-19.1136363636364
16,1190,-39,-37.6973684210526
16,1191,-25,-19.5
16,1192,-19,2.21875
16,1193,0,-19.1136363636364
16,1194,-6,1.16112531969309
16,1195,16,1.16112531969309
16,1196,63,75.9047619047619
16,1197,212,182.070512820513
16,1198,267,154.955357142857
16,1199,-233,-234.114864864865
16,1200,-138,-154.969696969697
16,1201,41,13.9333333333333
16,1202,89,25.84375
16,1203,36,-17.9166666666667
16,1204,-10,-14.6764705882353
16,1205,4,1.16112531969309
16,1206,111,118.86
16,1207,275,238.214285714286
16,1208,-67,-67.9473684210526
16,1209,-244,-154.969696969697
16,1210,-141,-109.224719101124
16,1211,-97,-92.15
16,1212,26,-37.6973684210526
16,1213,-17,-14.6764705882353
16,1214,-102,-19.1136363636364
16,1215,-26,-19.5
16,1216,-14,53.4545454545455
16,1217,-24,-19.1136363636364
16,1218,-18,-19.1136363636364
16,1219,-7,-19.1136363636364
16,1220,14,1.16112531969309
16,1221,43,75.9047619047619
16,1222,96,75.9047619047619
16,1223,105,154.955357142857
16,1224,141,85.7833333333333
16,1225,158,-29.7
16,1226,114,-234.114864864865
16,1227,0,-234.114864864865
16,1228,-18,-41.0909090909091
16,1229,-2,-19.1136363636364
16,1230,-76,1.16112531969309
16,1231,-22,-37.6973684210526
16,1232,-79,-19.1136363636364
16,1233,-22,-37.6973684210526
16,1234,-138,2.21875
16,1235,-101,-37.6973684210526
16,1236,-8,-19.5
16,1237,-16,1.16112531969309
16,1238,-72,-19.1136363636364
16,1239,-18,-37.6973684210526
16,1240,-32,-19.1136363636364
16,1241,-29,-19.5
16,1242,-33,-19.1136363636364
16,1243,-2,-37.6973684210526
16,1244,6,1.16112531969309
16,1245,30,1.16112531969309
16,1246,51,75.9047619047619
16,1247,154,182.070512820513
16,1248,170,154.955357142857
16,1249,107,-234.114864864865
16,1250,107,-234.114864864865
16,1251,46,-65.7692307692308
16,1252,-53,26.25
16,1253,-11,-37.6973684210526
16,1254,-1,1.16112531969309
16,1255,7,1.16112531969309
16,1256,-144,2.21875
16,1257,-100,-37.6973684210526
16,1258,-88,-37.6973684210526
16,1259,-62,-37.6973684210526
16,1260,-95,-37.6973684210526
16,1261,-44,-37.6973684210526
16,1262,-49,-19.5
16,1263,-13,-19.5
16,1264,-14,-19.1136363636364
16,1265,-6,-19.1136363636364
16,1266,-2,1.16112531969309
16,1267,32,1.16112531969309
16,1268,95,75.9047619047619
16,1269,254,182.070512820513
16,1270,210,154.955357142857
16,1271,-300,-234.114864864865
16,1272,-73,-154.969696969697
16,1273,27,13.9333333333333
16,1274,20,25.84375
16,1275,-8,-14.6764705882353
16,1276,25,1.16112531969309
16,1277,-13,-14.6764705882353
16,1278,83,118.86
16,1279,354,238.214285714286
16,1280,-36,-17.9166666666667
16,1281,-154,-154.969696969697
16,1282,-147,-109.224719101124
16,1283,-104,-92.15
16,1284,-57,-37.6973684210526
16,1285,-93,-37.6973684210526
16,1286,-78,-37.6973684210526
16,1287,-32,-19.5
16,1288,-7,-19.5
16,1289,2,1.16112531969309
16,1290,3,1.16112531969309
16,1291,21,1.16112531969309
16,1292,114,75.9047619047619
16,1293,317,182.070512820513
16,1294,212,-67.9473684210526
16,1295,-273,-234.114864864865
16,1296,-183,-154.969696969697
16,1297,22,13.9333333333333
16,1298,5,25.84375
16,1299,-5,1.16112531969309
16,1300,18,1.16112531969309
16,1301,51,-14.6764705882353
16,1302,62,87.3333333333333
16,1303,411,238.214285714286
16,1304,-6,-65.7692307692308
16,1305,-238,-154.969696969697
16,1306,-135,-109.224719101124
16,1307,-105,-92.15
16,1308,-135,-37.6973684210526
16,1309,-80,-37.6973684210526
16,1310,-44,-37.6973684210526
16,1311,-24,-19.5
16,1312,-5,2.21875
16,1313,-3,1.16112531969309
16,1314,1,1.16112531969309
16,1315,27,1.16112531969309
16,1316,100,75.9047619047619
16,1317,284,182.070512820513
16,1318,158,154.955357142857
16,1319,-311,-234.114864864865
16,1320,-118,-111.547619047619
16,1321,-28,-92.15
16,1322,-9,-19.1136363636364
16,1323,-46,1.16112531969309
16,1324,-13,-37.6973684210526
16,1325,47,-19.1136363636364
16,1326,137,182.070512820513
16,1327,253,238.214285714286
16,1328,17,-175.6
16,1329,-137,-154.969696969697
16,1330,-108,-109.224719101124
16,1331,-71,-37.6973684210526
16,1332,-27,-37.6973684210526
16,1333,-92,-19.1136363636364
16,1334,-45,-37.6973684210526
16,1335,-12,-19.5
16,1336,-7,2.21875
16,1337,-2,1.16112531969309
16,1338,0,1.16112531969309
16,1339,26,1.16112531969309
16,1340,90,75.9047619047619
16,1341,286,182.070512820513
16,1342,271,154.955357142857
16,1343,-376,-234.114864864865
16,1344,-112,-154.969696969697
16,1345,40,13.9333333333333
16,1346,35,25.84375
16,1347,-26,-14.6764705882353
16,1348,-1,-19.1136363636364
16,1349,25,1.16112531969309
16,1350,125,118.86
16,1351,361,238.214285714286
16,1352,28,-67.9473684210526
16,1353,-190,-154.969696969697
16,1354,-182,-109.224719101124
16,1355,-137,-92.15
16,1356,-19,-37.6973684210526
16,1357,-104,-19.1136363636364
16,1358,-80,-37.6973684210526
16,1359,-39,-19.5
16,1360,-4,-19.5
16,1361,-11,1.16112531969309
16,1362,-7,1.16112531969309
16,1363,22,1.16112531969309
16,1364,88,75.9047619047619
16,1365,246,182.070512820513
16,1366,341,182.070512820513
16,1367,-341,-234.114864864865
16,1368,-122,-154.969696969697
16,1369,17,13.9333333333333
16,1370,108,25.84375
16,1371,19,-17.9166666666667
16,1372,13,-14.6764705882353
16,1373,13,-14.6764705882353
16,1374,173,118.86
16,1375,239,238.214285714286
16,1376,-151,-67.9473684210526
16,1377,-176,-154.969696969697
16,1378,-151,13.9333333333333
16,1379,-54,-37.6973684210526
16,1380,-85,-37.6973684210526
16,1381,-15,-37.6973684210526
16,1382,-45,-19.1136363636364
16,1383,-54,-19.5
16,1384,-7,-19.5
16,1385,-52,1.16112531969309
16,1386,-20,-19.5
16,1387,-8,-19.1136363636364
16,1388,30,1.16112531969309
16,1389,45,75.9047619047619
16,1390,125,75.9047619047619
16,1391,130,154.955357142857
16,1392,151,-175.6
16,1393,126,-234.114864864865
16,1394,32,-234.114864864865
16,1395,9,-41.0909090909091
16,1396,-40,1.16112531969309
16,1397,19,-37.6973684210526
16,1398,11,-14.6764705882353
16,1399,-71,-14.6764705882353
16,1400,-152,-37.6973684210526
16,1401,-362,-37.6973684210526
16,1402,-15,-37.6973684210526
16,1403,63,-19.1136363636364
16,1404,8,-17.9166666666667
16,1405,-19,1.16112531969309
16,1406,26,-19.1136363636364
16,1407,-44,75.9047619047619
16,1408,-17,-37.6973684210526
16,1409,-16,-19.1136363636364
16,1410,-33,-19.1136363636364
16,1411,-1,-37.6973684210526
16,1412,6,1.16112531969309
16,1413,12,1.16112531969309
16,1414,27,25.84375
16,1415,28,75.9047619047619
16,1416,-11,75.9047619047619
16,1417,9,1.16112531969309
16,1418,-16,1.16112531969309
16,1419,-9,-19.1136363636364
16,1420,1,1.16112531969309
16,1421,-15,1.16112531969309
16,1422,-2,-19.1136363636364
16,1423,-9,1.16112531969309
16,1424,12,1.16112531969309
16,1425,-4,25.84375
16,1426,0,1.16112531969309
16,1427,-24,1.16112531969309
16,1428,2,-19.1136363636364
16,1429,4,1.16112531969309
16,1430,-11,1.16112531969309
16,1431,-4,1.16112531969309
16,1432,2,1.16112531969309
16,1433,-3,1.16112531969309
16,1434,2,1.16112531969309
16,1435,11,1.16112531969309
16,1436,31,25.84375
16,1437,162,25.84375
16,1438,275,145.305555555556
16,1439,-210,-67.9473684210526
16,1440,-172,-154.969696969697
16,1441,1,13.9333333333333
16,1442,28,1.16112531969309
16,1443,-22,25.84375
16,1444,7,-19.1136363636364
16,1445,-2,1.16112531969309
16,1446,-9,118.86
16,1447,129,2.21875
16,1448,147,-17.9166666666667
16,1449,-81,-67.9473684210526
16,1450,-95,-111.547619047619
16,1451,-51,-37.6973684210526
16,1452,-63,-37.6973684210526
16,1453,-30,-37.6973684210526
16,1454,-46,-19.1136363636364
16,1455,-6,-19.5
16,1456,-4,2.21875
16,1457,-1,2.21875
16,1458,1,1.16112531969309
16,1459,19,1.16112531969309
16,1460,98,75.9047619047619
16,1461,270,182.070512820513
16,1462,221,145.305555555556
16,1463,-303,-234.114864864865
16,1464,-146,-154.969696969697
16,1465,22,13.9333333333333
16,1466,40,25.84375
16,1467,0,-14.6764705882353
16,1468,-8,1.16112531969309
16,1469,20,1.16112531969309
16,1470,126,118.86
16,1471,329,238.214285714286
16,1472,-59,-67.9473684210526
16,1473,-150,-154.969696969697
16,1474,-197,-109.224719101124
16,1475,-59,-92.15
16,1476,-69,-37.6973684210526
16,1477,-84,-37.6973684210526
16,1478,-37,-37.6973684210526
16,1479,-11,-19.5
16,1480,-18,2.21875
16,1481,-4,-19.1136363636364
16,1482,3,1.16112531969309
16,1483,18,1.16112531969309
16,1484,82,75.9047619047619
16,1485,283,182.070512820513
16,1486,265,154.955357142857
16,1487,-333,-234.114864864865
16,1488,-139,-154.969696969697
16,1489,37,13.9333333333333
16,1490,50,25.84375
16,1491,-41,-17.9166666666667
16,1492,-5,-37.6973684210526
16,1493,6,1.16112531969309
16,1494,147,118.86
16,1495,356,238.214285714286
16,1496,-23,-67.9473684210526
16,1497,-166,-154.969696969697
16,1498,-163,-109.224719101124
16,1499,-141,-92.15
16,1500,-47,-37.6973684210526
16,1501,-88,-37.6973684210526
16,1502,-61,-37.6973684210526
16,1503,-20,-19.5
16,1504,-10,2.21875
16,1505,-7,1.16112531969309
16,1506,-3,1.16112531969309
16,1507,14,1.16112531969309
16,1508,110,75.9047619047619
16,1509,98,182.070512820513
16,1510,137,154.955357142857
16,1511,-161,-29.7
16,1512,-62,-111.547619047619
16,1513,12,-37.6973684210526
16,1514,53,25.84375
16,1515,-7,-17.9166666666667
16,1516,-28,1.16112531969309
16,1517,35,-19.1136363636364
16,1518,114,25.84375
16,1519,296,259.882352941176
16,1520,50,-67.9473684210526
16,1521,-200,-154.969696969697
16,1522,-127,-109.224719101124
16,1523,-87,-92.15
16,1524,-67,-37.6973684210526
16,1525,-71,-37.6973684210526
16,1526,-39,-37.6973684210526
16,1527,-38,-19.5
16,1528,-13,-19.5
16,1529,-19,-19.1136363636364
16,1530,3,-19.1136363636364
16,1531,13,1.16112531969309
16,1532,101,75.9047619047619
16,1533,195,182.070512820513
16,1534,277,182.070512820513
16,1535,-258,-234.114864864865
16,1536,-98,-154.969696969697
16,1537,-3,13.9333333333333
16,1538,74,1.16112531969309
16,1539,-1,-17.9166666666667
16,1540,-6,1.16112531969309
16,1541,24,1.16112531969309
16,1542,116,118.86
16,1543,262,238.214285714286
16,1544,-48,-67.9473684210526
16,1545,-213,-154.969696969697
16,1546,-152,-109.224719101124
16,1547,-81,-92.15
16,1548,-50,-37.6973684210526
16,1549,-42,-37.6973684210526
16,1550,-13,-37.6973684210526
16,1551,-36,-19.1136363636364
16,1552,-10,-19.5
16,1553,-31,1.16112531969309
16,1554,-24,-37.6973684210526
16,1555,3,-19.1136363636364
16,1556,23,1.16112531969309
16,1557,27,75.9047619047619
16,1558,103,75.9047619047619
16,1559,56,154.955357142857
16,1560,77,85.7833333333333
16,1561,67,85.7833333333333
16,1562,23,26.25
16,1563,8,25.84375
16,1564,51,1.16112531969309
16,1565,-32,-17.9166666666667
16,1566,-32,-37.6973684210526
16,1567,-54,-37.6973684210526
16,1568,-232,-37.6973684210526
16,1569,49,-37.6973684210526
16,1570,-37,-17.9166666666667
16,1571,-18,-37.6973684210526
16,1572,-1,-19.1136363636364
16,1573,-41,1.16112531969309
16,1574,-6,-19.5
16,1575,6,1.16112531969309
16,1576,-2,1.16112531969309
16,1577,-24,1.16112531969309
16,1578,-12,-19.1136363636364
16,1579,2,-19.1136363636364
16,1580,1,1.16112531969309
16,1581,20,1.16112531969309
16,1582,80,25.84375
16,1583,78,145.305555555556
16,1584,195,154.955357142857
16,1585,31,-29.7
16,1586,173,-154.969696969697
16,1587,11,-65.7692307692308
16,1588,58,-111.547619047619
16,1589,-50,26.25
16,1590,-16,-37.6973684210526
16,1591,-65,-19.1136363636364
16,1592,-35,-37.6973684210526
16,1593,-112,-37.6973684210526
16,1594,-132,-37.6973684210526
16,1595,-39,-37.6973684210526
16,1596,-96,-37.6973684210526
16,1597,-26,-19.5
16,1598,-34,-19.1136363636364
16,1599,-24,-19.5
16,1600,-16,-19.1136363636364
16,1601,-4,-19.1136363636364
16,1602,-2,1.16112531969309
16,1603,18,1.16112531969309
16,1604,103,75.9047619047619
16,1605,226,182.070512820513
16,1606,247,154.955357142857
16,1607,-328,-234.114864864865
16,1608,-111,-154.969696969697
16,1609,6,13.9333333333333
16,1610,62,1.16112531969309
16,1611,22,-17.9166666666667
16,1612,-29,-14.6764705882353
16,1613,13,-19.1136363636364
16,1614,116,118.86
16,1615,336,238.214285714286
16,1616,-19,-67.9473684210526
16,1617,-193,-154.969696969697
16,1618,-162,-109.224719101124
16,1619,-88,-92.15
16,1620,-87,-37.6973684210526
16,1621,-74,-37.6973684210526
16,1622,-25,-37.6973684210526
16,1623,-14,-19.1136363636364
16,1624,-13,2.21875
16,1625,-5,-19.1136363636364
16,1626,5,1.16112531969309
16,1627,9,1.16112531969309
16,1628,9,1.16112531969309
16,1629,143,1.16112531969309
16,1630,388,154.955357142857
16,1631,-208,-67.9473684210526
16,1632,-175,-154.969696969697
16,1633,55,13.9333333333333
16,1634,40,-17.9166666666667
16,1635,-20,25.84375
16,1636,-45,-19.1136363636364
16,1637,30,56
16,1638,120,118.86
16,1639,327,188.48
16,1640,62,-67.9473684210526
16,1641,-256,-154.969696969697
16,1642,-152,-109.224719101124
16,1643,-53,-92.15
16,1644,-71,-37.6973684210526
16,1645,-116,-37.6973684210526
16,1646,-48,-37.6973684210526
16,1647,-32,-19.5
16,1648,1,-19.5
16,1649,-10,1.16112531969309
16,1650,-2,1.16112531969309
16,1651,29,1.16112531969309
16,1652,87,75.9047619047619
16,1653,238,182.070512820513
16,1654,308,182.070512820513
16,1655,-351,-234.114864864865
16,1656,-140,-154.969696969697
16,1657,9,13.9333333333333
16,1658,61,1.16112531969309
16,1659,-17,-17.9166666666667
16,1660,12,-19.1136363636364
16,1661,16,-14.6764705882353
16,1662,111,118.86
16,1663,362,238.214285714286
16,1664,84,-67.9473684210526
16,1665,-309,-154.969696969697
16,1666,-166,-109.224719101124
16,1667,-99,-92.15
16,1668,-66,-37.6973684210526
16,1669,-75,-37.6973684210526
16,1670,-8,-37.6973684210526
16,1671,-66,1.16112531969309
16,1672,-7,-19.5
16,1673,-11,1.16112531969309
16,1674,-4,1.16112531969309
16,1675,19,1.16112531969309
16,1676,115,75.9047619047619
16,1677,248,154.955357142857
16,1678,243,-67.9473684210526
16,1679,-323,-234.114864864865
16,1680,-136,-154.969696969697
16,1681,33,13.9333333333333
16,1682,100,25.84375
16,1683,-36,-17.9166666666667
16,1684,-61,-37.6973684210526
16,1685,79,56
16,1686,87,85.7833333333333
16,1687,334,238.214285714286
16,1688,2,-65.7692307692308
16,1689,-184,-154.969696969697
16,1690,-102,-109.224719101124
16,1691,-121,-92.15
16,1692,-53,-37.6973684210526
16,1693,-125,-37.6973684210526
16,1694,-32,-37.6973684210526
16,1695,-41,-19.5
16,1696,-37,-19.5
16,1697,3,-19.5
16,1698,-10,1.16112531969309
16,1699,20,1.16112531969309
16,1700,111,75.9047619047619
16,1701,221,259.882352941176
16,1702,262,-67.9473684210526
16,1703,-324,-234.114864864865
16,1704,-95,-154.969696969697
16,1705,59,13.9333333333333
16,1706,-87,-17.9166666666667
16,1707,107,-37.6973684210526
16,1708,-36,-65.7692307692308
16,1709,101,56
16,1710,97,87.3333333333333
16,1711,203,238.214285714286
16,1712,-2,-128.409090909091
16,1713,-189,-154.969696969697
16,1714,-139,-109.224719101124
16,1715,-78,-37.6973684210526
16,1716,-3,-37.6973684210526
16,1717,24,1.16112531969309
16,1718,-103,-14.6764705882353
16,1719,-46,-19.5
16,1720,-32,-19.5
16,1721,-43,56
16,1722,-23,-37.6973684210526
16,1723,13,-19.1136363636364
16,1724,20,25.84375
16,1725,45,25.84375
16,1726,110,75.9047619047619
16,1727,87,85.7833333333333
16,1728,148,85.7833333333333
16,1729,143,-29.7
16,1730,-25,-234.114864864865
16,1731,-26,-111.547619047619
16,1732,-96,-19.1136363636364
16,1733,113,-37.6973684210526
16,1734,-1,-17.9166666666667
16,1735,-38,-41.0909090909091
16,1736,-68,-37.6973684210526
16,1737,-29,-37.6973684210526
16,1738,-96,118.86
16,1739,-40,-37.6973684210526
16,1740,-52,-37.6973684210526
16,1741,-68,-37.6973684210526
16,1742,-15,-19.5
16,1743,-13,-19.1136363636364
16,1744,-28,-19.1136363636364
16,1745,-65,-19.1136363636364
16,1746,-12,-37.6973684210526
16,1747,-5,-19.1136363636364
16,1748,6,1.16112531969309
16,1749,19,1.16112531969309
16,1750,78,75.9047619047619
16,1751,77,154.955357142857
16,1752,142,182.070512820513
16,1753,81,-29.7
16,1754,144,-111.547619047619
16,1755,7,-65.7692307692308
16,1756,-47,-111.547619047619
16,1757,53,-37.6973684210526
16,1758,-27,-17.9166666666667
16,1759,-33,-19.1136363636364
16,1760,-48,-37.6973684210526
16,1761,-80,-37.6973684210526
16,1762,-107,-37.6973684210526
16,1763,-73,-37.6973684210526
16,1764,-46,-37.6973684210526
16,1765,-55,-37.6973684210526
16,1766,-68,-37.6973684210526
16,1767,-25,-19.5
16,1768,-3,-19.1136363636364
16,1769,-1,1.16112531969309
16,1770,-3,1.16112531969309
16,1771,21,1.16112531969309
16,1772,119,75.9047619047619
16,1773,243,182.070512820513
16,1774,254,-67.9473684210526
16,1775,-289,-234.114864864865
16,1776,-160,-154.969696969697
16,1777,23,13.9333333333333
16,1778,50,25.84375
16,1779,9,-17.9166666666667
16,1780,-33,1.16112531969309
16,1781,23,56
16,1782,126,118.86
16,1783,381,238.214285714286
16,1784,-89,-67.9473684210526
16,1785,-134,-154.969696969697
16,1786,-223,-109.224719101124
16,1787,-76,-92.15
16,1788,-74,-37.6973684210526
16,1789,-60,-37.6973684210526
16,1790,-75,-19.5
16,1791,-29,-19.5
16,1792,7,2.21875
16,1793,-10,1.16112531969309
16,1794,-1,1.16112531969309
16,1795,15,1.16112531969309
16,1796,145,75.9047619047619
16,1797,298,87.3333333333333
16,1798,178,-67.9473684210526
16,1799,-346,-234.114864864865
16,1800,-138,-111.547619047619
16,1801,60,13.9333333333333
16,1802,46,-17.9166666666667
16,1803,-44,-17.9166666666667
16,1804,-148,-37.6973684210526
16,1805,63,56
16,1806,255,85.7833333333333
16,1807,328,238.214285714286
16,1808,-7,-234.114864864865
16,1809,-252,-154.969696969697
16,1810,-156,-109.224719101124
16,1811,-79,-92.15
16,1812,-76,-37.6973684210526
16,1813,-84,-37.6973684210526
16,1814,-28,-37.6973684210526
16,1815,-21,2.21875
16,1816,-13,2.21875
16,1817,1,-19.1136363636364
16,1818,3,1.16112531969309
16,1819,23,1.16112531969309
16,1820,98,75.9047619047619
16,1821,292,154.955357142857
16,1822,204,154.955357142857
16,1823,-297,-234.114864864865
16,1824,-172,-154.969696969697
16,1825,48,13.9333333333333
16,1826,79,-17.9166666666667
16,1827,-14,-17.9166666666667
16,1828,-23,-19.1136363636364
16,1829,16,-19.1136363636364
16,1830,98,118.86
16,1831,348,238.214285714286
16,1832,-333,-17.9166666666667
16,1833,-274,-154.969696969697
16,1834,-47,13.9333333333333
16,1835,-17,-92.15
16,1836,33,-19.1136363636364
16,1837,-12,-14.6764705882353
16,1838,-22,-19.1136363636364
16,1839,-22,-19.1136363636364
16,1840,-8,53.4545454545455
16,1841,0,1.16112531969309
16,1842,-1,1.16112531969309
16,1843,22,1.16112531969309
16,1844,115,25.84375
16,1845,262,154.955357142857
16,1846,229,-67.9473684210526
16,1847,-269,-234.114864864865
16,1848,-207,-154.969696969697
16,1849,102,13.9333333333333
16,1850,16,-17.9166666666667
16,1851,46,-14.6764705882353
16,1852,-71,26.25
16,1853,24,56
16,1854,150,118.86
16,1855,311,238.214285714286
16,1856,38,-67.9473684210526
16,1857,-217,-154.969696969697
16,1858,-179,-109.224719101124
16,1859,-144,-92.15
16,1860,2,-37.6973684210526
16,1861,-97,1.16112531969309
16,1862,-71,-37.6973684210526
16,1863,-18,-19.5
16,1864,-15,53.4545454545455
16,1865,-18,-19.1136363636364
16,1866,-4,-19.1136363636364
16,1867,17,1.16112531969309
16,1868,109,25.84375
16,1869,216,182.070512820513
16,1870,269,154.955357142857
16,1871,-298,-234.114864864865
16,1872,-112,-154.969696969697
16,1873,81,13.9333333333333
16,1874,57,-17.9166666666667
16,1875,15,-17.9166666666667
16,1876,-29,-14.6764705882353
16,1877,105,-19.1136363636364
16,1878,86,85.7833333333333
16,1879,254,238.214285714286
16,1880,-183,-65.7692307692308
16,1881,-93,-154.969696969697
16,1882,-162,13.9333333333333
16,1883,-71,-37.6973684210526
16,1884,-36,-37.6973684210526
16,1885,-54,-37.6973684210526
16,1886,-44,-19.5
16,1887,-43,-19.5
16,1888,-37,-19.5
16,1889,-22,-19.5
16,1890,-25,-19.1136363636364
16,1891,4,-19.1136363636364
16,1892,20,1.16112531969309
16,1893,34,75.9047619047619
16,1894,111,75.9047619047619
16,1895,157,182.070512820513
16,1896,76,-67.9473684210526
16,1897,111,-111.547619047619
16,1898,37,-65.7692307692308
16,1899,100,-41.0909090909091
16,1900,-44,-65.7692307692308
16,1901,-25,-37.6973684210526
16,1902,1,-19.1136363636364
16,1903,-15,1.16112531969309
16,1904,-30,2.21875
16,1905,-107,-19.1136363636364
16,1906,-152,-37.6973684210526
16,1907,-57,-37.6973684210526
16,1908,44,-37.6973684210526
16,1909,-98,75.9047619047619
16,1910,-78,-37.6973684210526
16,1911,-4,-19.5
16,1912,-12,1.16112531969309
16,1913,-54,-19.1136363636364
16,1914,-19,-37.6973684210526
16,1915,3,-19.1136363636364
16,1916,9,1.16112531969309
16,1917,39,1.16112531969309
16,1918,96,75.9047619047619
16,1919,66,154.955357142857
16,1920,128,85.7833333333333
16,1921,78,-29.7
16,1922,103,-111.547619047619
16,1923,71,-65.7692307692308
16,1924,-50,26.25
16,1925,-53,-37.6973684210526
16,1926,65,-37.6973684210526
16,1927,-86,-17.9166666666667
16,1928,-89,-37.6973684210526
16,1929,-50,-37.6973684210526
16,1930,-109,-37.6973684210526
16,1931,-61,-37.6973684210526
16,1932,-38,-37.6973684210526
16,1933,-57,-19.5
16,1934,-39,-19.5
16,1935,-24,-37.6973684210526
16,1936,-9,-19.1136363636364
16,1937,0,1.16112531969309
16,1938,4,1.16112531969309
16,1939,20,1.16112531969309
16,1940,39,75.9047619047619
16,1941,10,75.9047619047619
16,1942,81,1.16112531969309
16,1943,-46,85.7833333333333
16,1944,-51,-37.6973684210526
16,1945,20,-37.6973684210526
16,1946,106,25.84375
16,1947,-9,-17.9166666666667
16,1948,-5,1.16112531969309
16,1949,25,1.16112531969309
16,1950,-85,25.84375
16,1951,118,-37.6973684210526
16,1952,71,-17.9166666666667
16,1953,4,-41.0909090909091
16,1954,-115,1.16112531969309
16,1955,-37,-37.6973684210526
16,1956,-23,56
16,1957,-54,-19.1136363636364
16,1958,-43,-37.6973684210526
16,1959,-13,-37.6973684210526
16,1960,-15,-19.1136363636364
16,1961,2,-19.1136363636364
16,1962,-1,1.16112531969309
16,1963,3,1.16112531969309
16,1964,16,1.16112531969309
16,1965,68,75.9047619047619
16,1966,317,154.955357142857
16,1967,-54,154.955357142857
16,1968,-184,-154.969696969697
16,1969,53,-109.224719101124
16,1970,40,-17.9166666666667
16,1971,-25,25.84375
16,1972,-55,-19.1136363636364
16,1973,72,-37.6973684210526
16,1974,118,85.7833333333333
16,1975,304,87.3333333333333
16,1976,55,-234.114864864865
16,1977,-221,-154.969696969697
16,1978,-249,-109.224719101124
16,1979,-154,-92.15
16,1980,-26,-37.6973684210526
16,1981,-12,-19.1136363636364
16,1982,-32,-19.1136363636364
16,1983,-18,-19.5
16,1984,-2,2.21875
16,1985,-13,1.16112531969309
16,1986,-2,-19.1136363636364
16,1987,34,1.16112531969309
16,1988,120,75.9047619047619
16,1989,282,182.070512820513
16,1990,210,-67.9473684210526
16,1991,-303,-234.114864864865
16,1992,-155,-154.969696969697
16,1993,75,13.9333333333333
16,1994,63,-17.9166666666667
16,1995,20,-17.9166666666667
16,1996,-87,-14.6764705882353
16,1997,11,56
16,1998,172,118.86
16,1999,427,238.214285714286
16,2000,-27,-67.9473684210526
16,2001,-256,-154.969696969697
16,2002,-131,-109.224719101124
16,2003,-66,-92.15
16,2004,-107,-37.6973684210526
16,2005,-153,-37.6973684210526
16,2006,-54,-37.6973684210526
16,2007,-51,-19.5
16,2008,-12,-19.5
16,2009,-13,-19.1136363636364
16,2010,13,-19.1136363636364
16,2011,19,75.9047619047619
16,2012,124,75.9047619047619
16,2013,315,259.882352941176
16,2014,160,-67.9473684210526
16,2015,-288,-234.114864864865
16,2016,-141,-111.547619047619
16,2017,74,-92.15
16,2018,69,-17.9166666666667
16,2019,-21,-17.9166666666667
16,2020,-57,-19.1136363636364
16,2021,46,56
16,2022,114,85.7833333333333
16,2023,422,238.214285714286
16,2024,16,-175.6
16,2025,-331,-154.969696969697
16,2026,-91,-109.224719101124
16,2027,-147,-92.15
16,2028,-48,-37.6973684210526
16,2029,-85,-37.6973684210526
16,2030,-96,-37.6973684210526
16,2031,-21,-19.5
16,2032,-28,2.21875
16,2033,-7,-19.1136363636364
16,2034,-3,1.16112531969309
16,2035,23,1.16112531969309
16,2036,148,75.9047619047619
16,2037,333,182.070512820513
16,2038,230,-67.9473684210526
16,2039,-384,-234.114864864865
16,2040,-106,-154.969696969697
16,2041,79,13.9333333333333
16,2042,26,-17.9166666666667
16,2043,35,-14.6764705882353
16,2044,-45,-14.6764705882353
16,2045,41,56
16,2046,177,118.86
16,2047,244,238.214285714286
16,2048,-143,-175.6
16,2049,-186,-154.969696969697
16,2050,-146,13.9333333333333
16,2051,-79,-37.6973684210526
16,2052,-7,-37.6973684210526
16,2053,-77,1.16112531969309
16,2054,-26,-19.5
16,2055,-44,2.21875
16,2056,-35,-19.5
16,2057,-36,-19.5
16,2058,-19,-37.6973684210526
16,2059,-2,-19.1136363636364
16,2060,38,1.16112531969309
16,2061,45,75.9047619047619
16,2062,100,75.9047619047619
16,2063,97,182.070512820513
16,2064,160,85.7833333333333
16,2065,134,-29.7
16,2066,56,-234.114864864865
16,2067,62,-111.547619047619
16,2068,26,26.25
16,2069,-58,-14.6764705882353
16,2070,-30,-37.6973684210526
16,2071,-16,-19.1136363636364
16,2072,19,-19.1136363636364
16,2073,-213,2.21875
16,2074,-117,-37.6973684210526
16,2075,-56,-37.6973684210526
16,2076,79,-37.6973684210526
16,2077,-99,87.3333333333333
16,2078,-69,-37.6973684210526
16,2079,-40,-19.5
16,2080,-32,56
16,2081,-32,-37.6973684210526
16,2082,-50,-37.6973684210526
16,2083,-8,-19.5
16,2084,17,1.16112531969309
16,2085,65,75.9047619047619
16,2086,81,182.070512820513
16,2087,142,182.070512820513
16,2088,119,-29.7
16,2089,149,-234.114864864865
16,2090,56,-234.114864864865
16,2091,-30,-111.547619047619
16,2092,-64,-19.1136363636364
16,2093,-41,-37.6973684210526
16,2094,75,-37.6973684210526
16,2095,-28,-17.9166666666667
16,2096,-75,2.21875
16,2097,-72,-37.6973684210526
16,2098,-128,56
16,2099,-41,-37.6973684210526
16,2100,-88,-37.6973684210526
16,2101,-59,-37.6973684210526
16,2102,-46,-19.5
16,2103,-25,-19.5
16,2104,-4,-19.1136363636364
16,2105,-9,1.16112531969309
16,2106,5,1.16112531969309
16,2107,8,1.16112531969309
16,2108,64,1.16112531969309
16,2109,74,182.070512820513
16,2110,117,154.955357142857
16,2111,-84,-128.409090909091
16,2112,-87,-41.0909090909091
16,2113,7,-37.6973684210526
16,2114,64,1.16112531969309
16,2115,14,-17.9166666666667
16,2116,-4,-14.6764705882353
16,2117,45,1.16112531969309
16,2118,90,25.84375
16,2119,193,85.7833333333333
16,2120,22,-65.7692307692308
16,2121,-82,-154.969696969697
16,2122,-112,-109.224719101124
16,2123,-95,-37.6973684210526
16,2124,-99,-37.6973684210526
16,2125,-45,-37.6973684210526
16,2126,-61,-37.6973684210526
16,2127,-9,-19.5
16,2128,-16,2.21875
16,2129,-6,-19.1136363636364
16,2130,2,1.16112531969309
16,2131,10,1.16112531969309
16,2132,120,1.16112531969309
16,2133,187,182.070512820513
16,2134,266,-67.9473684210526
16,2135,-257,-234.114864864865
16,2136,-133,-154.969696969697
16,2137,-11,13.9333333333333
16,2138,65,1.16112531969309
16,2139,-11,-17.9166666666667
16,2140,-21,1.16112531969309
16,2141,23,-19.1136363636364
16,2142,141,53.4545454545455
16,2143,399,238.214285714286
16,2144,0,-67.9473684210526
16,2145,-421,-154.969696969697
16,2146,9,-109.224719101124
16,2147,-112,1.16112531969309
16,2148,-87,-37.6973684210526
16,2149,-69,-37.6973684210526
16,2150,-58,-37.6973684210526
16,2151,-15,-19.5
16,2152,-20,2.21875
16,2153,-7,-19.1136363636364
16,2154,-2,1.16112531969309
16,2155,32,1.16112531969309
16,2156,125,75.9047619047619
16,2157,308,182.070512820513
16,2158,251,-67.9473684210526
16,2159,-422,-234.114864864865
16,2160,-106,-154.969696969697
16,2161,6,13.9333333333333
16,2162,51,1.16112531969309
16,2163,22,-17.9166666666667
16,2164,-22,-14.6764705882353
16,2165,9,-19.1136363636364
16,2166,21,118.86
16,2167,7,118.86
16,2168,42,1.16112531969309
16,2169,49,-14.6764705882353
16,2170,-81,50.5
16,2171,-50,-37.6973684210526
16,2172,-86,-37.6973684210526
16,2173,-53,-37.6973684210526
16,2174,-50,-37.6973684210526
16,2175,-26,-37.6973684210526
16,2176,-14,-19.1136363636364
16,2177,-12,-19.1136363636364
16,2178,1,-19.1136363636364
16,2179,25,1.16112531969309
16,2180,126,75.9047619047619
16,2181,259,182.070512820513
16,2182,277,-67.9473684210526
16,2183,-391,-234.114864864865
16,2184,-116,-154.969696969697
16,2185,36,13.9333333333333
16,2186,68,25.84375
16,2187,13,-17.9166666666667
16,2188,-50,-14.6764705882353
16,2189,39,56
16,2190,99,118.86
16,2191,408,238.214285714286
16,2192,-46,-65.7692307692308
16,2193,-260,-154.969696969697
16,2194,-94,-109.224719101124
16,2195,-113,-92.15
16,2196,-42,-37.6973684210526
16,2197,-76,-37.6973684210526
16,2198,-94,-37.6973684210526
16,2199,-31,-19.5
16,2200,-19,-19.5
16,2201,-9,-19.1136363636364
16,2202,-5,1.16112531969309
16,2203,21,1.16112531969309
16,2204,83,75.9047619047619
16,2205,246,182.070512820513
16,2206,224,182.070512820513
16,2207,-243,-234.114864864865
16,2208,-108,-154.969696969697
16,2209,51,13.9333333333333
16,2210,38,-17.9166666666667
16,2211,12,-14.6764705882353
16,2212,34,-14.6764705882353
16,2213,99,-14.6764705882353
16,2214,118,85.7833333333333
16,2215,69,238.214285714286
16,2216,-131,-41.0909090909091
16,2217,-118,-37.6973684210526
16,2218,-54,-37.6973684210526
16,2219,-95,-37.6973684210526
16,2220,-43,-37.6973684210526
16,2221,-46,-37.6973684210526
16,2222,-50,-19.5
16,2223,-34,-19.5
16,2224,-18,-37.6973684210526
16,2225,-33,-19.1136363636364
16,2226,-29,-37.6973684210526
16,2227,8,-19.1136363636364
16,2228,21,1.16112531969309
16,2229,23,75.9047619047619
16,2230,87,75.9047619047619
16,2231,148,85.7833333333333
16,2232,148,-29.7
16,2233,83,-234.114864864865
16,2234,9,-111.547619047619
16,2235,10,1.16112531969309
16,2236,25,1.16112531969309
16,2237,-51,-14.6764705882353
16,2238,-9,-37.6973684210526
16,2239,-42,1.16112531969309
16,2240,-47,-37.6973684210526
16,2241,-42,-37.6973684210526
16,2242,-118,-37.6973684210526
16,2243,-4,-37.6973684210526
16,2244,-47,1.16112531969309
16,2245,-54,-37.6973684210526
16,2246,-13,-37.6973684210526
16,2247,-59,-19.1136363636364
16,2248,-17,-19.5
16,2249,-25,-19.1136363636364
16,2250,-25,-19.1136363636364
16,2251,-4,-19.1136363636364
16,2252,15,1.16112531969309
16,2253,30,75.9047619047619
16,2254,99,75.9047619047619
16,2255,119,154.955357142857
16,2256,154,85.7833333333333
16,2257,95,-234.114864864865
16,2258,51,-234.114864864865
16,2259,-72,26.25
16,2260,49,-37.6973684210526
16,2261,-12,26.25
16,2262,-34,-19.1136363636364
16,2263,21,-37.6973684210526
16,2264,-4,-14.6764705882353
16,2265,-76,118.86
16,2266,-50,-37.6973684210526
16,2267,-249,-37.6973684210526
16,2268,-84,-37.6973684210526
16,2269,37,-37.6973684210526
16,2270,-31,75.9047619047619
16,2271,-6,-19.5
16,2272,-11,1.16112531969309
16,2273,-30,1.16112531969309
16,2274,-12,-19.1136363636364
16,2275,3,-19.1136363636364
16,2276,11,1.16112531969309
16,2277,47,25.84375
16,2278,88,145.305555555556
16,2279,108,154.955357142857
16,2280,101,85.7833333333333
16,2281,112,85.7833333333333
16,2282,49,-65.7692307692308
16,2283,31,-41.0909090909091
16,2284,-91,-14.6764705882353
16,2285,-5,-37.6973684210526
16,2286,41,1.16112531969309
16,2287,-96,-14.6764705882353
16,2288,-22,-37.6973684210526
16,2289,12,-19.1136363636364
16,2290,-78,25.84375
16,2291,-70,-37.6973684210526
16,2292,-90,-37.6973684210526
16,2293,-75,56
16,2294,-37,-37.6973684210526
16,2295,-31,-37.6973684210526
16,2296,-6,-19.5
16,2297,-5,1.16112531969309
16,2298,2,1.16112531969309
16,2299,28,1.16112531969309
16,2300,121,75.9047619047619
16,2301,296,182.070512820513
16,2302,184,-67.9473684210526
16,2303,-377,-234.114864864865
16,2304,-74,-111.547619047619
16,2305,14,13.9333333333333
16,2306,40,25.84375
16,2307,2,-14.6764705882353
16,2308,-1,1.16112531969309
16,2309,18,1.16112531969309
16,2310,137,118.86
16,2311,388,238.214285714286
16,2312,-71,-67.9473684210526
16,2313,-184,-154.969696969697
16,2314,-322,-109.224719101124
16,2315,-133,-92.15
16,2316,-16,-37.6973684210526
16,2317,-5,-19.1136363636364
16,2318,-14,1.16112531969309
16,2319,-32,2.21875
16,2320,1,-19.5
16,2321,0,1.16112531969309
16,2322,1,1.16112531969309
16,2323,35,1.16112531969309
16,2324,103,75.9047619047619
16,2325,339,154.955357142857
16,2326,188,182.070512820513
16,2327,-366,-234.114864864865
16,2328,-128,-111.547619047619
16,2329,31,13.9333333333333
16,2330,45,-14.6764705882353
16,2331,36,-14.6764705882353
16,2332,-37,-14.6764705882353
16,2333,23,56
16,2334,123,118.86
16,2335,441,238.214285714286
16,2336,-43,-67.9473684210526
16,2337,-240,-154.969696969697
16,2338,-125,-109.224719101124
16,2339,-127,-92.15
16,2340,-87,-37.6973684210526
16,2341,-57,-37.6973684210526
16,2342,-99,-37.6973684210526
16,2343,-35,-19.5
16,2344,-12,-19.5
16,2345,-6,-19.1136363636364
16,2346,0,1.16112531969309
16,2347,25,1.16112531969309
16,2348,145,75.9047619047619
16,2349,329,182.070512820513
16,2350,186,-67.9473684210526
16,2351,-382,-234.114864864865
16,2352,-91,-111.547619047619
16,2353,-2,13.9333333333333
16,2354,74,1.16112531969309
16,2355,1,-17.9166666666667
16,2356,-39,1.16112531969309
16,2357,36,-19.5
16,2358,197,118.86
16,2359,340,238.214285714286
16,2360,-42,-67.9473684210526
16,2361,-194,-154.969696969697
16,2362,-112,-109.224719101124
16,2363,-120,-92.15
16,2364,-95,-37.6973684210526
16,2365,-124,-37.6973684210526
16,2366,-54,-37.6973684210526
16,2367,-52,-19.5
16,2368,-18,-19.5
16,2369,-12,-19.1136363636364
16,2370,2,-19.1136363636364
16,2371,39,1.16112531969309
16,2372,96,75.9047619047619
16,2373,261,182.070512820513
16,2374,292,182.070512820513
16,2375,-396,-234.114864864865
16,2376,-94,-154.969696969697
16,2377,31,13.9333333333333
16,2378,75,-14.6764705882353
16,2379,6,-17.9166666666667
16,2380,-62,1.16112531969309
16,2381,4,56
16,2382,-36,118.86
16,2383,5,-37.6973684210526
16,2384,-117,1.16112531969309
16,2385,-65,-37.6973684210526
16,2386,-6,-37.6973684210526
16,2387,46,1.16112531969309
16,2388,-62,145.305555555556
16,2389,50,-37.6973684210526
16,2390,13,26.25
16,2391,-10,25.84375
16,2392,-35,1.16112531969309
16,2393,-15,-37.6973684210526
16,2394,-13,-19.1136363636364
16,2395,-1,-19.1136363636364
16,2396,24,1.16112531969309
16,2397,50,25.84375
16,2398,124,154.955357142857
16,2399,122,182.070512820513
16,2400,161,-175.6
16,2401,43,-234.114864864865
16,2402,132,-111.547619047619
16,2403,11,-65.7692307692308
16,2404,-32,-111.547619047619
16,2405,55,-37.6973684210526
16,2406,-58,-17.9166666666667
16,2407,-58,-37.6973684210526
16,2408,-74,-37.6973684210526
16,2409,42,-37.6973684210526
16,2410,-155,25.84375
16,2411,-83,-37.6973684210526
16,2412,-88,-37.6973684210526
16,2413,10,-37.6973684210526
16,2414,-69,1.16112531969309
16,2415,-48,-37.6973684210526
16,2416,-32,-19.5
16,2417,-39,56
16,2418,-37,-19.5
16,2419,-1,-37.6973684210526
16,2420,10,1.16112531969309
16,2421,13,1.16112531969309
16,2422,105,75.9047619047619
16,2423,160,182.070512820513
16,2424,104,-29.7
16,2425,107,-234.114864864865
16,2426,173,-65.7692307692308
16,2427,2,-65.7692307692308
16,2428,-8,-111.547619047619
16,2429,-34,1.16112531969309
16,2430,18,-37.6973684210526
16,2431,-84,-14.6764705882353
16,2432,-82,-37.6973684210526
16,2433,-43,-37.6973684210526
16,2434,-139,-37.6973684210526
16,2435,-68,-37.6973684210526
16,2436,-20,-37.6973684210526
16,2437,-118,-19.1136363636364
16,2438,-59,-19.5
16,2439,-35,-37.6973684210526
16,2440,-3,-19.5
16,2441,-6,1.16112531969309
16,2442,3,1.16112531969309
16,2443,27,1.16112531969309
16,2444,104,75.9047619047619
16,2445,378,182.070512820513
16,2446,148,182.070512820513
16,2447,-383,-234.114864864865
16,2448,-95,-111.547619047619
16,2449,52,-92.15
16,2450,43,-17.9166666666667
16,2451,-8,-14.6764705882353
16,2452,-4,1.16112531969309
16,2453,22,1.16112531969309
16,2454,156,118.86
16,2455,386,238.214285714286
16,2456,-12,-67.9473684210526
16,2457,-177,-154.969696969697
16,2458,-184,-109.224719101124
16,2459,-196,-92.15
16,2460,-97,-37.6973684210526
16,2461,-82,-37.6973684210526
16,2462,-52,-37.6973684210526
16,2463,-14,-19.5
16,2464,-12,2.21875
16,2465,-3,-19.1136363636364
16,2466,0,1.16112531969309
16,2467,31,1.16112531969309
16,2468,148,75.9047619047619
16,2469,385,182.070512820513
16,2470,141,-67.9473684210526
16,2471,-375,-234.114864864865
16,2472,-159,-111.547619047619
16,2473,51,-92.15
16,2474,20,-17.9166666666667
16,2475,20,-14.6764705882353
16,2476,9,-14.6764705882353
16,2477,-4,53.4545454545455
16,2478,201,118.86
16,2479,377,238.214285714286
16,2480,-60,-67.9473684210526
16,2481,-277,-154.969696969697
16,2482,-98,-109.224719101124
16,2483,-132,-92.15
16,2484,-90,-37.6973684210526
16,2485,-80,-37.6973684210526
16,2486,-64,-37.6973684210526
16,2487,-22,-19.5
16,2488,-16,2.21875
16,2489,-3,-19.1136363636364
16,2490,2,1.16112531969309
16,2491,28,1.16112531969309
16,2492,134,75.9047619047619
16,2493,375,182.070512820513
16,2494,121,-67.9473684210526
16,2495,-365,-234.114864864865
16,2496,-100,-41.0909090909091
16,2497,23,-92.15
16,2498,89,25.84375
16,2499,-12,-17.9166666666667
16,2500,-1,-19.1136363636364
16,2501,-2,53.4545454545455
16,2502,152,118.86
16,2503,272,259.882352941176
16,2504,58,-67.9473684210526
16,2505,-244,-154.969696969697
16,2506,-130,-109.224719101124
16,2507,-110,-92.15
16,2508,-50,-37.6973684210526
16,2509,-125,-37.6973684210526
16,2510,-64,-37.6973684210526
16,2511,-37,-19.5
16,2512,-10,-19.5
16,2513,-7,1.16112531969309
16,2514,1,1.16112531969309
16,2515,28,1.16112531969309
16,2516,136,75.9047619047619
16,2517,356,259.882352941176
16,2518,155,-67.9473684210526
16,2519,-344,-234.114864864865
16,2520,-127,-111.547619047619
16,2521,27,-92.15
16,2522,99,25.84375
16,2523,-21,-17.9166666666667
16,2524,-50,-19.1136363636364
16,2525,68,56
16,2526,133,85.7833333333333
16,2527,403,238.214285714286
16,2528,-56,-234.114864864865
16,2529,-211,-154.969696969697
16,2530,-124,-109.224719101124
16,2531,-165,-92.15
16,2532,-85,-37.6973684210526
16,2533,-51,-37.6973684210526
16,2534,-100,-37.6973684210526
16,2535,-48,-19.5
16,2536,-10,-19.5
16,2537,-11,1.16112531969309
16,2538,2,1.16112531969309
16,2539,19,1.16112531969309
16,2540,110,75.9047619047619
16,2541,289,182.070512820513
16,2542,272,182.070512820513
16,2543,-318,-234.114864864865
16,2544,-133,-154.969696969697
16,2545,15,13.9333333333333
16,2546,105,25.84375
16,2547,47,-17.9166666666667
16,2548,-43,-17.9166666666667
16,2549,24,56
16,2550,126,118.86
16,2551,270,238.214285714286
16,2552,-70,-67.9473684210526
16,2553,-168,-154.969696969697
16,2554,-147,-109.224719101124
16,2555,-69,-92.15
16,2556,-48,-37.6973684210526
16,2557,-76,-37.6973684210526
16,2558,-9,-19.5
16,2559,-83,1.16112531969309
16,2560,-34,-19.5
16,2561,-49,-19.5
16,2562,-32,-37.6973684210526
16,2563,11,-19.5
16,2564,61,75.9047619047619
16,2565,7,154.955357142857
16,2566,157,1.16112531969309
16,2567,96,-29.7
16,2568,126,-67.9473684210526
16,2569,103,87.3333333333333
16,2570,-38,-234.114864864865
16,2571,54,-37.6973684210526
16,2572,8,26.25
16,2573,-38,1.16112531969309
16,2574,-21,-37.6973684210526
16,2575,-39,53.4545454545455
16,2576,-44,-37.6973684210526
16,2577,-91,-37.6973684210526
16,2578,3,-37.6973684210526
16,2579,-47,1.16112531969309
16,2580,-102,-37.6973684210526
16,2581,16,-37.6973684210526
16,2582,-72,75.9047619047619
16,2583,-42,-19.5
16,2584,-43,-37.6973684210526
16,2585,-44,-37.6973684210526
16,2586,-19,-19.5
16,2587,3,-19.1136363636364
16,2588,17,1.16112531969309
16,2589,32,25.84375
16,2590,119,75.9047619047619
16,2591,85,182.070512820513
16,2592,147,-41.0909090909091
16,2593,86,-29.7
16,2594,3,-111.547619047619
16,2595,-10,1.16112531969309
16,2596,8,1.16112531969309
16,2597,-25,1.16112531969309
16,2598,33,-19.1136363636364
16,2599,13,-14.6764705882353
16,2600,-31,-14.6764705882353
16,2601,-115,-37.6973684210526
16,2602,-12,-37.6973684210526
16,2603,-110,-19.1136363636364
16,2604,-94,-37.6973684210526
16,2605,-49,-37.6973684210526
16,2606,-69,-37.6973684210526
16,2607,-17,-19.5
16,2608,-7,-19.1136363636364
16,2609,-11,1.16112531969309
16,2610,1,1.16112531969309
16,2611,30,1.16112531969309
16,2612,107,75.9047619047619
16,2613,359,182.070512820513
16,2614,148,154.955357142857
16,2615,-335,-234.114864864865
16,2616,-169,-111.547619047619
16,2617,55,-92.15
16,2618,59,-17.9166666666667
16,2619,-13,-17.9166666666667
16,2620,11,-19.1136363636364
16,2621,0,-14.6764705882353
16,2622,168,118.86
16,2623,373,238.214285714286
16,2624,31,-67.9473684210526
16,2625,-235,-154.969696969697
16,2626,-202,-109.224719101124
16,2627,-144,-92.15
16,2628,-86,-37.6973684210526
16,2629,-84,-37.6973684210526
16,2630,-52,-37.6973684210526
16,2631,-12,-19.5
16,2632,-10,2.21875
16,2633,6,1.16112531969309
16,2634,-8,1.16112531969309
16,2635,25,1.16112531969309
16,2636,107,75.9047619047619
16,2637,167,182.070512820513
16,2638,310,154.955357142857
16,2639,-328,-234.114864864865
16,2640,-160,-154.969696969697
16,2641,-60,13.9333333333333
16,2642,30,-92.15
16,2643,-36,-14.6764705882353
16,2644,1,-37.6973684210526
16,2645,56,1.16112531969309
16,2646,123,85.7833333333333
16,2647,442,238.214285714286
16,2648,-28,-234.114864864865
16,2649,-162,-154.969696969697
16,2650,-105,-109.224719101124
16,2651,-112,-92.15
16,2652,-67,-37.6973684210526
16,2653,-118,-37.6973684210526
16,2654,-55,-37.6973684210526
16,2655,-6,-19.5
16,2656,-24,2.21875
16,2657,4,-19.1136363636364
16,2658,2,1.16112531969309
16,2659,30,1.16112531969309
16,2660,154,75.9047619047619
16,2661,311,182.070512820513
16,2662,208,-67.9473684210526
16,2663,-361,-234.114864864865
16,2664,-154,-154.969696969697
16,2665,48,13.9333333333333
16,2666,88,-17.9166666666667
16,2667,-79,-17.9166666666667
16,2668,65,-37.6973684210526
16,2669,-39,26.25
16,2670,111,56
16,2671,465,238.214285714286
16,2672,-113,-67.9473684210526
16,2673,-73,-154.969696969697
16,2674,-223,-109.224719101124
16,2675,-52,-92.15
16,2676,-158,-37.6973684210526
16,2677,-85,-37.6973684210526
16,2678,-105,-19.5
16,2679,-27,-19.5
16,2680,-12,2.21875
16,2681,-4,-19.1136363636364
16,2682,1,1.16112531969309
16,2683,34,1.16112531969309
16,2684,141,75.9047619047619
16,2685,325,182.070512820513
16,2686,213,-67.9473684210526
16,2687,-362,-234.114864864865
16,2688,-178,-154.969696969697
16,2689,49,13.9333333333333
16,2690,37,-17.9166666666667
16,2691,19,-14.6764705882353
16,2692,14,-14.6764705882353
16,2693,26,53.4545454545455
16,2694,114,118.86
16,2695,429,238.214285714286
16,2696,-44,-67.9473684210526
16,2697,-244,-154.969696969697
16,2698,-144,-109.224719101124
16,2699,-98,-92.15
16,2700,-95,-37.6973684210526
16,2701,-70,-37.6973684210526
16,2702,-78,-37.6973684210526
16,2703,-43,-19.5
16,2704,-36,-19.5
16,2705,-10,-19.5
16,2706,9,1.16112531969309
16,2707,19,1.16112531969309
16,2708,118,75.9047619047619
16,2709,279,182.070512820513
16,2710,223,-67.9473684210526
16,2711,-287,-234.114864864865
16,2712,-150,-154.969696969697
16,2713,70,13.9333333333333
16,2714,117,-17.9166666666667
16,2715,-10,-17.9166666666667
16,2716,-17,-41.0909090909091
16,2717,1,-19.1136363636364
16,2718,181,118.86
16,2719,265,238.214285714286
16,2720,-130,-67.9473684210526
16,2721,-226,-154.969696969697
16,2722,-82,-109.224719101124
16,2723,-52,-92.15
16,2724,-12,-37.6973684210526
16,2725,-99,-19.1136363636364
16,2726,-85,-19.5
16,2727,-42,-19.5
16,2728,-28,-19.5
16,2729,-40,-19.1136363636364
16,2730,-19,-37.6973684210526
16,2731,15,-19.1136363636364
16,2732,24,75.9047619047619
16,2733,31,75.9047619047619
16,2734,126,75.9047619047619
16,2735,163,-29.7
16,2736,68,-67.9473684210526
16,2737,131,-111.547619047619
16,2738,37,-65.7692307692308
16,2739,14,-111.547619047619
16,2740,-44,25.84375
16,2741,10,-37.6973684210526
16,2742,-41,1.16112531969309
16,2743,51,-37.6973684210526
16,2744,-22,-17.9166666666667
16,2745,-110,-19.1136363636364
16,2746,-109,-37.6973684210526
16,2747,-62,-37.6973684210526
16,2748,-10,-37.6973684210526
16,2749,-97,1.16112531969309
16,2750,-35,-37.6973684210526
16,2751,-60,-19.5
16,2752,-14,-19.5
16,2753,-46,-19.1136363636364
16,2754,-10,-37.6973684210526
16,2755,-1,1.16112531969309
16,2756,6,1.16112531969309
16,2757,25,1.16112531969309
16,2758,71,75.9047619047619
16,2759,155,154.955357142857
16,2760,162,182.070512820513
16,2761,110,-234.114864864865
16,2762,69,-234.114864864865
16,2763,-1,26.25
16,2764,-32,1.16112531969309
16,2765,-119,-37.6973684210526
16,2766,117,-37.6973684210526
16,2767,13,-17.9166666666667
16,2768,-80,-41.0909090909091
16,2769,-123,-37.6973684210526
16,2770,-88,-37.6973684210526
16,2771,-56,56
16,2772,-93,-37.6973684210526
16,2773,-45,-37.6973684210526
16,2774,-68,-19.5
16,2775,-26,-19.5
16,2776,-5,-19.1136363636364
16,2777,-5,1.16112531969309
16,2778,5,1.16112531969309
16,2779,14,1.16112531969309
16,2780,14,75.9047619047619
16,2781,108,75.9047619047619
16,2782,329,154.955357142857
16,2783,-224,145.305555555556
16,2784,-159,-154.969696969697
16,2785,30,13.9333333333333
16,2786,47,25.84375
16,2787,57,-17.9166666666667
16,2788,-6,26.25
16,2789,18,1.16112531969309
16,2790,95,25.84375
16,2791,391,188.48
16,2792,-81,-17.9166666666667
16,2793,-179,-154.969696969697
16,2794,-101,-109.224719101124
16,2795,-89,-92.15
16,2796,-109,-37.6973684210526
16,2797,-90,-37.6973684210526
16,2798,-39,-19.5
16,2799,-21,-19.5
16,2800,1,2.21875
16,2801,-7,1.16112531969309
16,2802,2,1.16112531969309
16,2803,27,1.16112531969309
16,2804,124,75.9047619047619
16,2805,319,182.070512820513
16,2806,193,-67.9473684210526
16,2807,-345,-234.114864864865
16,2808,-148,-154.969696969697
16,2809,50,13.9333333333333
16,2810,62,-17.9166666666667
16,2811,-20,-17.9166666666667
16,2812,-45,-19.1136363636364
16,2813,32,56
16,2814,75,118.86
16,2815,477,238.214285714286
16,2816,-16,-65.7692307692308
16,2817,-281,-154.969696969697
16,2818,-56,-109.224719101124
16,2819,-182,-92.15
16,2820,15,-37.6973684210526
16,2821,-166,-14.6764705882353
16,2822,-72,-37.6973684210526
16,2823,-26,-19.5
16,2824,-21,53.4545454545455
16,2825,2,-19.1136363636364
16,2826,-1,1.16112531969309
16,2827,32,1.16112531969309
16,2828,126,25.84375
16,2829,299,259.882352941176
16,2830,179,-67.9473684210526
16,2831,-327,-234.114864864865
16,2832,-149,-111.547619047619
16,2833,21,13.9333333333333
16,2834,-8,25.84375
16,2835,31,1.16112531969309
16,2836,-21,-14.6764705882353
16,2837,-11,-19.1136363636364
16,2838,156,118.86
16,2839,356,238.214285714286
16,2840,-19,-67.9473684210526
16,2841,-133,-154.969696969697
16,2842,-132,-109.224719101124
16,2843,-63,-92.15
16,2844,-87,-37.6973684210526
16,2845,-134,-37.6973684210526
16,2846,-54,-37.6973684210526
16,2847,-51,-19.5
16,2848,0,-19.5
16,2849,-7,1.16112531969309
16,2850,1,1.16112531969309
16,2851,28,1.16112531969309
16,2852,110,75.9047619047619
16,2853,313,259.882352941176
16,2854,127,182.070512820513
16,2855,-334,-234.114864864865
16,2856,-106,-111.547619047619
16,2857,11,-92.15
16,2858,54,25.84375
16,2859,-43,-17.9166666666667
16,2860,4,-37.6973684210526
16,2861,18,1.16112531969309
16,2862,126,118.86
16,2863,295,259.882352941176
16,2864,25,-67.9473684210526
16,2865,-141,-154.969696969697
16,2866,-63,-109.224719101124
16,2867,-125,-92.15
16,2868,-68,-37.6973684210526
16,2869,-97,-37.6973684210526
16,2870,-53,-37.6973684210526
16,2871,-62,-19.5
16,2872,-19,-19.5
16,2873,-5,-19.1136363636364
16,2874,3,1.16112531969309
16,2875,28,1.16112531969309
16,2876,84,75.9047619047619
16,2877,237,182.070512820513
16,2878,254,182.070512820513
16,2879,-280,-234.114864864865
16,2880,-148,-154.969696969697
16,2881,51,13.9333333333333
16,2882,18,-17.9166666666667
16,2883,46,-14.6764705882353
16,2884,-37,26.25
16,2885,21,56
16,2886,96,118.86
16,2887,266,238.214285714286
16,2888,-141,-17.9166666666667
16,2889,-143,-154.969696969697
16,2890,-160,-109.224719101124
16,2891,15,-92.15
16,2892,-20,75.9047619047619
16,2893,-23,-19.1136363636364
16,2894,-58,-19.1136363636364
16,2895,7,56
16,2896,-30,118.86
16,2897,-51,-19.1136363636364
16,2898,-23,-37.6973684210526
16,2899,-7,-19.1136363636364
16,2900,35,1.16112531969309
16,2901,31,75.9047619047619
16,2902,89,75.9047619047619
16,2903,165,182.070512820513
16,2904,162,-29.7
16,2905,22,-234.114864864865
16,2906,86,-111.547619047619
16,2907,-38,26.25
16,2908,45,-37.6973684210526
16,2909,-126,-14.6764705882353
16,2910,30,-37.6973684210526
16,2911,17,-14.6764705882353
16,2912,-49,53.4545454545455
16,2913,-56,-37.6973684210526
16,2914,-39,-37.6973684210526
16,2915,-64,56
16,2916,-43,-37.6973684210526
16,2917,-54,-37.6973684210526
16,2918,-62,-37.6973684210526
16,2919,-36,-37.6973684210526
16,2920,-13,-37.6973684210526
16,2921,-54,-19.1136363636364
16,2922,-47,-37.6973684210526
16,2923,-5,-37.6973684210526
16,2924,17,1.16112531969309
16,2925,46,75.9047619047619
16,2926,70,182.070512820513
16,2927,91,154.955357142857
16,2928,220,85.7833333333333
16,2929,54,-29.7
16,2930,50,-154.969696969697
16,2931,29,26.25
16,2932,-34,-14.6764705882353
16,2933,-64,-37.6973684210526
16,2934,-26,-37.6973684210526
16,2935,71,-19.1136363636364
16,2936,2,-17.9166666666667
16,2937,-111,2.21875
16,2938,-91,-37.6973684210526
16,2939,-79,56
16,2940,-75,-37.6973684210526
16,2941,-91,-37.6973684210526
16,2942,-19,-37.6973684210526
16,2943,-37,-19.1136363636364
16,2944,-17,-19.5
16,2945,-9,-19.1136363636364
16,2946,-1,1.16112531969309
16,2947,39,1.16112531969309
16,2948,115,75.9047619047619
16,2949,327,154.955357142857
16,2950,123,-175.6
16,2951,-340,-234.114864864865
16,2952,-84,-41.0909090909091
16,2953,-3,-92.15
16,2954,89,1.16112531969309
16,2955,-10,-17.9166666666667
16,2956,-9,1.16112531969309
16,2957,-18,1.16112531969309
16,2958,181,118.86
16,2959,419,259.882352941176
16,2960,-42,-67.9473684210526
16,2961,-209,-154.969696969697
16,2962,-107,-109.224719101124
16,2963,-144,-92.15
16,2964,-144,-37.6973684210526
16,2965,-84,-37.6973684210526
16,2966,-66,-37.6973684210526
16,2967,-7,-19.5
16,2968,-21,2.21875
16,2969,0,-19.1136363636364
16,2970,1,1.16112531969309
16,2971,29,1.16112531969309
16,2972,149,75.9047619047619
16,2973,364,182.070512820513
16,2974,104,-67.9473684210526
16,2975,-328,-234.114864864865
16,2976,-138,-109.224719101124
16,2977,45,-92.15
16,2978,73,25.84375
16,2979,-2,-17.9166666666667
16,2980,-39,1.16112531969309
16,2981,50,56
16,2982,99,85.7833333333333
16,2983,484,259.882352941176
16,2984,-76,-65.7692307692308
16,2985,-212,-154.969696969697
16,2986,-107,-109.224719101124
16,2987,-177,-92.15
16,2988,-83,-37.6973684210526
16,2989,-114,-37.6973684210526
16,2990,-77,-19.5
16,2991,-31,-19.5
16,2992,-9,-19.5
16,2993,-6,1.16112531969309
16,2994,3,1.16112531969309
16,2995,25,1.16112531969309
16,2996,164,75.9047619047619
16,2997,327,182.070512820513
16,2998,160,-67.9473684210526
16,2999,-405,-234.114864864865
16,3000,-110,-111.547619047619
16,3001,37,-92.15
16,3002,113,25.84375
16,3003,-1,-17.9166666666667
16,3004,-51,-41.0909090909091
16,3005,-21,56
16,3006,143,118.86
16,3007,451,238.214285714286
16,3008,-39,-67.9473684210526
16,3009,-161,-154.969696969697
16,3010,-198,-109.224719101124
16,3011,-78,-92.15
16,3012,-70,-37.6973684210526
16,3013,-138,-37.6973684210526
16,3014,-105,-37.6973684210526
16,3015,-29,-19.5
16,3016,-12,2.21875
16,3017,-6,-19.1136363636364
16,3018,4,1.16112531969309
16,3019,36,1.16112531969309
16,3020,146,75.9047619047619
16,3021,315,259.882352941176
16,3022,109,-67.9473684210526
16,3023,-266,-234.114864864865
16,3024,-167,-109.224719101124
16,3025,27,-92.15
16,3026,65,-14.6764705882353
16,3027,-40,-17.9166666666667
16,3028,18,-37.6973684210526
16,3029,-35,53.4545454545455
16,3030,168,56
16,3031,318,259.882352941176
16,3032,-8,-67.9473684210526
16,3033,-126,-154.969696969697
16,3034,-101,-109.224719101124
16,3035,-72,-92.15
16,3036,-124,-37.6973684210526
16,3037,-103,-37.6973684210526
16,3038,-57,-37.6973684210526
16,3039,-72,-19.5
16,3040,-24,-19.5
16,3041,-10,-19.1136363636364
16,3042,2,1.16112531969309
16,3043,35,1.16112531969309
16,3044,118,75.9047619047619
16,3045,217,182.070512820513
16,3046,244,-67.9473684210526
16,3047,-324,-234.114864864865
16,3048,-129,-154.969696969697
16,3049,17,13.9333333333333
16,3050,38,-14.6764705882353
16,3051,13,-14.6764705882353
16,3052,-6,-14.6764705882353
16,3053,-3,1.16112531969309
16,3054,121,118.86
16,3055,188,238.214285714286
16,3056,-75,-67.9473684210526
16,3057,-101,-111.547619047619
16,3058,-55,-109.224719101124
16,3059,-72,-37.6973684210526
16,3060,-73,-37.6973684210526
16,3061,-115,-37.6973684210526
16,3062,21,-19.5
16,3063,-11,25.84375
16,3064,3,2.21875
16,3065,-38,1.16112531969309
16,3066,-5,56
16,3067,-8,1.16112531969309
16,3068,32,1.16112531969309
16,3069,50,75.9047619047619
16,3070,102,154.955357142857
16,3071,81,-128.409090909091
16,3072,129,85.7833333333333
16,3073,48,-128.409090909091
16,3074,19,-111.547619047619
16,3075,-43,75.9047619047619
16,3076,-19,-37.6973684210526
16,3077,-5,-19.1136363636364
16,3078,-31,1.16112531969309
16,3079,-11,-37.6973684210526
16,3080,-23,1.16112531969309
16,3081,35,53.4545454545455
16,3082,-82,25.84375
16,3083,-79,-37.6973684210526
16,3084,-41,-37.6973684210526
16,3085,-20,-37.6973684210526
16,3086,-3,-19.1136363636364
16,3087,-56,1.16112531969309
16,3088,-3,-19.5
16,3089,-57,1.16112531969309
16,3090,-29,-37.6973684210526
16,3091,6,-19.1136363636364
16,3092,17,1.16112531969309
16,3093,23,75.9047619047619
16,3094,92,25.84375
16,3095,77,145.305555555556
16,3096,147,85.7833333333333
16,3097,11,-29.7
16,3098,56,-111.547619047619
16,3099,-13,26.25
16,3100,24,-19.1136363636364
16,3101,-99,-14.6764705882353
16,3102,-32,-37.6973684210526
16,3103,100,-37.6973684210526
16,3104,-43,-17.9166666666667
16,3105,12,-37.6973684210526
16,3106,-50,25.84375
16,3107,-74,56
16,3108,-107,-37.6973684210526
16,3109,-41,-37.6973684210526
16,3110,-67,-37.6973684210526
16,3111,-26,-37.6973684210526
16,3112,-2,-19.1136363636364
16,3113,-10,1.16112531969309
16,3114,7,1.16112531969309
16,3115,28,1.16112531969309
16,3116,96,75.9047619047619
16,3117,262,182.070512820513
16,3118,170,154.955357142857
16,3119,-273,-234.114864864865
16,3120,-121,-111.547619047619
16,3121,27,-92.15
16,3122,56,25.84375
16,3123,-21,-17.9166666666667
16,3124,-6,-19.1136363636364
16,3125,4,1.16112531969309
16,3126,131,118.86
16,3127,382,238.214285714286
16,3128,-17,-67.9473684210526
16,3129,-149,-154.969696969697
16,3130,-186,-109.224719101124
16,3131,-137,-92.15
16,3132,-70,-37.6973684210526
16,3133,-86,-37.6973684210526
16,3134,-49,-37.6973684210526
16,3135,-39,-19.5
16,3136,-4,-19.5
16,3137,-8,1.16112531969309
16,3138,4,1.16112531969309
16,3139,29,1.16112531969309
16,3140,119,75.9047619047619
16,3141,329,182.070512820513
16,3142,163,-67.9473684210526
16,3143,-374,-234.114864864865
16,3144,-63,-111.547619047619
16,3145,8,-92.15
16,3146,55,1.16112531969309
16,3147,11,-17.9166666666667
16,3148,27,-14.6764705882353
16,3149,91,-14.6764705882353
16,3150,126,85.7833333333333
16,3151,195,238.214285714286
16,3152,-95,-234.114864864865
16,3153,-130,-154.969696969697
16,3154,-121,-109.224719101124
16,3155,-180,-37.6973684210526
16,3156,-19,-37.6973684210526
16,3157,-6,-19.1136363636364
16,3158,-12,1.16112531969309
16,3159,-36,-19.1136363636364
16,3160,-30,-19.5
16,3161,-61,-19.1136363636364
16,3162,-16,-37.6973684210526
16,3163,3,-19.1136363636364
16,3164,13,1.16112531969309
16,3165,40,25.84375
16,3166,81,75.9047619047619
16,3167,140,182.070512820513
16,3168,154,-29.7
16,3169,38,-234.114864864865
16,3170,9,-111.547619047619
16,3171,5,1.16112531969309
16,3172,48,1.16112531969309
16,3173,-93,-17.9166666666667
16,3174,-65,-37.6973684210526
16,3175,25,-37.6973684210526
16,3176,16,118.86
16,3177,2,2.21875
16,3178,119,1.16112531969309
16,3179,33,50.5
16,3180,-82,-41.0909090909091
16,3181,-319,-37.6973684210526
16,3182,-95,-37.6973684210526
16,3183,-58,-37.6973684210526
16,3184,-12,-37.6973684210526
16,3185,-11,-19.1136363636364
16,3186,0,1.16112531969309
16,3187,22,1.16112531969309
16,3188,104,75.9047619047619
16,3189,210,259.882352941176
16,3190,207,182.070512820513
16,3191,-257,-234.114864864865
16,3192,-107,-154.969696969697
16,3193,58,13.9333333333333
16,3194,32,-17.9166666666667
16,3195,34,-14.6764705882353
16,3196,-69,-14.6764705882353
16,3197,13,56
16,3198,179,118.86
16,3199,256,238.214285714286
16,3200,-82,-67.9473684210526
16,3201,-104,-154.969696969697
16,3202,-182,-109.224719101124
16,3203,2,-37.6973684210526
16,3204,-98,1.16112531969309
16,3205,-94,-37.6973684210526
16,3206,-29,-19.5
16,3207,-73,53.4545454545455
16,3208,-12,-19.5
16,3209,-10,-19.1136363636364
16,3210,-1,1.16112531969309
16,3211,29,1.16112531969309
16,3212,96,75.9047619047619
16,3213,222,154.955357142857
16,3214,232,182.070512820513
16,3215,-281,-234.114864864865
16,3216,-94,-154.969696969697
16,3217,23,13.9333333333333
16,3218,98,25.84375
16,3219,-38,-17.9166666666667
16,3220,-18,-37.6973684210526
16,3221,10,-19.1136363636364
16,3222,84,118.86
16,3223,207,238.214285714286
16,3224,-16,-17.9166666666667
16,3225,-142,-154.969696969697
16,3226,-82,-109.224719101124
16,3227,-36,-37.6973684210526
16,3228,-12,-37.6973684210526
16,3229,-124,-19.1136363636364
16,3230,-14,-37.6973684210526
16,3231,-79,-19.1136363636364
16,3232,-13,-19.5
16,3233,-27,-19.1136363636364
16,3234,-15,-19.1136363636364
16,3235,-2,-19.1136363636364
16,3236,17,1.16112531969309
16,3237,40,75.9047619047619
16,3238,81,75.9047619047619
16,3239,104,154.955357142857
16,3240,69,85.7833333333333
16,3241,42,85.7833333333333
16,3242,-25,75.9047619047619
16,3243,18,-19.1136363636364
16,3244,-52,-14.6764705882353
16,3245,-2,-37.6973684210526
16,3246,-12,1.16112531969309
16,3247,-15,-19.1136363636364
16,3248,-2,-19.1136363636364
16,3249,10,1.16112531969309
16,3250,-11,1.16112531969309
16,3251,-75,1.16112531969309
16,3252,19,-37.6973684210526
16,3253,-72,25.84375
16,3254,-1,-37.6973684210526
16,3255,-23,1.16112531969309
16,3256,-54,-19.1136363636364
16,3257,-35,-19.5
16,3258,-22,-37.6973684210526
16,3259,-7,-19.1136363636364
16,3260,15,1.16112531969309
16,3261,31,75.9047619047619
16,3262,78,25.84375
16,3263,112,182.070512820513
16,3264,77,85.7833333333333
16,3265,70,-41.0909090909091
16,3266,-13,85.7833333333333
16,3267,-39,-19.1136363636364
16,3268,-25,-37.6973684210526
16,3269,-14,-19.1136363636364
16,3270,-7,-19.1136363636364
16,3271,-21,1.16112531969309
16,3272,-17,-19.1136363636364
16,3273,-3,-19.1136363636364
16,3274,35,1.16112531969309
16,3275,-78,75.9047619047619
16,3276,-85,-37.6973684210526
16,3277,1,-37.6973684210526
16,3278,-84,1.16112531969309
16,3279,-21,-37.6973684210526
16,3280,-13,-19.1136363636364
16,3281,0,-19.1136363636364
16,3282,-3,1.16112531969309
16,3283,26,1.16112531969309
16,3284,64,75.9047619047619
16,3285,138,182.070512820513
16,3286,225,154.955357142857
16,3287,-92,-234.114864864865
16,3288,-188,-154.969696969697
16,3289,41,-109.224719101124
16,3290,50,25.84375
16,3291,-11,-17.9166666666667
16,3292,-13,1.16112531969309
16,3293,38,-19.1136363636364
16,3294,133,118.86
16,3295,436,87.3333333333333
16,3296,23,-67.9473684210526
16,3297,-241,-154.969696969697
16,3298,-184,-109.224719101124
16,3299,-116,-92.15
16,3300,-107,-37.6973684210526
16,3301,-93,-37.6973684210526
16,3302,-62,-37.6973684210526
16,3303,-54,-19.5
16,3304,1,-19.5
16,3305,-13,1.16112531969309
16,3306,1,-19.1136363636364
16,3307,38,1.16112531969309
16,3308,145,75.9047619047619
16,3309,333,182.070512820513
16,3310,129,-67.9473684210526
16,3311,-318,-234.114864864865
16,3312,-141,-111.547619047619
16,3313,59,-92.15
16,3314,23,-17.9166666666667
16,3315,8,-14.6764705882353
16,3316,-38,1.16112531969309
16,3317,23,56
16,3318,170,118.86
16,3319,437,259.882352941176
16,3320,-53,-67.9473684210526
16,3321,-405,-154.969696969697
16,3322,-330,-109.224719101124
16,3323,6,-92.15
16,3324,49,1.16112531969309
16,3325,-36,-17.9166666666667
16,3326,-59,-37.6973684210526
16,3327,-30,56
16,3328,-9,118.86
16,3329,0,1.16112531969309
16,3330,2,1.16112531969309
16,3331,34,1.16112531969309
16,3332,144,25.84375
16,3333,312,182.070512820513
16,3334,177,-67.9473684210526
16,3335,-346,-234.114864864865
16,3336,-133,-111.547619047619
16,3337,34,13.9333333333333
16,3338,63,-14.6764705882353
16,3339,-19,-17.9166666666667
16,3340,-32,-19.1136363636364
16,3341,35,56
16,3342,135,118.86
16,3343,419,238.214285714286
16,3344,-16,-67.9473684210526
16,3345,-181,-154.969696969697
16,3346,-150,-109.224719101124
16,3347,-92,-92.15
16,3348,-147,-37.6973684210526
16,3349,-92,-37.6973684210526
16,3350,-96,-37.6973684210526
16,3351,-35,-19.5
16,3352,-12,-19.5
16,3353,1,-19.1136363636364
16,3354,-5,1.16112531969309
16,3355,39,1.16112531969309
16,3356,134,75.9047619047619
16,3357,334,182.070512820513
16,3358,190,-175.6
16,3359,-375,-234.114864864865
16,3360,-113,-154.969696969697
16,3361,1,13.9333333333333
16,3362,77,1.16112531969309
16,3363,-15,-17.9166666666667
16,3364,-68,-19.1136363636364
16,3365,62,-19.5
16,3366,168,85.7833333333333
16,3367,356,238.214285714286
16,3368,30,-234.114864864865
16,3369,-196,-154.969696969697
16,3370,-115,-109.224719101124
16,3371,-141,-92.15
16,3372,-55,-37.6973684210526
16,3373,-107,-37.6973684210526
16,3374,-116,-37.6973684210526
16,3375,-36,-19.5
16,3376,-42,-19.5
16,3377,-8,-19.5
16,3378,2,1.16112531969309
16,3379,23,1.16112531969309
16,3380,93,75.9047619047619
16,3381,253,182.070512820513
16,3382,333,182.070512820513
16,3383,-299,-234.114864864865
16,3384,-146,-154.969696969697
16,3385,20,13.9333333333333
16,3386,91,25.84375
16,3387,-5,-17.9166666666667
16,3388,-5,1.16112531969309
16,3389,-16,1.16112531969309
16,3390,139,118.86
16,3391,343,238.214285714286
16,3392,-204,-67.9473684210526
16,3393,-143,-154.969696969697
16,3394,-99,13.9333333333333
16,3395,-90,-92.15
16,3396,-36,-37.6973684210526
16,3397,-51,-37.6973684210526
16,3398,-21,-19.5
16,3399,-73,2.21875
16,3400,-17,-19.5
16,3401,-61,-19.1136363636364
16,3402,-31,-37.6973684210526
16,3403,-4,-37.6973684210526
16,3404,30,1.16112531969309
16,3405,13,75.9047619047619
16,3406,103,75.9047619047619
16,3407,131,154.955357142857
16,3408,119,-29.7
16,3409,38,-234.114864864865
16,3410,60,-41.0909090909091
16,3411,92,26.25
16,3412,41,-65.7692307692308
16,3413,-72,-14.6764705882353
16,3414,6,-37.6973684210526
16,3415,-108,1.16112531969309
16,3416,-107,-37.6973684210526
16,3417,80,-37.6973684210526
16,3418,-75,-17.9166666666667
16,3419,-87,-19.5
16,3420,-44,-37.6973684210526
16,3421,-14,56
16,3422,-24,-19.1136363636364
16,3423,-19,-19.1136363636364
16,3424,-53,-19.1136363636364
16,3425,-58,-19.5
16,3426,-38,-37.6973684210526
16,3427,-10,-37.6973684210526
16,3428,6,1.16112531969309
16,3429,32,1.16112531969309
16,3430,86,75.9047619047619
16,3431,88,182.070512820513
16,3432,161,182.070512820513
16,3433,69,-29.7
16,3434,38,-111.547619047619
16,3435,-9,75.9047619047619
16,3436,-4,1.16112531969309
16,3437,13,1.16112531969309
16,3438,6,-14.6764705882353
16,3439,-59,1.16112531969309
16,3440,-124,-37.6973684210526
16,3441,0,-37.6973684210526
16,3442,-18,1.16112531969309
16,3443,-71,-19.1136363636364
16,3444,-93,-37.6973684210526
16,3445,-39,-37.6973684210526
16,3446,-48,-19.5
16,3447,-32,-37.6973684210526
16,3448,4,-37.6973684210526
16,3449,-9,1.16112531969309
16,3450,6,1.16112531969309
16,3451,38,1.16112531969309
16,3452,90,75.9047619047619
16,3453,343,182.070512820513
16,3454,184,182.070512820513
16,3455,-319,-234.114864864865
16,3456,-162,-111.547619047619
16,3457,-4,13.9333333333333
16,3458,55,1.16112531969309
16,3459,2,-17.9166666666667
16,3460,-27,1.16112531969309
16,3461,25,-19.1136363636364
16,3462,149,118.86
16,3463,369,238.214285714286
16,3464,39,-67.9473684210526
16,3465,-199,-154.969696969697
16,3466,-141,-109.224719101124
16,3467,-126,-92.15
16,3468,-44,-37.6973684210526
16,3469,-118,-37.6973684210526
16,3470,-113,-37.6973684210526
16,3471,-28,-19.5
16,3472,-18,2.21875
16,3473,-4,-19.1136363636364
16,3474,4,1.16112531969309
16,3475,31,1.16112531969309
16,3476,175,75.9047619047619
16,3477,313,182.070512820513
16,3478,135,-67.9473684210526
16,3479,-341,-234.114864864865
16,3480,-161,-111.547619047619
16,3481,47,-92.15
16,3482,48,-17.9166666666667
16,3483,-33,-17.9166666666667
16,3484,-7,-37.6973684210526
16,3485,30,53.4545454545455
16,3486,137,118.86
16,3487,389,259.882352941176
16,3488,2,-67.9473684210526
16,3489,-225,-154.969696969697
16,3490,-120,-109.224719101124
16,3491,-94,-92.15
16,3492,-89,-37.6973684210526
16,3493,-83,-37.6973684210526
16,3494,-108,-37.6973684210526
16,3495,-37,-19.5
16,3496,-8,-19.5
16,3497,-4,1.16112531969309
16,3498,2,1.16112531969309
16,3499,40,1.16112531969309
16,3500,116,75.9047619047619
16,3501,333,182.070512820513
16,3502,184,-175.6
16,3503,-382,-234.114864864865
16,3504,-159,-111.547619047619
16,3505,45,13.9333333333333
16,3506,19,-14.6764705882353
16,3507,1,-14.6764705882353
16,3508,-33,1.16112531969309
16,3509,24,56
16,3510,30,118.86
16,3511,146,118.86
16,3512,273,-17.9166666666667
16,3513,-127,-67.9473684210526
16,3514,-150,-154.969696969697
16,3515,-47,-109.224719101124
16,3516,-31,-92.15
16,3517,-157,-37.6973684210526
16,3518,-65,-37.6973684210526
16,3519,-41,-19.5
16,3520,-18,-19.5
16,3521,-2,2.21875
16,3522,3,1.16112531969309
16,3523,32,1.16112531969309
16,3524,112,75.9047619047619
16,3525,321,259.882352941176
16,3526,184,-67.9473684210526
16,3527,-339,-234.114864864865
16,3528,-120,-111.547619047619
16,3529,18,13.9333333333333
16,3530,58,25.84375
16,3531,-20,-17.9166666666667
16,3532,-57,-19.1136363636364
16,3533,95,56
16,3534,66,85.7833333333333
16,3535,413,238.214285714286
16,3536,6,-65.7692307692308
16,3537,-244,-154.969696969697
16,3538,-28,-109.224719101124
16,3539,-173,-19.1136363636364
16,3540,-264,-37.6973684210526
16,3541,-3,-37.6973684210526
16,3542,-31,1.16112531969309
16,3543,-23,-19.5
16,3544,8,2.21875
16,3545,17,1.16112531969309
16,3546,-27,75.9047619047619
16,3547,33,-19.1136363636364
16,3548,84,75.9047619047619
16,3549,234,85.7833333333333
16,3550,331,87.3333333333333
16,3551,-318,-234.114864864865
16,3552,-140,-154.969696969697
16,3553,-21,13.9333333333333
16,3554,62,-19.1136363636364
16,3555,-118,-17.9166666666667
16,3556,73,-37.6973684210526
16,3557,-13,26.25
16,3558,220,53.4545454545455
16,3559,279,238.214285714286
16,3560,-93,-67.9473684210526
16,3561,-220,-154.969696969697
16,3562,-151,-109.224719101124
16,3563,-129,-92.15
16,3564,13,-37.6973684210526
16,3565,31,75.9047619047619
16,3566,-63,-14.6764705882353
16,3567,-31,-19.5
16,3568,-12,56
16,3569,-35,-19.1136363636364
16,3570,-9,-37.6973684210526
16,3571,1,1.16112531969309
16,3572,-2,1.16112531969309
16,3573,22,1.16112531969309
16,3574,75,75.9047619047619
16,3575,95,154.955357142857
16,3576,61,182.070512820513
16,3577,37,85.7833333333333
16,3578,152,75.9047619047619
16,3579,-103,-65.7692307692308
16,3580,-11,-111.547619047619
16,3581,37,1.16112531969309
16,3582,-54,-14.6764705882353
16,3583,-85,-37.6973684210526
16,3584,-64,-37.6973684210526
16,3585,61,56
16,3586,-24,87.3333333333333
16,3587,-51,2.21875
16,3588,17,-37.6973684210526
16,3589,-31,25.84375
16,3590,-36,-19.5
16,3591,17,-37.6973684210526
16,3592,-8,75.9047619047619
16,3593,-79,1.16112531969309
16,3594,-27,-37.6973684210526
16,3595,-10,-19.1136363636364
16,3596,13,1.16112531969309
16,3597,19,75.9047619047619
16,3598,115,75.9047619047619
16,3599,105,154.955357142857
16,3600,121,-67.9473684210526
16,3601,126,-29.7
16,3602,-1,-234.114864864865
16,3603,122,-41.0909090909091
16,3604,-10,-65.7692307692308
16,3605,8,-41.0909090909091
16,3606,4,1.16112531969309
16,3607,-72,1.16112531969309
16,3608,-41,-37.6973684210526
16,3609,7,-37.6973684210526
16,3610,-144,1.16112531969309
16,3611,-33,-37.6973684210526
16,3612,-154,-37.6973684210526
16,3613,-68,56
16,3614,-76,-37.6973684210526
16,3615,-20,-37.6973684210526
16,3616,-10,-19.1136363636364
16,3617,-15,1.16112531969309
16,3618,6,-19.1136363636364
16,3619,43,1.16112531969309
16,3620,106,75.9047619047619
16,3621,264,182.070512820513
16,3622,317,154.955357142857
16,3623,-393,-234.114864864865
16,3624,-145,-154.969696969697
16,3625,-2,13.9333333333333
16,3626,116,1.16112531969309
16,3627,-74,-17.9166666666667
16,3628,31,-41.0909090909091
16,3629,10,-14.6764705882353
16,3630,176,118.86
16,3631,390,238.214285714286
16,3632,-106,-67.9473684210526
16,3633,-159,-154.969696969697
16,3634,-179,-109.224719101124
16,3635,-107,-92.15
16,3636,-87,-37.6973684210526
16,3637,-95,-37.6973684210526
16,3638,-50,-19.5
16,3639,-47,-19.5
16,3640,-1,-19.5
16,3641,-10,1.16112531969309
16,3642,0,1.16112531969309
16,3643,44,1.16112531969309
16,3644,140,75.9047619047619
16,3645,326,182.070512820513
16,3646,227,-175.6
16,3647,-404,-234.114864864865
16,3648,-121,-154.969696969697
16,3649,-17,13.9333333333333
16,3650,28,-19.1136363636364
16,3651,44,-14.6764705882353
16,3652,-29,-14.6764705882353
16,3653,41,53.4545454545455
16,3654,170,53.4545454545455
16,3655,414,238.214285714286
16,3656,8,-175.6
16,3657,-245,-154.969696969697
16,3658,-109,-109.224719101124
16,3659,-145,-92.15
16,3660,-109,-37.6973684210526
16,3661,-77,-37.6973684210526
16,3662,-126,-37.6973684210526
16,3663,-38,-19.5
16,3664,-16,-19.5
16,3665,0,-19.1136363636364
16,3666,-8,1.16112531969309
16,3667,55,1.16112531969309
16,3668,131,182.070512820513
16,3669,317,182.070512820513
16,3670,281,-234.114864864865
16,3671,-446,-234.114864864865
16,3672,-111,-154.969696969697
16,3673,50,13.9333333333333
16,3674,29,-17.9166666666667
16,3675,2,-14.6764705882353
16,3676,-65,1.16112531969309
16,3677,70,56
16,3678,167,85.7833333333333
16,3679,429,238.214285714286
16,3680,-22,-234.114864864865
16,3681,-193,-154.969696969697
16,3682,-131,-109.224719101124
16,3683,-170,-92.15
16,3684,-119,-37.6973684210526
16,3685,-39,-37.6973684210526
16,3686,-147,-37.6973684210526
16,3687,-63,-19.5
16,3688,-8,-19.5
16,3689,-13,1.16112531969309
16,3690,-4,-19.1136363636364
16,3691,38,1.16112531969309
16,3692,139,75.9047619047619
16,3693,314,182.070512820513
16,3694,234,-67.9473684210526
16,3695,-385,-234.114864864865
16,3696,-122,-154.969696969697
16,3697,-10,13.9333333333333
16,3698,67,1.16112531969309
16,3699,-37,-17.9166666666667
16,3700,-29,-37.6973684210526
16,3701,25,53.4545454545455
16,3702,136,53.4545454545455
16,3703,364,238.214285714286
16,3704,-50,-67.9473684210526
16,3705,-74,-154.969696969697
16,3706,-168,-109.224719101124
16,3707,-175,-92.15
16,3708,-37,-37.6973684210526
16,3709,-89,-37.6973684210526
16,3710,-48,-37.6973684210526
16,3711,-43,-19.5
16,3712,-28,-19.5
16,3713,-14,-19.1136363636364
16,3714,-4,-19.1136363636364
16,3715,29,1.16112531969309
16,3716,102,75.9047619047619
16,3717,271,182.070512820513
16,3718,266,182.070512820513
16,3719,-313,-234.114864864865
16,3720,-132,-154.969696969697
16,3721,20,13.9333333333333
16,3722,48,25.84375
16,3723,15,-17.9166666666667
16,3724,12,-14.6764705882353
16,3725,-3,-14.6764705882353
16,3726,176,118.86
16,3727,200,238.214285714286
16,3728,-77,-67.9473684210526
16,3729,-106,-154.969696969697
16,3730,-162,-109.224719101124
16,3731,-94,-37.6973684210526
16,3732,-61,-37.6973684210526
16,3733,-10,-37.6973684210526
16,3734,2,1.16112531969309
16,3735,-111,2.21875
16,3736,10,-19.5
16,3737,-47,1.16112531969309
16,3738,-32,-37.6973684210526
16,3739,3,-37.6973684210526
16,3740,36,1.16112531969309
16,3741,26,75.9047619047619
16,3742,87,25.84375
16,3743,174,26.25
16,3744,58,-29.7
16,3745,62,-111.547619047619
16,3746,30,26.25
16,3747,11,-14.6764705882353
16,3748,-4,25.84375
16,3749,3,1.16112531969309
16,3750,-10,1.16112531969309
16,3751,-8,1.16112531969309
16,3752,2,118.86
16,3753,-143,1.16112531969309
16,3754,-105,-37.6973684210526
16,3755,67,-37.6973684210526
16,3756,-24,145.305555555556
16,3757,-68,-19.1136363636364
16,3758,-20,-37.6973684210526
16,3759,-30,-19.1136363636364
16,3760,-46,-19.1136363636364
16,3761,-57,-37.6973684210526
16,3762,-42,-37.6973684210526
16,3763,4,-19.5
16,3764,1,1.16112531969309
16,3765,22,1.16112531969309
16,3766,87,75.9047619047619
16,3767,99,182.070512820513
16,3768,155,182.070512820513
16,3769,128,-29.7
16,3770,2,-234.114864864865
16,3771,-28,-111.547619047619
16,3772,39,-19.1136363636364
16,3773,-21,-14.6764705882353
16,3774,20,-19.1136363636364
16,3775,10,-14.6764705882353
16,3776,-112,1.16112531969309
16,3777,24,-37.6973684210526
16,3778,-140,25.84375
16,3779,-32,-37.6973684210526
16,3780,-123,-37.6973684210526
16,3781,-48,-37.6973684210526
16,3782,-42,-19.5
16,3783,-39,-37.6973684210526
16,3784,-11,-19.5
16,3785,-5,1.16112531969309
16,3786,2,1.16112531969309
16,3787,42,1.16112531969309
16,3788,114,75.9047619047619
16,3789,308,182.070512820513
16,3790,282,-175.6
16,3791,-458,-234.114864864865
16,3792,-104,-154.969696969697
16,3793,26,13.9333333333333
16,3794,63,-14.6764705882353
16,3795,-52,-17.9166666666667
16,3796,28,-37.6973684210526
16,3797,-18,-14.6764705882353
16,3798,189,118.86
16,3799,402,238.214285714286
16,3800,-15,-67.9473684210526
16,3801,-147,-154.969696969697
16,3802,-203,-109.224719101124
16,3803,-140,-92.15
16,3804,-92,-37.6973684210526
16,3805,-80,-37.6973684210526
16,3806,-112,-37.6973684210526
16,3807,-17,-19.5
16,3808,-13,2.21875
16,3809,-2,-19.1136363636364
16,3810,0,1.16112531969309
16,3811,39,1.16112531969309
16,3812,149,75.9047619047619
16,3813,319,182.070512820513
16,3814,247,-175.6
16,3815,-427,-234.114864864865
16,3816,-106,-154.969696969697
16,3817,-3,13.9333333333333
16,3818,24,1.16112531969309
16,3819,40,-14.6764705882353
16,3820,-28,-14.6764705882353
16,3821,-116,53.4545454545455
16,3822,258,56
16,3823,418,238.214285714286
16,3824,37,-67.9473684210526
16,3825,-243,-154.969696969697
16,3826,-162,-109.224719101124
16,3827,-100,56
16,3828,-95,-37.6973684210526
16,3829,-110,-37.6973684210526
16,3830,-100,-37.6973684210526
16,3831,-14,-19.5
16,3832,-20,2.21875
16,3833,-6,-19.1136363636364
16,3834,-3,1.16112531969309
16,3835,45,1.16112531969309
16,3836,136,75.9047619047619
16,3837,302,182.070512820513
16,3838,194,-175.6
16,3839,-331,-234.114864864865
16,3840,-114,-154.969696969697
16,3841,-2,13.9333333333333
16,3842,50,1.16112531969309
16,3843,-4,-17.9166666666667
16,3844,-17,1.16112531969309
16,3845,32,53.4545454545455
16,3846,184,118.86
16,3847,358,238.214285714286
16,3848,54,-67.9473684210526
16,3849,-239,-154.969696969697
16,3850,-139,-109.224719101124
16,3851,-193,-92.15
16,3852,-32,-37.6973684210526
16,3853,-136,-37.6973684210526
16,3854,-89,-37.6973684210526
16,3855,-21,-19.5
16,3856,-31,2.21875
16,3857,-5,-19.5
16,3858,3,1.16112531969309
16,3859,32,1.16112531969309
16,3860,142,75.9047619047619
16,3861,290,259.882352941176
16,3862,266,-67.9473684210526
16,3863,-396,-234.114864864865
16,3864,-162,-154.969696969697
16,3865,45,13.9333333333333
16,3866,60,25.84375
16,3867,24,-17.9166666666667
16,3868,-85,-14.6764705882353
16,3869,45,56
16,3870,136,118.86
16,3871,459,238.214285714286
16,3872,-98,-175.6
16,3873,-160,-154.969696969697
16,3874,-180,-109.224719101124
16,3875,-85,-92.15
16,3876,-80,-37.6973684210526
16,3877,-85,-37.6973684210526
16,3878,-106,-19.5
16,3879,-28,-19.5
16,3880,-29,2.21875
16,3881,-8,-19.1136363636364
16,3882,6,1.16112531969309
16,3883,25,1.16112531969309
16,3884,126,75.9047619047619
16,3885,258,182.070512820513
16,3886,247,-67.9473684210526
16,3887,-272,-234.114864864865
16,3888,-147,-154.969696969697
16,3889,14,13.9333333333333
16,3890,75,25.84375
16,3891,7,-17.9166666666667
16,3892,-14,1.16112531969309
16,3893,49,-19.1136363636364
16,3894,112,85.7833333333333
16,3895,249,238.214285714286
16,3896,-70,-175.6
16,3897,-202,-154.969696969697
16,3898,-80,-109.224719101124
16,3899,-111,-37.6973684210526
16,3900,-76,-37.6973684210526
16,3901,-6,-37.6973684210526
16,3902,-35,1.16112531969309
16,3903,-39,-19.5
16,3904,-38,-19.5
16,3905,-54,-19.5
16,3906,-17,-19.5
16,3907,4,-19.1136363636364
16,3908,32,1.16112531969309
16,3909,18,25.84375
16,3910,114,75.9047619047619
16,3911,97,182.070512820513
16,3912,118,-67.9473684210526
16,3913,74,85.7833333333333
16,3914,77,-41.0909090909091
16,3915,-20,26.25
16,3916,-55,-19.1136363636364
16,3917,17,-37.6973684210526
16,3918,-39,-14.6764705882353
16,3919,42,-37.6973684210526
16,3920,-2,-14.6764705882353
16,3921,-93,1.16112531969309
16,3922,-85,-37.6973684210526
16,3923,-23,-37.6973684210526
16,3924,-20,-19.1136363636364
16,3925,-47,-19.1136363636364
16,3926,-69,-37.6973684210526
16,3927,-66,-19.5
16,3928,-14,-19.5
16,3929,-32,-19.1136363636364
16,3930,-27,-37.6973684210526
16,3931,5,-19.1136363636364
16,3932,0,1.16112531969309
16,3933,49,1.16112531969309
16,3934,40,182.070512820513
16,3935,121,75.9047619047619
16,3936,135,182.070512820513
16,3937,73,-175.6
16,3938,54,-111.547619047619
16,3939,32,26.25
16,3940,3,-14.6764705882353
16,3941,-76,1.16112531969309
16,3942,-29,-37.6973684210526
16,3943,-39,-19.1136363636364
16,3944,-153,-37.6973684210526
16,3945,-44,-37.6973684210526
16,3946,8,-37.6973684210526
16,3947,15,1.16112531969309
16,3948,-51,25.84375
16,3949,-70,-37.6973684210526
16,3950,-54,56
16,3951,-22,-37.6973684210526
16,3952,-6,-19.1136363636364
16,3953,0,1.16112531969309
16,3954,6,1.16112531969309
16,3955,14,1.16112531969309
16,3956,116,75.9047619047619
16,3957,266,182.070512820513
16,3958,198,-67.9473684210526
16,3959,-329,-234.114864864865
16,3960,-63,-154.969696969697
16,3961,47,13.9333333333333
16,3962,25,-17.9166666666667
16,3963,4,-14.6764705882353
16,3964,-2,1.16112531969309
16,3965,-13,1.16112531969309
16,3966,177,118.86
16,3967,407,238.214285714286
16,3968,-15,-67.9473684210526
16,3969,-203,-154.969696969697
16,3970,-183,-109.224719101124
16,3971,-140,-92.15
16,3972,-110,-37.6973684210526
16,3973,-94,-37.6973684210526
16,3974,-66,-37.6973684210526
16,3975,-29,-19.5
16,3976,-5,2.21875
16,3977,-7,1.16112531969309
16,3978,3,1.16112531969309
16,3979,27,1.16112531969309
16,3980,143,75.9047619047619
16,3981,323,182.070512820513
16,3982,203,-67.9473684210526
16,3983,-378,-234.114864864865
16,3984,-77,-154.969696969697
16,3985,-36,13.9333333333333
16,3986,69,-37.6973684210526
16,3987,-30,-17.9166666666667
16,3988,8,-19.1136363636364
16,3989,45,2.21875
16,3990,139,53.4545454545455
16,3991,423,238.214285714286
16,3992,-54,-175.6
16,3993,-204,-154.969696969697
16,3994,-162,-109.224719101124
16,3995,-131,-92.15
16,3996,-93,-37.6973684210526
16,3997,-86,-37.6973684210526
16,3998,-80,-37.6973684210526
16,3999,-35,-19.5
16,4000,-17,-19.5
16,4001,1,-19.1136363636364
16,4002,0,1.16112531969309
16,4003,36,1.16112531969309
16,4004,130,75.9047619047619
16,4005,309,182.070512820513
16,4006,255,-67.9473684210526
16,4007,-396,-234.114864864865
16,4008,-127,-154.969696969697
16,4009,25,13.9333333333333
16,4010,41,-14.6764705882353
16,4011,33,-14.6764705882353
16,4012,-77,-14.6764705882353
16,4013,42,56
16,4014,163,118.86
16,4015,417,238.214285714286
16,4016,4,-175.6
16,4017,-176,-154.969696969697
16,4018,-186,-109.224719101124
16,4019,-119,-92.15
16,4020,-148,-37.6973684210526
16,4021,-97,-37.6973684210526
16,4022,-69,-37.6973684210526
16,4023,-39,-19.5
16,4024,-14,-19.5
16,4025,-8,-19.1136363636364
16,4026,4,1.16112531969309
16,4027,31,1.16112531969309
16,4028,126,75.9047619047619
16,4029,308,182.070512820513
16,4030,223,-67.9473684210526
16,4031,-345,-234.114864864865
16,4032,-148,-154.969696969697
16,4033,55,13.9333333333333
16,4034,17,-17.9166666666667
16,4035,4,-14.6764705882353
16,4036,-34,1.16112531969309
16,4037,20,56
16,4038,150,118.86
16,4039,393,238.214285714286
16,4040,1,-67.9473684210526
16,4041,-188,-154.969696969697
16,4042,-145,-109.224719101124
16,4043,-142,-92.15
16,4044,-77,-37.6973684210526
16,4045,-103,-37.6973684210526
16,4046,-71,-37.6973684210526
16,4047,-44,-19.5
16,4048,-21,-19.5
16,4049,-11,-19.1136363636364
16,4050,-2,1.16112531969309
16,4051,26,1.16112531969309
16,4052,11,75.9047619047619
16,4053,89,75.9047619047619
16,4054,-14,182.070512820513
16,4055,101,-19.1136363636364
16,4056,-27,85.7833333333333
16,4057,58,-19.1136363636364
16,4058,64,26.25
16,4059,-25,-17.9166666666667
16,4060,17,-19.1136363636364
16,4061,17,25.84375
16,4062,143,75.9047619047619
16,4063,263,87.3333333333333
16,4064,-90,-67.9473684210526
16,4065,-148,-154.969696969697
16,4066,-122,-109.224719101124
16,4067,-84,-92.15
16,4068,-68,-37.6973684210526
16,4069,-26,-37.6973684210526
16,4070,-12,-19.1136363636364
16,4071,-64,2.21875
16,4072,-31,-19.5
16,4073,-64,-19.5
16,4074,-11,-19.5
16,4075,1,1.16112531969309
16,4076,12,1.16112531969309
16,4077,39,75.9047619047619
16,4078,100,75.9047619047619
16,4079,109,182.070512820513
16,4080,136,85.7833333333333
16,4081,92,-29.7
16,4082,47,-234.114864864865
16,4083,23,26.25
16,4084,-31,-14.6764705882353
16,4085,24,-37.6973684210526
16,4086,-31,-14.6764705882353
16,4087,-19,-37.6973684210526
16,4088,-212,-19.1136363636364
16,4089,-25,-37.6973684210526
16,4090,-115,-19.1136363636364
16,4091,-32,-37.6973684210526
16,4092,40,-37.6973684210526
16,4093,-5,25.84375
16,4094,-43,1.16112531969309
16,4095,-7,-37.6973684210526
16,4096,-27,1.16112531969309
16,4097,-38,-19.1136363636364
16,4098,-38,-37.6973684210526
16,4099,0,-37.6973684210526
16,4100,6,1.16112531969309
16,4101,23,1.16112531969309
16,4102,80,75.9047619047619
16,4103,98,154.955357142857
16,4104,111,182.070512820513
16,4105,121,85.7833333333333
16,4106,56,-234.114864864865
16,4107,38,-41.0909090909091
16,4108,36,25.84375
16,4109,-2,-14.6764705882353
16,4110,-64,1.16112531969309
16,4111,-8,-37.6973684210526
16,4112,-14,1.16112531969309
16,4113,-26,-19.1136363636364
16,4114,-165,-19.1136363636364
16,4115,-80,-37.6973684210526
16,4116,-39,-19.5
16,4117,-71,-37.6973684210526
16,4118,-63,-37.6973684210526
16,4119,-33,-37.6973684210526
16,4120,-5,-19.5
16,4121,-3,1.16112531969309
16,4122,5,1.16112531969309
16,4123,25,1.16112531969309
16,4124,123,75.9047619047619
16,4125,277,182.070512820513
16,4126,237,-67.9473684210526
16,4127,-368,-234.114864864865
16,4128,-106,-154.969696969697
16,4129,46,13.9333333333333
16,4130,31,-17.9166666666667
16,4131,-22,-14.6764705882353
16,4132,-6,-19.1136363636364
16,4133,26,1.16112531969309
16,4134,190,118.86
16,4135,354,238.214285714286
16,4136,-6,-67.9473684210526
16,4137,-257,-154.969696969697
16,4138,-123,-109.224719101124
16,4139,-142,-92.15
16,4140,-98,-37.6973684210526
16,4141,-64,-37.6973684210526
16,4142,-68,-37.6973684210526
16,4143,-33,-19.5
16,4144,-16,-19.5
16,4145,-8,-19.1136363636364
16,4146,2,1.16112531969309
16,4147,31,1.16112531969309
16,4148,28,75.9047619047619
16,4149,115,75.9047619047619
16,4150,439,182.070512820513
16,4151,-216,-67.9473684210526
16,4152,-194,-154.969696969697
16,4153,-12,13.9333333333333
16,4154,104,-19.1136363636364
16,4155,-14,-17.9166666666667
16,4156,-31,-19.1136363636364
16,4157,28,-19.5
16,4158,175,25.84375
16,4159,354,188.48
16,4160,42,-67.9473684210526
16,4161,-227,-154.969696969697
16,4162,-191,-109.224719101124
16,4163,-128,-92.15
16,4164,-119,-37.6973684210526
16,4165,-22,-37.6973684210526
16,4166,-107,-19.1136363636364
16,4167,-23,-19.5
16,4168,-29,2.21875
16,4169,3,-19.1136363636364
16,4170,-7,1.16112531969309
16,4171,35,1.16112531969309
16,4172,133,75.9047619047619
16,4173,320,182.070512820513
16,4174,190,-67.9473684210526
16,4175,-315,-234.114864864865
16,4176,-134,-154.969696969697
16,4177,2,13.9333333333333
16,4178,72,1.16112531969309
16,4179,-13,-17.9166666666667
16,4180,-39,-19.1136363636364
16,4181,11,-19.5
16,4182,165,118.86
16,4183,420,238.214285714286
16,4184,-3,-67.9473684210526
16,4185,-199,-154.969696969697
16,4186,-222,-109.224719101124
16,4187,-112,-92.15
16,4188,-89,-37.6973684210526
16,4189,-88,-37.6973684210526
16,4190,-62,-37.6973684210526
16,4191,-55,-19.5
16,4192,-6,-19.5
16,4193,-11,1.16112531969309
16,4194,1,1.16112531969309
16,4195,32,1.16112531969309
16,4196,128,75.9047619047619
16,4197,299,182.070512820513
16,4198,218,-67.9473684210526
16,4199,-345,-234.114864864865
16,4200,-138,-154.969696969697
16,4201,75,13.9333333333333
16,4202,69,-17.9166666666667
16,4203,-43,-17.9166666666667
16,4204,-52,-37.6973684210526
16,4205,12,56
16,4206,159,118.86
16,4207,478,238.214285714286
16,4208,-65,-67.9473684210526
16,4209,-155,-154.969696969697
16,4210,-163,-109.224719101124
16,4211,-158,-92.15
16,4212,-102,-37.6973684210526
16,4213,-28,-37.6973684210526
16,4214,-138,-19.1136363636364
16,4215,-34,-19.5
16,4216,-35,-19.5
16,4217,-13,-19.5
16,4218,3,-19.1136363636364
16,4219,27,1.16112531969309
16,4220,121,75.9047619047619
16,4221,222,182.070512820513
16,4222,289,-67.9473684210526
16,4223,-290,-234.114864864865
16,4224,-147,-154.969696969697
16,4225,72,13.9333333333333
16,4226,62,-17.9166666666667
16,4227,-8,-17.9166666666667
16,4228,-29,1.16112531969309
16,4229,55,-19.1136363636364
16,4230,105,85.7833333333333
16,4231,303,238.214285714286
16,4232,-122,-65.7692307692308
16,4233,-178,-154.969696969697
16,4234,-132,-109.224719101124
16,4235,-104,-92.15
16,4236,-42,-37.6973684210526
16,4237,-92,-37.6973684210526
16,4238,-16,-19.5
16,4239,-13,-19.1136363636364
16,4240,-49,2.21875
16,4241,-13,-19.5
16,4242,-17,-19.1136363636364
16,4243,-4,-19.1136363636364
16,4244,18,1.16112531969309
16,4245,37,75.9047619047619
16,4246,125,75.9047619047619
16,4247,103,182.070512820513
16,4248,188,-67.9473684210526
16,4249,56,-29.7
16,4250,118,-111.547619047619
16,4251,-10,-65.7692307692308
16,4252,-46,-41.0909090909091
16,4253,-2,-37.6973684210526
16,4254,45,1.16112531969309
16,4255,-6,-14.6764705882353
16,4256,-81,1.16112531969309
16,4257,-66,-37.6973684210526
16,4258,-147,-37.6973684210526
16,4259,-3,-37.6973684210526
16,4260,-77,1.16112531969309
16,4261,-26,-37.6973684210526
16,4262,-48,-19.1136363636364
16,4263,-56,-19.5
16,4264,-12,-19.5
16,4265,-64,-19.1136363636364
16,4266,-29,-19.5
16,4267,-15,-19.1136363636364
16,4268,9,-19.1136363636364
16,4269,21,1.16112531969309
16,4270,83,75.9047619047619
16,4271,146,154.955357142857
16,4272,155,-29.7
16,4273,-153,-234.114864864865
16,4274,26,-111.547619047619
16,4275,-136,75.9047619047619
16,4276,-13,-37.6973684210526
16,4277,127,-19.1136363636364
16,4278,80,-17.9166666666667
16,4279,-13,-111.547619047619
16,4280,34,53.4545454545455
16,4281,-36,53.4545454545455
16,4282,-67,-37.6973684210526
16,4283,-84,-37.6973684210526
16,4284,-134,-37.6973684210526
16,4285,-10,-37.6973684210526
16,4286,-20,1.16112531969309
16,4287,-16,-19.1136363636364
16,4288,-5,-19.1136363636364
16,4289,-2,1.16112531969309
16,4290,4,1.16112531969309
16,4291,30,1.16112531969309
16,4292,124,75.9047619047619
16,4293,281,154.955357142857
16,4294,213,-67.9473684210526
16,4295,-298,-234.114864864865
16,4296,-164,-154.969696969697
16,4297,48,13.9333333333333
16,4298,41,-17.9166666666667
16,4299,9,-14.6764705882353
16,4300,-16,1.16112531969309
16,4301,34,-19.1136363636364
16,4302,151,118.86
16,4303,433,238.214285714286
16,4304,-78,-67.9473684210526
16,4305,-516,-154.969696969697
16,4306,-38,-109.224719101124
16,4307,-16,-92.15
16,4308,-84,-19.1136363636364
16,4309,-59,-37.6973684210526
16,4310,-43,-19.5
16,4311,-26,-19.5
16,4312,-25,2.21875
16,4313,-5,-19.1136363636364
16,4314,1,1.16112531969309
16,4315,30,1.16112531969309
16,4316,135,75.9047619047619
16,4317,350,182.070512820513
16,4318,204,-67.9473684210526
16,4319,-395,-234.114864864865
16,4320,-150,-154.969696969697
16,4321,78,13.9333333333333
16,4322,49,-17.9166666666667
16,4323,26,-17.9166666666667
16,4324,-29,-14.6764705882353
16,4325,0,53.4545454545455
16,4326,165,118.86
16,4327,411,238.214285714286
16,4328,-253,-67.9473684210526
16,4329,-149,-154.969696969697
16,4330,-118,13.9333333333333
16,4331,-78,-92.15
16,4332,-48,-37.6973684210526
16,4333,-96,-37.6973684210526
16,4334,-81,-19.5
16,4335,-34,-19.5
16,4336,-4,-19.5
16,4337,-10,1.16112531969309
16,4338,1,1.16112531969309
16,4339,32,1.16112531969309
16,4340,147,75.9047619047619
16,4341,366,182.070512820513
16,4342,187,-67.9473684210526
17,1,-47,-86.3333333333333
17,2,-85,-38.9867549668874
17,3,-52,-38.9867549668874
17,4,-39,1.66129032258065
17,5,-28,1.66129032258065
17,6,-13,7.21951219512195
17,7,0,-17.8739495798319
17,8,-3,1.24645892351275
17,9,24,1.24645892351275
17,10,56,76.8813559322034
17,11,190,145.039603960396
17,12,197,165.522613065327
17,13,-225,-247.03488372093
17,14,-103,-128.590361445783
17,15,22,23.4166666666667
17,16,65,19.5192307692308
17,17,-45,-11.875
17,18,-152,-38.9867549668874
17,19,63,1.66129032258065
17,20,84,152.547619047619
17,21,78,161.944444444444
17,22,44,7.33333333333333
17,23,-67,117.892857142857
17,24,-66,1.66129032258065
17,25,-15,-38.9867549668874
17,26,-46,-17.8739495798319
17,27,-20,-38.9867549668874
17,28,-25,-17.8739495798319
17,29,-15,-17.8739495798319
17,30,-8,-17.8739495798319
17,31,-31,1.24645892351275
17,32,-5,-38.9867549668874
17,33,1,1.24645892351275
17,34,10,1.24645892351275
17,35,10,1.24645892351275
17,36,70,1.24645892351275
17,37,29,145.039603960396
17,38,61,47.3589743589744
17,39,27,7.33333333333333
17,40,48,47.3589743589744
17,41,-32,-11.875
17,42,-10,-38.9867549668874
17,43,16,-17.8739495798319
17,44,-37,-33.0975609756098
17,45,-36,-38.9867549668874
17,46,-26,-38.9867549668874
17,47,16,-17.8739495798319
17,48,-44,47.3589743589744
17,49,-20,-38.9867549668874
17,50,-3,-17.8739495798319
17,51,9,1.24645892351275
17,52,-21,1.24645892351275
17,53,-15,-17.8739495798319
17,54,-13,-17.8739495798319
17,55,-21,-17.8739495798319
17,56,-15,-17.8739495798319
17,57,-1,-17.8739495798319
17,58,-3,1.24645892351275
17,59,20,1.24645892351275
17,60,37,47.3589743589744
17,61,28,47.3589743589744
17,62,101,47.3589743589744
17,63,39,71.7567567567568
17,64,78,47.3589743589744
17,65,20,-11.875
17,66,6,19.5192307692308
17,67,22,1.24645892351275
17,68,-14,-33.0975609756098
17,69,-52,-17.8739495798319
17,70,-71,-38.9867549668874
17,71,-73,-38.9867549668874
17,72,-55,-38.9867549668874
17,73,-5,-38.9867549668874
17,74,-12,1.24645892351275
17,75,-7,-17.8739495798319
17,76,-35,1.24645892351275
17,77,-23,1.66129032258065
17,78,-2,-17.8739495798319
17,79,-2,1.24645892351275
17,80,-1,1.24645892351275
17,81,15,1.24645892351275
17,82,74,47.3589743589744
17,83,190,197.702127659574
17,84,248,165.522613065327
17,85,-298,-247.03488372093
17,86,-126,-128.590361445783
17,87,-1,23.4166666666667
17,88,74,1.24645892351275
17,89,5,-11.875
17,90,-24,1.24645892351275
17,91,16,-17.8739495798319
17,92,112,113.512820512821
17,93,243,229.142857142857
17,94,-2,-101.5
17,95,-193,-160.444444444444
17,96,-115,-111.341176470588
17,97,-24,16.5714285714286
17,98,-103,-17.8739495798319
17,99,-36,-38.9867549668874
17,100,-46,-38.9867549668874
17,101,-4,1.66129032258065
17,102,-3,7.21951219512195
17,103,3,1.24645892351275
17,104,-4,1.24645892351275
17,105,19,1.24645892351275
17,106,80,76.8813559322034
17,107,224,197.702127659574
17,108,234,-46.037037037037
17,109,-327,-247.03488372093
17,110,-100,-128.590361445783
17,111,31,23.4166666666667
17,112,20,19.5192307692308
17,113,7,-33.0975609756098
17,114,-56,1.24645892351275
17,115,32,1.66129032258065
17,116,121,113.512820512821
17,117,243,229.142857142857
17,118,-81,-101.5
17,119,-143,-128.590361445783
17,120,-102,-111.341176470588
17,121,-16,-86.3333333333333
17,122,-87,-17.8739495798319
17,123,-36,-38.9867549668874
17,124,-33,1.66129032258065
17,125,-26,1.66129032258065
17,126,-2,7.21951219512195
17,127,-2,1.24645892351275
17,128,27,1.24645892351275
17,129,75,47.3589743589744
17,130,149,197.702127659574
17,131,-137,165.522613065327
17,132,-78,-105.173076923077
17,133,-28,-38.9867549668874
17,134,0,-17.8739495798319
17,135,60,1.24645892351275
17,136,6,-11.875
17,137,-20,1.24645892351275
17,138,34,-17.8739495798319
17,139,77,113.512820512821
17,140,86,112.269230769231
17,141,-61,7.33333333333333
17,142,-90,-38.9867549668874
17,143,-5,-38.9867549668874
17,144,-58,1.24645892351275
17,145,16,-38.9867549668874
17,146,-22,-33.0975609756098
17,147,-22,-17.8739495798319
17,148,1,-17.8739495798319
17,149,-6,1.24645892351275
17,150,-3,1.24645892351275
17,151,2,1.24645892351275
17,152,13,1.24645892351275
17,153,91,47.3589743589744
17,154,195,165.522613065327
17,155,290,-142.5
17,156,-308,-247.03488372093
17,157,-153,-128.590361445783
17,158,35,23.4166666666667
17,159,52,19.5192307692308
17,160,-9,-11.875
17,161,0,-17.8739495798319
17,162,12,1.24645892351275
17,163,138,113.512820512821
17,164,239,229.142857142857
17,165,-75,-101.5
17,166,-197,-160.444444444444
17,167,-74,-111.341176470588
17,168,-57,16.5714285714286
17,169,-71,-38.9867549668874
17,170,-41,-38.9867549668874
17,171,-39,1.66129032258065
17,172,-26,1.66129032258065
17,173,-14,7.21951219512195
17,174,-3,-17.8739495798319
17,175,-1,1.24645892351275
17,176,22,1.24645892351275
17,177,68,76.8813559322034
17,178,170,145.039603960396
17,179,287,165.522613065327
17,180,-235,-209.75
17,181,-182,-128.590361445783
17,182,62,23.4166666666667
17,183,40,-11.875
17,184,-12,-33.0975609756098
17,185,-17,-17.8739495798319
17,186,-127,-17.8739495798319
17,187,-28,1.66129032258065
17,188,78,113.512820512821
17,189,32,117.777777777778
17,190,14,-33.0975609756098
17,191,-74,47.3589743589744
17,192,1,1.66129032258065
17,193,-26,1.24645892351275
17,194,-52,-17.8739495798319
17,195,-1,-38.9867549668874
17,196,22,1.24645892351275
17,197,-6,-33.0975609756098
17,198,-17,1.24645892351275
17,199,-19,-17.8739495798319
17,200,0,-17.8739495798319
17,201,5,1.24645892351275
17,202,9,1.24645892351275
17,203,32,1.24645892351275
17,204,46,47.3589743589744
17,205,74,112.269230769231
17,206,46,71.7567567567568
17,207,85,7.33333333333333
17,208,40,-11.875
17,209,91,19.5192307692308
17,210,-31,-11.875
17,211,68,-38.9867549668874
17,212,-82,-11.875
17,213,-82,-38.9867549668874
17,214,-78,-38.9867549668874
17,215,-76,-38.9867549668874
17,216,5,-38.9867549668874
17,217,-20,1.24645892351275
17,218,-28,-17.8739495798319
17,219,-34,-17.8739495798319
17,220,4,1.66129032258065
17,221,4,1.24645892351275
17,222,-54,1.24645892351275
17,223,-12,-38.9867549668874
17,224,-9,-17.8739495798319
17,225,0,-17.8739495798319
17,226,18,1.24645892351275
17,227,43,76.8813559322034
17,228,52,117.892857142857
17,229,74,145.039603960396
17,230,64,71.7567567567568
17,231,71,71.7567567567568
17,232,37,7.33333333333333
17,233,-32,19.5192307692308
17,234,2,-38.9867549668874
17,235,-35,1.24645892351275
17,236,-36,-38.9867549668874
17,237,-79,-38.9867549668874
17,238,-52,-38.9867549668874
17,239,-44,-38.9867549668874
17,240,-9,-38.9867549668874
17,241,-17,-17.8739495798319
17,242,-36,-17.8739495798319
17,243,-9,1.66129032258065
17,244,-11,-17.8739495798319
17,245,-2,-17.8739495798319
17,246,-3,1.24645892351275
17,247,0,1.24645892351275
17,248,17,1.24645892351275
17,249,73,47.3589743589744
17,250,169,165.522613065327
17,251,168,165.522613065327
17,252,-231,-209.75
17,253,-111,-128.590361445783
17,254,17,16.5714285714286
17,255,34,19.5192307692308
17,256,-17,-33.0975609756098
17,257,8,-17.8739495798319
17,258,2,1.24645892351275
17,259,80,113.512820512821
17,260,177,256.595505617978
17,261,-12,-46.037037037037
17,262,-149,-160.444444444444
17,263,-47,-111.341176470588
17,264,-59,-38.9867549668874
17,265,-42,-38.9867549668874
17,266,-47,-38.9867549668874
17,267,-23,-38.9867549668874
17,268,-2,-17.8739495798319
17,269,-2,7.21951219512195
17,270,-3,1.24645892351275
17,271,2,1.24645892351275
17,272,22,1.24645892351275
17,273,77,76.8813559322034
17,274,173,165.522613065327
17,275,226,-142.5
17,276,-268,-209.75
17,277,-104,-128.590361445783
17,278,1,23.4166666666667
17,279,8,1.24645892351275
17,280,26,1.24645892351275
17,281,-28,-33.0975609756098
17,282,30,-17.8739495798319
17,283,84,113.512820512821
17,284,196,229.142857142857
17,285,11,-46.037037037037
17,286,-170,-160.444444444444
17,287,-100,-111.341176470588
17,288,-39,-38.9867549668874
17,289,-42,-38.9867549668874
17,290,-52,-38.9867549668874
17,291,-39,-38.9867549668874
17,292,-10,1.66129032258065
17,293,-1,7.21951219512195
17,294,-1,1.24645892351275
17,295,0,1.24645892351275
17,296,15,1.24645892351275
17,297,90,76.8813559322034
17,298,236,197.702127659574
17,299,222,165.522613065327
17,300,-302,-247.03488372093
17,301,-117,-128.590361445783
17,302,14,23.4166666666667
17,303,54,19.5192307692308
17,304,-10,-11.875
17,305,-30,-17.8739495798319
17,306,34,1.66129032258065
17,307,79,113.512820512821
17,308,324,229.142857142857
17,309,-68,-46.037037037037
17,310,-183,-160.444444444444
17,311,-101,-111.341176470588
17,312,-72,-86.3333333333333
17,313,-29,-38.9867549668874
17,314,-97,-38.9867549668874
17,315,-16,1.66129032258065
17,316,-25,-17.8739495798319
17,317,-10,7.21951219512195
17,318,-8,-17.8739495798319
17,319,-1,1.24645892351275
17,320,27,1.24645892351275
17,321,80,47.3589743589744
17,322,225,165.522613065327
17,323,251,165.522613065327
17,324,-284,-247.03488372093
17,325,-163,-128.590361445783
17,326,66,23.4166666666667
17,327,47,-11.875
17,328,-18,-11.875
17,329,-30,-17.8739495798319
17,330,-18,1.66129032258065
17,331,157,113.512820512821
17,332,255,229.142857142857
17,333,-7,-101.5
17,334,-174,-160.444444444444
17,335,-114,-111.341176470588
17,336,-69,-86.3333333333333
17,337,-80,-38.9867549668874
17,338,-59,-38.9867549668874
17,339,-40,-38.9867549668874
17,340,-28,1.66129032258065
17,341,-15,7.21951219512195
17,342,-4,-17.8739495798319
17,343,-6,1.24645892351275
17,344,28,1.24645892351275
17,345,56,76.8813559322034
17,346,183,145.039603960396
17,347,233,165.522613065327
17,348,-217,-247.03488372093
17,349,-125,-128.590361445783
17,350,28,23.4166666666667
17,351,14,19.5192307692308
17,352,23,-33.0975609756098
17,353,-46,-33.0975609756098
17,354,60,1.66129032258065
17,355,105,152.547619047619
17,356,223,161.944444444444
17,357,-96,-46.037037037037
17,358,-226,-128.590361445783
17,359,-85,-111.341176470588
17,360,-18,16.5714285714286
17,361,-34,-17.8739495798319
17,362,-21,-38.9867549668874
17,363,-9,-17.8739495798319
17,364,-26,-17.8739495798319
17,365,-9,7.21951219512195
17,366,-26,-17.8739495798319
17,367,-12,-17.8739495798319
17,368,6,-17.8739495798319
17,369,2,1.24645892351275
17,370,28,1.24645892351275
17,371,71,47.3589743589744
17,372,37,112.269230769231
17,373,75,47.3589743589744
17,374,51,71.7567567567568
17,375,55,7.33333333333333
17,376,28,-11.875
17,377,22,19.5192307692308
17,378,27,-33.0975609756098
17,379,-16,-33.0975609756098
17,380,-36,-17.8739495798319
17,381,-57,-38.9867549668874
17,382,-113,-38.9867549668874
17,383,-63,-38.9867549668874
17,384,-11,-38.9867549668874
17,385,-10,-17.8739495798319
17,386,-17,-17.8739495798319
17,387,-14,-17.8739495798319
17,388,-8,-17.8739495798319
17,389,5,1.24645892351275
17,390,-44,1.24645892351275
17,391,-15,-38.9867549668874
17,392,3,-17.8739495798319
17,393,7,1.24645892351275
17,394,55,1.24645892351275
17,395,18,145.039603960396
17,396,128,47.3589743589744
17,397,81,152.547619047619
17,398,111,-105.173076923077
17,399,54,7.33333333333333
17,400,37,-42.3888888888889
17,401,-14,19.5192307692308
17,402,22,-17.8739495798319
17,403,-11,-33.0975609756098
17,404,-109,-17.8739495798319
17,405,-131,-38.9867549668874
17,406,-87,-38.9867549668874
17,407,-24,-38.9867549668874
17,408,-53,-17.8739495798319
17,409,-42,-38.9867549668874
17,410,-28,1.66129032258065
17,411,-14,-17.8739495798319
17,412,-1,-17.8739495798319
17,413,-7,1.24645892351275
17,414,1,1.24645892351275
17,415,13,1.24645892351275
17,416,72,76.8813559322034
17,417,180,165.522613065327
17,418,296,165.522613065327
17,419,-283,-247.03488372093
17,420,-144,-128.590361445783
17,421,13,23.4166666666667
17,422,71,19.5192307692308
17,423,29,-11.875
17,424,-29,-33.0975609756098
17,425,12,1.66129032258065
17,426,99,113.512820512821
17,427,312,229.142857142857
17,428,68,-46.037037037037
17,429,-266,-160.444444444444
17,430,-160,-111.341176470588
17,431,-81,16.5714285714286
17,432,-72,-38.9867549668874
17,433,-70,-38.9867549668874
17,434,-37,-38.9867549668874
17,435,-10,1.66129032258065
17,436,-15,7.21951219512195
17,437,1,-17.8739495798319
17,438,-1,1.24645892351275
17,439,23,1.24645892351275
17,440,89,76.8813559322034
17,441,195,197.702127659574
17,442,285,165.522613065327
17,443,-251,-247.03488372093
17,444,-199,-128.590361445783
17,445,76,23.4166666666667
17,446,25,-11.875
17,447,-11,-33.0975609756098
17,448,-21,-17.8739495798319
17,449,52,-17.8739495798319
17,450,101,152.547619047619
17,451,311,229.142857142857
17,452,58,-46.037037037037
17,453,-255,-160.444444444444
17,454,-128,-111.341176470588
17,455,-107,16.5714285714286
17,456,-74,-38.9867549668874
17,457,-83,-38.9867549668874
17,458,-48,-38.9867549668874
17,459,-12,1.66129032258065
17,460,-25,7.21951219512195
17,461,2,-17.8739495798319
17,462,1,1.24645892351275
17,463,22,1.24645892351275
17,464,94,76.8813559322034
17,465,247,197.702127659574
17,466,294,165.522613065327
17,467,-311,-247.03488372093
17,468,-163,-128.590361445783
17,469,32,23.4166666666667
17,470,47,19.5192307692308
17,471,-13,-11.875
17,472,-30,-17.8739495798319
17,473,59,1.66129032258065
17,474,73,152.547619047619
17,475,426,229.142857142857
17,476,-33,-46.037037037037
17,477,-277,-160.444444444444
17,478,-142,-111.341176470588
17,479,-42,16.5714285714286
17,480,-86,-38.9867549668874
17,481,-111,-38.9867549668874
17,482,-31,-38.9867549668874
17,483,-37,1.66129032258065
17,484,-4,1.66129032258065
17,485,-12,1.24645892351275
17,486,7,-17.8739495798319
17,487,12,1.24645892351275
17,488,91,76.8813559322034
17,489,264,165.522613065327
17,490,242,152.547619047619
17,491,-308,-247.03488372093
17,492,-151,-128.590361445783
17,493,47,23.4166666666667
17,494,54,-11.875
17,495,8,-11.875
17,496,-15,1.24645892351275
17,497,29,-17.8739495798319
17,498,139,113.512820512821
17,499,287,229.142857142857
17,500,33,-101.5
17,501,-321,-160.444444444444
17,502,-95,-111.341176470588
17,503,-87,16.5714285714286
17,504,-74,-38.9867549668874
17,505,-72,-38.9867549668874
17,506,-40,-38.9867549668874
17,507,-31,1.66129032258065
17,508,-22,1.66129032258065
17,509,-1,-17.8739495798319
17,510,0,1.24645892351275
17,511,29,1.24645892351275
17,512,67,76.8813559322034
17,513,179,145.039603960396
17,514,284,165.522613065327
17,515,-250,-247.03488372093
17,516,-132,-128.590361445783
17,517,27,23.4166666666667
17,518,87,19.5192307692308
17,519,-34,-11.875
17,520,-58,-38.9867549668874
17,521,-95,1.66129032258065
17,522,22,1.66129032258065
17,523,129,7.21951219512195
17,524,150,117.777777777778
17,525,-112,-101.5
17,526,-61,-105.173076923077
17,527,-83,1.66129032258065
17,528,-4,-38.9867549668874
17,529,-22,1.24645892351275
17,530,-26,-17.8739495798319
17,531,-31,-17.8739495798319
17,532,-27,-38.9867549668874
17,533,-16,7.21951219512195
17,534,-24,-17.8739495798319
17,535,6,-17.8739495798319
17,536,22,1.24645892351275
17,537,56,47.3589743589744
17,538,132,145.039603960396
17,539,103,112.269230769231
17,540,122,-209.75
17,541,142,-41.5
17,542,66,-209.75
17,543,35,-105.173076923077
17,544,4,-33.0975609756098
17,545,-11,1.24645892351275
17,546,6,-17.8739495798319
17,547,-37,113.512820512821
17,548,-88,-38.9867549668874
17,549,-143,-38.9867549668874
17,550,-146,-38.9867549668874
17,551,-48,-38.9867549668874
17,552,-12,-38.9867549668874
17,553,-26,-17.8739495798319
17,554,-78,-17.8739495798319
17,555,6,1.66129032258065
17,556,-57,1.24645892351275
17,557,-38,-38.9867549668874
17,558,-4,-38.9867549668874
17,559,-8,1.24645892351275
17,560,5,1.24645892351275
17,561,31,1.24645892351275
17,562,54,76.8813559322034
17,563,82,145.039603960396
17,564,173,152.547619047619
17,565,17,117.892857142857
17,566,135,-160.444444444444
17,567,41,-11.875
17,568,-23,-105.173076923077
17,569,33,-17.8739495798319
17,570,-13,-33.0975609756098
17,571,0,-17.8739495798319
17,572,-82,1.24645892351275
17,573,-107,-38.9867549668874
17,574,-154,-38.9867549668874
17,575,-25,-38.9867549668874
17,576,-73,-17.8739495798319
17,577,-54,-38.9867549668874
17,578,-23,1.66129032258065
17,579,-8,-17.8739495798319
17,580,-7,1.24645892351275
17,581,-6,1.24645892351275
17,582,1,1.24645892351275
17,583,28,1.24645892351275
17,584,89,76.8813559322034
17,585,234,165.522613065327
17,586,225,165.522613065327
17,587,-248,-247.03488372093
17,588,-147,-128.590361445783
17,589,17,23.4166666666667
17,590,81,19.5192307692308
17,591,-19,-11.875
17,592,-3,-17.8739495798319
17,593,26,1.24645892351275
17,594,99,113.512820512821
17,595,336,229.142857142857
17,596,80,-46.037037037037
17,597,-252,-160.444444444444
17,598,-219,-111.341176470588
17,599,-107,16.5714285714286
17,600,-75,16.5714285714286
17,601,-94,-38.9867549668874
17,602,-25,-38.9867549668874
17,603,-14,-17.8739495798319
17,604,-5,7.21951219512195
17,605,-7,1.24645892351275
17,606,3,1.24645892351275
17,607,14,1.24645892351275
17,608,80,76.8813559322034
17,609,70,165.522613065327
17,610,346,145.039603960396
17,611,-191,-142.5
17,612,-162,-128.590361445783
17,613,67,23.4166666666667
17,614,31,-11.875
17,615,23,19.5192307692308
17,616,-36,-33.0975609756098
17,617,-4,1.66129032258065
17,618,187,1.24645892351275
17,619,319,161.944444444444
17,620,51,-101.5
17,621,-246,-160.444444444444
17,622,-178,-111.341176470588
17,623,-100,16.5714285714286
17,624,-89,-38.9867549668874
17,625,-98,-38.9867549668874
17,626,-57,-38.9867549668874
17,627,-7,1.66129032258065
17,628,-16,7.21951219512195
17,629,-2,-17.8739495798319
17,630,-4,1.24645892351275
17,631,35,1.24645892351275
17,632,110,76.8813559322034
17,633,223,197.702127659574
17,634,163,165.522613065327
17,635,-242,-247.03488372093
17,636,-139,-105.173076923077
17,637,38,16.5714285714286
17,638,37,19.5192307692308
17,639,74,-33.0975609756098
17,640,-78,-11.875
17,641,18,1.66129032258065
17,642,135,113.512820512821
17,643,351,256.595505617978
17,644,50,-101.5
17,645,-197,-160.444444444444
17,646,-208,-111.341176470588
17,647,-123,16.5714285714286
17,648,-54,16.5714285714286
17,649,-72,-38.9867549668874
17,650,-84,-38.9867549668874
17,651,-11,1.66129032258065
17,652,-24,7.21951219512195
17,653,1,-17.8739495798319
17,654,-1,1.24645892351275
17,655,28,1.24645892351275
17,656,102,76.8813559322034
17,657,225,197.702127659574
17,658,288,165.522613065327
17,659,-331,-247.03488372093
17,660,-176,-128.590361445783
17,661,77,23.4166666666667
17,662,53,-11.875
17,663,26,-11.875
17,664,-41,-33.0975609756098
17,665,47,1.66129032258065
17,666,121,152.547619047619
17,667,385,229.142857142857
17,668,-9,-209.75
17,669,-215,-160.444444444444
17,670,-162,-111.341176470588
17,671,-50,16.5714285714286
17,672,-154,-38.9867549668874
17,673,-69,-38.9867549668874
17,674,-56,-38.9867549668874
17,675,-45,1.66129032258065
17,676,-18,1.66129032258065
17,677,-22,-17.8739495798319
17,678,-7,-17.8739495798319
17,679,31,1.24645892351275
17,680,82,76.8813559322034
17,681,230,197.702127659574
17,682,316,197.702127659574
17,683,-282,-247.03488372093
17,684,-105,-128.590361445783
17,685,43,23.4166666666667
17,686,153,-11.875
17,687,-43,-142.5
17,688,4,-105.173076923077
17,689,40,1.24645892351275
17,690,117,113.512820512821
17,691,368,229.142857142857
17,692,-127,-101.5
17,693,-144,-128.590361445783
17,694,-241,-111.341176470588
17,695,-161,-86.3333333333333
17,696,-13,16.5714285714286
17,697,-95,-17.8739495798319
17,698,-20,1.66129032258065
17,699,-28,-17.8739495798319
17,700,-59,113.512820512821
17,701,-37,1.66129032258065
17,702,-25,-38.9867549668874
17,703,-3,-17.8739495798319
17,704,24,1.24645892351275
17,705,42,76.8813559322034
17,706,84,145.039603960396
17,707,95,197.702127659574
17,708,96,152.547619047619
17,709,-72,71.7567567567568
17,710,-90,-38.9867549668874
17,711,13,-38.9867549668874
17,712,27,-33.0975609756098
17,713,67,-33.0975609756098
17,714,-113,-11.875
17,715,-62,1.66129032258065
17,716,22,1.66129032258065
17,717,-4,76.8813559322034
17,718,-22,1.24645892351275
17,719,-7,-17.8739495798319
17,720,-21,1.24645892351275
17,721,22,-17.8739495798319
17,722,-25,76.8813559322034
17,723,9,-17.8739495798319
17,724,-54,1.24645892351275
17,725,-17,-38.9867549668874
17,726,-10,-17.8739495798319
17,727,-2,-17.8739495798319
17,728,12,1.24645892351275
17,729,21,47.3589743589744
17,730,50,19.5192307692308
17,731,29,145.039603960396
17,732,132,150.8
17,733,73,-41.5
17,734,37,-105.173076923077
17,735,7,19.5192307692308
17,736,47,1.24645892351275
17,737,7,-11.875
17,738,71,1.24645892351275
17,739,-73,-11.875
17,740,72,-38.9867549668874
17,741,-116,-11.875
17,742,-116,-38.9867549668874
17,743,-110,-38.9867549668874
17,744,-38,-38.9867549668874
17,745,-46,1.66129032258065
17,746,-32,-38.9867549668874
17,747,-5,1.66129032258065
17,748,-8,1.24645892351275
17,749,-19,1.24645892351275
17,750,3,-17.8739495798319
17,751,32,1.24645892351275
17,752,81,76.8813559322034
17,753,253,165.522613065327
17,754,287,117.892857142857
17,755,-375,-247.03488372093
17,756,-129,-128.590361445783
17,757,25,23.4166666666667
17,758,101,19.5192307692308
17,759,22,-11.875
17,760,-84,-33.0975609756098
17,761,6,1.66129032258065
17,762,82,113.512820512821
17,763,359,229.142857142857
17,764,20,-46.037037037037
17,765,-226,-160.444444444444
17,766,-237,-111.341176470588
17,767,-35,16.5714285714286
17,768,-93,16.5714285714286
17,769,-45,-38.9867549668874
17,770,-38,-38.9867549668874
17,771,-5,1.66129032258065
17,772,2,7.21951219512195
17,773,-3,1.24645892351275
17,774,-1,1.24645892351275
17,775,14,1.24645892351275
17,776,84,76.8813559322034
17,777,185,197.702127659574
17,778,295,-46.037037037037
17,779,-314,-247.03488372093
17,780,-129,-128.590361445783
17,781,37,23.4166666666667
17,782,45,19.5192307692308
17,783,-9,-11.875
17,784,-27,-17.8739495798319
17,785,16,-17.8739495798319
17,786,105,113.512820512821
17,787,309,229.142857142857
17,788,30,-46.037037037037
17,789,-227,-160.444444444444
17,790,-123,-111.341176470588
17,791,-73,16.5714285714286
17,792,-87,-38.9867549668874
17,793,-70,-38.9867549668874
17,794,-34,-38.9867549668874
17,795,-22,1.66129032258065
17,796,-5,7.21951219512195
17,797,2,1.24645892351275
17,798,-4,1.24645892351275
17,799,39,1.24645892351275
17,800,75,76.8813559322034
17,801,243,165.522613065327
17,802,300,165.522613065327
17,803,-344,-247.03488372093
17,804,-141,-128.590361445783
17,805,49,23.4166666666667
17,806,46,-11.875
17,807,5,-11.875
17,808,-52,1.24645892351275
17,809,-22,1.66129032258065
17,810,22,113.512820512821
17,811,383,113.512820512821
17,812,37,-46.037037037037
17,813,-185,-160.444444444444
17,814,-94,-111.341176470588
17,815,-101,-86.3333333333333
17,816,-89,-38.9867549668874
17,817,-79,-38.9867549668874
17,818,-45,-38.9867549668874
17,819,-15,1.66129032258065
17,820,-27,7.21951219512195
17,821,-1,-17.8739495798319
17,822,4,1.24645892351275
17,823,23,1.24645892351275
17,824,85,76.8813559322034
17,825,250,197.702127659574
17,826,287,112.269230769231
17,827,-333,-247.03488372093
17,828,-155,-128.590361445783
17,829,54,23.4166666666667
17,830,72,-11.875
17,831,-19,-11.875
17,832,-35,-17.8739495798319
17,833,69,1.66129032258065
17,834,81,152.547619047619
17,835,315,229.142857142857
17,836,-22,-46.037037037037
17,837,-213,-160.444444444444
17,838,-133,-111.341176470588
17,839,-111,16.5714285714286
17,840,-72,-38.9867549668874
17,841,-58,-38.9867549668874
17,842,-35,-38.9867549668874
17,843,-32,1.66129032258065
17,844,-20,1.66129032258065
17,845,0,-17.8739495798319
17,846,-5,1.24645892351275
17,847,24,1.24645892351275
17,848,60,76.8813559322034
17,849,203,145.039603960396
17,850,304,165.522613065327
17,851,-272,-247.03488372093
17,852,-134,-128.590361445783
17,853,14,23.4166666666667
17,854,69,19.5192307692308
17,855,-28,-11.875
17,856,-13,-17.8739495798319
17,857,51,-17.8739495798319
17,858,87,152.547619047619
17,859,239,229.142857142857
17,860,-46,-46.037037037037
17,861,-165,-160.444444444444
17,862,-186,-111.341176470588
17,863,11,-86.3333333333333
17,864,-67,19.5192307692308
17,865,-30,-38.9867549668874
17,866,-31,-38.9867549668874
17,867,-10,1.66129032258065
17,868,-13,7.21951219512195
17,869,-38,-17.8739495798319
17,870,-23,1.66129032258065
17,871,-3,-17.8739495798319
17,872,18,1.24645892351275
17,873,21,76.8813559322034
17,874,101,76.8813559322034
17,875,78,165.522613065327
17,876,90,152.547619047619
17,877,150,71.7567567567568
17,878,158,-142.5
17,879,17,-209.75
17,880,-87,-105.173076923077
17,881,54,-38.9867549668874
17,882,-70,-11.875
17,883,8,-38.9867549668874
17,884,-202,1.24645892351275
17,885,-57,-38.9867549668874
17,886,-76,1.66129032258065
17,887,-65,-38.9867549668874
17,888,13,1.66129032258065
17,889,-44,47.3589743589744
17,890,-45,1.66129032258065
17,891,-5,-38.9867549668874
17,892,19,1.24645892351275
17,893,-56,76.8813559322034
17,894,-13,-38.9867549668874
17,895,6,-17.8739495798319
17,896,79,1.24645892351275
17,897,-13,197.702127659574
17,898,41,-17.8739495798319
17,899,150,19.5192307692308
17,900,85,152.547619047619
17,901,91,-105.173076923077
17,902,-6,7.33333333333333
17,903,19,1.24645892351275
17,904,97,47.3589743589744
17,905,12,117.777777777778
17,906,-62,-33.0975609756098
17,907,44,-38.9867549668874
17,908,-123,-11.875
17,909,-86,-38.9867549668874
17,910,-114,-38.9867549668874
17,911,-98,-38.9867549668874
17,912,-66,-38.9867549668874
17,913,-5,-38.9867549668874
17,914,-46,1.24645892351275
17,915,-12,1.66129032258065
17,916,0,-17.8739495798319
17,917,-1,1.24645892351275
17,918,20,1.24645892351275
17,919,86,76.8813559322034
17,920,196,117.892857142857
17,921,283,197.702127659574
17,922,-272,-247.03488372093
17,923,-113,-128.590361445783
17,924,5,23.4166666666667
17,925,72,1.24645892351275
17,926,0,-11.875
17,927,-13,1.24645892351275
17,928,56,-17.8739495798319
17,929,71,152.547619047619
17,930,334,229.142857142857
17,931,-111,-46.037037037037
17,932,-124,-128.590361445783
17,933,-165,-111.341176470588
17,934,-91,-86.3333333333333
17,935,-115,-38.9867549668874
17,936,-57,-38.9867549668874
17,937,-33,1.66129032258065
17,938,-22,1.66129032258065
17,939,-6,7.21951219512195
17,940,-2,1.24645892351275
17,941,-2,1.24645892351275
17,942,26,1.24645892351275
17,943,73,76.8813559322034
17,944,241,165.522613065327
17,945,263,165.522613065327
17,946,-196,-247.03488372093
17,947,-189,-128.590361445783
17,948,39,23.4166666666667
17,949,73,19.5192307692308
17,950,14,-11.875
17,951,-34,-33.0975609756098
17,952,5,1.66129032258065
17,953,169,113.512820512821
17,954,272,161.944444444444
17,955,43,-101.5
17,956,-242,-160.444444444444
17,957,-179,-111.341176470588
17,958,-136,16.5714285714286
17,959,-85,-38.9867549668874
17,960,-79,-38.9867549668874
17,961,-38,-38.9867549668874
17,962,-30,1.66129032258065
17,963,-6,1.66129032258065
17,964,-2,1.24645892351275
17,965,-2,1.24645892351275
17,966,26,1.24645892351275
17,967,99,76.8813559322034
17,968,240,197.702127659574
17,969,318,165.522613065327
17,970,-321,-247.03488372093
17,971,-196,-128.590361445783
17,972,46,23.4166666666667
17,973,70,-11.875
17,974,-32,-11.875
17,975,7,-38.9867549668874
17,976,10,1.24645892351275
17,977,122,113.512820512821
17,978,354,229.142857142857
17,979,15,-101.5
17,980,-265,-160.444444444444
17,981,-122,-111.341176470588
17,982,-74,16.5714285714286
17,983,-117,-38.9867549668874
17,984,-50,-38.9867549668874
17,985,-86,-38.9867549668874
17,986,-32,1.66129032258065
17,987,5,1.66129032258065
17,988,-13,1.24645892351275
17,989,-4,-17.8739495798319
17,990,28,1.24645892351275
17,991,97,76.8813559322034
17,992,228,197.702127659574
17,993,284,165.522613065327
17,994,-287,-247.03488372093
17,995,-105,-128.590361445783
17,996,22,23.4166666666667
17,997,8,19.5192307692308
17,998,15,1.24645892351275
17,999,-4,-33.0975609756098
17,1000,-18,1.24645892351275
17,1001,133,113.512820512821
17,1002,420,229.142857142857
17,1003,-124,-101.5
17,1004,-211,-128.590361445783
17,1005,-175,-111.341176470588
17,1006,-78,16.5714285714286
17,1007,-85,-38.9867549668874
17,1008,-13,-38.9867549668874
17,1009,-75,-17.8739495798319
17,1010,-23,1.66129032258065
17,1011,-27,7.21951219512195
17,1012,-3,-17.8739495798319
17,1013,-3,1.24645892351275
17,1014,18,1.24645892351275
17,1015,57,76.8813559322034
17,1016,166,145.039603960396
17,1017,262,165.522613065327
17,1018,-132,-209.75
17,1019,-138,-128.590361445783
17,1020,53,-111.341176470588
17,1021,46,-11.875
17,1022,74,-11.875
17,1023,79,-11.875
17,1024,47,117.892857142857
17,1025,-1,152.547619047619
17,1026,119,113.512820512821
17,1027,-171,7.33333333333333
17,1028,-72,-42.3888888888889
17,1029,-160,-38.9867549668874
17,1030,-62,-38.9867549668874
17,1031,-32,-38.9867549668874
17,1032,-45,-38.9867549668874
17,1033,-19,1.66129032258065
17,1034,-25,-17.8739495798319
17,1035,-33,-17.8739495798319
17,1036,-8,-38.9867549668874
17,1037,-21,1.24645892351275
17,1038,-5,-17.8739495798319
17,1039,17,1.24645892351275
17,1040,35,76.8813559322034
17,1041,69,47.3589743589744
17,1042,153,145.039603960396
17,1043,87,-41.5
17,1044,132,-105.173076923077
17,1045,95,7.33333333333333
17,1046,53,-209.75
17,1047,-65,-11.875
17,1048,48,-38.9867549668874
17,1049,-11,-11.875
17,1050,-48,-17.8739495798319
17,1051,-50,-38.9867549668874
17,1052,-104,-38.9867549668874
17,1053,-205,1.66129032258065
17,1054,26,-38.9867549668874
17,1055,-52,19.5192307692308
17,1056,-64,-38.9867549668874
17,1057,-33,-38.9867549668874
17,1058,-21,1.66129032258065
17,1059,-32,-17.8739495798319
17,1060,-6,-38.9867549668874
17,1061,-19,1.24645892351275
17,1062,5,-17.8739495798319
17,1063,16,1.24645892351275
17,1064,9,76.8813559322034
17,1065,47,1.24645892351275
17,1066,95,112.269230769231
17,1067,120,117.892857142857
17,1068,105,-41.5
17,1069,53,-209.75
17,1070,26,-11.875
17,1071,20,-33.0975609756098
17,1072,-17,19.5192307692308
17,1073,-10,-17.8739495798319
17,1074,-65,-17.8739495798319
17,1075,-101,-38.9867549668874
17,1076,-34,-38.9867549668874
17,1077,-65,-38.9867549668874
17,1078,-81,-38.9867549668874
17,1079,-12,-38.9867549668874
17,1080,-67,-17.8739495798319
17,1081,-14,1.66129032258065
17,1082,-21,-17.8739495798319
17,1083,-10,-17.8739495798319
17,1084,-3,-17.8739495798319
17,1085,2,1.24645892351275
17,1086,27,1.24645892351275
17,1087,79,47.3589743589744
17,1088,220,165.522613065327
17,1089,286,165.522613065327
17,1090,-331,-247.03488372093
17,1091,-108,-128.590361445783
17,1092,45,23.4166666666667
17,1093,57,-11.875
17,1094,1,-11.875
17,1095,-63,1.24645892351275
17,1096,37,1.66129032258065
17,1097,136,113.512820512821
17,1098,241,229.142857142857
17,1099,14,-101.5
17,1100,-225,-160.444444444444
17,1101,-145,-111.341176470588
17,1102,-111,16.5714285714286
17,1103,-57,-38.9867549668874
17,1104,-41,-38.9867549668874
17,1105,-41,-38.9867549668874
17,1106,-17,1.66129032258065
17,1107,-7,7.21951219512195
17,1108,0,1.24645892351275
17,1109,0,1.24645892351275
17,1110,22,1.24645892351275
17,1111,79,76.8813559322034
17,1112,281,197.702127659574
17,1113,308,165.522613065327
17,1114,-373,-247.03488372093
17,1115,-138,-128.590361445783
17,1116,58,23.4166666666667
17,1117,20,-11.875
17,1118,24,-33.0975609756098
17,1119,-59,-33.0975609756098
17,1120,-21,1.66129032258065
17,1121,159,113.512820512821
17,1122,382,229.142857142857
17,1123,-40,-101.5
17,1124,-225,-160.444444444444
17,1125,-197,-111.341176470588
17,1126,-76,16.5714285714286
17,1127,-79,16.5714285714286
17,1128,-65,-38.9867549668874
17,1129,-32,-38.9867549668874
17,1130,-18,1.66129032258065
17,1131,-10,7.21951219512195
17,1132,0,-17.8739495798319
17,1133,25,1.24645892351275
17,1134,79,76.8813559322034
17,1135,215,197.702127659574
17,1136,274,165.522613065327
17,1137,-293,-247.03488372093
17,1138,-149,-128.590361445783
17,1139,27,23.4166666666667
17,1140,2,19.5192307692308
17,1141,-19,1.24645892351275
17,1142,-28,-17.8739495798319
17,1143,67,-17.8739495798319
17,1144,105,145.039603960396
17,1145,272,229.142857142857
17,1146,6,-46.037037037037
17,1147,-201,-160.444444444444
17,1148,-149,-111.341176470588
17,1149,-70,16.5714285714286
17,1150,-31,-38.9867549668874
17,1151,-73,-38.9867549668874
17,1152,-38,-38.9867549668874
17,1153,-14,1.66129032258065
17,1154,-5,7.21951219512195
17,1155,1,1.24645892351275
17,1156,-4,1.24645892351275
17,1157,20,1.24645892351275
17,1158,75,76.8813559322034
17,1159,210,197.702127659574
17,1160,318,165.522613065327
17,1161,-337,-247.03488372093
17,1162,-146,-128.590361445783
17,1163,83,23.4166666666667
17,1164,35,-11.875
17,1165,-56,-33.0975609756098
17,1166,21,-38.9867549668874
17,1167,-13,-33.0975609756098
17,1168,142,113.512820512821
17,1169,303,229.142857142857
17,1170,-46,-101.5
17,1171,-177,-160.444444444444
17,1172,-153,-111.341176470588
17,1173,-93,-86.3333333333333
17,1174,-29,-38.9867549668874
17,1175,-64,-38.9867549668874
17,1176,-39,-38.9867549668874
17,1177,-25,1.66129032258065
17,1178,-19,7.21951219512195
17,1179,0,-17.8739495798319
17,1180,-6,1.24645892351275
17,1181,16,1.24645892351275
17,1182,63,47.3589743589744
17,1183,212,145.039603960396
17,1184,267,165.522613065327
17,1185,-233,-247.03488372093
17,1186,-138,-128.590361445783
17,1187,41,23.4166666666667
17,1188,89,19.5192307692308
17,1189,36,-11.875
17,1190,-10,-33.0975609756098
17,1191,4,-17.8739495798319
17,1192,111,113.512820512821
17,1193,275,161.944444444444
17,1194,-67,-101.5
17,1195,-244,-160.444444444444
17,1196,-141,-111.341176470588
17,1197,-97,16.5714285714286
17,1198,26,-38.9867549668874
17,1199,-17,19.5192307692308
17,1200,-102,-17.8739495798319
17,1201,-26,1.66129032258065
17,1202,-14,113.512820512821
17,1203,-24,-17.8739495798319
17,1204,-18,-17.8739495798319
17,1205,-7,-17.8739495798319
17,1206,14,1.24645892351275
17,1207,43,47.3589743589744
17,1208,96,145.039603960396
17,1209,105,165.522613065327
17,1210,141,-41.5
17,1211,158,-41.5
17,1212,114,-209.75
17,1213,0,-209.75
17,1214,-18,-42.3888888888889
17,1215,-2,-17.8739495798319
17,1216,-76,1.24645892351275
17,1217,-22,-38.9867549668874
17,1218,-79,-17.8739495798319
17,1219,-22,-38.9867549668874
17,1220,-138,7.21951219512195
17,1221,-101,-38.9867549668874
17,1222,-8,1.66129032258065
17,1223,-16,1.24645892351275
17,1224,-72,-17.8739495798319
17,1225,-18,-38.9867549668874
17,1226,-32,-17.8739495798319
17,1227,-29,1.66129032258065
17,1228,-33,-38.9867549668874
17,1229,-2,-38.9867549668874
17,1230,6,1.24645892351275
17,1231,30,1.24645892351275
17,1232,51,76.8813559322034
17,1233,154,145.039603960396
17,1234,170,112.269230769231
17,1235,107,-209.75
17,1236,107,-209.75
17,1237,46,-11.875
17,1238,-53,-11.875
17,1239,-11,-38.9867549668874
17,1240,-1,-17.8739495798319
17,1241,7,1.24645892351275
17,1242,-144,7.21951219512195
17,1243,-100,-38.9867549668874
17,1244,-88,-38.9867549668874
17,1245,-62,-38.9867549668874
17,1246,-95,-38.9867549668874
17,1247,-44,-38.9867549668874
17,1248,-49,1.66129032258065
17,1249,-13,1.66129032258065
17,1250,-14,-17.8739495798319
17,1251,-6,-17.8739495798319
17,1252,-2,1.24645892351275
17,1253,32,1.24645892351275
17,1254,95,76.8813559322034
17,1255,254,197.702127659574
17,1256,210,165.522613065327
17,1257,-300,-247.03488372093
17,1258,-73,-128.590361445783
17,1259,27,23.4166666666667
17,1260,20,19.5192307692308
17,1261,-8,-33.0975609756098
17,1262,25,1.24645892351275
17,1263,-13,-33.0975609756098
17,1264,83,113.512820512821
17,1265,354,229.142857142857
17,1266,-36,-46.037037037037
17,1267,-154,-160.444444444444
17,1268,-147,-111.341176470588
17,1269,-104,-86.3333333333333
17,1270,-57,-38.9867549668874
17,1271,-93,-38.9867549668874
17,1272,-78,-38.9867549668874
17,1273,-32,1.66129032258065
17,1274,-7,1.66129032258065
17,1275,2,1.24645892351275
17,1276,3,1.24645892351275
17,1277,21,1.24645892351275
17,1278,114,76.8813559322034
17,1279,317,197.702127659574
17,1280,212,-101.5
17,1281,-273,-247.03488372093
17,1282,-183,-128.590361445783
17,1283,22,23.4166666666667
17,1284,5,19.5192307692308
17,1285,-5,1.24645892351275
17,1286,18,1.24645892351275
17,1287,51,-33.0975609756098
17,1288,62,152.547619047619
17,1289,411,229.142857142857
17,1290,-6,-46.037037037037
17,1291,-238,-160.444444444444
17,1292,-135,-111.341176470588
17,1293,-105,16.5714285714286
17,1294,-135,-38.9867549668874
17,1295,-80,-38.9867549668874
17,1296,-44,-38.9867549668874
17,1297,-24,1.66129032258065
17,1298,-5,7.21951219512195
17,1299,-3,1.24645892351275
17,1300,1,1.24645892351275
17,1301,27,1.24645892351275
17,1302,100,76.8813559322034
17,1303,284,197.702127659574
17,1304,158,165.522613065327
17,1305,-311,-247.03488372093
17,1306,-118,-105.173076923077
17,1307,-28,16.5714285714286
17,1308,-9,-17.8739495798319
17,1309,-46,-17.8739495798319
17,1310,-13,-38.9867549668874
17,1311,47,-17.8739495798319
17,1312,137,145.039603960396
17,1313,253,256.595505617978
17,1314,17,-209.75
17,1315,-137,-160.444444444444
17,1316,-108,-111.341176470588
17,1317,-71,-86.3333333333333
17,1318,-27,-38.9867549668874
17,1319,-92,-17.8739495798319
17,1320,-45,-38.9867549668874
17,1321,-12,1.66129032258065
17,1322,-7,7.21951219512195
17,1323,-2,1.24645892351275
17,1324,0,1.24645892351275
17,1325,26,1.24645892351275
17,1326,90,47.3589743589744
17,1327,286,197.702127659574
17,1328,271,165.522613065327
17,1329,-376,-247.03488372093
17,1330,-112,-128.590361445783
17,1331,40,23.4166666666667
17,1332,35,19.5192307692308
17,1333,-26,-33.0975609756098
17,1334,-1,-17.8739495798319
17,1335,25,1.24645892351275
17,1336,125,113.512820512821
17,1337,361,229.142857142857
17,1338,28,-101.5
17,1339,-190,-160.444444444444
17,1340,-182,-111.341176470588
17,1341,-137,16.5714285714286
17,1342,-19,-38.9867549668874
17,1343,-104,-17.8739495798319
17,1344,-80,-38.9867549668874
17,1345,-39,1.66129032258065
17,1346,-4,1.66129032258065
17,1347,-11,1.24645892351275
17,1348,-7,-17.8739495798319
17,1349,22,1.24645892351275
17,1350,88,47.3589743589744
17,1351,246,197.702127659574
17,1352,341,197.702127659574
17,1353,-341,-247.03488372093
17,1354,-122,-128.590361445783
17,1355,17,23.4166666666667
17,1356,108,19.5192307692308
17,1357,19,-11.875
17,1358,13,-33.0975609756098
17,1359,13,-33.0975609756098
17,1360,173,113.512820512821
17,1361,239,229.142857142857
17,1362,-151,-101.5
17,1363,-176,-128.590361445783
17,1364,-151,23.4166666666667
17,1365,-54,-86.3333333333333
17,1366,-85,-38.9867549668874
17,1367,-15,-38.9867549668874
17,1368,-45,-17.8739495798319
17,1369,-54,1.66129032258065
17,1370,-7,1.66129032258065
17,1371,-52,1.24645892351275
17,1372,-20,1.66129032258065
17,1373,-8,-17.8739495798319
17,1374,30,1.24645892351275
17,1375,45,47.3589743589744
17,1376,125,145.039603960396
17,1377,130,165.522613065327
17,1378,151,-209.75
17,1379,126,-209.75
17,1380,32,-209.75
17,1381,9,-42.3888888888889
17,1382,-40,1.24645892351275
17,1383,19,-38.9867549668874
17,1384,11,-33.0975609756098
17,1385,-71,-33.0975609756098
17,1386,-152,-38.9867549668874
17,1387,-362,-38.9867549668874
17,1388,-15,-38.9867549668874
17,1389,63,-17.8739495798319
17,1390,8,117.777777777778
17,1391,-19,1.24645892351275
17,1392,26,-17.8739495798319
17,1393,-44,76.8813559322034
17,1394,-17,-38.9867549668874
17,1395,-16,-17.8739495798319
17,1396,-33,-17.8739495798319
17,1397,-1,-38.9867549668874
17,1398,6,1.24645892351275
17,1399,12,1.24645892351275
17,1400,27,47.3589743589744
17,1401,28,76.8813559322034
17,1402,-11,47.3589743589744
17,1403,9,-17.8739495798319
17,1404,-16,1.24645892351275
17,1405,-9,-17.8739495798319
17,1406,1,-17.8739495798319
17,1407,-15,1.24645892351275
17,1408,-2,-17.8739495798319
17,1409,-9,1.24645892351275
17,1410,12,-17.8739495798319
17,1411,-4,47.3589743589744
17,1412,0,1.24645892351275
17,1413,-24,1.24645892351275
17,1414,2,-17.8739495798319
17,1415,4,1.24645892351275
17,1416,-11,1.24645892351275
17,1417,-4,-17.8739495798319
17,1418,2,1.24645892351275
17,1419,-3,1.24645892351275
17,1420,2,1.24645892351275
17,1421,11,1.24645892351275
17,1422,31,47.3589743589744
17,1423,162,47.3589743589744
17,1424,275,-142.5
17,1425,-210,-101.5
17,1426,-172,-128.590361445783
17,1427,1,23.4166666666667
17,1428,28,1.24645892351275
17,1429,-22,19.5192307692308
17,1430,7,-17.8739495798319
17,1431,-2,1.24645892351275
17,1432,-9,113.512820512821
17,1433,129,7.21951219512195
17,1434,147,117.777777777778
17,1435,-81,-101.5
17,1436,-95,-105.173076923077
17,1437,-51,-38.9867549668874
17,1438,-63,-38.9867549668874
17,1439,-30,-38.9867549668874
17,1440,-46,-38.9867549668874
17,1441,-6,1.66129032258065
17,1442,-4,7.21951219512195
17,1443,-1,7.21951219512195
17,1444,1,1.24645892351275
17,1445,19,1.24645892351275
17,1446,98,76.8813559322034
17,1447,270,197.702127659574
17,1448,221,-46.037037037037
17,1449,-303,-247.03488372093
17,1450,-146,-128.590361445783
17,1451,22,23.4166666666667
17,1452,40,19.5192307692308
17,1453,0,-33.0975609756098
17,1454,-8,1.24645892351275
17,1455,20,1.24645892351275
17,1456,126,113.512820512821
17,1457,329,229.142857142857
17,1458,-59,-101.5
17,1459,-150,-160.444444444444
17,1460,-197,-111.341176470588
17,1461,-59,-86.3333333333333
17,1462,-69,16.5714285714286
17,1463,-84,-38.9867549668874
17,1464,-37,-38.9867549668874
17,1465,-11,1.66129032258065
17,1466,-18,7.21951219512195
17,1467,-4,-17.8739495798319
17,1468,3,1.24645892351275
17,1469,18,1.24645892351275
17,1470,82,76.8813559322034
17,1471,283,197.702127659574
17,1472,265,165.522613065327
17,1473,-333,-247.03488372093
17,1474,-139,-128.590361445783
17,1475,37,23.4166666666667
17,1476,50,19.5192307692308
17,1477,-41,-11.875
17,1478,-5,-38.9867549668874
17,1479,6,1.24645892351275
17,1480,147,113.512820512821
17,1481,356,229.142857142857
17,1482,-23,-101.5
17,1483,-166,-160.444444444444
17,1484,-163,-111.341176470588
17,1485,-141,-86.3333333333333
17,1486,-47,-38.9867549668874
17,1487,-88,-38.9867549668874
17,1488,-61,-38.9867549668874
17,1489,-20,1.66129032258065
17,1490,-10,7.21951219512195
17,1491,-7,-17.8739495798319
17,1492,-3,1.24645892351275
17,1493,14,1.24645892351275
17,1494,110,76.8813559322034
17,1495,98,197.702127659574
17,1496,137,165.522613065327
17,1497,-161,-41.5
17,1498,-62,-105.173076923077
17,1499,12,-38.9867549668874
17,1500,53,19.5192307692308
17,1501,-7,-11.875
17,1502,-28,1.24645892351275
17,1503,35,-17.8739495798319
17,1504,114,47.3589743589744
17,1505,296,197.702127659574
17,1506,50,-101.5
17,1507,-200,-160.444444444444
17,1508,-127,-111.341176470588
17,1509,-87,16.5714285714286
17,1510,-67,-38.9867549668874
17,1511,-71,-38.9867549668874
17,1512,-39,-38.9867549668874
17,1513,-38,1.66129032258065
17,1514,-13,1.66129032258065
17,1515,-19,-17.8739495798319
17,1516,3,-17.8739495798319
17,1517,13,1.24645892351275
17,1518,101,76.8813559322034
17,1519,195,197.702127659574
17,1520,277,197.702127659574
17,1521,-258,-247.03488372093
17,1522,-98,-128.590361445783
17,1523,-3,23.4166666666667
17,1524,74,1.24645892351275
17,1525,-1,-11.875
17,1526,-6,1.24645892351275
17,1527,24,1.24645892351275
17,1528,116,113.512820512821
17,1529,262,229.142857142857
17,1530,-48,-101.5
17,1531,-213,-160.444444444444
17,1532,-152,-111.341176470588
17,1533,-81,16.5714285714286
17,1534,-50,-38.9867549668874
17,1535,-42,-38.9867549668874
17,1536,-13,-38.9867549668874
17,1537,-36,-17.8739495798319
17,1538,-10,1.66129032258065
17,1539,-31,-17.8739495798319
17,1540,-24,-38.9867549668874
17,1541,3,-17.8739495798319
17,1542,23,1.24645892351275
17,1543,27,76.8813559322034
17,1544,103,47.3589743589744
17,1545,56,165.522613065327
17,1546,77,71.7567567567568
17,1547,67,71.7567567567568
17,1548,23,7.33333333333333
17,1549,8,19.5192307692308
17,1550,51,1.24645892351275
17,1551,-32,-11.875
17,1552,-32,-38.9867549668874
17,1553,-54,-38.9867549668874
17,1554,-232,-38.9867549668874
17,1555,49,-38.9867549668874
17,1556,-37,-11.875
17,1557,-18,-38.9867549668874
17,1558,-1,-17.8739495798319
17,1559,-41,1.24645892351275
17,1560,-6,1.66129032258065
17,1561,6,1.24645892351275
17,1562,-2,1.24645892351275
17,1563,-24,1.24645892351275
17,1564,-12,-17.8739495798319
17,1565,2,-17.8739495798319
17,1566,1,1.24645892351275
17,1567,20,1.24645892351275
17,1568,80,47.3589743589744
17,1569,78,117.892857142857
17,1570,195,165.522613065327
17,1571,31,-41.5
17,1572,173,-160.444444444444
17,1573,11,-142.5
17,1574,58,-160.444444444444
17,1575,-50,-11.875
17,1576,-16,-38.9867549668874
17,1577,-65,-17.8739495798319
17,1578,-35,-38.9867549668874
17,1579,-112,-38.9867549668874
17,1580,-132,-38.9867549668874
17,1581,-39,-38.9867549668874
17,1582,-96,-38.9867549668874
17,1583,-26,1.66129032258065
17,1584,-34,-17.8739495798319
17,1585,-24,1.66129032258065
17,1586,-16,-17.8739495798319
17,1587,-4,-17.8739495798319
17,1588,-2,1.24645892351275
17,1589,18,1.24645892351275
17,1590,103,76.8813559322034
17,1591,226,165.522613065327
17,1592,247,165.522613065327
17,1593,-328,-247.03488372093
17,1594,-111,-128.590361445783
17,1595,6,23.4166666666667
17,1596,62,1.24645892351275
17,1597,22,-11.875
17,1598,-29,-33.0975609756098
17,1599,13,1.66129032258065
17,1600,116,113.512820512821
17,1601,336,229.142857142857
17,1602,-19,-101.5
17,1603,-193,-160.444444444444
17,1604,-162,-111.341176470588
17,1605,-88,16.5714285714286
17,1606,-87,-38.9867549668874
17,1607,-74,-38.9867549668874
17,1608,-25,-38.9867549668874
17,1609,-14,-17.8739495798319
17,1610,-13,7.21951219512195
17,1611,-5,-17.8739495798319
17,1612,5,1.24645892351275
17,1613,9,1.24645892351275
17,1614,9,1.24645892351275
17,1615,143,1.24645892351275
17,1616,388,112.269230769231
17,1617,-208,-101.5
17,1618,-175,-128.590361445783
17,1619,55,23.4166666666667
17,1620,40,-11.875
17,1621,-20,19.5192307692308
17,1622,-45,-17.8739495798319
17,1623,30,1.66129032258065
17,1624,120,113.512820512821
17,1625,327,161.944444444444
17,1626,62,-101.5
17,1627,-256,-160.444444444444
17,1628,-152,-111.341176470588
17,1629,-53,16.5714285714286
17,1630,-71,-38.9867549668874
17,1631,-116,-38.9867549668874
17,1632,-48,-38.9867549668874
17,1633,-32,1.66129032258065
17,1634,1,1.66129032258065
17,1635,-10,1.24645892351275
17,1636,-2,-17.8739495798319
17,1637,29,1.24645892351275
17,1638,87,76.8813559322034
17,1639,238,197.702127659574
17,1640,308,165.522613065327
17,1641,-351,-247.03488372093
17,1642,-140,-128.590361445783
17,1643,9,23.4166666666667
17,1644,61,1.24645892351275
17,1645,-17,-11.875
17,1646,12,-17.8739495798319
17,1647,16,-33.0975609756098
17,1648,111,113.512820512821
17,1649,362,229.142857142857
17,1650,84,-101.5
17,1651,-309,-160.444444444444
17,1652,-166,-111.341176470588
17,1653,-99,16.5714285714286
17,1654,-66,-38.9867549668874
17,1655,-75,-38.9867549668874
17,1656,-8,-38.9867549668874
17,1657,-66,1.24645892351275
17,1658,-7,1.66129032258065
17,1659,-11,1.24645892351275
17,1660,-4,-17.8739495798319
17,1661,19,1.24645892351275
17,1662,115,76.8813559322034
17,1663,248,165.522613065327
17,1664,243,-101.5
17,1665,-323,-247.03488372093
17,1666,-136,-128.590361445783
17,1667,33,23.4166666666667
17,1668,100,19.5192307692308
17,1669,-36,-11.875
17,1670,-61,-38.9867549668874
17,1671,79,1.66129032258065
17,1672,87,152.547619047619
17,1673,334,229.142857142857
17,1674,2,-46.037037037037
17,1675,-184,-160.444444444444
17,1676,-102,-111.341176470588
17,1677,-121,-86.3333333333333
17,1678,-53,-38.9867549668874
17,1679,-125,-38.9867549668874
17,1680,-32,-38.9867549668874
17,1681,-41,1.66129032258065
17,1682,-37,1.66129032258065
17,1683,3,1.66129032258065
17,1684,-10,1.24645892351275
17,1685,20,-17.8739495798319
17,1686,111,76.8813559322034
17,1687,221,165.522613065327
17,1688,262,-101.5
17,1689,-324,-247.03488372093
17,1690,-95,-128.590361445783
17,1691,59,23.4166666666667
17,1692,-87,117.777777777778
17,1693,107,-38.9867549668874
17,1694,-36,-11.875
17,1695,101,1.66129032258065
17,1696,97,197.702127659574
17,1697,203,229.142857142857
17,1698,-2,117.892857142857
17,1699,-189,-160.444444444444
17,1700,-139,-111.341176470588
17,1701,-78,-38.9867549668874
17,1702,-3,-38.9867549668874
17,1703,24,1.24645892351275
17,1704,-103,-33.0975609756098
17,1705,-46,1.66129032258065
17,1706,-32,1.66129032258065
17,1707,-43,1.66129032258065
17,1708,-23,-38.9867549668874
17,1709,13,-17.8739495798319
17,1710,20,19.5192307692308
17,1711,45,47.3589743589744
17,1712,110,145.039603960396
17,1713,87,-41.5
17,1714,148,152.547619047619
17,1715,143,-41.5
17,1716,-25,-209.75
17,1717,-26,-105.173076923077
17,1718,-96,-17.8739495798319
17,1719,113,-38.9867549668874
17,1720,-1,-11.875
17,1721,-38,-42.3888888888889
17,1722,-68,-38.9867549668874
17,1723,-29,-38.9867549668874
17,1724,-96,1.66129032258065
17,1725,-40,-38.9867549668874
17,1726,-52,-38.9867549668874
17,1727,-68,-38.9867549668874
17,1728,-15,1.66129032258065
17,1729,-13,-17.8739495798319
17,1730,-28,-17.8739495798319
17,1731,-65,-17.8739495798319
17,1732,-12,-38.9867549668874
17,1733,-5,-17.8739495798319
17,1734,6,1.24645892351275
17,1735,19,1.24645892351275
17,1736,78,47.3589743589744
17,1737,77,165.522613065327
17,1738,142,152.547619047619
17,1739,81,-41.5
17,1740,144,-105.173076923077
17,1741,7,-11.875
17,1742,-47,-105.173076923077
17,1743,53,-38.9867549668874
17,1744,-27,-11.875
17,1745,-33,-17.8739495798319
17,1746,-48,-38.9867549668874
17,1747,-80,-38.9867549668874
17,1748,-107,-38.9867549668874
17,1749,-73,-38.9867549668874
17,1750,-46,-38.9867549668874
17,1751,-55,-38.9867549668874
17,1752,-68,-38.9867549668874
17,1753,-25,1.66129032258065
17,1754,-3,-17.8739495798319
17,1755,-1,1.24645892351275
17,1756,-3,1.24645892351275
17,1757,21,1.24645892351275
17,1758,119,76.8813559322034
17,1759,243,197.702127659574
17,1760,254,-101.5
17,1761,-289,-247.03488372093
17,1762,-160,-128.590361445783
17,1763,23,23.4166666666667
17,1764,50,19.5192307692308
17,1765,9,-11.875
17,1766,-33,1.24645892351275
17,1767,23,1.66129032258065
17,1768,126,113.512820512821
17,1769,381,229.142857142857
17,1770,-89,-101.5
17,1771,-134,-128.590361445783
17,1772,-223,-111.341176470588
17,1773,-76,-86.3333333333333
17,1774,-74,16.5714285714286
17,1775,-60,-38.9867549668874
17,1776,-75,1.66129032258065
17,1777,-29,1.66129032258065
17,1778,7,1.66129032258065
17,1779,-10,1.24645892351275
17,1780,-1,-17.8739495798319
17,1781,15,1.24645892351275
17,1782,145,76.8813559322034
17,1783,298,197.702127659574
17,1784,178,-101.5
17,1785,-346,-247.03488372093
17,1786,-138,-128.590361445783
17,1787,60,23.4166666666667
17,1788,46,-11.875
17,1789,-44,-11.875
17,1790,-148,-38.9867549668874
17,1791,63,1.66129032258065
17,1792,255,152.547619047619
17,1793,328,256.595505617978
17,1794,-7,-247.03488372093
17,1795,-252,-160.444444444444
17,1796,-156,-111.341176470588
17,1797,-79,16.5714285714286
17,1798,-76,-38.9867549668874
17,1799,-84,-38.9867549668874
17,1800,-28,-38.9867549668874
17,1801,-21,7.21951219512195
17,1802,-13,7.21951219512195
17,1803,1,-17.8739495798319
17,1804,3,1.24645892351275
17,1805,23,1.24645892351275
17,1806,98,76.8813559322034
17,1807,292,165.522613065327
17,1808,204,165.522613065327
17,1809,-297,-247.03488372093
17,1810,-172,-128.590361445783
17,1811,48,23.4166666666667
17,1812,79,-11.875
17,1813,-14,-11.875
17,1814,-23,-17.8739495798319
17,1815,16,-17.8739495798319
17,1816,98,113.512820512821
17,1817,348,229.142857142857
17,1818,-333,-46.037037037037
17,1819,-274,-128.590361445783
17,1820,-47,23.4166666666667
17,1821,-17,16.5714285714286
17,1822,33,-17.8739495798319
17,1823,-12,-33.0975609756098
17,1824,-22,-17.8739495798319
17,1825,-22,-17.8739495798319
17,1826,-8,113.512820512821
17,1827,0,1.24645892351275
17,1828,-1,1.24645892351275
17,1829,22,1.24645892351275
17,1830,115,47.3589743589744
17,1831,262,165.522613065327
17,1832,229,-101.5
17,1833,-269,-247.03488372093
17,1834,-207,-128.590361445783
17,1835,102,23.4166666666667
17,1836,16,-11.875
17,1837,46,-33.0975609756098
17,1838,-71,-11.875
17,1839,24,1.66129032258065
17,1840,150,113.512820512821
17,1841,311,229.142857142857
17,1842,38,-101.5
17,1843,-217,-160.444444444444
17,1844,-179,-111.341176470588
17,1845,-144,16.5714285714286
17,1846,2,-38.9867549668874
17,1847,-97,1.24645892351275
17,1848,-71,-38.9867549668874
17,1849,-18,1.66129032258065
17,1850,-15,113.512820512821
17,1851,-18,-17.8739495798319
17,1852,-4,-17.8739495798319
17,1853,17,1.24645892351275
17,1854,109,47.3589743589744
17,1855,216,197.702127659574
17,1856,269,165.522613065327
17,1857,-298,-247.03488372093
17,1858,-112,-128.590361445783
17,1859,81,23.4166666666667
17,1860,57,-11.875
17,1861,15,-11.875
17,1862,-29,-33.0975609756098
17,1863,105,1.66129032258065
17,1864,86,152.547619047619
17,1865,254,229.142857142857
17,1866,-183,-46.037037037037
17,1867,-93,-128.590361445783
17,1868,-162,23.4166666666667
17,1869,-71,-86.3333333333333
17,1870,-36,-38.9867549668874
17,1871,-54,-38.9867549668874
17,1872,-44,1.66129032258065
17,1873,-43,1.66129032258065
17,1874,-37,1.66129032258065
17,1875,-22,1.66129032258065
17,1876,-25,-17.8739495798319
17,1877,4,-17.8739495798319
17,1878,20,1.24645892351275
17,1879,34,76.8813559322034
17,1880,111,76.8813559322034
17,1881,157,152.547619047619
17,1882,76,-101.5
17,1883,111,-105.173076923077
17,1884,37,7.33333333333333
17,1885,100,-42.3888888888889
17,1886,-44,-11.875
17,1887,-25,-38.9867549668874
17,1888,1,-17.8739495798319
17,1889,-15,1.24645892351275
17,1890,-30,7.21951219512195
17,1891,-107,-38.9867549668874
17,1892,-152,-38.9867549668874
17,1893,-57,-38.9867549668874
17,1894,44,-38.9867549668874
17,1895,-98,117.892857142857
17,1896,-78,-38.9867549668874
17,1897,-4,1.66129032258065
17,1898,-12,1.24645892351275
17,1899,-54,-17.8739495798319
17,1900,-19,-38.9867549668874
17,1901,3,-17.8739495798319
17,1902,9,1.24645892351275
17,1903,39,1.24645892351275
17,1904,96,76.8813559322034
17,1905,66,165.522613065327
17,1906,128,152.547619047619
17,1907,78,-41.5
17,1908,103,-105.173076923077
17,1909,71,-11.875
17,1910,-50,-11.875
17,1911,-53,-38.9867549668874
17,1912,65,-38.9867549668874
17,1913,-86,-11.875
17,1914,-89,-38.9867549668874
17,1915,-50,-38.9867549668874
17,1916,-109,-38.9867549668874
17,1917,-61,-38.9867549668874
17,1918,-38,-38.9867549668874
17,1919,-57,1.66129032258065
17,1920,-39,1.66129032258065
17,1921,-24,-38.9867549668874
17,1922,-9,-17.8739495798319
17,1923,0,-17.8739495798319
17,1924,4,1.24645892351275
17,1925,20,1.24645892351275
17,1926,39,76.8813559322034
17,1927,10,76.8813559322034
17,1928,81,1.24645892351275
17,1929,-46,71.7567567567568
17,1930,-51,-38.9867549668874
17,1931,20,-38.9867549668874
17,1932,106,19.5192307692308
17,1933,-9,-11.875
17,1934,-5,-17.8739495798319
17,1935,25,1.24645892351275
17,1936,-85,47.3589743589744
17,1937,118,-38.9867549668874
17,1938,71,7.33333333333333
17,1939,4,-42.3888888888889
17,1940,-115,1.24645892351275
17,1941,-37,-38.9867549668874
17,1942,-23,1.66129032258065
17,1943,-54,-17.8739495798319
17,1944,-43,-38.9867549668874
17,1945,-13,-38.9867549668874
17,1946,-15,-17.8739495798319
17,1947,2,-17.8739495798319
17,1948,-1,1.24645892351275
17,1949,3,1.24645892351275
17,1950,16,1.24645892351275
17,1951,68,76.8813559322034
17,1952,317,145.039603960396
17,1953,-54,165.522613065327
17,1954,-184,-160.444444444444
17,1955,53,-111.341176470588
17,1956,40,-11.875
17,1957,-25,19.5192307692308
17,1958,-55,-17.8739495798319
17,1959,72,-38.9867549668874
17,1960,118,152.547619047619
17,1961,304,197.702127659574
17,1962,55,-209.75
17,1963,-221,-160.444444444444
17,1964,-249,-111.341176470588
17,1965,-154,16.5714285714286
17,1966,-26,16.5714285714286
17,1967,-12,-17.8739495798319
17,1968,-32,-17.8739495798319
17,1969,-18,1.66129032258065
17,1970,-2,7.21951219512195
17,1971,-13,1.24645892351275
17,1972,-2,-17.8739495798319
17,1973,34,1.24645892351275
17,1974,120,47.3589743589744
17,1975,282,165.522613065327
17,1976,210,-101.5
17,1977,-303,-247.03488372093
17,1978,-155,-128.590361445783
17,1979,75,23.4166666666667
17,1980,63,-11.875
17,1981,20,-11.875
17,1982,-87,-33.0975609756098
17,1983,11,1.66129032258065
17,1984,172,113.512820512821
17,1985,427,229.142857142857
17,1986,-27,-101.5
17,1987,-256,-160.444444444444
17,1988,-131,-111.341176470588
17,1989,-66,16.5714285714286
17,1990,-107,-38.9867549668874
17,1991,-153,-38.9867549668874
17,1992,-54,-38.9867549668874
17,1993,-51,1.66129032258065
17,1994,-12,1.66129032258065
17,1995,-13,-17.8739495798319
17,1996,13,-17.8739495798319
17,1997,19,76.8813559322034
17,1998,124,76.8813559322034
17,1999,315,197.702127659574
17,2000,160,-101.5
17,2001,-288,-247.03488372093
17,2002,-141,-105.173076923077
17,2003,74,16.5714285714286
17,2004,69,-11.875
17,2005,-21,-11.875
17,2006,-57,-17.8739495798319
17,2007,46,1.66129032258065
17,2008,114,152.547619047619
17,2009,422,256.595505617978
17,2010,16,-209.75
17,2011,-331,-160.444444444444
17,2012,-91,-111.341176470588
17,2013,-147,16.5714285714286
17,2014,-48,-38.9867549668874
17,2015,-85,-38.9867549668874
17,2016,-96,-38.9867549668874
17,2017,-21,1.66129032258065
17,2018,-28,7.21951219512195
17,2019,-7,-17.8739495798319
17,2020,-3,1.24645892351275
17,2021,23,1.24645892351275
17,2022,148,76.8813559322034
17,2023,333,197.702127659574
17,2024,230,-101.5
17,2025,-384,-247.03488372093
17,2026,-106,-128.590361445783
17,2027,79,23.4166666666667
17,2028,26,-11.875
17,2029,35,-33.0975609756098
17,2030,-45,-33.0975609756098
17,2031,41,1.66129032258065
17,2032,177,113.512820512821
17,2033,244,229.142857142857
17,2034,-143,-101.5
17,2035,-186,-128.590361445783
17,2036,-146,-111.341176470588
17,2037,-79,-86.3333333333333
17,2038,-7,-38.9867549668874
17,2039,-77,1.24645892351275
17,2040,-26,1.66129032258065
17,2041,-44,7.21951219512195
17,2042,-35,1.66129032258065
17,2043,-36,1.66129032258065
17,2044,-19,-38.9867549668874
17,2045,-2,-17.8739495798319
17,2046,38,1.24645892351275
17,2047,45,76.8813559322034
17,2048,100,145.039603960396
17,2049,97,197.702127659574
17,2050,160,152.547619047619
17,2051,134,-41.5
17,2052,56,-209.75
17,2053,62,-105.173076923077
17,2054,26,-11.875
17,2055,-58,-33.0975609756098
17,2056,-30,-38.9867549668874
17,2057,-16,-38.9867549668874
17,2058,19,-17.8739495798319
17,2059,-213,7.21951219512195
17,2060,-117,-38.9867549668874
17,2061,-56,16.5714285714286
17,2062,79,-38.9867549668874
17,2063,-99,165.522613065327
17,2064,-69,-38.9867549668874
17,2065,-40,1.66129032258065
17,2066,-32,1.66129032258065
17,2067,-32,-38.9867549668874
17,2068,-50,-38.9867549668874
17,2069,-8,1.66129032258065
17,2070,17,1.24645892351275
17,2071,65,76.8813559322034
17,2072,81,145.039603960396
17,2073,142,165.522613065327
17,2074,119,-41.5
17,2075,149,-209.75
17,2076,56,-209.75
17,2077,-30,-105.173076923077
17,2078,-64,-38.9867549668874
17,2079,-41,-38.9867549668874
17,2080,75,-38.9867549668874
17,2081,-28,-11.875
17,2082,-75,7.21951219512195
17,2083,-72,-38.9867549668874
17,2084,-128,1.66129032258065
17,2085,-41,-38.9867549668874
17,2086,-88,-38.9867549668874
17,2087,-59,-38.9867549668874
17,2088,-46,1.66129032258065
17,2089,-25,1.66129032258065
17,2090,-4,-17.8739495798319
17,2091,-9,1.24645892351275
17,2092,5,-17.8739495798319
17,2093,8,1.24645892351275
17,2094,64,1.24645892351275
17,2095,74,145.039603960396
17,2096,117,112.269230769231
17,2097,-84,117.892857142857
17,2098,-87,-42.3888888888889
17,2099,7,-38.9867549668874
17,2100,64,1.24645892351275
17,2101,14,-11.875
17,2102,-4,-33.0975609756098
17,2103,45,1.24645892351275
17,2104,90,152.547619047619
17,2105,193,152.547619047619
17,2106,22,-46.037037037037
17,2107,-82,-160.444444444444
17,2108,-112,-111.341176470588
17,2109,-95,-38.9867549668874
17,2110,-99,-38.9867549668874
17,2111,-45,-38.9867549668874
17,2112,-61,-38.9867549668874
17,2113,-9,1.66129032258065
17,2114,-16,7.21951219512195
17,2115,-6,-17.8739495798319
17,2116,2,1.24645892351275
17,2117,10,1.24645892351275
17,2118,120,1.24645892351275
17,2119,187,197.702127659574
17,2120,266,-101.5
17,2121,-257,-247.03488372093
17,2122,-133,-128.590361445783
17,2123,-11,23.4166666666667
17,2124,65,-17.8739495798319
17,2125,-11,-11.875
17,2126,-21,-17.8739495798319
17,2127,23,-17.8739495798319
17,2128,141,113.512820512821
17,2129,399,229.142857142857
17,2130,0,-101.5
17,2131,-421,-160.444444444444
17,2132,9,-111.341176470588
17,2133,-112,1.24645892351275
17,2134,-87,-38.9867549668874
17,2135,-69,-38.9867549668874
17,2136,-58,-38.9867549668874
17,2137,-15,1.66129032258065
17,2138,-20,7.21951219512195
17,2139,-7,-17.8739495798319
17,2140,-2,1.24645892351275
17,2141,32,1.24645892351275
17,2142,125,76.8813559322034
17,2143,308,197.702127659574
17,2144,251,-101.5
17,2145,-422,-247.03488372093
17,2146,-106,-128.590361445783
17,2147,6,23.4166666666667
17,2148,51,1.24645892351275
17,2149,22,-11.875
17,2150,-22,-33.0975609756098
17,2151,9,-17.8739495798319
17,2152,21,113.512820512821
17,2153,7,113.512820512821
17,2154,42,1.24645892351275
17,2155,49,-11.875
17,2156,-81,117.892857142857
17,2157,-50,-38.9867549668874
17,2158,-86,-38.9867549668874
17,2159,-53,-38.9867549668874
17,2160,-50,-38.9867549668874
17,2161,-26,-38.9867549668874
17,2162,-14,-17.8739495798319
17,2163,-12,-17.8739495798319
17,2164,1,-17.8739495798319
17,2165,25,1.24645892351275
17,2166,126,76.8813559322034
17,2167,259,197.702127659574
17,2168,277,-101.5
17,2169,-391,-247.03488372093
17,2170,-116,-128.590361445783
17,2171,36,23.4166666666667
17,2172,68,19.5192307692308
17,2173,13,-11.875
17,2174,-50,-33.0975609756098
17,2175,39,1.66129032258065
17,2176,99,113.512820512821
17,2177,408,229.142857142857
17,2178,-46,-46.037037037037
17,2179,-260,-160.444444444444
17,2180,-94,-111.341176470588
17,2181,-113,16.5714285714286
17,2182,-42,-38.9867549668874
17,2183,-76,-38.9867549668874
17,2184,-94,-38.9867549668874
17,2185,-31,1.66129032258065
17,2186,-19,1.66129032258065
17,2187,-9,-17.8739495798319
17,2188,-5,-17.8739495798319
17,2189,21,1.24645892351275
17,2190,83,76.8813559322034
17,2191,246,197.702127659574
17,2192,224,165.522613065327
17,2193,-243,-247.03488372093
17,2194,-108,-128.590361445783
17,2195,51,23.4166666666667
17,2196,38,-11.875
17,2197,12,-33.0975609756098
17,2198,34,-33.0975609756098
17,2199,99,-33.0975609756098
17,2200,118,152.547619047619
17,2201,69,229.142857142857
17,2202,-131,-42.3888888888889
17,2203,-118,-38.9867549668874
17,2204,-54,-38.9867549668874
17,2205,-95,-38.9867549668874
17,2206,-43,-38.9867549668874
17,2207,-46,-38.9867549668874
17,2208,-50,1.66129032258065
17,2209,-34,1.66129032258065
17,2210,-18,-38.9867549668874
17,2211,-33,-17.8739495798319
17,2212,-29,-38.9867549668874
17,2213,8,-38.9867549668874
17,2214,21,1.24645892351275
17,2215,23,76.8813559322034
17,2216,87,150.8
17,2217,148,112.269230769231
17,2218,148,-41.5
17,2219,83,-209.75
17,2220,9,-105.173076923077
17,2221,10,1.24645892351275
17,2222,25,1.24645892351275
17,2223,-51,-33.0975609756098
17,2224,-9,-38.9867549668874
17,2225,-42,-17.8739495798319
17,2226,-47,-38.9867549668874
17,2227,-42,-38.9867549668874
17,2228,-118,-38.9867549668874
17,2229,-4,-38.9867549668874
17,2230,-47,1.24645892351275
17,2231,-54,-38.9867549668874
17,2232,-13,-38.9867549668874
17,2233,-59,-17.8739495798319
17,2234,-17,1.66129032258065
17,2235,-25,-17.8739495798319
17,2236,-25,-17.8739495798319
17,2237,-4,-17.8739495798319
17,2238,15,1.24645892351275
17,2239,30,76.8813559322034
17,2240,99,47.3589743589744
17,2241,119,165.522613065327
17,2242,154,-41.5
17,2243,95,-209.75
17,2244,51,-209.75
17,2245,-72,-11.875
17,2246,49,-38.9867549668874
17,2247,-12,-11.875
17,2248,-34,-17.8739495798319
17,2249,21,-38.9867549668874
17,2250,-4,-33.0975609756098
17,2251,-76,113.512820512821
17,2252,-50,-38.9867549668874
17,2253,-249,-38.9867549668874
17,2254,-84,-38.9867549668874
17,2255,37,16.5714285714286
17,2256,-31,19.5192307692308
17,2257,-6,1.66129032258065
17,2258,-11,1.24645892351275
17,2259,-30,-17.8739495798319
17,2260,-12,1.66129032258065
17,2261,3,-17.8739495798319
17,2262,11,1.24645892351275
17,2263,47,47.3589743589744
17,2264,88,117.892857142857
17,2265,108,165.522613065327
17,2266,101,-41.5
17,2267,112,71.7567567567568
17,2268,49,7.33333333333333
17,2269,31,-42.3888888888889
17,2270,-91,19.5192307692308
17,2271,-5,-38.9867549668874
17,2272,41,1.24645892351275
17,2273,-96,-33.0975609756098
17,2274,-22,-38.9867549668874
17,2275,12,-17.8739495798319
17,2276,-78,-33.0975609756098
17,2277,-70,-38.9867549668874
17,2278,-90,-38.9867549668874
17,2279,-75,1.66129032258065
17,2280,-37,-38.9867549668874
17,2281,-31,-38.9867549668874
17,2282,-6,1.66129032258065
17,2283,-5,1.24645892351275
17,2284,2,1.24645892351275
17,2285,28,1.24645892351275
17,2286,121,76.8813559322034
17,2287,296,197.702127659574
17,2288,184,-101.5
17,2289,-377,-247.03488372093
17,2290,-74,-128.590361445783
17,2291,14,23.4166666666667
17,2292,40,19.5192307692308
17,2293,2,-33.0975609756098
17,2294,-1,1.24645892351275
17,2295,18,1.24645892351275
17,2296,137,113.512820512821
17,2297,388,229.142857142857
17,2298,-71,-101.5
17,2299,-184,-160.444444444444
17,2300,-322,-111.341176470588
17,2301,-133,-86.3333333333333
17,2302,-16,16.5714285714286
17,2303,-5,-17.8739495798319
17,2304,-14,1.24645892351275
17,2305,-32,7.21951219512195
17,2306,1,1.66129032258065
17,2307,0,1.24645892351275
17,2308,1,1.24645892351275
17,2309,35,1.24645892351275
17,2310,103,47.3589743589744
17,2311,339,165.522613065327
17,2312,188,165.522613065327
17,2313,-366,-247.03488372093
17,2314,-128,-128.590361445783
17,2315,31,23.4166666666667
17,2316,45,19.5192307692308
17,2317,36,-11.875
17,2318,-37,-33.0975609756098
17,2319,23,1.66129032258065
17,2320,123,113.512820512821
17,2321,441,229.142857142857
17,2322,-43,-101.5
17,2323,-240,-160.444444444444
17,2324,-125,-111.341176470588
17,2325,-127,16.5714285714286
17,2326,-87,-38.9867549668874
17,2327,-57,-38.9867549668874
17,2328,-99,-38.9867549668874
17,2329,-35,1.66129032258065
17,2330,-12,1.66129032258065
17,2331,-6,-17.8739495798319
17,2332,0,1.24645892351275
17,2333,25,1.24645892351275
17,2334,145,76.8813559322034
17,2335,329,197.702127659574
17,2336,186,-101.5
17,2337,-382,-247.03488372093
17,2338,-91,-128.590361445783
17,2339,-2,23.4166666666667
17,2340,74,1.24645892351275
17,2341,1,-11.875
17,2342,-39,1.24645892351275
17,2343,36,1.66129032258065
17,2344,197,113.512820512821
17,2345,340,229.142857142857
17,2346,-42,-101.5
17,2347,-194,-160.444444444444
17,2348,-112,-111.341176470588
17,2349,-120,16.5714285714286
17,2350,-95,-38.9867549668874
17,2351,-124,-38.9867549668874
17,2352,-54,-38.9867549668874
17,2353,-52,1.66129032258065
17,2354,-18,1.66129032258065
17,2355,-12,-17.8739495798319
17,2356,2,-17.8739495798319
17,2357,39,1.24645892351275
17,2358,96,76.8813559322034
17,2359,261,197.702127659574
17,2360,292,197.702127659574
17,2361,-396,-247.03488372093
17,2362,-94,-128.590361445783
17,2363,31,23.4166666666667
17,2364,75,19.5192307692308
17,2365,6,-11.875
17,2366,-62,1.24645892351275
17,2367,4,1.66129032258065
17,2368,-36,113.512820512821
17,2369,5,-38.9867549668874
17,2370,-117,1.24645892351275
17,2371,-65,-38.9867549668874
17,2372,-6,-38.9867549668874
17,2373,46,1.24645892351275
17,2374,-62,117.892857142857
17,2375,50,-38.9867549668874
17,2376,13,117.892857142857
17,2377,-10,47.3589743589744
17,2378,-35,-17.8739495798319
17,2379,-15,-38.9867549668874
17,2380,-13,-17.8739495798319
17,2381,-1,-17.8739495798319
17,2382,24,1.24645892351275
17,2383,50,-33.0975609756098
17,2384,124,145.039603960396
17,2385,122,197.702127659574
17,2386,161,-209.75
17,2387,43,-209.75
17,2388,132,-105.173076923077
17,2389,11,-11.875
17,2390,-32,-105.173076923077
17,2391,55,-38.9867549668874
17,2392,-58,-11.875
17,2393,-58,-38.9867549668874
17,2394,-74,-38.9867549668874
17,2395,42,-38.9867549668874
17,2396,-155,117.892857142857
17,2397,-83,-38.9867549668874
17,2398,-88,-38.9867549668874
17,2399,10,-38.9867549668874
17,2400,-69,1.24645892351275
17,2401,-48,-38.9867549668874
17,2402,-32,1.66129032258065
17,2403,-39,1.66129032258065
17,2404,-37,1.66129032258065
17,2405,-1,-38.9867549668874
17,2406,10,1.24645892351275
17,2407,13,1.24645892351275
17,2408,105,76.8813559322034
17,2409,160,165.522613065327
17,2410,104,152.547619047619
17,2411,107,-209.75
17,2412,173,7.33333333333333
17,2413,2,-142.5
17,2414,-8,-160.444444444444
17,2415,-34,1.24645892351275
17,2416,18,-38.9867549668874
17,2417,-84,-33.0975609756098
17,2418,-82,-38.9867549668874
17,2419,-43,-38.9867549668874
17,2420,-139,-38.9867549668874
17,2421,-68,-38.9867549668874
17,2422,-20,-38.9867549668874
17,2423,-118,-17.8739495798319
17,2424,-59,1.66129032258065
17,2425,-35,-38.9867549668874
17,2426,-3,1.66129032258065
17,2427,-6,1.24645892351275
17,2428,3,1.24645892351275
17,2429,27,1.24645892351275
17,2430,104,47.3589743589744
17,2431,378,197.702127659574
17,2432,148,197.702127659574
17,2433,-383,-247.03488372093
17,2434,-95,-105.173076923077
17,2435,52,16.5714285714286
17,2436,43,-11.875
17,2437,-8,-11.875
17,2438,-4,1.24645892351275
17,2439,22,1.24645892351275
17,2440,156,113.512820512821
17,2441,386,256.595505617978
17,2442,-12,-101.5
17,2443,-177,-160.444444444444
17,2444,-184,-111.341176470588
17,2445,-196,-86.3333333333333
17,2446,-97,-38.9867549668874
17,2447,-82,16.5714285714286
17,2448,-52,-38.9867549668874
17,2449,-14,1.66129032258065
17,2450,-12,7.21951219512195
17,2451,-3,-17.8739495798319
17,2452,0,1.24645892351275
17,2453,31,1.24645892351275
17,2454,148,76.8813559322034
17,2455,385,197.702127659574
17,2456,141,-101.5
17,2457,-375,-247.03488372093
17,2458,-159,-105.173076923077
17,2459,51,16.5714285714286
17,2460,20,-11.875
17,2461,20,-33.0975609756098
17,2462,9,-33.0975609756098
17,2463,-4,113.512820512821
17,2464,201,113.512820512821
17,2465,377,256.595505617978
17,2466,-60,-101.5
17,2467,-277,-160.444444444444
17,2468,-98,-111.341176470588
17,2469,-132,16.5714285714286
17,2470,-90,-38.9867549668874
17,2471,-80,-38.9867549668874
17,2472,-64,-38.9867549668874
17,2473,-22,1.66129032258065
17,2474,-16,7.21951219512195
17,2475,-3,-17.8739495798319
17,2476,2,1.24645892351275
17,2477,28,1.24645892351275
17,2478,134,76.8813559322034
17,2479,375,197.702127659574
17,2480,121,-101.5
17,2481,-365,-247.03488372093
17,2482,-100,-42.3888888888889
17,2483,23,16.5714285714286
17,2484,89,19.5192307692308
17,2485,-12,-11.875
17,2486,-1,-17.8739495798319
17,2487,-2,113.512820512821
17,2488,152,113.512820512821
17,2489,272,256.595505617978
17,2490,58,-101.5
17,2491,-244,-160.444444444444
17,2492,-130,-111.341176470588
17,2493,-110,16.5714285714286
17,2494,-50,-38.9867549668874
17,2495,-125,-38.9867549668874
17,2496,-64,-38.9867549668874
17,2497,-37,1.66129032258065
17,2498,-10,1.66129032258065
17,2499,-7,-17.8739495798319
17,2500,1,1.24645892351275
17,2501,28,1.24645892351275
17,2502,136,76.8813559322034
17,2503,356,197.702127659574
17,2504,155,-101.5
17,2505,-344,-247.03488372093
17,2506,-127,-105.173076923077
17,2507,27,16.5714285714286
17,2508,99,19.5192307692308
17,2509,-21,-11.875
17,2510,-50,-17.8739495798319
17,2511,68,1.66129032258065
17,2512,133,152.547619047619
17,2513,403,256.595505617978
17,2514,-56,-209.75
17,2515,-211,-160.444444444444
17,2516,-124,-111.341176470588
17,2517,-165,16.5714285714286
17,2518,-85,-38.9867549668874
17,2519,-51,-38.9867549668874
17,2520,-100,-38.9867549668874
17,2521,-48,1.66129032258065
17,2522,-10,1.66129032258065
17,2523,-11,-17.8739495798319
17,2524,2,-17.8739495798319
17,2525,19,1.24645892351275
17,2526,110,76.8813559322034
17,2527,289,197.702127659574
17,2528,272,197.702127659574
17,2529,-318,-247.03488372093
17,2530,-133,-128.590361445783
17,2531,15,23.4166666666667
17,2532,105,19.5192307692308
17,2533,47,-11.875
17,2534,-43,-11.875
17,2535,24,1.66129032258065
17,2536,126,113.512820512821
17,2537,270,229.142857142857
17,2538,-70,-101.5
17,2539,-168,-160.444444444444
17,2540,-147,-111.341176470588
17,2541,-69,-86.3333333333333
17,2542,-48,-38.9867549668874
17,2543,-76,-38.9867549668874
17,2544,-9,1.66129032258065
17,2545,-83,-17.8739495798319
17,2546,-34,1.66129032258065
17,2547,-49,1.66129032258065
17,2548,-32,-38.9867549668874
17,2549,11,1.66129032258065
17,2550,61,76.8813559322034
17,2551,7,145.039603960396
17,2552,157,1.24645892351275
17,2553,96,152.547619047619
17,2554,126,-101.5
17,2555,103,112.269230769231
17,2556,-38,-209.75
17,2557,54,-38.9867549668874
17,2558,8,-11.875
17,2559,-38,1.24645892351275
17,2560,-21,-38.9867549668874
17,2561,-39,113.512820512821
17,2562,-44,-38.9867549668874
17,2563,-91,-38.9867549668874
17,2564,3,-38.9867549668874
17,2565,-47,1.24645892351275
17,2566,-102,-38.9867549668874
17,2567,16,-38.9867549668874
17,2568,-72,47.3589743589744
17,2569,-42,1.66129032258065
17,2570,-43,-38.9867549668874
17,2571,-44,-38.9867549668874
17,2572,-19,1.66129032258065
17,2573,3,-17.8739495798319
17,2574,17,1.24645892351275
17,2575,32,47.3589743589744
17,2576,119,76.8813559322034
17,2577,85,197.702127659574
17,2578,147,-42.3888888888889
17,2579,86,-41.5
17,2580,3,-105.173076923077
17,2581,-10,1.24645892351275
17,2582,8,-17.8739495798319
17,2583,-25,1.24645892351275
17,2584,33,-17.8739495798319
17,2585,13,-33.0975609756098
17,2586,-31,-33.0975609756098
17,2587,-115,-38.9867549668874
17,2588,-12,-38.9867549668874
17,2589,-110,-17.8739495798319
17,2590,-94,-38.9867549668874
17,2591,-49,-38.9867549668874
17,2592,-69,-38.9867549668874
17,2593,-17,1.66129032258065
17,2594,-7,-17.8739495798319
17,2595,-11,1.24645892351275
17,2596,1,-17.8739495798319
17,2597,30,1.24645892351275
17,2598,107,76.8813559322034
17,2599,359,197.702127659574
17,2600,148,165.522613065327
17,2601,-335,-247.03488372093
17,2602,-169,-105.173076923077
17,2603,55,16.5714285714286
17,2604,59,-11.875
17,2605,-13,-11.875
17,2606,11,-17.8739495798319
17,2607,0,-33.0975609756098
17,2608,168,113.512820512821
17,2609,373,256.595505617978
17,2610,31,-101.5
17,2611,-235,-160.444444444444
17,2612,-202,-111.341176470588
17,2613,-144,16.5714285714286
17,2614,-86,16.5714285714286
17,2615,-84,-38.9867549668874
17,2616,-52,-38.9867549668874
17,2617,-12,1.66129032258065
17,2618,-10,7.21951219512195
17,2619,6,-17.8739495798319
17,2620,-8,1.24645892351275
17,2621,25,1.24645892351275
17,2622,107,76.8813559322034
17,2623,167,152.547619047619
17,2624,310,165.522613065327
17,2625,-328,-209.75
17,2626,-160,-128.590361445783
17,2627,-60,23.4166666666667
17,2628,30,-86.3333333333333
17,2629,-36,-33.0975609756098
17,2630,1,-38.9867549668874
17,2631,56,1.24645892351275
17,2632,123,152.547619047619
17,2633,442,229.142857142857
17,2634,-28,-209.75
17,2635,-162,-160.444444444444
17,2636,-105,-111.341176470588
17,2637,-112,-86.3333333333333
17,2638,-67,-38.9867549668874
17,2639,-118,-38.9867549668874
17,2640,-55,-38.9867549668874
17,2641,-6,1.66129032258065
17,2642,-24,7.21951219512195
17,2643,4,-17.8739495798319
17,2644,2,1.24645892351275
17,2645,30,1.24645892351275
17,2646,154,76.8813559322034
17,2647,311,152.547619047619
17,2648,208,-101.5
17,2649,-361,-247.03488372093
17,2650,-154,-128.590361445783
17,2651,48,23.4166666666667
17,2652,88,-11.875
17,2653,-79,-11.875
17,2654,65,-38.9867549668874
17,2655,-39,117.892857142857
17,2656,111,1.66129032258065
17,2657,465,229.142857142857
17,2658,-113,-101.5
17,2659,-73,-128.590361445783
17,2660,-223,-111.341176470588
17,2661,-52,-86.3333333333333
17,2662,-158,16.5714285714286
17,2663,-85,-38.9867549668874
17,2664,-105,1.66129032258065
17,2665,-27,1.66129032258065
17,2666,-12,7.21951219512195
17,2667,-4,-17.8739495798319
17,2668,1,1.24645892351275
17,2669,34,1.24645892351275
17,2670,141,76.8813559322034
17,2671,325,197.702127659574
17,2672,213,-101.5
17,2673,-362,-247.03488372093
17,2674,-178,-128.590361445783
17,2675,49,23.4166666666667
17,2676,37,-11.875
17,2677,19,-33.0975609756098
17,2678,14,-33.0975609756098
17,2679,26,113.512820512821
17,2680,114,113.512820512821
17,2681,429,229.142857142857
17,2682,-44,-101.5
17,2683,-244,-160.444444444444
17,2684,-144,-111.341176470588
17,2685,-98,16.5714285714286
17,2686,-95,-38.9867549668874
17,2687,-70,-38.9867549668874
17,2688,-78,-38.9867549668874
17,2689,-43,1.66129032258065
17,2690,-36,1.66129032258065
17,2691,-10,1.66129032258065
17,2692,9,-17.8739495798319
17,2693,19,1.24645892351275
17,2694,118,76.8813559322034
17,2695,279,197.702127659574
17,2696,223,-101.5
17,2697,-287,-247.03488372093
17,2698,-150,-128.590361445783
17,2699,70,23.4166666666667
17,2700,117,-11.875
17,2701,-10,-11.875
17,2702,-17,-42.3888888888889
17,2703,1,-17.8739495798319
17,2704,181,113.512820512821
17,2705,265,229.142857142857
17,2706,-130,-101.5
17,2707,-226,-128.590361445783
17,2708,-82,-111.341176470588
17,2709,-52,16.5714285714286
17,2710,-12,-38.9867549668874
17,2711,-99,-17.8739495798319
17,2712,-85,1.66129032258065
17,2713,-42,1.66129032258065
17,2714,-28,1.66129032258065
17,2715,-40,-17.8739495798319
17,2716,-19,-38.9867549668874
17,2717,15,-17.8739495798319
17,2718,24,47.3589743589744
17,2719,31,76.8813559322034
17,2720,126,150.8
17,2721,163,-41.5
17,2722,68,-101.5
17,2723,131,-105.173076923077
17,2724,37,7.33333333333333
17,2725,14,-105.173076923077
17,2726,-44,-33.0975609756098
17,2727,10,-38.9867549668874
17,2728,-41,1.24645892351275
17,2729,51,-38.9867549668874
17,2730,-22,-11.875
17,2731,-110,-17.8739495798319
17,2732,-109,-38.9867549668874
17,2733,-62,-38.9867549668874
17,2734,-10,-38.9867549668874
17,2735,-97,-17.8739495798319
17,2736,-35,-38.9867549668874
17,2737,-60,1.66129032258065
17,2738,-14,1.66129032258065
17,2739,-46,-17.8739495798319
17,2740,-10,-38.9867549668874
17,2741,-1,-17.8739495798319
17,2742,6,1.24645892351275
17,2743,25,1.24645892351275
17,2744,71,76.8813559322034
17,2745,155,165.522613065327
17,2746,162,152.547619047619
17,2747,110,-209.75
17,2748,69,-209.75
17,2749,-1,-11.875
17,2750,-32,1.24645892351275
17,2751,-119,-38.9867549668874
17,2752,117,-38.9867549668874
17,2753,13,-11.875
17,2754,-80,-42.3888888888889
17,2755,-123,-38.9867549668874
17,2756,-88,-38.9867549668874
17,2757,-56,1.66129032258065
17,2758,-93,-38.9867549668874
17,2759,-45,-38.9867549668874
17,2760,-68,1.66129032258065
17,2761,-26,1.66129032258065
17,2762,-5,-17.8739495798319
17,2763,-5,1.24645892351275
17,2764,5,1.24645892351275
17,2765,14,1.24645892351275
17,2766,14,76.8813559322034
17,2767,108,76.8813559322034
17,2768,329,112.269230769231
17,2769,-224,-142.5
17,2770,-159,-128.590361445783
17,2771,30,23.4166666666667
17,2772,47,19.5192307692308
17,2773,57,-11.875
17,2774,-6,-11.875
17,2775,18,1.24645892351275
17,2776,95,47.3589743589744
17,2777,391,161.944444444444
17,2778,-81,-46.037037037037
17,2779,-179,-128.590361445783
17,2780,-101,-111.341176470588
17,2781,-89,-86.3333333333333
17,2782,-109,-38.9867549668874
17,2783,-90,-38.9867549668874
17,2784,-39,1.66129032258065
17,2785,-21,1.66129032258065
17,2786,1,7.21951219512195
17,2787,-7,1.24645892351275
17,2788,2,1.24645892351275
17,2789,27,1.24645892351275
17,2790,124,76.8813559322034
17,2791,319,197.702127659574
17,2792,193,-101.5
17,2793,-345,-247.03488372093
17,2794,-148,-128.590361445783
17,2795,50,23.4166666666667
17,2796,62,-11.875
17,2797,-20,-11.875
17,2798,-45,-17.8739495798319
17,2799,32,1.66129032258065
17,2800,75,113.512820512821
17,2801,477,229.142857142857
17,2802,-16,-46.037037037037
17,2803,-281,-160.444444444444
17,2804,-56,-111.341176470588
17,2805,-182,16.5714285714286
17,2806,15,-38.9867549668874
17,2807,-166,-33.0975609756098
17,2808,-72,-38.9867549668874
17,2809,-26,1.66129032258065
17,2810,-21,113.512820512821
17,2811,2,-17.8739495798319
17,2812,-1,1.24645892351275
17,2813,32,1.24645892351275
17,2814,126,47.3589743589744
17,2815,299,197.702127659574
17,2816,179,-101.5
17,2817,-327,-247.03488372093
17,2818,-149,-128.590361445783
17,2819,21,23.4166666666667
17,2820,-8,19.5192307692308
17,2821,31,1.24645892351275
17,2822,-21,-33.0975609756098
17,2823,-11,-17.8739495798319
17,2824,156,113.512820512821
17,2825,356,256.595505617978
17,2826,-19,-101.5
17,2827,-133,-160.444444444444
17,2828,-132,-111.341176470588
17,2829,-63,-86.3333333333333
17,2830,-87,-38.9867549668874
17,2831,-134,-38.9867549668874
17,2832,-54,-38.9867549668874
17,2833,-51,1.66129032258065
17,2834,0,1.66129032258065
17,2835,-7,1.24645892351275
17,2836,1,1.24645892351275
17,2837,28,1.24645892351275
17,2838,110,76.8813559322034
17,2839,313,197.702127659574
17,2840,127,197.702127659574
17,2841,-334,-247.03488372093
17,2842,-106,-105.173076923077
17,2843,11,16.5714285714286
17,2844,54,19.5192307692308
17,2845,-43,-11.875
17,2846,4,-38.9867549668874
17,2847,18,1.24645892351275
17,2848,126,113.512820512821
17,2849,295,256.595505617978
17,2850,25,-101.5
17,2851,-141,-160.444444444444
17,2852,-63,-111.341176470588
17,2853,-125,-86.3333333333333
17,2854,-68,-38.9867549668874
17,2855,-97,-38.9867549668874
17,2856,-53,-38.9867549668874
17,2857,-62,1.66129032258065
17,2858,-19,1.66129032258065
17,2859,-5,-17.8739495798319
17,2860,3,1.24645892351275
17,2861,28,1.24645892351275
17,2862,84,76.8813559322034
17,2863,237,197.702127659574
17,2864,254,197.702127659574
17,2865,-280,-247.03488372093
17,2866,-148,-128.590361445783
17,2867,51,23.4166666666667
17,2868,18,-11.875
17,2869,46,-33.0975609756098
17,2870,-37,-11.875
17,2871,21,1.66129032258065
17,2872,96,113.512820512821
17,2873,266,229.142857142857
17,2874,-141,-46.037037037037
17,2875,-143,-128.590361445783
17,2876,-160,-111.341176470588
17,2877,15,-86.3333333333333
17,2878,-20,19.5192307692308
17,2879,-23,-17.8739495798319
17,2880,-58,-17.8739495798319
17,2881,7,1.66129032258065
17,2882,-30,7.21951219512195
17,2883,-51,-38.9867549668874
17,2884,-23,-38.9867549668874
17,2885,-7,-17.8739495798319
17,2886,35,1.24645892351275
17,2887,31,47.3589743589744
17,2888,89,19.5192307692308
17,2889,165,165.522613065327
17,2890,162,152.547619047619
17,2891,22,-209.75
17,2892,86,-105.173076923077
17,2893,-38,-11.875
17,2894,45,-38.9867549668874
17,2895,-126,-11.875
17,2896,30,-38.9867549668874
17,2897,17,-33.0975609756098
17,2898,-49,113.512820512821
17,2899,-56,-38.9867549668874
17,2900,-39,-38.9867549668874
17,2901,-64,1.66129032258065
17,2902,-43,-38.9867549668874
17,2903,-54,-38.9867549668874
17,2904,-62,-38.9867549668874
17,2905,-36,-38.9867549668874
17,2906,-13,-38.9867549668874
17,2907,-54,-17.8739495798319
17,2908,-47,-38.9867549668874
17,2909,-5,-38.9867549668874
17,2910,17,1.24645892351275
17,2911,46,76.8813559322034
17,2912,70,145.039603960396
17,2913,91,145.039603960396
17,2914,220,152.547619047619
17,2915,54,152.547619047619
17,2916,50,-160.444444444444
17,2917,29,-11.875
17,2918,-34,-33.0975609756098
17,2919,-64,-38.9867549668874
17,2920,-26,-38.9867549668874
17,2921,71,-17.8739495798319
17,2922,2,-11.875
17,2923,-111,7.21951219512195
17,2924,-91,-38.9867549668874
17,2925,-79,1.66129032258065
17,2926,-75,-38.9867549668874
17,2927,-91,-38.9867549668874
17,2928,-19,-38.9867549668874
17,2929,-37,-17.8739495798319
17,2930,-17,1.66129032258065
17,2931,-9,-17.8739495798319
17,2932,-1,-17.8739495798319
17,2933,39,1.24645892351275
17,2934,115,76.8813559322034
17,2935,327,165.522613065327
17,2936,123,-101.5
17,2937,-340,-247.03488372093
17,2938,-84,-42.3888888888889
17,2939,-3,16.5714285714286
17,2940,89,1.24645892351275
17,2941,-10,-11.875
17,2942,-9,-17.8739495798319
17,2943,-18,-17.8739495798319
17,2944,181,113.512820512821
17,2945,419,256.595505617978
17,2946,-42,-101.5
17,2947,-209,-160.444444444444
17,2948,-107,-111.341176470588
17,2949,-144,16.5714285714286
17,2950,-144,-38.9867549668874
17,2951,-84,-38.9867549668874
17,2952,-66,-38.9867549668874
17,2953,-7,1.66129032258065
17,2954,-21,7.21951219512195
17,2955,0,-17.8739495798319
17,2956,1,1.24645892351275
17,2957,29,1.24645892351275
17,2958,149,76.8813559322034
17,2959,364,197.702127659574
17,2960,104,-101.5
17,2961,-328,-247.03488372093
17,2962,-138,-111.341176470588
17,2963,45,16.5714285714286
17,2964,73,-11.875
17,2965,-2,-11.875
17,2966,-39,1.24645892351275
17,2967,50,1.66129032258065
17,2968,99,152.547619047619
17,2969,484,256.595505617978
17,2970,-76,-46.037037037037
17,2971,-212,-160.444444444444
17,2972,-107,-111.341176470588
17,2973,-177,16.5714285714286
17,2974,-83,-38.9867549668874
17,2975,-114,-38.9867549668874
17,2976,-77,1.66129032258065
17,2977,-31,1.66129032258065
17,2978,-9,1.66129032258065
17,2979,-6,-17.8739495798319
17,2980,3,1.24645892351275
17,2981,25,1.24645892351275
17,2982,164,76.8813559322034
17,2983,327,197.702127659574
17,2984,160,-101.5
17,2985,-405,-247.03488372093
17,2986,-110,-105.173076923077
17,2987,37,16.5714285714286
17,2988,113,19.5192307692308
17,2989,-1,-11.875
17,2990,-51,-42.3888888888889
17,2991,-21,1.66129032258065
17,2992,143,113.512820512821
17,2993,451,256.595505617978
17,2994,-39,-101.5
17,2995,-161,-160.444444444444
17,2996,-198,-111.341176470588
17,2997,-78,-86.3333333333333
17,2998,-70,16.5714285714286
17,2999,-138,-38.9867549668874
17,3000,-105,-38.9867549668874
17,3001,-29,1.66129032258065
17,3002,-12,1.66129032258065
17,3003,-6,-17.8739495798319
17,3004,4,1.24645892351275
17,3005,36,1.24645892351275
17,3006,146,76.8813559322034
17,3007,315,197.702127659574
17,3008,109,-101.5
17,3009,-266,-247.03488372093
17,3010,-167,-111.341176470588
17,3011,27,16.5714285714286
17,3012,65,19.5192307692308
17,3013,-40,-11.875
17,3014,18,-38.9867549668874
17,3015,-35,113.512820512821
17,3016,168,1.66129032258065
17,3017,318,256.595505617978
17,3018,-8,-101.5
17,3019,-126,-160.444444444444
17,3020,-101,-111.341176470588
17,3021,-72,-86.3333333333333
17,3022,-124,-38.9867549668874
17,3023,-103,-38.9867549668874
17,3024,-57,-38.9867549668874
17,3025,-72,1.66129032258065
17,3026,-24,1.66129032258065
17,3027,-10,-17.8739495798319
17,3028,2,-17.8739495798319
17,3029,35,1.24645892351275
17,3030,118,76.8813559322034
17,3031,217,197.702127659574
17,3032,244,-101.5
17,3033,-324,-247.03488372093
17,3034,-129,-128.590361445783
17,3035,17,23.4166666666667
17,3036,38,19.5192307692308
17,3037,13,-33.0975609756098
17,3038,-6,-33.0975609756098
17,3039,-3,1.24645892351275
17,3040,121,113.512820512821
17,3041,188,229.142857142857
17,3042,-75,-101.5
17,3043,-101,-160.444444444444
17,3044,-55,-111.341176470588
17,3045,-72,-38.9867549668874
17,3046,-73,-38.9867549668874
17,3047,-115,-38.9867549668874
17,3048,21,1.66129032258065
17,3049,-11,47.3589743589744
17,3050,3,7.21951219512195
17,3051,-38,1.24645892351275
17,3052,-5,1.66129032258065
17,3053,-8,1.24645892351275
17,3054,32,1.24645892351275
17,3055,50,19.5192307692308
17,3056,102,145.039603960396
17,3057,81,117.892857142857
17,3058,129,152.547619047619
17,3059,48,117.892857142857
17,3060,19,-105.173076923077
17,3061,-43,19.5192307692308
17,3062,-19,-38.9867549668874
17,3063,-5,-17.8739495798319
17,3064,-31,1.24645892351275
17,3065,-11,-38.9867549668874
17,3066,-23,-17.8739495798319
17,3067,35,113.512820512821
17,3068,-82,47.3589743589744
17,3069,-79,-38.9867549668874
17,3070,-41,-38.9867549668874
17,3071,-20,-38.9867549668874
17,3072,-3,-17.8739495798319
17,3073,-56,1.24645892351275
17,3074,-3,1.66129032258065
17,3075,-57,1.24645892351275
17,3076,-29,-38.9867549668874
17,3077,6,-38.9867549668874
17,3078,17,1.24645892351275
17,3079,23,47.3589743589744
17,3080,92,47.3589743589744
17,3081,77,117.892857142857
17,3082,147,152.547619047619
17,3083,11,-41.5
17,3084,56,-105.173076923077
17,3085,-13,-11.875
17,3086,24,-17.8739495798319
17,3087,-99,-33.0975609756098
17,3088,-32,-38.9867549668874
17,3089,100,-38.9867549668874
17,3090,-43,-11.875
17,3091,12,-38.9867549668874
17,3092,-50,47.3589743589744
17,3093,-74,1.66129032258065
17,3094,-107,-38.9867549668874
17,3095,-41,-38.9867549668874
17,3096,-67,-38.9867549668874
17,3097,-26,-38.9867549668874
17,3098,-2,-17.8739495798319
17,3099,-10,1.24645892351275
17,3100,7,-17.8739495798319
17,3101,28,1.24645892351275
17,3102,96,76.8813559322034
17,3103,262,197.702127659574
17,3104,170,112.269230769231
17,3105,-273,-247.03488372093
17,3106,-121,-128.590361445783
17,3107,27,16.5714285714286
17,3108,56,19.5192307692308
17,3109,-21,-11.875
17,3110,-6,-17.8739495798319
17,3111,4,1.24645892351275
17,3112,131,113.512820512821
17,3113,382,256.595505617978
17,3114,-17,-101.5
17,3115,-149,-160.444444444444
17,3116,-186,-111.341176470588
17,3117,-137,-86.3333333333333
17,3118,-70,-38.9867549668874
17,3119,-86,-38.9867549668874
17,3120,-49,-38.9867549668874
17,3121,-39,1.66129032258065
17,3122,-4,1.66129032258065
17,3123,-8,1.24645892351275
17,3124,4,1.24645892351275
17,3125,29,1.24645892351275
17,3126,119,76.8813559322034
17,3127,329,197.702127659574
17,3128,163,-101.5
17,3129,-374,-247.03488372093
17,3130,-63,-105.173076923077
17,3131,8,16.5714285714286
17,3132,55,1.24645892351275
17,3133,11,-11.875
17,3134,27,-33.0975609756098
17,3135,91,-33.0975609756098
17,3136,126,152.547619047619
17,3137,195,256.595505617978
17,3138,-95,-209.75
17,3139,-130,-128.590361445783
17,3140,-121,-111.341176470588
17,3141,-180,-38.9867549668874
17,3142,-19,-38.9867549668874
17,3143,-6,-17.8739495798319
17,3144,-12,1.24645892351275
17,3145,-36,-17.8739495798319
17,3146,-30,1.66129032258065
17,3147,-61,1.66129032258065
17,3148,-16,-38.9867549668874
17,3149,3,-17.8739495798319
17,3150,13,1.24645892351275
17,3151,40,47.3589743589744
17,3152,81,47.3589743589744
17,3153,140,165.522613065327
17,3154,154,152.547619047619
17,3155,38,-209.75
17,3156,9,-105.173076923077
17,3157,5,1.24645892351275
17,3158,48,1.24645892351275
17,3159,-93,-11.875
17,3160,-65,-38.9867549668874
17,3161,25,-38.9867549668874
17,3162,16,113.512820512821
17,3163,2,7.21951219512195
17,3164,119,1.24645892351275
17,3165,33,117.892857142857
17,3166,-82,-42.3888888888889
17,3167,-319,-38.9867549668874
17,3168,-95,-38.9867549668874
17,3169,-58,16.5714285714286
17,3170,-12,-38.9867549668874
17,3171,-11,-17.8739495798319
17,3172,0,-17.8739495798319
17,3173,22,1.24645892351275
17,3174,104,76.8813559322034
17,3175,210,256.595505617978
17,3176,207,197.702127659574
17,3177,-257,-247.03488372093
17,3178,-107,-128.590361445783
17,3179,58,23.4166666666667
17,3180,32,-11.875
17,3181,34,-33.0975609756098
17,3182,-69,-33.0975609756098
17,3183,13,1.66129032258065
17,3184,179,113.512820512821
17,3185,256,229.142857142857
17,3186,-82,-101.5
17,3187,-104,-128.590361445783
17,3188,-182,-111.341176470588
17,3189,2,-86.3333333333333
17,3190,-98,1.24645892351275
17,3191,-94,-38.9867549668874
17,3192,-29,1.66129032258065
17,3193,-73,1.66129032258065
17,3194,-12,1.66129032258065
17,3195,-10,-17.8739495798319
17,3196,-1,-17.8739495798319
17,3197,29,1.24645892351275
17,3198,96,76.8813559322034
17,3199,222,165.522613065327
17,3200,232,197.702127659574
17,3201,-281,-247.03488372093
17,3202,-94,-128.590361445783
17,3203,23,23.4166666666667
17,3204,98,19.5192307692308
17,3205,-38,-11.875
17,3206,-18,-38.9867549668874
17,3207,10,-17.8739495798319
17,3208,84,113.512820512821
17,3209,207,229.142857142857
17,3210,-16,-46.037037037037
17,3211,-142,-160.444444444444
17,3212,-82,-111.341176470588
17,3213,-36,-38.9867549668874
17,3214,-12,-38.9867549668874
17,3215,-124,-17.8739495798319
17,3216,-14,-38.9867549668874
17,3217,-79,-17.8739495798319
17,3218,-13,1.66129032258065
17,3219,-27,-17.8739495798319
17,3220,-15,-17.8739495798319
17,3221,-2,-17.8739495798319
17,3222,17,1.24645892351275
17,3223,40,76.8813559322034
17,3224,81,47.3589743589744
17,3225,104,165.522613065327
17,3226,69,-41.5
17,3227,42,71.7567567567568
17,3228,-25,7.33333333333333
17,3229,18,-17.8739495798319
17,3230,-52,-33.0975609756098
17,3231,-2,-38.9867549668874
17,3232,-12,1.24645892351275
17,3233,-15,-17.8739495798319
17,3234,-2,-17.8739495798319
17,3235,10,1.24645892351275
17,3236,-11,1.24645892351275
17,3237,-75,-17.8739495798319
17,3238,19,-38.9867549668874
17,3239,-72,47.3589743589744
17,3240,-1,-38.9867549668874
17,3241,-23,1.24645892351275
17,3242,-54,-17.8739495798319
17,3243,-35,1.66129032258065
17,3244,-22,-38.9867549668874
17,3245,-7,-17.8739495798319
17,3246,15,1.24645892351275
17,3247,31,76.8813559322034
17,3248,78,47.3589743589744
17,3249,112,197.702127659574
17,3250,77,152.547619047619
17,3251,70,-42.3888888888889
17,3252,-13,71.7567567567568
17,3253,-39,-17.8739495798319
17,3254,-25,-38.9867549668874
17,3255,-14,-17.8739495798319
17,3256,-7,-17.8739495798319
17,3257,-21,1.24645892351275
17,3258,-17,-17.8739495798319
17,3259,-3,-17.8739495798319
17,3260,35,1.24645892351275
17,3261,-78,76.8813559322034
17,3262,-85,-38.9867549668874
17,3263,1,-38.9867549668874
17,3264,-84,1.24645892351275
17,3265,-21,-38.9867549668874
17,3266,-13,-17.8739495798319
17,3267,0,-17.8739495798319
17,3268,-3,1.24645892351275
17,3269,26,1.24645892351275
17,3270,64,76.8813559322034
17,3271,138,145.039603960396
17,3272,225,165.522613065327
17,3273,-92,-209.75
17,3274,-188,-128.590361445783
17,3275,41,-111.341176470588
17,3276,50,19.5192307692308
17,3277,-11,-11.875
17,3278,-13,-17.8739495798319
17,3279,38,-17.8739495798319
17,3280,133,113.512820512821
17,3281,436,197.702127659574
17,3282,23,-101.5
17,3283,-241,-160.444444444444
17,3284,-184,-111.341176470588
17,3285,-116,16.5714285714286
17,3286,-107,-38.9867549668874
17,3287,-93,-38.9867549668874
17,3288,-62,-38.9867549668874
17,3289,-54,1.66129032258065
17,3290,1,1.66129032258065
17,3291,-13,1.24645892351275
17,3292,1,-17.8739495798319
17,3293,38,1.24645892351275
17,3294,145,76.8813559322034
17,3295,333,197.702127659574
17,3296,129,-101.5
17,3297,-318,-247.03488372093
17,3298,-141,-105.173076923077
17,3299,59,16.5714285714286
17,3300,23,-11.875
17,3301,8,-33.0975609756098
17,3302,-38,1.24645892351275
17,3303,23,1.66129032258065
17,3304,170,113.512820512821
17,3305,437,256.595505617978
17,3306,-53,-101.5
17,3307,-405,-160.444444444444
17,3308,-330,-111.341176470588
17,3309,6,16.5714285714286
17,3310,49,1.24645892351275
17,3311,-36,-11.875
17,3312,-59,-38.9867549668874
17,3313,-30,1.66129032258065
17,3314,-9,1.66129032258065
17,3315,0,-17.8739495798319
17,3316,2,1.24645892351275
17,3317,34,1.24645892351275
17,3318,144,47.3589743589744
17,3319,312,197.702127659574
17,3320,177,-101.5
17,3321,-346,-247.03488372093
17,3322,-133,-128.590361445783
17,3323,34,23.4166666666667
17,3324,63,19.5192307692308
17,3325,-19,-11.875
17,3326,-32,-17.8739495798319
17,3327,35,1.66129032258065
17,3328,135,113.512820512821
17,3329,419,256.595505617978
17,3330,-16,-101.5
17,3331,-181,-160.444444444444
17,3332,-150,-111.341176470588
17,3333,-92,-86.3333333333333
17,3334,-147,-38.9867549668874
17,3335,-92,-38.9867549668874
17,3336,-96,-38.9867549668874
17,3337,-35,1.66129032258065
17,3338,-12,1.66129032258065
17,3339,1,-17.8739495798319
17,3340,-5,1.24645892351275
17,3341,39,1.24645892351275
17,3342,134,76.8813559322034
17,3343,334,197.702127659574
17,3344,190,-101.5
17,3345,-375,-247.03488372093
17,3346,-113,-128.590361445783
17,3347,1,23.4166666666667
17,3348,77,1.24645892351275
17,3349,-15,-11.875
17,3350,-68,-17.8739495798319
17,3351,62,1.66129032258065
17,3352,168,152.547619047619
17,3353,356,229.142857142857
17,3354,30,-209.75
17,3355,-196,-160.444444444444
17,3356,-115,-111.341176470588
17,3357,-141,16.5714285714286
17,3358,-55,-38.9867549668874
17,3359,-107,-38.9867549668874
17,3360,-116,-38.9867549668874
17,3361,-36,1.66129032258065
17,3362,-42,1.66129032258065
17,3363,-8,1.66129032258065
17,3364,2,1.24645892351275
17,3365,23,1.24645892351275
17,3366,93,76.8813559322034
17,3367,253,197.702127659574
17,3368,333,197.702127659574
17,3369,-299,-247.03488372093
17,3370,-146,-128.590361445783
17,3371,20,23.4166666666667
17,3372,91,19.5192307692308
17,3373,-5,-11.875
17,3374,-5,1.24645892351275
17,3375,-16,1.24645892351275
17,3376,139,113.512820512821
17,3377,343,229.142857142857
17,3378,-204,-101.5
17,3379,-143,-128.590361445783
17,3380,-99,23.4166666666667
17,3381,-90,-86.3333333333333
17,3382,-36,-38.9867549668874
17,3383,-51,-38.9867549668874
17,3384,-21,1.66129032258065
17,3385,-73,7.21951219512195
17,3386,-17,1.66129032258065
17,3387,-61,-17.8739495798319
17,3388,-31,-38.9867549668874
17,3389,-4,-38.9867549668874
17,3390,30,1.24645892351275
17,3391,13,76.8813559322034
17,3392,103,47.3589743589744
17,3393,131,165.522613065327
17,3394,119,152.547619047619
17,3395,38,-209.75
17,3396,60,-42.3888888888889
17,3397,92,-11.875
17,3398,41,-11.875
17,3399,-72,19.5192307692308
17,3400,6,-38.9867549668874
17,3401,-108,1.24645892351275
17,3402,-107,-38.9867549668874
17,3403,80,-38.9867549668874
17,3404,-75,-11.875
17,3405,-87,1.66129032258065
17,3406,-44,-38.9867549668874
17,3407,-14,1.66129032258065
17,3408,-24,-17.8739495798319
17,3409,-19,-17.8739495798319
17,3410,-53,-17.8739495798319
17,3411,-58,1.66129032258065
17,3412,-38,-38.9867549668874
17,3413,-10,-38.9867549668874
17,3414,6,-17.8739495798319
17,3415,32,1.24645892351275
17,3416,86,47.3589743589744
17,3417,88,197.702127659574
17,3418,161,152.547619047619
17,3419,69,152.547619047619
17,3420,38,-105.173076923077
17,3421,-9,47.3589743589744
17,3422,-4,-17.8739495798319
17,3423,13,1.24645892351275
17,3424,6,-33.0975609756098
17,3425,-59,1.24645892351275
17,3426,-124,-38.9867549668874
17,3427,0,-38.9867549668874
17,3428,-18,1.24645892351275
17,3429,-71,-17.8739495798319
17,3430,-93,-38.9867549668874
17,3431,-39,-38.9867549668874
17,3432,-48,1.66129032258065
17,3433,-32,-38.9867549668874
17,3434,4,-38.9867549668874
17,3435,-9,1.24645892351275
17,3436,6,-17.8739495798319
17,3437,38,1.24645892351275
17,3438,90,76.8813559322034
17,3439,343,197.702127659574
17,3440,184,112.269230769231
17,3441,-319,-247.03488372093
17,3442,-162,-128.590361445783
17,3443,-4,23.4166666666667
17,3444,55,1.24645892351275
17,3445,2,-11.875
17,3446,-27,1.24645892351275
17,3447,25,-17.8739495798319
17,3448,149,113.512820512821
17,3449,369,229.142857142857
17,3450,39,-101.5
17,3451,-199,-160.444444444444
17,3452,-141,-111.341176470588
17,3453,-126,16.5714285714286
17,3454,-44,-38.9867549668874
17,3455,-118,-38.9867549668874
17,3456,-113,-38.9867549668874
17,3457,-28,1.66129032258065
17,3458,-18,7.21951219512195
17,3459,-4,-17.8739495798319
17,3460,4,1.24645892351275
17,3461,31,1.24645892351275
17,3462,175,76.8813559322034
17,3463,313,197.702127659574
17,3464,135,-101.5
17,3465,-341,-247.03488372093
17,3466,-161,-105.173076923077
17,3467,47,16.5714285714286
17,3468,48,-11.875
17,3469,-33,-11.875
17,3470,-7,-38.9867549668874
17,3471,30,113.512820512821
17,3472,137,113.512820512821
17,3473,389,256.595505617978
17,3474,2,-101.5
17,3475,-225,-160.444444444444
17,3476,-120,-111.341176470588
17,3477,-94,16.5714285714286
17,3478,-89,-38.9867549668874
17,3479,-83,-38.9867549668874
17,3480,-108,-38.9867549668874
17,3481,-37,1.66129032258065
17,3482,-8,1.66129032258065
17,3483,-4,1.24645892351275
17,3484,2,1.24645892351275
17,3485,40,1.24645892351275
17,3486,116,76.8813559322034
17,3487,333,197.702127659574
17,3488,184,-101.5
17,3489,-382,-247.03488372093
17,3490,-159,-128.590361445783
17,3491,45,23.4166666666667
17,3492,19,-11.875
17,3493,1,-33.0975609756098
17,3494,-33,1.24645892351275
17,3495,24,1.66129032258065
17,3496,30,113.512820512821
17,3497,146,113.512820512821
17,3498,273,-46.037037037037
17,3499,-127,-101.5
17,3500,-150,-128.590361445783
17,3501,-47,-111.341176470588
17,3502,-31,-86.3333333333333
17,3503,-157,-38.9867549668874
17,3504,-65,-38.9867549668874
17,3505,-41,1.66129032258065
17,3506,-18,1.66129032258065
17,3507,-2,7.21951219512195
17,3508,3,1.24645892351275
17,3509,32,1.24645892351275
17,3510,112,76.8813559322034
17,3511,321,197.702127659574
17,3512,184,-101.5
17,3513,-339,-247.03488372093
17,3514,-120,-128.590361445783
17,3515,18,23.4166666666667
17,3516,58,19.5192307692308
17,3517,-20,-11.875
17,3518,-57,-17.8739495798319
17,3519,95,1.66129032258065
17,3520,66,152.547619047619
17,3521,413,229.142857142857
17,3522,6,-46.037037037037
17,3523,-244,-160.444444444444
17,3524,-28,-111.341176470588
17,3525,-173,-17.8739495798319
17,3526,-264,-38.9867549668874
17,3527,-3,-38.9867549668874
17,3528,-31,1.24645892351275
17,3529,-23,1.66129032258065
17,3530,8,7.21951219512195
17,3531,17,1.24645892351275
17,3532,-27,47.3589743589744
17,3533,33,-17.8739495798319
17,3534,84,76.8813559322034
17,3535,234,71.7567567567568
17,3536,331,165.522613065327
17,3537,-318,-247.03488372093
17,3538,-140,-128.590361445783
17,3539,-21,23.4166666666667
17,3540,62,-17.8739495798319
17,3541,-118,-11.875
17,3542,73,-38.9867549668874
17,3543,-13,117.892857142857
17,3544,220,113.512820512821
17,3545,279,229.142857142857
17,3546,-93,-101.5
17,3547,-220,-128.590361445783
17,3548,-151,-111.341176470588
17,3549,-129,16.5714285714286
17,3550,13,-38.9867549668874
17,3551,31,19.5192307692308
17,3552,-63,-33.0975609756098
17,3553,-31,1.66129032258065
17,3554,-12,1.66129032258065
17,3555,-35,-17.8739495798319
17,3556,-9,-38.9867549668874
17,3557,1,-17.8739495798319
17,3558,-2,1.24645892351275
17,3559,22,1.24645892351275
17,3560,75,76.8813559322034
17,3561,95,165.522613065327
17,3562,61,197.702127659574
17,3563,37,71.7567567567568
17,3564,152,47.3589743589744
17,3565,-103,-142.5
17,3566,-11,-105.173076923077
17,3567,37,-17.8739495798319
17,3568,-54,-33.0975609756098
17,3569,-85,-38.9867549668874
17,3570,-64,-38.9867549668874
17,3571,61,1.66129032258065
17,3572,-24,145.039603960396
17,3573,-51,7.21951219512195
17,3574,17,-38.9867549668874
17,3575,-31,47.3589743589744
17,3576,-36,1.66129032258065
17,3577,17,-38.9867549668874
17,3578,-8,19.5192307692308
17,3579,-79,1.24645892351275
17,3580,-27,-38.9867549668874
17,3581,-10,-17.8739495798319
17,3582,13,-17.8739495798319
17,3583,19,76.8813559322034
17,3584,115,19.5192307692308
17,3585,105,165.522613065327
17,3586,121,-101.5
17,3587,126,-41.5
17,3588,-1,-209.75
17,3589,122,-42.3888888888889
17,3590,-10,-11.875
17,3591,8,-42.3888888888889
17,3592,4,1.24645892351275
17,3593,-72,1.24645892351275
17,3594,-41,-38.9867549668874
17,3595,7,-38.9867549668874
17,3596,-144,1.24645892351275
17,3597,-33,-38.9867549668874
17,3598,-154,-38.9867549668874
17,3599,-68,1.66129032258065
17,3600,-76,-38.9867549668874
17,3601,-20,-38.9867549668874
17,3602,-10,-17.8739495798319
17,3603,-15,-17.8739495798319
17,3604,6,-17.8739495798319
17,3605,43,1.24645892351275
17,3606,106,145.039603960396
17,3607,264,197.702127659574
17,3608,317,112.269230769231
17,3609,-393,-247.03488372093
17,3610,-145,-128.590361445783
17,3611,-2,23.4166666666667
17,3612,116,1.24645892351275
17,3613,-74,-11.875
17,3614,31,-42.3888888888889
17,3615,10,-33.0975609756098
17,3616,176,113.512820512821
17,3617,390,229.142857142857
17,3618,-106,-101.5
17,3619,-159,-128.590361445783
17,3620,-179,-111.341176470588
17,3621,-107,-86.3333333333333
17,3622,-87,-38.9867549668874
17,3623,-95,-38.9867549668874
17,3624,-50,1.66129032258065
17,3625,-47,1.66129032258065
17,3626,-1,1.66129032258065
17,3627,-10,1.24645892351275
17,3628,0,-17.8739495798319
17,3629,44,1.24645892351275
17,3630,140,145.039603960396
17,3631,326,197.702127659574
17,3632,227,-101.5
17,3633,-404,-247.03488372093
17,3634,-121,-128.590361445783
17,3635,-17,23.4166666666667
17,3636,28,-17.8739495798319
17,3637,44,-33.0975609756098
17,3638,-29,-11.875
17,3639,41,1.66129032258065
17,3640,170,113.512820512821
17,3641,414,229.142857142857
17,3642,8,-101.5
17,3643,-245,-160.444444444444
17,3644,-109,-111.341176470588
17,3645,-145,16.5714285714286
17,3646,-109,-38.9867549668874
17,3647,-77,-38.9867549668874
17,3648,-126,-38.9867549668874
17,3649,-38,1.66129032258065
17,3650,-16,1.66129032258065
17,3651,0,-17.8739495798319
17,3652,-8,1.24645892351275
17,3653,55,1.24645892351275
17,3654,131,145.039603960396
17,3655,317,197.702127659574
17,3656,281,-209.75
17,3657,-446,-247.03488372093
17,3658,-111,-128.590361445783
17,3659,50,23.4166666666667
17,3660,29,-11.875
17,3661,2,-33.0975609756098
17,3662,-65,1.24645892351275
17,3663,70,1.66129032258065
17,3664,167,152.547619047619
17,3665,429,229.142857142857
17,3666,-22,-209.75
17,3667,-193,-160.444444444444
17,3668,-131,-111.341176470588
17,3669,-170,16.5714285714286
17,3670,-119,-38.9867549668874
17,3671,-39,-38.9867549668874
17,3672,-147,-38.9867549668874
17,3673,-63,1.66129032258065
17,3674,-8,1.66129032258065
17,3675,-13,1.24645892351275
17,3676,-4,-17.8739495798319
17,3677,38,1.24645892351275
17,3678,139,76.8813559322034
17,3679,314,197.702127659574
17,3680,234,-101.5
17,3681,-385,-247.03488372093
17,3682,-122,-128.590361445783
17,3683,-10,23.4166666666667
17,3684,67,-17.8739495798319
17,3685,-37,-11.875
17,3686,-29,-38.9867549668874
17,3687,25,1.66129032258065
17,3688,136,113.512820512821
17,3689,364,229.142857142857
17,3690,-50,-101.5
17,3691,-74,-160.444444444444
17,3692,-168,-111.341176470588
17,3693,-175,-86.3333333333333
17,3694,-37,-38.9867549668874
17,3695,-89,-38.9867549668874
17,3696,-48,-38.9867549668874
17,3697,-43,1.66129032258065
17,3698,-28,1.66129032258065
17,3699,-14,-17.8739495798319
17,3700,-4,-17.8739495798319
17,3701,29,1.24645892351275
17,3702,102,76.8813559322034
17,3703,271,197.702127659574
17,3704,266,197.702127659574
17,3705,-313,-247.03488372093
17,3706,-132,-128.590361445783
17,3707,20,23.4166666666667
17,3708,48,19.5192307692308
17,3709,15,-11.875
17,3710,12,-33.0975609756098
17,3711,-3,-33.0975609756098
17,3712,176,113.512820512821
17,3713,200,229.142857142857
17,3714,-77,-101.5
17,3715,-106,-128.590361445783
17,3716,-162,-111.341176470588
17,3717,-94,-38.9867549668874
17,3718,-61,-38.9867549668874
17,3719,-10,-38.9867549668874
17,3720,2,-17.8739495798319
17,3721,-111,7.21951219512195
17,3722,10,1.66129032258065
17,3723,-47,1.24645892351275
17,3724,-32,-38.9867549668874
17,3725,3,-38.9867549668874
17,3726,36,1.24645892351275
17,3727,26,47.3589743589744
17,3728,87,47.3589743589744
17,3729,174,117.892857142857
17,3730,58,152.547619047619
17,3731,62,-160.444444444444
17,3732,30,7.33333333333333
17,3733,11,19.5192307692308
17,3734,-4,-33.0975609756098
17,3735,3,1.24645892351275
17,3736,-10,1.24645892351275
17,3737,-8,-17.8739495798319
17,3738,2,113.512820512821
17,3739,-143,1.24645892351275
17,3740,-105,-38.9867549668874
17,3741,67,-38.9867549668874
17,3742,-24,117.892857142857
17,3743,-68,-17.8739495798319
17,3744,-20,-38.9867549668874
17,3745,-30,-17.8739495798319
17,3746,-46,1.66129032258065
17,3747,-57,-38.9867549668874
17,3748,-42,-38.9867549668874
17,3749,4,1.66129032258065
17,3750,1,1.24645892351275
17,3751,22,1.24645892351275
17,3752,87,47.3589743589744
17,3753,99,152.547619047619
17,3754,155,197.702127659574
17,3755,128,152.547619047619
17,3756,2,-209.75
17,3757,-28,-105.173076923077
17,3758,39,-17.8739495798319
17,3759,-21,-33.0975609756098
17,3760,20,-17.8739495798319
17,3761,10,-33.0975609756098
17,3762,-112,1.24645892351275
17,3763,24,-38.9867549668874
17,3764,-140,47.3589743589744
17,3765,-32,-38.9867549668874
17,3766,-123,-38.9867549668874
17,3767,-48,-38.9867549668874
17,3768,-42,1.66129032258065
17,3769,-39,-38.9867549668874
17,3770,-11,1.66129032258065
17,3771,-5,-17.8739495798319
17,3772,2,1.24645892351275
17,3773,42,1.24645892351275
17,3774,114,145.039603960396
17,3775,308,197.702127659574
17,3776,282,-101.5
17,3777,-458,-247.03488372093
17,3778,-104,-128.590361445783
17,3779,26,23.4166666666667
17,3780,63,19.5192307692308
17,3781,-52,-11.875
17,3782,28,-38.9867549668874
17,3783,-18,-33.0975609756098
17,3784,189,113.512820512821
17,3785,402,229.142857142857
17,3786,-15,-101.5
17,3787,-147,-160.444444444444
17,3788,-203,-111.341176470588
17,3789,-140,-86.3333333333333
17,3790,-92,16.5714285714286
17,3791,-80,-38.9867549668874
17,3792,-112,-38.9867549668874
17,3793,-17,1.66129032258065
17,3794,-13,7.21951219512195
17,3795,-2,-17.8739495798319
17,3796,0,1.24645892351275
17,3797,39,1.24645892351275
17,3798,149,76.8813559322034
17,3799,319,197.702127659574
17,3800,247,-101.5
17,3801,-427,-247.03488372093
17,3802,-106,-128.590361445783
17,3803,-3,23.4166666666667
17,3804,24,1.24645892351275
17,3805,40,-33.0975609756098
17,3806,-28,-33.0975609756098
17,3807,-116,113.512820512821
17,3808,258,1.66129032258065
17,3809,418,229.142857142857
17,3810,37,-101.5
17,3811,-243,-160.444444444444
17,3812,-162,-111.341176470588
17,3813,-100,1.66129032258065
17,3814,-95,-38.9867549668874
17,3815,-110,-38.9867549668874
17,3816,-100,-38.9867549668874
17,3817,-14,1.66129032258065
17,3818,-20,7.21951219512195
17,3819,-6,-17.8739495798319
17,3820,-3,1.24645892351275
17,3821,45,1.24645892351275
17,3822,136,145.039603960396
17,3823,302,197.702127659574
17,3824,194,-209.75
17,3825,-331,-247.03488372093
17,3826,-114,-128.590361445783
17,3827,-2,23.4166666666667
17,3828,50,1.24645892351275
17,3829,-4,-11.875
17,3830,-17,1.24645892351275
17,3831,32,113.512820512821
17,3832,184,113.512820512821
17,3833,358,229.142857142857
17,3834,54,-101.5
17,3835,-239,-160.444444444444
17,3836,-139,-111.341176470588
17,3837,-193,16.5714285714286
17,3838,-32,-38.9867549668874
17,3839,-136,16.5714285714286
17,3840,-89,-38.9867549668874
17,3841,-21,1.66129032258065
17,3842,-31,7.21951219512195
17,3843,-5,1.66129032258065
17,3844,3,1.24645892351275
17,3845,32,1.24645892351275
17,3846,142,76.8813559322034
17,3847,290,197.702127659574
17,3848,266,-101.5
17,3849,-396,-247.03488372093
17,3850,-162,-128.590361445783
17,3851,45,23.4166666666667
17,3852,60,-11.875
17,3853,24,-11.875
17,3854,-85,-33.0975609756098
17,3855,45,1.66129032258065
17,3856,136,152.547619047619
17,3857,459,229.142857142857
17,3858,-98,-209.75
17,3859,-160,-128.590361445783
17,3860,-180,-111.341176470588
17,3861,-85,-86.3333333333333
17,3862,-80,-38.9867549668874
17,3863,-85,-38.9867549668874
17,3864,-106,1.66129032258065
17,3865,-28,1.66129032258065
17,3866,-29,7.21951219512195
17,3867,-8,1.66129032258065
17,3868,6,1.24645892351275
17,3869,25,1.24645892351275
17,3870,126,76.8813559322034
17,3871,258,197.702127659574
17,3872,247,-101.5
17,3873,-272,-247.03488372093
17,3874,-147,-128.590361445783
17,3875,14,23.4166666666667
17,3876,75,19.5192307692308
17,3877,7,-11.875
17,3878,-14,1.24645892351275
17,3879,49,-17.8739495798319
17,3880,112,152.547619047619
17,3881,249,229.142857142857
17,3882,-70,-209.75
17,3883,-202,-160.444444444444
17,3884,-80,-111.341176470588
17,3885,-111,16.5714285714286
17,3886,-76,-38.9867549668874
17,3887,-6,-38.9867549668874
17,3888,-35,1.24645892351275
17,3889,-39,1.66129032258065
17,3890,-38,1.66129032258065
17,3891,-54,1.66129032258065
17,3892,-17,1.66129032258065
17,3893,4,-17.8739495798319
17,3894,32,1.24645892351275
17,3895,18,47.3589743589744
17,3896,114,150.8
17,3897,97,152.547619047619
17,3898,118,-101.5
17,3899,74,-41.5
17,3900,77,-42.3888888888889
17,3901,-20,-11.875
17,3902,-55,-17.8739495798319
17,3903,17,-38.9867549668874
17,3904,-39,-33.0975609756098
17,3905,42,-38.9867549668874
17,3906,-2,-11.875
17,3907,-93,1.24645892351275
17,3908,-85,-38.9867549668874
17,3909,-23,-38.9867549668874
17,3910,-20,-17.8739495798319
17,3911,-47,-17.8739495798319
17,3912,-69,-38.9867549668874
17,3913,-66,1.66129032258065
17,3914,-14,1.66129032258065
17,3915,-32,-17.8739495798319
17,3916,-27,-38.9867549668874
17,3917,5,-17.8739495798319
17,3918,0,1.24645892351275
17,3919,49,1.24645892351275
17,3920,40,145.039603960396
17,3921,121,150.8
17,3922,135,165.522613065327
17,3923,73,-101.5
17,3924,54,-105.173076923077
17,3925,32,-11.875
17,3926,3,19.5192307692308
17,3927,-76,1.24645892351275
17,3928,-29,-38.9867549668874
17,3929,-39,-38.9867549668874
17,3930,-153,-38.9867549668874
17,3931,-44,-38.9867549668874
17,3932,8,-38.9867549668874
17,3933,15,1.24645892351275
17,3934,-51,47.3589743589744
17,3935,-70,-38.9867549668874
17,3936,-54,1.66129032258065
17,3937,-22,-38.9867549668874
17,3938,-6,-17.8739495798319
17,3939,0,1.24645892351275
17,3940,6,1.24645892351275
17,3941,14,1.24645892351275
17,3942,116,76.8813559322034
17,3943,266,197.702127659574
17,3944,198,-101.5
17,3945,-329,-247.03488372093
17,3946,-63,-128.590361445783
17,3947,47,23.4166666666667
17,3948,25,-11.875
17,3949,4,19.5192307692308
17,3950,-2,1.24645892351275
17,3951,-13,1.24645892351275
17,3952,177,113.512820512821
17,3953,407,229.142857142857
17,3954,-15,-101.5
17,3955,-203,-160.444444444444
17,3956,-183,-111.341176470588
17,3957,-140,16.5714285714286
17,3958,-110,-38.9867549668874
17,3959,-94,-38.9867549668874
17,3960,-66,-38.9867549668874
17,3961,-29,1.66129032258065
17,3962,-5,1.66129032258065
17,3963,-7,1.24645892351275
17,3964,3,1.24645892351275
17,3965,27,1.24645892351275
17,3966,143,76.8813559322034
17,3967,323,197.702127659574
17,3968,203,-101.5
17,3969,-378,-247.03488372093
17,3970,-77,-128.590361445783
17,3971,-36,23.4166666666667
17,3972,69,-38.9867549668874
17,3973,-30,-11.875
17,3974,8,-38.9867549668874
17,3975,45,7.21951219512195
17,3976,139,152.547619047619
17,3977,423,229.142857142857
17,3978,-54,-209.75
17,3979,-204,-160.444444444444
17,3980,-162,-111.341176470588
17,3981,-131,16.5714285714286
17,3982,-93,-38.9867549668874
17,3983,-86,-38.9867549668874
17,3984,-80,-38.9867549668874
17,3985,-35,1.66129032258065
17,3986,-17,1.66129032258065
17,3987,1,-17.8739495798319
17,3988,0,1.24645892351275
17,3989,36,1.24645892351275
17,3990,130,76.8813559322034
17,3991,309,197.702127659574
17,3992,255,-101.5
17,3993,-396,-247.03488372093
17,3994,-127,-128.590361445783
17,3995,25,23.4166666666667
17,3996,41,19.5192307692308
17,3997,33,-33.0975609756098
17,3998,-77,-33.0975609756098
17,3999,42,1.66129032258065
17,4000,163,152.547619047619
17,4001,417,229.142857142857
17,4002,4,-101.5
17,4003,-176,-160.444444444444
17,4004,-186,-111.341176470588
17,4005,-119,-86.3333333333333
17,4006,-148,-38.9867549668874
17,4007,-97,-38.9867549668874
17,4008,-69,-38.9867549668874
17,4009,-39,1.66129032258065
17,4010,-14,1.66129032258065
17,4011,-8,-17.8739495798319
17,4012,4,1.24645892351275
17,4013,31,1.24645892351275
17,4014,126,76.8813559322034
17,4015,308,197.702127659574
17,4016,223,-101.5
17,4017,-345,-247.03488372093
17,4018,-148,-128.590361445783
17,4019,55,23.4166666666667
17,4020,17,-11.875
17,4021,4,-33.0975609756098
17,4022,-34,1.24645892351275
17,4023,20,1.66129032258065
17,4024,150,113.512820512821
17,4025,393,229.142857142857
17,4026,1,-101.5
17,4027,-188,-160.444444444444
17,4028,-145,-111.341176470588
17,4029,-142,-86.3333333333333
17,4030,-77,-38.9867549668874
17,4031,-103,-38.9867549668874
17,4032,-71,-38.9867549668874
17,4033,-44,1.66129032258065
17,4034,-21,1.66129032258065
17,4035,-11,-17.8739495798319
17,4036,-2,-17.8739495798319
17,4037,26,1.24645892351275
17,4038,11,76.8813559322034
17,4039,89,150.8
17,4040,-14,197.702127659574
17,4041,101,-17.8739495798319
17,4042,-27,71.7567567567568
17,4043,58,-17.8739495798319
17,4044,64,-11.875
17,4045,-25,-11.875
17,4046,17,-17.8739495798319
17,4047,17,47.3589743589744
17,4048,143,19.5192307692308
17,4049,263,165.522613065327
17,4050,-90,-101.5
17,4051,-148,-128.590361445783
17,4052,-122,-111.341176470588
17,4053,-84,-86.3333333333333
17,4054,-68,-38.9867549668874
17,4055,-26,-38.9867549668874
17,4056,-12,-17.8739495798319
17,4057,-64,7.21951219512195
17,4058,-31,1.66129032258065
17,4059,-64,1.66129032258065
17,4060,-11,1.66129032258065
17,4061,1,-17.8739495798319
17,4062,12,1.24645892351275
17,4063,39,47.3589743589744
17,4064,100,47.3589743589744
17,4065,109,165.522613065327
17,4066,136,152.547619047619
17,4067,92,-41.5
17,4068,47,-105.173076923077
17,4069,23,-11.875
17,4070,-31,19.5192307692308
17,4071,24,-38.9867549668874
17,4072,-31,-33.0975609756098
17,4073,-19,-38.9867549668874
17,4074,-212,-17.8739495798319
17,4075,-25,-38.9867549668874
17,4076,-115,-17.8739495798319
17,4077,-32,-38.9867549668874
17,4078,40,-38.9867549668874
17,4079,-5,47.3589743589744
17,4080,-43,1.24645892351275
17,4081,-7,-38.9867549668874
17,4082,-27,1.24645892351275
17,4083,-38,-17.8739495798319
17,4084,-38,-38.9867549668874
17,4085,0,-38.9867549668874
17,4086,6,1.24645892351275
17,4087,23,1.24645892351275
17,4088,80,76.8813559322034
17,4089,98,165.522613065327
17,4090,111,152.547619047619
17,4091,121,152.547619047619
17,4092,56,-209.75
17,4093,38,-42.3888888888889
17,4094,36,19.5192307692308
17,4095,-2,-33.0975609756098
17,4096,-64,1.24645892351275
17,4097,-8,-38.9867549668874
17,4098,-14,1.24645892351275
17,4099,-26,-17.8739495798319
17,4100,-165,-17.8739495798319
17,4101,-80,-38.9867549668874
17,4102,-39,1.66129032258065
17,4103,-71,-38.9867549668874
17,4104,-63,-38.9867549668874
17,4105,-33,-38.9867549668874
17,4106,-5,1.66129032258065
17,4107,-3,1.24645892351275
17,4108,5,1.24645892351275
17,4109,25,1.24645892351275
17,4110,123,76.8813559322034
17,4111,277,197.702127659574
17,4112,237,-101.5
17,4113,-368,-247.03488372093
17,4114,-106,-128.590361445783
17,4115,46,23.4166666666667
17,4116,31,-11.875
17,4117,-22,-33.0975609756098
17,4118,-6,-17.8739495798319
17,4119,26,1.24645892351275
17,4120,190,113.512820512821
17,4121,354,229.142857142857
17,4122,-6,-101.5
17,4123,-257,-160.444444444444
17,4124,-123,-111.341176470588
17,4125,-142,16.5714285714286
17,4126,-98,-38.9867549668874
17,4127,-64,-38.9867549668874
17,4128,-68,-38.9867549668874
17,4129,-33,1.66129032258065
17,4130,-16,1.66129032258065
17,4131,-8,-17.8739495798319
17,4132,2,1.24645892351275
17,4133,31,1.24645892351275
17,4134,28,76.8813559322034
17,4135,115,150.8
17,4136,439,165.522613065327
17,4137,-216,-101.5
17,4138,-194,-128.590361445783
17,4139,-12,23.4166666666667
17,4140,104,-17.8739495798319
17,4141,-14,-11.875
17,4142,-31,-17.8739495798319
17,4143,28,1.66129032258065
17,4144,175,47.3589743589744
17,4145,354,161.944444444444
17,4146,42,-101.5
17,4147,-227,-160.444444444444
17,4148,-191,-111.341176470588
17,4149,-128,16.5714285714286
17,4150,-119,16.5714285714286
17,4151,-22,-38.9867549668874
17,4152,-107,-17.8739495798319
17,4153,-23,1.66129032258065
17,4154,-29,7.21951219512195
17,4155,3,1.66129032258065
17,4156,-7,1.24645892351275
17,4157,35,1.24645892351275
17,4158,133,76.8813559322034
17,4159,320,197.702127659574
17,4160,190,-101.5
17,4161,-315,-247.03488372093
17,4162,-134,-128.590361445783
17,4163,2,23.4166666666667
17,4164,72,1.24645892351275
17,4165,-13,-11.875
17,4166,-39,-17.8739495798319
17,4167,11,1.66129032258065
17,4168,165,113.512820512821
17,4169,420,229.142857142857
17,4170,-3,-101.5
17,4171,-199,-160.444444444444
17,4172,-222,-111.341176470588
17,4173,-112,16.5714285714286
17,4174,-89,16.5714285714286
17,4175,-88,-38.9867549668874
17,4176,-62,-38.9867549668874
17,4177,-55,1.66129032258065
17,4178,-6,1.66129032258065
17,4179,-11,1.24645892351275
17,4180,1,-17.8739495798319
17,4181,32,1.24645892351275
17,4182,128,76.8813559322034
17,4183,299,197.702127659574
17,4184,218,-101.5
17,4185,-345,-247.03488372093
17,4186,-138,-128.590361445783
17,4187,75,23.4166666666667
17,4188,69,-11.875
17,4189,-43,-11.875
17,4190,-52,-38.9867549668874
17,4191,12,1.66129032258065
17,4192,159,113.512820512821
17,4193,478,229.142857142857
17,4194,-65,-101.5
17,4195,-155,-160.444444444444
17,4196,-163,-111.341176470588
17,4197,-158,-86.3333333333333
17,4198,-102,-38.9867549668874
17,4199,-28,-38.9867549668874
17,4200,-138,-17.8739495798319
17,4201,-34,1.66129032258065
17,4202,-35,1.66129032258065
17,4203,-13,1.66129032258065
17,4204,3,-17.8739495798319
17,4205,27,1.24645892351275
17,4206,121,76.8813559322034
17,4207,222,197.702127659574
17,4208,289,-101.5
17,4209,-290,-247.03488372093
17,4210,-147,-128.590361445783
17,4211,72,23.4166666666667
17,4212,62,-11.875
17,4213,-8,-11.875
17,4214,-29,1.24645892351275
17,4215,55,1.66129032258065
17,4216,105,152.547619047619
17,4217,303,229.142857142857
17,4218,-122,-46.037037037037
17,4219,-178,-128.590361445783
17,4220,-132,-111.341176470588
17,4221,-104,-86.3333333333333
17,4222,-42,-38.9867549668874
17,4223,-92,-38.9867549668874
17,4224,-16,1.66129032258065
17,4225,-13,-17.8739495798319
17,4226,-49,7.21951219512195
17,4227,-13,1.66129032258065
17,4228,-17,-17.8739495798319
17,4229,-4,-17.8739495798319
17,4230,18,1.24645892351275
17,4231,37,76.8813559322034
17,4232,125,47.3589743589744
17,4233,103,197.702127659574
17,4234,188,-101.5
17,4235,56,-41.5
17,4236,118,-160.444444444444
17,4237,-10,-11.875
17,4238,-46,-42.3888888888889
17,4239,-2,-38.9867549668874
17,4240,45,1.24645892351275
17,4241,-6,-11.875
17,4242,-81,1.24645892351275
17,4243,-66,-38.9867549668874
17,4244,-147,-38.9867549668874
17,4245,-3,-38.9867549668874
17,4246,-77,1.24645892351275
17,4247,-26,-38.9867549668874
17,4248,-48,-17.8739495798319
17,4249,-56,1.66129032258065
17,4250,-12,1.66129032258065
17,4251,-64,-17.8739495798319
17,4252,-29,1.66129032258065
17,4253,-15,-38.9867549668874
17,4254,9,-17.8739495798319
17,4255,21,1.24645892351275
17,4256,83,76.8813559322034
17,4257,146,165.522613065327
17,4258,155,152.547619047619
17,4259,-153,-209.75
17,4260,26,-105.173076923077
17,4261,-136,19.5192307692308
17,4262,-13,-38.9867549668874
17,4263,127,-17.8739495798319
17,4264,80,-11.875
17,4265,-13,-105.173076923077
17,4266,34,113.512820512821
17,4267,-36,113.512820512821
17,4268,-67,-38.9867549668874
17,4269,-84,-38.9867549668874
17,4270,-134,-38.9867549668874
17,4271,-10,-38.9867549668874
17,4272,-20,-17.8739495798319
17,4273,-16,-17.8739495798319
17,4274,-5,-17.8739495798319
17,4275,-2,1.24645892351275
17,4276,4,1.24645892351275
17,4277,30,1.24645892351275
17,4278,124,76.8813559322034
17,4279,281,165.522613065327
17,4280,213,-101.5
17,4281,-298,-247.03488372093
17,4282,-164,-128.590361445783
17,4283,48,23.4166666666667
17,4284,41,-11.875
17,4285,9,-33.0975609756098
17,4286,-16,1.24645892351275
17,4287,34,-17.8739495798319
17,4288,151,113.512820512821
17,4289,433,229.142857142857
17,4290,-78,-101.5
17,4291,-516,-128.590361445783
17,4292,-38,-111.341176470588
17,4293,-16,16.5714285714286
17,4294,-84,-17.8739495798319
17,4295,-59,-38.9867549668874
17,4296,-43,1.66129032258065
17,4297,-26,1.66129032258065
17,4298,-25,7.21951219512195
17,4299,-5,-17.8739495798319
17,4300,1,1.24645892351275
17,4301,30,1.24645892351275
17,4302,135,76.8813559322034
17,4303,350,197.702127659574
17,4304,204,-101.5
17,4305,-395,-247.03488372093
17,4306,-150,-128.590361445783
17,4307,78,23.4166666666667
17,4308,49,-11.875
17,4309,26,-11.875
17,4310,-29,-33.0975609756098
17,4311,0,1.66129032258065
17,4312,165,113.512820512821
17,4313,411,229.142857142857
17,4314,-253,-101.5
17,4315,-149,-128.590361445783
17,4316,-118,23.4166666666667
17,4317,-78,-86.3333333333333
17,4318,-48,-38.9867549668874
17,4319,-96,-38.9867549668874
17,4320,-81,1.66129032258065
17,4321,-34,1.66129032258065
17,4322,-4,1.66129032258065
17,4323,-10,1.24645892351275
17,4324,1,-17.8739495798319
17,4325,32,1.24645892351275
17,4326,147,76.8813559322034
17,4327,366,197.702127659574
17,4328,187,-101.5
17,4329,-364,-247.03488372093
17,4330,-151,-128.590361445783
17,4331,42,23.4166666666667
17,4332,45,-11.875
17,4333,4,-11.875
17,4334,-50,1.24645892351275
17,4335,50,1.66129032258065
17,4336,144,152.547619047619
17,4337,323,229.142857142857
17,4338,-100,-209.75
17,4339,-103,-128.590361445783
17,4340,-189,-111.341176470588
17,4341,-40,-86.3333333333333
17,4342,-70,-38.9867549668874
18,1,-25,-20.3860759493671
18,2,-15,-20.3860759493671
18,3,-8,-20.3860759493671
18,4,-31,1.08295964125561
18,5,-5,-30.4156862745098
18,6,1,1.08295964125561
18,7,10,1.08295964125561
18,8,10,1.08295964125561
18,9,70,1.08295964125561
18,10,29,159.830188679245
18,11,61,75.9026548672566
18,12,27,-16.1875
18,13,48,75.9026548672566
18,14,-32,-9.58333333333333
18,15,-10,-30.4156862745098
18,16,16,1.08295964125561
18,17,-37,26.2777777777778
18,18,-36,-30.4156862745098
18,19,-26,-30.4156862745098
18,20,16,-20.3860759493671
18,21,-44,26.2777777777778
18,22,-20,-30.4156862745098
18,23,-3,-20.3860759493671
18,24,9,1.08295964125561
18,25,-21,1.08295964125561
18,26,-15,-20.3860759493671
18,27,-13,-20.3860759493671
18,28,-21,1.08295964125561
18,29,-15,-20.3860759493671
18,30,-1,-20.3860759493671
18,31,-3,1.08295964125561
18,32,20,1.08295964125561
18,33,37,75.9026548672566
18,34,28,75.9026548672566
18,35,101,75.9026548672566
18,36,39,107.051282051282
18,37,78,75.9026548672566
18,38,20,-16.1875
18,39,6,75.9026548672566
18,40,22,1.08295964125561
18,41,-14,26.2777777777778
18,42,-52,1.08295964125561
18,43,-71,-30.4156862745098
18,44,-73,-30.4156862745098
18,45,-55,-30.4156862745098
18,46,-5,-30.4156862745098
18,47,-12,1.08295964125561
18,48,-7,1.08295964125561
18,49,-35,1.08295964125561
18,50,-23,-30.4156862745098
18,51,-2,-20.3860759493671
18,52,-2,1.08295964125561
18,53,-1,1.08295964125561
18,54,15,1.08295964125561
18,55,74,75.9026548672566
18,56,190,189.524752475248
18,57,248,159.830188679245
18,58,-298,-229.12426035503
18,59,-126,-154.283870967742
18,60,-1,-32.8
18,61,74,1.08295964125561
18,62,5,-9.58333333333333
18,63,-24,1.08295964125561
18,64,16,-20.3860759493671
18,65,112,104.90990990991
18,66,243,230.813953488372
18,67,-2,-93.2962962962963
18,68,-193,-154.283870967742
18,69,-115,-118.666666666667
18,70,-24,-58.8627450980392
18,71,-103,-20.3860759493671
18,72,-36,-30.4156862745098
18,73,-46,-30.4156862745098
18,74,-4,-30.4156862745098
18,75,-3,6.72727272727273
18,76,3,1.08295964125561
18,77,-4,1.08295964125561
18,78,19,1.08295964125561
18,79,80,75.9026548672566
18,80,224,189.524752475248
18,81,234,-22.047619047619
18,82,-327,-229.12426035503
18,83,-100,-154.283870967742
18,84,31,-32.8
18,85,20,3.88888888888889
18,86,7,-25.8888888888889
18,87,-56,1.08295964125561
18,88,32,-30.4156862745098
18,89,121,104.90990990991
18,90,243,230.813953488372
18,91,-81,-93.2962962962963
18,92,-143,-154.283870967742
18,93,-102,-118.666666666667
18,94,-16,-58.8627450980392
18,95,-87,-20.3860759493671
18,96,-36,-30.4156862745098
18,97,-33,-30.4156862745098
18,98,-26,-30.4156862745098
18,99,-2,6.72727272727273
18,100,-2,1.08295964125561
18,101,27,1.08295964125561
18,102,75,75.9026548672566
18,103,149,189.524752475248
18,104,-137,189.524752475248
18,105,-78,-112.729166666667
18,106,-28,-30.4156862745098
18,107,0,-20.3860759493671
18,108,60,1.08295964125561
18,109,6,-9.58333333333333
18,110,-20,1.08295964125561
18,111,34,-20.3860759493671
18,112,77,174.818181818182
18,113,86,159.830188679245
18,114,-61,-16.1875
18,115,-90,-30.4156862745098
18,116,-5,-30.4156862745098
18,117,-58,1.08295964125561
18,118,16,-58.8627450980392
18,119,-22,-25.8888888888889
18,120,-22,-20.3860759493671
18,121,1,-20.3860759493671
18,122,-6,1.08295964125561
18,123,-3,1.08295964125561
18,124,2,1.08295964125561
18,125,13,1.08295964125561
18,126,91,26.2777777777778
18,127,195,159.830188679245
18,128,290,-22.047619047619
18,129,-308,-229.12426035503
18,130,-153,-154.283870967742
18,131,35,-32.8
18,132,52,26.2777777777778
18,133,-9,-9.58333333333333
18,134,0,1.08295964125561
18,135,12,1.08295964125561
18,136,138,104.90990990991
18,137,239,230.813953488372
18,138,-75,-93.2962962962963
18,139,-197,-154.283870967742
18,140,-74,-118.666666666667
18,141,-57,-58.8627450980392
18,142,-71,-58.8627450980392
18,143,-41,-30.4156862745098
18,144,-39,-30.4156862745098
18,145,-26,-30.4156862745098
18,146,-14,6.72727272727273
18,147,-3,1.08295964125561
18,148,-1,1.08295964125561
18,149,22,1.08295964125561
18,150,68,75.9026548672566
18,151,170,137.188118811881
18,152,287,159.830188679245
18,153,-235,-229.12426035503
18,154,-182,-154.283870967742
18,155,62,-32.8
18,156,40,-9.58333333333333
18,157,-12,-25.8888888888889
18,158,-17,1.08295964125561
18,159,-127,-20.3860759493671
18,160,-28,49.5454545454545
18,161,78,174.818181818182
18,162,32,-9.58333333333333
18,163,14,-25.8888888888889
18,164,-74,26.2777777777778
18,165,1,-30.4156862745098
18,166,-26,1.08295964125561
18,167,-52,-20.3860759493671
18,168,-1,-30.4156862745098
18,169,22,1.08295964125561
18,170,-6,26.2777777777778
18,171,-17,1.08295964125561
18,172,-19,-20.3860759493671
18,173,0,-20.3860759493671
18,174,5,1.08295964125561
18,175,9,1.08295964125561
18,176,32,1.08295964125561
18,177,46,26.2777777777778
18,178,74,137.188118811881
18,179,46,107.051282051282
18,180,85,-16.1875
18,181,40,-9.58333333333333
18,182,91,26.2777777777778
18,183,-31,-9.58333333333333
18,184,68,-30.4156862745098
18,185,-82,-9.58333333333333
18,186,-82,-30.4156862745098
18,187,-78,-58.8627450980392
18,188,-76,-30.4156862745098
18,189,5,-58.8627450980392
18,190,-20,1.08295964125561
18,191,-28,-20.3860759493671
18,192,-34,-20.3860759493671
18,193,4,-30.4156862745098
18,194,4,1.08295964125561
18,195,-54,1.08295964125561
18,196,-12,-30.4156862745098
18,197,-9,1.08295964125561
18,198,0,1.08295964125561
18,199,18,1.08295964125561
18,200,43,75.9026548672566
18,201,52,138.739130434783
18,202,74,137.188118811881
18,203,64,107.051282051282
18,204,71,-26.6
18,205,37,-16.1875
18,206,-32,26.2777777777778
18,207,2,-58.8627450980392
18,208,-35,1.08295964125561
18,209,-36,-58.8627450980392
18,210,-79,-30.4156862745098
18,211,-52,-30.4156862745098
18,212,-44,-30.4156862745098
18,213,-9,-30.4156862745098
18,214,-17,1.08295964125561
18,215,-36,-20.3860759493671
18,216,-9,-30.4156862745098
18,217,-11,1.08295964125561
18,218,-2,1.08295964125561
18,219,-3,1.08295964125561
18,220,0,1.08295964125561
18,221,17,1.08295964125561
18,222,73,75.9026548672566
18,223,169,159.830188679245
18,224,168,159.830188679245
18,225,-231,-229.12426035503
18,226,-111,-112.729166666667
18,227,17,18.7727272727273
18,228,34,26.2777777777778
18,229,-17,-25.8888888888889
18,230,8,-20.3860759493671
18,231,2,1.08295964125561
18,232,80,104.90990990991
18,233,177,230.813953488372
18,234,-12,-22.047619047619
18,235,-149,-112.729166666667
18,236,-47,-79.28125
18,237,-59,-58.8627450980392
18,238,-42,-58.8627450980392
18,239,-47,-30.4156862745098
18,240,-23,-30.4156862745098
18,241,-2,-20.3860759493671
18,242,-2,6.72727272727273
18,243,-3,1.08295964125561
18,244,2,1.08295964125561
18,245,22,1.08295964125561
18,246,77,75.9026548672566
18,247,173,159.830188679245
18,248,226,-22.047619047619
18,249,-268,-229.12426035503
18,250,-104,-154.283870967742
18,251,1,-32.8
18,252,8,1.08295964125561
18,253,26,1.08295964125561
18,254,-28,-25.8888888888889
18,255,30,-20.3860759493671
18,256,84,104.90990990991
18,257,196,230.813953488372
18,258,11,-117.379310344828
18,259,-170,-112.729166666667
18,260,-100,-79.28125
18,261,-39,-58.8627450980392
18,262,-42,-58.8627450980392
18,263,-52,-30.4156862745098
18,264,-39,-30.4156862745098
18,265,-10,-30.4156862745098
18,266,-1,6.72727272727273
18,267,-1,1.08295964125561
18,268,0,1.08295964125561
18,269,15,1.08295964125561
18,270,90,75.9026548672566
18,271,236,189.524752475248
18,272,222,159.830188679245
18,273,-302,-229.12426035503
18,274,-117,-154.283870967742
18,275,14,-32.8
18,276,54,26.2777777777778
18,277,-10,-9.58333333333333
18,278,-30,1.08295964125561
18,279,34,-20.3860759493671
18,280,79,104.90990990991
18,281,324,230.813953488372
18,282,-68,-117.379310344828
18,283,-183,-154.283870967742
18,284,-101,-118.666666666667
18,285,-72,-58.8627450980392
18,286,-29,-58.8627450980392
18,287,-97,-20.3860759493671
18,288,-16,-30.4156862745098
18,289,-25,-20.3860759493671
18,290,-10,6.72727272727273
18,291,-8,1.08295964125561
18,292,-1,1.08295964125561
18,293,27,1.08295964125561
18,294,80,75.9026548672566
18,295,225,159.830188679245
18,296,251,159.830188679245
18,297,-284,-229.12426035503
18,298,-163,-154.283870967742
18,299,66,-32.8
18,300,47,-9.58333333333333
18,301,-18,-9.58333333333333
18,302,-30,-20.3860759493671
18,303,-18,-20.3860759493671
18,304,157,104.90990990991
18,305,255,230.813953488372
18,306,-7,-93.2962962962963
18,307,-174,-154.283870967742
18,308,-114,-118.666666666667
18,309,-69,-58.8627450980392
18,310,-80,-58.8627450980392
18,311,-59,-30.4156862745098
18,312,-40,-30.4156862745098
18,313,-28,-30.4156862745098
18,314,-15,6.72727272727273
18,315,-4,-20.3860759493671
18,316,-6,1.08295964125561
18,317,28,1.08295964125561
18,318,56,75.9026548672566
18,319,183,137.188118811881
18,320,233,159.830188679245
18,321,-217,-229.12426035503
18,322,-125,-154.283870967742
18,323,28,-32.8
18,324,14,3.88888888888889
18,325,23,-25.8888888888889
18,326,-46,-25.8888888888889
18,327,60,-30.4156862745098
18,328,105,24.9
18,329,223,175.085714285714
18,330,-96,-117.379310344828
18,331,-226,-154.283870967742
18,332,-85,-118.666666666667
18,333,-18,18.7727272727273
18,334,-34,-20.3860759493671
18,335,-21,-30.4156862745098
18,336,-9,-20.3860759493671
18,337,-26,1.08295964125561
18,338,-9,6.72727272727273
18,339,-26,1.08295964125561
18,340,-12,-20.3860759493671
18,341,6,1.08295964125561
18,342,2,1.08295964125561
18,343,28,1.08295964125561
18,344,71,75.9026548672566
18,345,37,159.830188679245
18,346,75,75.9026548672566
18,347,51,107.051282051282
18,348,55,-9.58333333333333
18,349,28,-16.1875
18,350,22,26.2777777777778
18,351,27,-25.8888888888889
18,352,-16,-25.8888888888889
18,353,-36,-20.3860759493671
18,354,-57,-30.4156862745098
18,355,-113,-30.4156862745098
18,356,-63,-30.4156862745098
18,357,-11,-30.4156862745098
18,358,-10,1.08295964125561
18,359,-17,1.08295964125561
18,360,-14,-20.3860759493671
18,361,-8,1.08295964125561
18,362,5,1.08295964125561
18,363,-44,1.08295964125561
18,364,-15,-30.4156862745098
18,365,3,-20.3860759493671
18,366,7,1.08295964125561
18,367,55,1.08295964125561
18,368,18,137.188118811881
18,369,128,75.9026548672566
18,370,81,189.524752475248
18,371,111,-112.729166666667
18,372,54,-9.58333333333333
18,373,37,-45.1666666666667
18,374,-14,-25.8888888888889
18,375,22,1.08295964125561
18,376,-11,-25.8888888888889
18,377,-109,1.08295964125561
18,378,-131,-30.4156862745098
18,379,-87,-30.4156862745098
18,380,-24,-30.4156862745098
18,381,-53,-20.3860759493671
18,382,-42,-30.4156862745098
18,383,-28,-30.4156862745098
18,384,-14,-20.3860759493671
18,385,-1,1.08295964125561
18,386,-7,1.08295964125561
18,387,1,1.08295964125561
18,388,13,1.08295964125561
18,389,72,75.9026548672566
18,390,180,159.830188679245
18,391,296,159.830188679245
18,392,-283,-229.12426035503
18,393,-144,-154.283870967742
18,394,13,-32.8
18,395,71,26.2777777777778
18,396,29,-9.58333333333333
18,397,-29,-25.8888888888889
18,398,12,-20.3860759493671
18,399,99,104.90990990991
18,400,312,230.813953488372
18,401,68,-22.047619047619
18,402,-266,-154.283870967742
18,403,-160,-118.666666666667
18,404,-81,18.7727272727273
18,405,-72,-58.8627450980392
18,406,-70,-58.8627450980392
18,407,-37,-30.4156862745098
18,408,-10,-30.4156862745098
18,409,-15,6.72727272727273
18,410,1,-20.3860759493671
18,411,-1,1.08295964125561
18,412,23,1.08295964125561
18,413,89,75.9026548672566
18,414,195,189.524752475248
18,415,285,159.830188679245
18,416,-251,-229.12426035503
18,417,-199,-154.283870967742
18,418,76,-32.8
18,419,25,-9.58333333333333
18,420,-11,-25.8888888888889
18,421,-21,1.08295964125561
18,422,52,-20.3860759493671
18,423,101,24.9
18,424,311,230.813953488372
18,425,58,-117.379310344828
18,426,-255,-154.283870967742
18,427,-128,-118.666666666667
18,428,-107,18.7727272727273
18,429,-74,-58.8627450980392
18,430,-83,-58.8627450980392
18,431,-48,-30.4156862745098
18,432,-12,-30.4156862745098
18,433,-25,6.72727272727273
18,434,2,-20.3860759493671
18,435,1,1.08295964125561
18,436,22,1.08295964125561
18,437,94,75.9026548672566
18,438,247,189.524752475248
18,439,294,159.830188679245
18,440,-311,-229.12426035503
18,441,-163,-154.283870967742
18,442,32,-32.8
18,443,47,26.2777777777778
18,444,-13,-9.58333333333333
18,445,-30,1.08295964125561
18,446,59,-20.3860759493671
18,447,73,24.9
18,448,426,230.813953488372
18,449,-33,-117.379310344828
18,450,-277,-154.283870967742
18,451,-142,-118.666666666667
18,452,-42,18.7727272727273
18,453,-86,-58.8627450980392
18,454,-111,-30.4156862745098
18,455,-31,-30.4156862745098
18,456,-37,-30.4156862745098
18,457,-4,49.5454545454545
18,458,-12,1.08295964125561
18,459,7,1.08295964125561
18,460,12,1.08295964125561
18,461,91,75.9026548672566
18,462,264,159.830188679245
18,463,242,189.524752475248
18,464,-308,-229.12426035503
18,465,-151,-154.283870967742
18,466,47,-32.8
18,467,54,-9.58333333333333
18,468,8,-9.58333333333333
18,469,-15,1.08295964125561
18,470,29,-20.3860759493671
18,471,139,104.90990990991
18,472,287,230.813953488372
18,473,33,-93.2962962962963
18,474,-321,-154.283870967742
18,475,-95,-118.666666666667
18,476,-87,18.7727272727273
18,477,-74,-58.8627450980392
18,478,-72,-30.4156862745098
18,479,-40,-30.4156862745098
18,480,-31,-30.4156862745098
18,481,-22,49.5454545454545
18,482,-1,-20.3860759493671
18,483,0,1.08295964125561
18,484,29,1.08295964125561
18,485,67,75.9026548672566
18,486,179,137.188118811881
18,487,284,159.830188679245
18,488,-250,-229.12426035503
18,489,-132,-154.283870967742
18,490,27,-32.8
18,491,87,26.2777777777778
18,492,-34,-9.58333333333333
18,493,-58,-30.4156862745098
18,494,-95,-30.4156862745098
18,495,22,49.5454545454545
18,496,129,6.72727272727273
18,497,150,-9.58333333333333
18,498,-112,-93.2962962962963
18,499,-61,-112.729166666667
18,500,-83,-30.4156862745098
18,501,-4,-58.8627450980392
18,502,-22,1.08295964125561
18,503,-26,-20.3860759493671
18,504,-31,-20.3860759493671
18,505,-27,-30.4156862745098
18,506,-16,6.72727272727273
18,507,-24,-20.3860759493671
18,508,6,-20.3860759493671
18,509,22,1.08295964125561
18,510,56,75.9026548672566
18,511,132,137.188118811881
18,512,103,159.830188679245
18,513,122,-229.12426035503
18,514,142,107.051282051282
18,515,66,-229.12426035503
18,516,35,-112.729166666667
18,517,4,-25.8888888888889
18,518,-11,1.08295964125561
18,519,6,1.08295964125561
18,520,-37,104.90990990991
18,521,-88,-30.4156862745098
18,522,-143,-30.4156862745098
18,523,-146,-30.4156862745098
18,524,-48,-30.4156862745098
18,525,-12,-30.4156862745098
18,526,-26,1.08295964125561
18,527,-78,-20.3860759493671
18,528,6,-30.4156862745098
18,529,-57,1.08295964125561
18,530,-38,49.5454545454545
18,531,-4,-30.4156862745098
18,532,-8,1.08295964125561
18,533,5,1.08295964125561
18,534,31,1.08295964125561
18,535,54,75.9026548672566
18,536,82,137.188118811881
18,537,173,189.524752475248
18,538,17,53.4615384615385
18,539,135,-112.729166666667
18,540,41,-9.58333333333333
18,541,-23,-112.729166666667
18,542,33,-20.3860759493671
18,543,-13,-25.8888888888889
18,544,0,1.08295964125561
18,545,-82,1.08295964125561
18,546,-107,-30.4156862745098
18,547,-154,-30.4156862745098
18,548,-25,-30.4156862745098
18,549,-73,-20.3860759493671
18,550,-54,-30.4156862745098
18,551,-23,-30.4156862745098
18,552,-8,-20.3860759493671
18,553,-7,1.08295964125561
18,554,-6,1.08295964125561
18,555,1,1.08295964125561
18,556,28,1.08295964125561
18,557,89,75.9026548672566
18,558,234,159.830188679245
18,559,225,159.830188679245
18,560,-248,-229.12426035503
18,561,-147,-154.283870967742
18,562,17,-32.8
18,563,81,26.2777777777778
18,564,-19,-9.58333333333333
18,565,-3,-20.3860759493671
18,566,26,1.08295964125561
18,567,99,104.90990990991
18,568,336,230.813953488372
18,569,80,-117.379310344828
18,570,-252,-154.283870967742
18,571,-219,-118.666666666667
18,572,-107,18.7727272727273
18,573,-75,18.7727272727273
18,574,-94,-58.8627450980392
18,575,-25,-30.4156862745098
18,576,-14,-20.3860759493671
18,577,-5,6.72727272727273
18,578,-7,1.08295964125561
18,579,3,1.08295964125561
18,580,14,1.08295964125561
18,581,80,75.9026548672566
18,582,70,159.830188679245
18,583,346,159.830188679245
18,584,-191,-117.379310344828
18,585,-162,-154.283870967742
18,586,67,-32.8
18,587,31,-9.58333333333333
18,588,23,-25.8888888888889
18,589,-36,-25.8888888888889
18,590,-4,-30.4156862745098
18,591,187,1.08295964125561
18,592,319,175.085714285714
18,593,51,-93.2962962962963
18,594,-246,-154.283870967742
18,595,-178,-118.666666666667
18,596,-100,18.7727272727273
18,597,-89,-58.8627450980392
18,598,-98,-58.8627450980392
18,599,-57,-30.4156862745098
18,600,-7,-30.4156862745098
18,601,-16,6.72727272727273
18,602,-2,-20.3860759493671
18,603,-4,1.08295964125561
18,604,35,1.08295964125561
18,605,110,75.9026548672566
18,606,223,189.524752475248
18,607,163,159.830188679245
18,608,-242,-229.12426035503
18,609,-139,-112.729166666667
18,610,38,18.7727272727273
18,611,37,3.88888888888889
18,612,74,-25.8888888888889
18,613,-78,-9.58333333333333
18,614,18,-30.4156862745098
18,615,135,104.90990990991
18,616,351,268.830769230769
18,617,50,-93.2962962962963
18,618,-197,-154.283870967742
18,619,-208,-118.666666666667
18,620,-123,-58.8627450980392
18,621,-54,18.7727272727273
18,622,-72,-30.4156862745098
18,623,-84,-30.4156862745098
18,624,-11,-30.4156862745098
18,625,-24,6.72727272727273
18,626,1,-20.3860759493671
18,627,-1,1.08295964125561
18,628,28,1.08295964125561
18,629,102,75.9026548672566
18,630,225,189.524752475248
18,631,288,159.830188679245
18,632,-331,-229.12426035503
18,633,-176,-154.283870967742
18,634,77,-32.8
18,635,53,-9.58333333333333
18,636,26,-9.58333333333333
18,637,-41,-25.8888888888889
18,638,47,-30.4156862745098
18,639,121,24.9
18,640,385,230.813953488372
18,641,-9,-229.12426035503
18,642,-215,-154.283870967742
18,643,-162,-118.666666666667
18,644,-50,18.7727272727273
18,645,-154,-58.8627450980392
18,646,-69,-30.4156862745098
18,647,-56,-30.4156862745098
18,648,-45,-30.4156862745098
18,649,-18,49.5454545454545
18,650,-22,-20.3860759493671
18,651,-7,-20.3860759493671
18,652,31,1.08295964125561
18,653,82,75.9026548672566
18,654,230,189.524752475248
18,655,316,189.524752475248
18,656,-282,-229.12426035503
18,657,-105,-154.283870967742
18,658,43,-32.8
18,659,153,-9.58333333333333
18,660,-43,-22.047619047619
18,661,4,-112.729166666667
18,662,40,1.08295964125561
18,663,117,104.90990990991
18,664,368,230.813953488372
18,665,-127,-93.2962962962963
18,666,-144,-154.283870967742
18,667,-241,-32.8
18,668,-161,-58.8627450980392
18,669,-13,18.7727272727273
18,670,-95,1.08295964125561
18,671,-20,-30.4156862745098
18,672,-28,-20.3860759493671
18,673,-59,174.818181818182
18,674,-37,49.5454545454545
18,675,-25,49.5454545454545
18,676,-3,-20.3860759493671
18,677,24,1.08295964125561
18,678,42,75.9026548672566
18,679,84,137.188118811881
18,680,95,189.524752475248
18,681,96,107.051282051282
18,682,-72,-26.6
18,683,-90,-30.4156862745098
18,684,13,-58.8627450980392
18,685,27,-25.8888888888889
18,686,67,-25.8888888888889
18,687,-113,-9.58333333333333
18,688,-62,-30.4156862745098
18,689,22,-30.4156862745098
18,690,-4,3.88888888888889
18,691,-22,1.08295964125561
18,692,-7,-20.3860759493671
18,693,-21,1.08295964125561
18,694,22,-20.3860759493671
18,695,-25,3.88888888888889
18,696,9,-20.3860759493671
18,697,-54,1.08295964125561
18,698,-17,-30.4156862745098
18,699,-10,-20.3860759493671
18,700,-2,1.08295964125561
18,701,12,1.08295964125561
18,702,21,26.2777777777778
18,703,50,75.9026548672566
18,704,29,137.188118811881
18,705,132,75.9026548672566
18,706,73,-26.6
18,707,37,-112.729166666667
18,708,7,26.2777777777778
18,709,47,1.08295964125561
18,710,7,-9.58333333333333
18,711,71,1.08295964125561
18,712,-73,-9.58333333333333
18,713,72,-30.4156862745098
18,714,-116,-9.58333333333333
18,715,-116,-30.4156862745098
18,716,-110,-58.8627450980392
18,717,-38,-30.4156862745098
18,718,-46,-58.8627450980392
18,719,-32,-30.4156862745098
18,720,-5,-30.4156862745098
18,721,-8,1.08295964125561
18,722,-19,1.08295964125561
18,723,3,-20.3860759493671
18,724,32,1.08295964125561
18,725,81,75.9026548672566
18,726,253,159.830188679245
18,727,287,138.739130434783
18,728,-375,-229.12426035503
18,729,-129,-154.283870967742
18,730,25,-32.8
18,731,101,26.2777777777778
18,732,22,-9.58333333333333
18,733,-84,-25.8888888888889
18,734,6,-30.4156862745098
18,735,82,104.90990990991
18,736,359,230.813953488372
18,737,20,-22.047619047619
18,738,-226,-154.283870967742
18,739,-237,-118.666666666667
18,740,-35,18.7727272727273
18,741,-93,18.7727272727273
18,742,-45,-30.4156862745098
18,743,-38,-30.4156862745098
18,744,-5,-30.4156862745098
18,745,2,6.72727272727273
18,746,-3,1.08295964125561
18,747,-1,1.08295964125561
18,748,14,1.08295964125561
18,749,84,75.9026548672566
18,750,185,189.524752475248
18,751,295,-22.047619047619
18,752,-314,-229.12426035503
18,753,-129,-154.283870967742
18,754,37,-32.8
18,755,45,26.2777777777778
18,756,-9,-9.58333333333333
18,757,-27,1.08295964125561
18,758,16,-20.3860759493671
18,759,105,104.90990990991
18,760,309,230.813953488372
18,761,30,-22.047619047619
18,762,-227,-154.283870967742
18,763,-123,-118.666666666667
18,764,-73,18.7727272727273
18,765,-87,-58.8627450980392
18,766,-70,-30.4156862745098
18,767,-34,-30.4156862745098
18,768,-22,-30.4156862745098
18,769,-5,6.72727272727273
18,770,2,1.08295964125561
18,771,-4,1.08295964125561
18,772,39,1.08295964125561
18,773,75,75.9026548672566
18,774,243,189.524752475248
18,775,300,159.830188679245
18,776,-344,-229.12426035503
18,777,-141,-154.283870967742
18,778,49,-32.8
18,779,46,-9.58333333333333
18,780,5,-9.58333333333333
18,781,-52,1.08295964125561
18,782,-22,-30.4156862745098
18,783,22,104.90990990991
18,784,383,174.818181818182
18,785,37,-22.047619047619
18,786,-185,-154.283870967742
18,787,-94,-118.666666666667
18,788,-101,-30.4156862745098
18,789,-89,-58.8627450980392
18,790,-79,-30.4156862745098
18,791,-45,-30.4156862745098
18,792,-15,-30.4156862745098
18,793,-27,6.72727272727273
18,794,-1,-20.3860759493671
18,795,4,1.08295964125561
18,796,23,1.08295964125561
18,797,85,75.9026548672566
18,798,250,189.524752475248
18,799,287,159.830188679245
18,800,-333,-229.12426035503
18,801,-155,-154.283870967742
18,802,54,-32.8
18,803,72,-9.58333333333333
18,804,-19,-9.58333333333333
18,805,-35,-20.3860759493671
18,806,69,-30.4156862745098
18,807,81,24.9
18,808,315,230.813953488372
18,809,-22,-117.379310344828
18,810,-213,-154.283870967742
18,811,-133,-118.666666666667
18,812,-111,18.7727272727273
18,813,-72,-58.8627450980392
18,814,-58,-30.4156862745098
18,815,-35,-30.4156862745098
18,816,-32,-30.4156862745098
18,817,-20,49.5454545454545
18,818,0,-20.3860759493671
18,819,-5,1.08295964125561
18,820,24,1.08295964125561
18,821,60,75.9026548672566
18,822,203,137.188118811881
18,823,304,159.830188679245
18,824,-272,-229.12426035503
18,825,-134,-154.283870967742
18,826,14,-32.8
18,827,69,3.88888888888889
18,828,-28,-9.58333333333333
18,829,-13,-20.3860759493671
18,830,51,1.08295964125561
18,831,87,24.9
18,832,239,230.813953488372
18,833,-46,-117.379310344828
18,834,-165,-154.283870967742
18,835,-186,-118.666666666667
18,836,11,-58.8627450980392
18,837,-67,3.88888888888889
18,838,-30,-30.4156862745098
18,839,-31,-20.3860759493671
18,840,-10,-30.4156862745098
18,841,-13,6.72727272727273
18,842,-38,1.08295964125561
18,843,-23,-30.4156862745098
18,844,-3,-20.3860759493671
18,845,18,1.08295964125561
18,846,21,75.9026548672566
18,847,101,75.9026548672566
18,848,78,159.830188679245
18,849,90,107.051282051282
18,850,150,107.051282051282
18,851,158,-117.379310344828
18,852,17,-229.12426035503
18,853,-87,-112.729166666667
18,854,54,-58.8627450980392
18,855,-70,-9.58333333333333
18,856,8,-58.8627450980392
18,857,-202,1.08295964125561
18,858,-57,-30.4156862745098
18,859,-76,18.7727272727273
18,860,-65,-30.4156862745098
18,861,13,-30.4156862745098
18,862,-44,26.2777777777778
18,863,-45,-30.4156862745098
18,864,-5,49.5454545454545
18,865,19,1.08295964125561
18,866,-56,75.9026548672566
18,867,-13,-30.4156862745098
18,868,6,1.08295964125561
18,869,79,1.08295964125561
18,870,-13,189.524752475248
18,871,41,1.08295964125561
18,872,150,75.9026548672566
18,873,85,24.9
18,874,91,-93.2962962962963
18,875,-6,-9.58333333333333
18,876,19,1.08295964125561
18,877,97,26.2777777777778
18,878,12,-9.58333333333333
18,879,-62,-25.8888888888889
18,880,44,-30.4156862745098
18,881,-123,-9.58333333333333
18,882,-86,-58.8627450980392
18,883,-114,-30.4156862745098
18,884,-98,-30.4156862745098
18,885,-66,-30.4156862745098
18,886,-5,-30.4156862745098
18,887,-46,1.08295964125561
18,888,-12,-30.4156862745098
18,889,0,1.08295964125561
18,890,-1,1.08295964125561
18,891,20,1.08295964125561
18,892,86,75.9026548672566
18,893,196,138.739130434783
18,894,283,189.524752475248
18,895,-272,-229.12426035503
18,896,-113,-154.283870967742
18,897,5,-32.8
18,898,72,1.08295964125561
18,899,0,-9.58333333333333
18,900,-13,1.08295964125561
18,901,56,1.08295964125561
18,902,71,24.9
18,903,334,230.813953488372
18,904,-111,-117.379310344828
18,905,-124,-154.283870967742
18,906,-165,-32.8
18,907,-91,-58.8627450980392
18,908,-115,-58.8627450980392
18,909,-57,-30.4156862745098
18,910,-33,-30.4156862745098
18,911,-22,-30.4156862745098
18,912,-6,6.72727272727273
18,913,-2,1.08295964125561
18,914,-2,1.08295964125561
18,915,26,1.08295964125561
18,916,73,75.9026548672566
18,917,241,189.524752475248
18,918,263,159.830188679245
18,919,-196,-229.12426035503
18,920,-189,-154.283870967742
18,921,39,-32.8
18,922,73,26.2777777777778
18,923,14,-9.58333333333333
18,924,-34,-25.8888888888889
18,925,5,-30.4156862745098
18,926,169,104.90990990991
18,927,272,175.085714285714
18,928,43,-93.2962962962963
18,929,-242,-154.283870967742
18,930,-179,-118.666666666667
18,931,-136,18.7727272727273
18,932,-85,-58.8627450980392
18,933,-79,-30.4156862745098
18,934,-38,-30.4156862745098
18,935,-30,-30.4156862745098
18,936,-6,6.72727272727273
18,937,-2,1.08295964125561
18,938,-2,1.08295964125561
18,939,26,1.08295964125561
18,940,99,75.9026548672566
18,941,240,189.524752475248
18,942,318,159.830188679245
18,943,-321,-229.12426035503
18,944,-196,-154.283870967742
18,945,46,-32.8
18,946,70,-9.58333333333333
18,947,-32,-9.58333333333333
18,948,7,-30.4156862745098
18,949,10,1.08295964125561
18,950,122,104.90990990991
18,951,354,230.813953488372
18,952,15,-93.2962962962963
18,953,-265,-154.283870967742
18,954,-122,-118.666666666667
18,955,-74,18.7727272727273
18,956,-117,-58.8627450980392
18,957,-50,-30.4156862745098
18,958,-86,-30.4156862745098
18,959,-32,-30.4156862745098
18,960,5,49.5454545454545
18,961,-13,1.08295964125561
18,962,-4,1.08295964125561
18,963,28,1.08295964125561
18,964,97,75.9026548672566
18,965,228,189.524752475248
18,966,284,159.830188679245
18,967,-287,-229.12426035503
18,968,-105,-154.283870967742
18,969,22,-32.8
18,970,8,3.88888888888889
18,971,15,1.08295964125561
18,972,-4,-25.8888888888889
18,973,-18,1.08295964125561
18,974,133,104.90990990991
18,975,420,230.813953488372
18,976,-124,-93.2962962962963
18,977,-211,-154.283870967742
18,978,-175,-32.8
18,979,-78,18.7727272727273
18,980,-85,-58.8627450980392
18,981,-13,-30.4156862745098
18,982,-75,1.08295964125561
18,983,-23,-30.4156862745098
18,984,-27,6.72727272727273
18,985,-3,-20.3860759493671
18,986,-3,1.08295964125561
18,987,18,1.08295964125561
18,988,57,75.9026548672566
18,989,166,137.188118811881
18,990,262,159.830188679245
18,991,-132,-229.12426035503
18,992,-138,-154.283870967742
18,993,53,-32.8
18,994,46,-9.58333333333333
18,995,74,-9.58333333333333
18,996,79,-9.58333333333333
18,997,47,53.4615384615385
18,998,-1,24.9
18,999,119,174.818181818182
18,1000,-171,-9.58333333333333
18,1001,-72,-45.1666666666667
18,1002,-160,-30.4156862745098
18,1003,-62,-30.4156862745098
18,1004,-32,-58.8627450980392
18,1005,-45,-30.4156862745098
18,1006,-19,-30.4156862745098
18,1007,-25,-20.3860759493671
18,1008,-33,6.72727272727273
18,1009,-8,49.5454545454545
18,1010,-21,1.08295964125561
18,1011,-5,-20.3860759493671
18,1012,17,1.08295964125561
18,1013,35,75.9026548672566
18,1014,69,75.9026548672566
18,1015,153,137.188118811881
18,1016,87,107.051282051282
18,1017,132,-229.12426035503
18,1018,95,-16.1875
18,1019,53,-229.12426035503
18,1020,-65,-9.58333333333333
18,1021,48,-58.8627450980392
18,1022,-11,-9.58333333333333
18,1023,-48,1.08295964125561
18,1024,-50,-58.8627450980392
18,1025,-104,-30.4156862745098
18,1026,-205,-30.4156862745098
18,1027,26,-30.4156862745098
18,1028,-52,3.88888888888889
18,1029,-64,-30.4156862745098
18,1030,-33,-30.4156862745098
18,1031,-21,-30.4156862745098
18,1032,-32,-20.3860759493671
18,1033,-6,49.5454545454545
18,1034,-19,1.08295964125561
18,1035,5,-20.3860759493671
18,1036,16,1.08295964125561
18,1037,9,75.9026548672566
18,1038,47,1.08295964125561
18,1039,95,137.188118811881
18,1040,120,53.4615384615385
18,1041,105,107.051282051282
18,1042,53,-229.12426035503
18,1043,26,-9.58333333333333
18,1044,20,26.2777777777778
18,1045,-17,-25.8888888888889
18,1046,-10,-20.3860759493671
18,1047,-65,1.08295964125561
18,1048,-101,-30.4156862745098
18,1049,-34,-30.4156862745098
18,1050,-65,-30.4156862745098
18,1051,-81,-30.4156862745098
18,1052,-12,-30.4156862745098
18,1053,-67,1.08295964125561
18,1054,-14,-30.4156862745098
18,1055,-21,1.08295964125561
18,1056,-10,-20.3860759493671
18,1057,-3,1.08295964125561
18,1058,2,1.08295964125561
18,1059,27,1.08295964125561
18,1060,79,75.9026548672566
18,1061,220,159.830188679245
18,1062,286,159.830188679245
18,1063,-331,-229.12426035503
18,1064,-108,-154.283870967742
18,1065,45,-32.8
18,1066,57,-9.58333333333333
18,1067,1,-9.58333333333333
18,1068,-63,1.08295964125561
18,1069,37,-30.4156862745098
18,1070,136,104.90990990991
18,1071,241,230.813953488372
18,1072,14,-93.2962962962963
18,1073,-225,-154.283870967742
18,1074,-145,-118.666666666667
18,1075,-111,18.7727272727273
18,1076,-57,-58.8627450980392
18,1077,-41,-30.4156862745098
18,1078,-41,-30.4156862745098
18,1079,-17,-30.4156862745098
18,1080,-7,6.72727272727273
18,1081,0,1.08295964125561
18,1082,0,1.08295964125561
18,1083,22,1.08295964125561
18,1084,79,75.9026548672566
18,1085,281,189.524752475248
18,1086,308,159.830188679245
18,1087,-373,-229.12426035503
18,1088,-138,-154.283870967742
18,1089,58,-32.8
18,1090,20,-9.58333333333333
18,1091,24,-25.8888888888889
18,1092,-59,-25.8888888888889
18,1093,-21,-30.4156862745098
18,1094,159,104.90990990991
18,1095,382,230.813953488372
18,1096,-40,-93.2962962962963
18,1097,-225,-154.283870967742
18,1098,-197,-118.666666666667
18,1099,-76,18.7727272727273
18,1100,-79,-58.8627450980392
18,1101,-65,-30.4156862745098
18,1102,-32,-30.4156862745098
18,1103,-18,-30.4156862745098
18,1104,-10,6.72727272727273
18,1105,0,1.08295964125561
18,1106,25,1.08295964125561
18,1107,79,75.9026548672566
18,1108,215,189.524752475248
18,1109,274,159.830188679245
18,1110,-293,-229.12426035503
18,1111,-149,-154.283870967742
18,1112,27,-32.8
18,1113,2,26.2777777777778
18,1114,-19,1.08295964125561
18,1115,-28,-20.3860759493671
18,1116,67,-20.3860759493671
18,1117,105,137.188118811881
18,1118,272,230.813953488372
18,1119,6,-117.379310344828
18,1120,-201,-154.283870967742
18,1121,-149,-118.666666666667
18,1122,-70,18.7727272727273
18,1123,-31,-58.8627450980392
18,1124,-73,-30.4156862745098
18,1125,-38,-30.4156862745098
18,1126,-14,-30.4156862745098
18,1127,-5,6.72727272727273
18,1128,1,1.08295964125561
18,1129,-4,1.08295964125561
18,1130,20,1.08295964125561
18,1131,75,75.9026548672566
18,1132,210,189.524752475248
18,1133,318,159.830188679245
18,1134,-337,-229.12426035503
18,1135,-146,-154.283870967742
18,1136,83,-32.8
18,1137,35,-9.58333333333333
18,1138,-56,-25.8888888888889
18,1139,21,-30.4156862745098
18,1140,-13,-25.8888888888889
18,1141,142,104.90990990991
18,1142,303,230.813953488372
18,1143,-46,-93.2962962962963
18,1144,-177,-154.283870967742
18,1145,-153,-118.666666666667
18,1146,-93,-58.8627450980392
18,1147,-29,-58.8627450980392
18,1148,-64,-20.3860759493671
18,1149,-39,-30.4156862745098
18,1150,-25,-30.4156862745098
18,1151,-19,6.72727272727273
18,1152,0,-20.3860759493671
18,1153,-6,1.08295964125561
18,1154,16,1.08295964125561
18,1155,63,75.9026548672566
18,1156,212,137.188118811881
18,1157,267,159.830188679245
18,1158,-233,-229.12426035503
18,1159,-138,-154.283870967742
18,1160,41,-32.8
18,1161,89,3.88888888888889
18,1162,36,-9.58333333333333
18,1163,-10,-25.8888888888889
18,1164,4,1.08295964125561
18,1165,111,104.90990990991
18,1166,275,230.813953488372
18,1167,-67,-93.2962962962963
18,1168,-244,-154.283870967742
18,1169,-141,-118.666666666667
18,1170,-97,18.7727272727273
18,1171,26,-58.8627450980392
18,1172,-17,-25.8888888888889
18,1173,-102,-20.3860759493671
18,1174,-26,-30.4156862745098
18,1175,-14,104.90990990991
18,1176,-24,1.08295964125561
18,1177,-18,-20.3860759493671
18,1178,-7,-20.3860759493671
18,1179,14,1.08295964125561
18,1180,43,75.9026548672566
18,1181,96,137.188118811881
18,1182,105,159.830188679245
18,1183,141,107.051282051282
18,1184,158,107.051282051282
18,1185,114,-229.12426035503
18,1186,0,-229.12426035503
18,1187,-18,-45.1666666666667
18,1188,-2,-20.3860759493671
18,1189,-76,1.08295964125561
18,1190,-22,-58.8627450980392
18,1191,-79,-20.3860759493671
18,1192,-22,-30.4156862745098
18,1193,-138,6.72727272727273
18,1194,-101,-30.4156862745098
18,1195,-8,-30.4156862745098
18,1196,-16,1.08295964125561
18,1197,-72,-20.3860759493671
18,1198,-18,-30.4156862745098
18,1199,-32,-20.3860759493671
18,1200,-29,49.5454545454545
18,1201,-33,-20.3860759493671
18,1202,-2,-30.4156862745098
18,1203,6,1.08295964125561
18,1204,30,1.08295964125561
18,1205,51,75.9026548672566
18,1206,154,137.188118811881
18,1207,170,159.830188679245
18,1208,107,-229.12426035503
18,1209,107,-229.12426035503
18,1210,46,-9.58333333333333
18,1211,-53,-9.58333333333333
18,1212,-11,-58.8627450980392
18,1213,-1,1.08295964125561
18,1214,7,1.08295964125561
18,1215,-144,6.72727272727273
18,1216,-100,-30.4156862745098
18,1217,-88,-30.4156862745098
18,1218,-62,-30.4156862745098
18,1219,-95,-30.4156862745098
18,1220,-44,-30.4156862745098
18,1221,-49,-30.4156862745098
18,1222,-13,49.5454545454545
18,1223,-14,1.08295964125561
18,1224,-6,1.08295964125561
18,1225,-2,1.08295964125561
18,1226,32,1.08295964125561
18,1227,95,75.9026548672566
18,1228,254,189.524752475248
18,1229,210,159.830188679245
18,1230,-300,-229.12426035503
18,1231,-73,-154.283870967742
18,1232,27,18.7727272727273
18,1233,20,26.2777777777778
18,1234,-8,-25.8888888888889
18,1235,25,1.08295964125561
18,1236,-13,-25.8888888888889
18,1237,83,104.90990990991
18,1238,354,230.813953488372
18,1239,-36,-22.047619047619
18,1240,-154,-154.283870967742
18,1241,-147,-118.666666666667
18,1242,-104,-58.8627450980392
18,1243,-57,-58.8627450980392
18,1244,-93,-30.4156862745098
18,1245,-78,-30.4156862745098
18,1246,-32,-30.4156862745098
18,1247,-7,49.5454545454545
18,1248,2,1.08295964125561
18,1249,3,1.08295964125561
18,1250,21,1.08295964125561
18,1251,114,75.9026548672566
18,1252,317,189.524752475248
18,1253,212,-93.2962962962963
18,1254,-273,-229.12426035503
18,1255,-183,-154.283870967742
18,1256,22,18.7727272727273
18,1257,5,26.2777777777778
18,1258,-5,1.08295964125561
18,1259,18,1.08295964125561
18,1260,51,-25.8888888888889
18,1261,62,137.188118811881
18,1262,411,230.813953488372
18,1263,-6,-117.379310344828
18,1264,-238,-154.283870967742
18,1265,-135,-118.666666666667
18,1266,-105,18.7727272727273
18,1267,-135,-58.8627450980392
18,1268,-80,-30.4156862745098
18,1269,-44,-30.4156862745098
18,1270,-24,-30.4156862745098
18,1271,-5,6.72727272727273
18,1272,-3,1.08295964125561
18,1273,1,1.08295964125561
18,1274,27,1.08295964125561
18,1275,100,75.9026548672566
18,1276,284,189.524752475248
18,1277,158,159.830188679245
18,1278,-311,-229.12426035503
18,1279,-118,-112.729166666667
18,1280,-28,18.7727272727273
18,1281,-9,-20.3860759493671
18,1282,-46,1.08295964125561
18,1283,-13,-30.4156862745098
18,1284,47,1.08295964125561
18,1285,137,137.188118811881
18,1286,253,268.830769230769
18,1287,17,-229.12426035503
18,1288,-137,-154.283870967742
18,1289,-108,-118.666666666667
18,1290,-71,-58.8627450980392
18,1291,-27,-58.8627450980392
18,1292,-92,-20.3860759493671
18,1293,-45,-30.4156862745098
18,1294,-12,-30.4156862745098
18,1295,-7,6.72727272727273
18,1296,-2,1.08295964125561
18,1297,0,1.08295964125561
18,1298,26,1.08295964125561
18,1299,90,75.9026548672566
18,1300,286,189.524752475248
18,1301,271,159.830188679245
18,1302,-376,-229.12426035503
18,1303,-112,-154.283870967742
18,1304,40,-32.8
18,1305,35,26.2777777777778
18,1306,-26,-25.8888888888889
18,1307,-1,-20.3860759493671
18,1308,25,1.08295964125561
18,1309,125,104.90990990991
18,1310,361,230.813953488372
18,1311,28,-93.2962962962963
18,1312,-190,-154.283870967742
18,1313,-182,-118.666666666667
18,1314,-137,-58.8627450980392
18,1315,-19,-58.8627450980392
18,1316,-104,-20.3860759493671
18,1317,-80,-30.4156862745098
18,1318,-39,-30.4156862745098
18,1319,-4,49.5454545454545
18,1320,-11,1.08295964125561
18,1321,-7,1.08295964125561
18,1322,22,1.08295964125561
18,1323,88,75.9026548672566
18,1324,246,189.524752475248
18,1325,341,189.524752475248
18,1326,-341,-229.12426035503
18,1327,-122,-154.283870967742
18,1328,17,-32.8
18,1329,108,3.88888888888889
18,1330,19,-9.58333333333333
18,1331,13,-25.8888888888889
18,1332,13,-25.8888888888889
18,1333,173,104.90990990991
18,1334,239,230.813953488372
18,1335,-151,-93.2962962962963
18,1336,-176,-154.283870967742
18,1337,-151,-32.8
18,1338,-54,-58.8627450980392
18,1339,-85,-58.8627450980392
18,1340,-15,-30.4156862745098
18,1341,-45,-20.3860759493671
18,1342,-54,49.5454545454545
18,1343,-7,49.5454545454545
18,1344,-52,1.08295964125561
18,1345,-20,-30.4156862745098
18,1346,-8,-20.3860759493671
18,1347,30,1.08295964125561
18,1348,45,75.9026548672566
18,1349,125,137.188118811881
18,1350,130,159.830188679245
18,1351,151,-229.12426035503
18,1352,126,-229.12426035503
18,1353,32,-229.12426035503
18,1354,9,-45.1666666666667
18,1355,-40,1.08295964125561
18,1356,19,-58.8627450980392
18,1357,11,-25.8888888888889
18,1358,-71,104.90990990991
18,1359,-152,-30.4156862745098
18,1360,-362,-30.4156862745098
18,1361,-15,-30.4156862745098
18,1362,63,-20.3860759493671
18,1363,8,-9.58333333333333
18,1364,-19,1.08295964125561
18,1365,26,-20.3860759493671
18,1366,-44,3.88888888888889
18,1367,-17,49.5454545454545
18,1368,-16,-20.3860759493671
18,1369,-33,-20.3860759493671
18,1370,-1,-30.4156862745098
18,1371,6,1.08295964125561
18,1372,12,1.08295964125561
18,1373,27,26.2777777777778
18,1374,28,75.9026548672566
18,1375,-11,75.9026548672566
18,1376,9,1.08295964125561
18,1377,-16,1.08295964125561
18,1378,-9,-20.3860759493671
18,1379,1,1.08295964125561
18,1380,-15,1.08295964125561
18,1381,-2,-20.3860759493671
18,1382,-9,1.08295964125561
18,1383,12,1.08295964125561
18,1384,-4,26.2777777777778
18,1385,0,1.08295964125561
18,1386,-24,1.08295964125561
18,1387,2,-20.3860759493671
18,1388,4,1.08295964125561
18,1389,-11,1.08295964125561
18,1390,-4,1.08295964125561
18,1391,2,1.08295964125561
18,1392,-3,1.08295964125561
18,1393,2,1.08295964125561
18,1394,11,1.08295964125561
18,1395,31,26.2777777777778
18,1396,162,26.2777777777778
18,1397,275,-22.047619047619
18,1398,-210,-93.2962962962963
18,1399,-172,-154.283870967742
18,1400,1,-32.8
18,1401,28,1.08295964125561
18,1402,-22,26.2777777777778
18,1403,7,-20.3860759493671
18,1404,-2,1.08295964125561
18,1405,-9,104.90990990991
18,1406,129,6.72727272727273
18,1407,147,111.869565217391
18,1408,-81,-93.2962962962963
18,1409,-95,-112.729166666667
18,1410,-51,-30.4156862745098
18,1411,-63,-58.8627450980392
18,1412,-30,-58.8627450980392
18,1413,-46,-20.3860759493671
18,1414,-6,-30.4156862745098
18,1415,-4,6.72727272727273
18,1416,-1,6.72727272727273
18,1417,1,1.08295964125561
18,1418,19,1.08295964125561
18,1419,98,75.9026548672566
18,1420,270,189.524752475248
18,1421,221,-22.047619047619
18,1422,-303,-229.12426035503
18,1423,-146,-154.283870967742
18,1424,22,-32.8
18,1425,40,26.2777777777778
18,1426,0,-25.8888888888889
18,1427,-8,1.08295964125561
18,1428,20,1.08295964125561
18,1429,126,104.90990990991
18,1430,329,230.813953488372
18,1431,-59,-93.2962962962963
18,1432,-150,-154.283870967742
18,1433,-197,-118.666666666667
18,1434,-59,-58.8627450980392
18,1435,-69,-58.8627450980392
18,1436,-84,-30.4156862745098
18,1437,-37,-30.4156862745098
18,1438,-11,-30.4156862745098
18,1439,-18,6.72727272727273
18,1440,-4,-20.3860759493671
18,1441,3,1.08295964125561
18,1442,18,1.08295964125561
18,1443,82,75.9026548672566
18,1444,283,189.524752475248
18,1445,265,159.830188679245
18,1446,-333,-229.12426035503
18,1447,-139,-154.283870967742
18,1448,37,-32.8
18,1449,50,26.2777777777778
18,1450,-41,-9.58333333333333
18,1451,-5,-30.4156862745098
18,1452,6,1.08295964125561
18,1453,147,104.90990990991
18,1454,356,230.813953488372
18,1455,-23,-93.2962962962963
18,1456,-166,-154.283870967742
18,1457,-163,-118.666666666667
18,1458,-141,-58.8627450980392
18,1459,-47,-58.8627450980392
18,1460,-88,-30.4156862745098
18,1461,-61,-30.4156862745098
18,1462,-20,-30.4156862745098
18,1463,-10,6.72727272727273
18,1464,-7,1.08295964125561
18,1465,-3,1.08295964125561
18,1466,14,1.08295964125561
18,1467,110,75.9026548672566
18,1468,98,189.524752475248
18,1469,137,159.830188679245
18,1470,-161,-26.6
18,1471,-62,-112.729166666667
18,1472,12,-58.8627450980392
18,1473,53,3.88888888888889
18,1474,-7,-9.58333333333333
18,1475,-28,1.08295964125561
18,1476,35,-20.3860759493671
18,1477,114,26.2777777777778
18,1478,296,212.647058823529
18,1479,50,-93.2962962962963
18,1480,-200,-154.283870967742
18,1481,-127,-118.666666666667
18,1482,-87,18.7727272727273
18,1483,-67,-58.8627450980392
18,1484,-71,-30.4156862745098
18,1485,-39,-30.4156862745098
18,1486,-38,-30.4156862745098
18,1487,-13,49.5454545454545
18,1488,-19,1.08295964125561
18,1489,3,-20.3860759493671
18,1490,13,1.08295964125561
18,1491,101,75.9026548672566
18,1492,195,189.524752475248
18,1493,277,189.524752475248
18,1494,-258,-229.12426035503
18,1495,-98,-154.283870967742
18,1496,-3,-32.8
18,1497,74,1.08295964125561
18,1498,-1,-9.58333333333333
18,1499,-6,1.08295964125561
18,1500,24,1.08295964125561
18,1501,116,104.90990990991
18,1502,262,230.813953488372
18,1503,-48,-93.2962962962963
18,1504,-213,-154.283870967742
18,1505,-152,-118.666666666667
18,1506,-81,18.7727272727273
18,1507,-50,-58.8627450980392
18,1508,-42,-30.4156862745098
18,1509,-13,-30.4156862745098
18,1510,-36,1.08295964125561
18,1511,-10,49.5454545454545
18,1512,-31,1.08295964125561
18,1513,-24,-30.4156862745098
18,1514,3,-20.3860759493671
18,1515,23,1.08295964125561
18,1516,27,75.9026548672566
18,1517,103,75.9026548672566
18,1518,56,159.830188679245
18,1519,77,107.051282051282
18,1520,67,107.051282051282
18,1521,23,-9.58333333333333
18,1522,8,26.2777777777778
18,1523,51,1.08295964125561
18,1524,-32,-9.58333333333333
18,1525,-32,-58.8627450980392
18,1526,-54,-30.4156862745098
18,1527,-232,-30.4156862745098
18,1528,49,-58.8627450980392
18,1529,-37,-9.58333333333333
18,1530,-18,-30.4156862745098
18,1531,-1,-20.3860759493671
18,1532,-41,1.08295964125561
18,1533,-6,-30.4156862745098
18,1534,6,1.08295964125561
18,1535,-2,1.08295964125561
18,1536,-24,1.08295964125561
18,1537,-12,-20.3860759493671
18,1538,2,1.08295964125561
18,1539,1,1.08295964125561
18,1540,20,1.08295964125561
18,1541,80,75.9026548672566
18,1542,78,138.739130434783
18,1543,195,159.830188679245
18,1544,31,107.051282051282
18,1545,173,-112.729166666667
18,1546,11,-117.379310344828
18,1547,58,-112.729166666667
18,1548,-50,-9.58333333333333
18,1549,-16,-30.4156862745098
18,1550,-65,-20.3860759493671
18,1551,-35,-30.4156862745098
18,1552,-112,-58.8627450980392
18,1553,-132,-30.4156862745098
18,1554,-39,-30.4156862745098
18,1555,-96,-30.4156862745098
18,1556,-26,-30.4156862745098
18,1557,-34,-20.3860759493671
18,1558,-24,-30.4156862745098
18,1559,-16,-20.3860759493671
18,1560,-4,-20.3860759493671
18,1561,-2,1.08295964125561
18,1562,18,1.08295964125561
18,1563,103,75.9026548672566
18,1564,226,189.524752475248
18,1565,247,159.830188679245
18,1566,-328,-229.12426035503
18,1567,-111,-154.283870967742
18,1568,6,-32.8
18,1569,62,1.08295964125561
18,1570,22,-9.58333333333333
18,1571,-29,-25.8888888888889
18,1572,13,-20.3860759493671
18,1573,116,104.90990990991
18,1574,336,230.813953488372
18,1575,-19,-93.2962962962963
18,1576,-193,-154.283870967742
18,1577,-162,-118.666666666667
18,1578,-88,-58.8627450980392
18,1579,-87,-58.8627450980392
18,1580,-74,-30.4156862745098
18,1581,-25,-30.4156862745098
18,1582,-14,-20.3860759493671
18,1583,-13,6.72727272727273
18,1584,-5,1.08295964125561
18,1585,5,1.08295964125561
18,1586,9,1.08295964125561
18,1587,9,1.08295964125561
18,1588,143,1.08295964125561
18,1589,388,159.830188679245
18,1590,-208,-93.2962962962963
18,1591,-175,-154.283870967742
18,1592,55,-32.8
18,1593,40,-9.58333333333333
18,1594,-20,26.2777777777778
18,1595,-45,-20.3860759493671
18,1596,30,-30.4156862745098
18,1597,120,104.90990990991
18,1598,327,175.085714285714
18,1599,62,-93.2962962962963
18,1600,-256,-154.283870967742
18,1601,-152,-118.666666666667
18,1602,-53,18.7727272727273
18,1603,-71,-58.8627450980392
18,1604,-116,-58.8627450980392
18,1605,-48,-30.4156862745098
18,1606,-32,-30.4156862745098
18,1607,1,49.5454545454545
18,1608,-10,1.08295964125561
18,1609,-2,1.08295964125561
18,1610,29,1.08295964125561
18,1611,87,75.9026548672566
18,1612,238,189.524752475248
18,1613,308,159.830188679245
18,1614,-351,-229.12426035503
18,1615,-140,-154.283870967742
18,1616,9,-32.8
18,1617,61,1.08295964125561
18,1618,-17,-9.58333333333333
18,1619,12,-20.3860759493671
18,1620,16,-25.8888888888889
18,1621,111,104.90990990991
18,1622,362,230.813953488372
18,1623,84,-93.2962962962963
18,1624,-309,-229.12426035503
18,1625,-166,-118.666666666667
18,1626,-99,18.7727272727273
18,1627,-66,-58.8627450980392
18,1628,-75,-58.8627450980392
18,1629,-8,-30.4156862745098
18,1630,-66,1.08295964125561
18,1631,-7,49.5454545454545
18,1632,-11,1.08295964125561
18,1633,-4,1.08295964125561
18,1634,19,1.08295964125561
18,1635,115,75.9026548672566
18,1636,248,159.830188679245
18,1637,243,-93.2962962962963
18,1638,-323,-229.12426035503
18,1639,-136,-154.283870967742
18,1640,33,-32.8
18,1641,100,3.88888888888889
18,1642,-36,-9.58333333333333
18,1643,-61,-30.4156862745098
18,1644,79,-30.4156862745098
18,1645,87,24.9
18,1646,334,230.813953488372
18,1647,2,-117.379310344828
18,1648,-184,-154.283870967742
18,1649,-102,-118.666666666667
18,1650,-121,-58.8627450980392
18,1651,-53,-58.8627450980392
18,1652,-125,-30.4156862745098
18,1653,-32,-30.4156862745098
18,1654,-41,-30.4156862745098
18,1655,-37,49.5454545454545
18,1656,3,-30.4156862745098
18,1657,-10,1.08295964125561
18,1658,20,1.08295964125561
18,1659,111,75.9026548672566
18,1660,221,159.830188679245
18,1661,262,-93.2962962962963
18,1662,-324,-229.12426035503
18,1663,-95,-154.283870967742
18,1664,59,-32.8
18,1665,-87,-9.58333333333333
18,1666,107,-58.8627450980392
18,1667,-36,-9.58333333333333
18,1668,101,-30.4156862745098
18,1669,97,189.524752475248
18,1670,203,230.813953488372
18,1671,-2,138.739130434783
18,1672,-189,-154.283870967742
18,1673,-139,-79.28125
18,1674,-78,-58.8627450980392
18,1675,-3,-58.8627450980392
18,1676,24,1.08295964125561
18,1677,-103,-25.8888888888889
18,1678,-46,-30.4156862745098
18,1679,-32,49.5454545454545
18,1680,-43,49.5454545454545
18,1681,-23,-30.4156862745098
18,1682,13,-20.3860759493671
18,1683,20,3.88888888888889
18,1684,45,26.2777777777778
18,1685,110,137.188118811881
18,1686,87,-26.6
18,1687,148,-26.6
18,1688,143,107.051282051282
18,1689,-25,-229.12426035503
18,1690,-26,-112.729166666667
18,1691,-96,-20.3860759493671
18,1692,113,-58.8627450980392
18,1693,-1,-9.58333333333333
18,1694,-38,-45.1666666666667
18,1695,-68,-30.4156862745098
18,1696,-29,-30.4156862745098
18,1697,-96,104.90990990991
18,1698,-40,-30.4156862745098
18,1699,-52,-30.4156862745098
18,1700,-68,-30.4156862745098
18,1701,-15,-30.4156862745098
18,1702,-13,-20.3860759493671
18,1703,-28,1.08295964125561
18,1704,-65,-20.3860759493671
18,1705,-12,-30.4156862745098
18,1706,-5,1.08295964125561
18,1707,6,1.08295964125561
18,1708,19,1.08295964125561
18,1709,78,75.9026548672566
18,1710,77,159.830188679245
18,1711,142,189.524752475248
18,1712,81,107.051282051282
18,1713,144,-112.729166666667
18,1714,7,-9.58333333333333
18,1715,-47,-112.729166666667
18,1716,53,-58.8627450980392
18,1717,-27,-9.58333333333333
18,1718,-33,-20.3860759493671
18,1719,-48,-30.4156862745098
18,1720,-80,-30.4156862745098
18,1721,-107,-58.8627450980392
18,1722,-73,-30.4156862745098
18,1723,-46,-30.4156862745098
18,1724,-55,-30.4156862745098
18,1725,-68,-30.4156862745098
18,1726,-25,-30.4156862745098
18,1727,-3,-20.3860759493671
18,1728,-1,1.08295964125561
18,1729,-3,1.08295964125561
18,1730,21,1.08295964125561
18,1731,119,75.9026548672566
18,1732,243,189.524752475248
18,1733,254,-93.2962962962963
18,1734,-289,-229.12426035503
18,1735,-160,-154.283870967742
18,1736,23,-32.8
18,1737,50,3.88888888888889
18,1738,9,-9.58333333333333
18,1739,-33,1.08295964125561
18,1740,23,-30.4156862745098
18,1741,126,104.90990990991
18,1742,381,230.813953488372
18,1743,-89,-93.2962962962963
18,1744,-134,-154.283870967742
18,1745,-223,-118.666666666667
18,1746,-76,-58.8627450980392
18,1747,-74,18.7727272727273
18,1748,-60,-30.4156862745098
18,1749,-75,-30.4156862745098
18,1750,-29,-30.4156862745098
18,1751,7,6.72727272727273
18,1752,-10,1.08295964125561
18,1753,-1,1.08295964125561
18,1754,15,1.08295964125561
18,1755,145,75.9026548672566
18,1756,298,189.524752475248
18,1757,178,-93.2962962962963
18,1758,-346,-229.12426035503
18,1759,-138,-112.729166666667
18,1760,60,18.7727272727273
18,1761,46,-9.58333333333333
18,1762,-44,-9.58333333333333
18,1763,-148,-30.4156862745098
18,1764,63,-30.4156862745098
18,1765,255,24.9
18,1766,328,230.813953488372
18,1767,-7,-229.12426035503
18,1768,-252,-154.283870967742
18,1769,-156,-118.666666666667
18,1770,-79,49.5454545454545
18,1771,-76,-58.8627450980392
18,1772,-84,-30.4156862745098
18,1773,-28,-30.4156862745098
18,1774,-21,6.72727272727273
18,1775,-13,6.72727272727273
18,1776,1,1.08295964125561
18,1777,3,1.08295964125561
18,1778,23,1.08295964125561
18,1779,98,75.9026548672566
18,1780,292,159.830188679245
18,1781,204,159.830188679245
18,1782,-297,-229.12426035503
18,1783,-172,-154.283870967742
18,1784,48,18.7727272727273
18,1785,79,-9.58333333333333
18,1786,-14,-9.58333333333333
18,1787,-23,1.08295964125561
18,1788,16,-20.3860759493671
18,1789,98,104.90990990991
18,1790,348,230.813953488372
18,1791,-333,-22.047619047619
18,1792,-274,-154.283870967742
18,1793,-47,-32.8
18,1794,-17,18.7727272727273
18,1795,33,-20.3860759493671
18,1796,-12,-25.8888888888889
18,1797,-22,1.08295964125561
18,1798,-22,-20.3860759493671
18,1799,-8,174.818181818182
18,1800,0,1.08295964125561
18,1801,-1,1.08295964125561
18,1802,22,1.08295964125561
18,1803,115,26.2777777777778
18,1804,262,159.830188679245
18,1805,229,-93.2962962962963
18,1806,-269,-229.12426035503
18,1807,-207,-154.283870967742
18,1808,102,-32.8
18,1809,16,-9.58333333333333
18,1810,46,-25.8888888888889
18,1811,-71,-9.58333333333333
18,1812,24,-30.4156862745098
18,1813,150,104.90990990991
18,1814,311,230.813953488372
18,1815,38,-93.2962962962963
18,1816,-217,-154.283870967742
18,1817,-179,-118.666666666667
18,1818,-144,18.7727272727273
18,1819,2,-58.8627450980392
18,1820,-97,1.08295964125561
18,1821,-71,-30.4156862745098
18,1822,-18,-30.4156862745098
18,1823,-15,104.90990990991
18,1824,-18,-20.3860759493671
18,1825,-4,-20.3860759493671
18,1826,17,1.08295964125561
18,1827,109,26.2777777777778
18,1828,216,189.524752475248
18,1829,269,159.830188679245
18,1830,-298,-229.12426035503
18,1831,-112,-154.283870967742
18,1832,81,-32.8
18,1833,57,-9.58333333333333
18,1834,15,-9.58333333333333
18,1835,-29,-25.8888888888889
18,1836,105,-20.3860759493671
18,1837,86,24.9
18,1838,254,230.813953488372
18,1839,-183,-117.379310344828
18,1840,-93,-154.283870967742
18,1841,-162,-32.8
18,1842,-71,-58.8627450980392
18,1843,-36,-58.8627450980392
18,1844,-54,-30.4156862745098
18,1845,-44,-30.4156862745098
18,1846,-43,49.5454545454545
18,1847,-37,-30.4156862745098
18,1848,-22,49.5454545454545
18,1849,-25,-20.3860759493671
18,1850,4,-20.3860759493671
18,1851,20,1.08295964125561
18,1852,34,75.9026548672566
18,1853,111,75.9026548672566
18,1854,157,189.524752475248
18,1855,76,-93.2962962962963
18,1856,111,-112.729166666667
18,1857,37,-9.58333333333333
18,1858,100,-45.1666666666667
18,1859,-44,-9.58333333333333
18,1860,-25,-58.8627450980392
18,1861,1,-20.3860759493671
18,1862,-15,1.08295964125561
18,1863,-30,6.72727272727273
18,1864,-107,-20.3860759493671
18,1865,-152,-30.4156862745098
18,1866,-57,-30.4156862745098
18,1867,44,-30.4156862745098
18,1868,-98,138.739130434783
18,1869,-78,-30.4156862745098
18,1870,-4,-30.4156862745098
18,1871,-12,1.08295964125561
18,1872,-54,1.08295964125561
18,1873,-19,-30.4156862745098
18,1874,3,-20.3860759493671
18,1875,9,1.08295964125561
18,1876,39,1.08295964125561
18,1877,96,75.9026548672566
18,1878,66,159.830188679245
18,1879,128,107.051282051282
18,1880,78,107.051282051282
18,1881,103,-112.729166666667
18,1882,71,-9.58333333333333
18,1883,-50,-9.58333333333333
18,1884,-53,-58.8627450980392
18,1885,65,-58.8627450980392
18,1886,-86,-9.58333333333333
18,1887,-89,-58.8627450980392
18,1888,-50,-30.4156862745098
18,1889,-109,-30.4156862745098
18,1890,-61,-58.8627450980392
18,1891,-38,-30.4156862745098
18,1892,-57,-30.4156862745098
18,1893,-39,-30.4156862745098
18,1894,-24,-30.4156862745098
18,1895,-9,-20.3860759493671
18,1896,0,1.08295964125561
18,1897,4,1.08295964125561
18,1898,20,1.08295964125561
18,1899,39,75.9026548672566
18,1900,10,75.9026548672566
18,1901,81,1.08295964125561
18,1902,-46,-26.6
18,1903,-51,-30.4156862745098
18,1904,20,-30.4156862745098
18,1905,106,26.2777777777778
18,1906,-9,-9.58333333333333
18,1907,-5,1.08295964125561
18,1908,25,1.08295964125561
18,1909,-85,26.2777777777778
18,1910,118,-58.8627450980392
18,1911,71,-9.58333333333333
18,1912,4,-45.1666666666667
18,1913,-115,1.08295964125561
18,1914,-37,-30.4156862745098
18,1915,-23,-58.8627450980392
18,1916,-54,-20.3860759493671
18,1917,-43,-30.4156862745098
18,1918,-13,-30.4156862745098
18,1919,-15,1.08295964125561
18,1920,2,-20.3860759493671
18,1921,-1,1.08295964125561
18,1922,3,1.08295964125561
18,1923,16,1.08295964125561
18,1924,68,75.9026548672566
18,1925,317,137.188118811881
18,1926,-54,159.830188679245
18,1927,-184,-154.283870967742
18,1928,53,-118.666666666667
18,1929,40,-9.58333333333333
18,1930,-25,26.2777777777778
18,1931,-55,-20.3860759493671
18,1932,72,-30.4156862745098
18,1933,118,24.9
18,1934,304,189.524752475248
18,1935,55,-229.12426035503
18,1936,-221,-154.283870967742
18,1937,-249,-118.666666666667
18,1938,-154,18.7727272727273
18,1939,-26,18.7727272727273
18,1940,-12,-20.3860759493671
18,1941,-32,1.08295964125561
18,1942,-18,-30.4156862745098
18,1943,-2,6.72727272727273
18,1944,-13,1.08295964125561
18,1945,-2,1.08295964125561
18,1946,34,1.08295964125561
18,1947,120,75.9026548672566
18,1948,282,159.830188679245
18,1949,210,-93.2962962962963
18,1950,-303,-229.12426035503
18,1951,-155,-154.283870967742
18,1952,75,18.7727272727273
18,1953,63,-9.58333333333333
18,1954,20,-9.58333333333333
18,1955,-87,-25.8888888888889
18,1956,11,-30.4156862745098
18,1957,172,104.90990990991
18,1958,427,230.813953488372
18,1959,-27,-93.2962962962963
18,1960,-256,-154.283870967742
18,1961,-131,-118.666666666667
18,1962,-66,18.7727272727273
18,1963,-107,-58.8627450980392
18,1964,-153,-30.4156862745098
18,1965,-54,-30.4156862745098
18,1966,-51,-30.4156862745098
18,1967,-12,49.5454545454545
18,1968,-13,1.08295964125561
18,1969,13,1.08295964125561
18,1970,19,75.9026548672566
18,1971,124,75.9026548672566
18,1972,315,212.647058823529
18,1973,160,-93.2962962962963
18,1974,-288,-229.12426035503
18,1975,-141,-112.729166666667
18,1976,74,18.7727272727273
18,1977,69,-9.58333333333333
18,1978,-21,-9.58333333333333
18,1979,-57,-20.3860759493671
18,1980,46,-30.4156862745098
18,1981,114,24.9
18,1982,422,268.830769230769
18,1983,16,-229.12426035503
18,1984,-331,-154.283870967742
18,1985,-91,-118.666666666667
18,1986,-147,18.7727272727273
18,1987,-48,-58.8627450980392
18,1988,-85,-30.4156862745098
18,1989,-96,-30.4156862745098
18,1990,-21,-30.4156862745098
18,1991,-28,6.72727272727273
18,1992,-7,-20.3860759493671
18,1993,-3,1.08295964125561
18,1994,23,1.08295964125561
18,1995,148,75.9026548672566
18,1996,333,189.524752475248
18,1997,230,-93.2962962962963
18,1998,-384,-229.12426035503
18,1999,-106,-154.283870967742
18,2000,79,-32.8
18,2001,26,-9.58333333333333
18,2002,35,-25.8888888888889
18,2003,-45,-25.8888888888889
18,2004,41,-30.4156862745098
18,2005,177,104.90990990991
18,2006,244,230.813953488372
18,2007,-143,-93.2962962962963
18,2008,-186,-154.283870967742
18,2009,-146,-32.8
18,2010,-79,-58.8627450980392
18,2011,-7,-58.8627450980392
18,2012,-77,1.08295964125561
18,2013,-26,-30.4156862745098
18,2014,-44,6.72727272727273
18,2015,-35,49.5454545454545
18,2016,-36,49.5454545454545
18,2017,-19,-30.4156862745098
18,2018,-2,-20.3860759493671
18,2019,38,1.08295964125561
18,2020,45,75.9026548672566
18,2021,100,137.188118811881
18,2022,97,189.524752475248
18,2023,160,-26.6
18,2024,134,107.051282051282
18,2025,56,-229.12426035503
18,2026,62,-112.729166666667
18,2027,26,-9.58333333333333
18,2028,-58,-25.8888888888889
18,2029,-30,-58.8627450980392
18,2030,-16,-20.3860759493671
18,2031,19,-20.3860759493671
18,2032,-213,6.72727272727273
18,2033,-117,-30.4156862745098
18,2034,-56,18.7727272727273
18,2035,79,-30.4156862745098
18,2036,-99,159.830188679245
18,2037,-69,-30.4156862745098
18,2038,-40,-30.4156862745098
18,2039,-32,49.5454545454545
18,2040,-32,-58.8627450980392
18,2041,-50,-30.4156862745098
18,2042,-8,-30.4156862745098
18,2043,17,1.08295964125561
18,2044,65,75.9026548672566
18,2045,81,137.188118811881
18,2046,142,159.830188679245
18,2047,119,-26.6
18,2048,149,-229.12426035503
18,2049,56,-229.12426035503
18,2050,-30,-112.729166666667
18,2051,-64,-20.3860759493671
18,2052,-41,-58.8627450980392
18,2053,75,-58.8627450980392
18,2054,-28,-9.58333333333333
18,2055,-75,6.72727272727273
18,2056,-72,-30.4156862745098
18,2057,-128,-30.4156862745098
18,2058,-41,-58.8627450980392
18,2059,-88,-30.4156862745098
18,2060,-59,-30.4156862745098
18,2061,-46,-30.4156862745098
18,2062,-25,-30.4156862745098
18,2063,-4,-20.3860759493671
18,2064,-9,1.08295964125561
18,2065,5,1.08295964125561
18,2066,8,1.08295964125561
18,2067,64,1.08295964125561
18,2068,74,137.188118811881
18,2069,117,159.830188679245
18,2070,-84,53.4615384615385
18,2071,-87,-45.1666666666667
18,2072,7,-58.8627450980392
18,2073,64,1.08295964125561
18,2074,14,-9.58333333333333
18,2075,-4,-25.8888888888889
18,2076,45,1.08295964125561
18,2077,90,24.9
18,2078,193,107.051282051282
18,2079,22,-117.379310344828
18,2080,-82,-112.729166666667
18,2081,-112,-79.28125
18,2082,-95,-58.8627450980392
18,2083,-99,-58.8627450980392
18,2084,-45,-30.4156862745098
18,2085,-61,-30.4156862745098
18,2086,-9,-30.4156862745098
18,2087,-16,6.72727272727273
18,2088,-6,-20.3860759493671
18,2089,2,1.08295964125561
18,2090,10,1.08295964125561
18,2091,120,1.08295964125561
18,2092,187,189.524752475248
18,2093,266,-93.2962962962963
18,2094,-257,-229.12426035503
18,2095,-133,-154.283870967742
18,2096,-11,-32.8
18,2097,65,1.08295964125561
18,2098,-11,-9.58333333333333
18,2099,-21,1.08295964125561
18,2100,23,104.90990990991
18,2101,141,104.90990990991
18,2102,399,230.813953488372
18,2103,0,-93.2962962962963
18,2104,-421,-154.283870967742
18,2105,9,-118.666666666667
18,2106,-112,1.08295964125561
18,2107,-87,-58.8627450980392
18,2108,-69,-30.4156862745098
18,2109,-58,-30.4156862745098
18,2110,-15,-30.4156862745098
18,2111,-20,6.72727272727273
18,2112,-7,-20.3860759493671
18,2113,-2,1.08295964125561
18,2114,32,1.08295964125561
18,2115,125,75.9026548672566
18,2116,308,189.524752475248
18,2117,251,-93.2962962962963
18,2118,-422,-229.12426035503
18,2119,-106,-154.283870967742
18,2120,6,-32.8
18,2121,51,1.08295964125561
18,2122,22,-9.58333333333333
18,2123,-22,-25.8888888888889
18,2124,9,104.90990990991
18,2125,21,104.90990990991
18,2126,7,174.818181818182
18,2127,42,1.08295964125561
18,2128,49,-9.58333333333333
18,2129,-81,53.4615384615385
18,2130,-50,-30.4156862745098
18,2131,-86,-30.4156862745098
18,2132,-53,-30.4156862745098
18,2133,-50,-30.4156862745098
18,2134,-26,-30.4156862745098
18,2135,-14,-20.3860759493671
18,2136,-12,1.08295964125561
18,2137,1,1.08295964125561
18,2138,25,1.08295964125561
18,2139,126,75.9026548672566
18,2140,259,189.524752475248
18,2141,277,-93.2962962962963
18,2142,-391,-229.12426035503
18,2143,-116,-154.283870967742
18,2144,36,-32.8
18,2145,68,26.2777777777778
18,2146,13,-9.58333333333333
18,2147,-50,-25.8888888888889
18,2148,39,-30.4156862745098
18,2149,99,104.90990990991
18,2150,408,230.813953488372
18,2151,-46,-117.379310344828
18,2152,-260,-154.283870967742
18,2153,-94,-118.666666666667
18,2154,-113,18.7727272727273
18,2155,-42,-58.8627450980392
18,2156,-76,-30.4156862745098
18,2157,-94,-30.4156862745098
18,2158,-31,-30.4156862745098
18,2159,-19,49.5454545454545
18,2160,-9,-20.3860759493671
18,2161,-5,1.08295964125561
18,2162,21,1.08295964125561
18,2163,83,75.9026548672566
18,2164,246,189.524752475248
18,2165,224,159.830188679245
18,2166,-243,-229.12426035503
18,2167,-108,-154.283870967742
18,2168,51,-32.8
18,2169,38,-9.58333333333333
18,2170,12,-25.8888888888889
18,2171,34,-25.8888888888889
18,2172,99,-25.8888888888889
18,2173,118,24.9
18,2174,69,230.813953488372
18,2175,-131,-45.1666666666667
18,2176,-118,-30.4156862745098
18,2177,-54,-58.8627450980392
18,2178,-95,-58.8627450980392
18,2179,-43,-58.8627450980392
18,2180,-46,-30.4156862745098
18,2181,-50,-30.4156862745098
18,2182,-34,49.5454545454545
18,2183,-18,-30.4156862745098
18,2184,-33,-20.3860759493671
18,2185,-29,-30.4156862745098
18,2186,8,-20.3860759493671
18,2187,21,1.08295964125561
18,2188,23,75.9026548672566
18,2189,87,75.9026548672566
18,2190,148,159.830188679245
18,2191,148,107.051282051282
18,2192,83,-229.12426035503
18,2193,9,-229.12426035503
18,2194,10,1.08295964125561
18,2195,25,1.08295964125561
18,2196,-51,-25.8888888888889
18,2197,-9,-58.8627450980392
18,2198,-42,1.08295964125561
18,2199,-47,-30.4156862745098
18,2200,-42,-30.4156862745098
18,2201,-118,-30.4156862745098
18,2202,-4,-30.4156862745098
18,2203,-47,1.08295964125561
18,2204,-54,-30.4156862745098
18,2205,-13,-30.4156862745098
18,2206,-59,1.08295964125561
18,2207,-17,-30.4156862745098
18,2208,-25,-20.3860759493671
18,2209,-25,-20.3860759493671
18,2210,-4,-20.3860759493671
18,2211,15,1.08295964125561
18,2212,30,75.9026548672566
18,2213,99,75.9026548672566
18,2214,119,159.830188679245
18,2215,154,-26.6
18,2216,95,-229.12426035503
18,2217,51,-229.12426035503
18,2218,-72,-9.58333333333333
18,2219,49,-58.8627450980392
18,2220,-12,-9.58333333333333
18,2221,-34,1.08295964125561
18,2222,21,-58.8627450980392
18,2223,-4,104.90990990991
18,2224,-76,104.90990990991
18,2225,-50,-30.4156862745098
18,2226,-249,-30.4156862745098
18,2227,-84,-30.4156862745098
18,2228,37,18.7727272727273
18,2229,-31,3.88888888888889
18,2230,-6,-30.4156862745098
18,2231,-11,1.08295964125561
18,2232,-30,1.08295964125561
18,2233,-12,-20.3860759493671
18,2234,3,1.08295964125561
18,2235,11,1.08295964125561
18,2236,47,26.2777777777778
18,2237,88,138.739130434783
18,2238,108,159.830188679245
18,2239,101,107.051282051282
18,2240,112,107.051282051282
18,2241,49,-9.58333333333333
18,2242,31,-45.1666666666667
18,2243,-91,-25.8888888888889
18,2244,-5,-58.8627450980392
18,2245,41,1.08295964125561
18,2246,-96,-25.8888888888889
18,2247,-22,-30.4156862745098
18,2248,12,-20.3860759493671
18,2249,-78,26.2777777777778
18,2250,-70,-30.4156862745098
18,2251,-90,-30.4156862745098
18,2252,-75,-30.4156862745098
18,2253,-37,-30.4156862745098
18,2254,-31,-30.4156862745098
18,2255,-6,-30.4156862745098
18,2256,-5,1.08295964125561
18,2257,2,1.08295964125561
18,2258,28,1.08295964125561
18,2259,121,75.9026548672566
18,2260,296,189.524752475248
18,2261,184,-93.2962962962963
18,2262,-377,-229.12426035503
18,2263,-74,-112.729166666667
18,2264,14,18.7727272727273
18,2265,40,26.2777777777778
18,2266,2,-25.8888888888889
18,2267,-1,1.08295964125561
18,2268,18,104.90990990991
18,2269,137,104.90990990991
18,2270,388,230.813953488372
18,2271,-71,-93.2962962962963
18,2272,-184,-154.283870967742
18,2273,-322,-118.666666666667
18,2274,-133,-58.8627450980392
18,2275,-16,18.7727272727273
18,2276,-5,-20.3860759493671
18,2277,-14,1.08295964125561
18,2278,-32,6.72727272727273
18,2279,1,49.5454545454545
18,2280,0,1.08295964125561
18,2281,1,1.08295964125561
18,2282,35,1.08295964125561
18,2283,103,75.9026548672566
18,2284,339,159.830188679245
18,2285,188,159.830188679245
18,2286,-366,-229.12426035503
18,2287,-128,-112.729166666667
18,2288,31,18.7727272727273
18,2289,45,26.2777777777778
18,2290,36,-9.58333333333333
18,2291,-37,-25.8888888888889
18,2292,23,-30.4156862745098
18,2293,123,104.90990990991
18,2294,441,230.813953488372
18,2295,-43,-93.2962962962963
18,2296,-240,-154.283870967742
18,2297,-125,-118.666666666667
18,2298,-127,18.7727272727273
18,2299,-87,-58.8627450980392
18,2300,-57,-30.4156862745098
18,2301,-99,-30.4156862745098
18,2302,-35,-30.4156862745098
18,2303,-12,49.5454545454545
18,2304,-6,1.08295964125561
18,2305,0,1.08295964125561
18,2306,25,1.08295964125561
18,2307,145,75.9026548672566
18,2308,329,189.524752475248
18,2309,186,-93.2962962962963
18,2310,-382,-229.12426035503
18,2311,-91,-112.729166666667
18,2312,-2,18.7727272727273
18,2313,74,1.08295964125561
18,2314,1,-9.58333333333333
18,2315,-39,1.08295964125561
18,2316,36,-30.4156862745098
18,2317,197,104.90990990991
18,2318,340,230.813953488372
18,2319,-42,-93.2962962962963
18,2320,-194,-154.283870967742
18,2321,-112,-118.666666666667
18,2322,-120,-58.8627450980392
18,2323,-95,-58.8627450980392
18,2324,-124,-30.4156862745098
18,2325,-54,-30.4156862745098
18,2326,-52,-30.4156862745098
18,2327,-18,49.5454545454545
18,2328,-12,-20.3860759493671
18,2329,2,1.08295964125561
18,2330,39,1.08295964125561
18,2331,96,75.9026548672566
18,2332,261,189.524752475248
18,2333,292,189.524752475248
18,2334,-396,-229.12426035503
18,2335,-94,-154.283870967742
18,2336,31,-32.8
18,2337,75,-25.8888888888889
18,2338,6,-9.58333333333333
18,2339,-62,1.08295964125561
18,2340,4,-30.4156862745098
18,2341,-36,104.90990990991
18,2342,5,-58.8627450980392
18,2343,-117,1.08295964125561
18,2344,-65,-30.4156862745098
18,2345,-6,-30.4156862745098
18,2346,46,1.08295964125561
18,2347,-62,138.739130434783
18,2348,50,-30.4156862745098
18,2349,13,138.739130434783
18,2350,-10,26.2777777777778
18,2351,-35,1.08295964125561
18,2352,-15,-30.4156862745098
18,2353,-13,-20.3860759493671
18,2354,-1,1.08295964125561
18,2355,24,1.08295964125561
18,2356,50,26.2777777777778
18,2357,124,137.188118811881
18,2358,122,189.524752475248
18,2359,161,-229.12426035503
18,2360,43,-229.12426035503
18,2361,132,-112.729166666667
18,2362,11,-9.58333333333333
18,2363,-32,-112.729166666667
18,2364,55,-58.8627450980392
18,2365,-58,-9.58333333333333
18,2366,-58,-58.8627450980392
18,2367,-74,-30.4156862745098
18,2368,42,-30.4156862745098
18,2369,-155,138.739130434783
18,2370,-83,-30.4156862745098
18,2371,-88,-30.4156862745098
18,2372,10,-30.4156862745098
18,2373,-69,1.08295964125561
18,2374,-48,-30.4156862745098
18,2375,-32,-30.4156862745098
18,2376,-39,49.5454545454545
18,2377,-37,-30.4156862745098
18,2378,-1,-30.4156862745098
18,2379,10,1.08295964125561
18,2380,13,1.08295964125561
18,2381,105,75.9026548672566
18,2382,160,159.830188679245
18,2383,104,-26.6
18,2384,107,-229.12426035503
18,2385,173,-16.1875
18,2386,2,-117.379310344828
18,2387,-8,-112.729166666667
18,2388,-34,1.08295964125561
18,2389,18,-58.8627450980392
18,2390,-84,-25.8888888888889
18,2391,-82,-30.4156862745098
18,2392,-43,-30.4156862745098
18,2393,-139,-30.4156862745098
18,2394,-68,-30.4156862745098
18,2395,-20,-30.4156862745098
18,2396,-118,-20.3860759493671
18,2397,-59,-30.4156862745098
18,2398,-35,-30.4156862745098
18,2399,-3,-30.4156862745098
18,2400,-6,1.08295964125561
18,2401,3,1.08295964125561
18,2402,27,1.08295964125561
18,2403,104,75.9026548672566
18,2404,378,189.524752475248
18,2405,148,189.524752475248
18,2406,-383,-229.12426035503
18,2407,-95,-112.729166666667
18,2408,52,18.7727272727273
18,2409,43,-9.58333333333333
18,2410,-8,-9.58333333333333
18,2411,-4,1.08295964125561
18,2412,22,1.08295964125561
18,2413,156,104.90990990991
18,2414,386,268.830769230769
18,2415,-12,-93.2962962962963
18,2416,-177,-154.283870967742
18,2417,-184,-118.666666666667
18,2418,-196,-58.8627450980392
18,2419,-97,-58.8627450980392
18,2420,-82,-30.4156862745098
18,2421,-52,-30.4156862745098
18,2422,-14,-30.4156862745098
18,2423,-12,6.72727272727273
18,2424,-3,1.08295964125561
18,2425,0,1.08295964125561
18,2426,31,1.08295964125561
18,2427,148,75.9026548672566
18,2428,385,189.524752475248
18,2429,141,-93.2962962962963
18,2430,-375,-229.12426035503
18,2431,-159,-112.729166666667
18,2432,51,18.7727272727273
18,2433,20,-9.58333333333333
18,2434,20,-25.8888888888889
18,2435,9,-25.8888888888889
18,2436,-4,104.90990990991
18,2437,201,104.90990990991
18,2438,377,268.830769230769
18,2439,-60,-93.2962962962963
18,2440,-277,-154.283870967742
18,2441,-98,-118.666666666667
18,2442,-132,18.7727272727273
18,2443,-90,-58.8627450980392
18,2444,-80,-30.4156862745098
18,2445,-64,-30.4156862745098
18,2446,-22,-30.4156862745098
18,2447,-16,6.72727272727273
18,2448,-3,-20.3860759493671
18,2449,2,1.08295964125561
18,2450,28,1.08295964125561
18,2451,134,75.9026548672566
18,2452,375,189.524752475248
18,2453,121,-93.2962962962963
18,2454,-365,-229.12426035503
18,2455,-100,-45.1666666666667
18,2456,23,18.7727272727273
18,2457,89,26.2777777777778
18,2458,-12,-9.58333333333333
18,2459,-1,1.08295964125561
18,2460,-2,104.90990990991
18,2461,152,104.90990990991
18,2462,272,268.830769230769
18,2463,58,-93.2962962962963
18,2464,-244,-154.283870967742
18,2465,-130,-118.666666666667
18,2466,-110,18.7727272727273
18,2467,-50,-58.8627450980392
18,2468,-125,-58.8627450980392
18,2469,-64,-30.4156862745098
18,2470,-37,-30.4156862745098
18,2471,-10,49.5454545454545
18,2472,-7,1.08295964125561
18,2473,1,1.08295964125561
18,2474,28,1.08295964125561
18,2475,136,75.9026548672566
18,2476,356,189.524752475248
18,2477,155,-93.2962962962963
18,2478,-344,-229.12426035503
18,2479,-127,-112.729166666667
18,2480,27,18.7727272727273
18,2481,99,26.2777777777778
18,2482,-21,-9.58333333333333
18,2483,-50,-20.3860759493671
18,2484,68,-30.4156862745098
18,2485,133,24.9
18,2486,403,268.830769230769
18,2487,-56,-229.12426035503
18,2488,-211,-154.283870967742
18,2489,-124,-118.666666666667
18,2490,-165,18.7727272727273
18,2491,-85,-58.8627450980392
18,2492,-51,-30.4156862745098
18,2493,-100,-30.4156862745098
18,2494,-48,-30.4156862745098
18,2495,-10,49.5454545454545
18,2496,-11,1.08295964125561
18,2497,2,1.08295964125561
18,2498,19,1.08295964125561
18,2499,110,75.9026548672566
18,2500,289,189.524752475248
18,2501,272,189.524752475248
18,2502,-318,-229.12426035503
18,2503,-133,-154.283870967742
18,2504,15,-32.8
18,2505,105,26.2777777777778
18,2506,47,-9.58333333333333
18,2507,-43,-9.58333333333333
18,2508,24,-30.4156862745098
18,2509,126,104.90990990991
18,2510,270,230.813953488372
18,2511,-70,-93.2962962962963
18,2512,-168,-154.283870967742
18,2513,-147,-118.666666666667
18,2514,-69,-58.8627450980392
18,2515,-48,-58.8627450980392
18,2516,-76,-30.4156862745098
18,2517,-9,-30.4156862745098
18,2518,-83,6.72727272727273
18,2519,-34,49.5454545454545
18,2520,-49,49.5454545454545
18,2521,-32,-30.4156862745098
18,2522,11,-30.4156862745098
18,2523,61,3.88888888888889
18,2524,7,137.188118811881
18,2525,157,1.08295964125561
18,2526,96,107.051282051282
18,2527,126,-93.2962962962963
18,2528,103,159.830188679245
18,2529,-38,-229.12426035503
18,2530,54,-58.8627450980392
18,2531,8,-9.58333333333333
18,2532,-38,1.08295964125561
18,2533,-21,-58.8627450980392
18,2534,-39,104.90990990991
18,2535,-44,-58.8627450980392
18,2536,-91,-30.4156862745098
18,2537,3,-30.4156862745098
18,2538,-47,1.08295964125561
18,2539,-102,-30.4156862745098
18,2540,16,-30.4156862745098
18,2541,-72,3.88888888888889
18,2542,-42,-30.4156862745098
18,2543,-43,-30.4156862745098
18,2544,-44,-30.4156862745098
18,2545,-19,-30.4156862745098
18,2546,3,-20.3860759493671
18,2547,17,1.08295964125561
18,2548,32,26.2777777777778
18,2549,119,75.9026548672566
18,2550,85,189.524752475248
18,2551,147,-93.2962962962963
18,2552,86,-26.6
18,2553,3,-229.12426035503
18,2554,-10,1.08295964125561
18,2555,8,1.08295964125561
18,2556,-25,1.08295964125561
18,2557,33,-20.3860759493671
18,2558,13,104.90990990991
18,2559,-31,-25.8888888888889
18,2560,-115,-30.4156862745098
18,2561,-12,-30.4156862745098
18,2562,-110,1.08295964125561
18,2563,-94,-30.4156862745098
18,2564,-49,-30.4156862745098
18,2565,-69,-30.4156862745098
18,2566,-17,-30.4156862745098
18,2567,-7,-20.3860759493671
18,2568,-11,1.08295964125561
18,2569,1,1.08295964125561
18,2570,30,1.08295964125561
18,2571,107,75.9026548672566
18,2572,359,189.524752475248
18,2573,148,159.830188679245
18,2574,-335,-229.12426035503
18,2575,-169,-112.729166666667
18,2576,55,18.7727272727273
18,2577,59,-9.58333333333333
18,2578,-13,-9.58333333333333
18,2579,11,1.08295964125561
18,2580,0,-25.8888888888889
18,2581,168,104.90990990991
18,2582,373,268.830769230769
18,2583,31,-93.2962962962963
18,2584,-235,-154.283870967742
18,2585,-202,-118.666666666667
18,2586,-144,18.7727272727273
18,2587,-86,18.7727272727273
18,2588,-84,-30.4156862745098
18,2589,-52,-30.4156862745098
18,2590,-12,-30.4156862745098
18,2591,-10,6.72727272727273
18,2592,6,1.08295964125561
18,2593,-8,1.08295964125561
18,2594,25,1.08295964125561
18,2595,107,75.9026548672566
18,2596,167,189.524752475248
18,2597,310,159.830188679245
18,2598,-328,-229.12426035503
18,2599,-160,-154.283870967742
18,2600,-60,-32.8
18,2601,30,-58.8627450980392
18,2602,-36,-25.8888888888889
18,2603,1,-30.4156862745098
18,2604,56,1.08295964125561
18,2605,123,24.9
18,2606,442,230.813953488372
18,2607,-28,-229.12426035503
18,2608,-162,-154.283870967742
18,2609,-105,-118.666666666667
18,2610,-112,-58.8627450980392
18,2611,-67,-58.8627450980392
18,2612,-118,-30.4156862745098
18,2613,-55,-30.4156862745098
18,2614,-6,-30.4156862745098
18,2615,-24,6.72727272727273
18,2616,4,-20.3860759493671
18,2617,2,1.08295964125561
18,2618,30,1.08295964125561
18,2619,154,75.9026548672566
18,2620,311,189.524752475248
18,2621,208,-93.2962962962963
18,2622,-361,-229.12426035503
18,2623,-154,-154.283870967742
18,2624,48,18.7727272727273
18,2625,88,-9.58333333333333
18,2626,-79,-9.58333333333333
18,2627,65,-30.4156862745098
18,2628,-39,53.4615384615385
18,2629,111,49.5454545454545
18,2630,465,230.813953488372
18,2631,-113,-93.2962962962963
18,2632,-73,-154.283870967742
18,2633,-223,-32.8
18,2634,-52,-58.8627450980392
18,2635,-158,18.7727272727273
18,2636,-85,-30.4156862745098
18,2637,-105,-30.4156862745098
18,2638,-27,-30.4156862745098
18,2639,-12,6.72727272727273
18,2640,-4,1.08295964125561
18,2641,1,1.08295964125561
18,2642,34,1.08295964125561
18,2643,141,75.9026548672566
18,2644,325,189.524752475248
18,2645,213,-93.2962962962963
18,2646,-362,-229.12426035503
18,2647,-178,-154.283870967742
18,2648,49,18.7727272727273
18,2649,37,-9.58333333333333
18,2650,19,-25.8888888888889
18,2651,14,-25.8888888888889
18,2652,26,104.90990990991
18,2653,114,104.90990990991
18,2654,429,230.813953488372
18,2655,-44,-93.2962962962963
18,2656,-244,-154.283870967742
18,2657,-144,-118.666666666667
18,2658,-98,18.7727272727273
18,2659,-95,-58.8627450980392
18,2660,-70,-30.4156862745098
18,2661,-78,-30.4156862745098
18,2662,-43,-30.4156862745098
18,2663,-36,49.5454545454545
18,2664,-10,49.5454545454545
18,2665,9,1.08295964125561
18,2666,19,1.08295964125561
18,2667,118,75.9026548672566
18,2668,279,189.524752475248
18,2669,223,-93.2962962962963
18,2670,-287,-229.12426035503
18,2671,-150,-154.283870967742
18,2672,70,-32.8
18,2673,117,-9.58333333333333
18,2674,-10,-9.58333333333333
18,2675,-17,-45.1666666666667
18,2676,1,-20.3860759493671
18,2677,181,104.90990990991
18,2678,265,230.813953488372
18,2679,-130,-93.2962962962963
18,2680,-226,-154.283870967742
18,2681,-82,-32.8
18,2682,-52,18.7727272727273
18,2683,-12,-58.8627450980392
18,2684,-99,1.08295964125561
18,2685,-85,-30.4156862745098
18,2686,-42,49.5454545454545
18,2687,-28,49.5454545454545
18,2688,-40,-20.3860759493671
18,2689,-19,-30.4156862745098
18,2690,15,-20.3860759493671
18,2691,24,3.88888888888889
18,2692,31,75.9026548672566
18,2693,126,75.9026548672566
18,2694,163,-26.6
18,2695,68,-93.2962962962963
18,2696,131,-112.729166666667
18,2697,37,-9.58333333333333
18,2698,14,-112.729166666667
18,2699,-44,26.2777777777778
18,2700,10,-58.8627450980392
18,2701,-41,1.08295964125561
18,2702,51,-30.4156862745098
18,2703,-22,-9.58333333333333
18,2704,-110,-20.3860759493671
18,2705,-109,-30.4156862745098
18,2706,-62,-30.4156862745098
18,2707,-10,-58.8627450980392
18,2708,-97,1.08295964125561
18,2709,-35,-30.4156862745098
18,2710,-60,-30.4156862745098
18,2711,-14,-30.4156862745098
18,2712,-46,1.08295964125561
18,2713,-10,-30.4156862745098
18,2714,-1,1.08295964125561
18,2715,6,1.08295964125561
18,2716,25,1.08295964125561
18,2717,71,75.9026548672566
18,2718,155,159.830188679245
18,2719,162,189.524752475248
18,2720,110,-229.12426035503
18,2721,69,-229.12426035503
18,2722,-1,-9.58333333333333
18,2723,-32,1.08295964125561
18,2724,-119,-58.8627450980392
18,2725,117,-58.8627450980392
18,2726,13,-9.58333333333333
18,2727,-80,-45.1666666666667
18,2728,-123,-30.4156862745098
18,2729,-88,-30.4156862745098
18,2730,-56,-58.8627450980392
18,2731,-93,-30.4156862745098
18,2732,-45,-30.4156862745098
18,2733,-68,-30.4156862745098
18,2734,-26,-30.4156862745098
18,2735,-5,-20.3860759493671
18,2736,-5,1.08295964125561
18,2737,5,1.08295964125561
18,2738,14,1.08295964125561
18,2739,14,75.9026548672566
18,2740,108,75.9026548672566
18,2741,329,159.830188679245
18,2742,-224,-22.047619047619
18,2743,-159,-154.283870967742
18,2744,30,-32.8
18,2745,47,26.2777777777778
18,2746,57,-9.58333333333333
18,2747,-6,-9.58333333333333
18,2748,18,1.08295964125561
18,2749,95,26.2777777777778
18,2750,391,175.085714285714
18,2751,-81,-22.047619047619
18,2752,-179,-154.283870967742
18,2753,-101,-118.666666666667
18,2754,-89,-58.8627450980392
18,2755,-109,-58.8627450980392
18,2756,-90,-30.4156862745098
18,2757,-39,-30.4156862745098
18,2758,-21,-30.4156862745098
18,2759,1,6.72727272727273
18,2760,-7,1.08295964125561
18,2761,2,1.08295964125561
18,2762,27,1.08295964125561
18,2763,124,75.9026548672566
18,2764,319,189.524752475248
18,2765,193,-93.2962962962963
18,2766,-345,-229.12426035503
18,2767,-148,-112.729166666667
18,2768,50,18.7727272727273
18,2769,62,-9.58333333333333
18,2770,-20,-9.58333333333333
18,2771,-45,-20.3860759493671
18,2772,32,-30.4156862745098
18,2773,75,104.90990990991
18,2774,477,230.813953488372
18,2775,-16,-117.379310344828
18,2776,-281,-154.283870967742
18,2777,-56,-118.666666666667
18,2778,-182,18.7727272727273
18,2779,15,-58.8627450980392
18,2780,-166,-25.8888888888889
18,2781,-72,-30.4156862745098
18,2782,-26,-30.4156862745098
18,2783,-21,104.90990990991
18,2784,2,-20.3860759493671
18,2785,-1,1.08295964125561
18,2786,32,1.08295964125561
18,2787,126,26.2777777777778
18,2788,299,212.647058823529
18,2789,179,-93.2962962962963
18,2790,-327,-229.12426035503
18,2791,-149,-112.729166666667
18,2792,21,18.7727272727273
18,2793,-8,26.2777777777778
18,2794,31,1.08295964125561
18,2795,-21,-25.8888888888889
18,2796,-11,104.90990990991
18,2797,156,104.90990990991
18,2798,356,230.813953488372
18,2799,-19,-93.2962962962963
18,2800,-133,-154.283870967742
18,2801,-132,-118.666666666667
18,2802,-63,-58.8627450980392
18,2803,-87,-58.8627450980392
18,2804,-134,-30.4156862745098
18,2805,-54,-30.4156862745098
18,2806,-51,-30.4156862745098
18,2807,0,49.5454545454545
18,2808,-7,1.08295964125561
18,2809,1,1.08295964125561
18,2810,28,1.08295964125561
18,2811,110,75.9026548672566
18,2812,313,212.647058823529
18,2813,127,189.524752475248
18,2814,-334,-229.12426035503
18,2815,-106,-112.729166666667
18,2816,11,18.7727272727273
18,2817,54,26.2777777777778
18,2818,-43,-9.58333333333333
18,2819,4,-30.4156862745098
18,2820,18,1.08295964125561
18,2821,126,104.90990990991
18,2822,295,268.830769230769
18,2823,25,-93.2962962962963
18,2824,-141,-154.283870967742
18,2825,-63,-118.666666666667
18,2826,-125,-58.8627450980392
18,2827,-68,-58.8627450980392
18,2828,-97,-30.4156862745098
18,2829,-53,-30.4156862745098
18,2830,-62,-30.4156862745098
18,2831,-19,49.5454545454545
18,2832,-5,-20.3860759493671
18,2833,3,1.08295964125561
18,2834,28,1.08295964125561
18,2835,84,75.9026548672566
18,2836,237,189.524752475248
18,2837,254,189.524752475248
18,2838,-280,-229.12426035503
18,2839,-148,-154.283870967742
18,2840,51,-32.8
18,2841,18,-9.58333333333333
18,2842,46,-25.8888888888889
18,2843,-37,-9.58333333333333
18,2844,21,-30.4156862745098
18,2845,96,104.90990990991
18,2846,266,230.813953488372
18,2847,-141,-22.047619047619
18,2848,-143,-154.283870967742
18,2849,-160,-32.8
18,2850,15,-58.8627450980392
18,2851,-20,3.88888888888889
18,2852,-23,-20.3860759493671
18,2853,-58,-20.3860759493671
18,2854,7,49.5454545454545
18,2855,-30,174.818181818182
18,2856,-51,-20.3860759493671
18,2857,-23,-30.4156862745098
18,2858,-7,-20.3860759493671
18,2859,35,1.08295964125561
18,2860,31,75.9026548672566
18,2861,89,75.9026548672566
18,2862,165,159.830188679245
18,2863,162,107.051282051282
18,2864,22,-229.12426035503
18,2865,86,-112.729166666667
18,2866,-38,-9.58333333333333
18,2867,45,-58.8627450980392
18,2868,-126,-9.58333333333333
18,2869,30,-30.4156862745098
18,2870,17,-25.8888888888889
18,2871,-49,104.90990990991
18,2872,-56,-30.4156862745098
18,2873,-39,-30.4156862745098
18,2874,-64,-30.4156862745098
18,2875,-43,-30.4156862745098
18,2876,-54,-30.4156862745098
18,2877,-62,-30.4156862745098
18,2878,-36,-30.4156862745098
18,2879,-13,-30.4156862745098
18,2880,-54,1.08295964125561
18,2881,-47,-30.4156862745098
18,2882,-5,-30.4156862745098
18,2883,17,1.08295964125561
18,2884,46,75.9026548672566
18,2885,70,137.188118811881
18,2886,91,159.830188679245
18,2887,220,107.051282051282
18,2888,54,107.051282051282
18,2889,50,-154.283870967742
18,2890,29,-9.58333333333333
18,2891,-34,-25.8888888888889
18,2892,-64,-58.8627450980392
18,2893,-26,-58.8627450980392
18,2894,71,-20.3860759493671
18,2895,2,-9.58333333333333
18,2896,-111,6.72727272727273
18,2897,-91,-30.4156862745098
18,2898,-79,-30.4156862745098
18,2899,-75,-58.8627450980392
18,2900,-91,-30.4156862745098
18,2901,-19,-30.4156862745098
18,2902,-37,-20.3860759493671
18,2903,-17,-30.4156862745098
18,2904,-9,-20.3860759493671
18,2905,-1,1.08295964125561
18,2906,39,1.08295964125561
18,2907,115,75.9026548672566
18,2908,327,159.830188679245
18,2909,123,-93.2962962962963
18,2910,-340,-229.12426035503
18,2911,-84,-45.1666666666667
18,2912,-3,18.7727272727273
18,2913,89,1.08295964125561
18,2914,-10,-9.58333333333333
18,2915,-9,1.08295964125561
18,2916,-18,1.08295964125561
18,2917,181,104.90990990991
18,2918,419,268.830769230769
18,2919,-42,-93.2962962962963
18,2920,-209,-154.283870967742
18,2921,-107,-118.666666666667
18,2922,-144,18.7727272727273
18,2923,-144,-58.8627450980392
18,2924,-84,-30.4156862745098
18,2925,-66,-30.4156862745098
18,2926,-7,-30.4156862745098
18,2927,-21,6.72727272727273
18,2928,0,-20.3860759493671
18,2929,1,1.08295964125561
18,2930,29,1.08295964125561
18,2931,149,75.9026548672566
18,2932,364,189.524752475248
18,2933,104,-93.2962962962963
18,2934,-328,-229.12426035503
18,2935,-138,-118.666666666667
18,2936,45,18.7727272727273
18,2937,73,-9.58333333333333
18,2938,-2,-9.58333333333333
18,2939,-39,1.08295964125561
18,2940,50,-30.4156862745098
18,2941,99,24.9
18,2942,484,268.830769230769
18,2943,-76,-117.379310344828
18,2944,-212,-154.283870967742
18,2945,-107,-118.666666666667
18,2946,-177,18.7727272727273
18,2947,-83,-58.8627450980392
18,2948,-114,-30.4156862745098
18,2949,-77,-30.4156862745098
18,2950,-31,-30.4156862745098
18,2951,-9,49.5454545454545
18,2952,-6,1.08295964125561
18,2953,3,1.08295964125561
18,2954,25,1.08295964125561
18,2955,164,75.9026548672566
18,2956,327,189.524752475248
18,2957,160,-93.2962962962963
18,2958,-405,-229.12426035503
18,2959,-110,-112.729166666667
18,2960,37,18.7727272727273
18,2961,113,26.2777777777778
18,2962,-1,-9.58333333333333
18,2963,-51,-45.1666666666667
18,2964,-21,-30.4156862745098
18,2965,143,104.90990990991
18,2966,451,268.830769230769
18,2967,-39,-93.2962962962963
18,2968,-161,-154.283870967742
18,2969,-198,-118.666666666667
18,2970,-78,-58.8627450980392
18,2971,-70,-58.8627450980392
18,2972,-138,-30.4156862745098
18,2973,-105,-30.4156862745098
18,2974,-29,-30.4156862745098
18,2975,-12,6.72727272727273
18,2976,-6,1.08295964125561
18,2977,4,1.08295964125561
18,2978,36,1.08295964125561
18,2979,146,75.9026548672566
18,2980,315,212.647058823529
18,2981,109,-93.2962962962963
18,2982,-266,-229.12426035503
18,2983,-167,-118.666666666667
18,2984,27,18.7727272727273
18,2985,65,-25.8888888888889
18,2986,-40,-9.58333333333333
18,2987,18,-30.4156862745098
18,2988,-35,104.90990990991
18,2989,168,49.5454545454545
18,2990,318,268.830769230769
18,2991,-8,-93.2962962962963
18,2992,-126,-154.283870967742
18,2993,-101,-118.666666666667
18,2994,-72,-58.8627450980392
18,2995,-124,-58.8627450980392
18,2996,-103,-30.4156862745098
18,2997,-57,-30.4156862745098
18,2998,-72,-30.4156862745098
18,2999,-24,-30.4156862745098
18,3000,-10,-20.3860759493671
18,3001,2,1.08295964125561
18,3002,35,1.08295964125561
18,3003,118,75.9026548672566
18,3004,217,189.524752475248
18,3005,244,-93.2962962962963
18,3006,-324,-229.12426035503
18,3007,-129,-154.283870967742
18,3008,17,-32.8
18,3009,38,26.2777777777778
18,3010,13,-25.8888888888889
18,3011,-6,-25.8888888888889
18,3012,-3,1.08295964125561
18,3013,121,104.90990990991
18,3014,188,230.813953488372
18,3015,-75,-93.2962962962963
18,3016,-101,-112.729166666667
18,3017,-55,-79.28125
18,3018,-72,-58.8627450980392
18,3019,-73,-58.8627450980392
18,3020,-115,-30.4156862745098
18,3021,21,-30.4156862745098
18,3022,-11,6.72727272727273
18,3023,3,6.72727272727273
18,3024,-38,1.08295964125561
18,3025,-5,-30.4156862745098
18,3026,-8,1.08295964125561
18,3027,32,1.08295964125561
18,3028,50,75.9026548672566
18,3029,102,137.188118811881
18,3030,81,138.739130434783
18,3031,129,24.9
18,3032,48,53.4615384615385
18,3033,19,-112.729166666667
18,3034,-43,75.9026548672566
18,3035,-19,-58.8627450980392
18,3036,-5,-20.3860759493671
18,3037,-31,1.08295964125561
18,3038,-11,-30.4156862745098
18,3039,-23,1.08295964125561
18,3040,35,104.90990990991
18,3041,-82,26.2777777777778
18,3042,-79,-30.4156862745098
18,3043,-41,-30.4156862745098
18,3044,-20,-30.4156862745098
18,3045,-3,-20.3860759493671
18,3046,-56,1.08295964125561
18,3047,-3,-30.4156862745098
18,3048,-57,1.08295964125561
18,3049,-29,-30.4156862745098
18,3050,6,-20.3860759493671
18,3051,17,1.08295964125561
18,3052,23,75.9026548672566
18,3053,92,75.9026548672566
18,3054,77,53.4615384615385
18,3055,147,-26.6
18,3056,11,107.051282051282
18,3057,56,-112.729166666667
18,3058,-13,-9.58333333333333
18,3059,24,1.08295964125561
18,3060,-99,-25.8888888888889
18,3061,-32,-30.4156862745098
18,3062,100,-58.8627450980392
18,3063,-43,-9.58333333333333
18,3064,12,-30.4156862745098
18,3065,-50,26.2777777777778
18,3066,-74,-30.4156862745098
18,3067,-107,-58.8627450980392
18,3068,-41,-30.4156862745098
18,3069,-67,-30.4156862745098
18,3070,-26,-30.4156862745098
18,3071,-2,-20.3860759493671
18,3072,-10,1.08295964125561
18,3073,7,1.08295964125561
18,3074,28,1.08295964125561
18,3075,96,75.9026548672566
18,3076,262,189.524752475248
18,3077,170,159.830188679245
18,3078,-273,-229.12426035503
18,3079,-121,-112.729166666667
18,3080,27,18.7727272727273
18,3081,56,26.2777777777778
18,3082,-21,-9.58333333333333
18,3083,-6,-20.3860759493671
18,3084,4,1.08295964125561
18,3085,131,104.90990990991
18,3086,382,230.813953488372
18,3087,-17,-93.2962962962963
18,3088,-149,-154.283870967742
18,3089,-186,-118.666666666667
18,3090,-137,-58.8627450980392
18,3091,-70,-58.8627450980392
18,3092,-86,-30.4156862745098
18,3093,-49,-30.4156862745098
18,3094,-39,-30.4156862745098
18,3095,-4,49.5454545454545
18,3096,-8,1.08295964125561
18,3097,4,1.08295964125561
18,3098,29,1.08295964125561
18,3099,119,75.9026548672566
18,3100,329,189.524752475248
18,3101,163,-93.2962962962963
18,3102,-374,-229.12426035503
18,3103,-63,-112.729166666667
18,3104,8,18.7727272727273
18,3105,55,1.08295964125561
18,3106,11,-9.58333333333333
18,3107,27,-25.8888888888889
18,3108,91,104.90990990991
18,3109,126,24.9
18,3110,195,268.830769230769
18,3111,-95,-229.12426035503
18,3112,-130,-112.729166666667
18,3113,-121,-79.28125
18,3114,-180,-58.8627450980392
18,3115,-19,-58.8627450980392
18,3116,-6,-20.3860759493671
18,3117,-12,1.08295964125561
18,3118,-36,6.72727272727273
18,3119,-30,49.5454545454545
18,3120,-61,-20.3860759493671
18,3121,-16,49.5454545454545
18,3122,3,-20.3860759493671
18,3123,13,1.08295964125561
18,3124,40,75.9026548672566
18,3125,81,75.9026548672566
18,3126,140,159.830188679245
18,3127,154,107.051282051282
18,3128,38,-229.12426035503
18,3129,9,-112.729166666667
18,3130,5,1.08295964125561
18,3131,48,1.08295964125561
18,3132,-93,-9.58333333333333
18,3133,-65,-30.4156862745098
18,3134,25,-30.4156862745098
18,3135,16,104.90990990991
18,3136,2,6.72727272727273
18,3137,119,1.08295964125561
18,3138,33,53.4615384615385
18,3139,-82,-45.1666666666667
18,3140,-319,-30.4156862745098
18,3141,-95,-30.4156862745098
18,3142,-58,18.7727272727273
18,3143,-12,-30.4156862745098
18,3144,-11,1.08295964125561
18,3145,0,1.08295964125561
18,3146,22,6.72727272727273
18,3147,104,75.9026548672566
18,3148,210,268.830769230769
18,3149,207,189.524752475248
18,3150,-257,-229.12426035503
18,3151,-107,-154.283870967742
18,3152,58,18.7727272727273
18,3153,32,-9.58333333333333
18,3154,34,-25.8888888888889
18,3155,-69,-25.8888888888889
18,3156,13,-30.4156862745098
18,3157,179,104.90990990991
18,3158,256,230.813953488372
18,3159,-82,-93.2962962962963
18,3160,-104,-154.283870967742
18,3161,-182,-118.666666666667
18,3162,2,-58.8627450980392
18,3163,-98,1.08295964125561
18,3164,-94,-30.4156862745098
18,3165,-29,-30.4156862745098
18,3166,-73,104.90990990991
18,3167,-12,-30.4156862745098
18,3168,-10,1.08295964125561
18,3169,-1,1.08295964125561
18,3170,29,1.08295964125561
18,3171,96,75.9026548672566
18,3172,222,159.830188679245
18,3173,232,189.524752475248
18,3174,-281,-229.12426035503
18,3175,-94,-154.283870967742
18,3176,23,-32.8
18,3177,98,26.2777777777778
18,3178,-38,-9.58333333333333
18,3179,-18,-30.4156862745098
18,3180,10,-20.3860759493671
18,3181,84,104.90990990991
18,3182,207,230.813953488372
18,3183,-16,-22.047619047619
18,3184,-142,-154.283870967742
18,3185,-82,-79.28125
18,3186,-36,-58.8627450980392
18,3187,-12,-58.8627450980392
18,3188,-124,1.08295964125561
18,3189,-14,-30.4156862745098
18,3190,-79,1.08295964125561
18,3191,-13,49.5454545454545
18,3192,-27,1.08295964125561
18,3193,-15,-20.3860759493671
18,3194,-2,-20.3860759493671
18,3195,17,1.08295964125561
18,3196,40,75.9026548672566
18,3197,81,75.9026548672566
18,3198,104,159.830188679245
18,3199,69,-26.6
18,3200,42,107.051282051282
18,3201,-25,-16.1875
18,3202,18,-20.3860759493671
18,3203,-52,-25.8888888888889
18,3204,-2,-58.8627450980392
18,3205,-12,1.08295964125561
18,3206,-15,1.08295964125561
18,3207,-2,-20.3860759493671
18,3208,10,1.08295964125561
18,3209,-11,1.08295964125561
18,3210,-75,1.08295964125561
18,3211,19,-30.4156862745098
18,3212,-72,26.2777777777778
18,3213,-1,-30.4156862745098
18,3214,-23,1.08295964125561
18,3215,-54,-20.3860759493671
18,3216,-35,-30.4156862745098
18,3217,-22,-30.4156862745098
18,3218,-7,-20.3860759493671
18,3219,15,1.08295964125561
18,3220,31,75.9026548672566
18,3221,78,26.2777777777778
18,3222,112,189.524752475248
18,3223,77,107.051282051282
18,3224,70,-45.1666666666667
18,3225,-13,107.051282051282
18,3226,-39,1.08295964125561
18,3227,-25,-58.8627450980392
18,3228,-14,-20.3860759493671
18,3229,-7,1.08295964125561
18,3230,-21,1.08295964125561
18,3231,-17,-20.3860759493671
18,3232,-3,-20.3860759493671
18,3233,35,1.08295964125561
18,3234,-78,75.9026548672566
18,3235,-85,-30.4156862745098
18,3236,1,-30.4156862745098
18,3237,-84,1.08295964125561
18,3238,-21,-30.4156862745098
18,3239,-13,-20.3860759493671
18,3240,0,1.08295964125561
18,3241,-3,1.08295964125561
18,3242,26,1.08295964125561
18,3243,64,75.9026548672566
18,3244,138,137.188118811881
18,3245,225,159.830188679245
18,3246,-92,-229.12426035503
18,3247,-188,-154.283870967742
18,3248,41,-118.666666666667
18,3249,50,3.88888888888889
18,3250,-11,-9.58333333333333
18,3251,-13,1.08295964125561
18,3252,38,1.08295964125561
18,3253,133,104.90990990991
18,3254,436,189.524752475248
18,3255,23,-93.2962962962963
18,3256,-241,-154.283870967742
18,3257,-184,-118.666666666667
18,3258,-116,18.7727272727273
18,3259,-107,-58.8627450980392
18,3260,-93,-30.4156862745098
18,3261,-62,-30.4156862745098
18,3262,-54,-30.4156862745098
18,3263,1,49.5454545454545
18,3264,-13,1.08295964125561
18,3265,1,1.08295964125561
18,3266,38,1.08295964125561
18,3267,145,75.9026548672566
18,3268,333,189.524752475248
18,3269,129,-93.2962962962963
18,3270,-318,-229.12426035503
18,3271,-141,-112.729166666667
18,3272,59,18.7727272727273
18,3273,23,-9.58333333333333
18,3274,8,-25.8888888888889
18,3275,-38,1.08295964125561
18,3276,23,-30.4156862745098
18,3277,170,104.90990990991
18,3278,437,268.830769230769
18,3279,-53,-93.2962962962963
18,3280,-405,-154.283870967742
18,3281,-330,-118.666666666667
18,3282,6,18.7727272727273
18,3283,49,1.08295964125561
18,3284,-36,-9.58333333333333
18,3285,-59,-30.4156862745098
18,3286,-30,-30.4156862745098
18,3287,-9,104.90990990991
18,3288,0,1.08295964125561
18,3289,2,1.08295964125561
18,3290,34,1.08295964125561
18,3291,144,26.2777777777778
18,3292,312,189.524752475248
18,3293,177,-93.2962962962963
18,3294,-346,-229.12426035503
18,3295,-133,-112.729166666667
18,3296,34,18.7727272727273
18,3297,63,26.2777777777778
18,3298,-19,-9.58333333333333
18,3299,-32,-20.3860759493671
18,3300,35,-30.4156862745098
18,3301,135,104.90990990991
18,3302,419,230.813953488372
18,3303,-16,-93.2962962962963
18,3304,-181,-154.283870967742
18,3305,-150,-118.666666666667
18,3306,-92,-58.8627450980392
18,3307,-147,-58.8627450980392
18,3308,-92,-30.4156862745098
18,3309,-96,-30.4156862745098
18,3310,-35,-30.4156862745098
18,3311,-12,49.5454545454545
18,3312,1,1.08295964125561
18,3313,-5,1.08295964125561
18,3314,39,1.08295964125561
18,3315,134,75.9026548672566
18,3316,334,189.524752475248
18,3317,190,-93.2962962962963
18,3318,-375,-229.12426035503
18,3319,-113,-112.729166666667
18,3320,1,18.7727272727273
18,3321,77,1.08295964125561
18,3322,-15,-9.58333333333333
18,3323,-68,-20.3860759493671
18,3324,62,-30.4156862745098
18,3325,168,24.9
18,3326,356,230.813953488372
18,3327,30,-229.12426035503
18,3328,-196,-154.283870967742
18,3329,-115,-118.666666666667
18,3330,-141,-58.8627450980392
18,3331,-55,-58.8627450980392
18,3332,-107,-30.4156862745098
18,3333,-116,-30.4156862745098
18,3334,-36,-30.4156862745098
18,3335,-42,49.5454545454545
18,3336,-8,-30.4156862745098
18,3337,2,1.08295964125561
18,3338,23,1.08295964125561
18,3339,93,75.9026548672566
18,3340,253,189.524752475248
18,3341,333,189.524752475248
18,3342,-299,-229.12426035503
18,3343,-146,-154.283870967742
18,3344,20,-32.8
18,3345,91,26.2777777777778
18,3346,-5,-9.58333333333333
18,3347,-5,1.08295964125561
18,3348,-16,1.08295964125561
18,3349,139,104.90990990991
18,3350,343,230.813953488372
18,3351,-204,-93.2962962962963
18,3352,-143,-154.283870967742
18,3353,-99,-32.8
18,3354,-90,-58.8627450980392
18,3355,-36,-58.8627450980392
18,3356,-51,-30.4156862745098
18,3357,-21,-30.4156862745098
18,3358,-73,6.72727272727273
18,3359,-17,49.5454545454545
18,3360,-61,-20.3860759493671
18,3361,-31,-30.4156862745098
18,3362,-4,-30.4156862745098
18,3363,30,1.08295964125561
18,3364,13,75.9026548672566
18,3365,103,75.9026548672566
18,3366,131,159.830188679245
18,3367,119,-26.6
18,3368,38,-229.12426035503
18,3369,60,-45.1666666666667
18,3370,92,-9.58333333333333
18,3371,41,-9.58333333333333
18,3372,-72,-25.8888888888889
18,3373,6,-30.4156862745098
18,3374,-108,1.08295964125561
18,3375,-107,-58.8627450980392
18,3376,80,-30.4156862745098
18,3377,-75,-9.58333333333333
18,3378,-87,-30.4156862745098
18,3379,-44,-30.4156862745098
18,3380,-14,-30.4156862745098
18,3381,-24,1.08295964125561
18,3382,-19,-20.3860759493671
18,3383,-53,-20.3860759493671
18,3384,-58,-30.4156862745098
18,3385,-38,-30.4156862745098
18,3386,-10,-30.4156862745098
18,3387,6,1.08295964125561
18,3388,32,1.08295964125561
18,3389,86,75.9026548672566
18,3390,88,189.524752475248
18,3391,161,189.524752475248
18,3392,69,-26.6
18,3393,38,-112.729166666667
18,3394,-9,75.9026548672566
18,3395,-4,1.08295964125561
18,3396,13,1.08295964125561
18,3397,6,-25.8888888888889
18,3398,-59,1.08295964125561
18,3399,-124,-30.4156862745098
18,3400,0,-30.4156862745098
18,3401,-18,1.08295964125561
18,3402,-71,-20.3860759493671
18,3403,-93,-30.4156862745098
18,3404,-39,-30.4156862745098
18,3405,-48,-30.4156862745098
18,3406,-32,-30.4156862745098
18,3407,4,-30.4156862745098
18,3408,-9,1.08295964125561
18,3409,6,1.08295964125561
18,3410,38,1.08295964125561
18,3411,90,75.9026548672566
18,3412,343,189.524752475248
18,3413,184,159.830188679245
18,3414,-319,-229.12426035503
18,3415,-162,-112.729166666667
18,3416,-4,18.7727272727273
18,3417,55,1.08295964125561
18,3418,2,-9.58333333333333
18,3419,-27,1.08295964125561
18,3420,25,-20.3860759493671
18,3421,149,104.90990990991
18,3422,369,230.813953488372
18,3423,39,-93.2962962962963
18,3424,-199,-154.283870967742
18,3425,-141,-118.666666666667
18,3426,-126,18.7727272727273
18,3427,-44,-58.8627450980392
18,3428,-118,-30.4156862745098
18,3429,-113,-30.4156862745098
18,3430,-28,-30.4156862745098
18,3431,-18,6.72727272727273
18,3432,-4,-20.3860759493671
18,3433,4,1.08295964125561
18,3434,31,1.08295964125561
18,3435,175,75.9026548672566
18,3436,313,189.524752475248
18,3437,135,-93.2962962962963
18,3438,-341,-229.12426035503
18,3439,-161,-112.729166666667
18,3440,47,18.7727272727273
18,3441,48,-9.58333333333333
18,3442,-33,-9.58333333333333
18,3443,-7,-30.4156862745098
18,3444,30,104.90990990991
18,3445,137,104.90990990991
18,3446,389,268.830769230769
18,3447,2,-93.2962962962963
18,3448,-225,-154.283870967742
18,3449,-120,-118.666666666667
18,3450,-94,18.7727272727273
18,3451,-89,-58.8627450980392
18,3452,-83,-30.4156862745098
18,3453,-108,-30.4156862745098
18,3454,-37,-30.4156862745098
18,3455,-8,49.5454545454545
18,3456,-4,1.08295964125561
18,3457,2,1.08295964125561
18,3458,40,1.08295964125561
18,3459,116,75.9026548672566
18,3460,333,189.524752475248
18,3461,184,-93.2962962962963
18,3462,-382,-229.12426035503
18,3463,-159,-112.729166666667
18,3464,45,18.7727272727273
18,3465,19,-9.58333333333333
18,3466,1,-25.8888888888889
18,3467,-33,1.08295964125561
18,3468,24,-30.4156862745098
18,3469,30,104.90990990991
18,3470,146,174.818181818182
18,3471,273,-22.047619047619
18,3472,-127,-93.2962962962963
18,3473,-150,-154.283870967742
18,3474,-47,-32.8
18,3475,-31,-58.8627450980392
18,3476,-157,-58.8627450980392
18,3477,-65,-30.4156862745098
18,3478,-41,-30.4156862745098
18,3479,-18,-30.4156862745098
18,3480,-2,6.72727272727273
18,3481,3,1.08295964125561
18,3482,32,1.08295964125561
18,3483,112,75.9026548672566
18,3484,321,212.647058823529
18,3485,184,-93.2962962962963
18,3486,-339,-229.12426035503
18,3487,-120,-112.729166666667
18,3488,18,18.7727272727273
18,3489,58,26.2777777777778
18,3490,-20,-9.58333333333333
18,3491,-57,-20.3860759493671
18,3492,95,-30.4156862745098
18,3493,66,24.9
18,3494,413,230.813953488372
18,3495,6,-117.379310344828
18,3496,-244,-154.283870967742
18,3497,-28,-118.666666666667
18,3498,-173,-20.3860759493671
18,3499,-264,-58.8627450980392
18,3500,-3,-30.4156862745098
18,3501,-31,1.08295964125561
18,3502,-23,-30.4156862745098
18,3503,8,6.72727272727273
18,3504,17,1.08295964125561
18,3505,-27,75.9026548672566
18,3506,33,-20.3860759493671
18,3507,84,3.88888888888889
18,3508,234,-26.6
18,3509,331,159.830188679245
18,3510,-318,-229.12426035503
18,3511,-140,-154.283870967742
18,3512,-21,-32.8
18,3513,62,-20.3860759493671
18,3514,-118,-9.58333333333333
18,3515,73,-30.4156862745098
18,3516,-13,138.739130434783
18,3517,220,104.90990990991
18,3518,279,230.813953488372
18,3519,-93,-93.2962962962963
18,3520,-220,-154.283870967742
18,3521,-151,-118.666666666667
18,3522,-129,18.7727272727273
18,3523,13,-58.8627450980392
18,3524,31,3.88888888888889
18,3525,-63,-25.8888888888889
18,3526,-31,-30.4156862745098
18,3527,-12,49.5454545454545
18,3528,-35,1.08295964125561
18,3529,-9,-30.4156862745098
18,3530,1,1.08295964125561
18,3531,-2,1.08295964125561
18,3532,22,1.08295964125561
18,3533,75,75.9026548672566
18,3534,95,159.830188679245
18,3535,61,189.524752475248
18,3536,37,107.051282051282
18,3537,152,75.9026548672566
18,3538,-103,-117.379310344828
18,3539,-11,-112.729166666667
18,3540,37,1.08295964125561
18,3541,-54,-25.8888888888889
18,3542,-85,-58.8627450980392
18,3543,-64,-30.4156862745098
18,3544,61,-30.4156862745098
18,3545,-24,137.188118811881
18,3546,-51,6.72727272727273
18,3547,17,-30.4156862745098
18,3548,-31,26.2777777777778
18,3549,-36,-58.8627450980392
18,3550,17,-30.4156862745098
18,3551,-8,3.88888888888889
18,3552,-79,1.08295964125561
18,3553,-27,-30.4156862745098
18,3554,-10,-20.3860759493671
18,3555,13,1.08295964125561
18,3556,19,75.9026548672566
18,3557,115,75.9026548672566
18,3558,105,159.830188679245
18,3559,121,-93.2962962962963
18,3560,126,107.051282051282
18,3561,-1,-229.12426035503
18,3562,122,-45.1666666666667
18,3563,-10,-9.58333333333333
18,3564,8,-45.1666666666667
18,3565,4,1.08295964125561
18,3566,-72,1.08295964125561
18,3567,-41,-58.8627450980392
18,3568,7,-30.4156862745098
18,3569,-144,104.90990990991
18,3570,-33,-30.4156862745098
18,3571,-154,-30.4156862745098
18,3572,-68,-30.4156862745098
18,3573,-76,-30.4156862745098
18,3574,-20,-30.4156862745098
18,3575,-10,-20.3860759493671
18,3576,-15,1.08295964125561
18,3577,6,-20.3860759493671
18,3578,43,1.08295964125561
18,3579,106,212.647058823529
18,3580,264,189.524752475248
18,3581,317,159.830188679245
18,3582,-393,-229.12426035503
18,3583,-145,-154.283870967742
18,3584,-2,-32.8
18,3585,116,1.08295964125561
18,3586,-74,-9.58333333333333
18,3587,31,-45.1666666666667
18,3588,10,-25.8888888888889
18,3589,176,104.90990990991
18,3590,390,230.813953488372
18,3591,-106,-93.2962962962963
18,3592,-159,-154.283870967742
18,3593,-179,-32.8
18,3594,-107,-58.8627450980392
18,3595,-87,-58.8627450980392
18,3596,-95,-30.4156862745098
18,3597,-50,-30.4156862745098
18,3598,-47,-30.4156862745098
18,3599,-1,49.5454545454545
18,3600,-10,1.08295964125561
18,3601,0,1.08295964125561
18,3602,44,1.08295964125561
18,3603,140,137.188118811881
18,3604,326,189.524752475248
18,3605,227,-93.2962962962963
18,3606,-404,-229.12426035503
18,3607,-121,-154.283870967742
18,3608,-17,-32.8
18,3609,28,-20.3860759493671
18,3610,44,-25.8888888888889
18,3611,-29,-9.58333333333333
18,3612,41,104.90990990991
18,3613,170,104.90990990991
18,3614,414,230.813953488372
18,3615,8,-93.2962962962963
18,3616,-245,-154.283870967742
18,3617,-109,-118.666666666667
18,3618,-145,18.7727272727273
18,3619,-109,-58.8627450980392
18,3620,-77,-30.4156862745098
18,3621,-126,-30.4156862745098
18,3622,-38,-30.4156862745098
18,3623,-16,49.5454545454545
18,3624,0,-20.3860759493671
18,3625,-8,1.08295964125561
18,3626,55,1.08295964125561
18,3627,131,137.188118811881
18,3628,317,189.524752475248
18,3629,281,-229.12426035503
18,3630,-446,-229.12426035503
18,3631,-111,-154.283870967742
18,3632,50,-32.8
18,3633,29,-9.58333333333333
18,3634,2,-25.8888888888889
18,3635,-65,1.08295964125561
18,3636,70,-30.4156862745098
18,3637,167,24.9
18,3638,429,230.813953488372
18,3639,-22,-229.12426035503
18,3640,-193,-154.283870967742
18,3641,-131,-118.666666666667
18,3642,-170,-58.8627450980392
18,3643,-119,-58.8627450980392
18,3644,-39,-30.4156862745098
18,3645,-147,-30.4156862745098
18,3646,-63,-30.4156862745098
18,3647,-8,49.5454545454545
18,3648,-13,1.08295964125561
18,3649,-4,1.08295964125561
18,3650,38,1.08295964125561
18,3651,139,75.9026548672566
18,3652,314,189.524752475248
18,3653,234,-93.2962962962963
18,3654,-385,-229.12426035503
18,3655,-122,-154.283870967742
18,3656,-10,-32.8
18,3657,67,1.08295964125561
18,3658,-37,-9.58333333333333
18,3659,-29,-30.4156862745098
18,3660,25,104.90990990991
18,3661,136,104.90990990991
18,3662,364,230.813953488372
18,3663,-50,-93.2962962962963
18,3664,-74,-154.283870967742
18,3665,-168,-118.666666666667
18,3666,-175,-58.8627450980392
18,3667,-37,-58.8627450980392
18,3668,-89,-30.4156862745098
18,3669,-48,-30.4156862745098
18,3670,-43,-30.4156862745098
18,3671,-28,-30.4156862745098
18,3672,-14,-20.3860759493671
18,3673,-4,1.08295964125561
18,3674,29,1.08295964125561
18,3675,102,75.9026548672566
18,3676,271,189.524752475248
18,3677,266,189.524752475248
18,3678,-313,-229.12426035503
18,3679,-132,-154.283870967742
18,3680,20,-32.8
18,3681,48,3.88888888888889
18,3682,15,-9.58333333333333
18,3683,12,-25.8888888888889
18,3684,-3,-25.8888888888889
18,3685,176,104.90990990991
18,3686,200,230.813953488372
18,3687,-77,-93.2962962962963
18,3688,-106,-154.283870967742
18,3689,-162,-79.28125
18,3690,-94,-58.8627450980392
18,3691,-61,-58.8627450980392
18,3692,-10,-30.4156862745098
18,3693,2,1.08295964125561
18,3694,-111,6.72727272727273
18,3695,10,-30.4156862745098
18,3696,-47,1.08295964125561
18,3697,-32,-30.4156862745098
18,3698,3,-30.4156862745098
18,3699,36,1.08295964125561
18,3700,26,75.9026548672566
18,3701,87,26.2777777777778
18,3702,174,138.739130434783
18,3703,58,-26.6
18,3704,62,-112.729166666667
18,3705,30,-9.58333333333333
18,3706,11,-25.8888888888889
18,3707,-4,26.2777777777778
18,3708,3,1.08295964125561
18,3709,-10,1.08295964125561
18,3710,-8,1.08295964125561
18,3711,2,104.90990990991
18,3712,-143,1.08295964125561
18,3713,-105,-30.4156862745098
18,3714,67,-30.4156862745098
18,3715,-24,138.739130434783
18,3716,-68,-20.3860759493671
18,3717,-20,-30.4156862745098
18,3718,-30,-20.3860759493671
18,3719,-46,-20.3860759493671
18,3720,-57,-30.4156862745098
18,3721,-42,-30.4156862745098
18,3722,4,-30.4156862745098
18,3723,1,1.08295964125561
18,3724,22,1.08295964125561
18,3725,87,75.9026548672566
18,3726,99,189.524752475248
18,3727,155,189.524752475248
18,3728,128,-26.6
18,3729,2,-229.12426035503
18,3730,-28,-112.729166666667
18,3731,39,-20.3860759493671
18,3732,-21,-25.8888888888889
18,3733,20,-20.3860759493671
18,3734,10,-25.8888888888889
18,3735,-112,1.08295964125561
18,3736,24,-30.4156862745098
18,3737,-140,104.90990990991
18,3738,-32,-30.4156862745098
18,3739,-123,-30.4156862745098
18,3740,-48,-30.4156862745098
18,3741,-42,-30.4156862745098
18,3742,-39,-30.4156862745098
18,3743,-11,-30.4156862745098
18,3744,-5,1.08295964125561
18,3745,2,1.08295964125561
18,3746,42,1.08295964125561
18,3747,114,137.188118811881
18,3748,308,189.524752475248
18,3749,282,-93.2962962962963
18,3750,-458,-229.12426035503
18,3751,-104,-154.283870967742
18,3752,26,-32.8
18,3753,63,-25.8888888888889
18,3754,-52,-9.58333333333333
18,3755,28,-30.4156862745098
18,3756,-18,-25.8888888888889
18,3757,189,104.90990990991
18,3758,402,230.813953488372
18,3759,-15,-93.2962962962963
18,3760,-147,-154.283870967742
18,3761,-203,-118.666666666667
18,3762,-140,-58.8627450980392
18,3763,-92,18.7727272727273
18,3764,-80,-30.4156862745098
18,3765,-112,-30.4156862745098
18,3766,-17,-30.4156862745098
18,3767,-13,6.72727272727273
18,3768,-2,1.08295964125561
18,3769,0,1.08295964125561
18,3770,39,1.08295964125561
18,3771,149,75.9026548672566
18,3772,319,189.524752475248
18,3773,247,-93.2962962962963
18,3774,-427,-229.12426035503
18,3775,-106,-154.283870967742
18,3776,-3,-32.8
18,3777,24,1.08295964125561
18,3778,40,-25.8888888888889
18,3779,-28,-25.8888888888889
18,3780,-116,104.90990990991
18,3781,258,49.5454545454545
18,3782,418,230.813953488372
18,3783,37,-93.2962962962963
18,3784,-243,-154.283870967742
18,3785,-162,-118.666666666667
18,3786,-100,18.7727272727273
18,3787,-95,-58.8627450980392
18,3788,-110,-30.4156862745098
18,3789,-100,-30.4156862745098
18,3790,-14,-30.4156862745098
18,3791,-20,6.72727272727273
18,3792,-6,-20.3860759493671
18,3793,-3,1.08295964125561
18,3794,45,1.08295964125561
18,3795,136,137.188118811881
18,3796,302,189.524752475248
18,3797,194,-229.12426035503
18,3798,-331,-229.12426035503
18,3799,-114,-112.729166666667
18,3800,-2,18.7727272727273
18,3801,50,1.08295964125561
18,3802,-4,-9.58333333333333
18,3803,-17,1.08295964125561
18,3804,32,104.90990990991
18,3805,184,104.90990990991
18,3806,358,230.813953488372
18,3807,54,-93.2962962962963
18,3808,-239,-154.283870967742
18,3809,-139,-118.666666666667
18,3810,-193,18.7727272727273
18,3811,-32,-58.8627450980392
18,3812,-136,-58.8627450980392
18,3813,-89,-30.4156862745098
18,3814,-21,-30.4156862745098
18,3815,-31,6.72727272727273
18,3816,-5,49.5454545454545
18,3817,3,1.08295964125561
18,3818,32,1.08295964125561
18,3819,142,75.9026548672566
18,3820,290,212.647058823529
18,3821,266,-93.2962962962963
18,3822,-396,-229.12426035503
18,3823,-162,-154.283870967742
18,3824,45,-32.8
18,3825,60,-9.58333333333333
18,3826,24,-9.58333333333333
18,3827,-85,-25.8888888888889
18,3828,45,-30.4156862745098
18,3829,136,24.9
18,3830,459,230.813953488372
18,3831,-98,-229.12426035503
18,3832,-160,-154.283870967742
18,3833,-180,-118.666666666667
18,3834,-85,-58.8627450980392
18,3835,-80,-58.8627450980392
18,3836,-85,-30.4156862745098
18,3837,-106,-30.4156862745098
18,3838,-28,-30.4156862745098
18,3839,-29,6.72727272727273
18,3840,-8,-20.3860759493671
18,3841,6,1.08295964125561
18,3842,25,1.08295964125561
18,3843,126,75.9026548672566
18,3844,258,189.524752475248
18,3845,247,-93.2962962962963
18,3846,-272,-229.12426035503
18,3847,-147,-154.283870967742
18,3848,14,-32.8
18,3849,75,26.2777777777778
18,3850,7,-9.58333333333333
18,3851,-14,1.08295964125561
18,3852,49,104.90990990991
18,3853,112,24.9
18,3854,249,230.813953488372
18,3855,-70,-229.12426035503
18,3856,-202,-154.283870967742
18,3857,-80,-118.666666666667
18,3858,-111,18.7727272727273
18,3859,-76,-58.8627450980392
18,3860,-6,-30.4156862745098
18,3861,-35,1.08295964125561
18,3862,-39,-30.4156862745098
18,3863,-38,49.5454545454545
18,3864,-54,-30.4156862745098
18,3865,-17,-30.4156862745098
18,3866,4,-20.3860759493671
18,3867,32,1.08295964125561
18,3868,18,75.9026548672566
18,3869,114,75.9026548672566
18,3870,97,189.524752475248
18,3871,118,-93.2962962962963
18,3872,74,107.051282051282
18,3873,77,-45.1666666666667
18,3874,-20,-9.58333333333333
18,3875,-55,-20.3860759493671
18,3876,17,-58.8627450980392
18,3877,-39,-25.8888888888889
18,3878,42,-58.8627450980392
18,3879,-2,-9.58333333333333
18,3880,-93,1.08295964125561
18,3881,-85,-30.4156862745098
18,3882,-23,-30.4156862745098
18,3883,-20,-20.3860759493671
18,3884,-47,-20.3860759493671
18,3885,-69,-30.4156862745098
18,3886,-66,-30.4156862745098
18,3887,-14,-30.4156862745098
18,3888,-32,1.08295964125561
18,3889,-27,-30.4156862745098
18,3890,5,-20.3860759493671
18,3891,0,1.08295964125561
18,3892,49,1.08295964125561
18,3893,40,137.188118811881
18,3894,121,75.9026548672566
18,3895,135,159.830188679245
18,3896,73,-93.2962962962963
18,3897,54,-112.729166666667
18,3898,32,-16.1875
18,3899,3,-25.8888888888889
18,3900,-76,1.08295964125561
18,3901,-29,-58.8627450980392
18,3902,-39,-20.3860759493671
18,3903,-153,-30.4156862745098
18,3904,-44,-30.4156862745098
18,3905,8,-30.4156862745098
18,3906,15,1.08295964125561
18,3907,-51,26.2777777777778
18,3908,-70,-30.4156862745098
18,3909,-54,-30.4156862745098
18,3910,-22,49.5454545454545
18,3911,-6,-20.3860759493671
18,3912,0,1.08295964125561
18,3913,6,1.08295964125561
18,3914,14,1.08295964125561
18,3915,116,75.9026548672566
18,3916,266,189.524752475248
18,3917,198,-93.2962962962963
18,3918,-329,-229.12426035503
18,3919,-63,-154.283870967742
18,3920,47,18.7727272727273
18,3921,25,-9.58333333333333
18,3922,4,-25.8888888888889
18,3923,-2,1.08295964125561
18,3924,-13,1.08295964125561
18,3925,177,104.90990990991
18,3926,407,230.813953488372
18,3927,-15,-93.2962962962963
18,3928,-203,-154.283870967742
18,3929,-183,-118.666666666667
18,3930,-140,18.7727272727273
18,3931,-110,-58.8627450980392
18,3932,-94,-30.4156862745098
18,3933,-66,-30.4156862745098
18,3934,-29,-30.4156862745098
18,3935,-5,6.72727272727273
18,3936,-7,1.08295964125561
18,3937,3,1.08295964125561
18,3938,27,1.08295964125561
18,3939,143,75.9026548672566
18,3940,323,189.524752475248
18,3941,203,-93.2962962962963
18,3942,-378,-229.12426035503
18,3943,-77,-154.283870967742
18,3944,-36,18.7727272727273
18,3945,69,-58.8627450980392
18,3946,-30,-9.58333333333333
18,3947,8,-20.3860759493671
18,3948,45,6.72727272727273
18,3949,139,24.9
18,3950,423,230.813953488372
18,3951,-54,-229.12426035503
18,3952,-204,-154.283870967742
18,3953,-162,-118.666666666667
18,3954,-131,18.7727272727273
18,3955,-93,-58.8627450980392
18,3956,-86,-30.4156862745098
18,3957,-80,-30.4156862745098
18,3958,-35,-30.4156862745098
18,3959,-17,49.5454545454545
18,3960,1,-20.3860759493671
18,3961,0,1.08295964125561
18,3962,36,1.08295964125561
18,3963,130,75.9026548672566
18,3964,309,189.524752475248
18,3965,255,-93.2962962962963
18,3966,-396,-229.12426035503
18,3967,-127,-154.283870967742
18,3968,25,-32.8
18,3969,41,-25.8888888888889
18,3970,33,-25.8888888888889
18,3971,-77,-25.8888888888889
18,3972,42,-30.4156862745098
18,3973,163,24.9
18,3974,417,230.813953488372
18,3975,4,-93.2962962962963
18,3976,-176,-154.283870967742
18,3977,-186,-118.666666666667
18,3978,-119,-58.8627450980392
18,3979,-148,-58.8627450980392
18,3980,-97,-30.4156862745098
18,3981,-69,-30.4156862745098
18,3982,-39,-30.4156862745098
18,3983,-14,49.5454545454545
18,3984,-8,1.08295964125561
18,3985,4,1.08295964125561
18,3986,31,1.08295964125561
18,3987,126,75.9026548672566
18,3988,308,189.524752475248
18,3989,223,-93.2962962962963
18,3990,-345,-229.12426035503
18,3991,-148,-154.283870967742
18,3992,55,-32.8
18,3993,17,-9.58333333333333
18,3994,4,-25.8888888888889
18,3995,-34,1.08295964125561
18,3996,20,-30.4156862745098
18,3997,150,104.90990990991
18,3998,393,230.813953488372
18,3999,1,-93.2962962962963
18,4000,-188,-154.283870967742
18,4001,-145,-118.666666666667
18,4002,-142,-58.8627450980392
18,4003,-77,-58.8627450980392
18,4004,-103,-30.4156862745098
18,4005,-71,-30.4156862745098
18,4006,-44,-30.4156862745098
18,4007,-21,49.5454545454545
18,4008,-11,-20.3860759493671
18,4009,-2,1.08295964125561
18,4010,26,1.08295964125561
18,4011,11,75.9026548672566
18,4012,89,75.9026548672566
18,4013,-14,189.524752475248
18,4014,101,1.08295964125561
18,4015,-27,-26.6
18,4016,58,-20.3860759493671
18,4017,64,-9.58333333333333
18,4018,-25,-9.58333333333333
18,4019,17,-20.3860759493671
18,4020,17,26.2777777777778
18,4021,143,75.9026548672566
18,4022,263,159.830188679245
18,4023,-90,-93.2962962962963
18,4024,-148,-154.283870967742
18,4025,-122,-118.666666666667
18,4026,-84,-58.8627450980392
18,4027,-68,-58.8627450980392
18,4028,-26,-30.4156862745098
18,4029,-12,-20.3860759493671
18,4030,-64,6.72727272727273
18,4031,-31,49.5454545454545
18,4032,-64,-30.4156862745098
18,4033,-11,-30.4156862745098
18,4034,1,1.08295964125561
18,4035,12,1.08295964125561
18,4036,39,75.9026548672566
18,4037,100,75.9026548672566
18,4038,109,159.830188679245
18,4039,136,-26.6
18,4040,92,107.051282051282
18,4041,47,-229.12426035503
18,4042,23,-9.58333333333333
18,4043,-31,-25.8888888888889
18,4044,24,-58.8627450980392
18,4045,-31,-25.8888888888889
18,4046,-19,-30.4156862745098
18,4047,-212,-20.3860759493671
18,4048,-25,-30.4156862745098
18,4049,-115,-20.3860759493671
18,4050,-32,-30.4156862745098
18,4051,40,-30.4156862745098
18,4052,-5,26.2777777777778
18,4053,-43,1.08295964125561
18,4054,-7,49.5454545454545
18,4055,-27,1.08295964125561
18,4056,-38,-20.3860759493671
18,4057,-38,-30.4156862745098
18,4058,0,-30.4156862745098
18,4059,6,1.08295964125561
18,4060,23,1.08295964125561
18,4061,80,75.9026548672566
18,4062,98,159.830188679245
18,4063,111,189.524752475248
18,4064,121,107.051282051282
18,4065,56,-229.12426035503
18,4066,38,-45.1666666666667
18,4067,36,26.2777777777778
18,4068,-2,-25.8888888888889
18,4069,-64,1.08295964125561
18,4070,-8,-58.8627450980392
18,4071,-14,1.08295964125561
18,4072,-26,1.08295964125561
18,4073,-165,6.72727272727273
18,4074,-80,-30.4156862745098
18,4075,-39,-30.4156862745098
18,4076,-71,-30.4156862745098
18,4077,-63,-30.4156862745098
18,4078,-33,-30.4156862745098
18,4079,-5,-30.4156862745098
18,4080,-3,1.08295964125561
18,4081,5,1.08295964125561
18,4082,25,1.08295964125561
18,4083,123,75.9026548672566
18,4084,277,189.524752475248
18,4085,237,-93.2962962962963
18,4086,-368,-229.12426035503
18,4087,-106,-154.283870967742
18,4088,46,-32.8
18,4089,31,-9.58333333333333
18,4090,-22,-25.8888888888889
18,4091,-6,-20.3860759493671
18,4092,26,104.90990990991
18,4093,190,104.90990990991
18,4094,354,230.813953488372
18,4095,-6,-93.2962962962963
18,4096,-257,-154.283870967742
18,4097,-123,-118.666666666667
18,4098,-142,18.7727272727273
18,4099,-98,-58.8627450980392
18,4100,-64,-30.4156862745098
18,4101,-68,-30.4156862745098
18,4102,-33,-30.4156862745098
18,4103,-16,49.5454545454545
18,4104,-8,-20.3860759493671
18,4105,2,1.08295964125561
18,4106,31,1.08295964125561
18,4107,28,75.9026548672566
18,4108,115,75.9026548672566
18,4109,439,189.524752475248
18,4110,-216,-93.2962962962963
18,4111,-194,-154.283870967742
18,4112,-12,-32.8
18,4113,104,1.08295964125561
18,4114,-14,-9.58333333333333
18,4115,-31,1.08295964125561
18,4116,28,-30.4156862745098
18,4117,175,26.2777777777778
18,4118,354,175.085714285714
18,4119,42,-93.2962962962963
18,4120,-227,-154.283870967742
18,4121,-191,-118.666666666667
18,4122,-128,18.7727272727273
18,4123,-119,-58.8627450980392
18,4124,-22,-30.4156862745098
18,4125,-107,-20.3860759493671
18,4126,-23,-30.4156862745098
18,4127,-29,6.72727272727273
18,4128,3,-20.3860759493671
18,4129,-7,1.08295964125561
18,4130,35,1.08295964125561
18,4131,133,75.9026548672566
18,4132,320,189.524752475248
18,4133,190,-93.2962962962963
18,4134,-315,-229.12426035503
18,4135,-134,-112.729166666667
18,4136,2,18.7727272727273
18,4137,72,1.08295964125561
18,4138,-13,-9.58333333333333
18,4139,-39,1.08295964125561
18,4140,11,-30.4156862745098
18,4141,165,104.90990990991
18,4142,420,230.813953488372
18,4143,-3,-93.2962962962963
18,4144,-199,-154.283870967742
18,4145,-222,-118.666666666667
18,4146,-112,18.7727272727273
18,4147,-89,18.7727272727273
18,4148,-88,-30.4156862745098
18,4149,-62,-30.4156862745098
18,4150,-55,-30.4156862745098
18,4151,-6,49.5454545454545
18,4152,-11,1.08295964125561
18,4153,1,1.08295964125561
18,4154,32,1.08295964125561
18,4155,128,75.9026548672566
18,4156,299,189.524752475248
18,4157,218,-93.2962962962963
18,4158,-345,-229.12426035503
18,4159,-138,-154.283870967742
18,4160,75,-32.8
18,4161,69,-9.58333333333333
18,4162,-43,-9.58333333333333
18,4163,-52,-30.4156862745098
18,4164,12,-30.4156862745098
18,4165,159,104.90990990991
18,4166,478,230.813953488372
18,4167,-65,-93.2962962962963
18,4168,-155,-154.283870967742
18,4169,-163,-118.666666666667
18,4170,-158,-58.8627450980392
18,4171,-102,-58.8627450980392
18,4172,-28,-30.4156862745098
18,4173,-138,-20.3860759493671
18,4174,-34,-30.4156862745098
18,4175,-35,49.5454545454545
18,4176,-13,49.5454545454545
18,4177,3,1.08295964125561
18,4178,27,1.08295964125561
18,4179,121,75.9026548672566
18,4180,222,189.524752475248
18,4181,289,-93.2962962962963
18,4182,-290,-229.12426035503
18,4183,-147,-154.283870967742
18,4184,72,-32.8
18,4185,62,-9.58333333333333
18,4186,-8,-9.58333333333333
18,4187,-29,1.08295964125561
18,4188,55,104.90990990991
18,4189,105,24.9
18,4190,303,230.813953488372
18,4191,-122,-117.379310344828
18,4192,-178,-154.283870967742
18,4193,-132,-32.8
18,4194,-104,-58.8627450980392
18,4195,-42,-58.8627450980392
18,4196,-92,-30.4156862745098
18,4197,-16,-30.4156862745098
18,4198,-13,-20.3860759493671
18,4199,-49,6.72727272727273
18,4200,-13,49.5454545454545
18,4201,-17,1.08295964125561
18,4202,-4,-20.3860759493671
18,4203,18,1.08295964125561
18,4204,37,75.9026548672566
18,4205,125,75.9026548672566
18,4206,103,189.524752475248
18,4207,188,-93.2962962962963
18,4208,56,-26.6
18,4209,118,-112.729166666667
18,4210,-10,-9.58333333333333
18,4211,-46,-45.1666666666667
18,4212,-2,-58.8627450980392
18,4213,45,1.08295964125561
18,4214,-6,-9.58333333333333
18,4215,-81,1.08295964125561
18,4216,-66,-30.4156862745098
18,4217,-147,-30.4156862745098
18,4218,-3,-30.4156862745098
18,4219,-77,1.08295964125561
18,4220,-26,-30.4156862745098
18,4221,-48,-20.3860759493671
18,4222,-56,-30.4156862745098
18,4223,-12,-30.4156862745098
18,4224,-64,1.08295964125561
18,4225,-29,-30.4156862745098
18,4226,-15,-20.3860759493671
18,4227,9,-20.3860759493671
18,4228,21,1.08295964125561
18,4229,83,75.9026548672566
18,4230,146,159.830188679245
18,4231,155,-26.6
18,4232,-153,-229.12426035503
18,4233,26,-112.729166666667
18,4234,-136,3.88888888888889
18,4235,-13,-58.8627450980392
18,4236,127,1.08295964125561
18,4237,80,-9.58333333333333
18,4238,-13,-112.729166666667
18,4239,34,104.90990990991
18,4240,-36,174.818181818182
18,4241,-67,49.5454545454545
18,4242,-84,-58.8627450980392
18,4243,-134,-30.4156862745098
18,4244,-10,-30.4156862745098
18,4245,-20,6.72727272727273
18,4246,-16,-20.3860759493671
18,4247,-5,-20.3860759493671
18,4248,-2,1.08295964125561
18,4249,4,1.08295964125561
18,4250,30,1.08295964125561
18,4251,124,75.9026548672566
18,4252,281,159.830188679245
18,4253,213,-93.2962962962963
18,4254,-298,-229.12426035503
18,4255,-164,-154.283870967742
18,4256,48,18.7727272727273
18,4257,41,-9.58333333333333
18,4258,9,-25.8888888888889
18,4259,-16,1.08295964125561
18,4260,34,104.90990990991
18,4261,151,104.90990990991
18,4262,433,230.813953488372
18,4263,-78,-93.2962962962963
18,4264,-516,-154.283870967742
18,4265,-38,-118.666666666667
18,4266,-16,18.7727272727273
18,4267,-84,-20.3860759493671
18,4268,-59,-30.4156862745098
18,4269,-43,-30.4156862745098
18,4270,-26,-30.4156862745098
18,4271,-25,6.72727272727273
18,4272,-5,-20.3860759493671
18,4273,1,1.08295964125561
18,4274,30,1.08295964125561
18,4275,135,75.9026548672566
18,4276,350,189.524752475248
18,4277,204,-93.2962962962963
18,4278,-395,-229.12426035503
18,4279,-150,-154.283870967742
18,4280,78,18.7727272727273
18,4281,49,-9.58333333333333
18,4282,26,-9.58333333333333
18,4283,-29,-25.8888888888889
18,4284,0,104.90990990991
18,4285,165,104.90990990991
18,4286,411,230.813953488372
18,4287,-253,-93.2962962962963
18,4288,-149,-154.283870967742
18,4289,-118,-32.8
18,4290,-78,-58.8627450980392
18,4291,-48,-58.8627450980392
18,4292,-96,-30.4156862745098
18,4293,-81,-30.4156862745098
18,4294,-34,49.5454545454545
18,4295,-4,49.5454545454545
18,4296,-10,1.08295964125561
18,4297,1,1.08295964125561
18,4298,32,1.08295964125561
18,4299,147,75.9026548672566
18,4300,366,189.524752475248
18,4301,187,-93.2962962962963
18,4302,-364,-229.12426035503
18,4303,-151,-112.729166666667
18,4304,42,18.7727272727273
18,4305,45,-9.58333333333333
18,4306,4,-9.58333333333333
18,4307,-50,1.08295964125561
18,4308,50,-30.4156862745098
18,4309,144,24.9
18,4310,323,230.813953488372
18,4311,-100,-229.12426035503
18,4312,-103,-154.283870967742
18,4313,-189,-118.666666666667
18,4314,-40,-58.8627450980392
18,4315,-70,-58.8627450980392
18,4316,-141,-30.4156862745098
18,4317,-80,-30.4156862745098
18,4318,-35,-30.4156862745098
18,4319,-5,-30.4156862745098
18,4320,-11,1.08295964125561
18,4321,-3,1.08295964125561
18,4322,31,1.08295964125561
18,4323,155,75.9026548672566
18,4324,289,212.647058823529
18,4325,226,-93.2962962962963
18,4326,-295,-229.12426035503
18,4327,-179,-154.283870967742
18,4328,45,-32.8
18,4329,54,-9.58333333333333
18,4330,14,-9.58333333333333
18,4331,-41,-25.8888888888889
18,4332,0,-30.4156862745098
18,4333,160,104.90990990991
18,4334,355,230.813953488372
18,4335,121,-93.2962962962963
18,4336,-308,-229.12426035503
18,4337,-159,-45.1666666666667
18,4338,-145,18.7727272727273
18,4339,-131,-58.8627450980392
18,4340,-41,-58.8627450980392
18,4341,-46,-30.4156862745098
18,4342,-69,-30.4156862745098
19,1,-73,-44.7076023391813
19,2,-55,-44.7076023391813
19,3,-5,-44.7076023391813
19,4,-12,4.17725752508361
19,5,-7,-13.6666666666667
19,6,-35,-13.6666666666667
19,7,-23,-2.71830985915493
19,8,-2,-13.6666666666667
19,9,-2,4.17725752508361
19,10,-1,4.17725752508361
19,11,15,4.17725752508361
19,12,74,82
19,13,190,128.179104477612
19,14,248,183.68544600939
19,15,-298,-231.604938271605
19,16,-126,-155.083333333333
19,17,-1,-17.8
19,18,74,4.17725752508361
19,19,5,-22.8297872340426
19,20,-24,4.17725752508361
19,21,16,-13.6666666666667
19,22,112,118.314814814815
19,23,243,238.719298245614
19,24,-2,-126.111111111111
19,25,-193,-155.083333333333
19,26,-115,-112.746268656716
19,27,-24,1.14285714285714
19,28,-103,-13.6666666666667
19,29,-36,-44.7076023391813
19,30,-46,-44.7076023391813
19,31,-4,-2.71830985915493
19,32,-3,7.02631578947368
19,33,3,4.17725752508361
19,34,-4,4.17725752508361
19,35,19,4.17725752508361
19,36,80,82
19,37,224,183.68544600939
19,38,234,140.153846153846
19,39,-327,-231.604938271605
19,40,-100,-155.083333333333
19,41,31,-17.8
19,42,20,14.041095890411
19,43,7,-23.8888888888889
19,44,-56,4.17725752508361
19,45,32,-2.71830985915493
19,46,121,118.314814814815
19,47,243,238.719298245614
19,48,-81,-126.111111111111
19,49,-143,-155.083333333333
19,50,-102,-112.746268656716
19,51,-16,-44.7076023391813
19,52,-87,-13.6666666666667
19,53,-36,-44.7076023391813
19,54,-33,-2.71830985915493
19,55,-26,-2.71830985915493
19,56,-2,7.02631578947368
19,57,-2,4.17725752508361
19,58,27,4.17725752508361
19,59,75,82
19,60,149,183.68544600939
19,61,-137,183.68544600939
19,62,-78,-109.548387096774
19,63,-28,-44.7076023391813
19,64,0,-13.6666666666667
19,65,60,4.17725752508361
19,66,6,-22.8297872340426
19,67,-20,4.17725752508361
19,68,34,-13.6666666666667
19,69,77,118.314814814815
19,70,86,113.455882352941
19,71,-61,8.34375
19,72,-90,-44.7076023391813
19,73,-5,-44.7076023391813
19,74,-58,4.17725752508361
19,75,16,-44.7076023391813
19,76,-22,-23.8888888888889
19,77,-22,-13.6666666666667
19,78,1,-13.6666666666667
19,79,-6,4.17725752508361
19,80,-3,4.17725752508361
19,81,2,4.17725752508361
19,82,13,4.17725752508361
19,83,91,-23.8888888888889
19,84,195,183.68544600939
19,85,290,140.153846153846
19,86,-308,-231.604938271605
19,87,-153,-155.083333333333
19,88,35,-17.8
19,89,52,14.041095890411
19,90,-9,-22.8297872340426
19,91,0,-13.6666666666667
19,92,12,4.17725752508361
19,93,138,118.314814814815
19,94,239,238.719298245614
19,95,-75,-126.111111111111
19,96,-197,-155.083333333333
19,97,-74,-112.746268656716
19,98,-57,1.14285714285714
19,99,-71,-44.7076023391813
19,100,-41,-44.7076023391813
19,101,-39,-2.71830985915493
19,102,-26,-2.71830985915493
19,103,-14,7.02631578947368
19,104,-3,-13.6666666666667
19,105,-1,4.17725752508361
19,106,22,4.17725752508361
19,107,68,82
19,108,170,150.636363636364
19,109,287,183.68544600939
19,110,-235,-231.604938271605
19,111,-182,-155.083333333333
19,112,62,-17.8
19,113,40,-22.8297872340426
19,114,-12,-23.8888888888889
19,115,-17,-13.6666666666667
19,116,-127,-13.6666666666667
19,117,-28,-2.71830985915493
19,118,78,118.314814814815
19,119,32,-22.8297872340426
19,120,14,-23.8888888888889
19,121,-74,-23.8888888888889
19,122,1,-2.71830985915493
19,123,-26,4.17725752508361
19,124,-52,-13.6666666666667
19,125,-1,-44.7076023391813
19,126,22,4.17725752508361
19,127,-6,-23.8888888888889
19,128,-17,4.17725752508361
19,129,-19,-13.6666666666667
19,130,0,-13.6666666666667
19,131,5,4.17725752508361
19,132,9,4.17725752508361
19,133,32,4.17725752508361
19,134,46,-23.8888888888889
19,135,74,113.455882352941
19,136,46,113.455882352941
19,137,85,8.34375
19,138,40,8.34375
19,139,91,14.041095890411
19,140,-31,8.34375
19,141,68,-44.7076023391813
19,142,-82,8.34375
19,143,-82,-44.7076023391813
19,144,-78,-44.7076023391813
19,145,-76,-44.7076023391813
19,146,5,-44.7076023391813
19,147,-20,4.17725752508361
19,148,-28,-13.6666666666667
19,149,-34,-13.6666666666667
19,150,4,-2.71830985915493
19,151,4,4.17725752508361
19,152,-54,4.17725752508361
19,153,-12,-44.7076023391813
19,154,-9,-13.6666666666667
19,155,0,-13.6666666666667
19,156,18,4.17725752508361
19,157,43,82
19,158,52,56.2666666666667
19,159,74,128.179104477612
19,160,64,40.6551724137931
19,161,71,40.6551724137931
19,162,37,8.34375
19,163,-32,14.041095890411
19,164,2,-44.7076023391813
19,165,-35,4.17725752508361
19,166,-36,-44.7076023391813
19,167,-79,-44.7076023391813
19,168,-52,-44.7076023391813
19,169,-44,-44.7076023391813
19,170,-9,-44.7076023391813
19,171,-17,-13.6666666666667
19,172,-36,-13.6666666666667
19,173,-9,-2.71830985915493
19,174,-11,-13.6666666666667
19,175,-2,-13.6666666666667
19,176,-3,4.17725752508361
19,177,0,4.17725752508361
19,178,17,4.17725752508361
19,179,73,82
19,180,169,183.68544600939
19,181,168,128.179104477612
19,182,-231,-231.604938271605
19,183,-111,-109.548387096774
19,184,17,1.14285714285714
19,185,34,14.041095890411
19,186,-17,-23.8888888888889
19,187,8,-13.6666666666667
19,188,2,4.17725752508361
19,189,80,118.314814814815
19,190,177,238.719298245614
19,191,-12,-22.8297872340426
19,192,-149,-109.548387096774
19,193,-47,-44.7076023391813
19,194,-59,-44.7076023391813
19,195,-42,-44.7076023391813
19,196,-47,-44.7076023391813
19,197,-23,-44.7076023391813
19,198,-2,-13.6666666666667
19,199,-2,7.02631578947368
19,200,-3,4.17725752508361
19,201,2,4.17725752508361
19,202,22,4.17725752508361
19,203,77,82
19,204,173,183.68544600939
19,205,226,140.153846153846
19,206,-268,-231.604938271605
19,207,-104,-155.083333333333
19,208,1,-17.8
19,209,8,4.17725752508361
19,210,26,4.17725752508361
19,211,-28,-23.8888888888889
19,212,30,-13.6666666666667
19,213,84,118.314814814815
19,214,196,238.719298245614
19,215,11,-115.617647058824
19,216,-170,-155.083333333333
19,217,-100,-44.7076023391813
19,218,-39,-44.7076023391813
19,219,-42,-44.7076023391813
19,220,-52,-44.7076023391813
19,221,-39,-44.7076023391813
19,222,-10,-2.71830985915493
19,223,-1,7.02631578947368
19,224,-1,4.17725752508361
19,225,0,4.17725752508361
19,226,15,4.17725752508361
19,227,90,82
19,228,236,183.68544600939
19,229,222,134.03125
19,230,-302,-231.604938271605
19,231,-117,-155.083333333333
19,232,14,-17.8
19,233,54,14.041095890411
19,234,-10,-22.8297872340426
19,235,-30,-13.6666666666667
19,236,34,-13.6666666666667
19,237,79,118.314814814815
19,238,324,238.719298245614
19,239,-68,-115.617647058824
19,240,-183,-155.083333333333
19,241,-101,-112.746268656716
19,242,-72,1.14285714285714
19,243,-29,-44.7076023391813
19,244,-97,-13.6666666666667
19,245,-16,-2.71830985915493
19,246,-25,-13.6666666666667
19,247,-10,7.02631578947368
19,248,-8,-13.6666666666667
19,249,-1,-13.6666666666667
19,250,27,4.17725752508361
19,251,80,82
19,252,225,183.68544600939
19,253,251,128.179104477612
19,254,-284,-231.604938271605
19,255,-163,-155.083333333333
19,256,66,-17.8
19,257,47,-22.8297872340426
19,258,-18,-22.8297872340426
19,259,-30,-13.6666666666667
19,260,-18,-13.6666666666667
19,261,157,118.314814814815
19,262,255,238.719298245614
19,263,-7,-126.111111111111
19,264,-174,-155.083333333333
19,265,-114,-112.746268656716
19,266,-69,1.14285714285714
19,267,-80,-44.7076023391813
19,268,-59,-44.7076023391813
19,269,-40,-44.7076023391813
19,270,-28,-2.71830985915493
19,271,-15,7.02631578947368
19,272,-4,-13.6666666666667
19,273,-6,4.17725752508361
19,274,28,4.17725752508361
19,275,56,82
19,276,183,150.636363636364
19,277,233,183.68544600939
19,278,-217,-231.604938271605
19,279,-125,-155.083333333333
19,280,28,-17.8
19,281,14,14.041095890411
19,282,23,-23.8888888888889
19,283,-46,-23.8888888888889
19,284,60,-2.71830985915493
19,285,105,113.455882352941
19,286,223,187.461538461538
19,287,-96,-115.617647058824
19,288,-226,-155.083333333333
19,289,-85,-112.746268656716
19,290,-18,1.14285714285714
19,291,-34,-13.6666666666667
19,292,-21,-44.7076023391813
19,293,-9,-13.6666666666667
19,294,-26,-13.6666666666667
19,295,-9,7.02631578947368
19,296,-26,-13.6666666666667
19,297,-12,-13.6666666666667
19,298,6,-13.6666666666667
19,299,2,4.17725752508361
19,300,28,4.17725752508361
19,301,71,14.041095890411
19,302,37,113.455882352941
19,303,75,14.041095890411
19,304,51,40.6551724137931
19,305,55,8.34375
19,306,28,8.34375
19,307,22,14.041095890411
19,308,27,-23.8888888888889
19,309,-16,-23.8888888888889
19,310,-36,-13.6666666666667
19,311,-57,-44.7076023391813
19,312,-113,-44.7076023391813
19,313,-63,-44.7076023391813
19,314,-11,-44.7076023391813
19,315,-10,-13.6666666666667
19,316,-17,-13.6666666666667
19,317,-14,-13.6666666666667
19,318,-8,-13.6666666666667
19,319,5,-13.6666666666667
19,320,-44,4.17725752508361
19,321,-15,-44.7076023391813
19,322,3,-13.6666666666667
19,323,7,4.17725752508361
19,324,55,4.17725752508361
19,325,18,128.179104477612
19,326,128,14.041095890411
19,327,81,40.6551724137931
19,328,111,-109.548387096774
19,329,54,-115.617647058824
19,330,37,-39.6153846153846
19,331,-14,14.041095890411
19,332,22,-13.6666666666667
19,333,-11,-23.8888888888889
19,334,-109,-13.6666666666667
19,335,-131,-44.7076023391813
19,336,-87,-44.7076023391813
19,337,-24,-44.7076023391813
19,338,-53,-13.6666666666667
19,339,-42,-44.7076023391813
19,340,-28,-2.71830985915493
19,341,-14,-13.6666666666667
19,342,-1,-13.6666666666667
19,343,-7,4.17725752508361
19,344,1,-13.6666666666667
19,345,13,4.17725752508361
19,346,72,82
19,347,180,183.68544600939
19,348,296,183.68544600939
19,349,-283,-231.604938271605
19,350,-144,-155.083333333333
19,351,13,-17.8
19,352,71,14.041095890411
19,353,29,-22.8297872340426
19,354,-29,-23.8888888888889
19,355,12,-13.6666666666667
19,356,99,118.314814814815
19,357,312,238.719298245614
19,358,68,-22.8297872340426
19,359,-266,-155.083333333333
19,360,-160,-112.746268656716
19,361,-81,1.14285714285714
19,362,-72,-44.7076023391813
19,363,-70,-44.7076023391813
19,364,-37,-44.7076023391813
19,365,-10,-2.71830985915493
19,366,-15,7.02631578947368
19,367,1,-13.6666666666667
19,368,-1,4.17725752508361
19,369,23,4.17725752508361
19,370,89,82
19,371,195,183.68544600939
19,372,285,183.68544600939
19,373,-251,-231.604938271605
19,374,-199,-155.083333333333
19,375,76,-17.8
19,376,25,-22.8297872340426
19,377,-11,-23.8888888888889
19,378,-21,-13.6666666666667
19,379,52,-13.6666666666667
19,380,101,113.455882352941
19,381,311,238.719298245614
19,382,58,-115.617647058824
19,383,-255,-155.083333333333
19,384,-128,-112.746268656716
19,385,-107,1.14285714285714
19,386,-74,-44.7076023391813
19,387,-83,-44.7076023391813
19,388,-48,-44.7076023391813
19,389,-12,-2.71830985915493
19,390,-25,7.02631578947368
19,391,2,-13.6666666666667
19,392,1,4.17725752508361
19,393,22,4.17725752508361
19,394,94,82
19,395,247,183.68544600939
19,396,294,134.03125
19,397,-311,-231.604938271605
19,398,-163,-155.083333333333
19,399,32,-17.8
19,400,47,14.041095890411
19,401,-13,-22.8297872340426
19,402,-30,-13.6666666666667
19,403,59,-13.6666666666667
19,404,73,113.455882352941
19,405,426,238.719298245614
19,406,-33,-115.617647058824
19,407,-277,-155.083333333333
19,408,-142,-112.746268656716
19,409,-42,1.14285714285714
19,410,-86,-44.7076023391813
19,411,-111,-44.7076023391813
19,412,-31,-44.7076023391813
19,413,-37,-2.71830985915493
19,414,-4,-2.71830985915493
19,415,-12,4.17725752508361
19,416,7,-13.6666666666667
19,417,12,4.17725752508361
19,418,91,82
19,419,264,183.68544600939
19,420,242,113.455882352941
19,421,-308,-231.604938271605
19,422,-151,-155.083333333333
19,423,47,-17.8
19,424,54,-22.8297872340426
19,425,8,-22.8297872340426
19,426,-15,4.17725752508361
19,427,29,-13.6666666666667
19,428,139,118.314814814815
19,429,287,238.719298245614
19,430,33,-126.111111111111
19,431,-321,-155.083333333333
19,432,-95,-112.746268656716
19,433,-87,1.14285714285714
19,434,-74,-44.7076023391813
19,435,-72,-44.7076023391813
19,436,-40,-44.7076023391813
19,437,-31,-2.71830985915493
19,438,-22,-2.71830985915493
19,439,-1,-13.6666666666667
19,440,0,4.17725752508361
19,441,29,4.17725752508361
19,442,67,82
19,443,179,150.636363636364
19,444,284,183.68544600939
19,445,-250,-231.604938271605
19,446,-132,-155.083333333333
19,447,27,-17.8
19,448,87,14.041095890411
19,449,-34,-22.8297872340426
19,450,-58,-44.7076023391813
19,451,-95,-2.71830985915493
19,452,22,-2.71830985915493
19,453,129,7.02631578947368
19,454,150,-22.8297872340426
19,455,-112,-126.111111111111
19,456,-61,-109.548387096774
19,457,-83,-2.71830985915493
19,458,-4,-44.7076023391813
19,459,-22,4.17725752508361
19,460,-26,-13.6666666666667
19,461,-31,-13.6666666666667
19,462,-27,-44.7076023391813
19,463,-16,7.02631578947368
19,464,-24,-13.6666666666667
19,465,6,-13.6666666666667
19,466,22,4.17725752508361
19,467,56,82
19,468,132,150.636363636364
19,469,103,113.455882352941
19,470,122,-231.604938271605
19,471,142,40.6551724137931
19,472,66,-231.604938271605
19,473,35,-109.548387096774
19,474,4,-23.8888888888889
19,475,-11,4.17725752508361
19,476,6,-13.6666666666667
19,477,-37,118.314814814815
19,478,-88,-44.7076023391813
19,479,-143,-44.7076023391813
19,480,-146,-44.7076023391813
19,481,-48,-44.7076023391813
19,482,-12,-44.7076023391813
19,483,-26,-13.6666666666667
19,484,-78,-13.6666666666667
19,485,6,-2.71830985915493
19,486,-57,4.17725752508361
19,487,-38,-44.7076023391813
19,488,-4,-44.7076023391813
19,489,-8,4.17725752508361
19,490,5,-13.6666666666667
19,491,31,4.17725752508361
19,492,54,82
19,493,82,128.179104477612
19,494,173,113.455882352941
19,495,17,-115.617647058824
19,496,135,-109.548387096774
19,497,41,-115.617647058824
19,498,-23,-109.548387096774
19,499,33,-13.6666666666667
19,500,-13,-23.8888888888889
19,501,0,-13.6666666666667
19,502,-82,4.17725752508361
19,503,-107,-44.7076023391813
19,504,-154,-44.7076023391813
19,505,-25,-44.7076023391813
19,506,-73,-13.6666666666667
19,507,-54,-44.7076023391813
19,508,-23,-2.71830985915493
19,509,-8,-13.6666666666667
19,510,-7,-13.6666666666667
19,511,-6,-13.6666666666667
19,512,1,4.17725752508361
19,513,28,4.17725752508361
19,514,89,82
19,515,234,183.68544600939
19,516,225,134.03125
19,517,-248,-231.604938271605
19,518,-147,-155.083333333333
19,519,17,-17.8
19,520,81,14.041095890411
19,521,-19,-22.8297872340426
19,522,-3,-13.6666666666667
19,523,26,4.17725752508361
19,524,99,118.314814814815
19,525,336,238.719298245614
19,526,80,-115.617647058824
19,527,-252,-155.083333333333
19,528,-219,-112.746268656716
19,529,-107,1.14285714285714
19,530,-75,1.14285714285714
19,531,-94,-44.7076023391813
19,532,-25,-44.7076023391813
19,533,-14,-13.6666666666667
19,534,-5,7.02631578947368
19,535,-7,4.17725752508361
19,536,3,-13.6666666666667
19,537,14,4.17725752508361
19,538,80,82
19,539,70,183.68544600939
19,540,346,183.68544600939
19,541,-191,-115.617647058824
19,542,-162,-155.083333333333
19,543,67,-17.8
19,544,31,-22.8297872340426
19,545,23,14.041095890411
19,546,-36,-23.8888888888889
19,547,-4,-2.71830985915493
19,548,187,4.17725752508361
19,549,319,187.461538461538
19,550,51,-126.111111111111
19,551,-246,-155.083333333333
19,552,-178,-112.746268656716
19,553,-100,1.14285714285714
19,554,-89,1.14285714285714
19,555,-98,-44.7076023391813
19,556,-57,-44.7076023391813
19,557,-7,-2.71830985915493
19,558,-16,7.02631578947368
19,559,-2,-13.6666666666667
19,560,-4,4.17725752508361
19,561,35,4.17725752508361
19,562,110,82
19,563,223,183.68544600939
19,564,163,134.03125
19,565,-242,-231.604938271605
19,566,-139,-109.548387096774
19,567,38,1.14285714285714
19,568,37,14.041095890411
19,569,74,-23.8888888888889
19,570,-78,8.34375
19,571,18,-2.71830985915493
19,572,135,118.314814814815
19,573,351,238.719298245614
19,574,50,-126.111111111111
19,575,-197,-155.083333333333
19,576,-208,-112.746268656716
19,577,-123,1.14285714285714
19,578,-54,1.14285714285714
19,579,-72,-44.7076023391813
19,580,-84,-44.7076023391813
19,581,-11,-2.71830985915493
19,582,-24,7.02631578947368
19,583,1,-13.6666666666667
19,584,-1,4.17725752508361
19,585,28,4.17725752508361
19,586,102,82
19,587,225,183.68544600939
19,588,288,134.03125
19,589,-331,-231.604938271605
19,590,-176,-155.083333333333
19,591,77,-17.8
19,592,53,-22.8297872340426
19,593,26,-22.8297872340426
19,594,-41,-23.8888888888889
19,595,47,-2.71830985915493
19,596,121,113.455882352941
19,597,385,238.719298245614
19,598,-9,-126.111111111111
19,599,-215,-155.083333333333
19,600,-162,-112.746268656716
19,601,-50,1.14285714285714
19,602,-154,-44.7076023391813
19,603,-69,-44.7076023391813
19,604,-56,-44.7076023391813
19,605,-45,-2.71830985915493
19,606,-18,-2.71830985915493
19,607,-22,-13.6666666666667
19,608,-7,-13.6666666666667
19,609,31,-13.6666666666667
19,610,82,82
19,611,230,96.3
19,612,316,134.03125
19,613,-282,-231.604938271605
19,614,-105,-155.083333333333
19,615,43,-17.8
19,616,153,-22.8297872340426
19,617,-43,-22.8297872340426
19,618,4,-109.548387096774
19,619,40,4.17725752508361
19,620,117,118.314814814815
19,621,368,238.719298245614
19,622,-127,-126.111111111111
19,623,-144,-155.083333333333
19,624,-241,-17.8
19,625,-161,-44.7076023391813
19,626,-13,1.14285714285714
19,627,-95,-13.6666666666667
19,628,-20,-2.71830985915493
19,629,-28,-13.6666666666667
19,630,-59,118.314814814815
19,631,-37,-2.71830985915493
19,632,-25,-44.7076023391813
19,633,-3,-13.6666666666667
19,634,24,4.17725752508361
19,635,42,82
19,636,84,150.636363636364
19,637,95,183.68544600939
19,638,96,40.6551724137931
19,639,-72,40.6551724137931
19,640,-90,-44.7076023391813
19,641,13,-44.7076023391813
19,642,27,-23.8888888888889
19,643,67,-23.8888888888889
19,644,-113,-22.8297872340426
19,645,-62,-2.71830985915493
19,646,22,-2.71830985915493
19,647,-4,82
19,648,-22,4.17725752508361
19,649,-7,-13.6666666666667
19,650,-21,-13.6666666666667
19,651,22,-13.6666666666667
19,652,-25,82
19,653,9,-13.6666666666667
19,654,-54,4.17725752508361
19,655,-17,-44.7076023391813
19,656,-10,-13.6666666666667
19,657,-2,-13.6666666666667
19,658,12,4.17725752508361
19,659,21,-23.8888888888889
19,660,50,82
19,661,29,128.179104477612
19,662,132,82
19,663,73,40.6551724137931
19,664,37,-109.548387096774
19,665,7,14.041095890411
19,666,47,4.17725752508361
19,667,7,8.34375
19,668,71,4.17725752508361
19,669,-73,8.34375
19,670,72,-44.7076023391813
19,671,-116,8.34375
19,672,-116,-44.7076023391813
19,673,-110,-44.7076023391813
19,674,-38,-44.7076023391813
19,675,-46,-2.71830985915493
19,676,-32,-44.7076023391813
19,677,-5,-2.71830985915493
19,678,-8,4.17725752508361
19,679,-19,-13.6666666666667
19,680,3,-13.6666666666667
19,681,32,4.17725752508361
19,682,81,82
19,683,253,183.68544600939
19,684,287,-115.617647058824
19,685,-375,-231.604938271605
19,686,-129,-155.083333333333
19,687,25,-17.8
19,688,101,14.041095890411
19,689,22,-22.8297872340426
19,690,-84,-23.8888888888889
19,691,6,-2.71830985915493
19,692,82,118.314814814815
19,693,359,238.719298245614
19,694,20,-22.8297872340426
19,695,-226,-155.083333333333
19,696,-237,-112.746268656716
19,697,-35,1.14285714285714
19,698,-93,1.14285714285714
19,699,-45,-44.7076023391813
19,700,-38,-44.7076023391813
19,701,-5,-2.71830985915493
19,702,2,7.02631578947368
19,703,-3,4.17725752508361
19,704,-1,4.17725752508361
19,705,14,4.17725752508361
19,706,84,82
19,707,185,183.68544600939
19,708,295,140.153846153846
19,709,-314,-231.604938271605
19,710,-129,-155.083333333333
19,711,37,-17.8
19,712,45,14.041095890411
19,713,-9,-22.8297872340426
19,714,-27,-13.6666666666667
19,715,16,-13.6666666666667
19,716,105,118.314814814815
19,717,309,238.719298245614
19,718,30,-22.8297872340426
19,719,-227,-155.083333333333
19,720,-123,-112.746268656716
19,721,-73,1.14285714285714
19,722,-87,-44.7076023391813
19,723,-70,-44.7076023391813
19,724,-34,-44.7076023391813
19,725,-22,-2.71830985915493
19,726,-5,7.02631578947368
19,727,2,4.17725752508361
19,728,-4,4.17725752508361
19,729,39,4.17725752508361
19,730,75,82
19,731,243,183.68544600939
19,732,300,134.03125
19,733,-344,-231.604938271605
19,734,-141,-155.083333333333
19,735,49,-17.8
19,736,46,-22.8297872340426
19,737,5,-22.8297872340426
19,738,-52,4.17725752508361
19,739,-22,-2.71830985915493
19,740,22,118.314814814815
19,741,383,118.314814814815
19,742,37,-22.8297872340426
19,743,-185,-155.083333333333
19,744,-94,-112.746268656716
19,745,-101,1.14285714285714
19,746,-89,-44.7076023391813
19,747,-79,-44.7076023391813
19,748,-45,-44.7076023391813
19,749,-15,-2.71830985915493
19,750,-27,7.02631578947368
19,751,-1,-13.6666666666667
19,752,4,4.17725752508361
19,753,23,4.17725752508361
19,754,85,82
19,755,250,183.68544600939
19,756,287,113.455882352941
19,757,-333,-231.604938271605
19,758,-155,-155.083333333333
19,759,54,-17.8
19,760,72,-22.8297872340426
19,761,-19,-22.8297872340426
19,762,-35,-13.6666666666667
19,763,69,-2.71830985915493
19,764,81,113.455882352941
19,765,315,238.719298245614
19,766,-22,-115.617647058824
19,767,-213,-155.083333333333
19,768,-133,-112.746268656716
19,769,-111,1.14285714285714
19,770,-72,-44.7076023391813
19,771,-58,-44.7076023391813
19,772,-35,-44.7076023391813
19,773,-32,-2.71830985915493
19,774,-20,-2.71830985915493
19,775,0,-13.6666666666667
19,776,-5,4.17725752508361
19,777,24,4.17725752508361
19,778,60,82
19,779,203,150.636363636364
19,780,304,134.03125
19,781,-272,-231.604938271605
19,782,-134,-155.083333333333
19,783,14,-17.8
19,784,69,14.041095890411
19,785,-28,-22.8297872340426
19,786,-13,-13.6666666666667
19,787,51,-13.6666666666667
19,788,87,113.455882352941
19,789,239,238.719298245614
19,790,-46,-115.617647058824
19,791,-165,-155.083333333333
19,792,-186,-112.746268656716
19,793,11,-44.7076023391813
19,794,-67,82
19,795,-30,-44.7076023391813
19,796,-31,-13.6666666666667
19,797,-10,-2.71830985915493
19,798,-13,7.02631578947368
19,799,-38,-13.6666666666667
19,800,-23,-2.71830985915493
19,801,-3,-13.6666666666667
19,802,18,4.17725752508361
19,803,21,82
19,804,101,82
19,805,78,128.179104477612
19,806,90,113.455882352941
19,807,150,40.6551724137931
19,808,158,-115.617647058824
19,809,17,-231.604938271605
19,810,-87,-109.548387096774
19,811,54,-44.7076023391813
19,812,-70,-22.8297872340426
19,813,8,-44.7076023391813
19,814,-202,4.17725752508361
19,815,-57,-44.7076023391813
19,816,-76,-2.71830985915493
19,817,-65,-44.7076023391813
19,818,13,-2.71830985915493
19,819,-44,76.7058823529412
19,820,-45,-2.71830985915493
19,821,-5,-44.7076023391813
19,822,19,4.17725752508361
19,823,-56,82
19,824,-13,-44.7076023391813
19,825,6,-13.6666666666667
19,826,79,4.17725752508361
19,827,-13,183.68544600939
19,828,41,-13.6666666666667
19,829,150,8.34375
19,830,85,113.455882352941
19,831,91,-126.111111111111
19,832,-6,8.34375
19,833,19,4.17725752508361
19,834,97,-23.8888888888889
19,835,12,-22.8297872340426
19,836,-62,-23.8888888888889
19,837,44,-44.7076023391813
19,838,-123,56.2666666666667
19,839,-86,-44.7076023391813
19,840,-114,-44.7076023391813
19,841,-98,-44.7076023391813
19,842,-66,-44.7076023391813
19,843,-5,-44.7076023391813
19,844,-46,4.17725752508361
19,845,-12,-2.71830985915493
19,846,0,-13.6666666666667
19,847,-1,4.17725752508361
19,848,20,4.17725752508361
19,849,86,82
19,850,196,140.153846153846
19,851,283,128.179104477612
19,852,-272,-231.604938271605
19,853,-113,-155.083333333333
19,854,5,-17.8
19,855,72,4.17725752508361
19,856,0,-22.8297872340426
19,857,-13,4.17725752508361
19,858,56,-13.6666666666667
19,859,71,113.455882352941
19,860,334,238.719298245614
19,861,-111,-115.617647058824
19,862,-124,-155.083333333333
19,863,-165,-17.8
19,864,-91,-44.7076023391813
19,865,-115,-44.7076023391813
19,866,-57,-44.7076023391813
19,867,-33,-2.71830985915493
19,868,-22,-2.71830985915493
19,869,-6,7.02631578947368
19,870,-2,4.17725752508361
19,871,-2,4.17725752508361
19,872,26,4.17725752508361
19,873,73,82
19,874,241,96.3
19,875,263,134.03125
19,876,-196,-231.604938271605
19,877,-189,-155.083333333333
19,878,39,-17.8
19,879,73,14.041095890411
19,880,14,-22.8297872340426
19,881,-34,-23.8888888888889
19,882,5,-2.71830985915493
19,883,169,118.314814814815
19,884,272,187.461538461538
19,885,43,-126.111111111111
19,886,-242,-155.083333333333
19,887,-179,-112.746268656716
19,888,-136,1.14285714285714
19,889,-85,1.14285714285714
19,890,-79,-44.7076023391813
19,891,-38,-44.7076023391813
19,892,-30,-2.71830985915493
19,893,-6,7.02631578947368
19,894,-2,4.17725752508361
19,895,-2,4.17725752508361
19,896,26,4.17725752508361
19,897,99,82
19,898,240,183.68544600939
19,899,318,134.03125
19,900,-321,-231.604938271605
19,901,-196,-155.083333333333
19,902,46,-17.8
19,903,70,-22.8297872340426
19,904,-32,-22.8297872340426
19,905,7,-44.7076023391813
19,906,10,4.17725752508361
19,907,122,118.314814814815
19,908,354,238.719298245614
19,909,15,-126.111111111111
19,910,-265,-155.083333333333
19,911,-122,-112.746268656716
19,912,-74,1.14285714285714
19,913,-117,-44.7076023391813
19,914,-50,-44.7076023391813
19,915,-86,-44.7076023391813
19,916,-32,-2.71830985915493
19,917,5,-2.71830985915493
19,918,-13,4.17725752508361
19,919,-4,-13.6666666666667
19,920,28,4.17725752508361
19,921,97,82
19,922,228,96.3
19,923,284,134.03125
19,924,-287,-231.604938271605
19,925,-105,-155.083333333333
19,926,22,-17.8
19,927,8,14.041095890411
19,928,15,4.17725752508361
19,929,-4,-23.8888888888889
19,930,-18,4.17725752508361
19,931,133,118.314814814815
19,932,420,238.719298245614
19,933,-124,-126.111111111111
19,934,-211,-155.083333333333
19,935,-175,-17.8
19,936,-78,1.14285714285714
19,937,-85,1.14285714285714
19,938,-13,-44.7076023391813
19,939,-75,-13.6666666666667
19,940,-23,-2.71830985915493
19,941,-27,7.02631578947368
19,942,-3,-13.6666666666667
19,943,-3,4.17725752508361
19,944,18,4.17725752508361
19,945,57,82
19,946,166,128.179104477612
19,947,262,183.68544600939
19,948,-132,-231.604938271605
19,949,-138,-155.083333333333
19,950,53,-17.8
19,951,46,-22.8297872340426
19,952,74,-22.8297872340426
19,953,79,8.34375
19,954,47,8.34375
19,955,-1,40.6551724137931
19,956,119,118.314814814815
19,957,-171,-115.617647058824
19,958,-72,-39.6153846153846
19,959,-160,-44.7076023391813
19,960,-62,-44.7076023391813
19,961,-32,-44.7076023391813
19,962,-45,-44.7076023391813
19,963,-19,-2.71830985915493
19,964,-25,-13.6666666666667
19,965,-33,-13.6666666666667
19,966,-8,-44.7076023391813
19,967,-21,-13.6666666666667
19,968,-5,-13.6666666666667
19,969,17,4.17725752508361
19,970,35,82
19,971,69,82
19,972,153,150.636363636364
19,973,87,40.6551724137931
19,974,132,-231.604938271605
19,975,95,-115.617647058824
19,976,53,-231.604938271605
19,977,-65,8.34375
19,978,48,-44.7076023391813
19,979,-11,8.34375
19,980,-48,-13.6666666666667
19,981,-50,-44.7076023391813
19,982,-104,-44.7076023391813
19,983,-205,-2.71830985915493
19,984,26,-44.7076023391813
19,985,-52,82
19,986,-64,-44.7076023391813
19,987,-33,-44.7076023391813
19,988,-21,-2.71830985915493
19,989,-32,-13.6666666666667
19,990,-6,-44.7076023391813
19,991,-19,4.17725752508361
19,992,5,-13.6666666666667
19,993,16,4.17725752508361
19,994,9,82
19,995,47,4.17725752508361
19,996,95,113.455882352941
19,997,120,140.153846153846
19,998,105,40.6551724137931
19,999,53,-231.604938271605
19,1000,26,8.34375
19,1001,20,-23.8888888888889
19,1002,-17,14.041095890411
19,1003,-10,-13.6666666666667
19,1004,-65,-13.6666666666667
19,1005,-101,-44.7076023391813
19,1006,-34,-44.7076023391813
19,1007,-65,-44.7076023391813
19,1008,-81,-44.7076023391813
19,1009,-12,-44.7076023391813
19,1010,-67,-13.6666666666667
19,1011,-14,-2.71830985915493
19,1012,-21,-13.6666666666667
19,1013,-10,-13.6666666666667
19,1014,-3,-13.6666666666667
19,1015,2,4.17725752508361
19,1016,27,4.17725752508361
19,1017,79,82
19,1018,220,183.68544600939
19,1019,286,128.179104477612
19,1020,-331,-231.604938271605
19,1021,-108,-155.083333333333
19,1022,45,-17.8
19,1023,57,-22.8297872340426
19,1024,1,-22.8297872340426
19,1025,-63,4.17725752508361
19,1026,37,-2.71830985915493
19,1027,136,118.314814814815
19,1028,241,238.719298245614
19,1029,14,-126.111111111111
19,1030,-225,-155.083333333333
19,1031,-145,-112.746268656716
19,1032,-111,1.14285714285714
19,1033,-57,-44.7076023391813
19,1034,-41,-44.7076023391813
19,1035,-41,-44.7076023391813
19,1036,-17,-2.71830985915493
19,1037,-7,7.02631578947368
19,1038,0,-13.6666666666667
19,1039,0,4.17725752508361
19,1040,22,4.17725752508361
19,1041,79,82
19,1042,281,183.68544600939
19,1043,308,134.03125
19,1044,-373,-231.604938271605
19,1045,-138,-155.083333333333
19,1046,58,-17.8
19,1047,20,-22.8297872340426
19,1048,24,-23.8888888888889
19,1049,-59,-23.8888888888889
19,1050,-21,-2.71830985915493
19,1051,159,118.314814814815
19,1052,382,238.719298245614
19,1053,-40,-126.111111111111
19,1054,-225,-155.083333333333
19,1055,-197,-112.746268656716
19,1056,-76,1.14285714285714
19,1057,-79,1.14285714285714
19,1058,-65,-44.7076023391813
19,1059,-32,-44.7076023391813
19,1060,-18,-2.71830985915493
19,1061,-10,7.02631578947368
19,1062,0,-13.6666666666667
19,1063,25,4.17725752508361
19,1064,79,82
19,1065,215,183.68544600939
19,1066,274,134.03125
19,1067,-293,-231.604938271605
19,1068,-149,-155.083333333333
19,1069,27,-17.8
19,1070,2,14.041095890411
19,1071,-19,4.17725752508361
19,1072,-28,-13.6666666666667
19,1073,67,-13.6666666666667
19,1074,105,128.179104477612
19,1075,272,238.719298245614
19,1076,6,-115.617647058824
19,1077,-201,-155.083333333333
19,1078,-149,-112.746268656716
19,1079,-70,1.14285714285714
19,1080,-31,-44.7076023391813
19,1081,-73,-44.7076023391813
19,1082,-38,-44.7076023391813
19,1083,-14,-2.71830985915493
19,1084,-5,7.02631578947368
19,1085,1,4.17725752508361
19,1086,-4,4.17725752508361
19,1087,20,4.17725752508361
19,1088,75,82
19,1089,210,183.68544600939
19,1090,318,134.03125
19,1091,-337,-231.604938271605
19,1092,-146,-155.083333333333
19,1093,83,-17.8
19,1094,35,-22.8297872340426
19,1095,-56,-23.8888888888889
19,1096,21,-44.7076023391813
19,1097,-13,-23.8888888888889
19,1098,142,118.314814814815
19,1099,303,238.719298245614
19,1100,-46,-126.111111111111
19,1101,-177,-155.083333333333
19,1102,-153,-112.746268656716
19,1103,-93,1.14285714285714
19,1104,-29,-44.7076023391813
19,1105,-64,-13.6666666666667
19,1106,-39,-44.7076023391813
19,1107,-25,-2.71830985915493
19,1108,-19,7.02631578947368
19,1109,0,-13.6666666666667
19,1110,-6,4.17725752508361
19,1111,16,4.17725752508361
19,1112,63,82
19,1113,212,150.636363636364
19,1114,267,134.03125
19,1115,-233,-231.604938271605
19,1116,-138,-155.083333333333
19,1117,41,-17.8
19,1118,89,-22.8297872340426
19,1119,36,-22.8297872340426
19,1120,-10,-23.8888888888889
19,1121,4,-13.6666666666667
19,1122,111,118.314814814815
19,1123,275,238.719298245614
19,1124,-67,-126.111111111111
19,1125,-244,-155.083333333333
19,1126,-141,-112.746268656716
19,1127,-97,1.14285714285714
19,1128,26,-44.7076023391813
19,1129,-17,14.041095890411
19,1130,-102,-13.6666666666667
19,1131,-26,-2.71830985915493
19,1132,-14,118.314814814815
19,1133,-24,-13.6666666666667
19,1134,-18,-13.6666666666667
19,1135,-7,-13.6666666666667
19,1136,14,-13.6666666666667
19,1137,43,82
19,1138,96,150.636363636364
19,1139,105,183.68544600939
19,1140,141,40.6551724137931
19,1141,158,40.6551724137931
19,1142,114,-231.604938271605
19,1143,0,-231.604938271605
19,1144,-18,-39.6153846153846
19,1145,-2,-13.6666666666667
19,1146,-76,4.17725752508361
19,1147,-22,-44.7076023391813
19,1148,-79,-13.6666666666667
19,1149,-22,-44.7076023391813
19,1150,-138,7.02631578947368
19,1151,-101,-44.7076023391813
19,1152,-8,-2.71830985915493
19,1153,-16,-13.6666666666667
19,1154,-72,-13.6666666666667
19,1155,-18,-44.7076023391813
19,1156,-32,-13.6666666666667
19,1157,-29,-2.71830985915493
19,1158,-33,-13.6666666666667
19,1159,-2,-44.7076023391813
19,1160,6,4.17725752508361
19,1161,30,4.17725752508361
19,1162,51,82
19,1163,154,150.636363636364
19,1164,170,113.455882352941
19,1165,107,-231.604938271605
19,1166,107,-231.604938271605
19,1167,46,-115.617647058824
19,1168,-53,8.34375
19,1169,-11,-44.7076023391813
19,1170,-1,-13.6666666666667
19,1171,7,4.17725752508361
19,1172,-144,7.02631578947368
19,1173,-100,-44.7076023391813
19,1174,-88,-44.7076023391813
19,1175,-62,-44.7076023391813
19,1176,-95,-44.7076023391813
19,1177,-44,-44.7076023391813
19,1178,-49,-2.71830985915493
19,1179,-13,-2.71830985915493
19,1180,-14,-13.6666666666667
19,1181,-6,-13.6666666666667
19,1182,-2,4.17725752508361
19,1183,32,4.17725752508361
19,1184,95,82
19,1185,254,183.68544600939
19,1186,210,134.03125
19,1187,-300,-231.604938271605
19,1188,-73,-155.083333333333
19,1189,27,-17.8
19,1190,20,14.041095890411
19,1191,-8,-23.8888888888889
19,1192,25,-13.6666666666667
19,1193,-13,-23.8888888888889
19,1194,83,118.314814814815
19,1195,354,238.719298245614
19,1196,-36,-22.8297872340426
19,1197,-154,-155.083333333333
19,1198,-147,-112.746268656716
19,1199,-104,-44.7076023391813
19,1200,-57,-44.7076023391813
19,1201,-93,-44.7076023391813
19,1202,-78,-44.7076023391813
19,1203,-32,-2.71830985915493
19,1204,-7,-2.71830985915493
19,1205,2,-13.6666666666667
19,1206,3,4.17725752508361
19,1207,21,4.17725752508361
19,1208,114,82
19,1209,317,183.68544600939
19,1210,212,-126.111111111111
19,1211,-273,-231.604938271605
19,1212,-183,-155.083333333333
19,1213,22,-17.8
19,1214,5,14.041095890411
19,1215,-5,4.17725752508361
19,1216,18,4.17725752508361
19,1217,51,-23.8888888888889
19,1218,62,113.455882352941
19,1219,411,238.719298245614
19,1220,-6,-115.617647058824
19,1221,-238,-155.083333333333
19,1222,-135,-112.746268656716
19,1223,-105,1.14285714285714
19,1224,-135,-44.7076023391813
19,1225,-80,-44.7076023391813
19,1226,-44,-44.7076023391813
19,1227,-24,-2.71830985915493
19,1228,-5,7.02631578947368
19,1229,-3,4.17725752508361
19,1230,1,4.17725752508361
19,1231,27,4.17725752508361
19,1232,100,82
19,1233,284,96.3
19,1234,158,134.03125
19,1235,-311,-231.604938271605
19,1236,-118,-109.548387096774
19,1237,-28,1.14285714285714
19,1238,-9,-13.6666666666667
19,1239,-46,-13.6666666666667
19,1240,-13,-44.7076023391813
19,1241,47,-13.6666666666667
19,1242,137,128.179104477612
19,1243,253,238.719298245614
19,1244,17,-126.111111111111
19,1245,-137,-155.083333333333
19,1246,-108,-112.746268656716
19,1247,-71,-44.7076023391813
19,1248,-27,-44.7076023391813
19,1249,-92,-13.6666666666667
19,1250,-45,-44.7076023391813
19,1251,-12,-2.71830985915493
19,1252,-7,7.02631578947368
19,1253,-2,-13.6666666666667
19,1254,0,4.17725752508361
19,1255,26,4.17725752508361
19,1256,90,82
19,1257,286,183.68544600939
19,1258,271,134.03125
19,1259,-376,-231.604938271605
19,1260,-112,-155.083333333333
19,1261,40,-17.8
19,1262,35,14.041095890411
19,1263,-26,-23.8888888888889
19,1264,-1,-13.6666666666667
19,1265,25,4.17725752508361
19,1266,125,118.314814814815
19,1267,361,238.719298245614
19,1268,28,-126.111111111111
19,1269,-190,-155.083333333333
19,1270,-182,-112.746268656716
19,1271,-137,1.14285714285714
19,1272,-19,1.14285714285714
19,1273,-104,-13.6666666666667
19,1274,-80,-44.7076023391813
19,1275,-39,-2.71830985915493
19,1276,-4,-2.71830985915493
19,1277,-11,4.17725752508361
19,1278,-7,-13.6666666666667
19,1279,22,-13.6666666666667
19,1280,88,82
19,1281,246,183.68544600939
19,1282,341,134.03125
19,1283,-341,-231.604938271605
19,1284,-122,-155.083333333333
19,1285,17,-17.8
19,1286,108,14.041095890411
19,1287,19,-22.8297872340426
19,1288,13,-23.8888888888889
19,1289,13,-23.8888888888889
19,1290,173,118.314814814815
19,1291,239,238.719298245614
19,1292,-151,-126.111111111111
19,1293,-176,-155.083333333333
19,1294,-151,-17.8
19,1295,-54,1.14285714285714
19,1296,-85,-44.7076023391813
19,1297,-15,-44.7076023391813
19,1298,-45,-13.6666666666667
19,1299,-54,-2.71830985915493
19,1300,-7,-2.71830985915493
19,1301,-52,-13.6666666666667
19,1302,-20,-2.71830985915493
19,1303,-8,-13.6666666666667
19,1304,30,-13.6666666666667
19,1305,45,82
19,1306,125,150.636363636364
19,1307,130,183.68544600939
19,1308,151,-126.111111111111
19,1309,126,-231.604938271605
19,1310,32,-231.604938271605
19,1311,9,-39.6153846153846
19,1312,-40,4.17725752508361
19,1313,19,-44.7076023391813
19,1314,11,-23.8888888888889
19,1315,-71,-23.8888888888889
19,1316,-152,-44.7076023391813
19,1317,-362,-44.7076023391813
19,1318,-15,-44.7076023391813
19,1319,63,-13.6666666666667
19,1320,8,-22.8297872340426
19,1321,-19,4.17725752508361
19,1322,26,-13.6666666666667
19,1323,-44,82
19,1324,-17,-44.7076023391813
19,1325,-16,-13.6666666666667
19,1326,-33,-13.6666666666667
19,1327,-1,-44.7076023391813
19,1328,6,4.17725752508361
19,1329,12,4.17725752508361
19,1330,27,76.7058823529412
19,1331,28,82
19,1332,-11,82
19,1333,9,-13.6666666666667
19,1334,-16,4.17725752508361
19,1335,-9,-13.6666666666667
19,1336,1,-13.6666666666667
19,1337,-15,4.17725752508361
19,1338,-2,-13.6666666666667
19,1339,-9,4.17725752508361
19,1340,12,-13.6666666666667
19,1341,-4,14.041095890411
19,1342,0,4.17725752508361
19,1343,-24,4.17725752508361
19,1344,2,-13.6666666666667
19,1345,4,4.17725752508361
19,1346,-11,4.17725752508361
19,1347,-4,-13.6666666666667
19,1348,2,4.17725752508361
19,1349,-3,4.17725752508361
19,1350,2,4.17725752508361
19,1351,11,4.17725752508361
19,1352,31,14.041095890411
19,1353,162,14.041095890411
19,1354,275,140.153846153846
19,1355,-210,-126.111111111111
19,1356,-172,-155.083333333333
19,1357,1,-17.8
19,1358,28,4.17725752508361
19,1359,-22,14.041095890411
19,1360,7,-13.6666666666667
19,1361,-2,4.17725752508361
19,1362,-9,118.314814814815
19,1363,129,7.02631578947368
19,1364,147,-22.8297872340426
19,1365,-81,-126.111111111111
19,1366,-95,-109.548387096774
19,1367,-51,-44.7076023391813
19,1368,-63,-44.7076023391813
19,1369,-30,-44.7076023391813
19,1370,-46,-13.6666666666667
19,1371,-6,-2.71830985915493
19,1372,-4,7.02631578947368
19,1373,-1,7.02631578947368
19,1374,1,4.17725752508361
19,1375,19,4.17725752508361
19,1376,98,82
19,1377,270,183.68544600939
19,1378,221,140.153846153846
19,1379,-303,-231.604938271605
19,1380,-146,-155.083333333333
19,1381,22,-17.8
19,1382,40,14.041095890411
19,1383,0,-23.8888888888889
19,1384,-8,4.17725752508361
19,1385,20,-13.6666666666667
19,1386,126,118.314814814815
19,1387,329,238.719298245614
19,1388,-59,-126.111111111111
19,1389,-150,-155.083333333333
19,1390,-197,-112.746268656716
19,1391,-59,-44.7076023391813
19,1392,-69,1.14285714285714
19,1393,-84,-44.7076023391813
19,1394,-37,-44.7076023391813
19,1395,-11,-2.71830985915493
19,1396,-18,7.02631578947368
19,1397,-4,-13.6666666666667
19,1398,3,4.17725752508361
19,1399,18,4.17725752508361
19,1400,82,82
19,1401,283,183.68544600939
19,1402,265,134.03125
19,1403,-333,-231.604938271605
19,1404,-139,-155.083333333333
19,1405,37,-17.8
19,1406,50,14.041095890411
19,1407,-41,-22.8297872340426
19,1408,-5,-44.7076023391813
19,1409,6,4.17725752508361
19,1410,147,118.314814814815
19,1411,356,238.719298245614
19,1412,-23,-126.111111111111
19,1413,-166,-155.083333333333
19,1414,-163,-112.746268656716
19,1415,-141,-44.7076023391813
19,1416,-47,-44.7076023391813
19,1417,-88,-44.7076023391813
19,1418,-61,-44.7076023391813
19,1419,-20,-2.71830985915493
19,1420,-10,7.02631578947368
19,1421,-7,-13.6666666666667
19,1422,-3,-13.6666666666667
19,1423,14,4.17725752508361
19,1424,110,82
19,1425,98,183.68544600939
19,1426,137,183.68544600939
19,1427,-161,40.6551724137931
19,1428,-62,-109.548387096774
19,1429,12,-44.7076023391813
19,1430,53,14.041095890411
19,1431,-7,-22.8297872340426
19,1432,-28,-13.6666666666667
19,1433,35,-13.6666666666667
19,1434,114,76.7058823529412
19,1435,296,259.882352941176
19,1436,50,-126.111111111111
19,1437,-200,-155.083333333333
19,1438,-127,-112.746268656716
19,1439,-87,1.14285714285714
19,1440,-67,-44.7076023391813
19,1441,-71,-44.7076023391813
19,1442,-39,-44.7076023391813
19,1443,-38,-2.71830985915493
19,1444,-13,-2.71830985915493
19,1445,-19,-13.6666666666667
19,1446,3,-13.6666666666667
19,1447,13,4.17725752508361
19,1448,101,82
19,1449,195,183.68544600939
19,1450,277,183.68544600939
19,1451,-258,-231.604938271605
19,1452,-98,-155.083333333333
19,1453,-3,-17.8
19,1454,74,4.17725752508361
19,1455,-1,-22.8297872340426
19,1456,-6,4.17725752508361
19,1457,24,4.17725752508361
19,1458,116,118.314814814815
19,1459,262,238.719298245614
19,1460,-48,-126.111111111111
19,1461,-213,-155.083333333333
19,1462,-152,-112.746268656716
19,1463,-81,1.14285714285714
19,1464,-50,-44.7076023391813
19,1465,-42,-44.7076023391813
19,1466,-13,-44.7076023391813
19,1467,-36,-13.6666666666667
19,1468,-10,-2.71830985915493
19,1469,-31,-13.6666666666667
19,1470,-24,-44.7076023391813
19,1471,3,-13.6666666666667
19,1472,23,4.17725752508361
19,1473,27,82
19,1474,103,82
19,1475,56,183.68544600939
19,1476,77,113.455882352941
19,1477,67,40.6551724137931
19,1478,23,8.34375
19,1479,8,14.041095890411
19,1480,51,4.17725752508361
19,1481,-32,-22.8297872340426
19,1482,-32,-44.7076023391813
19,1483,-54,-44.7076023391813
19,1484,-232,-44.7076023391813
19,1485,49,-44.7076023391813
19,1486,-37,-22.8297872340426
19,1487,-18,-44.7076023391813
19,1488,-1,-13.6666666666667
19,1489,-41,4.17725752508361
19,1490,-6,-2.71830985915493
19,1491,6,4.17725752508361
19,1492,-2,4.17725752508361
19,1493,-24,4.17725752508361
19,1494,-12,-13.6666666666667
19,1495,2,-13.6666666666667
19,1496,1,4.17725752508361
19,1497,20,4.17725752508361
19,1498,80,14.041095890411
19,1499,78,140.153846153846
19,1500,195,128.179104477612
19,1501,31,40.6551724137931
19,1502,173,-155.083333333333
19,1503,11,-115.617647058824
19,1504,58,-109.548387096774
19,1505,-50,8.34375
19,1506,-16,-44.7076023391813
19,1507,-65,-13.6666666666667
19,1508,-35,-44.7076023391813
19,1509,-112,-44.7076023391813
19,1510,-132,-44.7076023391813
19,1511,-39,-44.7076023391813
19,1512,-96,-44.7076023391813
19,1513,-26,-2.71830985915493
19,1514,-34,-13.6666666666667
19,1515,-24,-2.71830985915493
19,1516,-16,-13.6666666666667
19,1517,-4,-13.6666666666667
19,1518,-2,4.17725752508361
19,1519,18,4.17725752508361
19,1520,103,82
19,1521,226,183.68544600939
19,1522,247,134.03125
19,1523,-328,-231.604938271605
19,1524,-111,-155.083333333333
19,1525,6,-17.8
19,1526,62,4.17725752508361
19,1527,22,-22.8297872340426
19,1528,-29,-23.8888888888889
19,1529,13,-13.6666666666667
19,1530,116,118.314814814815
19,1531,336,238.719298245614
19,1532,-19,-126.111111111111
19,1533,-193,-155.083333333333
19,1534,-162,-112.746268656716
19,1535,-88,1.14285714285714
19,1536,-87,-44.7076023391813
19,1537,-74,-44.7076023391813
19,1538,-25,-44.7076023391813
19,1539,-14,-13.6666666666667
19,1540,-13,7.02631578947368
19,1541,-5,-13.6666666666667
19,1542,5,4.17725752508361
19,1543,9,4.17725752508361
19,1544,9,4.17725752508361
19,1545,143,4.17725752508361
19,1546,388,113.455882352941
19,1547,-208,-126.111111111111
19,1548,-175,-155.083333333333
19,1549,55,-17.8
19,1550,40,-22.8297872340426
19,1551,-20,14.041095890411
19,1552,-45,-13.6666666666667
19,1553,30,-2.71830985915493
19,1554,120,118.314814814815
19,1555,327,187.461538461538
19,1556,62,-126.111111111111
19,1557,-256,-155.083333333333
19,1558,-152,-112.746268656716
19,1559,-53,1.14285714285714
19,1560,-71,-44.7076023391813
19,1561,-116,-44.7076023391813
19,1562,-48,-44.7076023391813
19,1563,-32,-2.71830985915493
19,1564,1,-2.71830985915493
19,1565,-10,4.17725752508361
19,1566,-2,-13.6666666666667
19,1567,29,4.17725752508361
19,1568,87,82
19,1569,238,183.68544600939
19,1570,308,96.3
19,1571,-351,-231.604938271605
19,1572,-140,-155.083333333333
19,1573,9,-17.8
19,1574,61,4.17725752508361
19,1575,-17,-22.8297872340426
19,1576,12,-13.6666666666667
19,1577,16,-23.8888888888889
19,1578,111,118.314814814815
19,1579,362,238.719298245614
19,1580,84,-126.111111111111
19,1581,-309,-231.604938271605
19,1582,-166,-112.746268656716
19,1583,-99,1.14285714285714
19,1584,-66,-44.7076023391813
19,1585,-75,-44.7076023391813
19,1586,-8,-44.7076023391813
19,1587,-66,-13.6666666666667
19,1588,-7,-2.71830985915493
19,1589,-11,-13.6666666666667
19,1590,-4,-13.6666666666667
19,1591,19,4.17725752508361
19,1592,115,82
19,1593,248,183.68544600939
19,1594,243,-126.111111111111
19,1595,-323,-231.604938271605
19,1596,-136,-155.083333333333
19,1597,33,-17.8
19,1598,100,14.041095890411
19,1599,-36,-22.8297872340426
19,1600,-61,-44.7076023391813
19,1601,79,-2.71830985915493
19,1602,87,113.455882352941
19,1603,334,238.719298245614
19,1604,2,-115.617647058824
19,1605,-184,-155.083333333333
19,1606,-102,-112.746268656716
19,1607,-121,1.14285714285714
19,1608,-53,-44.7076023391813
19,1609,-125,-44.7076023391813
19,1610,-32,-44.7076023391813
19,1611,-41,-2.71830985915493
19,1612,-37,-2.71830985915493
19,1613,3,-2.71830985915493
19,1614,-10,4.17725752508361
19,1615,20,-13.6666666666667
19,1616,111,82
19,1617,221,259.882352941176
19,1618,262,-126.111111111111
19,1619,-324,-231.604938271605
19,1620,-95,-155.083333333333
19,1621,59,-17.8
19,1622,-87,-22.8297872340426
19,1623,107,-44.7076023391813
19,1624,-36,-115.617647058824
19,1625,101,-2.71830985915493
19,1626,97,128.179104477612
19,1627,203,238.719298245614
19,1628,-2,-115.617647058824
19,1629,-189,-155.083333333333
19,1630,-139,-44.7076023391813
19,1631,-78,1.14285714285714
19,1632,-3,-44.7076023391813
19,1633,24,4.17725752508361
19,1634,-103,-23.8888888888889
19,1635,-46,-2.71830985915493
19,1636,-32,-2.71830985915493
19,1637,-43,-2.71830985915493
19,1638,-23,-44.7076023391813
19,1639,13,-13.6666666666667
19,1640,20,14.041095890411
19,1641,45,76.7058823529412
19,1642,110,150.636363636364
19,1643,87,113.455882352941
19,1644,148,40.6551724137931
19,1645,143,40.6551724137931
19,1646,-25,-231.604938271605
19,1647,-26,-109.548387096774
19,1648,-96,-13.6666666666667
19,1649,113,-44.7076023391813
19,1650,-1,-22.8297872340426
19,1651,-38,-39.6153846153846
19,1652,-68,-44.7076023391813
19,1653,-29,-44.7076023391813
19,1654,-96,118.314814814815
19,1655,-40,-44.7076023391813
19,1656,-52,-44.7076023391813
19,1657,-68,-44.7076023391813
19,1658,-15,-2.71830985915493
19,1659,-13,-13.6666666666667
19,1660,-28,-13.6666666666667
19,1661,-65,-13.6666666666667
19,1662,-12,-44.7076023391813
19,1663,-5,-13.6666666666667
19,1664,6,4.17725752508361
19,1665,19,4.17725752508361
19,1666,78,82
19,1667,77,128.179104477612
19,1668,142,113.455882352941
19,1669,81,40.6551724137931
19,1670,144,-109.548387096774
19,1671,7,-115.617647058824
19,1672,-47,-109.548387096774
19,1673,53,-44.7076023391813
19,1674,-27,-22.8297872340426
19,1675,-33,-13.6666666666667
19,1676,-48,-44.7076023391813
19,1677,-80,-44.7076023391813
19,1678,-107,-44.7076023391813
19,1679,-73,-44.7076023391813
19,1680,-46,-44.7076023391813
19,1681,-55,-44.7076023391813
19,1682,-68,-44.7076023391813
19,1683,-25,-2.71830985915493
19,1684,-3,-13.6666666666667
19,1685,-1,4.17725752508361
19,1686,-3,4.17725752508361
19,1687,21,4.17725752508361
19,1688,119,82
19,1689,243,183.68544600939
19,1690,254,-126.111111111111
19,1691,-289,-231.604938271605
19,1692,-160,-155.083333333333
19,1693,23,-17.8
19,1694,50,14.041095890411
19,1695,9,-22.8297872340426
19,1696,-33,4.17725752508361
19,1697,23,-2.71830985915493
19,1698,126,118.314814814815
19,1699,381,238.719298245614
19,1700,-89,-126.111111111111
19,1701,-134,-155.083333333333
19,1702,-223,-112.746268656716
19,1703,-76,-44.7076023391813
19,1704,-74,1.14285714285714
19,1705,-60,-44.7076023391813
19,1706,-75,-2.71830985915493
19,1707,-29,-2.71830985915493
19,1708,7,7.02631578947368
19,1709,-10,4.17725752508361
19,1710,-1,-13.6666666666667
19,1711,15,4.17725752508361
19,1712,145,82
19,1713,298,183.68544600939
19,1714,178,-126.111111111111
19,1715,-346,-231.604938271605
19,1716,-138,-109.548387096774
19,1717,60,1.14285714285714
19,1718,46,-22.8297872340426
19,1719,-44,-22.8297872340426
19,1720,-148,-44.7076023391813
19,1721,63,-2.71830985915493
19,1722,255,113.455882352941
19,1723,328,238.719298245614
19,1724,-7,-231.604938271605
19,1725,-252,-155.083333333333
19,1726,-156,-112.746268656716
19,1727,-79,1.14285714285714
19,1728,-76,-44.7076023391813
19,1729,-84,-44.7076023391813
19,1730,-28,-44.7076023391813
19,1731,-21,7.02631578947368
19,1732,-13,7.02631578947368
19,1733,1,-13.6666666666667
19,1734,3,4.17725752508361
19,1735,23,4.17725752508361
19,1736,98,82
19,1737,292,183.68544600939
19,1738,204,134.03125
19,1739,-297,-231.604938271605
19,1740,-172,-155.083333333333
19,1741,48,1.14285714285714
19,1742,79,-22.8297872340426
19,1743,-14,-22.8297872340426
19,1744,-23,-13.6666666666667
19,1745,16,-13.6666666666667
19,1746,98,118.314814814815
19,1747,348,238.719298245614
19,1748,-333,-22.8297872340426
19,1749,-274,-155.083333333333
19,1750,-47,-17.8
19,1751,-17,1.14285714285714
19,1752,33,-13.6666666666667
19,1753,-12,-23.8888888888889
19,1754,-22,-13.6666666666667
19,1755,-22,-13.6666666666667
19,1756,-8,118.314814814815
19,1757,0,-13.6666666666667
19,1758,-1,4.17725752508361
19,1759,22,4.17725752508361
19,1760,115,-23.8888888888889
19,1761,262,128.179104477612
19,1762,229,-126.111111111111
19,1763,-269,-231.604938271605
19,1764,-207,-155.083333333333
19,1765,102,-17.8
19,1766,16,-22.8297872340426
19,1767,46,-23.8888888888889
19,1768,-71,8.34375
19,1769,24,-2.71830985915493
19,1770,150,118.314814814815
19,1771,311,238.719298245614
19,1772,38,-126.111111111111
19,1773,-217,-155.083333333333
19,1774,-179,-112.746268656716
19,1775,-144,1.14285714285714
19,1776,2,1.14285714285714
19,1777,-97,4.17725752508361
19,1778,-71,-44.7076023391813
19,1779,-18,-2.71830985915493
19,1780,-15,118.314814814815
19,1781,-18,-13.6666666666667
19,1782,-4,-13.6666666666667
19,1783,17,4.17725752508361
19,1784,109,76.7058823529412
19,1785,216,183.68544600939
19,1786,269,134.03125
19,1787,-298,-231.604938271605
19,1788,-112,-155.083333333333
19,1789,81,-17.8
19,1790,57,-22.8297872340426
19,1791,15,-22.8297872340426
19,1792,-29,-23.8888888888889
19,1793,105,-13.6666666666667
19,1794,86,113.455882352941
19,1795,254,238.719298245614
19,1796,-183,-115.617647058824
19,1797,-93,-155.083333333333
19,1798,-162,-17.8
19,1799,-71,-44.7076023391813
19,1800,-36,-44.7076023391813
19,1801,-54,-44.7076023391813
19,1802,-44,-2.71830985915493
19,1803,-43,-2.71830985915493
19,1804,-37,-2.71830985915493
19,1805,-22,-2.71830985915493
19,1806,-25,-13.6666666666667
19,1807,4,-13.6666666666667
19,1808,20,4.17725752508361
19,1809,34,82
19,1810,111,82
19,1811,157,113.455882352941
19,1812,76,-126.111111111111
19,1813,111,-109.548387096774
19,1814,37,-115.617647058824
19,1815,100,-39.6153846153846
19,1816,-44,8.34375
19,1817,-25,-44.7076023391813
19,1818,1,-13.6666666666667
19,1819,-15,4.17725752508361
19,1820,-30,7.02631578947368
19,1821,-107,-13.6666666666667
19,1822,-152,-44.7076023391813
19,1823,-57,-44.7076023391813
19,1824,44,-44.7076023391813
19,1825,-98,56.2666666666667
19,1826,-78,-44.7076023391813
19,1827,-4,-2.71830985915493
19,1828,-12,4.17725752508361
19,1829,-54,-13.6666666666667
19,1830,-19,-44.7076023391813
19,1831,3,-13.6666666666667
19,1832,9,4.17725752508361
19,1833,39,4.17725752508361
19,1834,96,82
19,1835,66,128.179104477612
19,1836,128,40.6551724137931
19,1837,78,40.6551724137931
19,1838,103,-109.548387096774
19,1839,71,8.34375
19,1840,-50,8.34375
19,1841,-53,-44.7076023391813
19,1842,65,-44.7076023391813
19,1843,-86,-22.8297872340426
19,1844,-89,-44.7076023391813
19,1845,-50,-44.7076023391813
19,1846,-109,-44.7076023391813
19,1847,-61,-44.7076023391813
19,1848,-38,-44.7076023391813
19,1849,-57,-2.71830985915493
19,1850,-39,-2.71830985915493
19,1851,-24,-44.7076023391813
19,1852,-9,-13.6666666666667
19,1853,0,-13.6666666666667
19,1854,4,4.17725752508361
19,1855,20,4.17725752508361
19,1856,39,82
19,1857,10,82
19,1858,81,4.17725752508361
19,1859,-46,40.6551724137931
19,1860,-51,-44.7076023391813
19,1861,20,-44.7076023391813
19,1862,106,14.041095890411
19,1863,-9,-22.8297872340426
19,1864,-5,-13.6666666666667
19,1865,25,4.17725752508361
19,1866,-85,76.7058823529412
19,1867,118,-44.7076023391813
19,1868,71,-22.8297872340426
19,1869,4,-39.6153846153846
19,1870,-115,4.17725752508361
19,1871,-37,-44.7076023391813
19,1872,-23,-2.71830985915493
19,1873,-54,-13.6666666666667
19,1874,-43,-44.7076023391813
19,1875,-13,-44.7076023391813
19,1876,-15,-13.6666666666667
19,1877,2,-13.6666666666667
19,1878,-1,4.17725752508361
19,1879,3,4.17725752508361
19,1880,16,4.17725752508361
19,1881,68,82
19,1882,317,150.636363636364
19,1883,-54,128.179104477612
19,1884,-184,-155.083333333333
19,1885,53,-112.746268656716
19,1886,40,-22.8297872340426
19,1887,-25,14.041095890411
19,1888,-55,-13.6666666666667
19,1889,72,-44.7076023391813
19,1890,118,113.455882352941
19,1891,304,183.68544600939
19,1892,55,-231.604938271605
19,1893,-221,-155.083333333333
19,1894,-249,-112.746268656716
19,1895,-154,1.14285714285714
19,1896,-26,1.14285714285714
19,1897,-12,-13.6666666666667
19,1898,-32,-13.6666666666667
19,1899,-18,-2.71830985915493
19,1900,-2,7.02631578947368
19,1901,-13,4.17725752508361
19,1902,-2,-13.6666666666667
19,1903,34,4.17725752508361
19,1904,120,82
19,1905,282,128.179104477612
19,1906,210,-126.111111111111
19,1907,-303,-231.604938271605
19,1908,-155,-155.083333333333
19,1909,75,-17.8
19,1910,63,-22.8297872340426
19,1911,20,-22.8297872340426
19,1912,-87,-23.8888888888889
19,1913,11,-2.71830985915493
19,1914,172,118.314814814815
19,1915,427,238.719298245614
19,1916,-27,-126.111111111111
19,1917,-256,-155.083333333333
19,1918,-131,-112.746268656716
19,1919,-66,1.14285714285714
19,1920,-107,-44.7076023391813
19,1921,-153,-44.7076023391813
19,1922,-54,-44.7076023391813
19,1923,-51,-2.71830985915493
19,1924,-12,-2.71830985915493
19,1925,-13,-13.6666666666667
19,1926,13,-13.6666666666667
19,1927,19,82
19,1928,124,82
19,1929,315,259.882352941176
19,1930,160,-126.111111111111
19,1931,-288,-231.604938271605
19,1932,-141,-109.548387096774
19,1933,74,1.14285714285714
19,1934,69,-22.8297872340426
19,1935,-21,-22.8297872340426
19,1936,-57,-13.6666666666667
19,1937,46,-2.71830985915493
19,1938,114,113.455882352941
19,1939,422,238.719298245614
19,1940,16,-126.111111111111
19,1941,-331,-155.083333333333
19,1942,-91,-112.746268656716
19,1943,-147,1.14285714285714
19,1944,-48,-44.7076023391813
19,1945,-85,-44.7076023391813
19,1946,-96,-44.7076023391813
19,1947,-21,-2.71830985915493
19,1948,-28,7.02631578947368
19,1949,-7,-13.6666666666667
19,1950,-3,-13.6666666666667
19,1951,23,4.17725752508361
19,1952,148,82
19,1953,333,183.68544600939
19,1954,230,-126.111111111111
19,1955,-384,-231.604938271605
19,1956,-106,-155.083333333333
19,1957,79,-17.8
19,1958,26,-22.8297872340426
19,1959,35,-23.8888888888889
19,1960,-45,-23.8888888888889
19,1961,41,-2.71830985915493
19,1962,177,40.6551724137931
19,1963,244,238.719298245614
19,1964,-143,-126.111111111111
19,1965,-186,-155.083333333333
19,1966,-146,-17.8
19,1967,-79,1.14285714285714
19,1968,-7,-44.7076023391813
19,1969,-77,-13.6666666666667
19,1970,-26,-2.71830985915493
19,1971,-44,7.02631578947368
19,1972,-35,-2.71830985915493
19,1973,-36,-2.71830985915493
19,1974,-19,-44.7076023391813
19,1975,-2,-13.6666666666667
19,1976,38,4.17725752508361
19,1977,45,82
19,1978,100,150.636363636364
19,1979,97,183.68544600939
19,1980,160,40.6551724137931
19,1981,134,40.6551724137931
19,1982,56,-231.604938271605
19,1983,62,-109.548387096774
19,1984,26,8.34375
19,1985,-58,-23.8888888888889
19,1986,-30,-44.7076023391813
19,1987,-16,-13.6666666666667
19,1988,19,-13.6666666666667
19,1989,-213,7.02631578947368
19,1990,-117,-44.7076023391813
19,1991,-56,1.14285714285714
19,1992,79,-44.7076023391813
19,1993,-99,183.68544600939
19,1994,-69,-44.7076023391813
19,1995,-40,-2.71830985915493
19,1996,-32,-2.71830985915493
19,1997,-32,-44.7076023391813
19,1998,-50,-44.7076023391813
19,1999,-8,-2.71830985915493
19,2000,17,-13.6666666666667
19,2001,65,82
19,2002,81,150.636363636364
19,2003,142,183.68544600939
19,2004,119,40.6551724137931
19,2005,149,-231.604938271605
19,2006,56,-231.604938271605
19,2007,-30,-109.548387096774
19,2008,-64,-13.6666666666667
19,2009,-41,-44.7076023391813
19,2010,75,-44.7076023391813
19,2011,-28,-22.8297872340426
19,2012,-75,7.02631578947368
19,2013,-72,-44.7076023391813
19,2014,-128,-2.71830985915493
19,2015,-41,-44.7076023391813
19,2016,-88,-44.7076023391813
19,2017,-59,-44.7076023391813
19,2018,-46,-2.71830985915493
19,2019,-25,-2.71830985915493
19,2020,-4,-13.6666666666667
19,2021,-9,4.17725752508361
19,2022,5,-13.6666666666667
19,2023,8,4.17725752508361
19,2024,64,4.17725752508361
19,2025,74,150.636363636364
19,2026,117,113.455882352941
19,2027,-84,-115.617647058824
19,2028,-87,-39.6153846153846
19,2029,7,-44.7076023391813
19,2030,64,4.17725752508361
19,2031,14,-22.8297872340426
19,2032,-4,-23.8888888888889
19,2033,45,4.17725752508361
19,2034,90,113.455882352941
19,2035,193,113.455882352941
19,2036,22,-115.617647058824
19,2037,-82,-155.083333333333
19,2038,-112,-44.7076023391813
19,2039,-95,-44.7076023391813
19,2040,-99,-44.7076023391813
19,2041,-45,-44.7076023391813
19,2042,-61,-44.7076023391813
19,2043,-9,-2.71830985915493
19,2044,-16,7.02631578947368
19,2045,-6,-13.6666666666667
19,2046,2,4.17725752508361
19,2047,10,4.17725752508361
19,2048,120,4.17725752508361
19,2049,187,183.68544600939
19,2050,266,-126.111111111111
19,2051,-257,-231.604938271605
19,2052,-133,-155.083333333333
19,2053,-11,-17.8
19,2054,65,-13.6666666666667
19,2055,-11,-22.8297872340426
19,2056,-21,-13.6666666666667
19,2057,23,-13.6666666666667
19,2058,141,118.314814814815
19,2059,399,238.719298245614
19,2060,0,-126.111111111111
19,2061,-421,-155.083333333333
19,2062,9,-112.746268656716
19,2063,-112,4.17725752508361
19,2064,-87,-44.7076023391813
19,2065,-69,-44.7076023391813
19,2066,-58,-44.7076023391813
19,2067,-15,-2.71830985915493
19,2068,-20,7.02631578947368
19,2069,-7,-13.6666666666667
19,2070,-2,-13.6666666666667
19,2071,32,4.17725752508361
19,2072,125,82
19,2073,308,183.68544600939
19,2074,251,-126.111111111111
19,2075,-422,-231.604938271605
19,2076,-106,-155.083333333333
19,2077,6,-17.8
19,2078,51,4.17725752508361
19,2079,22,-22.8297872340426
19,2080,-22,-23.8888888888889
19,2081,9,-13.6666666666667
19,2082,21,118.314814814815
19,2083,7,118.314814814815
19,2084,42,4.17725752508361
19,2085,49,-22.8297872340426
19,2086,-81,56.2666666666667
19,2087,-50,-44.7076023391813
19,2088,-86,-44.7076023391813
19,2089,-53,-44.7076023391813
19,2090,-50,-44.7076023391813
19,2091,-26,-44.7076023391813
19,2092,-14,-13.6666666666667
19,2093,-12,-13.6666666666667
19,2094,1,-13.6666666666667
19,2095,25,4.17725752508361
19,2096,126,82
19,2097,259,183.68544600939
19,2098,277,-126.111111111111
19,2099,-391,-231.604938271605
19,2100,-116,-155.083333333333
19,2101,36,-17.8
19,2102,68,14.041095890411
19,2103,13,-22.8297872340426
19,2104,-50,-23.8888888888889
19,2105,39,-2.71830985915493
19,2106,99,118.314814814815
19,2107,408,238.719298245614
19,2108,-46,-115.617647058824
19,2109,-260,-155.083333333333
19,2110,-94,-112.746268656716
19,2111,-113,1.14285714285714
19,2112,-42,-44.7076023391813
19,2113,-76,-44.7076023391813
19,2114,-94,-44.7076023391813
19,2115,-31,-2.71830985915493
19,2116,-19,-2.71830985915493
19,2117,-9,-13.6666666666667
19,2118,-5,-13.6666666666667
19,2119,21,4.17725752508361
19,2120,83,82
19,2121,246,183.68544600939
19,2122,224,134.03125
19,2123,-243,-231.604938271605
19,2124,-108,-155.083333333333
19,2125,51,-17.8
19,2126,38,-22.8297872340426
19,2127,12,-23.8888888888889
19,2128,34,-23.8888888888889
19,2129,99,-23.8888888888889
19,2130,118,113.455882352941
19,2131,69,238.719298245614
19,2132,-131,-39.6153846153846
19,2133,-118,-44.7076023391813
19,2134,-54,-44.7076023391813
19,2135,-95,-44.7076023391813
19,2136,-43,-44.7076023391813
19,2137,-46,-44.7076023391813
19,2138,-50,-2.71830985915493
19,2139,-34,-2.71830985915493
19,2140,-18,-44.7076023391813
19,2141,-33,-13.6666666666667
19,2142,-29,-44.7076023391813
19,2143,8,-13.6666666666667
19,2144,21,4.17725752508361
19,2145,23,82
19,2146,87,82
19,2147,148,113.455882352941
19,2148,148,113.455882352941
19,2149,83,-231.604938271605
19,2150,9,-231.604938271605
19,2151,10,4.17725752508361
19,2152,25,4.17725752508361
19,2153,-51,-23.8888888888889
19,2154,-9,-44.7076023391813
19,2155,-42,-13.6666666666667
19,2156,-47,-44.7076023391813
19,2157,-42,-44.7076023391813
19,2158,-118,-44.7076023391813
19,2159,-4,-44.7076023391813
19,2160,-47,4.17725752508361
19,2161,-54,-44.7076023391813
19,2162,-13,-44.7076023391813
19,2163,-59,-13.6666666666667
19,2164,-17,-2.71830985915493
19,2165,-25,-13.6666666666667
19,2166,-25,-13.6666666666667
19,2167,-4,-13.6666666666667
19,2168,15,4.17725752508361
19,2169,30,82
19,2170,99,82
19,2171,119,183.68544600939
19,2172,154,113.455882352941
19,2173,95,-231.604938271605
19,2174,51,-231.604938271605
19,2175,-72,8.34375
19,2176,49,-44.7076023391813
19,2177,-12,8.34375
19,2178,-34,-13.6666666666667
19,2179,21,-44.7076023391813
19,2180,-4,-23.8888888888889
19,2181,-76,118.314814814815
19,2182,-50,-44.7076023391813
19,2183,-249,-44.7076023391813
19,2184,-84,-44.7076023391813
19,2185,37,1.14285714285714
19,2186,-31,82
19,2187,-6,-2.71830985915493
19,2188,-11,4.17725752508361
19,2189,-30,-13.6666666666667
19,2190,-12,-13.6666666666667
19,2191,3,-13.6666666666667
19,2192,11,4.17725752508361
19,2193,47,76.7058823529412
19,2194,88,56.2666666666667
19,2195,108,128.179104477612
19,2196,101,40.6551724137931
19,2197,112,40.6551724137931
19,2198,49,-115.617647058824
19,2199,31,-39.6153846153846
19,2200,-91,14.041095890411
19,2201,-5,-44.7076023391813
19,2202,41,4.17725752508361
19,2203,-96,-22.8297872340426
19,2204,-22,-44.7076023391813
19,2205,12,-13.6666666666667
19,2206,-78,-23.8888888888889
19,2207,-70,-44.7076023391813
19,2208,-90,-44.7076023391813
19,2209,-75,-2.71830985915493
19,2210,-37,-44.7076023391813
19,2211,-31,-44.7076023391813
19,2212,-6,-2.71830985915493
19,2213,-5,4.17725752508361
19,2214,2,4.17725752508361
19,2215,28,4.17725752508361
19,2216,121,82
19,2217,296,183.68544600939
19,2218,184,-126.111111111111
19,2219,-377,-231.604938271605
19,2220,-74,-109.548387096774
19,2221,14,1.14285714285714
19,2222,40,14.041095890411
19,2223,2,-23.8888888888889
19,2224,-1,4.17725752508361
19,2225,18,4.17725752508361
19,2226,137,118.314814814815
19,2227,388,238.719298245614
19,2228,-71,-126.111111111111
19,2229,-184,-155.083333333333
19,2230,-322,-112.746268656716
19,2231,-133,1.14285714285714
19,2232,-16,1.14285714285714
19,2233,-5,-13.6666666666667
19,2234,-14,4.17725752508361
19,2235,-32,7.02631578947368
19,2236,1,-2.71830985915493
19,2237,0,4.17725752508361
19,2238,1,4.17725752508361
19,2239,35,4.17725752508361
19,2240,103,82
19,2241,339,128.179104477612
19,2242,188,128.179104477612
19,2243,-366,-231.604938271605
19,2244,-128,-109.548387096774
19,2245,31,1.14285714285714
19,2246,45,14.041095890411
19,2247,36,-22.8297872340426
19,2248,-37,-23.8888888888889
19,2249,23,-2.71830985915493
19,2250,123,118.314814814815
19,2251,441,238.719298245614
19,2252,-43,-126.111111111111
19,2253,-240,-155.083333333333
19,2254,-125,-112.746268656716
19,2255,-127,1.14285714285714
19,2256,-87,-44.7076023391813
19,2257,-57,-44.7076023391813
19,2258,-99,-44.7076023391813
19,2259,-35,-2.71830985915493
19,2260,-12,-2.71830985915493
19,2261,-6,-13.6666666666667
19,2262,0,4.17725752508361
19,2263,25,4.17725752508361
19,2264,145,82
19,2265,329,183.68544600939
19,2266,186,-126.111111111111
19,2267,-382,-231.604938271605
19,2268,-91,-109.548387096774
19,2269,-2,1.14285714285714
19,2270,74,4.17725752508361
19,2271,1,-22.8297872340426
19,2272,-39,4.17725752508361
19,2273,36,-2.71830985915493
19,2274,197,118.314814814815
19,2275,340,238.719298245614
19,2276,-42,-126.111111111111
19,2277,-194,-155.083333333333
19,2278,-112,-112.746268656716
19,2279,-120,1.14285714285714
19,2280,-95,-44.7076023391813
19,2281,-124,-44.7076023391813
19,2282,-54,-44.7076023391813
19,2283,-52,-2.71830985915493
19,2284,-18,-2.71830985915493
19,2285,-12,-13.6666666666667
19,2286,2,-13.6666666666667
19,2287,39,4.17725752508361
19,2288,96,82
19,2289,261,183.68544600939
19,2290,292,96.3
19,2291,-396,-231.604938271605
19,2292,-94,-155.083333333333
19,2293,31,-17.8
19,2294,75,14.041095890411
19,2295,6,-22.8297872340426
19,2296,-62,4.17725752508361
19,2297,4,-2.71830985915493
19,2298,-36,118.314814814815
19,2299,5,-44.7076023391813
19,2300,-117,4.17725752508361
19,2301,-65,-44.7076023391813
19,2302,-6,-44.7076023391813
19,2303,46,4.17725752508361
19,2304,-62,56.2666666666667
19,2305,50,-44.7076023391813
19,2306,13,8.34375
19,2307,-10,76.7058823529412
19,2308,-35,-13.6666666666667
19,2309,-15,-44.7076023391813
19,2310,-13,-13.6666666666667
19,2311,-1,-13.6666666666667
19,2312,24,4.17725752508361
19,2313,50,-23.8888888888889
19,2314,124,128.179104477612
19,2315,122,128.179104477612
19,2316,161,-231.604938271605
19,2317,43,-231.604938271605
19,2318,132,-109.548387096774
19,2319,11,-115.617647058824
19,2320,-32,-109.548387096774
19,2321,55,-44.7076023391813
19,2322,-58,-22.8297872340426
19,2323,-58,-44.7076023391813
19,2324,-74,-44.7076023391813
19,2325,42,-44.7076023391813
19,2326,-155,56.2666666666667
19,2327,-83,-44.7076023391813
19,2328,-88,-44.7076023391813
19,2329,10,-44.7076023391813
19,2330,-69,4.17725752508361
19,2331,-48,-44.7076023391813
19,2332,-32,-2.71830985915493
19,2333,-39,-2.71830985915493
19,2334,-37,-2.71830985915493
19,2335,-1,-44.7076023391813
19,2336,10,4.17725752508361
19,2337,13,4.17725752508361
19,2338,105,82
19,2339,160,183.68544600939
19,2340,104,113.455882352941
19,2341,107,-231.604938271605
19,2342,173,-115.617647058824
19,2343,2,-115.617647058824
19,2344,-8,-109.548387096774
19,2345,-34,-13.6666666666667
19,2346,18,-44.7076023391813
19,2347,-84,-23.8888888888889
19,2348,-82,-44.7076023391813
19,2349,-43,-44.7076023391813
19,2350,-139,-44.7076023391813
19,2351,-68,-44.7076023391813
19,2352,-20,-44.7076023391813
19,2353,-118,-13.6666666666667
19,2354,-59,-2.71830985915493
19,2355,-35,-44.7076023391813
19,2356,-3,-2.71830985915493
19,2357,-6,4.17725752508361
19,2358,3,4.17725752508361
19,2359,27,4.17725752508361
19,2360,104,82
19,2361,378,183.68544600939
19,2362,148,96.3
19,2363,-383,-231.604938271605
19,2364,-95,-109.548387096774
19,2365,52,1.14285714285714
19,2366,43,-22.8297872340426
19,2367,-8,-22.8297872340426
19,2368,-4,-13.6666666666667
19,2369,22,4.17725752508361
19,2370,156,118.314814814815
19,2371,386,238.719298245614
19,2372,-12,-126.111111111111
19,2373,-177,-155.083333333333
19,2374,-184,-112.746268656716
19,2375,-196,1.14285714285714
19,2376,-97,1.14285714285714
19,2377,-82,1.14285714285714
19,2378,-52,-44.7076023391813
19,2379,-14,-2.71830985915493
19,2380,-12,7.02631578947368
19,2381,-3,-13.6666666666667
19,2382,0,4.17725752508361
19,2383,31,4.17725752508361
19,2384,148,82
19,2385,385,183.68544600939
19,2386,141,-126.111111111111
19,2387,-375,-231.604938271605
19,2388,-159,-109.548387096774
19,2389,51,1.14285714285714
19,2390,20,-22.8297872340426
19,2391,20,-23.8888888888889
19,2392,9,-23.8888888888889
19,2393,-4,118.314814814815
19,2394,201,118.314814814815
19,2395,377,238.719298245614
19,2396,-60,-126.111111111111
19,2397,-277,-155.083333333333
19,2398,-98,-112.746268656716
19,2399,-132,1.14285714285714
19,2400,-90,-44.7076023391813
19,2401,-80,-44.7076023391813
19,2402,-64,-44.7076023391813
19,2403,-22,-2.71830985915493
19,2404,-16,7.02631578947368
19,2405,-3,-13.6666666666667
19,2406,2,4.17725752508361
19,2407,28,4.17725752508361
19,2408,134,82
19,2409,375,183.68544600939
19,2410,121,-126.111111111111
19,2411,-365,-231.604938271605
19,2412,-100,-39.6153846153846
19,2413,23,1.14285714285714
19,2414,89,14.041095890411
19,2415,-12,-22.8297872340426
19,2416,-1,-13.6666666666667
19,2417,-2,118.314814814815
19,2418,152,118.314814814815
19,2419,272,259.882352941176
19,2420,58,-126.111111111111
19,2421,-244,-155.083333333333
19,2422,-130,-112.746268656716
19,2423,-110,1.14285714285714
19,2424,-50,-44.7076023391813
19,2425,-125,-44.7076023391813
19,2426,-64,-44.7076023391813
19,2427,-37,-2.71830985915493
19,2428,-10,-2.71830985915493
19,2429,-7,-13.6666666666667
19,2430,1,-13.6666666666667
19,2431,28,4.17725752508361
19,2432,136,82
19,2433,356,259.882352941176
19,2434,155,-126.111111111111
19,2435,-344,-231.604938271605
19,2436,-127,-109.548387096774
19,2437,27,1.14285714285714
19,2438,99,14.041095890411
19,2439,-21,-22.8297872340426
19,2440,-50,-13.6666666666667
19,2441,68,-2.71830985915493
19,2442,133,113.455882352941
19,2443,403,238.719298245614
19,2444,-56,-231.604938271605
19,2445,-211,-155.083333333333
19,2446,-124,-112.746268656716
19,2447,-165,1.14285714285714
19,2448,-85,-44.7076023391813
19,2449,-51,-44.7076023391813
19,2450,-100,-44.7076023391813
19,2451,-48,-2.71830985915493
19,2452,-10,-2.71830985915493
19,2453,-11,-13.6666666666667
19,2454,2,-13.6666666666667
19,2455,19,4.17725752508361
19,2456,110,82
19,2457,289,183.68544600939
19,2458,272,134.03125
19,2459,-318,-231.604938271605
19,2460,-133,-155.083333333333
19,2461,15,-17.8
19,2462,105,14.041095890411
19,2463,47,-22.8297872340426
19,2464,-43,-22.8297872340426
19,2465,24,-2.71830985915493
19,2466,126,118.314814814815
19,2467,270,238.719298245614
19,2468,-70,-126.111111111111
19,2469,-168,-155.083333333333
19,2470,-147,-112.746268656716
19,2471,-69,-44.7076023391813
19,2472,-48,-44.7076023391813
19,2473,-76,-44.7076023391813
19,2474,-9,-2.71830985915493
19,2475,-83,-13.6666666666667
19,2476,-34,-2.71830985915493
19,2477,-49,-2.71830985915493
19,2478,-32,-44.7076023391813
19,2479,11,-2.71830985915493
19,2480,61,82
19,2481,7,150.636363636364
19,2482,157,4.17725752508361
19,2483,96,40.6551724137931
19,2484,126,-126.111111111111
19,2485,103,40.6551724137931
19,2486,-38,-231.604938271605
19,2487,54,-44.7076023391813
19,2488,8,8.34375
19,2489,-38,4.17725752508361
19,2490,-21,-44.7076023391813
19,2491,-39,118.314814814815
19,2492,-44,-44.7076023391813
19,2493,-91,-44.7076023391813
19,2494,3,-44.7076023391813
19,2495,-47,4.17725752508361
19,2496,-102,-44.7076023391813
19,2497,16,-44.7076023391813
19,2498,-72,82
19,2499,-42,-2.71830985915493
19,2500,-43,-44.7076023391813
19,2501,-44,-44.7076023391813
19,2502,-19,-2.71830985915493
19,2503,3,-13.6666666666667
19,2504,17,4.17725752508361
19,2505,32,76.7058823529412
19,2506,119,82
19,2507,85,183.68544600939
19,2508,147,-126.111111111111
19,2509,86,40.6551724137931
19,2510,3,-231.604938271605
19,2511,-10,4.17725752508361
19,2512,8,-13.6666666666667
19,2513,-25,4.17725752508361
19,2514,33,-13.6666666666667
19,2515,13,-23.8888888888889
19,2516,-31,-23.8888888888889
19,2517,-115,-44.7076023391813
19,2518,-12,-44.7076023391813
19,2519,-110,-13.6666666666667
19,2520,-94,-44.7076023391813
19,2521,-49,-44.7076023391813
19,2522,-69,-44.7076023391813
19,2523,-17,-2.71830985915493
19,2524,-7,-13.6666666666667
19,2525,-11,-13.6666666666667
19,2526,1,-13.6666666666667
19,2527,30,4.17725752508361
19,2528,107,82
19,2529,359,183.68544600939
19,2530,148,134.03125
19,2531,-335,-231.604938271605
19,2532,-169,-109.548387096774
19,2533,55,1.14285714285714
19,2534,59,-22.8297872340426
19,2535,-13,-22.8297872340426
19,2536,11,-13.6666666666667
19,2537,0,-23.8888888888889
19,2538,168,118.314814814815
19,2539,373,238.719298245614
19,2540,31,-126.111111111111
19,2541,-235,-155.083333333333
19,2542,-202,-112.746268656716
19,2543,-144,1.14285714285714
19,2544,-86,1.14285714285714
19,2545,-84,-44.7076023391813
19,2546,-52,-44.7076023391813
19,2547,-12,-2.71830985915493
19,2548,-10,7.02631578947368
19,2549,6,-13.6666666666667
19,2550,-8,4.17725752508361
19,2551,25,-13.6666666666667
19,2552,107,82
19,2553,167,113.455882352941
19,2554,310,183.68544600939
19,2555,-328,-231.604938271605
19,2556,-160,-155.083333333333
19,2557,-60,-17.8
19,2558,30,-44.7076023391813
19,2559,-36,-23.8888888888889
19,2560,1,-44.7076023391813
19,2561,56,4.17725752508361
19,2562,123,113.455882352941
19,2563,442,238.719298245614
19,2564,-28,-231.604938271605
19,2565,-162,-155.083333333333
19,2566,-105,-112.746268656716
19,2567,-112,-44.7076023391813
19,2568,-67,-44.7076023391813
19,2569,-118,-44.7076023391813
19,2570,-55,-44.7076023391813
19,2571,-6,-2.71830985915493
19,2572,-24,7.02631578947368
19,2573,4,-13.6666666666667
19,2574,2,4.17725752508361
19,2575,30,4.17725752508361
19,2576,154,82
19,2577,311,113.455882352941
19,2578,208,-126.111111111111
19,2579,-361,-231.604938271605
19,2580,-154,-155.083333333333
19,2581,48,-17.8
19,2582,88,-22.8297872340426
19,2583,-79,-22.8297872340426
19,2584,65,-44.7076023391813
19,2585,-39,8.34375
19,2586,111,-2.71830985915493
19,2587,465,238.719298245614
19,2588,-113,-126.111111111111
19,2589,-73,-155.083333333333
19,2590,-223,-17.8
19,2591,-52,-44.7076023391813
19,2592,-158,1.14285714285714
19,2593,-85,-44.7076023391813
19,2594,-105,-2.71830985915493
19,2595,-27,-2.71830985915493
19,2596,-12,7.02631578947368
19,2597,-4,-13.6666666666667
19,2598,1,4.17725752508361
19,2599,34,4.17725752508361
19,2600,141,82
19,2601,325,96.3
19,2602,213,-126.111111111111
19,2603,-362,-231.604938271605
19,2604,-178,-155.083333333333
19,2605,49,-17.8
19,2606,37,-22.8297872340426
19,2607,19,-23.8888888888889
19,2608,14,-23.8888888888889
19,2609,26,118.314814814815
19,2610,114,118.314814814815
19,2611,429,238.719298245614
19,2612,-44,-126.111111111111
19,2613,-244,-155.083333333333
19,2614,-144,-112.746268656716
19,2615,-98,1.14285714285714
19,2616,-95,-44.7076023391813
19,2617,-70,-44.7076023391813
19,2618,-78,-44.7076023391813
19,2619,-43,-2.71830985915493
19,2620,-36,-2.71830985915493
19,2621,-10,-2.71830985915493
19,2622,9,-13.6666666666667
19,2623,19,4.17725752508361
19,2624,118,82
19,2625,279,183.68544600939
19,2626,223,-126.111111111111
19,2627,-287,-231.604938271605
19,2628,-150,-155.083333333333
19,2629,70,-17.8
19,2630,117,-22.8297872340426
19,2631,-10,-22.8297872340426
19,2632,-17,-39.6153846153846
19,2633,1,-13.6666666666667
19,2634,181,118.314814814815
19,2635,265,238.719298245614
19,2636,-130,-126.111111111111
19,2637,-226,-155.083333333333
19,2638,-82,-17.8
19,2639,-52,1.14285714285714
19,2640,-12,-44.7076023391813
19,2641,-99,-13.6666666666667
19,2642,-85,-2.71830985915493
19,2643,-42,-2.71830985915493
19,2644,-28,-2.71830985915493
19,2645,-40,-13.6666666666667
19,2646,-19,-44.7076023391813
19,2647,15,-13.6666666666667
19,2648,24,82
19,2649,31,82
19,2650,126,82
19,2651,163,113.455882352941
19,2652,68,-126.111111111111
19,2653,131,-109.548387096774
19,2654,37,-115.617647058824
19,2655,14,-109.548387096774
19,2656,-44,-23.8888888888889
19,2657,10,-44.7076023391813
19,2658,-41,4.17725752508361
19,2659,51,-44.7076023391813
19,2660,-22,-22.8297872340426
19,2661,-110,-13.6666666666667
19,2662,-109,-44.7076023391813
19,2663,-62,-44.7076023391813
19,2664,-10,-44.7076023391813
19,2665,-97,-13.6666666666667
19,2666,-35,-44.7076023391813
19,2667,-60,-2.71830985915493
19,2668,-14,-2.71830985915493
19,2669,-46,-13.6666666666667
19,2670,-10,-44.7076023391813
19,2671,-1,-13.6666666666667
19,2672,6,4.17725752508361
19,2673,25,4.17725752508361
19,2674,71,82
19,2675,155,183.68544600939
19,2676,162,113.455882352941
19,2677,110,-231.604938271605
19,2678,69,-231.604938271605
19,2679,-1,8.34375
19,2680,-32,4.17725752508361
19,2681,-119,-44.7076023391813
19,2682,117,-44.7076023391813
19,2683,13,-22.8297872340426
19,2684,-80,-39.6153846153846
19,2685,-123,-44.7076023391813
19,2686,-88,-44.7076023391813
19,2687,-56,-2.71830985915493
19,2688,-93,-44.7076023391813
19,2689,-45,-44.7076023391813
19,2690,-68,-2.71830985915493
19,2691,-26,-2.71830985915493
19,2692,-5,-13.6666666666667
19,2693,-5,4.17725752508361
19,2694,5,4.17725752508361
19,2695,14,4.17725752508361
19,2696,14,82
19,2697,108,82
19,2698,329,113.455882352941
19,2699,-224,140.153846153846
19,2700,-159,-155.083333333333
19,2701,30,-17.8
19,2702,47,14.041095890411
19,2703,57,-22.8297872340426
19,2704,-6,8.34375
19,2705,18,4.17725752508361
19,2706,95,76.7058823529412
19,2707,391,187.461538461538
19,2708,-81,-22.8297872340426
19,2709,-179,-155.083333333333
19,2710,-101,-112.746268656716
19,2711,-89,1.14285714285714
19,2712,-109,-44.7076023391813
19,2713,-90,-44.7076023391813
19,2714,-39,-2.71830985915493
19,2715,-21,-2.71830985915493
19,2716,1,7.02631578947368
19,2717,-7,4.17725752508361
19,2718,2,-13.6666666666667
19,2719,27,4.17725752508361
19,2720,124,82
19,2721,319,183.68544600939
19,2722,193,-126.111111111111
19,2723,-345,-231.604938271605
19,2724,-148,-155.083333333333
19,2725,50,1.14285714285714
19,2726,62,-22.8297872340426
19,2727,-20,-22.8297872340426
19,2728,-45,-13.6666666666667
19,2729,32,-2.71830985915493
19,2730,75,118.314814814815
19,2731,477,238.719298245614
19,2732,-16,-115.617647058824
19,2733,-281,-155.083333333333
19,2734,-56,-112.746268656716
19,2735,-182,1.14285714285714
19,2736,15,-44.7076023391813
19,2737,-166,-23.8888888888889
19,2738,-72,-44.7076023391813
19,2739,-26,-2.71830985915493
19,2740,-21,118.314814814815
19,2741,2,-13.6666666666667
19,2742,-1,4.17725752508361
19,2743,32,4.17725752508361
19,2744,126,76.7058823529412
19,2745,299,259.882352941176
19,2746,179,-126.111111111111
19,2747,-327,-231.604938271605
19,2748,-149,-109.548387096774
19,2749,21,1.14285714285714
19,2750,-8,14.041095890411
19,2751,31,-13.6666666666667
19,2752,-21,-23.8888888888889
19,2753,-11,-13.6666666666667
19,2754,156,118.314814814815
19,2755,356,238.719298245614
19,2756,-19,-126.111111111111
19,2757,-133,-155.083333333333
19,2758,-132,-112.746268656716
19,2759,-63,-44.7076023391813
19,2760,-87,-44.7076023391813
19,2761,-134,-44.7076023391813
19,2762,-54,-44.7076023391813
19,2763,-51,-2.71830985915493
19,2764,0,-2.71830985915493
19,2765,-7,4.17725752508361
19,2766,1,-13.6666666666667
19,2767,28,4.17725752508361
19,2768,110,82
19,2769,313,259.882352941176
19,2770,127,96.3
19,2771,-334,-231.604938271605
19,2772,-106,-109.548387096774
19,2773,11,1.14285714285714
19,2774,54,14.041095890411
19,2775,-43,-22.8297872340426
19,2776,4,-44.7076023391813
19,2777,18,4.17725752508361
19,2778,126,118.314814814815
19,2779,295,259.882352941176
19,2780,25,-126.111111111111
19,2781,-141,-155.083333333333
19,2782,-63,-112.746268656716
19,2783,-125,-44.7076023391813
19,2784,-68,-44.7076023391813
19,2785,-97,-44.7076023391813
19,2786,-53,-44.7076023391813
19,2787,-62,-2.71830985915493
19,2788,-19,-2.71830985915493
19,2789,-5,-13.6666666666667
19,2790,3,4.17725752508361
19,2791,28,4.17725752508361
19,2792,84,82
19,2793,237,183.68544600939
19,2794,254,134.03125
19,2795,-280,-231.604938271605
19,2796,-148,-155.083333333333
19,2797,51,-17.8
19,2798,18,-22.8297872340426
19,2799,46,-23.8888888888889
19,2800,-37,8.34375
19,2801,21,-2.71830985915493
19,2802,96,118.314814814815
19,2803,266,238.719298245614
19,2804,-141,-22.8297872340426
19,2805,-143,-155.083333333333
19,2806,-160,-17.8
19,2807,15,-44.7076023391813
19,2808,-20,82
19,2809,-23,-13.6666666666667
19,2810,-58,-13.6666666666667
19,2811,7,-2.71830985915493
19,2812,-30,7.02631578947368
19,2813,-51,-13.6666666666667
19,2814,-23,-44.7076023391813
19,2815,-7,-13.6666666666667
19,2816,35,-13.6666666666667
19,2817,31,82
19,2818,89,82
19,2819,165,128.179104477612
19,2820,162,113.455882352941
19,2821,22,-231.604938271605
19,2822,86,-109.548387096774
19,2823,-38,8.34375
19,2824,45,-44.7076023391813
19,2825,-126,8.34375
19,2826,30,-44.7076023391813
19,2827,17,-23.8888888888889
19,2828,-49,118.314814814815
19,2829,-56,-44.7076023391813
19,2830,-39,-44.7076023391813
19,2831,-64,-2.71830985915493
19,2832,-43,-44.7076023391813
19,2833,-54,-44.7076023391813
19,2834,-62,-44.7076023391813
19,2835,-36,-44.7076023391813
19,2836,-13,-44.7076023391813
19,2837,-54,-13.6666666666667
19,2838,-47,-44.7076023391813
19,2839,-5,-44.7076023391813
19,2840,17,4.17725752508361
19,2841,46,82
19,2842,70,150.636363636364
19,2843,91,183.68544600939
19,2844,220,40.6551724137931
19,2845,54,40.6551724137931
19,2846,50,-155.083333333333
19,2847,29,8.34375
19,2848,-34,-23.8888888888889
19,2849,-64,-44.7076023391813
19,2850,-26,-44.7076023391813
19,2851,71,-13.6666666666667
19,2852,2,-22.8297872340426
19,2853,-111,7.02631578947368
19,2854,-91,-44.7076023391813
19,2855,-79,-2.71830985915493
19,2856,-75,-44.7076023391813
19,2857,-91,-44.7076023391813
19,2858,-19,-44.7076023391813
19,2859,-37,-13.6666666666667
19,2860,-17,-2.71830985915493
19,2861,-9,-13.6666666666667
19,2862,-1,-13.6666666666667
19,2863,39,4.17725752508361
19,2864,115,82
19,2865,327,183.68544600939
19,2866,123,-126.111111111111
19,2867,-340,-231.604938271605
19,2868,-84,-39.6153846153846
19,2869,-3,1.14285714285714
19,2870,89,4.17725752508361
19,2871,-10,-22.8297872340426
19,2872,-9,-13.6666666666667
19,2873,-18,-13.6666666666667
19,2874,181,118.314814814815
19,2875,419,259.882352941176
19,2876,-42,-126.111111111111
19,2877,-209,-155.083333333333
19,2878,-107,-112.746268656716
19,2879,-144,1.14285714285714
19,2880,-144,-44.7076023391813
19,2881,-84,-44.7076023391813
19,2882,-66,-44.7076023391813
19,2883,-7,-2.71830985915493
19,2884,-21,7.02631578947368
19,2885,0,-13.6666666666667
19,2886,1,4.17725752508361
19,2887,29,4.17725752508361
19,2888,149,82
19,2889,364,96.3
19,2890,104,-126.111111111111
19,2891,-328,-231.604938271605
19,2892,-138,-112.746268656716
19,2893,45,1.14285714285714
19,2894,73,-22.8297872340426
19,2895,-2,-22.8297872340426
19,2896,-39,4.17725752508361
19,2897,50,-2.71830985915493
19,2898,99,113.455882352941
19,2899,484,259.882352941176
19,2900,-76,-115.617647058824
19,2901,-212,-155.083333333333
19,2902,-107,-112.746268656716
19,2903,-177,1.14285714285714
19,2904,-83,-44.7076023391813
19,2905,-114,1.14285714285714
19,2906,-77,-2.71830985915493
19,2907,-31,-2.71830985915493
19,2908,-9,-2.71830985915493
19,2909,-6,-13.6666666666667
19,2910,3,4.17725752508361
19,2911,25,4.17725752508361
19,2912,164,82
19,2913,327,183.68544600939
19,2914,160,-126.111111111111
19,2915,-405,-231.604938271605
19,2916,-110,-109.548387096774
19,2917,37,1.14285714285714
19,2918,113,14.041095890411
19,2919,-1,-22.8297872340426
19,2920,-51,-39.6153846153846
19,2921,-21,-2.71830985915493
19,2922,143,118.314814814815
19,2923,451,238.719298245614
19,2924,-39,-126.111111111111
19,2925,-161,-155.083333333333
19,2926,-198,-112.746268656716
19,2927,-78,-44.7076023391813
19,2928,-70,1.14285714285714
19,2929,-138,-44.7076023391813
19,2930,-105,-44.7076023391813
19,2931,-29,-2.71830985915493
19,2932,-12,7.02631578947368
19,2933,-6,-13.6666666666667
19,2934,4,4.17725752508361
19,2935,36,4.17725752508361
19,2936,146,82
19,2937,315,259.882352941176
19,2938,109,-126.111111111111
19,2939,-266,-231.604938271605
19,2940,-167,-112.746268656716
19,2941,27,1.14285714285714
19,2942,65,14.041095890411
19,2943,-40,-22.8297872340426
19,2944,18,-44.7076023391813
19,2945,-35,118.314814814815
19,2946,168,-2.71830985915493
19,2947,318,259.882352941176
19,2948,-8,-126.111111111111
19,2949,-126,-155.083333333333
19,2950,-101,-112.746268656716
19,2951,-72,-44.7076023391813
19,2952,-124,-44.7076023391813
19,2953,-103,-44.7076023391813
19,2954,-57,-44.7076023391813
19,2955,-72,-2.71830985915493
19,2956,-24,-2.71830985915493
19,2957,-10,-13.6666666666667
19,2958,2,-13.6666666666667
19,2959,35,4.17725752508361
19,2960,118,82
19,2961,217,96.3
19,2962,244,-126.111111111111
19,2963,-324,-231.604938271605
19,2964,-129,-155.083333333333
19,2965,17,-17.8
19,2966,38,14.041095890411
19,2967,13,-23.8888888888889
19,2968,-6,-23.8888888888889
19,2969,-3,4.17725752508361
19,2970,121,118.314814814815
19,2971,188,238.719298245614
19,2972,-75,-126.111111111111
19,2973,-101,-109.548387096774
19,2974,-55,-44.7076023391813
19,2975,-72,-44.7076023391813
19,2976,-73,-44.7076023391813
19,2977,-115,-44.7076023391813
19,2978,21,-2.71830985915493
19,2979,-11,76.7058823529412
19,2980,3,7.02631578947368
19,2981,-38,4.17725752508361
19,2982,-5,-2.71830985915493
19,2983,-8,4.17725752508361
19,2984,32,-13.6666666666667
19,2985,50,82
19,2986,102,128.179104477612
19,2987,81,8.34375
19,2988,129,40.6551724137931
19,2989,48,-115.617647058824
19,2990,19,-109.548387096774
19,2991,-43,14.041095890411
19,2992,-19,-44.7076023391813
19,2993,-5,-13.6666666666667
19,2994,-31,4.17725752508361
19,2995,-11,-44.7076023391813
19,2996,-23,-13.6666666666667
19,2997,35,118.314814814815
19,2998,-82,76.7058823529412
19,2999,-79,-44.7076023391813
19,3000,-41,-44.7076023391813
19,3001,-20,-44.7076023391813
19,3002,-3,-13.6666666666667
19,3003,-56,4.17725752508361
19,3004,-3,-2.71830985915493
19,3005,-57,4.17725752508361
19,3006,-29,-44.7076023391813
19,3007,6,-13.6666666666667
19,3008,17,4.17725752508361
19,3009,23,82
19,3010,92,76.7058823529412
19,3011,77,140.153846153846
19,3012,147,113.455882352941
19,3013,11,40.6551724137931
19,3014,56,-109.548387096774
19,3015,-13,8.34375
19,3016,24,-13.6666666666667
19,3017,-99,-23.8888888888889
19,3018,-32,-44.7076023391813
19,3019,100,-44.7076023391813
19,3020,-43,-22.8297872340426
19,3021,12,-44.7076023391813
19,3022,-50,-23.8888888888889
19,3023,-74,-2.71830985915493
19,3024,-107,-44.7076023391813
19,3025,-41,-44.7076023391813
19,3026,-67,-44.7076023391813
19,3027,-26,-44.7076023391813
19,3028,-2,-13.6666666666667
19,3029,-10,4.17725752508361
19,3030,7,-13.6666666666667
19,3031,28,4.17725752508361
19,3032,96,82
19,3033,262,183.68544600939
19,3034,170,113.455882352941
19,3035,-273,-231.604938271605
19,3036,-121,-109.548387096774
19,3037,27,1.14285714285714
19,3038,56,14.041095890411
19,3039,-21,-22.8297872340426
19,3040,-6,-13.6666666666667
19,3041,4,4.17725752508361
19,3042,131,118.314814814815
19,3043,382,238.719298245614
19,3044,-17,-126.111111111111
19,3045,-149,-155.083333333333
19,3046,-186,-112.746268656716
19,3047,-137,-44.7076023391813
19,3048,-70,1.14285714285714
19,3049,-86,-44.7076023391813
19,3050,-49,-44.7076023391813
19,3051,-39,-2.71830985915493
19,3052,-4,-2.71830985915493
19,3053,-8,4.17725752508361
19,3054,4,-13.6666666666667
19,3055,29,4.17725752508361
19,3056,119,82
19,3057,329,183.68544600939
19,3058,163,-126.111111111111
19,3059,-374,-231.604938271605
19,3060,-63,-109.548387096774
19,3061,8,1.14285714285714
19,3062,55,4.17725752508361
19,3063,11,-22.8297872340426
19,3064,27,-23.8888888888889
19,3065,91,-23.8888888888889
19,3066,126,113.455882352941
19,3067,195,238.719298245614
19,3068,-95,-231.604938271605
19,3069,-130,-155.083333333333
19,3070,-121,-44.7076023391813
19,3071,-180,-44.7076023391813
19,3072,-19,-44.7076023391813
19,3073,-6,-13.6666666666667
19,3074,-12,4.17725752508361
19,3075,-36,-13.6666666666667
19,3076,-30,-2.71830985915493
19,3077,-61,-13.6666666666667
19,3078,-16,-44.7076023391813
19,3079,3,-13.6666666666667
19,3080,13,4.17725752508361
19,3081,40,14.041095890411
19,3082,81,82
19,3083,140,183.68544600939
19,3084,154,40.6551724137931
19,3085,38,-231.604938271605
19,3086,9,-109.548387096774
19,3087,5,4.17725752508361
19,3088,48,4.17725752508361
19,3089,-93,-22.8297872340426
19,3090,-65,-44.7076023391813
19,3091,25,-44.7076023391813
19,3092,16,118.314814814815
19,3093,2,7.02631578947368
19,3094,119,4.17725752508361
19,3095,33,140.153846153846
19,3096,-82,-39.6153846153846
19,3097,-319,-44.7076023391813
19,3098,-95,-44.7076023391813
19,3099,-58,1.14285714285714
19,3100,-12,-44.7076023391813
19,3101,-11,-13.6666666666667
19,3102,0,-13.6666666666667
19,3103,22,4.17725752508361
19,3104,104,82
19,3105,210,259.882352941176
19,3106,207,96.3
19,3107,-257,-231.604938271605
19,3108,-107,-155.083333333333
19,3109,58,-17.8
19,3110,32,-22.8297872340426
19,3111,34,-23.8888888888889
19,3112,-69,-23.8888888888889
19,3113,13,-2.71830985915493
19,3114,179,118.314814814815
19,3115,256,238.719298245614
19,3116,-82,-126.111111111111
19,3117,-104,-155.083333333333
19,3118,-182,-112.746268656716
19,3119,2,-44.7076023391813
19,3120,-98,4.17725752508361
19,3121,-94,-44.7076023391813
19,3122,-29,-2.71830985915493
19,3123,-73,118.314814814815
19,3124,-12,-2.71830985915493
19,3125,-10,-13.6666666666667
19,3126,-1,-13.6666666666667
19,3127,29,4.17725752508361
19,3128,96,82
19,3129,222,183.68544600939
19,3130,232,134.03125
19,3131,-281,-231.604938271605
19,3132,-94,-155.083333333333
19,3133,23,-17.8
19,3134,98,14.041095890411
19,3135,-38,-22.8297872340426
19,3136,-18,-44.7076023391813
19,3137,10,-13.6666666666667
19,3138,84,118.314814814815
19,3139,207,238.719298245614
19,3140,-16,-22.8297872340426
19,3141,-142,-155.083333333333
19,3142,-82,-112.746268656716
19,3143,-36,-44.7076023391813
19,3144,-12,-44.7076023391813
19,3145,-124,-13.6666666666667
19,3146,-14,-44.7076023391813
19,3147,-79,-13.6666666666667
19,3148,-13,-2.71830985915493
19,3149,-27,-13.6666666666667
19,3150,-15,-13.6666666666667
19,3151,-2,-13.6666666666667
19,3152,17,4.17725752508361
19,3153,40,82
19,3154,81,82
19,3155,104,183.68544600939
19,3156,69,40.6551724137931
19,3157,42,40.6551724137931
19,3158,-25,8.34375
19,3159,18,-13.6666666666667
19,3160,-52,-23.8888888888889
19,3161,-2,-44.7076023391813
19,3162,-12,4.17725752508361
19,3163,-15,-13.6666666666667
19,3164,-2,-13.6666666666667
19,3165,10,4.17725752508361
19,3166,-11,4.17725752508361
19,3167,-75,-13.6666666666667
19,3168,19,-44.7076023391813
19,3169,-72,14.041095890411
19,3170,-1,-44.7076023391813
19,3171,-23,4.17725752508361
19,3172,-54,-13.6666666666667
19,3173,-35,-2.71830985915493
19,3174,-22,-44.7076023391813
19,3175,-7,-13.6666666666667
19,3176,15,-13.6666666666667
19,3177,31,82
19,3178,78,14.041095890411
19,3179,112,183.68544600939
19,3180,77,113.455882352941
19,3181,70,-39.6153846153846
19,3182,-13,40.6551724137931
19,3183,-39,-13.6666666666667
19,3184,-25,-44.7076023391813
19,3185,-14,-13.6666666666667
19,3186,-7,-13.6666666666667
19,3187,-21,-13.6666666666667
19,3188,-17,-13.6666666666667
19,3189,-3,-13.6666666666667
19,3190,35,4.17725752508361
19,3191,-78,82
19,3192,-85,-44.7076023391813
19,3193,1,-44.7076023391813
19,3194,-84,4.17725752508361
19,3195,-21,-44.7076023391813
19,3196,-13,-13.6666666666667
19,3197,0,-13.6666666666667
19,3198,-3,4.17725752508361
19,3199,26,4.17725752508361
19,3200,64,82
19,3201,138,128.179104477612
19,3202,225,183.68544600939
19,3203,-92,-231.604938271605
19,3204,-188,-155.083333333333
19,3205,41,-112.746268656716
19,3206,50,-22.8297872340426
19,3207,-11,-22.8297872340426
19,3208,-13,-13.6666666666667
19,3209,38,-13.6666666666667
19,3210,133,118.314814814815
19,3211,436,183.68544600939
19,3212,23,-126.111111111111
19,3213,-241,-155.083333333333
19,3214,-184,-112.746268656716
19,3215,-116,1.14285714285714
19,3216,-107,1.14285714285714
19,3217,-93,-44.7076023391813
19,3218,-62,-44.7076023391813
19,3219,-54,-2.71830985915493
19,3220,1,-2.71830985915493
19,3221,-13,4.17725752508361
19,3222,1,-13.6666666666667
19,3223,38,4.17725752508361
19,3224,145,82
19,3225,333,183.68544600939
19,3226,129,-126.111111111111
19,3227,-318,-231.604938271605
19,3228,-141,-109.548387096774
19,3229,59,1.14285714285714
19,3230,23,-22.8297872340426
19,3231,8,-23.8888888888889
19,3232,-38,4.17725752508361
19,3233,23,-2.71830985915493
19,3234,170,118.314814814815
19,3235,437,259.882352941176
19,3236,-53,-126.111111111111
19,3237,-405,-155.083333333333
19,3238,-330,-112.746268656716
19,3239,6,1.14285714285714
19,3240,49,4.17725752508361
19,3241,-36,-22.8297872340426
19,3242,-59,-44.7076023391813
19,3243,-30,-2.71830985915493
19,3244,-9,118.314814814815
19,3245,0,-13.6666666666667
19,3246,2,4.17725752508361
19,3247,34,4.17725752508361
19,3248,144,76.7058823529412
19,3249,312,183.68544600939
19,3250,177,-126.111111111111
19,3251,-346,-231.604938271605
19,3252,-133,-109.548387096774
19,3253,34,1.14285714285714
19,3254,63,14.041095890411
19,3255,-19,-22.8297872340426
19,3256,-32,-13.6666666666667
19,3257,35,-2.71830985915493
19,3258,135,118.314814814815
19,3259,419,238.719298245614
19,3260,-16,-126.111111111111
19,3261,-181,-155.083333333333
19,3262,-150,-112.746268656716
19,3263,-92,1.14285714285714
19,3264,-147,-44.7076023391813
19,3265,-92,-44.7076023391813
19,3266,-96,-44.7076023391813
19,3267,-35,-2.71830985915493
19,3268,-12,-2.71830985915493
19,3269,1,-13.6666666666667
19,3270,-5,4.17725752508361
19,3271,39,4.17725752508361
19,3272,134,82
19,3273,334,96.3
19,3274,190,-126.111111111111
19,3275,-375,-231.604938271605
19,3276,-113,-109.548387096774
19,3277,1,1.14285714285714
19,3278,77,4.17725752508361
19,3279,-15,-22.8297872340426
19,3280,-68,-13.6666666666667
19,3281,62,-2.71830985915493
19,3282,168,113.455882352941
19,3283,356,238.719298245614
19,3284,30,-231.604938271605
19,3285,-196,-155.083333333333
19,3286,-115,-112.746268656716
19,3287,-141,1.14285714285714
19,3288,-55,-44.7076023391813
19,3289,-107,-44.7076023391813
19,3290,-116,-44.7076023391813
19,3291,-36,-2.71830985915493
19,3292,-42,-2.71830985915493
19,3293,-8,-2.71830985915493
19,3294,2,-13.6666666666667
19,3295,23,4.17725752508361
19,3296,93,82
19,3297,253,183.68544600939
19,3298,333,134.03125
19,3299,-299,-231.604938271605
19,3300,-146,-155.083333333333
19,3301,20,-17.8
19,3302,91,14.041095890411
19,3303,-5,-22.8297872340426
19,3304,-5,4.17725752508361
19,3305,-16,4.17725752508361
19,3306,139,118.314814814815
19,3307,343,238.719298245614
19,3308,-204,-126.111111111111
19,3309,-143,-155.083333333333
19,3310,-99,-17.8
19,3311,-90,-44.7076023391813
19,3312,-36,-44.7076023391813
19,3313,-51,-44.7076023391813
19,3314,-21,-2.71830985915493
19,3315,-73,7.02631578947368
19,3316,-17,-2.71830985915493
19,3317,-61,-13.6666666666667
19,3318,-31,-44.7076023391813
19,3319,-4,-44.7076023391813
19,3320,30,4.17725752508361
19,3321,13,82
19,3322,103,82
19,3323,131,183.68544600939
19,3324,119,113.455882352941
19,3325,38,-231.604938271605
19,3326,60,-39.6153846153846
19,3327,92,8.34375
19,3328,41,8.34375
19,3329,-72,8.34375
19,3330,6,-44.7076023391813
19,3331,-108,4.17725752508361
19,3332,-107,-44.7076023391813
19,3333,80,-44.7076023391813
19,3334,-75,-22.8297872340426
19,3335,-87,-2.71830985915493
19,3336,-44,-44.7076023391813
19,3337,-14,-2.71830985915493
19,3338,-24,-13.6666666666667
19,3339,-19,-13.6666666666667
19,3340,-53,-13.6666666666667
19,3341,-58,-2.71830985915493
19,3342,-38,-44.7076023391813
19,3343,-10,-44.7076023391813
19,3344,6,-13.6666666666667
19,3345,32,4.17725752508361
19,3346,86,82
19,3347,88,183.68544600939
19,3348,161,113.455882352941
19,3349,69,40.6551724137931
19,3350,38,-109.548387096774
19,3351,-9,14.041095890411
19,3352,-4,-13.6666666666667
19,3353,13,4.17725752508361
19,3354,6,-23.8888888888889
19,3355,-59,4.17725752508361
19,3356,-124,-44.7076023391813
19,3357,0,-44.7076023391813
19,3358,-18,4.17725752508361
19,3359,-71,-13.6666666666667
19,3360,-93,-44.7076023391813
19,3361,-39,-44.7076023391813
19,3362,-48,-2.71830985915493
19,3363,-32,-44.7076023391813
19,3364,4,-44.7076023391813
19,3365,-9,4.17725752508361
19,3366,6,-13.6666666666667
19,3367,38,4.17725752508361
19,3368,90,82
19,3369,343,183.68544600939
19,3370,184,40.6551724137931
19,3371,-319,-231.604938271605
19,3372,-162,-109.548387096774
19,3373,-4,1.14285714285714
19,3374,55,4.17725752508361
19,3375,2,-22.8297872340426
19,3376,-27,4.17725752508361
19,3377,25,-13.6666666666667
19,3378,149,118.314814814815
19,3379,369,238.719298245614
19,3380,39,-126.111111111111
19,3381,-199,-155.083333333333
19,3382,-141,-112.746268656716
19,3383,-126,1.14285714285714
19,3384,-44,-44.7076023391813
19,3385,-118,-44.7076023391813
19,3386,-113,-44.7076023391813
19,3387,-28,-2.71830985915493
19,3388,-18,7.02631578947368
19,3389,-4,-13.6666666666667
19,3390,4,4.17725752508361
19,3391,31,4.17725752508361
19,3392,175,82
19,3393,313,183.68544600939
19,3394,135,-126.111111111111
19,3395,-341,-231.604938271605
19,3396,-161,-109.548387096774
19,3397,47,1.14285714285714
19,3398,48,-22.8297872340426
19,3399,-33,-22.8297872340426
19,3400,-7,-44.7076023391813
19,3401,30,118.314814814815
19,3402,137,118.314814814815
19,3403,389,259.882352941176
19,3404,2,-126.111111111111
19,3405,-225,-155.083333333333
19,3406,-120,-112.746268656716
19,3407,-94,1.14285714285714
19,3408,-89,-44.7076023391813
19,3409,-83,-44.7076023391813
19,3410,-108,-44.7076023391813
19,3411,-37,-2.71830985915493
19,3412,-8,-2.71830985915493
19,3413,-4,-13.6666666666667
19,3414,2,4.17725752508361
19,3415,40,4.17725752508361
19,3416,116,82
19,3417,333,183.68544600939
19,3418,184,-126.111111111111
19,3419,-382,-231.604938271605
19,3420,-159,-109.548387096774
19,3421,45,1.14285714285714
19,3422,19,-22.8297872340426
19,3423,1,-23.8888888888889
19,3424,-33,4.17725752508361
19,3425,24,-2.71830985915493
19,3426,30,118.314814814815
19,3427,146,118.314814814815
19,3428,273,-22.8297872340426
19,3429,-127,-126.111111111111
19,3430,-150,-155.083333333333
19,3431,-47,-17.8
19,3432,-31,-44.7076023391813
19,3433,-157,-44.7076023391813
19,3434,-65,-44.7076023391813
19,3435,-41,-2.71830985915493
19,3436,-18,-2.71830985915493
19,3437,-2,7.02631578947368
19,3438,3,4.17725752508361
19,3439,32,4.17725752508361
19,3440,112,82
19,3441,321,259.882352941176
19,3442,184,-126.111111111111
19,3443,-339,-231.604938271605
19,3444,-120,-109.548387096774
19,3445,18,1.14285714285714
19,3446,58,14.041095890411
19,3447,-20,-22.8297872340426
19,3448,-57,-13.6666666666667
19,3449,95,-2.71830985915493
19,3450,66,113.455882352941
19,3451,413,238.719298245614
19,3452,6,-115.617647058824
19,3453,-244,-155.083333333333
19,3454,-28,-112.746268656716
19,3455,-173,-13.6666666666667
19,3456,-264,-44.7076023391813
19,3457,-3,1.14285714285714
19,3458,-31,4.17725752508361
19,3459,-23,-2.71830985915493
19,3460,8,7.02631578947368
19,3461,17,4.17725752508361
19,3462,-27,82
19,3463,33,-13.6666666666667
19,3464,84,82
19,3465,234,113.455882352941
19,3466,331,134.03125
19,3467,-318,-231.604938271605
19,3468,-140,-155.083333333333
19,3469,-21,-17.8
19,3470,62,-13.6666666666667
19,3471,-118,-22.8297872340426
19,3472,73,-44.7076023391813
19,3473,-13,8.34375
19,3474,220,118.314814814815
19,3475,279,238.719298245614
19,3476,-93,-126.111111111111
19,3477,-220,-155.083333333333
19,3478,-151,-112.746268656716
19,3479,-129,1.14285714285714
19,3480,13,-44.7076023391813
19,3481,31,82
19,3482,-63,-23.8888888888889
19,3483,-31,-2.71830985915493
19,3484,-12,-2.71830985915493
19,3485,-35,-13.6666666666667
19,3486,-9,-44.7076023391813
19,3487,1,-13.6666666666667
19,3488,-2,4.17725752508361
19,3489,22,4.17725752508361
19,3490,75,82
19,3491,95,183.68544600939
19,3492,61,128.179104477612
19,3493,37,40.6551724137931
19,3494,152,14.041095890411
19,3495,-103,-115.617647058824
19,3496,-11,-109.548387096774
19,3497,37,-13.6666666666667
19,3498,-54,-23.8888888888889
19,3499,-85,-44.7076023391813
19,3500,-64,-44.7076023391813
19,3501,61,-2.71830985915493
19,3502,-24,128.179104477612
19,3503,-51,7.02631578947368
19,3504,17,-44.7076023391813
19,3505,-31,76.7058823529412
19,3506,-36,-2.71830985915493
19,3507,17,-44.7076023391813
19,3508,-8,82
19,3509,-79,-13.6666666666667
19,3510,-27,-44.7076023391813
19,3511,-10,-13.6666666666667
19,3512,13,-13.6666666666667
19,3513,19,82
19,3514,115,82
19,3515,105,128.179104477612
19,3516,121,-126.111111111111
19,3517,126,40.6551724137931
19,3518,-1,-231.604938271605
19,3519,122,-39.6153846153846
19,3520,-10,-115.617647058824
19,3521,8,-39.6153846153846
19,3522,4,4.17725752508361
19,3523,-72,4.17725752508361
19,3524,-41,-44.7076023391813
19,3525,7,-44.7076023391813
19,3526,-144,4.17725752508361
19,3527,-33,-44.7076023391813
19,3528,-154,-44.7076023391813
19,3529,-68,-2.71830985915493
19,3530,-76,-44.7076023391813
19,3531,-20,-44.7076023391813
19,3532,-10,-13.6666666666667
19,3533,-15,-13.6666666666667
19,3534,6,-13.6666666666667
19,3535,43,4.17725752508361
19,3536,106,259.882352941176
19,3537,264,96.3
19,3538,317,40.6551724137931
19,3539,-393,-231.604938271605
19,3540,-145,-155.083333333333
19,3541,-2,-17.8
19,3542,116,4.17725752508361
19,3543,-74,-22.8297872340426
19,3544,31,-39.6153846153846
19,3545,10,-23.8888888888889
19,3546,176,118.314814814815
19,3547,390,238.719298245614
19,3548,-106,-126.111111111111
19,3549,-159,-155.083333333333
19,3550,-179,-17.8
19,3551,-107,-44.7076023391813
19,3552,-87,1.14285714285714
19,3553,-95,-44.7076023391813
19,3554,-50,-2.71830985915493
19,3555,-47,-2.71830985915493
19,3556,-1,-2.71830985915493
19,3557,-10,4.17725752508361
19,3558,0,-13.6666666666667
19,3559,44,4.17725752508361
19,3560,140,150.636363636364
19,3561,326,183.68544600939
19,3562,227,-126.111111111111
19,3563,-404,-231.604938271605
19,3564,-121,-155.083333333333
19,3565,-17,-17.8
19,3566,28,-13.6666666666667
19,3567,44,-23.8888888888889
19,3568,-29,-22.8297872340426
19,3569,41,118.314814814815
19,3570,170,40.6551724137931
19,3571,414,238.719298245614
19,3572,8,-126.111111111111
19,3573,-245,-155.083333333333
19,3574,-109,-112.746268656716
19,3575,-145,1.14285714285714
19,3576,-109,-44.7076023391813
19,3577,-77,-44.7076023391813
19,3578,-126,-44.7076023391813
19,3579,-38,-2.71830985915493
19,3580,-16,-2.71830985915493
19,3581,0,-13.6666666666667
19,3582,-8,4.17725752508361
19,3583,55,-13.6666666666667
19,3584,131,96.3
19,3585,317,183.68544600939
19,3586,281,-231.604938271605
19,3587,-446,-231.604938271605
19,3588,-111,-155.083333333333
19,3589,50,-17.8
19,3590,29,-22.8297872340426
19,3591,2,-23.8888888888889
19,3592,-65,4.17725752508361
19,3593,70,-2.71830985915493
19,3594,167,113.455882352941
19,3595,429,238.719298245614
19,3596,-22,-231.604938271605
19,3597,-193,-155.083333333333
19,3598,-131,-112.746268656716
19,3599,-170,1.14285714285714
19,3600,-119,-44.7076023391813
19,3601,-39,-44.7076023391813
19,3602,-147,-44.7076023391813
19,3603,-63,-2.71830985915493
19,3604,-8,-2.71830985915493
19,3605,-13,-13.6666666666667
19,3606,-4,-13.6666666666667
19,3607,38,4.17725752508361
19,3608,139,82
19,3609,314,96.3
19,3610,234,-126.111111111111
19,3611,-385,-231.604938271605
19,3612,-122,-155.083333333333
19,3613,-10,-17.8
19,3614,67,-13.6666666666667
19,3615,-37,-22.8297872340426
19,3616,-29,-44.7076023391813
19,3617,25,118.314814814815
19,3618,136,118.314814814815
19,3619,364,238.719298245614
19,3620,-50,-126.111111111111
19,3621,-74,-155.083333333333
19,3622,-168,-112.746268656716
19,3623,-175,-44.7076023391813
19,3624,-37,-44.7076023391813
19,3625,-89,1.14285714285714
19,3626,-48,-44.7076023391813
19,3627,-43,-2.71830985915493
19,3628,-28,-2.71830985915493
19,3629,-14,-13.6666666666667
19,3630,-4,-13.6666666666667
19,3631,29,4.17725752508361
19,3632,102,82
19,3633,271,183.68544600939
19,3634,266,134.03125
19,3635,-313,-231.604938271605
19,3636,-132,-155.083333333333
19,3637,20,-17.8
19,3638,48,14.041095890411
19,3639,15,-22.8297872340426
19,3640,12,-23.8888888888889
19,3641,-3,-23.8888888888889
19,3642,176,118.314814814815
19,3643,200,238.719298245614
19,3644,-77,-126.111111111111
19,3645,-106,-155.083333333333
19,3646,-162,-44.7076023391813
19,3647,-94,-44.7076023391813
19,3648,-61,-44.7076023391813
19,3649,-10,-44.7076023391813
19,3650,2,-13.6666666666667
19,3651,-111,7.02631578947368
19,3652,10,-2.71830985915493
19,3653,-47,4.17725752508361
19,3654,-32,-44.7076023391813
19,3655,3,-44.7076023391813
19,3656,36,4.17725752508361
19,3657,26,14.041095890411
19,3658,87,76.7058823529412
19,3659,174,8.34375
19,3660,58,113.455882352941
19,3661,62,-109.548387096774
19,3662,30,8.34375
19,3663,11,14.041095890411
19,3664,-4,-23.8888888888889
19,3665,3,4.17725752508361
19,3666,-10,4.17725752508361
19,3667,-8,-13.6666666666667
19,3668,2,118.314814814815
19,3669,-143,4.17725752508361
19,3670,-105,-44.7076023391813
19,3671,67,-44.7076023391813
19,3672,-24,140.153846153846
19,3673,-68,-13.6666666666667
19,3674,-20,-44.7076023391813
19,3675,-30,-13.6666666666667
19,3676,-46,-13.6666666666667
19,3677,-57,-44.7076023391813
19,3678,-42,-44.7076023391813
19,3679,4,-2.71830985915493
19,3680,1,4.17725752508361
19,3681,22,4.17725752508361
19,3682,87,82
19,3683,99,113.455882352941
19,3684,155,183.68544600939
19,3685,128,40.6551724137931
19,3686,2,-231.604938271605
19,3687,-28,-109.548387096774
19,3688,39,-13.6666666666667
19,3689,-21,-23.8888888888889
19,3690,20,-13.6666666666667
19,3691,10,-23.8888888888889
19,3692,-112,4.17725752508361
19,3693,24,-44.7076023391813
19,3694,-140,14.041095890411
19,3695,-32,-44.7076023391813
19,3696,-123,-44.7076023391813
19,3697,-48,-44.7076023391813
19,3698,-42,-2.71830985915493
19,3699,-39,-44.7076023391813
19,3700,-11,-2.71830985915493
19,3701,-5,-13.6666666666667
19,3702,2,4.17725752508361
19,3703,42,4.17725752508361
19,3704,114,150.636363636364
19,3705,308,96.3
19,3706,282,-126.111111111111
19,3707,-458,-231.604938271605
19,3708,-104,-155.083333333333
19,3709,26,-17.8
19,3710,63,14.041095890411
19,3711,-52,-22.8297872340426
19,3712,28,-44.7076023391813
19,3713,-18,-23.8888888888889
19,3714,189,118.314814814815
19,3715,402,238.719298245614
19,3716,-15,-126.111111111111
19,3717,-147,-155.083333333333
19,3718,-203,-112.746268656716
19,3719,-140,-44.7076023391813
19,3720,-92,1.14285714285714
19,3721,-80,-44.7076023391813
19,3722,-112,-44.7076023391813
19,3723,-17,-2.71830985915493
19,3724,-13,7.02631578947368
19,3725,-2,-13.6666666666667
19,3726,0,4.17725752508361
19,3727,39,4.17725752508361
19,3728,149,82
19,3729,319,183.68544600939
19,3730,247,-126.111111111111
19,3731,-427,-231.604938271605
19,3732,-106,-155.083333333333
19,3733,-3,-17.8
19,3734,24,4.17725752508361
19,3735,40,-23.8888888888889
19,3736,-28,-23.8888888888889
19,3737,-116,118.314814814815
19,3738,258,-2.71830985915493
19,3739,418,238.719298245614
19,3740,37,-126.111111111111
19,3741,-243,-155.083333333333
19,3742,-162,-112.746268656716
19,3743,-100,-2.71830985915493
19,3744,-95,-44.7076023391813
19,3745,-110,-44.7076023391813
19,3746,-100,-44.7076023391813
19,3747,-14,-2.71830985915493
19,3748,-20,7.02631578947368
19,3749,-6,-13.6666666666667
19,3750,-3,4.17725752508361
19,3751,45,4.17725752508361
19,3752,136,150.636363636364
19,3753,302,183.68544600939
19,3754,194,-126.111111111111
19,3755,-331,-231.604938271605
19,3756,-114,-155.083333333333
19,3757,-2,1.14285714285714
19,3758,50,4.17725752508361
19,3759,-4,-22.8297872340426
19,3760,-17,4.17725752508361
19,3761,32,118.314814814815
19,3762,184,118.314814814815
19,3763,358,238.719298245614
19,3764,54,-126.111111111111
19,3765,-239,-155.083333333333
19,3766,-139,-112.746268656716
19,3767,-193,1.14285714285714
19,3768,-32,-44.7076023391813
19,3769,-136,1.14285714285714
19,3770,-89,-44.7076023391813
19,3771,-21,-2.71830985915493
19,3772,-31,7.02631578947368
19,3773,-5,-2.71830985915493
19,3774,3,4.17725752508361
19,3775,32,4.17725752508361
19,3776,142,82
19,3777,290,259.882352941176
19,3778,266,-126.111111111111
19,3779,-396,-231.604938271605
19,3780,-162,-155.083333333333
19,3781,45,-17.8
19,3782,60,-22.8297872340426
19,3783,24,-22.8297872340426
19,3784,-85,-23.8888888888889
19,3785,45,-2.71830985915493
19,3786,136,113.455882352941
19,3787,459,238.719298245614
19,3788,-98,-126.111111111111
19,3789,-160,-155.083333333333
19,3790,-180,-112.746268656716
19,3791,-85,-44.7076023391813
19,3792,-80,1.14285714285714
19,3793,-85,-44.7076023391813
19,3794,-106,-2.71830985915493
19,3795,-28,-2.71830985915493
19,3796,-29,7.02631578947368
19,3797,-8,-13.6666666666667
19,3798,6,-13.6666666666667
19,3799,25,4.17725752508361
19,3800,126,82
19,3801,258,183.68544600939
19,3802,247,-126.111111111111
19,3803,-272,-231.604938271605
19,3804,-147,-155.083333333333
19,3805,14,-17.8
19,3806,75,14.041095890411
19,3807,7,-22.8297872340426
19,3808,-14,4.17725752508361
19,3809,49,-13.6666666666667
19,3810,112,113.455882352941
19,3811,249,238.719298245614
19,3812,-70,-231.604938271605
19,3813,-202,-155.083333333333
19,3814,-80,-112.746268656716
19,3815,-111,1.14285714285714
19,3816,-76,-44.7076023391813
19,3817,-6,-44.7076023391813
19,3818,-35,4.17725752508361
19,3819,-39,-2.71830985915493
19,3820,-38,-2.71830985915493
19,3821,-54,-2.71830985915493
19,3822,-17,-2.71830985915493
19,3823,4,-13.6666666666667
19,3824,32,4.17725752508361
19,3825,18,76.7058823529412
19,3826,114,82
19,3827,97,113.455882352941
19,3828,118,-126.111111111111
19,3829,74,40.6551724137931
19,3830,77,-39.6153846153846
19,3831,-20,8.34375
19,3832,-55,-13.6666666666667
19,3833,17,-44.7076023391813
19,3834,-39,-23.8888888888889
19,3835,42,-44.7076023391813
19,3836,-2,-22.8297872340426
19,3837,-93,4.17725752508361
19,3838,-85,-44.7076023391813
19,3839,-23,-44.7076023391813
19,3840,-20,-13.6666666666667
19,3841,-47,-13.6666666666667
19,3842,-69,-44.7076023391813
19,3843,-66,-2.71830985915493
19,3844,-14,-2.71830985915493
19,3845,-32,-13.6666666666667
19,3846,-27,-44.7076023391813
19,3847,5,-13.6666666666667
19,3848,0,4.17725752508361
19,3849,49,4.17725752508361
19,3850,40,150.636363636364
19,3851,121,82
19,3852,135,128.179104477612
19,3853,73,-126.111111111111
19,3854,54,-109.548387096774
19,3855,32,8.34375
19,3856,3,14.041095890411
19,3857,-76,4.17725752508361
19,3858,-29,-44.7076023391813
19,3859,-39,-13.6666666666667
19,3860,-153,-44.7076023391813
19,3861,-44,-44.7076023391813
19,3862,8,-44.7076023391813
19,3863,15,4.17725752508361
19,3864,-51,76.7058823529412
19,3865,-70,-44.7076023391813
19,3866,-54,-2.71830985915493
19,3867,-22,-44.7076023391813
19,3868,-6,-13.6666666666667
19,3869,0,4.17725752508361
19,3870,6,4.17725752508361
19,3871,14,4.17725752508361
19,3872,116,82
19,3873,266,183.68544600939
19,3874,198,-126.111111111111
19,3875,-329,-231.604938271605
19,3876,-63,-155.083333333333
19,3877,47,1.14285714285714
19,3878,25,-22.8297872340426
19,3879,4,14.041095890411
19,3880,-2,4.17725752508361
19,3881,-13,4.17725752508361
19,3882,177,118.314814814815
19,3883,407,238.719298245614
19,3884,-15,-126.111111111111
19,3885,-203,-155.083333333333
19,3886,-183,-112.746268656716
19,3887,-140,1.14285714285714
19,3888,-110,1.14285714285714
19,3889,-94,-44.7076023391813
19,3890,-66,-44.7076023391813
19,3891,-29,-2.71830985915493
19,3892,-5,7.02631578947368
19,3893,-7,4.17725752508361
19,3894,3,-13.6666666666667
19,3895,27,4.17725752508361
19,3896,143,82
19,3897,323,183.68544600939
19,3898,203,-126.111111111111
19,3899,-378,-231.604938271605
19,3900,-77,-155.083333333333
19,3901,-36,1.14285714285714
19,3902,69,-44.7076023391813
19,3903,-30,-22.8297872340426
19,3904,8,-13.6666666666667
19,3905,45,7.02631578947368
19,3906,139,113.455882352941
19,3907,423,238.719298245614
19,3908,-54,-126.111111111111
19,3909,-204,-155.083333333333
19,3910,-162,-112.746268656716
19,3911,-131,1.14285714285714
19,3912,-93,-44.7076023391813
19,3913,-86,-44.7076023391813
19,3914,-80,-44.7076023391813
19,3915,-35,-2.71830985915493
19,3916,-17,-2.71830985915493
19,3917,1,-13.6666666666667
19,3918,0,4.17725752508361
19,3919,36,4.17725752508361
19,3920,130,82
19,3921,309,183.68544600939
19,3922,255,-126.111111111111
19,3923,-396,-231.604938271605
19,3924,-127,-155.083333333333
19,3925,25,-17.8
19,3926,41,14.041095890411
19,3927,33,-22.8297872340426
19,3928,-77,-23.8888888888889
19,3929,42,-2.71830985915493
19,3930,163,40.6551724137931
19,3931,417,238.719298245614
19,3932,4,-126.111111111111
19,3933,-176,-155.083333333333
19,3934,-186,-112.746268656716
19,3935,-119,1.14285714285714
19,3936,-148,1.14285714285714
19,3937,-97,-44.7076023391813
19,3938,-69,-44.7076023391813
19,3939,-39,-2.71830985915493
19,3940,-14,-2.71830985915493
19,3941,-8,-13.6666666666667
19,3942,4,-13.6666666666667
19,3943,31,4.17725752508361
19,3944,126,82
19,3945,308,96.3
19,3946,223,-126.111111111111
19,3947,-345,-231.604938271605
19,3948,-148,-155.083333333333
19,3949,55,-17.8
19,3950,17,-22.8297872340426
19,3951,4,-23.8888888888889
19,3952,-34,4.17725752508361
19,3953,20,-2.71830985915493
19,3954,150,118.314814814815
19,3955,393,238.719298245614
19,3956,1,-126.111111111111
19,3957,-188,-155.083333333333
19,3958,-145,-112.746268656716
19,3959,-142,1.14285714285714
19,3960,-77,-44.7076023391813
19,3961,-103,-44.7076023391813
19,3962,-71,-44.7076023391813
19,3963,-44,-2.71830985915493
19,3964,-21,-2.71830985915493
19,3965,-11,-13.6666666666667
19,3966,-2,-13.6666666666667
19,3967,26,4.17725752508361
19,3968,11,82
19,3969,89,82
19,3970,-14,183.68544600939
19,3971,101,-13.6666666666667
19,3972,-27,40.6551724137931
19,3973,58,-13.6666666666667
19,3974,64,8.34375
19,3975,-25,-22.8297872340426
19,3976,17,-13.6666666666667
19,3977,17,-23.8888888888889
19,3978,143,82
19,3979,263,128.179104477612
19,3980,-90,-126.111111111111
19,3981,-148,-155.083333333333
19,3982,-122,-112.746268656716
19,3983,-84,-44.7076023391813
19,3984,-68,-44.7076023391813
19,3985,-26,-44.7076023391813
19,3986,-12,-13.6666666666667
19,3987,-64,7.02631578947368
19,3988,-31,-2.71830985915493
19,3989,-64,-2.71830985915493
19,3990,-11,-2.71830985915493
19,3991,1,-13.6666666666667
19,3992,12,4.17725752508361
19,3993,39,82
19,3994,100,82
19,3995,109,183.68544600939
19,3996,136,40.6551724137931
19,3997,92,40.6551724137931
19,3998,47,-231.604938271605
19,3999,23,8.34375
19,4000,-31,14.041095890411
19,4001,24,-44.7076023391813
19,4002,-31,-23.8888888888889
19,4003,-19,-44.7076023391813
19,4004,-212,-13.6666666666667
19,4005,-25,-44.7076023391813
19,4006,-115,-13.6666666666667
19,4007,-32,-44.7076023391813
19,4008,40,-44.7076023391813
19,4009,-5,76.7058823529412
19,4010,-43,4.17725752508361
19,4011,-7,-44.7076023391813
19,4012,-27,-13.6666666666667
19,4013,-38,-13.6666666666667
19,4014,-38,-44.7076023391813
19,4015,0,-44.7076023391813
19,4016,6,4.17725752508361
19,4017,23,4.17725752508361
19,4018,80,82
19,4019,98,128.179104477612
19,4020,111,113.455882352941
19,4021,121,40.6551724137931
19,4022,56,-231.604938271605
19,4023,38,-39.6153846153846
19,4024,36,14.041095890411
19,4025,-2,-23.8888888888889
19,4026,-64,4.17725752508361
19,4027,-8,-44.7076023391813
19,4028,-14,-13.6666666666667
19,4029,-26,-13.6666666666667
19,4030,-165,-13.6666666666667
19,4031,-80,-44.7076023391813
19,4032,-39,-2.71830985915493
19,4033,-71,-44.7076023391813
19,4034,-63,-44.7076023391813
19,4035,-33,-44.7076023391813
19,4036,-5,-2.71830985915493
19,4037,-3,4.17725752508361
19,4038,5,4.17725752508361
19,4039,25,4.17725752508361
19,4040,123,82
19,4041,277,183.68544600939
19,4042,237,-126.111111111111
19,4043,-368,-231.604938271605
19,4044,-106,-155.083333333333
19,4045,46,-17.8
19,4046,31,-22.8297872340426
19,4047,-22,-23.8888888888889
19,4048,-6,-13.6666666666667
19,4049,26,4.17725752508361
19,4050,190,118.314814814815
19,4051,354,238.719298245614
19,4052,-6,-126.111111111111
19,4053,-257,-155.083333333333
19,4054,-123,-112.746268656716
19,4055,-142,1.14285714285714
19,4056,-98,-44.7076023391813
19,4057,-64,-44.7076023391813
19,4058,-68,-44.7076023391813
19,4059,-33,-2.71830985915493
19,4060,-16,-2.71830985915493
19,4061,-8,-13.6666666666667
19,4062,2,-13.6666666666667
19,4063,31,4.17725752508361
19,4064,28,82
19,4065,115,82
19,4066,439,183.68544600939
19,4067,-216,-126.111111111111
19,4068,-194,-155.083333333333
19,4069,-12,-17.8
19,4070,104,-13.6666666666667
19,4071,-14,-22.8297872340426
19,4072,-31,-13.6666666666667
19,4073,28,-2.71830985915493
19,4074,175,76.7058823529412
19,4075,354,187.461538461538
19,4076,42,-126.111111111111
19,4077,-227,-155.083333333333
19,4078,-191,-112.746268656716
19,4079,-128,1.14285714285714
19,4080,-119,1.14285714285714
19,4081,-22,-44.7076023391813
19,4082,-107,-13.6666666666667
19,4083,-23,-2.71830985915493
19,4084,-29,7.02631578947368
19,4085,3,-13.6666666666667
19,4086,-7,4.17725752508361
19,4087,35,-13.6666666666667
19,4088,133,82
19,4089,320,96.3
19,4090,190,-126.111111111111
19,4091,-315,-231.604938271605
19,4092,-134,-109.548387096774
19,4093,2,1.14285714285714
19,4094,72,4.17725752508361
19,4095,-13,-22.8297872340426
19,4096,-39,-13.6666666666667
19,4097,11,-2.71830985915493
19,4098,165,118.314814814815
19,4099,420,238.719298245614
19,4100,-3,-126.111111111111
19,4101,-199,-155.083333333333
19,4102,-222,-112.746268656716
19,4103,-112,1.14285714285714
19,4104,-89,1.14285714285714
19,4105,-88,-44.7076023391813
19,4106,-62,-44.7076023391813
19,4107,-55,-2.71830985915493
19,4108,-6,-2.71830985915493
19,4109,-11,4.17725752508361
19,4110,1,-13.6666666666667
19,4111,32,4.17725752508361
19,4112,128,82
19,4113,299,183.68544600939
19,4114,218,-126.111111111111
19,4115,-345,-231.604938271605
19,4116,-138,-155.083333333333
19,4117,75,-17.8
19,4118,69,-22.8297872340426
19,4119,-43,-22.8297872340426
19,4120,-52,-44.7076023391813
19,4121,12,-2.71830985915493
19,4122,159,118.314814814815
19,4123,478,238.719298245614
19,4124,-65,-126.111111111111
19,4125,-155,-155.083333333333
19,4126,-163,-112.746268656716
19,4127,-158,-44.7076023391813
19,4128,-102,-44.7076023391813
19,4129,-28,-44.7076023391813
19,4130,-138,-13.6666666666667
19,4131,-34,-2.71830985915493
19,4132,-35,-2.71830985915493
19,4133,-13,-2.71830985915493
19,4134,3,-13.6666666666667
19,4135,27,4.17725752508361
19,4136,121,82
19,4137,222,183.68544600939
19,4138,289,-126.111111111111
19,4139,-290,-231.604938271605
19,4140,-147,-155.083333333333
19,4141,72,-17.8
19,4142,62,-22.8297872340426
19,4143,-8,-22.8297872340426
19,4144,-29,-13.6666666666667
19,4145,55,-13.6666666666667
19,4146,105,113.455882352941
19,4147,303,238.719298245614
19,4148,-122,-115.617647058824
19,4149,-178,-155.083333333333
19,4150,-132,-17.8
19,4151,-104,1.14285714285714
19,4152,-42,-44.7076023391813
19,4153,-92,-44.7076023391813
19,4154,-16,-2.71830985915493
19,4155,-13,-13.6666666666667
19,4156,-49,7.02631578947368
19,4157,-13,-2.71830985915493
19,4158,-17,-13.6666666666667
19,4159,-4,-13.6666666666667
19,4160,18,4.17725752508361
19,4161,37,82
19,4162,125,82
19,4163,103,128.179104477612
19,4164,188,-126.111111111111
19,4165,56,40.6551724137931
19,4166,118,-109.548387096774
19,4167,-10,-115.617647058824
19,4168,-46,-39.6153846153846
19,4169,-2,-44.7076023391813
19,4170,45,4.17725752508361
19,4171,-6,-22.8297872340426
19,4172,-81,4.17725752508361
19,4173,-66,-44.7076023391813
19,4174,-147,-44.7076023391813
19,4175,-3,-44.7076023391813
19,4176,-77,4.17725752508361
19,4177,-26,-44.7076023391813
19,4178,-48,-13.6666666666667
19,4179,-56,-2.71830985915493
19,4180,-12,-2.71830985915493
19,4181,-64,-13.6666666666667
19,4182,-29,-2.71830985915493
19,4183,-15,-13.6666666666667
19,4184,9,-13.6666666666667
19,4185,21,4.17725752508361
19,4186,83,82
19,4187,146,183.68544600939
19,4188,155,113.455882352941
19,4189,-153,-231.604938271605
19,4190,26,-109.548387096774
19,4191,-136,82
19,4192,-13,-44.7076023391813
19,4193,127,-13.6666666666667
19,4194,80,-22.8297872340426
19,4195,-13,-109.548387096774
19,4196,34,118.314814814815
19,4197,-36,118.314814814815
19,4198,-67,-44.7076023391813
19,4199,-84,-44.7076023391813
19,4200,-134,-44.7076023391813
19,4201,-10,-44.7076023391813
19,4202,-20,-13.6666666666667
19,4203,-16,-13.6666666666667
19,4204,-5,-13.6666666666667
19,4205,-2,4.17725752508361
19,4206,4,4.17725752508361
19,4207,30,4.17725752508361
19,4208,124,82
19,4209,281,128.179104477612
19,4210,213,-126.111111111111
19,4211,-298,-231.604938271605
19,4212,-164,-155.083333333333
19,4213,48,-17.8
19,4214,41,-22.8297872340426
19,4215,9,-22.8297872340426
19,4216,-16,4.17725752508361
19,4217,34,-13.6666666666667
19,4218,151,118.314814814815
19,4219,433,238.719298245614
19,4220,-78,-126.111111111111
19,4221,-516,-155.083333333333
19,4222,-38,-112.746268656716
19,4223,-16,1.14285714285714
19,4224,-84,-13.6666666666667
19,4225,-59,-44.7076023391813
19,4226,-43,-2.71830985915493
19,4227,-26,-2.71830985915493
19,4228,-25,7.02631578947368
19,4229,-5,-13.6666666666667
19,4230,1,4.17725752508361
19,4231,30,4.17725752508361
19,4232,135,82
19,4233,350,183.68544600939
19,4234,204,-126.111111111111
19,4235,-395,-231.604938271605
19,4236,-150,-155.083333333333
19,4237,78,1.14285714285714
19,4238,49,-22.8297872340426
19,4239,26,-22.8297872340426
19,4240,-29,-23.8888888888889
19,4241,0,118.314814814815
19,4242,165,118.314814814815
19,4243,411,238.719298245614
19,4244,-253,-126.111111111111
19,4245,-149,-155.083333333333
19,4246,-118,-17.8
19,4247,-78,-44.7076023391813
19,4248,-48,-44.7076023391813
19,4249,-96,-44.7076023391813
19,4250,-81,-2.71830985915493
19,4251,-34,-2.71830985915493
19,4252,-4,-2.71830985915493
19,4253,-10,4.17725752508361
19,4254,1,-13.6666666666667
19,4255,32,4.17725752508361
19,4256,147,82
19,4257,366,183.68544600939
19,4258,187,-126.111111111111
19,4259,-364,-231.604938271605
19,4260,-151,-109.548387096774
19,4261,42,1.14285714285714
19,4262,45,-22.8297872340426
19,4263,4,-22.8297872340426
19,4264,-50,4.17725752508361
19,4265,50,-2.71830985915493
19,4266,144,113.455882352941
19,4267,323,238.719298245614
19,4268,-100,-231.604938271605
19,4269,-103,-155.083333333333
19,4270,-189,-17.8
19,4271,-40,-44.7076023391813
19,4272,-70,1.14285714285714
19,4273,-141,-44.7076023391813
19,4274,-80,-2.71830985915493
19,4275,-35,-2.71830985915493
19,4276,-5,-2.71830985915493
19,4277,-11,4.17725752508361
19,4278,-3,-13.6666666666667
19,4279,31,4.17725752508361
19,4280,155,82
19,4281,289,259.882352941176
19,4282,226,-126.111111111111
19,4283,-295,-231.604938271605
19,4284,-179,-155.083333333333
19,4285,45,-17.8
19,4286,54,-22.8297872340426
19,4287,14,-22.8297872340426
19,4288,-41,-23.8888888888889
19,4289,0,-2.71830985915493
19,4290,160,118.314814814815
19,4291,355,238.719298245614
19,4292,121,-126.111111111111
19,4293,-308,-231.604938271605
19,4294,-159,-39.6153846153846
19,4295,-145,1.14285714285714
19,4296,-131,-44.7076023391813
19,4297,-41,-44.7076023391813
19,4298,-46,-44.7076023391813
19,4299,-69,-2.71830985915493
19,4300,-26,-2.71830985915493
19,4301,-8,-13.6666666666667
19,4302,0,-13.6666666666667
19,4303,30,4.17725752508361
19,4304,113,82
19,4305,274,96.3
19,4306,319,-126.111111111111
19,4307,-355,-231.604938271605
19,4308,-127,-155.083333333333
19,4309,19,-17.8
19,4310,90,14.041095890411
19,4311,-20,-22.8297872340426
19,4312,-13,-13.6666666666667
19,4313,12,-13.6666666666667
19,4314,165,118.314814814815
19,4315,297,238.719298245614
19,4316,-76,-126.111111111111
19,4317,-200,-155.083333333333
19,4318,-173,-112.746268656716
19,4319,-57,1.14285714285714
19,4320,-55,1.14285714285714
19,4321,-73,-44.7076023391813
19,4322,-43,-2.71830985915493
19,4323,-20,-2.71830985915493
19,4324,-36,7.02631578947368
19,4325,-41,-44.7076023391813
19,4326,-26,-44.7076023391813
19,4327,2,-13.6666666666667
19,4328,16,4.17725752508361
19,4329,72,82
19,4330,60,183.68544600939
19,4331,126,150.636363636364
19,4332,154,40.6551724137931
19,4333,15,-231.604938271605
19,4334,127,-109.548387096774
19,4335,-67,-115.617647058824
19,4336,-35,-109.548387096774
19,4337,-249,-44.7076023391813
19,4338,201,-44.7076023391813
19,4339,-31,-22.8297872340426
19,4340,-20,-155.083333333333
19,4341,-29,7.02631578947368
19,4342,-113,-13.6666666666667
20,1,-35,-15.125786163522
20,2,-23,-15.125786163522
20,3,-2,-15.125786163522
20,4,-2,2.80817610062893
20,5,-1,2.80817610062893
20,6,15,2.80817610062893
20,7,74,77.051724137931
20,8,190,139.796610169492
20,9,248,183.568075117371
20,10,-298,-233.493421052632
20,11,-126,-157.116883116883
20,12,-1,15
20,13,74,2.80817610062893
20,14,5,-47.8571428571429
20,15,-24,2.80817610062893
20,16,16,-15.125786163522
20,17,112,112.406779661017
20,18,243,231.6
20,19,-2,-61.1818181818182
20,20,-193,-157.116883116883
20,21,-115,-122.064516129032
20,22,-24,-43.9712230215827
20,23,-103,-15.125786163522
20,24,-36,-43.9712230215827
20,25,-46,-43.9712230215827
20,26,-4,-5.5
20,27,-3,-4.36666666666667
20,28,3,2.80817610062893
20,29,-4,2.80817610062893
20,30,19,2.80817610062893
20,31,80,77.051724137931
20,32,224,183.568075117371
20,33,234,186.466666666667
20,34,-327,-233.493421052632
20,35,-100,-157.116883116883
20,36,31,15
20,37,20,23.6785714285714
20,38,7,-34.5434782608696
20,39,-56,2.80817610062893
20,40,32,-5.5
20,41,121,112.406779661017
20,42,243,231.6
20,43,-81,-61.1818181818182
20,44,-143,-157.116883116883
20,45,-102,-122.064516129032
20,46,-16,-43.9712230215827
20,47,-87,-15.125786163522
20,48,-36,-43.9712230215827
20,49,-33,-5.5
20,50,-26,-15.125786163522
20,51,-2,-4.36666666666667
20,52,-2,2.80817610062893
20,53,27,2.80817610062893
20,54,75,77.051724137931
20,55,149,183.568075117371
20,56,-137,183.568075117371
20,57,-78,-120.456790123457
20,58,-28,-43.9712230215827
20,59,0,-15.125786163522
20,60,60,2.80817610062893
20,61,6,21.1304347826087
20,62,-20,2.80817610062893
20,63,34,-15.125786163522
20,64,77,112.406779661017
20,65,86,183.568075117371
20,66,-61,-28.3684210526316
20,67,-90,-43.9712230215827
20,68,-5,-43.9712230215827
20,69,-58,2.80817610062893
20,70,16,-43.9712230215827
20,71,-22,-34.5434782608696
20,72,-22,-15.125786163522
20,73,1,-15.125786163522
20,74,-6,2.80817610062893
20,75,-3,2.80817610062893
20,76,2,2.80817610062893
20,77,13,2.80817610062893
20,78,91,77.051724137931
20,79,195,183.568075117371
20,80,290,186.466666666667
20,81,-308,-233.493421052632
20,82,-153,-157.116883116883
20,83,35,15
20,84,52,23.6785714285714
20,85,-9,21.1304347826087
20,86,0,-15.125786163522
20,87,12,2.80817610062893
20,88,138,112.406779661017
20,89,239,231.6
20,90,-75,-61.1818181818182
20,91,-197,-157.116883116883
20,92,-74,-122.064516129032
20,93,-57,-43.9712230215827
20,94,-71,-43.9712230215827
20,95,-41,-43.9712230215827
20,96,-39,-5.5
20,97,-26,-5.5
20,98,-14,-4.36666666666667
20,99,-3,-15.125786163522
20,100,-1,2.80817610062893
20,101,22,2.80817610062893
20,102,68,77.051724137931
20,103,170,151.016129032258
20,104,287,183.568075117371
20,105,-235,-233.493421052632
20,106,-182,-157.116883116883
20,107,62,15
20,108,40,21.1304347826087
20,109,-12,21.1304347826087
20,110,-17,-15.125786163522
20,111,-127,-15.125786163522
20,112,-28,-5.5
20,113,78,112.406779661017
20,114,32,-47.8571428571429
20,115,14,-34.5434782608696
20,116,-74,77.051724137931
20,117,1,-5.5
20,118,-26,2.80817610062893
20,119,-52,-15.125786163522
20,120,-1,-43.9712230215827
20,121,22,2.80817610062893
20,122,-6,-34.5434782608696
20,123,-17,2.80817610062893
20,124,-19,-15.125786163522
20,125,0,-15.125786163522
20,126,5,2.80817610062893
20,127,9,2.80817610062893
20,128,32,2.80817610062893
20,129,46,77.051724137931
20,130,74,139.796610169492
20,131,46,86.3559322033898
20,132,85,43.2608695652174
20,133,40,43.2608695652174
20,134,91,-28.3684210526316
20,135,-31,-28.3684210526316
20,136,68,-15.125786163522
20,137,-82,-28.3684210526316
20,138,-82,-43.9712230215827
20,139,-78,-43.9712230215827
20,140,-76,-43.9712230215827
20,141,5,-43.9712230215827
20,142,-20,2.80817610062893
20,143,-28,-15.125786163522
20,144,-34,-15.125786163522
20,145,4,-15.125786163522
20,146,4,2.80817610062893
20,147,-54,2.80817610062893
20,148,-12,-43.9712230215827
20,149,-9,-15.125786163522
20,150,0,-15.125786163522
20,151,18,2.80817610062893
20,152,43,23.6785714285714
20,153,52,110.884615384615
20,154,74,139.796610169492
20,155,64,86.3559322033898
20,156,71,86.3559322033898
20,157,37,43.2608695652174
20,158,-32,23.6785714285714
20,159,2,-15.125786163522
20,160,-35,2.80817610062893
20,161,-36,-15.125786163522
20,162,-79,-43.9712230215827
20,163,-52,-43.9712230215827
20,164,-44,-43.9712230215827
20,165,-9,-43.9712230215827
20,166,-17,-15.125786163522
20,167,-36,-15.125786163522
20,168,-9,-5.5
20,169,-11,-15.125786163522
20,170,-2,-15.125786163522
20,171,-3,2.80817610062893
20,172,0,2.80817610062893
20,173,17,2.80817610062893
20,174,73,77.051724137931
20,175,169,183.568075117371
20,176,168,139.796610169492
20,177,-231,-233.493421052632
20,178,-111,-120.456790123457
20,179,17,15.5757575757576
20,180,34,23.6785714285714
20,181,-17,-34.5434782608696
20,182,8,-15.125786163522
20,183,2,2.80817610062893
20,184,80,112.406779661017
20,185,177,181.844444444444
20,186,-12,-47.8571428571429
20,187,-149,-120.456790123457
20,188,-47,-43.9712230215827
20,189,-59,-43.9712230215827
20,190,-42,-43.9712230215827
20,191,-47,-43.9712230215827
20,192,-23,-43.9712230215827
20,193,-2,-15.125786163522
20,194,-2,-4.36666666666667
20,195,-3,2.80817610062893
20,196,2,2.80817610062893
20,197,22,2.80817610062893
20,198,77,77.051724137931
20,199,173,183.568075117371
20,200,226,186.466666666667
20,201,-268,-233.493421052632
20,202,-104,-157.116883116883
20,203,1,15
20,204,8,2.80817610062893
20,205,26,2.80817610062893
20,206,-28,-34.5434782608696
20,207,30,-15.125786163522
20,208,84,112.406779661017
20,209,196,231.6
20,210,11,-48.5454545454545
20,211,-170,-120.456790123457
20,212,-100,-43.9712230215827
20,213,-39,-43.9712230215827
20,214,-42,-43.9712230215827
20,215,-52,-43.9712230215827
20,216,-39,-43.9712230215827
20,217,-10,-5.5
20,218,-1,-4.36666666666667
20,219,-1,2.80817610062893
20,220,0,2.80817610062893
20,221,15,2.80817610062893
20,222,90,77.051724137931
20,223,236,183.568075117371
20,224,222,141.207547169811
20,225,-302,-233.493421052632
20,226,-117,-157.116883116883
20,227,14,15
20,228,54,23.6785714285714
20,229,-10,21.1304347826087
20,230,-30,-15.125786163522
20,231,34,-15.125786163522
20,232,79,112.406779661017
20,233,324,231.6
20,234,-68,-48.5454545454545
20,235,-183,-157.116883116883
20,236,-101,-122.064516129032
20,237,-72,-107.285714285714
20,238,-29,-43.9712230215827
20,239,-97,-15.125786163522
20,240,-16,-5.5
20,241,-25,-15.125786163522
20,242,-10,41.5333333333333
20,243,-8,-15.125786163522
20,244,-1,-15.125786163522
20,245,27,2.80817610062893
20,246,80,77.051724137931
20,247,225,183.568075117371
20,248,251,139.796610169492
20,249,-284,-233.493421052632
20,250,-163,-157.116883116883
20,251,66,15
20,252,47,21.1304347826087
20,253,-18,21.1304347826087
20,254,-30,-15.125786163522
20,255,-18,-15.125786163522
20,256,157,112.406779661017
20,257,255,231.6
20,258,-7,-61.1818181818182
20,259,-174,-157.116883116883
20,260,-114,-122.064516129032
20,261,-69,-43.9712230215827
20,262,-80,-43.9712230215827
20,263,-59,-43.9712230215827
20,264,-40,-43.9712230215827
20,265,-28,-5.5
20,266,-15,-4.36666666666667
20,267,-4,-15.125786163522
20,268,-6,2.80817610062893
20,269,28,2.80817610062893
20,270,56,77.051724137931
20,271,183,151.016129032258
20,272,233,183.568075117371
20,273,-217,-233.493421052632
20,274,-125,-157.116883116883
20,275,28,15
20,276,14,23.6785714285714
20,277,23,-34.5434782608696
20,278,-46,-34.5434782608696
20,279,60,-5.5
20,280,105,86.3559322033898
20,281,223,181.844444444444
20,282,-96,-48.5454545454545
20,283,-226,-157.116883116883
20,284,-85,-122.064516129032
20,285,-18,15.5757575757576
20,286,-34,-15.125786163522
20,287,-21,-15.125786163522
20,288,-9,-15.125786163522
20,289,-26,-15.125786163522
20,290,-9,-4.36666666666667
20,291,-26,-15.125786163522
20,292,-12,-15.125786163522
20,293,6,-15.125786163522
20,294,2,2.80817610062893
20,295,28,2.80817610062893
20,296,71,77.051724137931
20,297,37,183.568075117371
20,298,75,77.051724137931
20,299,51,86.3559322033898
20,300,55,43.2608695652174
20,301,28,-28.3684210526316
20,302,22,23.6785714285714
20,303,27,-34.5434782608696
20,304,-16,-34.5434782608696
20,305,-36,-15.125786163522
20,306,-57,-43.9712230215827
20,307,-113,-43.9712230215827
20,308,-63,-43.9712230215827
20,309,-11,-43.9712230215827
20,310,-10,-15.125786163522
20,311,-17,-15.125786163522
20,312,-14,-15.125786163522
20,313,-8,-15.125786163522
20,314,5,-15.125786163522
20,315,-44,2.80817610062893
20,316,-15,-43.9712230215827
20,317,3,-15.125786163522
20,318,7,2.80817610062893
20,319,55,2.80817610062893
20,320,18,139.796610169492
20,321,128,23.6785714285714
20,322,81,64.3636363636364
20,323,111,-97.3157894736842
20,324,54,-138.814814814815
20,325,37,10.3636363636364
20,326,-14,23.6785714285714
20,327,22,-15.125786163522
20,328,-11,-34.5434782608696
20,329,-109,-15.125786163522
20,330,-131,-43.9712230215827
20,331,-87,-43.9712230215827
20,332,-24,-43.9712230215827
20,333,-53,-15.125786163522
20,334,-42,-43.9712230215827
20,335,-28,-5.5
20,336,-14,-15.125786163522
20,337,-1,-15.125786163522
20,338,-7,2.80817610062893
20,339,1,-15.125786163522
20,340,13,2.80817610062893
20,341,72,77.051724137931
20,342,180,183.568075117371
20,343,296,183.568075117371
20,344,-283,-233.493421052632
20,345,-144,-157.116883116883
20,346,13,15
20,347,71,23.6785714285714
20,348,29,-47.8571428571429
20,349,-29,-34.5434782608696
20,350,12,-15.125786163522
20,351,99,112.406779661017
20,352,312,231.6
20,353,68,-47.8571428571429
20,354,-266,-157.116883116883
20,355,-160,-122.064516129032
20,356,-81,15.5757575757576
20,357,-72,-43.9712230215827
20,358,-70,-43.9712230215827
20,359,-37,-43.9712230215827
20,360,-10,-5.5
20,361,-15,-4.36666666666667
20,362,1,-15.125786163522
20,363,-1,2.80817610062893
20,364,23,2.80817610062893
20,365,89,77.051724137931
20,366,195,183.568075117371
20,367,285,141.207547169811
20,368,-251,-233.493421052632
20,369,-199,-157.116883116883
20,370,76,15
20,371,25,-47.8571428571429
20,372,-11,-34.5434782608696
20,373,-21,-15.125786163522
20,374,52,-15.125786163522
20,375,101,86.3559322033898
20,376,311,231.6
20,377,58,-48.5454545454545
20,378,-255,-157.116883116883
20,379,-128,-122.064516129032
20,380,-107,15.5757575757576
20,381,-74,-43.9712230215827
20,382,-83,-43.9712230215827
20,383,-48,-43.9712230215827
20,384,-12,-5.5
20,385,-25,-4.36666666666667
20,386,2,-15.125786163522
20,387,1,2.80817610062893
20,388,22,2.80817610062893
20,389,94,77.051724137931
20,390,247,183.568075117371
20,391,294,141.207547169811
20,392,-311,-233.493421052632
20,393,-163,-157.116883116883
20,394,32,15
20,395,47,23.6785714285714
20,396,-13,21.1304347826087
20,397,-30,-15.125786163522
20,398,59,-15.125786163522
20,399,73,86.3559322033898
20,400,426,231.6
20,401,-33,-48.5454545454545
20,402,-277,-157.116883116883
20,403,-142,-122.064516129032
20,404,-42,15.5757575757576
20,405,-86,-43.9712230215827
20,406,-111,-43.9712230215827
20,407,-31,-43.9712230215827
20,408,-37,-15.125786163522
20,409,-4,-5.5
20,410,-12,2.80817610062893
20,411,7,-15.125786163522
20,412,12,2.80817610062893
20,413,91,77.051724137931
20,414,264,183.568075117371
20,415,242,141.207547169811
20,416,-308,-233.493421052632
20,417,-151,-157.116883116883
20,418,47,15
20,419,54,21.1304347826087
20,420,8,21.1304347826087
20,421,-15,2.80817610062893
20,422,29,-15.125786163522
20,423,139,112.406779661017
20,424,287,231.6
20,425,33,-61.1818181818182
20,426,-321,-157.116883116883
20,427,-95,-122.064516129032
20,428,-87,15.5757575757576
20,429,-74,-43.9712230215827
20,430,-72,-43.9712230215827
20,431,-40,-43.9712230215827
20,432,-31,-5.5
20,433,-22,-4.36666666666667
20,434,-1,-15.125786163522
20,435,0,2.80817610062893
20,436,29,2.80817610062893
20,437,67,77.051724137931
20,438,179,151.016129032258
20,439,284,183.568075117371
20,440,-250,-233.493421052632
20,441,-132,-157.116883116883
20,442,27,15
20,443,87,23.6785714285714
20,444,-34,-47.8571428571429
20,445,-58,-15.125786163522
20,446,-95,-5.5
20,447,22,-5.5
20,448,129,-4.36666666666667
20,449,150,-47.8571428571429
20,450,-112,-61.1818181818182
20,451,-61,-120.456790123457
20,452,-83,-5.5
20,453,-4,-43.9712230215827
20,454,-22,2.80817610062893
20,455,-26,-15.125786163522
20,456,-31,-15.125786163522
20,457,-27,41.5333333333333
20,458,-16,112.406779661017
20,459,-24,-15.125786163522
20,460,6,-15.125786163522
20,461,22,2.80817610062893
20,462,56,77.051724137931
20,463,132,151.016129032258
20,464,103,183.568075117371
20,465,122,-233.493421052632
20,466,142,86.3559322033898
20,467,66,-233.493421052632
20,468,35,-120.456790123457
20,469,4,-34.5434782608696
20,470,-11,2.80817610062893
20,471,6,-15.125786163522
20,472,-37,112.406779661017
20,473,-88,-43.9712230215827
20,474,-143,-43.9712230215827
20,475,-146,-43.9712230215827
20,476,-48,-43.9712230215827
20,477,-12,-43.9712230215827
20,478,-26,-15.125786163522
20,479,-78,-15.125786163522
20,480,6,-5.5
20,481,-57,2.80817610062893
20,482,-38,-43.9712230215827
20,483,-4,-43.9712230215827
20,484,-8,2.80817610062893
20,485,5,-15.125786163522
20,486,31,2.80817610062893
20,487,54,23.6785714285714
20,488,82,139.796610169492
20,489,173,183.568075117371
20,490,17,-138.814814814815
20,491,135,-120.456790123457
20,492,41,-138.814814814815
20,493,-23,10.3636363636364
20,494,33,-15.125786163522
20,495,-13,-34.5434782608696
20,496,0,-15.125786163522
20,497,-82,2.80817610062893
20,498,-107,-43.9712230215827
20,499,-154,-43.9712230215827
20,500,-25,-43.9712230215827
20,501,-73,-15.125786163522
20,502,-54,-43.9712230215827
20,503,-23,-5.5
20,504,-8,-15.125786163522
20,505,-7,-15.125786163522
20,506,-6,-15.125786163522
20,507,1,2.80817610062893
20,508,28,2.80817610062893
20,509,89,77.051724137931
20,510,234,183.568075117371
20,511,225,141.207547169811
20,512,-248,-233.493421052632
20,513,-147,-157.116883116883
20,514,17,15
20,515,81,23.6785714285714
20,516,-19,-47.8571428571429
20,517,-3,-15.125786163522
20,518,26,2.80817610062893
20,519,99,112.406779661017
20,520,336,231.6
20,521,80,-48.5454545454545
20,522,-252,-157.116883116883
20,523,-219,-122.064516129032
20,524,-107,15.5757575757576
20,525,-75,15.5757575757576
20,526,-94,-43.9712230215827
20,527,-25,-43.9712230215827
20,528,-14,-15.125786163522
20,529,-5,-4.36666666666667
20,530,-7,2.80817610062893
20,531,3,-15.125786163522
20,532,14,2.80817610062893
20,533,80,77.051724137931
20,534,70,183.568075117371
20,535,346,183.568075117371
20,536,-191,-138.814814814815
20,537,-162,-157.116883116883
20,538,67,15
20,539,31,21.1304347826087
20,540,23,23.6785714285714
20,541,-36,-34.5434782608696
20,542,-4,-5.5
20,543,187,2.80817610062893
20,544,319,181.844444444444
20,545,51,-61.1818181818182
20,546,-246,-157.116883116883
20,547,-178,-122.064516129032
20,548,-100,15.5757575757576
20,549,-89,-43.9712230215827
20,550,-98,-43.9712230215827
20,551,-57,-43.9712230215827
20,552,-7,-5.5
20,553,-16,-4.36666666666667
20,554,-2,-15.125786163522
20,555,-4,2.80817610062893
20,556,35,2.80817610062893
20,557,110,77.051724137931
20,558,223,183.568075117371
20,559,163,141.207547169811
20,560,-242,-233.493421052632
20,561,-139,-120.456790123457
20,562,38,15.5757575757576
20,563,37,23.6785714285714
20,564,74,-34.5434782608696
20,565,-78,-28.3684210526316
20,566,18,-5.5
20,567,135,112.406779661017
20,568,351,231.6
20,569,50,-61.1818181818182
20,570,-197,-157.116883116883
20,571,-208,-122.064516129032
20,572,-123,-107.285714285714
20,573,-54,15.5757575757576
20,574,-72,-43.9712230215827
20,575,-84,-43.9712230215827
20,576,-11,-5.5
20,577,-24,-4.36666666666667
20,578,1,-15.125786163522
20,579,-1,2.80817610062893
20,580,28,2.80817610062893
20,581,102,77.051724137931
20,582,225,183.568075117371
20,583,288,141.207547169811
20,584,-331,-233.493421052632
20,585,-176,-157.116883116883
20,586,77,15
20,587,53,-47.8571428571429
20,588,26,21.1304347826087
20,589,-41,-34.5434782608696
20,590,47,-5.5
20,591,121,86.3559322033898
20,592,385,231.6
20,593,-9,-175.315789473684
20,594,-215,-157.116883116883
20,595,-162,-122.064516129032
20,596,-50,15.5757575757576
20,597,-154,-43.9712230215827
20,598,-69,-43.9712230215827
20,599,-56,-43.9712230215827
20,600,-45,-5.5
20,601,-18,-5.5
20,602,-22,-15.125786163522
20,603,-7,-15.125786163522
20,604,31,-15.125786163522
20,605,82,77.051724137931
20,606,230,183.568075117371
20,607,316,141.207547169811
20,608,-282,-233.493421052632
20,609,-105,-157.116883116883
20,610,43,15
20,611,153,21.1304347826087
20,612,-43,-47.8571428571429
20,613,4,-120.456790123457
20,614,40,2.80817610062893
20,615,117,86.3559322033898
20,616,368,231.6
20,617,-127,-61.1818181818182
20,618,-144,-157.116883116883
20,619,-241,-122.064516129032
20,620,-161,-107.285714285714
20,621,-13,15.5757575757576
20,622,-95,-15.125786163522
20,623,-20,-5.5
20,624,-28,-15.125786163522
20,625,-59,41.5333333333333
20,626,-37,-5.5
20,627,-25,-43.9712230215827
20,628,-3,-15.125786163522
20,629,24,2.80817610062893
20,630,42,77.051724137931
20,631,84,151.016129032258
20,632,95,183.568075117371
20,633,96,86.3559322033898
20,634,-72,86.3559322033898
20,635,-90,-43.9712230215827
20,636,13,-43.9712230215827
20,637,27,-34.5434782608696
20,638,67,-34.5434782608696
20,639,-113,21.1304347826087
20,640,-62,-5.5
20,641,22,-5.5
20,642,-4,-7.4
20,643,-22,2.80817610062893
20,644,-7,-15.125786163522
20,645,-21,-15.125786163522
20,646,22,-15.125786163522
20,647,-25,-7.4
20,648,9,-15.125786163522
20,649,-54,2.80817610062893
20,650,-17,-43.9712230215827
20,651,-10,-15.125786163522
20,652,-2,-15.125786163522
20,653,12,2.80817610062893
20,654,21,77.051724137931
20,655,50,23.6785714285714
20,656,29,139.796610169492
20,657,132,77.051724137931
20,658,73,-34.6666666666667
20,659,37,10.3636363636364
20,660,7,23.6785714285714
20,661,47,2.80817610062893
20,662,7,-28.3684210526316
20,663,71,2.80817610062893
20,664,-73,-28.3684210526316
20,665,72,-43.9712230215827
20,666,-116,43.2608695652174
20,667,-116,-43.9712230215827
20,668,-110,-43.9712230215827
20,669,-38,-43.9712230215827
20,670,-46,-5.5
20,671,-32,-43.9712230215827
20,672,-5,-15.125786163522
20,673,-8,2.80817610062893
20,674,-19,-15.125786163522
20,675,3,-15.125786163522
20,676,32,2.80817610062893
20,677,81,77.051724137931
20,678,253,183.568075117371
20,679,287,-138.814814814815
20,680,-375,-233.493421052632
20,681,-129,-157.116883116883
20,682,25,15
20,683,101,23.6785714285714
20,684,22,-47.8571428571429
20,685,-84,-34.5434782608696
20,686,6,-5.5
20,687,82,112.406779661017
20,688,359,231.6
20,689,20,-47.8571428571429
20,690,-226,-157.116883116883
20,691,-237,-122.064516129032
20,692,-35,15.5757575757576
20,693,-93,-15.125786163522
20,694,-45,-43.9712230215827
20,695,-38,-43.9712230215827
20,696,-5,-5.5
20,697,2,-4.36666666666667
20,698,-3,2.80817610062893
20,699,-1,2.80817610062893
20,700,14,2.80817610062893
20,701,84,77.051724137931
20,702,185,183.568075117371
20,703,295,186.466666666667
20,704,-314,-233.493421052632
20,705,-129,-157.116883116883
20,706,37,15
20,707,45,23.6785714285714
20,708,-9,21.1304347826087
20,709,-27,-15.125786163522
20,710,16,-15.125786163522
20,711,105,112.406779661017
20,712,309,231.6
20,713,30,-47.8571428571429
20,714,-227,-157.116883116883
20,715,-123,-122.064516129032
20,716,-73,15.5757575757576
20,717,-87,-43.9712230215827
20,718,-70,-43.9712230215827
20,719,-34,-43.9712230215827
20,720,-22,-15.125786163522
20,721,-5,-4.36666666666667
20,722,2,2.80817610062893
20,723,-4,2.80817610062893
20,724,39,2.80817610062893
20,725,75,77.051724137931
20,726,243,183.568075117371
20,727,300,141.207547169811
20,728,-344,-233.493421052632
20,729,-141,-157.116883116883
20,730,49,15
20,731,46,21.1304347826087
20,732,5,21.1304347826087
20,733,-52,2.80817610062893
20,734,-22,-5.5
20,735,22,112.406779661017
20,736,383,112.406779661017
20,737,37,-47.8571428571429
20,738,-185,-157.116883116883
20,739,-94,-122.064516129032
20,740,-101,-107.285714285714
20,741,-89,-43.9712230215827
20,742,-79,-43.9712230215827
20,743,-45,-43.9712230215827
20,744,-15,-5.5
20,745,-27,-4.36666666666667
20,746,-1,-15.125786163522
20,747,4,2.80817610062893
20,748,23,2.80817610062893
20,749,85,77.051724137931
20,750,250,183.568075117371
20,751,287,141.207547169811
20,752,-333,-233.493421052632
20,753,-155,-157.116883116883
20,754,54,15
20,755,72,21.1304347826087
20,756,-19,-47.8571428571429
20,757,-35,-15.125786163522
20,758,69,-15.125786163522
20,759,81,86.3559322033898
20,760,315,231.6
20,761,-22,-48.5454545454545
20,762,-213,-157.116883116883
20,763,-133,-122.064516129032
20,764,-111,15.5757575757576
20,765,-72,-43.9712230215827
20,766,-58,-43.9712230215827
20,767,-35,-43.9712230215827
20,768,-32,-15.125786163522
20,769,-20,-4.36666666666667
20,770,0,-15.125786163522
20,771,-5,2.80817610062893
20,772,24,2.80817610062893
20,773,60,77.051724137931
20,774,203,151.016129032258
20,775,304,141.207547169811
20,776,-272,-233.493421052632
20,777,-134,-157.116883116883
20,778,14,15
20,779,69,23.6785714285714
20,780,-28,21.1304347826087
20,781,-13,-15.125786163522
20,782,51,-15.125786163522
20,783,87,86.3559322033898
20,784,239,231.6
20,785,-46,-48.5454545454545
20,786,-165,-157.116883116883
20,787,-186,-122.064516129032
20,788,11,-43.9712230215827
20,789,-67,23.6785714285714
20,790,-30,-43.9712230215827
20,791,-31,-15.125786163522
20,792,-10,-15.125786163522
20,793,-13,-4.36666666666667
20,794,-38,-15.125786163522
20,795,-23,-5.5
20,796,-3,-15.125786163522
20,797,18,2.80817610062893
20,798,21,77.051724137931
20,799,101,77.051724137931
20,800,78,139.796610169492
20,801,90,86.3559322033898
20,802,150,86.3559322033898
20,803,158,-138.814814814815
20,804,17,-233.493421052632
20,805,-87,-120.456790123457
20,806,54,-43.9712230215827
20,807,-70,21.1304347826087
20,808,8,-43.9712230215827
20,809,-202,2.80817610062893
20,810,-57,-43.9712230215827
20,811,-76,15.5757575757576
20,812,-65,-43.9712230215827
20,813,13,-5.5
20,814,-44,-7.4
20,815,-45,-5.5
20,816,-5,-43.9712230215827
20,817,19,2.80817610062893
20,818,-56,77.051724137931
20,819,-13,-43.9712230215827
20,820,6,-15.125786163522
20,821,79,2.80817610062893
20,822,-13,113.411764705882
20,823,41,-15.125786163522
20,824,150,43.2608695652174
20,825,85,-34.6666666666667
20,826,91,-120.456790123457
20,827,-6,-28.3684210526316
20,828,19,2.80817610062893
20,829,97,77.051724137931
20,830,12,-47.8571428571429
20,831,-62,-34.5434782608696
20,832,44,-43.9712230215827
20,833,-123,39.1
20,834,-86,-43.9712230215827
20,835,-114,-43.9712230215827
20,836,-98,-43.9712230215827
20,837,-66,-43.9712230215827
20,838,-5,-43.9712230215827
20,839,-46,2.80817610062893
20,840,-12,-5.5
20,841,0,-15.125786163522
20,842,-1,2.80817610062893
20,843,20,2.80817610062893
20,844,86,77.051724137931
20,845,196,110.884615384615
20,846,283,139.796610169492
20,847,-272,-233.493421052632
20,848,-113,-157.116883116883
20,849,5,15
20,850,72,2.80817610062893
20,851,0,-47.8571428571429
20,852,-13,2.80817610062893
20,853,56,-15.125786163522
20,854,71,86.3559322033898
20,855,334,231.6
20,856,-111,-48.5454545454545
20,857,-124,-157.116883116883
20,858,-165,-122.064516129032
20,859,-91,-107.285714285714
20,860,-115,-43.9712230215827
20,861,-57,-43.9712230215827
20,862,-33,-5.5
20,863,-22,-15.125786163522
20,864,-6,-4.36666666666667
20,865,-2,2.80817610062893
20,866,-2,2.80817610062893
20,867,26,2.80817610062893
20,868,73,77.051724137931
20,869,241,183.568075117371
20,870,263,141.207547169811
20,871,-196,-233.493421052632
20,872,-189,-157.116883116883
20,873,39,15
20,874,73,23.6785714285714
20,875,14,-47.8571428571429
20,876,-34,-34.5434782608696
20,877,5,-15.125786163522
20,878,169,112.406779661017
20,879,272,181.844444444444
20,880,43,-61.1818181818182
20,881,-242,-157.116883116883
20,882,-179,-122.064516129032
20,883,-136,15.5757575757576
20,884,-85,-43.9712230215827
20,885,-79,-43.9712230215827
20,886,-38,-43.9712230215827
20,887,-30,-5.5
20,888,-6,-4.36666666666667
20,889,-2,2.80817610062893
20,890,-2,2.80817610062893
20,891,26,2.80817610062893
20,892,99,77.051724137931
20,893,240,183.568075117371
20,894,318,141.207547169811
20,895,-321,-233.493421052632
20,896,-196,-157.116883116883
20,897,46,15
20,898,70,21.1304347826087
20,899,-32,-47.8571428571429
20,900,7,-15.125786163522
20,901,10,2.80817610062893
20,902,122,112.406779661017
20,903,354,231.6
20,904,15,-61.1818181818182
20,905,-265,-157.116883116883
20,906,-122,-122.064516129032
20,907,-74,15.5757575757576
20,908,-117,-43.9712230215827
20,909,-50,-43.9712230215827
20,910,-86,-43.9712230215827
20,911,-32,-5.5
20,912,5,-4.36666666666667
20,913,-13,2.80817610062893
20,914,-4,-15.125786163522
20,915,28,2.80817610062893
20,916,97,77.051724137931
20,917,228,183.568075117371
20,918,284,141.207547169811
20,919,-287,-233.493421052632
20,920,-105,-157.116883116883
20,921,22,15
20,922,8,23.6785714285714
20,923,15,2.80817610062893
20,924,-4,-34.5434782608696
20,925,-18,2.80817610062893
20,926,133,112.406779661017
20,927,420,231.6
20,928,-124,-61.1818181818182
20,929,-211,-157.116883116883
20,930,-175,-122.064516129032
20,931,-78,15.5757575757576
20,932,-85,-43.9712230215827
20,933,-13,-43.9712230215827
20,934,-75,-15.125786163522
20,935,-23,-5.5
20,936,-27,-4.36666666666667
20,937,-3,-15.125786163522
20,938,-3,2.80817610062893
20,939,18,2.80817610062893
20,940,57,77.051724137931
20,941,166,139.796610169492
20,942,262,183.568075117371
20,943,-132,-233.493421052632
20,944,-138,-157.116883116883
20,945,53,-122.064516129032
20,946,46,21.1304347826087
20,947,74,21.1304347826087
20,948,79,-28.3684210526316
20,949,47,43.2608695652174
20,950,-1,86.3559322033898
20,951,119,112.406779661017
20,952,-171,-138.814814814815
20,953,-72,10.3636363636364
20,954,-160,-43.9712230215827
20,955,-62,-43.9712230215827
20,956,-32,-43.9712230215827
20,957,-45,-15.125786163522
20,958,-19,-5.5
20,959,-25,-15.125786163522
20,960,-33,-15.125786163522
20,961,-8,-15.125786163522
20,962,-21,-15.125786163522
20,963,-5,-15.125786163522
20,964,17,2.80817610062893
20,965,35,77.051724137931
20,966,69,77.051724137931
20,967,153,151.016129032258
20,968,87,-34.6666666666667
20,969,132,-233.493421052632
20,970,95,-138.814814814815
20,971,53,-233.493421052632
20,972,-65,-28.3684210526316
20,973,48,-43.9712230215827
20,974,-11,-28.3684210526316
20,975,-48,-15.125786163522
20,976,-50,-43.9712230215827
20,977,-104,-43.9712230215827
20,978,-205,-5.5
20,979,26,-43.9712230215827
20,980,-52,23.6785714285714
20,981,-64,-43.9712230215827
20,982,-33,-43.9712230215827
20,983,-21,-15.125786163522
20,984,-32,-15.125786163522
20,985,-6,-15.125786163522
20,986,-19,2.80817610062893
20,987,5,-15.125786163522
20,988,16,2.80817610062893
20,989,9,77.051724137931
20,990,47,2.80817610062893
20,991,95,151.016129032258
20,992,120,39.1
20,993,105,86.3559322033898
20,994,53,-233.493421052632
20,995,26,43.2608695652174
20,996,20,-34.5434782608696
20,997,-17,23.6785714285714
20,998,-10,-15.125786163522
20,999,-65,-15.125786163522
20,1000,-101,-43.9712230215827
20,1001,-34,-43.9712230215827
20,1002,-65,-15.125786163522
20,1003,-81,-43.9712230215827
20,1004,-12,-43.9712230215827
20,1005,-67,-15.125786163522
20,1006,-14,-5.5
20,1007,-21,-15.125786163522
20,1008,-10,-15.125786163522
20,1009,-3,-15.125786163522
20,1010,2,2.80817610062893
20,1011,27,2.80817610062893
20,1012,79,77.051724137931
20,1013,220,183.568075117371
20,1014,286,139.796610169492
20,1015,-331,-233.493421052632
20,1016,-108,-157.116883116883
20,1017,45,15
20,1018,57,21.1304347826087
20,1019,1,21.1304347826087
20,1020,-63,2.80817610062893
20,1021,37,-5.5
20,1022,136,112.406779661017
20,1023,241,231.6
20,1024,14,-61.1818181818182
20,1025,-225,-157.116883116883
20,1026,-145,-122.064516129032
20,1027,-111,15.5757575757576
20,1028,-57,-43.9712230215827
20,1029,-41,-43.9712230215827
20,1030,-41,-43.9712230215827
20,1031,-17,-5.5
20,1032,-7,-4.36666666666667
20,1033,0,-15.125786163522
20,1034,0,2.80817610062893
20,1035,22,2.80817610062893
20,1036,79,77.051724137931
20,1037,281,183.568075117371
20,1038,308,141.207547169811
20,1039,-373,-233.493421052632
20,1040,-138,-157.116883116883
20,1041,58,15
20,1042,20,21.1304347826087
20,1043,24,-34.5434782608696
20,1044,-59,-34.5434782608696
20,1045,-21,-5.5
20,1046,159,112.406779661017
20,1047,382,231.6
20,1048,-40,-61.1818181818182
20,1049,-225,-157.116883116883
20,1050,-197,-122.064516129032
20,1051,-76,15.5757575757576
20,1052,-79,-43.9712230215827
20,1053,-65,-43.9712230215827
20,1054,-32,-43.9712230215827
20,1055,-18,-4.36666666666667
20,1056,-10,-4.36666666666667
20,1057,0,-15.125786163522
20,1058,25,2.80817610062893
20,1059,79,77.051724137931
20,1060,215,183.568075117371
20,1061,274,141.207547169811
20,1062,-293,-233.493421052632
20,1063,-149,-157.116883116883
20,1064,27,15
20,1065,2,23.6785714285714
20,1066,-19,2.80817610062893
20,1067,-28,-15.125786163522
20,1068,67,-15.125786163522
20,1069,105,64.3636363636364
20,1070,272,231.6
20,1071,6,-48.5454545454545
20,1072,-201,-157.116883116883
20,1073,-149,-122.064516129032
20,1074,-70,15.5757575757576
20,1075,-31,-43.9712230215827
20,1076,-73,-15.125786163522
20,1077,-38,-43.9712230215827
20,1078,-14,-5.5
20,1079,-5,-4.36666666666667
20,1080,1,2.80817610062893
20,1081,-4,2.80817610062893
20,1082,20,2.80817610062893
20,1083,75,77.051724137931
20,1084,210,183.568075117371
20,1085,318,141.207547169811
20,1086,-337,-233.493421052632
20,1087,-146,-157.116883116883
20,1088,83,15
20,1089,35,-47.8571428571429
20,1090,-56,-34.5434782608696
20,1091,21,-43.9712230215827
20,1092,-13,-34.5434782608696
20,1093,142,112.406779661017
20,1094,303,231.6
20,1095,-46,-61.1818181818182
20,1096,-177,-157.116883116883
20,1097,-153,-122.064516129032
20,1098,-93,-107.285714285714
20,1099,-29,-43.9712230215827
20,1100,-64,-15.125786163522
20,1101,-39,-43.9712230215827
20,1102,-25,-5.5
20,1103,-19,41.5333333333333
20,1104,0,-15.125786163522
20,1105,-6,2.80817610062893
20,1106,16,2.80817610062893
20,1107,63,77.051724137931
20,1108,212,151.016129032258
20,1109,267,141.207547169811
20,1110,-233,-233.493421052632
20,1111,-138,-157.116883116883
20,1112,41,15
20,1113,89,21.1304347826087
20,1114,36,-47.8571428571429
20,1115,-10,-34.5434782608696
20,1116,4,-15.125786163522
20,1117,111,112.406779661017
20,1118,275,181.844444444444
20,1119,-67,-61.1818181818182
20,1120,-244,-157.116883116883
20,1121,-141,-122.064516129032
20,1122,-97,15.5757575757576
20,1123,26,-43.9712230215827
20,1124,-17,23.6785714285714
20,1125,-102,-15.125786163522
20,1126,-26,-5.5
20,1127,-14,41.5333333333333
20,1128,-24,-15.125786163522
20,1129,-18,-15.125786163522
20,1130,-7,-15.125786163522
20,1131,14,-15.125786163522
20,1132,43,77.051724137931
20,1133,96,151.016129032258
20,1134,105,183.568075117371
20,1135,141,86.3559322033898
20,1136,158,-34.6666666666667
20,1137,114,-233.493421052632
20,1138,0,-233.493421052632
20,1139,-18,10.3636363636364
20,1140,-2,-15.125786163522
20,1141,-76,2.80817610062893
20,1142,-22,-43.9712230215827
20,1143,-79,-15.125786163522
20,1144,-22,-43.9712230215827
20,1145,-138,-4.36666666666667
20,1146,-101,-43.9712230215827
20,1147,-8,-5.5
20,1148,-16,-15.125786163522
20,1149,-72,-15.125786163522
20,1150,-18,-43.9712230215827
20,1151,-32,-15.125786163522
20,1152,-29,-15.125786163522
20,1153,-33,-15.125786163522
20,1154,-2,-15.125786163522
20,1155,6,2.80817610062893
20,1156,30,2.80817610062893
20,1157,51,77.051724137931
20,1158,154,151.016129032258
20,1159,170,183.568075117371
20,1160,107,-233.493421052632
20,1161,107,-233.493421052632
20,1162,46,-138.814814814815
20,1163,-53,-28.3684210526316
20,1164,-11,-43.9712230215827
20,1165,-1,-15.125786163522
20,1166,7,2.80817610062893
20,1167,-144,-4.36666666666667
20,1168,-100,-43.9712230215827
20,1169,-88,-43.9712230215827
20,1170,-62,-43.9712230215827
20,1171,-95,-43.9712230215827
20,1172,-44,-43.9712230215827
20,1173,-49,-5.5
20,1174,-13,-5.5
20,1175,-14,-15.125786163522
20,1176,-6,-15.125786163522
20,1177,-2,2.80817610062893
20,1178,32,2.80817610062893
20,1179,95,77.051724137931
20,1180,254,183.568075117371
20,1181,210,141.207547169811
20,1182,-300,-233.493421052632
20,1183,-73,-157.116883116883
20,1184,27,15
20,1185,20,23.6785714285714
20,1186,-8,-34.5434782608696
20,1187,25,-15.125786163522
20,1188,-13,-34.5434782608696
20,1189,83,112.406779661017
20,1190,354,231.6
20,1191,-36,-47.8571428571429
20,1192,-154,-157.116883116883
20,1193,-147,-122.064516129032
20,1194,-104,-107.285714285714
20,1195,-57,-43.9712230215827
20,1196,-93,-43.9712230215827
20,1197,-78,-43.9712230215827
20,1198,-32,-5.5
20,1199,-7,-4.36666666666667
20,1200,2,-15.125786163522
20,1201,3,2.80817610062893
20,1202,21,2.80817610062893
20,1203,114,77.051724137931
20,1204,317,183.568075117371
20,1205,212,-61.1818181818182
20,1206,-273,-233.493421052632
20,1207,-183,-157.116883116883
20,1208,22,15
20,1209,5,23.6785714285714
20,1210,-5,2.80817610062893
20,1211,18,2.80817610062893
20,1212,51,-34.5434782608696
20,1213,62,64.3636363636364
20,1214,411,231.6
20,1215,-6,-138.814814814815
20,1216,-238,-157.116883116883
20,1217,-135,-122.064516129032
20,1218,-105,15.5757575757576
20,1219,-135,-43.9712230215827
20,1220,-80,-43.9712230215827
20,1221,-44,-43.9712230215827
20,1222,-24,-5.5
20,1223,-5,-4.36666666666667
20,1224,-3,2.80817610062893
20,1225,1,2.80817610062893
20,1226,27,2.80817610062893
20,1227,100,77.051724137931
20,1228,284,183.568075117371
20,1229,158,141.207547169811
20,1230,-311,-233.493421052632
20,1231,-118,-120.456790123457
20,1232,-28,15.5757575757576
20,1233,-9,-15.125786163522
20,1234,-46,-15.125786163522
20,1235,-13,-43.9712230215827
20,1236,47,-15.125786163522
20,1237,137,139.796610169492
20,1238,253,271.932203389831
20,1239,17,-175.315789473684
20,1240,-137,-157.116883116883
20,1241,-108,-122.064516129032
20,1242,-71,-43.9712230215827
20,1243,-27,-43.9712230215827
20,1244,-92,-15.125786163522
20,1245,-45,-43.9712230215827
20,1246,-12,-5.5
20,1247,-7,41.5333333333333
20,1248,-2,-15.125786163522
20,1249,0,2.80817610062893
20,1250,26,2.80817610062893
20,1251,90,77.051724137931
20,1252,286,183.568075117371
20,1253,271,141.207547169811
20,1254,-376,-233.493421052632
20,1255,-112,-157.116883116883
20,1256,40,15
20,1257,35,21.1304347826087
20,1258,-26,-34.5434782608696
20,1259,-1,-15.125786163522
20,1260,25,2.80817610062893
20,1261,125,112.406779661017
20,1262,361,231.6
20,1263,28,-61.1818181818182
20,1264,-190,-157.116883116883
20,1265,-182,-122.064516129032
20,1266,-137,-107.285714285714
20,1267,-19,-43.9712230215827
20,1268,-104,-15.125786163522
20,1269,-80,-43.9712230215827
20,1270,-39,-5.5
20,1271,-4,-5.5
20,1272,-11,2.80817610062893
20,1273,-7,-15.125786163522
20,1274,22,-15.125786163522
20,1275,88,77.051724137931
20,1276,246,183.568075117371
20,1277,341,141.207547169811
20,1278,-341,-233.493421052632
20,1279,-122,-157.116883116883
20,1280,17,15
20,1281,108,23.6785714285714
20,1282,19,-47.8571428571429
20,1283,13,-34.5434782608696
20,1284,13,-34.5434782608696
20,1285,173,112.406779661017
20,1286,239,231.6
20,1287,-151,-61.1818181818182
20,1288,-176,-157.116883116883
20,1289,-151,15
20,1290,-54,-43.9712230215827
20,1291,-85,-43.9712230215827
20,1292,-15,-43.9712230215827
20,1293,-45,-15.125786163522
20,1294,-54,-5.5
20,1295,-7,-5.5
20,1296,-52,-15.125786163522
20,1297,-20,-5.5
20,1298,-8,-15.125786163522
20,1299,30,-15.125786163522
20,1300,45,77.051724137931
20,1301,125,151.016129032258
20,1302,130,183.568075117371
20,1303,151,-175.315789473684
20,1304,126,-233.493421052632
20,1305,32,-233.493421052632
20,1306,9,10.3636363636364
20,1307,-40,2.80817610062893
20,1308,19,-43.9712230215827
20,1309,11,-34.5434782608696
20,1310,-71,112.406779661017
20,1311,-152,-43.9712230215827
20,1312,-362,-43.9712230215827
20,1313,-15,-43.9712230215827
20,1314,63,-15.125786163522
20,1315,8,21.1304347826087
20,1316,-19,2.80817610062893
20,1317,26,-15.125786163522
20,1318,-44,-7.4
20,1319,-17,-43.9712230215827
20,1320,-16,-15.125786163522
20,1321,-33,-15.125786163522
20,1322,-1,-15.125786163522
20,1323,6,2.80817610062893
20,1324,12,2.80817610062893
20,1325,27,77.051724137931
20,1326,28,77.051724137931
20,1327,-11,77.051724137931
20,1328,9,-15.125786163522
20,1329,-16,2.80817610062893
20,1330,-9,-15.125786163522
20,1331,1,-15.125786163522
20,1332,-15,2.80817610062893
20,1333,-2,-15.125786163522
20,1334,-9,2.80817610062893
20,1335,12,-15.125786163522
20,1336,-4,77.051724137931
20,1337,0,2.80817610062893
20,1338,-24,2.80817610062893
20,1339,2,-15.125786163522
20,1340,4,2.80817610062893
20,1341,-11,2.80817610062893
20,1342,-4,-15.125786163522
20,1343,2,2.80817610062893
20,1344,-3,2.80817610062893
20,1345,2,2.80817610062893
20,1346,11,2.80817610062893
20,1347,31,23.6785714285714
20,1348,162,77.051724137931
20,1349,275,110.884615384615
20,1350,-210,-61.1818181818182
20,1351,-172,-157.116883116883
20,1352,1,15
20,1353,28,2.80817610062893
20,1354,-22,23.6785714285714
20,1355,7,-15.125786163522
20,1356,-2,2.80817610062893
20,1357,-9,112.406779661017
20,1358,129,112.406779661017
20,1359,147,-47.8571428571429
20,1360,-81,-61.1818181818182
20,1361,-95,-120.456790123457
20,1362,-51,-43.9712230215827
20,1363,-63,-43.9712230215827
20,1364,-30,-43.9712230215827
20,1365,-46,-15.125786163522
20,1366,-6,-5.5
20,1367,-4,-4.36666666666667
20,1368,-1,-4.36666666666667
20,1369,1,2.80817610062893
20,1370,19,2.80817610062893
20,1371,98,77.051724137931
20,1372,270,183.568075117371
20,1373,221,186.466666666667
20,1374,-303,-233.493421052632
20,1375,-146,-157.116883116883
20,1376,22,15
20,1377,40,23.6785714285714
20,1378,0,21.1304347826087
20,1379,-8,2.80817610062893
20,1380,20,-15.125786163522
20,1381,126,112.406779661017
20,1382,329,231.6
20,1383,-59,-61.1818181818182
20,1384,-150,-157.116883116883
20,1385,-197,-122.064516129032
20,1386,-59,-107.285714285714
20,1387,-69,-43.9712230215827
20,1388,-84,-43.9712230215827
20,1389,-37,-43.9712230215827
20,1390,-11,-5.5
20,1391,-18,-4.36666666666667
20,1392,-4,-15.125786163522
20,1393,3,2.80817610062893
20,1394,18,2.80817610062893
20,1395,82,77.051724137931
20,1396,283,183.568075117371
20,1397,265,141.207547169811
20,1398,-333,-233.493421052632
20,1399,-139,-157.116883116883
20,1400,37,15
20,1401,50,23.6785714285714
20,1402,-41,21.1304347826087
20,1403,-5,-43.9712230215827
20,1404,6,2.80817610062893
20,1405,147,112.406779661017
20,1406,356,231.6
20,1407,-23,-61.1818181818182
20,1408,-166,-157.116883116883
20,1409,-163,-122.064516129032
20,1410,-141,-107.285714285714
20,1411,-47,-43.9712230215827
20,1412,-88,-43.9712230215827
20,1413,-61,-43.9712230215827
20,1414,-20,-5.5
20,1415,-10,-4.36666666666667
20,1416,-7,-15.125786163522
20,1417,-3,-15.125786163522
20,1418,14,2.80817610062893
20,1419,110,77.051724137931
20,1420,98,183.568075117371
20,1421,137,183.568075117371
20,1422,-161,-34.6666666666667
20,1423,-62,-120.456790123457
20,1424,12,-43.9712230215827
20,1425,53,23.6785714285714
20,1426,-7,21.1304347826087
20,1427,-28,-15.125786163522
20,1428,35,-15.125786163522
20,1429,114,-7.4
20,1430,296,218
20,1431,50,-61.1818181818182
20,1432,-200,-157.116883116883
20,1433,-127,-122.064516129032
20,1434,-87,15.5757575757576
20,1435,-67,-43.9712230215827
20,1436,-71,-43.9712230215827
20,1437,-39,-43.9712230215827
20,1438,-38,-5.5
20,1439,-13,-5.5
20,1440,-19,-15.125786163522
20,1441,3,-15.125786163522
20,1442,13,2.80817610062893
20,1443,101,77.051724137931
20,1444,195,183.568075117371
20,1445,277,141.207547169811
20,1446,-258,-233.493421052632
20,1447,-98,-157.116883116883
20,1448,-3,15
20,1449,74,2.80817610062893
20,1450,-1,-47.8571428571429
20,1451,-6,2.80817610062893
20,1452,24,2.80817610062893
20,1453,116,112.406779661017
20,1454,262,231.6
20,1455,-48,-61.1818181818182
20,1456,-213,-157.116883116883
20,1457,-152,-122.064516129032
20,1458,-81,15.5757575757576
20,1459,-50,-43.9712230215827
20,1460,-42,-43.9712230215827
20,1461,-13,-43.9712230215827
20,1462,-36,-15.125786163522
20,1463,-10,-5.5
20,1464,-31,-15.125786163522
20,1465,-24,-15.125786163522
20,1466,3,-15.125786163522
20,1467,23,2.80817610062893
20,1468,27,77.051724137931
20,1469,103,77.051724137931
20,1470,56,183.568075117371
20,1471,77,86.3559322033898
20,1472,67,86.3559322033898
20,1473,23,-28.3684210526316
20,1474,8,23.6785714285714
20,1475,51,2.80817610062893
20,1476,-32,21.1304347826087
20,1477,-32,-15.125786163522
20,1478,-54,-15.125786163522
20,1479,-232,-43.9712230215827
20,1480,49,-43.9712230215827
20,1481,-37,21.1304347826087
20,1482,-18,-43.9712230215827
20,1483,-1,-15.125786163522
20,1484,-41,2.80817610062893
20,1485,-6,-5.5
20,1486,6,2.80817610062893
20,1487,-2,2.80817610062893
20,1488,-24,2.80817610062893
20,1489,-12,-15.125786163522
20,1490,2,-15.125786163522
20,1491,1,2.80817610062893
20,1492,20,2.80817610062893
20,1493,80,23.6785714285714
20,1494,78,110.884615384615
20,1495,195,64.3636363636364
20,1496,31,-34.6666666666667
20,1497,173,-120.456790123457
20,1498,11,-138.814814814815
20,1499,58,-120.456790123457
20,1500,-50,-28.3684210526316
20,1501,-16,-43.9712230215827
20,1502,-65,-15.125786163522
20,1503,-35,-43.9712230215827
20,1504,-112,-4.36666666666667
20,1505,-132,-43.9712230215827
20,1506,-39,-43.9712230215827
20,1507,-96,-43.9712230215827
20,1508,-26,-5.5
20,1509,-34,-15.125786163522
20,1510,-24,-15.125786163522
20,1511,-16,-15.125786163522
20,1512,-4,-15.125786163522
20,1513,-2,2.80817610062893
20,1514,18,2.80817610062893
20,1515,103,77.051724137931
20,1516,226,183.568075117371
20,1517,247,141.207547169811
20,1518,-328,-233.493421052632
20,1519,-111,-157.116883116883
20,1520,6,15
20,1521,62,2.80817610062893
20,1522,22,21.1304347826087
20,1523,-29,-34.5434782608696
20,1524,13,-15.125786163522
20,1525,116,112.406779661017
20,1526,336,231.6
20,1527,-19,-61.1818181818182
20,1528,-193,-157.116883116883
20,1529,-162,-122.064516129032
20,1530,-88,-107.285714285714
20,1531,-87,-43.9712230215827
20,1532,-74,-43.9712230215827
20,1533,-25,-43.9712230215827
20,1534,-14,-15.125786163522
20,1535,-13,-4.36666666666667
20,1536,-5,-15.125786163522
20,1537,5,2.80817610062893
20,1538,9,2.80817610062893
20,1539,9,2.80817610062893
20,1540,143,2.80817610062893
20,1541,388,183.568075117371
20,1542,-208,-61.1818181818182
20,1543,-175,-157.116883116883
20,1544,55,15
20,1545,40,21.1304347826087
20,1546,-20,21.1304347826087
20,1547,-45,-15.125786163522
20,1548,30,-5.5
20,1549,120,112.406779661017
20,1550,327,181.844444444444
20,1551,62,-61.1818181818182
20,1552,-256,-157.116883116883
20,1553,-152,-122.064516129032
20,1554,-53,15.5757575757576
20,1555,-71,-43.9712230215827
20,1556,-116,-43.9712230215827
20,1557,-48,-43.9712230215827
20,1558,-32,-5.5
20,1559,1,-4.36666666666667
20,1560,-10,2.80817610062893
20,1561,-2,-15.125786163522
20,1562,29,2.80817610062893
20,1563,87,77.051724137931
20,1564,238,183.568075117371
20,1565,308,141.207547169811
20,1566,-351,-233.493421052632
20,1567,-140,-157.116883116883
20,1568,9,15
20,1569,61,2.80817610062893
20,1570,-17,21.1304347826087
20,1571,12,-15.125786163522
20,1572,16,-34.5434782608696
20,1573,111,112.406779661017
20,1574,362,231.6
20,1575,84,-61.1818181818182
20,1576,-309,-157.116883116883
20,1577,-166,-122.064516129032
20,1578,-99,15.5757575757576
20,1579,-66,-43.9712230215827
20,1580,-75,-43.9712230215827
20,1581,-8,-43.9712230215827
20,1582,-66,-15.125786163522
20,1583,-7,-5.5
20,1584,-11,-15.125786163522
20,1585,-4,-15.125786163522
20,1586,19,2.80817610062893
20,1587,115,77.051724137931
20,1588,248,183.568075117371
20,1589,243,-61.1818181818182
20,1590,-323,-233.493421052632
20,1591,-136,-157.116883116883
20,1592,33,15
20,1593,100,23.6785714285714
20,1594,-36,-47.8571428571429
20,1595,-61,-43.9712230215827
20,1596,79,-5.5
20,1597,87,86.3559322033898
20,1598,334,231.6
20,1599,2,-48.5454545454545
20,1600,-184,-157.116883116883
20,1601,-102,-122.064516129032
20,1602,-121,-107.285714285714
20,1603,-53,-43.9712230215827
20,1604,-125,-43.9712230215827
20,1605,-32,-43.9712230215827
20,1606,-41,-15.125786163522
20,1607,-37,-5.5
20,1608,3,-5.5
20,1609,-10,2.80817610062893
20,1610,20,-15.125786163522
20,1611,111,77.051724137931
20,1612,221,183.568075117371
20,1613,262,-61.1818181818182
20,1614,-324,-233.493421052632
20,1615,-95,-157.116883116883
20,1616,59,15
20,1617,-87,21.1304347826087
20,1618,107,-43.9712230215827
20,1619,-36,-48.5454545454545
20,1620,101,-5.5
20,1621,97,64.3636363636364
20,1622,203,231.6
20,1623,-2,-48.5454545454545
20,1624,-189,-157.116883116883
20,1625,-139,-43.9712230215827
20,1626,-78,-43.9712230215827
20,1627,-3,-43.9712230215827
20,1628,24,2.80817610062893
20,1629,-103,-34.5434782608696
20,1630,-46,-5.5
20,1631,-32,-5.5
20,1632,-43,-15.125786163522
20,1633,-23,-43.9712230215827
20,1634,13,-15.125786163522
20,1635,20,23.6785714285714
20,1636,45,77.051724137931
20,1637,110,151.016129032258
20,1638,87,86.3559322033898
20,1639,148,86.3559322033898
20,1640,143,-34.6666666666667
20,1641,-25,-233.493421052632
20,1642,-26,-120.456790123457
20,1643,-96,-15.125786163522
20,1644,113,-43.9712230215827
20,1645,-1,-47.8571428571429
20,1646,-38,10.3636363636364
20,1647,-68,-43.9712230215827
20,1648,-29,-43.9712230215827
20,1649,-96,112.406779661017
20,1650,-40,-43.9712230215827
20,1651,-52,-43.9712230215827
20,1652,-68,-43.9712230215827
20,1653,-15,-5.5
20,1654,-13,-15.125786163522
20,1655,-28,-15.125786163522
20,1656,-65,-15.125786163522
20,1657,-12,-43.9712230215827
20,1658,-5,-15.125786163522
20,1659,6,2.80817610062893
20,1660,19,2.80817610062893
20,1661,78,77.051724137931
20,1662,77,139.796610169492
20,1663,142,183.568075117371
20,1664,81,-34.6666666666667
20,1665,144,-120.456790123457
20,1666,7,-138.814814814815
20,1667,-47,-120.456790123457
20,1668,53,-43.9712230215827
20,1669,-27,21.1304347826087
20,1670,-33,-15.125786163522
20,1671,-48,-15.125786163522
20,1672,-80,-43.9712230215827
20,1673,-107,-43.9712230215827
20,1674,-73,-43.9712230215827
20,1675,-46,-43.9712230215827
20,1676,-55,-43.9712230215827
20,1677,-68,-43.9712230215827
20,1678,-25,-5.5
20,1679,-3,-15.125786163522
20,1680,-1,2.80817610062893
20,1681,-3,2.80817610062893
20,1682,21,2.80817610062893
20,1683,119,77.051724137931
20,1684,243,183.568075117371
20,1685,254,-61.1818181818182
20,1686,-289,-233.493421052632
20,1687,-160,-157.116883116883
20,1688,23,15
20,1689,50,23.6785714285714
20,1690,9,21.1304347826087
20,1691,-33,2.80817610062893
20,1692,23,-15.125786163522
20,1693,126,112.406779661017
20,1694,381,231.6
20,1695,-89,-61.1818181818182
20,1696,-134,-157.116883116883
20,1697,-223,-122.064516129032
20,1698,-76,-107.285714285714
20,1699,-74,15.5757575757576
20,1700,-60,-43.9712230215827
20,1701,-75,-5.5
20,1702,-29,-5.5
20,1703,7,-4.36666666666667
20,1704,-10,2.80817610062893
20,1705,-1,-15.125786163522
20,1706,15,2.80817610062893
20,1707,145,77.051724137931
20,1708,298,183.568075117371
20,1709,178,-61.1818181818182
20,1710,-346,-233.493421052632
20,1711,-138,-120.456790123457
20,1712,60,15.5757575757576
20,1713,46,21.1304347826087
20,1714,-44,21.1304347826087
20,1715,-148,-43.9712230215827
20,1716,63,-5.5
20,1717,255,86.3559322033898
20,1718,328,231.6
20,1719,-7,-233.493421052632
20,1720,-252,-157.116883116883
20,1721,-156,-122.064516129032
20,1722,-79,15.5757575757576
20,1723,-76,-43.9712230215827
20,1724,-84,-43.9712230215827
20,1725,-28,-43.9712230215827
20,1726,-21,-4.36666666666667
20,1727,-13,-4.36666666666667
20,1728,1,-15.125786163522
20,1729,3,2.80817610062893
20,1730,23,2.80817610062893
20,1731,98,77.051724137931
20,1732,292,183.568075117371
20,1733,204,141.207547169811
20,1734,-297,-233.493421052632
20,1735,-172,-157.116883116883
20,1736,48,15.5757575757576
20,1737,79,21.1304347826087
20,1738,-14,-47.8571428571429
20,1739,-23,-15.125786163522
20,1740,16,-15.125786163522
20,1741,98,112.406779661017
20,1742,348,231.6
20,1743,-333,-47.8571428571429
20,1744,-274,-157.116883116883
20,1745,-47,15
20,1746,-17,15.5757575757576
20,1747,33,-15.125786163522
20,1748,-12,-34.5434782608696
20,1749,-22,-15.125786163522
20,1750,-22,-15.125786163522
20,1751,-8,112.406779661017
20,1752,0,-15.125786163522
20,1753,-1,2.80817610062893
20,1754,22,2.80817610062893
20,1755,115,77.051724137931
20,1756,262,139.796610169492
20,1757,229,-61.1818181818182
20,1758,-269,-233.493421052632
20,1759,-207,-157.116883116883
20,1760,102,15
20,1761,16,-47.8571428571429
20,1762,46,-34.5434782608696
20,1763,-71,-28.3684210526316
20,1764,24,-5.5
20,1765,150,112.406779661017
20,1766,311,231.6
20,1767,38,-61.1818181818182
20,1768,-217,-157.116883116883
20,1769,-179,-122.064516129032
20,1770,-144,15.5757575757576
20,1771,2,-43.9712230215827
20,1772,-97,2.80817610062893
20,1773,-71,-43.9712230215827
20,1774,-18,-5.5
20,1775,-15,41.5333333333333
20,1776,-18,-15.125786163522
20,1777,-4,-15.125786163522
20,1778,17,2.80817610062893
20,1779,109,77.051724137931
20,1780,216,183.568075117371
20,1781,269,141.207547169811
20,1782,-298,-233.493421052632
20,1783,-112,-157.116883116883
20,1784,81,15
20,1785,57,-47.8571428571429
20,1786,15,21.1304347826087
20,1787,-29,-34.5434782608696
20,1788,105,-15.125786163522
20,1789,86,86.3559322033898
20,1790,254,231.6
20,1791,-183,-48.5454545454545
20,1792,-93,-157.116883116883
20,1793,-162,15
20,1794,-71,-43.9712230215827
20,1795,-36,-43.9712230215827
20,1796,-54,-43.9712230215827
20,1797,-44,-5.5
20,1798,-43,-5.5
20,1799,-37,-5.5
20,1800,-22,-5.5
20,1801,-25,-15.125786163522
20,1802,4,-15.125786163522
20,1803,20,2.80817610062893
20,1804,34,77.051724137931
20,1805,111,77.051724137931
20,1806,157,183.568075117371
20,1807,76,-61.1818181818182
20,1808,111,-120.456790123457
20,1809,37,-138.814814814815
20,1810,100,10.3636363636364
20,1811,-44,-28.3684210526316
20,1812,-25,-43.9712230215827
20,1813,1,-15.125786163522
20,1814,-15,2.80817610062893
20,1815,-30,-4.36666666666667
20,1816,-107,-15.125786163522
20,1817,-152,-43.9712230215827
20,1818,-57,-43.9712230215827
20,1819,44,-43.9712230215827
20,1820,-98,110.884615384615
20,1821,-78,-43.9712230215827
20,1822,-4,-5.5
20,1823,-12,2.80817610062893
20,1824,-54,-15.125786163522
20,1825,-19,-43.9712230215827
20,1826,3,-15.125786163522
20,1827,9,2.80817610062893
20,1828,39,2.80817610062893
20,1829,96,23.6785714285714
20,1830,66,139.796610169492
20,1831,128,86.3559322033898
20,1832,78,-34.6666666666667
20,1833,103,10.3636363636364
20,1834,71,-28.3684210526316
20,1835,-50,-28.3684210526316
20,1836,-53,-43.9712230215827
20,1837,65,-43.9712230215827
20,1838,-86,21.1304347826087
20,1839,-89,-43.9712230215827
20,1840,-50,-43.9712230215827
20,1841,-109,-43.9712230215827
20,1842,-61,-43.9712230215827
20,1843,-38,-43.9712230215827
20,1844,-57,-5.5
20,1845,-39,-5.5
20,1846,-24,-43.9712230215827
20,1847,-9,-15.125786163522
20,1848,0,-15.125786163522
20,1849,4,2.80817610062893
20,1850,20,2.80817610062893
20,1851,39,77.051724137931
20,1852,10,77.051724137931
20,1853,81,2.80817610062893
20,1854,-46,86.3559322033898
20,1855,-51,-43.9712230215827
20,1856,20,-43.9712230215827
20,1857,106,23.6785714285714
20,1858,-9,-47.8571428571429
20,1859,-5,-15.125786163522
20,1860,25,2.80817610062893
20,1861,-85,77.051724137931
20,1862,118,-43.9712230215827
20,1863,71,-47.8571428571429
20,1864,4,-97.3157894736842
20,1865,-115,2.80817610062893
20,1866,-37,-43.9712230215827
20,1867,-23,-5.5
20,1868,-54,-15.125786163522
20,1869,-43,-43.9712230215827
20,1870,-13,-43.9712230215827
20,1871,-15,-15.125786163522
20,1872,2,-15.125786163522
20,1873,-1,2.80817610062893
20,1874,3,2.80817610062893
20,1875,16,2.80817610062893
20,1876,68,77.051724137931
20,1877,317,151.016129032258
20,1878,-54,139.796610169492
20,1879,-184,-157.116883116883
20,1880,53,-122.064516129032
20,1881,40,21.1304347826087
20,1882,-25,21.1304347826087
20,1883,-55,-15.125786163522
20,1884,72,-43.9712230215827
20,1885,118,86.3559322033898
20,1886,304,183.568075117371
20,1887,55,-233.493421052632
20,1888,-221,-157.116883116883
20,1889,-249,-122.064516129032
20,1890,-154,15.5757575757576
20,1891,-26,15.5757575757576
20,1892,-12,-15.125786163522
20,1893,-32,-15.125786163522
20,1894,-18,-15.125786163522
20,1895,-2,41.5333333333333
20,1896,-13,2.80817610062893
20,1897,-2,-15.125786163522
20,1898,34,2.80817610062893
20,1899,120,77.051724137931
20,1900,282,139.796610169492
20,1901,210,-61.1818181818182
20,1902,-303,-233.493421052632
20,1903,-155,-157.116883116883
20,1904,75,15
20,1905,63,-47.8571428571429
20,1906,20,21.1304347826087
20,1907,-87,-34.5434782608696
20,1908,11,-5.5
20,1909,172,112.406779661017
20,1910,427,231.6
20,1911,-27,-61.1818181818182
20,1912,-256,-157.116883116883
20,1913,-131,-122.064516129032
20,1914,-66,15.5757575757576
20,1915,-107,-43.9712230215827
20,1916,-153,-43.9712230215827
20,1917,-54,-43.9712230215827
20,1918,-51,-5.5
20,1919,-12,-5.5
20,1920,-13,-15.125786163522
20,1921,13,-15.125786163522
20,1922,19,77.051724137931
20,1923,124,77.051724137931
20,1924,315,218
20,1925,160,-61.1818181818182
20,1926,-288,-233.493421052632
20,1927,-141,-120.456790123457
20,1928,74,15.5757575757576
20,1929,69,-47.8571428571429
20,1930,-21,21.1304347826087
20,1931,-57,-15.125786163522
20,1932,46,-5.5
20,1933,114,86.3559322033898
20,1934,422,271.932203389831
20,1935,16,-175.315789473684
20,1936,-331,-157.116883116883
20,1937,-91,-122.064516129032
20,1938,-147,15.5757575757576
20,1939,-48,-43.9712230215827
20,1940,-85,-43.9712230215827
20,1941,-96,-43.9712230215827
20,1942,-21,-5.5
20,1943,-28,-4.36666666666667
20,1944,-7,-15.125786163522
20,1945,-3,-15.125786163522
20,1946,23,2.80817610062893
20,1947,148,77.051724137931
20,1948,333,183.568075117371
20,1949,230,-61.1818181818182
20,1950,-384,-233.493421052632
20,1951,-106,-157.116883116883
20,1952,79,15
20,1953,26,-47.8571428571429
20,1954,35,-34.5434782608696
20,1955,-45,-34.5434782608696
20,1956,41,-5.5
20,1957,177,86.3559322033898
20,1958,244,231.6
20,1959,-143,-175.315789473684
20,1960,-186,-157.116883116883
20,1961,-146,-122.064516129032
20,1962,-79,-43.9712230215827
20,1963,-7,-43.9712230215827
20,1964,-77,-15.125786163522
20,1965,-26,-5.5
20,1966,-44,-4.36666666666667
20,1967,-35,-5.5
20,1968,-36,-15.125786163522
20,1969,-19,-43.9712230215827
20,1970,-2,-15.125786163522
20,1971,38,2.80817610062893
20,1972,45,77.051724137931
20,1973,100,151.016129032258
20,1974,97,183.568075117371
20,1975,160,86.3559322033898
20,1976,134,-34.6666666666667
20,1977,56,-233.493421052632
20,1978,62,10.3636363636364
20,1979,26,-28.3684210526316
20,1980,-58,-34.5434782608696
20,1981,-30,-43.9712230215827
20,1982,-16,-15.125786163522
20,1983,19,-15.125786163522
20,1984,-213,-4.36666666666667
20,1985,-117,-43.9712230215827
20,1986,-56,15.5757575757576
20,1987,79,-43.9712230215827
20,1988,-99,113.411764705882
20,1989,-69,-43.9712230215827
20,1990,-40,-5.5
20,1991,-32,-5.5
20,1992,-32,-15.125786163522
20,1993,-50,-15.125786163522
20,1994,-8,-5.5
20,1995,17,-15.125786163522
20,1996,65,77.051724137931
20,1997,81,151.016129032258
20,1998,142,183.568075117371
20,1999,119,-34.6666666666667
20,2000,149,-233.493421052632
20,2001,56,-233.493421052632
20,2002,-30,-120.456790123457
20,2003,-64,-15.125786163522
20,2004,-41,-43.9712230215827
20,2005,75,-43.9712230215827
20,2006,-28,-47.8571428571429
20,2007,-75,-4.36666666666667
20,2008,-72,-43.9712230215827
20,2009,-128,-5.5
20,2010,-41,-43.9712230215827
20,2011,-88,-43.9712230215827
20,2012,-59,-43.9712230215827
20,2013,-46,-5.5
20,2014,-25,-5.5
20,2015,-4,-15.125786163522
20,2016,-9,2.80817610062893
20,2017,5,-15.125786163522
20,2018,8,2.80817610062893
20,2019,64,2.80817610062893
20,2020,74,113.411764705882
20,2021,117,183.568075117371
20,2022,-84,-138.814814814815
20,2023,-87,10.3636363636364
20,2024,7,-43.9712230215827
20,2025,64,2.80817610062893
20,2026,14,21.1304347826087
20,2027,-4,-34.5434782608696
20,2028,45,2.80817610062893
20,2029,90,86.3559322033898
20,2030,193,86.3559322033898
20,2031,22,-48.5454545454545
20,2032,-82,-120.456790123457
20,2033,-112,-43.9712230215827
20,2034,-95,-43.9712230215827
20,2035,-99,-43.9712230215827
20,2036,-45,-43.9712230215827
20,2037,-61,-43.9712230215827
20,2038,-9,-5.5
20,2039,-16,-4.36666666666667
20,2040,-6,-15.125786163522
20,2041,2,2.80817610062893
20,2042,10,2.80817610062893
20,2043,120,2.80817610062893
20,2044,187,183.568075117371
20,2045,266,-61.1818181818182
20,2046,-257,-233.493421052632
20,2047,-133,-157.116883116883
20,2048,-11,15
20,2049,65,-15.125786163522
20,2050,-11,21.1304347826087
20,2051,-21,-15.125786163522
20,2052,23,-15.125786163522
20,2053,141,112.406779661017
20,2054,399,231.6
20,2055,0,-61.1818181818182
20,2056,-421,-157.116883116883
20,2057,9,-122.064516129032
20,2058,-112,2.80817610062893
20,2059,-87,-43.9712230215827
20,2060,-69,-43.9712230215827
20,2061,-58,-43.9712230215827
20,2062,-15,-5.5
20,2063,-20,-4.36666666666667
20,2064,-7,-15.125786163522
20,2065,-2,-15.125786163522
20,2066,32,2.80817610062893
20,2067,125,77.051724137931
20,2068,308,183.568075117371
20,2069,251,-61.1818181818182
20,2070,-422,-233.493421052632
20,2071,-106,-157.116883116883
20,2072,6,15
20,2073,51,2.80817610062893
20,2074,22,21.1304347826087
20,2075,-22,-34.5434782608696
20,2076,9,41.5333333333333
20,2077,21,112.406779661017
20,2078,7,112.406779661017
20,2079,42,2.80817610062893
20,2080,49,21.1304347826087
20,2081,-81,39.1
20,2082,-50,-43.9712230215827
20,2083,-86,-43.9712230215827
20,2084,-53,-43.9712230215827
20,2085,-50,-43.9712230215827
20,2086,-26,-43.9712230215827
20,2087,-14,-15.125786163522
20,2088,-12,-15.125786163522
20,2089,1,-15.125786163522
20,2090,25,2.80817610062893
20,2091,126,77.051724137931
20,2092,259,183.568075117371
20,2093,277,-61.1818181818182
20,2094,-391,-233.493421052632
20,2095,-116,-157.116883116883
20,2096,36,15
20,2097,68,23.6785714285714
20,2098,13,21.1304347826087
20,2099,-50,-34.5434782608696
20,2100,39,-5.5
20,2101,99,112.406779661017
20,2102,408,231.6
20,2103,-46,-48.5454545454545
20,2104,-260,-157.116883116883
20,2105,-94,-122.064516129032
20,2106,-113,15.5757575757576
20,2107,-42,-43.9712230215827
20,2108,-76,-43.9712230215827
20,2109,-94,-43.9712230215827
20,2110,-31,-5.5
20,2111,-19,-4.36666666666667
20,2112,-9,-15.125786163522
20,2113,-5,-15.125786163522
20,2114,21,2.80817610062893
20,2115,83,77.051724137931
20,2116,246,183.568075117371
20,2117,224,141.207547169811
20,2118,-243,-233.493421052632
20,2119,-108,-157.116883116883
20,2120,51,15
20,2121,38,21.1304347826087
20,2122,12,-34.5434782608696
20,2123,34,-34.5434782608696
20,2124,99,-34.5434782608696
20,2125,118,86.3559322033898
20,2126,69,231.6
20,2127,-131,10.3636363636364
20,2128,-118,-43.9712230215827
20,2129,-54,-43.9712230215827
20,2130,-95,-43.9712230215827
20,2131,-43,-43.9712230215827
20,2132,-46,-43.9712230215827
20,2133,-50,-5.5
20,2134,-34,-5.5
20,2135,-18,-15.125786163522
20,2136,-33,-15.125786163522
20,2137,-29,-15.125786163522
20,2138,8,-15.125786163522
20,2139,21,2.80817610062893
20,2140,23,77.051724137931
20,2141,87,77.051724137931
20,2142,148,86.3559322033898
20,2143,148,-34.6666666666667
20,2144,83,-233.493421052632
20,2145,9,-120.456790123457
20,2146,10,2.80817610062893
20,2147,25,2.80817610062893
20,2148,-51,-34.5434782608696
20,2149,-9,-43.9712230215827
20,2150,-42,-15.125786163522
20,2151,-47,-43.9712230215827
20,2152,-42,-43.9712230215827
20,2153,-118,-43.9712230215827
20,2154,-4,-43.9712230215827
20,2155,-47,2.80817610062893
20,2156,-54,-43.9712230215827
20,2157,-13,-43.9712230215827
20,2158,-59,-15.125786163522
20,2159,-17,-5.5
20,2160,-25,-15.125786163522
20,2161,-25,-15.125786163522
20,2162,-4,-15.125786163522
20,2163,15,2.80817610062893
20,2164,30,77.051724137931
20,2165,99,77.051724137931
20,2166,119,183.568075117371
20,2167,154,86.3559322033898
20,2168,95,-233.493421052632
20,2169,51,-233.493421052632
20,2170,-72,-28.3684210526316
20,2171,49,-43.9712230215827
20,2172,-12,-28.3684210526316
20,2173,-34,-15.125786163522
20,2174,21,-15.125786163522
20,2175,-4,-34.5434782608696
20,2176,-76,112.406779661017
20,2177,-50,-43.9712230215827
20,2178,-249,-43.9712230215827
20,2179,-84,-43.9712230215827
20,2180,37,15.5757575757576
20,2181,-31,23.6785714285714
20,2182,-6,-15.125786163522
20,2183,-11,2.80817610062893
20,2184,-30,-15.125786163522
20,2185,-12,-15.125786163522
20,2186,3,-15.125786163522
20,2187,11,2.80817610062893
20,2188,47,77.051724137931
20,2189,88,110.884615384615
20,2190,108,139.796610169492
20,2191,101,86.3559322033898
20,2192,112,86.3559322033898
20,2193,49,-138.814814814815
20,2194,31,10.3636363636364
20,2195,-91,23.6785714285714
20,2196,-5,-43.9712230215827
20,2197,41,2.80817610062893
20,2198,-96,21.1304347826087
20,2199,-22,-43.9712230215827
20,2200,12,-15.125786163522
20,2201,-78,-34.5434782608696
20,2202,-70,-43.9712230215827
20,2203,-90,-43.9712230215827
20,2204,-75,-5.5
20,2205,-37,-43.9712230215827
20,2206,-31,-43.9712230215827
20,2207,-6,-15.125786163522
20,2208,-5,2.80817610062893
20,2209,2,2.80817610062893
20,2210,28,2.80817610062893
20,2211,121,77.051724137931
20,2212,296,183.568075117371
20,2213,184,-61.1818181818182
20,2214,-377,-233.493421052632
20,2215,-74,-120.456790123457
20,2216,14,15.5757575757576
20,2217,40,23.6785714285714
20,2218,2,21.1304347826087
20,2219,-1,2.80817610062893
20,2220,18,2.80817610062893
20,2221,137,112.406779661017
20,2222,388,231.6
20,2223,-71,-61.1818181818182
20,2224,-184,-157.116883116883
20,2225,-322,-122.064516129032
20,2226,-133,-107.285714285714
20,2227,-16,15.5757575757576
20,2228,-5,-15.125786163522
20,2229,-14,2.80817610062893
20,2230,-32,-4.36666666666667
20,2231,1,41.5333333333333
20,2232,0,2.80817610062893
20,2233,1,2.80817610062893
20,2234,35,2.80817610062893
20,2235,103,23.6785714285714
20,2236,339,64.3636363636364
20,2237,188,139.796610169492
20,2238,-366,-233.493421052632
20,2239,-128,-120.456790123457
20,2240,31,15.5757575757576
20,2241,45,23.6785714285714
20,2242,36,21.1304347826087
20,2243,-37,-34.5434782608696
20,2244,23,-5.5
20,2245,123,112.406779661017
20,2246,441,231.6
20,2247,-43,-61.1818181818182
20,2248,-240,-157.116883116883
20,2249,-125,-122.064516129032
20,2250,-127,15.5757575757576
20,2251,-87,-43.9712230215827
20,2252,-57,-43.9712230215827
20,2253,-99,-43.9712230215827
20,2254,-35,-5.5
20,2255,-12,-4.36666666666667
20,2256,-6,-15.125786163522
20,2257,0,2.80817610062893
20,2258,25,2.80817610062893
20,2259,145,77.051724137931
20,2260,329,183.568075117371
20,2261,186,-61.1818181818182
20,2262,-382,-233.493421052632
20,2263,-91,-120.456790123457
20,2264,-2,15.5757575757576
20,2265,74,2.80817610062893
20,2266,1,-47.8571428571429
20,2267,-39,2.80817610062893
20,2268,36,-5.5
20,2269,197,112.406779661017
20,2270,340,231.6
20,2271,-42,-61.1818181818182
20,2272,-194,-157.116883116883
20,2273,-112,-122.064516129032
20,2274,-120,-107.285714285714
20,2275,-95,-43.9712230215827
20,2276,-124,-43.9712230215827
20,2277,-54,-43.9712230215827
20,2278,-52,-5.5
20,2279,-18,-5.5
20,2280,-12,-15.125786163522
20,2281,2,-15.125786163522
20,2282,39,2.80817610062893
20,2283,96,77.051724137931
20,2284,261,183.568075117371
20,2285,292,141.207547169811
20,2286,-396,-233.493421052632
20,2287,-94,-157.116883116883
20,2288,31,15
20,2289,75,23.6785714285714
20,2290,6,-47.8571428571429
20,2291,-62,2.80817610062893
20,2292,4,-5.5
20,2293,-36,112.406779661017
20,2294,5,-43.9712230215827
20,2295,-117,2.80817610062893
20,2296,-65,-43.9712230215827
20,2297,-6,-43.9712230215827
20,2298,46,2.80817610062893
20,2299,-62,110.884615384615
20,2300,50,-43.9712230215827
20,2301,13,43.2608695652174
20,2302,-10,77.051724137931
20,2303,-35,-15.125786163522
20,2304,-15,-15.125786163522
20,2305,-13,-15.125786163522
20,2306,-1,-15.125786163522
20,2307,24,2.80817610062893
20,2308,50,-34.5434782608696
20,2309,124,139.796610169492
20,2310,122,139.796610169492
20,2311,161,-175.315789473684
20,2312,43,-233.493421052632
20,2313,132,-120.456790123457
20,2314,11,-138.814814814815
20,2315,-32,10.3636363636364
20,2316,55,-15.125786163522
20,2317,-58,21.1304347826087
20,2318,-58,-43.9712230215827
20,2319,-74,-43.9712230215827
20,2320,42,-43.9712230215827
20,2321,-155,110.884615384615
20,2322,-83,-43.9712230215827
20,2323,-88,-43.9712230215827
20,2324,10,-43.9712230215827
20,2325,-69,2.80817610062893
20,2326,-48,-43.9712230215827
20,2327,-32,-5.5
20,2328,-39,-15.125786163522
20,2329,-37,-5.5
20,2330,-1,-43.9712230215827
20,2331,10,2.80817610062893
20,2332,13,2.80817610062893
20,2333,105,77.051724137931
20,2334,160,183.568075117371
20,2335,104,-34.6666666666667
20,2336,107,-233.493421052632
20,2337,173,-138.814814814815
20,2338,2,-138.814814814815
20,2339,-8,-120.456790123457
20,2340,-34,-15.125786163522
20,2341,18,-15.125786163522
20,2342,-84,-34.5434782608696
20,2343,-82,-43.9712230215827
20,2344,-43,-43.9712230215827
20,2345,-139,-43.9712230215827
20,2346,-68,-43.9712230215827
20,2347,-20,-43.9712230215827
20,2348,-118,-15.125786163522
20,2349,-59,-5.5
20,2350,-35,-43.9712230215827
20,2351,-3,-15.125786163522
20,2352,-6,2.80817610062893
20,2353,3,2.80817610062893
20,2354,27,2.80817610062893
20,2355,104,77.051724137931
20,2356,378,183.568075117371
20,2357,148,141.207547169811
20,2358,-383,-233.493421052632
20,2359,-95,-120.456790123457
20,2360,52,15.5757575757576
20,2361,43,21.1304347826087
20,2362,-8,21.1304347826087
20,2363,-4,-15.125786163522
20,2364,22,2.80817610062893
20,2365,156,112.406779661017
20,2366,386,271.932203389831
20,2367,-12,-61.1818181818182
20,2368,-177,-157.116883116883
20,2369,-184,-122.064516129032
20,2370,-196,-107.285714285714
20,2371,-97,-43.9712230215827
20,2372,-82,-43.9712230215827
20,2373,-52,-43.9712230215827
20,2374,-14,-5.5
20,2375,-12,-4.36666666666667
20,2376,-3,-15.125786163522
20,2377,0,2.80817610062893
20,2378,31,2.80817610062893
20,2379,148,77.051724137931
20,2380,385,183.568075117371
20,2381,141,-61.1818181818182
20,2382,-375,-233.493421052632
20,2383,-159,-120.456790123457
20,2384,51,15.5757575757576
20,2385,20,21.1304347826087
20,2386,20,-34.5434782608696
20,2387,9,-34.5434782608696
20,2388,-4,41.5333333333333
20,2389,201,112.406779661017
20,2390,377,271.932203389831
20,2391,-60,-61.1818181818182
20,2392,-277,-157.116883116883
20,2393,-98,-122.064516129032
20,2394,-132,15.5757575757576
20,2395,-90,-43.9712230215827
20,2396,-80,-43.9712230215827
20,2397,-64,-43.9712230215827
20,2398,-22,-5.5
20,2399,-16,-4.36666666666667
20,2400,-3,-15.125786163522
20,2401,2,2.80817610062893
20,2402,28,2.80817610062893
20,2403,134,77.051724137931
20,2404,375,183.568075117371
20,2405,121,-61.1818181818182
20,2406,-365,-233.493421052632
20,2407,-100,-97.3157894736842
20,2408,23,15.5757575757576
20,2409,89,23.6785714285714
20,2410,-12,-47.8571428571429
20,2411,-1,-15.125786163522
20,2412,-2,41.5333333333333
20,2413,152,112.406779661017
20,2414,272,271.932203389831
20,2415,58,-61.1818181818182
20,2416,-244,-157.116883116883
20,2417,-130,-122.064516129032
20,2418,-110,15.5757575757576
20,2419,-50,-43.9712230215827
20,2420,-125,-43.9712230215827
20,2421,-64,-43.9712230215827
20,2422,-37,-5.5
20,2423,-10,-5.5
20,2424,-7,-15.125786163522
20,2425,1,-15.125786163522
20,2426,28,2.80817610062893
20,2427,136,77.051724137931
20,2428,356,183.568075117371
20,2429,155,-61.1818181818182
20,2430,-344,-233.493421052632
20,2431,-127,-120.456790123457
20,2432,27,15.5757575757576
20,2433,99,23.6785714285714
20,2434,-21,-47.8571428571429
20,2435,-50,-15.125786163522
20,2436,68,-5.5
20,2437,133,86.3559322033898
20,2438,403,271.932203389831
20,2439,-56,-233.493421052632
20,2440,-211,-157.116883116883
20,2441,-124,-122.064516129032
20,2442,-165,15.5757575757576
20,2443,-85,-43.9712230215827
20,2444,-51,-43.9712230215827
20,2445,-100,-43.9712230215827
20,2446,-48,-5.5
20,2447,-10,-5.5
20,2448,-11,-15.125786163522
20,2449,2,-15.125786163522
20,2450,19,2.80817610062893
20,2451,110,77.051724137931
20,2452,289,183.568075117371
20,2453,272,141.207547169811
20,2454,-318,-233.493421052632
20,2455,-133,-157.116883116883
20,2456,15,15
20,2457,105,23.6785714285714
20,2458,47,-47.8571428571429
20,2459,-43,21.1304347826087
20,2460,24,-5.5
20,2461,126,112.406779661017
20,2462,270,231.6
20,2463,-70,-61.1818181818182
20,2464,-168,-157.116883116883
20,2465,-147,-122.064516129032
20,2466,-69,-107.285714285714
20,2467,-48,-43.9712230215827
20,2468,-76,-43.9712230215827
20,2469,-9,-5.5
20,2470,-83,-4.36666666666667
20,2471,-34,-5.5
20,2472,-49,-15.125786163522
20,2473,-32,-43.9712230215827
20,2474,11,-15.125786163522
20,2475,61,-7.4
20,2476,7,151.016129032258
20,2477,157,2.80817610062893
20,2478,96,-34.6666666666667
20,2479,126,-61.1818181818182
20,2480,103,183.568075117371
20,2481,-38,-233.493421052632
20,2482,54,-43.9712230215827
20,2483,8,-28.3684210526316
20,2484,-38,2.80817610062893
20,2485,-21,-43.9712230215827
20,2486,-39,41.5333333333333
20,2487,-44,-43.9712230215827
20,2488,-91,-43.9712230215827
20,2489,3,-43.9712230215827
20,2490,-47,2.80817610062893
20,2491,-102,-43.9712230215827
20,2492,16,-43.9712230215827
20,2493,-72,-7.4
20,2494,-42,-5.5
20,2495,-43,-43.9712230215827
20,2496,-44,-43.9712230215827
20,2497,-19,-5.5
20,2498,3,-15.125786163522
20,2499,17,2.80817610062893
20,2500,32,77.051724137931
20,2501,119,77.051724137931
20,2502,85,183.568075117371
20,2503,147,-97.3157894736842
20,2504,86,-34.6666666666667
20,2505,3,-120.456790123457
20,2506,-10,2.80817610062893
20,2507,8,-15.125786163522
20,2508,-25,2.80817610062893
20,2509,33,-15.125786163522
20,2510,13,-34.5434782608696
20,2511,-31,-34.5434782608696
20,2512,-115,112.406779661017
20,2513,-12,-43.9712230215827
20,2514,-110,-15.125786163522
20,2515,-94,-43.9712230215827
20,2516,-49,-43.9712230215827
20,2517,-69,-43.9712230215827
20,2518,-17,-5.5
20,2519,-7,-15.125786163522
20,2520,-11,-15.125786163522
20,2521,1,-15.125786163522
20,2522,30,2.80817610062893
20,2523,107,77.051724137931
20,2524,359,183.568075117371
20,2525,148,141.207547169811
20,2526,-335,-233.493421052632
20,2527,-169,-120.456790123457
20,2528,55,15.5757575757576
20,2529,59,21.1304347826087
20,2530,-13,21.1304347826087
20,2531,11,-15.125786163522
20,2532,0,-34.5434782608696
20,2533,168,112.406779661017
20,2534,373,271.932203389831
20,2535,31,-61.1818181818182
20,2536,-235,-157.116883116883
20,2537,-202,-122.064516129032
20,2538,-144,15.5757575757576
20,2539,-86,15.5757575757576
20,2540,-84,-43.9712230215827
20,2541,-52,-43.9712230215827
20,2542,-12,-5.5
20,2543,-10,-4.36666666666667
20,2544,6,-15.125786163522
20,2545,-8,2.80817610062893
20,2546,25,-15.125786163522
20,2547,107,77.051724137931
20,2548,167,183.568075117371
20,2549,310,183.568075117371
20,2550,-328,-233.493421052632
20,2551,-160,-157.116883116883
20,2552,-60,15
20,2553,30,-107.285714285714
20,2554,-36,-34.5434782608696
20,2555,1,-43.9712230215827
20,2556,56,2.80817610062893
20,2557,123,86.3559322033898
20,2558,442,231.6
20,2559,-28,-233.493421052632
20,2560,-162,-157.116883116883
20,2561,-105,-122.064516129032
20,2562,-112,-107.285714285714
20,2563,-67,-43.9712230215827
20,2564,-118,-43.9712230215827
20,2565,-55,-43.9712230215827
20,2566,-6,-5.5
20,2567,-24,-4.36666666666667
20,2568,4,-15.125786163522
20,2569,2,2.80817610062893
20,2570,30,2.80817610062893
20,2571,154,77.051724137931
20,2572,311,183.568075117371
20,2573,208,-61.1818181818182
20,2574,-361,-233.493421052632
20,2575,-154,-157.116883116883
20,2576,48,15
20,2577,88,21.1304347826087
20,2578,-79,-47.8571428571429
20,2579,65,-43.9712230215827
20,2580,-39,43.2608695652174
20,2581,111,-5.5
20,2582,465,231.6
20,2583,-113,-61.1818181818182
20,2584,-73,-157.116883116883
20,2585,-223,-122.064516129032
20,2586,-52,-107.285714285714
20,2587,-158,15.5757575757576
20,2588,-85,-43.9712230215827
20,2589,-105,-5.5
20,2590,-27,-5.5
20,2591,-12,-4.36666666666667
20,2592,-4,-15.125786163522
20,2593,1,2.80817610062893
20,2594,34,2.80817610062893
20,2595,141,77.051724137931
20,2596,325,183.568075117371
20,2597,213,-61.1818181818182
20,2598,-362,-233.493421052632
20,2599,-178,-157.116883116883
20,2600,49,15
20,2601,37,21.1304347826087
20,2602,19,-34.5434782608696
20,2603,14,-34.5434782608696
20,2604,26,41.5333333333333
20,2605,114,112.406779661017
20,2606,429,231.6
20,2607,-44,-61.1818181818182
20,2608,-244,-157.116883116883
20,2609,-144,-122.064516129032
20,2610,-98,15.5757575757576
20,2611,-95,-43.9712230215827
20,2612,-70,-43.9712230215827
20,2613,-78,-43.9712230215827
20,2614,-43,-5.5
20,2615,-36,-5.5
20,2616,-10,-5.5
20,2617,9,-15.125786163522
20,2618,19,2.80817610062893
20,2619,118,77.051724137931
20,2620,279,183.568075117371
20,2621,223,-61.1818181818182
20,2622,-287,-233.493421052632
20,2623,-150,-157.116883116883
20,2624,70,15
20,2625,117,-47.8571428571429
20,2626,-10,-47.8571428571429
20,2627,-17,10.3636363636364
20,2628,1,-15.125786163522
20,2629,181,112.406779661017
20,2630,265,231.6
20,2631,-130,-61.1818181818182
20,2632,-226,-157.116883116883
20,2633,-82,-122.064516129032
20,2634,-52,15.5757575757576
20,2635,-12,-43.9712230215827
20,2636,-99,-15.125786163522
20,2637,-85,-5.5
20,2638,-42,-5.5
20,2639,-28,-5.5
20,2640,-40,-15.125786163522
20,2641,-19,-43.9712230215827
20,2642,15,-15.125786163522
20,2643,24,-7.4
20,2644,31,77.051724137931
20,2645,126,77.051724137931
20,2646,163,-34.6666666666667
20,2647,68,-61.1818181818182
20,2648,131,-120.456790123457
20,2649,37,-138.814814814815
20,2650,14,10.3636363636364
20,2651,-44,-34.5434782608696
20,2652,10,-43.9712230215827
20,2653,-41,2.80817610062893
20,2654,51,-43.9712230215827
20,2655,-22,21.1304347826087
20,2656,-110,-15.125786163522
20,2657,-109,-43.9712230215827
20,2658,-62,-43.9712230215827
20,2659,-10,-43.9712230215827
20,2660,-97,-15.125786163522
20,2661,-35,-43.9712230215827
20,2662,-60,-15.125786163522
20,2663,-14,-5.5
20,2664,-46,-15.125786163522
20,2665,-10,-43.9712230215827
20,2666,-1,-15.125786163522
20,2667,6,2.80817610062893
20,2668,25,2.80817610062893
20,2669,71,77.051724137931
20,2670,155,183.568075117371
20,2671,162,139.796610169492
20,2672,110,-233.493421052632
20,2673,69,-233.493421052632
20,2674,-1,-28.3684210526316
20,2675,-32,2.80817610062893
20,2676,-119,-15.125786163522
20,2677,117,-43.9712230215827
20,2678,13,-47.8571428571429
20,2679,-80,10.3636363636364
20,2680,-123,-43.9712230215827
20,2681,-88,-43.9712230215827
20,2682,-56,-5.5
20,2683,-93,-43.9712230215827
20,2684,-45,-43.9712230215827
20,2685,-68,-5.5
20,2686,-26,-5.5
20,2687,-5,-15.125786163522
20,2688,-5,2.80817610062893
20,2689,5,2.80817610062893
20,2690,14,2.80817610062893
20,2691,14,77.051724137931
20,2692,108,77.051724137931
20,2693,329,183.568075117371
20,2694,-224,39.1
20,2695,-159,-157.116883116883
20,2696,30,15
20,2697,47,23.6785714285714
20,2698,57,21.1304347826087
20,2699,-6,-28.3684210526316
20,2700,18,2.80817610062893
20,2701,95,77.051724137931
20,2702,391,181.844444444444
20,2703,-81,-47.8571428571429
20,2704,-179,-157.116883116883
20,2705,-101,-122.064516129032
20,2706,-89,-107.285714285714
20,2707,-109,-43.9712230215827
20,2708,-90,-43.9712230215827
20,2709,-39,-5.5
20,2710,-21,-5.5
20,2711,1,-4.36666666666667
20,2712,-7,2.80817610062893
20,2713,2,-15.125786163522
20,2714,27,2.80817610062893
20,2715,124,77.051724137931
20,2716,319,183.568075117371
20,2717,193,-61.1818181818182
20,2718,-345,-233.493421052632
20,2719,-148,-120.456790123457
20,2720,50,15.5757575757576
20,2721,62,21.1304347826087
20,2722,-20,21.1304347826087
20,2723,-45,-15.125786163522
20,2724,32,-5.5
20,2725,75,112.406779661017
20,2726,477,231.6
20,2727,-16,-48.5454545454545
20,2728,-281,-157.116883116883
20,2729,-56,-122.064516129032
20,2730,-182,15.5757575757576
20,2731,15,-43.9712230215827
20,2732,-166,-34.5434782608696
20,2733,-72,-43.9712230215827
20,2734,-26,-5.5
20,2735,-21,41.5333333333333
20,2736,2,-15.125786163522
20,2737,-1,2.80817610062893
20,2738,32,2.80817610062893
20,2739,126,77.051724137931
20,2740,299,218
20,2741,179,-61.1818181818182
20,2742,-327,-233.493421052632
20,2743,-149,-120.456790123457
20,2744,21,15.5757575757576
20,2745,-8,23.6785714285714
20,2746,31,-15.125786163522
20,2747,-21,-34.5434782608696
20,2748,-11,41.5333333333333
20,2749,156,112.406779661017
20,2750,356,231.6
20,2751,-19,-61.1818181818182
20,2752,-133,-157.116883116883
20,2753,-132,-122.064516129032
20,2754,-63,-107.285714285714
20,2755,-87,-43.9712230215827
20,2756,-134,-43.9712230215827
20,2757,-54,-43.9712230215827
20,2758,-51,-5.5
20,2759,0,-5.5
20,2760,-7,2.80817610062893
20,2761,1,-15.125786163522
20,2762,28,2.80817610062893
20,2763,110,77.051724137931
20,2764,313,218
20,2765,127,141.207547169811
20,2766,-334,-233.493421052632
20,2767,-106,-97.3157894736842
20,2768,11,15.5757575757576
20,2769,54,23.6785714285714
20,2770,-43,21.1304347826087
20,2771,4,-43.9712230215827
20,2772,18,2.80817610062893
20,2773,126,112.406779661017
20,2774,295,271.932203389831
20,2775,25,-61.1818181818182
20,2776,-141,-157.116883116883
20,2777,-63,-122.064516129032
20,2778,-125,-107.285714285714
20,2779,-68,-43.9712230215827
20,2780,-97,-43.9712230215827
20,2781,-53,-43.9712230215827
20,2782,-62,-5.5
20,2783,-19,-43.9712230215827
20,2784,-5,-15.125786163522
20,2785,3,2.80817610062893
20,2786,28,2.80817610062893
20,2787,84,77.051724137931
20,2788,237,183.568075117371
20,2789,254,141.207547169811
20,2790,-280,-233.493421052632
20,2791,-148,-157.116883116883
20,2792,51,15
20,2793,18,21.1304347826087
20,2794,46,-34.5434782608696
20,2795,-37,-28.3684210526316
20,2796,21,-5.5
20,2797,96,112.406779661017
20,2798,266,231.6
20,2799,-141,-47.8571428571429
20,2800,-143,-157.116883116883
20,2801,-160,-122.064516129032
20,2802,15,-107.285714285714
20,2803,-20,23.6785714285714
20,2804,-23,-15.125786163522
20,2805,-58,-15.125786163522
20,2806,7,-5.5
20,2807,-30,112.406779661017
20,2808,-51,-15.125786163522
20,2809,-23,-43.9712230215827
20,2810,-7,-15.125786163522
20,2811,35,-15.125786163522
20,2812,31,77.051724137931
20,2813,89,23.6785714285714
20,2814,165,139.796610169492
20,2815,162,-34.6666666666667
20,2816,22,-233.493421052632
20,2817,86,-120.456790123457
20,2818,-38,-28.3684210526316
20,2819,45,-43.9712230215827
20,2820,-126,-28.3684210526316
20,2821,30,-43.9712230215827
20,2822,17,-34.5434782608696
20,2823,-49,41.5333333333333
20,2824,-56,-43.9712230215827
20,2825,-39,-43.9712230215827
20,2826,-64,-5.5
20,2827,-43,-43.9712230215827
20,2828,-54,-43.9712230215827
20,2829,-62,-43.9712230215827
20,2830,-36,-43.9712230215827
20,2831,-13,-43.9712230215827
20,2832,-54,-15.125786163522
20,2833,-47,-43.9712230215827
20,2834,-5,-43.9712230215827
20,2835,17,2.80817610062893
20,2836,46,77.051724137931
20,2837,70,151.016129032258
20,2838,91,183.568075117371
20,2839,220,86.3559322033898
20,2840,54,-34.6666666666667
20,2841,50,-157.116883116883
20,2842,29,-28.3684210526316
20,2843,-34,-34.5434782608696
20,2844,-64,-15.125786163522
20,2845,-26,-43.9712230215827
20,2846,71,-15.125786163522
20,2847,2,-47.8571428571429
20,2848,-111,-4.36666666666667
20,2849,-91,-43.9712230215827
20,2850,-79,-5.5
20,2851,-75,-43.9712230215827
20,2852,-91,-43.9712230215827
20,2853,-19,-43.9712230215827
20,2854,-37,-15.125786163522
20,2855,-17,-5.5
20,2856,-9,-15.125786163522
20,2857,-1,-15.125786163522
20,2858,39,2.80817610062893
20,2859,115,77.051724137931
20,2860,327,183.568075117371
20,2861,123,-61.1818181818182
20,2862,-340,-233.493421052632
20,2863,-84,-97.3157894736842
20,2864,-3,15.5757575757576
20,2865,89,2.80817610062893
20,2866,-10,-47.8571428571429
20,2867,-9,-15.125786163522
20,2868,-18,-15.125786163522
20,2869,181,112.406779661017
20,2870,419,271.932203389831
20,2871,-42,-61.1818181818182
20,2872,-209,-157.116883116883
20,2873,-107,-122.064516129032
20,2874,-144,15.5757575757576
20,2875,-144,-43.9712230215827
20,2876,-84,-43.9712230215827
20,2877,-66,-43.9712230215827
20,2878,-7,-5.5
20,2879,-21,-4.36666666666667
20,2880,0,-15.125786163522
20,2881,1,2.80817610062893
20,2882,29,2.80817610062893
20,2883,149,77.051724137931
20,2884,364,183.568075117371
20,2885,104,-61.1818181818182
20,2886,-328,-233.493421052632
20,2887,-138,-122.064516129032
20,2888,45,15.5757575757576
20,2889,73,21.1304347826087
20,2890,-2,-47.8571428571429
20,2891,-39,2.80817610062893
20,2892,50,-5.5
20,2893,99,86.3559322033898
20,2894,484,271.932203389831
20,2895,-76,-48.5454545454545
20,2896,-212,-157.116883116883
20,2897,-107,-122.064516129032
20,2898,-177,15.5757575757576
20,2899,-83,-43.9712230215827
20,2900,-114,-43.9712230215827
20,2901,-77,-5.5
20,2902,-31,-5.5
20,2903,-9,-4.36666666666667
20,2904,-6,-15.125786163522
20,2905,3,2.80817610062893
20,2906,25,2.80817610062893
20,2907,164,77.051724137931
20,2908,327,183.568075117371
20,2909,160,-61.1818181818182
20,2910,-405,-233.493421052632
20,2911,-110,-120.456790123457
20,2912,37,15.5757575757576
20,2913,113,23.6785714285714
20,2914,-1,-47.8571428571429
20,2915,-51,10.3636363636364
20,2916,-21,-5.5
20,2917,143,112.406779661017
20,2918,451,271.932203389831
20,2919,-39,-61.1818181818182
20,2920,-161,-157.116883116883
20,2921,-198,-122.064516129032
20,2922,-78,-107.285714285714
20,2923,-70,15.5757575757576
20,2924,-138,-43.9712230215827
20,2925,-105,-43.9712230215827
20,2926,-29,-5.5
20,2927,-12,-4.36666666666667
20,2928,-6,-15.125786163522
20,2929,4,2.80817610062893
20,2930,36,2.80817610062893
20,2931,146,77.051724137931
20,2932,315,218
20,2933,109,-61.1818181818182
20,2934,-266,-233.493421052632
20,2935,-167,-122.064516129032
20,2936,27,15.5757575757576
20,2937,65,23.6785714285714
20,2938,-40,21.1304347826087
20,2939,18,-43.9712230215827
20,2940,-35,41.5333333333333
20,2941,168,112.406779661017
20,2942,318,271.932203389831
20,2943,-8,-61.1818181818182
20,2944,-126,-157.116883116883
20,2945,-101,-122.064516129032
20,2946,-72,-107.285714285714
20,2947,-124,-43.9712230215827
20,2948,-103,-43.9712230215827
20,2949,-57,-43.9712230215827
20,2950,-72,-5.5
20,2951,-24,-5.5
20,2952,-10,-15.125786163522
20,2953,2,-15.125786163522
20,2954,35,2.80817610062893
20,2955,118,77.051724137931
20,2956,217,183.568075117371
20,2957,244,-61.1818181818182
20,2958,-324,-233.493421052632
20,2959,-129,-157.116883116883
20,2960,17,15
20,2961,38,23.6785714285714
20,2962,13,-34.5434782608696
20,2963,-6,-34.5434782608696
20,2964,-3,2.80817610062893
20,2965,121,112.406779661017
20,2966,188,231.6
20,2967,-75,-61.1818181818182
20,2968,-101,-120.456790123457
20,2969,-55,-43.9712230215827
20,2970,-72,-43.9712230215827
20,2971,-73,-43.9712230215827
20,2972,-115,-43.9712230215827
20,2973,21,-5.5
20,2974,-11,-7.4
20,2975,3,-4.36666666666667
20,2976,-38,2.80817610062893
20,2977,-5,-5.5
20,2978,-8,2.80817610062893
20,2979,32,-15.125786163522
20,2980,50,23.6785714285714
20,2981,102,139.796610169492
20,2982,81,43.2608695652174
20,2983,129,86.3559322033898
20,2984,48,-138.814814814815
20,2985,19,10.3636363636364
20,2986,-43,23.6785714285714
20,2987,-19,-43.9712230215827
20,2988,-5,-15.125786163522
20,2989,-31,2.80817610062893
20,2990,-11,-15.125786163522
20,2991,-23,-15.125786163522
20,2992,35,112.406779661017
20,2993,-82,-7.4
20,2994,-79,-43.9712230215827
20,2995,-41,-43.9712230215827
20,2996,-20,-43.9712230215827
20,2997,-3,-15.125786163522
20,2998,-56,2.80817610062893
20,2999,-3,-5.5
20,3000,-57,2.80817610062893
20,3001,-29,-43.9712230215827
20,3002,6,-15.125786163522
20,3003,17,2.80817610062893
20,3004,23,23.6785714285714
20,3005,92,77.051724137931
20,3006,77,39.1
20,3007,147,86.3559322033898
20,3008,11,-34.6666666666667
20,3009,56,-120.456790123457
20,3010,-13,-28.3684210526316
20,3011,24,-15.125786163522
20,3012,-99,-34.5434782608696
20,3013,-32,-43.9712230215827
20,3014,100,-15.125786163522
20,3015,-43,-47.8571428571429
20,3016,12,-43.9712230215827
20,3017,-50,-7.4
20,3018,-74,-5.5
20,3019,-107,-43.9712230215827
20,3020,-41,-43.9712230215827
20,3021,-67,-43.9712230215827
20,3022,-26,-43.9712230215827
20,3023,-2,-15.125786163522
20,3024,-10,2.80817610062893
20,3025,7,-15.125786163522
20,3026,28,2.80817610062893
20,3027,96,77.051724137931
20,3028,262,183.568075117371
20,3029,170,141.207547169811
20,3030,-273,-233.493421052632
20,3031,-121,-120.456790123457
20,3032,27,15.5757575757576
20,3033,56,23.6785714285714
20,3034,-21,21.1304347826087
20,3035,-6,-15.125786163522
20,3036,4,2.80817610062893
20,3037,131,112.406779661017
20,3038,382,231.6
20,3039,-17,-61.1818181818182
20,3040,-149,-157.116883116883
20,3041,-186,-122.064516129032
20,3042,-137,-107.285714285714
20,3043,-70,-43.9712230215827
20,3044,-86,-43.9712230215827
20,3045,-49,-43.9712230215827
20,3046,-39,-5.5
20,3047,-4,-5.5
20,3048,-8,2.80817610062893
20,3049,4,-15.125786163522
20,3050,29,2.80817610062893
20,3051,119,77.051724137931
20,3052,329,183.568075117371
20,3053,163,-61.1818181818182
20,3054,-374,-233.493421052632
20,3055,-63,-120.456790123457
20,3056,8,15.5757575757576
20,3057,55,2.80817610062893
20,3058,11,21.1304347826087
20,3059,27,-34.5434782608696
20,3060,91,-34.5434782608696
20,3061,126,86.3559322033898
20,3062,195,231.6
20,3063,-95,-233.493421052632
20,3064,-130,-120.456790123457
20,3065,-121,-43.9712230215827
20,3066,-180,-43.9712230215827
20,3067,-19,-43.9712230215827
20,3068,-6,-15.125786163522
20,3069,-12,2.80817610062893
20,3070,-36,-4.36666666666667
20,3071,-30,-5.5
20,3072,-61,-15.125786163522
20,3073,-16,-43.9712230215827
20,3074,3,-15.125786163522
20,3075,13,2.80817610062893
20,3076,40,77.051724137931
20,3077,81,139.796610169492
20,3078,140,183.568075117371
20,3079,154,-34.6666666666667
20,3080,38,-233.493421052632
20,3081,9,-120.456790123457
20,3082,5,2.80817610062893
20,3083,48,2.80817610062893
20,3084,-93,21.1304347826087
20,3085,-65,-43.9712230215827
20,3086,25,-43.9712230215827
20,3087,16,112.406779661017
20,3088,2,-4.36666666666667
20,3089,119,2.80817610062893
20,3090,33,39.1
20,3091,-82,-97.3157894736842
20,3092,-319,-43.9712230215827
20,3093,-95,-43.9712230215827
20,3094,-58,15.5757575757576
20,3095,-12,-43.9712230215827
20,3096,-11,-15.125786163522
20,3097,0,-15.125786163522
20,3098,22,2.80817610062893
20,3099,104,77.051724137931
20,3100,210,271.932203389831
20,3101,207,141.207547169811
20,3102,-257,-233.493421052632
20,3103,-107,-157.116883116883
20,3104,58,15
20,3105,32,21.1304347826087
20,3106,34,-34.5434782608696
20,3107,-69,-34.5434782608696
20,3108,13,-5.5
20,3109,179,112.406779661017
20,3110,256,231.6
20,3111,-82,-61.1818181818182
20,3112,-104,-157.116883116883
20,3113,-182,-122.064516129032
20,3114,2,-43.9712230215827
20,3115,-98,2.80817610062893
20,3116,-94,-43.9712230215827
20,3117,-29,-5.5
20,3118,-73,41.5333333333333
20,3119,-12,-5.5
20,3120,-10,-15.125786163522
20,3121,-1,-15.125786163522
20,3122,29,2.80817610062893
20,3123,96,77.051724137931
20,3124,222,183.568075117371
20,3125,232,141.207547169811
20,3126,-281,-233.493421052632
20,3127,-94,-157.116883116883
20,3128,23,15
20,3129,98,23.6785714285714
20,3130,-38,-47.8571428571429
20,3131,-18,-43.9712230215827
20,3132,10,-15.125786163522
20,3133,84,112.406779661017
20,3134,207,231.6
20,3135,-16,-47.8571428571429
20,3136,-142,-157.116883116883
20,3137,-82,-122.064516129032
20,3138,-36,-43.9712230215827
20,3139,-12,-43.9712230215827
20,3140,-124,-15.125786163522
20,3141,-14,-43.9712230215827
20,3142,-79,-15.125786163522
20,3143,-13,-5.5
20,3144,-27,-15.125786163522
20,3145,-15,-15.125786163522
20,3146,-2,-15.125786163522
20,3147,17,2.80817610062893
20,3148,40,77.051724137931
20,3149,81,139.796610169492
20,3150,104,183.568075117371
20,3151,69,86.3559322033898
20,3152,42,86.3559322033898
20,3153,-25,43.2608695652174
20,3154,18,-15.125786163522
20,3155,-52,-34.5434782608696
20,3156,-2,-43.9712230215827
20,3157,-12,2.80817610062893
20,3158,-15,-15.125786163522
20,3159,-2,-15.125786163522
20,3160,10,2.80817610062893
20,3161,-11,2.80817610062893
20,3162,-75,-15.125786163522
20,3163,19,-43.9712230215827
20,3164,-72,-7.4
20,3165,-1,-43.9712230215827
20,3166,-23,2.80817610062893
20,3167,-54,-15.125786163522
20,3168,-35,-5.5
20,3169,-22,-15.125786163522
20,3170,-7,-15.125786163522
20,3171,15,-15.125786163522
20,3172,31,23.6785714285714
20,3173,78,77.051724137931
20,3174,112,183.568075117371
20,3175,77,86.3559322033898
20,3176,70,-97.3157894736842
20,3177,-13,86.3559322033898
20,3178,-39,-15.125786163522
20,3179,-25,-43.9712230215827
20,3180,-14,-15.125786163522
20,3181,-7,-15.125786163522
20,3182,-21,-15.125786163522
20,3183,-17,-15.125786163522
20,3184,-3,-15.125786163522
20,3185,35,2.80817610062893
20,3186,-78,77.051724137931
20,3187,-85,-43.9712230215827
20,3188,1,-43.9712230215827
20,3189,-84,2.80817610062893
20,3190,-21,-43.9712230215827
20,3191,-13,-15.125786163522
20,3192,0,-15.125786163522
20,3193,-3,2.80817610062893
20,3194,26,2.80817610062893
20,3195,64,23.6785714285714
20,3196,138,139.796610169492
20,3197,225,183.568075117371
20,3198,-92,-233.493421052632
20,3199,-188,-157.116883116883
20,3200,41,-122.064516129032
20,3201,50,21.1304347826087
20,3202,-11,21.1304347826087
20,3203,-13,-15.125786163522
20,3204,38,-15.125786163522
20,3205,133,112.406779661017
20,3206,436,183.568075117371
20,3207,23,-61.1818181818182
20,3208,-241,-157.116883116883
20,3209,-184,-122.064516129032
20,3210,-116,15.5757575757576
20,3211,-107,-43.9712230215827
20,3212,-93,-43.9712230215827
20,3213,-62,-43.9712230215827
20,3214,-54,-5.5
20,3215,1,-5.5
20,3216,-13,2.80817610062893
20,3217,1,-15.125786163522
20,3218,38,2.80817610062893
20,3219,145,77.051724137931
20,3220,333,183.568075117371
20,3221,129,-61.1818181818182
20,3222,-318,-233.493421052632
20,3223,-141,-97.3157894736842
20,3224,59,15.5757575757576
20,3225,23,21.1304347826087
20,3226,8,-34.5434782608696
20,3227,-38,2.80817610062893
20,3228,23,-5.5
20,3229,170,112.406779661017
20,3230,437,271.932203389831
20,3231,-53,-61.1818181818182
20,3232,-405,-157.116883116883
20,3233,-330,-122.064516129032
20,3234,6,15.5757575757576
20,3235,49,2.80817610062893
20,3236,-36,21.1304347826087
20,3237,-59,-43.9712230215827
20,3238,-30,-5.5
20,3239,-9,112.406779661017
20,3240,0,-15.125786163522
20,3241,2,2.80817610062893
20,3242,34,2.80817610062893
20,3243,144,77.051724137931
20,3244,312,183.568075117371
20,3245,177,-61.1818181818182
20,3246,-346,-233.493421052632
20,3247,-133,-120.456790123457
20,3248,34,15.5757575757576
20,3249,63,23.6785714285714
20,3250,-19,21.1304347826087
20,3251,-32,-15.125786163522
20,3252,35,41.5333333333333
20,3253,135,112.406779661017
20,3254,419,231.6
20,3255,-16,-61.1818181818182
20,3256,-181,-157.116883116883
20,3257,-150,-122.064516129032
20,3258,-92,-107.285714285714
20,3259,-147,-43.9712230215827
20,3260,-92,-43.9712230215827
20,3261,-96,-43.9712230215827
20,3262,-35,-5.5
20,3263,-12,-4.36666666666667
20,3264,1,-15.125786163522
20,3265,-5,2.80817610062893
20,3266,39,2.80817610062893
20,3267,134,77.051724137931
20,3268,334,183.568075117371
20,3269,190,-61.1818181818182
20,3270,-375,-233.493421052632
20,3271,-113,-120.456790123457
20,3272,1,15.5757575757576
20,3273,77,2.80817610062893
20,3274,-15,-47.8571428571429
20,3275,-68,-15.125786163522
20,3276,62,-5.5
20,3277,168,86.3559322033898
20,3278,356,231.6
20,3279,30,-233.493421052632
20,3280,-196,-157.116883116883
20,3281,-115,-122.064516129032
20,3282,-141,-107.285714285714
20,3283,-55,-43.9712230215827
20,3284,-107,-43.9712230215827
20,3285,-116,-43.9712230215827
20,3286,-36,-5.5
20,3287,-42,-5.5
20,3288,-8,-5.5
20,3289,2,-15.125786163522
20,3290,23,2.80817610062893
20,3291,93,77.051724137931
20,3292,253,183.568075117371
20,3293,333,141.207547169811
20,3294,-299,-233.493421052632
20,3295,-146,-157.116883116883
20,3296,20,15
20,3297,91,23.6785714285714
20,3298,-5,-47.8571428571429
20,3299,-5,2.80817610062893
20,3300,-16,2.80817610062893
20,3301,139,112.406779661017
20,3302,343,231.6
20,3303,-204,-61.1818181818182
20,3304,-143,-157.116883116883
20,3305,-99,15
20,3306,-90,-107.285714285714
20,3307,-36,-43.9712230215827
20,3308,-51,-43.9712230215827
20,3309,-21,-5.5
20,3310,-73,-4.36666666666667
20,3311,-17,-5.5
20,3312,-61,-15.125786163522
20,3313,-31,-43.9712230215827
20,3314,-4,-15.125786163522
20,3315,30,2.80817610062893
20,3316,13,77.051724137931
20,3317,103,77.051724137931
20,3318,131,183.568075117371
20,3319,119,-34.6666666666667
20,3320,38,-233.493421052632
20,3321,60,10.3636363636364
20,3322,92,43.2608695652174
20,3323,41,-28.3684210526316
20,3324,-72,-28.3684210526316
20,3325,6,-43.9712230215827
20,3326,-108,2.80817610062893
20,3327,-107,-43.9712230215827
20,3328,80,-43.9712230215827
20,3329,-75,-47.8571428571429
20,3330,-87,-5.5
20,3331,-44,-43.9712230215827
20,3332,-14,-5.5
20,3333,-24,-15.125786163522
20,3334,-19,-15.125786163522
20,3335,-53,-15.125786163522
20,3336,-58,-5.5
20,3337,-38,-43.9712230215827
20,3338,-10,-43.9712230215827
20,3339,6,-15.125786163522
20,3340,32,2.80817610062893
20,3341,86,77.051724137931
20,3342,88,183.568075117371
20,3343,161,183.568075117371
20,3344,69,-34.6666666666667
20,3345,38,-120.456790123457
20,3346,-9,23.6785714285714
20,3347,-4,-15.125786163522
20,3348,13,2.80817610062893
20,3349,6,-34.5434782608696
20,3350,-59,2.80817610062893
20,3351,-124,-43.9712230215827
20,3352,0,-43.9712230215827
20,3353,-18,2.80817610062893
20,3354,-71,-15.125786163522
20,3355,-93,-43.9712230215827
20,3356,-39,-43.9712230215827
20,3357,-48,-5.5
20,3358,-32,-43.9712230215827
20,3359,4,-15.125786163522
20,3360,-9,2.80817610062893
20,3361,6,-15.125786163522
20,3362,38,2.80817610062893
20,3363,90,77.051724137931
20,3364,343,183.568075117371
20,3365,184,141.207547169811
20,3366,-319,-233.493421052632
20,3367,-162,-120.456790123457
20,3368,-4,15.5757575757576
20,3369,55,2.80817610062893
20,3370,2,21.1304347826087
20,3371,-27,2.80817610062893
20,3372,25,-15.125786163522
20,3373,149,112.406779661017
20,3374,369,231.6
20,3375,39,-61.1818181818182
20,3376,-199,-157.116883116883
20,3377,-141,-122.064516129032
20,3378,-126,15.5757575757576
20,3379,-44,-43.9712230215827
20,3380,-118,-43.9712230215827
20,3381,-113,-43.9712230215827
20,3382,-28,-5.5
20,3383,-18,-4.36666666666667
20,3384,-4,-15.125786163522
20,3385,4,2.80817610062893
20,3386,31,2.80817610062893
20,3387,175,77.051724137931
20,3388,313,183.568075117371
20,3389,135,-61.1818181818182
20,3390,-341,-233.493421052632
20,3391,-161,10.3636363636364
20,3392,47,15.5757575757576
20,3393,48,21.1304347826087
20,3394,-33,21.1304347826087
20,3395,-7,-15.125786163522
20,3396,30,41.5333333333333
20,3397,137,112.406779661017
20,3398,389,271.932203389831
20,3399,2,-61.1818181818182
20,3400,-225,-157.116883116883
20,3401,-120,-122.064516129032
20,3402,-94,15.5757575757576
20,3403,-89,-43.9712230215827
20,3404,-83,-43.9712230215827
20,3405,-108,-43.9712230215827
20,3406,-37,-5.5
20,3407,-8,-5.5
20,3408,-4,-15.125786163522
20,3409,2,2.80817610062893
20,3410,40,2.80817610062893
20,3411,116,113.411764705882
20,3412,333,183.568075117371
20,3413,184,-61.1818181818182
20,3414,-382,-233.493421052632
20,3415,-159,-120.456790123457
20,3416,45,15.5757575757576
20,3417,19,21.1304347826087
20,3418,1,-34.5434782608696
20,3419,-33,2.80817610062893
20,3420,24,-15.125786163522
20,3421,30,112.406779661017
20,3422,146,112.406779661017
20,3423,273,-47.8571428571429
20,3424,-127,-61.1818181818182
20,3425,-150,-157.116883116883
20,3426,-47,-122.064516129032
20,3427,-31,-107.285714285714
20,3428,-157,-15.125786163522
20,3429,-65,-43.9712230215827
20,3430,-41,-5.5
20,3431,-18,-5.5
20,3432,-2,-4.36666666666667
20,3433,3,2.80817610062893
20,3434,32,2.80817610062893
20,3435,112,77.051724137931
20,3436,321,218
20,3437,184,-61.1818181818182
20,3438,-339,-233.493421052632
20,3439,-120,-120.456790123457
20,3440,18,15.5757575757576
20,3441,58,23.6785714285714
20,3442,-20,21.1304347826087
20,3443,-57,-15.125786163522
20,3444,95,-5.5
20,3445,66,86.3559322033898
20,3446,413,231.6
20,3447,6,-48.5454545454545
20,3448,-244,-157.116883116883
20,3449,-28,-122.064516129032
20,3450,-173,-15.125786163522
20,3451,-264,-43.9712230215827
20,3452,-3,-43.9712230215827
20,3453,-31,2.80817610062893
20,3454,-23,-15.125786163522
20,3455,8,-4.36666666666667
20,3456,17,2.80817610062893
20,3457,-27,77.051724137931
20,3458,33,-15.125786163522
20,3459,84,23.6785714285714
20,3460,234,86.3559322033898
20,3461,331,141.207547169811
20,3462,-318,-233.493421052632
20,3463,-140,-157.116883116883
20,3464,-21,15
20,3465,62,-15.125786163522
20,3466,-118,21.1304347826087
20,3467,73,-43.9712230215827
20,3468,-13,43.2608695652174
20,3469,220,41.5333333333333
20,3470,279,231.6
20,3471,-93,-61.1818181818182
20,3472,-220,-157.116883116883
20,3473,-151,-122.064516129032
20,3474,-129,15.5757575757576
20,3475,13,-43.9712230215827
20,3476,31,23.6785714285714
20,3477,-63,-34.5434782608696
20,3478,-31,-5.5
20,3479,-12,41.5333333333333
20,3480,-35,-15.125786163522
20,3481,-9,-15.125786163522
20,3482,1,-15.125786163522
20,3483,-2,2.80817610062893
20,3484,22,2.80817610062893
20,3485,75,77.051724137931
20,3486,95,183.568075117371
20,3487,61,64.3636363636364
20,3488,37,86.3559322033898
20,3489,152,23.6785714285714
20,3490,-103,-138.814814814815
20,3491,-11,-120.456790123457
20,3492,37,-15.125786163522
20,3493,-54,-34.5434782608696
20,3494,-85,-43.9712230215827
20,3495,-64,-43.9712230215827
20,3496,61,-5.5
20,3497,-24,64.3636363636364
20,3498,-51,-4.36666666666667
20,3499,17,-43.9712230215827
20,3500,-31,-7.4
20,3501,-36,-15.125786163522
20,3502,17,-43.9712230215827
20,3503,-8,23.6785714285714
20,3504,-79,-15.125786163522
20,3505,-27,-43.9712230215827
20,3506,-10,-15.125786163522
20,3507,13,-15.125786163522
20,3508,19,77.051724137931
20,3509,115,23.6785714285714
20,3510,105,139.796610169492
20,3511,121,-61.1818181818182
20,3512,126,86.3559322033898
20,3513,-1,-233.493421052632
20,3514,122,10.3636363636364
20,3515,-10,-138.814814814815
20,3516,8,10.3636363636364
20,3517,4,2.80817610062893
20,3518,-72,2.80817610062893
20,3519,-41,-43.9712230215827
20,3520,7,-43.9712230215827
20,3521,-144,112.406779661017
20,3522,-33,-43.9712230215827
20,3523,-154,-4.36666666666667
20,3524,-68,-5.5
20,3525,-76,-43.9712230215827
20,3526,-20,-43.9712230215827
20,3527,-10,-15.125786163522
20,3528,-15,-15.125786163522
20,3529,6,-15.125786163522
20,3530,43,2.80817610062893
20,3531,106,218
20,3532,264,183.568075117371
20,3533,317,141.207547169811
20,3534,-393,-233.493421052632
20,3535,-145,-157.116883116883
20,3536,-2,15
20,3537,116,2.80817610062893
20,3538,-74,-47.8571428571429
20,3539,31,10.3636363636364
20,3540,10,-34.5434782608696
20,3541,176,112.406779661017
20,3542,390,231.6
20,3543,-106,-61.1818181818182
20,3544,-159,-157.116883116883
20,3545,-179,-122.064516129032
20,3546,-107,-107.285714285714
20,3547,-87,-43.9712230215827
20,3548,-95,-43.9712230215827
20,3549,-50,-5.5
20,3550,-47,-5.5
20,3551,-1,-5.5
20,3552,-10,2.80817610062893
20,3553,0,-15.125786163522
20,3554,44,2.80817610062893
20,3555,140,113.411764705882
20,3556,326,183.568075117371
20,3557,227,-175.315789473684
20,3558,-404,-233.493421052632
20,3559,-121,-157.116883116883
20,3560,-17,15
20,3561,28,-15.125786163522
20,3562,44,-34.5434782608696
20,3563,-29,21.1304347826087
20,3564,41,41.5333333333333
20,3565,170,86.3559322033898
20,3566,414,231.6
20,3567,8,-175.315789473684
20,3568,-245,-157.116883116883
20,3569,-109,-122.064516129032
20,3570,-145,15.5757575757576
20,3571,-109,-43.9712230215827
20,3572,-77,-43.9712230215827
20,3573,-126,-43.9712230215827
20,3574,-38,-5.5
20,3575,-16,-5.5
20,3576,0,-15.125786163522
20,3577,-8,2.80817610062893
20,3578,55,-15.125786163522
20,3579,131,113.411764705882
20,3580,317,183.568075117371
20,3581,281,-233.493421052632
20,3582,-446,-233.493421052632
20,3583,-111,-157.116883116883
20,3584,50,15
20,3585,29,21.1304347826087
20,3586,2,-34.5434782608696
20,3587,-65,2.80817610062893
20,3588,70,-5.5
20,3589,167,86.3559322033898
20,3590,429,231.6
20,3591,-22,-233.493421052632
20,3592,-193,-157.116883116883
20,3593,-131,-122.064516129032
20,3594,-170,-107.285714285714
20,3595,-119,-43.9712230215827
20,3596,-39,-43.9712230215827
20,3597,-147,-43.9712230215827
20,3598,-63,-5.5
20,3599,-8,-5.5
20,3600,-13,-15.125786163522
20,3601,-4,-15.125786163522
20,3602,38,2.80817610062893
20,3603,139,77.051724137931
20,3604,314,183.568075117371
20,3605,234,-61.1818181818182
20,3606,-385,-233.493421052632
20,3607,-122,-157.116883116883
20,3608,-10,15
20,3609,67,-15.125786163522
20,3610,-37,21.1304347826087
20,3611,-29,-43.9712230215827
20,3612,25,41.5333333333333
20,3613,136,112.406779661017
20,3614,364,231.6
20,3615,-50,-61.1818181818182
20,3616,-74,-157.116883116883
20,3617,-168,-122.064516129032
20,3618,-175,-107.285714285714
20,3619,-37,-43.9712230215827
20,3620,-89,-43.9712230215827
20,3621,-48,-43.9712230215827
20,3622,-43,-5.5
20,3623,-28,-5.5
20,3624,-14,-15.125786163522
20,3625,-4,-15.125786163522
20,3626,29,2.80817610062893
20,3627,102,77.051724137931
20,3628,271,183.568075117371
20,3629,266,141.207547169811
20,3630,-313,-233.493421052632
20,3631,-132,-157.116883116883
20,3632,20,15
20,3633,48,23.6785714285714
20,3634,15,21.1304347826087
20,3635,12,-34.5434782608696
20,3636,-3,-34.5434782608696
20,3637,176,112.406779661017
20,3638,200,231.6
20,3639,-77,-61.1818181818182
20,3640,-106,-157.116883116883
20,3641,-162,-43.9712230215827
20,3642,-94,-43.9712230215827
20,3643,-61,-43.9712230215827
20,3644,-10,-43.9712230215827
20,3645,2,-15.125786163522
20,3646,-111,-4.36666666666667
20,3647,10,-5.5
20,3648,-47,2.80817610062893
20,3649,-32,-43.9712230215827
20,3650,3,-15.125786163522
20,3651,36,2.80817610062893
20,3652,26,23.6785714285714
20,3653,87,77.051724137931
20,3654,174,43.2608695652174
20,3655,58,-34.6666666666667
20,3656,62,-120.456790123457
20,3657,30,-28.3684210526316
20,3658,11,23.6785714285714
20,3659,-4,-34.5434782608696
20,3660,3,2.80817610062893
20,3661,-10,2.80817610062893
20,3662,-8,-15.125786163522
20,3663,2,112.406779661017
20,3664,-143,2.80817610062893
20,3665,-105,-43.9712230215827
20,3666,67,-43.9712230215827
20,3667,-24,110.884615384615
20,3668,-68,-15.125786163522
20,3669,-20,-43.9712230215827
20,3670,-30,-15.125786163522
20,3671,-46,-15.125786163522
20,3672,-57,-43.9712230215827
20,3673,-42,-43.9712230215827
20,3674,4,-5.5
20,3675,1,2.80817610062893
20,3676,22,2.80817610062893
20,3677,87,77.051724137931
20,3678,99,183.568075117371
20,3679,155,183.568075117371
20,3680,128,-34.6666666666667
20,3681,2,-233.493421052632
20,3682,-28,10.3636363636364
20,3683,39,-15.125786163522
20,3684,-21,-34.5434782608696
20,3685,20,-15.125786163522
20,3686,10,-34.5434782608696
20,3687,-112,2.80817610062893
20,3688,24,-43.9712230215827
20,3689,-140,41.5333333333333
20,3690,-32,-43.9712230215827
20,3691,-123,-15.125786163522
20,3692,-48,-43.9712230215827
20,3693,-42,-5.5
20,3694,-39,-43.9712230215827
20,3695,-11,-5.5
20,3696,-5,-15.125786163522
20,3697,2,2.80817610062893
20,3698,42,2.80817610062893
20,3699,114,113.411764705882
20,3700,308,183.568075117371
20,3701,282,-175.315789473684
20,3702,-458,-233.493421052632
20,3703,-104,-157.116883116883
20,3704,26,15
20,3705,63,23.6785714285714
20,3706,-52,21.1304347826087
20,3707,28,-43.9712230215827
20,3708,-18,-34.5434782608696
20,3709,189,112.406779661017
20,3710,402,231.6
20,3711,-15,-61.1818181818182
20,3712,-147,-157.116883116883
20,3713,-203,-122.064516129032
20,3714,-140,-107.285714285714
20,3715,-92,15.5757575757576
20,3716,-80,-43.9712230215827
20,3717,-112,-43.9712230215827
20,3718,-17,-5.5
20,3719,-13,-4.36666666666667
20,3720,-2,-15.125786163522
20,3721,0,2.80817610062893
20,3722,39,2.80817610062893
20,3723,149,77.051724137931
20,3724,319,183.568075117371
20,3725,247,-61.1818181818182
20,3726,-427,-233.493421052632
20,3727,-106,-157.116883116883
20,3728,-3,15
20,3729,24,2.80817610062893
20,3730,40,-34.5434782608696
20,3731,-28,21.1304347826087
20,3732,-116,41.5333333333333
20,3733,258,-5.5
20,3734,418,231.6
20,3735,37,-61.1818181818182
20,3736,-243,-157.116883116883
20,3737,-162,-122.064516129032
20,3738,-100,15.5757575757576
20,3739,-95,-43.9712230215827
20,3740,-110,-43.9712230215827
20,3741,-100,-43.9712230215827
20,3742,-14,-5.5
20,3743,-20,-4.36666666666667
20,3744,-6,-15.125786163522
20,3745,-3,2.80817610062893
20,3746,45,2.80817610062893
20,3747,136,113.411764705882
20,3748,302,183.568075117371
20,3749,194,-175.315789473684
20,3750,-331,-233.493421052632
20,3751,-114,-120.456790123457
20,3752,-2,15.5757575757576
20,3753,50,2.80817610062893
20,3754,-4,21.1304347826087
20,3755,-17,2.80817610062893
20,3756,32,41.5333333333333
20,3757,184,112.406779661017
20,3758,358,231.6
20,3759,54,-61.1818181818182
20,3760,-239,-157.116883116883
20,3761,-139,-122.064516129032
20,3762,-193,15.5757575757576
20,3763,-32,-43.9712230215827
20,3764,-136,-15.125786163522
20,3765,-89,-43.9712230215827
20,3766,-21,-5.5
20,3767,-31,-4.36666666666667
20,3768,-5,-15.125786163522
20,3769,3,2.80817610062893
20,3770,32,2.80817610062893
20,3771,142,77.051724137931
20,3772,290,218
20,3773,266,-61.1818181818182
20,3774,-396,-233.493421052632
20,3775,-162,-157.116883116883
20,3776,45,15
20,3777,60,21.1304347826087
20,3778,24,21.1304347826087
20,3779,-85,-34.5434782608696
20,3780,45,-5.5
20,3781,136,86.3559322033898
20,3782,459,231.6
20,3783,-98,-175.315789473684
20,3784,-160,-157.116883116883
20,3785,-180,-122.064516129032
20,3786,-85,-107.285714285714
20,3787,-80,-43.9712230215827
20,3788,-85,-43.9712230215827
20,3789,-106,-5.5
20,3790,-28,-5.5
20,3791,-29,-4.36666666666667
20,3792,-8,-15.125786163522
20,3793,6,-15.125786163522
20,3794,25,2.80817610062893
20,3795,126,77.051724137931
20,3796,258,183.568075117371
20,3797,247,-61.1818181818182
20,3798,-272,-233.493421052632
20,3799,-147,-157.116883116883
20,3800,14,15
20,3801,75,23.6785714285714
20,3802,7,-47.8571428571429
20,3803,-14,2.80817610062893
20,3804,49,41.5333333333333
20,3805,112,86.3559322033898
20,3806,249,231.6
20,3807,-70,-175.315789473684
20,3808,-202,-157.116883116883
20,3809,-80,-122.064516129032
20,3810,-111,15.5757575757576
20,3811,-76,-43.9712230215827
20,3812,-6,-43.9712230215827
20,3813,-35,2.80817610062893
20,3814,-39,-15.125786163522
20,3815,-38,-5.5
20,3816,-54,-5.5
20,3817,-17,-5.5
20,3818,4,-15.125786163522
20,3819,32,2.80817610062893
20,3820,18,77.051724137931
20,3821,114,77.051724137931
20,3822,97,183.568075117371
20,3823,118,-61.1818181818182
20,3824,74,86.3559322033898
20,3825,77,10.3636363636364
20,3826,-20,43.2608695652174
20,3827,-55,-15.125786163522
20,3828,17,-43.9712230215827
20,3829,-39,-34.5434782608696
20,3830,42,-43.9712230215827
20,3831,-2,21.1304347826087
20,3832,-93,2.80817610062893
20,3833,-85,-43.9712230215827
20,3834,-23,-43.9712230215827
20,3835,-20,-15.125786163522
20,3836,-47,-15.125786163522
20,3837,-69,-43.9712230215827
20,3838,-66,-5.5
20,3839,-14,-5.5
20,3840,-32,-15.125786163522
20,3841,-27,-15.125786163522
20,3842,5,-15.125786163522
20,3843,0,2.80817610062893
20,3844,49,2.80817610062893
20,3845,40,113.411764705882
20,3846,121,151.016129032258
20,3847,135,64.3636363636364
20,3848,73,-61.1818181818182
20,3849,54,-97.3157894736842
20,3850,32,-28.3684210526316
20,3851,3,23.6785714285714
20,3852,-76,2.80817610062893
20,3853,-29,-43.9712230215827
20,3854,-39,-15.125786163522
20,3855,-153,-43.9712230215827
20,3856,-44,-43.9712230215827
20,3857,8,-43.9712230215827
20,3858,15,2.80817610062893
20,3859,-51,77.051724137931
20,3860,-70,-43.9712230215827
20,3861,-54,-5.5
20,3862,-22,-43.9712230215827
20,3863,-6,-15.125786163522
20,3864,0,2.80817610062893
20,3865,6,2.80817610062893
20,3866,14,2.80817610062893
20,3867,116,77.051724137931
20,3868,266,183.568075117371
20,3869,198,-61.1818181818182
20,3870,-329,-233.493421052632
20,3871,-63,-120.456790123457
20,3872,47,15.5757575757576
20,3873,25,21.1304347826087
20,3874,4,23.6785714285714
20,3875,-2,2.80817610062893
20,3876,-13,2.80817610062893
20,3877,177,112.406779661017
20,3878,407,231.6
20,3879,-15,-61.1818181818182
20,3880,-203,-157.116883116883
20,3881,-183,-122.064516129032
20,3882,-140,15.5757575757576
20,3883,-110,-43.9712230215827
20,3884,-94,-43.9712230215827
20,3885,-66,-43.9712230215827
20,3886,-29,-5.5
20,3887,-5,-4.36666666666667
20,3888,-7,2.80817610062893
20,3889,3,-15.125786163522
20,3890,27,2.80817610062893
20,3891,143,77.051724137931
20,3892,323,183.568075117371
20,3893,203,-61.1818181818182
20,3894,-378,-233.493421052632
20,3895,-77,-157.116883116883
20,3896,-36,15.5757575757576
20,3897,69,-43.9712230215827
20,3898,-30,21.1304347826087
20,3899,8,-15.125786163522
20,3900,45,-4.36666666666667
20,3901,139,86.3559322033898
20,3902,423,231.6
20,3903,-54,-175.315789473684
20,3904,-204,-157.116883116883
20,3905,-162,-122.064516129032
20,3906,-131,15.5757575757576
20,3907,-93,-43.9712230215827
20,3908,-86,-43.9712230215827
20,3909,-80,-43.9712230215827
20,3910,-35,-5.5
20,3911,-17,-4.36666666666667
20,3912,1,-15.125786163522
20,3913,0,2.80817610062893
20,3914,36,2.80817610062893
20,3915,130,77.051724137931
20,3916,309,183.568075117371
20,3917,255,-61.1818181818182
20,3918,-396,-233.493421052632
20,3919,-127,-157.116883116883
20,3920,25,15
20,3921,41,23.6785714285714
20,3922,33,21.1304347826087
20,3923,-77,-34.5434782608696
20,3924,42,-5.5
20,3925,163,86.3559322033898
20,3926,417,231.6
20,3927,4,-175.315789473684
20,3928,-176,-157.116883116883
20,3929,-186,-122.064516129032
20,3930,-119,-107.285714285714
20,3931,-148,-43.9712230215827
20,3932,-97,-43.9712230215827
20,3933,-69,-43.9712230215827
20,3934,-39,-5.5
20,3935,-14,-5.5
20,3936,-8,-15.125786163522
20,3937,4,-15.125786163522
20,3938,31,2.80817610062893
20,3939,126,77.051724137931
20,3940,308,183.568075117371
20,3941,223,-61.1818181818182
20,3942,-345,-233.493421052632
20,3943,-148,-157.116883116883
20,3944,55,15
20,3945,17,21.1304347826087
20,3946,4,-34.5434782608696
20,3947,-34,2.80817610062893
20,3948,20,41.5333333333333
20,3949,150,112.406779661017
20,3950,393,231.6
20,3951,1,-61.1818181818182
20,3952,-188,-157.116883116883
20,3953,-145,-122.064516129032
20,3954,-142,-107.285714285714
20,3955,-77,-43.9712230215827
20,3956,-103,-43.9712230215827
20,3957,-71,-43.9712230215827
20,3958,-44,-5.5
20,3959,-21,-5.5
20,3960,-11,-15.125786163522
20,3961,-2,-15.125786163522
20,3962,26,2.80817610062893
20,3963,11,77.051724137931
20,3964,89,77.051724137931
20,3965,-14,183.568075117371
20,3966,101,-15.125786163522
20,3967,-27,86.3559322033898
20,3968,58,-15.125786163522
20,3969,64,43.2608695652174
20,3970,-25,21.1304347826087
20,3971,17,-15.125786163522
20,3972,17,-7.4
20,3973,143,23.6785714285714
20,3974,263,64.3636363636364
20,3975,-90,-61.1818181818182
20,3976,-148,-157.116883116883
20,3977,-122,-122.064516129032
20,3978,-84,-107.285714285714
20,3979,-68,-43.9712230215827
20,3980,-26,-43.9712230215827
20,3981,-12,-15.125786163522
20,3982,-64,-4.36666666666667
20,3983,-31,-5.5
20,3984,-64,-15.125786163522
20,3985,-11,-5.5
20,3986,1,-15.125786163522
20,3987,12,2.80817610062893
20,3988,39,77.051724137931
20,3989,100,77.051724137931
20,3990,109,183.568075117371
20,3991,136,86.3559322033898
20,3992,92,-34.6666666666667
20,3993,47,-233.493421052632
20,3994,23,-28.3684210526316
20,3995,-31,23.6785714285714
20,3996,24,-15.125786163522
20,3997,-31,-34.5434782608696
20,3998,-19,-15.125786163522
20,3999,-212,-15.125786163522
20,4000,-25,-43.9712230215827
20,4001,-115,-15.125786163522
20,4002,-32,-43.9712230215827
20,4003,40,-15.125786163522
20,4004,-5,139.796610169492
20,4005,-43,2.80817610062893
20,4006,-7,-43.9712230215827
20,4007,-27,-15.125786163522
20,4008,-38,-15.125786163522
20,4009,-38,-43.9712230215827
20,4010,0,-43.9712230215827
20,4011,6,2.80817610062893
20,4012,23,2.80817610062893
20,4013,80,77.051724137931
20,4014,98,139.796610169492
20,4015,111,183.568075117371
20,4016,121,86.3559322033898
20,4017,56,-233.493421052632
20,4018,38,10.3636363636364
20,4019,36,23.6785714285714
20,4020,-2,-34.5434782608696
20,4021,-64,2.80817610062893
20,4022,-8,-43.9712230215827
20,4023,-14,-15.125786163522
20,4024,-26,-15.125786163522
20,4025,-165,-15.125786163522
20,4026,-80,-43.9712230215827
20,4027,-39,-5.5
20,4028,-71,-43.9712230215827
20,4029,-63,-43.9712230215827
20,4030,-33,-43.9712230215827
20,4031,-5,-15.125786163522
20,4032,-3,2.80817610062893
20,4033,5,2.80817610062893
20,4034,25,2.80817610062893
20,4035,123,77.051724137931
20,4036,277,183.568075117371
20,4037,237,-61.1818181818182
20,4038,-368,-233.493421052632
20,4039,-106,-157.116883116883
20,4040,46,15
20,4041,31,21.1304347826087
20,4042,-22,-34.5434782608696
20,4043,-6,-15.125786163522
20,4044,26,41.5333333333333
20,4045,190,112.406779661017
20,4046,354,231.6
20,4047,-6,-61.1818181818182
20,4048,-257,-157.116883116883
20,4049,-123,-122.064516129032
20,4050,-142,15.5757575757576
20,4051,-98,-43.9712230215827
20,4052,-64,-43.9712230215827
20,4053,-68,-43.9712230215827
20,4054,-33,-5.5
20,4055,-16,-4.36666666666667
20,4056,-8,-15.125786163522
20,4057,2,-15.125786163522
20,4058,31,2.80817610062893
20,4059,28,77.051724137931
20,4060,115,77.051724137931
20,4061,439,183.568075117371
20,4062,-216,-61.1818181818182
20,4063,-194,-157.116883116883
20,4064,-12,15
20,4065,104,-15.125786163522
20,4066,-14,-47.8571428571429
20,4067,-31,-15.125786163522
20,4068,28,-15.125786163522
20,4069,175,-7.4
20,4070,354,181.844444444444
20,4071,42,-61.1818181818182
20,4072,-227,-157.116883116883
20,4073,-191,-122.064516129032
20,4074,-128,15.5757575757576
20,4075,-119,-43.9712230215827
20,4076,-22,-43.9712230215827
20,4077,-107,-15.125786163522
20,4078,-23,-5.5
20,4079,-29,-4.36666666666667
20,4080,3,-15.125786163522
20,4081,-7,2.80817610062893
20,4082,35,-15.125786163522
20,4083,133,77.051724137931
20,4084,320,183.568075117371
20,4085,190,-61.1818181818182
20,4086,-315,-233.493421052632
20,4087,-134,-120.456790123457
20,4088,2,15.5757575757576
20,4089,72,2.80817610062893
20,4090,-13,-47.8571428571429
20,4091,-39,-15.125786163522
20,4092,11,-5.5
20,4093,165,112.406779661017
20,4094,420,231.6
20,4095,-3,-61.1818181818182
20,4096,-199,-157.116883116883
20,4097,-222,-122.064516129032
20,4098,-112,15.5757575757576
20,4099,-89,15.5757575757576
20,4100,-88,-43.9712230215827
20,4101,-62,-43.9712230215827
20,4102,-55,-5.5
20,4103,-6,-5.5
20,4104,-11,2.80817610062893
20,4105,1,-15.125786163522
20,4106,32,2.80817610062893
20,4107,128,77.051724137931
20,4108,299,183.568075117371
20,4109,218,-61.1818181818182
20,4110,-345,-233.493421052632
20,4111,-138,-157.116883116883
20,4112,75,15
20,4113,69,-47.8571428571429
20,4114,-43,21.1304347826087
20,4115,-52,-43.9712230215827
20,4116,12,-5.5
20,4117,159,112.406779661017
20,4118,478,231.6
20,4119,-65,-61.1818181818182
20,4120,-155,-157.116883116883
20,4121,-163,-122.064516129032
20,4122,-158,-107.285714285714
20,4123,-102,-43.9712230215827
20,4124,-28,-43.9712230215827
20,4125,-138,-15.125786163522
20,4126,-34,-5.5
20,4127,-35,-4.36666666666667
20,4128,-13,-15.125786163522
20,4129,3,-15.125786163522
20,4130,27,2.80817610062893
20,4131,121,77.051724137931
20,4132,222,183.568075117371
20,4133,289,-61.1818181818182
20,4134,-290,-233.493421052632
20,4135,-147,-157.116883116883
20,4136,72,15
20,4137,62,-47.8571428571429
20,4138,-8,21.1304347826087
20,4139,-29,-15.125786163522
20,4140,55,-15.125786163522
20,4141,105,86.3559322033898
20,4142,303,231.6
20,4143,-122,-48.5454545454545
20,4144,-178,-157.116883116883
20,4145,-132,-122.064516129032
20,4146,-104,-107.285714285714
20,4147,-42,-43.9712230215827
20,4148,-92,-43.9712230215827
20,4149,-16,-5.5
20,4150,-13,-15.125786163522
20,4151,-49,-4.36666666666667
20,4152,-13,-5.5
20,4153,-17,-15.125786163522
20,4154,-4,-15.125786163522
20,4155,18,2.80817610062893
20,4156,37,77.051724137931
20,4157,125,77.051724137931
20,4158,103,139.796610169492
20,4159,188,-61.1818181818182
20,4160,56,-34.6666666666667
20,4161,118,-120.456790123457
20,4162,-10,-138.814814814815
20,4163,-46,10.3636363636364
20,4164,-2,-43.9712230215827
20,4165,45,2.80817610062893
20,4166,-6,21.1304347826087
20,4167,-81,2.80817610062893
20,4168,-66,-43.9712230215827
20,4169,-147,-43.9712230215827
20,4170,-3,-43.9712230215827
20,4171,-77,2.80817610062893
20,4172,-26,-43.9712230215827
20,4173,-48,-15.125786163522
20,4174,-56,-5.5
20,4175,-12,-5.5
20,4176,-64,-15.125786163522
20,4177,-29,-5.5
20,4178,-15,-15.125786163522
20,4179,9,-15.125786163522
20,4180,21,2.80817610062893
20,4181,83,77.051724137931
20,4182,146,183.568075117371
20,4183,155,-34.6666666666667
20,4184,-153,-233.493421052632
20,4185,26,-120.456790123457
20,4186,-136,23.6785714285714
20,4187,-13,-43.9712230215827
20,4188,127,-15.125786163522
20,4189,80,-47.8571428571429
20,4190,-13,-97.3157894736842
20,4191,34,41.5333333333333
20,4192,-36,112.406779661017
20,4193,-67,-43.9712230215827
20,4194,-84,-43.9712230215827
20,4195,-134,-43.9712230215827
20,4196,-10,-43.9712230215827
20,4197,-20,-4.36666666666667
20,4198,-16,-15.125786163522
20,4199,-5,-15.125786163522
20,4200,-2,2.80817610062893
20,4201,4,2.80817610062893
20,4202,30,2.80817610062893
20,4203,124,77.051724137931
20,4204,281,139.796610169492
20,4205,213,-61.1818181818182
20,4206,-298,-233.493421052632
20,4207,-164,-157.116883116883
20,4208,48,15
20,4209,41,21.1304347826087
20,4210,9,21.1304347826087
20,4211,-16,2.80817610062893
20,4212,34,41.5333333333333
20,4213,151,112.406779661017
20,4214,433,231.6
20,4215,-78,-61.1818181818182
20,4216,-516,-157.116883116883
20,4217,-38,-122.064516129032
20,4218,-16,15.5757575757576
20,4219,-84,-15.125786163522
20,4220,-59,-43.9712230215827
20,4221,-43,-5.5
20,4222,-26,-5.5
20,4223,-25,-4.36666666666667
20,4224,-5,-15.125786163522
20,4225,1,2.80817610062893
20,4226,30,2.80817610062893
20,4227,135,77.051724137931
20,4228,350,183.568075117371
20,4229,204,-61.1818181818182
20,4230,-395,-233.493421052632
20,4231,-150,-157.116883116883
20,4232,78,15.5757575757576
20,4233,49,-47.8571428571429
20,4234,26,21.1304347826087
20,4235,-29,-34.5434782608696
20,4236,0,41.5333333333333
20,4237,165,112.406779661017
20,4238,411,231.6
20,4239,-253,-61.1818181818182
20,4240,-149,-157.116883116883
20,4241,-118,15
20,4242,-78,-107.285714285714
20,4243,-48,-43.9712230215827
20,4244,-96,-43.9712230215827
20,4245,-81,-5.5
20,4246,-34,-5.5
20,4247,-4,-4.36666666666667
20,4248,-10,2.80817610062893
20,4249,1,-15.125786163522
20,4250,32,2.80817610062893
20,4251,147,77.051724137931
20,4252,366,183.568075117371
20,4253,187,-61.1818181818182
20,4254,-364,-233.493421052632
20,4255,-151,-120.456790123457
20,4256,42,15.5757575757576
20,4257,45,21.1304347826087
20,4258,4,21.1304347826087
20,4259,-50,2.80817610062893
20,4260,50,-5.5
20,4261,144,86.3559322033898
20,4262,323,231.6
20,4263,-100,-175.315789473684
20,4264,-103,-157.116883116883
20,4265,-189,-122.064516129032
20,4266,-40,-107.285714285714
20,4267,-70,-43.9712230215827
20,4268,-141,-43.9712230215827
20,4269,-80,-5.5
20,4270,-35,-5.5
20,4271,-5,-4.36666666666667
20,4272,-11,2.80817610062893
20,4273,-3,-15.125786163522
20,4274,31,2.80817610062893
20,4275,155,77.051724137931
20,4276,289,218
20,4277,226,-61.1818181818182
20,4278,-295,-233.493421052632
20,4279,-179,-157.116883116883
20,4280,45,15
20,4281,54,21.1304347826087
20,4282,14,21.1304347826087
20,4283,-41,-34.5434782608696
20,4284,0,-5.5
20,4285,160,112.406779661017
20,4286,355,231.6
20,4287,121,-61.1818181818182
20,4288,-308,-233.493421052632
20,4289,-159,-97.3157894736842
20,4290,-145,15.5757575757576
20,4291,-131,-43.9712230215827
20,4292,-41,-43.9712230215827
20,4293,-46,-43.9712230215827
20,4294,-69,-5.5
20,4295,-26,-5.5
20,4296,-8,-15.125786163522
20,4297,0,-15.125786163522
20,4298,30,2.80817610062893
20,4299,113,77.051724137931
20,4300,274,183.568075117371
20,4301,319,-61.1818181818182
20,4302,-355,-233.493421052632
20,4303,-127,-157.116883116883
20,4304,19,15
20,4305,90,23.6785714285714
20,4306,-20,-47.8571428571429
20,4307,-13,-15.125786163522
20,4308,12,-15.125786163522
20,4309,165,112.406779661017
20,4310,297,231.6
20,4311,-76,-61.1818181818182
20,4312,-200,-157.116883116883
20,4313,-173,-122.064516129032
20,4314,-57,15.5757575757576
20,4315,-55,-43.9712230215827
20,4316,-73,-43.9712230215827
20,4317,-43,-5.5
20,4318,-20,-5.5
20,4319,-36,-4.36666666666667
20,4320,-41,-43.9712230215827
20,4321,-26,-43.9712230215827
20,4322,2,-15.125786163522
20,4323,16,2.80817610062893
20,4324,72,77.051724137931
20,4325,60,183.568075117371
20,4326,126,151.016129032258
20,4327,154,-34.6666666666667
20,4328,15,-233.493421052632
20,4329,127,-120.456790123457
20,4330,-67,-138.814814814815
20,4331,-35,10.3636363636364
20,4332,-249,-15.125786163522
20,4333,201,-43.9712230215827
20,4334,-31,-47.8571428571429
20,4335,-20,-157.116883116883
20,4336,-29,-4.36666666666667
20,4337,-113,-15.125786163522
20,4338,-33,-5.5
20,4339,-26,-15.125786163522
20,4340,-24,-15.125786163522
20,4341,-24,-15.125786163522
20,4342,0,-4.36666666666667
21,1,-4,2.35977337110482
21,2,19,2.35977337110482
21,3,80,80.7456140350877
21,4,224,178.115183246073
21,5,234,160.25
21,6,-327,-237.466666666667
21,7,-100,-154.37037037037
21,8,31,-125.849056603774
21,9,20,13.2244897959184
21,10,7,13.2244897959184
21,11,-56,2.35977337110482
21,12,32,-15.1208791208791
21,13,121,116.481132075472
21,14,243,230.744186046512
21,15,-81,-183.214285714286
21,16,-143,-154.37037037037
21,17,-102,-125.849056603774
21,18,-16,-41.9059233449477
21,19,-87,-18.0497925311203
21,20,-36,-41.9059233449477
21,21,-33,-15.1208791208791
21,22,-26,-15.1208791208791
21,23,-2,-11.8235294117647
21,24,-2,-18.0497925311203
21,25,27,2.35977337110482
21,26,75,80.7456140350877
21,27,149,178.115183246073
21,28,-137,178.115183246073
21,29,-78,-120.054054054054
21,30,-28,-41.9059233449477
21,31,0,-18.0497925311203
21,32,60,-18.0497925311203
21,33,6,-20.8135593220339
21,34,-20,2.35977337110482
21,35,34,2.35977337110482
21,36,77,116.481132075472
21,37,86,81.2142857142857
21,38,-61,12.2727272727273
21,39,-90,-41.9059233449477
21,40,-5,-41.9059233449477
21,41,-58,-18.0497925311203
21,42,16,-41.9059233449477
21,43,-22,13.2244897959184
21,44,-22,2.35977337110482
21,45,1,-18.0497925311203
21,46,-6,-18.0497925311203
21,47,-3,2.35977337110482
21,48,2,2.35977337110482
21,49,13,2.35977337110482
21,50,91,13.2244897959184
21,51,195,155.526041666667
21,52,290,73.8461538461538
21,53,-308,-237.466666666667
21,54,-153,-154.37037037037
21,55,35,-53.9090909090909
21,56,52,13.2244897959184
21,57,-9,-20.8135593220339
21,58,0,2.35977337110482
21,59,12,2.35977337110482
21,60,138,116.481132075472
21,61,239,230.744186046512
21,62,-75,-49.8333333333333
21,63,-197,-154.37037037037
21,64,-74,-125.849056603774
21,65,-57,15.037037037037
21,66,-71,-41.9059233449477
21,67,-41,-41.9059233449477
21,68,-39,-15.1208791208791
21,69,-26,-15.1208791208791
21,70,-14,-11.8235294117647
21,71,-3,-18.0497925311203
21,72,-1,2.35977337110482
21,73,22,2.35977337110482
21,74,68,80.7456140350877
21,75,170,178.115183246073
21,76,287,155.526041666667
21,77,-235,-237.466666666667
21,78,-182,-154.37037037037
21,79,62,-53.9090909090909
21,80,40,-20.8135593220339
21,81,-12,13.2244897959184
21,82,-17,2.35977337110482
21,83,-127,2.35977337110482
21,84,-28,-15.1208791208791
21,85,78,116.481132075472
21,86,32,-20.8135593220339
21,87,14,13.2244897959184
21,88,-74,-41.6571428571429
21,89,1,-15.1208791208791
21,90,-26,-18.0497925311203
21,91,-52,2.35977337110482
21,92,-1,-41.9059233449477
21,93,22,-18.0497925311203
21,94,-6,-41.6571428571429
21,95,-17,2.35977337110482
21,96,-19,2.35977337110482
21,97,0,-18.0497925311203
21,98,5,-18.0497925311203
21,99,9,2.35977337110482
21,100,32,2.35977337110482
21,101,46,13.2244897959184
21,102,74,155.526041666667
21,103,46,98.92
21,104,85,12.2727272727273
21,105,40,12.2727272727273
21,106,91,13.2244897959184
21,107,-31,-110.777777777778
21,108,68,-41.9059233449477
21,109,-82,12.2727272727273
21,110,-82,-41.9059233449477
21,111,-78,-41.9059233449477
21,112,-76,-41.9059233449477
21,113,5,-41.9059233449477
21,114,-20,-18.0497925311203
21,115,-28,2.35977337110482
21,116,-34,-18.0497925311203
21,117,4,-15.1208791208791
21,118,4,-18.0497925311203
21,119,-54,2.35977337110482
21,120,-12,-41.9059233449477
21,121,-9,-18.0497925311203
21,122,0,2.35977337110482
21,123,18,2.35977337110482
21,124,43,80.7456140350877
21,125,52,13.2244897959184
21,126,74,178.115183246073
21,127,64,98.92
21,128,71,18.6111111111111
21,129,37,12.2727272727273
21,130,-32,13.2244897959184
21,131,2,-41.9059233449477
21,132,-35,-18.0497925311203
21,133,-36,-41.9059233449477
21,134,-79,-41.9059233449477
21,135,-52,-41.9059233449477
21,136,-44,-41.9059233449477
21,137,-9,-41.9059233449477
21,138,-17,-18.0497925311203
21,139,-36,2.35977337110482
21,140,-9,-15.1208791208791
21,141,-11,-18.0497925311203
21,142,-2,2.35977337110482
21,143,-3,2.35977337110482
21,144,0,2.35977337110482
21,145,17,2.35977337110482
21,146,73,80.7456140350877
21,147,169,155.526041666667
21,148,168,155.526041666667
21,149,-231,-237.466666666667
21,150,-111,-120.054054054054
21,151,17,15.037037037037
21,152,34,13.2244897959184
21,153,-17,13.2244897959184
21,154,8,2.35977337110482
21,155,2,-18.0497925311203
21,156,80,116.481132075472
21,157,177,175.885714285714
21,158,-12,-20.8135593220339
21,159,-149,-120.054054054054
21,160,-47,-87.4
21,161,-59,-41.9059233449477
21,162,-42,-41.9059233449477
21,163,-47,-41.9059233449477
21,164,-23,-41.9059233449477
21,165,-2,-18.0497925311203
21,166,-2,80.4
21,167,-3,2.35977337110482
21,168,2,2.35977337110482
21,169,22,2.35977337110482
21,170,77,80.7456140350877
21,171,173,155.526041666667
21,172,226,160.25
21,173,-268,-237.466666666667
21,174,-104,-154.37037037037
21,175,1,-53.9090909090909
21,176,8,-18.0497925311203
21,177,26,2.35977337110482
21,178,-28,-41.6571428571429
21,179,30,2.35977337110482
21,180,84,116.481132075472
21,181,196,230.744186046512
21,182,11,-110.777777777778
21,183,-170,-120.054054054054
21,184,-100,-87.4
21,185,-39,-41.9059233449477
21,186,-42,-41.9059233449477
21,187,-52,-41.9059233449477
21,188,-39,-41.9059233449477
21,189,-10,-15.1208791208791
21,190,-1,-11.8235294117647
21,191,-1,2.35977337110482
21,192,0,2.35977337110482
21,193,15,2.35977337110482
21,194,90,80.7456140350877
21,195,236,178.115183246073
21,196,222,155.526041666667
21,197,-302,-237.466666666667
21,198,-117,-154.37037037037
21,199,14,-53.9090909090909
21,200,54,13.2244897959184
21,201,-10,-20.8135593220339
21,202,-30,2.35977337110482
21,203,34,2.35977337110482
21,204,79,116.481132075472
21,205,324,230.744186046512
21,206,-68,-110.777777777778
21,207,-183,-154.37037037037
21,208,-101,-125.849056603774
21,209,-72,-100.625
21,210,-29,-41.9059233449477
21,211,-97,-18.0497925311203
21,212,-16,-15.1208791208791
21,213,-25,-18.0497925311203
21,214,-10,-11.8235294117647
21,215,-8,-18.0497925311203
21,216,-1,2.35977337110482
21,217,27,2.35977337110482
21,218,80,80.7456140350877
21,219,225,155.526041666667
21,220,251,155.526041666667
21,221,-284,-237.466666666667
21,222,-163,-154.37037037037
21,223,66,-53.9090909090909
21,224,47,-20.8135593220339
21,225,-18,-20.8135593220339
21,226,-30,2.35977337110482
21,227,-18,-18.0497925311203
21,228,157,116.481132075472
21,229,255,230.744186046512
21,230,-7,-49.8333333333333
21,231,-174,-154.37037037037
21,232,-114,-125.849056603774
21,233,-69,-41.9059233449477
21,234,-80,-41.9059233449477
21,235,-59,-41.9059233449477
21,236,-40,-41.9059233449477
21,237,-28,-15.1208791208791
21,238,-15,-11.8235294117647
21,239,-4,-18.0497925311203
21,240,-6,2.35977337110482
21,241,28,2.35977337110482
21,242,56,80.7456140350877
21,243,183,178.115183246073
21,244,233,178.115183246073
21,245,-217,-183.214285714286
21,246,-125,-154.37037037037
21,247,28,-53.9090909090909
21,248,14,13.2244897959184
21,249,23,13.2244897959184
21,250,-46,-41.6571428571429
21,251,60,-15.1208791208791
21,252,105,98.92
21,253,223,175.885714285714
21,254,-96,-110.777777777778
21,255,-226,-154.37037037037
21,256,-85,-125.849056603774
21,257,-18,15.037037037037
21,258,-34,-18.0497925311203
21,259,-21,-41.9059233449477
21,260,-9,-18.0497925311203
21,261,-26,59.5833333333333
21,262,-9,-11.8235294117647
21,263,-26,-18.0497925311203
21,264,-12,2.35977337110482
21,265,6,-18.0497925311203
21,266,2,2.35977337110482
21,267,28,2.35977337110482
21,268,71,80.7456140350877
21,269,37,155.526041666667
21,270,75,80.7456140350877
21,271,51,18.6111111111111
21,272,55,12.2727272727273
21,273,28,12.2727272727273
21,274,22,13.2244897959184
21,275,27,13.2244897959184
21,276,-16,-41.6571428571429
21,277,-36,2.35977337110482
21,278,-57,-41.9059233449477
21,279,-113,-41.9059233449477
21,280,-63,-41.9059233449477
21,281,-11,-41.9059233449477
21,282,-10,-18.0497925311203
21,283,-17,2.35977337110482
21,284,-14,2.35977337110482
21,285,-8,-18.0497925311203
21,286,5,2.35977337110482
21,287,-44,2.35977337110482
21,288,-15,-41.9059233449477
21,289,3,-18.0497925311203
21,290,7,2.35977337110482
21,291,55,2.35977337110482
21,292,18,155.526041666667
21,293,128,80.7456140350877
21,294,81,18.6111111111111
21,295,111,-0.454545454545455
21,296,54,-110.777777777778
21,297,37,-102.818181818182
21,298,-14,13.2244897959184
21,299,22,2.35977337110482
21,300,-11,-41.6571428571429
21,301,-109,2.35977337110482
21,302,-131,-41.9059233449477
21,303,-87,-41.9059233449477
21,304,-24,-41.9059233449477
21,305,-53,-18.0497925311203
21,306,-42,-41.9059233449477
21,307,-28,-15.1208791208791
21,308,-14,-18.0497925311203
21,309,-1,-18.0497925311203
21,310,-7,2.35977337110482
21,311,1,2.35977337110482
21,312,13,2.35977337110482
21,313,72,80.7456140350877
21,314,180,178.115183246073
21,315,296,155.526041666667
21,316,-283,-237.466666666667
21,317,-144,-154.37037037037
21,318,13,-53.9090909090909
21,319,71,13.2244897959184
21,320,29,-20.8135593220339
21,321,-29,-41.6571428571429
21,322,12,2.35977337110482
21,323,99,116.481132075472
21,324,312,230.744186046512
21,325,68,-20.8135593220339
21,326,-266,-154.37037037037
21,327,-160,-125.849056603774
21,328,-81,15.037037037037
21,329,-72,-41.9059233449477
21,330,-70,-41.9059233449477
21,331,-37,-41.9059233449477
21,332,-10,-15.1208791208791
21,333,-15,-11.8235294117647
21,334,1,2.35977337110482
21,335,-1,2.35977337110482
21,336,23,2.35977337110482
21,337,89,80.7456140350877
21,338,195,178.115183246073
21,339,285,155.526041666667
21,340,-251,-237.466666666667
21,341,-199,-154.37037037037
21,342,76,-53.9090909090909
21,343,25,-20.8135593220339
21,344,-11,13.2244897959184
21,345,-21,2.35977337110482
21,346,52,2.35977337110482
21,347,101,98.92
21,348,311,230.744186046512
21,349,58,-110.777777777778
21,350,-255,-154.37037037037
21,351,-128,-125.849056603774
21,352,-107,15.037037037037
21,353,-74,-41.9059233449477
21,354,-83,-41.9059233449477
21,355,-48,-41.9059233449477
21,356,-12,-15.1208791208791
21,357,-25,-11.8235294117647
21,358,2,2.35977337110482
21,359,1,-18.0497925311203
21,360,22,2.35977337110482
21,361,94,80.7456140350877
21,362,247,178.115183246073
21,363,294,155.526041666667
21,364,-311,-237.466666666667
21,365,-163,-154.37037037037
21,366,32,-125.849056603774
21,367,47,13.2244897959184
21,368,-13,-20.8135593220339
21,369,-30,2.35977337110482
21,370,59,2.35977337110482
21,371,73,98.92
21,372,426,230.744186046512
21,373,-33,-110.777777777778
21,374,-277,-154.37037037037
21,375,-142,-125.849056603774
21,376,-42,15.037037037037
21,377,-86,-41.9059233449477
21,378,-111,-41.9059233449477
21,379,-31,-41.9059233449477
21,380,-37,-15.1208791208791
21,381,-4,-15.1208791208791
21,382,-12,-18.0497925311203
21,383,7,2.35977337110482
21,384,12,2.35977337110482
21,385,91,80.7456140350877
21,386,264,178.115183246073
21,387,242,98.92
21,388,-308,-237.466666666667
21,389,-151,-154.37037037037
21,390,47,-53.9090909090909
21,391,54,-20.8135593220339
21,392,8,-20.8135593220339
21,393,-15,2.35977337110482
21,394,29,2.35977337110482
21,395,139,116.481132075472
21,396,287,230.744186046512
21,397,33,-183.214285714286
21,398,-321,-154.37037037037
21,399,-95,-125.849056603774
21,400,-87,15.037037037037
21,401,-74,-41.9059233449477
21,402,-72,-41.9059233449477
21,403,-40,-41.9059233449477
21,404,-31,-15.1208791208791
21,405,-22,-15.1208791208791
21,406,-1,-18.0497925311203
21,407,0,-18.0497925311203
21,408,29,2.35977337110482
21,409,67,80.7456140350877
21,410,179,178.115183246073
21,411,284,178.115183246073
21,412,-250,-237.466666666667
21,413,-132,-154.37037037037
21,414,27,-53.9090909090909
21,415,87,13.2244897959184
21,416,-34,-20.8135593220339
21,417,-58,-41.9059233449477
21,418,-95,-15.1208791208791
21,419,22,-15.1208791208791
21,420,129,80.4
21,421,150,-20.8135593220339
21,422,-112,-183.214285714286
21,423,-61,-120.054054054054
21,424,-83,-15.1208791208791
21,425,-4,-41.9059233449477
21,426,-22,-18.0497925311203
21,427,-26,2.35977337110482
21,428,-31,-18.0497925311203
21,429,-27,-15.1208791208791
21,430,-16,-11.8235294117647
21,431,-24,-18.0497925311203
21,432,6,-18.0497925311203
21,433,22,-18.0497925311203
21,434,56,80.7456140350877
21,435,132,178.115183246073
21,436,103,178.115183246073
21,437,122,-183.214285714286
21,438,142,18.6111111111111
21,439,66,-237.466666666667
21,440,35,-120.054054054054
21,441,4,13.2244897959184
21,442,-11,2.35977337110482
21,443,6,2.35977337110482
21,444,-37,116.481132075472
21,445,-88,-41.9059233449477
21,446,-143,-41.9059233449477
21,447,-146,-41.9059233449477
21,448,-48,-41.9059233449477
21,449,-12,-41.9059233449477
21,450,-26,-18.0497925311203
21,451,-78,2.35977337110482
21,452,6,-15.1208791208791
21,453,-57,-18.0497925311203
21,454,-38,-15.1208791208791
21,455,-4,-41.9059233449477
21,456,-8,-18.0497925311203
21,457,5,2.35977337110482
21,458,31,2.35977337110482
21,459,54,80.7456140350877
21,460,82,178.115183246073
21,461,173,178.115183246073
21,462,17,-110.777777777778
21,463,135,-120.054054054054
21,464,41,-110.777777777778
21,465,-23,-102.818181818182
21,466,33,2.35977337110482
21,467,-13,-41.6571428571429
21,468,0,2.35977337110482
21,469,-82,2.35977337110482
21,470,-107,-41.9059233449477
21,471,-154,-41.9059233449477
21,472,-25,-41.9059233449477
21,473,-73,-18.0497925311203
21,474,-54,-41.9059233449477
21,475,-23,-15.1208791208791
21,476,-8,-18.0497925311203
21,477,-7,-18.0497925311203
21,478,-6,2.35977337110482
21,479,1,2.35977337110482
21,480,28,2.35977337110482
21,481,89,80.7456140350877
21,482,234,155.526041666667
21,483,225,155.526041666667
21,484,-248,-237.466666666667
21,485,-147,-154.37037037037
21,486,17,-53.9090909090909
21,487,81,13.2244897959184
21,488,-19,-20.8135593220339
21,489,-3,2.35977337110482
21,490,26,-18.0497925311203
21,491,99,116.481132075472
21,492,336,230.744186046512
21,493,80,-20.8135593220339
21,494,-252,-154.37037037037
21,495,-219,-125.849056603774
21,496,-107,15.037037037037
21,497,-75,15.037037037037
21,498,-94,-41.9059233449477
21,499,-25,-41.9059233449477
21,500,-14,-18.0497925311203
21,501,-5,-11.8235294117647
21,502,-7,2.35977337110482
21,503,3,2.35977337110482
21,504,14,2.35977337110482
21,505,80,80.7456140350877
21,506,70,155.526041666667
21,507,346,155.526041666667
21,508,-191,-110.777777777778
21,509,-162,-154.37037037037
21,510,67,-53.9090909090909
21,511,31,-20.8135593220339
21,512,23,13.2244897959184
21,513,-36,-41.6571428571429
21,514,-4,-15.1208791208791
21,515,187,-18.0497925311203
21,516,319,175.885714285714
21,517,51,-49.8333333333333
21,518,-246,-154.37037037037
21,519,-178,-125.849056603774
21,520,-100,15.037037037037
21,521,-89,-41.9059233449477
21,522,-98,-41.9059233449477
21,523,-57,-41.9059233449477
21,524,-7,-15.1208791208791
21,525,-16,-11.8235294117647
21,526,-2,2.35977337110482
21,527,-4,-18.0497925311203
21,528,35,2.35977337110482
21,529,110,80.7456140350877
21,530,223,178.115183246073
21,531,163,155.526041666667
21,532,-242,-237.466666666667
21,533,-139,-120.054054054054
21,534,38,15.037037037037
21,535,37,13.2244897959184
21,536,74,13.2244897959184
21,537,-78,12.2727272727273
21,538,18,-15.1208791208791
21,539,135,116.481132075472
21,540,351,268.830769230769
21,541,50,-49.8333333333333
21,542,-197,-154.37037037037
21,543,-208,-125.849056603774
21,544,-123,15.037037037037
21,545,-54,15.037037037037
21,546,-72,-41.9059233449477
21,547,-84,-41.9059233449477
21,548,-11,-15.1208791208791
21,549,-24,-11.8235294117647
21,550,1,2.35977337110482
21,551,-1,-18.0497925311203
21,552,28,2.35977337110482
21,553,102,80.7456140350877
21,554,225,178.115183246073
21,555,288,155.526041666667
21,556,-331,-237.466666666667
21,557,-176,-154.37037037037
21,558,77,-53.9090909090909
21,559,53,-20.8135593220339
21,560,26,-20.8135593220339
21,561,-41,-41.6571428571429
21,562,47,-15.1208791208791
21,563,121,98.92
21,564,385,230.744186046512
21,565,-9,-183.214285714286
21,566,-215,-154.37037037037
21,567,-162,-125.849056603774
21,568,-50,15.037037037037
21,569,-154,-41.9059233449477
21,570,-69,-41.9059233449477
21,571,-56,-41.9059233449477
21,572,-45,-15.1208791208791
21,573,-18,-15.1208791208791
21,574,-22,-18.0497925311203
21,575,-7,-18.0497925311203
21,576,31,-18.0497925311203
21,577,82,80.7456140350877
21,578,230,178.115183246073
21,579,316,178.115183246073
21,580,-282,-237.466666666667
21,581,-105,-154.37037037037
21,582,43,-53.9090909090909
21,583,153,13.2244897959184
21,584,-43,-20.8135593220339
21,585,4,-120.054054054054
21,586,40,-18.0497925311203
21,587,117,116.481132075472
21,588,368,230.744186046512
21,589,-127,-183.214285714286
21,590,-144,-154.37037037037
21,591,-241,-125.849056603774
21,592,-161,-100.625
21,593,-13,15.037037037037
21,594,-95,-18.0497925311203
21,595,-20,-15.1208791208791
21,596,-28,-11.8235294117647
21,597,-59,59.5833333333333
21,598,-37,-15.1208791208791
21,599,-25,-41.9059233449477
21,600,-3,-18.0497925311203
21,601,24,-18.0497925311203
21,602,42,80.7456140350877
21,603,84,80.7456140350877
21,604,95,178.115183246073
21,605,96,98.92
21,606,-72,18.6111111111111
21,607,-90,-41.9059233449477
21,608,13,-41.9059233449477
21,609,27,13.2244897959184
21,610,67,-41.6571428571429
21,611,-113,-20.8135593220339
21,612,-62,-15.1208791208791
21,613,22,-15.1208791208791
21,614,-4,80.7456140350877
21,615,-22,2.35977337110482
21,616,-7,2.35977337110482
21,617,-21,-18.0497925311203
21,618,22,2.35977337110482
21,619,-25,80.7456140350877
21,620,9,2.35977337110482
21,621,-54,-18.0497925311203
21,622,-17,-41.9059233449477
21,623,-10,-18.0497925311203
21,624,-2,-18.0497925311203
21,625,12,2.35977337110482
21,626,21,13.2244897959184
21,627,50,80.7456140350877
21,628,29,178.115183246073
21,629,132,80.7456140350877
21,630,73,18.6111111111111
21,631,37,-102.818181818182
21,632,7,13.2244897959184
21,633,47,2.35977337110482
21,634,7,12.2727272727273
21,635,71,2.35977337110482
21,636,-73,12.2727272727273
21,637,72,-41.9059233449477
21,638,-116,12.2727272727273
21,639,-116,-41.9059233449477
21,640,-110,-41.9059233449477
21,641,-38,-41.9059233449477
21,642,-46,-15.1208791208791
21,643,-32,-41.9059233449477
21,644,-5,-15.1208791208791
21,645,-8,-18.0497925311203
21,646,-19,2.35977337110482
21,647,3,2.35977337110482
21,648,32,-18.0497925311203
21,649,81,80.7456140350877
21,650,253,178.115183246073
21,651,287,-110.777777777778
21,652,-375,-237.466666666667
21,653,-129,-154.37037037037
21,654,25,-53.9090909090909
21,655,101,13.2244897959184
21,656,22,-20.8135593220339
21,657,-84,-41.6571428571429
21,658,6,-15.1208791208791
21,659,82,116.481132075472
21,660,359,230.744186046512
21,661,20,-20.8135593220339
21,662,-226,-154.37037037037
21,663,-237,-125.849056603774
21,664,-35,15.037037037037
21,665,-93,15.037037037037
21,666,-45,-41.9059233449477
21,667,-38,-41.9059233449477
21,668,-5,-15.1208791208791
21,669,2,-11.8235294117647
21,670,-3,2.35977337110482
21,671,-1,2.35977337110482
21,672,14,2.35977337110482
21,673,84,80.7456140350877
21,674,185,178.115183246073
21,675,295,160.25
21,676,-314,-237.466666666667
21,677,-129,-154.37037037037
21,678,37,-53.9090909090909
21,679,45,13.2244897959184
21,680,-9,13.2244897959184
21,681,-27,2.35977337110482
21,682,16,2.35977337110482
21,683,105,116.481132075472
21,684,309,230.744186046512
21,685,30,-20.8135593220339
21,686,-227,-154.37037037037
21,687,-123,-125.849056603774
21,688,-73,15.037037037037
21,689,-87,-41.9059233449477
21,690,-70,-41.9059233449477
21,691,-34,-41.9059233449477
21,692,-22,-15.1208791208791
21,693,-5,-11.8235294117647
21,694,2,-18.0497925311203
21,695,-4,2.35977337110482
21,696,39,2.35977337110482
21,697,75,80.7456140350877
21,698,243,178.115183246073
21,699,300,155.526041666667
21,700,-344,-237.466666666667
21,701,-141,-154.37037037037
21,702,49,-125.849056603774
21,703,46,-20.8135593220339
21,704,5,-20.8135593220339
21,705,-52,2.35977337110482
21,706,-22,-15.1208791208791
21,707,22,116.481132075472
21,708,383,116.481132075472
21,709,37,-20.8135593220339
21,710,-185,-154.37037037037
21,711,-94,-125.849056603774
21,712,-101,-100.625
21,713,-89,-41.9059233449477
21,714,-79,-41.9059233449477
21,715,-45,-41.9059233449477
21,716,-15,-15.1208791208791
21,717,-27,-11.8235294117647
21,718,-1,2.35977337110482
21,719,4,-18.0497925311203
21,720,23,2.35977337110482
21,721,85,80.7456140350877
21,722,250,178.115183246073
21,723,287,155.526041666667
21,724,-333,-237.466666666667
21,725,-155,-154.37037037037
21,726,54,-53.9090909090909
21,727,72,-20.8135593220339
21,728,-19,-20.8135593220339
21,729,-35,2.35977337110482
21,730,69,-15.1208791208791
21,731,81,98.92
21,732,315,230.744186046512
21,733,-22,-110.777777777778
21,734,-213,-154.37037037037
21,735,-133,-125.849056603774
21,736,-111,15.037037037037
21,737,-72,-41.9059233449477
21,738,-58,-41.9059233449477
21,739,-35,-41.9059233449477
21,740,-32,-15.1208791208791
21,741,-20,-15.1208791208791
21,742,0,-18.0497925311203
21,743,-5,-18.0497925311203
21,744,24,2.35977337110482
21,745,60,80.7456140350877
21,746,203,178.115183246073
21,747,304,178.115183246073
21,748,-272,-237.466666666667
21,749,-134,-154.37037037037
21,750,14,-53.9090909090909
21,751,69,13.2244897959184
21,752,-28,-20.8135593220339
21,753,-13,2.35977337110482
21,754,51,-18.0497925311203
21,755,87,98.92
21,756,239,230.744186046512
21,757,-46,-110.777777777778
21,758,-165,-154.37037037037
21,759,-186,-125.849056603774
21,760,11,-41.9059233449477
21,761,-67,80.7456140350877
21,762,-30,-41.9059233449477
21,763,-31,-18.0497925311203
21,764,-10,-15.1208791208791
21,765,-13,-11.8235294117647
21,766,-38,2.35977337110482
21,767,-23,-15.1208791208791
21,768,-3,-18.0497925311203
21,769,18,-18.0497925311203
21,770,21,80.7456140350877
21,771,101,80.7456140350877
21,772,78,155.526041666667
21,773,90,98.92
21,774,150,18.6111111111111
21,775,158,-110.777777777778
21,776,17,-237.466666666667
21,777,-87,-120.054054054054
21,778,54,-41.9059233449477
21,779,-70,-20.8135593220339
21,780,8,-41.9059233449477
21,781,-202,-18.0497925311203
21,782,-57,-41.9059233449477
21,783,-76,15.037037037037
21,784,-65,-41.9059233449477
21,785,13,-15.1208791208791
21,786,-44,78.5714285714286
21,787,-45,-15.1208791208791
21,788,-5,-15.1208791208791
21,789,19,-18.0497925311203
21,790,-56,80.7456140350877
21,791,-13,-41.9059233449477
21,792,6,-18.0497925311203
21,793,79,2.35977337110482
21,794,-13,81.2142857142857
21,795,41,2.35977337110482
21,796,150,13.2244897959184
21,797,85,98.92
21,798,91,-120.054054054054
21,799,-6,-110.777777777778
21,800,19,2.35977337110482
21,801,97,13.2244897959184
21,802,12,-20.8135593220339
21,803,-62,13.2244897959184
21,804,44,-41.9059233449477
21,805,-123,116.481132075472
21,806,-86,-41.9059233449477
21,807,-114,-41.9059233449477
21,808,-98,-41.9059233449477
21,809,-66,-15.1208791208791
21,810,-5,-41.9059233449477
21,811,-46,-18.0497925311203
21,812,-12,-15.1208791208791
21,813,0,-18.0497925311203
21,814,-1,2.35977337110482
21,815,20,2.35977337110482
21,816,86,80.7456140350877
21,817,196,160.25
21,818,283,178.115183246073
21,819,-272,-237.466666666667
21,820,-113,-154.37037037037
21,821,5,-53.9090909090909
21,822,72,-18.0497925311203
21,823,0,-20.8135593220339
21,824,-13,2.35977337110482
21,825,56,2.35977337110482
21,826,71,98.92
21,827,334,230.744186046512
21,828,-111,-110.777777777778
21,829,-124,-154.37037037037
21,830,-165,-125.849056603774
21,831,-91,-100.625
21,832,-115,-41.9059233449477
21,833,-57,-41.9059233449477
21,834,-33,-15.1208791208791
21,835,-22,-15.1208791208791
21,836,-6,-11.8235294117647
21,837,-2,-18.0497925311203
21,838,-2,2.35977337110482
21,839,26,2.35977337110482
21,840,73,80.7456140350877
21,841,241,178.115183246073
21,842,263,155.526041666667
21,843,-196,-237.466666666667
21,844,-189,-154.37037037037
21,845,39,-53.9090909090909
21,846,73,13.2244897959184
21,847,14,-20.8135593220339
21,848,-34,-41.6571428571429
21,849,5,-15.1208791208791
21,850,169,116.481132075472
21,851,272,175.885714285714
21,852,43,-49.8333333333333
21,853,-242,-154.37037037037
21,854,-179,-125.849056603774
21,855,-136,15.037037037037
21,856,-85,-41.9059233449477
21,857,-79,-41.9059233449477
21,858,-38,-41.9059233449477
21,859,-30,-15.1208791208791
21,860,-6,-11.8235294117647
21,861,-2,-18.0497925311203
21,862,-2,2.35977337110482
21,863,26,2.35977337110482
21,864,99,80.7456140350877
21,865,240,178.115183246073
21,866,318,178.115183246073
21,867,-321,-237.466666666667
21,868,-196,-154.37037037037
21,869,46,-53.9090909090909
21,870,70,-20.8135593220339
21,871,-32,-20.8135593220339
21,872,7,-41.9059233449477
21,873,10,-18.0497925311203
21,874,122,116.481132075472
21,875,354,230.744186046512
21,876,15,-49.8333333333333
21,877,-265,-154.37037037037
21,878,-122,-125.849056603774
21,879,-74,15.037037037037
21,880,-117,-41.9059233449477
21,881,-50,-41.9059233449477
21,882,-86,-41.9059233449477
21,883,-32,-15.1208791208791
21,884,5,-15.1208791208791
21,885,-13,-18.0497925311203
21,886,-4,2.35977337110482
21,887,28,2.35977337110482
21,888,97,80.7456140350877
21,889,228,178.115183246073
21,890,284,178.115183246073
21,891,-287,-237.466666666667
21,892,-105,-154.37037037037
21,893,22,-53.9090909090909
21,894,8,13.2244897959184
21,895,15,2.35977337110482
21,896,-4,-41.6571428571429
21,897,-18,2.35977337110482
21,898,133,116.481132075472
21,899,420,230.744186046512
21,900,-124,-49.8333333333333
21,901,-211,-154.37037037037
21,902,-175,-125.849056603774
21,903,-78,15.037037037037
21,904,-85,-41.9059233449477
21,905,-13,-41.9059233449477
21,906,-75,-18.0497925311203
21,907,-23,-15.1208791208791
21,908,-27,-11.8235294117647
21,909,-3,-18.0497925311203
21,910,-3,-18.0497925311203
21,911,18,2.35977337110482
21,912,57,80.7456140350877
21,913,166,178.115183246073
21,914,262,155.526041666667
21,915,-132,-183.214285714286
21,916,-138,-154.37037037037
21,917,53,-53.9090909090909
21,918,46,-20.8135593220339
21,919,74,-20.8135593220339
21,920,79,12.2727272727273
21,921,47,12.2727272727273
21,922,-1,18.6111111111111
21,923,119,116.481132075472
21,924,-171,-110.777777777778
21,925,-72,-102.818181818182
21,926,-160,-41.9059233449477
21,927,-62,-41.9059233449477
21,928,-32,-41.9059233449477
21,929,-45,-41.9059233449477
21,930,-19,-15.1208791208791
21,931,-25,-18.0497925311203
21,932,-33,-11.8235294117647
21,933,-8,-15.1208791208791
21,934,-21,-18.0497925311203
21,935,-5,2.35977337110482
21,936,17,-18.0497925311203
21,937,35,80.7456140350877
21,938,69,80.7456140350877
21,939,153,178.115183246073
21,940,87,98.92
21,941,132,-237.466666666667
21,942,95,-110.777777777778
21,943,53,-237.466666666667
21,944,-65,12.2727272727273
21,945,48,-41.9059233449477
21,946,-11,12.2727272727273
21,947,-48,2.35977337110482
21,948,-50,-41.9059233449477
21,949,-104,-41.9059233449477
21,950,-205,-15.1208791208791
21,951,26,-41.9059233449477
21,952,-52,80.7456140350877
21,953,-64,-15.1208791208791
21,954,-33,-15.1208791208791
21,955,-21,-15.1208791208791
21,956,-32,-18.0497925311203
21,957,-6,-41.9059233449477
21,958,-19,-18.0497925311203
21,959,5,2.35977337110482
21,960,16,-18.0497925311203
21,961,9,80.7456140350877
21,962,47,2.35977337110482
21,963,95,178.115183246073
21,964,120,41.5
21,965,105,18.6111111111111
21,966,53,-237.466666666667
21,967,26,12.2727272727273
21,968,20,13.2244897959184
21,969,-17,-41.6571428571429
21,970,-10,2.35977337110482
21,971,-65,-18.0497925311203
21,972,-101,-41.9059233449477
21,973,-34,-41.9059233449477
21,974,-65,-41.9059233449477
21,975,-81,-41.9059233449477
21,976,-12,-41.9059233449477
21,977,-67,-18.0497925311203
21,978,-14,-15.1208791208791
21,979,-21,-18.0497925311203
21,980,-10,2.35977337110482
21,981,-3,-18.0497925311203
21,982,2,2.35977337110482
21,983,27,2.35977337110482
21,984,79,80.7456140350877
21,985,220,155.526041666667
21,986,286,155.526041666667
21,987,-331,-237.466666666667
21,988,-108,-154.37037037037
21,989,45,-53.9090909090909
21,990,57,13.2244897959184
21,991,1,-20.8135593220339
21,992,-63,2.35977337110482
21,993,37,-15.1208791208791
21,994,136,116.481132075472
21,995,241,230.744186046512
21,996,14,-183.214285714286
21,997,-225,-154.37037037037
21,998,-145,-125.849056603774
21,999,-111,15.037037037037
21,1000,-57,-41.9059233449477
21,1001,-41,-41.9059233449477
21,1002,-41,-41.9059233449477
21,1003,-17,-15.1208791208791
21,1004,-7,-11.8235294117647
21,1005,0,-18.0497925311203
21,1006,0,2.35977337110482
21,1007,22,2.35977337110482
21,1008,79,80.7456140350877
21,1009,281,178.115183246073
21,1010,308,155.526041666667
21,1011,-373,-237.466666666667
21,1012,-138,-154.37037037037
21,1013,58,-53.9090909090909
21,1014,20,-20.8135593220339
21,1015,24,13.2244897959184
21,1016,-59,-41.6571428571429
21,1017,-21,-15.1208791208791
21,1018,159,116.481132075472
21,1019,382,230.744186046512
21,1020,-40,-49.8333333333333
21,1021,-225,-154.37037037037
21,1022,-197,-125.849056603774
21,1023,-76,15.037037037037
21,1024,-79,15.037037037037
21,1025,-65,-41.9059233449477
21,1026,-32,-41.9059233449477
21,1027,-18,-15.1208791208791
21,1028,-10,-11.8235294117647
21,1029,0,-18.0497925311203
21,1030,25,2.35977337110482
21,1031,79,80.7456140350877
21,1032,215,178.115183246073
21,1033,274,178.115183246073
21,1034,-293,-237.466666666667
21,1035,-149,-154.37037037037
21,1036,27,-53.9090909090909
21,1037,2,13.2244897959184
21,1038,-19,2.35977337110482
21,1039,-28,2.35977337110482
21,1040,67,-18.0497925311203
21,1041,105,81.2142857142857
21,1042,272,230.744186046512
21,1043,6,-110.777777777778
21,1044,-201,-154.37037037037
21,1045,-149,-125.849056603774
21,1046,-70,15.037037037037
21,1047,-31,-41.9059233449477
21,1048,-73,-41.9059233449477
21,1049,-38,-41.9059233449477
21,1050,-14,-15.1208791208791
21,1051,-5,-11.8235294117647
21,1052,1,2.35977337110482
21,1053,-4,2.35977337110482
21,1054,20,2.35977337110482
21,1055,75,80.7456140350877
21,1056,210,178.115183246073
21,1057,318,155.526041666667
21,1058,-337,-237.466666666667
21,1059,-146,-154.37037037037
21,1060,83,-53.9090909090909
21,1061,35,-20.8135593220339
21,1062,-56,13.2244897959184
21,1063,21,-41.9059233449477
21,1064,-13,-41.6571428571429
21,1065,142,116.481132075472
21,1066,303,230.744186046512
21,1067,-46,-49.8333333333333
21,1068,-177,-154.37037037037
21,1069,-153,-125.849056603774
21,1070,-93,-100.625
21,1071,-29,-41.9059233449477
21,1072,-64,-18.0497925311203
21,1073,-39,-15.1208791208791
21,1074,-25,-15.1208791208791
21,1075,-19,-11.8235294117647
21,1076,0,-18.0497925311203
21,1077,-6,-18.0497925311203
21,1078,16,2.35977337110482
21,1079,63,80.7456140350877
21,1080,212,178.115183246073
21,1081,267,155.526041666667
21,1082,-233,-237.466666666667
21,1083,-138,-154.37037037037
21,1084,41,-53.9090909090909
21,1085,89,13.2244897959184
21,1086,36,-20.8135593220339
21,1087,-10,-41.6571428571429
21,1088,4,2.35977337110482
21,1089,111,116.481132075472
21,1090,275,175.885714285714
21,1091,-67,-49.8333333333333
21,1092,-244,-154.37037037037
21,1093,-141,-125.849056603774
21,1094,-97,15.037037037037
21,1095,26,-41.9059233449477
21,1096,-17,13.2244897959184
21,1097,-102,2.35977337110482
21,1098,-26,-15.1208791208791
21,1099,-14,59.5833333333333
21,1100,-24,-18.0497925311203
21,1101,-18,2.35977337110482
21,1102,-7,-18.0497925311203
21,1103,14,-18.0497925311203
21,1104,43,80.7456140350877
21,1105,96,80.7456140350877
21,1106,105,155.526041666667
21,1107,141,98.92
21,1108,158,18.6111111111111
21,1109,114,-237.466666666667
21,1110,0,-237.466666666667
21,1111,-18,-102.818181818182
21,1112,-2,2.35977337110482
21,1113,-76,-18.0497925311203
21,1114,-22,-41.9059233449477
21,1115,-79,116.481132075472
21,1116,-22,-41.9059233449477
21,1117,-138,-11.8235294117647
21,1118,-101,-41.9059233449477
21,1119,-8,-15.1208791208791
21,1120,-16,-18.0497925311203
21,1121,-72,2.35977337110482
21,1122,-18,-41.9059233449477
21,1123,-32,-18.0497925311203
21,1124,-29,-15.1208791208791
21,1125,-33,-18.0497925311203
21,1126,-2,-41.9059233449477
21,1127,6,-18.0497925311203
21,1128,30,2.35977337110482
21,1129,51,80.7456140350877
21,1130,154,178.115183246073
21,1131,170,178.115183246073
21,1132,107,-183.214285714286
21,1133,107,-237.466666666667
21,1134,46,-110.777777777778
21,1135,-53,12.2727272727273
21,1136,-11,-41.9059233449477
21,1137,-1,-18.0497925311203
21,1138,7,2.35977337110482
21,1139,-144,80.4
21,1140,-100,-41.9059233449477
21,1141,-88,-15.1208791208791
21,1142,-62,-41.9059233449477
21,1143,-95,-41.9059233449477
21,1144,-44,-41.9059233449477
21,1145,-49,-15.1208791208791
21,1146,-13,-15.1208791208791
21,1147,-14,-18.0497925311203
21,1148,-6,2.35977337110482
21,1149,-2,2.35977337110482
21,1150,32,2.35977337110482
21,1151,95,80.7456140350877
21,1152,254,178.115183246073
21,1153,210,155.526041666667
21,1154,-300,-237.466666666667
21,1155,-73,-154.37037037037
21,1156,27,15.037037037037
21,1157,20,13.2244897959184
21,1158,-8,13.2244897959184
21,1159,25,2.35977337110482
21,1160,-13,-41.6571428571429
21,1161,83,116.481132075472
21,1162,354,230.744186046512
21,1163,-36,-20.8135593220339
21,1164,-154,-154.37037037037
21,1165,-147,-125.849056603774
21,1166,-104,-100.625
21,1167,-57,-41.9059233449477
21,1168,-93,-41.9059233449477
21,1169,-78,-41.9059233449477
21,1170,-32,-15.1208791208791
21,1171,-7,-15.1208791208791
21,1172,2,-18.0497925311203
21,1173,3,2.35977337110482
21,1174,21,2.35977337110482
21,1175,114,80.7456140350877
21,1176,317,178.115183246073
21,1177,212,-49.8333333333333
21,1178,-273,-237.466666666667
21,1179,-183,-154.37037037037
21,1180,22,-125.849056603774
21,1181,5,13.2244897959184
21,1182,-5,2.35977337110482
21,1183,18,2.35977337110482
21,1184,51,59.5833333333333
21,1185,62,81.2142857142857
21,1186,411,230.744186046512
21,1187,-6,-110.777777777778
21,1188,-238,-154.37037037037
21,1189,-135,-125.849056603774
21,1190,-105,15.037037037037
21,1191,-135,-41.9059233449477
21,1192,-80,-41.9059233449477
21,1193,-44,-41.9059233449477
21,1194,-24,-15.1208791208791
21,1195,-5,-11.8235294117647
21,1196,-3,-18.0497925311203
21,1197,1,2.35977337110482
21,1198,27,2.35977337110482
21,1199,100,80.7456140350877
21,1200,284,178.115183246073
21,1201,158,155.526041666667
21,1202,-311,-237.466666666667
21,1203,-118,-120.054054054054
21,1204,-28,15.037037037037
21,1205,-9,-18.0497925311203
21,1206,-46,-18.0497925311203
21,1207,-13,-41.9059233449477
21,1208,47,-18.0497925311203
21,1209,137,178.115183246073
21,1210,253,268.830769230769
21,1211,17,-183.214285714286
21,1212,-137,-154.37037037037
21,1213,-108,-53.9090909090909
21,1214,-71,-41.9059233449477
21,1215,-27,-41.9059233449477
21,1216,-92,-18.0497925311203
21,1217,-45,-41.9059233449477
21,1218,-12,-15.1208791208791
21,1219,-7,-11.8235294117647
21,1220,-2,2.35977337110482
21,1221,0,2.35977337110482
21,1222,26,2.35977337110482
21,1223,90,80.7456140350877
21,1224,286,178.115183246073
21,1225,271,155.526041666667
21,1226,-376,-237.466666666667
21,1227,-112,-154.37037037037
21,1228,40,-53.9090909090909
21,1229,35,13.2244897959184
21,1230,-26,13.2244897959184
21,1231,-1,2.35977337110482
21,1232,25,-18.0497925311203
21,1233,125,116.481132075472
21,1234,361,230.744186046512
21,1235,28,-183.214285714286
21,1236,-190,-154.37037037037
21,1237,-182,-125.849056603774
21,1238,-137,15.037037037037
21,1239,-19,-41.9059233449477
21,1240,-104,-18.0497925311203
21,1241,-80,-41.9059233449477
21,1242,-39,-15.1208791208791
21,1243,-4,-15.1208791208791
21,1244,-11,-18.0497925311203
21,1245,-7,2.35977337110482
21,1246,22,2.35977337110482
21,1247,88,80.7456140350877
21,1248,246,178.115183246073
21,1249,341,178.115183246073
21,1250,-341,-237.466666666667
21,1251,-122,-154.37037037037
21,1252,17,-53.9090909090909
21,1253,108,13.2244897959184
21,1254,19,-20.8135593220339
21,1255,13,-41.6571428571429
21,1256,13,-41.6571428571429
21,1257,173,116.481132075472
21,1258,239,230.744186046512
21,1259,-151,-49.8333333333333
21,1260,-176,-154.37037037037
21,1261,-151,-125.849056603774
21,1262,-54,-41.9059233449477
21,1263,-85,-41.9059233449477
21,1264,-15,-41.9059233449477
21,1265,-45,-18.0497925311203
21,1266,-54,-15.1208791208791
21,1267,-7,-15.1208791208791
21,1268,-52,-18.0497925311203
21,1269,-20,-15.1208791208791
21,1270,-8,-18.0497925311203
21,1271,30,-18.0497925311203
21,1272,45,80.7456140350877
21,1273,125,80.7456140350877
21,1274,130,155.526041666667
21,1275,151,-183.214285714286
21,1276,126,-237.466666666667
21,1277,32,-237.466666666667
21,1278,9,-102.818181818182
21,1279,-40,2.35977337110482
21,1280,19,-41.9059233449477
21,1281,11,-41.6571428571429
21,1282,-71,116.481132075472
21,1283,-152,-41.9059233449477
21,1284,-362,-41.9059233449477
21,1285,-15,-41.9059233449477
21,1286,63,-18.0497925311203
21,1287,8,-20.8135593220339
21,1288,-19,2.35977337110482
21,1289,26,2.35977337110482
21,1290,-44,80.7456140350877
21,1291,-17,-41.9059233449477
21,1292,-16,-18.0497925311203
21,1293,-33,-18.0497925311203
21,1294,-1,-41.9059233449477
21,1295,6,-18.0497925311203
21,1296,12,2.35977337110482
21,1297,27,78.5714285714286
21,1298,28,80.7456140350877
21,1299,-11,80.7456140350877
21,1300,9,2.35977337110482
21,1301,-16,2.35977337110482
21,1302,-9,2.35977337110482
21,1303,1,-18.0497925311203
21,1304,-15,2.35977337110482
21,1305,-2,2.35977337110482
21,1306,-9,2.35977337110482
21,1307,12,2.35977337110482
21,1308,-4,13.2244897959184
21,1309,0,2.35977337110482
21,1310,-24,2.35977337110482
21,1311,2,2.35977337110482
21,1312,4,-18.0497925311203
21,1313,-11,2.35977337110482
21,1314,-4,2.35977337110482
21,1315,2,2.35977337110482
21,1316,-3,2.35977337110482
21,1317,2,2.35977337110482
21,1318,11,2.35977337110482
21,1319,31,13.2244897959184
21,1320,162,13.2244897959184
21,1321,275,160.25
21,1322,-210,-183.214285714286
21,1323,-172,-154.37037037037
21,1324,1,-53.9090909090909
21,1325,28,-18.0497925311203
21,1326,-22,13.2244897959184
21,1327,7,2.35977337110482
21,1328,-2,-18.0497925311203
21,1329,-9,116.481132075472
21,1330,129,-11.8235294117647
21,1331,147,-20.8135593220339
21,1332,-81,-49.8333333333333
21,1333,-95,-120.054054054054
21,1334,-51,-41.9059233449477
21,1335,-63,-41.9059233449477
21,1336,-30,-41.9059233449477
21,1337,-46,-18.0497925311203
21,1338,-6,-15.1208791208791
21,1339,-4,-11.8235294117647
21,1340,-1,-11.8235294117647
21,1341,1,2.35977337110482
21,1342,19,2.35977337110482
21,1343,98,80.7456140350877
21,1344,270,178.115183246073
21,1345,221,160.25
21,1346,-303,-237.466666666667
21,1347,-146,-154.37037037037
21,1348,22,-53.9090909090909
21,1349,40,13.2244897959184
21,1350,0,13.2244897959184
21,1351,-8,2.35977337110482
21,1352,20,2.35977337110482
21,1353,126,116.481132075472
21,1354,329,230.744186046512
21,1355,-59,-49.8333333333333
21,1356,-150,-154.37037037037
21,1357,-197,-125.849056603774
21,1358,-59,-100.625
21,1359,-69,15.037037037037
21,1360,-84,-41.9059233449477
21,1361,-37,-15.1208791208791
21,1362,-11,-15.1208791208791
21,1363,-18,-11.8235294117647
21,1364,-4,2.35977337110482
21,1365,3,-18.0497925311203
21,1366,18,2.35977337110482
21,1367,82,80.7456140350877
21,1368,283,178.115183246073
21,1369,265,155.526041666667
21,1370,-333,-237.466666666667
21,1371,-139,-154.37037037037
21,1372,37,-53.9090909090909
21,1373,50,13.2244897959184
21,1374,-41,-20.8135593220339
21,1375,-5,-41.9059233449477
21,1376,6,-18.0497925311203
21,1377,147,116.481132075472
21,1378,356,230.744186046512
21,1379,-23,-49.8333333333333
21,1380,-166,-154.37037037037
21,1381,-163,-125.849056603774
21,1382,-141,-100.625
21,1383,-47,-41.9059233449477
21,1384,-88,-41.9059233449477
21,1385,-61,-41.9059233449477
21,1386,-20,-15.1208791208791
21,1387,-10,-11.8235294117647
21,1388,-7,-18.0497925311203
21,1389,-3,2.35977337110482
21,1390,14,2.35977337110482
21,1391,110,80.7456140350877
21,1392,98,178.115183246073
21,1393,137,155.526041666667
21,1394,-161,18.6111111111111
21,1395,-62,-102.818181818182
21,1396,12,-41.9059233449477
21,1397,53,13.2244897959184
21,1398,-7,-20.8135593220339
21,1399,-28,2.35977337110482
21,1400,35,59.5833333333333
21,1401,114,78.5714285714286
21,1402,296,213.6
21,1403,50,-183.214285714286
21,1404,-200,-154.37037037037
21,1405,-127,-125.849056603774
21,1406,-87,15.037037037037
21,1407,-67,-41.9059233449477
21,1408,-71,-41.9059233449477
21,1409,-39,-41.9059233449477
21,1410,-38,-15.1208791208791
21,1411,-13,-15.1208791208791
21,1412,-19,-18.0497925311203
21,1413,3,2.35977337110482
21,1414,13,-18.0497925311203
21,1415,101,80.7456140350877
21,1416,195,178.115183246073
21,1417,277,178.115183246073
21,1418,-258,-237.466666666667
21,1419,-98,-154.37037037037
21,1420,-3,-53.9090909090909
21,1421,74,-18.0497925311203
21,1422,-1,-20.8135593220339
21,1423,-6,2.35977337110482
21,1424,24,2.35977337110482
21,1425,116,59.5833333333333
21,1426,262,230.744186046512
21,1427,-48,-183.214285714286
21,1428,-213,-154.37037037037
21,1429,-152,-125.849056603774
21,1430,-81,15.037037037037
21,1431,-50,-41.9059233449477
21,1432,-42,-41.9059233449477
21,1433,-13,-15.1208791208791
21,1434,-36,-11.8235294117647
21,1435,-10,-15.1208791208791
21,1436,-31,-18.0497925311203
21,1437,-24,-15.1208791208791
21,1438,3,-18.0497925311203
21,1439,23,-18.0497925311203
21,1440,27,80.7456140350877
21,1441,103,80.7456140350877
21,1442,56,155.526041666667
21,1443,77,98.92
21,1444,67,18.6111111111111
21,1445,23,12.2727272727273
21,1446,8,13.2244897959184
21,1447,51,2.35977337110482
21,1448,-32,-20.8135593220339
21,1449,-32,-41.9059233449477
21,1450,-54,-41.9059233449477
21,1451,-232,-41.9059233449477
21,1452,49,-41.9059233449477
21,1453,-37,-20.8135593220339
21,1454,-18,-41.9059233449477
21,1455,-1,-18.0497925311203
21,1456,-41,-18.0497925311203
21,1457,-6,-15.1208791208791
21,1458,6,-18.0497925311203
21,1459,-2,2.35977337110482
21,1460,-24,2.35977337110482
21,1461,-12,2.35977337110482
21,1462,2,-18.0497925311203
21,1463,1,2.35977337110482
21,1464,20,2.35977337110482
21,1465,80,13.2244897959184
21,1466,78,160.25
21,1467,195,155.526041666667
21,1468,31,18.6111111111111
21,1469,173,-120.054054054054
21,1470,11,-110.777777777778
21,1471,58,-120.054054054054
21,1472,-50,12.2727272727273
21,1473,-16,-41.9059233449477
21,1474,-65,-18.0497925311203
21,1475,-35,-41.9059233449477
21,1476,-112,-41.9059233449477
21,1477,-132,-41.9059233449477
21,1478,-39,-15.1208791208791
21,1479,-96,-41.9059233449477
21,1480,-26,-15.1208791208791
21,1481,-34,-18.0497925311203
21,1482,-24,-15.1208791208791
21,1483,-16,-18.0497925311203
21,1484,-4,-18.0497925311203
21,1485,-2,-18.0497925311203
21,1486,18,2.35977337110482
21,1487,103,80.7456140350877
21,1488,226,178.115183246073
21,1489,247,155.526041666667
21,1490,-328,-237.466666666667
21,1491,-111,-154.37037037037
21,1492,6,-53.9090909090909
21,1493,62,-18.0497925311203
21,1494,22,-20.8135593220339
21,1495,-29,-41.6571428571429
21,1496,13,2.35977337110482
21,1497,116,116.481132075472
21,1498,336,230.744186046512
21,1499,-19,-49.8333333333333
21,1500,-193,-154.37037037037
21,1501,-162,-125.849056603774
21,1502,-88,15.037037037037
21,1503,-87,-41.9059233449477
21,1504,-74,-41.9059233449477
21,1505,-25,-41.9059233449477
21,1506,-14,-11.8235294117647
21,1507,-13,-11.8235294117647
21,1508,-5,2.35977337110482
21,1509,5,2.35977337110482
21,1510,9,2.35977337110482
21,1511,9,2.35977337110482
21,1512,143,2.35977337110482
21,1513,388,155.526041666667
21,1514,-208,-49.8333333333333
21,1515,-175,-154.37037037037
21,1516,55,-53.9090909090909
21,1517,40,-20.8135593220339
21,1518,-20,13.2244897959184
21,1519,-45,2.35977337110482
21,1520,30,-15.1208791208791
21,1521,120,116.481132075472
21,1522,327,175.885714285714
21,1523,62,-183.214285714286
21,1524,-256,-154.37037037037
21,1525,-152,-125.849056603774
21,1526,-53,15.037037037037
21,1527,-71,-41.9059233449477
21,1528,-116,-41.9059233449477
21,1529,-48,-41.9059233449477
21,1530,-32,-15.1208791208791
21,1531,1,-15.1208791208791
21,1532,-10,-18.0497925311203
21,1533,-2,2.35977337110482
21,1534,29,2.35977337110482
21,1535,87,80.7456140350877
21,1536,238,178.115183246073
21,1537,308,178.115183246073
21,1538,-351,-237.466666666667
21,1539,-140,-154.37037037037
21,1540,9,-53.9090909090909
21,1541,61,-18.0497925311203
21,1542,-17,-20.8135593220339
21,1543,12,2.35977337110482
21,1544,16,-41.6571428571429
21,1545,111,116.481132075472
21,1546,362,230.744186046512
21,1547,84,-49.8333333333333
21,1548,-309,-154.37037037037
21,1549,-166,-125.849056603774
21,1550,-99,15.037037037037
21,1551,-66,-41.9059233449477
21,1552,-75,-41.9059233449477
21,1553,-8,-41.9059233449477
21,1554,-66,-11.8235294117647
21,1555,-7,-15.1208791208791
21,1556,-11,-18.0497925311203
21,1557,-4,2.35977337110482
21,1558,19,2.35977337110482
21,1559,115,80.7456140350877
21,1560,248,155.526041666667
21,1561,243,-49.8333333333333
21,1562,-323,-237.466666666667
21,1563,-136,-154.37037037037
21,1564,33,-53.9090909090909
21,1565,100,13.2244897959184
21,1566,-36,-20.8135593220339
21,1567,-61,-41.9059233449477
21,1568,79,-15.1208791208791
21,1569,87,98.92
21,1570,334,230.744186046512
21,1571,2,-110.777777777778
21,1572,-184,-154.37037037037
21,1573,-102,-125.849056603774
21,1574,-121,-100.625
21,1575,-53,-41.9059233449477
21,1576,-125,-41.9059233449477
21,1577,-32,-41.9059233449477
21,1578,-41,-15.1208791208791
21,1579,-37,-15.1208791208791
21,1580,3,-15.1208791208791
21,1581,-10,-18.0497925311203
21,1582,20,2.35977337110482
21,1583,111,80.7456140350877
21,1584,221,213.6
21,1585,262,-49.8333333333333
21,1586,-324,-237.466666666667
21,1587,-95,-154.37037037037
21,1588,59,-125.849056603774
21,1589,-87,-20.8135593220339
21,1590,107,-41.9059233449477
21,1591,-36,-110.777777777778
21,1592,101,-15.1208791208791
21,1593,97,81.2142857142857
21,1594,203,230.744186046512
21,1595,-2,-110.777777777778
21,1596,-189,-154.37037037037
21,1597,-139,-87.4
21,1598,-78,15.037037037037
21,1599,-3,-41.9059233449477
21,1600,24,-18.0497925311203
21,1601,-103,-41.6571428571429
21,1602,-46,-15.1208791208791
21,1603,-32,-15.1208791208791
21,1604,-43,-15.1208791208791
21,1605,-23,-41.9059233449477
21,1606,13,-18.0497925311203
21,1607,20,13.2244897959184
21,1608,45,78.5714285714286
21,1609,110,80.7456140350877
21,1610,87,98.92
21,1611,148,18.6111111111111
21,1612,143,18.6111111111111
21,1613,-25,-237.466666666667
21,1614,-26,-120.054054054054
21,1615,-96,-18.0497925311203
21,1616,113,-41.9059233449477
21,1617,-1,-20.8135593220339
21,1618,-38,-102.818181818182
21,1619,-68,-41.9059233449477
21,1620,-29,-41.9059233449477
21,1621,-96,116.481132075472
21,1622,-40,-41.9059233449477
21,1623,-52,-41.9059233449477
21,1624,-68,-41.9059233449477
21,1625,-15,-15.1208791208791
21,1626,-13,-18.0497925311203
21,1627,-28,2.35977337110482
21,1628,-65,2.35977337110482
21,1629,-12,-15.1208791208791
21,1630,-5,-18.0497925311203
21,1631,6,2.35977337110482
21,1632,19,2.35977337110482
21,1633,78,80.7456140350877
21,1634,77,178.115183246073
21,1635,142,178.115183246073
21,1636,81,18.6111111111111
21,1637,144,-120.054054054054
21,1638,7,-110.777777777778
21,1639,-47,-120.054054054054
21,1640,53,-41.9059233449477
21,1641,-27,-20.8135593220339
21,1642,-33,2.35977337110482
21,1643,-48,-41.9059233449477
21,1644,-80,-41.9059233449477
21,1645,-107,-15.1208791208791
21,1646,-73,-41.9059233449477
21,1647,-46,-41.9059233449477
21,1648,-55,-41.9059233449477
21,1649,-68,-15.1208791208791
21,1650,-25,-15.1208791208791
21,1651,-3,-18.0497925311203
21,1652,-1,-18.0497925311203
21,1653,-3,2.35977337110482
21,1654,21,2.35977337110482
21,1655,119,80.7456140350877
21,1656,243,178.115183246073
21,1657,254,-49.8333333333333
21,1658,-289,-237.466666666667
21,1659,-160,-154.37037037037
21,1660,23,-53.9090909090909
21,1661,50,13.2244897959184
21,1662,9,-20.8135593220339
21,1663,-33,2.35977337110482
21,1664,23,-15.1208791208791
21,1665,126,116.481132075472
21,1666,381,230.744186046512
21,1667,-89,-183.214285714286
21,1668,-134,-154.37037037037
21,1669,-223,-125.849056603774
21,1670,-76,-100.625
21,1671,-74,15.037037037037
21,1672,-60,-41.9059233449477
21,1673,-75,-15.1208791208791
21,1674,-29,-15.1208791208791
21,1675,7,-11.8235294117647
21,1676,-10,-18.0497925311203
21,1677,-1,2.35977337110482
21,1678,15,2.35977337110482
21,1679,145,80.7456140350877
21,1680,298,81.2142857142857
21,1681,178,-49.8333333333333
21,1682,-346,-237.466666666667
21,1683,-138,-120.054054054054
21,1684,60,15.037037037037
21,1685,46,-20.8135593220339
21,1686,-44,-20.8135593220339
21,1687,-148,-41.9059233449477
21,1688,63,-15.1208791208791
21,1689,255,98.92
21,1690,328,230.744186046512
21,1691,-7,-237.466666666667
21,1692,-252,-154.37037037037
21,1693,-156,-125.849056603774
21,1694,-79,15.037037037037
21,1695,-76,-41.9059233449477
21,1696,-84,-41.9059233449477
21,1697,-28,-41.9059233449477
21,1698,-21,-11.8235294117647
21,1699,-13,-11.8235294117647
21,1700,1,-18.0497925311203
21,1701,3,2.35977337110482
21,1702,23,2.35977337110482
21,1703,98,80.7456140350877
21,1704,292,178.115183246073
21,1705,204,155.526041666667
21,1706,-297,-237.466666666667
21,1707,-172,-154.37037037037
21,1708,48,15.037037037037
21,1709,79,-20.8135593220339
21,1710,-14,-20.8135593220339
21,1711,-23,2.35977337110482
21,1712,16,2.35977337110482
21,1713,98,116.481132075472
21,1714,348,230.744186046512
21,1715,-333,-20.8135593220339
21,1716,-274,-154.37037037037
21,1717,-47,-125.849056603774
21,1718,-17,15.037037037037
21,1719,33,-18.0497925311203
21,1720,-12,13.2244897959184
21,1721,-22,2.35977337110482
21,1722,-22,2.35977337110482
21,1723,-8,59.5833333333333
21,1724,0,-18.0497925311203
21,1725,-1,2.35977337110482
21,1726,22,2.35977337110482
21,1727,115,13.2244897959184
21,1728,262,155.526041666667
21,1729,229,-183.214285714286
21,1730,-269,-237.466666666667
21,1731,-207,-154.37037037037
21,1732,102,-53.9090909090909
21,1733,16,-20.8135593220339
21,1734,46,13.2244897959184
21,1735,-71,12.2727272727273
21,1736,24,-15.1208791208791
21,1737,150,116.481132075472
21,1738,311,230.744186046512
21,1739,38,-183.214285714286
21,1740,-217,-154.37037037037
21,1741,-179,-125.849056603774
21,1742,-144,15.037037037037
21,1743,2,-41.9059233449477
21,1744,-97,-18.0497925311203
21,1745,-71,-41.9059233449477
21,1746,-18,-15.1208791208791
21,1747,-15,59.5833333333333
21,1748,-18,-18.0497925311203
21,1749,-4,2.35977337110482
21,1750,17,-18.0497925311203
21,1751,109,78.5714285714286
21,1752,216,178.115183246073
21,1753,269,155.526041666667
21,1754,-298,-237.466666666667
21,1755,-112,-154.37037037037
21,1756,81,-53.9090909090909
21,1757,57,-20.8135593220339
21,1758,15,-20.8135593220339
21,1759,-29,-41.6571428571429
21,1760,105,59.5833333333333
21,1761,86,98.92
21,1762,254,230.744186046512
21,1763,-183,-110.777777777778
21,1764,-93,-154.37037037037
21,1765,-162,-125.849056603774
21,1766,-71,-41.9059233449477
21,1767,-36,-41.9059233449477
21,1768,-54,-41.9059233449477
21,1769,-44,-15.1208791208791
21,1770,-43,-15.1208791208791
21,1771,-37,-15.1208791208791
21,1772,-22,-15.1208791208791
21,1773,-25,-18.0497925311203
21,1774,4,-18.0497925311203
21,1775,20,-18.0497925311203
21,1776,34,80.7456140350877
21,1777,111,80.7456140350877
21,1778,157,178.115183246073
21,1779,76,-183.214285714286
21,1780,111,-120.054054054054
21,1781,37,-110.777777777778
21,1782,100,-102.818181818182
21,1783,-44,-110.777777777778
21,1784,-25,-41.9059233449477
21,1785,1,-18.0497925311203
21,1786,-15,116.481132075472
21,1787,-30,-11.8235294117647
21,1788,-107,2.35977337110482
21,1789,-152,-15.1208791208791
21,1790,-57,-41.9059233449477
21,1791,44,-41.9059233449477
21,1792,-98,80.7456140350877
21,1793,-78,-41.9059233449477
21,1794,-4,-15.1208791208791
21,1795,-12,-18.0497925311203
21,1796,-54,2.35977337110482
21,1797,-19,-41.9059233449477
21,1798,3,-18.0497925311203
21,1799,9,-18.0497925311203
21,1800,39,2.35977337110482
21,1801,96,80.7456140350877
21,1802,66,155.526041666667
21,1803,128,98.92
21,1804,78,18.6111111111111
21,1805,103,-0.454545454545455
21,1806,71,-110.777777777778
21,1807,-50,12.2727272727273
21,1808,-53,-41.9059233449477
21,1809,65,-41.9059233449477
21,1810,-86,-20.8135593220339
21,1811,-89,-41.9059233449477
21,1812,-50,-41.9059233449477
21,1813,-109,-15.1208791208791
21,1814,-61,-15.1208791208791
21,1815,-38,-41.9059233449477
21,1816,-57,-15.1208791208791
21,1817,-39,-15.1208791208791
21,1818,-24,-15.1208791208791
21,1819,-9,-18.0497925311203
21,1820,0,-18.0497925311203
21,1821,4,2.35977337110482
21,1822,20,2.35977337110482
21,1823,39,80.7456140350877
21,1824,10,80.7456140350877
21,1825,81,2.35977337110482
21,1826,-46,98.92
21,1827,-51,-41.9059233449477
21,1828,20,-41.9059233449477
21,1829,106,13.2244897959184
21,1830,-9,-20.8135593220339
21,1831,-5,2.35977337110482
21,1832,25,2.35977337110482
21,1833,-85,78.5714285714286
21,1834,118,-41.9059233449477
21,1835,71,-20.8135593220339
21,1836,4,-102.818181818182
21,1837,-115,2.35977337110482
21,1838,-37,-41.9059233449477
21,1839,-23,-15.1208791208791
21,1840,-54,-18.0497925311203
21,1841,-43,-41.9059233449477
21,1842,-13,-41.9059233449477
21,1843,-15,-11.8235294117647
21,1844,2,2.35977337110482
21,1845,-1,2.35977337110482
21,1846,3,2.35977337110482
21,1847,16,2.35977337110482
21,1848,68,80.7456140350877
21,1849,317,155.526041666667
21,1850,-54,155.526041666667
21,1851,-184,-154.37037037037
21,1852,53,-125.849056603774
21,1853,40,-20.8135593220339
21,1854,-25,13.2244897959184
21,1855,-55,2.35977337110482
21,1856,72,-15.1208791208791
21,1857,118,98.92
21,1858,304,81.2142857142857
21,1859,55,-237.466666666667
21,1860,-221,-154.37037037037
21,1861,-249,-125.849056603774
21,1862,-154,15.037037037037
21,1863,-26,15.037037037037
21,1864,-12,-18.0497925311203
21,1865,-32,-18.0497925311203
21,1866,-18,-15.1208791208791
21,1867,-2,-11.8235294117647
21,1868,-13,-18.0497925311203
21,1869,-2,2.35977337110482
21,1870,34,2.35977337110482
21,1871,120,80.7456140350877
21,1872,282,178.115183246073
21,1873,210,-183.214285714286
21,1874,-303,-237.466666666667
21,1875,-155,-154.37037037037
21,1876,75,15.037037037037
21,1877,63,-20.8135593220339
21,1878,20,-20.8135593220339
21,1879,-87,-41.6571428571429
21,1880,11,-15.1208791208791
21,1881,172,116.481132075472
21,1882,427,230.744186046512
21,1883,-27,-49.8333333333333
21,1884,-256,-154.37037037037
21,1885,-131,-125.849056603774
21,1886,-66,15.037037037037
21,1887,-107,-41.9059233449477
21,1888,-153,-41.9059233449477
21,1889,-54,-41.9059233449477
21,1890,-51,-15.1208791208791
21,1891,-12,-15.1208791208791
21,1892,-13,-18.0497925311203
21,1893,13,2.35977337110482
21,1894,19,80.7456140350877
21,1895,124,80.7456140350877
21,1896,315,213.6
21,1897,160,-49.8333333333333
21,1898,-288,-237.466666666667
21,1899,-141,-120.054054054054
21,1900,74,15.037037037037
21,1901,69,-20.8135593220339
21,1902,-21,-20.8135593220339
21,1903,-57,2.35977337110482
21,1904,46,-15.1208791208791
21,1905,114,98.92
21,1906,422,268.830769230769
21,1907,16,-183.214285714286
21,1908,-331,-154.37037037037
21,1909,-91,-125.849056603774
21,1910,-147,15.037037037037
21,1911,-48,-41.9059233449477
21,1912,-85,-41.9059233449477
21,1913,-96,-41.9059233449477
21,1914,-21,-15.1208791208791
21,1915,-28,-11.8235294117647
21,1916,-7,-18.0497925311203
21,1917,-3,-18.0497925311203
21,1918,23,2.35977337110482
21,1919,148,80.7456140350877
21,1920,333,178.115183246073
21,1921,230,-183.214285714286
21,1922,-384,-237.466666666667
21,1923,-106,-154.37037037037
21,1924,79,-53.9090909090909
21,1925,26,-20.8135593220339
21,1926,35,13.2244897959184
21,1927,-45,-41.6571428571429
21,1928,41,-15.1208791208791
21,1929,177,116.481132075472
21,1930,244,230.744186046512
21,1931,-143,-183.214285714286
21,1932,-186,-154.37037037037
21,1933,-146,-125.849056603774
21,1934,-79,-41.9059233449477
21,1935,-7,-41.9059233449477
21,1936,-77,-18.0497925311203
21,1937,-26,-15.1208791208791
21,1938,-44,-11.8235294117647
21,1939,-35,-15.1208791208791
21,1940,-36,-15.1208791208791
21,1941,-19,-41.9059233449477
21,1942,-2,-18.0497925311203
21,1943,38,-18.0497925311203
21,1944,45,80.7456140350877
21,1945,100,80.7456140350877
21,1946,97,178.115183246073
21,1947,160,18.6111111111111
21,1948,134,18.6111111111111
21,1949,56,-237.466666666667
21,1950,62,-102.818181818182
21,1951,26,12.2727272727273
21,1952,-58,-41.6571428571429
21,1953,-30,-41.9059233449477
21,1954,-16,-18.0497925311203
21,1955,19,-18.0497925311203
21,1956,-213,80.4
21,1957,-117,-41.9059233449477
21,1958,-56,15.037037037037
21,1959,79,-41.9059233449477
21,1960,-99,81.2142857142857
21,1961,-69,-41.9059233449477
21,1962,-40,-15.1208791208791
21,1963,-32,-15.1208791208791
21,1964,-32,-15.1208791208791
21,1965,-50,-41.9059233449477
21,1966,-8,-15.1208791208791
21,1967,17,-18.0497925311203
21,1968,65,80.7456140350877
21,1969,81,178.115183246073
21,1970,142,178.115183246073
21,1971,119,18.6111111111111
21,1972,149,-237.466666666667
21,1973,56,-237.466666666667
21,1974,-30,-120.054054054054
21,1975,-64,2.35977337110482
21,1976,-41,-41.9059233449477
21,1977,75,-41.9059233449477
21,1978,-28,-20.8135593220339
21,1979,-75,-11.8235294117647
21,1980,-72,-41.9059233449477
21,1981,-128,-15.1208791208791
21,1982,-41,-15.1208791208791
21,1983,-88,-41.9059233449477
21,1984,-59,-41.9059233449477
21,1985,-46,-15.1208791208791
21,1986,-25,-15.1208791208791
21,1987,-4,-18.0497925311203
21,1988,-9,-18.0497925311203
21,1989,5,2.35977337110482
21,1990,8,2.35977337110482
21,1991,64,2.35977337110482
21,1992,74,178.115183246073
21,1993,117,155.526041666667
21,1994,-84,-110.777777777778
21,1995,-87,-102.818181818182
21,1996,7,-41.9059233449477
21,1997,64,-18.0497925311203
21,1998,14,-20.8135593220339
21,1999,-4,13.2244897959184
21,2000,45,2.35977337110482
21,2001,90,78.5714285714286
21,2002,193,98.92
21,2003,22,-110.777777777778
21,2004,-82,-120.054054054054
21,2005,-112,-87.4
21,2006,-95,-41.9059233449477
21,2007,-99,-41.9059233449477
21,2008,-45,-41.9059233449477
21,2009,-61,-41.9059233449477
21,2010,-9,-15.1208791208791
21,2011,-16,-11.8235294117647
21,2012,-6,2.35977337110482
21,2013,2,-18.0497925311203
21,2014,10,2.35977337110482
21,2015,120,2.35977337110482
21,2016,187,178.115183246073
21,2017,266,-49.8333333333333
21,2018,-257,-237.466666666667
21,2019,-133,-154.37037037037
21,2020,-11,-53.9090909090909
21,2021,65,-18.0497925311203
21,2022,-11,-20.8135593220339
21,2023,-21,2.35977337110482
21,2024,23,59.5833333333333
21,2025,141,59.5833333333333
21,2026,399,230.744186046512
21,2027,0,-183.214285714286
21,2028,-421,-154.37037037037
21,2029,9,-125.849056603774
21,2030,-112,-18.0497925311203
21,2031,-87,-41.9059233449477
21,2032,-69,-41.9059233449477
21,2033,-58,-41.9059233449477
21,2034,-15,-15.1208791208791
21,2035,-20,-11.8235294117647
21,2036,-7,2.35977337110482
21,2037,-2,-18.0497925311203
21,2038,32,2.35977337110482
21,2039,125,80.7456140350877
21,2040,308,178.115183246073
21,2041,251,-183.214285714286
21,2042,-422,-237.466666666667
21,2043,-106,-154.37037037037
21,2044,6,-53.9090909090909
21,2045,51,-18.0497925311203
21,2046,22,-20.8135593220339
21,2047,-22,-41.6571428571429
21,2048,9,59.5833333333333
21,2049,21,116.481132075472
21,2050,7,116.481132075472
21,2051,42,2.35977337110482
21,2052,49,13.2244897959184
21,2053,-81,41.5
21,2054,-50,-41.9059233449477
21,2055,-86,-41.9059233449477
21,2056,-53,-41.9059233449477
21,2057,-50,-41.9059233449477
21,2058,-26,-41.9059233449477
21,2059,-14,-18.0497925311203
21,2060,-12,-18.0497925311203
21,2061,1,2.35977337110482
21,2062,25,2.35977337110482
21,2063,126,80.7456140350877
21,2064,259,178.115183246073
21,2065,277,-183.214285714286
21,2066,-391,-237.466666666667
21,2067,-116,-154.37037037037
21,2068,36,-53.9090909090909
21,2069,68,13.2244897959184
21,2070,13,-20.8135593220339
21,2071,-50,-41.6571428571429
21,2072,39,-15.1208791208791
21,2073,99,116.481132075472
21,2074,408,230.744186046512
21,2075,-46,-110.777777777778
21,2076,-260,-154.37037037037
21,2077,-94,-125.849056603774
21,2078,-113,15.037037037037
21,2079,-42,-41.9059233449477
21,2080,-76,-41.9059233449477
21,2081,-94,-15.1208791208791
21,2082,-31,-15.1208791208791
21,2083,-19,-15.1208791208791
21,2084,-9,-18.0497925311203
21,2085,-5,-18.0497925311203
21,2086,21,2.35977337110482
21,2087,83,80.7456140350877
21,2088,246,178.115183246073
21,2089,224,178.115183246073
21,2090,-243,-237.466666666667
21,2091,-108,-154.37037037037
21,2092,51,-53.9090909090909
21,2093,38,-20.8135593220339
21,2094,12,13.2244897959184
21,2095,34,-41.6571428571429
21,2096,99,-41.6571428571429
21,2097,118,98.92
21,2098,69,230.744186046512
21,2099,-131,-0.454545454545455
21,2100,-118,-41.9059233449477
21,2101,-54,-41.9059233449477
21,2102,-95,-41.9059233449477
21,2103,-43,-41.9059233449477
21,2104,-46,-41.9059233449477
21,2105,-50,-15.1208791208791
21,2106,-34,-15.1208791208791
21,2107,-18,-15.1208791208791
21,2108,-33,-18.0497925311203
21,2109,-29,-15.1208791208791
21,2110,8,-18.0497925311203
21,2111,21,-18.0497925311203
21,2112,23,80.7456140350877
21,2113,87,80.7456140350877
21,2114,148,98.92
21,2115,148,98.92
21,2116,83,-237.466666666667
21,2117,9,-120.054054054054
21,2118,10,2.35977337110482
21,2119,25,2.35977337110482
21,2120,-51,-41.6571428571429
21,2121,-9,-41.9059233449477
21,2122,-42,-18.0497925311203
21,2123,-47,-41.9059233449477
21,2124,-42,-41.9059233449477
21,2125,-118,-41.9059233449477
21,2126,-4,-15.1208791208791
21,2127,-47,-18.0497925311203
21,2128,-54,-15.1208791208791
21,2129,-13,-15.1208791208791
21,2130,-59,-18.0497925311203
21,2131,-17,-15.1208791208791
21,2132,-25,-18.0497925311203
21,2133,-25,-18.0497925311203
21,2134,-4,-18.0497925311203
21,2135,15,-18.0497925311203
21,2136,30,80.7456140350877
21,2137,99,80.7456140350877
21,2138,119,155.526041666667
21,2139,154,98.92
21,2140,95,-237.466666666667
21,2141,51,-237.466666666667
21,2142,-72,12.2727272727273
21,2143,49,-41.9059233449477
21,2144,-12,12.2727272727273
21,2145,-34,2.35977337110482
21,2146,21,-41.9059233449477
21,2147,-4,59.5833333333333
21,2148,-76,116.481132075472
21,2149,-50,-41.9059233449477
21,2150,-249,-41.9059233449477
21,2151,-84,-41.9059233449477
21,2152,37,15.037037037037
21,2153,-31,80.7456140350877
21,2154,-6,-15.1208791208791
21,2155,-11,-18.0497925311203
21,2156,-30,2.35977337110482
21,2157,-12,2.35977337110482
21,2158,3,-18.0497925311203
21,2159,11,2.35977337110482
21,2160,47,13.2244897959184
21,2161,88,160.25
21,2162,108,155.526041666667
21,2163,101,18.6111111111111
21,2164,112,18.6111111111111
21,2165,49,-110.777777777778
21,2166,31,-102.818181818182
21,2167,-91,13.2244897959184
21,2168,-5,-41.9059233449477
21,2169,41,-18.0497925311203
21,2170,-96,-41.6571428571429
21,2171,-22,-41.9059233449477
21,2172,12,-18.0497925311203
21,2173,-78,59.5833333333333
21,2174,-70,-41.9059233449477
21,2175,-90,-41.9059233449477
21,2176,-75,-15.1208791208791
21,2177,-37,-41.9059233449477
21,2178,-31,-41.9059233449477
21,2179,-6,-15.1208791208791
21,2180,-5,-18.0497925311203
21,2181,2,2.35977337110482
21,2182,28,2.35977337110482
21,2183,121,80.7456140350877
21,2184,296,178.115183246073
21,2185,184,-183.214285714286
21,2186,-377,-237.466666666667
21,2187,-74,-120.054054054054
21,2188,14,15.037037037037
21,2189,40,13.2244897959184
21,2190,2,13.2244897959184
21,2191,-1,2.35977337110482
21,2192,18,59.5833333333333
21,2193,137,116.481132075472
21,2194,388,230.744186046512
21,2195,-71,-49.8333333333333
21,2196,-184,-154.37037037037
21,2197,-322,-125.849056603774
21,2198,-133,-100.625
21,2199,-16,15.037037037037
21,2200,-5,-18.0497925311203
21,2201,-14,-18.0497925311203
21,2202,-32,-11.8235294117647
21,2203,1,-15.1208791208791
21,2204,0,-18.0497925311203
21,2205,1,2.35977337110482
21,2206,35,2.35977337110482
21,2207,103,80.7456140350877
21,2208,339,155.526041666667
21,2209,188,178.115183246073
21,2210,-366,-237.466666666667
21,2211,-128,-120.054054054054
21,2212,31,15.037037037037
21,2213,45,13.2244897959184
21,2214,36,13.2244897959184
21,2215,-37,-41.6571428571429
21,2216,23,-15.1208791208791
21,2217,123,116.481132075472
21,2218,441,230.744186046512
21,2219,-43,-183.214285714286
21,2220,-240,-154.37037037037
21,2221,-125,-125.849056603774
21,2222,-127,15.037037037037
21,2223,-87,-41.9059233449477
21,2224,-57,-41.9059233449477
21,2225,-99,-15.1208791208791
21,2226,-35,-15.1208791208791
21,2227,-12,-15.1208791208791
21,2228,-6,-18.0497925311203
21,2229,0,2.35977337110482
21,2230,25,2.35977337110482
21,2231,145,80.7456140350877
21,2232,329,178.115183246073
21,2233,186,-183.214285714286
21,2234,-382,-237.466666666667
21,2235,-91,-120.054054054054
21,2236,-2,15.037037037037
21,2237,74,-18.0497925311203
21,2238,1,-20.8135593220339
21,2239,-39,2.35977337110482
21,2240,36,-15.1208791208791
21,2241,197,116.481132075472
21,2242,340,230.744186046512
21,2243,-42,-183.214285714286
21,2244,-194,-154.37037037037
21,2245,-112,-125.849056603774
21,2246,-120,15.037037037037
21,2247,-95,-41.9059233449477
21,2248,-124,-41.9059233449477
21,2249,-54,-15.1208791208791
21,2250,-52,-15.1208791208791
21,2251,-18,-15.1208791208791
21,2252,-12,-18.0497925311203
21,2253,2,-18.0497925311203
21,2254,39,2.35977337110482
21,2255,96,80.7456140350877
21,2256,261,178.115183246073
21,2257,292,178.115183246073
21,2258,-396,-237.466666666667
21,2259,-94,-154.37037037037
21,2260,31,-53.9090909090909
21,2261,75,13.2244897959184
21,2262,6,-20.8135593220339
21,2263,-62,2.35977337110482
21,2264,4,-15.1208791208791
21,2265,-36,116.481132075472
21,2266,5,-41.9059233449477
21,2267,-117,-18.0497925311203
21,2268,-65,-41.9059233449477
21,2269,-6,-15.1208791208791
21,2270,46,-18.0497925311203
21,2271,-62,73.8461538461538
21,2272,50,-41.9059233449477
21,2273,13,12.2727272727273
21,2274,-10,78.5714285714286
21,2275,-35,2.35977337110482
21,2276,-15,-41.9059233449477
21,2277,-13,-18.0497925311203
21,2278,-1,2.35977337110482
21,2279,24,2.35977337110482
21,2280,50,13.2244897959184
21,2281,124,155.526041666667
21,2282,122,178.115183246073
21,2283,161,-183.214285714286
21,2284,43,-237.466666666667
21,2285,132,-120.054054054054
21,2286,11,-110.777777777778
21,2287,-32,-102.818181818182
21,2288,55,-41.9059233449477
21,2289,-58,-20.8135593220339
21,2290,-58,-41.9059233449477
21,2291,-74,-41.9059233449477
21,2292,42,-41.9059233449477
21,2293,-155,-41.6571428571429
21,2294,-83,-41.9059233449477
21,2295,-88,-15.1208791208791
21,2296,10,-15.1208791208791
21,2297,-69,-18.0497925311203
21,2298,-48,-41.9059233449477
21,2299,-32,-15.1208791208791
21,2300,-39,-15.1208791208791
21,2301,-37,-15.1208791208791
21,2302,-1,-41.9059233449477
21,2303,10,-18.0497925311203
21,2304,13,2.35977337110482
21,2305,105,80.7456140350877
21,2306,160,178.115183246073
21,2307,104,98.92
21,2308,107,-237.466666666667
21,2309,173,-110.777777777778
21,2310,2,-110.777777777778
21,2311,-8,-120.054054054054
21,2312,-34,2.35977337110482
21,2313,18,-41.9059233449477
21,2314,-84,116.481132075472
21,2315,-82,-41.9059233449477
21,2316,-43,-41.9059233449477
21,2317,-139,-41.9059233449477
21,2318,-68,-41.9059233449477
21,2319,-20,-41.9059233449477
21,2320,-118,-18.0497925311203
21,2321,-59,-15.1208791208791
21,2322,-35,-15.1208791208791
21,2323,-3,-15.1208791208791
21,2324,-6,-18.0497925311203
21,2325,3,2.35977337110482
21,2326,27,2.35977337110482
21,2327,104,80.7456140350877
21,2328,378,178.115183246073
21,2329,148,178.115183246073
21,2330,-383,-237.466666666667
21,2331,-95,-120.054054054054
21,2332,52,15.037037037037
21,2333,43,-20.8135593220339
21,2334,-8,13.2244897959184
21,2335,-4,2.35977337110482
21,2336,22,2.35977337110482
21,2337,156,116.481132075472
21,2338,386,268.830769230769
21,2339,-12,-183.214285714286
21,2340,-177,-154.37037037037
21,2341,-184,-125.849056603774
21,2342,-196,-100.625
21,2343,-97,-41.9059233449477
21,2344,-82,15.037037037037
21,2345,-52,-41.9059233449477
21,2346,-14,-15.1208791208791
21,2347,-12,-11.8235294117647
21,2348,-3,2.35977337110482
21,2349,0,2.35977337110482
21,2350,31,2.35977337110482
21,2351,148,80.7456140350877
21,2352,385,178.115183246073
21,2353,141,-183.214285714286
21,2354,-375,-237.466666666667
21,2355,-159,-120.054054054054
21,2356,51,15.037037037037
21,2357,20,-20.8135593220339
21,2358,20,13.2244897959184
21,2359,9,-41.6571428571429
21,2360,-4,59.5833333333333
21,2361,201,116.481132075472
21,2362,377,268.830769230769
21,2363,-60,-49.8333333333333
21,2364,-277,-154.37037037037
21,2365,-98,-125.849056603774
21,2366,-132,15.037037037037
21,2367,-90,-41.9059233449477
21,2368,-80,-41.9059233449477
21,2369,-64,-15.1208791208791
21,2370,-22,-15.1208791208791
21,2371,-16,-11.8235294117647
21,2372,-3,-18.0497925311203
21,2373,2,-18.0497925311203
21,2374,28,2.35977337110482
21,2375,134,80.7456140350877
21,2376,375,178.115183246073
21,2377,121,-183.214285714286
21,2378,-365,-237.466666666667
21,2379,-100,-0.454545454545455
21,2380,23,15.037037037037
21,2381,89,13.2244897959184
21,2382,-12,-20.8135593220339
21,2383,-1,2.35977337110482
21,2384,-2,59.5833333333333
21,2385,152,116.481132075472
21,2386,272,268.830769230769
21,2387,58,-49.8333333333333
21,2388,-244,-154.37037037037
21,2389,-130,-125.849056603774
21,2390,-110,15.037037037037
21,2391,-50,-41.9059233449477
21,2392,-125,-41.9059233449477
21,2393,-64,-41.9059233449477
21,2394,-37,-15.1208791208791
21,2395,-10,-15.1208791208791
21,2396,-7,-18.0497925311203
21,2397,1,2.35977337110482
21,2398,28,2.35977337110482
21,2399,136,80.7456140350877
21,2400,356,213.6
21,2401,155,-183.214285714286
21,2402,-344,-237.466666666667
21,2403,-127,-120.054054054054
21,2404,27,15.037037037037
21,2405,99,13.2244897959184
21,2406,-21,-20.8135593220339
21,2407,-50,2.35977337110482
21,2408,68,-15.1208791208791
21,2409,133,98.92
21,2410,403,268.830769230769
21,2411,-56,-237.466666666667
21,2412,-211,-154.37037037037
21,2413,-124,-125.849056603774
21,2414,-165,15.037037037037
21,2415,-85,-41.9059233449477
21,2416,-51,-41.9059233449477
21,2417,-100,-15.1208791208791
21,2418,-48,-15.1208791208791
21,2419,-10,-15.1208791208791
21,2420,-11,-18.0497925311203
21,2421,2,2.35977337110482
21,2422,19,2.35977337110482
21,2423,110,80.7456140350877
21,2424,289,178.115183246073
21,2425,272,178.115183246073
21,2426,-318,-237.466666666667
21,2427,-133,-154.37037037037
21,2428,15,-53.9090909090909
21,2429,105,13.2244897959184
21,2430,47,-20.8135593220339
21,2431,-43,-20.8135593220339
21,2432,24,-15.1208791208791
21,2433,126,116.481132075472
21,2434,270,230.744186046512
21,2435,-70,-183.214285714286
21,2436,-168,-154.37037037037
21,2437,-147,-125.849056603774
21,2438,-69,-100.625
21,2439,-48,-41.9059233449477
21,2440,-76,-41.9059233449477
21,2441,-9,-15.1208791208791
21,2442,-83,-11.8235294117647
21,2443,-34,-15.1208791208791
21,2444,-49,-15.1208791208791
21,2445,-32,-15.1208791208791
21,2446,11,-15.1208791208791
21,2447,61,80.7456140350877
21,2448,7,155.526041666667
21,2449,157,2.35977337110482
21,2450,96,18.6111111111111
21,2451,126,-49.8333333333333
21,2452,103,18.6111111111111
21,2453,-38,-237.466666666667
21,2454,54,-41.9059233449477
21,2455,8,12.2727272727273
21,2456,-38,2.35977337110482
21,2457,-21,-41.9059233449477
21,2458,-39,59.5833333333333
21,2459,-44,-41.9059233449477
21,2460,-91,-41.9059233449477
21,2461,3,-41.9059233449477
21,2462,-47,-18.0497925311203
21,2463,-102,-41.9059233449477
21,2464,16,-41.9059233449477
21,2465,-72,80.7456140350877
21,2466,-42,-15.1208791208791
21,2467,-43,-41.9059233449477
21,2468,-44,-15.1208791208791
21,2469,-19,-15.1208791208791
21,2470,3,-18.0497925311203
21,2471,17,-18.0497925311203
21,2472,32,78.5714285714286
21,2473,119,80.7456140350877
21,2474,85,178.115183246073
21,2475,147,-0.454545454545455
21,2476,86,18.6111111111111
21,2477,3,-120.054054054054
21,2478,-10,2.35977337110482
21,2479,8,2.35977337110482
21,2480,-25,2.35977337110482
21,2481,33,2.35977337110482
21,2482,13,116.481132075472
21,2483,-31,-41.6571428571429
21,2484,-115,-41.9059233449477
21,2485,-12,-41.9059233449477
21,2486,-110,-18.0497925311203
21,2487,-94,-41.9059233449477
21,2488,-49,-41.9059233449477
21,2489,-69,-41.9059233449477
21,2490,-17,-15.1208791208791
21,2491,-7,-18.0497925311203
21,2492,-11,-18.0497925311203
21,2493,1,2.35977337110482
21,2494,30,2.35977337110482
21,2495,107,80.7456140350877
21,2496,359,178.115183246073
21,2497,148,155.526041666667
21,2498,-335,-237.466666666667
21,2499,-169,-120.054054054054
21,2500,55,15.037037037037
21,2501,59,-20.8135593220339
21,2502,-13,-20.8135593220339
21,2503,11,2.35977337110482
21,2504,0,59.5833333333333
21,2505,168,116.481132075472
21,2506,373,268.830769230769
21,2507,31,-49.8333333333333
21,2508,-235,-154.37037037037
21,2509,-202,-125.849056603774
21,2510,-144,15.037037037037
21,2511,-86,15.037037037037
21,2512,-84,-41.9059233449477
21,2513,-52,-41.9059233449477
21,2514,-12,-15.1208791208791
21,2515,-10,-11.8235294117647
21,2516,6,2.35977337110482
21,2517,-8,2.35977337110482
21,2518,25,2.35977337110482
21,2519,107,80.7456140350877
21,2520,167,178.115183246073
21,2521,310,155.526041666667
21,2522,-328,-237.466666666667
21,2523,-160,-154.37037037037
21,2524,-60,-125.849056603774
21,2525,30,-100.625
21,2526,-36,13.2244897959184
21,2527,1,-41.9059233449477
21,2528,56,80.4
21,2529,123,98.92
21,2530,442,230.744186046512
21,2531,-28,-183.214285714286
21,2532,-162,-154.37037037037
21,2533,-105,-125.849056603774
21,2534,-112,-100.625
21,2535,-67,-41.9059233449477
21,2536,-118,-41.9059233449477
21,2537,-55,-41.9059233449477
21,2538,-6,-15.1208791208791
21,2539,-24,-11.8235294117647
21,2540,4,2.35977337110482
21,2541,2,-18.0497925311203
21,2542,30,2.35977337110482
21,2543,154,80.7456140350877
21,2544,311,178.115183246073
21,2545,208,-183.214285714286
21,2546,-361,-237.466666666667
21,2547,-154,-154.37037037037
21,2548,48,15.037037037037
21,2549,88,-20.8135593220339
21,2550,-79,-20.8135593220339
21,2551,65,-41.9059233449477
21,2552,-39,12.2727272727273
21,2553,111,-15.1208791208791
21,2554,465,230.744186046512
21,2555,-113,-49.8333333333333
21,2556,-73,-154.37037037037
21,2557,-223,-125.849056603774
21,2558,-52,-100.625
21,2559,-158,15.037037037037
21,2560,-85,-41.9059233449477
21,2561,-105,-15.1208791208791
21,2562,-27,-15.1208791208791
21,2563,-12,-11.8235294117647
21,2564,-4,-18.0497925311203
21,2565,1,2.35977337110482
21,2566,34,2.35977337110482
21,2567,141,80.7456140350877
21,2568,325,178.115183246073
21,2569,213,-183.214285714286
21,2570,-362,-237.466666666667
21,2571,-178,-154.37037037037
21,2572,49,-53.9090909090909
21,2573,37,-20.8135593220339
21,2574,19,13.2244897959184
21,2575,14,-41.6571428571429
21,2576,26,59.5833333333333
21,2577,114,116.481132075472
21,2578,429,230.744186046512
21,2579,-44,-183.214285714286
21,2580,-244,-154.37037037037
21,2581,-144,-125.849056603774
21,2582,-98,15.037037037037
21,2583,-95,-41.9059233449477
21,2584,-70,-41.9059233449477
21,2585,-78,-15.1208791208791
21,2586,-43,-15.1208791208791
21,2587,-36,-15.1208791208791
21,2588,-10,-15.1208791208791
21,2589,9,-18.0497925311203
21,2590,19,2.35977337110482
21,2591,118,80.7456140350877
21,2592,279,178.115183246073
21,2593,223,-49.8333333333333
21,2594,-287,-237.466666666667
21,2595,-150,-154.37037037037
21,2596,70,-53.9090909090909
21,2597,117,-20.8135593220339
21,2598,-10,-20.8135593220339
21,2599,-17,-102.818181818182
21,2600,1,59.5833333333333
21,2601,181,116.481132075472
21,2602,265,230.744186046512
21,2603,-130,-49.8333333333333
21,2604,-226,-154.37037037037
21,2605,-82,-125.849056603774
21,2606,-52,15.037037037037
21,2607,-12,-41.9059233449477
21,2608,-99,-18.0497925311203
21,2609,-85,-15.1208791208791
21,2610,-42,-15.1208791208791
21,2611,-28,-15.1208791208791
21,2612,-40,-18.0497925311203
21,2613,-19,-41.9059233449477
21,2614,15,-18.0497925311203
21,2615,24,80.7456140350877
21,2616,31,80.7456140350877
21,2617,126,80.7456140350877
21,2618,163,98.92
21,2619,68,-183.214285714286
21,2620,131,-120.054054054054
21,2621,37,-110.777777777778
21,2622,14,-102.818181818182
21,2623,-44,-41.6571428571429
21,2624,10,-41.9059233449477
21,2625,-41,-18.0497925311203
21,2626,51,-41.9059233449477
21,2627,-22,-20.8135593220339
21,2628,-110,2.35977337110482
21,2629,-109,-15.1208791208791
21,2630,-62,-41.9059233449477
21,2631,-10,-15.1208791208791
21,2632,-97,-18.0497925311203
21,2633,-35,-41.9059233449477
21,2634,-60,-15.1208791208791
21,2635,-14,-15.1208791208791
21,2636,-46,-18.0497925311203
21,2637,-10,-41.9059233449477
21,2638,-1,-18.0497925311203
21,2639,6,2.35977337110482
21,2640,25,2.35977337110482
21,2641,71,80.7456140350877
21,2642,155,155.526041666667
21,2643,162,178.115183246073
21,2644,110,-237.466666666667
21,2645,69,-237.466666666667
21,2646,-1,12.2727272727273
21,2647,-32,2.35977337110482
21,2648,-119,-41.9059233449477
21,2649,117,-41.9059233449477
21,2650,13,-20.8135593220339
21,2651,-80,-102.818181818182
21,2652,-123,-41.9059233449477
21,2653,-88,-41.9059233449477
21,2654,-56,-15.1208791208791
21,2655,-93,-41.9059233449477
21,2656,-45,-41.9059233449477
21,2657,-68,-15.1208791208791
21,2658,-26,-15.1208791208791
21,2659,-5,-18.0497925311203
21,2660,-5,-18.0497925311203
21,2661,5,2.35977337110482
21,2662,14,2.35977337110482
21,2663,14,80.7456140350877
21,2664,108,80.7456140350877
21,2665,329,155.526041666667
21,2666,-224,41.5
21,2667,-159,-154.37037037037
21,2668,30,-53.9090909090909
21,2669,47,13.2244897959184
21,2670,57,-20.8135593220339
21,2671,-6,12.2727272727273
21,2672,18,2.35977337110482
21,2673,95,116.481132075472
21,2674,391,175.885714285714
21,2675,-81,-20.8135593220339
21,2676,-179,-154.37037037037
21,2677,-101,-125.849056603774
21,2678,-89,-100.625
21,2679,-109,-41.9059233449477
21,2680,-90,-41.9059233449477
21,2681,-39,-15.1208791208791
21,2682,-21,-15.1208791208791
21,2683,1,-11.8235294117647
21,2684,-7,-18.0497925311203
21,2685,2,2.35977337110482
21,2686,27,2.35977337110482
21,2687,124,80.7456140350877
21,2688,319,178.115183246073
21,2689,193,-183.214285714286
21,2690,-345,-237.466666666667
21,2691,-148,-120.054054054054
21,2692,50,15.037037037037
21,2693,62,-20.8135593220339
21,2694,-20,-20.8135593220339
21,2695,-45,2.35977337110482
21,2696,32,-15.1208791208791
21,2697,75,116.481132075472
21,2698,477,230.744186046512
21,2699,-16,-110.777777777778
21,2700,-281,-154.37037037037
21,2701,-56,-125.849056603774
21,2702,-182,15.037037037037
21,2703,15,-41.9059233449477
21,2704,-166,13.2244897959184
21,2705,-72,-41.9059233449477
21,2706,-26,-15.1208791208791
21,2707,-21,59.5833333333333
21,2708,2,-18.0497925311203
21,2709,-1,-18.0497925311203
21,2710,32,2.35977337110482
21,2711,126,78.5714285714286
21,2712,299,213.6
21,2713,179,-183.214285714286
21,2714,-327,-237.466666666667
21,2715,-149,-120.054054054054
21,2716,21,15.037037037037
21,2717,-8,13.2244897959184
21,2718,31,2.35977337110482
21,2719,-21,-41.6571428571429
21,2720,-11,59.5833333333333
21,2721,156,116.481132075472
21,2722,356,230.744186046512
21,2723,-19,-49.8333333333333
21,2724,-133,-154.37037037037
21,2725,-132,-53.9090909090909
21,2726,-63,-100.625
21,2727,-87,-41.9059233449477
21,2728,-134,-41.9059233449477
21,2729,-54,-41.9059233449477
21,2730,-51,-15.1208791208791
21,2731,0,-15.1208791208791
21,2732,-7,-18.0497925311203
21,2733,1,2.35977337110482
21,2734,28,2.35977337110482
21,2735,110,80.7456140350877
21,2736,313,213.6
21,2737,127,178.115183246073
21,2738,-334,-237.466666666667
21,2739,-106,-102.818181818182
21,2740,11,15.037037037037
21,2741,54,13.2244897959184
21,2742,-43,-20.8135593220339
21,2743,4,-41.9059233449477
21,2744,18,59.5833333333333
21,2745,126,116.481132075472
21,2746,295,268.830769230769
21,2747,25,-49.8333333333333
21,2748,-141,-154.37037037037
21,2749,-63,-125.849056603774
21,2750,-125,-100.625
21,2751,-68,-41.9059233449477
21,2752,-97,-41.9059233449477
21,2753,-53,-41.9059233449477
21,2754,-62,-15.1208791208791
21,2755,-19,-15.1208791208791
21,2756,-5,-18.0497925311203
21,2757,3,-18.0497925311203
21,2758,28,2.35977337110482
21,2759,84,80.7456140350877
21,2760,237,178.115183246073
21,2761,254,178.115183246073
21,2762,-280,-237.466666666667
21,2763,-148,-154.37037037037
21,2764,51,-53.9090909090909
21,2765,18,-20.8135593220339
21,2766,46,13.2244897959184
21,2767,-37,12.2727272727273
21,2768,21,-15.1208791208791
21,2769,96,116.481132075472
21,2770,266,230.744186046512
21,2771,-141,-20.8135593220339
21,2772,-143,-154.37037037037
21,2773,-160,-125.849056603774
21,2774,15,-100.625
21,2775,-20,80.7456140350877
21,2776,-23,2.35977337110482
21,2777,-58,-18.0497925311203
21,2778,7,-15.1208791208791
21,2779,-30,80.4
21,2780,-51,2.35977337110482
21,2781,-23,-41.9059233449477
21,2782,-7,-18.0497925311203
21,2783,35,-18.0497925311203
21,2784,31,80.7456140350877
21,2785,89,80.7456140350877
21,2786,165,178.115183246073
21,2787,162,98.92
21,2788,22,-237.466666666667
21,2789,86,-120.054054054054
21,2790,-38,12.2727272727273
21,2791,45,-41.9059233449477
21,2792,-126,-41.6571428571429
21,2793,30,-41.9059233449477
21,2794,17,-41.6571428571429
21,2795,-49,59.5833333333333
21,2796,-56,-41.9059233449477
21,2797,-39,-41.9059233449477
21,2798,-64,-15.1208791208791
21,2799,-43,-41.9059233449477
21,2800,-54,-41.9059233449477
21,2801,-62,-15.1208791208791
21,2802,-36,-15.1208791208791
21,2803,-13,-41.9059233449477
21,2804,-54,-18.0497925311203
21,2805,-47,-15.1208791208791
21,2806,-5,-15.1208791208791
21,2807,17,-18.0497925311203
21,2808,46,80.7456140350877
21,2809,70,178.115183246073
21,2810,91,155.526041666667
21,2811,220,18.6111111111111
21,2812,54,18.6111111111111
21,2813,50,-154.37037037037
21,2814,29,12.2727272727273
21,2815,-34,13.2244897959184
21,2816,-64,-41.9059233449477
21,2817,-26,-41.9059233449477
21,2818,71,-18.0497925311203
21,2819,2,-20.8135593220339
21,2820,-111,80.4
21,2821,-91,-41.9059233449477
21,2822,-79,-15.1208791208791
21,2823,-75,-41.9059233449477
21,2824,-91,-41.9059233449477
21,2825,-19,-41.9059233449477
21,2826,-37,-18.0497925311203
21,2827,-17,-15.1208791208791
21,2828,-9,-18.0497925311203
21,2829,-1,-18.0497925311203
21,2830,39,2.35977337110482
21,2831,115,80.7456140350877
21,2832,327,155.526041666667
21,2833,123,-183.214285714286
21,2834,-340,-237.466666666667
21,2835,-84,-0.454545454545455
21,2836,-3,15.037037037037
21,2837,89,-18.0497925311203
21,2838,-10,-20.8135593220339
21,2839,-9,2.35977337110482
21,2840,-18,59.5833333333333
21,2841,181,59.5833333333333
21,2842,419,268.830769230769
21,2843,-42,-49.8333333333333
21,2844,-209,-154.37037037037
21,2845,-107,-125.849056603774
21,2846,-144,15.037037037037
21,2847,-144,-41.9059233449477
21,2848,-84,-41.9059233449477
21,2849,-66,-15.1208791208791
21,2850,-7,-15.1208791208791
21,2851,-21,-11.8235294117647
21,2852,0,2.35977337110482
21,2853,1,-18.0497925311203
21,2854,29,2.35977337110482
21,2855,149,80.7456140350877
21,2856,364,178.115183246073
21,2857,104,-183.214285714286
21,2858,-328,-237.466666666667
21,2859,-138,-53.9090909090909
21,2860,45,15.037037037037
21,2861,73,13.2244897959184
21,2862,-2,-20.8135593220339
21,2863,-39,2.35977337110482
21,2864,50,-15.1208791208791
21,2865,99,98.92
21,2866,484,268.830769230769
21,2867,-76,-110.777777777778
21,2868,-212,-154.37037037037
21,2869,-107,-125.849056603774
21,2870,-177,15.037037037037
21,2871,-83,-41.9059233449477
21,2872,-114,-41.9059233449477
21,2873,-77,-15.1208791208791
21,2874,-31,-15.1208791208791
21,2875,-9,-15.1208791208791
21,2876,-6,-18.0497925311203
21,2877,3,2.35977337110482
21,2878,25,2.35977337110482
21,2879,164,80.7456140350877
21,2880,327,178.115183246073
21,2881,160,-183.214285714286
21,2882,-405,-237.466666666667
21,2883,-110,-120.054054054054
21,2884,37,15.037037037037
21,2885,113,13.2244897959184
21,2886,-1,-20.8135593220339
21,2887,-51,-102.818181818182
21,2888,-21,-15.1208791208791
21,2889,143,116.481132075472
21,2890,451,268.830769230769
21,2891,-39,-49.8333333333333
21,2892,-161,-154.37037037037
21,2893,-198,-125.849056603774
21,2894,-78,-100.625
21,2895,-70,15.037037037037
21,2896,-138,-41.9059233449477
21,2897,-105,-41.9059233449477
21,2898,-29,-15.1208791208791
21,2899,-12,-11.8235294117647
21,2900,-6,-18.0497925311203
21,2901,4,2.35977337110482
21,2902,36,2.35977337110482
21,2903,146,80.7456140350877
21,2904,315,213.6
21,2905,109,-183.214285714286
21,2906,-266,-237.466666666667
21,2907,-167,-53.9090909090909
21,2908,27,15.037037037037
21,2909,65,13.2244897959184
21,2910,-40,-20.8135593220339
21,2911,18,-41.9059233449477
21,2912,-35,59.5833333333333
21,2913,168,-15.1208791208791
21,2914,318,268.830769230769
21,2915,-8,-49.8333333333333
21,2916,-126,-154.37037037037
21,2917,-101,-125.849056603774
21,2918,-72,-100.625
21,2919,-124,-41.9059233449477
21,2920,-103,-41.9059233449477
21,2921,-57,-41.9059233449477
21,2922,-72,-15.1208791208791
21,2923,-24,-15.1208791208791
21,2924,-10,-18.0497925311203
21,2925,2,-18.0497925311203
21,2926,35,2.35977337110482
21,2927,118,80.7456140350877
21,2928,217,178.115183246073
21,2929,244,-183.214285714286
21,2930,-324,-237.466666666667
21,2931,-129,-154.37037037037
21,2932,17,-53.9090909090909
21,2933,38,13.2244897959184
21,2934,13,13.2244897959184
21,2935,-6,-41.6571428571429
21,2936,-3,59.5833333333333
21,2937,121,116.481132075472
21,2938,188,230.744186046512
21,2939,-75,-49.8333333333333
21,2940,-101,-120.054054054054
21,2941,-55,-87.4
21,2942,-72,-41.9059233449477
21,2943,-73,-41.9059233449477
21,2944,-115,-41.9059233449477
21,2945,21,-15.1208791208791
21,2946,-11,80.4
21,2947,3,-11.8235294117647
21,2948,-38,2.35977337110482
21,2949,-5,-15.1208791208791
21,2950,-8,-18.0497925311203
21,2951,32,2.35977337110482
21,2952,50,80.7456140350877
21,2953,102,155.526041666667
21,2954,81,-110.777777777778
21,2955,129,18.6111111111111
21,2956,48,-110.777777777778
21,2957,19,-102.818181818182
21,2958,-43,80.7456140350877
21,2959,-19,-41.9059233449477
21,2960,-5,-18.0497925311203
21,2961,-31,-18.0497925311203
21,2962,-11,-41.9059233449477
21,2963,-23,-18.0497925311203
21,2964,35,59.5833333333333
21,2965,-82,78.5714285714286
21,2966,-79,-41.9059233449477
21,2967,-41,-41.9059233449477
21,2968,-20,-41.9059233449477
21,2969,-3,-18.0497925311203
21,2970,-56,-18.0497925311203
21,2971,-3,-15.1208791208791
21,2972,-57,-18.0497925311203
21,2973,-29,-15.1208791208791
21,2974,6,-18.0497925311203
21,2975,17,-18.0497925311203
21,2976,23,80.7456140350877
21,2977,92,78.5714285714286
21,2978,77,160.25
21,2979,147,98.92
21,2980,11,18.6111111111111
21,2981,56,-120.054054054054
21,2982,-13,12.2727272727273
21,2983,24,2.35977337110482
21,2984,-99,-41.6571428571429
21,2985,-32,-41.9059233449477
21,2986,100,-41.9059233449477
21,2987,-43,-20.8135593220339
21,2988,12,-41.9059233449477
21,2989,-50,-41.6571428571429
21,2990,-74,-15.1208791208791
21,2991,-107,-41.9059233449477
21,2992,-41,-41.9059233449477
21,2993,-67,-15.1208791208791
21,2994,-26,-41.9059233449477
21,2995,-2,-18.0497925311203
21,2996,-10,-18.0497925311203
21,2997,7,2.35977337110482
21,2998,28,2.35977337110482
21,2999,96,80.7456140350877
21,3000,262,178.115183246073
21,3001,170,98.92
21,3002,-273,-237.466666666667
21,3003,-121,-120.054054054054
21,3004,27,15.037037037037
21,3005,56,13.2244897959184
21,3006,-21,-20.8135593220339
21,3007,-6,2.35977337110482
21,3008,4,-18.0497925311203
21,3009,131,116.481132075472
21,3010,382,230.744186046512
21,3011,-17,-49.8333333333333
21,3012,-149,-154.37037037037
21,3013,-186,-125.849056603774
21,3014,-137,-100.625
21,3015,-70,-41.9059233449477
21,3016,-86,-41.9059233449477
21,3017,-49,-41.9059233449477
21,3018,-39,-15.1208791208791
21,3019,-4,-15.1208791208791
21,3020,-8,-18.0497925311203
21,3021,4,2.35977337110482
21,3022,29,2.35977337110482
21,3023,119,80.7456140350877
21,3024,329,178.115183246073
21,3025,163,-183.214285714286
21,3026,-374,-237.466666666667
21,3027,-63,-120.054054054054
21,3028,8,15.037037037037
21,3029,55,-18.0497925311203
21,3030,11,-20.8135593220339
21,3031,27,-41.6571428571429
21,3032,91,59.5833333333333
21,3033,126,98.92
21,3034,195,268.830769230769
21,3035,-95,-237.466666666667
21,3036,-130,-120.054054054054
21,3037,-121,-87.4
21,3038,-180,-41.9059233449477
21,3039,-19,-41.9059233449477
21,3040,-6,-18.0497925311203
21,3041,-12,-18.0497925311203
21,3042,-36,-11.8235294117647
21,3043,-30,-15.1208791208791
21,3044,-61,-18.0497925311203
21,3045,-16,-41.9059233449477
21,3046,3,-18.0497925311203
21,3047,13,-18.0497925311203
21,3048,40,13.2244897959184
21,3049,81,80.7456140350877
21,3050,140,178.115183246073
21,3051,154,98.92
21,3052,38,-237.466666666667
21,3053,9,-120.054054054054
21,3054,5,2.35977337110482
21,3055,48,2.35977337110482
21,3056,-93,-20.8135593220339
21,3057,-65,-41.9059233449477
21,3058,25,-41.9059233449477
21,3059,16,116.481132075472
21,3060,2,80.4
21,3061,119,2.35977337110482
21,3062,33,41.5
21,3063,-82,-102.818181818182
21,3064,-319,-41.9059233449477
21,3065,-95,-41.9059233449477
21,3066,-58,15.037037037037
21,3067,-12,-41.9059233449477
21,3068,-11,-18.0497925311203
21,3069,0,2.35977337110482
21,3070,22,80.4
21,3071,104,80.7456140350877
21,3072,210,268.830769230769
21,3073,207,178.115183246073
21,3074,-257,-237.466666666667
21,3075,-107,-154.37037037037
21,3076,58,15.037037037037
21,3077,32,-20.8135593220339
21,3078,34,13.2244897959184
21,3079,-69,-41.6571428571429
21,3080,13,-15.1208791208791
21,3081,179,116.481132075472
21,3082,256,230.744186046512
21,3083,-82,-49.8333333333333
21,3084,-104,-154.37037037037
21,3085,-182,-125.849056603774
21,3086,2,-41.9059233449477
21,3087,-98,-18.0497925311203
21,3088,-94,-41.9059233449477
21,3089,-29,-15.1208791208791
21,3090,-73,59.5833333333333
21,3091,-12,-15.1208791208791
21,3092,-10,-18.0497925311203
21,3093,-1,2.35977337110482
21,3094,29,2.35977337110482
21,3095,96,80.7456140350877
21,3096,222,178.115183246073
21,3097,232,178.115183246073
21,3098,-281,-237.466666666667
21,3099,-94,-154.37037037037
21,3100,23,-53.9090909090909
21,3101,98,13.2244897959184
21,3102,-38,-20.8135593220339
21,3103,-18,-41.9059233449477
21,3104,10,-18.0497925311203
21,3105,84,116.481132075472
21,3106,207,230.744186046512
21,3107,-16,-20.8135593220339
21,3108,-142,-154.37037037037
21,3109,-82,-87.4
21,3110,-36,-41.9059233449477
21,3111,-12,-41.9059233449477
21,3112,-124,-18.0497925311203
21,3113,-14,-41.9059233449477
21,3114,-79,-18.0497925311203
21,3115,-13,-15.1208791208791
21,3116,-27,-18.0497925311203
21,3117,-15,2.35977337110482
21,3118,-2,-18.0497925311203
21,3119,17,2.35977337110482
21,3120,40,80.7456140350877
21,3121,81,80.7456140350877
21,3122,104,155.526041666667
21,3123,69,98.92
21,3124,42,18.6111111111111
21,3125,-25,80.7456140350877
21,3126,18,2.35977337110482
21,3127,-52,13.2244897959184
21,3128,-2,-41.9059233449477
21,3129,-12,-18.0497925311203
21,3130,-15,2.35977337110482
21,3131,-2,2.35977337110482
21,3132,10,2.35977337110482
21,3133,-11,2.35977337110482
21,3134,-75,2.35977337110482
21,3135,19,-41.9059233449477
21,3136,-72,13.2244897959184
21,3137,-1,-41.9059233449477
21,3138,-23,-18.0497925311203
21,3139,-54,2.35977337110482
21,3140,-35,-15.1208791208791
21,3141,-22,-41.9059233449477
21,3142,-7,-18.0497925311203
21,3143,15,-18.0497925311203
21,3144,31,80.7456140350877
21,3145,78,13.2244897959184
21,3146,112,178.115183246073
21,3147,77,98.92
21,3148,70,-0.454545454545455
21,3149,-13,18.6111111111111
21,3150,-39,2.35977337110482
21,3151,-25,-41.9059233449477
21,3152,-14,-18.0497925311203
21,3153,-7,-18.0497925311203
21,3154,-21,2.35977337110482
21,3155,-17,-11.8235294117647
21,3156,-3,-18.0497925311203
21,3157,35,-18.0497925311203
21,3158,-78,80.7456140350877
21,3159,-85,-41.9059233449477
21,3160,1,-41.9059233449477
21,3161,-84,-18.0497925311203
21,3162,-21,-41.9059233449477
21,3163,-13,-18.0497925311203
21,3164,0,-18.0497925311203
21,3165,-3,2.35977337110482
21,3166,26,2.35977337110482
21,3167,64,80.7456140350877
21,3168,138,178.115183246073
21,3169,225,155.526041666667
21,3170,-92,-237.466666666667
21,3171,-188,-154.37037037037
21,3172,41,-53.9090909090909
21,3173,50,13.2244897959184
21,3174,-11,-20.8135593220339
21,3175,-13,2.35977337110482
21,3176,38,2.35977337110482
21,3177,133,116.481132075472
21,3178,436,81.2142857142857
21,3179,23,-183.214285714286
21,3180,-241,-154.37037037037
21,3181,-184,-125.849056603774
21,3182,-116,15.037037037037
21,3183,-107,-41.9059233449477
21,3184,-93,-41.9059233449477
21,3185,-62,-41.9059233449477
21,3186,-54,-15.1208791208791
21,3187,1,-15.1208791208791
21,3188,-13,-18.0497925311203
21,3189,1,2.35977337110482
21,3190,38,2.35977337110482
21,3191,145,80.7456140350877
21,3192,333,178.115183246073
21,3193,129,-183.214285714286
21,3194,-318,-237.466666666667
21,3195,-141,-102.818181818182
21,3196,59,15.037037037037
21,3197,23,-20.8135593220339
21,3198,8,13.2244897959184
21,3199,-38,2.35977337110482
21,3200,23,-15.1208791208791
21,3201,170,116.481132075472
21,3202,437,268.830769230769
21,3203,-53,-183.214285714286
21,3204,-405,-154.37037037037
21,3205,-330,-125.849056603774
21,3206,6,15.037037037037
21,3207,49,-18.0497925311203
21,3208,-36,-20.8135593220339
21,3209,-59,-15.1208791208791
21,3210,-30,-15.1208791208791
21,3211,-9,116.481132075472
21,3212,0,-18.0497925311203
21,3213,2,2.35977337110482
21,3214,34,2.35977337110482
21,3215,144,78.5714285714286
21,3216,312,178.115183246073
21,3217,177,-183.214285714286
21,3218,-346,-237.466666666667
21,3219,-133,-120.054054054054
21,3220,34,15.037037037037
21,3221,63,13.2244897959184
21,3222,-19,-20.8135593220339
21,3223,-32,2.35977337110482
21,3224,35,-15.1208791208791
21,3225,135,116.481132075472
21,3226,419,230.744186046512
21,3227,-16,-183.214285714286
21,3228,-181,-154.37037037037
21,3229,-150,-125.849056603774
21,3230,-92,-100.625
21,3231,-147,-41.9059233449477
21,3232,-92,-41.9059233449477
21,3233,-96,-41.9059233449477
21,3234,-35,-15.1208791208791
21,3235,-12,-15.1208791208791
21,3236,1,-18.0497925311203
21,3237,-5,2.35977337110482
21,3238,39,2.35977337110482
21,3239,134,80.7456140350877
21,3240,334,178.115183246073
21,3241,190,-183.214285714286
21,3242,-375,-237.466666666667
21,3243,-113,-120.054054054054
21,3244,1,15.037037037037
21,3245,77,-18.0497925311203
21,3246,-15,-20.8135593220339
21,3247,-68,2.35977337110482
21,3248,62,-15.1208791208791
21,3249,168,98.92
21,3250,356,230.744186046512
21,3251,30,-237.466666666667
21,3252,-196,-154.37037037037
21,3253,-115,-125.849056603774
21,3254,-141,15.037037037037
21,3255,-55,-41.9059233449477
21,3256,-107,-41.9059233449477
21,3257,-116,-41.9059233449477
21,3258,-36,-15.1208791208791
21,3259,-42,-15.1208791208791
21,3260,-8,-15.1208791208791
21,3261,2,-18.0497925311203
21,3262,23,2.35977337110482
21,3263,93,80.7456140350877
21,3264,253,178.115183246073
21,3265,333,178.115183246073
21,3266,-299,-237.466666666667
21,3267,-146,-154.37037037037
21,3268,20,-53.9090909090909
21,3269,91,13.2244897959184
21,3270,-5,-20.8135593220339
21,3271,-5,2.35977337110482
21,3272,-16,2.35977337110482
21,3273,139,116.481132075472
21,3274,343,230.744186046512
21,3275,-204,-49.8333333333333
21,3276,-143,-154.37037037037
21,3277,-99,-125.849056603774
21,3278,-90,-100.625
21,3279,-36,-41.9059233449477
21,3280,-51,-41.9059233449477
21,3281,-21,-15.1208791208791
21,3282,-73,-11.8235294117647
21,3283,-17,-15.1208791208791
21,3284,-61,-18.0497925311203
21,3285,-31,-41.9059233449477
21,3286,-4,-15.1208791208791
21,3287,30,-18.0497925311203
21,3288,13,80.7456140350877
21,3289,103,80.7456140350877
21,3290,131,155.526041666667
21,3291,119,98.92
21,3292,38,-237.466666666667
21,3293,60,-0.454545454545455
21,3294,92,12.2727272727273
21,3295,41,-110.777777777778
21,3296,-72,-41.6571428571429
21,3297,6,-41.9059233449477
21,3298,-108,-18.0497925311203
21,3299,-107,-41.9059233449477
21,3300,80,-41.9059233449477
21,3301,-75,-20.8135593220339
21,3302,-87,-15.1208791208791
21,3303,-44,-41.9059233449477
21,3304,-14,-15.1208791208791
21,3305,-24,-18.0497925311203
21,3306,-19,2.35977337110482
21,3307,-53,-18.0497925311203
21,3308,-58,-15.1208791208791
21,3309,-38,-15.1208791208791
21,3310,-10,-41.9059233449477
21,3311,6,-18.0497925311203
21,3312,32,2.35977337110482
21,3313,86,80.7456140350877
21,3314,88,178.115183246073
21,3315,161,178.115183246073
21,3316,69,18.6111111111111
21,3317,38,-120.054054054054
21,3318,-9,80.7456140350877
21,3319,-4,2.35977337110482
21,3320,13,2.35977337110482
21,3321,6,-41.6571428571429
21,3322,-59,2.35977337110482
21,3323,-124,-41.9059233449477
21,3324,0,-41.9059233449477
21,3325,-18,-18.0497925311203
21,3326,-71,2.35977337110482
21,3327,-93,-41.9059233449477
21,3328,-39,-15.1208791208791
21,3329,-48,-15.1208791208791
21,3330,-32,-41.9059233449477
21,3331,4,-41.9059233449477
21,3332,-9,-18.0497925311203
21,3333,6,2.35977337110482
21,3334,38,2.35977337110482
21,3335,90,80.7456140350877
21,3336,343,178.115183246073
21,3337,184,178.115183246073
21,3338,-319,-237.466666666667
21,3339,-162,-120.054054054054
21,3340,-4,15.037037037037
21,3341,55,-18.0497925311203
21,3342,2,-20.8135593220339
21,3343,-27,2.35977337110482
21,3344,25,2.35977337110482
21,3345,149,59.5833333333333
21,3346,369,230.744186046512
21,3347,39,-183.214285714286
21,3348,-199,-154.37037037037
21,3349,-141,-125.849056603774
21,3350,-126,15.037037037037
21,3351,-44,-41.9059233449477
21,3352,-118,-41.9059233449477
21,3353,-113,-41.9059233449477
21,3354,-28,-15.1208791208791
21,3355,-18,-11.8235294117647
21,3356,-4,-18.0497925311203
21,3357,4,-18.0497925311203
21,3358,31,2.35977337110482
21,3359,175,80.7456140350877
21,3360,313,178.115183246073
21,3361,135,-183.214285714286
21,3362,-341,-237.466666666667
21,3363,-161,-0.454545454545455
21,3364,47,15.037037037037
21,3365,48,-20.8135593220339
21,3366,-33,-20.8135593220339
21,3367,-7,-41.9059233449477
21,3368,30,59.5833333333333
21,3369,137,116.481132075472
21,3370,389,268.830769230769
21,3371,2,-183.214285714286
21,3372,-225,-154.37037037037
21,3373,-120,-125.849056603774
21,3374,-94,15.037037037037
21,3375,-89,-41.9059233449477
21,3376,-83,-41.9059233449477
21,3377,-108,-41.9059233449477
21,3378,-37,-15.1208791208791
21,3379,-8,-15.1208791208791
21,3380,-4,-18.0497925311203
21,3381,2,2.35977337110482
21,3382,40,2.35977337110482
21,3383,116,80.7456140350877
21,3384,333,178.115183246073
21,3385,184,-183.214285714286
21,3386,-382,-237.466666666667
21,3387,-159,-120.054054054054
21,3388,45,15.037037037037
21,3389,19,13.2244897959184
21,3390,1,13.2244897959184
21,3391,-33,2.35977337110482
21,3392,24,-15.1208791208791
21,3393,30,116.481132075472
21,3394,146,116.481132075472
21,3395,273,-20.8135593220339
21,3396,-127,-183.214285714286
21,3397,-150,-154.37037037037
21,3398,-47,-53.9090909090909
21,3399,-31,-100.625
21,3400,-157,-41.9059233449477
21,3401,-65,-41.9059233449477
21,3402,-41,-15.1208791208791
21,3403,-18,-15.1208791208791
21,3404,-2,-11.8235294117647
21,3405,3,-18.0497925311203
21,3406,32,2.35977337110482
21,3407,112,80.7456140350877
21,3408,321,213.6
21,3409,184,-183.214285714286
21,3410,-339,-237.466666666667
21,3411,-120,-120.054054054054
21,3412,18,15.037037037037
21,3413,58,13.2244897959184
21,3414,-20,-20.8135593220339
21,3415,-57,2.35977337110482
21,3416,95,-15.1208791208791
21,3417,66,98.92
21,3418,413,230.744186046512
21,3419,6,-110.777777777778
21,3420,-244,-154.37037037037
21,3421,-28,-125.849056603774
21,3422,-173,-18.0497925311203
21,3423,-264,-41.9059233449477
21,3424,-3,-41.9059233449477
21,3425,-31,-18.0497925311203
21,3426,-23,-15.1208791208791
21,3427,8,-11.8235294117647
21,3428,17,-18.0497925311203
21,3429,-27,80.7456140350877
21,3430,33,2.35977337110482
21,3431,84,80.7456140350877
21,3432,234,98.92
21,3433,331,81.2142857142857
21,3434,-318,-237.466666666667
21,3435,-140,-154.37037037037
21,3436,-21,-125.849056603774
21,3437,62,-18.0497925311203
21,3438,-118,-20.8135593220339
21,3439,73,-41.9059233449477
21,3440,-13,12.2727272727273
21,3441,220,59.5833333333333
21,3442,279,230.744186046512
21,3443,-93,-49.8333333333333
21,3444,-220,-154.37037037037
21,3445,-151,-125.849056603774
21,3446,-129,15.037037037037
21,3447,13,-41.9059233449477
21,3448,31,80.7456140350877
21,3449,-63,13.2244897959184
21,3450,-31,-15.1208791208791
21,3451,-12,-15.1208791208791
21,3452,-35,-18.0497925311203
21,3453,-9,-41.9059233449477
21,3454,1,-18.0497925311203
21,3455,-2,2.35977337110482
21,3456,22,2.35977337110482
21,3457,75,80.7456140350877
21,3458,95,155.526041666667
21,3459,61,178.115183246073
21,3460,37,18.6111111111111
21,3461,152,80.7456140350877
21,3462,-103,-110.777777777778
21,3463,-11,-120.054054054054
21,3464,37,-18.0497925311203
21,3465,-54,-41.6571428571429
21,3466,-85,-41.9059233449477
21,3467,-64,-41.9059233449477
21,3468,61,-15.1208791208791
21,3469,-24,81.2142857142857
21,3470,-51,-11.8235294117647
21,3471,17,-15.1208791208791
21,3472,-31,78.5714285714286
21,3473,-36,-15.1208791208791
21,3474,17,-41.9059233449477
21,3475,-8,80.7456140350877
21,3476,-79,2.35977337110482
21,3477,-27,-41.9059233449477
21,3478,-10,-18.0497925311203
21,3479,13,-18.0497925311203
21,3480,19,80.7456140350877
21,3481,115,80.7456140350877
21,3482,105,155.526041666667
21,3483,121,-49.8333333333333
21,3484,126,18.6111111111111
21,3485,-1,-237.466666666667
21,3486,122,-102.818181818182
21,3487,-10,-110.777777777778
21,3488,8,-102.818181818182
21,3489,4,2.35977337110482
21,3490,-72,116.481132075472
21,3491,-41,-41.9059233449477
21,3492,7,-41.9059233449477
21,3493,-144,116.481132075472
21,3494,-33,-41.9059233449477
21,3495,-154,-41.9059233449477
21,3496,-68,-15.1208791208791
21,3497,-76,-15.1208791208791
21,3498,-20,-41.9059233449477
21,3499,-10,-18.0497925311203
21,3500,-15,-18.0497925311203
21,3501,6,2.35977337110482
21,3502,43,2.35977337110482
21,3503,106,80.7456140350877
21,3504,264,178.115183246073
21,3505,317,155.526041666667
21,3506,-393,-237.466666666667
21,3507,-145,-154.37037037037
21,3508,-2,-53.9090909090909
21,3509,116,-18.0497925311203
21,3510,-74,-20.8135593220339
21,3511,31,-102.818181818182
21,3512,10,59.5833333333333
21,3513,176,116.481132075472
21,3514,390,230.744186046512
21,3515,-106,-49.8333333333333
21,3516,-159,-154.37037037037
21,3517,-179,-125.849056603774
21,3518,-107,-100.625
21,3519,-87,-41.9059233449477
21,3520,-95,-41.9059233449477
21,3521,-50,-15.1208791208791
21,3522,-47,-15.1208791208791
21,3523,-1,-15.1208791208791
21,3524,-10,-18.0497925311203
21,3525,0,2.35977337110482
21,3526,44,2.35977337110482
21,3527,140,80.7456140350877
21,3528,326,178.115183246073
21,3529,227,-183.214285714286
21,3530,-404,-237.466666666667
21,3531,-121,-154.37037037037
21,3532,-17,-53.9090909090909
21,3533,28,-18.0497925311203
21,3534,44,13.2244897959184
21,3535,-29,-41.6571428571429
21,3536,41,59.5833333333333
21,3537,170,59.5833333333333
21,3538,414,230.744186046512
21,3539,8,-183.214285714286
21,3540,-245,-154.37037037037
21,3541,-109,-125.849056603774
21,3542,-145,15.037037037037
21,3543,-109,-41.9059233449477
21,3544,-77,-41.9059233449477
21,3545,-126,-41.9059233449477
21,3546,-38,-15.1208791208791
21,3547,-16,-15.1208791208791
21,3548,0,-18.0497925311203
21,3549,-8,-18.0497925311203
21,3550,55,2.35977337110482
21,3551,131,178.115183246073
21,3552,317,178.115183246073
21,3553,281,-183.214285714286
21,3554,-446,-237.466666666667
21,3555,-111,-154.37037037037
21,3556,50,-53.9090909090909
21,3557,29,-20.8135593220339
21,3558,2,13.2244897959184
21,3559,-65,2.35977337110482
21,3560,70,-15.1208791208791
21,3561,167,98.92
21,3562,429,230.744186046512
21,3563,-22,-237.466666666667
21,3564,-193,-154.37037037037
21,3565,-131,-125.849056603774
21,3566,-170,15.037037037037
21,3567,-119,-41.9059233449477
21,3568,-39,-41.9059233449477
21,3569,-147,-41.9059233449477
21,3570,-63,-15.1208791208791
21,3571,-8,-15.1208791208791
21,3572,-13,-18.0497925311203
21,3573,-4,2.35977337110482
21,3574,38,2.35977337110482
21,3575,139,80.7456140350877
21,3576,314,178.115183246073
21,3577,234,-183.214285714286
21,3578,-385,-237.466666666667
21,3579,-122,-154.37037037037
21,3580,-10,-53.9090909090909
21,3581,67,-18.0497925311203
21,3582,-37,-20.8135593220339
21,3583,-29,-41.9059233449477
21,3584,25,59.5833333333333
21,3585,136,59.5833333333333
21,3586,364,230.744186046512
21,3587,-50,-183.214285714286
21,3588,-74,-154.37037037037
21,3589,-168,-125.849056603774
21,3590,-175,-100.625
21,3591,-37,-41.9059233449477
21,3592,-89,-41.9059233449477
21,3593,-48,-15.1208791208791
21,3594,-43,-15.1208791208791
21,3595,-28,-15.1208791208791
21,3596,-14,-18.0497925311203
21,3597,-4,-18.0497925311203
21,3598,29,2.35977337110482
21,3599,102,80.7456140350877
21,3600,271,178.115183246073
21,3601,266,178.115183246073
21,3602,-313,-237.466666666667
21,3603,-132,-154.37037037037
21,3604,20,-53.9090909090909
21,3605,48,13.2244897959184
21,3606,15,-20.8135593220339
21,3607,12,-41.6571428571429
21,3608,-3,-41.6571428571429
21,3609,176,116.481132075472
21,3610,200,230.744186046512
21,3611,-77,-49.8333333333333
21,3612,-106,-154.37037037037
21,3613,-162,-87.4
21,3614,-94,-41.9059233449477
21,3615,-61,-41.9059233449477
21,3616,-10,-41.9059233449477
21,3617,2,-18.0497925311203
21,3618,-111,80.4
21,3619,10,-15.1208791208791
21,3620,-47,-18.0497925311203
21,3621,-32,-15.1208791208791
21,3622,3,-41.9059233449477
21,3623,36,-18.0497925311203
21,3624,26,80.7456140350877
21,3625,87,78.5714285714286
21,3626,174,12.2727272727273
21,3627,58,98.92
21,3628,62,-120.054054054054
21,3629,30,12.2727272727273
21,3630,11,13.2244897959184
21,3631,-4,13.2244897959184
21,3632,3,2.35977337110482
21,3633,-10,2.35977337110482
21,3634,-8,2.35977337110482
21,3635,2,116.481132075472
21,3636,-143,2.35977337110482
21,3637,-105,-41.9059233449477
21,3638,67,-41.9059233449477
21,3639,-24,73.8461538461538
21,3640,-68,2.35977337110482
21,3641,-20,-41.9059233449477
21,3642,-30,-18.0497925311203
21,3643,-46,-18.0497925311203
21,3644,-57,-41.9059233449477
21,3645,-42,-41.9059233449477
21,3646,4,-15.1208791208791
21,3647,1,-18.0497925311203
21,3648,22,2.35977337110482
21,3649,87,80.7456140350877
21,3650,99,178.115183246073
21,3651,155,178.115183246073
21,3652,128,18.6111111111111
21,3653,2,-237.466666666667
21,3654,-28,-102.818181818182
21,3655,39,2.35977337110482
21,3656,-21,13.2244897959184
21,3657,20,2.35977337110482
21,3658,10,-41.6571428571429
21,3659,-112,2.35977337110482
21,3660,24,-41.9059233449477
21,3661,-140,59.5833333333333
21,3662,-32,-41.9059233449477
21,3663,-123,-41.9059233449477
21,3664,-48,-41.9059233449477
21,3665,-42,-15.1208791208791
21,3666,-39,-41.9059233449477
21,3667,-11,-15.1208791208791
21,3668,-5,-18.0497925311203
21,3669,2,2.35977337110482
21,3670,42,2.35977337110482
21,3671,114,80.7456140350877
21,3672,308,178.115183246073
21,3673,282,-183.214285714286
21,3674,-458,-237.466666666667
21,3675,-104,-154.37037037037
21,3676,26,-53.9090909090909
21,3677,63,13.2244897959184
21,3678,-52,-20.8135593220339
21,3679,28,-41.9059233449477
21,3680,-18,59.5833333333333
21,3681,189,116.481132075472
21,3682,402,230.744186046512
21,3683,-15,-49.8333333333333
21,3684,-147,-154.37037037037
21,3685,-203,-125.849056603774
21,3686,-140,-100.625
21,3687,-92,15.037037037037
21,3688,-80,-41.9059233449477
21,3689,-112,-41.9059233449477
21,3690,-17,-15.1208791208791
21,3691,-13,-11.8235294117647
21,3692,-2,-18.0497925311203
21,3693,0,2.35977337110482
21,3694,39,2.35977337110482
21,3695,149,80.7456140350877
21,3696,319,178.115183246073
21,3697,247,-183.214285714286
21,3698,-427,-237.466666666667
21,3699,-106,-154.37037037037
21,3700,-3,-53.9090909090909
21,3701,24,-18.0497925311203
21,3702,40,13.2244897959184
21,3703,-28,-41.6571428571429
21,3704,-116,59.5833333333333
21,3705,258,-15.1208791208791
21,3706,418,230.744186046512
21,3707,37,-49.8333333333333
21,3708,-243,-154.37037037037
21,3709,-162,-125.849056603774
21,3710,-100,15.037037037037
21,3711,-95,-41.9059233449477
21,3712,-110,-41.9059233449477
21,3713,-100,-41.9059233449477
21,3714,-14,-15.1208791208791
21,3715,-20,-11.8235294117647
21,3716,-6,2.35977337110482
21,3717,-3,-18.0497925311203
21,3718,45,2.35977337110482
21,3719,136,80.7456140350877
21,3720,302,178.115183246073
21,3721,194,-183.214285714286
21,3722,-331,-237.466666666667
21,3723,-114,-120.054054054054
21,3724,-2,15.037037037037
21,3725,50,-18.0497925311203
21,3726,-4,-20.8135593220339
21,3727,-17,2.35977337110482
21,3728,32,59.5833333333333
21,3729,184,116.481132075472
21,3730,358,230.744186046512
21,3731,54,-183.214285714286
21,3732,-239,-154.37037037037
21,3733,-139,-125.849056603774
21,3734,-193,15.037037037037
21,3735,-32,-41.9059233449477
21,3736,-136,15.037037037037
21,3737,-89,-41.9059233449477
21,3738,-21,-15.1208791208791
21,3739,-31,-11.8235294117647
21,3740,-5,-15.1208791208791
21,3741,3,-18.0497925311203
21,3742,32,2.35977337110482
21,3743,142,80.7456140350877
21,3744,290,213.6
21,3745,266,-183.214285714286
21,3746,-396,-237.466666666667
21,3747,-162,-154.37037037037
21,3748,45,-53.9090909090909
21,3749,60,13.2244897959184
21,3750,24,-20.8135593220339
21,3751,-85,-41.6571428571429
21,3752,45,-15.1208791208791
21,3753,136,116.481132075472
21,3754,459,230.744186046512
21,3755,-98,-183.214285714286
21,3756,-160,-154.37037037037
21,3757,-180,-125.849056603774
21,3758,-85,-100.625
21,3759,-80,-41.9059233449477
21,3760,-85,-41.9059233449477
21,3761,-106,-15.1208791208791
21,3762,-28,-15.1208791208791
21,3763,-29,-11.8235294117647
21,3764,-8,-18.0497925311203
21,3765,6,-18.0497925311203
21,3766,25,2.35977337110482
21,3767,126,80.7456140350877
21,3768,258,178.115183246073
21,3769,247,-183.214285714286
21,3770,-272,-237.466666666667
21,3771,-147,-154.37037037037
21,3772,14,-53.9090909090909
21,3773,75,13.2244897959184
21,3774,7,-20.8135593220339
21,3775,-14,2.35977337110482
21,3776,49,59.5833333333333
21,3777,112,98.92
21,3778,249,230.744186046512
21,3779,-70,-183.214285714286
21,3780,-202,-154.37037037037
21,3781,-80,-125.849056603774
21,3782,-111,15.037037037037
21,3783,-76,-41.9059233449477
21,3784,-6,-41.9059233449477
21,3785,-35,-18.0497925311203
21,3786,-39,-15.1208791208791
21,3787,-38,-15.1208791208791
21,3788,-54,-15.1208791208791
21,3789,-17,-15.1208791208791
21,3790,4,-18.0497925311203
21,3791,32,-18.0497925311203
21,3792,18,78.5714285714286
21,3793,114,80.7456140350877
21,3794,97,178.115183246073
21,3795,118,-49.8333333333333
21,3796,74,18.6111111111111
21,3797,77,-0.454545454545455
21,3798,-20,12.2727272727273
21,3799,-55,2.35977337110482
21,3800,17,-41.9059233449477
21,3801,-39,-41.6571428571429
21,3802,42,-41.9059233449477
21,3803,-2,-41.6571428571429
21,3804,-93,59.5833333333333
21,3805,-85,-15.1208791208791
21,3806,-23,-41.9059233449477
21,3807,-20,-18.0497925311203
21,3808,-47,-18.0497925311203
21,3809,-69,-41.9059233449477
21,3810,-66,-15.1208791208791
21,3811,-14,-15.1208791208791
21,3812,-32,-18.0497925311203
21,3813,-27,-41.9059233449477
21,3814,5,-18.0497925311203
21,3815,0,-18.0497925311203
21,3816,49,2.35977337110482
21,3817,40,178.115183246073
21,3818,121,80.7456140350877
21,3819,135,178.115183246073
21,3820,73,-183.214285714286
21,3821,54,-0.454545454545455
21,3822,32,12.2727272727273
21,3823,3,13.2244897959184
21,3824,-76,2.35977337110482
21,3825,-29,-41.9059233449477
21,3826,-39,-18.0497925311203
21,3827,-153,-41.9059233449477
21,3828,-44,-41.9059233449477
21,3829,8,-41.9059233449477
21,3830,15,-18.0497925311203
21,3831,-51,78.5714285714286
21,3832,-70,-41.9059233449477
21,3833,-54,-15.1208791208791
21,3834,-22,-15.1208791208791
21,3835,-6,-18.0497925311203
21,3836,0,-18.0497925311203
21,3837,6,2.35977337110482
21,3838,14,2.35977337110482
21,3839,116,80.7456140350877
21,3840,266,178.115183246073
21,3841,198,-49.8333333333333
21,3842,-329,-237.466666666667
21,3843,-63,-154.37037037037
21,3844,47,15.037037037037
21,3845,25,-20.8135593220339
21,3846,4,13.2244897959184
21,3847,-2,2.35977337110482
21,3848,-13,59.5833333333333
21,3849,177,116.481132075472
21,3850,407,230.744186046512
21,3851,-15,-49.8333333333333
21,3852,-203,-154.37037037037
21,3853,-183,-125.849056603774
21,3854,-140,15.037037037037
21,3855,-110,-41.9059233449477
21,3856,-94,-41.9059233449477
21,3857,-66,-41.9059233449477
21,3858,-29,-15.1208791208791
21,3859,-5,-11.8235294117647
21,3860,-7,-18.0497925311203
21,3861,3,2.35977337110482
21,3862,27,2.35977337110482
21,3863,143,80.7456140350877
21,3864,323,178.115183246073
21,3865,203,-183.214285714286
21,3866,-378,-237.466666666667
21,3867,-77,-154.37037037037
21,3868,-36,15.037037037037
21,3869,69,-41.9059233449477
21,3870,-30,-20.8135593220339
21,3871,8,2.35977337110482
21,3872,45,80.4
21,3873,139,59.5833333333333
21,3874,423,230.744186046512
21,3875,-54,-183.214285714286
21,3876,-204,-154.37037037037
21,3877,-162,-125.849056603774
21,3878,-131,15.037037037037
21,3879,-93,-41.9059233449477
21,3880,-86,-41.9059233449477
21,3881,-80,-15.1208791208791
21,3882,-35,-15.1208791208791
21,3883,-17,-15.1208791208791
21,3884,1,-18.0497925311203
21,3885,0,-18.0497925311203
21,3886,36,2.35977337110482
21,3887,130,80.7456140350877
21,3888,309,178.115183246073
21,3889,255,-183.214285714286
21,3890,-396,-237.466666666667
21,3891,-127,-154.37037037037
21,3892,25,-53.9090909090909
21,3893,41,13.2244897959184
21,3894,33,13.2244897959184
21,3895,-77,-41.6571428571429
21,3896,42,-15.1208791208791
21,3897,163,116.481132075472
21,3898,417,230.744186046512
21,3899,4,-183.214285714286
21,3900,-176,-154.37037037037
21,3901,-186,-125.849056603774
21,3902,-119,-100.625
21,3903,-148,-41.9059233449477
21,3904,-97,-41.9059233449477
21,3905,-69,-41.9059233449477
21,3906,-39,-15.1208791208791
21,3907,-14,-15.1208791208791
21,3908,-8,-18.0497925311203
21,3909,4,2.35977337110482
21,3910,31,2.35977337110482
21,3911,126,80.7456140350877
21,3912,308,178.115183246073
21,3913,223,-183.214285714286
21,3914,-345,-237.466666666667
21,3915,-148,-154.37037037037
21,3916,55,-53.9090909090909
21,3917,17,-20.8135593220339
21,3918,4,13.2244897959184
21,3919,-34,2.35977337110482
21,3920,20,-15.1208791208791
21,3921,150,116.481132075472
21,3922,393,230.744186046512
21,3923,1,-49.8333333333333
21,3924,-188,-154.37037037037
21,3925,-145,-125.849056603774
21,3926,-142,-100.625
21,3927,-77,-41.9059233449477
21,3928,-103,-41.9059233449477
21,3929,-71,-41.9059233449477
21,3930,-44,-15.1208791208791
21,3931,-21,-15.1208791208791
21,3932,-11,-18.0497925311203
21,3933,-2,-18.0497925311203
21,3934,26,2.35977337110482
21,3935,11,80.7456140350877
21,3936,89,80.7456140350877
21,3937,-14,178.115183246073
21,3938,101,2.35977337110482
21,3939,-27,18.6111111111111
21,3940,58,2.35977337110482
21,3941,64,12.2727272727273
21,3942,-25,-20.8135593220339
21,3943,17,2.35977337110482
21,3944,17,-41.6571428571429
21,3945,143,80.7456140350877
21,3946,263,81.2142857142857
21,3947,-90,-49.8333333333333
21,3948,-148,-154.37037037037
21,3949,-122,-125.849056603774
21,3950,-84,-41.9059233449477
21,3951,-68,-41.9059233449477
21,3952,-26,-41.9059233449477
21,3953,-12,-18.0497925311203
21,3954,-64,-11.8235294117647
21,3955,-31,-15.1208791208791
21,3956,-64,-15.1208791208791
21,3957,-11,-15.1208791208791
21,3958,1,-18.0497925311203
21,3959,12,2.35977337110482
21,3960,39,80.7456140350877
21,3961,100,80.7456140350877
21,3962,109,178.115183246073
21,3963,136,98.92
21,3964,92,18.6111111111111
21,3965,47,-237.466666666667
21,3966,23,12.2727272727273
21,3967,-31,13.2244897959184
21,3968,24,-41.9059233449477
21,3969,-31,-41.6571428571429
21,3970,-19,-41.9059233449477
21,3971,-212,-11.8235294117647
21,3972,-25,-41.9059233449477
21,3973,-115,-18.0497925311203
21,3974,-32,-41.9059233449477
21,3975,40,-41.9059233449477
21,3976,-5,13.2244897959184
21,3977,-43,2.35977337110482
21,3978,-7,-41.9059233449477
21,3979,-27,-18.0497925311203
21,3980,-38,2.35977337110482
21,3981,-38,-41.9059233449477
21,3982,0,-41.9059233449477
21,3983,6,-18.0497925311203
21,3984,23,2.35977337110482
21,3985,80,80.7456140350877
21,3986,98,178.115183246073
21,3987,111,178.115183246073
21,3988,121,18.6111111111111
21,3989,56,-237.466666666667
21,3990,38,-102.818181818182
21,3991,36,13.2244897959184
21,3992,-2,13.2244897959184
21,3993,-64,2.35977337110482
21,3994,-8,-41.9059233449477
21,3995,-14,-18.0497925311203
21,3996,-26,116.481132075472
21,3997,-165,-11.8235294117647
21,3998,-80,-41.9059233449477
21,3999,-39,-15.1208791208791
21,4000,-71,-41.9059233449477
21,4001,-63,-41.9059233449477
21,4002,-33,-41.9059233449477
21,4003,-5,-15.1208791208791
21,4004,-3,-18.0497925311203
21,4005,5,2.35977337110482
21,4006,25,2.35977337110482
21,4007,123,80.7456140350877
21,4008,277,178.115183246073
21,4009,237,-183.214285714286
21,4010,-368,-237.466666666667
21,4011,-106,-154.37037037037
21,4012,46,-53.9090909090909
21,4013,31,-20.8135593220339
21,4014,-22,13.2244897959184
21,4015,-6,2.35977337110482
21,4016,26,59.5833333333333
21,4017,190,116.481132075472
21,4018,354,230.744186046512
21,4019,-6,-183.214285714286
21,4020,-257,-154.37037037037
21,4021,-123,-125.849056603774
21,4022,-142,15.037037037037
21,4023,-98,-41.9059233449477
21,4024,-64,-41.9059233449477
21,4025,-68,-41.9059233449477
21,4026,-33,-15.1208791208791
21,4027,-16,-15.1208791208791
21,4028,-8,-18.0497925311203
21,4029,2,-18.0497925311203
21,4030,31,2.35977337110482
21,4031,28,80.7456140350877
21,4032,115,80.7456140350877
21,4033,439,178.115183246073
21,4034,-216,-183.214285714286
21,4035,-194,-154.37037037037
21,4036,-12,-53.9090909090909
21,4037,104,-18.0497925311203
21,4038,-14,-20.8135593220339
21,4039,-31,2.35977337110482
21,4040,28,-15.1208791208791
21,4041,175,59.5833333333333
21,4042,354,175.885714285714
21,4043,42,-183.214285714286
21,4044,-227,-154.37037037037
21,4045,-191,-125.849056603774
21,4046,-128,15.037037037037
21,4047,-119,15.037037037037
21,4048,-22,-41.9059233449477
21,4049,-107,-18.0497925311203
21,4050,-23,-15.1208791208791
21,4051,-29,-11.8235294117647
21,4052,3,-18.0497925311203
21,4053,-7,-18.0497925311203
21,4054,35,2.35977337110482
21,4055,133,80.7456140350877
21,4056,320,178.115183246073
21,4057,190,-183.214285714286
21,4058,-315,-237.466666666667
21,4059,-134,-120.054054054054
21,4060,2,15.037037037037
21,4061,72,-18.0497925311203
21,4062,-13,-20.8135593220339
21,4063,-39,2.35977337110482
21,4064,11,-15.1208791208791
21,4065,165,116.481132075472
21,4066,420,230.744186046512
21,4067,-3,-49.8333333333333
21,4068,-199,-154.37037037037
21,4069,-222,-125.849056603774
21,4070,-112,15.037037037037
21,4071,-89,15.037037037037
21,4072,-88,-41.9059233449477
21,4073,-62,-41.9059233449477
21,4074,-55,-15.1208791208791
21,4075,-6,-15.1208791208791
21,4076,-11,-18.0497925311203
21,4077,1,2.35977337110482
21,4078,32,2.35977337110482
21,4079,128,80.7456140350877
21,4080,299,178.115183246073
21,4081,218,-183.214285714286
21,4082,-345,-237.466666666667
21,4083,-138,-154.37037037037
21,4084,75,-53.9090909090909
21,4085,69,-20.8135593220339
21,4086,-43,-20.8135593220339
21,4087,-52,-41.9059233449477
21,4088,12,-15.1208791208791
21,4089,159,116.481132075472
21,4090,478,230.744186046512
21,4091,-65,-49.8333333333333
21,4092,-155,-154.37037037037
21,4093,-163,-125.849056603774
21,4094,-158,-100.625
21,4095,-102,-41.9059233449477
21,4096,-28,-41.9059233449477
21,4097,-138,-18.0497925311203
21,4098,-34,-15.1208791208791
21,4099,-35,-15.1208791208791
21,4100,-13,-15.1208791208791
21,4101,3,-18.0497925311203
21,4102,27,2.35977337110482
21,4103,121,80.7456140350877
21,4104,222,178.115183246073
21,4105,289,-183.214285714286
21,4106,-290,-237.466666666667
21,4107,-147,-154.37037037037
21,4108,72,-53.9090909090909
21,4109,62,-20.8135593220339
21,4110,-8,-20.8135593220339
21,4111,-29,2.35977337110482
21,4112,55,59.5833333333333
21,4113,105,98.92
21,4114,303,230.744186046512
21,4115,-122,-110.777777777778
21,4116,-178,-154.37037037037
21,4117,-132,-125.849056603774
21,4118,-104,-100.625
21,4119,-42,-41.9059233449477
21,4120,-92,-41.9059233449477
21,4121,-16,-15.1208791208791
21,4122,-13,-11.8235294117647
21,4123,-49,-11.8235294117647
21,4124,-13,-15.1208791208791
21,4125,-17,-18.0497925311203
21,4126,-4,2.35977337110482
21,4127,18,-18.0497925311203
21,4128,37,80.7456140350877
21,4129,125,80.7456140350877
21,4130,103,178.115183246073
21,4131,188,-183.214285714286
21,4132,56,18.6111111111111
21,4133,118,-120.054054054054
21,4134,-10,-110.777777777778
21,4135,-46,-102.818181818182
21,4136,-2,-41.9059233449477
21,4137,45,-18.0497925311203
21,4138,-6,116.481132075472
21,4139,-81,2.35977337110482
21,4140,-66,-41.9059233449477
21,4141,-147,-15.1208791208791
21,4142,-3,-41.9059233449477
21,4143,-77,-18.0497925311203
21,4144,-26,-41.9059233449477
21,4145,-48,-18.0497925311203
21,4146,-56,-15.1208791208791
21,4147,-12,-15.1208791208791
21,4148,-64,-18.0497925311203
21,4149,-29,-15.1208791208791
21,4150,-15,-18.0497925311203
21,4151,9,-18.0497925311203
21,4152,21,2.35977337110482
21,4153,83,80.7456140350877
21,4154,146,155.526041666667
21,4155,155,98.92
21,4156,-153,-237.466666666667
21,4157,26,-120.054054054054
21,4158,-136,80.7456140350877
21,4159,-13,-41.9059233449477
21,4160,127,-18.0497925311203
21,4161,80,-20.8135593220339
21,4162,-13,-102.818181818182
21,4163,34,59.5833333333333
21,4164,-36,59.5833333333333
21,4165,-67,-41.9059233449477
21,4166,-84,-41.9059233449477
21,4167,-134,-41.9059233449477
21,4168,-10,-41.9059233449477
21,4169,-20,-11.8235294117647
21,4170,-16,2.35977337110482
21,4171,-5,-18.0497925311203
21,4172,-2,-18.0497925311203
21,4173,4,2.35977337110482
21,4174,30,2.35977337110482
21,4175,124,80.7456140350877
21,4176,281,155.526041666667
21,4177,213,-183.214285714286
21,4178,-298,-237.466666666667
21,4179,-164,-154.37037037037
21,4180,48,-53.9090909090909
21,4181,41,-20.8135593220339
21,4182,9,13.2244897959184
21,4183,-16,2.35977337110482
21,4184,34,59.5833333333333
21,4185,151,116.481132075472
21,4186,433,230.744186046512
21,4187,-78,-183.214285714286
21,4188,-516,-154.37037037037
21,4189,-38,-125.849056603774
21,4190,-16,15.037037037037
21,4191,-84,-18.0497925311203
21,4192,-59,-41.9059233449477
21,4193,-43,-15.1208791208791
21,4194,-26,-15.1208791208791
21,4195,-25,-11.8235294117647
21,4196,-5,-18.0497925311203
21,4197,1,-18.0497925311203
21,4198,30,2.35977337110482
21,4199,135,80.7456140350877
21,4200,350,178.115183246073
21,4201,204,-183.214285714286
21,4202,-395,-237.466666666667
21,4203,-150,-154.37037037037
21,4204,78,15.037037037037
21,4205,49,-20.8135593220339
21,4206,26,-20.8135593220339
21,4207,-29,-41.6571428571429
21,4208,0,59.5833333333333
21,4209,165,116.481132075472
21,4210,411,230.744186046512
21,4211,-253,-49.8333333333333
21,4212,-149,-154.37037037037
21,4213,-118,-125.849056603774
21,4214,-78,-100.625
21,4215,-48,-41.9059233449477
21,4216,-96,-41.9059233449477
21,4217,-81,-15.1208791208791
21,4218,-34,-15.1208791208791
21,4219,-4,-15.1208791208791
21,4220,-10,-18.0497925311203
21,4221,1,2.35977337110482
21,4222,32,2.35977337110482
21,4223,147,80.7456140350877
21,4224,366,178.115183246073
21,4225,187,-183.214285714286
21,4226,-364,-237.466666666667
21,4227,-151,-120.054054054054
21,4228,42,15.037037037037
21,4229,45,13.2244897959184
21,4230,4,13.2244897959184
21,4231,-50,2.35977337110482
21,4232,50,-15.1208791208791
21,4233,144,98.92
21,4234,323,230.744186046512
21,4235,-100,-183.214285714286
21,4236,-103,-154.37037037037
21,4237,-189,-125.849056603774
21,4238,-40,-100.625
21,4239,-70,15.037037037037
21,4240,-141,-41.9059233449477
21,4241,-80,-15.1208791208791
21,4242,-35,-15.1208791208791
21,4243,-5,-15.1208791208791
21,4244,-11,-18.0497925311203
21,4245,-3,2.35977337110482
21,4246,31,2.35977337110482
21,4247,155,80.7456140350877
21,4248,289,213.6
21,4249,226,-183.214285714286
21,4250,-295,-237.466666666667
21,4251,-179,-154.37037037037
21,4252,45,-53.9090909090909
21,4253,54,13.2244897959184
21,4254,14,-20.8135593220339
21,4255,-41,-41.6571428571429
21,4256,0,-15.1208791208791
21,4257,160,116.481132075472
21,4258,355,230.744186046512
21,4259,121,-49.8333333333333
21,4260,-308,-237.466666666667
21,4261,-159,-102.818181818182
21,4262,-145,15.037037037037
21,4263,-131,-41.9059233449477
21,4264,-41,-41.9059233449477
21,4265,-46,-41.9059233449477
21,4266,-69,-15.1208791208791
21,4267,-26,-15.1208791208791
21,4268,-8,-11.8235294117647
21,4269,0,-18.0497925311203
21,4270,30,2.35977337110482
21,4271,113,80.7456140350877
21,4272,274,178.115183246073
21,4273,319,-183.214285714286
21,4274,-355,-237.466666666667
21,4275,-127,-154.37037037037
21,4276,19,-53.9090909090909
21,4277,90,13.2244897959184
21,4278,-20,-20.8135593220339
21,4279,-13,2.35977337110482
21,4280,12,59.5833333333333
21,4281,165,116.481132075472
21,4282,297,230.744186046512
21,4283,-76,-49.8333333333333
21,4284,-200,-154.37037037037
21,4285,-173,-125.849056603774
21,4286,-57,15.037037037037
21,4287,-55,-41.9059233449477
21,4288,-73,-41.9059233449477
21,4289,-43,-15.1208791208791
21,4290,-20,-15.1208791208791
21,4291,-36,-11.8235294117647
21,4292,-41,-15.1208791208791
21,4293,-26,-15.1208791208791
21,4294,2,-18.0497925311203
21,4295,16,-18.0497925311203
21,4296,72,80.7456140350877
21,4297,60,155.526041666667
21,4298,126,178.115183246073
21,4299,154,18.6111111111111
21,4300,15,-237.466666666667
21,4301,127,-120.054054054054
21,4302,-67,-110.777777777778
21,4303,-35,-102.818181818182
21,4304,-249,-41.9059233449477
21,4305,201,-41.9059233449477
21,4306,-31,-20.8135593220339
21,4307,-20,-154.37037037037
21,4308,-29,-11.8235294117647
21,4309,-113,-18.0497925311203
21,4310,-33,-15.1208791208791
21,4311,-26,-41.9059233449477
21,4312,-24,-18.0497925311203
21,4313,-24,-18.0497925311203
21,4314,0,-11.8235294117647
21,4315,-18,-18.0497925311203
21,4316,-63,2.35977337110482
21,4317,-37,-41.9059233449477
21,4318,0,-41.9059233449477
21,4319,5,-18.0497925311203
21,4320,13,2.35977337110482
21,4321,99,80.7456140350877
21,4322,130,155.526041666667
21,4323,122,178.115183246073
21,4324,97,-237.466666666667
21,4325,144,-237.466666666667
21,4326,-85,-110.777777777778
21,4327,-164,-120.054054054054
21,4328,14,-41.9059233449477
21,4329,-218,-41.6571428571429
21,4330,60,-41.9059233449477
21,4331,31,-20.8135593220339
21,4332,28,59.5833333333333
21,4333,-81,78.5714285714286
21,4334,-45,-41.9059233449477
21,4335,-52,-15.1208791208791
21,4336,-34,-41.9059233449477
21,4337,-48,-41.9059233449477
21,4338,-25,-41.9059233449477
21,4339,1,-18.0497925311203
21,4340,-4,-18.0497925311203
21,4341,8,2.35977337110482
21,4342,24,2.35977337110482
22,1,-78,-112.868131868132
22,2,-28,-41.4236111111111
22,3,0,-15.1646706586826
22,4,60,1.86196319018405
22,5,6,-13.7719298245614
22,6,-20,1.86196319018405
22,7,34,-15.1646706586826
22,8,77,86.6909090909091
22,9,86,112.106666666667
22,10,-61,-0.785714285714286
22,11,-90,-41.4236111111111
22,12,-5,-41.4236111111111
22,13,-58,1.86196319018405
22,14,16,-41.4236111111111
22,15,-22,-20.1538461538462
22,16,-22,-15.1646706586826
22,17,1,-15.1646706586826
22,18,-6,1.86196319018405
22,19,-3,1.86196319018405
22,20,2,1.86196319018405
22,21,13,1.86196319018405
22,22,91,56.3552631578947
22,23,195,184.521276595745
22,24,290,191.25
22,25,-308,-238.103703703704
22,26,-153,-153.904761904762
22,27,35,22.4166666666667
22,28,52,28.3768115942029
22,29,-9,-13.7719298245614
22,30,0,-15.1646706586826
22,31,12,1.86196319018405
22,32,138,104.032608695652
22,33,239,232.375
22,34,-75,-63.2173913043478
22,35,-197,-153.904761904762
22,36,-74,-107.060606060606
22,37,-57,-41.4236111111111
22,38,-71,-41.4236111111111
22,39,-41,-41.4236111111111
22,40,-39,2.15909090909091
22,41,-26,2.15909090909091
22,42,-14,104.032608695652
22,43,-3,-15.1646706586826
22,44,-1,1.86196319018405
22,45,22,1.86196319018405
22,46,68,86.6909090909091
22,47,170,185.865384615385
22,48,287,184.521276595745
22,49,-235,-238.103703703704
22,50,-182,-153.904761904762
22,51,62,22.4166666666667
22,52,40,-13.7719298245614
22,53,-12,-13.7719298245614
22,54,-17,-15.1646706586826
22,55,-127,-15.1646706586826
22,56,-28,2.15909090909091
22,57,78,-15.1646706586826
22,58,32,-13.7719298245614
22,59,14,-20.1538461538462
22,60,-74,56.3552631578947
22,61,1,2.15909090909091
22,62,-26,1.86196319018405
22,63,-52,-15.1646706586826
22,64,-1,-41.4236111111111
22,65,22,1.86196319018405
22,66,-6,-20.1538461538462
22,67,-17,1.86196319018405
22,68,-19,-15.1646706586826
22,69,0,-15.1646706586826
22,70,5,1.86196319018405
22,71,9,1.86196319018405
22,72,32,1.86196319018405
22,73,46,56.3552631578947
22,74,74,112.106666666667
22,75,46,112.106666666667
22,76,85,-0.785714285714286
22,77,40,-0.785714285714286
22,78,91,-0.785714285714286
22,79,-31,-0.785714285714286
22,80,68,-15.1646706586826
22,81,-82,-0.785714285714286
22,82,-82,-41.4236111111111
22,83,-78,-41.4236111111111
22,84,-76,-41.4236111111111
22,85,5,-41.4236111111111
22,86,-20,1.86196319018405
22,87,-28,-15.1646706586826
22,88,-34,-15.1646706586826
22,89,4,2.15909090909091
22,90,4,1.86196319018405
22,91,-54,1.86196319018405
22,92,-12,-41.4236111111111
22,93,-9,-15.1646706586826
22,94,0,-15.1646706586826
22,95,18,1.86196319018405
22,96,43,28.3768115942029
22,97,52,103.346153846154
22,98,74,185.865384615385
22,99,64,112.106666666667
22,100,71,18.7333333333333
22,101,37,-0.785714285714286
22,102,-32,28.3768115942029
22,103,2,-15.1646706586826
22,104,-35,1.86196319018405
22,105,-36,-41.4236111111111
22,106,-79,-41.4236111111111
22,107,-52,-41.4236111111111
22,108,-44,-41.4236111111111
22,109,-9,-41.4236111111111
22,110,-17,-15.1646706586826
22,111,-36,-15.1646706586826
22,112,-9,2.15909090909091
22,113,-11,-15.1646706586826
22,114,-2,-15.1646706586826
22,115,-3,1.86196319018405
22,116,0,1.86196319018405
22,117,17,1.86196319018405
22,118,73,56.3552631578947
22,119,169,151.009803921569
22,120,168,139.763888888889
22,121,-231,-238.103703703704
22,122,-111,-112.868131868132
22,123,17,25.85
22,124,34,28.3768115942029
22,125,-17,-20.1538461538462
22,126,8,-15.1646706586826
22,127,2,1.86196319018405
22,128,80,104.032608695652
22,129,177,232.375
22,130,-12,-13.7719298245614
22,131,-149,-112.868131868132
22,132,-47,-107.060606060606
22,133,-59,-41.4236111111111
22,134,-42,-41.4236111111111
22,135,-47,-41.4236111111111
22,136,-23,-41.4236111111111
22,137,-2,-15.1646706586826
22,138,-2,60.7333333333333
22,139,-3,1.86196319018405
22,140,2,1.86196319018405
22,141,22,1.86196319018405
22,142,77,86.6909090909091
22,143,173,151.009803921569
22,144,226,191.25
22,145,-268,-238.103703703704
22,146,-104,-153.904761904762
22,147,1,22.4166666666667
22,148,8,1.86196319018405
22,149,26,1.86196319018405
22,150,-28,-20.1538461538462
22,151,30,-15.1646706586826
22,152,84,104.032608695652
22,153,196,232.375
22,154,11,-120.6
22,155,-170,-153.904761904762
22,156,-100,-107.060606060606
22,157,-39,-41.4236111111111
22,158,-42,-41.4236111111111
22,159,-52,-41.4236111111111
22,160,-39,-41.4236111111111
22,161,-10,2.15909090909091
22,162,-1,-15.1646706586826
22,163,-1,1.86196319018405
22,164,0,1.86196319018405
22,165,15,1.86196319018405
22,166,90,86.6909090909091
22,167,236,185.865384615385
22,168,222,139.763888888889
22,169,-302,-238.103703703704
22,170,-117,-153.904761904762
22,171,14,22.4166666666667
22,172,54,28.3768115942029
22,173,-10,-13.7719298245614
22,174,-30,-15.1646706586826
22,175,34,-15.1646706586826
22,176,79,104.032608695652
22,177,324,232.375
22,178,-68,-120.6
22,179,-183,-153.904761904762
22,180,-101,-107.060606060606
22,181,-72,-95.2173913043478
22,182,-29,-41.4236111111111
22,183,-97,-15.1646706586826
22,184,-16,2.15909090909091
22,185,-25,-15.1646706586826
22,186,-10,-15.1646706586826
22,187,-8,-15.1646706586826
22,188,-1,1.86196319018405
22,189,27,1.86196319018405
22,190,80,56.3552631578947
22,191,225,151.009803921569
22,192,251,139.763888888889
22,193,-284,-238.103703703704
22,194,-163,-153.904761904762
22,195,66,22.4166666666667
22,196,47,-13.7719298245614
22,197,-18,-13.7719298245614
22,198,-30,-15.1646706586826
22,199,-18,-15.1646706586826
22,200,157,104.032608695652
22,201,255,232.375
22,202,-7,-63.2173913043478
22,203,-174,-153.904761904762
22,204,-114,-107.060606060606
22,205,-69,-95.2173913043478
22,206,-80,-41.4236111111111
22,207,-59,-41.4236111111111
22,208,-40,-41.4236111111111
22,209,-28,2.15909090909091
22,210,-15,-15.1646706586826
22,211,-4,-15.1646706586826
22,212,-6,1.86196319018405
22,213,28,1.86196319018405
22,214,56,86.6909090909091
22,215,183,185.865384615385
22,216,233,184.521276595745
22,217,-217,-187.459459459459
22,218,-125,-153.904761904762
22,219,28,22.4166666666667
22,220,14,28.3768115942029
22,221,23,-20.1538461538462
22,222,-46,-20.1538461538462
22,223,60,2.15909090909091
22,224,105,112.106666666667
22,225,223,181.386363636364
22,226,-96,-120.6
22,227,-226,-153.904761904762
22,228,-85,-107.060606060606
22,229,-18,25.85
22,230,-34,-15.1646706586826
22,231,-21,-41.4236111111111
22,232,-9,-15.1646706586826
22,233,-26,-15.1646706586826
22,234,-9,104.032608695652
22,235,-26,-15.1646706586826
22,236,-12,-15.1646706586826
22,237,6,-15.1646706586826
22,238,2,1.86196319018405
22,239,28,1.86196319018405
22,240,71,56.3552631578947
22,241,37,112.106666666667
22,242,75,56.3552631578947
22,243,51,18.7333333333333
22,244,55,-0.785714285714286
22,245,28,-0.785714285714286
22,246,22,28.3768115942029
22,247,27,-20.1538461538462
22,248,-16,-20.1538461538462
22,249,-36,-15.1646706586826
22,250,-57,-41.4236111111111
22,251,-113,-41.4236111111111
22,252,-63,-41.4236111111111
22,253,-11,-41.4236111111111
22,254,-10,-15.1646706586826
22,255,-17,-15.1646706586826
22,256,-14,-15.1646706586826
22,257,-8,-15.1646706586826
22,258,5,1.86196319018405
22,259,-44,1.86196319018405
22,260,-15,-41.4236111111111
22,261,3,-15.1646706586826
22,262,7,1.86196319018405
22,263,55,1.86196319018405
22,264,18,151.009803921569
22,265,128,28.3768115942029
22,266,81,18.7333333333333
22,267,111,-112.868131868132
22,268,54,-120.6
22,269,37,-36.2727272727273
22,270,-14,-20.1538461538462
22,271,22,-15.1646706586826
22,272,-11,-20.1538461538462
22,273,-109,-15.1646706586826
22,274,-131,-41.4236111111111
22,275,-87,-41.4236111111111
22,276,-24,-41.4236111111111
22,277,-53,-15.1646706586826
22,278,-42,-41.4236111111111
22,279,-28,2.15909090909091
22,280,-14,-15.1646706586826
22,281,-1,-15.1646706586826
22,282,-7,1.86196319018405
22,283,1,1.86196319018405
22,284,13,1.86196319018405
22,285,72,86.6909090909091
22,286,180,151.009803921569
22,287,296,184.521276595745
22,288,-283,-238.103703703704
22,289,-144,-153.904761904762
22,290,13,22.4166666666667
22,291,71,28.3768115942029
22,292,29,-13.7719298245614
22,293,-29,-20.1538461538462
22,294,12,-15.1646706586826
22,295,99,104.032608695652
22,296,312,232.375
22,297,68,-13.7719298245614
22,298,-266,-153.904761904762
22,299,-160,-107.060606060606
22,300,-81,25.85
22,301,-72,-41.4236111111111
22,302,-70,-41.4236111111111
22,303,-37,-41.4236111111111
22,304,-10,2.15909090909091
22,305,-15,104.032608695652
22,306,1,-15.1646706586826
22,307,-1,1.86196319018405
22,308,23,1.86196319018405
22,309,89,86.6909090909091
22,310,195,185.865384615385
22,311,285,139.763888888889
22,312,-251,-238.103703703704
22,313,-199,-153.904761904762
22,314,76,22.4166666666667
22,315,25,-13.7719298245614
22,316,-11,-20.1538461538462
22,317,-21,-15.1646706586826
22,318,52,-15.1646706586826
22,319,101,112.106666666667
22,320,311,232.375
22,321,58,-120.6
22,322,-255,-153.904761904762
22,323,-128,-107.060606060606
22,324,-107,25.85
22,325,-74,-41.4236111111111
22,326,-83,-41.4236111111111
22,327,-48,-41.4236111111111
22,328,-12,2.15909090909091
22,329,-25,104.032608695652
22,330,2,-15.1646706586826
22,331,1,1.86196319018405
22,332,22,1.86196319018405
22,333,94,86.6909090909091
22,334,247,185.865384615385
22,335,294,139.763888888889
22,336,-311,-238.103703703704
22,337,-163,-153.904761904762
22,338,32,22.4166666666667
22,339,47,28.3768115942029
22,340,-13,-13.7719298245614
22,341,-30,-15.1646706586826
22,342,59,-15.1646706586826
22,343,73,112.106666666667
22,344,426,232.375
22,345,-33,-120.6
22,346,-277,-153.904761904762
22,347,-142,-107.060606060606
22,348,-42,25.85
22,349,-86,-41.4236111111111
22,350,-111,-41.4236111111111
22,351,-31,-41.4236111111111
22,352,-37,-15.1646706586826
22,353,-4,2.15909090909091
22,354,-12,1.86196319018405
22,355,7,-15.1646706586826
22,356,12,1.86196319018405
22,357,91,86.6909090909091
22,358,264,184.521276595745
22,359,242,112.106666666667
22,360,-308,-238.103703703704
22,361,-151,-153.904761904762
22,362,47,22.4166666666667
22,363,54,-13.7719298245614
22,364,8,-13.7719298245614
22,365,-15,1.86196319018405
22,366,29,-15.1646706586826
22,367,139,104.032608695652
22,368,287,232.375
22,369,33,-63.2173913043478
22,370,-321,-153.904761904762
22,371,-95,-107.060606060606
22,372,-87,25.85
22,373,-74,-41.4236111111111
22,374,-72,-41.4236111111111
22,375,-40,-41.4236111111111
22,376,-31,2.15909090909091
22,377,-22,104.032608695652
22,378,-1,-15.1646706586826
22,379,0,1.86196319018405
22,380,29,1.86196319018405
22,381,67,86.6909090909091
22,382,179,185.865384615385
22,383,284,184.521276595745
22,384,-250,-238.103703703704
22,385,-132,-153.904761904762
22,386,27,22.4166666666667
22,387,87,28.3768115942029
22,388,-34,-13.7719298245614
22,389,-58,-41.4236111111111
22,390,-95,2.15909090909091
22,391,22,2.15909090909091
22,392,129,167.428571428571
22,393,150,-13.7719298245614
22,394,-112,-63.2173913043478
22,395,-61,-112.868131868132
22,396,-83,2.15909090909091
22,397,-4,-41.4236111111111
22,398,-22,1.86196319018405
22,399,-26,-15.1646706586826
22,400,-31,-15.1646706586826
22,401,-27,-15.1646706586826
22,402,-16,-15.1646706586826
22,403,-24,-15.1646706586826
22,404,6,-15.1646706586826
22,405,22,1.86196319018405
22,406,56,56.3552631578947
22,407,132,151.009803921569
22,408,103,112.106666666667
22,409,122,-187.459459459459
22,410,142,18.7333333333333
22,411,66,-238.103703703704
22,412,35,-112.868131868132
22,413,4,-20.1538461538462
22,414,-11,1.86196319018405
22,415,6,-15.1646706586826
22,416,-37,60.7333333333333
22,417,-88,-41.4236111111111
22,418,-143,-41.4236111111111
22,419,-146,-41.4236111111111
22,420,-48,-41.4236111111111
22,421,-12,-41.4236111111111
22,422,-26,-15.1646706586826
22,423,-78,-15.1646706586826
22,424,6,2.15909090909091
22,425,-57,1.86196319018405
22,426,-38,-41.4236111111111
22,427,-4,-41.4236111111111
22,428,-8,1.86196319018405
22,429,5,1.86196319018405
22,430,31,1.86196319018405
22,431,54,28.3768115942029
22,432,82,185.865384615385
22,433,173,112.106666666667
22,434,17,-120.6
22,435,135,-112.868131868132
22,436,41,-120.6
22,437,-23,-112.868131868132
22,438,33,-15.1646706586826
22,439,-13,-20.1538461538462
22,440,0,-15.1646706586826
22,441,-82,1.86196319018405
22,442,-107,-41.4236111111111
22,443,-154,-41.4236111111111
22,444,-25,-41.4236111111111
22,445,-73,-15.1646706586826
22,446,-54,-41.4236111111111
22,447,-23,2.15909090909091
22,448,-8,-15.1646706586826
22,449,-7,1.86196319018405
22,450,-6,1.86196319018405
22,451,1,1.86196319018405
22,452,28,1.86196319018405
22,453,89,86.6909090909091
22,454,234,184.521276595745
22,455,225,139.763888888889
22,456,-248,-238.103703703704
22,457,-147,-153.904761904762
22,458,17,22.4166666666667
22,459,81,28.3768115942029
22,460,-19,-13.7719298245614
22,461,-3,-15.1646706586826
22,462,26,1.86196319018405
22,463,99,104.032608695652
22,464,336,232.375
22,465,80,-13.7719298245614
22,466,-252,-153.904761904762
22,467,-219,-107.060606060606
22,468,-107,25.85
22,469,-75,25.85
22,470,-94,-41.4236111111111
22,471,-25,-41.4236111111111
22,472,-14,-15.1646706586826
22,473,-5,104.032608695652
22,474,-7,104.032608695652
22,475,3,1.86196319018405
22,476,14,1.86196319018405
22,477,80,86.6909090909091
22,478,70,151.009803921569
22,479,346,139.763888888889
22,480,-191,-120.6
22,481,-162,-153.904761904762
22,482,67,22.4166666666667
22,483,31,-13.7719298245614
22,484,23,-20.1538461538462
22,485,-36,-20.1538461538462
22,486,-4,2.15909090909091
22,487,187,1.86196319018405
22,488,319,181.386363636364
22,489,51,-63.2173913043478
22,490,-246,-153.904761904762
22,491,-178,-107.060606060606
22,492,-100,25.85
22,493,-89,-41.4236111111111
22,494,-98,-41.4236111111111
22,495,-57,-41.4236111111111
22,496,-7,2.15909090909091
22,497,-16,104.032608695652
22,498,-2,-15.1646706586826
22,499,-4,1.86196319018405
22,500,35,1.86196319018405
22,501,110,86.6909090909091
22,502,223,185.865384615385
22,503,163,139.763888888889
22,504,-242,-238.103703703704
22,505,-139,-112.868131868132
22,506,38,25.85
22,507,37,28.3768115942029
22,508,74,-20.1538461538462
22,509,-78,-0.785714285714286
22,510,18,2.15909090909091
22,511,135,104.032608695652
22,512,351,232.375
22,513,50,-63.2173913043478
22,514,-197,-153.904761904762
22,515,-208,-107.060606060606
22,516,-123,-95.2173913043478
22,517,-54,25.85
22,518,-72,-41.4236111111111
22,519,-84,-41.4236111111111
22,520,-11,2.15909090909091
22,521,-24,104.032608695652
22,522,1,104.032608695652
22,523,-1,1.86196319018405
22,524,28,1.86196319018405
22,525,102,86.6909090909091
22,526,225,185.865384615385
22,527,288,139.763888888889
22,528,-331,-238.103703703704
22,529,-176,-153.904761904762
22,530,77,22.4166666666667
22,531,53,-13.7719298245614
22,532,26,-13.7719298245614
22,533,-41,-20.1538461538462
22,534,47,2.15909090909091
22,535,121,112.106666666667
22,536,385,232.375
22,537,-9,-187.459459459459
22,538,-215,-153.904761904762
22,539,-162,-107.060606060606
22,540,-50,25.85
22,541,-154,-41.4236111111111
22,542,-69,-41.4236111111111
22,543,-56,-41.4236111111111
22,544,-45,2.15909090909091
22,545,-18,2.15909090909091
22,546,-22,-15.1646706586826
22,547,-7,-15.1646706586826
22,548,31,1.86196319018405
22,549,82,86.6909090909091
22,550,230,185.865384615385
22,551,316,185.865384615385
22,552,-282,-238.103703703704
22,553,-105,-153.904761904762
22,554,43,22.4166666666667
22,555,153,-13.7719298245614
22,556,-43,-13.7719298245614
22,557,4,-112.868131868132
22,558,40,1.86196319018405
22,559,117,112.106666666667
22,560,368,232.375
22,561,-127,-63.2173913043478
22,562,-144,-153.904761904762
22,563,-241,-107.060606060606
22,564,-161,-95.2173913043478
22,565,-13,25.85
22,566,-95,-15.1646706586826
22,567,-20,2.15909090909091
22,568,-28,-15.1646706586826
22,569,-59,-15.1646706586826
22,570,-37,2.15909090909091
22,571,-25,-41.4236111111111
22,572,-3,-15.1646706586826
22,573,24,1.86196319018405
22,574,42,86.6909090909091
22,575,84,151.009803921569
22,576,95,185.865384615385
22,577,96,112.106666666667
22,578,-72,18.7333333333333
22,579,-90,-41.4236111111111
22,580,13,-41.4236111111111
22,581,27,-20.1538461538462
22,582,67,-20.1538461538462
22,583,-113,-13.7719298245614
22,584,-62,2.15909090909091
22,585,22,2.15909090909091
22,586,-4,167.428571428571
22,587,-22,1.86196319018405
22,588,-7,-15.1646706586826
22,589,-21,1.86196319018405
22,590,22,-15.1646706586826
22,591,-25,167.428571428571
22,592,9,-15.1646706586826
22,593,-54,1.86196319018405
22,594,-17,-41.4236111111111
22,595,-10,-15.1646706586826
22,596,-2,-15.1646706586826
22,597,12,1.86196319018405
22,598,21,56.3552631578947
22,599,50,28.3768115942029
22,600,29,185.865384615385
22,601,132,86.6909090909091
22,602,73,18.7333333333333
22,603,37,-112.868131868132
22,604,7,28.3768115942029
22,605,47,1.86196319018405
22,606,7,-0.785714285714286
22,607,71,1.86196319018405
22,608,-73,-0.785714285714286
22,609,72,-41.4236111111111
22,610,-116,-0.785714285714286
22,611,-116,-41.4236111111111
22,612,-110,-41.4236111111111
22,613,-38,-41.4236111111111
22,614,-46,2.15909090909091
22,615,-32,-41.4236111111111
22,616,-5,-15.1646706586826
22,617,-8,1.86196319018405
22,618,-19,1.86196319018405
22,619,3,-15.1646706586826
22,620,32,1.86196319018405
22,621,81,86.6909090909091
22,622,253,151.009803921569
22,623,287,-120.6
22,624,-375,-238.103703703704
22,625,-129,-153.904761904762
22,626,25,22.4166666666667
22,627,101,28.3768115942029
22,628,22,-13.7719298245614
22,629,-84,-20.1538461538462
22,630,6,2.15909090909091
22,631,82,104.032608695652
22,632,359,232.375
22,633,20,-13.7719298245614
22,634,-226,-153.904761904762
22,635,-237,-107.060606060606
22,636,-35,25.85
22,637,-93,25.85
22,638,-45,-41.4236111111111
22,639,-38,-41.4236111111111
22,640,-5,2.15909090909091
22,641,2,104.032608695652
22,642,-3,104.032608695652
22,643,-1,1.86196319018405
22,644,14,1.86196319018405
22,645,84,86.6909090909091
22,646,185,185.865384615385
22,647,295,191.25
22,648,-314,-238.103703703704
22,649,-129,-153.904761904762
22,650,37,22.4166666666667
22,651,45,28.3768115942029
22,652,-9,-13.7719298245614
22,653,-27,-15.1646706586826
22,654,16,-15.1646706586826
22,655,105,104.032608695652
22,656,309,232.375
22,657,30,-13.7719298245614
22,658,-227,-153.904761904762
22,659,-123,-107.060606060606
22,660,-73,25.85
22,661,-87,-41.4236111111111
22,662,-70,-41.4236111111111
22,663,-34,-41.4236111111111
22,664,-22,2.15909090909091
22,665,-5,104.032608695652
22,666,2,1.86196319018405
22,667,-4,1.86196319018405
22,668,39,1.86196319018405
22,669,75,86.6909090909091
22,670,243,151.009803921569
22,671,300,139.763888888889
22,672,-344,-238.103703703704
22,673,-141,-153.904761904762
22,674,49,22.4166666666667
22,675,46,-13.7719298245614
22,676,5,-13.7719298245614
22,677,-52,1.86196319018405
22,678,-22,2.15909090909091
22,679,22,104.032608695652
22,680,383,167.428571428571
22,681,37,-13.7719298245614
22,682,-185,-153.904761904762
22,683,-94,-107.060606060606
22,684,-101,-95.2173913043478
22,685,-89,-41.4236111111111
22,686,-79,-41.4236111111111
22,687,-45,-41.4236111111111
22,688,-15,2.15909090909091
22,689,-27,-15.1646706586826
22,690,-1,-15.1646706586826
22,691,4,1.86196319018405
22,692,23,1.86196319018405
22,693,85,86.6909090909091
22,694,250,185.865384615385
22,695,287,112.106666666667
22,696,-333,-238.103703703704
22,697,-155,-153.904761904762
22,698,54,22.4166666666667
22,699,72,-13.7719298245614
22,700,-19,-13.7719298245614
22,701,-35,-15.1646706586826
22,702,69,2.15909090909091
22,703,81,112.106666666667
22,704,315,232.375
22,705,-22,-120.6
22,706,-213,-153.904761904762
22,707,-133,-107.060606060606
22,708,-111,25.85
22,709,-72,-41.4236111111111
22,710,-58,-41.4236111111111
22,711,-35,-41.4236111111111
22,712,-32,2.15909090909091
22,713,-20,104.032608695652
22,714,0,-15.1646706586826
22,715,-5,1.86196319018405
22,716,24,1.86196319018405
22,717,60,86.6909090909091
22,718,203,151.009803921569
22,719,304,184.521276595745
22,720,-272,-238.103703703704
22,721,-134,-153.904761904762
22,722,14,22.4166666666667
22,723,69,28.3768115942029
22,724,-28,-13.7719298245614
22,725,-13,-15.1646706586826
22,726,51,-15.1646706586826
22,727,87,112.106666666667
22,728,239,232.375
22,729,-46,-120.6
22,730,-165,-153.904761904762
22,731,-186,-107.060606060606
22,732,11,-41.4236111111111
22,733,-67,28.3768115942029
22,734,-30,-41.4236111111111
22,735,-31,-15.1646706586826
22,736,-10,-15.1646706586826
22,737,-13,-15.1646706586826
22,738,-38,-15.1646706586826
22,739,-23,2.15909090909091
22,740,-3,-15.1646706586826
22,741,18,1.86196319018405
22,742,21,56.3552631578947
22,743,101,56.3552631578947
22,744,78,184.521276595745
22,745,90,112.106666666667
22,746,150,18.7333333333333
22,747,158,-120.6
22,748,17,-238.103703703704
22,749,-87,-112.868131868132
22,750,54,-41.4236111111111
22,751,-70,-13.7719298245614
22,752,8,-41.4236111111111
22,753,-202,1.86196319018405
22,754,-57,-41.4236111111111
22,755,-76,2.15909090909091
22,756,-65,-41.4236111111111
22,757,13,2.15909090909091
22,758,-44,56.3552631578947
22,759,-45,2.15909090909091
22,760,-5,-41.4236111111111
22,761,19,1.86196319018405
22,762,-56,86.6909090909091
22,763,-13,-41.4236111111111
22,764,6,-15.1646706586826
22,765,79,1.86196319018405
22,766,-13,94.25
22,767,41,-15.1646706586826
22,768,150,-0.785714285714286
22,769,85,112.106666666667
22,770,91,-112.868131868132
22,771,-6,-0.785714285714286
22,772,19,1.86196319018405
22,773,97,56.3552631578947
22,774,12,-13.7719298245614
22,775,-62,-20.1538461538462
22,776,44,-41.4236111111111
22,777,-123,30.3
22,778,-86,-41.4236111111111
22,779,-114,-41.4236111111111
22,780,-98,-41.4236111111111
22,781,-66,-41.4236111111111
22,782,-5,-41.4236111111111
22,783,-46,1.86196319018405
22,784,-12,2.15909090909091
22,785,0,-15.1646706586826
22,786,-1,1.86196319018405
22,787,20,1.86196319018405
22,788,86,86.6909090909091
22,789,196,103.346153846154
22,790,283,185.865384615385
22,791,-272,-238.103703703704
22,792,-113,-153.904761904762
22,793,5,22.4166666666667
22,794,72,1.86196319018405
22,795,0,-13.7719298245614
22,796,-13,1.86196319018405
22,797,56,-15.1646706586826
22,798,71,112.106666666667
22,799,334,232.375
22,800,-111,-120.6
22,801,-124,-153.904761904762
22,802,-165,-107.060606060606
22,803,-91,-95.2173913043478
22,804,-115,-41.4236111111111
22,805,-57,-41.4236111111111
22,806,-33,2.15909090909091
22,807,-22,-15.1646706586826
22,808,-6,-15.1646706586826
22,809,-2,1.86196319018405
22,810,-2,1.86196319018405
22,811,26,1.86196319018405
22,812,73,86.6909090909091
22,813,241,151.009803921569
22,814,263,139.763888888889
22,815,-196,-238.103703703704
22,816,-189,-153.904761904762
22,817,39,22.4166666666667
22,818,73,28.3768115942029
22,819,14,-13.7719298245614
22,820,-34,-20.1538461538462
22,821,5,2.15909090909091
22,822,169,104.032608695652
22,823,272,181.386363636364
22,824,43,-63.2173913043478
22,825,-242,-153.904761904762
22,826,-179,-107.060606060606
22,827,-136,25.85
22,828,-85,-41.4236111111111
22,829,-79,-41.4236111111111
22,830,-38,-41.4236111111111
22,831,-30,2.15909090909091
22,832,-6,104.032608695652
22,833,-2,1.86196319018405
22,834,-2,1.86196319018405
22,835,26,1.86196319018405
22,836,99,86.6909090909091
22,837,240,185.865384615385
22,838,318,139.763888888889
22,839,-321,-238.103703703704
22,840,-196,-153.904761904762
22,841,46,22.4166666666667
22,842,70,-13.7719298245614
22,843,-32,-13.7719298245614
22,844,7,-15.1646706586826
22,845,10,1.86196319018405
22,846,122,104.032608695652
22,847,354,232.375
22,848,15,-63.2173913043478
22,849,-265,-153.904761904762
22,850,-122,-107.060606060606
22,851,-74,25.85
22,852,-117,-41.4236111111111
22,853,-50,-41.4236111111111
22,854,-86,-41.4236111111111
22,855,-32,2.15909090909091
22,856,5,104.032608695652
22,857,-13,1.86196319018405
22,858,-4,-15.1646706586826
22,859,28,1.86196319018405
22,860,97,86.6909090909091
22,861,228,185.865384615385
22,862,284,139.763888888889
22,863,-287,-238.103703703704
22,864,-105,-153.904761904762
22,865,22,22.4166666666667
22,866,8,28.3768115942029
22,867,15,1.86196319018405
22,868,-4,-20.1538461538462
22,869,-18,1.86196319018405
22,870,133,104.032608695652
22,871,420,232.375
22,872,-124,-63.2173913043478
22,873,-211,-153.904761904762
22,874,-175,-107.060606060606
22,875,-78,25.85
22,876,-85,-41.4236111111111
22,877,-13,-41.4236111111111
22,878,-75,-15.1646706586826
22,879,-23,2.15909090909091
22,880,-27,104.032608695652
22,881,-3,-15.1646706586826
22,882,-3,1.86196319018405
22,883,18,1.86196319018405
22,884,57,86.6909090909091
22,885,166,185.865384615385
22,886,262,184.521276595745
22,887,-132,-187.459459459459
22,888,-138,-153.904761904762
22,889,53,-107.060606060606
22,890,46,-13.7719298245614
22,891,74,-13.7719298245614
22,892,79,-0.785714285714286
22,893,47,-0.785714285714286
22,894,-1,18.7333333333333
22,895,119,60.7333333333333
22,896,-171,-120.6
22,897,-72,-36.2727272727273
22,898,-160,-41.4236111111111
22,899,-62,-41.4236111111111
22,900,-32,-41.4236111111111
22,901,-45,-15.1646706586826
22,902,-19,2.15909090909091
22,903,-25,-15.1646706586826
22,904,-33,-15.1646706586826
22,905,-8,-15.1646706586826
22,906,-21,1.86196319018405
22,907,-5,-15.1646706586826
22,908,17,1.86196319018405
22,909,35,86.6909090909091
22,910,69,56.3552631578947
22,911,153,151.009803921569
22,912,87,112.106666666667
22,913,132,-112.868131868132
22,914,95,-120.6
22,915,53,-238.103703703704
22,916,-65,-0.785714285714286
22,917,48,-41.4236111111111
22,918,-11,-0.785714285714286
22,919,-48,-15.1646706586826
22,920,-50,-41.4236111111111
22,921,-104,-41.4236111111111
22,922,-205,2.15909090909091
22,923,26,-41.4236111111111
22,924,-52,28.3768115942029
22,925,-64,-41.4236111111111
22,926,-33,-41.4236111111111
22,927,-21,-15.1646706586826
22,928,-32,-15.1646706586826
22,929,-6,104.032608695652
22,930,-19,1.86196319018405
22,931,5,-15.1646706586826
22,932,16,1.86196319018405
22,933,9,86.6909090909091
22,934,47,1.86196319018405
22,935,95,112.106666666667
22,936,120,30.3
22,937,105,18.7333333333333
22,938,53,-238.103703703704
22,939,26,-0.785714285714286
22,940,20,-20.1538461538462
22,941,-17,-20.1538461538462
22,942,-10,-15.1646706586826
22,943,-65,-15.1646706586826
22,944,-101,-41.4236111111111
22,945,-34,-41.4236111111111
22,946,-65,-41.4236111111111
22,947,-81,-41.4236111111111
22,948,-12,-41.4236111111111
22,949,-67,-15.1646706586826
22,950,-14,2.15909090909091
22,951,-21,-15.1646706586826
22,952,-10,-15.1646706586826
22,953,-3,-15.1646706586826
22,954,2,1.86196319018405
22,955,27,1.86196319018405
22,956,79,56.3552631578947
22,957,220,151.009803921569
22,958,286,139.763888888889
22,959,-331,-238.103703703704
22,960,-108,-153.904761904762
22,961,45,22.4166666666667
22,962,57,-13.7719298245614
22,963,1,-13.7719298245614
22,964,-63,1.86196319018405
22,965,37,2.15909090909091
22,966,136,104.032608695652
22,967,241,232.375
22,968,14,-63.2173913043478
22,969,-225,-153.904761904762
22,970,-145,-107.060606060606
22,971,-111,25.85
22,972,-57,-41.4236111111111
22,973,-41,-41.4236111111111
22,974,-41,-41.4236111111111
22,975,-17,2.15909090909091
22,976,-7,104.032608695652
22,977,0,1.86196319018405
22,978,0,1.86196319018405
22,979,22,1.86196319018405
22,980,79,86.6909090909091
22,981,281,185.865384615385
22,982,308,139.763888888889
22,983,-373,-238.103703703704
22,984,-138,-153.904761904762
22,985,58,22.4166666666667
22,986,20,-13.7719298245614
22,987,24,-20.1538461538462
22,988,-59,-20.1538461538462
22,989,-21,2.15909090909091
22,990,159,104.032608695652
22,991,382,232.375
22,992,-40,-63.2173913043478
22,993,-225,-153.904761904762
22,994,-197,-107.060606060606
22,995,-76,25.85
22,996,-79,-41.4236111111111
22,997,-65,-41.4236111111111
22,998,-32,-41.4236111111111
22,999,-18,-15.1646706586826
22,1000,-10,104.032608695652
22,1001,0,104.032608695652
22,1002,25,1.86196319018405
22,1003,79,86.6909090909091
22,1004,215,185.865384615385
22,1005,274,139.763888888889
22,1006,-293,-238.103703703704
22,1007,-149,-153.904761904762
22,1008,27,22.4166666666667
22,1009,2,28.3768115942029
22,1010,-19,1.86196319018405
22,1011,-28,-15.1646706586826
22,1012,67,-15.1646706586826
22,1013,105,94.25
22,1014,272,232.375
22,1015,6,-120.6
22,1016,-201,-153.904761904762
22,1017,-149,-107.060606060606
22,1018,-70,-95.2173913043478
22,1019,-31,-41.4236111111111
22,1020,-73,-15.1646706586826
22,1021,-38,-41.4236111111111
22,1022,-14,2.15909090909091
22,1023,-5,104.032608695652
22,1024,1,1.86196319018405
22,1025,-4,1.86196319018405
22,1026,20,1.86196319018405
22,1027,75,56.3552631578947
22,1028,210,185.865384615385
22,1029,318,139.763888888889
22,1030,-337,-238.103703703704
22,1031,-146,-153.904761904762
22,1032,83,22.4166666666667
22,1033,35,-13.7719298245614
22,1034,-56,-20.1538461538462
22,1035,21,-41.4236111111111
22,1036,-13,-20.1538461538462
22,1037,142,104.032608695652
22,1038,303,232.375
22,1039,-46,-63.2173913043478
22,1040,-177,-153.904761904762
22,1041,-153,-107.060606060606
22,1042,-93,-95.2173913043478
22,1043,-29,-41.4236111111111
22,1044,-64,-15.1646706586826
22,1045,-39,-41.4236111111111
22,1046,-25,2.15909090909091
22,1047,-19,-15.1646706586826
22,1048,0,-15.1646706586826
22,1049,-6,1.86196319018405
22,1050,16,1.86196319018405
22,1051,63,56.3552631578947
22,1052,212,185.865384615385
22,1053,267,184.521276595745
22,1054,-233,-238.103703703704
22,1055,-138,-153.904761904762
22,1056,41,22.4166666666667
22,1057,89,-13.7719298245614
22,1058,36,-13.7719298245614
22,1059,-10,-20.1538461538462
22,1060,4,-15.1646706586826
22,1061,111,104.032608695652
22,1062,275,232.375
22,1063,-67,-63.2173913043478
22,1064,-244,-153.904761904762
22,1065,-141,-107.060606060606
22,1066,-97,25.85
22,1067,26,-41.4236111111111
22,1068,-17,28.3768115942029
22,1069,-102,-15.1646706586826
22,1070,-26,2.15909090909091
22,1071,-14,104.032608695652
22,1072,-24,-15.1646706586826
22,1073,-18,-15.1646706586826
22,1074,-7,-15.1646706586826
22,1075,14,1.86196319018405
22,1076,43,56.3552631578947
22,1077,96,151.009803921569
22,1078,105,184.521276595745
22,1079,141,112.106666666667
22,1080,158,18.7333333333333
22,1081,114,-238.103703703704
22,1082,0,-238.103703703704
22,1083,-18,-36.2727272727273
22,1084,-2,-15.1646706586826
22,1085,-76,1.86196319018405
22,1086,-22,-41.4236111111111
22,1087,-79,-15.1646706586826
22,1088,-22,-41.4236111111111
22,1089,-138,-15.1646706586826
22,1090,-101,-41.4236111111111
22,1091,-8,2.15909090909091
22,1092,-16,1.86196319018405
22,1093,-72,-15.1646706586826
22,1094,-18,-41.4236111111111
22,1095,-32,-15.1646706586826
22,1096,-29,-15.1646706586826
22,1097,-33,-15.1646706586826
22,1098,-2,-15.1646706586826
22,1099,6,1.86196319018405
22,1100,30,1.86196319018405
22,1101,51,86.6909090909091
22,1102,154,151.009803921569
22,1103,170,112.106666666667
22,1104,107,-187.459459459459
22,1105,107,-238.103703703704
22,1106,46,-120.6
22,1107,-53,-0.785714285714286
22,1108,-11,-41.4236111111111
22,1109,-1,-15.1646706586826
22,1110,7,1.86196319018405
22,1111,-144,60.7333333333333
22,1112,-100,-41.4236111111111
22,1113,-88,-41.4236111111111
22,1114,-62,-41.4236111111111
22,1115,-95,-41.4236111111111
22,1116,-44,-41.4236111111111
22,1117,-49,2.15909090909091
22,1118,-13,2.15909090909091
22,1119,-14,-15.1646706586826
22,1120,-6,-15.1646706586826
22,1121,-2,1.86196319018405
22,1122,32,1.86196319018405
22,1123,95,86.6909090909091
22,1124,254,185.865384615385
22,1125,210,139.763888888889
22,1126,-300,-238.103703703704
22,1127,-73,-153.904761904762
22,1128,27,22.4166666666667
22,1129,20,28.3768115942029
22,1130,-8,-20.1538461538462
22,1131,25,1.86196319018405
22,1132,-13,-20.1538461538462
22,1133,83,104.032608695652
22,1134,354,232.375
22,1135,-36,-13.7719298245614
22,1136,-154,-153.904761904762
22,1137,-147,-107.060606060606
22,1138,-104,-95.2173913043478
22,1139,-57,-41.4236111111111
22,1140,-93,-41.4236111111111
22,1141,-78,-41.4236111111111
22,1142,-32,2.15909090909091
22,1143,-7,-15.1646706586826
22,1144,2,1.86196319018405
22,1145,3,1.86196319018405
22,1146,21,1.86196319018405
22,1147,114,86.6909090909091
22,1148,317,185.865384615385
22,1149,212,-63.2173913043478
22,1150,-273,-238.103703703704
22,1151,-183,-153.904761904762
22,1152,22,22.4166666666667
22,1153,5,28.3768115942029
22,1154,-5,1.86196319018405
22,1155,18,1.86196319018405
22,1156,51,-20.1538461538462
22,1157,62,112.106666666667
22,1158,411,232.375
22,1159,-6,-120.6
22,1160,-238,-153.904761904762
22,1161,-135,-107.060606060606
22,1162,-105,25.85
22,1163,-135,-41.4236111111111
22,1164,-80,-41.4236111111111
22,1165,-44,-41.4236111111111
22,1166,-24,2.15909090909091
22,1167,-5,104.032608695652
22,1168,-3,1.86196319018405
22,1169,1,1.86196319018405
22,1170,27,1.86196319018405
22,1171,100,86.6909090909091
22,1172,284,185.865384615385
22,1173,158,139.763888888889
22,1174,-311,-238.103703703704
22,1175,-118,-112.868131868132
22,1176,-28,25.85
22,1177,-9,-15.1646706586826
22,1178,-46,-15.1646706586826
22,1179,-13,-41.4236111111111
22,1180,47,-15.1646706586826
22,1181,137,185.865384615385
22,1182,253,271.932203389831
22,1183,17,-187.459459459459
22,1184,-137,-153.904761904762
22,1185,-108,-107.060606060606
22,1186,-71,-95.2173913043478
22,1187,-27,-41.4236111111111
22,1188,-92,-15.1646706586826
22,1189,-45,-41.4236111111111
22,1190,-12,2.15909090909091
22,1191,-7,-15.1646706586826
22,1192,-2,1.86196319018405
22,1193,0,1.86196319018405
22,1194,26,1.86196319018405
22,1195,90,56.3552631578947
22,1196,286,185.865384615385
22,1197,271,139.763888888889
22,1198,-376,-238.103703703704
22,1199,-112,-153.904761904762
22,1200,40,22.4166666666667
22,1201,35,-13.7719298245614
22,1202,-26,-20.1538461538462
22,1203,-1,-15.1646706586826
22,1204,25,1.86196319018405
22,1205,125,104.032608695652
22,1206,361,232.375
22,1207,28,-63.2173913043478
22,1208,-190,-153.904761904762
22,1209,-182,-107.060606060606
22,1210,-137,-95.2173913043478
22,1211,-19,-41.4236111111111
22,1212,-104,-15.1646706586826
22,1213,-80,-41.4236111111111
22,1214,-39,2.15909090909091
22,1215,-4,2.15909090909091
22,1216,-11,1.86196319018405
22,1217,-7,-15.1646706586826
22,1218,22,1.86196319018405
22,1219,88,56.3552631578947
22,1220,246,185.865384615385
22,1221,341,185.865384615385
22,1222,-341,-238.103703703704
22,1223,-122,-153.904761904762
22,1224,17,22.4166666666667
22,1225,108,28.3768115942029
22,1226,19,-13.7719298245614
22,1227,13,-20.1538461538462
22,1228,13,-20.1538461538462
22,1229,173,104.032608695652
22,1230,239,232.375
22,1231,-151,-63.2173913043478
22,1232,-176,-153.904761904762
22,1233,-151,22.4166666666667
22,1234,-54,-41.4236111111111
22,1235,-85,-41.4236111111111
22,1236,-15,-41.4236111111111
22,1237,-45,-15.1646706586826
22,1238,-54,2.15909090909091
22,1239,-7,2.15909090909091
22,1240,-52,1.86196319018405
22,1241,-20,2.15909090909091
22,1242,-8,-15.1646706586826
22,1243,30,1.86196319018405
22,1244,45,56.3552631578947
22,1245,125,185.865384615385
22,1246,130,184.521276595745
22,1247,151,-187.459459459459
22,1248,126,-238.103703703704
22,1249,32,-238.103703703704
22,1250,9,-36.2727272727273
22,1251,-40,1.86196319018405
22,1252,19,-41.4236111111111
22,1253,11,-20.1538461538462
22,1254,-71,-20.1538461538462
22,1255,-152,-41.4236111111111
22,1256,-362,-41.4236111111111
22,1257,-15,-41.4236111111111
22,1258,63,-15.1646706586826
22,1259,8,-13.7719298245614
22,1260,-19,1.86196319018405
22,1261,26,-15.1646706586826
22,1262,-44,86.6909090909091
22,1263,-17,-41.4236111111111
22,1264,-16,-15.1646706586826
22,1265,-33,-15.1646706586826
22,1266,-1,-15.1646706586826
22,1267,6,1.86196319018405
22,1268,12,1.86196319018405
22,1269,27,56.3552631578947
22,1270,28,86.6909090909091
22,1271,-11,56.3552631578947
22,1272,9,-15.1646706586826
22,1273,-16,1.86196319018405
22,1274,-9,-15.1646706586826
22,1275,1,-15.1646706586826
22,1276,-15,1.86196319018405
22,1277,-2,-15.1646706586826
22,1278,-9,1.86196319018405
22,1279,12,-15.1646706586826
22,1280,-4,56.3552631578947
22,1281,0,1.86196319018405
22,1282,-24,1.86196319018405
22,1283,2,-15.1646706586826
22,1284,4,1.86196319018405
22,1285,-11,1.86196319018405
22,1286,-4,-15.1646706586826
22,1287,2,1.86196319018405
22,1288,-3,1.86196319018405
22,1289,2,1.86196319018405
22,1290,11,1.86196319018405
22,1291,31,28.3768115942029
22,1292,162,56.3552631578947
22,1293,275,191.25
22,1294,-210,-63.2173913043478
22,1295,-172,-153.904761904762
22,1296,1,22.4166666666667
22,1297,28,1.86196319018405
22,1298,-22,-20.1538461538462
22,1299,7,-15.1646706586826
22,1300,-2,1.86196319018405
22,1301,-9,104.032608695652
22,1302,129,-15.1646706586826
22,1303,147,-13.7719298245614
22,1304,-81,-63.2173913043478
22,1305,-95,-112.868131868132
22,1306,-51,-41.4236111111111
22,1307,-63,-41.4236111111111
22,1308,-30,-41.4236111111111
22,1309,-46,-15.1646706586826
22,1310,-6,2.15909090909091
22,1311,-4,60.7333333333333
22,1312,-1,60.7333333333333
22,1313,1,1.86196319018405
22,1314,19,1.86196319018405
22,1315,98,86.6909090909091
22,1316,270,185.865384615385
22,1317,221,191.25
22,1318,-303,-238.103703703704
22,1319,-146,-153.904761904762
22,1320,22,22.4166666666667
22,1321,40,28.3768115942029
22,1322,0,-13.7719298245614
22,1323,-8,1.86196319018405
22,1324,20,1.86196319018405
22,1325,126,104.032608695652
22,1326,329,232.375
22,1327,-59,-63.2173913043478
22,1328,-150,-153.904761904762
22,1329,-197,-107.060606060606
22,1330,-59,-95.2173913043478
22,1331,-69,-41.4236111111111
22,1332,-84,-41.4236111111111
22,1333,-37,-41.4236111111111
22,1334,-11,2.15909090909091
22,1335,-18,-15.1646706586826
22,1336,-4,104.032608695652
22,1337,3,1.86196319018405
22,1338,18,1.86196319018405
22,1339,82,86.6909090909091
22,1340,283,185.865384615385
22,1341,265,139.763888888889
22,1342,-333,-238.103703703704
22,1343,-139,-153.904761904762
22,1344,37,22.4166666666667
22,1345,50,28.3768115942029
22,1346,-41,-13.7719298245614
22,1347,-5,-41.4236111111111
22,1348,6,1.86196319018405
22,1349,147,104.032608695652
22,1350,356,232.375
22,1351,-23,-63.2173913043478
22,1352,-166,-153.904761904762
22,1353,-163,-107.060606060606
22,1354,-141,-95.2173913043478
22,1355,-47,-41.4236111111111
22,1356,-88,-41.4236111111111
22,1357,-61,-41.4236111111111
22,1358,-20,2.15909090909091
22,1359,-10,-15.1646706586826
22,1360,-7,-15.1646706586826
22,1361,-3,1.86196319018405
22,1362,14,1.86196319018405
22,1363,110,86.6909090909091
22,1364,98,185.865384615385
22,1365,137,139.763888888889
22,1366,-161,18.7333333333333
22,1367,-62,-112.868131868132
22,1368,12,-41.4236111111111
22,1369,53,28.3768115942029
22,1370,-7,-13.7719298245614
22,1371,-28,1.86196319018405
22,1372,35,-15.1646706586826
22,1373,114,56.3552631578947
22,1374,296,218
22,1375,50,-63.2173913043478
22,1376,-200,-153.904761904762
22,1377,-127,-107.060606060606
22,1378,-87,-95.2173913043478
22,1379,-67,-41.4236111111111
22,1380,-71,-41.4236111111111
22,1381,-39,-41.4236111111111
22,1382,-38,2.15909090909091
22,1383,-13,2.15909090909091
22,1384,-19,-15.1646706586826
22,1385,3,-15.1646706586826
22,1386,13,1.86196319018405
22,1387,101,86.6909090909091
22,1388,195,185.865384615385
22,1389,277,185.865384615385
22,1390,-258,-238.103703703704
22,1391,-98,-153.904761904762
22,1392,-3,22.4166666666667
22,1393,74,1.86196319018405
22,1394,-1,-13.7719298245614
22,1395,-6,1.86196319018405
22,1396,24,1.86196319018405
22,1397,116,104.032608695652
22,1398,262,232.375
22,1399,-48,-63.2173913043478
22,1400,-213,-153.904761904762
22,1401,-152,-107.060606060606
22,1402,-81,25.85
22,1403,-50,-41.4236111111111
22,1404,-42,-41.4236111111111
22,1405,-13,-41.4236111111111
22,1406,-36,-15.1646706586826
22,1407,-10,2.15909090909091
22,1408,-31,-15.1646706586826
22,1409,-24,-15.1646706586826
22,1410,3,-15.1646706586826
22,1411,23,1.86196319018405
22,1412,27,86.6909090909091
22,1413,103,56.3552631578947
22,1414,56,184.521276595745
22,1415,77,112.106666666667
22,1416,67,18.7333333333333
22,1417,23,-0.785714285714286
22,1418,8,28.3768115942029
22,1419,51,1.86196319018405
22,1420,-32,-13.7719298245614
22,1421,-32,-15.1646706586826
22,1422,-54,-15.1646706586826
22,1423,-232,-41.4236111111111
22,1424,49,-41.4236111111111
22,1425,-37,-13.7719298245614
22,1426,-18,-41.4236111111111
22,1427,-1,-15.1646706586826
22,1428,-41,1.86196319018405
22,1429,-6,2.15909090909091
22,1430,6,104.032608695652
22,1431,-2,1.86196319018405
22,1432,-24,1.86196319018405
22,1433,-12,-15.1646706586826
22,1434,2,-15.1646706586826
22,1435,1,1.86196319018405
22,1436,20,1.86196319018405
22,1437,80,28.3768115942029
22,1438,78,103.346153846154
22,1439,195,139.763888888889
22,1440,31,18.7333333333333
22,1441,173,-153.904761904762
22,1442,11,-120.6
22,1443,58,-112.868131868132
22,1444,-50,-0.785714285714286
22,1445,-16,-41.4236111111111
22,1446,-65,-15.1646706586826
22,1447,-35,-41.4236111111111
22,1448,-112,-41.4236111111111
22,1449,-132,-41.4236111111111
22,1450,-39,-41.4236111111111
22,1451,-96,-41.4236111111111
22,1452,-26,2.15909090909091
22,1453,-34,-15.1646706586826
22,1454,-24,2.15909090909091
22,1455,-16,-15.1646706586826
22,1456,-4,-15.1646706586826
22,1457,-2,1.86196319018405
22,1458,18,1.86196319018405
22,1459,103,86.6909090909091
22,1460,226,184.521276595745
22,1461,247,139.763888888889
22,1462,-328,-238.103703703704
22,1463,-111,-153.904761904762
22,1464,6,22.4166666666667
22,1465,62,1.86196319018405
22,1466,22,-13.7719298245614
22,1467,-29,-20.1538461538462
22,1468,13,-15.1646706586826
22,1469,116,104.032608695652
22,1470,336,232.375
22,1471,-19,-63.2173913043478
22,1472,-193,-153.904761904762
22,1473,-162,-107.060606060606
22,1474,-88,-95.2173913043478
22,1475,-87,-41.4236111111111
22,1476,-74,-41.4236111111111
22,1477,-25,-41.4236111111111
22,1478,-14,-15.1646706586826
22,1479,-13,-15.1646706586826
22,1480,-5,-15.1646706586826
22,1481,5,1.86196319018405
22,1482,9,1.86196319018405
22,1483,9,1.86196319018405
22,1484,143,1.86196319018405
22,1485,388,112.106666666667
22,1486,-208,-63.2173913043478
22,1487,-175,-153.904761904762
22,1488,55,22.4166666666667
22,1489,40,-13.7719298245614
22,1490,-20,-13.7719298245614
22,1491,-45,-15.1646706586826
22,1492,30,2.15909090909091
22,1493,120,104.032608695652
22,1494,327,181.386363636364
22,1495,62,-63.2173913043478
22,1496,-256,-153.904761904762
22,1497,-152,-107.060606060606
22,1498,-53,25.85
22,1499,-71,-41.4236111111111
22,1500,-116,-41.4236111111111
22,1501,-48,-41.4236111111111
22,1502,-32,2.15909090909091
22,1503,1,104.032608695652
22,1504,-10,1.86196319018405
22,1505,-2,-15.1646706586826
22,1506,29,1.86196319018405
22,1507,87,86.6909090909091
22,1508,238,185.865384615385
22,1509,308,139.763888888889
22,1510,-351,-238.103703703704
22,1511,-140,-153.904761904762
22,1512,9,22.4166666666667
22,1513,61,1.86196319018405
22,1514,-17,-13.7719298245614
22,1515,12,-15.1646706586826
22,1516,16,-20.1538461538462
22,1517,111,104.032608695652
22,1518,362,232.375
22,1519,84,-63.2173913043478
22,1520,-309,-153.904761904762
22,1521,-166,-107.060606060606
22,1522,-99,25.85
22,1523,-66,-41.4236111111111
22,1524,-75,-41.4236111111111
22,1525,-8,-41.4236111111111
22,1526,-66,60.7333333333333
22,1527,-7,2.15909090909091
22,1528,-11,1.86196319018405
22,1529,-4,-15.1646706586826
22,1530,19,1.86196319018405
22,1531,115,86.6909090909091
22,1532,248,184.521276595745
22,1533,243,-63.2173913043478
22,1534,-323,-238.103703703704
22,1535,-136,-153.904761904762
22,1536,33,22.4166666666667
22,1537,100,28.3768115942029
22,1538,-36,-13.7719298245614
22,1539,-61,-41.4236111111111
22,1540,79,2.15909090909091
22,1541,87,112.106666666667
22,1542,334,232.375
22,1543,2,-120.6
22,1544,-184,-153.904761904762
22,1545,-102,-107.060606060606
22,1546,-121,-95.2173913043478
22,1547,-53,-41.4236111111111
22,1548,-125,-41.4236111111111
22,1549,-32,-41.4236111111111
22,1550,-41,-15.1646706586826
22,1551,-37,2.15909090909091
22,1552,3,2.15909090909091
22,1553,-10,1.86196319018405
22,1554,20,-15.1646706586826
22,1555,111,86.6909090909091
22,1556,221,218
22,1557,262,-63.2173913043478
22,1558,-324,-238.103703703704
22,1559,-95,-153.904761904762
22,1560,59,22.4166666666667
22,1561,-87,-13.7719298245614
22,1562,107,-41.4236111111111
22,1563,-36,-120.6
22,1564,101,2.15909090909091
22,1565,97,94.25
22,1566,203,232.375
22,1567,-2,-120.6
22,1568,-189,-153.904761904762
22,1569,-139,-107.060606060606
22,1570,-78,-41.4236111111111
22,1571,-3,-41.4236111111111
22,1572,24,1.86196319018405
22,1573,-103,-20.1538461538462
22,1574,-46,2.15909090909091
22,1575,-32,2.15909090909091
22,1576,-43,-15.1646706586826
22,1577,-23,-41.4236111111111
22,1578,13,-15.1646706586826
22,1579,20,28.3768115942029
22,1580,45,56.3552631578947
22,1581,110,185.865384615385
22,1582,87,112.106666666667
22,1583,148,112.106666666667
22,1584,143,18.7333333333333
22,1585,-25,-238.103703703704
22,1586,-26,-112.868131868132
22,1587,-96,-15.1646706586826
22,1588,113,-41.4236111111111
22,1589,-1,-13.7719298245614
22,1590,-38,-36.2727272727273
22,1591,-68,-41.4236111111111
22,1592,-29,-41.4236111111111
22,1593,-96,-15.1646706586826
22,1594,-40,-41.4236111111111
22,1595,-52,-41.4236111111111
22,1596,-68,-41.4236111111111
22,1597,-15,2.15909090909091
22,1598,-13,-15.1646706586826
22,1599,-28,-15.1646706586826
22,1600,-65,-15.1646706586826
22,1601,-12,-41.4236111111111
22,1602,-5,-15.1646706586826
22,1603,6,1.86196319018405
22,1604,19,1.86196319018405
22,1605,78,56.3552631578947
22,1606,77,151.009803921569
22,1607,142,112.106666666667
22,1608,81,18.7333333333333
22,1609,144,-112.868131868132
22,1610,7,-120.6
22,1611,-47,-112.868131868132
22,1612,53,-41.4236111111111
22,1613,-27,-13.7719298245614
22,1614,-33,-15.1646706586826
22,1615,-48,-15.1646706586826
22,1616,-80,-41.4236111111111
22,1617,-107,-41.4236111111111
22,1618,-73,-41.4236111111111
22,1619,-46,-41.4236111111111
22,1620,-55,-41.4236111111111
22,1621,-68,-41.4236111111111
22,1622,-25,2.15909090909091
22,1623,-3,-15.1646706586826
22,1624,-1,1.86196319018405
22,1625,-3,1.86196319018405
22,1626,21,1.86196319018405
22,1627,119,86.6909090909091
22,1628,243,185.865384615385
22,1629,254,-63.2173913043478
22,1630,-289,-238.103703703704
22,1631,-160,-153.904761904762
22,1632,23,22.4166666666667
22,1633,50,28.3768115942029
22,1634,9,-13.7719298245614
22,1635,-33,1.86196319018405
22,1636,23,-15.1646706586826
22,1637,126,104.032608695652
22,1638,381,232.375
22,1639,-89,-63.2173913043478
22,1640,-134,-153.904761904762
22,1641,-223,-107.060606060606
22,1642,-76,-95.2173913043478
22,1643,-74,25.85
22,1644,-60,-41.4236111111111
22,1645,-75,2.15909090909091
22,1646,-29,2.15909090909091
22,1647,7,-15.1646706586826
22,1648,-10,104.032608695652
22,1649,-1,-15.1646706586826
22,1650,15,1.86196319018405
22,1651,145,86.6909090909091
22,1652,298,94.25
22,1653,178,-63.2173913043478
22,1654,-346,-238.103703703704
22,1655,-138,-112.868131868132
22,1656,60,22.4166666666667
22,1657,46,-13.7719298245614
22,1658,-44,-13.7719298245614
22,1659,-148,-41.4236111111111
22,1660,63,2.15909090909091
22,1661,255,112.106666666667
22,1662,328,232.375
22,1663,-7,-238.103703703704
22,1664,-252,-153.904761904762
22,1665,-156,-107.060606060606
22,1666,-79,25.85
22,1667,-76,-41.4236111111111
22,1668,-84,-41.4236111111111
22,1669,-28,-41.4236111111111
22,1670,-21,-15.1646706586826
22,1671,-13,104.032608695652
22,1672,1,-15.1646706586826
22,1673,3,1.86196319018405
22,1674,23,1.86196319018405
22,1675,98,86.6909090909091
22,1676,292,184.521276595745
22,1677,204,139.763888888889
22,1678,-297,-238.103703703704
22,1679,-172,-153.904761904762
22,1680,48,22.4166666666667
22,1681,79,-13.7719298245614
22,1682,-14,-13.7719298245614
22,1683,-23,-15.1646706586826
22,1684,16,-15.1646706586826
22,1685,98,104.032608695652
22,1686,348,232.375
22,1687,-333,-13.7719298245614
22,1688,-274,-153.904761904762
22,1689,-47,22.4166666666667
22,1690,-17,25.85
22,1691,33,-15.1646706586826
22,1692,-12,-20.1538461538462
22,1693,-22,-15.1646706586826
22,1694,-22,104.032608695652
22,1695,-8,104.032608695652
22,1696,0,1.86196319018405
22,1697,-1,1.86196319018405
22,1698,22,1.86196319018405
22,1699,115,56.3552631578947
22,1700,262,184.521276595745
22,1701,229,-63.2173913043478
22,1702,-269,-238.103703703704
22,1703,-207,-153.904761904762
22,1704,102,22.4166666666667
22,1705,16,-13.7719298245614
22,1706,46,-20.1538461538462
22,1707,-71,-0.785714285714286
22,1708,24,2.15909090909091
22,1709,150,104.032608695652
22,1710,311,232.375
22,1711,38,-63.2173913043478
22,1712,-217,-153.904761904762
22,1713,-179,-107.060606060606
22,1714,-144,25.85
22,1715,2,-41.4236111111111
22,1716,-97,1.86196319018405
22,1717,-71,-41.4236111111111
22,1718,-18,2.15909090909091
22,1719,-15,104.032608695652
22,1720,-18,-15.1646706586826
22,1721,-4,-15.1646706586826
22,1722,17,1.86196319018405
22,1723,109,56.3552631578947
22,1724,216,185.865384615385
22,1725,269,139.763888888889
22,1726,-298,-238.103703703704
22,1727,-112,-153.904761904762
22,1728,81,22.4166666666667
22,1729,57,-13.7719298245614
22,1730,15,-13.7719298245614
22,1731,-29,-20.1538461538462
22,1732,105,-15.1646706586826
22,1733,86,112.106666666667
22,1734,254,232.375
22,1735,-183,-120.6
22,1736,-93,-153.904761904762
22,1737,-162,22.4166666666667
22,1738,-71,-95.2173913043478
22,1739,-36,-41.4236111111111
22,1740,-54,-41.4236111111111
22,1741,-44,2.15909090909091
22,1742,-43,2.15909090909091
22,1743,-37,2.15909090909091
22,1744,-22,2.15909090909091
22,1745,-25,-15.1646706586826
22,1746,4,-15.1646706586826
22,1747,20,1.86196319018405
22,1748,34,86.6909090909091
22,1749,111,86.6909090909091
22,1750,157,112.106666666667
22,1751,76,-63.2173913043478
22,1752,111,-112.868131868132
22,1753,37,-120.6
22,1754,100,-36.2727272727273
22,1755,-44,-0.785714285714286
22,1756,-25,-41.4236111111111
22,1757,1,-15.1646706586826
22,1758,-15,60.7333333333333
22,1759,-30,-15.1646706586826
22,1760,-107,-15.1646706586826
22,1761,-152,-41.4236111111111
22,1762,-57,-41.4236111111111
22,1763,44,-41.4236111111111
22,1764,-98,103.346153846154
22,1765,-78,-41.4236111111111
22,1766,-4,2.15909090909091
22,1767,-12,1.86196319018405
22,1768,-54,-15.1646706586826
22,1769,-19,-41.4236111111111
22,1770,3,-15.1646706586826
22,1771,9,1.86196319018405
22,1772,39,1.86196319018405
22,1773,96,28.3768115942029
22,1774,66,184.521276595745
22,1775,128,112.106666666667
22,1776,78,18.7333333333333
22,1777,103,-112.868131868132
22,1778,71,-0.785714285714286
22,1779,-50,-0.785714285714286
22,1780,-53,-41.4236111111111
22,1781,65,-41.4236111111111
22,1782,-86,-13.7719298245614
22,1783,-89,-41.4236111111111
22,1784,-50,-41.4236111111111
22,1785,-109,-41.4236111111111
22,1786,-61,-41.4236111111111
22,1787,-38,-41.4236111111111
22,1788,-57,2.15909090909091
22,1789,-39,2.15909090909091
22,1790,-24,-41.4236111111111
22,1791,-9,-15.1646706586826
22,1792,0,-15.1646706586826
22,1793,4,1.86196319018405
22,1794,20,1.86196319018405
22,1795,39,86.6909090909091
22,1796,10,86.6909090909091
22,1797,81,86.6909090909091
22,1798,-46,112.106666666667
22,1799,-51,-41.4236111111111
22,1800,20,-41.4236111111111
22,1801,106,28.3768115942029
22,1802,-9,-13.7719298245614
22,1803,-5,-15.1646706586826
22,1804,25,1.86196319018405
22,1805,-85,56.3552631578947
22,1806,118,-41.4236111111111
22,1807,71,-13.7719298245614
22,1808,4,-36.2727272727273
22,1809,-115,1.86196319018405
22,1810,-37,-41.4236111111111
22,1811,-23,2.15909090909091
22,1812,-54,-15.1646706586826
22,1813,-43,-41.4236111111111
22,1814,-13,-41.4236111111111
22,1815,-15,-15.1646706586826
22,1816,2,-15.1646706586826
22,1817,-1,1.86196319018405
22,1818,3,1.86196319018405
22,1819,16,1.86196319018405
22,1820,68,86.6909090909091
22,1821,317,151.009803921569
22,1822,-54,184.521276595745
22,1823,-184,-153.904761904762
22,1824,53,-107.060606060606
22,1825,40,-13.7719298245614
22,1826,-25,-13.7719298245614
22,1827,-55,-15.1646706586826
22,1828,72,-41.4236111111111
22,1829,118,112.106666666667
22,1830,304,94.25
22,1831,55,-238.103703703704
22,1832,-221,-153.904761904762
22,1833,-249,-107.060606060606
22,1834,-154,25.85
22,1835,-26,25.85
22,1836,-12,-15.1646706586826
22,1837,-32,-15.1646706586826
22,1838,-18,-15.1646706586826
22,1839,-2,104.032608695652
22,1840,-13,104.032608695652
22,1841,-2,-15.1646706586826
22,1842,34,1.86196319018405
22,1843,120,56.3552631578947
22,1844,282,184.521276595745
22,1845,210,-63.2173913043478
22,1846,-303,-238.103703703704
22,1847,-155,-153.904761904762
22,1848,75,22.4166666666667
22,1849,63,-13.7719298245614
22,1850,20,-13.7719298245614
22,1851,-87,-20.1538461538462
22,1852,11,2.15909090909091
22,1853,172,104.032608695652
22,1854,427,232.375
22,1855,-27,-63.2173913043478
22,1856,-256,-153.904761904762
22,1857,-131,-107.060606060606
22,1858,-66,25.85
22,1859,-107,-41.4236111111111
22,1860,-153,-41.4236111111111
22,1861,-54,-41.4236111111111
22,1862,-51,2.15909090909091
22,1863,-12,2.15909090909091
22,1864,-13,-15.1646706586826
22,1865,13,-15.1646706586826
22,1866,19,86.6909090909091
22,1867,124,86.6909090909091
22,1868,315,218
22,1869,160,-63.2173913043478
22,1870,-288,-238.103703703704
22,1871,-141,-112.868131868132
22,1872,74,25.85
22,1873,69,-13.7719298245614
22,1874,-21,-13.7719298245614
22,1875,-57,-15.1646706586826
22,1876,46,2.15909090909091
22,1877,114,112.106666666667
22,1878,422,271.932203389831
22,1879,16,-187.459459459459
22,1880,-331,-153.904761904762
22,1881,-91,-107.060606060606
22,1882,-147,25.85
22,1883,-48,-41.4236111111111
22,1884,-85,-41.4236111111111
22,1885,-96,-41.4236111111111
22,1886,-21,2.15909090909091
22,1887,-28,104.032608695652
22,1888,-7,-15.1646706586826
22,1889,-3,1.86196319018405
22,1890,23,1.86196319018405
22,1891,148,86.6909090909091
22,1892,333,185.865384615385
22,1893,230,-63.2173913043478
22,1894,-384,-238.103703703704
22,1895,-106,-153.904761904762
22,1896,79,22.4166666666667
22,1897,26,-13.7719298245614
22,1898,35,-20.1538461538462
22,1899,-45,-20.1538461538462
22,1900,41,2.15909090909091
22,1901,177,112.106666666667
22,1902,244,232.375
22,1903,-143,-187.459459459459
22,1904,-186,-153.904761904762
22,1905,-146,22.4166666666667
22,1906,-79,-41.4236111111111
22,1907,-7,-41.4236111111111
22,1908,-77,1.86196319018405
22,1909,-26,2.15909090909091
22,1910,-44,-15.1646706586826
22,1911,-35,2.15909090909091
22,1912,-36,2.15909090909091
22,1913,-19,-41.4236111111111
22,1914,-2,-15.1646706586826
22,1915,38,1.86196319018405
22,1916,45,86.6909090909091
22,1917,100,185.865384615385
22,1918,97,184.521276595745
22,1919,160,112.106666666667
22,1920,134,18.7333333333333
22,1921,56,-238.103703703704
22,1922,62,-112.868131868132
22,1923,26,-0.785714285714286
22,1924,-58,-20.1538461538462
22,1925,-30,-41.4236111111111
22,1926,-16,-15.1646706586826
22,1927,19,-15.1646706586826
22,1928,-213,-20.1538461538462
22,1929,-117,-41.4236111111111
22,1930,-56,25.85
22,1931,79,-41.4236111111111
22,1932,-99,94.25
22,1933,-69,-41.4236111111111
22,1934,-40,2.15909090909091
22,1935,-32,2.15909090909091
22,1936,-32,-15.1646706586826
22,1937,-50,-15.1646706586826
22,1938,-8,2.15909090909091
22,1939,17,1.86196319018405
22,1940,65,86.6909090909091
22,1941,81,185.865384615385
22,1942,142,151.009803921569
22,1943,119,18.7333333333333
22,1944,149,-238.103703703704
22,1945,56,-238.103703703704
22,1946,-30,-112.868131868132
22,1947,-64,-15.1646706586826
22,1948,-41,-41.4236111111111
22,1949,75,-41.4236111111111
22,1950,-28,-13.7719298245614
22,1951,-75,-15.1646706586826
22,1952,-72,-41.4236111111111
22,1953,-128,2.15909090909091
22,1954,-41,-41.4236111111111
22,1955,-88,-41.4236111111111
22,1956,-59,-41.4236111111111
22,1957,-46,2.15909090909091
22,1958,-25,2.15909090909091
22,1959,-4,-15.1646706586826
22,1960,-9,1.86196319018405
22,1961,5,-15.1646706586826
22,1962,8,1.86196319018405
22,1963,64,1.86196319018405
22,1964,74,185.865384615385
22,1965,117,112.106666666667
22,1966,-84,-120.6
22,1967,-87,-36.2727272727273
22,1968,7,-41.4236111111111
22,1969,64,1.86196319018405
22,1970,14,-13.7719298245614
22,1971,-4,-20.1538461538462
22,1972,45,1.86196319018405
22,1973,90,112.106666666667
22,1974,193,112.106666666667
22,1975,22,-120.6
22,1976,-82,-153.904761904762
22,1977,-112,-107.060606060606
22,1978,-95,-41.4236111111111
22,1979,-99,-41.4236111111111
22,1980,-45,-41.4236111111111
22,1981,-61,-41.4236111111111
22,1982,-9,2.15909090909091
22,1983,-16,-15.1646706586826
22,1984,-6,-15.1646706586826
22,1985,2,1.86196319018405
22,1986,10,1.86196319018405
22,1987,120,86.6909090909091
22,1988,187,185.865384615385
22,1989,266,-63.2173913043478
22,1990,-257,-238.103703703704
22,1991,-133,-153.904761904762
22,1992,-11,22.4166666666667
22,1993,65,-15.1646706586826
22,1994,-11,-13.7719298245614
22,1995,-21,-15.1646706586826
22,1996,23,-15.1646706586826
22,1997,141,104.032608695652
22,1998,399,232.375
22,1999,0,-63.2173913043478
22,2000,-421,-153.904761904762
22,2001,9,-107.060606060606
22,2002,-112,1.86196319018405
22,2003,-87,-41.4236111111111
22,2004,-69,-41.4236111111111
22,2005,-58,-41.4236111111111
22,2006,-15,2.15909090909091
22,2007,-20,104.032608695652
22,2008,-7,-15.1646706586826
22,2009,-2,1.86196319018405
22,2010,32,1.86196319018405
22,2011,125,86.6909090909091
22,2012,308,185.865384615385
22,2013,251,-63.2173913043478
22,2014,-422,-238.103703703704
22,2015,-106,-153.904761904762
22,2016,6,22.4166666666667
22,2017,51,1.86196319018405
22,2018,22,-13.7719298245614
22,2019,-22,-20.1538461538462
22,2020,9,-15.1646706586826
22,2021,21,104.032608695652
22,2022,7,167.428571428571
22,2023,42,1.86196319018405
22,2024,49,-13.7719298245614
22,2025,-81,30.3
22,2026,-50,-41.4236111111111
22,2027,-86,-41.4236111111111
22,2028,-53,-41.4236111111111
22,2029,-50,-41.4236111111111
22,2030,-26,-41.4236111111111
22,2031,-14,-15.1646706586826
22,2032,-12,-15.1646706586826
22,2033,1,-15.1646706586826
22,2034,25,1.86196319018405
22,2035,126,86.6909090909091
22,2036,259,185.865384615385
22,2037,277,-63.2173913043478
22,2038,-391,-238.103703703704
22,2039,-116,-153.904761904762
22,2040,36,22.4166666666667
22,2041,68,28.3768115942029
22,2042,13,-13.7719298245614
22,2043,-50,-20.1538461538462
22,2044,39,2.15909090909091
22,2045,99,104.032608695652
22,2046,408,232.375
22,2047,-46,-120.6
22,2048,-260,-153.904761904762
22,2049,-94,-107.060606060606
22,2050,-113,25.85
22,2051,-42,-41.4236111111111
22,2052,-76,-41.4236111111111
22,2053,-94,-41.4236111111111
22,2054,-31,2.15909090909091
22,2055,-19,104.032608695652
22,2056,-9,-15.1646706586826
22,2057,-5,-15.1646706586826
22,2058,21,1.86196319018405
22,2059,83,86.6909090909091
22,2060,246,185.865384615385
22,2061,224,139.763888888889
22,2062,-243,-238.103703703704
22,2063,-108,-153.904761904762
22,2064,51,22.4166666666667
22,2065,38,-13.7719298245614
22,2066,12,-20.1538461538462
22,2067,34,-20.1538461538462
22,2068,99,-20.1538461538462
22,2069,118,112.106666666667
22,2070,69,232.375
22,2071,-131,-36.2727272727273
22,2072,-118,-41.4236111111111
22,2073,-54,-41.4236111111111
22,2074,-95,-41.4236111111111
22,2075,-43,-41.4236111111111
22,2076,-46,-41.4236111111111
22,2077,-50,2.15909090909091
22,2078,-34,2.15909090909091
22,2079,-18,-41.4236111111111
22,2080,-33,-15.1646706586826
22,2081,-29,-15.1646706586826
22,2082,8,-15.1646706586826
22,2083,21,1.86196319018405
22,2084,23,86.6909090909091
22,2085,87,86.6909090909091
22,2086,148,112.106666666667
22,2087,148,112.106666666667
22,2088,83,-238.103703703704
22,2089,9,-112.868131868132
22,2090,10,1.86196319018405
22,2091,25,-20.1538461538462
22,2092,-51,-20.1538461538462
22,2093,-9,-41.4236111111111
22,2094,-42,-15.1646706586826
22,2095,-47,-41.4236111111111
22,2096,-42,-41.4236111111111
22,2097,-118,-41.4236111111111
22,2098,-4,-41.4236111111111
22,2099,-47,1.86196319018405
22,2100,-54,-41.4236111111111
22,2101,-13,-41.4236111111111
22,2102,-59,-15.1646706586826
22,2103,-17,2.15909090909091
22,2104,-25,-15.1646706586826
22,2105,-25,-15.1646706586826
22,2106,-4,-15.1646706586826
22,2107,15,1.86196319018405
22,2108,30,86.6909090909091
22,2109,99,56.3552631578947
22,2110,119,184.521276595745
22,2111,154,112.106666666667
22,2112,95,-238.103703703704
22,2113,51,-238.103703703704
22,2114,-72,-0.785714285714286
22,2115,49,-41.4236111111111
22,2116,-12,-0.785714285714286
22,2117,-34,-15.1646706586826
22,2118,21,-41.4236111111111
22,2119,-4,-20.1538461538462
22,2120,-76,60.7333333333333
22,2121,-50,-41.4236111111111
22,2122,-249,-41.4236111111111
22,2123,-84,-41.4236111111111
22,2124,37,25.85
22,2125,-31,28.3768115942029
22,2126,-6,-15.1646706586826
22,2127,-11,1.86196319018405
22,2128,-30,-15.1646706586826
22,2129,-12,104.032608695652
22,2130,3,-15.1646706586826
22,2131,11,1.86196319018405
22,2132,47,56.3552631578947
22,2133,88,103.346153846154
22,2134,108,184.521276595745
22,2135,101,18.7333333333333
22,2136,112,18.7333333333333
22,2137,49,-120.6
22,2138,31,-36.2727272727273
22,2139,-91,-20.1538461538462
22,2140,-5,-41.4236111111111
22,2141,41,1.86196319018405
22,2142,-96,-13.7719298245614
22,2143,-22,-41.4236111111111
22,2144,12,-15.1646706586826
22,2145,-78,-20.1538461538462
22,2146,-70,-41.4236111111111
22,2147,-90,-41.4236111111111
22,2148,-75,2.15909090909091
22,2149,-37,-41.4236111111111
22,2150,-31,-41.4236111111111
22,2151,-6,-15.1646706586826
22,2152,-5,1.86196319018405
22,2153,2,1.86196319018405
22,2154,28,1.86196319018405
22,2155,121,86.6909090909091
22,2156,296,185.865384615385
22,2157,184,-63.2173913043478
22,2158,-377,-238.103703703704
22,2159,-74,-112.868131868132
22,2160,14,22.4166666666667
22,2161,40,28.3768115942029
22,2162,2,-13.7719298245614
22,2163,-1,1.86196319018405
22,2164,18,60.7333333333333
22,2165,137,104.032608695652
22,2166,388,232.375
22,2167,-71,-63.2173913043478
22,2168,-184,-153.904761904762
22,2169,-322,-107.060606060606
22,2170,-133,-95.2173913043478
22,2171,-16,25.85
22,2172,-5,-15.1646706586826
22,2173,-14,1.86196319018405
22,2174,-32,-15.1646706586826
22,2175,1,-15.1646706586826
22,2176,0,104.032608695652
22,2177,1,1.86196319018405
22,2178,35,1.86196319018405
22,2179,103,28.3768115942029
22,2180,339,184.521276595745
22,2181,188,139.763888888889
22,2182,-366,-238.103703703704
22,2183,-128,-112.868131868132
22,2184,31,22.4166666666667
22,2185,45,28.3768115942029
22,2186,36,-13.7719298245614
22,2187,-37,-20.1538461538462
22,2188,23,2.15909090909091
22,2189,123,104.032608695652
22,2190,441,232.375
22,2191,-43,-63.2173913043478
22,2192,-240,-153.904761904762
22,2193,-125,-107.060606060606
22,2194,-127,25.85
22,2195,-87,-41.4236111111111
22,2196,-57,-41.4236111111111
22,2197,-99,-41.4236111111111
22,2198,-35,2.15909090909091
22,2199,-12,2.15909090909091
22,2200,-6,-15.1646706586826
22,2201,0,1.86196319018405
22,2202,25,1.86196319018405
22,2203,145,86.6909090909091
22,2204,329,185.865384615385
22,2205,186,-63.2173913043478
22,2206,-382,-238.103703703704
22,2207,-91,-112.868131868132
22,2208,-2,22.4166666666667
22,2209,74,1.86196319018405
22,2210,1,-13.7719298245614
22,2211,-39,1.86196319018405
22,2212,36,2.15909090909091
22,2213,197,104.032608695652
22,2214,340,232.375
22,2215,-42,-63.2173913043478
22,2216,-194,-153.904761904762
22,2217,-112,-107.060606060606
22,2218,-120,-95.2173913043478
22,2219,-95,-41.4236111111111
22,2220,-124,-41.4236111111111
22,2221,-54,-41.4236111111111
22,2222,-52,2.15909090909091
22,2223,-18,2.15909090909091
22,2224,-12,-15.1646706586826
22,2225,2,-15.1646706586826
22,2226,39,1.86196319018405
22,2227,96,86.6909090909091
22,2228,261,218
22,2229,292,185.865384615385
22,2230,-396,-238.103703703704
22,2231,-94,-153.904761904762
22,2232,31,22.4166666666667
22,2233,75,28.3768115942029
22,2234,6,-13.7719298245614
22,2235,-62,1.86196319018405
22,2236,4,2.15909090909091
22,2237,-36,104.032608695652
22,2238,5,-41.4236111111111
22,2239,-117,1.86196319018405
22,2240,-65,-41.4236111111111
22,2241,-6,-41.4236111111111
22,2242,46,1.86196319018405
22,2243,-62,103.346153846154
22,2244,50,-41.4236111111111
22,2245,13,-0.785714285714286
22,2246,-10,56.3552631578947
22,2247,-35,-15.1646706586826
22,2248,-15,-41.4236111111111
22,2249,-13,-15.1646706586826
22,2250,-1,-15.1646706586826
22,2251,24,1.86196319018405
22,2252,50,-20.1538461538462
22,2253,124,151.009803921569
22,2254,122,184.521276595745
22,2255,161,-187.459459459459
22,2256,43,-238.103703703704
22,2257,132,-112.868131868132
22,2258,11,-120.6
22,2259,-32,-112.868131868132
22,2260,55,-15.1646706586826
22,2261,-58,-13.7719298245614
22,2262,-58,-41.4236111111111
22,2263,-74,-41.4236111111111
22,2264,42,-41.4236111111111
22,2265,-155,103.346153846154
22,2266,-83,-41.4236111111111
22,2267,-88,-41.4236111111111
22,2268,10,-41.4236111111111
22,2269,-69,86.6909090909091
22,2270,-48,-41.4236111111111
22,2271,-32,2.15909090909091
22,2272,-39,-15.1646706586826
22,2273,-37,2.15909090909091
22,2274,-1,-41.4236111111111
22,2275,10,1.86196319018405
22,2276,13,56.3552631578947
22,2277,105,86.6909090909091
22,2278,160,184.521276595745
22,2279,104,112.106666666667
22,2280,107,-238.103703703704
22,2281,173,-120.6
22,2282,2,-120.6
22,2283,-8,-112.868131868132
22,2284,-34,1.86196319018405
22,2285,18,-41.4236111111111
22,2286,-84,-20.1538461538462
22,2287,-82,-41.4236111111111
22,2288,-43,-41.4236111111111
22,2289,-139,-41.4236111111111
22,2290,-68,-41.4236111111111
22,2291,-20,-41.4236111111111
22,2292,-118,-15.1646706586826
22,2293,-59,2.15909090909091
22,2294,-35,-41.4236111111111
22,2295,-3,2.15909090909091
22,2296,-6,1.86196319018405
22,2297,3,1.86196319018405
22,2298,27,1.86196319018405
22,2299,104,56.3552631578947
22,2300,378,185.865384615385
22,2301,148,139.763888888889
22,2302,-383,-238.103703703704
22,2303,-95,-112.868131868132
22,2304,52,25.85
22,2305,43,-13.7719298245614
22,2306,-8,-13.7719298245614
22,2307,-4,1.86196319018405
22,2308,22,60.7333333333333
22,2309,156,104.032608695652
22,2310,386,271.932203389831
22,2311,-12,-63.2173913043478
22,2312,-177,-153.904761904762
22,2313,-184,-107.060606060606
22,2314,-196,-95.2173913043478
22,2315,-97,-41.4236111111111
22,2316,-82,-41.4236111111111
22,2317,-52,-41.4236111111111
22,2318,-14,2.15909090909091
22,2319,-12,-15.1646706586826
22,2320,-3,-15.1646706586826
22,2321,0,104.032608695652
22,2322,31,1.86196319018405
22,2323,148,86.6909090909091
22,2324,385,185.865384615385
22,2325,141,-63.2173913043478
22,2326,-375,-238.103703703704
22,2327,-159,-112.868131868132
22,2328,51,25.85
22,2329,20,-13.7719298245614
22,2330,20,-20.1538461538462
22,2331,9,-20.1538461538462
22,2332,-4,60.7333333333333
22,2333,201,104.032608695652
22,2334,377,271.932203389831
22,2335,-60,-63.2173913043478
22,2336,-277,-153.904761904762
22,2337,-98,-107.060606060606
22,2338,-132,25.85
22,2339,-90,-41.4236111111111
22,2340,-80,-41.4236111111111
22,2341,-64,-41.4236111111111
22,2342,-22,2.15909090909091
22,2343,-16,104.032608695652
22,2344,-3,-15.1646706586826
22,2345,2,1.86196319018405
22,2346,28,1.86196319018405
22,2347,134,86.6909090909091
22,2348,375,185.865384615385
22,2349,121,-63.2173913043478
22,2350,-365,-238.103703703704
22,2351,-100,-36.2727272727273
22,2352,23,25.85
22,2353,89,28.3768115942029
22,2354,-12,-13.7719298245614
22,2355,-1,-15.1646706586826
22,2356,-2,60.7333333333333
22,2357,152,104.032608695652
22,2358,272,271.932203389831
22,2359,58,-63.2173913043478
22,2360,-244,-153.904761904762
22,2361,-130,-107.060606060606
22,2362,-110,25.85
22,2363,-50,-41.4236111111111
22,2364,-125,-41.4236111111111
22,2365,-64,-41.4236111111111
22,2366,-37,2.15909090909091
22,2367,-10,2.15909090909091
22,2368,-7,-15.1646706586826
22,2369,1,1.86196319018405
22,2370,28,1.86196319018405
22,2371,136,86.6909090909091
22,2372,356,218
22,2373,155,-63.2173913043478
22,2374,-344,-238.103703703704
22,2375,-127,-112.868131868132
22,2376,27,25.85
22,2377,99,28.3768115942029
22,2378,-21,-13.7719298245614
22,2379,-50,-15.1646706586826
22,2380,68,2.15909090909091
22,2381,133,112.106666666667
22,2382,403,271.932203389831
22,2383,-56,-238.103703703704
22,2384,-211,-153.904761904762
22,2385,-124,-107.060606060606
22,2386,-165,25.85
22,2387,-85,-41.4236111111111
22,2388,-51,-41.4236111111111
22,2389,-100,-41.4236111111111
22,2390,-48,2.15909090909091
22,2391,-10,2.15909090909091
22,2392,-11,-15.1646706586826
22,2393,2,-15.1646706586826
22,2394,19,1.86196319018405
22,2395,110,86.6909090909091
22,2396,289,185.865384615385
22,2397,272,185.865384615385
22,2398,-318,-238.103703703704
22,2399,-133,-153.904761904762
22,2400,15,22.4166666666667
22,2401,105,28.3768115942029
22,2402,47,-13.7719298245614
22,2403,-43,-13.7719298245614
22,2404,24,2.15909090909091
22,2405,126,104.032608695652
22,2406,270,232.375
22,2407,-70,-63.2173913043478
22,2408,-168,-153.904761904762
22,2409,-147,-107.060606060606
22,2410,-69,-95.2173913043478
22,2411,-48,-41.4236111111111
22,2412,-76,-41.4236111111111
22,2413,-9,2.15909090909091
22,2414,-83,-15.1646706586826
22,2415,-34,2.15909090909091
22,2416,-49,2.15909090909091
22,2417,-32,-41.4236111111111
22,2418,11,-15.1646706586826
22,2419,61,86.6909090909091
22,2420,7,151.009803921569
22,2421,157,1.86196319018405
22,2422,96,18.7333333333333
22,2423,126,-63.2173913043478
22,2424,103,18.7333333333333
22,2425,-38,-238.103703703704
22,2426,54,-41.4236111111111
22,2427,8,-0.785714285714286
22,2428,-38,1.86196319018405
22,2429,-21,-41.4236111111111
22,2430,-39,-15.1646706586826
22,2431,-44,-41.4236111111111
22,2432,-91,-41.4236111111111
22,2433,3,-41.4236111111111
22,2434,-47,1.86196319018405
22,2435,-102,-41.4236111111111
22,2436,16,-41.4236111111111
22,2437,-72,56.3552631578947
22,2438,-42,2.15909090909091
22,2439,-43,-41.4236111111111
22,2440,-44,-41.4236111111111
22,2441,-19,2.15909090909091
22,2442,3,-15.1646706586826
22,2443,17,1.86196319018405
22,2444,32,56.3552631578947
22,2445,119,86.6909090909091
22,2446,85,185.865384615385
22,2447,147,-36.2727272727273
22,2448,86,18.7333333333333
22,2449,3,-112.868131868132
22,2450,-10,1.86196319018405
22,2451,8,-15.1646706586826
22,2452,-25,1.86196319018405
22,2453,33,-15.1646706586826
22,2454,13,-20.1538461538462
22,2455,-31,-20.1538461538462
22,2456,-115,-15.1646706586826
22,2457,-12,-41.4236111111111
22,2458,-110,-15.1646706586826
22,2459,-94,-41.4236111111111
22,2460,-49,-41.4236111111111
22,2461,-69,-41.4236111111111
22,2462,-17,2.15909090909091
22,2463,-7,-15.1646706586826
22,2464,-11,1.86196319018405
22,2465,1,-15.1646706586826
22,2466,30,1.86196319018405
22,2467,107,86.6909090909091
22,2468,359,185.865384615385
22,2469,148,139.763888888889
22,2470,-335,-238.103703703704
22,2471,-169,-112.868131868132
22,2472,55,25.85
22,2473,59,-13.7719298245614
22,2474,-13,-13.7719298245614
22,2475,11,-15.1646706586826
22,2476,0,-20.1538461538462
22,2477,168,104.032608695652
22,2478,373,271.932203389831
22,2479,31,-63.2173913043478
22,2480,-235,-153.904761904762
22,2481,-202,-107.060606060606
22,2482,-144,25.85
22,2483,-86,-41.4236111111111
22,2484,-84,-41.4236111111111
22,2485,-52,-41.4236111111111
22,2486,-12,2.15909090909091
22,2487,-10,104.032608695652
22,2488,6,104.032608695652
22,2489,-8,1.86196319018405
22,2490,25,1.86196319018405
22,2491,107,86.6909090909091
22,2492,167,112.106666666667
22,2493,310,139.763888888889
22,2494,-328,-238.103703703704
22,2495,-160,-153.904761904762
22,2496,-60,22.4166666666667
22,2497,30,-95.2173913043478
22,2498,-36,-20.1538461538462
22,2499,1,-41.4236111111111
22,2500,56,60.7333333333333
22,2501,123,112.106666666667
22,2502,442,232.375
22,2503,-28,-187.459459459459
22,2504,-162,-153.904761904762
22,2505,-105,-107.060606060606
22,2506,-112,-95.2173913043478
22,2507,-67,-41.4236111111111
22,2508,-118,-41.4236111111111
22,2509,-55,-41.4236111111111
22,2510,-6,2.15909090909091
22,2511,-24,60.7333333333333
22,2512,4,-15.1646706586826
22,2513,2,1.86196319018405
22,2514,30,1.86196319018405
22,2515,154,86.6909090909091
22,2516,311,112.106666666667
22,2517,208,-63.2173913043478
22,2518,-361,-238.103703703704
22,2519,-154,-153.904761904762
22,2520,48,22.4166666666667
22,2521,88,-13.7719298245614
22,2522,-79,-13.7719298245614
22,2523,65,-41.4236111111111
22,2524,-39,-0.785714285714286
22,2525,111,2.15909090909091
22,2526,465,232.375
22,2527,-113,-63.2173913043478
22,2528,-73,-153.904761904762
22,2529,-223,-107.060606060606
22,2530,-52,-95.2173913043478
22,2531,-158,25.85
22,2532,-85,-41.4236111111111
22,2533,-105,2.15909090909091
22,2534,-27,2.15909090909091
22,2535,-12,-15.1646706586826
22,2536,-4,104.032608695652
22,2537,1,1.86196319018405
22,2538,34,1.86196319018405
22,2539,141,86.6909090909091
22,2540,325,185.865384615385
22,2541,213,-63.2173913043478
22,2542,-362,-238.103703703704
22,2543,-178,-153.904761904762
22,2544,49,22.4166666666667
22,2545,37,-13.7719298245614
22,2546,19,-20.1538461538462
22,2547,14,-20.1538461538462
22,2548,26,-20.1538461538462
22,2549,114,104.032608695652
22,2550,429,232.375
22,2551,-44,-63.2173913043478
22,2552,-244,-153.904761904762
22,2553,-144,-107.060606060606
22,2554,-98,25.85
22,2555,-95,-41.4236111111111
22,2556,-70,-41.4236111111111
22,2557,-78,-41.4236111111111
22,2558,-43,2.15909090909091
22,2559,-36,2.15909090909091
22,2560,-10,2.15909090909091
22,2561,9,-15.1646706586826
22,2562,19,1.86196319018405
22,2563,118,86.6909090909091
22,2564,279,185.865384615385
22,2565,223,-63.2173913043478
22,2566,-287,-238.103703703704
22,2567,-150,-153.904761904762
22,2568,70,22.4166666666667
22,2569,117,-13.7719298245614
22,2570,-10,-13.7719298245614
22,2571,-17,-36.2727272727273
22,2572,1,-15.1646706586826
22,2573,181,104.032608695652
22,2574,265,232.375
22,2575,-130,-63.2173913043478
22,2576,-226,-153.904761904762
22,2577,-82,-107.060606060606
22,2578,-52,25.85
22,2579,-12,-41.4236111111111
22,2580,-99,-15.1646706586826
22,2581,-85,2.15909090909091
22,2582,-42,2.15909090909091
22,2583,-28,2.15909090909091
22,2584,-40,-15.1646706586826
22,2585,-19,-41.4236111111111
22,2586,15,-15.1646706586826
22,2587,24,56.3552631578947
22,2588,31,86.6909090909091
22,2589,126,86.6909090909091
22,2590,163,112.106666666667
22,2591,68,-63.2173913043478
22,2592,131,-112.868131868132
22,2593,37,-120.6
22,2594,14,-112.868131868132
22,2595,-44,-20.1538461538462
22,2596,10,-41.4236111111111
22,2597,-41,-20.1538461538462
22,2598,51,-41.4236111111111
22,2599,-22,-13.7719298245614
22,2600,-110,-15.1646706586826
22,2601,-109,-41.4236111111111
22,2602,-62,-41.4236111111111
22,2603,-10,-41.4236111111111
22,2604,-97,-15.1646706586826
22,2605,-35,-41.4236111111111
22,2606,-60,2.15909090909091
22,2607,-14,2.15909090909091
22,2608,-46,-15.1646706586826
22,2609,-10,-41.4236111111111
22,2610,-1,-15.1646706586826
22,2611,6,1.86196319018405
22,2612,25,1.86196319018405
22,2613,71,86.6909090909091
22,2614,155,151.009803921569
22,2615,162,112.106666666667
22,2616,110,-238.103703703704
22,2617,69,-238.103703703704
22,2618,-1,-0.785714285714286
22,2619,-32,1.86196319018405
22,2620,-119,-15.1646706586826
22,2621,117,-41.4236111111111
22,2622,13,-13.7719298245614
22,2623,-80,-36.2727272727273
22,2624,-123,-41.4236111111111
22,2625,-88,-41.4236111111111
22,2626,-56,2.15909090909091
22,2627,-93,-41.4236111111111
22,2628,-45,-41.4236111111111
22,2629,-68,2.15909090909091
22,2630,-26,2.15909090909091
22,2631,-5,-15.1646706586826
22,2632,-5,1.86196319018405
22,2633,5,1.86196319018405
22,2634,14,1.86196319018405
22,2635,14,86.6909090909091
22,2636,108,86.6909090909091
22,2637,329,112.106666666667
22,2638,-224,30.3
22,2639,-159,-153.904761904762
22,2640,30,22.4166666666667
22,2641,47,-20.1538461538462
22,2642,57,-13.7719298245614
22,2643,-6,-0.785714285714286
22,2644,18,1.86196319018405
22,2645,95,104.032608695652
22,2646,391,181.386363636364
22,2647,-81,-13.7719298245614
22,2648,-179,-153.904761904762
22,2649,-101,-107.060606060606
22,2650,-89,-95.2173913043478
22,2651,-109,-41.4236111111111
22,2652,-90,-41.4236111111111
22,2653,-39,2.15909090909091
22,2654,-21,2.15909090909091
22,2655,1,-15.1646706586826
22,2656,-7,1.86196319018405
22,2657,2,1.86196319018405
22,2658,27,1.86196319018405
22,2659,124,86.6909090909091
22,2660,319,185.865384615385
22,2661,193,-63.2173913043478
22,2662,-345,-238.103703703704
22,2663,-148,-153.904761904762
22,2664,50,22.4166666666667
22,2665,62,-13.7719298245614
22,2666,-20,-13.7719298245614
22,2667,-45,-15.1646706586826
22,2668,32,2.15909090909091
22,2669,75,104.032608695652
22,2670,477,232.375
22,2671,-16,-120.6
22,2672,-281,-153.904761904762
22,2673,-56,-107.060606060606
22,2674,-182,25.85
22,2675,15,-41.4236111111111
22,2676,-166,-20.1538461538462
22,2677,-72,-41.4236111111111
22,2678,-26,2.15909090909091
22,2679,-21,104.032608695652
22,2680,2,-15.1646706586826
22,2681,-1,1.86196319018405
22,2682,32,1.86196319018405
22,2683,126,56.3552631578947
22,2684,299,218
22,2685,179,-63.2173913043478
22,2686,-327,-238.103703703704
22,2687,-149,-112.868131868132
22,2688,21,22.4166666666667
22,2689,-8,28.3768115942029
22,2690,31,1.86196319018405
22,2691,-21,-20.1538461538462
22,2692,-11,-15.1646706586826
22,2693,156,104.032608695652
22,2694,356,232.375
22,2695,-19,-63.2173913043478
22,2696,-133,-153.904761904762
22,2697,-132,-107.060606060606
22,2698,-63,-95.2173913043478
22,2699,-87,-41.4236111111111
22,2700,-134,-41.4236111111111
22,2701,-54,-41.4236111111111
22,2702,-51,2.15909090909091
22,2703,0,2.15909090909091
22,2704,-7,1.86196319018405
22,2705,1,1.86196319018405
22,2706,28,1.86196319018405
22,2707,110,86.6909090909091
22,2708,313,218
22,2709,127,185.865384615385
22,2710,-334,-238.103703703704
22,2711,-106,-112.868131868132
22,2712,11,25.85
22,2713,54,28.3768115942029
22,2714,-43,-13.7719298245614
22,2715,4,-41.4236111111111
22,2716,18,60.7333333333333
22,2717,126,104.032608695652
22,2718,295,271.932203389831
22,2719,25,-63.2173913043478
22,2720,-141,-153.904761904762
22,2721,-63,-107.060606060606
22,2722,-125,-95.2173913043478
22,2723,-68,-41.4236111111111
22,2724,-97,-41.4236111111111
22,2725,-53,-41.4236111111111
22,2726,-62,2.15909090909091
22,2727,-19,2.15909090909091
22,2728,-5,-15.1646706586826
22,2729,3,1.86196319018405
22,2730,28,1.86196319018405
22,2731,84,86.6909090909091
22,2732,237,185.865384615385
22,2733,254,185.865384615385
22,2734,-280,-238.103703703704
22,2735,-148,-153.904761904762
22,2736,51,22.4166666666667
22,2737,18,-13.7719298245614
22,2738,46,-20.1538461538462
22,2739,-37,-0.785714285714286
22,2740,21,2.15909090909091
22,2741,96,104.032608695652
22,2742,266,232.375
22,2743,-141,-13.7719298245614
22,2744,-143,-153.904761904762
22,2745,-160,-107.060606060606
22,2746,15,-95.2173913043478
22,2747,-20,28.3768115942029
22,2748,-23,-15.1646706586826
22,2749,-58,-15.1646706586826
22,2750,7,2.15909090909091
22,2751,-30,60.7333333333333
22,2752,-51,-15.1646706586826
22,2753,-23,-41.4236111111111
22,2754,-7,-15.1646706586826
22,2755,35,1.86196319018405
22,2756,31,56.3552631578947
22,2757,89,28.3768115942029
22,2758,165,184.521276595745
22,2759,162,112.106666666667
22,2760,22,-238.103703703704
22,2761,86,-112.868131868132
22,2762,-38,-0.785714285714286
22,2763,45,-41.4236111111111
22,2764,-126,-0.785714285714286
22,2765,30,-41.4236111111111
22,2766,17,-20.1538461538462
22,2767,-49,-20.1538461538462
22,2768,-56,-41.4236111111111
22,2769,-39,-41.4236111111111
22,2770,-64,2.15909090909091
22,2771,-43,-41.4236111111111
22,2772,-54,-41.4236111111111
22,2773,-62,-41.4236111111111
22,2774,-36,-41.4236111111111
22,2775,-13,-41.4236111111111
22,2776,-54,-15.1646706586826
22,2777,-47,-41.4236111111111
22,2778,-5,-41.4236111111111
22,2779,17,1.86196319018405
22,2780,46,86.6909090909091
22,2781,70,151.009803921569
22,2782,91,151.009803921569
22,2783,220,18.7333333333333
22,2784,54,18.7333333333333
22,2785,50,-153.904761904762
22,2786,29,-0.785714285714286
22,2787,-34,-20.1538461538462
22,2788,-64,-41.4236111111111
22,2789,-26,-41.4236111111111
22,2790,71,-15.1646706586826
22,2791,2,-13.7719298245614
22,2792,-111,60.7333333333333
22,2793,-91,-41.4236111111111
22,2794,-79,2.15909090909091
22,2795,-75,-41.4236111111111
22,2796,-91,-41.4236111111111
22,2797,-19,-41.4236111111111
22,2798,-37,-15.1646706586826
22,2799,-17,2.15909090909091
22,2800,-9,-15.1646706586826
22,2801,-1,-15.1646706586826
22,2802,39,1.86196319018405
22,2803,115,86.6909090909091
22,2804,327,184.521276595745
22,2805,123,-63.2173913043478
22,2806,-340,-238.103703703704
22,2807,-84,-36.2727272727273
22,2808,-3,25.85
22,2809,89,1.86196319018405
22,2810,-10,-13.7719298245614
22,2811,-9,-15.1646706586826
22,2812,-18,-15.1646706586826
22,2813,181,104.032608695652
22,2814,419,271.932203389831
22,2815,-42,-63.2173913043478
22,2816,-209,-153.904761904762
22,2817,-107,-107.060606060606
22,2818,-144,25.85
22,2819,-144,-41.4236111111111
22,2820,-84,-41.4236111111111
22,2821,-66,-41.4236111111111
22,2822,-7,2.15909090909091
22,2823,-21,104.032608695652
22,2824,0,-15.1646706586826
22,2825,1,1.86196319018405
22,2826,29,1.86196319018405
22,2827,149,86.6909090909091
22,2828,364,185.865384615385
22,2829,104,-63.2173913043478
22,2830,-328,-238.103703703704
22,2831,-138,-107.060606060606
22,2832,45,25.85
22,2833,73,-13.7719298245614
22,2834,-2,-13.7719298245614
22,2835,-39,1.86196319018405
22,2836,50,2.15909090909091
22,2837,99,112.106666666667
22,2838,484,271.932203389831
22,2839,-76,-120.6
22,2840,-212,-153.904761904762
22,2841,-107,-107.060606060606
22,2842,-177,25.85
22,2843,-83,-41.4236111111111
22,2844,-114,-41.4236111111111
22,2845,-77,2.15909090909091
22,2846,-31,2.15909090909091
22,2847,-9,104.032608695652
22,2848,-6,-15.1646706586826
22,2849,3,1.86196319018405
22,2850,25,1.86196319018405
22,2851,164,86.6909090909091
22,2852,327,185.865384615385
22,2853,160,-63.2173913043478
22,2854,-405,-238.103703703704
22,2855,-110,-112.868131868132
22,2856,37,25.85
22,2857,113,28.3768115942029
22,2858,-1,-13.7719298245614
22,2859,-51,-36.2727272727273
22,2860,-21,2.15909090909091
22,2861,143,104.032608695652
22,2862,451,271.932203389831
22,2863,-39,-63.2173913043478
22,2864,-161,-153.904761904762
22,2865,-198,-107.060606060606
22,2866,-78,-95.2173913043478
22,2867,-70,-41.4236111111111
22,2868,-138,-41.4236111111111
22,2869,-105,-41.4236111111111
22,2870,-29,2.15909090909091
22,2871,-12,-15.1646706586826
22,2872,-6,104.032608695652
22,2873,4,1.86196319018405
22,2874,36,1.86196319018405
22,2875,146,86.6909090909091
22,2876,315,218
22,2877,109,-63.2173913043478
22,2878,-266,-238.103703703704
22,2879,-167,-107.060606060606
22,2880,27,25.85
22,2881,65,28.3768115942029
22,2882,-40,-13.7719298245614
22,2883,18,-41.4236111111111
22,2884,-35,-20.1538461538462
22,2885,168,2.15909090909091
22,2886,318,271.932203389831
22,2887,-8,-63.2173913043478
22,2888,-126,-153.904761904762
22,2889,-101,-107.060606060606
22,2890,-72,-95.2173913043478
22,2891,-124,-41.4236111111111
22,2892,-103,-41.4236111111111
22,2893,-57,-41.4236111111111
22,2894,-72,2.15909090909091
22,2895,-24,2.15909090909091
22,2896,-10,-15.1646706586826
22,2897,2,-15.1646706586826
22,2898,35,1.86196319018405
22,2899,118,86.6909090909091
22,2900,217,185.865384615385
22,2901,244,-63.2173913043478
22,2902,-324,-238.103703703704
22,2903,-129,-153.904761904762
22,2904,17,22.4166666666667
22,2905,38,28.3768115942029
22,2906,13,-20.1538461538462
22,2907,-6,-20.1538461538462
22,2908,-3,60.7333333333333
22,2909,121,104.032608695652
22,2910,188,232.375
22,2911,-75,-63.2173913043478
22,2912,-101,-112.868131868132
22,2913,-55,-107.060606060606
22,2914,-72,-41.4236111111111
22,2915,-73,-41.4236111111111
22,2916,-115,-41.4236111111111
22,2917,21,2.15909090909091
22,2918,-11,56.3552631578947
22,2919,3,-15.1646706586826
22,2920,-38,1.86196319018405
22,2921,-5,2.15909090909091
22,2922,-8,1.86196319018405
22,2923,32,1.86196319018405
22,2924,50,28.3768115942029
22,2925,102,151.009803921569
22,2926,81,-0.785714285714286
22,2927,129,18.7333333333333
22,2928,48,-120.6
22,2929,19,-112.868131868132
22,2930,-43,28.3768115942029
22,2931,-19,-41.4236111111111
22,2932,-5,-15.1646706586826
22,2933,-31,1.86196319018405
22,2934,-11,-15.1646706586826
22,2935,-23,-15.1646706586826
22,2936,35,-15.1646706586826
22,2937,-82,56.3552631578947
22,2938,-79,-41.4236111111111
22,2939,-41,-41.4236111111111
22,2940,-20,-41.4236111111111
22,2941,-3,-15.1646706586826
22,2942,-56,1.86196319018405
22,2943,-3,2.15909090909091
22,2944,-57,1.86196319018405
22,2945,-29,-41.4236111111111
22,2946,6,-15.1646706586826
22,2947,17,1.86196319018405
22,2948,23,28.3768115942029
22,2949,92,56.3552631578947
22,2950,77,103.346153846154
22,2951,147,112.106666666667
22,2952,11,18.7333333333333
22,2953,56,-112.868131868132
22,2954,-13,-0.785714285714286
22,2955,24,-15.1646706586826
22,2956,-99,-20.1538461538462
22,2957,-32,-41.4236111111111
22,2958,100,-15.1646706586826
22,2959,-43,-13.7719298245614
22,2960,12,-41.4236111111111
22,2961,-50,56.3552631578947
22,2962,-74,2.15909090909091
22,2963,-107,-41.4236111111111
22,2964,-41,-41.4236111111111
22,2965,-67,-41.4236111111111
22,2966,-26,-41.4236111111111
22,2967,-2,-15.1646706586826
22,2968,-10,1.86196319018405
22,2969,7,-15.1646706586826
22,2970,28,1.86196319018405
22,2971,96,86.6909090909091
22,2972,262,185.865384615385
22,2973,170,112.106666666667
22,2974,-273,-238.103703703704
22,2975,-121,-112.868131868132
22,2976,27,25.85
22,2977,56,-20.1538461538462
22,2978,-21,-13.7719298245614
22,2979,-6,-15.1646706586826
22,2980,4,1.86196319018405
22,2981,131,104.032608695652
22,2982,382,232.375
22,2983,-17,-63.2173913043478
22,2984,-149,-153.904761904762
22,2985,-186,-107.060606060606
22,2986,-137,-95.2173913043478
22,2987,-70,-41.4236111111111
22,2988,-86,-41.4236111111111
22,2989,-49,-41.4236111111111
22,2990,-39,2.15909090909091
22,2991,-4,2.15909090909091
22,2992,-8,1.86196319018405
22,2993,4,1.86196319018405
22,2994,29,1.86196319018405
22,2995,119,86.6909090909091
22,2996,329,185.865384615385
22,2997,163,-63.2173913043478
22,2998,-374,-238.103703703704
22,2999,-63,-112.868131868132
22,3000,8,25.85
22,3001,55,1.86196319018405
22,3002,11,-13.7719298245614
22,3003,27,-20.1538461538462
22,3004,91,-20.1538461538462
22,3005,126,112.106666666667
22,3006,195,232.375
22,3007,-95,-238.103703703704
22,3008,-130,-153.904761904762
22,3009,-121,-107.060606060606
22,3010,-180,-41.4236111111111
22,3011,-19,-41.4236111111111
22,3012,-6,-15.1646706586826
22,3013,-12,1.86196319018405
22,3014,-36,-15.1646706586826
22,3015,-30,2.15909090909091
22,3016,-61,-15.1646706586826
22,3017,-16,-41.4236111111111
22,3018,3,-15.1646706586826
22,3019,13,1.86196319018405
22,3020,40,56.3552631578947
22,3021,81,151.009803921569
22,3022,140,151.009803921569
22,3023,154,112.106666666667
22,3024,38,-238.103703703704
22,3025,9,-112.868131868132
22,3026,5,1.86196319018405
22,3027,48,1.86196319018405
22,3028,-93,-13.7719298245614
22,3029,-65,-41.4236111111111
22,3030,25,-41.4236111111111
22,3031,16,-20.1538461538462
22,3032,2,-20.1538461538462
22,3033,119,1.86196319018405
22,3034,33,30.3
22,3035,-82,-36.2727272727273
22,3036,-319,-41.4236111111111
22,3037,-95,-41.4236111111111
22,3038,-58,25.85
22,3039,-12,-41.4236111111111
22,3040,-11,-15.1646706586826
22,3041,0,-15.1646706586826
22,3042,22,60.7333333333333
22,3043,104,104.032608695652
22,3044,210,271.932203389831
22,3045,207,185.865384615385
22,3046,-257,-238.103703703704
22,3047,-107,-153.904761904762
22,3048,58,22.4166666666667
22,3049,32,-13.7719298245614
22,3050,34,-20.1538461538462
22,3051,-69,-20.1538461538462
22,3052,13,2.15909090909091
22,3053,179,104.032608695652
22,3054,256,232.375
22,3055,-82,-63.2173913043478
22,3056,-104,-153.904761904762
22,3057,-182,-107.060606060606
22,3058,2,-95.2173913043478
22,3059,-98,1.86196319018405
22,3060,-94,-41.4236111111111
22,3061,-29,2.15909090909091
22,3062,-73,-15.1646706586826
22,3063,-12,2.15909090909091
22,3064,-10,-15.1646706586826
22,3065,-1,-15.1646706586826
22,3066,29,1.86196319018405
22,3067,96,86.6909090909091
22,3068,222,184.521276595745
22,3069,232,185.865384615385
22,3070,-281,-238.103703703704
22,3071,-94,-153.904761904762
22,3072,23,22.4166666666667
22,3073,98,28.3768115942029
22,3074,-38,-13.7719298245614
22,3075,-18,-41.4236111111111
22,3076,10,-15.1646706586826
22,3077,84,104.032608695652
22,3078,207,232.375
22,3079,-16,-13.7719298245614
22,3080,-142,-153.904761904762
22,3081,-82,-107.060606060606
22,3082,-36,-41.4236111111111
22,3083,-12,-41.4236111111111
22,3084,-124,-15.1646706586826
22,3085,-14,-41.4236111111111
22,3086,-79,-15.1646706586826
22,3087,-13,2.15909090909091
22,3088,-27,-15.1646706586826
22,3089,-15,-15.1646706586826
22,3090,-2,-15.1646706586826
22,3091,17,1.86196319018405
22,3092,40,86.6909090909091
22,3093,81,185.865384615385
22,3094,104,151.009803921569
22,3095,69,112.106666666667
22,3096,42,18.7333333333333
22,3097,-25,-0.785714285714286
22,3098,18,-15.1646706586826
22,3099,-52,-20.1538461538462
22,3100,-2,-41.4236111111111
22,3101,-12,1.86196319018405
22,3102,-15,-15.1646706586826
22,3103,-2,-15.1646706586826
22,3104,10,1.86196319018405
22,3105,-11,28.3768115942029
22,3106,-75,-15.1646706586826
22,3107,19,-41.4236111111111
22,3108,-72,56.3552631578947
22,3109,-1,-41.4236111111111
22,3110,-23,1.86196319018405
22,3111,-54,-15.1646706586826
22,3112,-35,2.15909090909091
22,3113,-22,-41.4236111111111
22,3114,-7,-15.1646706586826
22,3115,15,1.86196319018405
22,3116,31,28.3768115942029
22,3117,78,56.3552631578947
22,3118,112,185.865384615385
22,3119,77,112.106666666667
22,3120,70,-36.2727272727273
22,3121,-13,18.7333333333333
22,3122,-39,-15.1646706586826
22,3123,-25,-41.4236111111111
22,3124,-14,-15.1646706586826
22,3125,-7,-15.1646706586826
22,3126,-21,1.86196319018405
22,3127,-17,-15.1646706586826
22,3128,-3,-15.1646706586826
22,3129,35,1.86196319018405
22,3130,-78,86.6909090909091
22,3131,-85,-41.4236111111111
22,3132,1,-41.4236111111111
22,3133,-84,1.86196319018405
22,3134,-21,-41.4236111111111
22,3135,-13,-15.1646706586826
22,3136,0,-15.1646706586826
22,3137,-3,1.86196319018405
22,3138,26,1.86196319018405
22,3139,64,28.3768115942029
22,3140,138,185.865384615385
22,3141,225,184.521276595745
22,3142,-92,-238.103703703704
22,3143,-188,-153.904761904762
22,3144,41,-107.060606060606
22,3145,50,-13.7719298245614
22,3146,-11,-13.7719298245614
22,3147,-13,-15.1646706586826
22,3148,38,-15.1646706586826
22,3149,133,56.3552631578947
22,3150,436,94.25
22,3151,23,-63.2173913043478
22,3152,-241,-153.904761904762
22,3153,-184,-107.060606060606
22,3154,-116,25.85
22,3155,-107,-41.4236111111111
22,3156,-93,-41.4236111111111
22,3157,-62,-41.4236111111111
22,3158,-54,2.15909090909091
22,3159,1,2.15909090909091
22,3160,-13,1.86196319018405
22,3161,1,-15.1646706586826
22,3162,38,1.86196319018405
22,3163,145,86.6909090909091
22,3164,333,185.865384615385
22,3165,129,-63.2173913043478
22,3166,-318,-238.103703703704
22,3167,-141,-112.868131868132
22,3168,59,25.85
22,3169,23,-13.7719298245614
22,3170,8,-20.1538461538462
22,3171,-38,1.86196319018405
22,3172,23,2.15909090909091
22,3173,170,104.032608695652
22,3174,437,271.932203389831
22,3175,-53,-63.2173913043478
22,3176,-405,-153.904761904762
22,3177,-330,-107.060606060606
22,3178,6,25.85
22,3179,49,1.86196319018405
22,3180,-36,-13.7719298245614
22,3181,-59,-41.4236111111111
22,3182,-30,2.15909090909091
22,3183,-9,104.032608695652
22,3184,0,104.032608695652
22,3185,2,1.86196319018405
22,3186,34,1.86196319018405
22,3187,144,56.3552631578947
22,3188,312,185.865384615385
22,3189,177,-63.2173913043478
22,3190,-346,-238.103703703704
22,3191,-133,-112.868131868132
22,3192,34,22.4166666666667
22,3193,63,28.3768115942029
22,3194,-19,-13.7719298245614
22,3195,-32,-15.1646706586826
22,3196,35,-15.1646706586826
22,3197,135,104.032608695652
22,3198,419,232.375
22,3199,-16,-63.2173913043478
22,3200,-181,-153.904761904762
22,3201,-150,-107.060606060606
22,3202,-92,-95.2173913043478
22,3203,-147,-41.4236111111111
22,3204,-92,-41.4236111111111
22,3205,-96,-41.4236111111111
22,3206,-35,2.15909090909091
22,3207,-12,2.15909090909091
22,3208,1,-15.1646706586826
22,3209,-5,1.86196319018405
22,3210,39,1.86196319018405
22,3211,134,86.6909090909091
22,3212,334,185.865384615385
22,3213,190,-63.2173913043478
22,3214,-375,-238.103703703704
22,3215,-113,-112.868131868132
22,3216,1,22.4166666666667
22,3217,77,1.86196319018405
22,3218,-15,-13.7719298245614
22,3219,-68,-15.1646706586826
22,3220,62,2.15909090909091
22,3221,168,112.106666666667
22,3222,356,232.375
22,3223,30,-238.103703703704
22,3224,-196,-153.904761904762
22,3225,-115,-107.060606060606
22,3226,-141,-95.2173913043478
22,3227,-55,-41.4236111111111
22,3228,-107,-41.4236111111111
22,3229,-116,-41.4236111111111
22,3230,-36,2.15909090909091
22,3231,-42,2.15909090909091
22,3232,-8,2.15909090909091
22,3233,2,1.86196319018405
22,3234,23,1.86196319018405
22,3235,93,86.6909090909091
22,3236,253,185.865384615385
22,3237,333,139.763888888889
22,3238,-299,-238.103703703704
22,3239,-146,-153.904761904762
22,3240,20,22.4166666666667
22,3241,91,28.3768115942029
22,3242,-5,-13.7719298245614
22,3243,-5,1.86196319018405
22,3244,-16,1.86196319018405
22,3245,139,104.032608695652
22,3246,343,232.375
22,3247,-204,-63.2173913043478
22,3248,-143,-153.904761904762
22,3249,-99,22.4166666666667
22,3250,-90,-95.2173913043478
22,3251,-36,-41.4236111111111
22,3252,-51,-41.4236111111111
22,3253,-21,2.15909090909091
22,3254,-73,104.032608695652
22,3255,-17,2.15909090909091
22,3256,-61,-15.1646706586826
22,3257,-31,-41.4236111111111
22,3258,-4,-15.1646706586826
22,3259,30,1.86196319018405
22,3260,13,86.6909090909091
22,3261,103,56.3552631578947
22,3262,131,184.521276595745
22,3263,119,112.106666666667
22,3264,38,-238.103703703704
22,3265,60,-36.2727272727273
22,3266,92,-0.785714285714286
22,3267,41,-0.785714285714286
22,3268,-72,-0.785714285714286
22,3269,6,-41.4236111111111
22,3270,-108,1.86196319018405
22,3271,-107,-41.4236111111111
22,3272,80,-41.4236111111111
22,3273,-75,-13.7719298245614
22,3274,-87,2.15909090909091
22,3275,-44,-41.4236111111111
22,3276,-14,2.15909090909091
22,3277,-24,-15.1646706586826
22,3278,-19,-15.1646706586826
22,3279,-53,-15.1646706586826
22,3280,-58,2.15909090909091
22,3281,-38,-41.4236111111111
22,3282,-10,-41.4236111111111
22,3283,6,-15.1646706586826
22,3284,32,1.86196319018405
22,3285,86,56.3552631578947
22,3286,88,185.865384615385
22,3287,161,112.106666666667
22,3288,69,18.7333333333333
22,3289,38,-112.868131868132
22,3290,-9,28.3768115942029
22,3291,-4,-15.1646706586826
22,3292,13,1.86196319018405
22,3293,6,-20.1538461538462
22,3294,-59,1.86196319018405
22,3295,-124,-41.4236111111111
22,3296,0,-41.4236111111111
22,3297,-18,1.86196319018405
22,3298,-71,-15.1646706586826
22,3299,-93,-41.4236111111111
22,3300,-39,-41.4236111111111
22,3301,-48,2.15909090909091
22,3302,-32,-41.4236111111111
22,3303,4,-15.1646706586826
22,3304,-9,1.86196319018405
22,3305,6,-15.1646706586826
22,3306,38,1.86196319018405
22,3307,90,86.6909090909091
22,3308,343,185.865384615385
22,3309,184,112.106666666667
22,3310,-319,-238.103703703704
22,3311,-162,-112.868131868132
22,3312,-4,22.4166666666667
22,3313,55,1.86196319018405
22,3314,2,-13.7719298245614
22,3315,-27,1.86196319018405
22,3316,25,-15.1646706586826
22,3317,149,104.032608695652
22,3318,369,232.375
22,3319,39,-63.2173913043478
22,3320,-199,-153.904761904762
22,3321,-141,-107.060606060606
22,3322,-126,-95.2173913043478
22,3323,-44,-41.4236111111111
22,3324,-118,-41.4236111111111
22,3325,-113,-41.4236111111111
22,3326,-28,2.15909090909091
22,3327,-18,104.032608695652
22,3328,-4,-15.1646706586826
22,3329,4,1.86196319018405
22,3330,31,1.86196319018405
22,3331,175,86.6909090909091
22,3332,313,185.865384615385
22,3333,135,-63.2173913043478
22,3334,-341,-238.103703703704
22,3335,-161,-112.868131868132
22,3336,47,25.85
22,3337,48,-13.7719298245614
22,3338,-33,-13.7719298245614
22,3339,-7,-15.1646706586826
22,3340,30,60.7333333333333
22,3341,137,104.032608695652
22,3342,389,271.932203389831
22,3343,2,-63.2173913043478
22,3344,-225,-153.904761904762
22,3345,-120,-107.060606060606
22,3346,-94,25.85
22,3347,-89,-41.4236111111111
22,3348,-83,-41.4236111111111
22,3349,-108,-41.4236111111111
22,3350,-37,2.15909090909091
22,3351,-8,2.15909090909091
22,3352,-4,1.86196319018405
22,3353,2,1.86196319018405
22,3354,40,1.86196319018405
22,3355,116,185.865384615385
22,3356,333,185.865384615385
22,3357,184,-63.2173913043478
22,3358,-382,-238.103703703704
22,3359,-159,-112.868131868132
22,3360,45,22.4166666666667
22,3361,19,-13.7719298245614
22,3362,1,-20.1538461538462
22,3363,-33,1.86196319018405
22,3364,24,-15.1646706586826
22,3365,30,104.032608695652
22,3366,146,167.428571428571
22,3367,273,-13.7719298245614
22,3368,-127,-63.2173913043478
22,3369,-150,-153.904761904762
22,3370,-47,-107.060606060606
22,3371,-31,-95.2173913043478
22,3372,-157,-15.1646706586826
22,3373,-65,-41.4236111111111
22,3374,-41,2.15909090909091
22,3375,-18,2.15909090909091
22,3376,-2,-15.1646706586826
22,3377,3,1.86196319018405
22,3378,32,1.86196319018405
22,3379,112,56.3552631578947
22,3380,321,218
22,3381,184,-63.2173913043478
22,3382,-339,-238.103703703704
22,3383,-120,-112.868131868132
22,3384,18,22.4166666666667
22,3385,58,28.3768115942029
22,3386,-20,-13.7719298245614
22,3387,-57,-15.1646706586826
22,3388,95,2.15909090909091
22,3389,66,112.106666666667
22,3390,413,232.375
22,3391,6,-120.6
22,3392,-244,-153.904761904762
22,3393,-28,-107.060606060606
22,3394,-173,-15.1646706586826
22,3395,-264,-41.4236111111111
22,3396,-3,-41.4236111111111
22,3397,-31,1.86196319018405
22,3398,-23,-15.1646706586826
22,3399,8,104.032608695652
22,3400,17,1.86196319018405
22,3401,-27,56.3552631578947
22,3402,33,104.032608695652
22,3403,84,28.3768115942029
22,3404,234,112.106666666667
22,3405,331,94.25
22,3406,-318,-238.103703703704
22,3407,-140,-153.904761904762
22,3408,-21,22.4166666666667
22,3409,62,-15.1646706586826
22,3410,-118,-13.7719298245614
22,3411,73,-41.4236111111111
22,3412,-13,-0.785714285714286
22,3413,220,104.032608695652
22,3414,279,232.375
22,3415,-93,-63.2173913043478
22,3416,-220,-153.904761904762
22,3417,-151,-107.060606060606
22,3418,-129,25.85
22,3419,13,-41.4236111111111
22,3420,31,28.3768115942029
22,3421,-63,-20.1538461538462
22,3422,-31,2.15909090909091
22,3423,-12,104.032608695652
22,3424,-35,-15.1646706586826
22,3425,-9,-41.4236111111111
22,3426,1,-15.1646706586826
22,3427,-2,1.86196319018405
22,3428,22,1.86196319018405
22,3429,75,86.6909090909091
22,3430,95,151.009803921569
22,3431,61,139.763888888889
22,3432,37,18.7333333333333
22,3433,152,28.3768115942029
22,3434,-103,-120.6
22,3435,-11,-112.868131868132
22,3436,37,-15.1646706586826
22,3437,-54,-20.1538461538462
22,3438,-85,-41.4236111111111
22,3439,-64,-41.4236111111111
22,3440,61,2.15909090909091
22,3441,-24,94.25
22,3442,-51,-15.1646706586826
22,3443,17,-41.4236111111111
22,3444,-31,56.3552631578947
22,3445,-36,-15.1646706586826
22,3446,17,-41.4236111111111
22,3447,-8,28.3768115942029
22,3448,-79,1.86196319018405
22,3449,-27,-41.4236111111111
22,3450,-10,-15.1646706586826
22,3451,13,-15.1646706586826
22,3452,19,56.3552631578947
22,3453,115,28.3768115942029
22,3454,105,184.521276595745
22,3455,121,-63.2173913043478
22,3456,126,18.7333333333333
22,3457,-1,-238.103703703704
22,3458,122,-36.2727272727273
22,3459,-10,-120.6
22,3460,8,-36.2727272727273
22,3461,4,1.86196319018405
22,3462,-72,60.7333333333333
22,3463,-41,-41.4236111111111
22,3464,7,-41.4236111111111
22,3465,-144,60.7333333333333
22,3466,-33,-41.4236111111111
22,3467,-154,-15.1646706586826
22,3468,-68,2.15909090909091
22,3469,-76,-41.4236111111111
22,3470,-20,-41.4236111111111
22,3471,-10,-15.1646706586826
22,3472,-15,-15.1646706586826
22,3473,6,-15.1646706586826
22,3474,43,1.86196319018405
22,3475,106,218
22,3476,264,185.865384615385
22,3477,317,112.106666666667
22,3478,-393,-238.103703703704
22,3479,-145,-153.904761904762
22,3480,-2,22.4166666666667
22,3481,116,1.86196319018405
22,3482,-74,-13.7719298245614
22,3483,31,-36.2727272727273
22,3484,10,-20.1538461538462
22,3485,176,104.032608695652
22,3486,390,232.375
22,3487,-106,-63.2173913043478
22,3488,-159,-153.904761904762
22,3489,-179,-107.060606060606
22,3490,-107,-95.2173913043478
22,3491,-87,-41.4236111111111
22,3492,-95,-41.4236111111111
22,3493,-50,2.15909090909091
22,3494,-47,2.15909090909091
22,3495,-1,2.15909090909091
22,3496,-10,1.86196319018405
22,3497,0,-15.1646706586826
22,3498,44,1.86196319018405
22,3499,140,185.865384615385
22,3500,326,185.865384615385
22,3501,227,-187.459459459459
22,3502,-404,-238.103703703704
22,3503,-121,-153.904761904762
22,3504,-17,22.4166666666667
22,3505,28,-15.1646706586826
22,3506,44,-20.1538461538462
22,3507,-29,-13.7719298245614
22,3508,41,-15.1646706586826
22,3509,170,112.106666666667
22,3510,414,232.375
22,3511,8,-187.459459459459
22,3512,-245,-153.904761904762
22,3513,-109,-107.060606060606
22,3514,-145,25.85
22,3515,-109,-41.4236111111111
22,3516,-77,-41.4236111111111
22,3517,-126,-41.4236111111111
22,3518,-38,2.15909090909091
22,3519,-16,2.15909090909091
22,3520,0,-15.1646706586826
22,3521,-8,1.86196319018405
22,3522,55,1.86196319018405
22,3523,131,185.865384615385
22,3524,317,185.865384615385
22,3525,281,-187.459459459459
22,3526,-446,-238.103703703704
22,3527,-111,-153.904761904762
22,3528,50,22.4166666666667
22,3529,29,-13.7719298245614
22,3530,2,-20.1538461538462
22,3531,-65,1.86196319018405
22,3532,70,2.15909090909091
22,3533,167,112.106666666667
22,3534,429,232.375
22,3535,-22,-238.103703703704
22,3536,-193,-153.904761904762
22,3537,-131,-107.060606060606
22,3538,-170,-95.2173913043478
22,3539,-119,-41.4236111111111
22,3540,-39,-41.4236111111111
22,3541,-147,-41.4236111111111
22,3542,-63,2.15909090909091
22,3543,-8,2.15909090909091
22,3544,-13,1.86196319018405
22,3545,-4,-15.1646706586826
22,3546,38,1.86196319018405
22,3547,139,86.6909090909091
22,3548,314,185.865384615385
22,3549,234,-63.2173913043478
22,3550,-385,-238.103703703704
22,3551,-122,-153.904761904762
22,3552,-10,22.4166666666667
22,3553,67,-15.1646706586826
22,3554,-37,-13.7719298245614
22,3555,-29,-41.4236111111111
22,3556,25,-15.1646706586826
22,3557,136,104.032608695652
22,3558,364,232.375
22,3559,-50,-63.2173913043478
22,3560,-74,-153.904761904762
22,3561,-168,-107.060606060606
22,3562,-175,-95.2173913043478
22,3563,-37,-41.4236111111111
22,3564,-89,-41.4236111111111
22,3565,-48,-41.4236111111111
22,3566,-43,2.15909090909091
22,3567,-28,2.15909090909091
22,3568,-14,-15.1646706586826
22,3569,-4,-15.1646706586826
22,3570,29,1.86196319018405
22,3571,102,86.6909090909091
22,3572,271,185.865384615385
22,3573,266,185.865384615385
22,3574,-313,-238.103703703704
22,3575,-132,-153.904761904762
22,3576,20,22.4166666666667
22,3577,48,28.3768115942029
22,3578,15,-13.7719298245614
22,3579,12,-20.1538461538462
22,3580,-3,-20.1538461538462
22,3581,176,104.032608695652
22,3582,200,232.375
22,3583,-77,-63.2173913043478
22,3584,-106,-153.904761904762
22,3585,-162,-107.060606060606
22,3586,-94,-41.4236111111111
22,3587,-61,-41.4236111111111
22,3588,-10,-41.4236111111111
22,3589,2,-15.1646706586826
22,3590,-111,60.7333333333333
22,3591,10,2.15909090909091
22,3592,-47,86.6909090909091
22,3593,-32,-41.4236111111111
22,3594,3,-15.1646706586826
22,3595,36,1.86196319018405
22,3596,26,28.3768115942029
22,3597,87,56.3552631578947
22,3598,174,-0.785714285714286
22,3599,58,112.106666666667
22,3600,62,-112.868131868132
22,3601,30,-0.785714285714286
22,3602,11,28.3768115942029
22,3603,-4,-20.1538461538462
22,3604,3,1.86196319018405
22,3605,-10,1.86196319018405
22,3606,-8,-15.1646706586826
22,3607,2,60.7333333333333
22,3608,-143,1.86196319018405
22,3609,-105,-41.4236111111111
22,3610,67,-41.4236111111111
22,3611,-24,103.346153846154
22,3612,-68,-15.1646706586826
22,3613,-20,-41.4236111111111
22,3614,-30,-15.1646706586826
22,3615,-46,-15.1646706586826
22,3616,-57,-41.4236111111111
22,3617,-42,-41.4236111111111
22,3618,4,2.15909090909091
22,3619,1,1.86196319018405
22,3620,22,1.86196319018405
22,3621,87,56.3552631578947
22,3622,99,112.106666666667
22,3623,155,185.865384615385
22,3624,128,18.7333333333333
22,3625,2,-238.103703703704
22,3626,-28,-112.868131868132
22,3627,39,-15.1646706586826
22,3628,-21,-20.1538461538462
22,3629,20,-15.1646706586826
22,3630,10,-20.1538461538462
22,3631,-112,-20.1538461538462
22,3632,24,-41.4236111111111
22,3633,-140,56.3552631578947
22,3634,-32,-41.4236111111111
22,3635,-123,-15.1646706586826
22,3636,-48,-41.4236111111111
22,3637,-42,2.15909090909091
22,3638,-39,-41.4236111111111
22,3639,-11,2.15909090909091
22,3640,-5,-15.1646706586826
22,3641,2,1.86196319018405
22,3642,42,1.86196319018405
22,3643,114,185.865384615385
22,3644,308,185.865384615385
22,3645,282,-187.459459459459
22,3646,-458,-238.103703703704
22,3647,-104,-153.904761904762
22,3648,26,22.4166666666667
22,3649,63,28.3768115942029
22,3650,-52,-13.7719298245614
22,3651,28,-41.4236111111111
22,3652,-18,-20.1538461538462
22,3653,189,104.032608695652
22,3654,402,232.375
22,3655,-15,-63.2173913043478
22,3656,-147,-153.904761904762
22,3657,-203,-107.060606060606
22,3658,-140,-95.2173913043478
22,3659,-92,25.85
22,3660,-80,-41.4236111111111
22,3661,-112,-41.4236111111111
22,3662,-17,2.15909090909091
22,3663,-13,-15.1646706586826
22,3664,-2,104.032608695652
22,3665,0,1.86196319018405
22,3666,39,1.86196319018405
22,3667,149,86.6909090909091
22,3668,319,185.865384615385
22,3669,247,-63.2173913043478
22,3670,-427,-238.103703703704
22,3671,-106,-153.904761904762
22,3672,-3,22.4166666666667
22,3673,24,1.86196319018405
22,3674,40,-20.1538461538462
22,3675,-28,-13.7719298245614
22,3676,-116,-15.1646706586826
22,3677,258,2.15909090909091
22,3678,418,232.375
22,3679,37,-63.2173913043478
22,3680,-243,-153.904761904762
22,3681,-162,-107.060606060606
22,3682,-100,25.85
22,3683,-95,-41.4236111111111
22,3684,-110,-41.4236111111111
22,3685,-100,-41.4236111111111
22,3686,-14,2.15909090909091
22,3687,-20,104.032608695652
22,3688,-6,-15.1646706586826
22,3689,-3,1.86196319018405
22,3690,45,1.86196319018405
22,3691,136,185.865384615385
22,3692,302,185.865384615385
22,3693,194,-187.459459459459
22,3694,-331,-238.103703703704
22,3695,-114,-153.904761904762
22,3696,-2,22.4166666666667
22,3697,50,1.86196319018405
22,3698,-4,-13.7719298245614
22,3699,-17,1.86196319018405
22,3700,32,-15.1646706586826
22,3701,184,104.032608695652
22,3702,358,232.375
22,3703,54,-63.2173913043478
22,3704,-239,-153.904761904762
22,3705,-139,-107.060606060606
22,3706,-193,25.85
22,3707,-32,-41.4236111111111
22,3708,-136,-15.1646706586826
22,3709,-89,-41.4236111111111
22,3710,-21,2.15909090909091
22,3711,-31,104.032608695652
22,3712,-5,-15.1646706586826
22,3713,3,1.86196319018405
22,3714,32,1.86196319018405
22,3715,142,56.3552631578947
22,3716,290,218
22,3717,266,-63.2173913043478
22,3718,-396,-238.103703703704
22,3719,-162,-153.904761904762
22,3720,45,22.4166666666667
22,3721,60,-13.7719298245614
22,3722,24,-13.7719298245614
22,3723,-85,-20.1538461538462
22,3724,45,2.15909090909091
22,3725,136,112.106666666667
22,3726,459,232.375
22,3727,-98,-187.459459459459
22,3728,-160,-153.904761904762
22,3729,-180,-107.060606060606
22,3730,-85,-95.2173913043478
22,3731,-80,-41.4236111111111
22,3732,-85,-41.4236111111111
22,3733,-106,2.15909090909091
22,3734,-28,2.15909090909091
22,3735,-29,-15.1646706586826
22,3736,-8,-15.1646706586826
22,3737,6,1.86196319018405
22,3738,25,1.86196319018405
22,3739,126,86.6909090909091
22,3740,258,185.865384615385
22,3741,247,-63.2173913043478
22,3742,-272,-238.103703703704
22,3743,-147,-153.904761904762
22,3744,14,22.4166666666667
22,3745,75,-20.1538461538462
22,3746,7,-13.7719298245614
22,3747,-14,1.86196319018405
22,3748,49,-15.1646706586826
22,3749,112,112.106666666667
22,3750,249,232.375
22,3751,-70,-187.459459459459
22,3752,-202,-153.904761904762
22,3753,-80,-107.060606060606
22,3754,-111,-41.4236111111111
22,3755,-76,-41.4236111111111
22,3756,-6,-41.4236111111111
22,3757,-35,1.86196319018405
22,3758,-39,2.15909090909091
22,3759,-38,2.15909090909091
22,3760,-54,2.15909090909091
22,3761,-17,2.15909090909091
22,3762,4,-15.1646706586826
22,3763,32,1.86196319018405
22,3764,18,56.3552631578947
22,3765,114,86.6909090909091
22,3766,97,112.106666666667
22,3767,118,-63.2173913043478
22,3768,74,18.7333333333333
22,3769,77,-36.2727272727273
22,3770,-20,-0.785714285714286
22,3771,-55,-15.1646706586826
22,3772,17,-41.4236111111111
22,3773,-39,-20.1538461538462
22,3774,42,-41.4236111111111
22,3775,-2,-13.7719298245614
22,3776,-93,60.7333333333333
22,3777,-85,-41.4236111111111
22,3778,-23,-41.4236111111111
22,3779,-20,-15.1646706586826
22,3780,-47,-15.1646706586826
22,3781,-69,-41.4236111111111
22,3782,-66,2.15909090909091
22,3783,-14,2.15909090909091
22,3784,-32,-15.1646706586826
22,3785,-27,-15.1646706586826
22,3786,5,-15.1646706586826
22,3787,0,1.86196319018405
22,3788,49,1.86196319018405
22,3789,40,185.865384615385
22,3790,121,112.106666666667
22,3791,135,184.521276595745
22,3792,73,-63.2173913043478
22,3793,54,-112.868131868132
22,3794,32,-0.785714285714286
22,3795,3,28.3768115942029
22,3796,-76,1.86196319018405
22,3797,-29,-41.4236111111111
22,3798,-39,-15.1646706586826
22,3799,-153,-41.4236111111111
22,3800,-44,-41.4236111111111
22,3801,8,-41.4236111111111
22,3802,15,1.86196319018405
22,3803,-51,56.3552631578947
22,3804,-70,-41.4236111111111
22,3805,-54,2.15909090909091
22,3806,-22,-41.4236111111111
22,3807,-6,-15.1646706586826
22,3808,0,1.86196319018405
22,3809,6,1.86196319018405
22,3810,14,1.86196319018405
22,3811,116,86.6909090909091
22,3812,266,185.865384615385
22,3813,198,-63.2173913043478
22,3814,-329,-238.103703703704
22,3815,-63,-153.904761904762
22,3816,47,22.4166666666667
22,3817,25,-13.7719298245614
22,3818,4,-20.1538461538462
22,3819,-2,1.86196319018405
22,3820,-13,60.7333333333333
22,3821,177,104.032608695652
22,3822,407,232.375
22,3823,-15,-63.2173913043478
22,3824,-203,-153.904761904762
22,3825,-183,-107.060606060606
22,3826,-140,25.85
22,3827,-110,-41.4236111111111
22,3828,-94,-41.4236111111111
22,3829,-66,-41.4236111111111
22,3830,-29,2.15909090909091
22,3831,-5,104.032608695652
22,3832,-7,1.86196319018405
22,3833,3,1.86196319018405
22,3834,27,1.86196319018405
22,3835,143,86.6909090909091
22,3836,323,185.865384615385
22,3837,203,-63.2173913043478
22,3838,-378,-238.103703703704
22,3839,-77,-153.904761904762
22,3840,-36,22.4166666666667
22,3841,69,-41.4236111111111
22,3842,-30,-13.7719298245614
22,3843,8,-15.1646706586826
22,3844,45,60.7333333333333
22,3845,139,112.106666666667
22,3846,423,232.375
22,3847,-54,-187.459459459459
22,3848,-204,-153.904761904762
22,3849,-162,-107.060606060606
22,3850,-131,25.85
22,3851,-93,-41.4236111111111
22,3852,-86,-41.4236111111111
22,3853,-80,-41.4236111111111
22,3854,-35,2.15909090909091
22,3855,-17,2.15909090909091
22,3856,1,-15.1646706586826
22,3857,0,1.86196319018405
22,3858,36,1.86196319018405
22,3859,130,86.6909090909091
22,3860,309,185.865384615385
22,3861,255,-63.2173913043478
22,3862,-396,-238.103703703704
22,3863,-127,-153.904761904762
22,3864,25,22.4166666666667
22,3865,41,28.3768115942029
22,3866,33,-13.7719298245614
22,3867,-77,-20.1538461538462
22,3868,42,2.15909090909091
22,3869,163,112.106666666667
22,3870,417,232.375
22,3871,4,-187.459459459459
22,3872,-176,-153.904761904762
22,3873,-186,-107.060606060606
22,3874,-119,-95.2173913043478
22,3875,-148,-41.4236111111111
22,3876,-97,-41.4236111111111
22,3877,-69,-41.4236111111111
22,3878,-39,2.15909090909091
22,3879,-14,2.15909090909091
22,3880,-8,-15.1646706586826
22,3881,4,1.86196319018405
22,3882,31,1.86196319018405
22,3883,126,86.6909090909091
22,3884,308,185.865384615385
22,3885,223,-63.2173913043478
22,3886,-345,-238.103703703704
22,3887,-148,-153.904761904762
22,3888,55,22.4166666666667
22,3889,17,-13.7719298245614
22,3890,4,-20.1538461538462
22,3891,-34,1.86196319018405
22,3892,20,2.15909090909091
22,3893,150,104.032608695652
22,3894,393,232.375
22,3895,1,-63.2173913043478
22,3896,-188,-153.904761904762
22,3897,-145,-107.060606060606
22,3898,-142,-95.2173913043478
22,3899,-77,-41.4236111111111
22,3900,-103,-41.4236111111111
22,3901,-71,-41.4236111111111
22,3902,-44,2.15909090909091
22,3903,-21,2.15909090909091
22,3904,-11,-15.1646706586826
22,3905,-2,-15.1646706586826
22,3906,26,1.86196319018405
22,3907,11,86.6909090909091
22,3908,89,86.6909090909091
22,3909,-14,185.865384615385
22,3910,101,-15.1646706586826
22,3911,-27,18.7333333333333
22,3912,58,-15.1646706586826
22,3913,64,-0.785714285714286
22,3914,-25,-13.7719298245614
22,3915,17,-15.1646706586826
22,3916,17,56.3552631578947
22,3917,143,28.3768115942029
22,3918,263,94.25
22,3919,-90,-63.2173913043478
22,3920,-148,-153.904761904762
22,3921,-122,-107.060606060606
22,3922,-84,-95.2173913043478
22,3923,-68,-41.4236111111111
22,3924,-26,-41.4236111111111
22,3925,-12,-15.1646706586826
22,3926,-64,-15.1646706586826
22,3927,-31,2.15909090909091
22,3928,-64,-15.1646706586826
22,3929,-11,2.15909090909091
22,3930,1,-15.1646706586826
22,3931,12,1.86196319018405
22,3932,39,56.3552631578947
22,3933,100,56.3552631578947
22,3934,109,184.521276595745
22,3935,136,112.106666666667
22,3936,92,18.7333333333333
22,3937,47,-238.103703703704
22,3938,23,-0.785714285714286
22,3939,-31,-20.1538461538462
22,3940,24,-15.1646706586826
22,3941,-31,-20.1538461538462
22,3942,-19,-15.1646706586826
22,3943,-212,-15.1646706586826
22,3944,-25,-41.4236111111111
22,3945,-115,-15.1646706586826
22,3946,-32,-41.4236111111111
22,3947,40,-15.1646706586826
22,3948,-5,151.009803921569
22,3949,-43,1.86196319018405
22,3950,-7,-41.4236111111111
22,3951,-27,1.86196319018405
22,3952,-38,-15.1646706586826
22,3953,-38,-41.4236111111111
22,3954,0,-41.4236111111111
22,3955,6,1.86196319018405
22,3956,23,1.86196319018405
22,3957,80,86.6909090909091
22,3958,98,151.009803921569
22,3959,111,112.106666666667
22,3960,121,18.7333333333333
22,3961,56,-238.103703703704
22,3962,38,-36.2727272727273
22,3963,36,-20.1538461538462
22,3964,-2,-20.1538461538462
22,3965,-64,1.86196319018405
22,3966,-8,-41.4236111111111
22,3967,-14,1.86196319018405
22,3968,-26,-15.1646706586826
22,3969,-165,-15.1646706586826
22,3970,-80,-41.4236111111111
22,3971,-39,2.15909090909091
22,3972,-71,-41.4236111111111
22,3973,-63,-41.4236111111111
22,3974,-33,-41.4236111111111
22,3975,-5,-15.1646706586826
22,3976,-3,1.86196319018405
22,3977,5,1.86196319018405
22,3978,25,1.86196319018405
22,3979,123,86.6909090909091
22,3980,277,185.865384615385
22,3981,237,-63.2173913043478
22,3982,-368,-238.103703703704
22,3983,-106,-153.904761904762
22,3984,46,22.4166666666667
22,3985,31,-13.7719298245614
22,3986,-22,-20.1538461538462
22,3987,-6,-15.1646706586826
22,3988,26,60.7333333333333
22,3989,190,104.032608695652
22,3990,354,232.375
22,3991,-6,-63.2173913043478
22,3992,-257,-153.904761904762
22,3993,-123,-107.060606060606
22,3994,-142,25.85
22,3995,-98,-41.4236111111111
22,3996,-64,-41.4236111111111
22,3997,-68,-41.4236111111111
22,3998,-33,2.15909090909091
22,3999,-16,104.032608695652
22,4000,-8,-15.1646706586826
22,4001,2,1.86196319018405
22,4002,31,1.86196319018405
22,4003,28,86.6909090909091
22,4004,115,86.6909090909091
22,4005,439,184.521276595745
22,4006,-216,-63.2173913043478
22,4007,-194,-153.904761904762
22,4008,-12,22.4166666666667
22,4009,104,-15.1646706586826
22,4010,-14,-13.7719298245614
22,4011,-31,-15.1646706586826
22,4012,28,-15.1646706586826
22,4013,175,104.032608695652
22,4014,354,181.386363636364
22,4015,42,-63.2173913043478
22,4016,-227,-153.904761904762
22,4017,-191,-107.060606060606
22,4018,-128,25.85
22,4019,-119,-41.4236111111111
22,4020,-22,-41.4236111111111
22,4021,-107,-15.1646706586826
22,4022,-23,2.15909090909091
22,4023,-29,104.032608695652
22,4024,3,-15.1646706586826
22,4025,-7,1.86196319018405
22,4026,35,1.86196319018405
22,4027,133,86.6909090909091
22,4028,320,185.865384615385
22,4029,190,-63.2173913043478
22,4030,-315,-238.103703703704
22,4031,-134,-112.868131868132
22,4032,2,22.4166666666667
22,4033,72,1.86196319018405
22,4034,-13,-13.7719298245614
22,4035,-39,-15.1646706586826
22,4036,11,2.15909090909091
22,4037,165,104.032608695652
22,4038,420,232.375
22,4039,-3,-63.2173913043478
22,4040,-199,-153.904761904762
22,4041,-222,-107.060606060606
22,4042,-112,-95.2173913043478
22,4043,-89,25.85
22,4044,-88,-41.4236111111111
22,4045,-62,-41.4236111111111
22,4046,-55,2.15909090909091
22,4047,-6,2.15909090909091
22,4048,-11,104.032608695652
22,4049,1,-15.1646706586826
22,4050,32,1.86196319018405
22,4051,128,86.6909090909091
22,4052,299,185.865384615385
22,4053,218,-63.2173913043478
22,4054,-345,-238.103703703704
22,4055,-138,-153.904761904762
22,4056,75,22.4166666666667
22,4057,69,-13.7719298245614
22,4058,-43,-13.7719298245614
22,4059,-52,-41.4236111111111
22,4060,12,2.15909090909091
22,4061,159,104.032608695652
22,4062,478,232.375
22,4063,-65,-63.2173913043478
22,4064,-155,-153.904761904762
22,4065,-163,-107.060606060606
22,4066,-158,-95.2173913043478
22,4067,-102,-41.4236111111111
22,4068,-28,-41.4236111111111
22,4069,-138,-15.1646706586826
22,4070,-34,2.15909090909091
22,4071,-35,2.15909090909091
22,4072,-13,2.15909090909091
22,4073,3,-15.1646706586826
22,4074,27,1.86196319018405
22,4075,121,86.6909090909091
22,4076,222,185.865384615385
22,4077,289,-63.2173913043478
22,4078,-290,-238.103703703704
22,4079,-147,-153.904761904762
22,4080,72,22.4166666666667
22,4081,62,-13.7719298245614
22,4082,-8,-13.7719298245614
22,4083,-29,1.86196319018405
22,4084,55,-15.1646706586826
22,4085,105,112.106666666667
22,4086,303,232.375
22,4087,-122,-120.6
22,4088,-178,-153.904761904762
22,4089,-132,-107.060606060606
22,4090,-104,-95.2173913043478
22,4091,-42,-41.4236111111111
22,4092,-92,-41.4236111111111
22,4093,-16,2.15909090909091
22,4094,-13,-15.1646706586826
22,4095,-49,-15.1646706586826
22,4096,-13,2.15909090909091
22,4097,-17,-15.1646706586826
22,4098,-4,-15.1646706586826
22,4099,18,1.86196319018405
22,4100,37,86.6909090909091
22,4101,125,56.3552631578947
22,4102,103,185.865384615385
22,4103,188,-63.2173913043478
22,4104,56,18.7333333333333
22,4105,118,-112.868131868132
22,4106,-10,-120.6
22,4107,-46,-36.2727272727273
22,4108,-2,-41.4236111111111
22,4109,45,1.86196319018405
22,4110,-6,-13.7719298245614
22,4111,-81,1.86196319018405
22,4112,-66,-41.4236111111111
22,4113,-147,-41.4236111111111
22,4114,-3,-41.4236111111111
22,4115,-77,1.86196319018405
22,4116,-26,-41.4236111111111
22,4117,-48,-15.1646706586826
22,4118,-56,2.15909090909091
22,4119,-12,2.15909090909091
22,4120,-64,-15.1646706586826
22,4121,-29,2.15909090909091
22,4122,-15,-15.1646706586826
22,4123,9,-15.1646706586826
22,4124,21,1.86196319018405
22,4125,83,86.6909090909091
22,4126,146,151.009803921569
22,4127,155,112.106666666667
22,4128,-153,-238.103703703704
22,4129,26,-112.868131868132
22,4130,-136,28.3768115942029
22,4131,-13,-41.4236111111111
22,4132,127,-15.1646706586826
22,4133,80,-13.7719298245614
22,4134,-13,-112.868131868132
22,4135,34,-15.1646706586826
22,4136,-36,28.3768115942029
22,4137,-67,-41.4236111111111
22,4138,-84,-41.4236111111111
22,4139,-134,-41.4236111111111
22,4140,-10,-41.4236111111111
22,4141,-20,-15.1646706586826
22,4142,-16,-15.1646706586826
22,4143,-5,-15.1646706586826
22,4144,-2,1.86196319018405
22,4145,4,1.86196319018405
22,4146,30,1.86196319018405
22,4147,124,86.6909090909091
22,4148,281,184.521276595745
22,4149,213,-63.2173913043478
22,4150,-298,-238.103703703704
22,4151,-164,-153.904761904762
22,4152,48,22.4166666666667
22,4153,41,-13.7719298245614
22,4154,9,-13.7719298245614
22,4155,-16,1.86196319018405
22,4156,34,-15.1646706586826
22,4157,151,104.032608695652
22,4158,433,232.375
22,4159,-78,-63.2173913043478
22,4160,-516,-153.904761904762
22,4161,-38,-107.060606060606
22,4162,-16,25.85
22,4163,-84,-15.1646706586826
22,4164,-59,-41.4236111111111
22,4165,-43,2.15909090909091
22,4166,-26,2.15909090909091
22,4167,-25,104.032608695652
22,4168,-5,-15.1646706586826
22,4169,1,1.86196319018405
22,4170,30,1.86196319018405
22,4171,135,86.6909090909091
22,4172,350,185.865384615385
22,4173,204,-63.2173913043478
22,4174,-395,-238.103703703704
22,4175,-150,-153.904761904762
22,4176,78,22.4166666666667
22,4177,49,-13.7719298245614
22,4178,26,-13.7719298245614
22,4179,-29,-20.1538461538462
22,4180,0,-15.1646706586826
22,4181,165,104.032608695652
22,4182,411,232.375
22,4183,-253,-63.2173913043478
22,4184,-149,-153.904761904762
22,4185,-118,22.4166666666667
22,4186,-78,-95.2173913043478
22,4187,-48,-41.4236111111111
22,4188,-96,-41.4236111111111
22,4189,-81,2.15909090909091
22,4190,-34,2.15909090909091
22,4191,-4,2.15909090909091
22,4192,-10,1.86196319018405
22,4193,1,-15.1646706586826
22,4194,32,1.86196319018405
22,4195,147,86.6909090909091
22,4196,366,185.865384615385
22,4197,187,-63.2173913043478
22,4198,-364,-238.103703703704
22,4199,-151,-112.868131868132
22,4200,42,22.4166666666667
22,4201,45,-13.7719298245614
22,4202,4,-13.7719298245614
22,4203,-50,1.86196319018405
22,4204,50,2.15909090909091
22,4205,144,112.106666666667
22,4206,323,232.375
22,4207,-100,-187.459459459459
22,4208,-103,-153.904761904762
22,4209,-189,-107.060606060606
22,4210,-40,-95.2173913043478
22,4211,-70,-41.4236111111111
22,4212,-141,-41.4236111111111
22,4213,-80,2.15909090909091
22,4214,-35,2.15909090909091
22,4215,-5,2.15909090909091
22,4216,-11,1.86196319018405
22,4217,-3,-15.1646706586826
22,4218,31,1.86196319018405
22,4219,155,86.6909090909091
22,4220,289,218
22,4221,226,-63.2173913043478
22,4222,-295,-238.103703703704
22,4223,-179,-153.904761904762
22,4224,45,22.4166666666667
22,4225,54,-13.7719298245614
22,4226,14,-13.7719298245614
22,4227,-41,-20.1538461538462
22,4228,0,2.15909090909091
22,4229,160,104.032608695652
22,4230,355,232.375
22,4231,121,-63.2173913043478
22,4232,-308,-238.103703703704
22,4233,-159,-36.2727272727273
22,4234,-145,25.85
22,4235,-131,-41.4236111111111
22,4236,-41,-41.4236111111111
22,4237,-46,-41.4236111111111
22,4238,-69,2.15909090909091
22,4239,-26,2.15909090909091
22,4240,-8,-15.1646706586826
22,4241,0,1.86196319018405
22,4242,30,1.86196319018405
22,4243,113,86.6909090909091
22,4244,274,185.865384615385
22,4245,319,-63.2173913043478
22,4246,-355,-238.103703703704
22,4247,-127,-153.904761904762
22,4248,19,22.4166666666667
22,4249,90,28.3768115942029
22,4250,-20,-13.7719298245614
22,4251,-13,-15.1646706586826
22,4252,12,-15.1646706586826
22,4253,165,104.032608695652
22,4254,297,232.375
22,4255,-76,-63.2173913043478
22,4256,-200,-153.904761904762
22,4257,-173,-107.060606060606
22,4258,-57,-95.2173913043478
22,4259,-55,-41.4236111111111
22,4260,-73,-41.4236111111111
22,4261,-43,2.15909090909091
22,4262,-20,2.15909090909091
22,4263,-36,104.032608695652
22,4264,-41,-41.4236111111111
22,4265,-26,-41.4236111111111
22,4266,2,-15.1646706586826
22,4267,16,1.86196319018405
22,4268,72,86.6909090909091
22,4269,60,151.009803921569
22,4270,126,151.009803921569
22,4271,154,18.7333333333333
22,4272,15,-238.103703703704
22,4273,127,-112.868131868132
22,4274,-67,-120.6
22,4275,-35,-112.868131868132
22,4276,-249,-41.4236111111111
22,4277,201,-41.4236111111111
22,4278,-31,-13.7719298245614
22,4279,-20,-153.904761904762
22,4280,-29,-15.1646706586826
22,4281,-113,-15.1646706586826
22,4282,-33,2.15909090909091
22,4283,-26,104.032608695652
22,4284,-24,-15.1646706586826
22,4285,-24,-15.1646706586826
22,4286,0,-15.1646706586826
22,4287,-18,1.86196319018405
22,4288,-63,-15.1646706586826
22,4289,-37,-41.4236111111111
22,4290,0,-41.4236111111111
22,4291,5,1.86196319018405
22,4292,13,1.86196319018405
22,4293,99,28.3768115942029
22,4294,130,184.521276595745
22,4295,122,112.106666666667
22,4296,97,-238.103703703704
22,4297,144,-238.103703703704
22,4298,-85,-120.6
22,4299,-164,-112.868131868132
22,4300,14,-41.4236111111111
22,4301,-218,-20.1538461538462
22,4302,60,-41.4236111111111
22,4303,31,-13.7719298245614
22,4304,28,-20.1538461538462
22,4305,-81,56.3552631578947
22,4306,-45,-41.4236111111111
22,4307,-52,2.15909090909091
22,4308,-34,-41.4236111111111
22,4309,-48,-41.4236111111111
22,4310,-25,-41.4236111111111
22,4311,1,-15.1646706586826
22,4312,-4,1.86196319018405
22,4313,8,1.86196319018405
22,4314,24,1.86196319018405
22,4315,109,86.6909090909091
22,4316,288,185.865384615385
22,4317,266,112.106666666667
22,4318,-357,-238.103703703704
22,4319,-136,-153.904761904762
22,4320,23,22.4166666666667
22,4321,54,-20.1538461538462
22,4322,5,-13.7719298245614
22,4323,-42,1.86196319018405
22,4324,36,2.15909090909091
22,4325,162,104.032608695652
22,4326,401,232.375
22,4327,-11,-63.2173913043478
22,4328,-261,-153.904761904762
22,4329,-157,-107.060606060606
22,4330,-138,25.85
22,4331,-117,-41.4236111111111
22,4332,-47,-41.4236111111111
22,4333,-76,-41.4236111111111
22,4334,-17,2.15909090909091
22,4335,-6,104.032608695652
22,4336,-11,1.86196319018405
22,4337,4,-15.1646706586826
22,4338,34,1.86196319018405
22,4339,105,86.6909090909091
22,4340,122,185.865384615385
22,4341,424,112.106666666667
22,4342,-298,-238.103703703704
23,1,-182,-157.044303797468
23,2,62,-38.2727272727273
23,3,40,-20.3157894736842
23,4,-12,-20.3913043478261
23,5,-17,0.0608108108108108
23,6,-127,-20.8926174496644
23,7,-28,-6.27536231884058
23,8,78,114.284552845528
23,9,32,-20.3157894736842
23,10,14,-20.3913043478261
23,11,-74,28.75
23,12,1,-6.27536231884058
23,13,-26,0.0608108108108108
23,14,-52,-20.8926174496644
23,15,-1,-42.9370860927152
23,16,22,0.0608108108108108
23,17,-6,28.75
23,18,-17,0.0608108108108108
23,19,-19,-20.8926174496644
23,20,0,-20.8926174496644
23,21,5,0.0608108108108108
23,22,9,0.0608108108108108
23,23,32,0.0608108108108108
23,24,46,28.75
23,25,74,141.095890410959
23,26,46,89.578125
23,27,85,41.6428571428571
23,28,40,41.6428571428571
23,29,91,28.75
23,30,-31,-41.8333333333333
23,31,68,-42.9370860927152
23,32,-82,-41.8333333333333
23,33,-82,-42.9370860927152
23,34,-78,-42.9370860927152
23,35,-76,-42.9370860927152
23,36,5,-42.9370860927152
23,37,-20,0.0608108108108108
23,38,-28,-20.8926174496644
23,39,-34,-20.8926174496644
23,40,4,-6.27536231884058
23,41,4,0.0608108108108108
23,42,-54,0.0608108108108108
23,43,-12,-42.9370860927152
23,44,-9,0.0608108108108108
23,45,0,0.0608108108108108
23,46,18,0.0608108108108108
23,47,43,83.1682242990654
23,48,52,28.75
23,49,74,181.741935483871
23,50,64,89.578125
23,51,71,89.578125
23,52,37,41.6428571428571
23,53,-32,28.75
23,54,2,-42.9370860927152
23,55,-35,0.0608108108108108
23,56,-36,-42.9370860927152
23,57,-79,-42.9370860927152
23,58,-52,-42.9370860927152
23,59,-44,-42.9370860927152
23,60,-9,-42.9370860927152
23,61,-17,0.0608108108108108
23,62,-36,-20.8926174496644
23,63,-9,-6.27536231884058
23,64,-11,0.0608108108108108
23,65,-2,0.0608108108108108
23,66,-3,0.0608108108108108
23,67,0,0.0608108108108108
23,68,17,0.0608108108108108
23,69,73,83.1682242990654
23,70,169,141.095890410959
23,71,168,177.671755725191
23,72,-231,-236.135483870968
23,73,-111,-110.582524271845
23,74,17,13.6206896551724
23,75,34,28.75
23,76,-17,-20.3913043478261
23,77,8,-20.8926174496644
23,78,2,0.0608108108108108
23,79,80,114.284552845528
23,80,177,231.521739130435
23,81,-12,-20.3157894736842
23,82,-149,-110.582524271845
23,83,-47,-42.9370860927152
23,84,-59,-42.9370860927152
23,85,-42,-42.9370860927152
23,86,-47,-42.9370860927152
23,87,-23,-42.9370860927152
23,88,-2,-20.8926174496644
23,89,-2,-13.2105263157895
23,90,-3,0.0608108108108108
23,91,2,0.0608108108108108
23,92,22,0.0608108108108108
23,93,77,83.1682242990654
23,94,173,177.671755725191
23,95,226,206.75
23,96,-268,-236.135483870968
23,97,-104,-157.044303797468
23,98,1,-38.2727272727273
23,99,8,0.0608108108108108
23,100,26,0.0608108108108108
23,101,-28,-20.3913043478261
23,102,30,-20.8926174496644
23,103,84,114.284552845528
23,104,196,231.521739130435
23,105,11,41.6428571428571
23,106,-170,-110.582524271845
23,107,-100,-42.9370860927152
23,108,-39,-42.9370860927152
23,109,-42,-42.9370860927152
23,110,-52,-42.9370860927152
23,111,-39,-42.9370860927152
23,112,-10,-6.27536231884058
23,113,-1,-13.2105263157895
23,114,-1,0.0608108108108108
23,115,0,0.0608108108108108
23,116,15,0.0608108108108108
23,117,90,83.1682242990654
23,118,236,181.741935483871
23,119,222,138.628571428571
23,120,-302,-236.135483870968
23,121,-117,-157.044303797468
23,122,14,-38.2727272727273
23,123,54,28.75
23,124,-10,-20.3157894736842
23,125,-30,0.0608108108108108
23,126,34,-20.8926174496644
23,127,79,114.284552845528
23,128,324,231.521739130435
23,129,-68,-119.21875
23,130,-183,-157.044303797468
23,131,-101,-124.87037037037
23,132,-72,-86.5
23,133,-29,-42.9370860927152
23,134,-97,-20.8926174496644
23,135,-16,-6.27536231884058
23,136,-25,-20.8926174496644
23,137,-10,26.6428571428571
23,138,-8,0.0608108108108108
23,139,-1,0.0608108108108108
23,140,27,0.0608108108108108
23,141,80,83.1682242990654
23,142,225,177.671755725191
23,143,251,138.628571428571
23,144,-284,-236.135483870968
23,145,-163,-157.044303797468
23,146,66,-38.2727272727273
23,147,47,-20.3157894736842
23,148,-18,-20.3157894736842
23,149,-30,-20.8926174496644
23,150,-18,-20.8926174496644
23,151,157,114.284552845528
23,152,255,231.521739130435
23,153,-7,-67.8636363636364
23,154,-174,-157.044303797468
23,155,-114,-124.87037037037
23,156,-69,-86.5
23,157,-80,-42.9370860927152
23,158,-59,-42.9370860927152
23,159,-40,-42.9370860927152
23,160,-28,-6.27536231884058
23,161,-15,-13.2105263157895
23,162,-4,-20.8926174496644
23,163,-6,0.0608108108108108
23,164,28,0.0608108108108108
23,165,56,83.1682242990654
23,166,183,181.741935483871
23,167,233,177.671755725191
23,168,-217,-236.135483870968
23,169,-125,-157.044303797468
23,170,28,-38.2727272727273
23,171,14,28.75
23,172,23,-20.3913043478261
23,173,-46,-20.3913043478261
23,174,60,-6.27536231884058
23,175,105,89.578125
23,176,223,175.117647058824
23,177,-96,41.6428571428571
23,178,-226,-157.044303797468
23,179,-85,-124.87037037037
23,180,-18,13.6206896551724
23,181,-34,-20.8926174496644
23,182,-21,-42.9370860927152
23,183,-9,-20.8926174496644
23,184,-26,0.0608108108108108
23,185,-9,114.284552845528
23,186,-26,0.0608108108108108
23,187,-12,-20.8926174496644
23,188,6,0.0608108108108108
23,189,2,0.0608108108108108
23,190,28,0.0608108108108108
23,191,71,83.1682242990654
23,192,37,141.095890410959
23,193,75,83.1682242990654
23,194,51,89.578125
23,195,55,41.6428571428571
23,196,28,-41.8333333333333
23,197,22,28.75
23,198,27,-20.3913043478261
23,199,-16,-20.3913043478261
23,200,-36,-20.8926174496644
23,201,-57,-42.9370860927152
23,202,-113,-42.9370860927152
23,203,-63,-42.9370860927152
23,204,-11,-42.9370860927152
23,205,-10,0.0608108108108108
23,206,-17,0.0608108108108108
23,207,-14,-20.8926174496644
23,208,-8,0.0608108108108108
23,209,5,0.0608108108108108
23,210,-44,0.0608108108108108
23,211,-15,-42.9370860927152
23,212,3,-20.8926174496644
23,213,7,0.0608108108108108
23,214,55,0.0608108108108108
23,215,18,141.095890410959
23,216,128,83.1682242990654
23,217,81,181.741935483871
23,218,111,-110.582524271845
23,219,54,41.6428571428571
23,220,37,-27.0625
23,221,-14,-20.3913043478261
23,222,22,0.0608108108108108
23,223,-11,-20.3913043478261
23,224,-109,0.0608108108108108
23,225,-131,-42.9370860927152
23,226,-87,-42.9370860927152
23,227,-24,-42.9370860927152
23,228,-53,-20.8926174496644
23,229,-42,-42.9370860927152
23,230,-28,-6.27536231884058
23,231,-14,-20.8926174496644
23,232,-1,0.0608108108108108
23,233,-7,0.0608108108108108
23,234,1,0.0608108108108108
23,235,13,0.0608108108108108
23,236,72,83.1682242990654
23,237,180,141.095890410959
23,238,296,177.671755725191
23,239,-283,-236.135483870968
23,240,-144,-157.044303797468
23,241,13,-38.2727272727273
23,242,71,28.75
23,243,29,-20.3157894736842
23,244,-29,-20.3913043478261
23,245,12,-20.8926174496644
23,246,99,114.284552845528
23,247,312,231.521739130435
23,248,68,-20.3157894736842
23,249,-266,-157.044303797468
23,250,-160,-124.87037037037
23,251,-81,13.6206896551724
23,252,-72,-42.9370860927152
23,253,-70,-42.9370860927152
23,254,-37,-42.9370860927152
23,255,-10,-6.27536231884058
23,256,-15,-13.2105263157895
23,257,1,-20.8926174496644
23,258,-1,0.0608108108108108
23,259,23,0.0608108108108108
23,260,89,83.1682242990654
23,261,195,181.741935483871
23,262,285,138.628571428571
23,263,-251,-236.135483870968
23,264,-199,-157.044303797468
23,265,76,-124.87037037037
23,266,25,-20.3157894736842
23,267,-11,-20.3913043478261
23,268,-21,0.0608108108108108
23,269,52,-20.8926174496644
23,270,101,89.578125
23,271,311,231.521739130435
23,272,58,-119.21875
23,273,-255,-157.044303797468
23,274,-128,-124.87037037037
23,275,-107,13.6206896551724
23,276,-74,-42.9370860927152
23,277,-83,-42.9370860927152
23,278,-48,-42.9370860927152
23,279,-12,-6.27536231884058
23,280,-25,-13.2105263157895
23,281,2,-20.8926174496644
23,282,1,0.0608108108108108
23,283,22,0.0608108108108108
23,284,94,83.1682242990654
23,285,247,181.741935483871
23,286,294,138.628571428571
23,287,-311,-236.135483870968
23,288,-163,-157.044303797468
23,289,32,-124.87037037037
23,290,47,28.75
23,291,-13,-20.3157894736842
23,292,-30,0.0608108108108108
23,293,59,-20.8926174496644
23,294,73,89.578125
23,295,426,231.521739130435
23,296,-33,-119.21875
23,297,-277,-157.044303797468
23,298,-142,-124.87037037037
23,299,-42,13.6206896551724
23,300,-86,-42.9370860927152
23,301,-111,-42.9370860927152
23,302,-31,-42.9370860927152
23,303,-37,-6.27536231884058
23,304,-4,-6.27536231884058
23,305,-12,0.0608108108108108
23,306,7,0.0608108108108108
23,307,12,0.0608108108108108
23,308,91,83.1682242990654
23,309,264,177.671755725191
23,310,242,181.741935483871
23,311,-308,-236.135483870968
23,312,-151,-157.044303797468
23,313,47,-38.2727272727273
23,314,54,-20.3157894736842
23,315,8,-20.3157894736842
23,316,-15,0.0608108108108108
23,317,29,-20.8926174496644
23,318,139,114.284552845528
23,319,287,231.521739130435
23,320,33,-67.8636363636364
23,321,-321,-157.044303797468
23,322,-95,-124.87037037037
23,323,-87,13.6206896551724
23,324,-74,-42.9370860927152
23,325,-72,-42.9370860927152
23,326,-40,-42.9370860927152
23,327,-31,-6.27536231884058
23,328,-22,-6.27536231884058
23,329,-1,-20.8926174496644
23,330,0,0.0608108108108108
23,331,29,0.0608108108108108
23,332,67,83.1682242990654
23,333,179,181.741935483871
23,334,284,177.671755725191
23,335,-250,-236.135483870968
23,336,-132,-157.044303797468
23,337,27,-38.2727272727273
23,338,87,28.75
23,339,-34,-20.3157894736842
23,340,-58,-42.9370860927152
23,341,-95,-6.27536231884058
23,342,22,-6.27536231884058
23,343,129,114.284552845528
23,344,150,-20.3157894736842
23,345,-112,-67.8636363636364
23,346,-61,-110.582524271845
23,347,-83,-6.27536231884058
23,348,-4,-42.9370860927152
23,349,-22,0.0608108108108108
23,350,-26,-20.8926174496644
23,351,-31,-20.8926174496644
23,352,-27,-42.9370860927152
23,353,-16,114.284552845528
23,354,-24,-20.8926174496644
23,355,6,-20.8926174496644
23,356,22,0.0608108108108108
23,357,56,83.1682242990654
23,358,132,141.095890410959
23,359,103,177.671755725191
23,360,122,-236.135483870968
23,361,142,89.578125
23,362,66,-236.135483870968
23,363,35,-110.582524271845
23,364,4,-20.3913043478261
23,365,-11,0.0608108108108108
23,366,6,0.0608108108108108
23,367,-37,114.284552845528
23,368,-88,-42.9370860927152
23,369,-143,-42.9370860927152
23,370,-146,-42.9370860927152
23,371,-48,-42.9370860927152
23,372,-12,-42.9370860927152
23,373,-26,0.0608108108108108
23,374,-78,-20.8926174496644
23,375,6,-6.27536231884058
23,376,-57,0.0608108108108108
23,377,-38,-42.9370860927152
23,378,-4,-42.9370860927152
23,379,-8,0.0608108108108108
23,380,5,0.0608108108108108
23,381,31,0.0608108108108108
23,382,54,83.1682242990654
23,383,82,181.741935483871
23,384,173,181.741935483871
23,385,17,41.6428571428571
23,386,135,-110.582524271845
23,387,41,-41.8333333333333
23,388,-23,-110.582524271845
23,389,33,-20.8926174496644
23,390,-13,-20.3913043478261
23,391,0,0.0608108108108108
23,392,-82,0.0608108108108108
23,393,-107,-42.9370860927152
23,394,-154,-42.9370860927152
23,395,-25,-42.9370860927152
23,396,-73,-20.8926174496644
23,397,-54,-42.9370860927152
23,398,-23,-6.27536231884058
23,399,-8,-20.8926174496644
23,400,-7,0.0608108108108108
23,401,-6,0.0608108108108108
23,402,1,0.0608108108108108
23,403,28,0.0608108108108108
23,404,89,83.1682242990654
23,405,234,177.671755725191
23,406,225,138.628571428571
23,407,-248,-236.135483870968
23,408,-147,-157.044303797468
23,409,17,-38.2727272727273
23,410,81,28.75
23,411,-19,-20.3157894736842
23,412,-3,-20.8926174496644
23,413,26,0.0608108108108108
23,414,99,114.284552845528
23,415,336,231.521739130435
23,416,80,-20.3157894736842
23,417,-252,-157.044303797468
23,418,-219,-124.87037037037
23,419,-107,13.6206896551724
23,420,-75,13.6206896551724
23,421,-94,-42.9370860927152
23,422,-25,-42.9370860927152
23,423,-14,-20.8926174496644
23,424,-5,-13.2105263157895
23,425,-7,0.0608108108108108
23,426,3,0.0608108108108108
23,427,14,0.0608108108108108
23,428,80,83.1682242990654
23,429,70,177.671755725191
23,430,346,138.628571428571
23,431,-191,-119.21875
23,432,-162,-157.044303797468
23,433,67,-38.2727272727273
23,434,31,-20.3157894736842
23,435,23,-20.3913043478261
23,436,-36,-20.3913043478261
23,437,-4,-6.27536231884058
23,438,187,0.0608108108108108
23,439,319,175.117647058824
23,440,51,-67.8636363636364
23,441,-246,-157.044303797468
23,442,-178,-124.87037037037
23,443,-100,13.6206896551724
23,444,-89,-42.9370860927152
23,445,-98,-42.9370860927152
23,446,-57,-42.9370860927152
23,447,-7,-6.27536231884058
23,448,-16,-13.2105263157895
23,449,-2,-20.8926174496644
23,450,-4,0.0608108108108108
23,451,35,0.0608108108108108
23,452,110,83.1682242990654
23,453,223,181.741935483871
23,454,163,-67.8636363636364
23,455,-242,-236.135483870968
23,456,-139,-110.582524271845
23,457,38,13.6206896551724
23,458,37,-20.3913043478261
23,459,74,-20.3913043478261
23,460,-78,-119.21875
23,461,18,-6.27536231884058
23,462,135,114.284552845528
23,463,351,268.830769230769
23,464,50,-67.8636363636364
23,465,-197,-157.044303797468
23,466,-208,-124.87037037037
23,467,-123,13.6206896551724
23,468,-54,13.6206896551724
23,469,-72,-42.9370860927152
23,470,-84,-42.9370860927152
23,471,-11,-6.27536231884058
23,472,-24,-13.2105263157895
23,473,1,-20.8926174496644
23,474,-1,0.0608108108108108
23,475,28,0.0608108108108108
23,476,102,83.1682242990654
23,477,225,181.741935483871
23,478,288,138.628571428571
23,479,-331,-236.135483870968
23,480,-176,-157.044303797468
23,481,77,-124.87037037037
23,482,53,-20.3157894736842
23,483,26,-20.3157894736842
23,484,-41,-20.3913043478261
23,485,47,-6.27536231884058
23,486,121,89.578125
23,487,385,231.521739130435
23,488,-9,-175.6
23,489,-215,-157.044303797468
23,490,-162,-124.87037037037
23,491,-50,13.6206896551724
23,492,-154,-42.9370860927152
23,493,-69,-42.9370860927152
23,494,-56,-42.9370860927152
23,495,-45,-6.27536231884058
23,496,-18,-6.27536231884058
23,497,-22,-20.8926174496644
23,498,-7,-20.8926174496644
23,499,31,0.0608108108108108
23,500,82,83.1682242990654
23,501,230,181.741935483871
23,502,316,181.741935483871
23,503,-282,-236.135483870968
23,504,-105,-157.044303797468
23,505,43,-38.2727272727273
23,506,153,28.75
23,507,-43,-20.3157894736842
23,508,4,-110.582524271845
23,509,40,0.0608108108108108
23,510,117,114.284552845528
23,511,368,231.521739130435
23,512,-127,-175.6
23,513,-144,-157.044303797468
23,514,-241,-124.87037037037
23,515,-161,-86.5
23,516,-13,13.6206896551724
23,517,-95,0.0608108108108108
23,518,-20,-6.27536231884058
23,519,-28,-20.8926174496644
23,520,-59,26.6428571428571
23,521,-37,-6.27536231884058
23,522,-25,-42.9370860927152
23,523,-3,-20.8926174496644
23,524,24,0.0608108108108108
23,525,42,83.1682242990654
23,526,84,83.1682242990654
23,527,95,181.741935483871
23,528,96,89.578125
23,529,-72,89.578125
23,530,-90,-42.9370860927152
23,531,13,-42.9370860927152
23,532,27,-20.3913043478261
23,533,67,-20.3913043478261
23,534,-113,-20.3157894736842
23,535,-62,-6.27536231884058
23,536,22,-6.27536231884058
23,537,-4,83.1682242990654
23,538,-22,0.0608108108108108
23,539,-7,-20.8926174496644
23,540,-21,0.0608108108108108
23,541,22,-20.8926174496644
23,542,-25,83.1682242990654
23,543,9,-20.8926174496644
23,544,-54,0.0608108108108108
23,545,-17,-42.9370860927152
23,546,-10,-20.8926174496644
23,547,-2,0.0608108108108108
23,548,12,0.0608108108108108
23,549,21,28.75
23,550,50,83.1682242990654
23,551,29,181.741935483871
23,552,132,83.1682242990654
23,553,73,-23.3
23,554,37,-110.582524271845
23,555,7,28.75
23,556,47,0.0608108108108108
23,557,7,-41.8333333333333
23,558,71,0.0608108108108108
23,559,-73,-41.8333333333333
23,560,72,-42.9370860927152
23,561,-116,41.6428571428571
23,562,-116,-42.9370860927152
23,563,-110,-42.9370860927152
23,564,-38,-42.9370860927152
23,565,-46,-6.27536231884058
23,566,-32,-42.9370860927152
23,567,-5,-6.27536231884058
23,568,-8,0.0608108108108108
23,569,-19,0.0608108108108108
23,570,3,-20.8926174496644
23,571,32,0.0608108108108108
23,572,81,83.1682242990654
23,573,253,177.671755725191
23,574,287,-119.21875
23,575,-375,-236.135483870968
23,576,-129,-157.044303797468
23,577,25,-38.2727272727273
23,578,101,28.75
23,579,22,-20.3157894736842
23,580,-84,-20.3913043478261
23,581,6,-6.27536231884058
23,582,82,114.284552845528
23,583,359,231.521739130435
23,584,20,-20.3157894736842
23,585,-226,-157.044303797468
23,586,-237,-124.87037037037
23,587,-35,13.6206896551724
23,588,-93,13.6206896551724
23,589,-45,-42.9370860927152
23,590,-38,-42.9370860927152
23,591,-5,-6.27536231884058
23,592,2,-13.2105263157895
23,593,-3,0.0608108108108108
23,594,-1,0.0608108108108108
23,595,14,0.0608108108108108
23,596,84,83.1682242990654
23,597,185,181.741935483871
23,598,295,206.75
23,599,-314,-236.135483870968
23,600,-129,-157.044303797468
23,601,37,-38.2727272727273
23,602,45,28.75
23,603,-9,-20.3157894736842
23,604,-27,0.0608108108108108
23,605,16,-20.8926174496644
23,606,105,114.284552845528
23,607,309,231.521739130435
23,608,30,-20.3157894736842
23,609,-227,-157.044303797468
23,610,-123,-124.87037037037
23,611,-73,13.6206896551724
23,612,-87,-42.9370860927152
23,613,-70,-42.9370860927152
23,614,-34,-42.9370860927152
23,615,-22,-6.27536231884058
23,616,-5,-13.2105263157895
23,617,2,0.0608108108108108
23,618,-4,0.0608108108108108
23,619,39,0.0608108108108108
23,620,75,83.1682242990654
23,621,243,141.095890410959
23,622,300,138.628571428571
23,623,-344,-236.135483870968
23,624,-141,-157.044303797468
23,625,49,-124.87037037037
23,626,46,-20.3157894736842
23,627,5,-20.3157894736842
23,628,-52,0.0608108108108108
23,629,-22,-6.27536231884058
23,630,22,114.284552845528
23,631,383,114.284552845528
23,632,37,-20.3157894736842
23,633,-185,-157.044303797468
23,634,-94,-124.87037037037
23,635,-101,-86.5
23,636,-89,-42.9370860927152
23,637,-79,-42.9370860927152
23,638,-45,-42.9370860927152
23,639,-15,-6.27536231884058
23,640,-27,-13.2105263157895
23,641,-1,-20.8926174496644
23,642,4,0.0608108108108108
23,643,23,0.0608108108108108
23,644,85,83.1682242990654
23,645,250,181.741935483871
23,646,287,138.628571428571
23,647,-333,-236.135483870968
23,648,-155,-157.044303797468
23,649,54,-38.2727272727273
23,650,72,-20.3157894736842
23,651,-19,-20.3157894736842
23,652,-35,-20.8926174496644
23,653,69,-6.27536231884058
23,654,81,89.578125
23,655,315,231.521739130435
23,656,-22,-119.21875
23,657,-213,-157.044303797468
23,658,-133,-124.87037037037
23,659,-111,13.6206896551724
23,660,-72,-42.9370860927152
23,661,-58,-42.9370860927152
23,662,-35,-42.9370860927152
23,663,-32,-6.27536231884058
23,664,-20,-6.27536231884058
23,665,0,-20.8926174496644
23,666,-5,0.0608108108108108
23,667,24,0.0608108108108108
23,668,60,83.1682242990654
23,669,203,181.741935483871
23,670,304,177.671755725191
23,671,-272,-236.135483870968
23,672,-134,-157.044303797468
23,673,14,-38.2727272727273
23,674,69,28.75
23,675,-28,-20.3157894736842
23,676,-13,-20.8926174496644
23,677,51,0.0608108108108108
23,678,87,89.578125
23,679,239,231.521739130435
23,680,-46,-119.21875
23,681,-165,-157.044303797468
23,682,-186,-124.87037037037
23,683,11,-86.5
23,684,-67,83.1682242990654
23,685,-30,-42.9370860927152
23,686,-31,-20.8926174496644
23,687,-10,-6.27536231884058
23,688,-13,-13.2105263157895
23,689,-38,0.0608108108108108
23,690,-23,-6.27536231884058
23,691,-3,-20.8926174496644
23,692,18,0.0608108108108108
23,693,21,83.1682242990654
23,694,101,83.1682242990654
23,695,78,177.671755725191
23,696,90,89.578125
23,697,150,89.578125
23,698,158,41.6428571428571
23,699,17,-236.135483870968
23,700,-87,-110.582524271845
23,701,54,-42.9370860927152
23,702,-70,-20.3157894736842
23,703,8,-42.9370860927152
23,704,-202,0.0608108108108108
23,705,-57,-42.9370860927152
23,706,-76,13.6206896551724
23,707,-65,-42.9370860927152
23,708,13,-6.27536231884058
23,709,-44,28.75
23,710,-45,-6.27536231884058
23,711,-5,-42.9370860927152
23,712,19,0.0608108108108108
23,713,-56,83.1682242990654
23,714,-13,-42.9370860927152
23,715,6,0.0608108108108108
23,716,79,0.0608108108108108
23,717,-13,90.1538461538462
23,718,41,0.0608108108108108
23,719,150,28.75
23,720,85,-23.3
23,721,91,-110.582524271845
23,722,-6,-119.21875
23,723,19,0.0608108108108108
23,724,97,28.75
23,725,12,-20.3157894736842
23,726,-62,-20.3913043478261
23,727,44,-42.9370860927152
23,728,-123,114.284552845528
23,729,-86,-42.9370860927152
23,730,-114,-42.9370860927152
23,731,-98,-42.9370860927152
23,732,-66,-42.9370860927152
23,733,-5,-42.9370860927152
23,734,-46,0.0608108108108108
23,735,-12,-6.27536231884058
23,736,0,0.0608108108108108
23,737,-1,0.0608108108108108
23,738,20,0.0608108108108108
23,739,86,83.1682242990654
23,740,196,109.166666666667
23,741,283,181.741935483871
23,742,-272,-236.135483870968
23,743,-113,-157.044303797468
23,744,5,-38.2727272727273
23,745,72,0.0608108108108108
23,746,0,-20.3157894736842
23,747,-13,0.0608108108108108
23,748,56,0.0608108108108108
23,749,71,89.578125
23,750,334,231.521739130435
23,751,-111,-119.21875
23,752,-124,-157.044303797468
23,753,-165,-124.87037037037
23,754,-91,-86.5
23,755,-115,-42.9370860927152
23,756,-57,-42.9370860927152
23,757,-33,-6.27536231884058
23,758,-22,-6.27536231884058
23,759,-6,-13.2105263157895
23,760,-2,0.0608108108108108
23,761,-2,0.0608108108108108
23,762,26,0.0608108108108108
23,763,73,83.1682242990654
23,764,241,141.095890410959
23,765,263,177.671755725191
23,766,-196,-236.135483870968
23,767,-189,-157.044303797468
23,768,39,-38.2727272727273
23,769,73,28.75
23,770,14,-20.3157894736842
23,771,-34,-20.3913043478261
23,772,5,-6.27536231884058
23,773,169,114.284552845528
23,774,272,175.117647058824
23,775,43,-67.8636363636364
23,776,-242,-157.044303797468
23,777,-179,-124.87037037037
23,778,-136,13.6206896551724
23,779,-85,-42.9370860927152
23,780,-79,-42.9370860927152
23,781,-38,-42.9370860927152
23,782,-30,-6.27536231884058
23,783,-6,-13.2105263157895
23,784,-2,0.0608108108108108
23,785,-2,0.0608108108108108
23,786,26,0.0608108108108108
23,787,99,83.1682242990654
23,788,240,181.741935483871
23,789,318,138.628571428571
23,790,-321,-236.135483870968
23,791,-196,-157.044303797468
23,792,46,-38.2727272727273
23,793,70,-20.3157894736842
23,794,-32,-20.3157894736842
23,795,7,-42.9370860927152
23,796,10,0.0608108108108108
23,797,122,114.284552845528
23,798,354,231.521739130435
23,799,15,-67.8636363636364
23,800,-265,-157.044303797468
23,801,-122,-124.87037037037
23,802,-74,13.6206896551724
23,803,-117,-42.9370860927152
23,804,-50,-42.9370860927152
23,805,-86,-42.9370860927152
23,806,-32,-6.27536231884058
23,807,5,-6.27536231884058
23,808,-13,0.0608108108108108
23,809,-4,0.0608108108108108
23,810,28,0.0608108108108108
23,811,97,83.1682242990654
23,812,228,181.741935483871
23,813,284,138.628571428571
23,814,-287,-236.135483870968
23,815,-105,-157.044303797468
23,816,22,-38.2727272727273
23,817,8,28.75
23,818,15,0.0608108108108108
23,819,-4,-20.3913043478261
23,820,-18,0.0608108108108108
23,821,133,114.284552845528
23,822,420,231.521739130435
23,823,-124,-67.8636363636364
23,824,-211,-157.044303797468
23,825,-175,-124.87037037037
23,826,-78,13.6206896551724
23,827,-85,-42.9370860927152
23,828,-13,-42.9370860927152
23,829,-75,0.0608108108108108
23,830,-23,-6.27536231884058
23,831,-27,-13.2105263157895
23,832,-3,-20.8926174496644
23,833,-3,0.0608108108108108
23,834,18,0.0608108108108108
23,835,57,83.1682242990654
23,836,166,181.741935483871
23,837,262,177.671755725191
23,838,-132,-236.135483870968
23,839,-138,-157.044303797468
23,840,53,-38.2727272727273
23,841,46,-20.3157894736842
23,842,74,-20.3157894736842
23,843,79,-119.21875
23,844,47,-119.21875
23,845,-1,89.578125
23,846,119,114.284552845528
23,847,-171,-41.8333333333333
23,848,-72,-27.0625
23,849,-160,-42.9370860927152
23,850,-62,-42.9370860927152
23,851,-32,-42.9370860927152
23,852,-45,-42.9370860927152
23,853,-19,-6.27536231884058
23,854,-25,-20.8926174496644
23,855,-33,-20.8926174496644
23,856,-8,-42.9370860927152
23,857,-21,0.0608108108108108
23,858,-5,-20.8926174496644
23,859,17,0.0608108108108108
23,860,35,83.1682242990654
23,861,69,83.1682242990654
23,862,153,141.095890410959
23,863,87,-23.3
23,864,132,-236.135483870968
23,865,95,41.6428571428571
23,866,53,-236.135483870968
23,867,-65,-41.8333333333333
23,868,48,-42.9370860927152
23,869,-11,-41.8333333333333
23,870,-48,0.0608108108108108
23,871,-50,-42.9370860927152
23,872,-104,-42.9370860927152
23,873,-205,-6.27536231884058
23,874,26,-42.9370860927152
23,875,-52,83.1682242990654
23,876,-64,-42.9370860927152
23,877,-33,-42.9370860927152
23,878,-21,-6.27536231884058
23,879,-32,-20.8926174496644
23,880,-6,-42.9370860927152
23,881,-19,0.0608108108108108
23,882,5,-20.8926174496644
23,883,16,0.0608108108108108
23,884,9,83.1682242990654
23,885,47,0.0608108108108108
23,886,95,141.095890410959
23,887,120,47.1176470588235
23,888,105,89.578125
23,889,53,-236.135483870968
23,890,26,41.6428571428571
23,891,20,28.75
23,892,-17,-20.3913043478261
23,893,-10,-20.8926174496644
23,894,-65,0.0608108108108108
23,895,-101,-42.9370860927152
23,896,-34,-42.9370860927152
23,897,-65,-42.9370860927152
23,898,-81,-42.9370860927152
23,899,-12,-42.9370860927152
23,900,-67,0.0608108108108108
23,901,-14,-6.27536231884058
23,902,-21,0.0608108108108108
23,903,-10,-20.8926174496644
23,904,-3,0.0608108108108108
23,905,2,0.0608108108108108
23,906,27,0.0608108108108108
23,907,79,83.1682242990654
23,908,220,177.671755725191
23,909,286,138.628571428571
23,910,-331,-236.135483870968
23,911,-108,-157.044303797468
23,912,45,-38.2727272727273
23,913,57,-20.3157894736842
23,914,1,-20.3157894736842
23,915,-63,0.0608108108108108
23,916,37,-6.27536231884058
23,917,136,114.284552845528
23,918,241,231.521739130435
23,919,14,-67.8636363636364
23,920,-225,-157.044303797468
23,921,-145,-124.87037037037
23,922,-111,13.6206896551724
23,923,-57,-42.9370860927152
23,924,-41,-42.9370860927152
23,925,-41,-42.9370860927152
23,926,-17,-6.27536231884058
23,927,-7,-13.2105263157895
23,928,0,0.0608108108108108
23,929,0,0.0608108108108108
23,930,22,0.0608108108108108
23,931,79,83.1682242990654
23,932,281,181.741935483871
23,933,308,138.628571428571
23,934,-373,-236.135483870968
23,935,-138,-157.044303797468
23,936,58,-38.2727272727273
23,937,20,-20.3157894736842
23,938,24,-20.3913043478261
23,939,-59,-20.3913043478261
23,940,-21,-6.27536231884058
23,941,159,114.284552845528
23,942,382,231.521739130435
23,943,-40,-67.8636363636364
23,944,-225,-157.044303797468
23,945,-197,-124.87037037037
23,946,-76,13.6206896551724
23,947,-79,13.6206896551724
23,948,-65,-42.9370860927152
23,949,-32,-42.9370860927152
23,950,-18,-6.27536231884058
23,951,-10,-13.2105263157895
23,952,0,0.0608108108108108
23,953,25,0.0608108108108108
23,954,79,83.1682242990654
23,955,215,181.741935483871
23,956,274,138.628571428571
23,957,-293,-236.135483870968
23,958,-149,-157.044303797468
23,959,27,-38.2727272727273
23,960,2,28.75
23,961,-19,0.0608108108108108
23,962,-28,-20.8926174496644
23,963,67,-20.8926174496644
23,964,105,90.1538461538462
23,965,272,231.521739130435
23,966,6,-119.21875
23,967,-201,-157.044303797468
23,968,-149,-124.87037037037
23,969,-70,13.6206896551724
23,970,-31,-42.9370860927152
23,971,-73,-42.9370860927152
23,972,-38,-42.9370860927152
23,973,-14,-6.27536231884058
23,974,-5,26.6428571428571
23,975,1,0.0608108108108108
23,976,-4,0.0608108108108108
23,977,20,0.0608108108108108
23,978,75,83.1682242990654
23,979,210,181.741935483871
23,980,318,138.628571428571
23,981,-337,-236.135483870968
23,982,-146,-157.044303797468
23,983,83,-124.87037037037
23,984,35,-20.3157894736842
23,985,-56,-20.3913043478261
23,986,21,-42.9370860927152
23,987,-13,-20.3913043478261
23,988,142,114.284552845528
23,989,303,231.521739130435
23,990,-46,-67.8636363636364
23,991,-177,-157.044303797468
23,992,-153,-124.87037037037
23,993,-93,-86.5
23,994,-29,-42.9370860927152
23,995,-64,-20.8926174496644
23,996,-39,-42.9370860927152
23,997,-25,-6.27536231884058
23,998,-19,26.6428571428571
23,999,0,-20.8926174496644
23,1000,-6,0.0608108108108108
23,1001,16,0.0608108108108108
23,1002,63,83.1682242990654
23,1003,212,181.741935483871
23,1004,267,177.671755725191
23,1005,-233,-236.135483870968
23,1006,-138,-157.044303797468
23,1007,41,-38.2727272727273
23,1008,89,28.75
23,1009,36,-20.3157894736842
23,1010,-10,-20.3913043478261
23,1011,4,0.0608108108108108
23,1012,111,114.284552845528
23,1013,275,231.521739130435
23,1014,-67,-67.8636363636364
23,1015,-244,-157.044303797468
23,1016,-141,-124.87037037037
23,1017,-97,13.6206896551724
23,1018,26,-42.9370860927152
23,1019,-17,-20.3913043478261
23,1020,-102,-20.8926174496644
23,1021,-26,-6.27536231884058
23,1022,-14,26.6428571428571
23,1023,-24,0.0608108108108108
23,1024,-18,-20.8926174496644
23,1025,-7,-20.8926174496644
23,1026,14,0.0608108108108108
23,1027,43,83.1682242990654
23,1028,96,83.1682242990654
23,1029,105,177.671755725191
23,1030,141,89.578125
23,1031,158,-23.3
23,1032,114,-236.135483870968
23,1033,0,-236.135483870968
23,1034,-18,-27.0625
23,1035,-2,-20.8926174496644
23,1036,-76,0.0608108108108108
23,1037,-22,-42.9370860927152
23,1038,-79,-20.8926174496644
23,1039,-22,-42.9370860927152
23,1040,-138,-13.2105263157895
23,1041,-101,-42.9370860927152
23,1042,-8,-6.27536231884058
23,1043,-16,0.0608108108108108
23,1044,-72,-20.8926174496644
23,1045,-18,-42.9370860927152
23,1046,-32,-20.8926174496644
23,1047,-29,-6.27536231884058
23,1048,-33,-20.8926174496644
23,1049,-2,-42.9370860927152
23,1050,6,0.0608108108108108
23,1051,30,0.0608108108108108
23,1052,51,83.1682242990654
23,1053,154,141.095890410959
23,1054,170,177.671755725191
23,1055,107,-236.135483870968
23,1056,107,-236.135483870968
23,1057,46,-41.8333333333333
23,1058,-53,-41.8333333333333
23,1059,-11,-42.9370860927152
23,1060,-1,0.0608108108108108
23,1061,7,0.0608108108108108
23,1062,-144,-13.2105263157895
23,1063,-100,-42.9370860927152
23,1064,-88,-42.9370860927152
23,1065,-62,-42.9370860927152
23,1066,-95,-42.9370860927152
23,1067,-44,-42.9370860927152
23,1068,-49,-6.27536231884058
23,1069,-13,-6.27536231884058
23,1070,-14,0.0608108108108108
23,1071,-6,0.0608108108108108
23,1072,-2,0.0608108108108108
23,1073,32,0.0608108108108108
23,1074,95,83.1682242990654
23,1075,254,181.741935483871
23,1076,210,138.628571428571
23,1077,-300,-236.135483870968
23,1078,-73,-157.044303797468
23,1079,27,13.6206896551724
23,1080,20,28.75
23,1081,-8,-20.3913043478261
23,1082,25,0.0608108108108108
23,1083,-13,-20.3913043478261
23,1084,83,114.284552845528
23,1085,354,231.521739130435
23,1086,-36,-20.3157894736842
23,1087,-154,-157.044303797468
23,1088,-147,-124.87037037037
23,1089,-104,-86.5
23,1090,-57,-42.9370860927152
23,1091,-93,-42.9370860927152
23,1092,-78,-42.9370860927152
23,1093,-32,-6.27536231884058
23,1094,-7,-6.27536231884058
23,1095,2,0.0608108108108108
23,1096,3,0.0608108108108108
23,1097,21,0.0608108108108108
23,1098,114,83.1682242990654
23,1099,317,181.741935483871
23,1100,212,-67.8636363636364
23,1101,-273,-236.135483870968
23,1102,-183,-157.044303797468
23,1103,22,13.6206896551724
23,1104,5,28.75
23,1105,-5,0.0608108108108108
23,1106,18,0.0608108108108108
23,1107,51,-20.3913043478261
23,1108,62,90.1538461538462
23,1109,411,231.521739130435
23,1110,-6,-119.21875
23,1111,-238,-157.044303797468
23,1112,-135,-124.87037037037
23,1113,-105,13.6206896551724
23,1114,-135,-42.9370860927152
23,1115,-80,-42.9370860927152
23,1116,-44,-42.9370860927152
23,1117,-24,-6.27536231884058
23,1118,-5,-13.2105263157895
23,1119,-3,0.0608108108108108
23,1120,1,0.0608108108108108
23,1121,27,0.0608108108108108
23,1122,100,83.1682242990654
23,1123,284,181.741935483871
23,1124,158,138.628571428571
23,1125,-311,-236.135483870968
23,1126,-118,-110.582524271845
23,1127,-28,13.6206896551724
23,1128,-9,-20.8926174496644
23,1129,-46,0.0608108108108108
23,1130,-13,-42.9370860927152
23,1131,47,0.0608108108108108
23,1132,137,181.741935483871
23,1133,253,268.830769230769
23,1134,17,-175.6
23,1135,-137,-157.044303797468
23,1136,-108,-38.2727272727273
23,1137,-71,-86.5
23,1138,-27,-42.9370860927152
23,1139,-92,-20.8926174496644
23,1140,-45,-42.9370860927152
23,1141,-12,-6.27536231884058
23,1142,-7,26.6428571428571
23,1143,-2,0.0608108108108108
23,1144,0,0.0608108108108108
23,1145,26,0.0608108108108108
23,1146,90,83.1682242990654
23,1147,286,181.741935483871
23,1148,271,138.628571428571
23,1149,-376,-236.135483870968
23,1150,-112,-157.044303797468
23,1151,40,-38.2727272727273
23,1152,35,28.75
23,1153,-26,-20.3913043478261
23,1154,-1,-20.8926174496644
23,1155,25,0.0608108108108108
23,1156,125,114.284552845528
23,1157,361,231.521739130435
23,1158,28,-67.8636363636364
23,1159,-190,-157.044303797468
23,1160,-182,-124.87037037037
23,1161,-137,13.6206896551724
23,1162,-19,-42.9370860927152
23,1163,-104,-20.8926174496644
23,1164,-80,-42.9370860927152
23,1165,-39,-6.27536231884058
23,1166,-4,-6.27536231884058
23,1167,-11,0.0608108108108108
23,1168,-7,0.0608108108108108
23,1169,22,0.0608108108108108
23,1170,88,83.1682242990654
23,1171,246,181.741935483871
23,1172,341,181.741935483871
23,1173,-341,-236.135483870968
23,1174,-122,-157.044303797468
23,1175,17,-38.2727272727273
23,1176,108,28.75
23,1177,19,-20.3157894736842
23,1178,13,-20.3913043478261
23,1179,13,-20.3913043478261
23,1180,173,114.284552845528
23,1181,239,231.521739130435
23,1182,-151,-67.8636363636364
23,1183,-176,-157.044303797468
23,1184,-151,-124.87037037037
23,1185,-54,-86.5
23,1186,-85,-42.9370860927152
23,1187,-15,-42.9370860927152
23,1188,-45,-20.8926174496644
23,1189,-54,-6.27536231884058
23,1190,-7,-6.27536231884058
23,1191,-52,0.0608108108108108
23,1192,-20,-6.27536231884058
23,1193,-8,-20.8926174496644
23,1194,30,0.0608108108108108
23,1195,45,83.1682242990654
23,1196,125,181.741935483871
23,1197,130,177.671755725191
23,1198,151,-175.6
23,1199,126,-236.135483870968
23,1200,32,-236.135483870968
23,1201,9,-27.0625
23,1202,-40,0.0608108108108108
23,1203,19,-42.9370860927152
23,1204,11,-20.3913043478261
23,1205,-71,-20.3913043478261
23,1206,-152,-42.9370860927152
23,1207,-362,-42.9370860927152
23,1208,-15,-42.9370860927152
23,1209,63,-20.8926174496644
23,1210,8,-20.3157894736842
23,1211,-19,0.0608108108108108
23,1212,26,-20.8926174496644
23,1213,-44,83.1682242990654
23,1214,-17,-42.9370860927152
23,1215,-16,-20.8926174496644
23,1216,-33,-20.8926174496644
23,1217,-1,-42.9370860927152
23,1218,6,0.0608108108108108
23,1219,12,0.0608108108108108
23,1220,27,28.75
23,1221,28,83.1682242990654
23,1222,-11,83.1682242990654
23,1223,9,0.0608108108108108
23,1224,-16,0.0608108108108108
23,1225,-9,-20.8926174496644
23,1226,1,0.0608108108108108
23,1227,-15,0.0608108108108108
23,1228,-2,-20.8926174496644
23,1229,-9,0.0608108108108108
23,1230,12,0.0608108108108108
23,1231,-4,28.75
23,1232,0,0.0608108108108108
23,1233,-24,0.0608108108108108
23,1234,2,-20.8926174496644
23,1235,4,0.0608108108108108
23,1236,-11,0.0608108108108108
23,1237,-4,0.0608108108108108
23,1238,2,0.0608108108108108
23,1239,-3,0.0608108108108108
23,1240,2,0.0608108108108108
23,1241,11,0.0608108108108108
23,1242,31,28.75
23,1243,162,28.75
23,1244,275,109.166666666667
23,1245,-210,-67.8636363636364
23,1246,-172,-157.044303797468
23,1247,1,-38.2727272727273
23,1248,28,0.0608108108108108
23,1249,-22,28.75
23,1250,7,-20.8926174496644
23,1251,-2,0.0608108108108108
23,1252,-9,114.284552845528
23,1253,129,114.284552845528
23,1254,147,-20.3157894736842
23,1255,-81,-67.8636363636364
23,1256,-95,-110.582524271845
23,1257,-51,-42.9370860927152
23,1258,-63,-42.9370860927152
23,1259,-30,-42.9370860927152
23,1260,-46,-20.8926174496644
23,1261,-6,-6.27536231884058
23,1262,-4,-13.2105263157895
23,1263,-1,26.6428571428571
23,1264,1,0.0608108108108108
23,1265,19,0.0608108108108108
23,1266,98,83.1682242990654
23,1267,270,181.741935483871
23,1268,221,206.75
23,1269,-303,-236.135483870968
23,1270,-146,-157.044303797468
23,1271,22,-38.2727272727273
23,1272,40,28.75
23,1273,0,-20.3913043478261
23,1274,-8,0.0608108108108108
23,1275,20,0.0608108108108108
23,1276,126,114.284552845528
23,1277,329,231.521739130435
23,1278,-59,-67.8636363636364
23,1279,-150,-157.044303797468
23,1280,-197,-124.87037037037
23,1281,-59,-86.5
23,1282,-69,13.6206896551724
23,1283,-84,-42.9370860927152
23,1284,-37,-42.9370860927152
23,1285,-11,-6.27536231884058
23,1286,-18,-13.2105263157895
23,1287,-4,-20.8926174496644
23,1288,3,0.0608108108108108
23,1289,18,0.0608108108108108
23,1290,82,83.1682242990654
23,1291,283,181.741935483871
23,1292,265,138.628571428571
23,1293,-333,-236.135483870968
23,1294,-139,-157.044303797468
23,1295,37,-38.2727272727273
23,1296,50,28.75
23,1297,-41,-20.3157894736842
23,1298,-5,-42.9370860927152
23,1299,6,0.0608108108108108
23,1300,147,114.284552845528
23,1301,356,231.521739130435
23,1302,-23,-67.8636363636364
23,1303,-166,-157.044303797468
23,1304,-163,-124.87037037037
23,1305,-141,-86.5
23,1306,-47,-42.9370860927152
23,1307,-88,-42.9370860927152
23,1308,-61,-42.9370860927152
23,1309,-20,-6.27536231884058
23,1310,-10,-13.2105263157895
23,1311,-7,0.0608108108108108
23,1312,-3,0.0608108108108108
23,1313,14,0.0608108108108108
23,1314,110,83.1682242990654
23,1315,98,181.741935483871
23,1316,137,-67.8636363636364
23,1317,-161,-23.3
23,1318,-62,-110.582524271845
23,1319,12,-42.9370860927152
23,1320,53,28.75
23,1321,-7,-20.3157894736842
23,1322,-28,0.0608108108108108
23,1323,35,-20.8926174496644
23,1324,114,28.75
23,1325,296,212.911764705882
23,1326,50,-67.8636363636364
23,1327,-200,-157.044303797468
23,1328,-127,-124.87037037037
23,1329,-87,13.6206896551724
23,1330,-67,-42.9370860927152
23,1331,-71,-42.9370860927152
23,1332,-39,-42.9370860927152
23,1333,-38,-6.27536231884058
23,1334,-13,-6.27536231884058
23,1335,-19,0.0608108108108108
23,1336,3,-20.8926174496644
23,1337,13,0.0608108108108108
23,1338,101,83.1682242990654
23,1339,195,181.741935483871
23,1340,277,181.741935483871
23,1341,-258,-236.135483870968
23,1342,-98,-157.044303797468
23,1343,-3,-38.2727272727273
23,1344,74,0.0608108108108108
23,1345,-1,-20.3157894736842
23,1346,-6,0.0608108108108108
23,1347,24,0.0608108108108108
23,1348,116,114.284552845528
23,1349,262,231.521739130435
23,1350,-48,-67.8636363636364
23,1351,-213,-157.044303797468
23,1352,-152,-124.87037037037
23,1353,-81,13.6206896551724
23,1354,-50,-42.9370860927152
23,1355,-42,-42.9370860927152
23,1356,-13,-42.9370860927152
23,1357,-36,0.0608108108108108
23,1358,-10,-6.27536231884058
23,1359,-31,0.0608108108108108
23,1360,-24,-42.9370860927152
23,1361,3,-20.8926174496644
23,1362,23,0.0608108108108108
23,1363,27,83.1682242990654
23,1364,103,83.1682242990654
23,1365,56,177.671755725191
23,1366,77,89.578125
23,1367,67,89.578125
23,1368,23,-41.8333333333333
23,1369,8,28.75
23,1370,51,0.0608108108108108
23,1371,-32,-20.3157894736842
23,1372,-32,-42.9370860927152
23,1373,-54,-42.9370860927152
23,1374,-232,-42.9370860927152
23,1375,49,-42.9370860927152
23,1376,-37,-20.3157894736842
23,1377,-18,-42.9370860927152
23,1378,-1,-20.8926174496644
23,1379,-41,0.0608108108108108
23,1380,-6,-6.27536231884058
23,1381,6,0.0608108108108108
23,1382,-2,0.0608108108108108
23,1383,-24,0.0608108108108108
23,1384,-12,-20.8926174496644
23,1385,2,0.0608108108108108
23,1386,1,0.0608108108108108
23,1387,20,0.0608108108108108
23,1388,80,28.75
23,1389,78,109.166666666667
23,1390,195,138.628571428571
23,1391,31,-23.3
23,1392,173,-110.582524271845
23,1393,11,-41.8333333333333
23,1394,58,-110.582524271845
23,1395,-50,-41.8333333333333
23,1396,-16,-42.9370860927152
23,1397,-65,-20.8926174496644
23,1398,-35,-42.9370860927152
23,1399,-112,-42.9370860927152
23,1400,-132,-42.9370860927152
23,1401,-39,-42.9370860927152
23,1402,-96,-42.9370860927152
23,1403,-26,-6.27536231884058
23,1404,-34,-20.8926174496644
23,1405,-24,-6.27536231884058
23,1406,-16,-20.8926174496644
23,1407,-4,-20.8926174496644
23,1408,-2,0.0608108108108108
23,1409,18,0.0608108108108108
23,1410,103,83.1682242990654
23,1411,226,177.671755725191
23,1412,247,138.628571428571
23,1413,-328,-236.135483870968
23,1414,-111,-157.044303797468
23,1415,6,-38.2727272727273
23,1416,62,0.0608108108108108
23,1417,22,-20.3157894736842
23,1418,-29,-20.3913043478261
23,1419,13,-20.8926174496644
23,1420,116,114.284552845528
23,1421,336,231.521739130435
23,1422,-19,-67.8636363636364
23,1423,-193,-157.044303797468
23,1424,-162,-124.87037037037
23,1425,-88,13.6206896551724
23,1426,-87,-42.9370860927152
23,1427,-74,-42.9370860927152
23,1428,-25,-42.9370860927152
23,1429,-14,-20.8926174496644
23,1430,-13,-13.2105263157895
23,1431,-5,0.0608108108108108
23,1432,5,0.0608108108108108
23,1433,9,0.0608108108108108
23,1434,9,0.0608108108108108
23,1435,143,0.0608108108108108
23,1436,388,177.671755725191
23,1437,-208,-67.8636363636364
23,1438,-175,-157.044303797468
23,1439,55,-38.2727272727273
23,1440,40,-20.3157894736842
23,1441,-20,28.75
23,1442,-45,-20.8926174496644
23,1443,30,-6.27536231884058
23,1444,120,114.284552845528
23,1445,327,175.117647058824
23,1446,62,-67.8636363636364
23,1447,-256,-157.044303797468
23,1448,-152,-124.87037037037
23,1449,-53,13.6206896551724
23,1450,-71,-42.9370860927152
23,1451,-116,-42.9370860927152
23,1452,-48,-42.9370860927152
23,1453,-32,-6.27536231884058
23,1454,1,-6.27536231884058
23,1455,-10,0.0608108108108108
23,1456,-2,0.0608108108108108
23,1457,29,0.0608108108108108
23,1458,87,83.1682242990654
23,1459,238,181.741935483871
23,1460,308,138.628571428571
23,1461,-351,-236.135483870968
23,1462,-140,-157.044303797468
23,1463,9,-38.2727272727273
23,1464,61,0.0608108108108108
23,1465,-17,-20.3157894736842
23,1466,12,-20.8926174496644
23,1467,16,-20.3913043478261
23,1468,111,114.284552845528
23,1469,362,231.521739130435
23,1470,84,-67.8636363636364
23,1471,-309,-157.044303797468
23,1472,-166,-124.87037037037
23,1473,-99,13.6206896551724
23,1474,-66,-42.9370860927152
23,1475,-75,-42.9370860927152
23,1476,-8,-42.9370860927152
23,1477,-66,0.0608108108108108
23,1478,-7,-6.27536231884058
23,1479,-11,0.0608108108108108
23,1480,-4,0.0608108108108108
23,1481,19,0.0608108108108108
23,1482,115,83.1682242990654
23,1483,248,177.671755725191
23,1484,243,-67.8636363636364
23,1485,-323,-236.135483870968
23,1486,-136,-157.044303797468
23,1487,33,-38.2727272727273
23,1488,100,28.75
23,1489,-36,-20.3157894736842
23,1490,-61,-42.9370860927152
23,1491,79,-6.27536231884058
23,1492,87,89.578125
23,1493,334,231.521739130435
23,1494,2,-119.21875
23,1495,-184,-157.044303797468
23,1496,-102,-124.87037037037
23,1497,-121,-86.5
23,1498,-53,-42.9370860927152
23,1499,-125,-42.9370860927152
23,1500,-32,-42.9370860927152
23,1501,-41,-6.27536231884058
23,1502,-37,-6.27536231884058
23,1503,3,-6.27536231884058
23,1504,-10,0.0608108108108108
23,1505,20,0.0608108108108108
23,1506,111,83.1682242990654
23,1507,221,177.671755725191
23,1508,262,-67.8636363636364
23,1509,-324,-236.135483870968
23,1510,-95,-157.044303797468
23,1511,59,-124.87037037037
23,1512,-87,-20.3157894736842
23,1513,107,-42.9370860927152
23,1514,-36,-119.21875
23,1515,101,-6.27536231884058
23,1516,97,90.1538461538462
23,1517,203,231.521739130435
23,1518,-2,41.6428571428571
23,1519,-189,-157.044303797468
23,1520,-139,-42.9370860927152
23,1521,-78,-42.9370860927152
23,1522,-3,-42.9370860927152
23,1523,24,0.0608108108108108
23,1524,-103,-20.3913043478261
23,1525,-46,-6.27536231884058
23,1526,-32,-6.27536231884058
23,1527,-43,-6.27536231884058
23,1528,-23,-42.9370860927152
23,1529,13,-20.8926174496644
23,1530,20,28.75
23,1531,45,28.75
23,1532,110,181.741935483871
23,1533,87,89.578125
23,1534,148,-175.6
23,1535,143,-23.3
23,1536,-25,-236.135483870968
23,1537,-26,-110.582524271845
23,1538,-96,-20.8926174496644
23,1539,113,-42.9370860927152
23,1540,-1,-20.3157894736842
23,1541,-38,-27.0625
23,1542,-68,-42.9370860927152
23,1543,-29,-42.9370860927152
23,1544,-96,114.284552845528
23,1545,-40,-42.9370860927152
23,1546,-52,-42.9370860927152
23,1547,-68,-42.9370860927152
23,1548,-15,-6.27536231884058
23,1549,-13,-20.8926174496644
23,1550,-28,0.0608108108108108
23,1551,-65,-20.8926174496644
23,1552,-12,-42.9370860927152
23,1553,-5,0.0608108108108108
23,1554,6,0.0608108108108108
23,1555,19,0.0608108108108108
23,1556,78,83.1682242990654
23,1557,77,177.671755725191
23,1558,142,181.741935483871
23,1559,81,-23.3
23,1560,144,-110.582524271845
23,1561,7,-41.8333333333333
23,1562,-47,-110.582524271845
23,1563,53,-42.9370860927152
23,1564,-27,-20.3157894736842
23,1565,-33,-20.8926174496644
23,1566,-48,-42.9370860927152
23,1567,-80,-42.9370860927152
23,1568,-107,-42.9370860927152
23,1569,-73,-42.9370860927152
23,1570,-46,-42.9370860927152
23,1571,-55,-42.9370860927152
23,1572,-68,-42.9370860927152
23,1573,-25,-6.27536231884058
23,1574,-3,-20.8926174496644
23,1575,-1,0.0608108108108108
23,1576,-3,0.0608108108108108
23,1577,21,0.0608108108108108
23,1578,119,83.1682242990654
23,1579,243,181.741935483871
23,1580,254,-67.8636363636364
23,1581,-289,-236.135483870968
23,1582,-160,-157.044303797468
23,1583,23,-38.2727272727273
23,1584,50,28.75
23,1585,9,-20.3157894736842
23,1586,-33,0.0608108108108108
23,1587,23,-6.27536231884058
23,1588,126,114.284552845528
23,1589,381,231.521739130435
23,1590,-89,-67.8636363636364
23,1591,-134,-157.044303797468
23,1592,-223,-124.87037037037
23,1593,-76,-86.5
23,1594,-74,13.6206896551724
23,1595,-60,-42.9370860927152
23,1596,-75,-6.27536231884058
23,1597,-29,-6.27536231884058
23,1598,7,-13.2105263157895
23,1599,-10,0.0608108108108108
23,1600,-1,0.0608108108108108
23,1601,15,0.0608108108108108
23,1602,145,83.1682242990654
23,1603,298,90.1538461538462
23,1604,178,-67.8636363636364
23,1605,-346,-236.135483870968
23,1606,-138,-110.582524271845
23,1607,60,13.6206896551724
23,1608,46,-20.3157894736842
23,1609,-44,-20.3157894736842
23,1610,-148,-42.9370860927152
23,1611,63,-6.27536231884058
23,1612,255,89.578125
23,1613,328,231.521739130435
23,1614,-7,-236.135483870968
23,1615,-252,-157.044303797468
23,1616,-156,-124.87037037037
23,1617,-79,13.6206896551724
23,1618,-76,-42.9370860927152
23,1619,-84,-42.9370860927152
23,1620,-28,-42.9370860927152
23,1621,-21,-13.2105263157895
23,1622,-13,-13.2105263157895
23,1623,1,0.0608108108108108
23,1624,3,0.0608108108108108
23,1625,23,0.0608108108108108
23,1626,98,83.1682242990654
23,1627,292,177.671755725191
23,1628,204,138.628571428571
23,1629,-297,-236.135483870968
23,1630,-172,-157.044303797468
23,1631,48,13.6206896551724
23,1632,79,-20.3157894736842
23,1633,-14,-20.3157894736842
23,1634,-23,0.0608108108108108
23,1635,16,-20.8926174496644
23,1636,98,114.284552845528
23,1637,348,231.521739130435
23,1638,-333,-20.3157894736842
23,1639,-274,-157.044303797468
23,1640,-47,-124.87037037037
23,1641,-17,13.6206896551724
23,1642,33,-20.8926174496644
23,1643,-12,-20.3913043478261
23,1644,-22,0.0608108108108108
23,1645,-22,-20.8926174496644
23,1646,-8,114.284552845528
23,1647,0,0.0608108108108108
23,1648,-1,0.0608108108108108
23,1649,22,0.0608108108108108
23,1650,115,28.75
23,1651,262,177.671755725191
23,1652,229,-67.8636363636364
23,1653,-269,-236.135483870968
23,1654,-207,-157.044303797468
23,1655,102,-38.2727272727273
23,1656,16,-20.3157894736842
23,1657,46,-20.3913043478261
23,1658,-71,-119.21875
23,1659,24,-6.27536231884058
23,1660,150,114.284552845528
23,1661,311,231.521739130435
23,1662,38,-67.8636363636364
23,1663,-217,-157.044303797468
23,1664,-179,-124.87037037037
23,1665,-144,13.6206896551724
23,1666,2,-42.9370860927152
23,1667,-97,0.0608108108108108
23,1668,-71,-42.9370860927152
23,1669,-18,-6.27536231884058
23,1670,-15,26.6428571428571
23,1671,-18,-20.8926174496644
23,1672,-4,-20.8926174496644
23,1673,17,0.0608108108108108
23,1674,109,28.75
23,1675,216,181.741935483871
23,1676,269,-67.8636363636364
23,1677,-298,-236.135483870968
23,1678,-112,-157.044303797468
23,1679,81,-38.2727272727273
23,1680,57,-20.3157894736842
23,1681,15,-20.3157894736842
23,1682,-29,-20.3913043478261
23,1683,105,-20.8926174496644
23,1684,86,89.578125
23,1685,254,231.521739130435
23,1686,-183,-41.8333333333333
23,1687,-93,-157.044303797468
23,1688,-162,-124.87037037037
23,1689,-71,-86.5
23,1690,-36,-42.9370860927152
23,1691,-54,-42.9370860927152
23,1692,-44,-6.27536231884058
23,1693,-43,-6.27536231884058
23,1694,-37,-6.27536231884058
23,1695,-22,-6.27536231884058
23,1696,-25,-20.8926174496644
23,1697,4,-20.8926174496644
23,1698,20,0.0608108108108108
23,1699,34,83.1682242990654
23,1700,111,83.1682242990654
23,1701,157,181.741935483871
23,1702,76,-67.8636363636364
23,1703,111,-110.582524271845
23,1704,37,-41.8333333333333
23,1705,100,-27.0625
23,1706,-44,-41.8333333333333
23,1707,-25,-42.9370860927152
23,1708,1,-20.8926174496644
23,1709,-15,0.0608108108108108
23,1710,-30,-13.2105263157895
23,1711,-107,-20.8926174496644
23,1712,-152,-42.9370860927152
23,1713,-57,-42.9370860927152
23,1714,44,-42.9370860927152
23,1715,-98,83.1682242990654
23,1716,-78,-42.9370860927152
23,1717,-4,-6.27536231884058
23,1718,-12,0.0608108108108108
23,1719,-54,0.0608108108108108
23,1720,-19,-42.9370860927152
23,1721,3,-20.8926174496644
23,1722,9,0.0608108108108108
23,1723,39,0.0608108108108108
23,1724,96,83.1682242990654
23,1725,66,177.671755725191
23,1726,128,89.578125
23,1727,78,-23.3
23,1728,103,-110.582524271845
23,1729,71,-41.8333333333333
23,1730,-50,-41.8333333333333
23,1731,-53,-42.9370860927152
23,1732,65,-42.9370860927152
23,1733,-86,-20.3157894736842
23,1734,-89,-42.9370860927152
23,1735,-50,-42.9370860927152
23,1736,-109,-42.9370860927152
23,1737,-61,-42.9370860927152
23,1738,-38,-42.9370860927152
23,1739,-57,-6.27536231884058
23,1740,-39,-6.27536231884058
23,1741,-24,-42.9370860927152
23,1742,-9,-20.8926174496644
23,1743,0,0.0608108108108108
23,1744,4,0.0608108108108108
23,1745,20,0.0608108108108108
23,1746,39,83.1682242990654
23,1747,10,83.1682242990654
23,1748,81,0.0608108108108108
23,1749,-46,89.578125
23,1750,-51,-42.9370860927152
23,1751,20,-42.9370860927152
23,1752,106,28.75
23,1753,-9,-20.3157894736842
23,1754,-5,0.0608108108108108
23,1755,25,0.0608108108108108
23,1756,-85,28.75
23,1757,118,-42.9370860927152
23,1758,71,-20.3157894736842
23,1759,4,-27.0625
23,1760,-115,0.0608108108108108
23,1761,-37,-42.9370860927152
23,1762,-23,-6.27536231884058
23,1763,-54,-20.8926174496644
23,1764,-43,-42.9370860927152
23,1765,-13,-42.9370860927152
23,1766,-15,0.0608108108108108
23,1767,2,-20.8926174496644
23,1768,-1,0.0608108108108108
23,1769,3,0.0608108108108108
23,1770,16,0.0608108108108108
23,1771,68,83.1682242990654
23,1772,317,141.095890410959
23,1773,-54,177.671755725191
23,1774,-184,-157.044303797468
23,1775,53,-124.87037037037
23,1776,40,-20.3157894736842
23,1777,-25,28.75
23,1778,-55,-20.8926174496644
23,1779,72,-42.9370860927152
23,1780,118,89.578125
23,1781,304,90.1538461538462
23,1782,55,-236.135483870968
23,1783,-221,-157.044303797468
23,1784,-249,-124.87037037037
23,1785,-154,13.6206896551724
23,1786,-26,13.6206896551724
23,1787,-12,-20.8926174496644
23,1788,-32,0.0608108108108108
23,1789,-18,-6.27536231884058
23,1790,-2,26.6428571428571
23,1791,-13,0.0608108108108108
23,1792,-2,0.0608108108108108
23,1793,34,0.0608108108108108
23,1794,120,83.1682242990654
23,1795,282,177.671755725191
23,1796,210,-67.8636363636364
23,1797,-303,-236.135483870968
23,1798,-155,-157.044303797468
23,1799,75,13.6206896551724
23,1800,63,-20.3157894736842
23,1801,20,-20.3157894736842
23,1802,-87,-20.3913043478261
23,1803,11,-6.27536231884058
23,1804,172,114.284552845528
23,1805,427,231.521739130435
23,1806,-27,-67.8636363636364
23,1807,-256,-157.044303797468
23,1808,-131,-124.87037037037
23,1809,-66,13.6206896551724
23,1810,-107,-42.9370860927152
23,1811,-153,-42.9370860927152
23,1812,-54,-42.9370860927152
23,1813,-51,-6.27536231884058
23,1814,-12,-6.27536231884058
23,1815,-13,0.0608108108108108
23,1816,13,0.0608108108108108
23,1817,19,83.1682242990654
23,1818,124,83.1682242990654
23,1819,315,212.911764705882
23,1820,160,-67.8636363636364
23,1821,-288,-236.135483870968
23,1822,-141,-110.582524271845
23,1823,74,13.6206896551724
23,1824,69,-20.3157894736842
23,1825,-21,-20.3157894736842
23,1826,-57,-20.8926174496644
23,1827,46,-6.27536231884058
23,1828,114,89.578125
23,1829,422,268.830769230769
23,1830,16,-175.6
23,1831,-331,-157.044303797468
23,1832,-91,-124.87037037037
23,1833,-147,13.6206896551724
23,1834,-48,-42.9370860927152
23,1835,-85,-42.9370860927152
23,1836,-96,-42.9370860927152
23,1837,-21,-6.27536231884058
23,1838,-28,-13.2105263157895
23,1839,-7,-20.8926174496644
23,1840,-3,0.0608108108108108
23,1841,23,0.0608108108108108
23,1842,148,83.1682242990654
23,1843,333,181.741935483871
23,1844,230,-67.8636363636364
23,1845,-384,-236.135483870968
23,1846,-106,-157.044303797468
23,1847,79,-38.2727272727273
23,1848,26,-20.3157894736842
23,1849,35,-20.3913043478261
23,1850,-45,-20.3913043478261
23,1851,41,-6.27536231884058
23,1852,177,114.284552845528
23,1853,244,231.521739130435
23,1854,-143,-175.6
23,1855,-186,-157.044303797468
23,1856,-146,-124.87037037037
23,1857,-79,-86.5
23,1858,-7,-42.9370860927152
23,1859,-77,0.0608108108108108
23,1860,-26,-6.27536231884058
23,1861,-44,-13.2105263157895
23,1862,-35,-6.27536231884058
23,1863,-36,-6.27536231884058
23,1864,-19,-42.9370860927152
23,1865,-2,-20.8926174496644
23,1866,38,0.0608108108108108
23,1867,45,83.1682242990654
23,1868,100,181.741935483871
23,1869,97,181.741935483871
23,1870,160,89.578125
23,1871,134,-23.3
23,1872,56,-236.135483870968
23,1873,62,-110.582524271845
23,1874,26,-41.8333333333333
23,1875,-58,-20.3913043478261
23,1876,-30,-42.9370860927152
23,1877,-16,-20.8926174496644
23,1878,19,-20.8926174496644
23,1879,-213,-13.2105263157895
23,1880,-117,-42.9370860927152
23,1881,-56,13.6206896551724
23,1882,79,-42.9370860927152
23,1883,-99,90.1538461538462
23,1884,-69,-42.9370860927152
23,1885,-40,-6.27536231884058
23,1886,-32,-6.27536231884058
23,1887,-32,-42.9370860927152
23,1888,-50,-42.9370860927152
23,1889,-8,-6.27536231884058
23,1890,17,0.0608108108108108
23,1891,65,83.1682242990654
23,1892,81,181.741935483871
23,1893,142,177.671755725191
23,1894,119,-23.3
23,1895,149,-236.135483870968
23,1896,56,-236.135483870968
23,1897,-30,-110.582524271845
23,1898,-64,-20.8926174496644
23,1899,-41,-42.9370860927152
23,1900,75,-42.9370860927152
23,1901,-28,-20.3157894736842
23,1902,-75,-13.2105263157895
23,1903,-72,-42.9370860927152
23,1904,-128,-6.27536231884058
23,1905,-41,-42.9370860927152
23,1906,-88,-42.9370860927152
23,1907,-59,-42.9370860927152
23,1908,-46,-6.27536231884058
23,1909,-25,-6.27536231884058
23,1910,-4,-20.8926174496644
23,1911,-9,0.0608108108108108
23,1912,5,0.0608108108108108
23,1913,8,0.0608108108108108
23,1914,64,0.0608108108108108
23,1915,74,181.741935483871
23,1916,117,141.095890410959
23,1917,-84,41.6428571428571
23,1918,-87,-27.0625
23,1919,7,-42.9370860927152
23,1920,64,0.0608108108108108
23,1921,14,-20.3157894736842
23,1922,-4,-20.3913043478261
23,1923,45,0.0608108108108108
23,1924,90,89.578125
23,1925,193,89.578125
23,1926,22,-41.8333333333333
23,1927,-82,-110.582524271845
23,1928,-112,-42.9370860927152
23,1929,-95,-42.9370860927152
23,1930,-99,-42.9370860927152
23,1931,-45,-42.9370860927152
23,1932,-61,-42.9370860927152
23,1933,-9,-6.27536231884058
23,1934,-16,-13.2105263157895
23,1935,-6,-20.8926174496644
23,1936,2,0.0608108108108108
23,1937,10,0.0608108108108108
23,1938,120,0.0608108108108108
23,1939,187,181.741935483871
23,1940,266,-67.8636363636364
23,1941,-257,-236.135483870968
23,1942,-133,-157.044303797468
23,1943,-11,-38.2727272727273
23,1944,65,0.0608108108108108
23,1945,-11,-20.3157894736842
23,1946,-21,0.0608108108108108
23,1947,23,-20.8926174496644
23,1948,141,114.284552845528
23,1949,399,231.521739130435
23,1950,0,-67.8636363636364
23,1951,-421,-157.044303797468
23,1952,9,-124.87037037037
23,1953,-112,0.0608108108108108
23,1954,-87,-42.9370860927152
23,1955,-69,-42.9370860927152
23,1956,-58,-42.9370860927152
23,1957,-15,-6.27536231884058
23,1958,-20,-13.2105263157895
23,1959,-7,-20.8926174496644
23,1960,-2,0.0608108108108108
23,1961,32,0.0608108108108108
23,1962,125,83.1682242990654
23,1963,308,181.741935483871
23,1964,251,-67.8636363636364
23,1965,-422,-236.135483870968
23,1966,-106,-157.044303797468
23,1967,6,-38.2727272727273
23,1968,51,0.0608108108108108
23,1969,22,-20.3157894736842
23,1970,-22,-20.3913043478261
23,1971,9,-20.8926174496644
23,1972,21,114.284552845528
23,1973,7,114.284552845528
23,1974,42,0.0608108108108108
23,1975,49,-20.3913043478261
23,1976,-81,47.1176470588235
23,1977,-50,-42.9370860927152
23,1978,-86,-42.9370860927152
23,1979,-53,-42.9370860927152
23,1980,-50,-42.9370860927152
23,1981,-26,-42.9370860927152
23,1982,-14,-20.8926174496644
23,1983,-12,0.0608108108108108
23,1984,1,0.0608108108108108
23,1985,25,0.0608108108108108
23,1986,126,83.1682242990654
23,1987,259,181.741935483871
23,1988,277,-67.8636363636364
23,1989,-391,-236.135483870968
23,1990,-116,-157.044303797468
23,1991,36,-38.2727272727273
23,1992,68,28.75
23,1993,13,-20.3157894736842
23,1994,-50,-20.3913043478261
23,1995,39,-6.27536231884058
23,1996,99,114.284552845528
23,1997,408,231.521739130435
23,1998,-46,-41.8333333333333
23,1999,-260,-157.044303797468
23,2000,-94,-124.87037037037
23,2001,-113,13.6206896551724
23,2002,-42,-42.9370860927152
23,2003,-76,-42.9370860927152
23,2004,-94,-42.9370860927152
23,2005,-31,-6.27536231884058
23,2006,-19,-6.27536231884058
23,2007,-9,-20.8926174496644
23,2008,-5,0.0608108108108108
23,2009,21,0.0608108108108108
23,2010,83,83.1682242990654
23,2011,246,181.741935483871
23,2012,224,138.628571428571
23,2013,-243,-236.135483870968
23,2014,-108,-157.044303797468
23,2015,51,-38.2727272727273
23,2016,38,-20.3157894736842
23,2017,12,-20.3913043478261
23,2018,34,-20.3913043478261
23,2019,99,-20.3913043478261
23,2020,118,89.578125
23,2021,69,231.521739130435
23,2022,-131,-27.0625
23,2023,-118,-42.9370860927152
23,2024,-54,-42.9370860927152
23,2025,-95,-42.9370860927152
23,2026,-43,-42.9370860927152
23,2027,-46,-42.9370860927152
23,2028,-50,-6.27536231884058
23,2029,-34,-6.27536231884058
23,2030,-18,-42.9370860927152
23,2031,-33,-20.8926174496644
23,2032,-29,-42.9370860927152
23,2033,8,-20.8926174496644
23,2034,21,0.0608108108108108
23,2035,23,83.1682242990654
23,2036,87,83.1682242990654
23,2037,148,89.578125
23,2038,148,-23.3
23,2039,83,-236.135483870968
23,2040,9,-110.582524271845
23,2041,10,0.0608108108108108
23,2042,25,0.0608108108108108
23,2043,-51,-20.3913043478261
23,2044,-9,-42.9370860927152
23,2045,-42,0.0608108108108108
23,2046,-47,-42.9370860927152
23,2047,-42,-42.9370860927152
23,2048,-118,-42.9370860927152
23,2049,-4,-42.9370860927152
23,2050,-47,0.0608108108108108
23,2051,-54,-42.9370860927152
23,2052,-13,-42.9370860927152
23,2053,-59,0.0608108108108108
23,2054,-17,-6.27536231884058
23,2055,-25,-20.8926174496644
23,2056,-25,-20.8926174496644
23,2057,-4,-20.8926174496644
23,2058,15,0.0608108108108108
23,2059,30,83.1682242990654
23,2060,99,83.1682242990654
23,2061,119,177.671755725191
23,2062,154,89.578125
23,2063,95,-236.135483870968
23,2064,51,-236.135483870968
23,2065,-72,-41.8333333333333
23,2066,49,-42.9370860927152
23,2067,-12,-41.8333333333333
23,2068,-34,0.0608108108108108
23,2069,21,-42.9370860927152
23,2070,-4,-20.3913043478261
23,2071,-76,114.284552845528
23,2072,-50,-42.9370860927152
23,2073,-249,-42.9370860927152
23,2074,-84,-42.9370860927152
23,2075,37,13.6206896551724
23,2076,-31,83.1682242990654
23,2077,-6,-6.27536231884058
23,2078,-11,0.0608108108108108
23,2079,-30,0.0608108108108108
23,2080,-12,-20.8926174496644
23,2081,3,0.0608108108108108
23,2082,11,0.0608108108108108
23,2083,47,28.75
23,2084,88,109.166666666667
23,2085,108,177.671755725191
23,2086,101,89.578125
23,2087,112,89.578125
23,2088,49,41.6428571428571
23,2089,31,-27.0625
23,2090,-91,-20.3913043478261
23,2091,-5,-42.9370860927152
23,2092,41,0.0608108108108108
23,2093,-96,-20.3913043478261
23,2094,-22,-42.9370860927152
23,2095,12,-20.8926174496644
23,2096,-78,28.75
23,2097,-70,-42.9370860927152
23,2098,-90,-42.9370860927152
23,2099,-75,-6.27536231884058
23,2100,-37,-42.9370860927152
23,2101,-31,-42.9370860927152
23,2102,-6,-6.27536231884058
23,2103,-5,0.0608108108108108
23,2104,2,0.0608108108108108
23,2105,28,0.0608108108108108
23,2106,121,83.1682242990654
23,2107,296,181.741935483871
23,2108,184,-67.8636363636364
23,2109,-377,-236.135483870968
23,2110,-74,-110.582524271845
23,2111,14,13.6206896551724
23,2112,40,28.75
23,2113,2,-20.3913043478261
23,2114,-1,0.0608108108108108
23,2115,18,0.0608108108108108
23,2116,137,114.284552845528
23,2117,388,231.521739130435
23,2118,-71,-67.8636363636364
23,2119,-184,-157.044303797468
23,2120,-322,-124.87037037037
23,2121,-133,-86.5
23,2122,-16,13.6206896551724
23,2123,-5,-20.8926174496644
23,2124,-14,0.0608108108108108
23,2125,-32,-13.2105263157895
23,2126,1,-6.27536231884058
23,2127,0,0.0608108108108108
23,2128,1,0.0608108108108108
23,2129,35,0.0608108108108108
23,2130,103,83.1682242990654
23,2131,339,177.671755725191
23,2132,188,138.628571428571
23,2133,-366,-236.135483870968
23,2134,-128,-110.582524271845
23,2135,31,13.6206896551724
23,2136,45,-20.3913043478261
23,2137,36,-20.3157894736842
23,2138,-37,-20.3913043478261
23,2139,23,-6.27536231884058
23,2140,123,114.284552845528
23,2141,441,231.521739130435
23,2142,-43,-67.8636363636364
23,2143,-240,-157.044303797468
23,2144,-125,-124.87037037037
23,2145,-127,13.6206896551724
23,2146,-87,-42.9370860927152
23,2147,-57,-42.9370860927152
23,2148,-99,-42.9370860927152
23,2149,-35,-6.27536231884058
23,2150,-12,-6.27536231884058
23,2151,-6,0.0608108108108108
23,2152,0,0.0608108108108108
23,2153,25,0.0608108108108108
23,2154,145,83.1682242990654
23,2155,329,181.741935483871
23,2156,186,-67.8636363636364
23,2157,-382,-236.135483870968
23,2158,-91,-110.582524271845
23,2159,-2,13.6206896551724
23,2160,74,0.0608108108108108
23,2161,1,-20.3157894736842
23,2162,-39,0.0608108108108108
23,2163,36,-6.27536231884058
23,2164,197,114.284552845528
23,2165,340,231.521739130435
23,2166,-42,-67.8636363636364
23,2167,-194,-157.044303797468
23,2168,-112,-124.87037037037
23,2169,-120,13.6206896551724
23,2170,-95,-42.9370860927152
23,2171,-124,-42.9370860927152
23,2172,-54,-42.9370860927152
23,2173,-52,-6.27536231884058
23,2174,-18,-6.27536231884058
23,2175,-12,-20.8926174496644
23,2176,2,0.0608108108108108
23,2177,39,0.0608108108108108
23,2178,96,83.1682242990654
23,2179,261,181.741935483871
23,2180,292,181.741935483871
23,2181,-396,-236.135483870968
23,2182,-94,-157.044303797468
23,2183,31,-38.2727272727273
23,2184,75,-20.3913043478261
23,2185,6,-20.3157894736842
23,2186,-62,0.0608108108108108
23,2187,4,-6.27536231884058
23,2188,-36,114.284552845528
23,2189,5,-42.9370860927152
23,2190,-117,0.0608108108108108
23,2191,-65,-42.9370860927152
23,2192,-6,-42.9370860927152
23,2193,46,0.0608108108108108
23,2194,-62,109.166666666667
23,2195,50,-42.9370860927152
23,2196,13,-119.21875
23,2197,-10,28.75
23,2198,-35,0.0608108108108108
23,2199,-15,-42.9370860927152
23,2200,-13,-20.8926174496644
23,2201,-1,0.0608108108108108
23,2202,24,0.0608108108108108
23,2203,50,28.75
23,2204,124,141.095890410959
23,2205,122,181.741935483871
23,2206,161,-175.6
23,2207,43,-236.135483870968
23,2208,132,-110.582524271845
23,2209,11,-41.8333333333333
23,2210,-32,-110.582524271845
23,2211,55,-42.9370860927152
23,2212,-58,-20.3157894736842
23,2213,-58,-42.9370860927152
23,2214,-74,-42.9370860927152
23,2215,42,-42.9370860927152
23,2216,-155,28.75
23,2217,-83,-42.9370860927152
23,2218,-88,-42.9370860927152
23,2219,10,-42.9370860927152
23,2220,-69,0.0608108108108108
23,2221,-48,-42.9370860927152
23,2222,-32,-6.27536231884058
23,2223,-39,-6.27536231884058
23,2224,-37,-6.27536231884058
23,2225,-1,-42.9370860927152
23,2226,10,0.0608108108108108
23,2227,13,0.0608108108108108
23,2228,105,83.1682242990654
23,2229,160,177.671755725191
23,2230,104,-23.3
23,2231,107,-236.135483870968
23,2232,173,41.6428571428571
23,2233,2,41.6428571428571
23,2234,-8,-110.582524271845
23,2235,-34,0.0608108108108108
23,2236,18,-42.9370860927152
23,2237,-84,-20.3913043478261
23,2238,-82,-42.9370860927152
23,2239,-43,-42.9370860927152
23,2240,-139,-42.9370860927152
23,2241,-68,-42.9370860927152
23,2242,-20,-42.9370860927152
23,2243,-118,-20.8926174496644
23,2244,-59,-6.27536231884058
23,2245,-35,-42.9370860927152
23,2246,-3,-6.27536231884058
23,2247,-6,0.0608108108108108
23,2248,3,0.0608108108108108
23,2249,27,0.0608108108108108
23,2250,104,83.1682242990654
23,2251,378,181.741935483871
23,2252,148,181.741935483871
23,2253,-383,-236.135483870968
23,2254,-95,-110.582524271845
23,2255,52,13.6206896551724
23,2256,43,-20.3157894736842
23,2257,-8,-20.3913043478261
23,2258,-4,0.0608108108108108
23,2259,22,0.0608108108108108
23,2260,156,114.284552845528
23,2261,386,268.830769230769
23,2262,-12,-67.8636363636364
23,2263,-177,-157.044303797468
23,2264,-184,-124.87037037037
23,2265,-196,-86.5
23,2266,-97,-42.9370860927152
23,2267,-82,13.6206896551724
23,2268,-52,-42.9370860927152
23,2269,-14,-6.27536231884058
23,2270,-12,-13.2105263157895
23,2271,-3,0.0608108108108108
23,2272,0,0.0608108108108108
23,2273,31,0.0608108108108108
23,2274,148,83.1682242990654
23,2275,385,181.741935483871
23,2276,141,-67.8636363636364
23,2277,-375,-236.135483870968
23,2278,-159,-110.582524271845
23,2279,51,13.6206896551724
23,2280,20,-20.3157894736842
23,2281,20,-20.3913043478261
23,2282,9,-20.3913043478261
23,2283,-4,26.6428571428571
23,2284,201,114.284552845528
23,2285,377,268.830769230769
23,2286,-60,-67.8636363636364
23,2287,-277,-157.044303797468
23,2288,-98,-124.87037037037
23,2289,-132,13.6206896551724
23,2290,-90,-42.9370860927152
23,2291,-80,-42.9370860927152
23,2292,-64,-42.9370860927152
23,2293,-22,-6.27536231884058
23,2294,-16,-13.2105263157895
23,2295,-3,-20.8926174496644
23,2296,2,0.0608108108108108
23,2297,28,0.0608108108108108
23,2298,134,83.1682242990654
23,2299,375,181.741935483871
23,2300,121,-67.8636363636364
23,2301,-365,-236.135483870968
23,2302,-100,-27.0625
23,2303,23,13.6206896551724
23,2304,89,28.75
23,2305,-12,-20.3157894736842
23,2306,-1,0.0608108108108108
23,2307,-2,26.6428571428571
23,2308,152,114.284552845528
23,2309,272,268.830769230769
23,2310,58,-67.8636363636364
23,2311,-244,-157.044303797468
23,2312,-130,-124.87037037037
23,2313,-110,13.6206896551724
23,2314,-50,-42.9370860927152
23,2315,-125,-42.9370860927152
23,2316,-64,-42.9370860927152
23,2317,-37,-6.27536231884058
23,2318,-10,-6.27536231884058
23,2319,-7,0.0608108108108108
23,2320,1,0.0608108108108108
23,2321,28,0.0608108108108108
23,2322,136,83.1682242990654
23,2323,356,181.741935483871
23,2324,155,-67.8636363636364
23,2325,-344,-236.135483870968
23,2326,-127,-110.582524271845
23,2327,27,13.6206896551724
23,2328,99,28.75
23,2329,-21,-20.3157894736842
23,2330,-50,-20.8926174496644
23,2331,68,-6.27536231884058
23,2332,133,89.578125
23,2333,403,268.830769230769
23,2334,-56,-236.135483870968
23,2335,-211,-157.044303797468
23,2336,-124,-124.87037037037
23,2337,-165,13.6206896551724
23,2338,-85,-42.9370860927152
23,2339,-51,-42.9370860927152
23,2340,-100,-42.9370860927152
23,2341,-48,-6.27536231884058
23,2342,-10,-6.27536231884058
23,2343,-11,0.0608108108108108
23,2344,2,0.0608108108108108
23,2345,19,0.0608108108108108
23,2346,110,83.1682242990654
23,2347,289,181.741935483871
23,2348,272,-67.8636363636364
23,2349,-318,-236.135483870968
23,2350,-133,-157.044303797468
23,2351,15,-38.2727272727273
23,2352,105,28.75
23,2353,47,-20.3157894736842
23,2354,-43,-20.3157894736842
23,2355,24,-6.27536231884058
23,2356,126,114.284552845528
23,2357,270,231.521739130435
23,2358,-70,-67.8636363636364
23,2359,-168,-157.044303797468
23,2360,-147,-124.87037037037
23,2361,-69,-86.5
23,2362,-48,-42.9370860927152
23,2363,-76,-42.9370860927152
23,2364,-9,-6.27536231884058
23,2365,-83,0.0608108108108108
23,2366,-34,-6.27536231884058
23,2367,-49,-6.27536231884058
23,2368,-32,-42.9370860927152
23,2369,11,-6.27536231884058
23,2370,61,83.1682242990654
23,2371,7,141.095890410959
23,2372,157,0.0608108108108108
23,2373,96,-23.3
23,2374,126,-67.8636363636364
23,2375,103,90.1538461538462
23,2376,-38,-236.135483870968
23,2377,54,-42.9370860927152
23,2378,8,-41.8333333333333
23,2379,-38,0.0608108108108108
23,2380,-21,-42.9370860927152
23,2381,-39,26.6428571428571
23,2382,-44,-42.9370860927152
23,2383,-91,-42.9370860927152
23,2384,3,-42.9370860927152
23,2385,-47,0.0608108108108108
23,2386,-102,-42.9370860927152
23,2387,16,-42.9370860927152
23,2388,-72,83.1682242990654
23,2389,-42,-6.27536231884058
23,2390,-43,-42.9370860927152
23,2391,-44,-42.9370860927152
23,2392,-19,-6.27536231884058
23,2393,3,-20.8926174496644
23,2394,17,0.0608108108108108
23,2395,32,28.75
23,2396,119,83.1682242990654
23,2397,85,181.741935483871
23,2398,147,-27.0625
23,2399,86,-23.3
23,2400,3,-110.582524271845
23,2401,-10,0.0608108108108108
23,2402,8,0.0608108108108108
23,2403,-25,0.0608108108108108
23,2404,33,-20.8926174496644
23,2405,13,-20.3913043478261
23,2406,-31,-20.3913043478261
23,2407,-115,-42.9370860927152
23,2408,-12,-42.9370860927152
23,2409,-110,0.0608108108108108
23,2410,-94,-42.9370860927152
23,2411,-49,-42.9370860927152
23,2412,-69,-42.9370860927152
23,2413,-17,-6.27536231884058
23,2414,-7,-20.8926174496644
23,2415,-11,0.0608108108108108
23,2416,1,0.0608108108108108
23,2417,30,0.0608108108108108
23,2418,107,83.1682242990654
23,2419,359,181.741935483871
23,2420,148,138.628571428571
23,2421,-335,-236.135483870968
23,2422,-169,-110.582524271845
23,2423,55,13.6206896551724
23,2424,59,-20.3157894736842
23,2425,-13,-20.3157894736842
23,2426,11,0.0608108108108108
23,2427,0,-20.3913043478261
23,2428,168,114.284552845528
23,2429,373,268.830769230769
23,2430,31,-67.8636363636364
23,2431,-235,-157.044303797468
23,2432,-202,-124.87037037037
23,2433,-144,13.6206896551724
23,2434,-86,13.6206896551724
23,2435,-84,-42.9370860927152
23,2436,-52,-42.9370860927152
23,2437,-12,-6.27536231884058
23,2438,-10,-13.2105263157895
23,2439,6,0.0608108108108108
23,2440,-8,0.0608108108108108
23,2441,25,0.0608108108108108
23,2442,107,83.1682242990654
23,2443,167,181.741935483871
23,2444,310,138.628571428571
23,2445,-328,-236.135483870968
23,2446,-160,-157.044303797468
23,2447,-60,-124.87037037037
23,2448,30,-86.5
23,2449,-36,-20.3913043478261
23,2450,1,-42.9370860927152
23,2451,56,0.0608108108108108
23,2452,123,89.578125
23,2453,442,231.521739130435
23,2454,-28,-236.135483870968
23,2455,-162,-157.044303797468
23,2456,-105,-124.87037037037
23,2457,-112,-86.5
23,2458,-67,-42.9370860927152
23,2459,-118,-42.9370860927152
23,2460,-55,-42.9370860927152
23,2461,-6,-6.27536231884058
23,2462,-24,-13.2105263157895
23,2463,4,-20.8926174496644
23,2464,2,0.0608108108108108
23,2465,30,0.0608108108108108
23,2466,154,83.1682242990654
23,2467,311,181.741935483871
23,2468,208,-67.8636363636364
23,2469,-361,-236.135483870968
23,2470,-154,-157.044303797468
23,2471,48,13.6206896551724
23,2472,88,-20.3157894736842
23,2473,-79,-20.3157894736842
23,2474,65,-42.9370860927152
23,2475,-39,-119.21875
23,2476,111,-6.27536231884058
23,2477,465,231.521739130435
23,2478,-113,-67.8636363636364
23,2479,-73,-157.044303797468
23,2480,-223,-124.87037037037
23,2481,-52,-86.5
23,2482,-158,13.6206896551724
23,2483,-85,-42.9370860927152
23,2484,-105,-6.27536231884058
23,2485,-27,-6.27536231884058
23,2486,-12,-13.2105263157895
23,2487,-4,0.0608108108108108
23,2488,1,0.0608108108108108
23,2489,34,0.0608108108108108
23,2490,141,83.1682242990654
23,2491,325,181.741935483871
23,2492,213,-67.8636363636364
23,2493,-362,-236.135483870968
23,2494,-178,-157.044303797468
23,2495,49,-38.2727272727273
23,2496,37,-20.3157894736842
23,2497,19,-20.3913043478261
23,2498,14,-20.3913043478261
23,2499,26,26.6428571428571
23,2500,114,114.284552845528
23,2501,429,231.521739130435
23,2502,-44,-67.8636363636364
23,2503,-244,-157.044303797468
23,2504,-144,-124.87037037037
23,2505,-98,13.6206896551724
23,2506,-95,-42.9370860927152
23,2507,-70,-42.9370860927152
23,2508,-78,-42.9370860927152
23,2509,-43,-6.27536231884058
23,2510,-36,-6.27536231884058
23,2511,-10,-6.27536231884058
23,2512,9,0.0608108108108108
23,2513,19,0.0608108108108108
23,2514,118,83.1682242990654
23,2515,279,181.741935483871
23,2516,223,-67.8636363636364
23,2517,-287,-236.135483870968
23,2518,-150,-157.044303797468
23,2519,70,-38.2727272727273
23,2520,117,-20.3157894736842
23,2521,-10,-20.3157894736842
23,2522,-17,-27.0625
23,2523,1,-20.8926174496644
23,2524,181,114.284552845528
23,2525,265,231.521739130435
23,2526,-130,-67.8636363636364
23,2527,-226,-157.044303797468
23,2528,-82,-124.87037037037
23,2529,-52,13.6206896551724
23,2530,-12,-42.9370860927152
23,2531,-99,0.0608108108108108
23,2532,-85,-6.27536231884058
23,2533,-42,-6.27536231884058
23,2534,-28,-6.27536231884058
23,2535,-40,-20.8926174496644
23,2536,-19,-42.9370860927152
23,2537,15,-20.8926174496644
23,2538,24,83.1682242990654
23,2539,31,83.1682242990654
23,2540,126,83.1682242990654
23,2541,163,-23.3
23,2542,68,-67.8636363636364
23,2543,131,-110.582524271845
23,2544,37,-41.8333333333333
23,2545,14,-110.582524271845
23,2546,-44,28.75
23,2547,10,-42.9370860927152
23,2548,-41,0.0608108108108108
23,2549,51,-42.9370860927152
23,2550,-22,-20.3157894736842
23,2551,-110,-20.8926174496644
23,2552,-109,-42.9370860927152
23,2553,-62,-42.9370860927152
23,2554,-10,-42.9370860927152
23,2555,-97,0.0608108108108108
23,2556,-35,-42.9370860927152
23,2557,-60,-6.27536231884058
23,2558,-14,-6.27536231884058
23,2559,-46,0.0608108108108108
23,2560,-10,-42.9370860927152
23,2561,-1,0.0608108108108108
23,2562,6,0.0608108108108108
23,2563,25,0.0608108108108108
23,2564,71,83.1682242990654
23,2565,155,141.095890410959
23,2566,162,181.741935483871
23,2567,110,-236.135483870968
23,2568,69,-236.135483870968
23,2569,-1,-27.0625
23,2570,-32,0.0608108108108108
23,2571,-119,-42.9370860927152
23,2572,117,-42.9370860927152
23,2573,13,-20.3157894736842
23,2574,-80,-27.0625
23,2575,-123,-42.9370860927152
23,2576,-88,-42.9370860927152
23,2577,-56,-6.27536231884058
23,2578,-93,-42.9370860927152
23,2579,-45,-42.9370860927152
23,2580,-68,-6.27536231884058
23,2581,-26,-6.27536231884058
23,2582,-5,-20.8926174496644
23,2583,-5,0.0608108108108108
23,2584,5,0.0608108108108108
23,2585,14,0.0608108108108108
23,2586,14,83.1682242990654
23,2587,108,83.1682242990654
23,2588,329,177.671755725191
23,2589,-224,47.1176470588235
23,2590,-159,-157.044303797468
23,2591,30,-38.2727272727273
23,2592,47,28.75
23,2593,57,-20.3157894736842
23,2594,-6,-119.21875
23,2595,18,0.0608108108108108
23,2596,95,28.75
23,2597,391,175.117647058824
23,2598,-81,-20.3157894736842
23,2599,-179,-157.044303797468
23,2600,-101,-124.87037037037
23,2601,-89,-86.5
23,2602,-109,-42.9370860927152
23,2603,-90,-42.9370860927152
23,2604,-39,-6.27536231884058
23,2605,-21,-6.27536231884058
23,2606,1,-13.2105263157895
23,2607,-7,0.0608108108108108
23,2608,2,0.0608108108108108
23,2609,27,0.0608108108108108
23,2610,124,83.1682242990654
23,2611,319,181.741935483871
23,2612,193,-67.8636363636364
23,2613,-345,-236.135483870968
23,2614,-148,-110.582524271845
23,2615,50,13.6206896551724
23,2616,62,-20.3157894736842
23,2617,-20,-20.3157894736842
23,2618,-45,-20.8926174496644
23,2619,32,-6.27536231884058
23,2620,75,114.284552845528
23,2621,477,231.521739130435
23,2622,-16,-119.21875
23,2623,-281,-157.044303797468
23,2624,-56,-124.87037037037
23,2625,-182,13.6206896551724
23,2626,15,-42.9370860927152
23,2627,-166,-20.3913043478261
23,2628,-72,-42.9370860927152
23,2629,-26,-6.27536231884058
23,2630,-21,26.6428571428571
23,2631,2,-20.8926174496644
23,2632,-1,0.0608108108108108
23,2633,32,0.0608108108108108
23,2634,126,28.75
23,2635,299,212.911764705882
23,2636,179,-67.8636363636364
23,2637,-327,-236.135483870968
23,2638,-149,-110.582524271845
23,2639,21,13.6206896551724
23,2640,-8,28.75
23,2641,31,0.0608108108108108
23,2642,-21,-20.3913043478261
23,2643,-11,-20.8926174496644
23,2644,156,114.284552845528
23,2645,356,231.521739130435
23,2646,-19,-67.8636363636364
23,2647,-133,-157.044303797468
23,2648,-132,-38.2727272727273
23,2649,-63,-86.5
23,2650,-87,-42.9370860927152
23,2651,-134,-42.9370860927152
23,2652,-54,-42.9370860927152
23,2653,-51,-6.27536231884058
23,2654,0,-6.27536231884058
23,2655,-7,0.0608108108108108
23,2656,1,0.0608108108108108
23,2657,28,0.0608108108108108
23,2658,110,83.1682242990654
23,2659,313,212.911764705882
23,2660,127,-67.8636363636364
23,2661,-334,-236.135483870968
23,2662,-106,-110.582524271845
23,2663,11,13.6206896551724
23,2664,54,28.75
23,2665,-43,-20.3157894736842
23,2666,4,-42.9370860927152
23,2667,18,0.0608108108108108
23,2668,126,114.284552845528
23,2669,295,268.830769230769
23,2670,25,-67.8636363636364
23,2671,-141,-157.044303797468
23,2672,-63,-124.87037037037
23,2673,-125,-86.5
23,2674,-68,-42.9370860927152
23,2675,-97,-42.9370860927152
23,2676,-53,-42.9370860927152
23,2677,-62,-6.27536231884058
23,2678,-19,-6.27536231884058
23,2679,-5,-20.8926174496644
23,2680,3,0.0608108108108108
23,2681,28,0.0608108108108108
23,2682,84,83.1682242990654
23,2683,237,181.741935483871
23,2684,254,181.741935483871
23,2685,-280,-236.135483870968
23,2686,-148,-157.044303797468
23,2687,51,-38.2727272727273
23,2688,18,-20.3157894736842
23,2689,46,-20.3913043478261
23,2690,-37,-119.21875
23,2691,21,-6.27536231884058
23,2692,96,114.284552845528
23,2693,266,231.521739130435
23,2694,-141,-20.3157894736842
23,2695,-143,-157.044303797468
23,2696,-160,-124.87037037037
23,2697,15,-86.5
23,2698,-20,83.1682242990654
23,2699,-23,-20.8926174496644
23,2700,-58,-20.8926174496644
23,2701,7,-6.27536231884058
23,2702,-30,114.284552845528
23,2703,-51,-20.8926174496644
23,2704,-23,-42.9370860927152
23,2705,-7,-20.8926174496644
23,2706,35,0.0608108108108108
23,2707,31,83.1682242990654
23,2708,89,83.1682242990654
23,2709,165,177.671755725191
23,2710,162,-23.3
23,2711,22,-236.135483870968
23,2712,86,-110.582524271845
23,2713,-38,-41.8333333333333
23,2714,45,-42.9370860927152
23,2715,-126,-41.8333333333333
23,2716,30,-42.9370860927152
23,2717,17,-20.3913043478261
23,2718,-49,26.6428571428571
23,2719,-56,-42.9370860927152
23,2720,-39,-42.9370860927152
23,2721,-64,-6.27536231884058
23,2722,-43,-42.9370860927152
23,2723,-54,-42.9370860927152
23,2724,-62,-42.9370860927152
23,2725,-36,-42.9370860927152
23,2726,-13,-42.9370860927152
23,2727,-54,0.0608108108108108
23,2728,-47,-42.9370860927152
23,2729,-5,-42.9370860927152
23,2730,17,0.0608108108108108
23,2731,46,83.1682242990654
23,2732,70,181.741935483871
23,2733,91,141.095890410959
23,2734,220,89.578125
23,2735,54,-23.3
23,2736,50,-157.044303797468
23,2737,29,-41.8333333333333
23,2738,-34,-20.3913043478261
23,2739,-64,-42.9370860927152
23,2740,-26,-42.9370860927152
23,2741,71,-20.8926174496644
23,2742,2,-20.3157894736842
23,2743,-111,-13.2105263157895
23,2744,-91,-42.9370860927152
23,2745,-79,-6.27536231884058
23,2746,-75,-42.9370860927152
23,2747,-91,-42.9370860927152
23,2748,-19,-42.9370860927152
23,2749,-37,-20.8926174496644
23,2750,-17,-6.27536231884058
23,2751,-9,-20.8926174496644
23,2752,-1,0.0608108108108108
23,2753,39,0.0608108108108108
23,2754,115,83.1682242990654
23,2755,327,177.671755725191
23,2756,123,-175.6
23,2757,-340,-236.135483870968
23,2758,-84,-27.0625
23,2759,-3,13.6206896551724
23,2760,89,0.0608108108108108
23,2761,-10,-20.3157894736842
23,2762,-9,0.0608108108108108
23,2763,-18,0.0608108108108108
23,2764,181,114.284552845528
23,2765,419,268.830769230769
23,2766,-42,-67.8636363636364
23,2767,-209,-157.044303797468
23,2768,-107,-124.87037037037
23,2769,-144,13.6206896551724
23,2770,-144,-42.9370860927152
23,2771,-84,-42.9370860927152
23,2772,-66,-42.9370860927152
23,2773,-7,-6.27536231884058
23,2774,-21,-13.2105263157895
23,2775,0,-20.8926174496644
23,2776,1,0.0608108108108108
23,2777,29,0.0608108108108108
23,2778,149,83.1682242990654
23,2779,364,181.741935483871
23,2780,104,-67.8636363636364
23,2781,-328,-236.135483870968
23,2782,-138,-38.2727272727273
23,2783,45,13.6206896551724
23,2784,73,-20.3157894736842
23,2785,-2,-20.3157894736842
23,2786,-39,0.0608108108108108
23,2787,50,-6.27536231884058
23,2788,99,89.578125
23,2789,484,268.830769230769
23,2790,-76,-119.21875
23,2791,-212,-157.044303797468
23,2792,-107,-124.87037037037
23,2793,-177,13.6206896551724
23,2794,-83,-42.9370860927152
23,2795,-114,-42.9370860927152
23,2796,-77,-6.27536231884058
23,2797,-31,-6.27536231884058
23,2798,-9,-6.27536231884058
23,2799,-6,0.0608108108108108
23,2800,3,0.0608108108108108
23,2801,25,0.0608108108108108
23,2802,164,83.1682242990654
23,2803,327,181.741935483871
23,2804,160,-67.8636363636364
23,2805,-405,-236.135483870968
23,2806,-110,-110.582524271845
23,2807,37,13.6206896551724
23,2808,113,28.75
23,2809,-1,-20.3157894736842
23,2810,-51,-27.0625
23,2811,-21,-6.27536231884058
23,2812,143,114.284552845528
23,2813,451,268.830769230769
23,2814,-39,-67.8636363636364
23,2815,-161,-157.044303797468
23,2816,-198,-124.87037037037
23,2817,-78,-86.5
23,2818,-70,13.6206896551724
23,2819,-138,-42.9370860927152
23,2820,-105,-42.9370860927152
23,2821,-29,-6.27536231884058
23,2822,-12,-13.2105263157895
23,2823,-6,0.0608108108108108
23,2824,4,0.0608108108108108
23,2825,36,0.0608108108108108
23,2826,146,83.1682242990654
23,2827,315,212.911764705882
23,2828,109,-67.8636363636364
23,2829,-266,-236.135483870968
23,2830,-167,-27.0625
23,2831,27,13.6206896551724
23,2832,65,-20.3913043478261
23,2833,-40,-20.3157894736842
23,2834,18,-42.9370860927152
23,2835,-35,26.6428571428571
23,2836,168,-6.27536231884058
23,2837,318,268.830769230769
23,2838,-8,-67.8636363636364
23,2839,-126,-157.044303797468
23,2840,-101,-124.87037037037
23,2841,-72,-86.5
23,2842,-124,-42.9370860927152
23,2843,-103,-42.9370860927152
23,2844,-57,-42.9370860927152
23,2845,-72,-6.27536231884058
23,2846,-24,-6.27536231884058
23,2847,-10,-20.8926174496644
23,2848,2,0.0608108108108108
23,2849,35,0.0608108108108108
23,2850,118,83.1682242990654
23,2851,217,181.741935483871
23,2852,244,-67.8636363636364
23,2853,-324,-236.135483870968
23,2854,-129,-157.044303797468
23,2855,17,-38.2727272727273
23,2856,38,-20.3913043478261
23,2857,13,-20.3913043478261
23,2858,-6,-20.3913043478261
23,2859,-3,0.0608108108108108
23,2860,121,114.284552845528
23,2861,188,231.521739130435
23,2862,-75,-67.8636363636364
23,2863,-101,-110.582524271845
23,2864,-55,-42.9370860927152
23,2865,-72,-42.9370860927152
23,2866,-73,-42.9370860927152
23,2867,-115,-42.9370860927152
23,2868,21,-6.27536231884058
23,2869,-11,28.75
23,2870,3,-13.2105263157895
23,2871,-38,0.0608108108108108
23,2872,-5,-6.27536231884058
23,2873,-8,0.0608108108108108
23,2874,32,0.0608108108108108
23,2875,50,83.1682242990654
23,2876,102,141.095890410959
23,2877,81,-119.21875
23,2878,129,89.578125
23,2879,48,41.6428571428571
23,2880,19,-110.582524271845
23,2881,-43,83.1682242990654
23,2882,-19,-42.9370860927152
23,2883,-5,-20.8926174496644
23,2884,-31,0.0608108108108108
23,2885,-11,-42.9370860927152
23,2886,-23,0.0608108108108108
23,2887,35,114.284552845528
23,2888,-82,28.75
23,2889,-79,-42.9370860927152
23,2890,-41,-42.9370860927152
23,2891,-20,-42.9370860927152
23,2892,-3,-20.8926174496644
23,2893,-56,0.0608108108108108
23,2894,-3,-6.27536231884058
23,2895,-57,0.0608108108108108
23,2896,-29,-42.9370860927152
23,2897,6,-20.8926174496644
23,2898,17,0.0608108108108108
23,2899,23,83.1682242990654
23,2900,92,28.75
23,2901,77,47.1176470588235
23,2902,147,89.578125
23,2903,11,-23.3
23,2904,56,-110.582524271845
23,2905,-13,-41.8333333333333
23,2906,24,0.0608108108108108
23,2907,-99,-20.3913043478261
23,2908,-32,-42.9370860927152
23,2909,100,-42.9370860927152
23,2910,-43,-20.3157894736842
23,2911,12,-42.9370860927152
23,2912,-50,28.75
23,2913,-74,-6.27536231884058
23,2914,-107,-42.9370860927152
23,2915,-41,-42.9370860927152
23,2916,-67,-42.9370860927152
23,2917,-26,-42.9370860927152
23,2918,-2,-20.8926174496644
23,2919,-10,0.0608108108108108
23,2920,7,0.0608108108108108
23,2921,28,0.0608108108108108
23,2922,96,83.1682242990654
23,2923,262,181.741935483871
23,2924,170,138.628571428571
23,2925,-273,-236.135483870968
23,2926,-121,-110.582524271845
23,2927,27,13.6206896551724
23,2928,56,28.75
23,2929,-21,-20.3157894736842
23,2930,-6,-20.8926174496644
23,2931,4,0.0608108108108108
23,2932,131,114.284552845528
23,2933,382,231.521739130435
23,2934,-17,-67.8636363636364
23,2935,-149,-157.044303797468
23,2936,-186,-124.87037037037
23,2937,-137,-86.5
23,2938,-70,-42.9370860927152
23,2939,-86,-42.9370860927152
23,2940,-49,-42.9370860927152
23,2941,-39,-6.27536231884058
23,2942,-4,-6.27536231884058
23,2943,-8,0.0608108108108108
23,2944,4,0.0608108108108108
23,2945,29,0.0608108108108108
23,2946,119,83.1682242990654
23,2947,329,181.741935483871
23,2948,163,-67.8636363636364
23,2949,-374,-236.135483870968
23,2950,-63,-110.582524271845
23,2951,8,13.6206896551724
23,2952,55,0.0608108108108108
23,2953,11,-20.3157894736842
23,2954,27,-20.3913043478261
23,2955,91,-20.3913043478261
23,2956,126,89.578125
23,2957,195,268.830769230769
23,2958,-95,-236.135483870968
23,2959,-130,-110.582524271845
23,2960,-121,-42.9370860927152
23,2961,-180,-42.9370860927152
23,2962,-19,-42.9370860927152
23,2963,-6,-20.8926174496644
23,2964,-12,0.0608108108108108
23,2965,-36,0.0608108108108108
23,2966,-30,-6.27536231884058
23,2967,-61,-20.8926174496644
23,2968,-16,-42.9370860927152
23,2969,3,-20.8926174496644
23,2970,13,0.0608108108108108
23,2971,40,28.75
23,2972,81,83.1682242990654
23,2973,140,177.671755725191
23,2974,154,-23.3
23,2975,38,-236.135483870968
23,2976,9,-110.582524271845
23,2977,5,0.0608108108108108
23,2978,48,0.0608108108108108
23,2979,-93,-20.3157894736842
23,2980,-65,-42.9370860927152
23,2981,25,-42.9370860927152
23,2982,16,114.284552845528
23,2983,2,-13.2105263157895
23,2984,119,0.0608108108108108
23,2985,33,47.1176470588235
23,2986,-82,-27.0625
23,2987,-319,-42.9370860927152
23,2988,-95,-42.9370860927152
23,2989,-58,13.6206896551724
23,2990,-12,-42.9370860927152
23,2991,-11,0.0608108108108108
23,2992,0,0.0608108108108108
23,2993,22,0.0608108108108108
23,2994,104,83.1682242990654
23,2995,210,268.830769230769
23,2996,207,181.741935483871
23,2997,-257,-236.135483870968
23,2998,-107,-157.044303797468
23,2999,58,13.6206896551724
23,3000,32,-20.3157894736842
23,3001,34,-20.3913043478261
23,3002,-69,-20.3913043478261
23,3003,13,-6.27536231884058
23,3004,179,114.284552845528
23,3005,256,231.521739130435
23,3006,-82,-67.8636363636364
23,3007,-104,-157.044303797468
23,3008,-182,-124.87037037037
23,3009,2,-86.5
23,3010,-98,0.0608108108108108
23,3011,-94,-42.9370860927152
23,3012,-29,-6.27536231884058
23,3013,-73,26.6428571428571
23,3014,-12,-6.27536231884058
23,3015,-10,0.0608108108108108
23,3016,-1,0.0608108108108108
23,3017,29,0.0608108108108108
23,3018,96,83.1682242990654
23,3019,222,177.671755725191
23,3020,232,181.741935483871
23,3021,-281,-236.135483870968
23,3022,-94,-157.044303797468
23,3023,23,-38.2727272727273
23,3024,98,28.75
23,3025,-38,-20.3157894736842
23,3026,-18,-42.9370860927152
23,3027,10,-20.8926174496644
23,3028,84,114.284552845528
23,3029,207,231.521739130435
23,3030,-16,-20.3157894736842
23,3031,-142,-157.044303797468
23,3032,-82,-42.9370860927152
23,3033,-36,-42.9370860927152
23,3034,-12,-42.9370860927152
23,3035,-124,0.0608108108108108
23,3036,-14,-42.9370860927152
23,3037,-79,0.0608108108108108
23,3038,-13,-6.27536231884058
23,3039,-27,0.0608108108108108
23,3040,-15,-20.8926174496644
23,3041,-2,-20.8926174496644
23,3042,17,0.0608108108108108
23,3043,40,83.1682242990654
23,3044,81,83.1682242990654
23,3045,104,177.671755725191
23,3046,69,89.578125
23,3047,42,89.578125
23,3048,-25,83.1682242990654
23,3049,18,-20.8926174496644
23,3050,-52,-20.3913043478261
23,3051,-2,-42.9370860927152
23,3052,-12,0.0608108108108108
23,3053,-15,0.0608108108108108
23,3054,-2,-20.8926174496644
23,3055,10,0.0608108108108108
23,3056,-11,0.0608108108108108
23,3057,-75,0.0608108108108108
23,3058,19,-42.9370860927152
23,3059,-72,28.75
23,3060,-1,-42.9370860927152
23,3061,-23,0.0608108108108108
23,3062,-54,-20.8926174496644
23,3063,-35,-6.27536231884058
23,3064,-22,-42.9370860927152
23,3065,-7,-20.8926174496644
23,3066,15,0.0608108108108108
23,3067,31,83.1682242990654
23,3068,78,28.75
23,3069,112,181.741935483871
23,3070,77,89.578125
23,3071,70,-27.0625
23,3072,-13,89.578125
23,3073,-39,0.0608108108108108
23,3074,-25,-42.9370860927152
23,3075,-14,-20.8926174496644
23,3076,-7,0.0608108108108108
23,3077,-21,0.0608108108108108
23,3078,-17,-20.8926174496644
23,3079,-3,-20.8926174496644
23,3080,35,0.0608108108108108
23,3081,-78,83.1682242990654
23,3082,-85,-42.9370860927152
23,3083,1,-42.9370860927152
23,3084,-84,0.0608108108108108
23,3085,-21,-42.9370860927152
23,3086,-13,-20.8926174496644
23,3087,0,0.0608108108108108
23,3088,-3,0.0608108108108108
23,3089,26,0.0608108108108108
23,3090,64,83.1682242990654
23,3091,138,181.741935483871
23,3092,225,177.671755725191
23,3093,-92,-236.135483870968
23,3094,-188,-157.044303797468
23,3095,41,-38.2727272727273
23,3096,50,28.75
23,3097,-11,-20.3157894736842
23,3098,-13,0.0608108108108108
23,3099,38,0.0608108108108108
23,3100,133,114.284552845528
23,3101,436,90.1538461538462
23,3102,23,-67.8636363636364
23,3103,-241,-157.044303797468
23,3104,-184,-124.87037037037
23,3105,-116,13.6206896551724
23,3106,-107,-42.9370860927152
23,3107,-93,-42.9370860927152
23,3108,-62,-42.9370860927152
23,3109,-54,-6.27536231884058
23,3110,1,-6.27536231884058
23,3111,-13,0.0608108108108108
23,3112,1,0.0608108108108108
23,3113,38,0.0608108108108108
23,3114,145,83.1682242990654
23,3115,333,181.741935483871
23,3116,129,-67.8636363636364
23,3117,-318,-236.135483870968
23,3118,-141,-110.582524271845
23,3119,59,13.6206896551724
23,3120,23,-20.3157894736842
23,3121,8,-20.3913043478261
23,3122,-38,0.0608108108108108
23,3123,23,-6.27536231884058
23,3124,170,114.284552845528
23,3125,437,268.830769230769
23,3126,-53,-67.8636363636364
23,3127,-405,-157.044303797468
23,3128,-330,-124.87037037037
23,3129,6,13.6206896551724
23,3130,49,0.0608108108108108
23,3131,-36,-20.3157894736842
23,3132,-59,-42.9370860927152
23,3133,-30,-6.27536231884058
23,3134,-9,114.284552845528
23,3135,0,0.0608108108108108
23,3136,2,0.0608108108108108
23,3137,34,0.0608108108108108
23,3138,144,28.75
23,3139,312,181.741935483871
23,3140,177,-67.8636363636364
23,3141,-346,-236.135483870968
23,3142,-133,-110.582524271845
23,3143,34,13.6206896551724
23,3144,63,-20.3913043478261
23,3145,-19,-20.3157894736842
23,3146,-32,-20.8926174496644
23,3147,35,-6.27536231884058
23,3148,135,114.284552845528
23,3149,419,231.521739130435
23,3150,-16,-67.8636363636364
23,3151,-181,-157.044303797468
23,3152,-150,-124.87037037037
23,3153,-92,-86.5
23,3154,-147,-42.9370860927152
23,3155,-92,-42.9370860927152
23,3156,-96,-42.9370860927152
23,3157,-35,-6.27536231884058
23,3158,-12,-6.27536231884058
23,3159,1,0.0608108108108108
23,3160,-5,0.0608108108108108
23,3161,39,0.0608108108108108
23,3162,134,83.1682242990654
23,3163,334,181.741935483871
23,3164,190,-175.6
23,3165,-375,-236.135483870968
23,3166,-113,-110.582524271845
23,3167,1,13.6206896551724
23,3168,77,0.0608108108108108
23,3169,-15,-20.3157894736842
23,3170,-68,-20.8926174496644
23,3171,62,-6.27536231884058
23,3172,168,89.578125
23,3173,356,231.521739130435
23,3174,30,-236.135483870968
23,3175,-196,-157.044303797468
23,3176,-115,-124.87037037037
23,3177,-141,13.6206896551724
23,3178,-55,-42.9370860927152
23,3179,-107,-42.9370860927152
23,3180,-116,-42.9370860927152
23,3181,-36,-6.27536231884058
23,3182,-42,-6.27536231884058
23,3183,-8,-6.27536231884058
23,3184,2,0.0608108108108108
23,3185,23,0.0608108108108108
23,3186,93,83.1682242990654
23,3187,253,181.741935483871
23,3188,333,181.741935483871
23,3189,-299,-236.135483870968
23,3190,-146,-157.044303797468
23,3191,20,-38.2727272727273
23,3192,91,28.75
23,3193,-5,-20.3157894736842
23,3194,-5,0.0608108108108108
23,3195,-16,0.0608108108108108
23,3196,139,114.284552845528
23,3197,343,231.521739130435
23,3198,-204,-67.8636363636364
23,3199,-143,-157.044303797468
23,3200,-99,-124.87037037037
23,3201,-90,-86.5
23,3202,-36,-42.9370860927152
23,3203,-51,-42.9370860927152
23,3204,-21,-6.27536231884058
23,3205,-73,-13.2105263157895
23,3206,-17,-6.27536231884058
23,3207,-61,-20.8926174496644
23,3208,-31,-42.9370860927152
23,3209,-4,-42.9370860927152
23,3210,30,0.0608108108108108
23,3211,13,83.1682242990654
23,3212,103,83.1682242990654
23,3213,131,177.671755725191
23,3214,119,-23.3
23,3215,38,-236.135483870968
23,3216,60,-27.0625
23,3217,92,41.6428571428571
23,3218,41,-41.8333333333333
23,3219,-72,-20.3913043478261
23,3220,6,-42.9370860927152
23,3221,-108,0.0608108108108108
23,3222,-107,-42.9370860927152
23,3223,80,-42.9370860927152
23,3224,-75,-20.3157894736842
23,3225,-87,-6.27536231884058
23,3226,-44,-42.9370860927152
23,3227,-14,-6.27536231884058
23,3228,-24,0.0608108108108108
23,3229,-19,-20.8926174496644
23,3230,-53,-20.8926174496644
23,3231,-58,-6.27536231884058
23,3232,-38,-42.9370860927152
23,3233,-10,-42.9370860927152
23,3234,6,0.0608108108108108
23,3235,32,0.0608108108108108
23,3236,86,83.1682242990654
23,3237,88,181.741935483871
23,3238,161,181.741935483871
23,3239,69,-23.3
23,3240,38,-110.582524271845
23,3241,-9,83.1682242990654
23,3242,-4,0.0608108108108108
23,3243,13,0.0608108108108108
23,3244,6,-20.3913043478261
23,3245,-59,0.0608108108108108
23,3246,-124,-42.9370860927152
23,3247,0,-42.9370860927152
23,3248,-18,0.0608108108108108
23,3249,-71,-20.8926174496644
23,3250,-93,-42.9370860927152
23,3251,-39,-42.9370860927152
23,3252,-48,-6.27536231884058
23,3253,-32,-42.9370860927152
23,3254,4,-42.9370860927152
23,3255,-9,0.0608108108108108
23,3256,6,0.0608108108108108
23,3257,38,0.0608108108108108
23,3258,90,83.1682242990654
23,3259,343,181.741935483871
23,3260,184,138.628571428571
23,3261,-319,-236.135483870968
23,3262,-162,-110.582524271845
23,3263,-4,13.6206896551724
23,3264,55,0.0608108108108108
23,3265,2,-20.3157894736842
23,3266,-27,0.0608108108108108
23,3267,25,-20.8926174496644
23,3268,149,114.284552845528
23,3269,369,231.521739130435
23,3270,39,-67.8636363636364
23,3271,-199,-157.044303797468
23,3272,-141,-124.87037037037
23,3273,-126,13.6206896551724
23,3274,-44,-42.9370860927152
23,3275,-118,-42.9370860927152
23,3276,-113,-42.9370860927152
23,3277,-28,-6.27536231884058
23,3278,-18,-13.2105263157895
23,3279,-4,-20.8926174496644
23,3280,4,0.0608108108108108
23,3281,31,0.0608108108108108
23,3282,175,83.1682242990654
23,3283,313,181.741935483871
23,3284,135,-67.8636363636364
23,3285,-341,-236.135483870968
23,3286,-161,-110.582524271845
23,3287,47,13.6206896551724
23,3288,48,-20.3157894736842
23,3289,-33,-20.3157894736842
23,3290,-7,-42.9370860927152
23,3291,30,26.6428571428571
23,3292,137,114.284552845528
23,3293,389,268.830769230769
23,3294,2,-67.8636363636364
23,3295,-225,-157.044303797468
23,3296,-120,-124.87037037037
23,3297,-94,13.6206896551724
23,3298,-89,-42.9370860927152
23,3299,-83,-42.9370860927152
23,3300,-108,-42.9370860927152
23,3301,-37,-6.27536231884058
23,3302,-8,-6.27536231884058
23,3303,-4,0.0608108108108108
23,3304,2,0.0608108108108108
23,3305,40,0.0608108108108108
23,3306,116,83.1682242990654
23,3307,333,181.741935483871
23,3308,184,-175.6
23,3309,-382,-236.135483870968
23,3310,-159,-110.582524271845
23,3311,45,13.6206896551724
23,3312,19,-20.3157894736842
23,3313,1,-20.3913043478261
23,3314,-33,0.0608108108108108
23,3315,24,-6.27536231884058
23,3316,30,114.284552845528
23,3317,146,114.284552845528
23,3318,273,-20.3157894736842
23,3319,-127,-67.8636363636364
23,3320,-150,-157.044303797468
23,3321,-47,-124.87037037037
23,3322,-31,-86.5
23,3323,-157,-42.9370860927152
23,3324,-65,-42.9370860927152
23,3325,-41,-6.27536231884058
23,3326,-18,-6.27536231884058
23,3327,-2,-13.2105263157895
23,3328,3,0.0608108108108108
23,3329,32,0.0608108108108108
23,3330,112,83.1682242990654
23,3331,321,212.911764705882
23,3332,184,-67.8636363636364
23,3333,-339,-236.135483870968
23,3334,-120,-110.582524271845
23,3335,18,13.6206896551724
23,3336,58,28.75
23,3337,-20,-20.3157894736842
23,3338,-57,-20.8926174496644
23,3339,95,-6.27536231884058
23,3340,66,89.578125
23,3341,413,231.521739130435
23,3342,6,-119.21875
23,3343,-244,-157.044303797468
23,3344,-28,-124.87037037037
23,3345,-173,-20.8926174496644
23,3346,-264,-42.9370860927152
23,3347,-3,-42.9370860927152
23,3348,-31,0.0608108108108108
23,3349,-23,-6.27536231884058
23,3350,8,-13.2105263157895
23,3351,17,0.0608108108108108
23,3352,-27,83.1682242990654
23,3353,33,-20.8926174496644
23,3354,84,83.1682242990654
23,3355,234,89.578125
23,3356,331,90.1538461538462
23,3357,-318,-236.135483870968
23,3358,-140,-157.044303797468
23,3359,-21,-124.87037037037
23,3360,62,-20.8926174496644
23,3361,-118,-20.3157894736842
23,3362,73,-42.9370860927152
23,3363,-13,-119.21875
23,3364,220,114.284552845528
23,3365,279,231.521739130435
23,3366,-93,-67.8636363636364
23,3367,-220,-157.044303797468
23,3368,-151,-124.87037037037
23,3369,-129,13.6206896551724
23,3370,13,-42.9370860927152
23,3371,31,83.1682242990654
23,3372,-63,-20.3913043478261
23,3373,-31,-6.27536231884058
23,3374,-12,-6.27536231884058
23,3375,-35,0.0608108108108108
23,3376,-9,-42.9370860927152
23,3377,1,0.0608108108108108
23,3378,-2,0.0608108108108108
23,3379,22,0.0608108108108108
23,3380,75,83.1682242990654
23,3381,95,141.095890410959
23,3382,61,181.741935483871
23,3383,37,89.578125
23,3384,152,83.1682242990654
23,3385,-103,-41.8333333333333
23,3386,-11,-110.582524271845
23,3387,37,0.0608108108108108
23,3388,-54,-20.3913043478261
23,3389,-85,-42.9370860927152
23,3390,-64,-42.9370860927152
23,3391,61,-6.27536231884058
23,3392,-24,90.1538461538462
23,3393,-51,-13.2105263157895
23,3394,17,-42.9370860927152
23,3395,-31,28.75
23,3396,-36,-6.27536231884058
23,3397,17,-42.9370860927152
23,3398,-8,83.1682242990654
23,3399,-79,0.0608108108108108
23,3400,-27,-42.9370860927152
23,3401,-10,-20.8926174496644
23,3402,13,0.0608108108108108
23,3403,19,83.1682242990654
23,3404,115,83.1682242990654
23,3405,105,177.671755725191
23,3406,121,-67.8636363636364
23,3407,126,89.578125
23,3408,-1,-236.135483870968
23,3409,122,-27.0625
23,3410,-10,-41.8333333333333
23,3411,8,-27.0625
23,3412,4,0.0608108108108108
23,3413,-72,0.0608108108108108
23,3414,-41,-42.9370860927152
23,3415,7,-42.9370860927152
23,3416,-144,0.0608108108108108
23,3417,-33,-42.9370860927152
23,3418,-154,-42.9370860927152
23,3419,-68,-6.27536231884058
23,3420,-76,-42.9370860927152
23,3421,-20,-42.9370860927152
23,3422,-10,-20.8926174496644
23,3423,-15,0.0608108108108108
23,3424,6,-20.8926174496644
23,3425,43,0.0608108108108108
23,3426,106,83.1682242990654
23,3427,264,181.741935483871
23,3428,317,138.628571428571
23,3429,-393,-236.135483870968
23,3430,-145,-157.044303797468
23,3431,-2,-38.2727272727273
23,3432,116,0.0608108108108108
23,3433,-74,-20.3157894736842
23,3434,31,-27.0625
23,3435,10,-20.3913043478261
23,3436,176,114.284552845528
23,3437,390,231.521739130435
23,3438,-106,-67.8636363636364
23,3439,-159,-157.044303797468
23,3440,-179,-124.87037037037
23,3441,-107,-86.5
23,3442,-87,-42.9370860927152
23,3443,-95,-42.9370860927152
23,3444,-50,-6.27536231884058
23,3445,-47,-6.27536231884058
23,3446,-1,-6.27536231884058
23,3447,-10,0.0608108108108108
23,3448,0,0.0608108108108108
23,3449,44,0.0608108108108108
23,3450,140,83.1682242990654
23,3451,326,181.741935483871
23,3452,227,-175.6
23,3453,-404,-236.135483870968
23,3454,-121,-157.044303797468
23,3455,-17,-38.2727272727273
23,3456,28,-20.8926174496644
23,3457,44,-20.3913043478261
23,3458,-29,-20.3913043478261
23,3459,41,26.6428571428571
23,3460,170,114.284552845528
23,3461,414,231.521739130435
23,3462,8,-175.6
23,3463,-245,-157.044303797468
23,3464,-109,-124.87037037037
23,3465,-145,13.6206896551724
23,3466,-109,-42.9370860927152
23,3467,-77,-42.9370860927152
23,3468,-126,-42.9370860927152
23,3469,-38,-6.27536231884058
23,3470,-16,-6.27536231884058
23,3471,0,-20.8926174496644
23,3472,-8,0.0608108108108108
23,3473,55,0.0608108108108108
23,3474,131,181.741935483871
23,3475,317,181.741935483871
23,3476,281,-236.135483870968
23,3477,-446,-236.135483870968
23,3478,-111,-157.044303797468
23,3479,50,-38.2727272727273
23,3480,29,-20.3157894736842
23,3481,2,-20.3913043478261
23,3482,-65,0.0608108108108108
23,3483,70,-6.27536231884058
23,3484,167,89.578125
23,3485,429,231.521739130435
23,3486,-22,-236.135483870968
23,3487,-193,-157.044303797468
23,3488,-131,-124.87037037037
23,3489,-170,13.6206896551724
23,3490,-119,-42.9370860927152
23,3491,-39,-42.9370860927152
23,3492,-147,-42.9370860927152
23,3493,-63,-6.27536231884058
23,3494,-8,-6.27536231884058
23,3495,-13,0.0608108108108108
23,3496,-4,0.0608108108108108
23,3497,38,0.0608108108108108
23,3498,139,83.1682242990654
23,3499,314,181.741935483871
23,3500,234,-67.8636363636364
23,3501,-385,-236.135483870968
23,3502,-122,-157.044303797468
23,3503,-10,-38.2727272727273
23,3504,67,0.0608108108108108
23,3505,-37,-20.3157894736842
23,3506,-29,-42.9370860927152
23,3507,25,26.6428571428571
23,3508,136,114.284552845528
23,3509,364,231.521739130435
23,3510,-50,-67.8636363636364
23,3511,-74,-157.044303797468
23,3512,-168,-124.87037037037
23,3513,-175,-86.5
23,3514,-37,-42.9370860927152
23,3515,-89,-42.9370860927152
23,3516,-48,-42.9370860927152
23,3517,-43,-6.27536231884058
23,3518,-28,-6.27536231884058
23,3519,-14,-20.8926174496644
23,3520,-4,0.0608108108108108
23,3521,29,0.0608108108108108
23,3522,102,83.1682242990654
23,3523,271,181.741935483871
23,3524,266,181.741935483871
23,3525,-313,-236.135483870968
23,3526,-132,-157.044303797468
23,3527,20,-38.2727272727273
23,3528,48,28.75
23,3529,15,-20.3157894736842
23,3530,12,-20.3913043478261
23,3531,-3,-20.3913043478261
23,3532,176,114.284552845528
23,3533,200,231.521739130435
23,3534,-77,-67.8636363636364
23,3535,-106,-157.044303797468
23,3536,-162,-42.9370860927152
23,3537,-94,-42.9370860927152
23,3538,-61,-42.9370860927152
23,3539,-10,-42.9370860927152
23,3540,2,0.0608108108108108
23,3541,-111,-13.2105263157895
23,3542,10,-6.27536231884058
23,3543,-47,0.0608108108108108
23,3544,-32,-42.9370860927152
23,3545,3,-42.9370860927152
23,3546,36,0.0608108108108108
23,3547,26,83.1682242990654
23,3548,87,28.75
23,3549,174,-119.21875
23,3550,58,-23.3
23,3551,62,-110.582524271845
23,3552,30,-41.8333333333333
23,3553,11,-20.3913043478261
23,3554,-4,28.75
23,3555,3,0.0608108108108108
23,3556,-10,0.0608108108108108
23,3557,-8,0.0608108108108108
23,3558,2,114.284552845528
23,3559,-143,0.0608108108108108
23,3560,-105,-42.9370860927152
23,3561,67,-42.9370860927152
23,3562,-24,109.166666666667
23,3563,-68,-20.8926174496644
23,3564,-20,-42.9370860927152
23,3565,-30,-20.8926174496644
23,3566,-46,-20.8926174496644
23,3567,-57,-42.9370860927152
23,3568,-42,-42.9370860927152
23,3569,4,-6.27536231884058
23,3570,1,0.0608108108108108
23,3571,22,0.0608108108108108
23,3572,87,83.1682242990654
23,3573,99,181.741935483871
23,3574,155,181.741935483871
23,3575,128,-23.3
23,3576,2,-236.135483870968
23,3577,-28,-110.582524271845
23,3578,39,-20.8926174496644
23,3579,-21,-20.3913043478261
23,3580,20,-20.8926174496644
23,3581,10,-20.3913043478261
23,3582,-112,0.0608108108108108
23,3583,24,-42.9370860927152
23,3584,-140,114.284552845528
23,3585,-32,-42.9370860927152
23,3586,-123,-42.9370860927152
23,3587,-48,-42.9370860927152
23,3588,-42,-6.27536231884058
23,3589,-39,-42.9370860927152
23,3590,-11,-6.27536231884058
23,3591,-5,0.0608108108108108
23,3592,2,0.0608108108108108
23,3593,42,0.0608108108108108
23,3594,114,83.1682242990654
23,3595,308,181.741935483871
23,3596,282,-175.6
23,3597,-458,-236.135483870968
23,3598,-104,-157.044303797468
23,3599,26,-38.2727272727273
23,3600,63,-20.3913043478261
23,3601,-52,-20.3157894736842
23,3602,28,-42.9370860927152
23,3603,-18,-20.3913043478261
23,3604,189,114.284552845528
23,3605,402,231.521739130435
23,3606,-15,-67.8636363636364
23,3607,-147,-157.044303797468
23,3608,-203,-124.87037037037
23,3609,-140,-86.5
23,3610,-92,13.6206896551724
23,3611,-80,-42.9370860927152
23,3612,-112,-42.9370860927152
23,3613,-17,-6.27536231884058
23,3614,-13,-13.2105263157895
23,3615,-2,0.0608108108108108
23,3616,0,0.0608108108108108
23,3617,39,0.0608108108108108
23,3618,149,83.1682242990654
23,3619,319,181.741935483871
23,3620,247,-175.6
23,3621,-427,-236.135483870968
23,3622,-106,-157.044303797468
23,3623,-3,-38.2727272727273
23,3624,24,0.0608108108108108
23,3625,40,-20.3913043478261
23,3626,-28,-20.3913043478261
23,3627,-116,26.6428571428571
23,3628,258,-6.27536231884058
23,3629,418,231.521739130435
23,3630,37,-67.8636363636364
23,3631,-243,-157.044303797468
23,3632,-162,-124.87037037037
23,3633,-100,13.6206896551724
23,3634,-95,-42.9370860927152
23,3635,-110,-42.9370860927152
23,3636,-100,-42.9370860927152
23,3637,-14,-6.27536231884058
23,3638,-20,-13.2105263157895
23,3639,-6,-20.8926174496644
23,3640,-3,0.0608108108108108
23,3641,45,0.0608108108108108
23,3642,136,181.741935483871
23,3643,302,181.741935483871
23,3644,194,-175.6
23,3645,-331,-236.135483870968
23,3646,-114,-110.582524271845
23,3647,-2,13.6206896551724
23,3648,50,0.0608108108108108
23,3649,-4,-20.3157894736842
23,3650,-17,0.0608108108108108
23,3651,32,26.6428571428571
23,3652,184,114.284552845528
23,3653,358,231.521739130435
23,3654,54,-67.8636363636364
23,3655,-239,-157.044303797468
23,3656,-139,-124.87037037037
23,3657,-193,13.6206896551724
23,3658,-32,-42.9370860927152
23,3659,-136,13.6206896551724
23,3660,-89,-42.9370860927152
23,3661,-21,-6.27536231884058
23,3662,-31,26.6428571428571
23,3663,-5,-6.27536231884058
23,3664,3,0.0608108108108108
23,3665,32,0.0608108108108108
23,3666,142,83.1682242990654
23,3667,290,212.911764705882
23,3668,266,-67.8636363636364
23,3669,-396,-236.135483870968
23,3670,-162,-157.044303797468
23,3671,45,-38.2727272727273
23,3672,60,-20.3157894736842
23,3673,24,-20.3157894736842
23,3674,-85,-20.3913043478261
23,3675,45,-6.27536231884058
23,3676,136,89.578125
23,3677,459,231.521739130435
23,3678,-98,-175.6
23,3679,-160,-157.044303797468
23,3680,-180,-124.87037037037
23,3681,-85,-86.5
23,3682,-80,-42.9370860927152
23,3683,-85,-42.9370860927152
23,3684,-106,-6.27536231884058
23,3685,-28,-6.27536231884058
23,3686,-29,-13.2105263157895
23,3687,-8,-20.8926174496644
23,3688,6,0.0608108108108108
23,3689,25,0.0608108108108108
23,3690,126,83.1682242990654
23,3691,258,181.741935483871
23,3692,247,-67.8636363636364
23,3693,-272,-236.135483870968
23,3694,-147,-157.044303797468
23,3695,14,-38.2727272727273
23,3696,75,28.75
23,3697,7,-20.3157894736842
23,3698,-14,0.0608108108108108
23,3699,49,0.0608108108108108
23,3700,112,89.578125
23,3701,249,231.521739130435
23,3702,-70,-175.6
23,3703,-202,-157.044303797468
23,3704,-80,-124.87037037037
23,3705,-111,13.6206896551724
23,3706,-76,-42.9370860927152
23,3707,-6,-42.9370860927152
23,3708,-35,0.0608108108108108
23,3709,-39,-6.27536231884058
23,3710,-38,-6.27536231884058
23,3711,-54,-6.27536231884058
23,3712,-17,-6.27536231884058
23,3713,4,-20.8926174496644
23,3714,32,0.0608108108108108
23,3715,18,28.75
23,3716,114,83.1682242990654
23,3717,97,181.741935483871
23,3718,118,-67.8636363636364
23,3719,74,89.578125
23,3720,77,-27.0625
23,3721,-20,41.6428571428571
23,3722,-55,-20.8926174496644
23,3723,17,-42.9370860927152
23,3724,-39,-20.3913043478261
23,3725,42,-42.9370860927152
23,3726,-2,-20.3913043478261
23,3727,-93,0.0608108108108108
23,3728,-85,-42.9370860927152
23,3729,-23,-42.9370860927152
23,3730,-20,-20.8926174496644
23,3731,-47,-20.8926174496644
23,3732,-69,-42.9370860927152
23,3733,-66,-6.27536231884058
23,3734,-14,-6.27536231884058
23,3735,-32,0.0608108108108108
23,3736,-27,-42.9370860927152
23,3737,5,-20.8926174496644
23,3738,0,0.0608108108108108
23,3739,49,0.0608108108108108
23,3740,40,181.741935483871
23,3741,121,83.1682242990654
23,3742,135,177.671755725191
23,3743,73,-175.6
23,3744,54,-110.582524271845
23,3745,32,-41.8333333333333
23,3746,3,-20.3913043478261
23,3747,-76,0.0608108108108108
23,3748,-29,-42.9370860927152
23,3749,-39,-20.8926174496644
23,3750,-153,-42.9370860927152
23,3751,-44,-42.9370860927152
23,3752,8,-42.9370860927152
23,3753,15,0.0608108108108108
23,3754,-51,28.75
23,3755,-70,-42.9370860927152
23,3756,-54,-6.27536231884058
23,3757,-22,-42.9370860927152
23,3758,-6,-20.8926174496644
23,3759,0,0.0608108108108108
23,3760,6,0.0608108108108108
23,3761,14,0.0608108108108108
23,3762,116,83.1682242990654
23,3763,266,181.741935483871
23,3764,198,-67.8636363636364
23,3765,-329,-236.135483870968
23,3766,-63,-157.044303797468
23,3767,47,13.6206896551724
23,3768,25,-20.3157894736842
23,3769,4,-20.3913043478261
23,3770,-2,0.0608108108108108
23,3771,-13,0.0608108108108108
23,3772,177,114.284552845528
23,3773,407,231.521739130435
23,3774,-15,-67.8636363636364
23,3775,-203,-157.044303797468
23,3776,-183,-124.87037037037
23,3777,-140,13.6206896551724
23,3778,-110,-42.9370860927152
23,3779,-94,-42.9370860927152
23,3780,-66,-42.9370860927152
23,3781,-29,-6.27536231884058
23,3782,-5,-13.2105263157895
23,3783,-7,0.0608108108108108
23,3784,3,0.0608108108108108
23,3785,27,0.0608108108108108
23,3786,143,83.1682242990654
23,3787,323,181.741935483871
23,3788,203,-67.8636363636364
23,3789,-378,-236.135483870968
23,3790,-77,-157.044303797468
23,3791,-36,13.6206896551724
23,3792,69,-42.9370860927152
23,3793,-30,-20.3157894736842
23,3794,8,-20.8926174496644
23,3795,45,26.6428571428571
23,3796,139,89.578125
23,3797,423,231.521739130435
23,3798,-54,-175.6
23,3799,-204,-157.044303797468
23,3800,-162,-124.87037037037
23,3801,-131,13.6206896551724
23,3802,-93,-42.9370860927152
23,3803,-86,-42.9370860927152
23,3804,-80,-42.9370860927152
23,3805,-35,-6.27536231884058
23,3806,-17,-6.27536231884058
23,3807,1,-20.8926174496644
23,3808,0,0.0608108108108108
23,3809,36,0.0608108108108108
23,3810,130,83.1682242990654
23,3811,309,181.741935483871
23,3812,255,-67.8636363636364
23,3813,-396,-236.135483870968
23,3814,-127,-157.044303797468
23,3815,25,-124.87037037037
23,3816,41,-20.3913043478261
23,3817,33,-20.3913043478261
23,3818,-77,-20.3913043478261
23,3819,42,-6.27536231884058
23,3820,163,114.284552845528
23,3821,417,231.521739130435
23,3822,4,-175.6
23,3823,-176,-157.044303797468
23,3824,-186,-124.87037037037
23,3825,-119,-86.5
23,3826,-148,-42.9370860927152
23,3827,-97,-42.9370860927152
23,3828,-69,-42.9370860927152
23,3829,-39,-6.27536231884058
23,3830,-14,-6.27536231884058
23,3831,-8,0.0608108108108108
23,3832,4,0.0608108108108108
23,3833,31,0.0608108108108108
23,3834,126,83.1682242990654
23,3835,308,181.741935483871
23,3836,223,-67.8636363636364
23,3837,-345,-236.135483870968
23,3838,-148,-157.044303797468
23,3839,55,-38.2727272727273
23,3840,17,-20.3157894736842
23,3841,4,-20.3913043478261
23,3842,-34,0.0608108108108108
23,3843,20,-6.27536231884058
23,3844,150,114.284552845528
23,3845,393,231.521739130435
23,3846,1,-67.8636363636364
23,3847,-188,-157.044303797468
23,3848,-145,-124.87037037037
23,3849,-142,-86.5
23,3850,-77,-42.9370860927152
23,3851,-103,-42.9370860927152
23,3852,-71,-42.9370860927152
23,3853,-44,-6.27536231884058
23,3854,-21,-6.27536231884058
23,3855,-11,-20.8926174496644
23,3856,-2,0.0608108108108108
23,3857,26,0.0608108108108108
23,3858,11,83.1682242990654
23,3859,89,83.1682242990654
23,3860,-14,181.741935483871
23,3861,101,0.0608108108108108
23,3862,-27,89.578125
23,3863,58,-20.8926174496644
23,3864,64,41.6428571428571
23,3865,-25,-20.3157894736842
23,3866,17,-20.8926174496644
23,3867,17,28.75
23,3868,143,83.1682242990654
23,3869,263,90.1538461538462
23,3870,-90,-67.8636363636364
23,3871,-148,-157.044303797468
23,3872,-122,-124.87037037037
23,3873,-84,-86.5
23,3874,-68,-42.9370860927152
23,3875,-26,-42.9370860927152
23,3876,-12,-20.8926174496644
23,3877,-64,-13.2105263157895
23,3878,-31,-6.27536231884058
23,3879,-64,-6.27536231884058
23,3880,-11,-6.27536231884058
23,3881,1,0.0608108108108108
23,3882,12,0.0608108108108108
23,3883,39,83.1682242990654
23,3884,100,83.1682242990654
23,3885,109,177.671755725191
23,3886,136,89.578125
23,3887,92,-236.135483870968
23,3888,47,-236.135483870968
23,3889,23,-41.8333333333333
23,3890,-31,-20.3913043478261
23,3891,24,-42.9370860927152
23,3892,-31,-20.3913043478261
23,3893,-19,-42.9370860927152
23,3894,-212,-20.8926174496644
23,3895,-25,-42.9370860927152
23,3896,-115,-20.8926174496644
23,3897,-32,-42.9370860927152
23,3898,40,-42.9370860927152
23,3899,-5,28.75
23,3900,-43,0.0608108108108108
23,3901,-7,-42.9370860927152
23,3902,-27,0.0608108108108108
23,3903,-38,-20.8926174496644
23,3904,-38,-42.9370860927152
23,3905,0,-42.9370860927152
23,3906,6,0.0608108108108108
23,3907,23,0.0608108108108108
23,3908,80,83.1682242990654
23,3909,98,177.671755725191
23,3910,111,181.741935483871
23,3911,121,89.578125
23,3912,56,-236.135483870968
23,3913,38,-27.0625
23,3914,36,28.75
23,3915,-2,-20.3913043478261
23,3916,-64,0.0608108108108108
23,3917,-8,-42.9370860927152
23,3918,-14,0.0608108108108108
23,3919,-26,0.0608108108108108
23,3920,-165,-20.8926174496644
23,3921,-80,-42.9370860927152
23,3922,-39,-6.27536231884058
23,3923,-71,-42.9370860927152
23,3924,-63,-42.9370860927152
23,3925,-33,-42.9370860927152
23,3926,-5,-6.27536231884058
23,3927,-3,0.0608108108108108
23,3928,5,0.0608108108108108
23,3929,25,0.0608108108108108
23,3930,123,83.1682242990654
23,3931,277,181.741935483871
23,3932,237,-67.8636363636364
23,3933,-368,-236.135483870968
23,3934,-106,-157.044303797468
23,3935,46,-38.2727272727273
23,3936,31,-20.3157894736842
23,3937,-22,-20.3913043478261
23,3938,-6,-20.8926174496644
23,3939,26,0.0608108108108108
23,3940,190,114.284552845528
23,3941,354,231.521739130435
23,3942,-6,-67.8636363636364
23,3943,-257,-157.044303797468
23,3944,-123,-124.87037037037
23,3945,-142,13.6206896551724
23,3946,-98,-42.9370860927152
23,3947,-64,-42.9370860927152
23,3948,-68,-42.9370860927152
23,3949,-33,-6.27536231884058
23,3950,-16,-6.27536231884058
23,3951,-8,-20.8926174496644
23,3952,2,0.0608108108108108
23,3953,31,0.0608108108108108
23,3954,28,83.1682242990654
23,3955,115,83.1682242990654
23,3956,439,177.671755725191
23,3957,-216,-67.8636363636364
23,3958,-194,-157.044303797468
23,3959,-12,-38.2727272727273
23,3960,104,0.0608108108108108
23,3961,-14,-20.3157894736842
23,3962,-31,0.0608108108108108
23,3963,28,-6.27536231884058
23,3964,175,28.75
23,3965,354,175.117647058824
23,3966,42,-67.8636363636364
23,3967,-227,-157.044303797468
23,3968,-191,-124.87037037037
23,3969,-128,13.6206896551724
23,3970,-119,13.6206896551724
23,3971,-22,-42.9370860927152
23,3972,-107,-20.8926174496644
23,3973,-23,-6.27536231884058
23,3974,-29,-13.2105263157895
23,3975,3,-20.8926174496644
23,3976,-7,0.0608108108108108
23,3977,35,0.0608108108108108
23,3978,133,83.1682242990654
23,3979,320,181.741935483871
23,3980,190,-67.8636363636364
23,3981,-315,-236.135483870968
23,3982,-134,-110.582524271845
23,3983,2,13.6206896551724
23,3984,72,0.0608108108108108
23,3985,-13,-20.3157894736842
23,3986,-39,0.0608108108108108
23,3987,11,-6.27536231884058
23,3988,165,114.284552845528
23,3989,420,231.521739130435
23,3990,-3,-67.8636363636364
23,3991,-199,-157.044303797468
23,3992,-222,-124.87037037037
23,3993,-112,13.6206896551724
23,3994,-89,13.6206896551724
23,3995,-88,-42.9370860927152
23,3996,-62,-42.9370860927152
23,3997,-55,-6.27536231884058
23,3998,-6,-6.27536231884058
23,3999,-11,0.0608108108108108
23,4000,1,0.0608108108108108
23,4001,32,0.0608108108108108
23,4002,128,83.1682242990654
23,4003,299,181.741935483871
23,4004,218,-67.8636363636364
23,4005,-345,-236.135483870968
23,4006,-138,-157.044303797468
23,4007,75,-38.2727272727273
23,4008,69,-20.3157894736842
23,4009,-43,-20.3157894736842
23,4010,-52,-42.9370860927152
23,4011,12,-6.27536231884058
23,4012,159,114.284552845528
23,4013,478,231.521739130435
23,4014,-65,-67.8636363636364
23,4015,-155,-157.044303797468
23,4016,-163,-124.87037037037
23,4017,-158,-86.5
23,4018,-102,-42.9370860927152
23,4019,-28,-42.9370860927152
23,4020,-138,-20.8926174496644
23,4021,-34,-6.27536231884058
23,4022,-35,-6.27536231884058
23,4023,-13,-6.27536231884058
23,4024,3,0.0608108108108108
23,4025,27,0.0608108108108108
23,4026,121,83.1682242990654
23,4027,222,181.741935483871
23,4028,289,-67.8636363636364
23,4029,-290,-236.135483870968
23,4030,-147,-157.044303797468
23,4031,72,-38.2727272727273
23,4032,62,-20.3157894736842
23,4033,-8,-20.3157894736842
23,4034,-29,0.0608108108108108
23,4035,55,-20.8926174496644
23,4036,105,89.578125
23,4037,303,231.521739130435
23,4038,-122,-119.21875
23,4039,-178,-157.044303797468
23,4040,-132,-124.87037037037
23,4041,-104,-86.5
23,4042,-42,-42.9370860927152
23,4043,-92,-42.9370860927152
23,4044,-16,-6.27536231884058
23,4045,-13,-20.8926174496644
23,4046,-49,-13.2105263157895
23,4047,-13,-6.27536231884058
23,4048,-17,0.0608108108108108
23,4049,-4,-20.8926174496644
23,4050,18,0.0608108108108108
23,4051,37,83.1682242990654
23,4052,125,83.1682242990654
23,4053,103,181.741935483871
23,4054,188,-67.8636363636364
23,4055,56,-23.3
23,4056,118,-110.582524271845
23,4057,-10,-41.8333333333333
23,4058,-46,-27.0625
23,4059,-2,-42.9370860927152
23,4060,45,0.0608108108108108
23,4061,-6,-20.3157894736842
23,4062,-81,0.0608108108108108
23,4063,-66,-42.9370860927152
23,4064,-147,-42.9370860927152
23,4065,-3,-42.9370860927152
23,4066,-77,0.0608108108108108
23,4067,-26,-42.9370860927152
23,4068,-48,-20.8926174496644
23,4069,-56,-6.27536231884058
23,4070,-12,-6.27536231884058
23,4071,-64,0.0608108108108108
23,4072,-29,-6.27536231884058
23,4073,-15,-20.8926174496644
23,4074,9,-20.8926174496644
23,4075,21,0.0608108108108108
23,4076,83,83.1682242990654
23,4077,146,177.671755725191
23,4078,155,-23.3
23,4079,-153,-236.135483870968
23,4080,26,-110.582524271845
23,4081,-136,83.1682242990654
23,4082,-13,-42.9370860927152
23,4083,127,0.0608108108108108
23,4084,80,-20.3157894736842
23,4085,-13,-110.582524271845
23,4086,34,26.6428571428571
23,4087,-36,114.284552845528
23,4088,-67,-42.9370860927152
23,4089,-84,-42.9370860927152
23,4090,-134,-42.9370860927152
23,4091,-10,-42.9370860927152
23,4092,-20,0.0608108108108108
23,4093,-16,-20.8926174496644
23,4094,-5,-20.8926174496644
23,4095,-2,0.0608108108108108
23,4096,4,0.0608108108108108
23,4097,30,0.0608108108108108
23,4098,124,83.1682242990654
23,4099,281,177.671755725191
23,4100,213,-67.8636363636364
23,4101,-298,-236.135483870968
23,4102,-164,-157.044303797468
23,4103,48,-38.2727272727273
23,4104,41,-20.3157894736842
23,4105,9,-20.3913043478261
23,4106,-16,0.0608108108108108
23,4107,34,-20.8926174496644
23,4108,151,114.284552845528
23,4109,433,231.521739130435
23,4110,-78,-67.8636363636364
23,4111,-516,-157.044303797468
23,4112,-38,-124.87037037037
23,4113,-16,13.6206896551724
23,4114,-84,-20.8926174496644
23,4115,-59,-42.9370860927152
23,4116,-43,-6.27536231884058
23,4117,-26,-6.27536231884058
23,4118,-25,-13.2105263157895
23,4119,-5,-20.8926174496644
23,4120,1,0.0608108108108108
23,4121,30,0.0608108108108108
23,4122,135,83.1682242990654
23,4123,350,181.741935483871
23,4124,204,-67.8636363636364
23,4125,-395,-236.135483870968
23,4126,-150,-157.044303797468
23,4127,78,13.6206896551724
23,4128,49,-20.3157894736842
23,4129,26,-20.3157894736842
23,4130,-29,-20.3913043478261
23,4131,0,26.6428571428571
23,4132,165,114.284552845528
23,4133,411,231.521739130435
23,4134,-253,-67.8636363636364
23,4135,-149,-157.044303797468
23,4136,-118,-124.87037037037
23,4137,-78,-86.5
23,4138,-48,-42.9370860927152
23,4139,-96,-42.9370860927152
23,4140,-81,-6.27536231884058
23,4141,-34,-6.27536231884058
23,4142,-4,-6.27536231884058
23,4143,-10,0.0608108108108108
23,4144,1,0.0608108108108108
23,4145,32,0.0608108108108108
23,4146,147,83.1682242990654
23,4147,366,181.741935483871
23,4148,187,-67.8636363636364
23,4149,-364,-236.135483870968
23,4150,-151,-110.582524271845
23,4151,42,13.6206896551724
23,4152,45,28.75
23,4153,4,-20.3157894736842
23,4154,-50,0.0608108108108108
23,4155,50,-6.27536231884058
23,4156,144,89.578125
23,4157,323,231.521739130435
23,4158,-100,-175.6
23,4159,-103,-157.044303797468
23,4160,-189,-124.87037037037
23,4161,-40,-86.5
23,4162,-70,-42.9370860927152
23,4163,-141,-42.9370860927152
23,4164,-80,-6.27536231884058
23,4165,-35,-6.27536231884058
23,4166,-5,-6.27536231884058
23,4167,-11,0.0608108108108108
23,4168,-3,0.0608108108108108
23,4169,31,0.0608108108108108
23,4170,155,83.1682242990654
23,4171,289,212.911764705882
23,4172,226,-67.8636363636364
23,4173,-295,-236.135483870968
23,4174,-179,-157.044303797468
23,4175,45,-38.2727272727273
23,4176,54,-20.3157894736842
23,4177,14,-20.3157894736842
23,4178,-41,-20.3913043478261
23,4179,0,-6.27536231884058
23,4180,160,114.284552845528
23,4181,355,231.521739130435
23,4182,121,-67.8636363636364
23,4183,-308,-236.135483870968
23,4184,-159,-27.0625
23,4185,-145,13.6206896551724
23,4186,-131,-42.9370860927152
23,4187,-41,-42.9370860927152
23,4188,-46,-42.9370860927152
23,4189,-69,-6.27536231884058
23,4190,-26,-6.27536231884058
23,4191,-8,-20.8926174496644
23,4192,0,0.0608108108108108
23,4193,30,0.0608108108108108
23,4194,113,83.1682242990654
23,4195,274,181.741935483871
23,4196,319,-67.8636363636364
23,4197,-355,-236.135483870968
23,4198,-127,-157.044303797468
23,4199,19,-38.2727272727273
23,4200,90,28.75
23,4201,-20,-20.3157894736842
23,4202,-13,-20.8926174496644
23,4203,12,0.0608108108108108
23,4204,165,114.284552845528
23,4205,297,231.521739130435
23,4206,-76,-67.8636363636364
23,4207,-200,-157.044303797468
23,4208,-173,-124.87037037037
23,4209,-57,13.6206896551724
23,4210,-55,-42.9370860927152
23,4211,-73,-42.9370860927152
23,4212,-43,-6.27536231884058
23,4213,-20,-6.27536231884058
23,4214,-36,-13.2105263157895
23,4215,-41,-42.9370860927152
23,4216,-26,-42.9370860927152
23,4217,2,-20.8926174496644
23,4218,16,0.0608108108108108
23,4219,72,83.1682242990654
23,4220,60,141.095890410959
23,4221,126,181.741935483871
23,4222,154,-23.3
23,4223,15,-236.135483870968
23,4224,127,-110.582524271845
23,4225,-67,-41.8333333333333
23,4226,-35,-110.582524271845
23,4227,-249,-42.9370860927152
23,4228,201,-42.9370860927152
23,4229,-31,-20.3157894736842
23,4230,-20,-157.044303797468
23,4231,-29,-13.2105263157895
23,4232,-113,-20.8926174496644
23,4233,-33,-6.27536231884058
23,4234,-26,-42.9370860927152
23,4235,-24,-20.8926174496644
23,4236,-24,-20.8926174496644
23,4237,0,26.6428571428571
23,4238,-18,0.0608108108108108
23,4239,-63,-20.8926174496644
23,4240,-37,-42.9370860927152
23,4241,0,-42.9370860927152
23,4242,5,0.0608108108108108
23,4243,13,0.0608108108108108
23,4244,99,83.1682242990654
23,4245,130,177.671755725191
23,4246,122,181.741935483871
23,4247,97,-236.135483870968
23,4248,144,-236.135483870968
23,4249,-85,41.6428571428571
23,4250,-164,-110.582524271845
23,4251,14,-42.9370860927152
23,4252,-218,-20.3913043478261
23,4253,60,-42.9370860927152
23,4254,31,-20.3157894736842
23,4255,28,-20.3913043478261
23,4256,-81,28.75
23,4257,-45,-42.9370860927152
23,4258,-52,-6.27536231884058
23,4259,-34,-42.9370860927152
23,4260,-48,-42.9370860927152
23,4261,-25,-42.9370860927152
23,4262,1,-20.8926174496644
23,4263,-4,0.0608108108108108
23,4264,8,0.0608108108108108
23,4265,24,0.0608108108108108
23,4266,109,83.1682242990654
23,4267,288,181.741935483871
23,4268,266,-67.8636363636364
23,4269,-357,-236.135483870968
23,4270,-136,-157.044303797468
23,4271,23,-38.2727272727273
23,4272,54,28.75
23,4273,5,-20.3157894736842
23,4274,-42,0.0608108108108108
23,4275,36,-6.27536231884058
23,4276,162,114.284552845528
23,4277,401,231.521739130435
23,4278,-11,-67.8636363636364
23,4279,-261,-157.044303797468
23,4280,-157,-124.87037037037
23,4281,-138,13.6206896551724
23,4282,-117,-42.9370860927152
23,4283,-47,-42.9370860927152
23,4284,-76,-42.9370860927152
23,4285,-17,-6.27536231884058
23,4286,-6,-13.2105263157895
23,4287,-11,0.0608108108108108
23,4288,4,0.0608108108108108
23,4289,34,0.0608108108108108
23,4290,105,83.1682242990654
23,4291,122,181.741935483871
23,4292,424,138.628571428571
23,4293,-298,-236.135483870968
23,4294,-191,-157.044303797468
23,4295,14,-38.2727272727273
23,4296,79,-20.3913043478261
23,4297,-9,-20.3157894736842
23,4298,-37,0.0608108108108108
23,4299,66,-6.27536231884058
23,4300,163,89.578125
23,4301,384,231.521739130435
23,4302,-46,-236.135483870968
23,4303,-221,-157.044303797468
23,4304,-162,-124.87037037037
23,4305,-121,13.6206896551724
23,4306,-98,-42.9370860927152
23,4307,-107,-42.9370860927152
23,4308,-62,-42.9370860927152
23,4309,-33,-6.27536231884058
23,4310,-8,-6.27536231884058
23,4311,3,0.0608108108108108
23,4312,1,0.0608108108108108
23,4313,30,0.0608108108108108
23,4314,141,83.1682242990654
23,4315,373,181.741935483871
23,4316,254,-67.8636363636364
23,4317,-460,-236.135483870968
23,4318,-170,-157.044303797468
23,4319,75,-124.87037037037
23,4320,107,-20.3157894736842
23,4321,-60,-20.3157894736842
23,4322,1,-42.9370860927152
23,4323,37,26.6428571428571
23,4324,155,114.284552845528
23,4325,377,231.521739130435
23,4326,-58,-67.8636363636364
23,4327,-169,-157.044303797468
23,4328,-216,-124.87037037037
23,4329,-114,-86.5
23,4330,-78,13.6206896551724
23,4331,-78,-42.9370860927152
23,4332,-92,-42.9370860927152
23,4333,-42,-6.27536231884058
23,4334,-6,-6.27536231884058
23,4335,-12,0.0608108108108108
23,4336,3,0.0608108108108108
23,4337,27,0.0608108108108108
23,4338,128,83.1682242990654
23,4339,369,181.741935483871
23,4340,222,-67.8636363636364
23,4341,-358,-236.135483870968
23,4342,-162,-157.044303797468
24,1,50,76.9
24,2,29,143.336538461538
24,3,132,76.9
24,4,73,1.27272727272727
24,5,37,-51.9166666666667
24,6,7,27.2063492063492
24,7,47,1.08121827411168
24,8,7,3.13636363636364
24,9,71,1.08121827411168
24,10,-73,3.13636363636364
24,11,72,-43.3966666666667
24,12,-116,3.13636363636364
24,13,-116,-43.3966666666667
24,14,-110,-43.3966666666667
24,15,-38,-43.3966666666667
24,16,-46,-4.91111111111111
24,17,-32,-43.3966666666667
24,18,-5,-18.7885462555066
24,19,-8,1.08121827411168
24,20,-19,1.08121827411168
24,21,3,-18.7885462555066
24,22,32,1.08121827411168
24,23,81,76.9
24,24,253,178.774928774929
24,25,287,-155.15
24,26,-375,-266.258620689655
24,27,-129,-159.10582010582
24,28,25,-13.8
24,29,101,27.2063492063492
24,30,22,-41.3846153846154
24,31,-84,-24.0181818181818
24,32,6,-4.91111111111111
24,33,82,117.846153846154
24,34,359,246.40127388535
24,35,20,-59.7
24,36,-226,-159.10582010582
24,37,-237,-137.933333333333
24,38,-35,12.4333333333333
24,39,-93,-18.7885462555066
24,40,-45,-43.3966666666667
24,41,-38,-43.3966666666667
24,42,-5,-4.91111111111111
24,43,2,7
24,44,-3,7
24,45,-1,1.08121827411168
24,46,14,1.08121827411168
24,47,84,76.9
24,48,185,178.774928774929
24,49,295,176.944444444444
24,50,-314,-266.258620689655
24,51,-129,-159.10582010582
24,52,37,-13.8
24,53,45,27.2063492063492
24,54,-9,45.0869565217391
24,55,-27,1.08121827411168
24,56,16,-18.7885462555066
24,57,105,117.846153846154
24,58,309,246.40127388535
24,59,30,-59.7
24,60,-227,-159.10582010582
24,61,-123,-137.933333333333
24,62,-73,12.4333333333333
24,63,-87,-43.3966666666667
24,64,-70,-43.3966666666667
24,65,-34,-43.3966666666667
24,66,-22,-18.7885462555066
24,67,-5,7
24,68,2,1.08121827411168
24,69,-4,1.08121827411168
24,70,39,1.08121827411168
24,71,75,76.9
24,72,243,178.774928774929
24,73,300,178.774928774929
24,74,-344,-266.258620689655
24,75,-141,-159.10582010582
24,76,49,-13.8
24,77,46,45.0869565217391
24,78,5,-41.3846153846154
24,79,-52,1.08121827411168
24,80,-22,-4.91111111111111
24,81,22,117.846153846154
24,82,383,153.1
24,83,37,45.0869565217391
24,84,-185,-159.10582010582
24,85,-94,-137.933333333333
24,86,-101,-43.3966666666667
24,87,-89,-43.3966666666667
24,88,-79,-43.3966666666667
24,89,-45,-43.3966666666667
24,90,-15,-4.91111111111111
24,91,-27,7
24,92,-1,-18.7885462555066
24,93,4,1.08121827411168
24,94,23,1.08121827411168
24,95,85,76.9
24,96,250,178.774928774929
24,97,287,178.774928774929
24,98,-333,-266.258620689655
24,99,-155,-159.10582010582
24,100,54,-13.8
24,101,72,45.0869565217391
24,102,-19,-41.3846153846154
24,103,-35,-18.7885462555066
24,104,69,-18.7885462555066
24,105,81,157.217391304348
24,106,315,246.40127388535
24,107,-22,-68.4545454545455
24,108,-213,-159.10582010582
24,109,-133,-137.933333333333
24,110,-111,12.4333333333333
24,111,-72,-43.3966666666667
24,112,-58,-43.3966666666667
24,113,-35,-43.3966666666667
24,114,-32,-18.7885462555066
24,115,-20,7
24,116,0,-18.7885462555066
24,117,-5,1.08121827411168
24,118,24,1.08121827411168
24,119,60,76.9
24,120,203,143.336538461538
24,121,304,178.774928774929
24,122,-272,-266.258620689655
24,123,-134,-159.10582010582
24,124,14,-13.8
24,125,69,27.2063492063492
24,126,-28,-41.3846153846154
24,127,-13,-18.7885462555066
24,128,51,1.08121827411168
24,129,87,157.217391304348
24,130,239,246.40127388535
24,131,-46,-68.4545454545455
24,132,-165,-159.10582010582
24,133,-186,-95.6764705882353
24,134,11,-43.3966666666667
24,135,-67,-4.5
24,136,-30,-43.3966666666667
24,137,-31,-18.7885462555066
24,138,-10,-18.7885462555066
24,139,-13,7
24,140,-38,7
24,141,-23,-43.3966666666667
24,142,-3,-18.7885462555066
24,143,18,1.08121827411168
24,144,21,76.9
24,145,101,76.9
24,146,78,178.774928774929
24,147,90,88.4571428571429
24,148,150,88.4571428571429
24,149,158,-155.15
24,150,17,-223.045454545455
24,151,-87,-109.460317460317
24,152,54,-43.3966666666667
24,153,-70,-41.3846153846154
24,154,8,-43.3966666666667
24,155,-202,1.08121827411168
24,156,-57,-43.3966666666667
24,157,-76,12.4333333333333
24,158,-65,-43.3966666666667
24,159,13,-43.3966666666667
24,160,-44,27.2063492063492
24,161,-45,-4.91111111111111
24,162,-5,-43.3966666666667
24,163,19,1.08121827411168
24,164,-56,76.9
24,165,-13,-43.3966666666667
24,166,6,1.08121827411168
24,167,79,1.08121827411168
24,168,-13,178.774928774929
24,169,41,1.08121827411168
24,170,150,27.2063492063492
24,171,85,1.27272727272727
24,172,91,-223.045454545455
24,173,-6,3.13636363636364
24,174,19,1.08121827411168
24,175,97,27.2063492063492
24,176,12,45.0869565217391
24,177,-62,-24.0181818181818
24,178,44,-43.3966666666667
24,179,-123,-41.3846153846154
24,180,-86,-43.3966666666667
24,181,-114,-43.3966666666667
24,182,-98,-43.3966666666667
24,183,-66,-43.3966666666667
24,184,-5,-43.3966666666667
24,185,-46,1.08121827411168
24,186,-12,-4.91111111111111
24,187,0,1.08121827411168
24,188,-1,1.08121827411168
24,189,20,1.08121827411168
24,190,86,76.9
24,191,196,176.944444444444
24,192,283,178.774928774929
24,193,-272,-266.258620689655
24,194,-113,-159.10582010582
24,195,5,-13.8
24,196,72,1.08121827411168
24,197,0,-41.3846153846154
24,198,-13,1.08121827411168
24,199,56,1.08121827411168
24,200,71,157.217391304348
24,201,334,246.40127388535
24,202,-111,-68.4545454545455
24,203,-124,-159.10582010582
24,204,-165,-137.933333333333
24,205,-91,-43.3966666666667
24,206,-115,-43.3966666666667
24,207,-57,-43.3966666666667
24,208,-33,-4.91111111111111
24,209,-22,-18.7885462555066
24,210,-6,-18.7885462555066
24,211,-2,7
24,212,-2,1.08121827411168
24,213,26,1.08121827411168
24,214,73,76.9
24,215,241,178.774928774929
24,216,263,178.774928774929
24,217,-196,-266.258620689655
24,218,-189,-159.10582010582
24,219,39,-13.8
24,220,73,27.2063492063492
24,221,14,-41.3846153846154
24,222,-34,-24.0181818181818
24,223,5,-18.7885462555066
24,224,169,117.846153846154
24,225,272,246.40127388535
24,226,43,-68.3461538461538
24,227,-242,-159.10582010582
24,228,-179,-137.933333333333
24,229,-136,12.4333333333333
24,230,-85,-43.3966666666667
24,231,-79,-43.3966666666667
24,232,-38,-43.3966666666667
24,233,-30,-4.91111111111111
24,234,-6,7
24,235,-2,7
24,236,-2,1.08121827411168
24,237,26,1.08121827411168
24,238,99,76.9
24,239,240,178.774928774929
24,240,318,178.774928774929
24,241,-321,-266.258620689655
24,242,-196,-159.10582010582
24,243,46,-13.8
24,244,70,45.0869565217391
24,245,-32,-41.3846153846154
24,246,7,-18.7885462555066
24,247,10,1.08121827411168
24,248,122,117.846153846154
24,249,354,246.40127388535
24,250,15,-68.3461538461538
24,251,-265,-159.10582010582
24,252,-122,-137.933333333333
24,253,-74,12.4333333333333
24,254,-117,-43.3966666666667
24,255,-50,-43.3966666666667
24,256,-86,-43.3966666666667
24,257,-32,-4.91111111111111
24,258,5,7
24,259,-13,1.08121827411168
24,260,-4,1.08121827411168
24,261,28,1.08121827411168
24,262,97,76.9
24,263,228,178.774928774929
24,264,284,178.774928774929
24,265,-287,-266.258620689655
24,266,-105,-159.10582010582
24,267,22,-13.8
24,268,8,27.2063492063492
24,269,15,1.08121827411168
24,270,-4,-24.0181818181818
24,271,-18,1.08121827411168
24,272,133,117.846153846154
24,273,420,246.40127388535
24,274,-124,-68.3461538461538
24,275,-211,-159.10582010582
24,276,-175,-137.933333333333
24,277,-78,12.4333333333333
24,278,-85,-43.3966666666667
24,279,-13,-43.3966666666667
24,280,-75,1.08121827411168
24,281,-23,-4.91111111111111
24,282,-27,7
24,283,-3,7
24,284,-3,1.08121827411168
24,285,18,1.08121827411168
24,286,57,76.9
24,287,166,143.336538461538
24,288,262,178.774928774929
24,289,-132,-266.258620689655
24,290,-138,-159.10582010582
24,291,53,-13.8
24,292,46,45.0869565217391
24,293,74,-41.3846153846154
24,294,79,3.13636363636364
24,295,47,3.13636363636364
24,296,-1,157.217391304348
24,297,119,1.08121827411168
24,298,-171,-155.15
24,299,-72,-51.9166666666667
24,300,-160,-43.3966666666667
24,301,-62,-43.3966666666667
24,302,-32,-43.3966666666667
24,303,-45,-18.7885462555066
24,304,-19,-4.91111111111111
24,305,-25,7
24,306,-33,-18.7885462555066
24,307,-8,-18.7885462555066
24,308,-21,1.08121827411168
24,309,-5,-18.7885462555066
24,310,17,1.08121827411168
24,311,35,76.9
24,312,69,76.9
24,313,153,143.336538461538
24,314,87,1.27272727272727
24,315,132,-223.045454545455
24,316,95,-155.15
24,317,53,-166.32
24,318,-65,3.13636363636364
24,319,48,-43.3966666666667
24,320,-11,3.13636363636364
24,321,-48,1.08121827411168
24,322,-50,-43.3966666666667
24,323,-104,-43.3966666666667
24,324,-205,-43.3966666666667
24,325,26,-43.3966666666667
24,326,-52,-4.5
24,327,-64,-43.3966666666667
24,328,-33,-43.3966666666667
24,329,-21,-18.7885462555066
24,330,-32,-18.7885462555066
24,331,-6,7
24,332,-19,1.08121827411168
24,333,5,-18.7885462555066
24,334,16,1.08121827411168
24,335,9,76.9
24,336,47,1.08121827411168
24,337,95,143.336538461538
24,338,120,100.5
24,339,105,1.27272727272727
24,340,53,-166.32
24,341,26,3.13636363636364
24,342,20,27.2063492063492
24,343,-17,-24.0181818181818
24,344,-10,-18.7885462555066
24,345,-65,1.08121827411168
24,346,-101,-43.3966666666667
24,347,-34,-43.3966666666667
24,348,-65,-18.7885462555066
24,349,-81,-43.3966666666667
24,350,-12,-43.3966666666667
24,351,-67,1.08121827411168
24,352,-14,-4.91111111111111
24,353,-21,1.08121827411168
24,354,-10,-18.7885462555066
24,355,-3,1.08121827411168
24,356,2,1.08121827411168
24,357,27,1.08121827411168
24,358,79,76.9
24,359,220,178.774928774929
24,360,286,178.774928774929
24,361,-331,-266.258620689655
24,362,-108,-159.10582010582
24,363,45,-13.8
24,364,57,45.0869565217391
24,365,1,-41.3846153846154
24,366,-63,1.08121827411168
24,367,37,-4.91111111111111
24,368,136,117.846153846154
24,369,241,246.40127388535
24,370,14,-68.3461538461538
24,371,-225,-159.10582010582
24,372,-145,-95.6764705882353
24,373,-111,12.4333333333333
24,374,-57,-43.3966666666667
24,375,-41,-43.3966666666667
24,376,-41,-43.3966666666667
24,377,-17,-4.91111111111111
24,378,-7,7
24,379,0,1.08121827411168
24,380,0,1.08121827411168
24,381,22,1.08121827411168
24,382,79,76.9
24,383,281,178.774928774929
24,384,308,178.774928774929
24,385,-373,-266.258620689655
24,386,-138,-159.10582010582
24,387,58,-13.8
24,388,20,45.0869565217391
24,389,24,-24.0181818181818
24,390,-59,-24.0181818181818
24,391,-21,-4.91111111111111
24,392,159,117.846153846154
24,393,382,246.40127388535
24,394,-40,-68.3461538461538
24,395,-225,-159.10582010582
24,396,-197,-137.933333333333
24,397,-76,12.4333333333333
24,398,-79,-43.3966666666667
24,399,-65,-43.3966666666667
24,400,-32,-43.3966666666667
24,401,-18,-18.7885462555066
24,402,-10,7
24,403,0,7
24,404,25,1.08121827411168
24,405,79,76.9
24,406,215,178.774928774929
24,407,274,178.774928774929
24,408,-293,-266.258620689655
24,409,-149,-159.10582010582
24,410,27,-13.8
24,411,2,27.2063492063492
24,412,-19,1.08121827411168
24,413,-28,-18.7885462555066
24,414,67,-18.7885462555066
24,415,105,143.336538461538
24,416,272,246.40127388535
24,417,6,-68.4545454545455
24,418,-201,-159.10582010582
24,419,-149,-13.8
24,420,-70,12.4333333333333
24,421,-31,-43.3966666666667
24,422,-73,-18.7885462555066
24,423,-38,-43.3966666666667
24,424,-14,-4.91111111111111
24,425,-5,7
24,426,1,1.08121827411168
24,427,-4,1.08121827411168
24,428,20,1.08121827411168
24,429,75,76.9
24,430,210,178.774928774929
24,431,318,178.774928774929
24,432,-337,-266.258620689655
24,433,-146,-159.10582010582
24,434,83,-13.8
24,435,35,45.0869565217391
24,436,-56,-24.0181818181818
24,437,21,-43.3966666666667
24,438,-13,-24.0181818181818
24,439,142,117.846153846154
24,440,303,246.40127388535
24,441,-46,-68.3461538461538
24,442,-177,-159.10582010582
24,443,-153,-137.933333333333
24,444,-93,-43.3966666666667
24,445,-29,-43.3966666666667
24,446,-64,-18.7885462555066
24,447,-39,-43.3966666666667
24,448,-25,-4.91111111111111
24,449,-19,7
24,450,0,-18.7885462555066
24,451,-6,1.08121827411168
24,452,16,1.08121827411168
24,453,63,76.9
24,454,212,143.336538461538
24,455,267,178.774928774929
24,456,-233,-266.258620689655
24,457,-138,-159.10582010582
24,458,41,-13.8
24,459,89,27.2063492063492
24,460,36,45.0869565217391
24,461,-10,-24.0181818181818
24,462,4,1.08121827411168
24,463,111,117.846153846154
24,464,275,246.40127388535
24,465,-67,-68.3461538461538
24,466,-244,-159.10582010582
24,467,-141,-137.933333333333
24,468,-97,12.4333333333333
24,469,26,-43.3966666666667
24,470,-17,-24.0181818181818
24,471,-102,-18.7885462555066
24,472,-26,-4.91111111111111
24,473,-14,117.846153846154
24,474,-24,1.08121827411168
24,475,-18,-18.7885462555066
24,476,-7,-18.7885462555066
24,477,14,1.08121827411168
24,478,43,76.9
24,479,96,143.336538461538
24,480,105,178.774928774929
24,481,141,88.4571428571429
24,482,158,1.27272727272727
24,483,114,-223.045454545455
24,484,0,-223.045454545455
24,485,-18,-51.9166666666667
24,486,-2,-18.7885462555066
24,487,-76,1.08121827411168
24,488,-22,-43.3966666666667
24,489,-79,-18.7885462555066
24,490,-22,-43.3966666666667
24,491,-138,-18.7885462555066
24,492,-101,-43.3966666666667
24,493,-8,-4.91111111111111
24,494,-16,1.08121827411168
24,495,-72,-18.7885462555066
24,496,-18,-43.3966666666667
24,497,-32,-18.7885462555066
24,498,-29,-18.7885462555066
24,499,-33,-18.7885462555066
24,500,-2,-18.7885462555066
24,501,6,1.08121827411168
24,502,30,1.08121827411168
24,503,51,76.9
24,504,154,143.336538461538
24,505,170,178.774928774929
24,506,107,-223.045454545455
24,507,107,-223.045454545455
24,508,46,-155.15
24,509,-53,3.13636363636364
24,510,-11,-43.3966666666667
24,511,-1,1.08121827411168
24,512,7,1.08121827411168
24,513,-144,1.08121827411168
24,514,-100,-43.3966666666667
24,515,-88,-43.3966666666667
24,516,-62,-43.3966666666667
24,517,-95,-43.3966666666667
24,518,-44,-43.3966666666667
24,519,-49,-4.91111111111111
24,520,-13,-4.91111111111111
24,521,-14,1.08121827411168
24,522,-6,1.08121827411168
24,523,-2,1.08121827411168
24,524,32,1.08121827411168
24,525,95,76.9
24,526,254,178.774928774929
24,527,210,178.774928774929
24,528,-300,-266.258620689655
24,529,-73,-159.10582010582
24,530,27,12.4333333333333
24,531,20,27.2063492063492
24,532,-8,-24.0181818181818
24,533,25,1.08121827411168
24,534,-13,-24.0181818181818
24,535,83,117.846153846154
24,536,354,246.40127388535
24,537,-36,-59.7
24,538,-154,-159.10582010582
24,539,-147,-137.933333333333
24,540,-104,-43.3966666666667
24,541,-57,-43.3966666666667
24,542,-93,-43.3966666666667
24,543,-78,-43.3966666666667
24,544,-32,-4.91111111111111
24,545,-7,-18.7885462555066
24,546,2,1.08121827411168
24,547,3,1.08121827411168
24,548,21,1.08121827411168
24,549,114,76.9
24,550,317,178.774928774929
24,551,212,-68.3461538461538
24,552,-273,-266.258620689655
24,553,-183,-159.10582010582
24,554,22,12.4333333333333
24,555,5,27.2063492063492
24,556,-5,1.08121827411168
24,557,18,1.08121827411168
24,558,51,-24.0181818181818
24,559,62,143.336538461538
24,560,411,246.40127388535
24,561,-6,-155.15
24,562,-238,-159.10582010582
24,563,-135,-137.933333333333
24,564,-105,12.4333333333333
24,565,-135,-43.3966666666667
24,566,-80,-43.3966666666667
24,567,-44,-43.3966666666667
24,568,-24,-4.91111111111111
24,569,-5,7
24,570,-3,1.08121827411168
24,571,1,1.08121827411168
24,572,27,1.08121827411168
24,573,100,76.9
24,574,284,178.774928774929
24,575,158,178.774928774929
24,576,-311,-223.045454545455
24,577,-118,-109.460317460317
24,578,-28,12.4333333333333
24,579,-9,-18.7885462555066
24,580,-46,1.08121827411168
24,581,-13,-43.3966666666667
24,582,47,1.08121827411168
24,583,137,143.336538461538
24,584,253,246.40127388535
24,585,17,-166.32
24,586,-137,-159.10582010582
24,587,-108,-13.8
24,588,-71,-43.3966666666667
24,589,-27,-43.3966666666667
24,590,-92,-18.7885462555066
24,591,-45,-43.3966666666667
24,592,-12,-4.91111111111111
24,593,-7,1.08121827411168
24,594,-2,1.08121827411168
24,595,0,1.08121827411168
24,596,26,1.08121827411168
24,597,90,76.9
24,598,286,178.774928774929
24,599,271,178.774928774929
24,600,-376,-266.258620689655
24,601,-112,-159.10582010582
24,602,40,-13.8
24,603,35,27.2063492063492
24,604,-26,-24.0181818181818
24,605,-1,-18.7885462555066
24,606,25,1.08121827411168
24,607,125,117.846153846154
24,608,361,246.40127388535
24,609,28,-68.3461538461538
24,610,-190,-159.10582010582
24,611,-182,-137.933333333333
24,612,-137,-43.3966666666667
24,613,-19,-43.3966666666667
24,614,-104,-18.7885462555066
24,615,-80,-43.3966666666667
24,616,-39,-4.91111111111111
24,617,-4,-4.91111111111111
24,618,-11,7
24,619,-7,1.08121827411168
24,620,22,1.08121827411168
24,621,88,76.9
24,622,246,178.774928774929
24,623,341,178.774928774929
24,624,-341,-266.258620689655
24,625,-122,-159.10582010582
24,626,17,-13.8
24,627,108,27.2063492063492
24,628,19,-41.3846153846154
24,629,13,-24.0181818181818
24,630,13,-24.0181818181818
24,631,173,117.846153846154
24,632,239,246.40127388535
24,633,-151,-68.3461538461538
24,634,-176,-159.10582010582
24,635,-151,-95.6764705882353
24,636,-54,-43.3966666666667
24,637,-85,-43.3966666666667
24,638,-15,-43.3966666666667
24,639,-45,-18.7885462555066
24,640,-54,-4.91111111111111
24,641,-7,-4.91111111111111
24,642,-52,1.08121827411168
24,643,-20,-4.91111111111111
24,644,-8,-18.7885462555066
24,645,30,1.08121827411168
24,646,45,76.9
24,647,125,143.336538461538
24,648,130,178.774928774929
24,649,151,-166.32
24,650,126,-166.32
24,651,32,-223.045454545455
24,652,9,-51.9166666666667
24,653,-40,1.08121827411168
24,654,19,-43.3966666666667
24,655,11,-24.0181818181818
24,656,-71,-24.0181818181818
24,657,-152,-43.3966666666667
24,658,-362,-43.3966666666667
24,659,-15,-43.3966666666667
24,660,63,-18.7885462555066
24,661,8,45.0869565217391
24,662,-19,1.08121827411168
24,663,26,-18.7885462555066
24,664,-44,-4.5
24,665,-17,-43.3966666666667
24,666,-16,-18.7885462555066
24,667,-33,-18.7885462555066
24,668,-1,-18.7885462555066
24,669,6,1.08121827411168
24,670,12,1.08121827411168
24,671,27,27.2063492063492
24,672,28,76.9
24,673,-11,76.9
24,674,9,1.08121827411168
24,675,-16,1.08121827411168
24,676,-9,-18.7885462555066
24,677,1,1.08121827411168
24,678,-15,1.08121827411168
24,679,-2,-18.7885462555066
24,680,-9,1.08121827411168
24,681,12,1.08121827411168
24,682,-4,27.2063492063492
24,683,0,1.08121827411168
24,684,-24,1.08121827411168
24,685,2,-18.7885462555066
24,686,4,1.08121827411168
24,687,-11,1.08121827411168
24,688,-4,1.08121827411168
24,689,2,1.08121827411168
24,690,-3,1.08121827411168
24,691,2,1.08121827411168
24,692,11,1.08121827411168
24,693,31,27.2063492063492
24,694,162,27.2063492063492
24,695,275,100.5
24,696,-210,-68.3461538461538
24,697,-172,-159.10582010582
24,698,1,-13.8
24,699,28,1.08121827411168
24,700,-22,27.2063492063492
24,701,7,-18.7885462555066
24,702,-2,1.08121827411168
24,703,-9,117.846153846154
24,704,129,7
24,705,147,176.944444444444
24,706,-81,-68.3461538461538
24,707,-95,-109.460317460317
24,708,-51,-43.3966666666667
24,709,-63,-43.3966666666667
24,710,-30,-43.3966666666667
24,711,-46,-18.7885462555066
24,712,-6,-4.91111111111111
24,713,-4,1.08121827411168
24,714,-1,1.08121827411168
24,715,1,1.08121827411168
24,716,19,1.08121827411168
24,717,98,76.9
24,718,270,178.774928774929
24,719,221,176.944444444444
24,720,-303,-266.258620689655
24,721,-146,-159.10582010582
24,722,22,12.4333333333333
24,723,40,27.2063492063492
24,724,0,-24.0181818181818
24,725,-8,1.08121827411168
24,726,20,1.08121827411168
24,727,126,117.846153846154
24,728,329,246.40127388535
24,729,-59,-68.3461538461538
24,730,-150,-159.10582010582
24,731,-197,-137.933333333333
24,732,-59,-43.3966666666667
24,733,-69,-43.3966666666667
24,734,-84,-43.3966666666667
24,735,-37,-43.3966666666667
24,736,-11,-4.91111111111111
24,737,-18,1.08121827411168
24,738,-4,7
24,739,3,1.08121827411168
24,740,18,1.08121827411168
24,741,82,76.9
24,742,283,178.774928774929
24,743,265,178.774928774929
24,744,-333,-266.258620689655
24,745,-139,-159.10582010582
24,746,37,-13.8
24,747,50,27.2063492063492
24,748,-41,-41.3846153846154
24,749,-5,-43.3966666666667
24,750,6,1.08121827411168
24,751,147,117.846153846154
24,752,356,246.40127388535
24,753,-23,-68.3461538461538
24,754,-166,-159.10582010582
24,755,-163,-137.933333333333
24,756,-141,-43.3966666666667
24,757,-47,-43.3966666666667
24,758,-88,-43.3966666666667
24,759,-61,-43.3966666666667
24,760,-20,-4.91111111111111
24,761,-10,7
24,762,-7,1.08121827411168
24,763,-3,1.08121827411168
24,764,14,1.08121827411168
24,765,110,76.9
24,766,98,178.774928774929
24,767,137,178.774928774929
24,768,-161,1.27272727272727
24,769,-62,-51.9166666666667
24,770,12,-43.3966666666667
24,771,53,27.2063492063492
24,772,-7,45.0869565217391
24,773,-28,1.08121827411168
24,774,35,-18.7885462555066
24,775,114,27.2063492063492
24,776,296,178.774928774929
24,777,50,-68.3461538461538
24,778,-200,-159.10582010582
24,779,-127,-137.933333333333
24,780,-87,12.4333333333333
24,781,-67,-43.3966666666667
24,782,-71,-43.3966666666667
24,783,-39,-43.3966666666667
24,784,-38,-4.91111111111111
24,785,-13,-4.91111111111111
24,786,-19,1.08121827411168
24,787,3,-18.7885462555066
24,788,13,1.08121827411168
24,789,101,76.9
24,790,195,178.774928774929
24,791,277,178.774928774929
24,792,-258,-266.258620689655
24,793,-98,-159.10582010582
24,794,-3,-13.8
24,795,74,1.08121827411168
24,796,-1,45.0869565217391
24,797,-6,1.08121827411168
24,798,24,1.08121827411168
24,799,116,117.846153846154
24,800,262,246.40127388535
24,801,-48,-68.3461538461538
24,802,-213,-159.10582010582
24,803,-152,-137.933333333333
24,804,-81,12.4333333333333
24,805,-50,-43.3966666666667
24,806,-42,-43.3966666666667
24,807,-13,-43.3966666666667
24,808,-36,1.08121827411168
24,809,-10,-4.91111111111111
24,810,-31,1.08121827411168
24,811,-24,-18.7885462555066
24,812,3,-18.7885462555066
24,813,23,1.08121827411168
24,814,27,76.9
24,815,103,76.9
24,816,56,178.774928774929
24,817,77,88.4571428571429
24,818,67,88.4571428571429
24,819,23,3.13636363636364
24,820,8,27.2063492063492
24,821,51,1.08121827411168
24,822,-32,-41.3846153846154
24,823,-32,-18.7885462555066
24,824,-54,-18.7885462555066
24,825,-232,-43.3966666666667
24,826,49,-43.3966666666667
24,827,-37,100.5
24,828,-18,-43.3966666666667
24,829,-1,-18.7885462555066
24,830,-41,1.08121827411168
24,831,-6,-4.91111111111111
24,832,6,7
24,833,-2,1.08121827411168
24,834,-24,1.08121827411168
24,835,-12,-18.7885462555066
24,836,2,1.08121827411168
24,837,1,1.08121827411168
24,838,20,1.08121827411168
24,839,80,27.2063492063492
24,840,78,100.5
24,841,195,178.774928774929
24,842,31,1.27272727272727
24,843,173,-159.10582010582
24,844,11,-155.15
24,845,58,-109.460317460317
24,846,-50,3.13636363636364
24,847,-16,-43.3966666666667
24,848,-65,-18.7885462555066
24,849,-35,-43.3966666666667
24,850,-112,-18.7885462555066
24,851,-132,-43.3966666666667
24,852,-39,-43.3966666666667
24,853,-96,-43.3966666666667
24,854,-26,-43.3966666666667
24,855,-34,-18.7885462555066
24,856,-24,-18.7885462555066
24,857,-16,-18.7885462555066
24,858,-4,-18.7885462555066
24,859,-2,1.08121827411168
24,860,18,1.08121827411168
24,861,103,76.9
24,862,226,178.774928774929
24,863,247,178.774928774929
24,864,-328,-266.258620689655
24,865,-111,-159.10582010582
24,866,6,-13.8
24,867,62,1.08121827411168
24,868,22,-41.3846153846154
24,869,-29,-24.0181818181818
24,870,13,-18.7885462555066
24,871,116,117.846153846154
24,872,336,246.40127388535
24,873,-19,-68.3461538461538
24,874,-193,-159.10582010582
24,875,-162,-137.933333333333
24,876,-88,-43.3966666666667
24,877,-87,-43.3966666666667
24,878,-74,-43.3966666666667
24,879,-25,-43.3966666666667
24,880,-14,-18.7885462555066
24,881,-13,7
24,882,-5,1.08121827411168
24,883,5,1.08121827411168
24,884,9,1.08121827411168
24,885,9,1.08121827411168
24,886,143,1.08121827411168
24,887,388,178.774928774929
24,888,-208,-68.3461538461538
24,889,-175,-159.10582010582
24,890,55,-13.8
24,891,40,45.0869565217391
24,892,-20,27.2063492063492
24,893,-45,-18.7885462555066
24,894,30,-4.91111111111111
24,895,120,117.846153846154
24,896,327,246.40127388535
24,897,62,-68.3461538461538
24,898,-256,-159.10582010582
24,899,-152,-137.933333333333
24,900,-53,12.4333333333333
24,901,-71,-43.3966666666667
24,902,-116,-43.3966666666667
24,903,-48,-43.3966666666667
24,904,-32,-4.91111111111111
24,905,1,7
24,906,-10,1.08121827411168
24,907,-2,1.08121827411168
24,908,29,1.08121827411168
24,909,87,76.9
24,910,238,178.774928774929
24,911,308,178.774928774929
24,912,-351,-266.258620689655
24,913,-140,-159.10582010582
24,914,9,-13.8
24,915,61,1.08121827411168
24,916,-17,-41.3846153846154
24,917,12,-18.7885462555066
24,918,16,-24.0181818181818
24,919,111,117.846153846154
24,920,362,246.40127388535
24,921,84,-68.3461538461538
24,922,-309,-223.045454545455
24,923,-166,-137.933333333333
24,924,-99,12.4333333333333
24,925,-66,-43.3966666666667
24,926,-75,-43.3966666666667
24,927,-8,-43.3966666666667
24,928,-66,1.08121827411168
24,929,-7,-4.91111111111111
24,930,-11,7
24,931,-4,1.08121827411168
24,932,19,1.08121827411168
24,933,115,76.9
24,934,248,178.774928774929
24,935,243,-68.3461538461538
24,936,-323,-266.258620689655
24,937,-136,-159.10582010582
24,938,33,-13.8
24,939,100,27.2063492063492
24,940,-36,-41.3846153846154
24,941,-61,-43.3966666666667
24,942,79,-4.91111111111111
24,943,87,157.217391304348
24,944,334,246.40127388535
24,945,2,-68.4545454545455
24,946,-184,-159.10582010582
24,947,-102,-137.933333333333
24,948,-121,-43.3966666666667
24,949,-53,-43.3966666666667
24,950,-125,-43.3966666666667
24,951,-32,-43.3966666666667
24,952,-41,-18.7885462555066
24,953,-37,-4.91111111111111
24,954,3,-4.91111111111111
24,955,-10,1.08121827411168
24,956,20,1.08121827411168
24,957,111,76.9
24,958,221,178.774928774929
24,959,262,-68.3461538461538
24,960,-324,-266.258620689655
24,961,-95,-159.10582010582
24,962,59,-13.8
24,963,-87,45.0869565217391
24,964,107,-43.3966666666667
24,965,-36,-68.4545454545455
24,966,101,-4.91111111111111
24,967,97,178.774928774929
24,968,203,246.40127388535
24,969,-2,-68.4545454545455
24,970,-189,-159.10582010582
24,971,-139,-95.6764705882353
24,972,-78,-43.3966666666667
24,973,-3,-43.3966666666667
24,974,24,1.08121827411168
24,975,-103,-24.0181818181818
24,976,-46,-4.91111111111111
24,977,-32,-4.91111111111111
24,978,-43,-18.7885462555066
24,979,-23,-43.3966666666667
24,980,13,-18.7885462555066
24,981,20,27.2063492063492
24,982,45,27.2063492063492
24,983,110,143.336538461538
24,984,87,88.4571428571429
24,985,148,88.4571428571429
24,986,143,1.27272727272727
24,987,-25,-223.045454545455
24,988,-26,-109.460317460317
24,989,-96,-18.7885462555066
24,990,113,-43.3966666666667
24,991,-1,-41.3846153846154
24,992,-38,-51.9166666666667
24,993,-68,-43.3966666666667
24,994,-29,-43.3966666666667
24,995,-96,-18.7885462555066
24,996,-40,-43.3966666666667
24,997,-52,-43.3966666666667
24,998,-68,-43.3966666666667
24,999,-15,-43.3966666666667
24,1000,-13,-18.7885462555066
24,1001,-28,1.08121827411168
24,1002,-65,-18.7885462555066
24,1003,-12,-43.3966666666667
24,1004,-5,1.08121827411168
24,1005,6,1.08121827411168
24,1006,19,1.08121827411168
24,1007,78,76.9
24,1008,77,178.774928774929
24,1009,142,178.774928774929
24,1010,81,1.27272727272727
24,1011,144,-51.9166666666667
24,1012,7,-155.15
24,1013,-47,-109.460317460317
24,1014,53,-43.3966666666667
24,1015,-27,-41.3846153846154
24,1016,-33,-18.7885462555066
24,1017,-48,-18.7885462555066
24,1018,-80,-43.3966666666667
24,1019,-107,-43.3966666666667
24,1020,-73,-43.3966666666667
24,1021,-46,-43.3966666666667
24,1022,-55,-43.3966666666667
24,1023,-68,-43.3966666666667
24,1024,-25,-4.91111111111111
24,1025,-3,-18.7885462555066
24,1026,-1,1.08121827411168
24,1027,-3,1.08121827411168
24,1028,21,1.08121827411168
24,1029,119,76.9
24,1030,243,178.774928774929
24,1031,254,-68.3461538461538
24,1032,-289,-266.258620689655
24,1033,-160,-159.10582010582
24,1034,23,-13.8
24,1035,50,27.2063492063492
24,1036,9,-41.3846153846154
24,1037,-33,1.08121827411168
24,1038,23,-18.7885462555066
24,1039,126,117.846153846154
24,1040,381,246.40127388535
24,1041,-89,-68.3461538461538
24,1042,-134,-159.10582010582
24,1043,-223,-137.933333333333
24,1044,-76,-43.3966666666667
24,1045,-74,12.4333333333333
24,1046,-60,-43.3966666666667
24,1047,-75,-4.91111111111111
24,1048,-29,-4.91111111111111
24,1049,7,-18.7885462555066
24,1050,-10,7
24,1051,-1,1.08121827411168
24,1052,15,1.08121827411168
24,1053,145,76.9
24,1054,298,178.774928774929
24,1055,178,-68.3461538461538
24,1056,-346,-223.045454545455
24,1057,-138,-109.460317460317
24,1058,60,12.4333333333333
24,1059,46,45.0869565217391
24,1060,-44,45.0869565217391
24,1061,-148,-43.3966666666667
24,1062,63,-4.91111111111111
24,1063,255,157.217391304348
24,1064,328,246.40127388535
24,1065,-7,-266.258620689655
24,1066,-252,-159.10582010582
24,1067,-156,-137.933333333333
24,1068,-79,12.4333333333333
24,1069,-76,-43.3966666666667
24,1070,-84,-43.3966666666667
24,1071,-28,-43.3966666666667
24,1072,-21,-18.7885462555066
24,1073,-13,7
24,1074,1,1.08121827411168
24,1075,3,1.08121827411168
24,1076,23,1.08121827411168
24,1077,98,76.9
24,1078,292,178.774928774929
24,1079,204,178.774928774929
24,1080,-297,-266.258620689655
24,1081,-172,-159.10582010582
24,1082,48,12.4333333333333
24,1083,79,45.0869565217391
24,1084,-14,-41.3846153846154
24,1085,-23,1.08121827411168
24,1086,16,-18.7885462555066
24,1087,98,117.846153846154
24,1088,348,246.40127388535
24,1089,-333,-59.7
24,1090,-274,-159.10582010582
24,1091,-47,-137.933333333333
24,1092,-17,12.4333333333333
24,1093,33,-18.7885462555066
24,1094,-12,-24.0181818181818
24,1095,-22,1.08121827411168
24,1096,-22,7
24,1097,-8,117.846153846154
24,1098,0,1.08121827411168
24,1099,-1,1.08121827411168
24,1100,22,1.08121827411168
24,1101,115,27.2063492063492
24,1102,262,178.774928774929
24,1103,229,-68.3461538461538
24,1104,-269,-266.258620689655
24,1105,-207,-159.10582010582
24,1106,102,12.4333333333333
24,1107,16,45.0869565217391
24,1108,46,-24.0181818181818
24,1109,-71,3.13636363636364
24,1110,24,-4.91111111111111
24,1111,150,117.846153846154
24,1112,311,246.40127388535
24,1113,38,-68.3461538461538
24,1114,-217,-159.10582010582
24,1115,-179,-137.933333333333
24,1116,-144,12.4333333333333
24,1117,2,-43.3966666666667
24,1118,-97,1.08121827411168
24,1119,-71,-43.3966666666667
24,1120,-18,-4.91111111111111
24,1121,-15,117.846153846154
24,1122,-18,7
24,1123,-4,-18.7885462555066
24,1124,17,1.08121827411168
24,1125,109,27.2063492063492
24,1126,216,178.774928774929
24,1127,269,178.774928774929
24,1128,-298,-266.258620689655
24,1129,-112,-159.10582010582
24,1130,81,-13.8
24,1131,57,45.0869565217391
24,1132,15,-41.3846153846154
24,1133,-29,-24.0181818181818
24,1134,105,-18.7885462555066
24,1135,86,157.217391304348
24,1136,254,246.40127388535
24,1137,-183,-68.4545454545455
24,1138,-93,-159.10582010582
24,1139,-162,-137.933333333333
24,1140,-71,-43.3966666666667
24,1141,-36,-43.3966666666667
24,1142,-54,-43.3966666666667
24,1143,-44,-4.91111111111111
24,1144,-43,-4.91111111111111
24,1145,-37,-4.91111111111111
24,1146,-22,-43.3966666666667
24,1147,-25,-18.7885462555066
24,1148,4,-18.7885462555066
24,1149,20,1.08121827411168
24,1150,34,76.9
24,1151,111,76.9
24,1152,157,178.774928774929
24,1153,76,-68.3461538461538
24,1154,111,-109.460317460317
24,1155,37,-155.15
24,1156,100,-51.9166666666667
24,1157,-44,-155.15
24,1158,-25,-43.3966666666667
24,1159,1,-18.7885462555066
24,1160,-15,1.08121827411168
24,1161,-30,-18.7885462555066
24,1162,-107,-18.7885462555066
24,1163,-152,-43.3966666666667
24,1164,-57,-43.3966666666667
24,1165,44,-43.3966666666667
24,1166,-98,176.944444444444
24,1167,-78,-43.3966666666667
24,1168,-4,-4.91111111111111
24,1169,-12,1.08121827411168
24,1170,-54,1.08121827411168
24,1171,-19,-43.3966666666667
24,1172,3,-18.7885462555066
24,1173,9,1.08121827411168
24,1174,39,1.08121827411168
24,1175,96,76.9
24,1176,66,178.774928774929
24,1177,128,88.4571428571429
24,1178,78,1.27272727272727
24,1179,103,-51.9166666666667
24,1180,71,-155.15
24,1181,-50,3.13636363636364
24,1182,-53,-43.3966666666667
24,1183,65,-43.3966666666667
24,1184,-86,-41.3846153846154
24,1185,-89,-43.3966666666667
24,1186,-50,-43.3966666666667
24,1187,-109,-43.3966666666667
24,1188,-61,-43.3966666666667
24,1189,-38,-43.3966666666667
24,1190,-57,-4.91111111111111
24,1191,-39,-4.91111111111111
24,1192,-24,-43.3966666666667
24,1193,-9,-18.7885462555066
24,1194,0,1.08121827411168
24,1195,4,1.08121827411168
24,1196,20,1.08121827411168
24,1197,39,76.9
24,1198,10,76.9
24,1199,81,1.08121827411168
24,1200,-46,88.4571428571429
24,1201,-51,-43.3966666666667
24,1202,20,-43.3966666666667
24,1203,106,27.2063492063492
24,1204,-9,-41.3846153846154
24,1205,-5,1.08121827411168
24,1206,25,1.08121827411168
24,1207,-85,27.2063492063492
24,1208,118,-43.3966666666667
24,1209,71,45.0869565217391
24,1210,4,-51.9166666666667
24,1211,-115,1.08121827411168
24,1212,-37,-43.3966666666667
24,1213,-23,-4.91111111111111
24,1214,-54,-18.7885462555066
24,1215,-43,-43.3966666666667
24,1216,-13,-43.3966666666667
24,1217,-15,1.08121827411168
24,1218,2,-18.7885462555066
24,1219,-1,1.08121827411168
24,1220,3,1.08121827411168
24,1221,16,1.08121827411168
24,1222,68,76.9
24,1223,317,143.336538461538
24,1224,-54,178.774928774929
24,1225,-184,-159.10582010582
24,1226,53,-13.8
24,1227,40,100.5
24,1228,-25,27.2063492063492
24,1229,-55,-18.7885462555066
24,1230,72,-43.3966666666667
24,1231,118,157.217391304348
24,1232,304,178.774928774929
24,1233,55,-166.32
24,1234,-221,-159.10582010582
24,1235,-249,-137.933333333333
24,1236,-154,12.4333333333333
24,1237,-26,12.4333333333333
24,1238,-12,-18.7885462555066
24,1239,-32,1.08121827411168
24,1240,-18,-18.7885462555066
24,1241,-2,7
24,1242,-13,7
24,1243,-2,1.08121827411168
24,1244,34,1.08121827411168
24,1245,120,76.9
24,1246,282,178.774928774929
24,1247,210,-68.3461538461538
24,1248,-303,-266.258620689655
24,1249,-155,-159.10582010582
24,1250,75,12.4333333333333
24,1251,63,45.0869565217391
24,1252,20,-41.3846153846154
24,1253,-87,-24.0181818181818
24,1254,11,-4.91111111111111
24,1255,172,117.846153846154
24,1256,427,246.40127388535
24,1257,-27,-68.3461538461538
24,1258,-256,-159.10582010582
24,1259,-131,-137.933333333333
24,1260,-66,12.4333333333333
24,1261,-107,-43.3966666666667
24,1262,-153,-43.3966666666667
24,1263,-54,-43.3966666666667
24,1264,-51,-4.91111111111111
24,1265,-12,-4.91111111111111
24,1266,-13,1.08121827411168
24,1267,13,1.08121827411168
24,1268,19,76.9
24,1269,124,76.9
24,1270,315,178.774928774929
24,1271,160,-68.3461538461538
24,1272,-288,-223.045454545455
24,1273,-141,-109.460317460317
24,1274,74,12.4333333333333
24,1275,69,45.0869565217391
24,1276,-21,-41.3846153846154
24,1277,-57,-18.7885462555066
24,1278,46,-4.91111111111111
24,1279,114,157.217391304348
24,1280,422,246.40127388535
24,1281,16,-166.32
24,1282,-331,-159.10582010582
24,1283,-91,-137.933333333333
24,1284,-147,12.4333333333333
24,1285,-48,-43.3966666666667
24,1286,-85,-43.3966666666667
24,1287,-96,-43.3966666666667
24,1288,-21,-4.91111111111111
24,1289,-28,7
24,1290,-7,-18.7885462555066
24,1291,-3,1.08121827411168
24,1292,23,1.08121827411168
24,1293,148,76.9
24,1294,333,178.774928774929
24,1295,230,-68.3461538461538
24,1296,-384,-266.258620689655
24,1297,-106,-159.10582010582
24,1298,79,12.4333333333333
24,1299,26,45.0869565217391
24,1300,35,-24.0181818181818
24,1301,-45,-24.0181818181818
24,1302,41,-4.91111111111111
24,1303,177,117.846153846154
24,1304,244,246.40127388535
24,1305,-143,-266.258620689655
24,1306,-186,-159.10582010582
24,1307,-146,-137.933333333333
24,1308,-79,-43.3966666666667
24,1309,-7,-43.3966666666667
24,1310,-77,1.08121827411168
24,1311,-26,-4.91111111111111
24,1312,-44,-18.7885462555066
24,1313,-35,-4.91111111111111
24,1314,-36,-18.7885462555066
24,1315,-19,-43.3966666666667
24,1316,-2,-18.7885462555066
24,1317,38,1.08121827411168
24,1318,45,76.9
24,1319,100,143.336538461538
24,1320,97,178.774928774929
24,1321,160,88.4571428571429
24,1322,134,1.27272727272727
24,1323,56,-223.045454545455
24,1324,62,-51.9166666666667
24,1325,26,3.13636363636364
24,1326,-58,-24.0181818181818
24,1327,-30,-43.3966666666667
24,1328,-16,-18.7885462555066
24,1329,19,-18.7885462555066
24,1330,-213,-24.0181818181818
24,1331,-117,-43.3966666666667
24,1332,-56,12.4333333333333
24,1333,79,-43.3966666666667
24,1334,-99,178.774928774929
24,1335,-69,-43.3966666666667
24,1336,-40,-4.91111111111111
24,1337,-32,-4.91111111111111
24,1338,-32,-18.7885462555066
24,1339,-50,-18.7885462555066
24,1340,-8,-4.91111111111111
24,1341,17,1.08121827411168
24,1342,65,76.9
24,1343,81,143.336538461538
24,1344,142,178.774928774929
24,1345,119,1.27272727272727
24,1346,149,-223.045454545455
24,1347,56,-166.32
24,1348,-30,-109.460317460317
24,1349,-64,-18.7885462555066
24,1350,-41,-43.3966666666667
24,1351,75,-43.3966666666667
24,1352,-28,-41.3846153846154
24,1353,-75,-18.7885462555066
24,1354,-72,-43.3966666666667
24,1355,-128,-43.3966666666667
24,1356,-41,-43.3966666666667
24,1357,-88,-43.3966666666667
24,1358,-59,-43.3966666666667
24,1359,-46,-4.91111111111111
24,1360,-25,-4.91111111111111
24,1361,-4,-18.7885462555066
24,1362,-9,1.08121827411168
24,1363,5,1.08121827411168
24,1364,8,1.08121827411168
24,1365,64,1.08121827411168
24,1366,74,143.336538461538
24,1367,117,178.774928774929
24,1368,-84,-155.15
24,1369,-87,-51.9166666666667
24,1370,7,-43.3966666666667
24,1371,64,1.08121827411168
24,1372,14,45.0869565217391
24,1373,-4,-24.0181818181818
24,1374,45,1.08121827411168
24,1375,90,157.217391304348
24,1376,193,157.217391304348
24,1377,22,-68.4545454545455
24,1378,-82,-159.10582010582
24,1379,-112,-95.6764705882353
24,1380,-95,-43.3966666666667
24,1381,-99,-43.3966666666667
24,1382,-45,-43.3966666666667
24,1383,-61,-43.3966666666667
24,1384,-9,-4.91111111111111
24,1385,-16,1.08121827411168
24,1386,-6,-18.7885462555066
24,1387,2,1.08121827411168
24,1388,10,1.08121827411168
24,1389,120,1.08121827411168
24,1390,187,178.774928774929
24,1391,266,-68.3461538461538
24,1392,-257,-266.258620689655
24,1393,-133,-159.10582010582
24,1394,-11,-13.8
24,1395,65,1.08121827411168
24,1396,-11,45.0869565217391
24,1397,-21,1.08121827411168
24,1398,23,-18.7885462555066
24,1399,141,117.846153846154
24,1400,399,246.40127388535
24,1401,0,-68.3461538461538
24,1402,-421,-159.10582010582
24,1403,9,-137.933333333333
24,1404,-112,1.08121827411168
24,1405,-87,-43.3966666666667
24,1406,-69,-43.3966666666667
24,1407,-58,-43.3966666666667
24,1408,-15,-4.91111111111111
24,1409,-20,7
24,1410,-7,-18.7885462555066
24,1411,-2,1.08121827411168
24,1412,32,1.08121827411168
24,1413,125,76.9
24,1414,308,178.774928774929
24,1415,251,-68.3461538461538
24,1416,-422,-266.258620689655
24,1417,-106,-159.10582010582
24,1418,6,-13.8
24,1419,51,1.08121827411168
24,1420,22,-41.3846153846154
24,1421,-22,-24.0181818181818
24,1422,9,-18.7885462555066
24,1423,21,117.846153846154
24,1424,7,153.1
24,1425,42,1.08121827411168
24,1426,49,45.0869565217391
24,1427,-81,-41.3846153846154
24,1428,-50,-43.3966666666667
24,1429,-86,-43.3966666666667
24,1430,-53,-43.3966666666667
24,1431,-50,-43.3966666666667
24,1432,-26,-43.3966666666667
24,1433,-14,-18.7885462555066
24,1434,-12,1.08121827411168
24,1435,1,1.08121827411168
24,1436,25,1.08121827411168
24,1437,126,76.9
24,1438,259,178.774928774929
24,1439,277,-68.3461538461538
24,1440,-391,-266.258620689655
24,1441,-116,-159.10582010582
24,1442,36,-13.8
24,1443,68,27.2063492063492
24,1444,13,-41.3846153846154
24,1445,-50,-24.0181818181818
24,1446,39,-4.91111111111111
24,1447,99,117.846153846154
24,1448,408,246.40127388535
24,1449,-46,-68.4545454545455
24,1450,-260,-159.10582010582
24,1451,-94,-137.933333333333
24,1452,-113,12.4333333333333
24,1453,-42,-43.3966666666667
24,1454,-76,-43.3966666666667
24,1455,-94,-43.3966666666667
24,1456,-31,-4.91111111111111
24,1457,-19,7
24,1458,-9,-18.7885462555066
24,1459,-5,1.08121827411168
24,1460,21,1.08121827411168
24,1461,83,76.9
24,1462,246,178.774928774929
24,1463,224,178.774928774929
24,1464,-243,-266.258620689655
24,1465,-108,-159.10582010582
24,1466,51,12.4333333333333
24,1467,38,45.0869565217391
24,1468,12,-24.0181818181818
24,1469,34,-24.0181818181818
24,1470,99,-24.0181818181818
24,1471,118,157.217391304348
24,1472,69,246.40127388535
24,1473,-131,-51.9166666666667
24,1474,-118,-43.3966666666667
24,1475,-54,-43.3966666666667
24,1476,-95,-43.3966666666667
24,1477,-43,-43.3966666666667
24,1478,-46,-43.3966666666667
24,1479,-50,-4.91111111111111
24,1480,-34,-4.91111111111111
24,1481,-18,-18.7885462555066
24,1482,-33,-18.7885462555066
24,1483,-29,-18.7885462555066
24,1484,8,-18.7885462555066
24,1485,21,1.08121827411168
24,1486,23,76.9
24,1487,87,76.9
24,1488,148,88.4571428571429
24,1489,148,1.27272727272727
24,1490,83,-223.045454545455
24,1491,9,-223.045454545455
24,1492,10,1.08121827411168
24,1493,25,1.08121827411168
24,1494,-51,-24.0181818181818
24,1495,-9,-43.3966666666667
24,1496,-42,1.08121827411168
24,1497,-47,-43.3966666666667
24,1498,-42,-43.3966666666667
24,1499,-118,-43.3966666666667
24,1500,-4,-43.3966666666667
24,1501,-47,1.08121827411168
24,1502,-54,-43.3966666666667
24,1503,-13,-43.3966666666667
24,1504,-59,1.08121827411168
24,1505,-17,-4.91111111111111
24,1506,-25,-18.7885462555066
24,1507,-25,-18.7885462555066
24,1508,-4,-18.7885462555066
24,1509,15,1.08121827411168
24,1510,30,76.9
24,1511,99,76.9
24,1512,119,178.774928774929
24,1513,154,1.27272727272727
24,1514,95,-166.32
24,1515,51,-223.045454545455
24,1516,-72,3.13636363636364
24,1517,49,-43.3966666666667
24,1518,-12,3.13636363636364
24,1519,-34,1.08121827411168
24,1520,21,-18.7885462555066
24,1521,-4,-24.0181818181818
24,1522,-76,1.08121827411168
24,1523,-50,-43.3966666666667
24,1524,-249,-43.3966666666667
24,1525,-84,-43.3966666666667
24,1526,37,12.4333333333333
24,1527,-31,-4.5
24,1528,-6,-18.7885462555066
24,1529,-11,1.08121827411168
24,1530,-30,1.08121827411168
24,1531,-12,7
24,1532,3,1.08121827411168
24,1533,11,1.08121827411168
24,1534,47,27.2063492063492
24,1535,88,100.5
24,1536,108,178.774928774929
24,1537,101,88.4571428571429
24,1538,112,88.4571428571429
24,1539,49,-155.15
24,1540,31,-51.9166666666667
24,1541,-91,-24.0181818181818
24,1542,-5,-43.3966666666667
24,1543,41,1.08121827411168
24,1544,-96,-24.0181818181818
24,1545,-22,-43.3966666666667
24,1546,12,-18.7885462555066
24,1547,-78,27.2063492063492
24,1548,-70,-43.3966666666667
24,1549,-90,-43.3966666666667
24,1550,-75,-4.91111111111111
24,1551,-37,-43.3966666666667
24,1552,-31,-43.3966666666667
24,1553,-6,-18.7885462555066
24,1554,-5,1.08121827411168
24,1555,2,1.08121827411168
24,1556,28,1.08121827411168
24,1557,121,76.9
24,1558,296,178.774928774929
24,1559,184,-68.3461538461538
24,1560,-377,-223.045454545455
24,1561,-74,-109.460317460317
24,1562,14,12.4333333333333
24,1563,40,27.2063492063492
24,1564,2,-24.0181818181818
24,1565,-1,1.08121827411168
24,1566,18,1.08121827411168
24,1567,137,117.846153846154
24,1568,388,246.40127388535
24,1569,-71,-68.3461538461538
24,1570,-184,-159.10582010582
24,1571,-322,-137.933333333333
24,1572,-133,-43.3966666666667
24,1573,-16,12.4333333333333
24,1574,-5,-18.7885462555066
24,1575,-14,1.08121827411168
24,1576,-32,1.08121827411168
24,1577,1,7
24,1578,0,7
24,1579,1,1.08121827411168
24,1580,35,1.08121827411168
24,1581,103,76.9
24,1582,339,178.774928774929
24,1583,188,178.774928774929
24,1584,-366,-266.258620689655
24,1585,-128,-109.460317460317
24,1586,31,12.4333333333333
24,1587,45,-24.0181818181818
24,1588,36,-41.3846153846154
24,1589,-37,-24.0181818181818
24,1590,23,-4.91111111111111
24,1591,123,117.846153846154
24,1592,441,246.40127388535
24,1593,-43,-68.3461538461538
24,1594,-240,-159.10582010582
24,1595,-125,-137.933333333333
24,1596,-127,12.4333333333333
24,1597,-87,-43.3966666666667
24,1598,-57,-43.3966666666667
24,1599,-99,-43.3966666666667
24,1600,-35,-4.91111111111111
24,1601,-12,7
24,1602,-6,1.08121827411168
24,1603,0,1.08121827411168
24,1604,25,1.08121827411168
24,1605,145,76.9
24,1606,329,178.774928774929
24,1607,186,-68.3461538461538
24,1608,-382,-266.258620689655
24,1609,-91,-109.460317460317
24,1610,-2,12.4333333333333
24,1611,74,1.08121827411168
24,1612,1,-41.3846153846154
24,1613,-39,1.08121827411168
24,1614,36,-4.91111111111111
24,1615,197,117.846153846154
24,1616,340,246.40127388535
24,1617,-42,-68.3461538461538
24,1618,-194,-159.10582010582
24,1619,-112,-137.933333333333
24,1620,-120,-43.3966666666667
24,1621,-95,-43.3966666666667
24,1622,-124,-43.3966666666667
24,1623,-54,-43.3966666666667
24,1624,-52,-4.91111111111111
24,1625,-18,-4.91111111111111
24,1626,-12,-18.7885462555066
24,1627,2,1.08121827411168
24,1628,39,1.08121827411168
24,1629,96,76.9
24,1630,261,178.774928774929
24,1631,292,178.774928774929
24,1632,-396,-266.258620689655
24,1633,-94,-159.10582010582
24,1634,31,-13.8
24,1635,75,-24.0181818181818
24,1636,6,-41.3846153846154
24,1637,-62,1.08121827411168
24,1638,4,-4.91111111111111
24,1639,-36,117.846153846154
24,1640,5,-43.3966666666667
24,1641,-117,1.08121827411168
24,1642,-65,-43.3966666666667
24,1643,-6,-43.3966666666667
24,1644,46,1.08121827411168
24,1645,-62,100.5
24,1646,50,-43.3966666666667
24,1647,13,3.13636363636364
24,1648,-10,27.2063492063492
24,1649,-35,1.08121827411168
24,1650,-15,-18.7885462555066
24,1651,-13,-18.7885462555066
24,1652,-1,1.08121827411168
24,1653,24,1.08121827411168
24,1654,50,27.2063492063492
24,1655,124,143.336538461538
24,1656,122,178.774928774929
24,1657,161,-166.32
24,1658,43,-166.32
24,1659,132,-109.460317460317
24,1660,11,-155.15
24,1661,-32,-51.9166666666667
24,1662,55,-18.7885462555066
24,1663,-58,-41.3846153846154
24,1664,-58,-43.3966666666667
24,1665,-74,-43.3966666666667
24,1666,42,-43.3966666666667
24,1667,-155,-41.3846153846154
24,1668,-83,-43.3966666666667
24,1669,-88,-43.3966666666667
24,1670,10,-43.3966666666667
24,1671,-69,1.08121827411168
24,1672,-48,-43.3966666666667
24,1673,-32,-4.91111111111111
24,1674,-39,-18.7885462555066
24,1675,-37,-4.91111111111111
24,1676,-1,-43.3966666666667
24,1677,10,1.08121827411168
24,1678,13,1.08121827411168
24,1679,105,76.9
24,1680,160,178.774928774929
24,1681,104,1.27272727272727
24,1682,107,-223.045454545455
24,1683,173,-155.15
24,1684,2,-155.15
24,1685,-8,-109.460317460317
24,1686,-34,1.08121827411168
24,1687,18,-18.7885462555066
24,1688,-84,-24.0181818181818
24,1689,-82,-43.3966666666667
24,1690,-43,-43.3966666666667
24,1691,-139,-43.3966666666667
24,1692,-68,-43.3966666666667
24,1693,-20,-43.3966666666667
24,1694,-118,-18.7885462555066
24,1695,-59,-4.91111111111111
24,1696,-35,-43.3966666666667
24,1697,-3,-18.7885462555066
24,1698,-6,1.08121827411168
24,1699,3,1.08121827411168
24,1700,27,1.08121827411168
24,1701,104,76.9
24,1702,378,178.774928774929
24,1703,148,178.774928774929
24,1704,-383,-223.045454545455
24,1705,-95,-109.460317460317
24,1706,52,12.4333333333333
24,1707,43,45.0869565217391
24,1708,-8,-41.3846153846154
24,1709,-4,1.08121827411168
24,1710,22,1.08121827411168
24,1711,156,117.846153846154
24,1712,386,246.40127388535
24,1713,-12,-68.3461538461538
24,1714,-177,-159.10582010582
24,1715,-184,-137.933333333333
24,1716,-196,-43.3966666666667
24,1717,-97,-43.3966666666667
24,1718,-82,-43.3966666666667
24,1719,-52,-43.3966666666667
24,1720,-14,-4.91111111111111
24,1721,-12,7
24,1722,-3,7
24,1723,0,7
24,1724,31,1.08121827411168
24,1725,148,76.9
24,1726,385,178.774928774929
24,1727,141,-68.3461538461538
24,1728,-375,-223.045454545455
24,1729,-159,-51.9166666666667
24,1730,51,12.4333333333333
24,1731,20,45.0869565217391
24,1732,20,-24.0181818181818
24,1733,9,-24.0181818181818
24,1734,-4,1.08121827411168
24,1735,201,117.846153846154
24,1736,377,246.40127388535
24,1737,-60,-68.3461538461538
24,1738,-277,-159.10582010582
24,1739,-98,-137.933333333333
24,1740,-132,12.4333333333333
24,1741,-90,-43.3966666666667
24,1742,-80,-43.3966666666667
24,1743,-64,-43.3966666666667
24,1744,-22,-4.91111111111111
24,1745,-16,7
24,1746,-3,-18.7885462555066
24,1747,2,1.08121827411168
24,1748,28,1.08121827411168
24,1749,134,76.9
24,1750,375,178.774928774929
24,1751,121,-68.3461538461538
24,1752,-365,-223.045454545455
24,1753,-100,-51.9166666666667
24,1754,23,12.4333333333333
24,1755,89,27.2063492063492
24,1756,-12,-41.3846153846154
24,1757,-1,1.08121827411168
24,1758,-2,1.08121827411168
24,1759,152,117.846153846154
24,1760,272,246.40127388535
24,1761,58,-68.3461538461538
24,1762,-244,-159.10582010582
24,1763,-130,-137.933333333333
24,1764,-110,12.4333333333333
24,1765,-50,-43.3966666666667
24,1766,-125,-43.3966666666667
24,1767,-64,-43.3966666666667
24,1768,-37,-4.91111111111111
24,1769,-10,-4.91111111111111
24,1770,-7,1.08121827411168
24,1771,1,1.08121827411168
24,1772,28,1.08121827411168
24,1773,136,76.9
24,1774,356,178.774928774929
24,1775,155,-68.3461538461538
24,1776,-344,-223.045454545455
24,1777,-127,-109.460317460317
24,1778,27,12.4333333333333
24,1779,99,27.2063492063492
24,1780,-21,-41.3846153846154
24,1781,-50,-18.7885462555066
24,1782,68,-4.91111111111111
24,1783,133,157.217391304348
24,1784,403,246.40127388535
24,1785,-56,-166.32
24,1786,-211,-159.10582010582
24,1787,-124,-137.933333333333
24,1788,-165,12.4333333333333
24,1789,-85,-43.3966666666667
24,1790,-51,-43.3966666666667
24,1791,-100,-43.3966666666667
24,1792,-48,-4.91111111111111
24,1793,-10,-4.91111111111111
24,1794,-11,1.08121827411168
24,1795,2,7
24,1796,19,1.08121827411168
24,1797,110,76.9
24,1798,289,178.774928774929
24,1799,272,178.774928774929
24,1800,-318,-266.258620689655
24,1801,-133,-159.10582010582
24,1802,15,-13.8
24,1803,105,27.2063492063492
24,1804,47,-41.3846153846154
24,1805,-43,-41.3846153846154
24,1806,24,-4.91111111111111
24,1807,126,117.846153846154
24,1808,270,246.40127388535
24,1809,-70,-68.3461538461538
24,1810,-168,-159.10582010582
24,1811,-147,-137.933333333333
24,1812,-69,-43.3966666666667
24,1813,-48,-43.3966666666667
24,1814,-76,-43.3966666666667
24,1815,-9,-43.3966666666667
24,1816,-83,1.08121827411168
24,1817,-34,-4.91111111111111
24,1818,-49,-18.7885462555066
24,1819,-32,-43.3966666666667
24,1820,11,-18.7885462555066
24,1821,61,-4.5
24,1822,7,143.336538461538
24,1823,157,1.08121827411168
24,1824,96,1.27272727272727
24,1825,126,-68.3461538461538
24,1826,103,178.774928774929
24,1827,-38,-166.32
24,1828,54,-43.3966666666667
24,1829,8,3.13636363636364
24,1830,-38,1.08121827411168
24,1831,-21,-43.3966666666667
24,1832,-39,-18.7885462555066
24,1833,-44,-43.3966666666667
24,1834,-91,-43.3966666666667
24,1835,3,-43.3966666666667
24,1836,-47,1.08121827411168
24,1837,-102,-43.3966666666667
24,1838,16,-43.3966666666667
24,1839,-72,-4.5
24,1840,-42,-4.91111111111111
24,1841,-43,-43.3966666666667
24,1842,-44,-43.3966666666667
24,1843,-19,-4.91111111111111
24,1844,3,-18.7885462555066
24,1845,17,1.08121827411168
24,1846,32,27.2063492063492
24,1847,119,76.9
24,1848,85,178.774928774929
24,1849,147,-68.3461538461538
24,1850,86,1.27272727272727
24,1851,3,-223.045454545455
24,1852,-10,1.08121827411168
24,1853,8,1.08121827411168
24,1854,-25,1.08121827411168
24,1855,33,-18.7885462555066
24,1856,13,-24.0181818181818
24,1857,-31,-24.0181818181818
24,1858,-115,-18.7885462555066
24,1859,-12,-43.3966666666667
24,1860,-110,1.08121827411168
24,1861,-94,-43.3966666666667
24,1862,-49,-43.3966666666667
24,1863,-69,-43.3966666666667
24,1864,-17,-4.91111111111111
24,1865,-7,-18.7885462555066
24,1866,-11,1.08121827411168
24,1867,1,1.08121827411168
24,1868,30,1.08121827411168
24,1869,107,76.9
24,1870,359,178.774928774929
24,1871,148,178.774928774929
24,1872,-335,-223.045454545455
24,1873,-169,-109.460317460317
24,1874,55,12.4333333333333
24,1875,59,45.0869565217391
24,1876,-13,-41.3846153846154
24,1877,11,1.08121827411168
24,1878,0,-24.0181818181818
24,1879,168,117.846153846154
24,1880,373,246.40127388535
24,1881,31,-68.3461538461538
24,1882,-235,-159.10582010582
24,1883,-202,-137.933333333333
24,1884,-144,12.4333333333333
24,1885,-86,12.4333333333333
24,1886,-84,-43.3966666666667
24,1887,-52,-43.3966666666667
24,1888,-12,-4.91111111111111
24,1889,-10,7
24,1890,6,7
24,1891,-8,1.08121827411168
24,1892,25,1.08121827411168
24,1893,107,76.9
24,1894,167,178.774928774929
24,1895,310,178.774928774929
24,1896,-328,-266.258620689655
24,1897,-160,-159.10582010582
24,1898,-60,-137.933333333333
24,1899,30,-43.3966666666667
24,1900,-36,-24.0181818181818
24,1901,1,-43.3966666666667
24,1902,56,1.08121827411168
24,1903,123,157.217391304348
24,1904,442,246.40127388535
24,1905,-28,-166.32
24,1906,-162,-159.10582010582
24,1907,-105,-137.933333333333
24,1908,-112,-43.3966666666667
24,1909,-67,-43.3966666666667
24,1910,-118,-43.3966666666667
24,1911,-55,-43.3966666666667
24,1912,-6,-4.91111111111111
24,1913,-24,1.08121827411168
24,1914,4,-18.7885462555066
24,1915,2,1.08121827411168
24,1916,30,1.08121827411168
24,1917,154,76.9
24,1918,311,178.774928774929
24,1919,208,-68.3461538461538
24,1920,-361,-266.258620689655
24,1921,-154,-159.10582010582
24,1922,48,12.4333333333333
24,1923,88,45.0869565217391
24,1924,-79,-41.3846153846154
24,1925,65,-43.3966666666667
24,1926,-39,3.13636363636364
24,1927,111,-4.91111111111111
24,1928,465,246.40127388535
24,1929,-113,-68.3461538461538
24,1930,-73,-159.10582010582
24,1931,-223,-137.933333333333
24,1932,-52,-43.3966666666667
24,1933,-158,12.4333333333333
24,1934,-85,-43.3966666666667
24,1935,-105,-4.91111111111111
24,1936,-27,-4.91111111111111
24,1937,-12,-18.7885462555066
24,1938,-4,7
24,1939,1,1.08121827411168
24,1940,34,1.08121827411168
24,1941,141,76.9
24,1942,325,178.774928774929
24,1943,213,-68.3461538461538
24,1944,-362,-266.258620689655
24,1945,-178,-159.10582010582
24,1946,49,12.4333333333333
24,1947,37,45.0869565217391
24,1948,19,-24.0181818181818
24,1949,14,-24.0181818181818
24,1950,26,-24.0181818181818
24,1951,114,117.846153846154
24,1952,429,246.40127388535
24,1953,-44,-68.3461538461538
24,1954,-244,-159.10582010582
24,1955,-144,-137.933333333333
24,1956,-98,12.4333333333333
24,1957,-95,-43.3966666666667
24,1958,-70,-43.3966666666667
24,1959,-78,-43.3966666666667
24,1960,-43,-4.91111111111111
24,1961,-36,-4.91111111111111
24,1962,-10,-4.91111111111111
24,1963,9,1.08121827411168
24,1964,19,1.08121827411168
24,1965,118,76.9
24,1966,279,178.774928774929
24,1967,223,-68.3461538461538
24,1968,-287,-266.258620689655
24,1969,-150,-159.10582010582
24,1970,70,12.4333333333333
24,1971,117,45.0869565217391
24,1972,-10,-41.3846153846154
24,1973,-17,-51.9166666666667
24,1974,1,-18.7885462555066
24,1975,181,117.846153846154
24,1976,265,246.40127388535
24,1977,-130,-68.3461538461538
24,1978,-226,-159.10582010582
24,1979,-82,-137.933333333333
24,1980,-52,12.4333333333333
24,1981,-12,-43.3966666666667
24,1982,-99,1.08121827411168
24,1983,-85,-4.91111111111111
24,1984,-42,-4.91111111111111
24,1985,-28,-4.91111111111111
24,1986,-40,-18.7885462555066
24,1987,-19,-43.3966666666667
24,1988,15,-18.7885462555066
24,1989,24,-4.5
24,1990,31,76.9
24,1991,126,76.9
24,1992,163,1.27272727272727
24,1993,68,-68.3461538461538
24,1994,131,-109.460317460317
24,1995,37,-155.15
24,1996,14,-51.9166666666667
24,1997,-44,27.2063492063492
24,1998,10,-43.3966666666667
24,1999,-41,1.08121827411168
24,2000,51,-43.3966666666667
24,2001,-22,-41.3846153846154
24,2002,-110,-18.7885462555066
24,2003,-109,-43.3966666666667
24,2004,-62,-43.3966666666667
24,2005,-10,-43.3966666666667
24,2006,-97,1.08121827411168
24,2007,-35,-43.3966666666667
24,2008,-60,-18.7885462555066
24,2009,-14,-4.91111111111111
24,2010,-46,1.08121827411168
24,2011,-10,-43.3966666666667
24,2012,-1,1.08121827411168
24,2013,6,1.08121827411168
24,2014,25,1.08121827411168
24,2015,71,76.9
24,2016,155,178.774928774929
24,2017,162,178.774928774929
24,2018,110,-223.045454545455
24,2019,69,-223.045454545455
24,2020,-1,3.13636363636364
24,2021,-32,1.08121827411168
24,2022,-119,-18.7885462555066
24,2023,117,-43.3966666666667
24,2024,13,-41.3846153846154
24,2025,-80,-51.9166666666667
24,2026,-123,-43.3966666666667
24,2027,-88,-43.3966666666667
24,2028,-56,-4.91111111111111
24,2029,-93,-43.3966666666667
24,2030,-45,-43.3966666666667
24,2031,-68,-4.91111111111111
24,2032,-26,-4.91111111111111
24,2033,-5,-18.7885462555066
24,2034,-5,1.08121827411168
24,2035,5,1.08121827411168
24,2036,14,1.08121827411168
24,2037,14,76.9
24,2038,108,76.9
24,2039,329,178.774928774929
24,2040,-224,176.944444444444
24,2041,-159,-159.10582010582
24,2042,30,-13.8
24,2043,47,27.2063492063492
24,2044,57,45.0869565217391
24,2045,-6,3.13636363636364
24,2046,18,1.08121827411168
24,2047,95,117.846153846154
24,2048,391,246.40127388535
24,2049,-81,-59.7
24,2050,-179,-159.10582010582
24,2051,-101,-137.933333333333
24,2052,-89,-43.3966666666667
24,2053,-109,-43.3966666666667
24,2054,-90,-43.3966666666667
24,2055,-39,-4.91111111111111
24,2056,-21,-4.91111111111111
24,2057,1,7
24,2058,-7,1.08121827411168
24,2059,2,1.08121827411168
24,2060,27,1.08121827411168
24,2061,124,76.9
24,2062,319,178.774928774929
24,2063,193,-68.3461538461538
24,2064,-345,-266.258620689655
24,2065,-148,-159.10582010582
24,2066,50,12.4333333333333
24,2067,62,45.0869565217391
24,2068,-20,-41.3846153846154
24,2069,-45,-18.7885462555066
24,2070,32,-4.91111111111111
24,2071,75,117.846153846154
24,2072,477,246.40127388535
24,2073,-16,-68.4545454545455
24,2074,-281,-159.10582010582
24,2075,-56,-137.933333333333
24,2076,-182,12.4333333333333
24,2077,15,-43.3966666666667
24,2078,-166,-24.0181818181818
24,2079,-72,-43.3966666666667
24,2080,-26,-4.91111111111111
24,2081,-21,117.846153846154
24,2082,2,-18.7885462555066
24,2083,-1,7
24,2084,32,1.08121827411168
24,2085,126,7
24,2086,299,178.774928774929
24,2087,179,-68.3461538461538
24,2088,-327,-223.045454545455
24,2089,-149,-109.460317460317
24,2090,21,12.4333333333333
24,2091,-8,27.2063492063492
24,2092,31,1.08121827411168
24,2093,-21,-24.0181818181818
24,2094,-11,-18.7885462555066
24,2095,156,7
24,2096,356,246.40127388535
24,2097,-19,-68.3461538461538
24,2098,-133,-159.10582010582
24,2099,-132,-13.8
24,2100,-63,-43.3966666666667
24,2101,-87,-43.3966666666667
24,2102,-134,-43.3966666666667
24,2103,-54,-43.3966666666667
24,2104,-51,-4.91111111111111
24,2105,0,-4.91111111111111
24,2106,-7,1.08121827411168
24,2107,1,1.08121827411168
24,2108,28,1.08121827411168
24,2109,110,76.9
24,2110,313,178.774928774929
24,2111,127,178.774928774929
24,2112,-334,-223.045454545455
24,2113,-106,-51.9166666666667
24,2114,11,12.4333333333333
24,2115,54,27.2063492063492
24,2116,-43,-41.3846153846154
24,2117,4,-43.3966666666667
24,2118,18,1.08121827411168
24,2119,126,117.846153846154
24,2120,295,246.40127388535
24,2121,25,-68.3461538461538
24,2122,-141,-159.10582010582
24,2123,-63,-137.933333333333
24,2124,-125,-43.3966666666667
24,2125,-68,-43.3966666666667
24,2126,-97,-43.3966666666667
24,2127,-53,-43.3966666666667
24,2128,-62,-4.91111111111111
24,2129,-19,-43.3966666666667
24,2130,-5,-18.7885462555066
24,2131,3,1.08121827411168
24,2132,28,1.08121827411168
24,2133,84,76.9
24,2134,237,178.774928774929
24,2135,254,178.774928774929
24,2136,-280,-266.258620689655
24,2137,-148,-159.10582010582
24,2138,51,-13.8
24,2139,18,45.0869565217391
24,2140,46,-24.0181818181818
24,2141,-37,3.13636363636364
24,2142,21,-4.91111111111111
24,2143,96,117.846153846154
24,2144,266,246.40127388535
24,2145,-141,-59.7
24,2146,-143,-159.10582010582
24,2147,-160,-137.933333333333
24,2148,15,-43.3966666666667
24,2149,-20,-4.5
24,2150,-23,-18.7885462555066
24,2151,-58,-18.7885462555066
24,2152,7,-4.91111111111111
24,2153,-30,1.08121827411168
24,2154,-51,-18.7885462555066
24,2155,-23,-43.3966666666667
24,2156,-7,-18.7885462555066
24,2157,35,1.08121827411168
24,2158,31,76.9
24,2159,89,76.9
24,2160,165,178.774928774929
24,2161,162,1.27272727272727
24,2162,22,-223.045454545455
24,2163,86,-109.460317460317
24,2164,-38,3.13636363636364
24,2165,45,-43.3966666666667
24,2166,-126,3.13636363636364
24,2167,30,-43.3966666666667
24,2168,17,-24.0181818181818
24,2169,-49,27.2063492063492
24,2170,-56,-43.3966666666667
24,2171,-39,-43.3966666666667
24,2172,-64,-4.91111111111111
24,2173,-43,-43.3966666666667
24,2174,-54,-43.3966666666667
24,2175,-62,-43.3966666666667
24,2176,-36,-43.3966666666667
24,2177,-13,-43.3966666666667
24,2178,-54,1.08121827411168
24,2179,-47,-43.3966666666667
24,2180,-5,-43.3966666666667
24,2181,17,1.08121827411168
24,2182,46,76.9
24,2183,70,143.336538461538
24,2184,91,178.774928774929
24,2185,220,88.4571428571429
24,2186,54,1.27272727272727
24,2187,50,-159.10582010582
24,2188,29,3.13636363636364
24,2189,-34,-24.0181818181818
24,2190,-64,-18.7885462555066
24,2191,-26,-43.3966666666667
24,2192,71,-18.7885462555066
24,2193,2,-41.3846153846154
24,2194,-111,1.08121827411168
24,2195,-91,-43.3966666666667
24,2196,-79,-43.3966666666667
24,2197,-75,-43.3966666666667
24,2198,-91,-43.3966666666667
24,2199,-19,-43.3966666666667
24,2200,-37,-18.7885462555066
24,2201,-17,-4.91111111111111
24,2202,-9,-18.7885462555066
24,2203,-1,1.08121827411168
24,2204,39,1.08121827411168
24,2205,115,76.9
24,2206,327,178.774928774929
24,2207,123,-68.3461538461538
24,2208,-340,-223.045454545455
24,2209,-84,-51.9166666666667
24,2210,-3,12.4333333333333
24,2211,89,1.08121827411168
24,2212,-10,-41.3846153846154
24,2213,-9,1.08121827411168
24,2214,-18,1.08121827411168
24,2215,181,117.846153846154
24,2216,419,246.40127388535
24,2217,-42,-68.3461538461538
24,2218,-209,-159.10582010582
24,2219,-107,-137.933333333333
24,2220,-144,12.4333333333333
24,2221,-144,-43.3966666666667
24,2222,-84,-43.3966666666667
24,2223,-66,-43.3966666666667
24,2224,-7,-4.91111111111111
24,2225,-21,7
24,2226,0,-18.7885462555066
24,2227,1,1.08121827411168
24,2228,29,1.08121827411168
24,2229,149,76.9
24,2230,364,178.774928774929
24,2231,104,-68.3461538461538
24,2232,-328,-223.045454545455
24,2233,-138,-13.8
24,2234,45,12.4333333333333
24,2235,73,45.0869565217391
24,2236,-2,-41.3846153846154
24,2237,-39,1.08121827411168
24,2238,50,-4.91111111111111
24,2239,99,157.217391304348
24,2240,484,246.40127388535
24,2241,-76,-68.4545454545455
24,2242,-212,-159.10582010582
24,2243,-107,-137.933333333333
24,2244,-177,12.4333333333333
24,2245,-83,-43.3966666666667
24,2246,-114,-43.3966666666667
24,2247,-77,-4.91111111111111
24,2248,-31,-4.91111111111111
24,2249,-9,7
24,2250,-6,1.08121827411168
24,2251,3,7
24,2252,25,1.08121827411168
24,2253,164,76.9
24,2254,327,178.774928774929
24,2255,160,-68.3461538461538
24,2256,-405,-223.045454545455
24,2257,-110,-109.460317460317
24,2258,37,12.4333333333333
24,2259,113,27.2063492063492
24,2260,-1,-41.3846153846154
24,2261,-51,-51.9166666666667
24,2262,-21,-4.91111111111111
24,2263,143,117.846153846154
24,2264,451,246.40127388535
24,2265,-39,-68.3461538461538
24,2266,-161,-159.10582010582
24,2267,-198,-137.933333333333
24,2268,-78,-43.3966666666667
24,2269,-70,-43.3966666666667
24,2270,-138,-43.3966666666667
24,2271,-105,-43.3966666666667
24,2272,-29,-4.91111111111111
24,2273,-12,-18.7885462555066
24,2274,-6,7
24,2275,4,1.08121827411168
24,2276,36,1.08121827411168
24,2277,146,76.9
24,2278,315,178.774928774929
24,2279,109,-68.3461538461538
24,2280,-266,-223.045454545455
24,2281,-167,-13.8
24,2282,27,12.4333333333333
24,2283,65,-24.0181818181818
24,2284,-40,-41.3846153846154
24,2285,18,-43.3966666666667
24,2286,-35,-24.0181818181818
24,2287,168,117.846153846154
24,2288,318,246.40127388535
24,2289,-8,-68.3461538461538
24,2290,-126,-159.10582010582
24,2291,-101,-137.933333333333
24,2292,-72,-43.3966666666667
24,2293,-124,-43.3966666666667
24,2294,-103,-43.3966666666667
24,2295,-57,-43.3966666666667
24,2296,-72,-4.91111111111111
24,2297,-24,-4.91111111111111
24,2298,-10,-18.7885462555066
24,2299,2,1.08121827411168
24,2300,35,1.08121827411168
24,2301,118,76.9
24,2302,217,178.774928774929
24,2303,244,-68.3461538461538
24,2304,-324,-266.258620689655
24,2305,-129,-159.10582010582
24,2306,17,-13.8
24,2307,38,-24.0181818181818
24,2308,13,-24.0181818181818
24,2309,-6,-24.0181818181818
24,2310,-3,1.08121827411168
24,2311,121,117.846153846154
24,2312,188,246.40127388535
24,2313,-75,-68.3461538461538
24,2314,-101,-109.460317460317
24,2315,-55,-95.6764705882353
24,2316,-72,-43.3966666666667
24,2317,-73,-43.3966666666667
24,2318,-115,-43.3966666666667
24,2319,21,-4.91111111111111
24,2320,-11,27.2063492063492
24,2321,3,1.08121827411168
24,2322,-38,1.08121827411168
24,2323,-5,-4.91111111111111
24,2324,-8,1.08121827411168
24,2325,32,1.08121827411168
24,2326,50,76.9
24,2327,102,143.336538461538
24,2328,81,-68.4545454545455
24,2329,129,88.4571428571429
24,2330,48,-155.15
24,2331,19,-51.9166666666667
24,2332,-43,76.9
24,2333,-19,-43.3966666666667
24,2334,-5,-18.7885462555066
24,2335,-31,1.08121827411168
24,2336,-11,-18.7885462555066
24,2337,-23,1.08121827411168
24,2338,35,-18.7885462555066
24,2339,-82,27.2063492063492
24,2340,-79,-43.3966666666667
24,2341,-41,-43.3966666666667
24,2342,-20,-43.3966666666667
24,2343,-3,-18.7885462555066
24,2344,-56,1.08121827411168
24,2345,-3,-4.91111111111111
24,2346,-57,1.08121827411168
24,2347,-29,-43.3966666666667
24,2348,6,-18.7885462555066
24,2349,17,1.08121827411168
24,2350,23,76.9
24,2351,92,27.2063492063492
24,2352,77,100.5
24,2353,147,88.4571428571429
24,2354,11,1.27272727272727
24,2355,56,-109.460317460317
24,2356,-13,3.13636363636364
24,2357,24,1.08121827411168
24,2358,-99,-24.0181818181818
24,2359,-32,-43.3966666666667
24,2360,100,-18.7885462555066
24,2361,-43,-41.3846153846154
24,2362,12,-43.3966666666667
24,2363,-50,27.2063492063492
24,2364,-74,-4.91111111111111
24,2365,-107,-43.3966666666667
24,2366,-41,-43.3966666666667
24,2367,-67,-43.3966666666667
24,2368,-26,-43.3966666666667
24,2369,-2,-18.7885462555066
24,2370,-10,1.08121827411168
24,2371,7,1.08121827411168
24,2372,28,1.08121827411168
24,2373,96,76.9
24,2374,262,178.774928774929
24,2375,170,178.774928774929
24,2376,-273,-223.045454545455
24,2377,-121,-109.460317460317
24,2378,27,12.4333333333333
24,2379,56,27.2063492063492
24,2380,-21,-41.3846153846154
24,2381,-6,-18.7885462555066
24,2382,4,1.08121827411168
24,2383,131,117.846153846154
24,2384,382,246.40127388535
24,2385,-17,-68.3461538461538
24,2386,-149,-159.10582010582
24,2387,-186,-137.933333333333
24,2388,-137,-43.3966666666667
24,2389,-70,-43.3966666666667
24,2390,-86,-43.3966666666667
24,2391,-49,-43.3966666666667
24,2392,-39,-4.91111111111111
24,2393,-4,-4.91111111111111
24,2394,-8,7
24,2395,4,1.08121827411168
24,2396,29,1.08121827411168
24,2397,119,76.9
24,2398,329,178.774928774929
24,2399,163,-68.3461538461538
24,2400,-374,-223.045454545455
24,2401,-63,-109.460317460317
24,2402,8,12.4333333333333
24,2403,55,1.08121827411168
24,2404,11,-41.3846153846154
24,2405,27,-24.0181818181818
24,2406,91,-24.0181818181818
24,2407,126,157.217391304348
24,2408,195,246.40127388535
24,2409,-95,-166.32
24,2410,-130,-159.10582010582
24,2411,-121,-95.6764705882353
24,2412,-180,-43.3966666666667
24,2413,-19,-43.3966666666667
24,2414,-6,-18.7885462555066
24,2415,-12,1.08121827411168
24,2416,-36,1.08121827411168
24,2417,-30,-4.91111111111111
24,2418,-61,-18.7885462555066
24,2419,-16,-43.3966666666667
24,2420,3,-18.7885462555066
24,2421,13,1.08121827411168
24,2422,40,27.2063492063492
24,2423,81,76.9
24,2424,140,178.774928774929
24,2425,154,1.27272727272727
24,2426,38,-223.045454545455
24,2427,9,-109.460317460317
24,2428,5,1.08121827411168
24,2429,48,1.08121827411168
24,2430,-93,-41.3846153846154
24,2431,-65,-43.3966666666667
24,2432,25,-43.3966666666667
24,2433,16,-24.0181818181818
24,2434,2,27.2063492063492
24,2435,119,1.08121827411168
24,2436,33,45.0869565217391
24,2437,-82,-51.9166666666667
24,2438,-319,-43.3966666666667
24,2439,-95,-43.3966666666667
24,2440,-58,12.4333333333333
24,2441,-12,-43.3966666666667
24,2442,-11,1.08121827411168
24,2443,0,1.08121827411168
24,2444,22,1.08121827411168
24,2445,104,7
24,2446,210,246.40127388535
24,2447,207,178.774928774929
24,2448,-257,-266.258620689655
24,2449,-107,-159.10582010582
24,2450,58,12.4333333333333
24,2451,32,45.0869565217391
24,2452,34,-24.0181818181818
24,2453,-69,-24.0181818181818
24,2454,13,-4.91111111111111
24,2455,179,117.846153846154
24,2456,256,246.40127388535
24,2457,-82,-68.3461538461538
24,2458,-104,-159.10582010582
24,2459,-182,-137.933333333333
24,2460,2,-43.3966666666667
24,2461,-98,1.08121827411168
24,2462,-94,-43.3966666666667
24,2463,-29,-4.91111111111111
24,2464,-73,-18.7885462555066
24,2465,-12,-4.91111111111111
24,2466,-10,7
24,2467,-1,1.08121827411168
24,2468,29,1.08121827411168
24,2469,96,76.9
24,2470,222,178.774928774929
24,2471,232,178.774928774929
24,2472,-281,-266.258620689655
24,2473,-94,-159.10582010582
24,2474,23,12.4333333333333
24,2475,98,27.2063492063492
24,2476,-38,-41.3846153846154
24,2477,-18,-43.3966666666667
24,2478,10,-18.7885462555066
24,2479,84,117.846153846154
24,2480,207,246.40127388535
24,2481,-16,-59.7
24,2482,-142,-159.10582010582
24,2483,-82,-95.6764705882353
24,2484,-36,-43.3966666666667
24,2485,-12,-43.3966666666667
24,2486,-124,1.08121827411168
24,2487,-14,-43.3966666666667
24,2488,-79,1.08121827411168
24,2489,-13,-4.91111111111111
24,2490,-27,1.08121827411168
24,2491,-15,-18.7885462555066
24,2492,-2,-18.7885462555066
24,2493,17,1.08121827411168
24,2494,40,76.9
24,2495,81,76.9
24,2496,104,178.774928774929
24,2497,69,88.4571428571429
24,2498,42,88.4571428571429
24,2499,-25,3.13636363636364
24,2500,18,-18.7885462555066
24,2501,-52,-24.0181818181818
24,2502,-2,-43.3966666666667
24,2503,-12,1.08121827411168
24,2504,-15,1.08121827411168
24,2505,-2,-18.7885462555066
24,2506,10,1.08121827411168
24,2507,-11,1.08121827411168
24,2508,-75,1.08121827411168
24,2509,19,-43.3966666666667
24,2510,-72,27.2063492063492
24,2511,-1,-43.3966666666667
24,2512,-23,1.08121827411168
24,2513,-54,-18.7885462555066
24,2514,-35,-4.91111111111111
24,2515,-22,-18.7885462555066
24,2516,-7,-18.7885462555066
24,2517,15,1.08121827411168
24,2518,31,76.9
24,2519,78,27.2063492063492
24,2520,112,178.774928774929
24,2521,77,88.4571428571429
24,2522,70,-51.9166666666667
24,2523,-13,88.4571428571429
24,2524,-39,1.08121827411168
24,2525,-25,-43.3966666666667
24,2526,-14,-18.7885462555066
24,2527,-7,1.08121827411168
24,2528,-21,1.08121827411168
24,2529,-17,-18.7885462555066
24,2530,-3,-18.7885462555066
24,2531,35,1.08121827411168
24,2532,-78,76.9
24,2533,-85,-43.3966666666667
24,2534,1,-43.3966666666667
24,2535,-84,1.08121827411168
24,2536,-21,-43.3966666666667
24,2537,-13,-18.7885462555066
24,2538,0,1.08121827411168
24,2539,-3,1.08121827411168
24,2540,26,1.08121827411168
24,2541,64,76.9
24,2542,138,143.336538461538
24,2543,225,178.774928774929
24,2544,-92,-166.32
24,2545,-188,-159.10582010582
24,2546,41,-95.6764705882353
24,2547,50,27.2063492063492
24,2548,-11,-41.3846153846154
24,2549,-13,1.08121827411168
24,2550,38,1.08121827411168
24,2551,133,27.2063492063492
24,2552,436,178.774928774929
24,2553,23,-68.3461538461538
24,2554,-241,-159.10582010582
24,2555,-184,-137.933333333333
24,2556,-116,12.4333333333333
24,2557,-107,-43.3966666666667
24,2558,-93,-43.3966666666667
24,2559,-62,-43.3966666666667
24,2560,-54,-4.91111111111111
24,2561,1,-4.91111111111111
24,2562,-13,7
24,2563,1,1.08121827411168
24,2564,38,1.08121827411168
24,2565,145,76.9
24,2566,333,178.774928774929
24,2567,129,-68.3461538461538
24,2568,-318,-223.045454545455
24,2569,-141,-51.9166666666667
24,2570,59,12.4333333333333
24,2571,23,45.0869565217391
24,2572,8,-24.0181818181818
24,2573,-38,1.08121827411168
24,2574,23,-4.91111111111111
24,2575,170,117.846153846154
24,2576,437,246.40127388535
24,2577,-53,-68.3461538461538
24,2578,-405,-159.10582010582
24,2579,-330,-137.933333333333
24,2580,6,12.4333333333333
24,2581,49,1.08121827411168
24,2582,-36,-41.3846153846154
24,2583,-59,-43.3966666666667
24,2584,-30,-4.91111111111111
24,2585,-9,117.846153846154
24,2586,0,7
24,2587,2,1.08121827411168
24,2588,34,1.08121827411168
24,2589,144,27.2063492063492
24,2590,312,178.774928774929
24,2591,177,-68.3461538461538
24,2592,-346,-223.045454545455
24,2593,-133,-109.460317460317
24,2594,34,12.4333333333333
24,2595,63,27.2063492063492
24,2596,-19,-41.3846153846154
24,2597,-32,-18.7885462555066
24,2598,35,-18.7885462555066
24,2599,135,117.846153846154
24,2600,419,246.40127388535
24,2601,-16,-68.3461538461538
24,2602,-181,-159.10582010582
24,2603,-150,-137.933333333333
24,2604,-92,-43.3966666666667
24,2605,-147,-43.3966666666667
24,2606,-92,-43.3966666666667
24,2607,-96,-43.3966666666667
24,2608,-35,-4.91111111111111
24,2609,-12,7
24,2610,1,1.08121827411168
24,2611,-5,1.08121827411168
24,2612,39,1.08121827411168
24,2613,134,76.9
24,2614,334,178.774928774929
24,2615,190,-68.3461538461538
24,2616,-375,-266.258620689655
24,2617,-113,-159.10582010582
24,2618,1,12.4333333333333
24,2619,77,1.08121827411168
24,2620,-15,-41.3846153846154
24,2621,-68,-18.7885462555066
24,2622,62,-4.91111111111111
24,2623,168,157.217391304348
24,2624,356,246.40127388535
24,2625,30,-266.258620689655
24,2626,-196,-159.10582010582
24,2627,-115,-137.933333333333
24,2628,-141,-43.3966666666667
24,2629,-55,-43.3966666666667
24,2630,-107,-43.3966666666667
24,2631,-116,-43.3966666666667
24,2632,-36,-4.91111111111111
24,2633,-42,-4.91111111111111
24,2634,-8,-4.91111111111111
24,2635,2,1.08121827411168
24,2636,23,1.08121827411168
24,2637,93,76.9
24,2638,253,178.774928774929
24,2639,333,178.774928774929
24,2640,-299,-266.258620689655
24,2641,-146,-159.10582010582
24,2642,20,-13.8
24,2643,91,27.2063492063492
24,2644,-5,-41.3846153846154
24,2645,-5,1.08121827411168
24,2646,-16,1.08121827411168
24,2647,139,117.846153846154
24,2648,343,246.40127388535
24,2649,-204,-68.3461538461538
24,2650,-143,-159.10582010582
24,2651,-99,-137.933333333333
24,2652,-90,-43.3966666666667
24,2653,-36,-43.3966666666667
24,2654,-51,-43.3966666666667
24,2655,-21,-4.91111111111111
24,2656,-73,7
24,2657,-17,-4.91111111111111
24,2658,-61,-18.7885462555066
24,2659,-31,-43.3966666666667
24,2660,-4,-18.7885462555066
24,2661,30,1.08121827411168
24,2662,13,76.9
24,2663,103,76.9
24,2664,131,178.774928774929
24,2665,119,1.27272727272727
24,2666,38,-166.32
24,2667,60,-51.9166666666667
24,2668,92,3.13636363636364
24,2669,41,3.13636363636364
24,2670,-72,-24.0181818181818
24,2671,6,-43.3966666666667
24,2672,-108,1.08121827411168
24,2673,-107,-43.3966666666667
24,2674,80,-43.3966666666667
24,2675,-75,-41.3846153846154
24,2676,-87,-4.91111111111111
24,2677,-44,-43.3966666666667
24,2678,-14,-4.91111111111111
24,2679,-24,1.08121827411168
24,2680,-19,-18.7885462555066
24,2681,-53,-18.7885462555066
24,2682,-58,-4.91111111111111
24,2683,-38,-43.3966666666667
24,2684,-10,-43.3966666666667
24,2685,6,1.08121827411168
24,2686,32,1.08121827411168
24,2687,86,76.9
24,2688,88,178.774928774929
24,2689,161,178.774928774929
24,2690,69,1.27272727272727
24,2691,38,-109.460317460317
24,2692,-9,76.9
24,2693,-4,1.08121827411168
24,2694,13,1.08121827411168
24,2695,6,-24.0181818181818
24,2696,-59,1.08121827411168
24,2697,-124,-43.3966666666667
24,2698,0,-43.3966666666667
24,2699,-18,1.08121827411168
24,2700,-71,-18.7885462555066
24,2701,-93,-43.3966666666667
24,2702,-39,-43.3966666666667
24,2703,-48,-4.91111111111111
24,2704,-32,-43.3966666666667
24,2705,4,-18.7885462555066
24,2706,-9,1.08121827411168
24,2707,6,1.08121827411168
24,2708,38,1.08121827411168
24,2709,90,76.9
24,2710,343,178.774928774929
24,2711,184,178.774928774929
24,2712,-319,-223.045454545455
24,2713,-162,-109.460317460317
24,2714,-4,12.4333333333333
24,2715,55,1.08121827411168
24,2716,2,-41.3846153846154
24,2717,-27,1.08121827411168
24,2718,25,-18.7885462555066
24,2719,149,117.846153846154
24,2720,369,246.40127388535
24,2721,39,-68.3461538461538
24,2722,-199,-159.10582010582
24,2723,-141,-137.933333333333
24,2724,-126,12.4333333333333
24,2725,-44,-43.3966666666667
24,2726,-118,-43.3966666666667
24,2727,-113,-43.3966666666667
24,2728,-28,-4.91111111111111
24,2729,-18,7
24,2730,-4,-18.7885462555066
24,2731,4,1.08121827411168
24,2732,31,1.08121827411168
24,2733,175,76.9
24,2734,313,178.774928774929
24,2735,135,-68.3461538461538
24,2736,-341,-223.045454545455
24,2737,-161,-51.9166666666667
24,2738,47,12.4333333333333
24,2739,48,45.0869565217391
24,2740,-33,-41.3846153846154
24,2741,-7,-18.7885462555066
24,2742,30,1.08121827411168
24,2743,137,117.846153846154
24,2744,389,246.40127388535
24,2745,2,-68.3461538461538
24,2746,-225,-159.10582010582
24,2747,-120,-137.933333333333
24,2748,-94,12.4333333333333
24,2749,-89,-43.3966666666667
24,2750,-83,-43.3966666666667
24,2751,-108,-43.3966666666667
24,2752,-37,-4.91111111111111
24,2753,-8,-4.91111111111111
24,2754,-4,1.08121827411168
24,2755,2,1.08121827411168
24,2756,40,1.08121827411168
24,2757,116,76.9
24,2758,333,178.774928774929
24,2759,184,-68.3461538461538
24,2760,-382,-223.045454545455
24,2761,-159,-109.460317460317
24,2762,45,12.4333333333333
24,2763,19,45.0869565217391
24,2764,1,-24.0181818181818
24,2765,-33,1.08121827411168
24,2766,24,-18.7885462555066
24,2767,30,117.846153846154
24,2768,146,153.1
24,2769,273,45.0869565217391
24,2770,-127,-68.3461538461538
24,2771,-150,-159.10582010582
24,2772,-47,-13.8
24,2773,-31,-43.3966666666667
24,2774,-157,-18.7885462555066
24,2775,-65,-43.3966666666667
24,2776,-41,-4.91111111111111
24,2777,-18,-4.91111111111111
24,2778,-2,-18.7885462555066
24,2779,3,1.08121827411168
24,2780,32,1.08121827411168
24,2781,112,76.9
24,2782,321,178.774928774929
24,2783,184,-68.3461538461538
24,2784,-339,-223.045454545455
24,2785,-120,-109.460317460317
24,2786,18,12.4333333333333
24,2787,58,27.2063492063492
24,2788,-20,-41.3846153846154
24,2789,-57,-18.7885462555066
24,2790,95,-4.91111111111111
24,2791,66,157.217391304348
24,2792,413,246.40127388535
24,2793,6,-68.4545454545455
24,2794,-244,-159.10582010582
24,2795,-28,-137.933333333333
24,2796,-173,-18.7885462555066
24,2797,-264,-43.3966666666667
24,2798,-3,-43.3966666666667
24,2799,-31,1.08121827411168
24,2800,-23,-18.7885462555066
24,2801,8,7
24,2802,17,1.08121827411168
24,2803,-27,7
24,2804,33,7
24,2805,84,-4.5
24,2806,234,88.4571428571429
24,2807,331,178.774928774929
24,2808,-318,-266.258620689655
24,2809,-140,-159.10582010582
24,2810,-21,-137.933333333333
24,2811,62,-18.7885462555066
24,2812,-118,-41.3846153846154
24,2813,73,-43.3966666666667
24,2814,-13,3.13636363636364
24,2815,220,117.846153846154
24,2816,279,246.40127388535
24,2817,-93,-68.3461538461538
24,2818,-220,-159.10582010582
24,2819,-151,-137.933333333333
24,2820,-129,12.4333333333333
24,2821,13,-43.3966666666667
24,2822,31,-4.5
24,2823,-63,-24.0181818181818
24,2824,-31,-4.91111111111111
24,2825,-12,117.846153846154
24,2826,-35,1.08121827411168
24,2827,-9,-18.7885462555066
24,2828,1,1.08121827411168
24,2829,-2,1.08121827411168
24,2830,22,1.08121827411168
24,2831,75,76.9
24,2832,95,178.774928774929
24,2833,61,178.774928774929
24,2834,37,88.4571428571429
24,2835,152,76.9
24,2836,-103,-155.15
24,2837,-11,-109.460317460317
24,2838,37,1.08121827411168
24,2839,-54,-24.0181818181818
24,2840,-85,-43.3966666666667
24,2841,-64,-43.3966666666667
24,2842,61,-4.91111111111111
24,2843,-24,143.336538461538
24,2844,-51,-18.7885462555066
24,2845,17,-43.3966666666667
24,2846,-31,27.2063492063492
24,2847,-36,-18.7885462555066
24,2848,17,-43.3966666666667
24,2849,-8,-4.5
24,2850,-79,1.08121827411168
24,2851,-27,-43.3966666666667
24,2852,-10,-18.7885462555066
24,2853,13,1.08121827411168
24,2854,19,76.9
24,2855,115,76.9
24,2856,105,178.774928774929
24,2857,121,-68.3461538461538
24,2858,126,1.27272727272727
24,2859,-1,-166.32
24,2860,122,-51.9166666666667
24,2861,-10,-155.15
24,2862,8,-51.9166666666667
24,2863,4,1.08121827411168
24,2864,-72,1.08121827411168
24,2865,-41,-43.3966666666667
24,2866,7,-43.3966666666667
24,2867,-144,1.08121827411168
24,2868,-33,-43.3966666666667
24,2869,-154,-18.7885462555066
24,2870,-68,-4.91111111111111
24,2871,-76,-43.3966666666667
24,2872,-20,-43.3966666666667
24,2873,-10,-18.7885462555066
24,2874,-15,1.08121827411168
24,2875,6,-18.7885462555066
24,2876,43,1.08121827411168
24,2877,106,143.336538461538
24,2878,264,178.774928774929
24,2879,317,178.774928774929
24,2880,-393,-266.258620689655
24,2881,-145,-159.10582010582
24,2882,-2,-13.8
24,2883,116,1.08121827411168
24,2884,-74,-41.3846153846154
24,2885,31,-51.9166666666667
24,2886,10,-24.0181818181818
24,2887,176,117.846153846154
24,2888,390,246.40127388535
24,2889,-106,-68.3461538461538
24,2890,-159,-159.10582010582
24,2891,-179,-137.933333333333
24,2892,-107,-43.3966666666667
24,2893,-87,-43.3966666666667
24,2894,-95,-43.3966666666667
24,2895,-50,-4.91111111111111
24,2896,-47,-4.91111111111111
24,2897,-1,-4.91111111111111
24,2898,-10,7
24,2899,0,1.08121827411168
24,2900,44,1.08121827411168
24,2901,140,143.336538461538
24,2902,326,178.774928774929
24,2903,227,-266.258620689655
24,2904,-404,-266.258620689655
24,2905,-121,-159.10582010582
24,2906,-17,12.4333333333333
24,2907,28,-18.7885462555066
24,2908,44,-24.0181818181818
24,2909,-29,-41.3846153846154
24,2910,41,-18.7885462555066
24,2911,170,117.846153846154
24,2912,414,246.40127388535
24,2913,8,-266.258620689655
24,2914,-245,-159.10582010582
24,2915,-109,-137.933333333333
24,2916,-145,12.4333333333333
24,2917,-109,-43.3966666666667
24,2918,-77,-43.3966666666667
24,2919,-126,-43.3966666666667
24,2920,-38,-4.91111111111111
24,2921,-16,-4.91111111111111
24,2922,0,-18.7885462555066
24,2923,-8,1.08121827411168
24,2924,55,1.08121827411168
24,2925,131,143.336538461538
24,2926,317,178.774928774929
24,2927,281,-166.32
24,2928,-446,-266.258620689655
24,2929,-111,-159.10582010582
24,2930,50,-13.8
24,2931,29,45.0869565217391
24,2932,2,-24.0181818181818
24,2933,-65,1.08121827411168
24,2934,70,-4.91111111111111
24,2935,167,157.217391304348
24,2936,429,246.40127388535
24,2937,-22,-266.258620689655
24,2938,-193,-159.10582010582
24,2939,-131,-137.933333333333
24,2940,-170,-43.3966666666667
24,2941,-119,-43.3966666666667
24,2942,-39,-43.3966666666667
24,2943,-147,-43.3966666666667
24,2944,-63,-4.91111111111111
24,2945,-8,-4.91111111111111
24,2946,-13,1.08121827411168
24,2947,-4,7
24,2948,38,1.08121827411168
24,2949,139,76.9
24,2950,314,178.774928774929
24,2951,234,-68.3461538461538
24,2952,-385,-266.258620689655
24,2953,-122,-159.10582010582
24,2954,-10,12.4333333333333
24,2955,67,1.08121827411168
24,2956,-37,-41.3846153846154
24,2957,-29,-43.3966666666667
24,2958,25,-18.7885462555066
24,2959,136,117.846153846154
24,2960,364,246.40127388535
24,2961,-50,-68.3461538461538
24,2962,-74,-159.10582010582
24,2963,-168,-137.933333333333
24,2964,-175,-43.3966666666667
24,2965,-37,-43.3966666666667
24,2966,-89,-43.3966666666667
24,2967,-48,-43.3966666666667
24,2968,-43,-4.91111111111111
24,2969,-28,-4.91111111111111
24,2970,-14,7
24,2971,-4,7
24,2972,29,1.08121827411168
24,2973,102,76.9
24,2974,271,178.774928774929
24,2975,266,178.774928774929
24,2976,-313,-266.258620689655
24,2977,-132,-159.10582010582
24,2978,20,-13.8
24,2979,48,27.2063492063492
24,2980,15,-41.3846153846154
24,2981,12,-24.0181818181818
24,2982,-3,-24.0181818181818
24,2983,176,117.846153846154
24,2984,200,246.40127388535
24,2985,-77,-68.3461538461538
24,2986,-106,-159.10582010582
24,2987,-162,-95.6764705882353
24,2988,-94,-43.3966666666667
24,2989,-61,-43.3966666666667
24,2990,-10,-43.3966666666667
24,2991,2,1.08121827411168
24,2992,-111,1.08121827411168
24,2993,10,-4.91111111111111
24,2994,-47,1.08121827411168
24,2995,-32,-43.3966666666667
24,2996,3,-18.7885462555066
24,2997,36,1.08121827411168
24,2998,26,76.9
24,2999,87,27.2063492063492
24,3000,174,3.13636363636364
24,3001,58,1.27272727272727
24,3002,62,-109.460317460317
24,3003,30,3.13636363636364
24,3004,11,-24.0181818181818
24,3005,-4,27.2063492063492
24,3006,3,1.08121827411168
24,3007,-10,1.08121827411168
24,3008,-8,1.08121827411168
24,3009,2,1.08121827411168
24,3010,-143,1.08121827411168
24,3011,-105,-43.3966666666667
24,3012,67,-43.3966666666667
24,3013,-24,100.5
24,3014,-68,-18.7885462555066
24,3015,-20,-43.3966666666667
24,3016,-30,-18.7885462555066
24,3017,-46,-18.7885462555066
24,3018,-57,-43.3966666666667
24,3019,-42,-43.3966666666667
24,3020,4,-43.3966666666667
24,3021,1,1.08121827411168
24,3022,22,1.08121827411168
24,3023,87,76.9
24,3024,99,178.774928774929
24,3025,155,178.774928774929
24,3026,128,1.27272727272727
24,3027,2,-223.045454545455
24,3028,-28,-51.9166666666667
24,3029,39,-18.7885462555066
24,3030,-21,-24.0181818181818
24,3031,20,-18.7885462555066
24,3032,10,-24.0181818181818
24,3033,-112,1.08121827411168
24,3034,24,-43.3966666666667
24,3035,-140,27.2063492063492
24,3036,-32,-43.3966666666667
24,3037,-123,-18.7885462555066
24,3038,-48,-43.3966666666667
24,3039,-42,-4.91111111111111
24,3040,-39,-43.3966666666667
24,3041,-11,-4.91111111111111
24,3042,-5,1.08121827411168
24,3043,2,1.08121827411168
24,3044,42,1.08121827411168
24,3045,114,143.336538461538
24,3046,308,178.774928774929
24,3047,282,-166.32
24,3048,-458,-266.258620689655
24,3049,-104,-159.10582010582
24,3050,26,-13.8
24,3051,63,-24.0181818181818
24,3052,-52,-41.3846153846154
24,3053,28,-43.3966666666667
24,3054,-18,-24.0181818181818
24,3055,189,117.846153846154
24,3056,402,246.40127388535
24,3057,-15,-68.3461538461538
24,3058,-147,-159.10582010582
24,3059,-203,-137.933333333333
24,3060,-140,-43.3966666666667
24,3061,-92,12.4333333333333
24,3062,-80,-43.3966666666667
24,3063,-112,-43.3966666666667
24,3064,-17,-4.91111111111111
24,3065,-13,-18.7885462555066
24,3066,-2,7
24,3067,0,1.08121827411168
24,3068,39,1.08121827411168
24,3069,149,76.9
24,3070,319,178.774928774929
24,3071,247,-68.3461538461538
24,3072,-427,-266.258620689655
24,3073,-106,-159.10582010582
24,3074,-3,-13.8
24,3075,24,1.08121827411168
24,3076,40,-24.0181818181818
24,3077,-28,-24.0181818181818
24,3078,-116,-18.7885462555066
24,3079,258,-4.91111111111111
24,3080,418,246.40127388535
24,3081,37,-68.3461538461538
24,3082,-243,-159.10582010582
24,3083,-162,-137.933333333333
24,3084,-100,12.4333333333333
24,3085,-95,-43.3966666666667
24,3086,-110,-43.3966666666667
24,3087,-100,-43.3966666666667
24,3088,-14,-4.91111111111111
24,3089,-20,7
24,3090,-6,-18.7885462555066
24,3091,-3,1.08121827411168
24,3092,45,1.08121827411168
24,3093,136,143.336538461538
24,3094,302,178.774928774929
24,3095,194,-166.32
24,3096,-331,-266.258620689655
24,3097,-114,-159.10582010582
24,3098,-2,12.4333333333333
24,3099,50,1.08121827411168
24,3100,-4,-41.3846153846154
24,3101,-17,1.08121827411168
24,3102,32,-18.7885462555066
24,3103,184,117.846153846154
24,3104,358,246.40127388535
24,3105,54,-68.3461538461538
24,3106,-239,-159.10582010582
24,3107,-139,-137.933333333333
24,3108,-193,12.4333333333333
24,3109,-32,-43.3966666666667
24,3110,-136,-18.7885462555066
24,3111,-89,-43.3966666666667
24,3112,-21,-4.91111111111111
24,3113,-31,7
24,3114,-5,-18.7885462555066
24,3115,3,7
24,3116,32,1.08121827411168
24,3117,142,76.9
24,3118,290,178.774928774929
24,3119,266,-68.3461538461538
24,3120,-396,-266.258620689655
24,3121,-162,-159.10582010582
24,3122,45,-13.8
24,3123,60,45.0869565217391
24,3124,24,-41.3846153846154
24,3125,-85,-24.0181818181818
24,3126,45,-4.91111111111111
24,3127,136,157.217391304348
24,3128,459,246.40127388535
24,3129,-98,-166.32
24,3130,-160,-159.10582010582
24,3131,-180,-137.933333333333
24,3132,-85,-43.3966666666667
24,3133,-80,-43.3966666666667
24,3134,-85,-43.3966666666667
24,3135,-106,-4.91111111111111
24,3136,-28,-4.91111111111111
24,3137,-29,-18.7885462555066
24,3138,-8,7
24,3139,6,1.08121827411168
24,3140,25,1.08121827411168
24,3141,126,76.9
24,3142,258,178.774928774929
24,3143,247,-68.3461538461538
24,3144,-272,-266.258620689655
24,3145,-147,-159.10582010582
24,3146,14,-13.8
24,3147,75,27.2063492063492
24,3148,7,-41.3846153846154
24,3149,-14,1.08121827411168
24,3150,49,1.08121827411168
24,3151,112,157.217391304348
24,3152,249,246.40127388535
24,3153,-70,-166.32
24,3154,-202,-159.10582010582
24,3155,-80,-137.933333333333
24,3156,-111,12.4333333333333
24,3157,-76,-43.3966666666667
24,3158,-6,-43.3966666666667
24,3159,-35,1.08121827411168
24,3160,-39,-18.7885462555066
24,3161,-38,-4.91111111111111
24,3162,-54,-4.91111111111111
24,3163,-17,-4.91111111111111
24,3164,4,-18.7885462555066
24,3165,32,1.08121827411168
24,3166,18,27.2063492063492
24,3167,114,76.9
24,3168,97,178.774928774929
24,3169,118,-68.3461538461538
24,3170,74,1.27272727272727
24,3171,77,-51.9166666666667
24,3172,-20,3.13636363636364
24,3173,-55,-18.7885462555066
24,3174,17,-43.3966666666667
24,3175,-39,-24.0181818181818
24,3176,42,-43.3966666666667
24,3177,-2,-41.3846153846154
24,3178,-93,1.08121827411168
24,3179,-85,-43.3966666666667
24,3180,-23,-43.3966666666667
24,3181,-20,-18.7885462555066
24,3182,-47,-18.7885462555066
24,3183,-69,-43.3966666666667
24,3184,-66,-4.91111111111111
24,3185,-14,-4.91111111111111
24,3186,-32,1.08121827411168
24,3187,-27,-18.7885462555066
24,3188,5,-18.7885462555066
24,3189,0,1.08121827411168
24,3190,49,1.08121827411168
24,3191,40,143.336538461538
24,3192,121,76.9
24,3193,135,178.774928774929
24,3194,73,-68.3461538461538
24,3195,54,-51.9166666666667
24,3196,32,3.13636363636364
24,3197,3,-24.0181818181818
24,3198,-76,1.08121827411168
24,3199,-29,-43.3966666666667
24,3200,-39,-18.7885462555066
24,3201,-153,-43.3966666666667
24,3202,-44,-43.3966666666667
24,3203,8,-43.3966666666667
24,3204,15,1.08121827411168
24,3205,-51,27.2063492063492
24,3206,-70,-43.3966666666667
24,3207,-54,-4.91111111111111
24,3208,-22,-43.3966666666667
24,3209,-6,-18.7885462555066
24,3210,0,1.08121827411168
24,3211,6,1.08121827411168
24,3212,14,1.08121827411168
24,3213,116,76.9
24,3214,266,178.774928774929
24,3215,198,-68.3461538461538
24,3216,-329,-266.258620689655
24,3217,-63,-159.10582010582
24,3218,47,12.4333333333333
24,3219,25,45.0869565217391
24,3220,4,-24.0181818181818
24,3221,-2,1.08121827411168
24,3222,-13,1.08121827411168
24,3223,177,117.846153846154
24,3224,407,246.40127388535
24,3225,-15,-68.3461538461538
24,3226,-203,-159.10582010582
24,3227,-183,-137.933333333333
24,3228,-140,12.4333333333333
24,3229,-110,-43.3966666666667
24,3230,-94,-43.3966666666667
24,3231,-66,-43.3966666666667
24,3232,-29,-4.91111111111111
24,3233,-5,7
24,3234,-7,7
24,3235,3,1.08121827411168
24,3236,27,1.08121827411168
24,3237,143,76.9
24,3238,323,178.774928774929
24,3239,203,-68.3461538461538
24,3240,-378,-266.258620689655
24,3241,-77,-159.10582010582
24,3242,-36,12.4333333333333
24,3243,69,-43.3966666666667
24,3244,-30,-41.3846153846154
24,3245,8,-18.7885462555066
24,3246,45,1.08121827411168
24,3247,139,157.217391304348
24,3248,423,246.40127388535
24,3249,-54,-266.258620689655
24,3250,-204,-159.10582010582
24,3251,-162,-137.933333333333
24,3252,-131,12.4333333333333
24,3253,-93,-43.3966666666667
24,3254,-86,-43.3966666666667
24,3255,-80,-43.3966666666667
24,3256,-35,-4.91111111111111
24,3257,-17,7
24,3258,1,-18.7885462555066
24,3259,0,1.08121827411168
24,3260,36,1.08121827411168
24,3261,130,76.9
24,3262,309,178.774928774929
24,3263,255,-68.3461538461538
24,3264,-396,-266.258620689655
24,3265,-127,-159.10582010582
24,3266,25,-13.8
24,3267,41,-24.0181818181818
24,3268,33,-24.0181818181818
24,3269,-77,-24.0181818181818
24,3270,42,-4.91111111111111
24,3271,163,157.217391304348
24,3272,417,246.40127388535
24,3273,4,-266.258620689655
24,3274,-176,-159.10582010582
24,3275,-186,-137.933333333333
24,3276,-119,-43.3966666666667
24,3277,-148,-43.3966666666667
24,3278,-97,-43.3966666666667
24,3279,-69,-43.3966666666667
24,3280,-39,-4.91111111111111
24,3281,-14,-4.91111111111111
24,3282,-8,7
24,3283,4,1.08121827411168
24,3284,31,1.08121827411168
24,3285,126,76.9
24,3286,308,178.774928774929
24,3287,223,-68.3461538461538
24,3288,-345,-266.258620689655
24,3289,-148,-159.10582010582
24,3290,55,12.4333333333333
24,3291,17,45.0869565217391
24,3292,4,-24.0181818181818
24,3293,-34,1.08121827411168
24,3294,20,-18.7885462555066
24,3295,150,117.846153846154
24,3296,393,246.40127388535
24,3297,1,-68.3461538461538
24,3298,-188,-159.10582010582
24,3299,-145,-137.933333333333
24,3300,-142,-43.3966666666667
24,3301,-77,-43.3966666666667
24,3302,-103,-43.3966666666667
24,3303,-71,-43.3966666666667
24,3304,-44,-4.91111111111111
24,3305,-21,-4.91111111111111
24,3306,-11,-18.7885462555066
24,3307,-2,1.08121827411168
24,3308,26,1.08121827411168
24,3309,11,76.9
24,3310,89,76.9
24,3311,-14,178.774928774929
24,3312,101,1.08121827411168
24,3313,-27,88.4571428571429
24,3314,58,-18.7885462555066
24,3315,64,3.13636363636364
24,3316,-25,-41.3846153846154
24,3317,17,-18.7885462555066
24,3318,17,27.2063492063492
24,3319,143,76.9
24,3320,263,178.774928774929
24,3321,-90,-68.3461538461538
24,3322,-148,-159.10582010582
24,3323,-122,-137.933333333333
24,3324,-84,-43.3966666666667
24,3325,-68,-43.3966666666667
24,3326,-26,-43.3966666666667
24,3327,-12,-18.7885462555066
24,3328,-64,1.08121827411168
24,3329,-31,-4.91111111111111
24,3330,-64,-18.7885462555066
24,3331,-11,-43.3966666666667
24,3332,1,1.08121827411168
24,3333,12,1.08121827411168
24,3334,39,76.9
24,3335,100,76.9
24,3336,109,178.774928774929
24,3337,136,88.4571428571429
24,3338,92,1.27272727272727
24,3339,47,-166.32
24,3340,23,3.13636363636364
24,3341,-31,-24.0181818181818
24,3342,24,-18.7885462555066
24,3343,-31,-24.0181818181818
24,3344,-19,-18.7885462555066
24,3345,-212,-18.7885462555066
24,3346,-25,-43.3966666666667
24,3347,-115,-18.7885462555066
24,3348,-32,-43.3966666666667
24,3349,40,-18.7885462555066
24,3350,-5,27.2063492063492
24,3351,-43,1.08121827411168
24,3352,-7,-43.3966666666667
24,3353,-27,1.08121827411168
24,3354,-38,-18.7885462555066
24,3355,-38,-43.3966666666667
24,3356,0,-43.3966666666667
24,3357,6,1.08121827411168
24,3358,23,1.08121827411168
24,3359,80,76.9
24,3360,98,178.774928774929
24,3361,111,178.774928774929
24,3362,121,88.4571428571429
24,3363,56,-166.32
24,3364,38,-51.9166666666667
24,3365,36,27.2063492063492
24,3366,-2,-24.0181818181818
24,3367,-64,1.08121827411168
24,3368,-8,-43.3966666666667
24,3369,-14,1.08121827411168
24,3370,-26,1.08121827411168
24,3371,-165,-18.7885462555066
24,3372,-80,-43.3966666666667
24,3373,-39,-43.3966666666667
24,3374,-71,-43.3966666666667
24,3375,-63,-43.3966666666667
24,3376,-33,-43.3966666666667
24,3377,-5,-18.7885462555066
24,3378,-3,7
24,3379,5,1.08121827411168
24,3380,25,1.08121827411168
24,3381,123,76.9
24,3382,277,178.774928774929
24,3383,237,-68.3461538461538
24,3384,-368,-266.258620689655
24,3385,-106,-159.10582010582
24,3386,46,12.4333333333333
24,3387,31,45.0869565217391
24,3388,-22,-24.0181818181818
24,3389,-6,-18.7885462555066
24,3390,26,1.08121827411168
24,3391,190,117.846153846154
24,3392,354,246.40127388535
24,3393,-6,-68.3461538461538
24,3394,-257,-159.10582010582
24,3395,-123,-137.933333333333
24,3396,-142,12.4333333333333
24,3397,-98,-43.3966666666667
24,3398,-64,-43.3966666666667
24,3399,-68,-43.3966666666667
24,3400,-33,-4.91111111111111
24,3401,-16,7
24,3402,-8,-18.7885462555066
24,3403,2,1.08121827411168
24,3404,31,1.08121827411168
24,3405,28,76.9
24,3406,115,76.9
24,3407,439,178.774928774929
24,3408,-216,-68.3461538461538
24,3409,-194,-159.10582010582
24,3410,-12,-13.8
24,3411,104,1.08121827411168
24,3412,-14,-41.3846153846154
24,3413,-31,1.08121827411168
24,3414,28,-18.7885462555066
24,3415,175,117.846153846154
24,3416,354,246.40127388535
24,3417,42,-68.3461538461538
24,3418,-227,-159.10582010582
24,3419,-191,-137.933333333333
24,3420,-128,12.4333333333333
24,3421,-119,-43.3966666666667
24,3422,-22,-43.3966666666667
24,3423,-107,-18.7885462555066
24,3424,-23,-4.91111111111111
24,3425,-29,7
24,3426,3,7
24,3427,-7,1.08121827411168
24,3428,35,1.08121827411168
24,3429,133,76.9
24,3430,320,178.774928774929
24,3431,190,-68.3461538461538
24,3432,-315,-266.258620689655
24,3433,-134,-159.10582010582
24,3434,2,12.4333333333333
24,3435,72,1.08121827411168
24,3436,-13,-41.3846153846154
24,3437,-39,1.08121827411168
24,3438,11,-4.91111111111111
24,3439,165,117.846153846154
24,3440,420,246.40127388535
24,3441,-3,-68.3461538461538
24,3442,-199,-159.10582010582
24,3443,-222,-137.933333333333
24,3444,-112,12.4333333333333
24,3445,-89,12.4333333333333
24,3446,-88,-43.3966666666667
24,3447,-62,-43.3966666666667
24,3448,-55,-4.91111111111111
24,3449,-6,-4.91111111111111
24,3450,-11,7
24,3451,1,1.08121827411168
24,3452,32,1.08121827411168
24,3453,128,76.9
24,3454,299,178.774928774929
24,3455,218,-68.3461538461538
24,3456,-345,-266.258620689655
24,3457,-138,-159.10582010582
24,3458,75,12.4333333333333
24,3459,69,45.0869565217391
24,3460,-43,-41.3846153846154
24,3461,-52,-43.3966666666667
24,3462,12,-4.91111111111111
24,3463,159,117.846153846154
24,3464,478,246.40127388535
24,3465,-65,-68.3461538461538
24,3466,-155,-159.10582010582
24,3467,-163,-137.933333333333
24,3468,-158,-43.3966666666667
24,3469,-102,-43.3966666666667
24,3470,-28,-43.3966666666667
24,3471,-138,-18.7885462555066
24,3472,-34,-4.91111111111111
24,3473,-35,-18.7885462555066
24,3474,-13,-18.7885462555066
24,3475,3,1.08121827411168
24,3476,27,1.08121827411168
24,3477,121,76.9
24,3478,222,178.774928774929
24,3479,289,-68.3461538461538
24,3480,-290,-266.258620689655
24,3481,-147,-159.10582010582
24,3482,72,-13.8
24,3483,62,45.0869565217391
24,3484,-8,-41.3846153846154
24,3485,-29,1.08121827411168
24,3486,55,-18.7885462555066
24,3487,105,157.217391304348
24,3488,303,246.40127388535
24,3489,-122,-68.4545454545455
24,3490,-178,-159.10582010582
24,3491,-132,-137.933333333333
24,3492,-104,-43.3966666666667
24,3493,-42,-43.3966666666667
24,3494,-92,-43.3966666666667
24,3495,-16,-4.91111111111111
24,3496,-13,-18.7885462555066
24,3497,-49,7
24,3498,-13,-4.91111111111111
24,3499,-17,1.08121827411168
24,3500,-4,-18.7885462555066
24,3501,18,1.08121827411168
24,3502,37,76.9
24,3503,125,76.9
24,3504,103,178.774928774929
24,3505,188,-68.3461538461538
24,3506,56,1.27272727272727
24,3507,118,-109.460317460317
24,3508,-10,-155.15
24,3509,-46,-51.9166666666667
24,3510,-2,-43.3966666666667
24,3511,45,1.08121827411168
24,3512,-6,-41.3846153846154
24,3513,-81,1.08121827411168
24,3514,-66,-43.3966666666667
24,3515,-147,-43.3966666666667
24,3516,-3,-43.3966666666667
24,3517,-77,1.08121827411168
24,3518,-26,-43.3966666666667
24,3519,-48,-18.7885462555066
24,3520,-56,-43.3966666666667
24,3521,-12,-4.91111111111111
24,3522,-64,1.08121827411168
24,3523,-29,-4.91111111111111
24,3524,-15,-18.7885462555066
24,3525,9,-18.7885462555066
24,3526,21,1.08121827411168
24,3527,83,76.9
24,3528,146,178.774928774929
24,3529,155,1.27272727272727
24,3530,-153,-223.045454545455
24,3531,26,-109.460317460317
24,3532,-136,-4.5
24,3533,-13,-43.3966666666667
24,3534,127,1.08121827411168
24,3535,80,-41.3846153846154
24,3536,-13,-51.9166666666667
24,3537,34,1.08121827411168
24,3538,-36,153.1
24,3539,-67,-43.3966666666667
24,3540,-84,-43.3966666666667
24,3541,-134,-43.3966666666667
24,3542,-10,-43.3966666666667
24,3543,-20,1.08121827411168
24,3544,-16,-18.7885462555066
24,3545,-5,-18.7885462555066
24,3546,-2,1.08121827411168
24,3547,4,1.08121827411168
24,3548,30,1.08121827411168
24,3549,124,76.9
24,3550,281,178.774928774929
24,3551,213,-68.3461538461538
24,3552,-298,-266.258620689655
24,3553,-164,-159.10582010582
24,3554,48,12.4333333333333
24,3555,41,45.0869565217391
24,3556,9,-24.0181818181818
24,3557,-16,1.08121827411168
24,3558,34,-18.7885462555066
24,3559,151,117.846153846154
24,3560,433,246.40127388535
24,3561,-78,-68.3461538461538
24,3562,-516,-159.10582010582
24,3563,-38,-137.933333333333
24,3564,-16,12.4333333333333
24,3565,-84,-18.7885462555066
24,3566,-59,-43.3966666666667
24,3567,-43,-4.91111111111111
24,3568,-26,-4.91111111111111
24,3569,-25,7
24,3570,-5,-18.7885462555066
24,3571,1,1.08121827411168
24,3572,30,1.08121827411168
24,3573,135,76.9
24,3574,350,178.774928774929
24,3575,204,-68.3461538461538
24,3576,-395,-266.258620689655
24,3577,-150,-159.10582010582
24,3578,78,12.4333333333333
24,3579,49,45.0869565217391
24,3580,26,-41.3846153846154
24,3581,-29,-24.0181818181818
24,3582,0,-18.7885462555066
24,3583,165,117.846153846154
24,3584,411,246.40127388535
24,3585,-253,-68.3461538461538
24,3586,-149,-159.10582010582
24,3587,-118,-137.933333333333
24,3588,-78,-43.3966666666667
24,3589,-48,-43.3966666666667
24,3590,-96,-43.3966666666667
24,3591,-81,-4.91111111111111
24,3592,-34,-4.91111111111111
24,3593,-4,-18.7885462555066
24,3594,-10,1.08121827411168
24,3595,1,1.08121827411168
24,3596,32,1.08121827411168
24,3597,147,76.9
24,3598,366,178.774928774929
24,3599,187,-68.3461538461538
24,3600,-364,-266.258620689655
24,3601,-151,-109.460317460317
24,3602,42,12.4333333333333
24,3603,45,45.0869565217391
24,3604,4,-41.3846153846154
24,3605,-50,1.08121827411168
24,3606,50,-4.91111111111111
24,3607,144,157.217391304348
24,3608,323,246.40127388535
24,3609,-100,-266.258620689655
24,3610,-103,-159.10582010582
24,3611,-189,-137.933333333333
24,3612,-40,-43.3966666666667
24,3613,-70,-43.3966666666667
24,3614,-141,-43.3966666666667
24,3615,-80,-4.91111111111111
24,3616,-35,-4.91111111111111
24,3617,-5,-18.7885462555066
24,3618,-11,7
24,3619,-3,1.08121827411168
24,3620,31,1.08121827411168
24,3621,155,76.9
24,3622,289,178.774928774929
24,3623,226,-68.3461538461538
24,3624,-295,-266.258620689655
24,3625,-179,-159.10582010582
24,3626,45,12.4333333333333
24,3627,54,45.0869565217391
24,3628,14,-41.3846153846154
24,3629,-41,-24.0181818181818
24,3630,0,-4.91111111111111
24,3631,160,117.846153846154
24,3632,355,246.40127388535
24,3633,121,-68.3461538461538
24,3634,-308,-223.045454545455
24,3635,-159,-51.9166666666667
24,3636,-145,12.4333333333333
24,3637,-131,-43.3966666666667
24,3638,-41,-43.3966666666667
24,3639,-46,-43.3966666666667
24,3640,-69,-4.91111111111111
24,3641,-26,-4.91111111111111
24,3642,-8,-18.7885462555066
24,3643,0,1.08121827411168
24,3644,30,1.08121827411168
24,3645,113,76.9
24,3646,274,178.774928774929
24,3647,319,-68.3461538461538
24,3648,-355,-266.258620689655
24,3649,-127,-159.10582010582
24,3650,19,-13.8
24,3651,90,27.2063492063492
24,3652,-20,-41.3846153846154
24,3653,-13,-18.7885462555066
24,3654,12,1.08121827411168
24,3655,165,117.846153846154
24,3656,297,246.40127388535
24,3657,-76,-68.3461538461538
24,3658,-200,-159.10582010582
24,3659,-173,-137.933333333333
24,3660,-57,12.4333333333333
24,3661,-55,-43.3966666666667
24,3662,-73,-43.3966666666667
24,3663,-43,-4.91111111111111
24,3664,-20,-4.91111111111111
24,3665,-36,7
24,3666,-41,-43.3966666666667
24,3667,-26,-43.3966666666667
24,3668,2,-18.7885462555066
24,3669,16,1.08121827411168
24,3670,72,76.9
24,3671,60,178.774928774929
24,3672,126,143.336538461538
24,3673,154,1.27272727272727
24,3674,15,-166.32
24,3675,127,-109.460317460317
24,3676,-67,-155.15
24,3677,-35,-51.9166666666667
24,3678,-249,-18.7885462555066
24,3679,201,-43.3966666666667
24,3680,-31,-41.3846153846154
24,3681,-20,-159.10582010582
24,3682,-29,-18.7885462555066
24,3683,-113,-18.7885462555066
24,3684,-33,-4.91111111111111
24,3685,-26,7
24,3686,-24,-18.7885462555066
24,3687,-24,-18.7885462555066
24,3688,0,-18.7885462555066
24,3689,-18,1.08121827411168
24,3690,-63,-18.7885462555066
24,3691,-37,-43.3966666666667
24,3692,0,-43.3966666666667
24,3693,5,1.08121827411168
24,3694,13,1.08121827411168
24,3695,99,76.9
24,3696,130,178.774928774929
24,3697,122,178.774928774929
24,3698,97,-166.32
24,3699,144,-166.32
24,3700,-85,-155.15
24,3701,-164,-109.460317460317
24,3702,14,-43.3966666666667
24,3703,-218,-24.0181818181818
24,3704,60,-43.3966666666667
24,3705,31,-41.3846153846154
24,3706,28,-24.0181818181818
24,3707,-81,27.2063492063492
24,3708,-45,-43.3966666666667
24,3709,-52,-4.91111111111111
24,3710,-34,-43.3966666666667
24,3711,-48,-18.7885462555066
24,3712,-25,-43.3966666666667
24,3713,1,-18.7885462555066
24,3714,-4,1.08121827411168
24,3715,8,1.08121827411168
24,3716,24,1.08121827411168
24,3717,109,76.9
24,3718,288,178.774928774929
24,3719,266,1.27272727272727
24,3720,-357,-266.258620689655
24,3721,-136,-159.10582010582
24,3722,23,-13.8
24,3723,54,27.2063492063492
24,3724,5,-41.3846153846154
24,3725,-42,1.08121827411168
24,3726,36,-4.91111111111111
24,3727,162,117.846153846154
24,3728,401,246.40127388535
24,3729,-11,-68.3461538461538
24,3730,-261,-159.10582010582
24,3731,-157,-137.933333333333
24,3732,-138,12.4333333333333
24,3733,-117,-43.3966666666667
24,3734,-47,-43.3966666666667
24,3735,-76,-43.3966666666667
24,3736,-17,-4.91111111111111
24,3737,-6,7
24,3738,-11,1.08121827411168
24,3739,4,1.08121827411168
24,3740,34,1.08121827411168
24,3741,105,76.9
24,3742,122,178.774928774929
24,3743,424,178.774928774929
24,3744,-298,-166.32
24,3745,-191,-159.10582010582
24,3746,14,-13.8
24,3747,79,27.2063492063492
24,3748,-9,-41.3846153846154
24,3749,-37,1.08121827411168
24,3750,66,-4.91111111111111
24,3751,163,157.217391304348
24,3752,384,246.40127388535
24,3753,-46,-266.258620689655
24,3754,-221,-159.10582010582
24,3755,-162,-137.933333333333
24,3756,-121,12.4333333333333
24,3757,-98,-43.3966666666667
24,3758,-107,-43.3966666666667
24,3759,-62,-43.3966666666667
24,3760,-33,-4.91111111111111
24,3761,-8,7
24,3762,3,1.08121827411168
24,3763,1,1.08121827411168
24,3764,30,1.08121827411168
24,3765,141,76.9
24,3766,373,178.774928774929
24,3767,254,-68.3461538461538
24,3768,-460,-266.258620689655
24,3769,-170,-159.10582010582
24,3770,75,-13.8
24,3771,107,45.0869565217391
24,3772,-60,-41.3846153846154
24,3773,1,-43.3966666666667
24,3774,37,1.08121827411168
24,3775,155,117.846153846154
24,3776,377,246.40127388535
24,3777,-58,-68.3461538461538
24,3778,-169,-159.10582010582
24,3779,-216,-137.933333333333
24,3780,-114,-43.3966666666667
24,3781,-78,12.4333333333333
24,3782,-78,-43.3966666666667
24,3783,-92,-43.3966666666667
24,3784,-42,-4.91111111111111
24,3785,-6,-4.91111111111111
24,3786,-12,7
24,3787,3,1.08121827411168
24,3788,27,1.08121827411168
24,3789,128,76.9
24,3790,369,178.774928774929
24,3791,222,-68.3461538461538
24,3792,-358,-266.258620689655
24,3793,-162,-159.10582010582
24,3794,42,12.4333333333333
24,3795,18,45.0869565217391
24,3796,-4,-24.0181818181818
24,3797,-17,1.08121827411168
24,3798,65,-18.7885462555066
24,3799,144,157.217391304348
24,3800,362,246.40127388535
24,3801,9,-266.258620689655
24,3802,-243,-159.10582010582
24,3803,-139,-137.933333333333
24,3804,-164,12.4333333333333
24,3805,-16,-43.3966666666667
24,3806,-139,-18.7885462555066
24,3807,-70,-43.3966666666667
24,3808,-50,-4.91111111111111
24,3809,-12,-4.91111111111111
24,3810,-15,1.08121827411168
24,3811,2,7
24,3812,22,1.08121827411168
24,3813,79,76.9
24,3814,313,178.774928774929
24,3815,269,178.774928774929
24,3816,-292,-266.258620689655
24,3817,-142,-159.10582010582
24,3818,53,-13.8
24,3819,101,45.0869565217391
24,3820,-42,-41.3846153846154
24,3821,68,-43.3966666666667
24,3822,90,3.13636363636364
24,3823,2,157.217391304348
24,3824,89,1.08121827411168
24,3825,-71,3.13636363636364
24,3826,-94,-43.3966666666667
24,3827,-96,-43.3966666666667
24,3828,-53,-43.3966666666667
24,3829,-26,-43.3966666666667
24,3830,-103,-18.7885462555066
24,3831,-6,-43.3966666666667
24,3832,-89,1.08121827411168
24,3833,-10,-4.91111111111111
24,3834,-34,1.08121827411168
24,3835,-23,-18.7885462555066
24,3836,10,-18.7885462555066
24,3837,14,1.08121827411168
24,3838,30,76.9
24,3839,96,27.2063492063492
24,3840,75,88.4571428571429
24,3841,180,88.4571428571429
24,3842,75,1.27272727272727
24,3843,-21,-109.460317460317
24,3844,33,-18.7885462555066
24,3845,10,27.2063492063492
24,3846,49,1.08121827411168
24,3847,-101,3.13636363636364
24,3848,1,-43.3966666666667
24,3849,-21,1.08121827411168
24,3850,-50,-18.7885462555066
24,3851,-185,-43.3966666666667
24,3852,-103,-43.3966666666667
24,3853,-26,-4.91111111111111
24,3854,67,-18.7885462555066
24,3855,-46,100.5
24,3856,-26,-43.3966666666667
24,3857,11,-18.7885462555066
24,3858,-42,117.846153846154
24,3859,-20,-43.3966666666667
24,3860,-10,-18.7885462555066
24,3861,3,1.08121827411168
24,3862,27,1.08121827411168
24,3863,87,76.9
24,3864,103,45.0869565217391
24,3865,156,178.774928774929
24,3866,101,1.27272727272727
24,3867,56,-223.045454545455
24,3868,-52,3.13636363636364
24,3869,-36,-43.3966666666667
24,3870,-102,-43.3966666666667
24,3871,119,-43.3966666666667
24,3872,29,-41.3846153846154
24,3873,-3,-51.9166666666667
24,3874,-208,1.08121827411168
24,3875,-188,-43.3966666666667
24,3876,67,12.4333333333333
24,3877,-5,143.336538461538
24,3878,-43,1.08121827411168
24,3879,-19,-43.3966666666667
24,3880,-49,-18.7885462555066
24,3881,-15,-4.91111111111111
24,3882,-12,7
24,3883,-17,1.08121827411168
24,3884,-7,-18.7885462555066
24,3885,11,1.08121827411168
24,3886,28,76.9
24,3887,84,76.9
24,3888,102,178.774928774929
24,3889,130,88.4571428571429
24,3890,100,1.27272727272727
24,3891,84,-166.32
24,3892,23,3.13636363636364
24,3893,-54,27.2063492063492
24,3894,-63,-43.3966666666667
24,3895,51,-43.3966666666667
24,3896,-2,-41.3846153846154
24,3897,-16,1.08121827411168
24,3898,-108,-18.7885462555066
24,3899,-113,-43.3966666666667
24,3900,-77,-43.3966666666667
24,3901,-63,-43.3966666666667
24,3902,-51,-43.3966666666667
24,3903,-41,-43.3966666666667
24,3904,-5,-4.91111111111111
24,3905,-19,1.08121827411168
24,3906,5,-18.7885462555066
24,3907,-2,1.08121827411168
24,3908,30,1.08121827411168
24,3909,134,76.9
24,3910,321,178.774928774929
24,3911,139,-68.3461538461538
24,3912,-309,-223.045454545455
24,3913,-151,-51.9166666666667
24,3914,26,12.4333333333333
24,3915,89,27.2063492063492
24,3916,-12,-41.3846153846154
24,3917,-1,1.08121827411168
24,3918,18,1.08121827411168
24,3919,166,117.846153846154
24,3920,398,246.40127388535
24,3921,-17,-68.3461538461538
24,3922,-287,-159.10582010582
24,3923,-167,-137.933333333333
24,3924,-117,12.4333333333333
24,3925,-89,-43.3966666666667
24,3926,-84,-43.3966666666667
24,3927,-58,-43.3966666666667
24,3928,-24,-4.91111111111111
24,3929,-4,7
24,3930,-5,7
24,3931,1,1.08121827411168
24,3932,35,1.08121827411168
24,3933,170,76.9
24,3934,290,178.774928774929
24,3935,225,-68.3461538461538
24,3936,-435,-266.258620689655
24,3937,-55,-159.10582010582
24,3938,-18,12.4333333333333
24,3939,49,-18.7885462555066
24,3940,-32,-41.3846153846154
24,3941,-23,-18.7885462555066
24,3942,34,-18.7885462555066
24,3943,185,117.846153846154
24,3944,433,246.40127388535
24,3945,-24,-68.3461538461538
24,3946,-177,-159.10582010582
24,3947,-250,-137.933333333333
24,3948,-116,-43.3966666666667
24,3949,-77,12.4333333333333
24,3950,-69,-43.3966666666667
24,3951,-85,-43.3966666666667
24,3952,-47,-4.91111111111111
24,3953,-10,-4.91111111111111
24,3954,1,7
24,3955,-1,1.08121827411168
24,3956,30,1.08121827411168
24,3957,162,76.9
24,3958,282,178.774928774929
24,3959,164,-68.3461538461538
24,3960,-523,-223.045454545455
24,3961,-74,-109.460317460317
24,3962,13,12.4333333333333
24,3963,75,27.2063492063492
24,3964,54,-41.3846153846154
24,3965,25,-41.3846153846154
24,3966,54,-24.0181818181818
24,3967,146,157.217391304348
24,3968,392,246.40127388535
24,3969,27,-266.258620689655
24,3970,-277,-159.10582010582
24,3971,-152,-137.933333333333
24,3972,-134,12.4333333333333
24,3973,-55,-43.3966666666667
24,3974,-48,-43.3966666666667
24,3975,-73,-43.3966666666667
24,3976,-67,-4.91111111111111
24,3977,-18,-4.91111111111111
24,3978,-2,-18.7885462555066
24,3979,-1,1.08121827411168
24,3980,32,1.08121827411168
24,3981,100,76.9
24,3982,346,178.774928774929
24,3983,233,178.774928774929
24,3984,-375,-266.258620689655
24,3985,-120,-159.10582010582
24,3986,72,12.4333333333333
24,3987,27,45.0869565217391
24,3988,31,-24.0181818181818
24,3989,-101,-24.0181818181818
24,3990,78,-4.91111111111111
24,3991,139,157.217391304348
24,3992,302,246.40127388535
24,3993,20,-266.258620689655
24,3994,-224,-159.10582010582
24,3995,-177,-137.933333333333
24,3996,-90,12.4333333333333
24,3997,-2,-43.3966666666667
24,3998,-51,1.08121827411168
24,3999,-98,-43.3966666666667
24,4000,-33,-4.91111111111111
24,4001,-40,7
24,4002,-34,-4.91111111111111
24,4003,-32,-18.7885462555066
24,4004,4,-18.7885462555066
24,4005,19,1.08121827411168
24,4006,48,76.9
24,4007,148,143.336538461538
24,4008,118,178.774928774929
24,4009,74,-223.045454545455
24,4010,156,-51.9166666666667
24,4011,116,-155.15
24,4012,-26,-223.045454545455
24,4013,-42,-51.9166666666667
24,4014,-114,-43.3966666666667
24,4015,-398,-43.3966666666667
24,4016,57,-43.3966666666667
24,4017,-4,-41.3846153846154
24,4018,48,1.08121827411168
24,4019,-21,143.336538461538
24,4020,-13,-18.7885462555066
24,4021,13,1.08121827411168
24,4022,-61,117.846153846154
24,4023,-9,-43.3966666666667
24,4024,0,1.08121827411168
24,4025,-28,1.08121827411168
24,4026,-50,-18.7885462555066
24,4027,-18,-43.3966666666667
24,4028,27,-18.7885462555066
24,4029,-20,27.2063492063492
24,4030,35,-18.7885462555066
24,4031,100,-4.5
24,4032,129,88.4571428571429
24,4033,196,178.774928774929
24,4034,90,-166.32
24,4035,172,-223.045454545455
24,4036,-28,1.27272727272727
24,4037,-82,-109.460317460317
24,4038,49,-43.3966666666667
24,4039,5,-41.3846153846154
24,4040,-30,1.08121827411168
24,4041,-111,-18.7885462555066
24,4042,-64,-43.3966666666667
24,4043,-140,-4.91111111111111
24,4044,-150,-43.3966666666667
24,4045,-17,-43.3966666666667
24,4046,-97,-18.7885462555066
24,4047,-51,-4.91111111111111
24,4048,-23,-43.3966666666667
24,4049,-1,-18.7885462555066
24,4050,-5,1.08121827411168
24,4051,-7,1.08121827411168
24,4052,35,1.08121827411168
24,4053,140,76.9
24,4054,267,178.774928774929
24,4055,283,-68.3461538461538
24,4056,-369,-266.258620689655
24,4057,-151,-159.10582010582
24,4058,26,-13.8
24,4059,96,-24.0181818181818
24,4060,-9,-41.3846153846154
24,4061,17,1.08121827411168
24,4062,6,-24.0181818181818
24,4063,142,117.846153846154
24,4064,383,246.40127388535
24,4065,97,-68.3461538461538
24,4066,-335,-223.045454545455
24,4067,-243,-137.933333333333
24,4068,-105,12.4333333333333
24,4069,-126,12.4333333333333
24,4070,-66,-43.3966666666667
24,4071,-61,-43.3966666666667
24,4072,-22,-4.91111111111111
24,4073,-4,7
24,4074,2,7
24,4075,1,1.08121827411168
24,4076,35,1.08121827411168
24,4077,167,76.9
24,4078,385,178.774928774929
24,4079,154,-68.3461538461538
24,4080,-392,-223.045454545455
24,4081,-162,-109.460317460317
24,4082,51,12.4333333333333
24,4083,69,45.0869565217391
24,4084,12,-41.3846153846154
24,4085,-73,-24.0181818181818
24,4086,71,-4.91111111111111
24,4087,210,157.217391304348
24,4088,434,246.40127388535
24,4089,-93,-266.258620689655
24,4090,-281,-159.10582010582
24,4091,-135,-137.933333333333
24,4092,-151,12.4333333333333
24,4093,-94,-43.3966666666667
24,4094,-107,-43.3966666666667
24,4095,-60,-4.91111111111111
24,4096,-28,-4.91111111111111
24,4097,-10,7
24,4098,-4,1.08121827411168
24,4099,-2,1.08121827411168
24,4100,43,1.08121827411168
24,4101,157,143.336538461538
24,4102,352,178.774928774929
24,4103,213,-266.258620689655
24,4104,-442,-266.258620689655
24,4105,-123,-159.10582010582
24,4106,27,12.4333333333333
24,4107,120,-24.0181818181818
24,4108,-29,-41.3846153846154
24,4109,-45,-51.9166666666667
24,4110,40,-4.91111111111111
24,4111,191,117.846153846154
24,4112,416,246.40127388535
24,4113,52,-68.3461538461538
24,4114,-342,-159.10582010582
24,4115,-165,-137.933333333333
24,4116,-164,12.4333333333333
24,4117,-94,-43.3966666666667
24,4118,-85,-43.3966666666667
24,4119,-70,-43.3966666666667
24,4120,-29,-4.91111111111111
24,4121,-19,7
24,4122,2,7
24,4123,-5,7
24,4124,51,1.08121827411168
24,4125,138,143.336538461538
24,4126,376,178.774928774929
24,4127,187,-166.32
24,4128,-420,-266.258620689655
24,4129,-126,-109.460317460317
24,4130,42,12.4333333333333
24,4131,43,45.0869565217391
24,4132,-14,-41.3846153846154
24,4133,-9,1.08121827411168
24,4134,78,1.08121827411168
24,4135,139,157.217391304348
24,4136,393,246.40127388535
24,4137,-32,-266.258620689655
24,4138,-178,-159.10582010582
24,4139,-211,-137.933333333333
24,4140,-146,-43.3966666666667
24,4141,-66,12.4333333333333
24,4142,-81,-43.3966666666667
24,4143,-83,-43.3966666666667
24,4144,-46,-4.91111111111111
24,4145,-11,-4.91111111111111
24,4146,-16,7
24,4147,-2,-18.7885462555066
24,4148,29,1.08121827411168
24,4149,111,76.9
24,4150,302,178.774928774929
24,4151,312,-68.3461538461538
24,4152,-419,-266.258620689655
24,4153,-101,-159.10582010582
24,4154,34,-13.8
24,4155,129,27.2063492063492
24,4156,-1,-41.3846153846154
24,4157,-37,-51.9166666666667
24,4158,-4,-4.91111111111111
24,4159,196,117.846153846154
24,4160,331,246.40127388535
24,4161,-86,-68.3461538461538
24,4162,-229,-159.10582010582
24,4163,-175,-137.933333333333
24,4164,-92,12.4333333333333
24,4165,-83,-43.3966666666667
24,4166,-34,-43.3966666666667
24,4167,12,-18.7885462555066
24,4168,-98,27.2063492063492
24,4169,-16,-4.91111111111111
24,4170,-56,7
24,4171,-31,-4.91111111111111
24,4172,10,-18.7885462555066
24,4173,17,1.08121827411168
24,4174,40,76.9
24,4175,139,27.2063492063492
24,4176,130,1.27272727272727
24,4177,100,-68.3461538461538
24,4178,185,-166.32
24,4179,79,-155.15
24,4180,-2,-109.460317460317
24,4181,11,1.08121827411168
24,4182,-61,-24.0181818181818
24,4183,129,-43.3966666666667
24,4184,-54,-41.3846153846154
24,4185,-115,-51.9166666666667
24,4186,-136,-43.3966666666667
24,4187,-148,-43.3966666666667
24,4188,-34,-43.3966666666667
24,4189,-17,-18.7885462555066
24,4190,-50,-18.7885462555066
24,4191,-78,-4.91111111111111
24,4192,-34,-4.91111111111111
24,4193,-28,-18.7885462555066
24,4194,-41,-18.7885462555066
24,4195,-40,-43.3966666666667
24,4196,5,-43.3966666666667
24,4197,22,1.08121827411168
24,4198,36,76.9
24,4199,57,76.9
24,4200,168,143.336538461538
24,4201,194,1.27272727272727
24,4202,69,-266.258620689655
24,4203,97,-159.10582010582
24,4204,38,-155.15
24,4205,-59,-24.0181818181818
24,4206,-78,-43.3966666666667
24,4207,39,-43.3966666666667
24,4208,-26,-24.0181818181818
24,4209,-89,-18.7885462555066
24,4210,-78,-43.3966666666667
24,4211,-79,-43.3966666666667
24,4212,-133,-4.91111111111111
24,4213,-64,-43.3966666666667
24,4214,-33,-43.3966666666667
24,4215,-49,-18.7885462555066
24,4216,-24,-4.91111111111111
24,4217,-8,-18.7885462555066
24,4218,-6,1.08121827411168
24,4219,4,1.08121827411168
24,4220,34,1.08121827411168
24,4221,119,76.9
24,4222,328,178.774928774929
24,4223,191,-68.3461538461538
24,4224,-384,-266.258620689655
24,4225,-97,-159.10582010582
24,4226,50,12.4333333333333
24,4227,43,45.0869565217391
24,4228,48,-41.3846153846154
24,4229,-11,3.13636363636364
24,4230,6,1.08121827411168
24,4231,115,117.846153846154
24,4232,389,246.40127388535
24,4233,-68,-68.3461538461538
24,4234,-288,-159.10582010582
24,4235,-146,-137.933333333333
24,4236,-107,12.4333333333333
24,4237,-104,-43.3966666666667
24,4238,-59,-43.3966666666667
24,4239,-57,-43.3966666666667
24,4240,-8,-4.91111111111111
24,4241,-1,7
24,4242,2,1.08121827411168
24,4243,1,1.08121827411168
24,4244,41,1.08121827411168
24,4245,119,76.9
24,4246,189,178.774928774929
24,4247,316,-166.32
24,4248,-379,-266.258620689655
24,4249,-133,-159.10582010582
24,4250,-9,-13.8
24,4251,-63,1.08121827411168
24,4252,26,-43.3966666666667
24,4253,29,-24.0181818181818
24,4254,-107,-24.0181818181818
24,4255,105,-4.91111111111111
24,4256,197,246.40127388535
24,4257,-57,1.27272727272727
24,4258,43,-159.10582010582
24,4259,-34,3.13636363636364
24,4260,-83,-18.7885462555066
24,4261,-56,-43.3966666666667
24,4262,-73,-43.3966666666667
24,4263,-52,-43.3966666666667
24,4264,-14,-43.3966666666667
24,4265,-9,1.08121827411168
24,4266,2,1.08121827411168
24,4267,5,1.08121827411168
24,4268,46,1.08121827411168
24,4269,116,143.336538461538
24,4270,373,178.774928774929
24,4271,252,-166.32
24,4272,-435,-266.258620689655
24,4273,-170,-159.10582010582
24,4274,55,-13.8
24,4275,66,45.0869565217391
24,4276,-24,-41.3846153846154
24,4277,-3,-18.7885462555066
24,4278,25,1.08121827411168
24,4279,155,117.846153846154
24,4280,420,246.40127388535
24,4281,6,-68.3461538461538
24,4282,-281,-159.10582010582
24,4283,-202,-137.933333333333
24,4284,-60,12.4333333333333
24,4285,-120,12.4333333333333
24,4286,-106,-43.3966666666667
24,4287,-65,-43.3966666666667
24,4288,-40,-4.91111111111111
24,4289,-7,-4.91111111111111
24,4290,-5,7
24,4291,0,1.08121827411168
24,4292,50,1.08121827411168
24,4293,114,143.336538461538
24,4294,364,178.774928774929
24,4295,256,-166.32
24,4296,-435,-266.258620689655
24,4297,-165,-159.10582010582
24,4298,53,-13.8
24,4299,47,45.0869565217391
24,4300,46,-41.3846153846154
24,4301,-38,3.13636363636364
24,4302,-7,-4.91111111111111
24,4303,166,117.846153846154
24,4304,519,246.40127388535
24,4305,-76,-68.3461538461538
24,4306,-297,-159.10582010582
24,4307,-186,-137.933333333333
24,4308,-143,12.4333333333333
24,4309,13,-43.3966666666667
24,4310,-133,-24.0181818181818
24,4311,-88,-4.91111111111111
24,4312,-17,-4.91111111111111
24,4313,-35,117.846153846154
24,4314,-2,7
24,4315,-2,1.08121827411168
24,4316,39,1.08121827411168
24,4317,116,27.2063492063492
24,4318,338,178.774928774929
24,4319,254,-68.3461538461538
24,4320,-374,-266.258620689655
24,4321,-158,-159.10582010582
24,4322,96,-13.8
24,4323,68,45.0869565217391
24,4324,32,-41.3846153846154
24,4325,-9,-24.0181818181818
24,4326,11,1.08121827411168
24,4327,144,117.846153846154
24,4328,279,246.40127388535
24,4329,-41,-68.3461538461538
24,4330,-217,-159.10582010582
24,4331,-219,-137.933333333333
24,4332,-57,12.4333333333333
24,4333,-17,12.4333333333333
24,4334,-109,-18.7885462555066
24,4335,-14,-43.3966666666667
24,4336,-48,1.08121827411168
24,4337,-41,-4.91111111111111
24,4338,-38,-43.3966666666667
24,4339,-30,-43.3966666666667
24,4340,2,-18.7885462555066
24,4341,24,1.08121827411168
24,4342,36,76.9
25,1,24,0.810888252148997
25,2,60,76.584
25,3,203,143.761904761905
25,4,304,179.825443786982
25,5,-272,-284.6875
25,6,-134,-158.035928143713
25,7,14,-24.1
25,8,69,33.020202020202
25,9,-28,-14.280701754386
25,10,-13,-18.2730627306273
25,11,51,-18.2730627306273
25,12,87,117.35
25,13,239,265.34328358209
25,14,-46,-123.346153846154
25,15,-165,-158.035928143713
25,16,-186,-54.5392156862745
25,17,11,-54.5392156862745
25,18,-67,76.584
25,19,-30,-54.5392156862745
25,20,-31,-18.2730627306273
25,21,-10,-18.2730627306273
25,22,-13,0.810888252148997
25,23,-38,-18.2730627306273
25,24,-23,-54.5392156862745
25,25,-3,-18.2730627306273
25,26,18,0.810888252148997
25,27,21,76.584
25,28,101,76.584
25,29,78,179.825443786982
25,30,90,117.35
25,31,150,51.3541666666667
25,32,158,-123.346153846154
25,33,17,-234.936507936508
25,34,-87,-118.533333333333
25,35,54,-54.5392156862745
25,36,-70,-14.280701754386
25,37,8,-54.5392156862745
25,38,-202,0.810888252148997
25,39,-57,-54.5392156862745
25,40,-76,13.6428571428571
25,41,-65,-54.5392156862745
25,42,13,-54.5392156862745
25,43,-44,33.020202020202
25,44,-45,-6.02040816326531
25,45,-5,-54.5392156862745
25,46,19,0.810888252148997
25,47,-56,76.584
25,48,-13,-54.5392156862745
25,49,6,-18.2730627306273
25,50,79,0.810888252148997
25,51,-13,179.825443786982
25,52,41,-18.2730627306273
25,53,150,33.020202020202
25,54,85,117.35
25,55,91,-118.533333333333
25,56,-6,9.55555555555556
25,57,19,0.810888252148997
25,58,97,33.020202020202
25,59,12,-14.280701754386
25,60,-62,-22.8783783783784
25,61,44,-54.5392156862745
25,62,-123,-22.8783783783784
25,63,-86,-54.5392156862745
25,64,-114,-54.5392156862745
25,65,-98,-54.5392156862745
25,66,-66,-54.5392156862745
25,67,-5,-54.5392156862745
25,68,-46,0.810888252148997
25,69,-12,-6.02040816326531
25,70,0,-18.2730627306273
25,71,-1,0.810888252148997
25,72,20,0.810888252148997
25,73,86,76.584
25,74,196,121.178571428571
25,75,283,179.825443786982
25,76,-272,-284.6875
25,77,-113,-158.035928143713
25,78,5,-24.1
25,79,72,0.810888252148997
25,80,0,-14.280701754386
25,81,-13,0.810888252148997
25,82,56,-18.2730627306273
25,83,71,117.35
25,84,334,265.34328358209
25,85,-111,-123.346153846154
25,86,-124,-158.035928143713
25,87,-165,-141.977777777778
25,88,-91,-54.5392156862745
25,89,-115,-54.5392156862745
25,90,-57,-54.5392156862745
25,91,-33,-6.02040816326531
25,92,-22,-18.2730627306273
25,93,-6,-18.2730627306273
25,94,-2,0.810888252148997
25,95,-2,0.810888252148997
25,96,26,0.810888252148997
25,97,73,76.584
25,98,241,179.825443786982
25,99,263,179.825443786982
25,100,-196,-284.6875
25,101,-189,-158.035928143713
25,102,39,-24.1
25,103,73,33.020202020202
25,104,14,-14.280701754386
25,105,-34,-22.8783783783784
25,106,5,-18.2730627306273
25,107,169,116.493975903614
25,108,272,200.5
25,109,43,-64.7222222222222
25,110,-242,-209.612903225806
25,111,-179,-141.977777777778
25,112,-136,13.6428571428571
25,113,-85,-54.5392156862745
25,114,-79,-54.5392156862745
25,115,-38,-54.5392156862745
25,116,-30,-6.02040816326531
25,117,-6,15.1818181818182
25,118,-2,0.810888252148997
25,119,-2,0.810888252148997
25,120,26,0.810888252148997
25,121,99,76.584
25,122,240,179.825443786982
25,123,318,179.825443786982
25,124,-321,-284.6875
25,125,-196,-158.035928143713
25,126,46,-24.1
25,127,70,-14.280701754386
25,128,-32,-14.280701754386
25,129,7,-18.2730627306273
25,130,10,0.810888252148997
25,131,122,116.493975903614
25,132,354,265.34328358209
25,133,15,-64.7222222222222
25,134,-265,-158.035928143713
25,135,-122,-141.977777777778
25,136,-74,13.6428571428571
25,137,-117,-54.5392156862745
25,138,-50,-54.5392156862745
25,139,-86,-54.5392156862745
25,140,-32,-6.02040816326531
25,141,5,15.1818181818182
25,142,-13,0.810888252148997
25,143,-4,-18.2730627306273
25,144,28,0.810888252148997
25,145,97,76.584
25,146,228,179.825443786982
25,147,284,179.825443786982
25,148,-287,-284.6875
25,149,-105,-158.035928143713
25,150,22,-24.1
25,151,8,33.020202020202
25,152,15,0.810888252148997
25,153,-4,-22.8783783783784
25,154,-18,0.810888252148997
25,155,133,116.493975903614
25,156,420,265.34328358209
25,157,-124,-64.7222222222222
25,158,-211,-158.035928143713
25,159,-175,-141.977777777778
25,160,-78,13.6428571428571
25,161,-85,-54.5392156862745
25,162,-13,-54.5392156862745
25,163,-75,-18.2730627306273
25,164,-23,-6.02040816326531
25,165,-27,15.1818181818182
25,166,-3,-18.2730627306273
25,167,-3,0.810888252148997
25,168,18,0.810888252148997
25,169,57,76.584
25,170,166,143.761904761905
25,171,262,179.825443786982
25,172,-132,-284.6875
25,173,-138,-158.035928143713
25,174,53,-24.1
25,175,46,-14.280701754386
25,176,74,-14.280701754386
25,177,79,9.55555555555556
25,178,47,121.178571428571
25,179,-1,117.35
25,180,119,0.810888252148997
25,181,-171,-123.346153846154
25,182,-72,-34.5555555555556
25,183,-160,-54.5392156862745
25,184,-62,-54.5392156862745
25,185,-32,-54.5392156862745
25,186,-45,-18.2730627306273
25,187,-19,-6.02040816326531
25,188,-25,-18.2730627306273
25,189,-33,-18.2730627306273
25,190,-8,-18.2730627306273
25,191,-21,0.810888252148997
25,192,-5,-18.2730627306273
25,193,17,0.810888252148997
25,194,35,76.584
25,195,69,76.584
25,196,153,179.825443786982
25,197,87,51.3541666666667
25,198,132,-118.533333333333
25,199,95,-123.346153846154
25,200,53,-34.5555555555556
25,201,-65,9.55555555555556
25,202,48,-54.5392156862745
25,203,-11,9.55555555555556
25,204,-48,0.810888252148997
25,205,-50,-54.5392156862745
25,206,-104,-54.5392156862745
25,207,-205,-54.5392156862745
25,208,26,-54.5392156862745
25,209,-52,76.584
25,210,-64,-54.5392156862745
25,211,-33,-54.5392156862745
25,212,-21,-18.2730627306273
25,213,-32,-18.2730627306273
25,214,-6,15.1818181818182
25,215,-19,0.810888252148997
25,216,5,-18.2730627306273
25,217,16,0.810888252148997
25,218,9,76.584
25,219,47,0.810888252148997
25,220,95,143.761904761905
25,221,120,121.178571428571
25,222,105,51.3541666666667
25,223,53,-234.936507936508
25,224,26,9.55555555555556
25,225,20,33.020202020202
25,226,-17,-22.8783783783784
25,227,-10,-18.2730627306273
25,228,-65,0.810888252148997
25,229,-101,-54.5392156862745
25,230,-34,-54.5392156862745
25,231,-65,-18.2730627306273
25,232,-81,-54.5392156862745
25,233,-12,-54.5392156862745
25,234,-67,-18.2730627306273
25,235,-14,-6.02040816326531
25,236,-21,-18.2730627306273
25,237,-10,-18.2730627306273
25,238,-3,0.810888252148997
25,239,2,0.810888252148997
25,240,27,0.810888252148997
25,241,79,76.584
25,242,220,179.825443786982
25,243,286,179.825443786982
25,244,-331,-284.6875
25,245,-108,-158.035928143713
25,246,45,-24.1
25,247,57,33.020202020202
25,248,1,-14.280701754386
25,249,-63,0.810888252148997
25,250,37,-6.02040816326531
25,251,136,116.493975903614
25,252,241,265.34328358209
25,253,14,-64.7222222222222
25,254,-225,-158.035928143713
25,255,-145,-54.5392156862745
25,256,-111,13.6428571428571
25,257,-57,-54.5392156862745
25,258,-41,-54.5392156862745
25,259,-41,-54.5392156862745
25,260,-17,-6.02040816326531
25,261,-7,15.1818181818182
25,262,0,0.810888252148997
25,263,0,0.810888252148997
25,264,22,0.810888252148997
25,265,79,76.584
25,266,281,179.825443786982
25,267,308,179.825443786982
25,268,-373,-284.6875
25,269,-138,-158.035928143713
25,270,58,-24.1
25,271,20,-14.280701754386
25,272,24,-22.8783783783784
25,273,-59,-22.8783783783784
25,274,-21,-6.02040816326531
25,275,159,116.493975903614
25,276,382,265.34328358209
25,277,-40,-64.7222222222222
25,278,-225,-158.035928143713
25,279,-197,-141.977777777778
25,280,-76,13.6428571428571
25,281,-79,-54.5392156862745
25,282,-65,-54.5392156862745
25,283,-32,-54.5392156862745
25,284,-18,-18.2730627306273
25,285,-10,15.1818181818182
25,286,0,15.1818181818182
25,287,25,0.810888252148997
25,288,79,76.584
25,289,215,179.825443786982
25,290,274,179.825443786982
25,291,-293,-284.6875
25,292,-149,-158.035928143713
25,293,27,-24.1
25,294,2,33.020202020202
25,295,-19,0.810888252148997
25,296,-28,-18.2730627306273
25,297,67,-18.2730627306273
25,298,105,143.761904761905
25,299,272,265.34328358209
25,300,6,-123.346153846154
25,301,-201,-158.035928143713
25,302,-149,-24.1
25,303,-70,13.6428571428571
25,304,-31,-54.5392156862745
25,305,-73,-18.2730627306273
25,306,-38,-54.5392156862745
25,307,-14,-6.02040816326531
25,308,-5,15.1818181818182
25,309,1,0.810888252148997
25,310,-4,0.810888252148997
25,311,20,0.810888252148997
25,312,75,76.584
25,313,210,179.825443786982
25,314,318,179.825443786982
25,315,-337,-284.6875
25,316,-146,-158.035928143713
25,317,83,-24.1
25,318,35,-14.280701754386
25,319,-56,-22.8783783783784
25,320,21,-54.5392156862745
25,321,-13,-22.8783783783784
25,322,142,116.493975903614
25,323,303,265.34328358209
25,324,-46,-64.7222222222222
25,325,-177,-158.035928143713
25,326,-153,-141.977777777778
25,327,-93,-54.5392156862745
25,328,-29,-54.5392156862745
25,329,-64,-18.2730627306273
25,330,-39,-54.5392156862745
25,331,-25,-6.02040816326531
25,332,-19,-18.2730627306273
25,333,0,-18.2730627306273
25,334,-6,0.810888252148997
25,335,16,0.810888252148997
25,336,63,76.584
25,337,212,143.761904761905
25,338,267,179.825443786982
25,339,-233,-284.6875
25,340,-138,-158.035928143713
25,341,41,-24.1
25,342,89,33.020202020202
25,343,36,-14.280701754386
25,344,-10,-22.8783783783784
25,345,4,0.810888252148997
25,346,111,116.493975903614
25,347,275,200.5
25,348,-67,-64.7222222222222
25,349,-244,-158.035928143713
25,350,-141,-141.977777777778
25,351,-97,13.6428571428571
25,352,26,-54.5392156862745
25,353,-17,-22.8783783783784
25,354,-102,-18.2730627306273
25,355,-26,-6.02040816326531
25,356,-14,15.1818181818182
25,357,-24,-18.2730627306273
25,358,-18,-18.2730627306273
25,359,-7,-18.2730627306273
25,360,14,0.810888252148997
25,361,43,76.584
25,362,96,76.584
25,363,105,179.825443786982
25,364,141,51.3541666666667
25,365,158,51.3541666666667
25,366,114,-234.936507936508
25,367,0,-234.936507936508
25,368,-18,-34.5555555555556
25,369,-2,-18.2730627306273
25,370,-76,0.810888252148997
25,371,-22,-54.5392156862745
25,372,-79,-18.2730627306273
25,373,-22,-54.5392156862745
25,374,-138,-18.2730627306273
25,375,-101,-54.5392156862745
25,376,-8,-6.02040816326531
25,377,-16,0.810888252148997
25,378,-72,-18.2730627306273
25,379,-18,-54.5392156862745
25,380,-32,-18.2730627306273
25,381,-29,-18.2730627306273
25,382,-33,-18.2730627306273
25,383,-2,-18.2730627306273
25,384,6,0.810888252148997
25,385,30,0.810888252148997
25,386,51,76.584
25,387,154,143.761904761905
25,388,170,179.825443786982
25,389,107,-234.936507936508
25,390,107,-234.936507936508
25,391,46,-123.346153846154
25,392,-53,9.55555555555556
25,393,-11,-54.5392156862745
25,394,-1,0.810888252148997
25,395,7,0.810888252148997
25,396,-144,0.810888252148997
25,397,-100,-54.5392156862745
25,398,-88,-54.5392156862745
25,399,-62,-54.5392156862745
25,400,-95,-54.5392156862745
25,401,-44,-54.5392156862745
25,402,-49,-6.02040816326531
25,403,-13,-6.02040816326531
25,404,-14,-18.2730627306273
25,405,-6,-18.2730627306273
25,406,-2,0.810888252148997
25,407,32,0.810888252148997
25,408,95,76.584
25,409,254,179.825443786982
25,410,210,179.825443786982
25,411,-300,-234.936507936508
25,412,-73,-158.035928143713
25,413,27,13.6428571428571
25,414,20,33.020202020202
25,415,-8,-22.8783783783784
25,416,25,0.810888252148997
25,417,-13,-22.8783783783784
25,418,83,116.493975903614
25,419,354,265.34328358209
25,420,-36,-14.280701754386
25,421,-154,-158.035928143713
25,422,-147,-141.977777777778
25,423,-104,-54.5392156862745
25,424,-57,-54.5392156862745
25,425,-93,-54.5392156862745
25,426,-78,-54.5392156862745
25,427,-32,-6.02040816326531
25,428,-7,-18.2730627306273
25,429,2,0.810888252148997
25,430,3,0.810888252148997
25,431,21,0.810888252148997
25,432,114,76.584
25,433,317,179.825443786982
25,434,212,-174
25,435,-273,-234.936507936508
25,436,-183,-158.035928143713
25,437,22,13.6428571428571
25,438,5,33.020202020202
25,439,-5,0.810888252148997
25,440,18,0.810888252148997
25,441,51,-22.8783783783784
25,442,62,143.761904761905
25,443,411,265.34328358209
25,444,-6,-123.346153846154
25,445,-238,-158.035928143713
25,446,-135,-141.977777777778
25,447,-105,13.6428571428571
25,448,-135,-54.5392156862745
25,449,-80,-54.5392156862745
25,450,-44,-54.5392156862745
25,451,-24,-6.02040816326531
25,452,-5,15.1818181818182
25,453,-3,0.810888252148997
25,454,1,0.810888252148997
25,455,27,0.810888252148997
25,456,100,76.584
25,457,284,179.825443786982
25,458,158,179.825443786982
25,459,-311,-234.936507936508
25,460,-118,-118.533333333333
25,461,-28,13.6428571428571
25,462,-9,-18.2730627306273
25,463,-46,0.810888252148997
25,464,-13,-54.5392156862745
25,465,47,-18.2730627306273
25,466,137,143.761904761905
25,467,253,265.34328358209
25,468,17,-64.7222222222222
25,469,-137,-158.035928143713
25,470,-108,-24.1
25,471,-71,-54.5392156862745
25,472,-27,-54.5392156862745
25,473,-92,-18.2730627306273
25,474,-45,-54.5392156862745
25,475,-12,-6.02040816326531
25,476,-7,-18.2730627306273
25,477,-2,0.810888252148997
25,478,0,0.810888252148997
25,479,26,0.810888252148997
25,480,90,76.584
25,481,286,179.825443786982
25,482,271,179.825443786982
25,483,-376,-284.6875
25,484,-112,-158.035928143713
25,485,40,-24.1
25,486,35,33.020202020202
25,487,-26,-22.8783783783784
25,488,-1,-18.2730627306273
25,489,25,0.810888252148997
25,490,125,116.493975903614
25,491,361,265.34328358209
25,492,28,-64.7222222222222
25,493,-190,-158.035928143713
25,494,-182,-141.977777777778
25,495,-137,-54.5392156862745
25,496,-19,-54.5392156862745
25,497,-104,-18.2730627306273
25,498,-80,-54.5392156862745
25,499,-39,-6.02040816326531
25,500,-4,-6.02040816326531
25,501,-11,0.810888252148997
25,502,-7,0.810888252148997
25,503,22,0.810888252148997
25,504,88,76.584
25,505,246,179.825443786982
25,506,341,179.825443786982
25,507,-341,-284.6875
25,508,-122,-158.035928143713
25,509,17,-24.1
25,510,108,33.020202020202
25,511,19,-14.280701754386
25,512,13,-22.8783783783784
25,513,13,-22.8783783783784
25,514,173,116.493975903614
25,515,239,265.34328358209
25,516,-151,-64.7222222222222
25,517,-176,-158.035928143713
25,518,-151,-54.5392156862745
25,519,-54,-54.5392156862745
25,520,-85,-54.5392156862745
25,521,-15,-54.5392156862745
25,522,-45,-18.2730627306273
25,523,-54,-6.02040816326531
25,524,-7,-6.02040816326531
25,525,-52,0.810888252148997
25,526,-20,-6.02040816326531
25,527,-8,-18.2730627306273
25,528,30,0.810888252148997
25,529,45,76.584
25,530,125,76.584
25,531,130,179.825443786982
25,532,151,-174
25,533,126,-234.936507936508
25,534,32,-234.936507936508
25,535,9,-34.5555555555556
25,536,-40,0.810888252148997
25,537,19,-54.5392156862745
25,538,11,-22.8783783783784
25,539,-71,-22.8783783783784
25,540,-152,-54.5392156862745
25,541,-362,-54.5392156862745
25,542,-15,-54.5392156862745
25,543,63,-18.2730627306273
25,544,8,-14.280701754386
25,545,-19,0.810888252148997
25,546,26,-18.2730627306273
25,547,-44,76.584
25,548,-17,-54.5392156862745
25,549,-16,-18.2730627306273
25,550,-33,-18.2730627306273
25,551,-1,-18.2730627306273
25,552,6,0.810888252148997
25,553,12,0.810888252148997
25,554,27,33.020202020202
25,555,28,76.584
25,556,-11,76.584
25,557,9,0.810888252148997
25,558,-16,0.810888252148997
25,559,-9,-18.2730627306273
25,560,1,0.810888252148997
25,561,-15,0.810888252148997
25,562,-2,-18.2730627306273
25,563,-9,0.810888252148997
25,564,12,0.810888252148997
25,565,-4,33.020202020202
25,566,0,0.810888252148997
25,567,-24,0.810888252148997
25,568,2,-18.2730627306273
25,569,4,0.810888252148997
25,570,-11,0.810888252148997
25,571,-4,0.810888252148997
25,572,2,0.810888252148997
25,573,-3,0.810888252148997
25,574,2,0.810888252148997
25,575,11,0.810888252148997
25,576,31,33.020202020202
25,577,162,33.020202020202
25,578,275,132.666666666667
25,579,-210,-174
25,580,-172,-158.035928143713
25,581,1,-24.1
25,582,28,0.810888252148997
25,583,-22,33.020202020202
25,584,7,-18.2730627306273
25,585,-2,0.810888252148997
25,586,-9,116.493975903614
25,587,129,0.810888252148997
25,588,147,-14.280701754386
25,589,-81,-64.7222222222222
25,590,-95,-118.533333333333
25,591,-51,-54.5392156862745
25,592,-63,-54.5392156862745
25,593,-30,-54.5392156862745
25,594,-46,-18.2730627306273
25,595,-6,-6.02040816326531
25,596,-4,0.810888252148997
25,597,-1,0.810888252148997
25,598,1,0.810888252148997
25,599,19,0.810888252148997
25,600,98,76.584
25,601,270,179.825443786982
25,602,221,132.666666666667
25,603,-303,-234.936507936508
25,604,-146,-158.035928143713
25,605,22,13.6428571428571
25,606,40,33.020202020202
25,607,0,-22.8783783783784
25,608,-8,0.810888252148997
25,609,20,0.810888252148997
25,610,126,116.493975903614
25,611,329,265.34328358209
25,612,-59,-64.7222222222222
25,613,-150,-158.035928143713
25,614,-197,-141.977777777778
25,615,-59,-54.5392156862745
25,616,-69,-54.5392156862745
25,617,-84,-54.5392156862745
25,618,-37,-54.5392156862745
25,619,-11,-6.02040816326531
25,620,-18,0.810888252148997
25,621,-4,15.1818181818182
25,622,3,0.810888252148997
25,623,18,0.810888252148997
25,624,82,76.584
25,625,283,179.825443786982
25,626,265,179.825443786982
25,627,-333,-284.6875
25,628,-139,-158.035928143713
25,629,37,-24.1
25,630,50,33.020202020202
25,631,-41,-14.280701754386
25,632,-5,-54.5392156862745
25,633,6,0.810888252148997
25,634,147,116.493975903614
25,635,356,265.34328358209
25,636,-23,-64.7222222222222
25,637,-166,-158.035928143713
25,638,-163,-141.977777777778
25,639,-141,-54.5392156862745
25,640,-47,-54.5392156862745
25,641,-88,-54.5392156862745
25,642,-61,-54.5392156862745
25,643,-20,-6.02040816326531
25,644,-10,-18.2730627306273
25,645,-7,0.810888252148997
25,646,-3,0.810888252148997
25,647,14,0.810888252148997
25,648,110,76.584
25,649,98,179.825443786982
25,650,137,179.825443786982
25,651,-161,51.3541666666667
25,652,-62,-34.5555555555556
25,653,12,-54.5392156862745
25,654,53,33.020202020202
25,655,-7,-14.280701754386
25,656,-28,0.810888252148997
25,657,35,-18.2730627306273
25,658,114,33.020202020202
25,659,296,200.5
25,660,50,-64.7222222222222
25,661,-200,-209.612903225806
25,662,-127,-141.977777777778
25,663,-87,13.6428571428571
25,664,-67,-54.5392156862745
25,665,-71,-54.5392156862745
25,666,-39,-54.5392156862745
25,667,-38,-6.02040816326531
25,668,-13,-6.02040816326531
25,669,-19,-18.2730627306273
25,670,3,-18.2730627306273
25,671,13,0.810888252148997
25,672,101,76.584
25,673,195,179.825443786982
25,674,277,179.825443786982
25,675,-258,-284.6875
25,676,-98,-158.035928143713
25,677,-3,-24.1
25,678,74,0.810888252148997
25,679,-1,-14.280701754386
25,680,-6,0.810888252148997
25,681,24,0.810888252148997
25,682,116,116.493975903614
25,683,262,265.34328358209
25,684,-48,-64.7222222222222
25,685,-213,-158.035928143713
25,686,-152,-141.977777777778
25,687,-81,13.6428571428571
25,688,-50,-54.5392156862745
25,689,-42,-54.5392156862745
25,690,-13,-54.5392156862745
25,691,-36,-18.2730627306273
25,692,-10,15.1818181818182
25,693,-31,0.810888252148997
25,694,-24,-18.2730627306273
25,695,3,-18.2730627306273
25,696,23,0.810888252148997
25,697,27,76.584
25,698,103,76.584
25,699,56,179.825443786982
25,700,77,51.3541666666667
25,701,67,51.3541666666667
25,702,23,9.55555555555556
25,703,8,33.020202020202
25,704,51,0.810888252148997
25,705,-32,-14.280701754386
25,706,-32,-18.2730627306273
25,707,-54,-18.2730627306273
25,708,-232,-54.5392156862745
25,709,49,-54.5392156862745
25,710,-37,-14.280701754386
25,711,-18,-54.5392156862745
25,712,-1,-18.2730627306273
25,713,-41,0.810888252148997
25,714,-6,-6.02040816326531
25,715,6,15.1818181818182
25,716,-2,0.810888252148997
25,717,-24,0.810888252148997
25,718,-12,-18.2730627306273
25,719,2,-18.2730627306273
25,720,1,0.810888252148997
25,721,20,0.810888252148997
25,722,80,33.020202020202
25,723,78,121.178571428571
25,724,195,179.825443786982
25,725,31,51.3541666666667
25,726,173,-209.612903225806
25,727,11,-123.346153846154
25,728,58,-118.533333333333
25,729,-50,9.55555555555556
25,730,-16,-54.5392156862745
25,731,-65,-18.2730627306273
25,732,-35,-54.5392156862745
25,733,-112,-18.2730627306273
25,734,-132,-54.5392156862745
25,735,-39,-54.5392156862745
25,736,-96,-54.5392156862745
25,737,-26,-54.5392156862745
25,738,-34,-18.2730627306273
25,739,-24,-18.2730627306273
25,740,-16,-18.2730627306273
25,741,-4,-18.2730627306273
25,742,-2,0.810888252148997
25,743,18,0.810888252148997
25,744,103,76.584
25,745,226,179.825443786982
25,746,247,179.825443786982
25,747,-328,-284.6875
25,748,-111,-158.035928143713
25,749,6,-24.1
25,750,62,0.810888252148997
25,751,22,-14.280701754386
25,752,-29,-22.8783783783784
25,753,13,-18.2730627306273
25,754,116,116.493975903614
25,755,336,265.34328358209
25,756,-19,-64.7222222222222
25,757,-193,-158.035928143713
25,758,-162,-141.977777777778
25,759,-88,-54.5392156862745
25,760,-87,-54.5392156862745
25,761,-74,-54.5392156862745
25,762,-25,-54.5392156862745
25,763,-14,-18.2730627306273
25,764,-13,15.1818181818182
25,765,-5,-18.2730627306273
25,766,5,0.810888252148997
25,767,9,0.810888252148997
25,768,9,0.810888252148997
25,769,143,0.810888252148997
25,770,388,179.825443786982
25,771,-208,-174
25,772,-175,-158.035928143713
25,773,55,-24.1
25,774,40,-14.280701754386
25,775,-20,33.020202020202
25,776,-45,-18.2730627306273
25,777,30,-6.02040816326531
25,778,120,116.493975903614
25,779,327,200.5
25,780,62,-64.7222222222222
25,781,-256,-209.612903225806
25,782,-152,-141.977777777778
25,783,-53,13.6428571428571
25,784,-71,-54.5392156862745
25,785,-116,-54.5392156862745
25,786,-48,-54.5392156862745
25,787,-32,-6.02040816326531
25,788,1,15.1818181818182
25,789,-10,0.810888252148997
25,790,-2,0.810888252148997
25,791,29,0.810888252148997
25,792,87,76.584
25,793,238,179.825443786982
25,794,308,179.825443786982
25,795,-351,-284.6875
25,796,-140,-158.035928143713
25,797,9,-24.1
25,798,61,0.810888252148997
25,799,-17,-14.280701754386
25,800,12,-18.2730627306273
25,801,16,-22.8783783783784
25,802,111,116.493975903614
25,803,362,265.34328358209
25,804,84,-64.7222222222222
25,805,-309,-209.612903225806
25,806,-166,-141.977777777778
25,807,-99,13.6428571428571
25,808,-66,-54.5392156862745
25,809,-75,-54.5392156862745
25,810,-8,-54.5392156862745
25,811,-66,0.810888252148997
25,812,-7,-6.02040816326531
25,813,-11,0.810888252148997
25,814,-4,0.810888252148997
25,815,19,0.810888252148997
25,816,115,76.584
25,817,248,179.825443786982
25,818,243,-174
25,819,-323,-284.6875
25,820,-136,-158.035928143713
25,821,33,-24.1
25,822,100,33.020202020202
25,823,-36,-14.280701754386
25,824,-61,-18.2730627306273
25,825,79,-6.02040816326531
25,826,87,117.35
25,827,334,265.34328358209
25,828,2,-123.346153846154
25,829,-184,-158.035928143713
25,830,-102,-141.977777777778
25,831,-121,-54.5392156862745
25,832,-53,-54.5392156862745
25,833,-125,-54.5392156862745
25,834,-32,-54.5392156862745
25,835,-41,-18.2730627306273
25,836,-37,-6.02040816326531
25,837,3,-6.02040816326531
25,838,-10,0.810888252148997
25,839,20,0.810888252148997
25,840,111,76.584
25,841,221,263.617021276596
25,842,262,-64.7222222222222
25,843,-324,-284.6875
25,844,-95,-158.035928143713
25,845,59,-24.1
25,846,-87,-14.280701754386
25,847,107,-54.5392156862745
25,848,-36,-123.346153846154
25,849,101,-18.2730627306273
25,850,97,179.825443786982
25,851,203,265.34328358209
25,852,-2,121.178571428571
25,853,-189,-158.035928143713
25,854,-139,-54.5392156862745
25,855,-78,-54.5392156862745
25,856,-3,-54.5392156862745
25,857,24,0.810888252148997
25,858,-103,-22.8783783783784
25,859,-46,-6.02040816326531
25,860,-32,-6.02040816326531
25,861,-43,-18.2730627306273
25,862,-23,-54.5392156862745
25,863,13,-18.2730627306273
25,864,20,33.020202020202
25,865,45,33.020202020202
25,866,110,76.584
25,867,87,51.3541666666667
25,868,148,117.35
25,869,143,51.3541666666667
25,870,-25,-234.936507936508
25,871,-26,-118.533333333333
25,872,-96,-18.2730627306273
25,873,113,-54.5392156862745
25,874,-1,-14.280701754386
25,875,-38,-34.5555555555556
25,876,-68,-54.5392156862745
25,877,-29,-54.5392156862745
25,878,-96,-18.2730627306273
25,879,-40,-54.5392156862745
25,880,-52,-54.5392156862745
25,881,-68,-54.5392156862745
25,882,-15,-54.5392156862745
25,883,-13,-18.2730627306273
25,884,-28,-18.2730627306273
25,885,-65,-18.2730627306273
25,886,-12,-54.5392156862745
25,887,-5,-18.2730627306273
25,888,6,0.810888252148997
25,889,19,0.810888252148997
25,890,78,76.584
25,891,77,179.825443786982
25,892,142,179.825443786982
25,893,81,51.3541666666667
25,894,144,-118.533333333333
25,895,7,-123.346153846154
25,896,-47,-118.533333333333
25,897,53,-54.5392156862745
25,898,-27,-14.280701754386
25,899,-33,-18.2730627306273
25,900,-48,-18.2730627306273
25,901,-80,-54.5392156862745
25,902,-107,-54.5392156862745
25,903,-73,-54.5392156862745
25,904,-46,-54.5392156862745
25,905,-55,-54.5392156862745
25,906,-68,-54.5392156862745
25,907,-25,-6.02040816326531
25,908,-3,-18.2730627306273
25,909,-1,0.810888252148997
25,910,-3,0.810888252148997
25,911,21,0.810888252148997
25,912,119,76.584
25,913,243,179.825443786982
25,914,254,-174
25,915,-289,-284.6875
25,916,-160,-158.035928143713
25,917,23,-24.1
25,918,50,33.020202020202
25,919,9,-14.280701754386
25,920,-33,0.810888252148997
25,921,23,-18.2730627306273
25,922,126,116.493975903614
25,923,381,265.34328358209
25,924,-89,-64.7222222222222
25,925,-134,-158.035928143713
25,926,-223,-141.977777777778
25,927,-76,-54.5392156862745
25,928,-74,13.6428571428571
25,929,-60,-54.5392156862745
25,930,-75,-6.02040816326531
25,931,-29,-6.02040816326531
25,932,7,-18.2730627306273
25,933,-10,15.1818181818182
25,934,-1,0.810888252148997
25,935,15,0.810888252148997
25,936,145,76.584
25,937,298,179.825443786982
25,938,178,-174
25,939,-346,-234.936507936508
25,940,-138,-118.533333333333
25,941,60,13.6428571428571
25,942,46,-14.280701754386
25,943,-44,-14.280701754386
25,944,-148,-54.5392156862745
25,945,63,-6.02040816326531
25,946,255,117.35
25,947,328,265.34328358209
25,948,-7,-64.7222222222222
25,949,-252,-158.035928143713
25,950,-156,-141.977777777778
25,951,-79,13.6428571428571
25,952,-76,-54.5392156862745
25,953,-84,-54.5392156862745
25,954,-28,-54.5392156862745
25,955,-21,-18.2730627306273
25,956,-13,15.1818181818182
25,957,1,-18.2730627306273
25,958,3,0.810888252148997
25,959,23,0.810888252148997
25,960,98,76.584
25,961,292,179.825443786982
25,962,204,179.825443786982
25,963,-297,-234.936507936508
25,964,-172,-158.035928143713
25,965,48,13.6428571428571
25,966,79,-14.280701754386
25,967,-14,-14.280701754386
25,968,-23,-18.2730627306273
25,969,16,-18.2730627306273
25,970,98,116.493975903614
25,971,348,265.34328358209
25,972,-333,-14.280701754386
25,973,-274,-158.035928143713
25,974,-47,-141.977777777778
25,975,-17,13.6428571428571
25,976,33,-18.2730627306273
25,977,-12,-22.8783783783784
25,978,-22,-18.2730627306273
25,979,-22,116.493975903614
25,980,-8,15.1818181818182
25,981,0,0.810888252148997
25,982,-1,0.810888252148997
25,983,22,0.810888252148997
25,984,115,33.020202020202
25,985,262,179.825443786982
25,986,229,-174
25,987,-269,-234.936507936508
25,988,-207,-158.035928143713
25,989,102,13.6428571428571
25,990,16,-14.280701754386
25,991,46,-22.8783783783784
25,992,-71,9.55555555555556
25,993,24,-6.02040816326531
25,994,150,116.493975903614
25,995,311,265.34328358209
25,996,38,-64.7222222222222
25,997,-217,-209.612903225806
25,998,-179,-141.977777777778
25,999,-144,13.6428571428571
25,1000,2,-54.5392156862745
25,1001,-97,0.810888252148997
25,1002,-71,-54.5392156862745
25,1003,-18,-6.02040816326531
25,1004,-15,15.1818181818182
25,1005,-18,-18.2730627306273
25,1006,-4,-18.2730627306273
25,1007,17,0.810888252148997
25,1008,109,33.020202020202
25,1009,216,179.825443786982
25,1010,269,179.825443786982
25,1011,-298,-284.6875
25,1012,-112,-158.035928143713
25,1013,81,-24.1
25,1014,57,-14.280701754386
25,1015,15,-14.280701754386
25,1016,-29,-22.8783783783784
25,1017,105,-18.2730627306273
25,1018,86,117.35
25,1019,254,265.34328358209
25,1020,-183,-123.346153846154
25,1021,-93,-158.035928143713
25,1022,-162,-141.977777777778
25,1023,-71,-54.5392156862745
25,1024,-36,-54.5392156862745
25,1025,-54,-18.2730627306273
25,1026,-44,-6.02040816326531
25,1027,-43,-6.02040816326531
25,1028,-37,-6.02040816326531
25,1029,-22,-54.5392156862745
25,1030,-25,-18.2730627306273
25,1031,4,-18.2730627306273
25,1032,20,0.810888252148997
25,1033,34,76.584
25,1034,111,76.584
25,1035,157,179.825443786982
25,1036,76,-174
25,1037,111,-118.533333333333
25,1038,37,-123.346153846154
25,1039,100,-34.5555555555556
25,1040,-44,-123.346153846154
25,1041,-25,-54.5392156862745
25,1042,1,-18.2730627306273
25,1043,-15,0.810888252148997
25,1044,-30,-18.2730627306273
25,1045,-107,-18.2730627306273
25,1046,-152,-54.5392156862745
25,1047,-57,-54.5392156862745
25,1048,44,-54.5392156862745
25,1049,-98,76.584
25,1050,-78,-54.5392156862745
25,1051,-4,-6.02040816326531
25,1052,-12,0.810888252148997
25,1053,-54,-18.2730627306273
25,1054,-19,-54.5392156862745
25,1055,3,-18.2730627306273
25,1056,9,0.810888252148997
25,1057,39,0.810888252148997
25,1058,96,76.584
25,1059,66,179.825443786982
25,1060,128,117.35
25,1061,78,51.3541666666667
25,1062,103,-34.5555555555556
25,1063,71,-123.346153846154
25,1064,-50,9.55555555555556
25,1065,-53,-54.5392156862745
25,1066,65,-54.5392156862745
25,1067,-86,-14.280701754386
25,1068,-89,-54.5392156862745
25,1069,-50,-54.5392156862745
25,1070,-109,-54.5392156862745
25,1071,-61,-54.5392156862745
25,1072,-38,-54.5392156862745
25,1073,-57,-6.02040816326531
25,1074,-39,-6.02040816326531
25,1075,-24,-54.5392156862745
25,1076,-9,-18.2730627306273
25,1077,0,0.810888252148997
25,1078,4,0.810888252148997
25,1079,20,0.810888252148997
25,1080,39,76.584
25,1081,10,76.584
25,1082,81,76.584
25,1083,-46,51.3541666666667
25,1084,-51,-54.5392156862745
25,1085,20,-54.5392156862745
25,1086,106,33.020202020202
25,1087,-9,-14.280701754386
25,1088,-5,0.810888252148997
25,1089,25,0.810888252148997
25,1090,-85,33.020202020202
25,1091,118,-54.5392156862745
25,1092,71,-14.280701754386
25,1093,4,-34.5555555555556
25,1094,-115,0.810888252148997
25,1095,-37,-54.5392156862745
25,1096,-23,-6.02040816326531
25,1097,-54,-18.2730627306273
25,1098,-43,-54.5392156862745
25,1099,-13,-54.5392156862745
25,1100,-15,-18.2730627306273
25,1101,2,-18.2730627306273
25,1102,-1,0.810888252148997
25,1103,3,0.810888252148997
25,1104,16,0.810888252148997
25,1105,68,76.584
25,1106,317,179.825443786982
25,1107,-54,179.825443786982
25,1108,-184,-158.035928143713
25,1109,53,-24.1
25,1110,40,-14.280701754386
25,1111,-25,33.020202020202
25,1112,-55,-18.2730627306273
25,1113,72,-54.5392156862745
25,1114,118,117.35
25,1115,304,179.825443786982
25,1116,55,-284.6875
25,1117,-221,-209.612903225806
25,1118,-249,-141.977777777778
25,1119,-154,13.6428571428571
25,1120,-26,13.6428571428571
25,1121,-12,-18.2730627306273
25,1122,-32,-18.2730627306273
25,1123,-18,-18.2730627306273
25,1124,-2,15.1818181818182
25,1125,-13,15.1818181818182
25,1126,-2,-18.2730627306273
25,1127,34,0.810888252148997
25,1128,120,76.584
25,1129,282,179.825443786982
25,1130,210,-174
25,1131,-303,-234.936507936508
25,1132,-155,-158.035928143713
25,1133,75,13.6428571428571
25,1134,63,-14.280701754386
25,1135,20,-14.280701754386
25,1136,-87,-22.8783783783784
25,1137,11,-6.02040816326531
25,1138,172,116.493975903614
25,1139,427,265.34328358209
25,1140,-27,-64.7222222222222
25,1141,-256,-158.035928143713
25,1142,-131,-141.977777777778
25,1143,-66,13.6428571428571
25,1144,-107,-54.5392156862745
25,1145,-153,-54.5392156862745
25,1146,-54,-54.5392156862745
25,1147,-51,-6.02040816326531
25,1148,-12,-6.02040816326531
25,1149,-13,-18.2730627306273
25,1150,13,-18.2730627306273
25,1151,19,76.584
25,1152,124,76.584
25,1153,315,263.617021276596
25,1154,160,-64.7222222222222
25,1155,-288,-234.936507936508
25,1156,-141,-118.533333333333
25,1157,74,13.6428571428571
25,1158,69,-14.280701754386
25,1159,-21,-14.280701754386
25,1160,-57,-18.2730627306273
25,1161,46,-6.02040816326531
25,1162,114,117.35
25,1163,422,265.34328358209
25,1164,16,-64.7222222222222
25,1165,-331,-158.035928143713
25,1166,-91,-141.977777777778
25,1167,-147,13.6428571428571
25,1168,-48,-54.5392156862745
25,1169,-85,-54.5392156862745
25,1170,-96,-54.5392156862745
25,1171,-21,-6.02040816326531
25,1172,-28,15.1818181818182
25,1173,-7,-18.2730627306273
25,1174,-3,0.810888252148997
25,1175,23,0.810888252148997
25,1176,148,76.584
25,1177,333,179.825443786982
25,1178,230,-174
25,1179,-384,-234.936507936508
25,1180,-106,-158.035928143713
25,1181,79,13.6428571428571
25,1182,26,-14.280701754386
25,1183,35,-22.8783783783784
25,1184,-45,-22.8783783783784
25,1185,41,-6.02040816326531
25,1186,177,116.493975903614
25,1187,244,265.34328358209
25,1188,-143,-64.7222222222222
25,1189,-186,-158.035928143713
25,1190,-146,-141.977777777778
25,1191,-79,-54.5392156862745
25,1192,-7,-54.5392156862745
25,1193,-77,0.810888252148997
25,1194,-26,-6.02040816326531
25,1195,-44,-18.2730627306273
25,1196,-35,-6.02040816326531
25,1197,-36,-18.2730627306273
25,1198,-19,-18.2730627306273
25,1199,-2,-18.2730627306273
25,1200,38,0.810888252148997
25,1201,45,76.584
25,1202,100,76.584
25,1203,97,179.825443786982
25,1204,160,117.35
25,1205,134,51.3541666666667
25,1206,56,-234.936507936508
25,1207,62,-34.5555555555556
25,1208,26,9.55555555555556
25,1209,-58,-22.8783783783784
25,1210,-30,-54.5392156862745
25,1211,-16,-18.2730627306273
25,1212,19,-18.2730627306273
25,1213,-213,-22.8783783783784
25,1214,-117,-54.5392156862745
25,1215,-56,13.6428571428571
25,1216,79,-54.5392156862745
25,1217,-99,179.825443786982
25,1218,-69,-54.5392156862745
25,1219,-40,-6.02040816326531
25,1220,-32,-6.02040816326531
25,1221,-32,-18.2730627306273
25,1222,-50,-18.2730627306273
25,1223,-8,-6.02040816326531
25,1224,17,0.810888252148997
25,1225,65,76.584
25,1226,81,143.761904761905
25,1227,142,179.825443786982
25,1228,119,51.3541666666667
25,1229,149,-234.936507936508
25,1230,56,-234.936507936508
25,1231,-30,-118.533333333333
25,1232,-64,-18.2730627306273
25,1233,-41,-54.5392156862745
25,1234,75,-54.5392156862745
25,1235,-28,-14.280701754386
25,1236,-75,-18.2730627306273
25,1237,-72,-54.5392156862745
25,1238,-128,-54.5392156862745
25,1239,-41,-54.5392156862745
25,1240,-88,-54.5392156862745
25,1241,-59,-54.5392156862745
25,1242,-46,-6.02040816326531
25,1243,-25,-6.02040816326531
25,1244,-4,-18.2730627306273
25,1245,-9,0.810888252148997
25,1246,5,0.810888252148997
25,1247,8,0.810888252148997
25,1248,64,0.810888252148997
25,1249,74,143.761904761905
25,1250,117,179.825443786982
25,1251,-84,121.178571428571
25,1252,-87,-34.5555555555556
25,1253,7,-54.5392156862745
25,1254,64,0.810888252148997
25,1255,14,-14.280701754386
25,1256,-4,-22.8783783783784
25,1257,45,0.810888252148997
25,1258,90,33.020202020202
25,1259,193,117.35
25,1260,22,-123.346153846154
25,1261,-82,-118.533333333333
25,1262,-112,-54.5392156862745
25,1263,-95,-54.5392156862745
25,1264,-99,-54.5392156862745
25,1265,-45,-54.5392156862745
25,1266,-61,-54.5392156862745
25,1267,-9,-6.02040816326531
25,1268,-16,0.810888252148997
25,1269,-6,-18.2730627306273
25,1270,2,0.810888252148997
25,1271,10,0.810888252148997
25,1272,120,76.584
25,1273,187,179.825443786982
25,1274,266,-174
25,1275,-257,-284.6875
25,1276,-133,-158.035928143713
25,1277,-11,-24.1
25,1278,65,0.810888252148997
25,1279,-11,-14.280701754386
25,1280,-21,0.810888252148997
25,1281,23,-18.2730627306273
25,1282,141,116.493975903614
25,1283,399,265.34328358209
25,1284,0,-64.7222222222222
25,1285,-421,-158.035928143713
25,1286,9,-141.977777777778
25,1287,-112,0.810888252148997
25,1288,-87,-54.5392156862745
25,1289,-69,-54.5392156862745
25,1290,-58,-54.5392156862745
25,1291,-15,-6.02040816326531
25,1292,-20,15.1818181818182
25,1293,-7,-18.2730627306273
25,1294,-2,0.810888252148997
25,1295,32,0.810888252148997
25,1296,125,76.584
25,1297,308,179.825443786982
25,1298,251,-174
25,1299,-422,-284.6875
25,1300,-106,-158.035928143713
25,1301,6,-24.1
25,1302,51,0.810888252148997
25,1303,22,-14.280701754386
25,1304,-22,-22.8783783783784
25,1305,9,-18.2730627306273
25,1306,21,116.493975903614
25,1307,7,173
25,1308,42,0.810888252148997
25,1309,49,-22.8783783783784
25,1310,-81,121.178571428571
25,1311,-50,-54.5392156862745
25,1312,-86,-54.5392156862745
25,1313,-53,-54.5392156862745
25,1314,-50,-54.5392156862745
25,1315,-26,-54.5392156862745
25,1316,-14,-18.2730627306273
25,1317,-12,-18.2730627306273
25,1318,1,-18.2730627306273
25,1319,25,0.810888252148997
25,1320,126,76.584
25,1321,259,179.825443786982
25,1322,277,-174
25,1323,-391,-284.6875
25,1324,-116,-158.035928143713
25,1325,36,-24.1
25,1326,68,33.020202020202
25,1327,13,-14.280701754386
25,1328,-50,-22.8783783783784
25,1329,39,-6.02040816326531
25,1330,99,116.493975903614
25,1331,408,265.34328358209
25,1332,-46,-123.346153846154
25,1333,-260,-158.035928143713
25,1334,-94,-141.977777777778
25,1335,-113,13.6428571428571
25,1336,-42,-54.5392156862745
25,1337,-76,-54.5392156862745
25,1338,-94,-54.5392156862745
25,1339,-31,-6.02040816326531
25,1340,-19,15.1818181818182
25,1341,-9,-18.2730627306273
25,1342,-5,0.810888252148997
25,1343,21,0.810888252148997
25,1344,83,76.584
25,1345,246,179.825443786982
25,1346,224,179.825443786982
25,1347,-243,-234.936507936508
25,1348,-108,-158.035928143713
25,1349,51,13.6428571428571
25,1350,38,-14.280701754386
25,1351,12,-22.8783783783784
25,1352,34,-22.8783783783784
25,1353,99,-22.8783783783784
25,1354,118,117.35
25,1355,69,200.5
25,1356,-131,-34.5555555555556
25,1357,-118,-54.5392156862745
25,1358,-54,-54.5392156862745
25,1359,-95,-54.5392156862745
25,1360,-43,-54.5392156862745
25,1361,-46,-54.5392156862745
25,1362,-50,-6.02040816326531
25,1363,-34,-6.02040816326531
25,1364,-18,-18.2730627306273
25,1365,-33,-18.2730627306273
25,1366,-29,-18.2730627306273
25,1367,8,-18.2730627306273
25,1368,21,0.810888252148997
25,1369,23,76.584
25,1370,87,76.584
25,1371,148,51.3541666666667
25,1372,148,51.3541666666667
25,1373,83,-234.936507936508
25,1374,9,-118.533333333333
25,1375,10,0.810888252148997
25,1376,25,33.020202020202
25,1377,-51,-22.8783783783784
25,1378,-9,-54.5392156862745
25,1379,-42,0.810888252148997
25,1380,-47,-54.5392156862745
25,1381,-42,-54.5392156862745
25,1382,-118,-54.5392156862745
25,1383,-4,-54.5392156862745
25,1384,-47,0.810888252148997
25,1385,-54,-54.5392156862745
25,1386,-13,-54.5392156862745
25,1387,-59,-18.2730627306273
25,1388,-17,-6.02040816326531
25,1389,-25,-18.2730627306273
25,1390,-25,-18.2730627306273
25,1391,-4,-18.2730627306273
25,1392,15,0.810888252148997
25,1393,30,76.584
25,1394,99,76.584
25,1395,119,179.825443786982
25,1396,154,51.3541666666667
25,1397,95,-234.936507936508
25,1398,51,-118.533333333333
25,1399,-72,9.55555555555556
25,1400,49,-54.5392156862745
25,1401,-12,9.55555555555556
25,1402,-34,-18.2730627306273
25,1403,21,-18.2730627306273
25,1404,-4,-22.8783783783784
25,1405,-76,0.810888252148997
25,1406,-50,-54.5392156862745
25,1407,-249,-54.5392156862745
25,1408,-84,-54.5392156862745
25,1409,37,13.6428571428571
25,1410,-31,76.584
25,1411,-6,-18.2730627306273
25,1412,-11,0.810888252148997
25,1413,-30,0.810888252148997
25,1414,-12,15.1818181818182
25,1415,3,-18.2730627306273
25,1416,11,0.810888252148997
25,1417,47,33.020202020202
25,1418,88,121.178571428571
25,1419,108,179.825443786982
25,1420,101,51.3541666666667
25,1421,112,51.3541666666667
25,1422,49,-123.346153846154
25,1423,31,-34.5555555555556
25,1424,-91,-22.8783783783784
25,1425,-5,-54.5392156862745
25,1426,41,0.810888252148997
25,1427,-96,-22.8783783783784
25,1428,-22,-54.5392156862745
25,1429,12,-18.2730627306273
25,1430,-78,33.020202020202
25,1431,-70,-54.5392156862745
25,1432,-90,-54.5392156862745
25,1433,-75,-6.02040816326531
25,1434,-37,-54.5392156862745
25,1435,-31,-54.5392156862745
25,1436,-6,-18.2730627306273
25,1437,-5,0.810888252148997
25,1438,2,0.810888252148997
25,1439,28,0.810888252148997
25,1440,121,76.584
25,1441,296,179.825443786982
25,1442,184,-174
25,1443,-377,-234.936507936508
25,1444,-74,-118.533333333333
25,1445,14,13.6428571428571
25,1446,40,33.020202020202
25,1447,2,-22.8783783783784
25,1448,-1,0.810888252148997
25,1449,18,0.810888252148997
25,1450,137,116.493975903614
25,1451,388,265.34328358209
25,1452,-71,-64.7222222222222
25,1453,-184,-158.035928143713
25,1454,-322,-141.977777777778
25,1455,-133,-54.5392156862745
25,1456,-16,13.6428571428571
25,1457,-5,-18.2730627306273
25,1458,-14,0.810888252148997
25,1459,-32,-18.2730627306273
25,1460,1,-18.2730627306273
25,1461,0,15.1818181818182
25,1462,1,0.810888252148997
25,1463,35,0.810888252148997
25,1464,103,76.584
25,1465,339,179.825443786982
25,1466,188,179.825443786982
25,1467,-366,-234.936507936508
25,1468,-128,-118.533333333333
25,1469,31,13.6428571428571
25,1470,45,-22.8783783783784
25,1471,36,-22.8783783783784
25,1472,-37,-22.8783783783784
25,1473,23,-6.02040816326531
25,1474,123,116.493975903614
25,1475,441,265.34328358209
25,1476,-43,-64.7222222222222
25,1477,-240,-158.035928143713
25,1478,-125,-141.977777777778
25,1479,-127,13.6428571428571
25,1480,-87,-54.5392156862745
25,1481,-57,-54.5392156862745
25,1482,-99,-54.5392156862745
25,1483,-35,-6.02040816326531
25,1484,-12,15.1818181818182
25,1485,-6,-18.2730627306273
25,1486,0,0.810888252148997
25,1487,25,0.810888252148997
25,1488,145,76.584
25,1489,329,179.825443786982
25,1490,186,-174
25,1491,-382,-234.936507936508
25,1492,-91,-118.533333333333
25,1493,-2,13.6428571428571
25,1494,74,0.810888252148997
25,1495,1,-14.280701754386
25,1496,-39,0.810888252148997
25,1497,36,-6.02040816326531
25,1498,197,116.493975903614
25,1499,340,265.34328358209
25,1500,-42,-64.7222222222222
25,1501,-194,-158.035928143713
25,1502,-112,-141.977777777778
25,1503,-120,-54.5392156862745
25,1504,-95,-54.5392156862745
25,1505,-124,-54.5392156862745
25,1506,-54,-54.5392156862745
25,1507,-52,-6.02040816326531
25,1508,-18,-6.02040816326531
25,1509,-12,-18.2730627306273
25,1510,2,-18.2730627306273
25,1511,39,0.810888252148997
25,1512,96,76.584
25,1513,261,263.617021276596
25,1514,292,179.825443786982
25,1515,-396,-284.6875
25,1516,-94,-158.035928143713
25,1517,31,-24.1
25,1518,75,-22.8783783783784
25,1519,6,-14.280701754386
25,1520,-62,0.810888252148997
25,1521,4,-6.02040816326531
25,1522,-36,116.493975903614
25,1523,5,-18.2730627306273
25,1524,-117,0.810888252148997
25,1525,-65,-54.5392156862745
25,1526,-6,-54.5392156862745
25,1527,46,0.810888252148997
25,1528,-62,121.178571428571
25,1529,50,-54.5392156862745
25,1530,13,121.178571428571
25,1531,-10,33.020202020202
25,1532,-35,0.810888252148997
25,1533,-15,-18.2730627306273
25,1534,-13,-18.2730627306273
25,1535,-1,-18.2730627306273
25,1536,24,0.810888252148997
25,1537,50,33.020202020202
25,1538,124,143.761904761905
25,1539,122,179.825443786982
25,1540,161,-174
25,1541,43,-234.936507936508
25,1542,132,-118.533333333333
25,1543,11,-123.346153846154
25,1544,-32,-34.5555555555556
25,1545,55,-18.2730627306273
25,1546,-58,-14.280701754386
25,1547,-58,-54.5392156862745
25,1548,-74,-54.5392156862745
25,1549,42,-54.5392156862745
25,1550,-155,33.020202020202
25,1551,-83,-54.5392156862745
25,1552,-88,-54.5392156862745
25,1553,10,-54.5392156862745
25,1554,-69,76.584
25,1555,-48,-54.5392156862745
25,1556,-32,-6.02040816326531
25,1557,-39,-18.2730627306273
25,1558,-37,-6.02040816326531
25,1559,-1,-54.5392156862745
25,1560,10,0.810888252148997
25,1561,13,33.020202020202
25,1562,105,76.584
25,1563,160,179.825443786982
25,1564,104,117.35
25,1565,107,-234.936507936508
25,1566,173,-123.346153846154
25,1567,2,-123.346153846154
25,1568,-8,-118.533333333333
25,1569,-34,0.810888252148997
25,1570,18,-18.2730627306273
25,1571,-84,-22.8783783783784
25,1572,-82,-54.5392156862745
25,1573,-43,-54.5392156862745
25,1574,-139,-54.5392156862745
25,1575,-68,-54.5392156862745
25,1576,-20,-54.5392156862745
25,1577,-118,-18.2730627306273
25,1578,-59,-6.02040816326531
25,1579,-35,-54.5392156862745
25,1580,-3,-18.2730627306273
25,1581,-6,0.810888252148997
25,1582,3,0.810888252148997
25,1583,27,0.810888252148997
25,1584,104,76.584
25,1585,378,179.825443786982
25,1586,148,179.825443786982
25,1587,-383,-234.936507936508
25,1588,-95,-118.533333333333
25,1589,52,13.6428571428571
25,1590,43,-14.280701754386
25,1591,-8,-22.8783783783784
25,1592,-4,0.810888252148997
25,1593,22,0.810888252148997
25,1594,156,116.493975903614
25,1595,386,265.34328358209
25,1596,-12,-64.7222222222222
25,1597,-177,-158.035928143713
25,1598,-184,-141.977777777778
25,1599,-196,-54.5392156862745
25,1600,-97,-54.5392156862745
25,1601,-82,-54.5392156862745
25,1602,-52,-54.5392156862745
25,1603,-14,-6.02040816326531
25,1604,-12,-18.2730627306273
25,1605,-3,-18.2730627306273
25,1606,0,15.1818181818182
25,1607,31,0.810888252148997
25,1608,148,76.584
25,1609,385,179.825443786982
25,1610,141,-174
25,1611,-375,-234.936507936508
25,1612,-159,-118.533333333333
25,1613,51,13.6428571428571
25,1614,20,-14.280701754386
25,1615,20,-22.8783783783784
25,1616,9,-22.8783783783784
25,1617,-4,0.810888252148997
25,1618,201,116.493975903614
25,1619,377,265.34328358209
25,1620,-60,-64.7222222222222
25,1621,-277,-158.035928143713
25,1622,-98,-141.977777777778
25,1623,-132,13.6428571428571
25,1624,-90,-54.5392156862745
25,1625,-80,-54.5392156862745
25,1626,-64,-54.5392156862745
25,1627,-22,-6.02040816326531
25,1628,-16,15.1818181818182
25,1629,-3,-18.2730627306273
25,1630,2,0.810888252148997
25,1631,28,0.810888252148997
25,1632,134,76.584
25,1633,375,179.825443786982
25,1634,121,-174
25,1635,-365,-234.936507936508
25,1636,-100,-34.5555555555556
25,1637,23,13.6428571428571
25,1638,89,33.020202020202
25,1639,-12,-14.280701754386
25,1640,-1,-18.2730627306273
25,1641,-2,0.810888252148997
25,1642,152,116.493975903614
25,1643,272,265.34328358209
25,1644,58,-64.7222222222222
25,1645,-244,-209.612903225806
25,1646,-130,-141.977777777778
25,1647,-110,13.6428571428571
25,1648,-50,-54.5392156862745
25,1649,-125,-54.5392156862745
25,1650,-64,-54.5392156862745
25,1651,-37,-6.02040816326531
25,1652,-10,-6.02040816326531
25,1653,-7,0.810888252148997
25,1654,1,0.810888252148997
25,1655,28,0.810888252148997
25,1656,136,76.584
25,1657,356,263.617021276596
25,1658,155,-64.7222222222222
25,1659,-344,-234.936507936508
25,1660,-127,-118.533333333333
25,1661,27,13.6428571428571
25,1662,99,33.020202020202
25,1663,-21,-14.280701754386
25,1664,-50,-18.2730627306273
25,1665,68,-6.02040816326531
25,1666,133,117.35
25,1667,403,265.34328358209
25,1668,-56,-64.7222222222222
25,1669,-211,-158.035928143713
25,1670,-124,-141.977777777778
25,1671,-165,13.6428571428571
25,1672,-85,-54.5392156862745
25,1673,-51,-54.5392156862745
25,1674,-100,-54.5392156862745
25,1675,-48,-6.02040816326531
25,1676,-10,-6.02040816326531
25,1677,-11,0.810888252148997
25,1678,2,0.810888252148997
25,1679,19,0.810888252148997
25,1680,110,76.584
25,1681,289,179.825443786982
25,1682,272,179.825443786982
25,1683,-318,-284.6875
25,1684,-133,-158.035928143713
25,1685,15,-24.1
25,1686,105,33.020202020202
25,1687,47,-14.280701754386
25,1688,-43,-14.280701754386
25,1689,24,-6.02040816326531
25,1690,126,116.493975903614
25,1691,270,265.34328358209
25,1692,-70,-64.7222222222222
25,1693,-168,-158.035928143713
25,1694,-147,-141.977777777778
25,1695,-69,-54.5392156862745
25,1696,-48,-54.5392156862745
25,1697,-76,-54.5392156862745
25,1698,-9,-54.5392156862745
25,1699,-83,0.810888252148997
25,1700,-34,-6.02040816326531
25,1701,-49,-18.2730627306273
25,1702,-32,-54.5392156862745
25,1703,11,-18.2730627306273
25,1704,61,76.584
25,1705,7,143.761904761905
25,1706,157,0.810888252148997
25,1707,96,51.3541666666667
25,1708,126,-118.533333333333
25,1709,103,179.825443786982
25,1710,-38,-34.5555555555556
25,1711,54,-54.5392156862745
25,1712,8,9.55555555555556
25,1713,-38,0.810888252148997
25,1714,-21,-54.5392156862745
25,1715,-39,-18.2730627306273
25,1716,-44,-54.5392156862745
25,1717,-91,-54.5392156862745
25,1718,3,-54.5392156862745
25,1719,-47,0.810888252148997
25,1720,-102,-54.5392156862745
25,1721,16,-54.5392156862745
25,1722,-72,76.584
25,1723,-42,-6.02040816326531
25,1724,-43,-54.5392156862745
25,1725,-44,-54.5392156862745
25,1726,-19,-6.02040816326531
25,1727,3,-18.2730627306273
25,1728,17,0.810888252148997
25,1729,32,33.020202020202
25,1730,119,76.584
25,1731,85,179.825443786982
25,1732,147,-34.5555555555556
25,1733,86,51.3541666666667
25,1734,3,-118.533333333333
25,1735,-10,0.810888252148997
25,1736,8,0.810888252148997
25,1737,-25,0.810888252148997
25,1738,33,-18.2730627306273
25,1739,13,-22.8783783783784
25,1740,-31,-22.8783783783784
25,1741,-115,-18.2730627306273
25,1742,-12,-54.5392156862745
25,1743,-110,-18.2730627306273
25,1744,-94,-54.5392156862745
25,1745,-49,-54.5392156862745
25,1746,-69,-54.5392156862745
25,1747,-17,-6.02040816326531
25,1748,-7,-18.2730627306273
25,1749,-11,0.810888252148997
25,1750,1,0.810888252148997
25,1751,30,0.810888252148997
25,1752,107,76.584
25,1753,359,179.825443786982
25,1754,148,179.825443786982
25,1755,-335,-234.936507936508
25,1756,-169,-118.533333333333
25,1757,55,13.6428571428571
25,1758,59,-14.280701754386
25,1759,-13,-14.280701754386
25,1760,11,-18.2730627306273
25,1761,0,-22.8783783783784
25,1762,168,116.493975903614
25,1763,373,265.34328358209
25,1764,31,-64.7222222222222
25,1765,-235,-209.612903225806
25,1766,-202,-141.977777777778
25,1767,-144,13.6428571428571
25,1768,-86,13.6428571428571
25,1769,-84,-54.5392156862745
25,1770,-52,-54.5392156862745
25,1771,-12,-6.02040816326531
25,1772,-10,15.1818181818182
25,1773,6,15.1818181818182
25,1774,-8,0.810888252148997
25,1775,25,0.810888252148997
25,1776,107,76.584
25,1777,167,179.825443786982
25,1778,310,179.825443786982
25,1779,-328,-284.6875
25,1780,-160,-158.035928143713
25,1781,-60,-141.977777777778
25,1782,30,-54.5392156862745
25,1783,-36,-22.8783783783784
25,1784,1,-18.2730627306273
25,1785,56,0.810888252148997
25,1786,123,117.35
25,1787,442,265.34328358209
25,1788,-28,-64.7222222222222
25,1789,-162,-158.035928143713
25,1790,-105,-141.977777777778
25,1791,-112,-54.5392156862745
25,1792,-67,-54.5392156862745
25,1793,-118,-54.5392156862745
25,1794,-55,-54.5392156862745
25,1795,-6,-6.02040816326531
25,1796,-24,0.810888252148997
25,1797,4,-18.2730627306273
25,1798,2,0.810888252148997
25,1799,30,0.810888252148997
25,1800,154,76.584
25,1801,311,179.825443786982
25,1802,208,-64.7222222222222
25,1803,-361,-234.936507936508
25,1804,-154,-158.035928143713
25,1805,48,13.6428571428571
25,1806,88,-14.280701754386
25,1807,-79,-14.280701754386
25,1808,65,-54.5392156862745
25,1809,-39,121.178571428571
25,1810,111,-6.02040816326531
25,1811,465,265.34328358209
25,1812,-113,-64.7222222222222
25,1813,-73,-158.035928143713
25,1814,-223,-141.977777777778
25,1815,-52,-54.5392156862745
25,1816,-158,13.6428571428571
25,1817,-85,-54.5392156862745
25,1818,-105,-6.02040816326531
25,1819,-27,-6.02040816326531
25,1820,-12,-18.2730627306273
25,1821,-4,15.1818181818182
25,1822,1,0.810888252148997
25,1823,34,0.810888252148997
25,1824,141,76.584
25,1825,325,179.825443786982
25,1826,213,-174
25,1827,-362,-234.936507936508
25,1828,-178,-158.035928143713
25,1829,49,13.6428571428571
25,1830,37,-14.280701754386
25,1831,19,-22.8783783783784
25,1832,14,-22.8783783783784
25,1833,26,-22.8783783783784
25,1834,114,116.493975903614
25,1835,429,265.34328358209
25,1836,-44,-64.7222222222222
25,1837,-244,-158.035928143713
25,1838,-144,-141.977777777778
25,1839,-98,13.6428571428571
25,1840,-95,-54.5392156862745
25,1841,-70,-54.5392156862745
25,1842,-78,-54.5392156862745
25,1843,-43,-6.02040816326531
25,1844,-36,-6.02040816326531
25,1845,-10,-18.2730627306273
25,1846,9,0.810888252148997
25,1847,19,0.810888252148997
25,1848,118,76.584
25,1849,279,179.825443786982
25,1850,223,-174
25,1851,-287,-234.936507936508
25,1852,-150,-158.035928143713
25,1853,70,13.6428571428571
25,1854,117,-14.280701754386
25,1855,-10,-14.280701754386
25,1856,-17,-34.5555555555556
25,1857,1,-18.2730627306273
25,1858,181,116.493975903614
25,1859,265,265.34328358209
25,1860,-130,-64.7222222222222
25,1861,-226,-158.035928143713
25,1862,-82,-141.977777777778
25,1863,-52,13.6428571428571
25,1864,-12,-54.5392156862745
25,1865,-99,-18.2730627306273
25,1866,-85,-6.02040816326531
25,1867,-42,-6.02040816326531
25,1868,-28,-6.02040816326531
25,1869,-40,-18.2730627306273
25,1870,-19,-54.5392156862745
25,1871,15,-18.2730627306273
25,1872,24,76.584
25,1873,31,76.584
25,1874,126,76.584
25,1875,163,51.3541666666667
25,1876,68,-174
25,1877,131,-118.533333333333
25,1878,37,-123.346153846154
25,1879,14,-34.5555555555556
25,1880,-44,33.020202020202
25,1881,10,-54.5392156862745
25,1882,-41,-22.8783783783784
25,1883,51,-54.5392156862745
25,1884,-22,-14.280701754386
25,1885,-110,-18.2730627306273
25,1886,-109,-54.5392156862745
25,1887,-62,-54.5392156862745
25,1888,-10,-54.5392156862745
25,1889,-97,0.810888252148997
25,1890,-35,-54.5392156862745
25,1891,-60,-18.2730627306273
25,1892,-14,-6.02040816326531
25,1893,-46,-18.2730627306273
25,1894,-10,-54.5392156862745
25,1895,-1,0.810888252148997
25,1896,6,0.810888252148997
25,1897,25,0.810888252148997
25,1898,71,76.584
25,1899,155,179.825443786982
25,1900,162,179.825443786982
25,1901,110,-234.936507936508
25,1902,69,-234.936507936508
25,1903,-1,9.55555555555556
25,1904,-32,0.810888252148997
25,1905,-119,-18.2730627306273
25,1906,117,-54.5392156862745
25,1907,13,-14.280701754386
25,1908,-80,-34.5555555555556
25,1909,-123,-54.5392156862745
25,1910,-88,-54.5392156862745
25,1911,-56,-6.02040816326531
25,1912,-93,-54.5392156862745
25,1913,-45,-54.5392156862745
25,1914,-68,-6.02040816326531
25,1915,-26,-6.02040816326531
25,1916,-5,-18.2730627306273
25,1917,-5,0.810888252148997
25,1918,5,0.810888252148997
25,1919,14,0.810888252148997
25,1920,14,76.584
25,1921,108,76.584
25,1922,329,179.825443786982
25,1923,-224,132.666666666667
25,1924,-159,-158.035928143713
25,1925,30,-24.1
25,1926,47,33.020202020202
25,1927,57,-14.280701754386
25,1928,-6,9.55555555555556
25,1929,18,0.810888252148997
25,1930,95,116.493975903614
25,1931,391,200.5
25,1932,-81,-14.280701754386
25,1933,-179,-158.035928143713
25,1934,-101,-141.977777777778
25,1935,-89,-54.5392156862745
25,1936,-109,-54.5392156862745
25,1937,-90,-54.5392156862745
25,1938,-39,-6.02040816326531
25,1939,-21,-6.02040816326531
25,1940,1,-18.2730627306273
25,1941,-7,0.810888252148997
25,1942,2,0.810888252148997
25,1943,27,0.810888252148997
25,1944,124,76.584
25,1945,319,179.825443786982
25,1946,193,-174
25,1947,-345,-234.936507936508
25,1948,-148,-118.533333333333
25,1949,50,13.6428571428571
25,1950,62,-14.280701754386
25,1951,-20,-14.280701754386
25,1952,-45,-18.2730627306273
25,1953,32,-6.02040816326531
25,1954,75,116.493975903614
25,1955,477,265.34328358209
25,1956,-16,-123.346153846154
25,1957,-281,-158.035928143713
25,1958,-56,-141.977777777778
25,1959,-182,13.6428571428571
25,1960,15,-54.5392156862745
25,1961,-166,-22.8783783783784
25,1962,-72,-54.5392156862745
25,1963,-26,-6.02040816326531
25,1964,-21,15.1818181818182
25,1965,2,-18.2730627306273
25,1966,-1,0.810888252148997
25,1967,32,0.810888252148997
25,1968,126,33.020202020202
25,1969,299,263.617021276596
25,1970,179,-64.7222222222222
25,1971,-327,-234.936507936508
25,1972,-149,-118.533333333333
25,1973,21,13.6428571428571
25,1974,-8,33.020202020202
25,1975,31,0.810888252148997
25,1976,-21,-22.8783783783784
25,1977,-11,-18.2730627306273
25,1978,156,116.493975903614
25,1979,356,265.34328358209
25,1980,-19,-64.7222222222222
25,1981,-133,-158.035928143713
25,1982,-132,-24.1
25,1983,-63,-54.5392156862745
25,1984,-87,-54.5392156862745
25,1985,-134,-54.5392156862745
25,1986,-54,-54.5392156862745
25,1987,-51,-6.02040816326531
25,1988,0,-6.02040816326531
25,1989,-7,0.810888252148997
25,1990,1,0.810888252148997
25,1991,28,0.810888252148997
25,1992,110,76.584
25,1993,313,263.617021276596
25,1994,127,179.825443786982
25,1995,-334,-234.936507936508
25,1996,-106,-34.5555555555556
25,1997,11,13.6428571428571
25,1998,54,33.020202020202
25,1999,-43,-14.280701754386
25,2000,4,-54.5392156862745
25,2001,18,0.810888252148997
25,2002,126,116.493975903614
25,2003,295,265.34328358209
25,2004,25,-64.7222222222222
25,2005,-141,-158.035928143713
25,2006,-63,-141.977777777778
25,2007,-125,-54.5392156862745
25,2008,-68,-54.5392156862745
25,2009,-97,-54.5392156862745
25,2010,-53,-54.5392156862745
25,2011,-62,-6.02040816326531
25,2012,-19,-54.5392156862745
25,2013,-5,-18.2730627306273
25,2014,3,0.810888252148997
25,2015,28,0.810888252148997
25,2016,84,76.584
25,2017,237,179.825443786982
25,2018,254,179.825443786982
25,2019,-280,-284.6875
25,2020,-148,-158.035928143713
25,2021,51,-24.1
25,2022,18,-14.280701754386
25,2023,46,-22.8783783783784
25,2024,-37,9.55555555555556
25,2025,21,-6.02040816326531
25,2026,96,116.493975903614
25,2027,266,265.34328358209
25,2028,-141,-14.280701754386
25,2029,-143,-158.035928143713
25,2030,-160,-141.977777777778
25,2031,15,-54.5392156862745
25,2032,-20,76.584
25,2033,-23,-18.2730627306273
25,2034,-58,-18.2730627306273
25,2035,7,-6.02040816326531
25,2036,-30,0.810888252148997
25,2037,-51,-18.2730627306273
25,2038,-23,-54.5392156862745
25,2039,-7,-18.2730627306273
25,2040,35,0.810888252148997
25,2041,31,76.584
25,2042,89,76.584
25,2043,165,179.825443786982
25,2044,162,117.35
25,2045,22,-234.936507936508
25,2046,86,-118.533333333333
25,2047,-38,9.55555555555556
25,2048,45,-54.5392156862745
25,2049,-126,-22.8783783783784
25,2050,30,-54.5392156862745
25,2051,17,-22.8783783783784
25,2052,-49,33.020202020202
25,2053,-56,-54.5392156862745
25,2054,-39,-54.5392156862745
25,2055,-64,-6.02040816326531
25,2056,-43,-54.5392156862745
25,2057,-54,-54.5392156862745
25,2058,-62,-54.5392156862745
25,2059,-36,-54.5392156862745
25,2060,-13,-18.2730627306273
25,2061,-54,-18.2730627306273
25,2062,-47,-54.5392156862745
25,2063,-5,-54.5392156862745
25,2064,17,0.810888252148997
25,2065,46,76.584
25,2066,70,143.761904761905
25,2067,91,179.825443786982
25,2068,220,117.35
25,2069,54,117.35
25,2070,50,-209.612903225806
25,2071,29,9.55555555555556
25,2072,-34,-22.8783783783784
25,2073,-64,-18.2730627306273
25,2074,-26,-54.5392156862745
25,2075,71,-18.2730627306273
25,2076,2,-14.280701754386
25,2077,-111,0.810888252148997
25,2078,-91,-54.5392156862745
25,2079,-79,-54.5392156862745
25,2080,-75,-54.5392156862745
25,2081,-91,-54.5392156862745
25,2082,-19,-54.5392156862745
25,2083,-37,-18.2730627306273
25,2084,-17,-6.02040816326531
25,2085,-9,-18.2730627306273
25,2086,-1,0.810888252148997
25,2087,39,0.810888252148997
25,2088,115,76.584
25,2089,327,179.825443786982
25,2090,123,-174
25,2091,-340,-234.936507936508
25,2092,-84,-34.5555555555556
25,2093,-3,13.6428571428571
25,2094,89,0.810888252148997
25,2095,-10,-14.280701754386
25,2096,-9,0.810888252148997
25,2097,-18,0.810888252148997
25,2098,181,116.493975903614
25,2099,419,265.34328358209
25,2100,-42,-64.7222222222222
25,2101,-209,-158.035928143713
25,2102,-107,-141.977777777778
25,2103,-144,13.6428571428571
25,2104,-144,-54.5392156862745
25,2105,-84,-54.5392156862745
25,2106,-66,-54.5392156862745
25,2107,-7,-6.02040816326531
25,2108,-21,15.1818181818182
25,2109,0,-18.2730627306273
25,2110,1,0.810888252148997
25,2111,29,0.810888252148997
25,2112,149,76.584
25,2113,364,179.825443786982
25,2114,104,-174
25,2115,-328,-234.936507936508
25,2116,-138,-24.1
25,2117,45,13.6428571428571
25,2118,73,33.020202020202
25,2119,-2,-14.280701754386
25,2120,-39,0.810888252148997
25,2121,50,-6.02040816326531
25,2122,99,117.35
25,2123,484,265.34328358209
25,2124,-76,-123.346153846154
25,2125,-212,-158.035928143713
25,2126,-107,-141.977777777778
25,2127,-177,13.6428571428571
25,2128,-83,-54.5392156862745
25,2129,-114,-54.5392156862745
25,2130,-77,-6.02040816326531
25,2131,-31,-6.02040816326531
25,2132,-9,15.1818181818182
25,2133,-6,0.810888252148997
25,2134,3,0.810888252148997
25,2135,25,0.810888252148997
25,2136,164,76.584
25,2137,327,179.825443786982
25,2138,160,-174
25,2139,-405,-234.936507936508
25,2140,-110,-118.533333333333
25,2141,37,13.6428571428571
25,2142,113,33.020202020202
25,2143,-1,-14.280701754386
25,2144,-51,-34.5555555555556
25,2145,-21,-6.02040816326531
25,2146,143,116.493975903614
25,2147,451,265.34328358209
25,2148,-39,-64.7222222222222
25,2149,-161,-158.035928143713
25,2150,-198,-141.977777777778
25,2151,-78,-54.5392156862745
25,2152,-70,-54.5392156862745
25,2153,-138,-54.5392156862745
25,2154,-105,-54.5392156862745
25,2155,-29,-6.02040816326531
25,2156,-12,-18.2730627306273
25,2157,-6,15.1818181818182
25,2158,4,0.810888252148997
25,2159,36,0.810888252148997
25,2160,146,76.584
25,2161,315,263.617021276596
25,2162,109,-64.7222222222222
25,2163,-266,-234.936507936508
25,2164,-167,-24.1
25,2165,27,13.6428571428571
25,2166,65,-22.8783783783784
25,2167,-40,-14.280701754386
25,2168,18,-54.5392156862745
25,2169,-35,-22.8783783783784
25,2170,168,116.493975903614
25,2171,318,265.34328358209
25,2172,-8,-64.7222222222222
25,2173,-126,-158.035928143713
25,2174,-101,-141.977777777778
25,2175,-72,-54.5392156862745
25,2176,-124,-54.5392156862745
25,2177,-103,-54.5392156862745
25,2178,-57,-54.5392156862745
25,2179,-72,-6.02040816326531
25,2180,-24,-6.02040816326531
25,2181,-10,-18.2730627306273
25,2182,2,0.810888252148997
25,2183,35,0.810888252148997
25,2184,118,76.584
25,2185,217,179.825443786982
25,2186,244,-174
25,2187,-324,-284.6875
25,2188,-129,-158.035928143713
25,2189,17,-24.1
25,2190,38,-22.8783783783784
25,2191,13,-22.8783783783784
25,2192,-6,-22.8783783783784
25,2193,-3,0.810888252148997
25,2194,121,116.493975903614
25,2195,188,265.34328358209
25,2196,-75,-64.7222222222222
25,2197,-101,-118.533333333333
25,2198,-55,-54.5392156862745
25,2199,-72,-54.5392156862745
25,2200,-73,-54.5392156862745
25,2201,-115,-54.5392156862745
25,2202,21,-6.02040816326531
25,2203,-11,33.020202020202
25,2204,3,0.810888252148997
25,2205,-38,0.810888252148997
25,2206,-5,-6.02040816326531
25,2207,-8,0.810888252148997
25,2208,32,0.810888252148997
25,2209,50,76.584
25,2210,102,143.761904761905
25,2211,81,121.178571428571
25,2212,129,117.35
25,2213,48,121.178571428571
25,2214,19,-34.5555555555556
25,2215,-43,76.584
25,2216,-19,-54.5392156862745
25,2217,-5,-18.2730627306273
25,2218,-31,0.810888252148997
25,2219,-11,-18.2730627306273
25,2220,-23,0.810888252148997
25,2221,35,-18.2730627306273
25,2222,-82,33.020202020202
25,2223,-79,-54.5392156862745
25,2224,-41,-54.5392156862745
25,2225,-20,-54.5392156862745
25,2226,-3,-18.2730627306273
25,2227,-56,0.810888252148997
25,2228,-3,-6.02040816326531
25,2229,-57,0.810888252148997
25,2230,-29,-54.5392156862745
25,2231,6,-18.2730627306273
25,2232,17,0.810888252148997
25,2233,23,76.584
25,2234,92,33.020202020202
25,2235,77,121.178571428571
25,2236,147,117.35
25,2237,11,51.3541666666667
25,2238,56,-118.533333333333
25,2239,-13,9.55555555555556
25,2240,24,-18.2730627306273
25,2241,-99,-22.8783783783784
25,2242,-32,-54.5392156862745
25,2243,100,-18.2730627306273
25,2244,-43,-14.280701754386
25,2245,12,-54.5392156862745
25,2246,-50,33.020202020202
25,2247,-74,-6.02040816326531
25,2248,-107,-54.5392156862745
25,2249,-41,-54.5392156862745
25,2250,-67,-54.5392156862745
25,2251,-26,-54.5392156862745
25,2252,-2,-18.2730627306273
25,2253,-10,0.810888252148997
25,2254,7,0.810888252148997
25,2255,28,0.810888252148997
25,2256,96,76.584
25,2257,262,179.825443786982
25,2258,170,179.825443786982
25,2259,-273,-234.936507936508
25,2260,-121,-118.533333333333
25,2261,27,13.6428571428571
25,2262,56,33.020202020202
25,2263,-21,-14.280701754386
25,2264,-6,-18.2730627306273
25,2265,4,0.810888252148997
25,2266,131,116.493975903614
25,2267,382,265.34328358209
25,2268,-17,-64.7222222222222
25,2269,-149,-158.035928143713
25,2270,-186,-141.977777777778
25,2271,-137,-54.5392156862745
25,2272,-70,-54.5392156862745
25,2273,-86,-54.5392156862745
25,2274,-49,-54.5392156862745
25,2275,-39,-6.02040816326531
25,2276,-4,-6.02040816326531
25,2277,-8,0.810888252148997
25,2278,4,0.810888252148997
25,2279,29,0.810888252148997
25,2280,119,76.584
25,2281,329,179.825443786982
25,2282,163,-174
25,2283,-374,-234.936507936508
25,2284,-63,-118.533333333333
25,2285,8,13.6428571428571
25,2286,55,0.810888252148997
25,2287,11,-14.280701754386
25,2288,27,-22.8783783783784
25,2289,91,-22.8783783783784
25,2290,126,117.35
25,2291,195,265.34328358209
25,2292,-95,-64.7222222222222
25,2293,-130,-158.035928143713
25,2294,-121,-54.5392156862745
25,2295,-180,-54.5392156862745
25,2296,-19,-54.5392156862745
25,2297,-6,-18.2730627306273
25,2298,-12,0.810888252148997
25,2299,-36,-18.2730627306273
25,2300,-30,-18.2730627306273
25,2301,-61,-18.2730627306273
25,2302,-16,-54.5392156862745
25,2303,3,-18.2730627306273
25,2304,13,0.810888252148997
25,2305,40,33.020202020202
25,2306,81,76.584
25,2307,140,179.825443786982
25,2308,154,117.35
25,2309,38,-234.936507936508
25,2310,9,-118.533333333333
25,2311,5,0.810888252148997
25,2312,48,0.810888252148997
25,2313,-93,-14.280701754386
25,2314,-65,-54.5392156862745
25,2315,25,-54.5392156862745
25,2316,16,-22.8783783783784
25,2317,2,33.020202020202
25,2318,119,0.810888252148997
25,2319,33,121.178571428571
25,2320,-82,-34.5555555555556
25,2321,-319,-54.5392156862745
25,2322,-95,-54.5392156862745
25,2323,-58,13.6428571428571
25,2324,-12,-54.5392156862745
25,2325,-11,-18.2730627306273
25,2326,0,0.810888252148997
25,2327,22,0.810888252148997
25,2328,104,15.1818181818182
25,2329,210,265.34328358209
25,2330,207,179.825443786982
25,2331,-257,-234.936507936508
25,2332,-107,-158.035928143713
25,2333,58,13.6428571428571
25,2334,32,-14.280701754386
25,2335,34,-22.8783783783784
25,2336,-69,-22.8783783783784
25,2337,13,-6.02040816326531
25,2338,179,116.493975903614
25,2339,256,265.34328358209
25,2340,-82,-64.7222222222222
25,2341,-104,-158.035928143713
25,2342,-182,-141.977777777778
25,2343,2,-54.5392156862745
25,2344,-98,0.810888252148997
25,2345,-94,-54.5392156862745
25,2346,-29,-6.02040816326531
25,2347,-73,-18.2730627306273
25,2348,-12,-6.02040816326531
25,2349,-10,-18.2730627306273
25,2350,-1,0.810888252148997
25,2351,29,0.810888252148997
25,2352,96,76.584
25,2353,222,179.825443786982
25,2354,232,179.825443786982
25,2355,-281,-234.936507936508
25,2356,-94,-158.035928143713
25,2357,23,13.6428571428571
25,2358,98,33.020202020202
25,2359,-38,-14.280701754386
25,2360,-18,-54.5392156862745
25,2361,10,-18.2730627306273
25,2362,84,116.493975903614
25,2363,207,265.34328358209
25,2364,-16,-14.280701754386
25,2365,-142,-158.035928143713
25,2366,-82,-54.5392156862745
25,2367,-36,-54.5392156862745
25,2368,-12,-18.2730627306273
25,2369,-124,-18.2730627306273
25,2370,-14,-54.5392156862745
25,2371,-79,-18.2730627306273
25,2372,-13,-6.02040816326531
25,2373,-27,-18.2730627306273
25,2374,-15,-18.2730627306273
25,2375,-2,-18.2730627306273
25,2376,17,0.810888252148997
25,2377,40,76.584
25,2378,81,76.584
25,2379,104,179.825443786982
25,2380,69,51.3541666666667
25,2381,42,51.3541666666667
25,2382,-25,76.584
25,2383,18,-18.2730627306273
25,2384,-52,-22.8783783783784
25,2385,-2,-54.5392156862745
25,2386,-12,0.810888252148997
25,2387,-15,-18.2730627306273
25,2388,-2,-18.2730627306273
25,2389,10,0.810888252148997
25,2390,-11,76.584
25,2391,-75,0.810888252148997
25,2392,19,-54.5392156862745
25,2393,-72,33.020202020202
25,2394,-1,-54.5392156862745
25,2395,-23,0.810888252148997
25,2396,-54,-18.2730627306273
25,2397,-35,-6.02040816326531
25,2398,-22,-18.2730627306273
25,2399,-7,-18.2730627306273
25,2400,15,0.810888252148997
25,2401,31,76.584
25,2402,78,33.020202020202
25,2403,112,179.825443786982
25,2404,77,117.35
25,2405,70,-34.5555555555556
25,2406,-13,51.3541666666667
25,2407,-39,-18.2730627306273
25,2408,-25,-54.5392156862745
25,2409,-14,-18.2730627306273
25,2410,-7,-18.2730627306273
25,2411,-21,0.810888252148997
25,2412,-17,-18.2730627306273
25,2413,-3,-18.2730627306273
25,2414,35,0.810888252148997
25,2415,-78,76.584
25,2416,-85,-54.5392156862745
25,2417,1,-54.5392156862745
25,2418,-84,0.810888252148997
25,2419,-21,-54.5392156862745
25,2420,-13,-18.2730627306273
25,2421,0,-18.2730627306273
25,2422,-3,0.810888252148997
25,2423,26,0.810888252148997
25,2424,64,76.584
25,2425,138,143.761904761905
25,2426,225,179.825443786982
25,2427,-92,-234.936507936508
25,2428,-188,-158.035928143713
25,2429,41,-54.5392156862745
25,2430,50,33.020202020202
25,2431,-11,-14.280701754386
25,2432,-13,0.810888252148997
25,2433,38,-18.2730627306273
25,2434,133,33.020202020202
25,2435,436,179.825443786982
25,2436,23,-174
25,2437,-241,-158.035928143713
25,2438,-184,-141.977777777778
25,2439,-116,13.6428571428571
25,2440,-107,-54.5392156862745
25,2441,-93,-54.5392156862745
25,2442,-62,-54.5392156862745
25,2443,-54,-6.02040816326531
25,2444,1,-6.02040816326531
25,2445,-13,0.810888252148997
25,2446,1,-18.2730627306273
25,2447,38,0.810888252148997
25,2448,145,76.584
25,2449,333,179.825443786982
25,2450,129,-174
25,2451,-318,-234.936507936508
25,2452,-141,-34.5555555555556
25,2453,59,13.6428571428571
25,2454,23,-14.280701754386
25,2455,8,-22.8783783783784
25,2456,-38,0.810888252148997
25,2457,23,-6.02040816326531
25,2458,170,116.493975903614
25,2459,437,265.34328358209
25,2460,-53,-64.7222222222222
25,2461,-405,-158.035928143713
25,2462,-330,-141.977777777778
25,2463,6,13.6428571428571
25,2464,49,0.810888252148997
25,2465,-36,-14.280701754386
25,2466,-59,-18.2730627306273
25,2467,-30,-6.02040816326531
25,2468,-9,15.1818181818182
25,2469,0,15.1818181818182
25,2470,2,0.810888252148997
25,2471,34,0.810888252148997
25,2472,144,33.020202020202
25,2473,312,179.825443786982
25,2474,177,-174
25,2475,-346,-234.936507936508
25,2476,-133,-118.533333333333
25,2477,34,13.6428571428571
25,2478,63,-22.8783783783784
25,2479,-19,-14.280701754386
25,2480,-32,-18.2730627306273
25,2481,35,-18.2730627306273
25,2482,135,116.493975903614
25,2483,419,265.34328358209
25,2484,-16,-64.7222222222222
25,2485,-181,-158.035928143713
25,2486,-150,-141.977777777778
25,2487,-92,-54.5392156862745
25,2488,-147,-54.5392156862745
25,2489,-92,-54.5392156862745
25,2490,-96,-54.5392156862745
25,2491,-35,-6.02040816326531
25,2492,-12,-18.2730627306273
25,2493,1,-18.2730627306273
25,2494,-5,0.810888252148997
25,2495,39,0.810888252148997
25,2496,134,76.584
25,2497,334,179.825443786982
25,2498,190,-174
25,2499,-375,-234.936507936508
25,2500,-113,-118.533333333333
25,2501,1,13.6428571428571
25,2502,77,0.810888252148997
25,2503,-15,-14.280701754386
25,2504,-68,-18.2730627306273
25,2505,62,-6.02040816326531
25,2506,168,117.35
25,2507,356,265.34328358209
25,2508,30,-64.7222222222222
25,2509,-196,-209.612903225806
25,2510,-115,-141.977777777778
25,2511,-141,-54.5392156862745
25,2512,-55,-54.5392156862745
25,2513,-107,-54.5392156862745
25,2514,-116,-54.5392156862745
25,2515,-36,-6.02040816326531
25,2516,-42,15.1818181818182
25,2517,-8,-6.02040816326531
25,2518,2,0.810888252148997
25,2519,23,0.810888252148997
25,2520,93,76.584
25,2521,253,179.825443786982
25,2522,333,179.825443786982
25,2523,-299,-284.6875
25,2524,-146,-158.035928143713
25,2525,20,-24.1
25,2526,91,33.020202020202
25,2527,-5,-14.280701754386
25,2528,-5,0.810888252148997
25,2529,-16,0.810888252148997
25,2530,139,116.493975903614
25,2531,343,265.34328358209
25,2532,-204,-64.7222222222222
25,2533,-143,-158.035928143713
25,2534,-99,-141.977777777778
25,2535,-90,-54.5392156862745
25,2536,-36,-54.5392156862745
25,2537,-51,-18.2730627306273
25,2538,-21,-6.02040816326531
25,2539,-73,116.493975903614
25,2540,-17,-6.02040816326531
25,2541,-61,-18.2730627306273
25,2542,-31,-54.5392156862745
25,2543,-4,-18.2730627306273
25,2544,30,0.810888252148997
25,2545,13,76.584
25,2546,103,76.584
25,2547,131,179.825443786982
25,2548,119,117.35
25,2549,38,-234.936507936508
25,2550,60,-34.5555555555556
25,2551,92,9.55555555555556
25,2552,41,9.55555555555556
25,2553,-72,-22.8783783783784
25,2554,6,-54.5392156862745
25,2555,-108,0.810888252148997
25,2556,-107,-54.5392156862745
25,2557,80,-54.5392156862745
25,2558,-75,-14.280701754386
25,2559,-87,-6.02040816326531
25,2560,-44,-54.5392156862745
25,2561,-14,-6.02040816326531
25,2562,-24,-18.2730627306273
25,2563,-19,-18.2730627306273
25,2564,-53,-18.2730627306273
25,2565,-58,-6.02040816326531
25,2566,-38,-54.5392156862745
25,2567,-10,-54.5392156862745
25,2568,6,0.810888252148997
25,2569,32,0.810888252148997
25,2570,86,76.584
25,2571,88,179.825443786982
25,2572,161,179.825443786982
25,2573,69,117.35
25,2574,38,-118.533333333333
25,2575,-9,76.584
25,2576,-4,0.810888252148997
25,2577,13,0.810888252148997
25,2578,6,-22.8783783783784
25,2579,-59,0.810888252148997
25,2580,-124,-54.5392156862745
25,2581,0,-54.5392156862745
25,2582,-18,0.810888252148997
25,2583,-71,-18.2730627306273
25,2584,-93,-54.5392156862745
25,2585,-39,-54.5392156862745
25,2586,-48,-6.02040816326531
25,2587,-32,-54.5392156862745
25,2588,4,-18.2730627306273
25,2589,-9,0.810888252148997
25,2590,6,0.810888252148997
25,2591,38,0.810888252148997
25,2592,90,76.584
25,2593,343,179.825443786982
25,2594,184,179.825443786982
25,2595,-319,-234.936507936508
25,2596,-162,-118.533333333333
25,2597,-4,13.6428571428571
25,2598,55,0.810888252148997
25,2599,2,-14.280701754386
25,2600,-27,0.810888252148997
25,2601,25,-18.2730627306273
25,2602,149,116.493975903614
25,2603,369,265.34328358209
25,2604,39,-64.7222222222222
25,2605,-199,-209.612903225806
25,2606,-141,-141.977777777778
25,2607,-126,13.6428571428571
25,2608,-44,-54.5392156862745
25,2609,-118,-54.5392156862745
25,2610,-113,-54.5392156862745
25,2611,-28,-6.02040816326531
25,2612,-18,15.1818181818182
25,2613,-4,-18.2730627306273
25,2614,4,0.810888252148997
25,2615,31,0.810888252148997
25,2616,175,76.584
25,2617,313,179.825443786982
25,2618,135,-64.7222222222222
25,2619,-341,-234.936507936508
25,2620,-161,-34.5555555555556
25,2621,47,13.6428571428571
25,2622,48,-14.280701754386
25,2623,-33,-14.280701754386
25,2624,-7,-18.2730627306273
25,2625,30,0.810888252148997
25,2626,137,116.493975903614
25,2627,389,265.34328358209
25,2628,2,-64.7222222222222
25,2629,-225,-158.035928143713
25,2630,-120,-141.977777777778
25,2631,-94,13.6428571428571
25,2632,-89,-54.5392156862745
25,2633,-83,-54.5392156862745
25,2634,-108,-54.5392156862745
25,2635,-37,-6.02040816326531
25,2636,-8,-6.02040816326531
25,2637,-4,0.810888252148997
25,2638,2,0.810888252148997
25,2639,40,0.810888252148997
25,2640,116,76.584
25,2641,333,179.825443786982
25,2642,184,-174
25,2643,-382,-234.936507936508
25,2644,-159,-118.533333333333
25,2645,45,13.6428571428571
25,2646,19,-22.8783783783784
25,2647,1,-22.8783783783784
25,2648,-33,0.810888252148997
25,2649,24,-18.2730627306273
25,2650,30,116.493975903614
25,2651,146,173
25,2652,273,-14.280701754386
25,2653,-127,-64.7222222222222
25,2654,-150,-158.035928143713
25,2655,-47,-24.1
25,2656,-31,-54.5392156862745
25,2657,-157,-18.2730627306273
25,2658,-65,-54.5392156862745
25,2659,-41,-6.02040816326531
25,2660,-18,-6.02040816326531
25,2661,-2,-18.2730627306273
25,2662,3,0.810888252148997
25,2663,32,0.810888252148997
25,2664,112,76.584
25,2665,321,263.617021276596
25,2666,184,-64.7222222222222
25,2667,-339,-234.936507936508
25,2668,-120,-118.533333333333
25,2669,18,13.6428571428571
25,2670,58,33.020202020202
25,2671,-20,-14.280701754386
25,2672,-57,-18.2730627306273
25,2673,95,-6.02040816326531
25,2674,66,117.35
25,2675,413,265.34328358209
25,2676,6,-123.346153846154
25,2677,-244,-158.035928143713
25,2678,-28,-141.977777777778
25,2679,-173,-18.2730627306273
25,2680,-264,-54.5392156862745
25,2681,-3,-54.5392156862745
25,2682,-31,0.810888252148997
25,2683,-23,-18.2730627306273
25,2684,8,15.1818181818182
25,2685,17,0.810888252148997
25,2686,-27,76.584
25,2687,33,15.1818181818182
25,2688,84,76.584
25,2689,234,51.3541666666667
25,2690,331,179.825443786982
25,2691,-318,-284.6875
25,2692,-140,-158.035928143713
25,2693,-21,-141.977777777778
25,2694,62,-18.2730627306273
25,2695,-118,-14.280701754386
25,2696,73,-54.5392156862745
25,2697,-13,121.178571428571
25,2698,220,116.493975903614
25,2699,279,265.34328358209
25,2700,-93,-64.7222222222222
25,2701,-220,-158.035928143713
25,2702,-151,-141.977777777778
25,2703,-129,13.6428571428571
25,2704,13,-54.5392156862745
25,2705,31,76.584
25,2706,-63,-22.8783783783784
25,2707,-31,-6.02040816326531
25,2708,-12,15.1818181818182
25,2709,-35,-18.2730627306273
25,2710,-9,-18.2730627306273
25,2711,1,0.810888252148997
25,2712,-2,0.810888252148997
25,2713,22,0.810888252148997
25,2714,75,76.584
25,2715,95,179.825443786982
25,2716,61,179.825443786982
25,2717,37,51.3541666666667
25,2718,152,76.584
25,2719,-103,-123.346153846154
25,2720,-11,-118.533333333333
25,2721,37,0.810888252148997
25,2722,-54,-22.8783783783784
25,2723,-85,-54.5392156862745
25,2724,-64,-54.5392156862745
25,2725,61,-6.02040816326531
25,2726,-24,143.761904761905
25,2727,-51,-18.2730627306273
25,2728,17,-54.5392156862745
25,2729,-31,33.020202020202
25,2730,-36,-18.2730627306273
25,2731,17,-18.2730627306273
25,2732,-8,76.584
25,2733,-79,0.810888252148997
25,2734,-27,-54.5392156862745
25,2735,-10,-18.2730627306273
25,2736,13,0.810888252148997
25,2737,19,76.584
25,2738,115,76.584
25,2739,105,179.825443786982
25,2740,121,-174
25,2741,126,51.3541666666667
25,2742,-1,-234.936507936508
25,2743,122,-34.5555555555556
25,2744,-10,-123.346153846154
25,2745,8,-34.5555555555556
25,2746,4,0.810888252148997
25,2747,-72,0.810888252148997
25,2748,-41,-54.5392156862745
25,2749,7,-54.5392156862745
25,2750,-144,0.810888252148997
25,2751,-33,-54.5392156862745
25,2752,-154,-18.2730627306273
25,2753,-68,-6.02040816326531
25,2754,-76,-54.5392156862745
25,2755,-20,-54.5392156862745
25,2756,-10,-18.2730627306273
25,2757,-15,0.810888252148997
25,2758,6,-18.2730627306273
25,2759,43,0.810888252148997
25,2760,106,76.584
25,2761,264,179.825443786982
25,2762,317,179.825443786982
25,2763,-393,-284.6875
25,2764,-145,-158.035928143713
25,2765,-2,-24.1
25,2766,116,0.810888252148997
25,2767,-74,-14.280701754386
25,2768,31,-34.5555555555556
25,2769,10,-22.8783783783784
25,2770,176,116.493975903614
25,2771,390,265.34328358209
25,2772,-106,-64.7222222222222
25,2773,-159,-158.035928143713
25,2774,-179,-141.977777777778
25,2775,-107,-54.5392156862745
25,2776,-87,-54.5392156862745
25,2777,-95,-54.5392156862745
25,2778,-50,-6.02040816326531
25,2779,-47,-6.02040816326531
25,2780,-1,-6.02040816326531
25,2781,-10,0.810888252148997
25,2782,0,0.810888252148997
25,2783,44,0.810888252148997
25,2784,140,76.584
25,2785,326,179.825443786982
25,2786,227,-174
25,2787,-404,-234.936507936508
25,2788,-121,-158.035928143713
25,2789,-17,13.6428571428571
25,2790,28,-18.2730627306273
25,2791,44,-22.8783783783784
25,2792,-29,-22.8783783783784
25,2793,41,-18.2730627306273
25,2794,170,116.493975903614
25,2795,414,265.34328358209
25,2796,8,-64.7222222222222
25,2797,-245,-158.035928143713
25,2798,-109,-141.977777777778
25,2799,-145,13.6428571428571
25,2800,-109,-54.5392156862745
25,2801,-77,-54.5392156862745
25,2802,-126,-54.5392156862745
25,2803,-38,-6.02040816326531
25,2804,-16,-6.02040816326531
25,2805,0,-18.2730627306273
25,2806,-8,0.810888252148997
25,2807,55,0.810888252148997
25,2808,131,143.761904761905
25,2809,317,179.825443786982
25,2810,281,-284.6875
25,2811,-446,-64.7222222222222
25,2812,-111,-158.035928143713
25,2813,50,-24.1
25,2814,29,-14.280701754386
25,2815,2,-22.8783783783784
25,2816,-65,0.810888252148997
25,2817,70,-6.02040816326531
25,2818,167,117.35
25,2819,429,265.34328358209
25,2820,-22,-64.7222222222222
25,2821,-193,-158.035928143713
25,2822,-131,-141.977777777778
25,2823,-170,-54.5392156862745
25,2824,-119,-54.5392156862745
25,2825,-39,-54.5392156862745
25,2826,-147,-54.5392156862745
25,2827,-63,-6.02040816326531
25,2828,-8,-6.02040816326531
25,2829,-13,0.810888252148997
25,2830,-4,-18.2730627306273
25,2831,38,0.810888252148997
25,2832,139,76.584
25,2833,314,179.825443786982
25,2834,234,-174
25,2835,-385,-64.7222222222222
25,2836,-122,-158.035928143713
25,2837,-10,13.6428571428571
25,2838,67,0.810888252148997
25,2839,-37,-14.280701754386
25,2840,-29,-54.5392156862745
25,2841,25,-18.2730627306273
25,2842,136,116.493975903614
25,2843,364,265.34328358209
25,2844,-50,-64.7222222222222
25,2845,-74,-158.035928143713
25,2846,-168,-141.977777777778
25,2847,-175,-54.5392156862745
25,2848,-37,-54.5392156862745
25,2849,-89,-54.5392156862745
25,2850,-48,-54.5392156862745
25,2851,-43,-6.02040816326531
25,2852,-28,-6.02040816326531
25,2853,-14,-18.2730627306273
25,2854,-4,-18.2730627306273
25,2855,29,0.810888252148997
25,2856,102,76.584
25,2857,271,179.825443786982
25,2858,266,179.825443786982
25,2859,-313,-284.6875
25,2860,-132,-158.035928143713
25,2861,20,-24.1
25,2862,48,33.020202020202
25,2863,15,-14.280701754386
25,2864,12,-22.8783783783784
25,2865,-3,-22.8783783783784
25,2866,176,116.493975903614
25,2867,200,265.34328358209
25,2868,-77,-64.7222222222222
25,2869,-106,-158.035928143713
25,2870,-162,-54.5392156862745
25,2871,-94,-54.5392156862745
25,2872,-61,-54.5392156862745
25,2873,-10,-54.5392156862745
25,2874,2,0.810888252148997
25,2875,-111,0.810888252148997
25,2876,10,-6.02040816326531
25,2877,-47,76.584
25,2878,-32,-54.5392156862745
25,2879,3,-18.2730627306273
25,2880,36,0.810888252148997
25,2881,26,76.584
25,2882,87,33.020202020202
25,2883,174,121.178571428571
25,2884,58,117.35
25,2885,62,-118.533333333333
25,2886,30,9.55555555555556
25,2887,11,-22.8783783783784
25,2888,-4,33.020202020202
25,2889,3,0.810888252148997
25,2890,-10,0.810888252148997
25,2891,-8,0.810888252148997
25,2892,2,0.810888252148997
25,2893,-143,0.810888252148997
25,2894,-105,-54.5392156862745
25,2895,67,-54.5392156862745
25,2896,-24,121.178571428571
25,2897,-68,-18.2730627306273
25,2898,-20,-54.5392156862745
25,2899,-30,-18.2730627306273
25,2900,-46,-18.2730627306273
25,2901,-57,-54.5392156862745
25,2902,-42,-54.5392156862745
25,2903,4,-54.5392156862745
25,2904,1,0.810888252148997
25,2905,22,0.810888252148997
25,2906,87,76.584
25,2907,99,179.825443786982
25,2908,155,179.825443786982
25,2909,128,117.35
25,2910,2,-234.936507936508
25,2911,-28,-34.5555555555556
25,2912,39,-18.2730627306273
25,2913,-21,-22.8783783783784
25,2914,20,-18.2730627306273
25,2915,10,-22.8783783783784
25,2916,-112,-22.8783783783784
25,2917,24,-54.5392156862745
25,2918,-140,33.020202020202
25,2919,-32,-54.5392156862745
25,2920,-123,-18.2730627306273
25,2921,-48,-54.5392156862745
25,2922,-42,-6.02040816326531
25,2923,-39,-54.5392156862745
25,2924,-11,-6.02040816326531
25,2925,-5,0.810888252148997
25,2926,2,0.810888252148997
25,2927,42,0.810888252148997
25,2928,114,76.584
25,2929,308,179.825443786982
25,2930,282,-174
25,2931,-458,-284.6875
25,2932,-104,-158.035928143713
25,2933,26,-24.1
25,2934,63,-22.8783783783784
25,2935,-52,-14.280701754386
25,2936,28,-54.5392156862745
25,2937,-18,-22.8783783783784
25,2938,189,116.493975903614
25,2939,402,265.34328358209
25,2940,-15,-64.7222222222222
25,2941,-147,-158.035928143713
25,2942,-203,-141.977777777778
25,2943,-140,-54.5392156862745
25,2944,-92,13.6428571428571
25,2945,-80,-54.5392156862745
25,2946,-112,-54.5392156862745
25,2947,-17,-6.02040816326531
25,2948,-13,-18.2730627306273
25,2949,-2,15.1818181818182
25,2950,0,0.810888252148997
25,2951,39,0.810888252148997
25,2952,149,76.584
25,2953,319,179.825443786982
25,2954,247,-174
25,2955,-427,-284.6875
25,2956,-106,-158.035928143713
25,2957,-3,-24.1
25,2958,24,0.810888252148997
25,2959,40,-22.8783783783784
25,2960,-28,-22.8783783783784
25,2961,-116,-18.2730627306273
25,2962,258,-6.02040816326531
25,2963,418,265.34328358209
25,2964,37,-64.7222222222222
25,2965,-243,-209.612903225806
25,2966,-162,-141.977777777778
25,2967,-100,13.6428571428571
25,2968,-95,-54.5392156862745
25,2969,-110,-54.5392156862745
25,2970,-100,-54.5392156862745
25,2971,-14,-6.02040816326531
25,2972,-20,15.1818181818182
25,2973,-6,-18.2730627306273
25,2974,-3,0.810888252148997
25,2975,45,0.810888252148997
25,2976,136,76.584
25,2977,302,179.825443786982
25,2978,194,-174
25,2979,-331,-234.936507936508
25,2980,-114,-118.533333333333
25,2981,-2,13.6428571428571
25,2982,50,0.810888252148997
25,2983,-4,-14.280701754386
25,2984,-17,0.810888252148997
25,2985,32,-18.2730627306273
25,2986,184,116.493975903614
25,2987,358,265.34328358209
25,2988,54,-64.7222222222222
25,2989,-239,-209.612903225806
25,2990,-139,-141.977777777778
25,2991,-193,13.6428571428571
25,2992,-32,-54.5392156862745
25,2993,-136,-18.2730627306273
25,2994,-89,-54.5392156862745
25,2995,-21,-6.02040816326531
25,2996,-31,15.1818181818182
25,2997,-5,-18.2730627306273
25,2998,3,15.1818181818182
25,2999,32,0.810888252148997
25,3000,142,76.584
25,3001,290,263.617021276596
25,3002,266,-64.7222222222222
25,3003,-396,-284.6875
25,3004,-162,-158.035928143713
25,3005,45,-24.1
25,3006,60,33.020202020202
25,3007,24,-14.280701754386
25,3008,-85,-22.8783783783784
25,3009,45,-6.02040816326531
25,3010,136,116.493975903614
25,3011,459,265.34328358209
25,3012,-98,-64.7222222222222
25,3013,-160,-158.035928143713
25,3014,-180,-141.977777777778
25,3015,-85,-54.5392156862745
25,3016,-80,-54.5392156862745
25,3017,-85,-54.5392156862745
25,3018,-106,-6.02040816326531
25,3019,-28,-6.02040816326531
25,3020,-29,-18.2730627306273
25,3021,-8,-18.2730627306273
25,3022,6,0.810888252148997
25,3023,25,0.810888252148997
25,3024,126,76.584
25,3025,258,179.825443786982
25,3026,247,-174
25,3027,-272,-284.6875
25,3028,-147,-158.035928143713
25,3029,14,-24.1
25,3030,75,33.020202020202
25,3031,7,-14.280701754386
25,3032,-14,0.810888252148997
25,3033,49,-18.2730627306273
25,3034,112,117.35
25,3035,249,265.34328358209
25,3036,-70,-64.7222222222222
25,3037,-202,-158.035928143713
25,3038,-80,-141.977777777778
25,3039,-111,13.6428571428571
25,3040,-76,-54.5392156862745
25,3041,-6,-54.5392156862745
25,3042,-35,0.810888252148997
25,3043,-39,-18.2730627306273
25,3044,-38,-6.02040816326531
25,3045,-54,-6.02040816326531
25,3046,-17,-6.02040816326531
25,3047,4,-18.2730627306273
25,3048,32,0.810888252148997
25,3049,18,33.020202020202
25,3050,114,76.584
25,3051,97,179.825443786982
25,3052,118,-34.5555555555556
25,3053,74,51.3541666666667
25,3054,77,-34.5555555555556
25,3055,-20,9.55555555555556
25,3056,-55,-18.2730627306273
25,3057,17,-54.5392156862745
25,3058,-39,-22.8783783783784
25,3059,42,-54.5392156862745
25,3060,-2,-22.8783783783784
25,3061,-93,0.810888252148997
25,3062,-85,-54.5392156862745
25,3063,-23,-54.5392156862745
25,3064,-20,-18.2730627306273
25,3065,-47,-18.2730627306273
25,3066,-69,-54.5392156862745
25,3067,-66,-6.02040816326531
25,3068,-14,-6.02040816326531
25,3069,-32,-18.2730627306273
25,3070,-27,-18.2730627306273
25,3071,5,-18.2730627306273
25,3072,0,0.810888252148997
25,3073,49,0.810888252148997
25,3074,40,143.761904761905
25,3075,121,76.584
25,3076,135,179.825443786982
25,3077,73,-174
25,3078,54,-34.5555555555556
25,3079,32,9.55555555555556
25,3080,3,-22.8783783783784
25,3081,-76,0.810888252148997
25,3082,-29,-54.5392156862745
25,3083,-39,-18.2730627306273
25,3084,-153,-54.5392156862745
25,3085,-44,-54.5392156862745
25,3086,8,-54.5392156862745
25,3087,15,0.810888252148997
25,3088,-51,33.020202020202
25,3089,-70,-54.5392156862745
25,3090,-54,-6.02040816326531
25,3091,-22,-54.5392156862745
25,3092,-6,-18.2730627306273
25,3093,0,0.810888252148997
25,3094,6,0.810888252148997
25,3095,14,0.810888252148997
25,3096,116,76.584
25,3097,266,179.825443786982
25,3098,198,-174
25,3099,-329,-234.936507936508
25,3100,-63,-158.035928143713
25,3101,47,13.6428571428571
25,3102,25,-14.280701754386
25,3103,4,-22.8783783783784
25,3104,-2,0.810888252148997
25,3105,-13,0.810888252148997
25,3106,177,116.493975903614
25,3107,407,265.34328358209
25,3108,-15,-64.7222222222222
25,3109,-203,-158.035928143713
25,3110,-183,-141.977777777778
25,3111,-140,13.6428571428571
25,3112,-110,-54.5392156862745
25,3113,-94,-54.5392156862745
25,3114,-66,-54.5392156862745
25,3115,-29,-6.02040816326531
25,3116,-5,15.1818181818182
25,3117,-7,0.810888252148997
25,3118,3,0.810888252148997
25,3119,27,0.810888252148997
25,3120,143,76.584
25,3121,323,179.825443786982
25,3122,203,-174
25,3123,-378,-234.936507936508
25,3124,-77,-158.035928143713
25,3125,-36,13.6428571428571
25,3126,69,-18.2730627306273
25,3127,-30,-14.280701754386
25,3128,8,-18.2730627306273
25,3129,45,0.810888252148997
25,3130,139,116.493975903614
25,3131,423,265.34328358209
25,3132,-54,-64.7222222222222
25,3133,-204,-158.035928143713
25,3134,-162,-141.977777777778
25,3135,-131,13.6428571428571
25,3136,-93,-54.5392156862745
25,3137,-86,-54.5392156862745
25,3138,-80,-54.5392156862745
25,3139,-35,-6.02040816326531
25,3140,-17,15.1818181818182
25,3141,1,-18.2730627306273
25,3142,0,0.810888252148997
25,3143,36,0.810888252148997
25,3144,130,76.584
25,3145,309,179.825443786982
25,3146,255,-174
25,3147,-396,-284.6875
25,3148,-127,-158.035928143713
25,3149,25,-24.1
25,3150,41,-22.8783783783784
25,3151,33,-22.8783783783784
25,3152,-77,-22.8783783783784
25,3153,42,-6.02040816326531
25,3154,163,116.493975903614
25,3155,417,265.34328358209
25,3156,4,-64.7222222222222
25,3157,-176,-158.035928143713
25,3158,-186,-141.977777777778
25,3159,-119,-54.5392156862745
25,3160,-148,-54.5392156862745
25,3161,-97,-54.5392156862745
25,3162,-69,-54.5392156862745
25,3163,-39,-6.02040816326531
25,3164,-14,-6.02040816326531
25,3165,-8,-18.2730627306273
25,3166,4,0.810888252148997
25,3167,31,0.810888252148997
25,3168,126,76.584
25,3169,308,179.825443786982
25,3170,223,-174
25,3171,-345,-234.936507936508
25,3172,-148,-158.035928143713
25,3173,55,13.6428571428571
25,3174,17,-14.280701754386
25,3175,4,-22.8783783783784
25,3176,-34,0.810888252148997
25,3177,20,-18.2730627306273
25,3178,150,116.493975903614
25,3179,393,265.34328358209
25,3180,1,-64.7222222222222
25,3181,-188,-158.035928143713
25,3182,-145,-141.977777777778
25,3183,-142,-54.5392156862745
25,3184,-77,-54.5392156862745
25,3185,-103,-54.5392156862745
25,3186,-71,-54.5392156862745
25,3187,-44,-6.02040816326531
25,3188,-21,-6.02040816326531
25,3189,-11,-18.2730627306273
25,3190,-2,0.810888252148997
25,3191,26,0.810888252148997
25,3192,11,76.584
25,3193,89,76.584
25,3194,-14,179.825443786982
25,3195,101,-18.2730627306273
25,3196,-27,51.3541666666667
25,3197,58,-18.2730627306273
25,3198,64,9.55555555555556
25,3199,-25,-14.280701754386
25,3200,17,-18.2730627306273
25,3201,17,33.020202020202
25,3202,143,76.584
25,3203,263,179.825443786982
25,3204,-90,-174
25,3205,-148,-158.035928143713
25,3206,-122,-141.977777777778
25,3207,-84,-54.5392156862745
25,3208,-68,-54.5392156862745
25,3209,-26,-54.5392156862745
25,3210,-12,-18.2730627306273
25,3211,-64,-18.2730627306273
25,3212,-31,-6.02040816326531
25,3213,-64,-18.2730627306273
25,3214,-11,-54.5392156862745
25,3215,1,0.810888252148997
25,3216,12,0.810888252148997
25,3217,39,76.584
25,3218,100,76.584
25,3219,109,179.825443786982
25,3220,136,117.35
25,3221,92,51.3541666666667
25,3222,47,-34.5555555555556
25,3223,23,9.55555555555556
25,3224,-31,-22.8783783783784
25,3225,24,-18.2730627306273
25,3226,-31,-22.8783783783784
25,3227,-19,-18.2730627306273
25,3228,-212,-18.2730627306273
25,3229,-25,-54.5392156862745
25,3230,-115,-18.2730627306273
25,3231,-32,-54.5392156862745
25,3232,40,-18.2730627306273
25,3233,-5,33.020202020202
25,3234,-43,0.810888252148997
25,3235,-7,-54.5392156862745
25,3236,-27,0.810888252148997
25,3237,-38,-18.2730627306273
25,3238,-38,-54.5392156862745
25,3239,0,-54.5392156862745
25,3240,6,0.810888252148997
25,3241,23,0.810888252148997
25,3242,80,76.584
25,3243,98,179.825443786982
25,3244,111,179.825443786982
25,3245,121,117.35
25,3246,56,-234.936507936508
25,3247,38,-34.5555555555556
25,3248,36,33.020202020202
25,3249,-2,-22.8783783783784
25,3250,-64,0.810888252148997
25,3251,-8,-54.5392156862745
25,3252,-14,0.810888252148997
25,3253,-26,-18.2730627306273
25,3254,-165,-18.2730627306273
25,3255,-80,-54.5392156862745
25,3256,-39,-54.5392156862745
25,3257,-71,-54.5392156862745
25,3258,-63,-54.5392156862745
25,3259,-33,-54.5392156862745
25,3260,-5,-18.2730627306273
25,3261,-3,0.810888252148997
25,3262,5,0.810888252148997
25,3263,25,0.810888252148997
25,3264,123,76.584
25,3265,277,179.825443786982
25,3266,237,-174
25,3267,-368,-284.6875
25,3268,-106,-158.035928143713
25,3269,46,13.6428571428571
25,3270,31,-14.280701754386
25,3271,-22,-22.8783783783784
25,3272,-6,-18.2730627306273
25,3273,26,0.810888252148997
25,3274,190,116.493975903614
25,3275,354,265.34328358209
25,3276,-6,-64.7222222222222
25,3277,-257,-158.035928143713
25,3278,-123,-141.977777777778
25,3279,-142,13.6428571428571
25,3280,-98,-54.5392156862745
25,3281,-64,-54.5392156862745
25,3282,-68,-54.5392156862745
25,3283,-33,-6.02040816326531
25,3284,-16,15.1818181818182
25,3285,-8,-18.2730627306273
25,3286,2,0.810888252148997
25,3287,31,0.810888252148997
25,3288,28,76.584
25,3289,115,76.584
25,3290,439,179.825443786982
25,3291,-216,-174
25,3292,-194,-158.035928143713
25,3293,-12,-24.1
25,3294,104,-18.2730627306273
25,3295,-14,-14.280701754386
25,3296,-31,-18.2730627306273
25,3297,28,-18.2730627306273
25,3298,175,116.493975903614
25,3299,354,200.5
25,3300,42,-64.7222222222222
25,3301,-227,-209.612903225806
25,3302,-191,-141.977777777778
25,3303,-128,13.6428571428571
25,3304,-119,-54.5392156862745
25,3305,-22,-54.5392156862745
25,3306,-107,-18.2730627306273
25,3307,-23,-6.02040816326531
25,3308,-29,15.1818181818182
25,3309,3,15.1818181818182
25,3310,-7,0.810888252148997
25,3311,35,0.810888252148997
25,3312,133,76.584
25,3313,320,179.825443786982
25,3314,190,-174
25,3315,-315,-234.936507936508
25,3316,-134,-118.533333333333
25,3317,2,13.6428571428571
25,3318,72,0.810888252148997
25,3319,-13,-14.280701754386
25,3320,-39,-18.2730627306273
25,3321,11,-6.02040816326531
25,3322,165,116.493975903614
25,3323,420,265.34328358209
25,3324,-3,-64.7222222222222
25,3325,-199,-158.035928143713
25,3326,-222,-141.977777777778
25,3327,-112,13.6428571428571
25,3328,-89,13.6428571428571
25,3329,-88,-54.5392156862745
25,3330,-62,-54.5392156862745
25,3331,-55,-6.02040816326531
25,3332,-6,-6.02040816326531
25,3333,-11,15.1818181818182
25,3334,1,0.810888252148997
25,3335,32,0.810888252148997
25,3336,128,76.584
25,3337,299,179.825443786982
25,3338,218,-174
25,3339,-345,-234.936507936508
25,3340,-138,-158.035928143713
25,3341,75,13.6428571428571
25,3342,69,-14.280701754386
25,3343,-43,-14.280701754386
25,3344,-52,-54.5392156862745
25,3345,12,-6.02040816326531
25,3346,159,116.493975903614
25,3347,478,265.34328358209
25,3348,-65,-64.7222222222222
25,3349,-155,-158.035928143713
25,3350,-163,-141.977777777778
25,3351,-158,-54.5392156862745
25,3352,-102,-54.5392156862745
25,3353,-28,-54.5392156862745
25,3354,-138,-18.2730627306273
25,3355,-34,-6.02040816326531
25,3356,-35,-18.2730627306273
25,3357,-13,-18.2730627306273
25,3358,3,-18.2730627306273
25,3359,27,0.810888252148997
25,3360,121,76.584
25,3361,222,179.825443786982
25,3362,289,-174
25,3363,-290,-64.7222222222222
25,3364,-147,-158.035928143713
25,3365,72,-24.1
25,3366,62,-14.280701754386
25,3367,-8,-14.280701754386
25,3368,-29,0.810888252148997
25,3369,55,-18.2730627306273
25,3370,105,117.35
25,3371,303,265.34328358209
25,3372,-122,-123.346153846154
25,3373,-178,-158.035928143713
25,3374,-132,-141.977777777778
25,3375,-104,-54.5392156862745
25,3376,-42,-54.5392156862745
25,3377,-92,-54.5392156862745
25,3378,-16,-6.02040816326531
25,3379,-13,-18.2730627306273
25,3380,-49,-18.2730627306273
25,3381,-13,-6.02040816326531
25,3382,-17,-18.2730627306273
25,3383,-4,-18.2730627306273
25,3384,18,0.810888252148997
25,3385,37,76.584
25,3386,125,76.584
25,3387,103,179.825443786982
25,3388,188,-34.5555555555556
25,3389,56,51.3541666666667
25,3390,118,-118.533333333333
25,3391,-10,-123.346153846154
25,3392,-46,-34.5555555555556
25,3393,-2,-54.5392156862745
25,3394,45,0.810888252148997
25,3395,-6,-22.8783783783784
25,3396,-81,0.810888252148997
25,3397,-66,-54.5392156862745
25,3398,-147,-54.5392156862745
25,3399,-3,-54.5392156862745
25,3400,-77,0.810888252148997
25,3401,-26,-54.5392156862745
25,3402,-48,-18.2730627306273
25,3403,-56,-54.5392156862745
25,3404,-12,-6.02040816326531
25,3405,-64,-18.2730627306273
25,3406,-29,-6.02040816326531
25,3407,-15,-18.2730627306273
25,3408,9,-18.2730627306273
25,3409,21,0.810888252148997
25,3410,83,76.584
25,3411,146,179.825443786982
25,3412,155,117.35
25,3413,-153,-234.936507936508
25,3414,26,-118.533333333333
25,3415,-136,76.584
25,3416,-13,-54.5392156862745
25,3417,127,-18.2730627306273
25,3418,80,-14.280701754386
25,3419,-13,-34.5555555555556
25,3420,34,-18.2730627306273
25,3421,-36,173
25,3422,-67,-18.2730627306273
25,3423,-84,-54.5392156862745
25,3424,-134,-54.5392156862745
25,3425,-10,-54.5392156862745
25,3426,-20,0.810888252148997
25,3427,-16,-18.2730627306273
25,3428,-5,-18.2730627306273
25,3429,-2,0.810888252148997
25,3430,4,0.810888252148997
25,3431,30,0.810888252148997
25,3432,124,76.584
25,3433,281,179.825443786982
25,3434,213,-174
25,3435,-298,-234.936507936508
25,3436,-164,-158.035928143713
25,3437,48,13.6428571428571
25,3438,41,-14.280701754386
25,3439,9,-22.8783783783784
25,3440,-16,0.810888252148997
25,3441,34,-18.2730627306273
25,3442,151,116.493975903614
25,3443,433,265.34328358209
25,3444,-78,-64.7222222222222
25,3445,-516,-158.035928143713
25,3446,-38,-141.977777777778
25,3447,-16,13.6428571428571
25,3448,-84,-18.2730627306273
25,3449,-59,-54.5392156862745
25,3450,-43,-6.02040816326531
25,3451,-26,-6.02040816326531
25,3452,-25,15.1818181818182
25,3453,-5,-18.2730627306273
25,3454,1,0.810888252148997
25,3455,30,0.810888252148997
25,3456,135,76.584
25,3457,350,179.825443786982
25,3458,204,-174
25,3459,-395,-234.936507936508
25,3460,-150,-158.035928143713
25,3461,78,13.6428571428571
25,3462,49,-14.280701754386
25,3463,26,-14.280701754386
25,3464,-29,-22.8783783783784
25,3465,0,-18.2730627306273
25,3466,165,116.493975903614
25,3467,411,265.34328358209
25,3468,-253,-64.7222222222222
25,3469,-149,-158.035928143713
25,3470,-118,-141.977777777778
25,3471,-78,-54.5392156862745
25,3472,-48,-54.5392156862745
25,3473,-96,-54.5392156862745
25,3474,-81,-6.02040816326531
25,3475,-34,-6.02040816326531
25,3476,-4,-18.2730627306273
25,3477,-10,0.810888252148997
25,3478,1,0.810888252148997
25,3479,32,0.810888252148997
25,3480,147,76.584
25,3481,366,179.825443786982
25,3482,187,-174
25,3483,-364,-234.936507936508
25,3484,-151,-118.533333333333
25,3485,42,13.6428571428571
25,3486,45,33.020202020202
25,3487,4,-22.8783783783784
25,3488,-50,0.810888252148997
25,3489,50,-6.02040816326531
25,3490,144,117.35
25,3491,323,265.34328358209
25,3492,-100,-64.7222222222222
25,3493,-103,-158.035928143713
25,3494,-189,-141.977777777778
25,3495,-40,-54.5392156862745
25,3496,-70,-54.5392156862745
25,3497,-141,-54.5392156862745
25,3498,-80,-6.02040816326531
25,3499,-35,-6.02040816326531
25,3500,-5,-18.2730627306273
25,3501,-11,15.1818181818182
25,3502,-3,0.810888252148997
25,3503,31,0.810888252148997
25,3504,155,76.584
25,3505,289,263.617021276596
25,3506,226,-64.7222222222222
25,3507,-295,-234.936507936508
25,3508,-179,-158.035928143713
25,3509,45,13.6428571428571
25,3510,54,33.020202020202
25,3511,14,-14.280701754386
25,3512,-41,-22.8783783783784
25,3513,0,-6.02040816326531
25,3514,160,116.493975903614
25,3515,355,265.34328358209
25,3516,121,-64.7222222222222
25,3517,-308,-64.7222222222222
25,3518,-159,-34.5555555555556
25,3519,-145,13.6428571428571
25,3520,-131,-54.5392156862745
25,3521,-41,-54.5392156862745
25,3522,-46,-54.5392156862745
25,3523,-69,-6.02040816326531
25,3524,-26,-6.02040816326531
25,3525,-8,-18.2730627306273
25,3526,0,0.810888252148997
25,3527,30,0.810888252148997
25,3528,113,76.584
25,3529,274,179.825443786982
25,3530,319,-174
25,3531,-355,-284.6875
25,3532,-127,-158.035928143713
25,3533,19,-24.1
25,3534,90,33.020202020202
25,3535,-20,-14.280701754386
25,3536,-13,-18.2730627306273
25,3537,12,-18.2730627306273
25,3538,165,116.493975903614
25,3539,297,265.34328358209
25,3540,-76,-64.7222222222222
25,3541,-200,-158.035928143713
25,3542,-173,-141.977777777778
25,3543,-57,13.6428571428571
25,3544,-55,-54.5392156862745
25,3545,-73,-54.5392156862745
25,3546,-43,-6.02040816326531
25,3547,-20,-6.02040816326531
25,3548,-36,15.1818181818182
25,3549,-41,-18.2730627306273
25,3550,-26,-54.5392156862745
25,3551,2,-18.2730627306273
25,3552,16,0.810888252148997
25,3553,72,76.584
25,3554,60,179.825443786982
25,3555,126,143.761904761905
25,3556,154,117.35
25,3557,15,-234.936507936508
25,3558,127,-118.533333333333
25,3559,-67,-123.346153846154
25,3560,-35,-34.5555555555556
25,3561,-249,-18.2730627306273
25,3562,201,-54.5392156862745
25,3563,-31,-14.280701754386
25,3564,-20,-158.035928143713
25,3565,-29,-18.2730627306273
25,3566,-113,-18.2730627306273
25,3567,-33,-6.02040816326531
25,3568,-26,15.1818181818182
25,3569,-24,-18.2730627306273
25,3570,-24,-18.2730627306273
25,3571,0,-18.2730627306273
25,3572,-18,0.810888252148997
25,3573,-63,-18.2730627306273
25,3574,-37,-54.5392156862745
25,3575,0,-54.5392156862745
25,3576,5,0.810888252148997
25,3577,13,0.810888252148997
25,3578,99,76.584
25,3579,130,179.825443786982
25,3580,122,179.825443786982
25,3581,97,-234.936507936508
25,3582,144,-34.5555555555556
25,3583,-85,-123.346153846154
25,3584,-164,-118.533333333333
25,3585,14,-54.5392156862745
25,3586,-218,-22.8783783783784
25,3587,60,-54.5392156862745
25,3588,31,-14.280701754386
25,3589,28,-22.8783783783784
25,3590,-81,33.020202020202
25,3591,-45,-54.5392156862745
25,3592,-52,-6.02040816326531
25,3593,-34,-54.5392156862745
25,3594,-48,-18.2730627306273
25,3595,-25,-54.5392156862745
25,3596,1,-18.2730627306273
25,3597,-4,0.810888252148997
25,3598,8,0.810888252148997
25,3599,24,0.810888252148997
25,3600,109,76.584
25,3601,288,179.825443786982
25,3602,266,51.3541666666667
25,3603,-357,-284.6875
25,3604,-136,-158.035928143713
25,3605,23,-24.1
25,3606,54,33.020202020202
25,3607,5,-14.280701754386
25,3608,-42,0.810888252148997
25,3609,36,-6.02040816326531
25,3610,162,116.493975903614
25,3611,401,265.34328358209
25,3612,-11,-64.7222222222222
25,3613,-261,-158.035928143713
25,3614,-157,-141.977777777778
25,3615,-138,13.6428571428571
25,3616,-117,-54.5392156862745
25,3617,-47,-54.5392156862745
25,3618,-76,-54.5392156862745
25,3619,-17,-6.02040816326531
25,3620,-6,15.1818181818182
25,3621,-11,0.810888252148997
25,3622,4,0.810888252148997
25,3623,34,0.810888252148997
25,3624,105,76.584
25,3625,122,179.825443786982
25,3626,424,179.825443786982
25,3627,-298,-284.6875
25,3628,-191,-158.035928143713
25,3629,14,-24.1
25,3630,79,-22.8783783783784
25,3631,-9,-14.280701754386
25,3632,-37,0.810888252148997
25,3633,66,-6.02040816326531
25,3634,163,117.35
25,3635,384,265.34328358209
25,3636,-46,-64.7222222222222
25,3637,-221,-158.035928143713
25,3638,-162,-141.977777777778
25,3639,-121,13.6428571428571
25,3640,-98,-54.5392156862745
25,3641,-107,-54.5392156862745
25,3642,-62,-54.5392156862745
25,3643,-33,-6.02040816326531
25,3644,-8,15.1818181818182
25,3645,3,0.810888252148997
25,3646,1,0.810888252148997
25,3647,30,0.810888252148997
25,3648,141,76.584
25,3649,373,179.825443786982
25,3650,254,-174
25,3651,-460,-284.6875
25,3652,-170,-158.035928143713
25,3653,75,-24.1
25,3654,107,-14.280701754386
25,3655,-60,-14.280701754386
25,3656,1,-54.5392156862745
25,3657,37,0.810888252148997
25,3658,155,116.493975903614
25,3659,377,265.34328358209
25,3660,-58,-64.7222222222222
25,3661,-169,-158.035928143713
25,3662,-216,-141.977777777778
25,3663,-114,-54.5392156862745
25,3664,-78,13.6428571428571
25,3665,-78,-54.5392156862745
25,3666,-92,-54.5392156862745
25,3667,-42,-6.02040816326531
25,3668,-6,-6.02040816326531
25,3669,-12,15.1818181818182
25,3670,3,-18.2730627306273
25,3671,27,0.810888252148997
25,3672,128,76.584
25,3673,369,179.825443786982
25,3674,222,-174
25,3675,-358,-234.936507936508
25,3676,-162,-158.035928143713
25,3677,42,13.6428571428571
25,3678,18,33.020202020202
25,3679,-4,-22.8783783783784
25,3680,-17,0.810888252148997
25,3681,65,-18.2730627306273
25,3682,144,117.35
25,3683,362,265.34328358209
25,3684,9,-64.7222222222222
25,3685,-243,-158.035928143713
25,3686,-139,-141.977777777778
25,3687,-164,13.6428571428571
25,3688,-16,-54.5392156862745
25,3689,-139,-18.2730627306273
25,3690,-70,-54.5392156862745
25,3691,-50,-6.02040816326531
25,3692,-12,-6.02040816326531
25,3693,-15,-18.2730627306273
25,3694,2,-18.2730627306273
25,3695,22,0.810888252148997
25,3696,79,76.584
25,3697,313,263.617021276596
25,3698,269,179.825443786982
25,3699,-292,-284.6875
25,3700,-142,-158.035928143713
25,3701,53,-24.1
25,3702,101,-14.280701754386
25,3703,-42,-14.280701754386
25,3704,68,-54.5392156862745
25,3705,90,121.178571428571
25,3706,2,117.35
25,3707,89,0.810888252148997
25,3708,-71,9.55555555555556
25,3709,-94,-54.5392156862745
25,3710,-96,-54.5392156862745
25,3711,-53,-54.5392156862745
25,3712,-26,-54.5392156862745
25,3713,-103,-18.2730627306273
25,3714,-6,-54.5392156862745
25,3715,-89,0.810888252148997
25,3716,-10,-6.02040816326531
25,3717,-34,0.810888252148997
25,3718,-23,-18.2730627306273
25,3719,10,-18.2730627306273
25,3720,14,76.584
25,3721,30,76.584
25,3722,96,33.020202020202
25,3723,75,51.3541666666667
25,3724,180,51.3541666666667
25,3725,75,51.3541666666667
25,3726,-21,-118.533333333333
25,3727,33,-18.2730627306273
25,3728,10,33.020202020202
25,3729,49,-22.8783783783784
25,3730,-101,9.55555555555556
25,3731,1,-54.5392156862745
25,3732,-21,0.810888252148997
25,3733,-50,-18.2730627306273
25,3734,-185,-54.5392156862745
25,3735,-103,-54.5392156862745
25,3736,-26,-6.02040816326531
25,3737,67,-18.2730627306273
25,3738,-46,121.178571428571
25,3739,-26,-54.5392156862745
25,3740,11,-18.2730627306273
25,3741,-42,76.584
25,3742,-20,-54.5392156862745
25,3743,-10,-18.2730627306273
25,3744,3,0.810888252148997
25,3745,27,0.810888252148997
25,3746,87,76.584
25,3747,103,121.178571428571
25,3748,156,179.825443786982
25,3749,101,51.3541666666667
25,3750,56,-118.533333333333
25,3751,-52,9.55555555555556
25,3752,-36,-54.5392156862745
25,3753,-102,-18.2730627306273
25,3754,119,-54.5392156862745
25,3755,29,-14.280701754386
25,3756,-3,-34.5555555555556
25,3757,-208,0.810888252148997
25,3758,-188,-54.5392156862745
25,3759,67,13.6428571428571
25,3760,-5,143.761904761905
25,3761,-43,0.810888252148997
25,3762,-19,-54.5392156862745
25,3763,-49,-18.2730627306273
25,3764,-15,-6.02040816326531
25,3765,-12,15.1818181818182
25,3766,-17,-18.2730627306273
25,3767,-7,-18.2730627306273
25,3768,11,0.810888252148997
25,3769,28,76.584
25,3770,84,76.584
25,3771,102,179.825443786982
25,3772,130,51.3541666666667
25,3773,100,51.3541666666667
25,3774,84,-34.5555555555556
25,3775,23,9.55555555555556
25,3776,-54,33.020202020202
25,3777,-63,-54.5392156862745
25,3778,51,-54.5392156862745
25,3779,-2,-14.280701754386
25,3780,-16,0.810888252148997
25,3781,-108,-18.2730627306273
25,3782,-113,-54.5392156862745
25,3783,-77,-54.5392156862745
25,3784,-63,-54.5392156862745
25,3785,-51,-54.5392156862745
25,3786,-41,-54.5392156862745
25,3787,-5,-6.02040816326531
25,3788,-19,0.810888252148997
25,3789,5,-18.2730627306273
25,3790,-2,0.810888252148997
25,3791,30,0.810888252148997
25,3792,134,76.584
25,3793,321,179.825443786982
25,3794,139,-174
25,3795,-309,-234.936507936508
25,3796,-151,-118.533333333333
25,3797,26,13.6428571428571
25,3798,89,33.020202020202
25,3799,-12,-14.280701754386
25,3800,-1,-18.2730627306273
25,3801,18,0.810888252148997
25,3802,166,116.493975903614
25,3803,398,265.34328358209
25,3804,-17,-64.7222222222222
25,3805,-287,-158.035928143713
25,3806,-167,-141.977777777778
25,3807,-117,13.6428571428571
25,3808,-89,-54.5392156862745
25,3809,-84,-54.5392156862745
25,3810,-58,-54.5392156862745
25,3811,-24,-6.02040816326531
25,3812,-4,15.1818181818182
25,3813,-5,0.810888252148997
25,3814,1,0.810888252148997
25,3815,35,0.810888252148997
25,3816,170,76.584
25,3817,290,179.825443786982
25,3818,225,-174
25,3819,-435,-234.936507936508
25,3820,-55,-158.035928143713
25,3821,-18,13.6428571428571
25,3822,49,-18.2730627306273
25,3823,-32,-14.280701754386
25,3824,-23,-18.2730627306273
25,3825,34,-18.2730627306273
25,3826,185,116.493975903614
25,3827,433,265.34328358209
25,3828,-24,-64.7222222222222
25,3829,-177,-158.035928143713
25,3830,-250,-141.977777777778
25,3831,-116,-54.5392156862745
25,3832,-77,13.6428571428571
25,3833,-69,-54.5392156862745
25,3834,-85,-54.5392156862745
25,3835,-47,-6.02040816326531
25,3836,-10,-6.02040816326531
25,3837,1,15.1818181818182
25,3838,-1,0.810888252148997
25,3839,30,0.810888252148997
25,3840,162,76.584
25,3841,282,179.825443786982
25,3842,164,-174
25,3843,-523,-234.936507936508
25,3844,-74,-118.533333333333
25,3845,13,13.6428571428571
25,3846,75,33.020202020202
25,3847,54,-14.280701754386
25,3848,25,-14.280701754386
25,3849,54,-22.8783783783784
25,3850,146,117.35
25,3851,392,265.34328358209
25,3852,27,-64.7222222222222
25,3853,-277,-158.035928143713
25,3854,-152,-141.977777777778
25,3855,-134,13.6428571428571
25,3856,-55,-54.5392156862745
25,3857,-48,-54.5392156862745
25,3858,-73,-54.5392156862745
25,3859,-67,-6.02040816326531
25,3860,-18,-6.02040816326531
25,3861,-2,-18.2730627306273
25,3862,-1,0.810888252148997
25,3863,32,0.810888252148997
25,3864,100,76.584
25,3865,346,179.825443786982
25,3866,233,179.825443786982
25,3867,-375,-234.936507936508
25,3868,-120,-158.035928143713
25,3869,72,13.6428571428571
25,3870,27,-14.280701754386
25,3871,31,-22.8783783783784
25,3872,-101,-22.8783783783784
25,3873,78,-6.02040816326531
25,3874,139,117.35
25,3875,302,265.34328358209
25,3876,20,-64.7222222222222
25,3877,-224,-158.035928143713
25,3878,-177,-141.977777777778
25,3879,-90,13.6428571428571
25,3880,-2,-54.5392156862745
25,3881,-51,0.810888252148997
25,3882,-98,-54.5392156862745
25,3883,-33,-6.02040816326531
25,3884,-40,15.1818181818182
25,3885,-34,-6.02040816326531
25,3886,-32,-18.2730627306273
25,3887,4,-18.2730627306273
25,3888,19,0.810888252148997
25,3889,48,76.584
25,3890,148,143.761904761905
25,3891,118,179.825443786982
25,3892,74,-174
25,3893,156,-34.5555555555556
25,3894,116,-123.346153846154
25,3895,-26,-234.936507936508
25,3896,-42,-34.5555555555556
25,3897,-114,-54.5392156862745
25,3898,-398,-54.5392156862745
25,3899,57,-54.5392156862745
25,3900,-4,-14.280701754386
25,3901,48,0.810888252148997
25,3902,-21,143.761904761905
25,3903,-13,-18.2730627306273
25,3904,13,-18.2730627306273
25,3905,-61,15.1818181818182
25,3906,-9,-54.5392156862745
25,3907,0,0.810888252148997
25,3908,-28,0.810888252148997
25,3909,-50,-18.2730627306273
25,3910,-18,-54.5392156862745
25,3911,27,-18.2730627306273
25,3912,-20,33.020202020202
25,3913,35,-18.2730627306273
25,3914,100,76.584
25,3915,129,51.3541666666667
25,3916,196,179.825443786982
25,3917,90,-234.936507936508
25,3918,172,-209.612903225806
25,3919,-28,51.3541666666667
25,3920,-82,-118.533333333333
25,3921,49,-54.5392156862745
25,3922,5,-14.280701754386
25,3923,-30,0.810888252148997
25,3924,-111,-18.2730627306273
25,3925,-64,-54.5392156862745
25,3926,-140,-6.02040816326531
25,3927,-150,-54.5392156862745
25,3928,-17,-54.5392156862745
25,3929,-97,-18.2730627306273
25,3930,-51,-6.02040816326531
25,3931,-23,-54.5392156862745
25,3932,-1,-18.2730627306273
25,3933,-5,0.810888252148997
25,3934,-7,0.810888252148997
25,3935,35,0.810888252148997
25,3936,140,76.584
25,3937,267,179.825443786982
25,3938,283,-174
25,3939,-369,-284.6875
25,3940,-151,-158.035928143713
25,3941,26,-24.1
25,3942,96,-22.8783783783784
25,3943,-9,-14.280701754386
25,3944,17,0.810888252148997
25,3945,6,-22.8783783783784
25,3946,142,116.493975903614
25,3947,383,265.34328358209
25,3948,97,-64.7222222222222
25,3949,-335,-209.612903225806
25,3950,-243,-141.977777777778
25,3951,-105,13.6428571428571
25,3952,-126,13.6428571428571
25,3953,-66,-54.5392156862745
25,3954,-61,-54.5392156862745
25,3955,-22,-6.02040816326531
25,3956,-4,116.493975903614
25,3957,2,15.1818181818182
25,3958,1,0.810888252148997
25,3959,35,0.810888252148997
25,3960,167,76.584
25,3961,385,179.825443786982
25,3962,154,-174
25,3963,-392,-234.936507936508
25,3964,-162,-118.533333333333
25,3965,51,13.6428571428571
25,3966,69,-14.280701754386
25,3967,12,-14.280701754386
25,3968,-73,-22.8783783783784
25,3969,71,-6.02040816326531
25,3970,210,117.35
25,3971,434,265.34328358209
25,3972,-93,-64.7222222222222
25,3973,-281,-158.035928143713
25,3974,-135,-141.977777777778
25,3975,-151,13.6428571428571
25,3976,-94,-54.5392156862745
25,3977,-107,-54.5392156862745
25,3978,-60,-6.02040816326531
25,3979,-28,-6.02040816326531
25,3980,-10,15.1818181818182
25,3981,-4,0.810888252148997
25,3982,-2,0.810888252148997
25,3983,43,0.810888252148997
25,3984,157,76.584
25,3985,352,179.825443786982
25,3986,213,-174
25,3987,-442,-234.936507936508
25,3988,-123,-158.035928143713
25,3989,27,13.6428571428571
25,3990,120,-22.8783783783784
25,3991,-29,-14.280701754386
25,3992,-45,-34.5555555555556
25,3993,40,-6.02040816326531
25,3994,191,116.493975903614
25,3995,416,265.34328358209
25,3996,52,-64.7222222222222
25,3997,-342,-209.612903225806
25,3998,-165,-141.977777777778
25,3999,-164,13.6428571428571
25,4000,-94,-54.5392156862745
25,4001,-85,-54.5392156862745
25,4002,-70,-54.5392156862745
25,4003,-29,-6.02040816326531
25,4004,-19,15.1818181818182
25,4005,2,-18.2730627306273
25,4006,-5,0.810888252148997
25,4007,51,0.810888252148997
25,4008,138,143.761904761905
25,4009,376,179.825443786982
25,4010,187,-284.6875
25,4011,-420,-234.936507936508
25,4012,-126,-118.533333333333
25,4013,42,13.6428571428571
25,4014,43,-22.8783783783784
25,4015,-14,-22.8783783783784
25,4016,-9,-18.2730627306273
25,4017,78,0.810888252148997
25,4018,139,117.35
25,4019,393,265.34328358209
25,4020,-32,-64.7222222222222
25,4021,-178,-158.035928143713
25,4022,-211,-141.977777777778
25,4023,-146,-54.5392156862745
25,4024,-66,13.6428571428571
25,4025,-81,-54.5392156862745
25,4026,-83,-54.5392156862745
25,4027,-46,-6.02040816326531
25,4028,-11,-6.02040816326531
25,4029,-16,15.1818181818182
25,4030,-2,-18.2730627306273
25,4031,29,0.810888252148997
25,4032,111,76.584
25,4033,302,179.825443786982
25,4034,312,-174
25,4035,-419,-284.6875
25,4036,-101,-158.035928143713
25,4037,34,-24.1
25,4038,129,33.020202020202
25,4039,-1,-14.280701754386
25,4040,-37,-34.5555555555556
25,4041,-4,-6.02040816326531
25,4042,196,116.493975903614
25,4043,331,265.34328358209
25,4044,-86,-64.7222222222222
25,4045,-229,-158.035928143713
25,4046,-175,-141.977777777778
25,4047,-92,13.6428571428571
25,4048,-83,-54.5392156862745
25,4049,-34,-54.5392156862745
25,4050,12,-18.2730627306273
25,4051,-98,33.020202020202
25,4052,-16,-6.02040816326531
25,4053,-56,-18.2730627306273
25,4054,-31,-6.02040816326531
25,4055,10,-18.2730627306273
25,4056,17,76.584
25,4057,40,76.584
25,4058,139,33.020202020202
25,4059,130,51.3541666666667
25,4060,100,-174
25,4061,185,-34.5555555555556
25,4062,79,-123.346153846154
25,4063,-2,-118.533333333333
25,4064,11,0.810888252148997
25,4065,-61,-22.8783783783784
25,4066,129,-54.5392156862745
25,4067,-54,-14.280701754386
25,4068,-115,-34.5555555555556
25,4069,-136,-54.5392156862745
25,4070,-148,-54.5392156862745
25,4071,-34,-54.5392156862745
25,4072,-17,-18.2730627306273
25,4073,-50,-18.2730627306273
25,4074,-78,-6.02040816326531
25,4075,-34,-6.02040816326531
25,4076,-28,-18.2730627306273
25,4077,-41,-18.2730627306273
25,4078,-40,-54.5392156862745
25,4079,5,-54.5392156862745
25,4080,22,0.810888252148997
25,4081,36,76.584
25,4082,57,76.584
25,4083,168,143.761904761905
25,4084,194,117.35
25,4085,69,-234.936507936508
25,4086,97,-118.533333333333
25,4087,38,9.55555555555556
25,4088,-59,-22.8783783783784
25,4089,-78,-54.5392156862745
25,4090,39,-54.5392156862745
25,4091,-26,-22.8783783783784
25,4092,-89,-18.2730627306273
25,4093,-78,-54.5392156862745
25,4094,-79,-54.5392156862745
25,4095,-133,-6.02040816326531
25,4096,-64,-54.5392156862745
25,4097,-33,-54.5392156862745
25,4098,-49,-18.2730627306273
25,4099,-24,-6.02040816326531
25,4100,-8,-18.2730627306273
25,4101,-6,0.810888252148997
25,4102,4,0.810888252148997
25,4103,34,0.810888252148997
25,4104,119,76.584
25,4105,328,179.825443786982
25,4106,191,-174
25,4107,-384,-234.936507936508
25,4108,-97,-118.533333333333
25,4109,50,13.6428571428571
25,4110,43,-14.280701754386
25,4111,48,-22.8783783783784
25,4112,-11,9.55555555555556
25,4113,6,0.810888252148997
25,4114,115,116.493975903614
25,4115,389,265.34328358209
25,4116,-68,-64.7222222222222
25,4117,-288,-158.035928143713
25,4118,-146,-141.977777777778
25,4119,-107,13.6428571428571
25,4120,-104,-54.5392156862745
25,4121,-59,-54.5392156862745
25,4122,-57,-54.5392156862745
25,4123,-8,-6.02040816326531
25,4124,-1,15.1818181818182
25,4125,2,0.810888252148997
25,4126,1,0.810888252148997
25,4127,41,0.810888252148997
25,4128,119,76.584
25,4129,189,179.825443786982
25,4130,316,-174
25,4131,-379,-284.6875
25,4132,-133,-158.035928143713
25,4133,-9,-24.1
25,4134,-63,0.810888252148997
25,4135,26,-54.5392156862745
25,4136,29,-22.8783783783784
25,4137,-107,-22.8783783783784
25,4138,105,-6.02040816326531
25,4139,197,265.34328358209
25,4140,-57,263.617021276596
25,4141,43,-158.035928143713
25,4142,-34,76.584
25,4143,-83,-18.2730627306273
25,4144,-56,-54.5392156862745
25,4145,-73,-54.5392156862745
25,4146,-52,-54.5392156862745
25,4147,-14,-54.5392156862745
25,4148,-9,-18.2730627306273
25,4149,2,0.810888252148997
25,4150,5,0.810888252148997
25,4151,46,0.810888252148997
25,4152,116,143.761904761905
25,4153,373,179.825443786982
25,4154,252,-174
25,4155,-435,-284.6875
25,4156,-170,-158.035928143713
25,4157,55,-24.1
25,4158,66,-14.280701754386
25,4159,-24,-14.280701754386
25,4160,-3,-18.2730627306273
25,4161,25,0.810888252148997
25,4162,155,116.493975903614
25,4163,420,265.34328358209
25,4164,6,-64.7222222222222
25,4165,-281,-158.035928143713
25,4166,-202,-141.977777777778
25,4167,-60,13.6428571428571
25,4168,-120,13.6428571428571
25,4169,-106,-54.5392156862745
25,4170,-65,-54.5392156862745
25,4171,-40,-6.02040816326531
25,4172,-7,-6.02040816326531
25,4173,-5,15.1818181818182
25,4174,0,0.810888252148997
25,4175,50,0.810888252148997
25,4176,114,143.761904761905
25,4177,364,179.825443786982
25,4178,256,-174
25,4179,-435,-284.6875
25,4180,-165,-158.035928143713
25,4181,53,-24.1
25,4182,47,-14.280701754386
25,4183,46,-14.280701754386
25,4184,-38,9.55555555555556
25,4185,-7,-6.02040816326531
25,4186,166,116.493975903614
25,4187,519,265.34328358209
25,4188,-76,-64.7222222222222
25,4189,-297,-158.035928143713
25,4190,-186,-141.977777777778
25,4191,-143,13.6428571428571
25,4192,13,-54.5392156862745
25,4193,-133,-22.8783783783784
25,4194,-88,-6.02040816326531
25,4195,-17,-6.02040816326531
25,4196,-35,15.1818181818182
25,4197,-2,-18.2730627306273
25,4198,-2,0.810888252148997
25,4199,39,0.810888252148997
25,4200,116,33.020202020202
25,4201,338,263.617021276596
25,4202,254,-64.7222222222222
25,4203,-374,-284.6875
25,4204,-158,-158.035928143713
25,4205,96,-24.1
25,4206,68,-14.280701754386
25,4207,32,-14.280701754386
25,4208,-9,-22.8783783783784
25,4209,11,0.810888252148997
25,4210,144,116.493975903614
25,4211,279,265.34328358209
25,4212,-41,-64.7222222222222
25,4213,-217,-158.035928143713
25,4214,-219,-141.977777777778
25,4215,-57,13.6428571428571
25,4216,-17,13.6428571428571
25,4217,-109,-18.2730627306273
25,4218,-14,-54.5392156862745
25,4219,-48,-18.2730627306273
25,4220,-41,-6.02040816326531
25,4221,-38,-54.5392156862745
25,4222,-30,-54.5392156862745
25,4223,2,-18.2730627306273
25,4224,24,0.810888252148997
25,4225,36,76.584
25,4226,141,76.584
25,4227,159,179.825443786982
25,4228,97,-174
25,4229,152,-118.533333333333
25,4230,62,-123.346153846154
25,4231,19,-118.533333333333
25,4232,-53,-22.8783783783784
25,4233,96,-54.5392156862745
25,4234,-70,-14.280701754386
25,4235,-34,-54.5392156862745
25,4236,-48,-18.2730627306273
25,4237,-191,-54.5392156862745
25,4238,-82,-54.5392156862745
25,4239,-64,-54.5392156862745
25,4240,-22,-54.5392156862745
25,4241,-68,-18.2730627306273
25,4242,9,-54.5392156862745
25,4243,-38,0.810888252148997
25,4244,-47,-6.02040816326531
25,4245,-41,-54.5392156862745
25,4246,-44,-54.5392156862745
25,4247,-4,-54.5392156862745
25,4248,10,0.810888252148997
25,4249,41,76.584
25,4250,118,33.020202020202
25,4251,101,179.825443786982
25,4252,213,-34.5555555555556
25,4253,81,117.35
25,4254,206,-209.612903225806
25,4255,-74,-123.346153846154
25,4256,-36,-158.035928143713
25,4257,-26,-18.2730627306273
25,4258,51,-18.2730627306273
25,4259,32,-14.280701754386
25,4260,-183,-22.8783783783784
25,4261,-127,-6.02040816326531
25,4262,-161,-54.5392156862745
25,4263,-56,-54.5392156862745
25,4264,-58,-54.5392156862745
25,4265,-38,-54.5392156862745
25,4266,-36,-6.02040816326531
25,4267,-46,-18.2730627306273
25,4268,-10,-6.02040816326531
25,4269,-3,0.810888252148997
25,4270,3,0.810888252148997
25,4271,29,0.810888252148997
25,4272,131,76.584
25,4273,362,179.825443786982
25,4274,220,-174
25,4275,-422,-234.936507936508
25,4276,-130,-158.035928143713
25,4277,40,13.6428571428571
25,4278,104,33.020202020202
25,4279,-14,-14.280701754386
25,4280,-25,-18.2730627306273
25,4281,-3,-18.2730627306273
25,4282,216,116.493975903614
25,4283,382,265.34328358209
25,4284,-45,-64.7222222222222
25,4285,-263,-158.035928143713
25,4286,-158,-141.977777777778
25,4287,-176,13.6428571428571
25,4288,-84,-54.5392156862745
25,4289,-78,-54.5392156862745
25,4290,-30,-54.5392156862745
25,4291,-51,-18.2730627306273
25,4292,1,-6.02040816326531
25,4293,-9,0.810888252148997
25,4294,4,0.810888252148997
25,4295,38,0.810888252148997
25,4296,147,76.584
25,4297,362,179.825443786982
25,4298,249,-174
25,4299,-396,-284.6875
25,4300,-239,-158.035928143713
25,4301,48,-24.1
25,4302,84,-14.280701754386
25,4303,3,-14.280701754386
25,4304,-12,0.810888252148997
25,4305,10,-18.2730627306273
25,4306,192,116.493975903614
25,4307,472,265.34328358209
25,4308,-145,-64.7222222222222
25,4309,-283,-158.035928143713
25,4310,-114,-141.977777777778
25,4311,-128,13.6428571428571
25,4312,-109,-54.5392156862745
25,4313,-90,-54.5392156862745
25,4314,-58,-6.02040816326531
25,4315,-11,-6.02040816326531
25,4316,-12,15.1818181818182
25,4317,-7,-18.2730627306273
25,4318,4,0.810888252148997
25,4319,22,0.810888252148997
25,4320,146,76.584
25,4321,350,179.825443786982
25,4322,306,-174
25,4323,-504,-284.6875
25,4324,-149,-158.035928143713
25,4325,42,-24.1
25,4326,89,33.020202020202
25,4327,24,-14.280701754386
25,4328,-63,-22.8783783783784
25,4329,23,-6.02040816326531
25,4330,168,116.493975903614
25,4331,485,265.34328358209
25,4332,-69,-64.7222222222222
25,4333,-257,-158.035928143713
25,4334,-193,-141.977777777778
25,4335,-74,13.6428571428571
25,4336,-145,-54.5392156862745
25,4337,-100,-54.5392156862745
25,4338,-50,-54.5392156862745
25,4339,-44,-6.02040816326531
25,4340,-5,-6.02040816326531
25,4341,-9,15.1818181818182
25,4342,1,0.810888252148997
26,1,283,123.48275862069
26,2,-272,-260.89247311828
26,3,-113,-149.510204081633
26,4,5,8.4
26,5,72,0.291576673866091
26,6,0,-7.82456140350877
26,7,-13,-20.7412935323383
26,8,56,-20.7412935323383
26,9,71,123.48275862069
26,10,334,252.521428571429
26,11,-111,-114
26,12,-124,-149.510204081633
26,13,-165,-129.416666666667
26,14,-91,-52.4468085106383
26,15,-115,-52.4468085106383
26,16,-57,-52.4468085106383
26,17,-33,-15.0377358490566
26,18,-22,0.291576673866091
26,19,-6,0.291576673866091
26,20,-2,0.291576673866091
26,21,-2,0.291576673866091
26,22,26,0.291576673866091
26,23,73,73.8782608695652
26,24,241,180.506451612903
26,25,263,180.506451612903
26,26,-196,-260.89247311828
26,27,-189,-149.510204081633
26,28,39,8.4
26,29,73,40.3157894736842
26,30,14,-7.82456140350877
26,31,-34,-25.2179487179487
26,32,5,-20.7412935323383
26,33,169,117.617283950617
26,34,272,207.77358490566
26,35,43,-81.3076923076923
26,36,-242,-199.039215686275
26,37,-179,-129.416666666667
26,38,-136,6.66666666666667
26,39,-85,-52.4468085106383
26,40,-79,-52.4468085106383
26,41,-38,-52.4468085106383
26,42,-30,-15.0377358490566
26,43,-6,23
26,44,-2,0.291576673866091
26,45,-2,0.291576673866091
26,46,26,0.291576673866091
26,47,99,73.8782608695652
26,48,240,180.506451612903
26,49,318,180.506451612903
26,50,-321,-260.89247311828
26,51,-196,-149.510204081633
26,52,46,8.4
26,53,70,-7.82456140350877
26,54,-32,-7.82456140350877
26,55,7,-20.7412935323383
26,56,10,-20.7412935323383
26,57,122,117.617283950617
26,58,354,252.521428571429
26,59,15,-81.3076923076923
26,60,-265,-149.510204081633
26,61,-122,-129.416666666667
26,62,-74,6.66666666666667
26,63,-117,-52.4468085106383
26,64,-50,-52.4468085106383
26,65,-86,-52.4468085106383
26,66,-32,-15.0377358490566
26,67,5,23
26,68,-13,0.291576673866091
26,69,-4,0.291576673866091
26,70,28,0.291576673866091
26,71,97,73.8782608695652
26,72,228,180.506451612903
26,73,284,180.506451612903
26,74,-287,-260.89247311828
26,75,-105,-149.510204081633
26,76,22,8.4
26,77,8,40.3157894736842
26,78,15,-20.7412935323383
26,79,-4,-25.2179487179487
26,80,-18,-20.7412935323383
26,81,133,23
26,82,420,252.521428571429
26,83,-124,-81.3076923076923
26,84,-211,-149.510204081633
26,85,-175,-129.416666666667
26,86,-78,6.66666666666667
26,87,-85,-52.4468085106383
26,88,-13,-52.4468085106383
26,89,-75,-20.7412935323383
26,90,-23,-15.0377358490566
26,91,-27,23
26,92,-3,0.291576673866091
26,93,-3,0.291576673866091
26,94,18,0.291576673866091
26,95,57,73.8782608695652
26,96,166,123.48275862069
26,97,262,151.369047619048
26,98,-132,-214.513157894737
26,99,-138,-149.510204081633
26,100,53,8.4
26,101,46,-7.82456140350877
26,102,74,-7.82456140350877
26,103,79,-40.7916666666667
26,104,47,-40.7916666666667
26,105,-1,62.6774193548387
26,106,119,0.291576673866091
26,107,-171,-40.7916666666667
26,108,-72,-94
26,109,-160,-52.4468085106383
26,110,-62,-52.4468085106383
26,111,-32,-52.4468085106383
26,112,-45,0.291576673866091
26,113,-19,-15.0377358490566
26,114,-25,0.291576673866091
26,115,-33,0.291576673866091
26,116,-8,0.291576673866091
26,117,-21,0.291576673866091
26,118,-5,0.291576673866091
26,119,17,0.291576673866091
26,120,35,73.8782608695652
26,121,69,73.8782608695652
26,122,153,151.369047619048
26,123,87,151.369047619048
26,124,132,-110.025641025641
26,125,95,-53.9
26,126,53,19.2142857142857
26,127,-65,-40.7916666666667
26,128,48,-52.4468085106383
26,129,-11,-40.7916666666667
26,130,-48,-20.7412935323383
26,131,-50,-52.4468085106383
26,132,-104,-52.4468085106383
26,133,-205,-15.0377358490566
26,134,26,-52.4468085106383
26,135,-52,40.3157894736842
26,136,-64,-52.4468085106383
26,137,-33,-52.4468085106383
26,138,-21,0.291576673866091
26,139,-32,0.291576673866091
26,140,-6,23
26,141,-19,-20.7412935323383
26,142,5,0.291576673866091
26,143,16,0.291576673866091
26,144,9,73.8782608695652
26,145,47,0.291576673866091
26,146,95,180.506451612903
26,147,120,151.369047619048
26,148,105,62.6774193548387
26,149,53,19.2142857142857
26,150,26,-40.7916666666667
26,151,20,-25.2179487179487
26,152,-17,-25.2179487179487
26,153,-10,-20.7412935323383
26,154,-65,-20.7412935323383
26,155,-101,-52.4468085106383
26,156,-34,-52.4468085106383
26,157,-65,-20.7412935323383
26,158,-81,-52.4468085106383
26,159,-12,-52.4468085106383
26,160,-67,0.291576673866091
26,161,-14,-15.0377358490566
26,162,-21,0.291576673866091
26,163,-10,0.291576673866091
26,164,-3,0.291576673866091
26,165,2,0.291576673866091
26,166,27,0.291576673866091
26,167,79,73.8782608695652
26,168,220,151.369047619048
26,169,286,123.48275862069
26,170,-331,-260.89247311828
26,171,-108,-149.510204081633
26,172,45,8.4
26,173,57,40.3157894736842
26,174,1,-7.82456140350877
26,175,-63,-20.7412935323383
26,176,37,-15.0377358490566
26,177,136,117.617283950617
26,178,241,252.521428571429
26,179,14,-81.3076923076923
26,180,-225,-149.510204081633
26,181,-145,-129.416666666667
26,182,-111,6.66666666666667
26,183,-57,-52.4468085106383
26,184,-41,-52.4468085106383
26,185,-41,-52.4468085106383
26,186,-17,-15.0377358490566
26,187,-7,23
26,188,0,0.291576673866091
26,189,0,0.291576673866091
26,190,22,0.291576673866091
26,191,79,73.8782608695652
26,192,281,180.506451612903
26,193,308,180.506451612903
26,194,-373,-260.89247311828
26,195,-138,-149.510204081633
26,196,58,8.4
26,197,20,-7.82456140350877
26,198,24,-25.2179487179487
26,199,-59,-25.2179487179487
26,200,-21,-15.0377358490566
26,201,159,117.617283950617
26,202,382,252.521428571429
26,203,-40,-81.3076923076923
26,204,-225,-149.510204081633
26,205,-197,-129.416666666667
26,206,-76,6.66666666666667
26,207,-79,-52.4468085106383
26,208,-65,-52.4468085106383
26,209,-32,-52.4468085106383
26,210,-18,0.291576673866091
26,211,-10,23
26,212,0,23
26,213,25,0.291576673866091
26,214,79,73.8782608695652
26,215,215,180.506451612903
26,216,274,180.506451612903
26,217,-293,-260.89247311828
26,218,-149,-149.510204081633
26,219,27,8.4
26,220,2,40.3157894736842
26,221,-19,-20.7412935323383
26,222,-28,-20.7412935323383
26,223,67,-20.7412935323383
26,224,105,123.48275862069
26,225,272,252.521428571429
26,226,6,-114
26,227,-201,-149.510204081633
26,228,-149,-129.416666666667
26,229,-70,6.66666666666667
26,230,-31,-52.4468085106383
26,231,-73,-20.7412935323383
26,232,-38,-52.4468085106383
26,233,-14,-15.0377358490566
26,234,-5,23
26,235,1,0.291576673866091
26,236,-4,0.291576673866091
26,237,20,0.291576673866091
26,238,75,73.8782608695652
26,239,210,180.506451612903
26,240,318,180.506451612903
26,241,-337,-260.89247311828
26,242,-146,-149.510204081633
26,243,83,8.4
26,244,35,-7.82456140350877
26,245,-56,-25.2179487179487
26,246,21,-52.4468085106383
26,247,-13,-25.2179487179487
26,248,142,117.617283950617
26,249,303,252.521428571429
26,250,-46,-81.3076923076923
26,251,-177,-149.510204081633
26,252,-153,-129.416666666667
26,253,-93,-52.4468085106383
26,254,-29,-52.4468085106383
26,255,-64,-20.7412935323383
26,256,-39,-52.4468085106383
26,257,-25,-15.0377358490566
26,258,-19,0.291576673866091
26,259,0,0.291576673866091
26,260,-6,0.291576673866091
26,261,16,0.291576673866091
26,262,63,73.8782608695652
26,263,212,180.506451612903
26,264,267,180.506451612903
26,265,-233,-260.89247311828
26,266,-138,-149.510204081633
26,267,41,8.4
26,268,89,40.3157894736842
26,269,36,-7.82456140350877
26,270,-10,-25.2179487179487
26,271,4,-20.7412935323383
26,272,111,117.617283950617
26,273,275,252.521428571429
26,274,-67,-81.3076923076923
26,275,-244,-149.510204081633
26,276,-141,-129.416666666667
26,277,-97,6.66666666666667
26,278,26,-52.4468085106383
26,279,-17,40.3157894736842
26,280,-102,-20.7412935323383
26,281,-26,-15.0377358490566
26,282,-14,117.617283950617
26,283,-24,0.291576673866091
26,284,-18,0.291576673866091
26,285,-7,-20.7412935323383
26,286,14,0.291576673866091
26,287,43,73.8782608695652
26,288,96,73.8782608695652
26,289,105,180.506451612903
26,290,141,62.6774193548387
26,291,158,-53.9
26,292,114,-214.513157894737
26,293,0,-214.513157894737
26,294,-18,19.2142857142857
26,295,-2,-20.7412935323383
26,296,-76,-20.7412935323383
26,297,-22,-52.4468085106383
26,298,-79,-20.7412935323383
26,299,-22,-52.4468085106383
26,300,-138,0.291576673866091
26,301,-101,-52.4468085106383
26,302,-8,-15.0377358490566
26,303,-16,0.291576673866091
26,304,-72,0.291576673866091
26,305,-18,-52.4468085106383
26,306,-32,0.291576673866091
26,307,-29,0.291576673866091
26,308,-33,0.291576673866091
26,309,-2,0.291576673866091
26,310,6,0.291576673866091
26,311,30,0.291576673866091
26,312,51,73.8782608695652
26,313,154,123.48275862069
26,314,170,151.369047619048
26,315,107,-214.513157894737
26,316,107,-110.025641025641
26,317,46,-40.7916666666667
26,318,-53,-40.7916666666667
26,319,-11,-52.4468085106383
26,320,-1,-20.7412935323383
26,321,7,-20.7412935323383
26,322,-144,-20.7412935323383
26,323,-100,-52.4468085106383
26,324,-88,-52.4468085106383
26,325,-62,-52.4468085106383
26,326,-95,-52.4468085106383
26,327,-44,-52.4468085106383
26,328,-49,-15.0377358490566
26,329,-13,-15.0377358490566
26,330,-14,0.291576673866091
26,331,-6,0.291576673866091
26,332,-2,0.291576673866091
26,333,32,0.291576673866091
26,334,95,73.8782608695652
26,335,254,180.506451612903
26,336,210,180.506451612903
26,337,-300,-260.89247311828
26,338,-73,-149.510204081633
26,339,27,8.4
26,340,20,40.3157894736842
26,341,-8,-25.2179487179487
26,342,25,-20.7412935323383
26,343,-13,-25.2179487179487
26,344,83,117.617283950617
26,345,354,252.521428571429
26,346,-36,-7.82456140350877
26,347,-154,-149.510204081633
26,348,-147,-129.416666666667
26,349,-104,-52.4468085106383
26,350,-57,-52.4468085106383
26,351,-93,-52.4468085106383
26,352,-78,-52.4468085106383
26,353,-32,-15.0377358490566
26,354,-7,0.291576673866091
26,355,2,0.291576673866091
26,356,3,0.291576673866091
26,357,21,0.291576673866091
26,358,114,73.8782608695652
26,359,317,180.506451612903
26,360,212,-81.3076923076923
26,361,-273,-260.89247311828
26,362,-183,-149.510204081633
26,363,22,8.4
26,364,5,40.3157894736842
26,365,-5,-20.7412935323383
26,366,18,-20.7412935323383
26,367,51,-25.2179487179487
26,368,62,123.48275862069
26,369,411,252.521428571429
26,370,-6,-114
26,371,-238,-149.510204081633
26,372,-135,-129.416666666667
26,373,-105,6.66666666666667
26,374,-135,-52.4468085106383
26,375,-80,-52.4468085106383
26,376,-44,-52.4468085106383
26,377,-24,-15.0377358490566
26,378,-5,23
26,379,-3,0.291576673866091
26,380,1,0.291576673866091
26,381,27,0.291576673866091
26,382,100,190.583333333333
26,383,284,180.506451612903
26,384,158,180.506451612903
26,385,-311,-260.89247311828
26,386,-118,-110.025641025641
26,387,-28,6.66666666666667
26,388,-9,-20.7412935323383
26,389,-46,-20.7412935323383
26,390,-13,-52.4468085106383
26,391,47,-20.7412935323383
26,392,137,123.48275862069
26,393,253,252.521428571429
26,394,17,-214.513157894737
26,395,-137,-199.039215686275
26,396,-108,-129.416666666667
26,397,-71,-52.4468085106383
26,398,-27,-52.4468085106383
26,399,-92,-20.7412935323383
26,400,-45,-52.4468085106383
26,401,-12,-15.0377358490566
26,402,-7,0.291576673866091
26,403,-2,0.291576673866091
26,404,0,0.291576673866091
26,405,26,0.291576673866091
26,406,90,73.8782608695652
26,407,286,180.506451612903
26,408,271,180.506451612903
26,409,-376,-260.89247311828
26,410,-112,-149.510204081633
26,411,40,8.4
26,412,35,40.3157894736842
26,413,-26,-25.2179487179487
26,414,-1,-20.7412935323383
26,415,25,-20.7412935323383
26,416,125,117.617283950617
26,417,361,252.521428571429
26,418,28,-81.3076923076923
26,419,-190,-199.039215686275
26,420,-182,-129.416666666667
26,421,-137,-52.4468085106383
26,422,-19,-52.4468085106383
26,423,-104,-20.7412935323383
26,424,-80,-52.4468085106383
26,425,-39,-15.0377358490566
26,426,-4,-15.0377358490566
26,427,-11,0.291576673866091
26,428,-7,0.291576673866091
26,429,22,0.291576673866091
26,430,88,73.8782608695652
26,431,246,151.369047619048
26,432,341,180.506451612903
26,433,-341,-260.89247311828
26,434,-122,-149.510204081633
26,435,17,8.4
26,436,108,40.3157894736842
26,437,19,-7.82456140350877
26,438,13,-25.2179487179487
26,439,13,-25.2179487179487
26,440,173,117.617283950617
26,441,239,252.521428571429
26,442,-151,-81.3076923076923
26,443,-176,-149.510204081633
26,444,-151,8.4
26,445,-54,-52.4468085106383
26,446,-85,-52.4468085106383
26,447,-15,-52.4468085106383
26,448,-45,-20.7412935323383
26,449,-54,-15.0377358490566
26,450,-7,-15.0377358490566
26,451,-52,0.291576673866091
26,452,-20,-15.0377358490566
26,453,-8,0.291576673866091
26,454,30,0.291576673866091
26,455,45,73.8782608695652
26,456,125,73.8782608695652
26,457,130,180.506451612903
26,458,151,-214.513157894737
26,459,126,-214.513157894737
26,460,32,-214.513157894737
26,461,9,19.2142857142857
26,462,-40,-20.7412935323383
26,463,19,-52.4468085106383
26,464,11,-25.2179487179487
26,465,-71,-25.2179487179487
26,466,-152,-52.4468085106383
26,467,-362,-52.4468085106383
26,468,-15,-52.4468085106383
26,469,63,0.291576673866091
26,470,8,-7.82456140350877
26,471,-19,0.291576673866091
26,472,26,0.291576673866091
26,473,-44,73.8782608695652
26,474,-17,-52.4468085106383
26,475,-16,0.291576673866091
26,476,-33,-20.7412935323383
26,477,-1,0.291576673866091
26,478,6,0.291576673866091
26,479,12,-20.7412935323383
26,480,27,73.8782608695652
26,481,28,73.8782608695652
26,482,-11,73.8782608695652
26,483,9,0.291576673866091
26,484,-16,0.291576673866091
26,485,-9,0.291576673866091
26,486,1,0.291576673866091
26,487,-15,-20.7412935323383
26,488,-2,-20.7412935323383
26,489,-9,0.291576673866091
26,490,12,0.291576673866091
26,491,-4,73.8782608695652
26,492,0,0.291576673866091
26,493,-24,0.291576673866091
26,494,2,0.291576673866091
26,495,4,0.291576673866091
26,496,-11,0.291576673866091
26,497,-4,0.291576673866091
26,498,2,0.291576673866091
26,499,-3,0.291576673866091
26,500,2,0.291576673866091
26,501,11,0.291576673866091
26,502,31,40.3157894736842
26,503,162,73.8782608695652
26,504,275,123.48275862069
26,505,-210,-81.3076923076923
26,506,-172,-149.510204081633
26,507,1,8.4
26,508,28,0.291576673866091
26,509,-22,-25.2179487179487
26,510,7,-20.7412935323383
26,511,-2,-20.7412935323383
26,512,-9,117.617283950617
26,513,129,0.291576673866091
26,514,147,134.090909090909
26,515,-81,-81.3076923076923
26,516,-95,-110.025641025641
26,517,-51,-52.4468085106383
26,518,-63,-52.4468085106383
26,519,-30,-52.4468085106383
26,520,-46,-20.7412935323383
26,521,-6,-15.0377358490566
26,522,-4,0.291576673866091
26,523,-1,0.291576673866091
26,524,1,0.291576673866091
26,525,19,0.291576673866091
26,526,98,73.8782608695652
26,527,270,180.506451612903
26,528,221,180.506451612903
26,529,-303,-260.89247311828
26,530,-146,-149.510204081633
26,531,22,8.4
26,532,40,40.3157894736842
26,533,0,-25.2179487179487
26,534,-8,-20.7412935323383
26,535,20,-20.7412935323383
26,536,126,117.617283950617
26,537,329,252.521428571429
26,538,-59,-81.3076923076923
26,539,-150,-149.510204081633
26,540,-197,-129.416666666667
26,541,-59,-52.4468085106383
26,542,-69,-52.4468085106383
26,543,-84,-52.4468085106383
26,544,-37,-52.4468085106383
26,545,-11,-15.0377358490566
26,546,-18,0.291576673866091
26,547,-4,23
26,548,3,0.291576673866091
26,549,18,0.291576673866091
26,550,82,73.8782608695652
26,551,283,180.506451612903
26,552,265,180.506451612903
26,553,-333,-260.89247311828
26,554,-139,-149.510204081633
26,555,37,8.4
26,556,50,40.3157894736842
26,557,-41,-7.82456140350877
26,558,-5,-52.4468085106383
26,559,6,-20.7412935323383
26,560,147,117.617283950617
26,561,356,252.521428571429
26,562,-23,-81.3076923076923
26,563,-166,-149.510204081633
26,564,-163,-129.416666666667
26,565,-141,-52.4468085106383
26,566,-47,-52.4468085106383
26,567,-88,-52.4468085106383
26,568,-61,-52.4468085106383
26,569,-20,-15.0377358490566
26,570,-10,0.291576673866091
26,571,-7,0.291576673866091
26,572,-3,0.291576673866091
26,573,14,0.291576673866091
26,574,110,73.8782608695652
26,575,98,180.506451612903
26,576,137,180.506451612903
26,577,-161,-53.9
26,578,-62,-94
26,579,12,-52.4468085106383
26,580,53,40.3157894736842
26,581,-7,-7.82456140350877
26,582,-28,-20.7412935323383
26,583,35,-20.7412935323383
26,584,114,73.8782608695652
26,585,296,207.77358490566
26,586,50,-81.3076923076923
26,587,-200,-199.039215686275
26,588,-127,-129.416666666667
26,589,-87,6.66666666666667
26,590,-67,-52.4468085106383
26,591,-71,-52.4468085106383
26,592,-39,-52.4468085106383
26,593,-38,-15.0377358490566
26,594,-13,-15.0377358490566
26,595,-19,0.291576673866091
26,596,3,0.291576673866091
26,597,13,0.291576673866091
26,598,101,73.8782608695652
26,599,195,180.506451612903
26,600,277,180.506451612903
26,601,-258,-260.89247311828
26,602,-98,-149.510204081633
26,603,-3,8.4
26,604,74,0.291576673866091
26,605,-1,-7.82456140350877
26,606,-6,-20.7412935323383
26,607,24,-20.7412935323383
26,608,116,117.617283950617
26,609,262,252.521428571429
26,610,-48,-81.3076923076923
26,611,-213,-149.510204081633
26,612,-152,-129.416666666667
26,613,-81,6.66666666666667
26,614,-50,-52.4468085106383
26,615,-42,-52.4468085106383
26,616,-13,-52.4468085106383
26,617,-36,0.291576673866091
26,618,-10,-15.0377358490566
26,619,-31,0.291576673866091
26,620,-24,0.291576673866091
26,621,3,0.291576673866091
26,622,23,0.291576673866091
26,623,27,73.8782608695652
26,624,103,73.8782608695652
26,625,56,151.369047619048
26,626,77,123.48275862069
26,627,67,62.6774193548387
26,628,23,46.7333333333333
26,629,8,40.3157894736842
26,630,51,-20.7412935323383
26,631,-32,-7.82456140350877
26,632,-32,-20.7412935323383
26,633,-54,-20.7412935323383
26,634,-232,-52.4468085106383
26,635,49,-52.4468085106383
26,636,-37,-7.82456140350877
26,637,-18,-52.4468085106383
26,638,-1,0.291576673866091
26,639,-41,0.291576673866091
26,640,-6,-15.0377358490566
26,641,6,23
26,642,-2,-20.7412935323383
26,643,-24,0.291576673866091
26,644,-12,0.291576673866091
26,645,2,0.291576673866091
26,646,1,0.291576673866091
26,647,20,0.291576673866091
26,648,80,40.3157894736842
26,649,78,134.090909090909
26,650,195,123.48275862069
26,651,31,-53.9
26,652,173,-199.039215686275
26,653,11,-114
26,654,58,-110.025641025641
26,655,-50,-40.7916666666667
26,656,-16,-52.4468085106383
26,657,-65,-20.7412935323383
26,658,-35,-52.4468085106383
26,659,-112,-20.7412935323383
26,660,-132,-52.4468085106383
26,661,-39,-52.4468085106383
26,662,-96,-52.4468085106383
26,663,-26,-15.0377358490566
26,664,-34,0.291576673866091
26,665,-24,0.291576673866091
26,666,-16,0.291576673866091
26,667,-4,0.291576673866091
26,668,-2,0.291576673866091
26,669,18,0.291576673866091
26,670,103,73.8782608695652
26,671,226,180.506451612903
26,672,247,151.369047619048
26,673,-328,-260.89247311828
26,674,-111,-149.510204081633
26,675,6,8.4
26,676,62,0.291576673866091
26,677,22,-7.82456140350877
26,678,-29,-25.2179487179487
26,679,13,-20.7412935323383
26,680,116,117.617283950617
26,681,336,252.521428571429
26,682,-19,-81.3076923076923
26,683,-193,-149.510204081633
26,684,-162,-129.416666666667
26,685,-88,-52.4468085106383
26,686,-87,-52.4468085106383
26,687,-74,-52.4468085106383
26,688,-25,-52.4468085106383
26,689,-14,0.291576673866091
26,690,-13,23
26,691,-5,0.291576673866091
26,692,5,0.291576673866091
26,693,9,0.291576673866091
26,694,9,0.291576673866091
26,695,143,0.291576673866091
26,696,388,180.506451612903
26,697,-208,-81.3076923076923
26,698,-175,-149.510204081633
26,699,55,8.4
26,700,40,-7.82456140350877
26,701,-20,-25.2179487179487
26,702,-45,-20.7412935323383
26,703,30,-15.0377358490566
26,704,120,117.617283950617
26,705,327,252.521428571429
26,706,62,-81.3076923076923
26,707,-256,-199.039215686275
26,708,-152,-129.416666666667
26,709,-53,6.66666666666667
26,710,-71,-52.4468085106383
26,711,-116,-52.4468085106383
26,712,-48,-52.4468085106383
26,713,-32,-15.0377358490566
26,714,1,23
26,715,-10,0.291576673866091
26,716,-2,0.291576673866091
26,717,29,0.291576673866091
26,718,87,73.8782608695652
26,719,238,180.506451612903
26,720,308,180.506451612903
26,721,-351,-260.89247311828
26,722,-140,-149.510204081633
26,723,9,8.4
26,724,61,-20.7412935323383
26,725,-17,-7.82456140350877
26,726,12,-20.7412935323383
26,727,16,-25.2179487179487
26,728,111,117.617283950617
26,729,362,252.521428571429
26,730,84,-81.3076923076923
26,731,-309,-199.039215686275
26,732,-166,-129.416666666667
26,733,-99,6.66666666666667
26,734,-66,-52.4468085106383
26,735,-75,-52.4468085106383
26,736,-8,-52.4468085106383
26,737,-66,-20.7412935323383
26,738,-7,-15.0377358490566
26,739,-11,0.291576673866091
26,740,-4,0.291576673866091
26,741,19,0.291576673866091
26,742,115,73.8782608695652
26,743,248,180.506451612903
26,744,243,-81.3076923076923
26,745,-323,-260.89247311828
26,746,-136,-149.510204081633
26,747,33,8.4
26,748,100,40.3157894736842
26,749,-36,-7.82456140350877
26,750,-61,-52.4468085106383
26,751,79,-15.0377358490566
26,752,87,123.48275862069
26,753,334,252.521428571429
26,754,2,-114
26,755,-184,-149.510204081633
26,756,-102,-129.416666666667
26,757,-121,-52.4468085106383
26,758,-53,-52.4468085106383
26,759,-125,-52.4468085106383
26,760,-32,-52.4468085106383
26,761,-41,0.291576673866091
26,762,-37,-15.0377358490566
26,763,3,-15.0377358490566
26,764,-10,0.291576673866091
26,765,20,0.291576673866091
26,766,111,73.8782608695652
26,767,221,180.506451612903
26,768,262,-81.3076923076923
26,769,-324,-260.89247311828
26,770,-95,-149.510204081633
26,771,59,8.4
26,772,-87,-7.82456140350877
26,773,107,-52.4468085106383
26,774,-36,-40.7916666666667
26,775,101,-15.0377358490566
26,776,97,62.6774193548387
26,777,203,252.521428571429
26,778,-2,-114
26,779,-189,-149.510204081633
26,780,-139,-52.4468085106383
26,781,-78,-52.4468085106383
26,782,-3,-52.4468085106383
26,783,24,-20.7412935323383
26,784,-103,-25.2179487179487
26,785,-46,-15.0377358490566
26,786,-32,-15.0377358490566
26,787,-43,0.291576673866091
26,788,-23,-52.4468085106383
26,789,13,0.291576673866091
26,790,20,40.3157894736842
26,791,45,73.8782608695652
26,792,110,73.8782608695652
26,793,87,180.506451612903
26,794,148,62.6774193548387
26,795,143,-53.9
26,796,-25,-214.513157894737
26,797,-26,-110.025641025641
26,798,-96,-20.7412935323383
26,799,113,-52.4468085106383
26,800,-1,-7.82456140350877
26,801,-38,19.2142857142857
26,802,-68,-52.4468085106383
26,803,-29,-52.4468085106383
26,804,-96,0.291576673866091
26,805,-40,-52.4468085106383
26,806,-52,-52.4468085106383
26,807,-68,-52.4468085106383
26,808,-15,-15.0377358490566
26,809,-13,0.291576673866091
26,810,-28,0.291576673866091
26,811,-65,0.291576673866091
26,812,-12,-52.4468085106383
26,813,-5,0.291576673866091
26,814,6,0.291576673866091
26,815,19,0.291576673866091
26,816,78,73.8782608695652
26,817,77,123.48275862069
26,818,142,151.369047619048
26,819,81,-53.9
26,820,144,19.2142857142857
26,821,7,-40.7916666666667
26,822,-47,-110.025641025641
26,823,53,-52.4468085106383
26,824,-27,-7.82456140350877
26,825,-33,-20.7412935323383
26,826,-48,-20.7412935323383
26,827,-80,-52.4468085106383
26,828,-107,-52.4468085106383
26,829,-73,-52.4468085106383
26,830,-46,-52.4468085106383
26,831,-55,-52.4468085106383
26,832,-68,-52.4468085106383
26,833,-25,-15.0377358490566
26,834,-3,0.291576673866091
26,835,-1,0.291576673866091
26,836,-3,0.291576673866091
26,837,21,0.291576673866091
26,838,119,73.8782608695652
26,839,243,180.506451612903
26,840,254,-81.3076923076923
26,841,-289,-260.89247311828
26,842,-160,-149.510204081633
26,843,23,8.4
26,844,50,40.3157894736842
26,845,9,-7.82456140350877
26,846,-33,-20.7412935323383
26,847,23,-20.7412935323383
26,848,126,117.617283950617
26,849,381,252.521428571429
26,850,-89,-81.3076923076923
26,851,-134,-149.510204081633
26,852,-223,-129.416666666667
26,853,-76,-52.4468085106383
26,854,-74,6.66666666666667
26,855,-60,-52.4468085106383
26,856,-75,-15.0377358490566
26,857,-29,-15.0377358490566
26,858,7,0.291576673866091
26,859,-10,23
26,860,-1,0.291576673866091
26,861,15,0.291576673866091
26,862,145,73.8782608695652
26,863,298,180.506451612903
26,864,178,-81.3076923076923
26,865,-346,-260.89247311828
26,866,-138,-149.510204081633
26,867,60,6.66666666666667
26,868,46,-7.82456140350877
26,869,-44,-7.82456140350877
26,870,-148,-52.4468085106383
26,871,63,-15.0377358490566
26,872,255,123.48275862069
26,873,328,252.521428571429
26,874,-7,-260.89247311828
26,875,-252,-149.510204081633
26,876,-156,-129.416666666667
26,877,-79,6.66666666666667
26,878,-76,-52.4468085106383
26,879,-84,-52.4468085106383
26,880,-28,-52.4468085106383
26,881,-21,0.291576673866091
26,882,-13,23
26,883,1,0.291576673866091
26,884,3,0.291576673866091
26,885,23,0.291576673866091
26,886,98,73.8782608695652
26,887,292,180.506451612903
26,888,204,180.506451612903
26,889,-297,-260.89247311828
26,890,-172,-149.510204081633
26,891,48,6.66666666666667
26,892,79,-7.82456140350877
26,893,-14,-7.82456140350877
26,894,-23,-20.7412935323383
26,895,16,-20.7412935323383
26,896,98,117.617283950617
26,897,348,252.521428571429
26,898,-333,-7.82456140350877
26,899,-274,-149.510204081633
26,900,-47,8.4
26,901,-17,6.66666666666667
26,902,33,0.291576673866091
26,903,-12,-25.2179487179487
26,904,-22,-20.7412935323383
26,905,-22,23
26,906,-8,117.617283950617
26,907,0,0.291576673866091
26,908,-1,0.291576673866091
26,909,22,-20.7412935323383
26,910,115,73.8782608695652
26,911,262,123.48275862069
26,912,229,-81.3076923076923
26,913,-269,-260.89247311828
26,914,-207,-149.510204081633
26,915,102,8.4
26,916,16,-7.82456140350877
26,917,46,-25.2179487179487
26,918,-71,-40.7916666666667
26,919,24,-15.0377358490566
26,920,150,117.617283950617
26,921,311,252.521428571429
26,922,38,-81.3076923076923
26,923,-217,-199.039215686275
26,924,-179,-129.416666666667
26,925,-144,6.66666666666667
26,926,2,-52.4468085106383
26,927,-97,-20.7412935323383
26,928,-71,-52.4468085106383
26,929,-18,-15.0377358490566
26,930,-15,23
26,931,-18,0.291576673866091
26,932,-4,0.291576673866091
26,933,17,0.291576673866091
26,934,109,73.8782608695652
26,935,216,151.369047619048
26,936,269,180.506451612903
26,937,-298,-260.89247311828
26,938,-112,-149.510204081633
26,939,81,8.4
26,940,57,-7.82456140350877
26,941,15,-7.82456140350877
26,942,-29,-25.2179487179487
26,943,105,-20.7412935323383
26,944,86,123.48275862069
26,945,254,252.521428571429
26,946,-183,-114
26,947,-93,-149.510204081633
26,948,-162,8.4
26,949,-71,-52.4468085106383
26,950,-36,-52.4468085106383
26,951,-54,-52.4468085106383
26,952,-44,-15.0377358490566
26,953,-43,-15.0377358490566
26,954,-37,-15.0377358490566
26,955,-22,-15.0377358490566
26,956,-25,0.291576673866091
26,957,4,0.291576673866091
26,958,20,0.291576673866091
26,959,34,73.8782608695652
26,960,111,73.8782608695652
26,961,157,180.506451612903
26,962,76,-81.3076923076923
26,963,111,-110.025641025641
26,964,37,-40.7916666666667
26,965,100,19.2142857142857
26,966,-44,-40.7916666666667
26,967,-25,-52.4468085106383
26,968,1,-20.7412935323383
26,969,-15,-20.7412935323383
26,970,-30,-20.7412935323383
26,971,-107,-20.7412935323383
26,972,-152,-52.4468085106383
26,973,-57,-52.4468085106383
26,974,44,-52.4468085106383
26,975,-98,40.3157894736842
26,976,-78,-52.4468085106383
26,977,-4,-15.0377358490566
26,978,-12,0.291576673866091
26,979,-54,0.291576673866091
26,980,-19,-52.4468085106383
26,981,3,-20.7412935323383
26,982,9,0.291576673866091
26,983,39,0.291576673866091
26,984,96,73.8782608695652
26,985,66,123.48275862069
26,986,128,123.48275862069
26,987,78,-53.9
26,988,103,19.2142857142857
26,989,71,-40.7916666666667
26,990,-50,-40.7916666666667
26,991,-53,-52.4468085106383
26,992,65,-52.4468085106383
26,993,-86,-7.82456140350877
26,994,-89,-52.4468085106383
26,995,-50,-52.4468085106383
26,996,-109,-52.4468085106383
26,997,-61,-52.4468085106383
26,998,-38,-52.4468085106383
26,999,-57,-15.0377358490566
26,1000,-39,-15.0377358490566
26,1001,-24,-52.4468085106383
26,1002,-9,0.291576673866091
26,1003,0,0.291576673866091
26,1004,4,0.291576673866091
26,1005,20,0.291576673866091
26,1006,39,73.8782608695652
26,1007,10,73.8782608695652
26,1008,81,0.291576673866091
26,1009,-46,180.506451612903
26,1010,-51,-52.4468085106383
26,1011,20,-52.4468085106383
26,1012,106,40.3157894736842
26,1013,-9,-7.82456140350877
26,1014,-5,0.291576673866091
26,1015,25,-20.7412935323383
26,1016,-85,73.8782608695652
26,1017,118,-52.4468085106383
26,1018,71,-40.7916666666667
26,1019,4,19.2142857142857
26,1020,-115,0.291576673866091
26,1021,-37,-52.4468085106383
26,1022,-23,-15.0377358490566
26,1023,-54,0.291576673866091
26,1024,-43,-52.4468085106383
26,1025,-13,-52.4468085106383
26,1026,-15,0.291576673866091
26,1027,2,0.291576673866091
26,1028,-1,0.291576673866091
26,1029,3,0.291576673866091
26,1030,16,0.291576673866091
26,1031,68,73.8782608695652
26,1032,317,180.506451612903
26,1033,-54,123.48275862069
26,1034,-184,-149.510204081633
26,1035,53,-129.416666666667
26,1036,40,134.090909090909
26,1037,-25,40.3157894736842
26,1038,-55,-20.7412935323383
26,1039,72,-52.4468085106383
26,1040,118,123.48275862069
26,1041,304,151.369047619048
26,1042,55,-214.513157894737
26,1043,-221,-199.039215686275
26,1044,-249,-129.416666666667
26,1045,-154,6.66666666666667
26,1046,-26,6.66666666666667
26,1047,-12,-20.7412935323383
26,1048,-32,-20.7412935323383
26,1049,-18,-20.7412935323383
26,1050,-2,23
26,1051,-13,23
26,1052,-2,0.291576673866091
26,1053,34,0.291576673866091
26,1054,120,73.8782608695652
26,1055,282,123.48275862069
26,1056,210,-81.3076923076923
26,1057,-303,-260.89247311828
26,1058,-155,-149.510204081633
26,1059,75,8.4
26,1060,63,-7.82456140350877
26,1061,20,-7.82456140350877
26,1062,-87,-25.2179487179487
26,1063,11,-15.0377358490566
26,1064,172,117.617283950617
26,1065,427,252.521428571429
26,1066,-27,-81.3076923076923
26,1067,-256,-149.510204081633
26,1068,-131,-129.416666666667
26,1069,-66,6.66666666666667
26,1070,-107,-52.4468085106383
26,1071,-153,-52.4468085106383
26,1072,-54,-52.4468085106383
26,1073,-51,-15.0377358490566
26,1074,-12,-15.0377358490566
26,1075,-13,0.291576673866091
26,1076,13,0.291576673866091
26,1077,19,73.8782608695652
26,1078,124,73.8782608695652
26,1079,315,207.77358490566
26,1080,160,-81.3076923076923
26,1081,-288,-260.89247311828
26,1082,-141,-110.025641025641
26,1083,74,6.66666666666667
26,1084,69,-7.82456140350877
26,1085,-21,-7.82456140350877
26,1086,-57,-20.7412935323383
26,1087,46,-15.0377358490566
26,1088,114,123.48275862069
26,1089,422,252.521428571429
26,1090,16,-214.513157894737
26,1091,-331,-199.039215686275
26,1092,-91,-129.416666666667
26,1093,-147,6.66666666666667
26,1094,-48,-52.4468085106383
26,1095,-85,-52.4468085106383
26,1096,-96,-52.4468085106383
26,1097,-21,-15.0377358490566
26,1098,-28,23
26,1099,-7,0.291576673866091
26,1100,-3,0.291576673866091
26,1101,23,0.291576673866091
26,1102,148,73.8782608695652
26,1103,333,180.506451612903
26,1104,230,-81.3076923076923
26,1105,-384,-260.89247311828
26,1106,-106,-149.510204081633
26,1107,79,8.4
26,1108,26,-7.82456140350877
26,1109,35,-25.2179487179487
26,1110,-45,-25.2179487179487
26,1111,41,-15.0377358490566
26,1112,177,117.617283950617
26,1113,244,252.521428571429
26,1114,-143,-81.3076923076923
26,1115,-186,-149.510204081633
26,1116,-146,8.4
26,1117,-79,-52.4468085106383
26,1118,-7,-52.4468085106383
26,1119,-77,-20.7412935323383
26,1120,-26,-15.0377358490566
26,1121,-44,0.291576673866091
26,1122,-35,-15.0377358490566
26,1123,-36,0.291576673866091
26,1124,-19,-52.4468085106383
26,1125,-2,0.291576673866091
26,1126,38,0.291576673866091
26,1127,45,73.8782608695652
26,1128,100,73.8782608695652
26,1129,97,151.369047619048
26,1130,160,62.6774193548387
26,1131,134,-53.9
26,1132,56,-214.513157894737
26,1133,62,19.2142857142857
26,1134,26,-40.7916666666667
26,1135,-58,-25.2179487179487
26,1136,-30,-52.4468085106383
26,1137,-16,-20.7412935323383
26,1138,19,-20.7412935323383
26,1139,-213,-25.2179487179487
26,1140,-117,-52.4468085106383
26,1141,-56,6.66666666666667
26,1142,79,-52.4468085106383
26,1143,-99,151.369047619048
26,1144,-69,-52.4468085106383
26,1145,-40,-15.0377358490566
26,1146,-32,-15.0377358490566
26,1147,-32,0.291576673866091
26,1148,-50,0.291576673866091
26,1149,-8,-15.0377358490566
26,1150,17,0.291576673866091
26,1151,65,73.8782608695652
26,1152,81,180.506451612903
26,1153,142,180.506451612903
26,1154,119,-53.9
26,1155,149,-214.513157894737
26,1156,56,-214.513157894737
26,1157,-30,-110.025641025641
26,1158,-64,-20.7412935323383
26,1159,-41,-52.4468085106383
26,1160,75,-52.4468085106383
26,1161,-28,-7.82456140350877
26,1162,-75,-20.7412935323383
26,1163,-72,-52.4468085106383
26,1164,-128,-15.0377358490566
26,1165,-41,-52.4468085106383
26,1166,-88,-52.4468085106383
26,1167,-59,-52.4468085106383
26,1168,-46,-15.0377358490566
26,1169,-25,-15.0377358490566
26,1170,-4,0.291576673866091
26,1171,-9,0.291576673866091
26,1172,5,0.291576673866091
26,1173,8,0.291576673866091
26,1174,64,0.291576673866091
26,1175,74,180.506451612903
26,1176,117,180.506451612903
26,1177,-84,62.6774193548387
26,1178,-87,-94
26,1179,7,-52.4468085106383
26,1180,64,0.291576673866091
26,1181,14,-7.82456140350877
26,1182,-4,-25.2179487179487
26,1183,45,-20.7412935323383
26,1184,90,73.8782608695652
26,1185,193,151.369047619048
26,1186,22,-114
26,1187,-82,-199.039215686275
26,1188,-112,-52.4468085106383
26,1189,-95,-52.4468085106383
26,1190,-99,-52.4468085106383
26,1191,-45,-52.4468085106383
26,1192,-61,-52.4468085106383
26,1193,-9,-15.0377358490566
26,1194,-16,0.291576673866091
26,1195,-6,0.291576673866091
26,1196,2,0.291576673866091
26,1197,10,0.291576673866091
26,1198,120,0.291576673866091
26,1199,187,180.506451612903
26,1200,266,-81.3076923076923
26,1201,-257,-260.89247311828
26,1202,-133,-149.510204081633
26,1203,-11,8.4
26,1204,65,0.291576673866091
26,1205,-11,-7.82456140350877
26,1206,-21,-20.7412935323383
26,1207,23,-20.7412935323383
26,1208,141,117.617283950617
26,1209,399,252.521428571429
26,1210,0,-81.3076923076923
26,1211,-421,-149.510204081633
26,1212,9,-129.416666666667
26,1213,-112,0.291576673866091
26,1214,-87,-52.4468085106383
26,1215,-69,-52.4468085106383
26,1216,-58,-52.4468085106383
26,1217,-15,-15.0377358490566
26,1218,-20,23
26,1219,-7,0.291576673866091
26,1220,-2,0.291576673866091
26,1221,32,0.291576673866091
26,1222,125,73.8782608695652
26,1223,308,180.506451612903
26,1224,251,-81.3076923076923
26,1225,-422,-260.89247311828
26,1226,-106,-149.510204081633
26,1227,6,8.4
26,1228,51,-20.7412935323383
26,1229,22,-7.82456140350877
26,1230,-22,-25.2179487179487
26,1231,9,-20.7412935323383
26,1232,21,117.617283950617
26,1233,7,190.583333333333
26,1234,42,0.291576673866091
26,1235,49,-25.2179487179487
26,1236,-81,-7.82456140350877
26,1237,-50,-52.4468085106383
26,1238,-86,-52.4468085106383
26,1239,-53,-52.4468085106383
26,1240,-50,-52.4468085106383
26,1241,-26,-52.4468085106383
26,1242,-14,-20.7412935323383
26,1243,-12,0.291576673866091
26,1244,1,0.291576673866091
26,1245,25,0.291576673866091
26,1246,126,73.8782608695652
26,1247,259,180.506451612903
26,1248,277,-81.3076923076923
26,1249,-391,-260.89247311828
26,1250,-116,-149.510204081633
26,1251,36,8.4
26,1252,68,40.3157894736842
26,1253,13,-7.82456140350877
26,1254,-50,-25.2179487179487
26,1255,39,-15.0377358490566
26,1256,99,117.617283950617
26,1257,408,252.521428571429
26,1258,-46,-114
26,1259,-260,-149.510204081633
26,1260,-94,-129.416666666667
26,1261,-113,6.66666666666667
26,1262,-42,-52.4468085106383
26,1263,-76,-52.4468085106383
26,1264,-94,-52.4468085106383
26,1265,-31,-15.0377358490566
26,1266,-19,23
26,1267,-9,0.291576673866091
26,1268,-5,0.291576673866091
26,1269,21,0.291576673866091
26,1270,83,73.8782608695652
26,1271,246,180.506451612903
26,1272,224,180.506451612903
26,1273,-243,-260.89247311828
26,1274,-108,-149.510204081633
26,1275,51,8.4
26,1276,38,-7.82456140350877
26,1277,12,-25.2179487179487
26,1278,34,-25.2179487179487
26,1279,99,-25.2179487179487
26,1280,118,123.48275862069
26,1281,69,252.521428571429
26,1282,-131,19.2142857142857
26,1283,-118,-52.4468085106383
26,1284,-54,-52.4468085106383
26,1285,-95,-52.4468085106383
26,1286,-43,-52.4468085106383
26,1287,-46,-52.4468085106383
26,1288,-50,-15.0377358490566
26,1289,-34,-15.0377358490566
26,1290,-18,0.291576673866091
26,1291,-33,0.291576673866091
26,1292,-29,0.291576673866091
26,1293,8,0.291576673866091
26,1294,21,0.291576673866091
26,1295,23,73.8782608695652
26,1296,87,73.8782608695652
26,1297,148,180.506451612903
26,1298,148,123.48275862069
26,1299,83,-214.513157894737
26,1300,9,-110.025641025641
26,1301,10,-20.7412935323383
26,1302,25,-20.7412935323383
26,1303,-51,-25.2179487179487
26,1304,-9,-52.4468085106383
26,1305,-42,-20.7412935323383
26,1306,-47,-52.4468085106383
26,1307,-42,-52.4468085106383
26,1308,-118,-52.4468085106383
26,1309,-4,-52.4468085106383
26,1310,-47,0.291576673866091
26,1311,-54,-52.4468085106383
26,1312,-13,-52.4468085106383
26,1313,-59,0.291576673866091
26,1314,-17,-15.0377358490566
26,1315,-25,0.291576673866091
26,1316,-25,0.291576673866091
26,1317,-4,0.291576673866091
26,1318,15,0.291576673866091
26,1319,30,73.8782608695652
26,1320,99,73.8782608695652
26,1321,119,151.369047619048
26,1322,154,123.48275862069
26,1323,95,-214.513157894737
26,1324,51,-110.025641025641
26,1325,-72,-40.7916666666667
26,1326,49,-52.4468085106383
26,1327,-12,-40.7916666666667
26,1328,-34,-20.7412935323383
26,1329,21,-20.7412935323383
26,1330,-4,-25.2179487179487
26,1331,-76,-20.7412935323383
26,1332,-50,-52.4468085106383
26,1333,-249,-52.4468085106383
26,1334,-84,-52.4468085106383
26,1335,37,6.66666666666667
26,1336,-31,40.3157894736842
26,1337,-6,0.291576673866091
26,1338,-11,0.291576673866091
26,1339,-30,0.291576673866091
26,1340,-12,23
26,1341,3,0.291576673866091
26,1342,11,-20.7412935323383
26,1343,47,73.8782608695652
26,1344,88,151.369047619048
26,1345,108,123.48275862069
26,1346,101,62.6774193548387
26,1347,112,62.6774193548387
26,1348,49,46.7333333333333
26,1349,31,19.2142857142857
26,1350,-91,-25.2179487179487
26,1351,-5,-52.4468085106383
26,1352,41,-20.7412935323383
26,1353,-96,-25.2179487179487
26,1354,-22,-52.4468085106383
26,1355,12,-20.7412935323383
26,1356,-78,-25.2179487179487
26,1357,-70,-52.4468085106383
26,1358,-90,-52.4468085106383
26,1359,-75,-15.0377358490566
26,1360,-37,-52.4468085106383
26,1361,-31,-52.4468085106383
26,1362,-6,0.291576673866091
26,1363,-5,0.291576673866091
26,1364,2,0.291576673866091
26,1365,28,0.291576673866091
26,1366,121,73.8782608695652
26,1367,296,180.506451612903
26,1368,184,-81.3076923076923
26,1369,-377,-260.89247311828
26,1370,-74,-149.510204081633
26,1371,14,6.66666666666667
26,1372,40,40.3157894736842
26,1373,2,-25.2179487179487
26,1374,-1,-20.7412935323383
26,1375,18,-20.7412935323383
26,1376,137,117.617283950617
26,1377,388,252.521428571429
26,1378,-71,-81.3076923076923
26,1379,-184,-149.510204081633
26,1380,-322,-129.416666666667
26,1381,-133,-52.4468085106383
26,1382,-16,6.66666666666667
26,1383,-5,-20.7412935323383
26,1384,-14,-20.7412935323383
26,1385,-32,0.291576673866091
26,1386,1,0.291576673866091
26,1387,0,23
26,1388,1,0.291576673866091
26,1389,35,0.291576673866091
26,1390,103,73.8782608695652
26,1391,339,123.48275862069
26,1392,188,123.48275862069
26,1393,-366,-260.89247311828
26,1394,-128,-149.510204081633
26,1395,31,6.66666666666667
26,1396,45,40.3157894736842
26,1397,36,-25.2179487179487
26,1398,-37,-25.2179487179487
26,1399,23,-15.0377358490566
26,1400,123,117.617283950617
26,1401,441,252.521428571429
26,1402,-43,-81.3076923076923
26,1403,-240,-149.510204081633
26,1404,-125,-129.416666666667
26,1405,-127,6.66666666666667
26,1406,-87,-52.4468085106383
26,1407,-57,-52.4468085106383
26,1408,-99,-52.4468085106383
26,1409,-35,-15.0377358490566
26,1410,-12,23
26,1411,-6,0.291576673866091
26,1412,0,0.291576673866091
26,1413,25,0.291576673866091
26,1414,145,73.8782608695652
26,1415,329,180.506451612903
26,1416,186,-81.3076923076923
26,1417,-382,-260.89247311828
26,1418,-91,-149.510204081633
26,1419,-2,6.66666666666667
26,1420,74,-20.7412935323383
26,1421,1,-7.82456140350877
26,1422,-39,-20.7412935323383
26,1423,36,-15.0377358490566
26,1424,197,117.617283950617
26,1425,340,252.521428571429
26,1426,-42,-81.3076923076923
26,1427,-194,-149.510204081633
26,1428,-112,-129.416666666667
26,1429,-120,-52.4468085106383
26,1430,-95,-52.4468085106383
26,1431,-124,-52.4468085106383
26,1432,-54,-52.4468085106383
26,1433,-52,-15.0377358490566
26,1434,-18,-15.0377358490566
26,1435,-12,0.291576673866091
26,1436,2,0.291576673866091
26,1437,39,0.291576673866091
26,1438,96,73.8782608695652
26,1439,261,180.506451612903
26,1440,292,180.506451612903
26,1441,-396,-260.89247311828
26,1442,-94,-149.510204081633
26,1443,31,8.4
26,1444,75,40.3157894736842
26,1445,6,-7.82456140350877
26,1446,-62,-20.7412935323383
26,1447,4,-15.0377358490566
26,1448,-36,117.617283950617
26,1449,5,-52.4468085106383
26,1450,-117,-20.7412935323383
26,1451,-65,-52.4468085106383
26,1452,-6,-52.4468085106383
26,1453,46,0.291576673866091
26,1454,-62,134.090909090909
26,1455,50,-52.4468085106383
26,1456,13,-40.7916666666667
26,1457,-10,73.8782608695652
26,1458,-35,0.291576673866091
26,1459,-15,0.291576673866091
26,1460,-13,-20.7412935323383
26,1461,-1,0.291576673866091
26,1462,24,-20.7412935323383
26,1463,50,-25.2179487179487
26,1464,124,123.48275862069
26,1465,122,123.48275862069
26,1466,161,-214.513157894737
26,1467,43,-214.513157894737
26,1468,132,-110.025641025641
26,1469,11,-40.7916666666667
26,1470,-32,19.2142857142857
26,1471,55,-20.7412935323383
26,1472,-58,-7.82456140350877
26,1473,-58,-52.4468085106383
26,1474,-74,-52.4468085106383
26,1475,42,-52.4468085106383
26,1476,-155,-25.2179487179487
26,1477,-83,-52.4468085106383
26,1478,-88,-52.4468085106383
26,1479,10,-52.4468085106383
26,1480,-69,0.291576673866091
26,1481,-48,-52.4468085106383
26,1482,-32,-15.0377358490566
26,1483,-39,0.291576673866091
26,1484,-37,-15.0377358490566
26,1485,-1,-52.4468085106383
26,1486,10,0.291576673866091
26,1487,13,0.291576673866091
26,1488,105,73.8782608695652
26,1489,160,180.506451612903
26,1490,104,180.506451612903
26,1491,107,-110.025641025641
26,1492,173,46.7333333333333
26,1493,2,-114
26,1494,-8,-110.025641025641
26,1495,-34,-20.7412935323383
26,1496,18,-20.7412935323383
26,1497,-84,-25.2179487179487
26,1498,-82,-52.4468085106383
26,1499,-43,-52.4468085106383
26,1500,-139,-52.4468085106383
26,1501,-68,-52.4468085106383
26,1502,-20,-52.4468085106383
26,1503,-118,0.291576673866091
26,1504,-59,-15.0377358490566
26,1505,-35,-52.4468085106383
26,1506,-3,0.291576673866091
26,1507,-6,0.291576673866091
26,1508,3,0.291576673866091
26,1509,27,0.291576673866091
26,1510,104,73.8782608695652
26,1511,378,151.369047619048
26,1512,148,180.506451612903
26,1513,-383,-260.89247311828
26,1514,-95,-110.025641025641
26,1515,52,6.66666666666667
26,1516,43,-7.82456140350877
26,1517,-8,-25.2179487179487
26,1518,-4,-20.7412935323383
26,1519,22,-20.7412935323383
26,1520,156,117.617283950617
26,1521,386,252.521428571429
26,1522,-12,-81.3076923076923
26,1523,-177,-149.510204081633
26,1524,-184,-129.416666666667
26,1525,-196,-52.4468085106383
26,1526,-97,-52.4468085106383
26,1527,-82,-52.4468085106383
26,1528,-52,-52.4468085106383
26,1529,-14,-15.0377358490566
26,1530,-12,0.291576673866091
26,1531,-3,0.291576673866091
26,1532,0,23
26,1533,31,0.291576673866091
26,1534,148,73.8782608695652
26,1535,385,180.506451612903
26,1536,141,-81.3076923076923
26,1537,-375,-260.89247311828
26,1538,-159,-94
26,1539,51,6.66666666666667
26,1540,20,-7.82456140350877
26,1541,20,-25.2179487179487
26,1542,9,-25.2179487179487
26,1543,-4,-20.7412935323383
26,1544,201,117.617283950617
26,1545,377,252.521428571429
26,1546,-60,-81.3076923076923
26,1547,-277,-149.510204081633
26,1548,-98,-129.416666666667
26,1549,-132,6.66666666666667
26,1550,-90,-52.4468085106383
26,1551,-80,-52.4468085106383
26,1552,-64,-52.4468085106383
26,1553,-22,-15.0377358490566
26,1554,-16,23
26,1555,-3,0.291576673866091
26,1556,2,0.291576673866091
26,1557,28,0.291576673866091
26,1558,134,73.8782608695652
26,1559,375,180.506451612903
26,1560,121,-81.3076923076923
26,1561,-365,-260.89247311828
26,1562,-100,-94
26,1563,23,6.66666666666667
26,1564,89,40.3157894736842
26,1565,-12,-7.82456140350877
26,1566,-1,-20.7412935323383
26,1567,-2,-20.7412935323383
26,1568,152,117.617283950617
26,1569,272,252.521428571429
26,1570,58,-81.3076923076923
26,1571,-244,-199.039215686275
26,1572,-130,-129.416666666667
26,1573,-110,6.66666666666667
26,1574,-50,-52.4468085106383
26,1575,-125,-52.4468085106383
26,1576,-64,-52.4468085106383
26,1577,-37,-15.0377358490566
26,1578,-10,-15.0377358490566
26,1579,-7,0.291576673866091
26,1580,1,0.291576673866091
26,1581,28,0.291576673866091
26,1582,136,73.8782608695652
26,1583,356,180.506451612903
26,1584,155,-81.3076923076923
26,1585,-344,-260.89247311828
26,1586,-127,-110.025641025641
26,1587,27,6.66666666666667
26,1588,99,40.3157894736842
26,1589,-21,-7.82456140350877
26,1590,-50,-20.7412935323383
26,1591,68,-15.0377358490566
26,1592,133,123.48275862069
26,1593,403,252.521428571429
26,1594,-56,-214.513157894737
26,1595,-211,-149.510204081633
26,1596,-124,-129.416666666667
26,1597,-165,6.66666666666667
26,1598,-85,-52.4468085106383
26,1599,-51,-52.4468085106383
26,1600,-100,-52.4468085106383
26,1601,-48,-15.0377358490566
26,1602,-10,-15.0377358490566
26,1603,-11,0.291576673866091
26,1604,2,0.291576673866091
26,1605,19,0.291576673866091
26,1606,110,73.8782608695652
26,1607,289,180.506451612903
26,1608,272,180.506451612903
26,1609,-318,-260.89247311828
26,1610,-133,-149.510204081633
26,1611,15,8.4
26,1612,105,40.3157894736842
26,1613,47,-7.82456140350877
26,1614,-43,-7.82456140350877
26,1615,24,-15.0377358490566
26,1616,126,117.617283950617
26,1617,270,252.521428571429
26,1618,-70,-81.3076923076923
26,1619,-168,-149.510204081633
26,1620,-147,-129.416666666667
26,1621,-69,-52.4468085106383
26,1622,-48,-52.4468085106383
26,1623,-76,-52.4468085106383
26,1624,-9,-15.0377358490566
26,1625,-83,0.291576673866091
26,1626,-34,-15.0377358490566
26,1627,-49,0.291576673866091
26,1628,-32,-52.4468085106383
26,1629,11,0.291576673866091
26,1630,61,73.8782608695652
26,1631,7,180.506451612903
26,1632,157,0.291576673866091
26,1633,96,-53.9
26,1634,126,-110.025641025641
26,1635,103,-53.9
26,1636,-38,19.2142857142857
26,1637,54,-52.4468085106383
26,1638,8,-40.7916666666667
26,1639,-38,-20.7412935323383
26,1640,-21,-52.4468085106383
26,1641,-39,-20.7412935323383
26,1642,-44,-52.4468085106383
26,1643,-91,-52.4468085106383
26,1644,3,-52.4468085106383
26,1645,-47,0.291576673866091
26,1646,-102,-52.4468085106383
26,1647,16,-52.4468085106383
26,1648,-72,73.8782608695652
26,1649,-42,-15.0377358490566
26,1650,-43,-52.4468085106383
26,1651,-44,-52.4468085106383
26,1652,-19,-15.0377358490566
26,1653,3,0.291576673866091
26,1654,17,0.291576673866091
26,1655,32,73.8782608695652
26,1656,119,73.8782608695652
26,1657,85,180.506451612903
26,1658,147,19.2142857142857
26,1659,86,-53.9
26,1660,3,-110.025641025641
26,1661,-10,0.291576673866091
26,1662,8,-20.7412935323383
26,1663,-25,-20.7412935323383
26,1664,33,-20.7412935323383
26,1665,13,-25.2179487179487
26,1666,-31,-25.2179487179487
26,1667,-115,0.291576673866091
26,1668,-12,-52.4468085106383
26,1669,-110,0.291576673866091
26,1670,-94,-52.4468085106383
26,1671,-49,-52.4468085106383
26,1672,-69,-52.4468085106383
26,1673,-17,-15.0377358490566
26,1674,-7,0.291576673866091
26,1675,-11,0.291576673866091
26,1676,1,0.291576673866091
26,1677,30,0.291576673866091
26,1678,107,73.8782608695652
26,1679,359,180.506451612903
26,1680,148,180.506451612903
26,1681,-335,-260.89247311828
26,1682,-169,-110.025641025641
26,1683,55,6.66666666666667
26,1684,59,-7.82456140350877
26,1685,-13,-7.82456140350877
26,1686,11,-20.7412935323383
26,1687,0,-25.2179487179487
26,1688,168,117.617283950617
26,1689,373,252.521428571429
26,1690,31,-81.3076923076923
26,1691,-235,-199.039215686275
26,1692,-202,-129.416666666667
26,1693,-144,6.66666666666667
26,1694,-86,6.66666666666667
26,1695,-84,-52.4468085106383
26,1696,-52,-52.4468085106383
26,1697,-12,-15.0377358490566
26,1698,-10,23
26,1699,6,23
26,1700,-8,0.291576673866091
26,1701,25,0.291576673866091
26,1702,107,73.8782608695652
26,1703,167,180.506451612903
26,1704,310,180.506451612903
26,1705,-328,-214.513157894737
26,1706,-160,-149.510204081633
26,1707,-60,8.4
26,1708,30,-52.4468085106383
26,1709,-36,-25.2179487179487
26,1710,1,-52.4468085106383
26,1711,56,-20.7412935323383
26,1712,123,123.48275862069
26,1713,442,252.521428571429
26,1714,-28,-214.513157894737
26,1715,-162,-149.510204081633
26,1716,-105,-129.416666666667
26,1717,-112,-52.4468085106383
26,1718,-67,-52.4468085106383
26,1719,-118,-52.4468085106383
26,1720,-55,-52.4468085106383
26,1721,-6,-15.0377358490566
26,1722,-24,0.291576673866091
26,1723,4,0.291576673866091
26,1724,2,0.291576673866091
26,1725,30,0.291576673866091
26,1726,154,73.8782608695652
26,1727,311,180.506451612903
26,1728,208,-81.3076923076923
26,1729,-361,-260.89247311828
26,1730,-154,-149.510204081633
26,1731,48,8.4
26,1732,88,-7.82456140350877
26,1733,-79,-7.82456140350877
26,1734,65,-52.4468085106383
26,1735,-39,-40.7916666666667
26,1736,111,-15.0377358490566
26,1737,465,252.521428571429
26,1738,-113,-81.3076923076923
26,1739,-73,-149.510204081633
26,1740,-223,-129.416666666667
26,1741,-52,-52.4468085106383
26,1742,-158,6.66666666666667
26,1743,-85,-52.4468085106383
26,1744,-105,-15.0377358490566
26,1745,-27,-15.0377358490566
26,1746,-12,0.291576673866091
26,1747,-4,23
26,1748,1,0.291576673866091
26,1749,34,0.291576673866091
26,1750,141,190.583333333333
26,1751,325,180.506451612903
26,1752,213,-81.3076923076923
26,1753,-362,-260.89247311828
26,1754,-178,-149.510204081633
26,1755,49,8.4
26,1756,37,-7.82456140350877
26,1757,19,-25.2179487179487
26,1758,14,-25.2179487179487
26,1759,26,-25.2179487179487
26,1760,114,117.617283950617
26,1761,429,252.521428571429
26,1762,-44,-81.3076923076923
26,1763,-244,-149.510204081633
26,1764,-144,-129.416666666667
26,1765,-98,6.66666666666667
26,1766,-95,-52.4468085106383
26,1767,-70,-52.4468085106383
26,1768,-78,-52.4468085106383
26,1769,-43,-15.0377358490566
26,1770,-36,-15.0377358490566
26,1771,-10,-15.0377358490566
26,1772,9,0.291576673866091
26,1773,19,0.291576673866091
26,1774,118,73.8782608695652
26,1775,279,180.506451612903
26,1776,223,-81.3076923076923
26,1777,-287,-260.89247311828
26,1778,-150,-149.510204081633
26,1779,70,8.4
26,1780,117,-7.82456140350877
26,1781,-10,-7.82456140350877
26,1782,-17,19.2142857142857
26,1783,1,-20.7412935323383
26,1784,181,117.617283950617
26,1785,265,252.521428571429
26,1786,-130,-81.3076923076923
26,1787,-226,-149.510204081633
26,1788,-82,8.4
26,1789,-52,6.66666666666667
26,1790,-12,-52.4468085106383
26,1791,-99,-20.7412935323383
26,1792,-85,-15.0377358490566
26,1793,-42,-15.0377358490566
26,1794,-28,-15.0377358490566
26,1795,-40,0.291576673866091
26,1796,-19,-52.4468085106383
26,1797,15,0.291576673866091
26,1798,24,73.8782608695652
26,1799,31,73.8782608695652
26,1800,126,73.8782608695652
26,1801,163,180.506451612903
26,1802,68,-81.3076923076923
26,1803,131,-110.025641025641
26,1804,37,-40.7916666666667
26,1805,14,19.2142857142857
26,1806,-44,-25.2179487179487
26,1807,10,-52.4468085106383
26,1808,-41,-20.7412935323383
26,1809,51,-52.4468085106383
26,1810,-22,-7.82456140350877
26,1811,-110,-20.7412935323383
26,1812,-109,-52.4468085106383
26,1813,-62,-52.4468085106383
26,1814,-10,-52.4468085106383
26,1815,-97,0.291576673866091
26,1816,-35,-52.4468085106383
26,1817,-60,0.291576673866091
26,1818,-14,-15.0377358490566
26,1819,-46,0.291576673866091
26,1820,-10,-52.4468085106383
26,1821,-1,0.291576673866091
26,1822,6,0.291576673866091
26,1823,25,0.291576673866091
26,1824,71,73.8782608695652
26,1825,155,180.506451612903
26,1826,162,123.48275862069
26,1827,110,-214.513157894737
26,1828,69,-214.513157894737
26,1829,-1,-40.7916666666667
26,1830,-32,-20.7412935323383
26,1831,-119,-20.7412935323383
26,1832,117,-52.4468085106383
26,1833,13,-7.82456140350877
26,1834,-80,19.2142857142857
26,1835,-123,-52.4468085106383
26,1836,-88,-52.4468085106383
26,1837,-56,-15.0377358490566
26,1838,-93,-52.4468085106383
26,1839,-45,-52.4468085106383
26,1840,-68,-15.0377358490566
26,1841,-26,-15.0377358490566
26,1842,-5,0.291576673866091
26,1843,-5,0.291576673866091
26,1844,5,0.291576673866091
26,1845,14,0.291576673866091
26,1846,14,73.8782608695652
26,1847,108,73.8782608695652
26,1848,329,180.506451612903
26,1849,-224,180.506451612903
26,1850,-159,-149.510204081633
26,1851,30,8.4
26,1852,47,40.3157894736842
26,1853,57,-7.82456140350877
26,1854,-6,-40.7916666666667
26,1855,18,-20.7412935323383
26,1856,95,117.617283950617
26,1857,391,252.521428571429
26,1858,-81,-7.82456140350877
26,1859,-179,-149.510204081633
26,1860,-101,-129.416666666667
26,1861,-89,-52.4468085106383
26,1862,-109,-52.4468085106383
26,1863,-90,-52.4468085106383
26,1864,-39,-15.0377358490566
26,1865,-21,-15.0377358490566
26,1866,1,0.291576673866091
26,1867,-7,0.291576673866091
26,1868,2,0.291576673866091
26,1869,27,0.291576673866091
26,1870,124,73.8782608695652
26,1871,319,180.506451612903
26,1872,193,-81.3076923076923
26,1873,-345,-260.89247311828
26,1874,-148,-149.510204081633
26,1875,50,6.66666666666667
26,1876,62,-7.82456140350877
26,1877,-20,-7.82456140350877
26,1878,-45,-20.7412935323383
26,1879,32,-15.0377358490566
26,1880,75,117.617283950617
26,1881,477,252.521428571429
26,1882,-16,-114
26,1883,-281,-149.510204081633
26,1884,-56,-129.416666666667
26,1885,-182,6.66666666666667
26,1886,15,-52.4468085106383
26,1887,-166,-25.2179487179487
26,1888,-72,-52.4468085106383
26,1889,-26,-15.0377358490566
26,1890,-21,117.617283950617
26,1891,2,0.291576673866091
26,1892,-1,0.291576673866091
26,1893,32,0.291576673866091
26,1894,126,73.8782608695652
26,1895,299,207.77358490566
26,1896,179,-81.3076923076923
26,1897,-327,-260.89247311828
26,1898,-149,-149.510204081633
26,1899,21,6.66666666666667
26,1900,-8,40.3157894736842
26,1901,31,-20.7412935323383
26,1902,-21,-25.2179487179487
26,1903,-11,-20.7412935323383
26,1904,156,23
26,1905,356,252.521428571429
26,1906,-19,-81.3076923076923
26,1907,-133,-149.510204081633
26,1908,-132,-129.416666666667
26,1909,-63,-52.4468085106383
26,1910,-87,-52.4468085106383
26,1911,-134,-52.4468085106383
26,1912,-54,-52.4468085106383
26,1913,-51,-15.0377358490566
26,1914,0,-15.0377358490566
26,1915,-7,0.291576673866091
26,1916,1,0.291576673866091
26,1917,28,0.291576673866091
26,1918,110,73.8782608695652
26,1919,313,207.77358490566
26,1920,127,180.506451612903
26,1921,-334,-260.89247311828
26,1922,-106,-94
26,1923,11,6.66666666666667
26,1924,54,40.3157894736842
26,1925,-43,-7.82456140350877
26,1926,4,-52.4468085106383
26,1927,18,-20.7412935323383
26,1928,126,117.617283950617
26,1929,295,252.521428571429
26,1930,25,-81.3076923076923
26,1931,-141,-199.039215686275
26,1932,-63,-129.416666666667
26,1933,-125,-52.4468085106383
26,1934,-68,-52.4468085106383
26,1935,-97,-52.4468085106383
26,1936,-53,-52.4468085106383
26,1937,-62,-15.0377358490566
26,1938,-19,-15.0377358490566
26,1939,-5,0.291576673866091
26,1940,3,0.291576673866091
26,1941,28,0.291576673866091
26,1942,84,73.8782608695652
26,1943,237,180.506451612903
26,1944,254,180.506451612903
26,1945,-280,-260.89247311828
26,1946,-148,-149.510204081633
26,1947,51,8.4
26,1948,18,-7.82456140350877
26,1949,46,-25.2179487179487
26,1950,-37,-40.7916666666667
26,1951,21,-15.0377358490566
26,1952,96,117.617283950617
26,1953,266,252.521428571429
26,1954,-141,-7.82456140350877
26,1955,-143,-149.510204081633
26,1956,-160,8.4
26,1957,15,-52.4468085106383
26,1958,-20,40.3157894736842
26,1959,-23,-20.7412935323383
26,1960,-58,-20.7412935323383
26,1961,7,-15.0377358490566
26,1962,-30,0.291576673866091
26,1963,-51,0.291576673866091
26,1964,-23,-52.4468085106383
26,1965,-7,0.291576673866091
26,1966,35,0.291576673866091
26,1967,31,73.8782608695652
26,1968,89,40.3157894736842
26,1969,165,123.48275862069
26,1970,162,151.369047619048
26,1971,22,-214.513157894737
26,1972,86,-110.025641025641
26,1973,-38,-40.7916666666667
26,1974,45,-52.4468085106383
26,1975,-126,-25.2179487179487
26,1976,30,-52.4468085106383
26,1977,17,-25.2179487179487
26,1978,-49,-25.2179487179487
26,1979,-56,-52.4468085106383
26,1980,-39,-52.4468085106383
26,1981,-64,-15.0377358490566
26,1982,-43,-52.4468085106383
26,1983,-54,-52.4468085106383
26,1984,-62,-52.4468085106383
26,1985,-36,-52.4468085106383
26,1986,-13,-52.4468085106383
26,1987,-54,0.291576673866091
26,1988,-47,-52.4468085106383
26,1989,-5,-52.4468085106383
26,1990,17,0.291576673866091
26,1991,46,73.8782608695652
26,1992,70,180.506451612903
26,1993,91,180.506451612903
26,1994,220,62.6774193548387
26,1995,54,-53.9
26,1996,50,-199.039215686275
26,1997,29,-40.7916666666667
26,1998,-34,-25.2179487179487
26,1999,-64,-20.7412935323383
26,2000,-26,-52.4468085106383
26,2001,71,-20.7412935323383
26,2002,2,-7.82456140350877
26,2003,-111,-20.7412935323383
26,2004,-91,-52.4468085106383
26,2005,-79,-15.0377358490566
26,2006,-75,-52.4468085106383
26,2007,-91,-52.4468085106383
26,2008,-19,-52.4468085106383
26,2009,-37,0.291576673866091
26,2010,-17,-15.0377358490566
26,2011,-9,0.291576673866091
26,2012,-1,0.291576673866091
26,2013,39,0.291576673866091
26,2014,115,73.8782608695652
26,2015,327,180.506451612903
26,2016,123,-81.3076923076923
26,2017,-340,-260.89247311828
26,2018,-84,-94
26,2019,-3,6.66666666666667
26,2020,89,-20.7412935323383
26,2021,-10,-7.82456140350877
26,2022,-9,-20.7412935323383
26,2023,-18,-20.7412935323383
26,2024,181,117.617283950617
26,2025,419,252.521428571429
26,2026,-42,-81.3076923076923
26,2027,-209,-149.510204081633
26,2028,-107,-129.416666666667
26,2029,-144,6.66666666666667
26,2030,-144,-52.4468085106383
26,2031,-84,-52.4468085106383
26,2032,-66,-52.4468085106383
26,2033,-7,-15.0377358490566
26,2034,-21,23
26,2035,0,0.291576673866091
26,2036,1,0.291576673866091
26,2037,29,0.291576673866091
26,2038,149,190.583333333333
26,2039,364,180.506451612903
26,2040,104,-81.3076923076923
26,2041,-328,-199.039215686275
26,2042,-138,-129.416666666667
26,2043,45,6.66666666666667
26,2044,73,40.3157894736842
26,2045,-2,-7.82456140350877
26,2046,-39,-20.7412935323383
26,2047,50,-15.0377358490566
26,2048,99,123.48275862069
26,2049,484,252.521428571429
26,2050,-76,-114
26,2051,-212,-149.510204081633
26,2052,-107,-129.416666666667
26,2053,-177,6.66666666666667
26,2054,-83,-52.4468085106383
26,2055,-114,-52.4468085106383
26,2056,-77,-15.0377358490566
26,2057,-31,-15.0377358490566
26,2058,-9,23
26,2059,-6,0.291576673866091
26,2060,3,0.291576673866091
26,2061,25,0.291576673866091
26,2062,164,73.8782608695652
26,2063,327,180.506451612903
26,2064,160,-81.3076923076923
26,2065,-405,-260.89247311828
26,2066,-110,-110.025641025641
26,2067,37,6.66666666666667
26,2068,113,40.3157894736842
26,2069,-1,-7.82456140350877
26,2070,-51,19.2142857142857
26,2071,-21,-15.0377358490566
26,2072,143,117.617283950617
26,2073,451,252.521428571429
26,2074,-39,-81.3076923076923
26,2075,-161,-149.510204081633
26,2076,-198,-129.416666666667
26,2077,-78,-52.4468085106383
26,2078,-70,-52.4468085106383
26,2079,-138,-52.4468085106383
26,2080,-105,-52.4468085106383
26,2081,-29,-15.0377358490566
26,2082,-12,0.291576673866091
26,2083,-6,23
26,2084,4,0.291576673866091
26,2085,36,0.291576673866091
26,2086,146,73.8782608695652
26,2087,315,207.77358490566
26,2088,109,-81.3076923076923
26,2089,-266,-260.89247311828
26,2090,-167,-129.416666666667
26,2091,27,6.66666666666667
26,2092,65,40.3157894736842
26,2093,-40,-7.82456140350877
26,2094,18,-52.4468085106383
26,2095,-35,-25.2179487179487
26,2096,168,117.617283950617
26,2097,318,252.521428571429
26,2098,-8,-81.3076923076923
26,2099,-126,-149.510204081633
26,2100,-101,-129.416666666667
26,2101,-72,-52.4468085106383
26,2102,-124,-52.4468085106383
26,2103,-103,-52.4468085106383
26,2104,-57,-52.4468085106383
26,2105,-72,-15.0377358490566
26,2106,-24,-15.0377358490566
26,2107,-10,0.291576673866091
26,2108,2,0.291576673866091
26,2109,35,0.291576673866091
26,2110,118,190.583333333333
26,2111,217,180.506451612903
26,2112,244,-81.3076923076923
26,2113,-324,-260.89247311828
26,2114,-129,-149.510204081633
26,2115,17,8.4
26,2116,38,40.3157894736842
26,2117,13,-25.2179487179487
26,2118,-6,-25.2179487179487
26,2119,-3,-20.7412935323383
26,2120,121,117.617283950617
26,2121,188,252.521428571429
26,2122,-75,-81.3076923076923
26,2123,-101,-149.510204081633
26,2124,-55,-52.4468085106383
26,2125,-72,-52.4468085106383
26,2126,-73,-52.4468085106383
26,2127,-115,-52.4468085106383
26,2128,21,-15.0377358490566
26,2129,-11,73.8782608695652
26,2130,3,0.291576673866091
26,2131,-38,0.291576673866091
26,2132,-5,-15.0377358490566
26,2133,-8,0.291576673866091
26,2134,32,0.291576673866091
26,2135,50,40.3157894736842
26,2136,102,123.48275862069
26,2137,81,46.7333333333333
26,2138,129,62.6774193548387
26,2139,48,-53.9
26,2140,19,19.2142857142857
26,2141,-43,40.3157894736842
26,2142,-19,-52.4468085106383
26,2143,-5,-20.7412935323383
26,2144,-31,-20.7412935323383
26,2145,-11,-20.7412935323383
26,2146,-23,-20.7412935323383
26,2147,35,0.291576673866091
26,2148,-82,73.8782608695652
26,2149,-79,-52.4468085106383
26,2150,-41,-52.4468085106383
26,2151,-20,-52.4468085106383
26,2152,-3,0.291576673866091
26,2153,-56,0.291576673866091
26,2154,-3,-15.0377358490566
26,2155,-57,0.291576673866091
26,2156,-29,-52.4468085106383
26,2157,6,0.291576673866091
26,2158,17,0.291576673866091
26,2159,23,73.8782608695652
26,2160,92,73.8782608695652
26,2161,77,134.090909090909
26,2162,147,123.48275862069
26,2163,11,-53.9
26,2164,56,-110.025641025641
26,2165,-13,-40.7916666666667
26,2166,24,-20.7412935323383
26,2167,-99,-25.2179487179487
26,2168,-32,-52.4468085106383
26,2169,100,-20.7412935323383
26,2170,-43,-7.82456140350877
26,2171,12,-52.4468085106383
26,2172,-50,73.8782608695652
26,2173,-74,-15.0377358490566
26,2174,-107,-52.4468085106383
26,2175,-41,-52.4468085106383
26,2176,-67,-52.4468085106383
26,2177,-26,-52.4468085106383
26,2178,-2,0.291576673866091
26,2179,-10,0.291576673866091
26,2180,7,0.291576673866091
26,2181,28,0.291576673866091
26,2182,96,73.8782608695652
26,2183,262,180.506451612903
26,2184,170,180.506451612903
26,2185,-273,-260.89247311828
26,2186,-121,-110.025641025641
26,2187,27,6.66666666666667
26,2188,56,-25.2179487179487
26,2189,-21,-7.82456140350877
26,2190,-6,-20.7412935323383
26,2191,4,-20.7412935323383
26,2192,131,117.617283950617
26,2193,382,252.521428571429
26,2194,-17,-81.3076923076923
26,2195,-149,-149.510204081633
26,2196,-186,-129.416666666667
26,2197,-137,-52.4468085106383
26,2198,-70,-52.4468085106383
26,2199,-86,-52.4468085106383
26,2200,-49,-52.4468085106383
26,2201,-39,-15.0377358490566
26,2202,-4,-15.0377358490566
26,2203,-8,0.291576673866091
26,2204,4,0.291576673866091
26,2205,29,0.291576673866091
26,2206,119,73.8782608695652
26,2207,329,180.506451612903
26,2208,163,-81.3076923076923
26,2209,-374,-260.89247311828
26,2210,-63,-110.025641025641
26,2211,8,6.66666666666667
26,2212,55,-20.7412935323383
26,2213,11,-7.82456140350877
26,2214,27,-25.2179487179487
26,2215,91,-25.2179487179487
26,2216,126,123.48275862069
26,2217,195,252.521428571429
26,2218,-95,-214.513157894737
26,2219,-130,-149.510204081633
26,2220,-121,-52.4468085106383
26,2221,-180,-52.4468085106383
26,2222,-19,-52.4468085106383
26,2223,-6,-20.7412935323383
26,2224,-12,-20.7412935323383
26,2225,-36,0.291576673866091
26,2226,-30,-15.0377358490566
26,2227,-61,0.291576673866091
26,2228,-16,-52.4468085106383
26,2229,3,0.291576673866091
26,2230,13,0.291576673866091
26,2231,40,73.8782608695652
26,2232,81,73.8782608695652
26,2233,140,151.369047619048
26,2234,154,-53.9
26,2235,38,-214.513157894737
26,2236,9,-110.025641025641
26,2237,5,0.291576673866091
26,2238,48,-20.7412935323383
26,2239,-93,-7.82456140350877
26,2240,-65,-52.4468085106383
26,2241,25,-52.4468085106383
26,2242,16,-25.2179487179487
26,2243,2,-25.2179487179487
26,2244,119,0.291576673866091
26,2245,33,-7.82456140350877
26,2246,-82,19.2142857142857
26,2247,-319,-52.4468085106383
26,2248,-95,-52.4468085106383
26,2249,-58,6.66666666666667
26,2250,-12,-52.4468085106383
26,2251,-11,-20.7412935323383
26,2252,0,-20.7412935323383
26,2253,22,0.291576673866091
26,2254,104,23
26,2255,210,252.521428571429
26,2256,207,180.506451612903
26,2257,-257,-260.89247311828
26,2258,-107,-149.510204081633
26,2259,58,8.4
26,2260,32,-7.82456140350877
26,2261,34,-25.2179487179487
26,2262,-69,-25.2179487179487
26,2263,13,-15.0377358490566
26,2264,179,117.617283950617
26,2265,256,252.521428571429
26,2266,-82,-81.3076923076923
26,2267,-104,-149.510204081633
26,2268,-182,-129.416666666667
26,2269,2,-52.4468085106383
26,2270,-98,0.291576673866091
26,2271,-94,-52.4468085106383
26,2272,-29,-15.0377358490566
26,2273,-73,0.291576673866091
26,2274,-12,-15.0377358490566
26,2275,-10,0.291576673866091
26,2276,-1,0.291576673866091
26,2277,29,0.291576673866091
26,2278,96,73.8782608695652
26,2279,222,180.506451612903
26,2280,232,180.506451612903
26,2281,-281,-260.89247311828
26,2282,-94,-149.510204081633
26,2283,23,8.4
26,2284,98,40.3157894736842
26,2285,-38,-7.82456140350877
26,2286,-18,-52.4468085106383
26,2287,10,-20.7412935323383
26,2288,84,117.617283950617
26,2289,207,252.521428571429
26,2290,-16,-7.82456140350877
26,2291,-142,-149.510204081633
26,2292,-82,-129.416666666667
26,2293,-36,-52.4468085106383
26,2294,-12,-52.4468085106383
26,2295,-124,-20.7412935323383
26,2296,-14,-52.4468085106383
26,2297,-79,0.291576673866091
26,2298,-13,-15.0377358490566
26,2299,-27,0.291576673866091
26,2300,-15,0.291576673866091
26,2301,-2,0.291576673866091
26,2302,17,0.291576673866091
26,2303,40,190.583333333333
26,2304,81,73.8782608695652
26,2305,104,151.369047619048
26,2306,69,62.6774193548387
26,2307,42,62.6774193548387
26,2308,-25,40.3157894736842
26,2309,18,0.291576673866091
26,2310,-52,-25.2179487179487
26,2311,-2,-52.4468085106383
26,2312,-12,-20.7412935323383
26,2313,-15,-20.7412935323383
26,2314,-2,-20.7412935323383
26,2315,10,0.291576673866091
26,2316,-11,0.291576673866091
26,2317,-75,0.291576673866091
26,2318,19,-52.4468085106383
26,2319,-72,73.8782608695652
26,2320,-1,-52.4468085106383
26,2321,-23,0.291576673866091
26,2322,-54,0.291576673866091
26,2323,-35,-15.0377358490566
26,2324,-22,0.291576673866091
26,2325,-7,0.291576673866091
26,2326,15,0.291576673866091
26,2327,31,40.3157894736842
26,2328,78,73.8782608695652
26,2329,112,151.369047619048
26,2330,77,151.369047619048
26,2331,70,19.2142857142857
26,2332,-13,62.6774193548387
26,2333,-39,0.291576673866091
26,2334,-25,-52.4468085106383
26,2335,-14,-20.7412935323383
26,2336,-7,-20.7412935323383
26,2337,-21,-20.7412935323383
26,2338,-17,-20.7412935323383
26,2339,-3,0.291576673866091
26,2340,35,0.291576673866091
26,2341,-78,73.8782608695652
26,2342,-85,-52.4468085106383
26,2343,1,-52.4468085106383
26,2344,-84,0.291576673866091
26,2345,-21,-52.4468085106383
26,2346,-13,0.291576673866091
26,2347,0,-20.7412935323383
26,2348,-3,0.291576673866091
26,2349,26,0.291576673866091
26,2350,64,40.3157894736842
26,2351,138,123.48275862069
26,2352,225,151.369047619048
26,2353,-92,-214.513157894737
26,2354,-188,-149.510204081633
26,2355,41,-129.416666666667
26,2356,50,40.3157894736842
26,2357,-11,-7.82456140350877
26,2358,-13,-20.7412935323383
26,2359,38,-20.7412935323383
26,2360,133,73.8782608695652
26,2361,436,151.369047619048
26,2362,23,-81.3076923076923
26,2363,-241,-199.039215686275
26,2364,-184,-129.416666666667
26,2365,-116,6.66666666666667
26,2366,-107,-52.4468085106383
26,2367,-93,-52.4468085106383
26,2368,-62,-52.4468085106383
26,2369,-54,-15.0377358490566
26,2370,1,-15.0377358490566
26,2371,-13,0.291576673866091
26,2372,1,0.291576673866091
26,2373,38,0.291576673866091
26,2374,145,73.8782608695652
26,2375,333,180.506451612903
26,2376,129,-81.3076923076923
26,2377,-318,-260.89247311828
26,2378,-141,-94
26,2379,59,6.66666666666667
26,2380,23,-7.82456140350877
26,2381,8,-25.2179487179487
26,2382,-38,-20.7412935323383
26,2383,23,-15.0377358490566
26,2384,170,117.617283950617
26,2385,437,252.521428571429
26,2386,-53,-81.3076923076923
26,2387,-405,-149.510204081633
26,2388,-330,-129.416666666667
26,2389,6,6.66666666666667
26,2390,49,-20.7412935323383
26,2391,-36,-7.82456140350877
26,2392,-59,-52.4468085106383
26,2393,-30,-15.0377358490566
26,2394,-9,117.617283950617
26,2395,0,23
26,2396,2,0.291576673866091
26,2397,34,-20.7412935323383
26,2398,144,73.8782608695652
26,2399,312,151.369047619048
26,2400,177,-81.3076923076923
26,2401,-346,-260.89247311828
26,2402,-133,-149.510204081633
26,2403,34,6.66666666666667
26,2404,63,40.3157894736842
26,2405,-19,-7.82456140350877
26,2406,-32,-20.7412935323383
26,2407,35,-20.7412935323383
26,2408,135,117.617283950617
26,2409,419,252.521428571429
26,2410,-16,-81.3076923076923
26,2411,-181,-149.510204081633
26,2412,-150,-129.416666666667
26,2413,-92,-52.4468085106383
26,2414,-147,-52.4468085106383
26,2415,-92,-52.4468085106383
26,2416,-96,-52.4468085106383
26,2417,-35,-15.0377358490566
26,2418,-12,0.291576673866091
26,2419,1,0.291576673866091
26,2420,-5,0.291576673866091
26,2421,39,0.291576673866091
26,2422,134,190.583333333333
26,2423,334,180.506451612903
26,2424,190,-81.3076923076923
26,2425,-375,-260.89247311828
26,2426,-113,-149.510204081633
26,2427,1,6.66666666666667
26,2428,77,-20.7412935323383
26,2429,-15,-7.82456140350877
26,2430,-68,-20.7412935323383
26,2431,62,-15.0377358490566
26,2432,168,123.48275862069
26,2433,356,252.521428571429
26,2434,30,-214.513157894737
26,2435,-196,-199.039215686275
26,2436,-115,-129.416666666667
26,2437,-141,-52.4468085106383
26,2438,-55,-52.4468085106383
26,2439,-107,-52.4468085106383
26,2440,-116,-52.4468085106383
26,2441,-36,-15.0377358490566
26,2442,-42,-15.0377358490566
26,2443,-8,-15.0377358490566
26,2444,2,0.291576673866091
26,2445,23,0.291576673866091
26,2446,93,73.8782608695652
26,2447,253,180.506451612903
26,2448,333,180.506451612903
26,2449,-299,-260.89247311828
26,2450,-146,-149.510204081633
26,2451,20,8.4
26,2452,91,40.3157894736842
26,2453,-5,-7.82456140350877
26,2454,-5,-20.7412935323383
26,2455,-16,-20.7412935323383
26,2456,139,117.617283950617
26,2457,343,252.521428571429
26,2458,-204,-81.3076923076923
26,2459,-143,-149.510204081633
26,2460,-99,8.4
26,2461,-90,-52.4468085106383
26,2462,-36,-52.4468085106383
26,2463,-51,-52.4468085106383
26,2464,-21,-15.0377358490566
26,2465,-73,23
26,2466,-17,-15.0377358490566
26,2467,-61,0.291576673866091
26,2468,-31,-52.4468085106383
26,2469,-4,0.291576673866091
26,2470,30,0.291576673866091
26,2471,13,73.8782608695652
26,2472,103,73.8782608695652
26,2473,131,151.369047619048
26,2474,119,123.48275862069
26,2475,38,-214.513157894737
26,2476,60,19.2142857142857
26,2477,92,-40.7916666666667
26,2478,41,-40.7916666666667
26,2479,-72,-25.2179487179487
26,2480,6,-52.4468085106383
26,2481,-108,-20.7412935323383
26,2482,-107,-52.4468085106383
26,2483,80,-52.4468085106383
26,2484,-75,-7.82456140350877
26,2485,-87,-15.0377358490566
26,2486,-44,-52.4468085106383
26,2487,-14,-15.0377358490566
26,2488,-24,0.291576673866091
26,2489,-19,0.291576673866091
26,2490,-53,-20.7412935323383
26,2491,-58,-15.0377358490566
26,2492,-38,-52.4468085106383
26,2493,-10,-52.4468085106383
26,2494,6,0.291576673866091
26,2495,32,0.291576673866091
26,2496,86,73.8782608695652
26,2497,88,123.48275862069
26,2498,161,151.369047619048
26,2499,69,-53.9
26,2500,38,-110.025641025641
26,2501,-9,40.3157894736842
26,2502,-4,-20.7412935323383
26,2503,13,-20.7412935323383
26,2504,6,-25.2179487179487
26,2505,-59,-20.7412935323383
26,2506,-124,-52.4468085106383
26,2507,0,-52.4468085106383
26,2508,-18,0.291576673866091
26,2509,-71,0.291576673866091
26,2510,-93,-52.4468085106383
26,2511,-39,-52.4468085106383
26,2512,-48,-15.0377358490566
26,2513,-32,-52.4468085106383
26,2514,4,0.291576673866091
26,2515,-9,0.291576673866091
26,2516,6,0.291576673866091
26,2517,38,0.291576673866091
26,2518,90,73.8782608695652
26,2519,343,180.506451612903
26,2520,184,180.506451612903
26,2521,-319,-260.89247311828
26,2522,-162,-149.510204081633
26,2523,-4,6.66666666666667
26,2524,55,-20.7412935323383
26,2525,2,-7.82456140350877
26,2526,-27,-20.7412935323383
26,2527,25,-20.7412935323383
26,2528,149,117.617283950617
26,2529,369,252.521428571429
26,2530,39,-81.3076923076923
26,2531,-199,-199.039215686275
26,2532,-141,-129.416666666667
26,2533,-126,6.66666666666667
26,2534,-44,-52.4468085106383
26,2535,-118,-52.4468085106383
26,2536,-113,-52.4468085106383
26,2537,-28,-15.0377358490566
26,2538,-18,23
26,2539,-4,0.291576673866091
26,2540,4,0.291576673866091
26,2541,31,0.291576673866091
26,2542,175,73.8782608695652
26,2543,313,180.506451612903
26,2544,135,-81.3076923076923
26,2545,-341,-260.89247311828
26,2546,-161,-94
26,2547,47,6.66666666666667
26,2548,48,-7.82456140350877
26,2549,-33,-7.82456140350877
26,2550,-7,-20.7412935323383
26,2551,30,-20.7412935323383
26,2552,137,117.617283950617
26,2553,389,252.521428571429
26,2554,2,-81.3076923076923
26,2555,-225,-149.510204081633
26,2556,-120,-129.416666666667
26,2557,-94,6.66666666666667
26,2558,-89,-52.4468085106383
26,2559,-83,-52.4468085106383
26,2560,-108,-52.4468085106383
26,2561,-37,-15.0377358490566
26,2562,-8,-15.0377358490566
26,2563,-4,0.291576673866091
26,2564,2,0.291576673866091
26,2565,40,0.291576673866091
26,2566,116,73.8782608695652
26,2567,333,180.506451612903
26,2568,184,-81.3076923076923
26,2569,-382,-260.89247311828
26,2570,-159,-149.510204081633
26,2571,45,6.66666666666667
26,2572,19,40.3157894736842
26,2573,1,-25.2179487179487
26,2574,-33,-20.7412935323383
26,2575,24,-20.7412935323383
26,2576,30,117.617283950617
26,2577,146,190.583333333333
26,2578,273,-7.82456140350877
26,2579,-127,-81.3076923076923
26,2580,-150,-149.510204081633
26,2581,-47,-129.416666666667
26,2582,-31,-52.4468085106383
26,2583,-157,-20.7412935323383
26,2584,-65,-52.4468085106383
26,2585,-41,-15.0377358490566
26,2586,-18,-15.0377358490566
26,2587,-2,0.291576673866091
26,2588,3,0.291576673866091
26,2589,32,0.291576673866091
26,2590,112,73.8782608695652
26,2591,321,207.77358490566
26,2592,184,-81.3076923076923
26,2593,-339,-260.89247311828
26,2594,-120,-149.510204081633
26,2595,18,6.66666666666667
26,2596,58,40.3157894736842
26,2597,-20,-7.82456140350877
26,2598,-57,-20.7412935323383
26,2599,95,-15.0377358490566
26,2600,66,123.48275862069
26,2601,413,252.521428571429
26,2602,6,-114
26,2603,-244,-149.510204081633
26,2604,-28,-129.416666666667
26,2605,-173,0.291576673866091
26,2606,-264,-52.4468085106383
26,2607,-3,-52.4468085106383
26,2608,-31,-20.7412935323383
26,2609,-23,0.291576673866091
26,2610,8,23
26,2611,17,0.291576673866091
26,2612,-27,73.8782608695652
26,2613,33,23
26,2614,84,190.583333333333
26,2615,234,123.48275862069
26,2616,331,151.369047619048
26,2617,-318,-260.89247311828
26,2618,-140,-149.510204081633
26,2619,-21,8.4
26,2620,62,-20.7412935323383
26,2621,-118,-7.82456140350877
26,2622,73,-52.4468085106383
26,2623,-13,-40.7916666666667
26,2624,220,117.617283950617
26,2625,279,252.521428571429
26,2626,-93,-81.3076923076923
26,2627,-220,-149.510204081633
26,2628,-151,-129.416666666667
26,2629,-129,6.66666666666667
26,2630,13,-52.4468085106383
26,2631,31,40.3157894736842
26,2632,-63,-25.2179487179487
26,2633,-31,-15.0377358490566
26,2634,-12,117.617283950617
26,2635,-35,0.291576673866091
26,2636,-9,0.291576673866091
26,2637,1,0.291576673866091
26,2638,-2,-20.7412935323383
26,2639,22,0.291576673866091
26,2640,75,73.8782608695652
26,2641,95,180.506451612903
26,2642,61,123.48275862069
26,2643,37,62.6774193548387
26,2644,152,40.3157894736842
26,2645,-103,-114
26,2646,-11,-110.025641025641
26,2647,37,-20.7412935323383
26,2648,-54,-25.2179487179487
26,2649,-85,-52.4468085106383
26,2650,-64,-52.4468085106383
26,2651,61,-15.0377358490566
26,2652,-24,123.48275862069
26,2653,-51,0.291576673866091
26,2654,17,-52.4468085106383
26,2655,-31,73.8782608695652
26,2656,-36,0.291576673866091
26,2657,17,-52.4468085106383
26,2658,-8,40.3157894736842
26,2659,-79,0.291576673866091
26,2660,-27,-52.4468085106383
26,2661,-10,0.291576673866091
26,2662,13,0.291576673866091
26,2663,19,73.8782608695652
26,2664,115,40.3157894736842
26,2665,105,123.48275862069
26,2666,121,19.2142857142857
26,2667,126,-53.9
26,2668,-1,-214.513157894737
26,2669,122,19.2142857142857
26,2670,-10,-40.7916666666667
26,2671,8,19.2142857142857
26,2672,4,-20.7412935323383
26,2673,-72,-20.7412935323383
26,2674,-41,-52.4468085106383
26,2675,7,-52.4468085106383
26,2676,-144,-20.7412935323383
26,2677,-33,-52.4468085106383
26,2678,-154,0.291576673866091
26,2679,-68,-15.0377358490566
26,2680,-76,-52.4468085106383
26,2681,-20,-52.4468085106383
26,2682,-10,0.291576673866091
26,2683,-15,0.291576673866091
26,2684,6,0.291576673866091
26,2685,43,0.291576673866091
26,2686,106,190.583333333333
26,2687,264,180.506451612903
26,2688,317,-53.9
26,2689,-393,-260.89247311828
26,2690,-145,-149.510204081633
26,2691,-2,8.4
26,2692,116,-20.7412935323383
26,2693,-74,-7.82456140350877
26,2694,31,-94
26,2695,10,-25.2179487179487
26,2696,176,117.617283950617
26,2697,390,252.521428571429
26,2698,-106,-81.3076923076923
26,2699,-159,-149.510204081633
26,2700,-179,-129.416666666667
26,2701,-107,-52.4468085106383
26,2702,-87,-52.4468085106383
26,2703,-95,-52.4468085106383
26,2704,-50,-15.0377358490566
26,2705,-47,-15.0377358490566
26,2706,-1,-15.0377358490566
26,2707,-10,0.291576673866091
26,2708,0,0.291576673866091
26,2709,44,0.291576673866091
26,2710,140,73.8782608695652
26,2711,326,180.506451612903
26,2712,227,-81.3076923076923
26,2713,-404,-260.89247311828
26,2714,-121,-149.510204081633
26,2715,-17,8.4
26,2716,28,-20.7412935323383
26,2717,44,-25.2179487179487
26,2718,-29,-25.2179487179487
26,2719,41,-20.7412935323383
26,2720,170,117.617283950617
26,2721,414,252.521428571429
26,2722,8,-81.3076923076923
26,2723,-245,-149.510204081633
26,2724,-109,-129.416666666667
26,2725,-145,6.66666666666667
26,2726,-109,-52.4468085106383
26,2727,-77,-52.4468085106383
26,2728,-126,-52.4468085106383
26,2729,-38,-15.0377358490566
26,2730,-16,-15.0377358490566
26,2731,0,0.291576673866091
26,2732,-8,0.291576673866091
26,2733,55,0.291576673866091
26,2734,131,180.506451612903
26,2735,317,180.506451612903
26,2736,281,-214.513157894737
26,2737,-446,-260.89247311828
26,2738,-111,-149.510204081633
26,2739,50,8.4
26,2740,29,-7.82456140350877
26,2741,2,-25.2179487179487
26,2742,-65,-20.7412935323383
26,2743,70,-15.0377358490566
26,2744,167,123.48275862069
26,2745,429,252.521428571429
26,2746,-22,-214.513157894737
26,2747,-193,-149.510204081633
26,2748,-131,-129.416666666667
26,2749,-170,-52.4468085106383
26,2750,-119,-52.4468085106383
26,2751,-39,-52.4468085106383
26,2752,-147,-52.4468085106383
26,2753,-63,-15.0377358490566
26,2754,-8,-15.0377358490566
26,2755,-13,0.291576673866091
26,2756,-4,0.291576673866091
26,2757,38,0.291576673866091
26,2758,139,73.8782608695652
26,2759,314,180.506451612903
26,2760,234,-81.3076923076923
26,2761,-385,-260.89247311828
26,2762,-122,-149.510204081633
26,2763,-10,8.4
26,2764,67,-20.7412935323383
26,2765,-37,-7.82456140350877
26,2766,-29,-52.4468085106383
26,2767,25,-20.7412935323383
26,2768,136,117.617283950617
26,2769,364,252.521428571429
26,2770,-50,-81.3076923076923
26,2771,-74,-149.510204081633
26,2772,-168,-129.416666666667
26,2773,-175,-52.4468085106383
26,2774,-37,-52.4468085106383
26,2775,-89,-52.4468085106383
26,2776,-48,-52.4468085106383
26,2777,-43,-15.0377358490566
26,2778,-28,-15.0377358490566
26,2779,-14,0.291576673866091
26,2780,-4,0.291576673866091
26,2781,29,0.291576673866091
26,2782,102,73.8782608695652
26,2783,271,180.506451612903
26,2784,266,180.506451612903
26,2785,-313,-260.89247311828
26,2786,-132,-149.510204081633
26,2787,20,8.4
26,2788,48,40.3157894736842
26,2789,15,-7.82456140350877
26,2790,12,-25.2179487179487
26,2791,-3,-25.2179487179487
26,2792,176,117.617283950617
26,2793,200,252.521428571429
26,2794,-77,-81.3076923076923
26,2795,-106,-149.510204081633
26,2796,-162,-52.4468085106383
26,2797,-94,-52.4468085106383
26,2798,-61,-52.4468085106383
26,2799,-10,-52.4468085106383
26,2800,2,-20.7412935323383
26,2801,-111,0.291576673866091
26,2802,10,-15.0377358490566
26,2803,-47,0.291576673866091
26,2804,-32,-52.4468085106383
26,2805,3,0.291576673866091
26,2806,36,0.291576673866091
26,2807,26,40.3157894736842
26,2808,87,73.8782608695652
26,2809,174,-40.7916666666667
26,2810,58,123.48275862069
26,2811,62,-110.025641025641
26,2812,30,46.7333333333333
26,2813,11,40.3157894736842
26,2814,-4,-25.2179487179487
26,2815,3,-20.7412935323383
26,2816,-10,-20.7412935323383
26,2817,-8,-20.7412935323383
26,2818,2,-20.7412935323383
26,2819,-143,-20.7412935323383
26,2820,-105,-52.4468085106383
26,2821,67,-52.4468085106383
26,2822,-24,134.090909090909
26,2823,-68,0.291576673866091
26,2824,-20,-52.4468085106383
26,2825,-30,0.291576673866091
26,2826,-46,0.291576673866091
26,2827,-57,-52.4468085106383
26,2828,-42,-52.4468085106383
26,2829,4,-15.0377358490566
26,2830,1,0.291576673866091
26,2831,22,0.291576673866091
26,2832,87,73.8782608695652
26,2833,99,151.369047619048
26,2834,155,180.506451612903
26,2835,128,-53.9
26,2836,2,-214.513157894737
26,2837,-28,19.2142857142857
26,2838,39,-20.7412935323383
26,2839,-21,-25.2179487179487
26,2840,20,-20.7412935323383
26,2841,10,-25.2179487179487
26,2842,-112,-20.7412935323383
26,2843,24,-52.4468085106383
26,2844,-140,73.8782608695652
26,2845,-32,-52.4468085106383
26,2846,-123,0.291576673866091
26,2847,-48,-52.4468085106383
26,2848,-42,-15.0377358490566
26,2849,-39,-52.4468085106383
26,2850,-11,-15.0377358490566
26,2851,-5,0.291576673866091
26,2852,2,0.291576673866091
26,2853,42,0.291576673866091
26,2854,114,190.583333333333
26,2855,308,180.506451612903
26,2856,282,-81.3076923076923
26,2857,-458,-260.89247311828
26,2858,-104,-149.510204081633
26,2859,26,8.4
26,2860,63,40.3157894736842
26,2861,-52,-7.82456140350877
26,2862,28,-52.4468085106383
26,2863,-18,-25.2179487179487
26,2864,189,117.617283950617
26,2865,402,252.521428571429
26,2866,-15,-81.3076923076923
26,2867,-147,-149.510204081633
26,2868,-203,-129.416666666667
26,2869,-140,-52.4468085106383
26,2870,-92,6.66666666666667
26,2871,-80,-52.4468085106383
26,2872,-112,-52.4468085106383
26,2873,-17,-15.0377358490566
26,2874,-13,0.291576673866091
26,2875,-2,23
26,2876,0,0.291576673866091
26,2877,39,0.291576673866091
26,2878,149,73.8782608695652
26,2879,319,180.506451612903
26,2880,247,-81.3076923076923
26,2881,-427,-260.89247311828
26,2882,-106,-149.510204081633
26,2883,-3,8.4
26,2884,24,-20.7412935323383
26,2885,40,-25.2179487179487
26,2886,-28,-25.2179487179487
26,2887,-116,-20.7412935323383
26,2888,258,-15.0377358490566
26,2889,418,252.521428571429
26,2890,37,-81.3076923076923
26,2891,-243,-199.039215686275
26,2892,-162,-129.416666666667
26,2893,-100,6.66666666666667
26,2894,-95,-52.4468085106383
26,2895,-110,-52.4468085106383
26,2896,-100,-52.4468085106383
26,2897,-14,-15.0377358490566
26,2898,-20,23
26,2899,-6,0.291576673866091
26,2900,-3,0.291576673866091
26,2901,45,0.291576673866091
26,2902,136,73.8782608695652
26,2903,302,180.506451612903
26,2904,194,-214.513157894737
26,2905,-331,-260.89247311828
26,2906,-114,-149.510204081633
26,2907,-2,6.66666666666667
26,2908,50,-20.7412935323383
26,2909,-4,-7.82456140350877
26,2910,-17,-20.7412935323383
26,2911,32,-20.7412935323383
26,2912,184,117.617283950617
26,2913,358,252.521428571429
26,2914,54,-81.3076923076923
26,2915,-239,-199.039215686275
26,2916,-139,-129.416666666667
26,2917,-193,6.66666666666667
26,2918,-32,-52.4468085106383
26,2919,-136,-20.7412935323383
26,2920,-89,-52.4468085106383
26,2921,-21,-15.0377358490566
26,2922,-31,23
26,2923,-5,0.291576673866091
26,2924,3,23
26,2925,32,0.291576673866091
26,2926,142,73.8782608695652
26,2927,290,207.77358490566
26,2928,266,-81.3076923076923
26,2929,-396,-260.89247311828
26,2930,-162,-149.510204081633
26,2931,45,8.4
26,2932,60,40.3157894736842
26,2933,24,-7.82456140350877
26,2934,-85,-25.2179487179487
26,2935,45,-15.0377358490566
26,2936,136,117.617283950617
26,2937,459,252.521428571429
26,2938,-98,-214.513157894737
26,2939,-160,-149.510204081633
26,2940,-180,-129.416666666667
26,2941,-85,-52.4468085106383
26,2942,-80,-52.4468085106383
26,2943,-85,-52.4468085106383
26,2944,-106,-15.0377358490566
26,2945,-28,-15.0377358490566
26,2946,-29,0.291576673866091
26,2947,-8,0.291576673866091
26,2948,6,0.291576673866091
26,2949,25,0.291576673866091
26,2950,126,73.8782608695652
26,2951,258,180.506451612903
26,2952,247,-81.3076923076923
26,2953,-272,-260.89247311828
26,2954,-147,-149.510204081633
26,2955,14,8.4
26,2956,75,-25.2179487179487
26,2957,7,-7.82456140350877
26,2958,-14,-20.7412935323383
26,2959,49,-20.7412935323383
26,2960,112,123.48275862069
26,2961,249,252.521428571429
26,2962,-70,-214.513157894737
26,2963,-202,-149.510204081633
26,2964,-80,-129.416666666667
26,2965,-111,6.66666666666667
26,2966,-76,-52.4468085106383
26,2967,-6,-52.4468085106383
26,2968,-35,-20.7412935323383
26,2969,-39,0.291576673866091
26,2970,-38,-15.0377358490566
26,2971,-54,-15.0377358490566
26,2972,-17,-15.0377358490566
26,2973,4,0.291576673866091
26,2974,32,0.291576673866091
26,2975,18,73.8782608695652
26,2976,114,73.8782608695652
26,2977,97,180.506451612903
26,2978,118,19.2142857142857
26,2979,74,62.6774193548387
26,2980,77,19.2142857142857
26,2981,-20,-40.7916666666667
26,2982,-55,0.291576673866091
26,2983,17,-52.4468085106383
26,2984,-39,-25.2179487179487
26,2985,42,-52.4468085106383
26,2986,-2,-25.2179487179487
26,2987,-93,-20.7412935323383
26,2988,-85,-52.4468085106383
26,2989,-23,-52.4468085106383
26,2990,-20,0.291576673866091
26,2991,-47,0.291576673866091
26,2992,-69,-52.4468085106383
26,2993,-66,-15.0377358490566
26,2994,-14,-15.0377358490566
26,2995,-32,0.291576673866091
26,2996,-27,0.291576673866091
26,2997,5,0.291576673866091
26,2998,0,0.291576673866091
26,2999,49,0.291576673866091
26,3000,40,180.506451612903
26,3001,121,73.8782608695652
26,3002,135,-53.9
26,3003,73,-81.3076923076923
26,3004,54,19.2142857142857
26,3005,32,46.7333333333333
26,3006,3,40.3157894736842
26,3007,-76,-20.7412935323383
26,3008,-29,-52.4468085106383
26,3009,-39,-20.7412935323383
26,3010,-153,-52.4468085106383
26,3011,-44,-52.4468085106383
26,3012,8,-52.4468085106383
26,3013,15,0.291576673866091
26,3014,-51,73.8782608695652
26,3015,-70,-52.4468085106383
26,3016,-54,-15.0377358490566
26,3017,-22,-52.4468085106383
26,3018,-6,0.291576673866091
26,3019,0,0.291576673866091
26,3020,6,0.291576673866091
26,3021,14,0.291576673866091
26,3022,116,73.8782608695652
26,3023,266,180.506451612903
26,3024,198,-81.3076923076923
26,3025,-329,-260.89247311828
26,3026,-63,-149.510204081633
26,3027,47,6.66666666666667
26,3028,25,-7.82456140350877
26,3029,4,-25.2179487179487
26,3030,-2,-20.7412935323383
26,3031,-13,-20.7412935323383
26,3032,177,117.617283950617
26,3033,407,252.521428571429
26,3034,-15,-81.3076923076923
26,3035,-203,-149.510204081633
26,3036,-183,-129.416666666667
26,3037,-140,6.66666666666667
26,3038,-110,-52.4468085106383
26,3039,-94,-52.4468085106383
26,3040,-66,-52.4468085106383
26,3041,-29,-15.0377358490566
26,3042,-5,23
26,3043,-7,0.291576673866091
26,3044,3,0.291576673866091
26,3045,27,0.291576673866091
26,3046,143,73.8782608695652
26,3047,323,180.506451612903
26,3048,203,-81.3076923076923
26,3049,-378,-260.89247311828
26,3050,-77,-149.510204081633
26,3051,-36,6.66666666666667
26,3052,69,-52.4468085106383
26,3053,-30,-7.82456140350877
26,3054,8,-20.7412935323383
26,3055,45,-20.7412935323383
26,3056,139,117.617283950617
26,3057,423,252.521428571429
26,3058,-54,-214.513157894737
26,3059,-204,-149.510204081633
26,3060,-162,-129.416666666667
26,3061,-131,6.66666666666667
26,3062,-93,-52.4468085106383
26,3063,-86,-52.4468085106383
26,3064,-80,-52.4468085106383
26,3065,-35,-15.0377358490566
26,3066,-17,23
26,3067,1,0.291576673866091
26,3068,0,0.291576673866091
26,3069,36,0.291576673866091
26,3070,130,73.8782608695652
26,3071,309,180.506451612903
26,3072,255,-81.3076923076923
26,3073,-396,-260.89247311828
26,3074,-127,-149.510204081633
26,3075,25,8.4
26,3076,41,40.3157894736842
26,3077,33,-25.2179487179487
26,3078,-77,-25.2179487179487
26,3079,42,-15.0377358490566
26,3080,163,117.617283950617
26,3081,417,252.521428571429
26,3082,4,-81.3076923076923
26,3083,-176,-149.510204081633
26,3084,-186,-129.416666666667
26,3085,-119,-52.4468085106383
26,3086,-148,-52.4468085106383
26,3087,-97,-52.4468085106383
26,3088,-69,-52.4468085106383
26,3089,-39,-15.0377358490566
26,3090,-14,-15.0377358490566
26,3091,-8,0.291576673866091
26,3092,4,0.291576673866091
26,3093,31,0.291576673866091
26,3094,126,190.583333333333
26,3095,308,180.506451612903
26,3096,223,-81.3076923076923
26,3097,-345,-260.89247311828
26,3098,-148,-149.510204081633
26,3099,55,8.4
26,3100,17,-7.82456140350877
26,3101,4,-25.2179487179487
26,3102,-34,-20.7412935323383
26,3103,20,-20.7412935323383
26,3104,150,117.617283950617
26,3105,393,252.521428571429
26,3106,1,-81.3076923076923
26,3107,-188,-149.510204081633
26,3108,-145,-129.416666666667
26,3109,-142,-52.4468085106383
26,3110,-77,-52.4468085106383
26,3111,-103,-52.4468085106383
26,3112,-71,-52.4468085106383
26,3113,-44,-15.0377358490566
26,3114,-21,-15.0377358490566
26,3115,-11,0.291576673866091
26,3116,-2,0.291576673866091
26,3117,26,0.291576673866091
26,3118,11,73.8782608695652
26,3119,89,73.8782608695652
26,3120,-14,180.506451612903
26,3121,101,0.291576673866091
26,3122,-27,62.6774193548387
26,3123,58,0.291576673866091
26,3124,64,-40.7916666666667
26,3125,-25,-7.82456140350877
26,3126,17,-20.7412935323383
26,3127,17,73.8782608695652
26,3128,143,40.3157894736842
26,3129,263,123.48275862069
26,3130,-90,-81.3076923076923
26,3131,-148,-149.510204081633
26,3132,-122,-129.416666666667
26,3133,-84,-52.4468085106383
26,3134,-68,-52.4468085106383
26,3135,-26,-52.4468085106383
26,3136,-12,-20.7412935323383
26,3137,-64,0.291576673866091
26,3138,-31,-15.0377358490566
26,3139,-64,0.291576673866091
26,3140,-11,-15.0377358490566
26,3141,1,0.291576673866091
26,3142,12,0.291576673866091
26,3143,39,73.8782608695652
26,3144,100,73.8782608695652
26,3145,109,151.369047619048
26,3146,136,180.506451612903
26,3147,92,-53.9
26,3148,47,19.2142857142857
26,3149,23,-40.7916666666667
26,3150,-31,-25.2179487179487
26,3151,24,-20.7412935323383
26,3152,-31,-25.2179487179487
26,3153,-19,-20.7412935323383
26,3154,-212,-20.7412935323383
26,3155,-25,-52.4468085106383
26,3156,-115,-20.7412935323383
26,3157,-32,-52.4468085106383
26,3158,40,-20.7412935323383
26,3159,-5,73.8782608695652
26,3160,-43,0.291576673866091
26,3161,-7,-52.4468085106383
26,3162,-27,0.291576673866091
26,3163,-38,0.291576673866091
26,3164,-38,-52.4468085106383
26,3165,0,-52.4468085106383
26,3166,6,0.291576673866091
26,3167,23,0.291576673866091
26,3168,80,73.8782608695652
26,3169,98,123.48275862069
26,3170,111,151.369047619048
26,3171,121,62.6774193548387
26,3172,56,-214.513157894737
26,3173,38,19.2142857142857
26,3174,36,-25.2179487179487
26,3175,-2,-25.2179487179487
26,3176,-64,-20.7412935323383
26,3177,-8,-52.4468085106383
26,3178,-14,-20.7412935323383
26,3179,-26,-20.7412935323383
26,3180,-165,-20.7412935323383
26,3181,-80,-52.4468085106383
26,3182,-39,-15.0377358490566
26,3183,-71,-52.4468085106383
26,3184,-63,-52.4468085106383
26,3185,-33,-52.4468085106383
26,3186,-5,0.291576673866091
26,3187,-3,0.291576673866091
26,3188,5,0.291576673866091
26,3189,25,0.291576673866091
26,3190,123,73.8782608695652
26,3191,277,180.506451612903
26,3192,237,-81.3076923076923
26,3193,-368,-260.89247311828
26,3194,-106,-149.510204081633
26,3195,46,8.4
26,3196,31,-7.82456140350877
26,3197,-22,-25.2179487179487
26,3198,-6,-20.7412935323383
26,3199,26,-20.7412935323383
26,3200,190,117.617283950617
26,3201,354,252.521428571429
26,3202,-6,-81.3076923076923
26,3203,-257,-149.510204081633
26,3204,-123,-129.416666666667
26,3205,-142,6.66666666666667
26,3206,-98,-52.4468085106383
26,3207,-64,-52.4468085106383
26,3208,-68,-52.4468085106383
26,3209,-33,-15.0377358490566
26,3210,-16,23
26,3211,-8,0.291576673866091
26,3212,2,0.291576673866091
26,3213,31,0.291576673866091
26,3214,28,73.8782608695652
26,3215,115,73.8782608695652
26,3216,439,180.506451612903
26,3217,-216,-81.3076923076923
26,3218,-194,-149.510204081633
26,3219,-12,8.4
26,3220,104,-20.7412935323383
26,3221,-14,-7.82456140350877
26,3222,-31,-20.7412935323383
26,3223,28,-20.7412935323383
26,3224,175,117.617283950617
26,3225,354,252.521428571429
26,3226,42,-81.3076923076923
26,3227,-227,-199.039215686275
26,3228,-191,-129.416666666667
26,3229,-128,6.66666666666667
26,3230,-119,-52.4468085106383
26,3231,-22,-52.4468085106383
26,3232,-107,-20.7412935323383
26,3233,-23,-15.0377358490566
26,3234,-29,23
26,3235,3,23
26,3236,-7,0.291576673866091
26,3237,35,0.291576673866091
26,3238,133,73.8782608695652
26,3239,320,180.506451612903
26,3240,190,-81.3076923076923
26,3241,-315,-260.89247311828
26,3242,-134,-149.510204081633
26,3243,2,6.66666666666667
26,3244,72,-20.7412935323383
26,3245,-13,-7.82456140350877
26,3246,-39,-20.7412935323383
26,3247,11,-15.0377358490566
26,3248,165,117.617283950617
26,3249,420,252.521428571429
26,3250,-3,-81.3076923076923
26,3251,-199,-149.510204081633
26,3252,-222,-129.416666666667
26,3253,-112,6.66666666666667
26,3254,-89,6.66666666666667
26,3255,-88,-52.4468085106383
26,3256,-62,-52.4468085106383
26,3257,-55,-15.0377358490566
26,3258,-6,-15.0377358490566
26,3259,-11,23
26,3260,1,0.291576673866091
26,3261,32,0.291576673866091
26,3262,128,73.8782608695652
26,3263,299,180.506451612903
26,3264,218,-81.3076923076923
26,3265,-345,-260.89247311828
26,3266,-138,-149.510204081633
26,3267,75,8.4
26,3268,69,-7.82456140350877
26,3269,-43,-7.82456140350877
26,3270,-52,-52.4468085106383
26,3271,12,-15.0377358490566
26,3272,159,117.617283950617
26,3273,478,252.521428571429
26,3274,-65,-81.3076923076923
26,3275,-155,-149.510204081633
26,3276,-163,-129.416666666667
26,3277,-158,-52.4468085106383
26,3278,-102,-52.4468085106383
26,3279,-28,-52.4468085106383
26,3280,-138,-20.7412935323383
26,3281,-34,-15.0377358490566
26,3282,-35,0.291576673866091
26,3283,-13,0.291576673866091
26,3284,3,0.291576673866091
26,3285,27,0.291576673866091
26,3286,121,73.8782608695652
26,3287,222,180.506451612903
26,3288,289,-81.3076923076923
26,3289,-290,-260.89247311828
26,3290,-147,-149.510204081633
26,3291,72,8.4
26,3292,62,-7.82456140350877
26,3293,-8,-7.82456140350877
26,3294,-29,-20.7412935323383
26,3295,55,-20.7412935323383
26,3296,105,123.48275862069
26,3297,303,252.521428571429
26,3298,-122,-114
26,3299,-178,-149.510204081633
26,3300,-132,-129.416666666667
26,3301,-104,-52.4468085106383
26,3302,-42,-52.4468085106383
26,3303,-92,-52.4468085106383
26,3304,-16,-15.0377358490566
26,3305,-13,0.291576673866091
26,3306,-49,0.291576673866091
26,3307,-13,-15.0377358490566
26,3308,-17,0.291576673866091
26,3309,-4,0.291576673866091
26,3310,18,0.291576673866091
26,3311,37,73.8782608695652
26,3312,125,73.8782608695652
26,3313,103,123.48275862069
26,3314,188,19.2142857142857
26,3315,56,-53.9
26,3316,118,-199.039215686275
26,3317,-10,-40.7916666666667
26,3318,-46,19.2142857142857
26,3319,-2,-52.4468085106383
26,3320,45,-20.7412935323383
26,3321,-6,-25.2179487179487
26,3322,-81,-20.7412935323383
26,3323,-66,-52.4468085106383
26,3324,-147,-52.4468085106383
26,3325,-3,-52.4468085106383
26,3326,-77,0.291576673866091
26,3327,-26,-52.4468085106383
26,3328,-48,0.291576673866091
26,3329,-56,-15.0377358490566
26,3330,-12,-15.0377358490566
26,3331,-64,0.291576673866091
26,3332,-29,-15.0377358490566
26,3333,-15,0.291576673866091
26,3334,9,0.291576673866091
26,3335,21,0.291576673866091
26,3336,83,73.8782608695652
26,3337,146,180.506451612903
26,3338,155,123.48275862069
26,3339,-153,-214.513157894737
26,3340,26,-110.025641025641
26,3341,-136,40.3157894736842
26,3342,-13,-52.4468085106383
26,3343,127,-20.7412935323383
26,3344,80,-7.82456140350877
26,3345,-13,19.2142857142857
26,3346,34,0.291576673866091
26,3347,-36,40.3157894736842
26,3348,-67,-52.4468085106383
26,3349,-84,-52.4468085106383
26,3350,-134,-52.4468085106383
26,3351,-10,-52.4468085106383
26,3352,-20,0.291576673866091
26,3353,-16,-20.7412935323383
26,3354,-5,0.291576673866091
26,3355,-2,0.291576673866091
26,3356,4,0.291576673866091
26,3357,30,0.291576673866091
26,3358,124,190.583333333333
26,3359,281,123.48275862069
26,3360,213,-81.3076923076923
26,3361,-298,-260.89247311828
26,3362,-164,-149.510204081633
26,3363,48,8.4
26,3364,41,-7.82456140350877
26,3365,9,-25.2179487179487
26,3366,-16,-20.7412935323383
26,3367,34,-20.7412935323383
26,3368,151,117.617283950617
26,3369,433,252.521428571429
26,3370,-78,-81.3076923076923
26,3371,-516,-149.510204081633
26,3372,-38,-129.416666666667
26,3373,-16,6.66666666666667
26,3374,-84,-20.7412935323383
26,3375,-59,-52.4468085106383
26,3376,-43,-15.0377358490566
26,3377,-26,-15.0377358490566
26,3378,-25,23
26,3379,-5,0.291576673866091
26,3380,1,0.291576673866091
26,3381,30,0.291576673866091
26,3382,135,73.8782608695652
26,3383,350,180.506451612903
26,3384,204,-81.3076923076923
26,3385,-395,-260.89247311828
26,3386,-150,-149.510204081633
26,3387,78,6.66666666666667
26,3388,49,-7.82456140350877
26,3389,26,-7.82456140350877
26,3390,-29,-25.2179487179487
26,3391,0,-20.7412935323383
26,3392,165,117.617283950617
26,3393,411,252.521428571429
26,3394,-253,-81.3076923076923
26,3395,-149,-149.510204081633
26,3396,-118,8.4
26,3397,-78,-52.4468085106383
26,3398,-48,-52.4468085106383
26,3399,-96,-52.4468085106383
26,3400,-81,-15.0377358490566
26,3401,-34,-15.0377358490566
26,3402,-4,0.291576673866091
26,3403,-10,0.291576673866091
26,3404,1,0.291576673866091
26,3405,32,0.291576673866091
26,3406,147,73.8782608695652
26,3407,366,180.506451612903
26,3408,187,-81.3076923076923
26,3409,-364,-260.89247311828
26,3410,-151,-149.510204081633
26,3411,42,6.66666666666667
26,3412,45,40.3157894736842
26,3413,4,-25.2179487179487
26,3414,-50,-20.7412935323383
26,3415,50,-15.0377358490566
26,3416,144,123.48275862069
26,3417,323,252.521428571429
26,3418,-100,-214.513157894737
26,3419,-103,-149.510204081633
26,3420,-189,-129.416666666667
26,3421,-40,-52.4468085106383
26,3422,-70,-52.4468085106383
26,3423,-141,-52.4468085106383
26,3424,-80,-15.0377358490566
26,3425,-35,-15.0377358490566
26,3426,-5,0.291576673866091
26,3427,-11,23
26,3428,-3,0.291576673866091
26,3429,31,0.291576673866091
26,3430,155,73.8782608695652
26,3431,289,207.77358490566
26,3432,226,-81.3076923076923
26,3433,-295,-260.89247311828
26,3434,-179,-149.510204081633
26,3435,45,8.4
26,3436,54,40.3157894736842
26,3437,14,-7.82456140350877
26,3438,-41,-25.2179487179487
26,3439,0,-15.0377358490566
26,3440,160,117.617283950617
26,3441,355,252.521428571429
26,3442,121,-81.3076923076923
26,3443,-308,-260.89247311828
26,3444,-159,-94
26,3445,-145,6.66666666666667
26,3446,-131,-52.4468085106383
26,3447,-41,-52.4468085106383
26,3448,-46,-52.4468085106383
26,3449,-69,-15.0377358490566
26,3450,-26,-15.0377358490566
26,3451,-8,0.291576673866091
26,3452,0,0.291576673866091
26,3453,30,0.291576673866091
26,3454,113,190.583333333333
26,3455,274,180.506451612903
26,3456,319,-81.3076923076923
26,3457,-355,-260.89247311828
26,3458,-127,-149.510204081633
26,3459,19,8.4
26,3460,90,40.3157894736842
26,3461,-20,-7.82456140350877
26,3462,-13,-20.7412935323383
26,3463,12,-20.7412935323383
26,3464,165,117.617283950617
26,3465,297,252.521428571429
26,3466,-76,-81.3076923076923
26,3467,-200,-149.510204081633
26,3468,-173,-129.416666666667
26,3469,-57,6.66666666666667
26,3470,-55,-52.4468085106383
26,3471,-73,-52.4468085106383
26,3472,-43,-15.0377358490566
26,3473,-20,-15.0377358490566
26,3474,-36,23
26,3475,-41,-52.4468085106383
26,3476,-26,-52.4468085106383
26,3477,2,0.291576673866091
26,3478,16,0.291576673866091
26,3479,72,73.8782608695652
26,3480,60,180.506451612903
26,3481,126,180.506451612903
26,3482,154,-53.9
26,3483,15,-214.513157894737
26,3484,127,-110.025641025641
26,3485,-67,-40.7916666666667
26,3486,-35,-94
26,3487,-249,-20.7412935323383
26,3488,201,-52.4468085106383
26,3489,-31,-7.82456140350877
26,3490,-20,-149.510204081633
26,3491,-29,-20.7412935323383
26,3492,-113,0.291576673866091
26,3493,-33,-15.0377358490566
26,3494,-26,23
26,3495,-24,-20.7412935323383
26,3496,-24,0.291576673866091
26,3497,0,0.291576673866091
26,3498,-18,0.291576673866091
26,3499,-63,0.291576673866091
26,3500,-37,-52.4468085106383
26,3501,0,-52.4468085106383
26,3502,5,0.291576673866091
26,3503,13,0.291576673866091
26,3504,99,40.3157894736842
26,3505,130,123.48275862069
26,3506,122,123.48275862069
26,3507,97,-214.513157894737
26,3508,144,19.2142857142857
26,3509,-85,-40.7916666666667
26,3510,-164,-110.025641025641
26,3511,14,-52.4468085106383
26,3512,-218,-25.2179487179487
26,3513,60,-52.4468085106383
26,3514,31,-7.82456140350877
26,3515,28,-25.2179487179487
26,3516,-81,73.8782608695652
26,3517,-45,-52.4468085106383
26,3518,-52,-15.0377358490566
26,3519,-34,-52.4468085106383
26,3520,-48,-20.7412935323383
26,3521,-25,-52.4468085106383
26,3522,1,-20.7412935323383
26,3523,-4,0.291576673866091
26,3524,8,0.291576673866091
26,3525,24,0.291576673866091
26,3526,109,73.8782608695652
26,3527,288,180.506451612903
26,3528,266,180.506451612903
26,3529,-357,-260.89247311828
26,3530,-136,-149.510204081633
26,3531,23,8.4
26,3532,54,-25.2179487179487
26,3533,5,-7.82456140350877
26,3534,-42,-20.7412935323383
26,3535,36,-15.0377358490566
26,3536,162,117.617283950617
26,3537,401,252.521428571429
26,3538,-11,-81.3076923076923
26,3539,-261,-149.510204081633
26,3540,-157,-129.416666666667
26,3541,-138,6.66666666666667
26,3542,-117,-52.4468085106383
26,3543,-47,-52.4468085106383
26,3544,-76,-52.4468085106383
26,3545,-17,-15.0377358490566
26,3546,-6,23
26,3547,-11,0.291576673866091
26,3548,4,0.291576673866091
26,3549,34,0.291576673866091
26,3550,105,73.8782608695652
26,3551,122,180.506451612903
26,3552,424,180.506451612903
26,3553,-298,-214.513157894737
26,3554,-191,-149.510204081633
26,3555,14,8.4
26,3556,79,40.3157894736842
26,3557,-9,-7.82456140350877
26,3558,-37,-20.7412935323383
26,3559,66,-15.0377358490566
26,3560,163,123.48275862069
26,3561,384,252.521428571429
26,3562,-46,-214.513157894737
26,3563,-221,-149.510204081633
26,3564,-162,-129.416666666667
26,3565,-121,6.66666666666667
26,3566,-98,-52.4468085106383
26,3567,-107,-52.4468085106383
26,3568,-62,-52.4468085106383
26,3569,-33,-15.0377358490566
26,3570,-8,23
26,3571,3,0.291576673866091
26,3572,1,0.291576673866091
26,3573,30,0.291576673866091
26,3574,141,73.8782608695652
26,3575,373,180.506451612903
26,3576,254,-81.3076923076923
26,3577,-460,-260.89247311828
26,3578,-170,-149.510204081633
26,3579,75,8.4
26,3580,107,-7.82456140350877
26,3581,-60,-7.82456140350877
26,3582,1,-52.4468085106383
26,3583,37,-20.7412935323383
26,3584,155,117.617283950617
26,3585,377,252.521428571429
26,3586,-58,-81.3076923076923
26,3587,-169,-149.510204081633
26,3588,-216,-129.416666666667
26,3589,-114,-52.4468085106383
26,3590,-78,6.66666666666667
26,3591,-78,-52.4468085106383
26,3592,-92,-52.4468085106383
26,3593,-42,-15.0377358490566
26,3594,-6,-15.0377358490566
26,3595,-12,23
26,3596,3,0.291576673866091
26,3597,27,0.291576673866091
26,3598,128,73.8782608695652
26,3599,369,180.506451612903
26,3600,222,-81.3076923076923
26,3601,-358,-260.89247311828
26,3602,-162,-149.510204081633
26,3603,42,8.4
26,3604,18,40.3157894736842
26,3605,-4,-25.2179487179487
26,3606,-17,-20.7412935323383
26,3607,65,-20.7412935323383
26,3608,144,123.48275862069
26,3609,362,252.521428571429
26,3610,9,-214.513157894737
26,3611,-243,-149.510204081633
26,3612,-139,-129.416666666667
26,3613,-164,6.66666666666667
26,3614,-16,-52.4468085106383
26,3615,-139,-20.7412935323383
26,3616,-70,-52.4468085106383
26,3617,-50,-15.0377358490566
26,3618,-12,-15.0377358490566
26,3619,-15,0.291576673866091
26,3620,2,0.291576673866091
26,3621,22,0.291576673866091
26,3622,79,73.8782608695652
26,3623,313,207.77358490566
26,3624,269,180.506451612903
26,3625,-292,-260.89247311828
26,3626,-142,-149.510204081633
26,3627,53,8.4
26,3628,101,-7.82456140350877
26,3629,-42,-7.82456140350877
26,3630,68,-52.4468085106383
26,3631,90,-40.7916666666667
26,3632,2,123.48275862069
26,3633,89,0.291576673866091
26,3634,-71,-40.7916666666667
26,3635,-94,-52.4468085106383
26,3636,-96,-52.4468085106383
26,3637,-53,-52.4468085106383
26,3638,-26,-52.4468085106383
26,3639,-103,0.291576673866091
26,3640,-6,-15.0377358490566
26,3641,-89,0.291576673866091
26,3642,-10,-15.0377358490566
26,3643,-34,0.291576673866091
26,3644,-23,0.291576673866091
26,3645,10,0.291576673866091
26,3646,14,0.291576673866091
26,3647,30,73.8782608695652
26,3648,96,73.8782608695652
26,3649,75,151.369047619048
26,3650,180,123.48275862069
26,3651,75,-53.9
26,3652,-21,-199.039215686275
26,3653,33,0.291576673866091
26,3654,10,-25.2179487179487
26,3655,49,-20.7412935323383
26,3656,-101,-40.7916666666667
26,3657,1,-52.4468085106383
26,3658,-21,-20.7412935323383
26,3659,-50,0.291576673866091
26,3660,-185,-52.4468085106383
26,3661,-103,-52.4468085106383
26,3662,-26,-15.0377358490566
26,3663,67,0.291576673866091
26,3664,-46,134.090909090909
26,3665,-26,-52.4468085106383
26,3666,11,0.291576673866091
26,3667,-42,73.8782608695652
26,3668,-20,-52.4468085106383
26,3669,-10,0.291576673866091
26,3670,3,-20.7412935323383
26,3671,27,0.291576673866091
26,3672,87,73.8782608695652
26,3673,103,-7.82456140350877
26,3674,156,123.48275862069
26,3675,101,-53.9
26,3676,56,-110.025641025641
26,3677,-52,46.7333333333333
26,3678,-36,-52.4468085106383
26,3679,-102,-52.4468085106383
26,3680,119,-52.4468085106383
26,3681,29,-7.82456140350877
26,3682,-3,19.2142857142857
26,3683,-208,-20.7412935323383
26,3684,-188,-52.4468085106383
26,3685,67,6.66666666666667
26,3686,-5,180.506451612903
26,3687,-43,-20.7412935323383
26,3688,-19,-52.4468085106383
26,3689,-49,0.291576673866091
26,3690,-15,-15.0377358490566
26,3691,-12,0.291576673866091
26,3692,-17,-20.7412935323383
26,3693,-7,0.291576673866091
26,3694,11,0.291576673866091
26,3695,28,73.8782608695652
26,3696,84,73.8782608695652
26,3697,102,151.369047619048
26,3698,130,123.48275862069
26,3699,100,-53.9
26,3700,84,19.2142857142857
26,3701,23,-40.7916666666667
26,3702,-54,-25.2179487179487
26,3703,-63,-52.4468085106383
26,3704,51,-52.4468085106383
26,3705,-2,-7.82456140350877
26,3706,-16,-20.7412935323383
26,3707,-108,-20.7412935323383
26,3708,-113,-52.4468085106383
26,3709,-77,-15.0377358490566
26,3710,-63,-52.4468085106383
26,3711,-51,-52.4468085106383
26,3712,-41,-52.4468085106383
26,3713,-5,-15.0377358490566
26,3714,-19,0.291576673866091
26,3715,5,0.291576673866091
26,3716,-2,0.291576673866091
26,3717,30,0.291576673866091
26,3718,134,73.8782608695652
26,3719,321,180.506451612903
26,3720,139,-81.3076923076923
26,3721,-309,-260.89247311828
26,3722,-151,-94
26,3723,26,6.66666666666667
26,3724,89,40.3157894736842
26,3725,-12,-7.82456140350877
26,3726,-1,-20.7412935323383
26,3727,18,-20.7412935323383
26,3728,166,117.617283950617
26,3729,398,252.521428571429
26,3730,-17,-81.3076923076923
26,3731,-287,-149.510204081633
26,3732,-167,-129.416666666667
26,3733,-117,6.66666666666667
26,3734,-89,-52.4468085106383
26,3735,-84,-52.4468085106383
26,3736,-58,-52.4468085106383
26,3737,-24,-15.0377358490566
26,3738,-4,23
26,3739,-5,0.291576673866091
26,3740,1,0.291576673866091
26,3741,35,0.291576673866091
26,3742,170,73.8782608695652
26,3743,290,180.506451612903
26,3744,225,-81.3076923076923
26,3745,-435,-260.89247311828
26,3746,-55,-149.510204081633
26,3747,-18,8.4
26,3748,49,-20.7412935323383
26,3749,-32,-7.82456140350877
26,3750,-23,-20.7412935323383
26,3751,34,-20.7412935323383
26,3752,185,117.617283950617
26,3753,433,252.521428571429
26,3754,-24,-81.3076923076923
26,3755,-177,-149.510204081633
26,3756,-250,-129.416666666667
26,3757,-116,-52.4468085106383
26,3758,-77,6.66666666666667
26,3759,-69,-52.4468085106383
26,3760,-85,-52.4468085106383
26,3761,-47,-15.0377358490566
26,3762,-10,-15.0377358490566
26,3763,1,23
26,3764,-1,0.291576673866091
26,3765,30,0.291576673866091
26,3766,162,73.8782608695652
26,3767,282,180.506451612903
26,3768,164,-81.3076923076923
26,3769,-523,-260.89247311828
26,3770,-74,-110.025641025641
26,3771,13,6.66666666666667
26,3772,75,40.3157894736842
26,3773,54,-7.82456140350877
26,3774,25,-7.82456140350877
26,3775,54,-25.2179487179487
26,3776,146,62.6774193548387
26,3777,392,252.521428571429
26,3778,27,-214.513157894737
26,3779,-277,-199.039215686275
26,3780,-152,-129.416666666667
26,3781,-134,6.66666666666667
26,3782,-55,-52.4468085106383
26,3783,-48,-52.4468085106383
26,3784,-73,-52.4468085106383
26,3785,-67,-15.0377358490566
26,3786,-18,-15.0377358490566
26,3787,-2,0.291576673866091
26,3788,-1,0.291576673866091
26,3789,32,0.291576673866091
26,3790,100,73.8782608695652
26,3791,346,180.506451612903
26,3792,233,180.506451612903
26,3793,-375,-260.89247311828
26,3794,-120,-149.510204081633
26,3795,72,8.4
26,3796,27,-7.82456140350877
26,3797,31,-25.2179487179487
26,3798,-101,-25.2179487179487
26,3799,78,-15.0377358490566
26,3800,139,123.48275862069
26,3801,302,252.521428571429
26,3802,20,-214.513157894737
26,3803,-224,-199.039215686275
26,3804,-177,-129.416666666667
26,3805,-90,6.66666666666667
26,3806,-2,-52.4468085106383
26,3807,-51,-20.7412935323383
26,3808,-98,-52.4468085106383
26,3809,-33,-15.0377358490566
26,3810,-40,23
26,3811,-34,-15.0377358490566
26,3812,-32,0.291576673866091
26,3813,4,0.291576673866091
26,3814,19,0.291576673866091
26,3815,48,73.8782608695652
26,3816,148,180.506451612903
26,3817,118,180.506451612903
26,3818,74,-214.513157894737
26,3819,156,19.2142857142857
26,3820,116,-114
26,3821,-26,-214.513157894737
26,3822,-42,19.2142857142857
26,3823,-114,-52.4468085106383
26,3824,-398,-52.4468085106383
26,3825,57,-52.4468085106383
26,3826,-4,-7.82456140350877
26,3827,48,-20.7412935323383
26,3828,-21,62.6774193548387
26,3829,-13,0.291576673866091
26,3830,13,0.291576673866091
26,3831,-61,117.617283950617
26,3832,-9,-52.4468085106383
26,3833,0,0.291576673866091
26,3834,-28,-20.7412935323383
26,3835,-50,0.291576673866091
26,3836,-18,-52.4468085106383
26,3837,27,0.291576673866091
26,3838,-20,73.8782608695652
26,3839,35,0.291576673866091
26,3840,100,40.3157894736842
26,3841,129,123.48275862069
26,3842,196,151.369047619048
26,3843,90,-214.513157894737
26,3844,172,-199.039215686275
26,3845,-28,-53.9
26,3846,-82,-110.025641025641
26,3847,49,-52.4468085106383
26,3848,5,-7.82456140350877
26,3849,-30,-20.7412935323383
26,3850,-111,-20.7412935323383
26,3851,-64,-52.4468085106383
26,3852,-140,-15.0377358490566
26,3853,-150,-52.4468085106383
26,3854,-17,-52.4468085106383
26,3855,-97,0.291576673866091
26,3856,-51,-15.0377358490566
26,3857,-23,-15.0377358490566
26,3858,-1,0.291576673866091
26,3859,-5,0.291576673866091
26,3860,-7,0.291576673866091
26,3861,35,0.291576673866091
26,3862,140,73.8782608695652
26,3863,267,151.369047619048
26,3864,283,-81.3076923076923
26,3865,-369,-260.89247311828
26,3866,-151,-149.510204081633
26,3867,26,8.4
26,3868,96,40.3157894736842
26,3869,-9,-7.82456140350877
26,3870,17,-20.7412935323383
26,3871,6,-25.2179487179487
26,3872,142,117.617283950617
26,3873,383,252.521428571429
26,3874,97,-81.3076923076923
26,3875,-335,-199.039215686275
26,3876,-243,-129.416666666667
26,3877,-105,6.66666666666667
26,3878,-126,6.66666666666667
26,3879,-66,-52.4468085106383
26,3880,-61,-52.4468085106383
26,3881,-22,-15.0377358490566
26,3882,-4,23
26,3883,2,23
26,3884,1,0.291576673866091
26,3885,35,0.291576673866091
26,3886,167,190.583333333333
26,3887,385,180.506451612903
26,3888,154,-81.3076923076923
26,3889,-392,-260.89247311828
26,3890,-162,-110.025641025641
26,3891,51,6.66666666666667
26,3892,69,-7.82456140350877
26,3893,12,-7.82456140350877
26,3894,-73,-25.2179487179487
26,3895,71,-15.0377358490566
26,3896,210,123.48275862069
26,3897,434,252.521428571429
26,3898,-93,-260.89247311828
26,3899,-281,-149.510204081633
26,3900,-135,-129.416666666667
26,3901,-151,6.66666666666667
26,3902,-94,-52.4468085106383
26,3903,-107,-52.4468085106383
26,3904,-60,-15.0377358490566
26,3905,-28,-15.0377358490566
26,3906,-10,23
26,3907,-4,0.291576673866091
26,3908,-2,0.291576673866091
26,3909,43,0.291576673866091
26,3910,157,73.8782608695652
26,3911,352,180.506451612903
26,3912,213,-81.3076923076923
26,3913,-442,-260.89247311828
26,3914,-123,-149.510204081633
26,3915,27,8.4
26,3916,120,40.3157894736842
26,3917,-29,-7.82456140350877
26,3918,-45,19.2142857142857
26,3919,40,-15.0377358490566
26,3920,191,117.617283950617
26,3921,416,252.521428571429
26,3922,52,-81.3076923076923
26,3923,-342,-199.039215686275
26,3924,-165,-129.416666666667
26,3925,-164,6.66666666666667
26,3926,-94,-52.4468085106383
26,3927,-85,-52.4468085106383
26,3928,-70,-52.4468085106383
26,3929,-29,-15.0377358490566
26,3930,-19,23
26,3931,2,0.291576673866091
26,3932,-5,0.291576673866091
26,3933,51,0.291576673866091
26,3934,138,180.506451612903
26,3935,376,180.506451612903
26,3936,187,-214.513157894737
26,3937,-420,-260.89247311828
26,3938,-126,-149.510204081633
26,3939,42,6.66666666666667
26,3940,43,40.3157894736842
26,3941,-14,-25.2179487179487
26,3942,-9,-20.7412935323383
26,3943,78,-20.7412935323383
26,3944,139,123.48275862069
26,3945,393,252.521428571429
26,3946,-32,-214.513157894737
26,3947,-178,-149.510204081633
26,3948,-211,-129.416666666667
26,3949,-146,-52.4468085106383
26,3950,-66,6.66666666666667
26,3951,-81,-52.4468085106383
26,3952,-83,-52.4468085106383
26,3953,-46,-15.0377358490566
26,3954,-11,-15.0377358490566
26,3955,-16,23
26,3956,-2,0.291576673866091
26,3957,29,0.291576673866091
26,3958,111,73.8782608695652
26,3959,302,180.506451612903
26,3960,312,-81.3076923076923
26,3961,-419,-260.89247311828
26,3962,-101,-149.510204081633
26,3963,34,8.4
26,3964,129,40.3157894736842
26,3965,-1,-7.82456140350877
26,3966,-37,19.2142857142857
26,3967,-4,-15.0377358490566
26,3968,196,117.617283950617
26,3969,331,252.521428571429
26,3970,-86,-81.3076923076923
26,3971,-229,-149.510204081633
26,3972,-175,-129.416666666667
26,3973,-92,6.66666666666667
26,3974,-83,-52.4468085106383
26,3975,-34,-52.4468085106383
26,3976,12,-20.7412935323383
26,3977,-98,73.8782608695652
26,3978,-16,-15.0377358490566
26,3979,-56,0.291576673866091
26,3980,-31,-15.0377358490566
26,3981,10,0.291576673866091
26,3982,17,0.291576673866091
26,3983,40,40.3157894736842
26,3984,139,73.8782608695652
26,3985,130,151.369047619048
26,3986,100,-81.3076923076923
26,3987,185,19.2142857142857
26,3988,79,-114
26,3989,-2,-199.039215686275
26,3990,11,-20.7412935323383
26,3991,-61,-25.2179487179487
26,3992,129,-52.4468085106383
26,3993,-54,-7.82456140350877
26,3994,-115,-94
26,3995,-136,-52.4468085106383
26,3996,-148,-52.4468085106383
26,3997,-34,-52.4468085106383
26,3998,-17,0.291576673866091
26,3999,-50,-20.7412935323383
26,4000,-78,-15.0377358490566
26,4001,-34,-15.0377358490566
26,4002,-28,0.291576673866091
26,4003,-41,0.291576673866091
26,4004,-40,-52.4468085106383
26,4005,5,-52.4468085106383
26,4006,22,0.291576673866091
26,4007,36,73.8782608695652
26,4008,57,73.8782608695652
26,4009,168,180.506451612903
26,4010,194,180.506451612903
26,4011,69,-214.513157894737
26,4012,97,-199.039215686275
26,4013,38,-40.7916666666667
26,4014,-59,-25.2179487179487
26,4015,-78,-52.4468085106383
26,4016,39,-52.4468085106383
26,4017,-26,-25.2179487179487
26,4018,-89,-20.7412935323383
26,4019,-78,-52.4468085106383
26,4020,-79,-52.4468085106383
26,4021,-133,-15.0377358490566
26,4022,-64,-52.4468085106383
26,4023,-33,-52.4468085106383
26,4024,-49,0.291576673866091
26,4025,-24,-15.0377358490566
26,4026,-8,0.291576673866091
26,4027,-6,0.291576673866091
26,4028,4,0.291576673866091
26,4029,34,0.291576673866091
26,4030,119,73.8782608695652
26,4031,328,180.506451612903
26,4032,191,-81.3076923076923
26,4033,-384,-260.89247311828
26,4034,-97,-149.510204081633
26,4035,50,6.66666666666667
26,4036,43,-7.82456140350877
26,4037,48,-25.2179487179487
26,4038,-11,-40.7916666666667
26,4039,6,-20.7412935323383
26,4040,115,117.617283950617
26,4041,389,252.521428571429
26,4042,-68,-81.3076923076923
26,4043,-288,-149.510204081633
26,4044,-146,-129.416666666667
26,4045,-107,6.66666666666667
26,4046,-104,-52.4468085106383
26,4047,-59,-52.4468085106383
26,4048,-57,-15.0377358490566
26,4049,-8,-15.0377358490566
26,4050,-1,23
26,4051,2,0.291576673866091
26,4052,1,0.291576673866091
26,4053,41,0.291576673866091
26,4054,119,73.8782608695652
26,4055,189,180.506451612903
26,4056,316,-81.3076923076923
26,4057,-379,-260.89247311828
26,4058,-133,-149.510204081633
26,4059,-9,8.4
26,4060,-63,-20.7412935323383
26,4061,26,-52.4468085106383
26,4062,29,-25.2179487179487
26,4063,-107,-25.2179487179487
26,4064,105,-15.0377358490566
26,4065,197,252.521428571429
26,4066,-57,207.77358490566
26,4067,43,-149.510204081633
26,4068,-34,40.3157894736842
26,4069,-83,-20.7412935323383
26,4070,-56,-52.4468085106383
26,4071,-73,-52.4468085106383
26,4072,-52,-52.4468085106383
26,4073,-14,-52.4468085106383
26,4074,-9,-20.7412935323383
26,4075,2,0.291576673866091
26,4076,5,0.291576673866091
26,4077,46,0.291576673866091
26,4078,116,180.506451612903
26,4079,373,180.506451612903
26,4080,252,-214.513157894737
26,4081,-435,-260.89247311828
26,4082,-170,-149.510204081633
26,4083,55,8.4
26,4084,66,-7.82456140350877
26,4085,-24,-7.82456140350877
26,4086,-3,-20.7412935323383
26,4087,25,-20.7412935323383
26,4088,155,117.617283950617
26,4089,420,252.521428571429
26,4090,6,-81.3076923076923
26,4091,-281,-149.510204081633
26,4092,-202,-129.416666666667
26,4093,-60,6.66666666666667
26,4094,-120,6.66666666666667
26,4095,-106,-52.4468085106383
26,4096,-65,-52.4468085106383
26,4097,-40,-15.0377358490566
26,4098,-7,-15.0377358490566
26,4099,-5,23
26,4100,0,0.291576673866091
26,4101,50,0.291576673866091
26,4102,114,180.506451612903
26,4103,364,180.506451612903
26,4104,256,-214.513157894737
26,4105,-435,-260.89247311828
26,4106,-165,-149.510204081633
26,4107,53,8.4
26,4108,47,-7.82456140350877
26,4109,46,-7.82456140350877
26,4110,-38,-40.7916666666667
26,4111,-7,-15.0377358490566
26,4112,166,117.617283950617
26,4113,519,252.521428571429
26,4114,-76,-81.3076923076923
26,4115,-297,-149.510204081633
26,4116,-186,-129.416666666667
26,4117,-143,6.66666666666667
26,4118,13,-52.4468085106383
26,4119,-133,40.3157894736842
26,4120,-88,-15.0377358490566
26,4121,-17,-15.0377358490566
26,4122,-35,117.617283950617
26,4123,-2,0.291576673866091
26,4124,-2,0.291576673866091
26,4125,39,0.291576673866091
26,4126,116,73.8782608695652
26,4127,338,207.77358490566
26,4128,254,-81.3076923076923
26,4129,-374,-260.89247311828
26,4130,-158,-149.510204081633
26,4131,96,8.4
26,4132,68,-7.82456140350877
26,4133,32,-7.82456140350877
26,4134,-9,-25.2179487179487
26,4135,11,-20.7412935323383
26,4136,144,117.617283950617
26,4137,279,252.521428571429
26,4138,-41,-81.3076923076923
26,4139,-217,-149.510204081633
26,4140,-219,-129.416666666667
26,4141,-57,6.66666666666667
26,4142,-17,6.66666666666667
26,4143,-109,-20.7412935323383
26,4144,-14,-52.4468085106383
26,4145,-48,0.291576673866091
26,4146,-41,-15.0377358490566
26,4147,-38,-52.4468085106383
26,4148,-30,-52.4468085106383
26,4149,2,0.291576673866091
26,4150,24,0.291576673866091
26,4151,36,73.8782608695652
26,4152,141,73.8782608695652
26,4153,159,151.369047619048
26,4154,97,-81.3076923076923
26,4155,152,-110.025641025641
26,4156,62,-114
26,4157,19,-110.025641025641
26,4158,-53,-25.2179487179487
26,4159,96,-52.4468085106383
26,4160,-70,-7.82456140350877
26,4161,-34,-52.4468085106383
26,4162,-48,-20.7412935323383
26,4163,-191,-52.4468085106383
26,4164,-82,-52.4468085106383
26,4165,-64,-52.4468085106383
26,4166,-22,-15.0377358490566
26,4167,-68,0.291576673866091
26,4168,9,-52.4468085106383
26,4169,-38,0.291576673866091
26,4170,-47,-15.0377358490566
26,4171,-41,-15.0377358490566
26,4172,-44,-52.4468085106383
26,4173,-4,-15.0377358490566
26,4174,10,0.291576673866091
26,4175,41,0.291576673866091
26,4176,118,73.8782608695652
26,4177,101,151.369047619048
26,4178,213,19.2142857142857
26,4179,81,-53.9
26,4180,206,-199.039215686275
26,4181,-74,-114
26,4182,-36,-149.510204081633
26,4183,-26,-52.4468085106383
26,4184,51,-20.7412935323383
26,4185,32,-7.82456140350877
26,4186,-183,-25.2179487179487
26,4187,-127,-15.0377358490566
26,4188,-161,-52.4468085106383
26,4189,-56,-52.4468085106383
26,4190,-58,-52.4468085106383
26,4191,-38,-52.4468085106383
26,4192,-36,-15.0377358490566
26,4193,-46,-15.0377358490566
26,4194,-10,-15.0377358490566
26,4195,-3,0.291576673866091
26,4196,3,0.291576673866091
26,4197,29,0.291576673866091
26,4198,131,73.8782608695652
26,4199,362,180.506451612903
26,4200,220,-81.3076923076923
26,4201,-422,-260.89247311828
26,4202,-130,-149.510204081633
26,4203,40,8.4
26,4204,104,40.3157894736842
26,4205,-14,-7.82456140350877
26,4206,-25,-20.7412935323383
26,4207,-3,-20.7412935323383
26,4208,216,117.617283950617
26,4209,382,252.521428571429
26,4210,-45,-81.3076923076923
26,4211,-263,-149.510204081633
26,4212,-158,-129.416666666667
26,4213,-176,6.66666666666667
26,4214,-84,-52.4468085106383
26,4215,-78,-52.4468085106383
26,4216,-30,-52.4468085106383
26,4217,-51,0.291576673866091
26,4218,1,-15.0377358490566
26,4219,-9,0.291576673866091
26,4220,4,0.291576673866091
26,4221,38,0.291576673866091
26,4222,147,73.8782608695652
26,4223,362,180.506451612903
26,4224,249,-81.3076923076923
26,4225,-396,-260.89247311828
26,4226,-239,-149.510204081633
26,4227,48,8.4
26,4228,84,-7.82456140350877
26,4229,3,-7.82456140350877
26,4230,-12,-20.7412935323383
26,4231,10,-20.7412935323383
26,4232,192,117.617283950617
26,4233,472,252.521428571429
26,4234,-145,-81.3076923076923
26,4235,-283,-149.510204081633
26,4236,-114,8.4
26,4237,-128,6.66666666666667
26,4238,-109,-52.4468085106383
26,4239,-90,-52.4468085106383
26,4240,-58,-15.0377358490566
26,4241,-11,-15.0377358490566
26,4242,-12,23
26,4243,-7,0.291576673866091
26,4244,4,0.291576673866091
26,4245,22,0.291576673866091
26,4246,146,73.8782608695652
26,4247,350,180.506451612903
26,4248,306,-81.3076923076923
26,4249,-504,-260.89247311828
26,4250,-149,-149.510204081633
26,4251,42,8.4
26,4252,89,40.3157894736842
26,4253,24,-7.82456140350877
26,4254,-63,-25.2179487179487
26,4255,23,-15.0377358490566
26,4256,168,117.617283950617
26,4257,485,252.521428571429
26,4258,-69,-81.3076923076923
26,4259,-257,-149.510204081633
26,4260,-193,-129.416666666667
26,4261,-74,6.66666666666667
26,4262,-145,-52.4468085106383
26,4263,-100,-52.4468085106383
26,4264,-50,-15.0377358490566
26,4265,-44,-15.0377358490566
26,4266,-5,-15.0377358490566
26,4267,-9,23
26,4268,1,0.291576673866091
26,4269,58,0.291576673866091
26,4270,103,207.77358490566
26,4271,389,180.506451612903
26,4272,236,-53.9
26,4273,-459,-260.89247311828
26,4274,-127,-149.510204081633
26,4275,86,8.4
26,4276,41,-7.82456140350877
26,4277,-9,-25.2179487179487
26,4278,-68,-20.7412935323383
26,4279,38,-15.0377358490566
26,4280,176,117.617283950617
26,4281,433,252.521428571429
26,4282,-6,-81.3076923076923
26,4283,-340,-149.510204081633
26,4284,-102,-129.416666666667
26,4285,-204,6.66666666666667
26,4286,-206,-52.4468085106383
26,4287,-2,6.66666666666667
26,4288,-28,-20.7412935323383
26,4289,-4,0.291576673866091
26,4290,-3,23
26,4291,-3,0.291576673866091
26,4292,5,23
26,4293,26,23
26,4294,100,40.3157894736842
26,4295,256,123.48275862069
26,4296,311,151.369047619048
26,4297,-279,-260.89247311828
26,4298,-181,-149.510204081633
26,4299,116,8.4
26,4300,19,-7.82456140350877
26,4301,30,19.2142857142857
26,4302,-11,-25.2179487179487
26,4303,-7,-20.7412935323383
26,4304,110,117.617283950617
26,4305,306,252.521428571429
26,4306,-141,-7.82456140350877
26,4307,-159,-149.510204081633
26,4308,-172,8.4
26,4309,-99,-52.4468085106383
26,4310,-17,-52.4468085106383
26,4311,-30,-20.7412935323383
26,4312,-41,-20.7412935323383
26,4313,-48,-15.0377358490566
26,4314,-9,-15.0377358490566
26,4315,-63,0.291576673866091
26,4316,-15,-52.4468085106383
26,4317,1,0.291576673866091
26,4318,22,0.291576673866091
26,4319,36,73.8782608695652
26,4320,138,73.8782608695652
26,4321,121,180.506451612903
26,4322,140,-81.3076923076923
26,4323,191,-214.513157894737
26,4324,19,-214.513157894737
26,4325,4,-199.039215686275
26,4326,64,-20.7412935323383
26,4327,-23,-7.82456140350877
26,4328,-5,-20.7412935323383
26,4329,-10,-20.7412935323383
26,4330,-118,-20.7412935323383
26,4331,-124,-52.4468085106383
26,4332,-155,-52.4468085106383
26,4333,-23,-52.4468085106383
26,4334,-71,0.291576673866091
26,4335,-25,-52.4468085106383
26,4336,-49,0.291576673866091
26,4337,-31,-15.0377358490566
26,4338,-24,0.291576673866091
26,4339,-34,0.291576673866091
26,4340,-51,0.291576673866091
26,4341,3,-52.4468085106383
26,4342,12,0.291576673866091
27,1,73,23.4393939393939
27,2,14,-16.7090909090909
27,3,-34,-19.367816091954
27,4,5,-8.52482269503546
27,5,169,106.434343434343
27,6,272,248.062111801242
27,7,43,-88.2962962962963
27,8,-242,-162.786096256684
27,9,-179,-139.183673469388
27,10,-136,-1.25490196078431
27,11,-85,-1.25490196078431
27,12,-79,-61.4497041420118
27,13,-38,-61.4497041420118
27,14,-30,-33.9
27,15,-6,0.1
27,16,-2,-8.52482269503546
27,17,-2,-8.52482269503546
27,18,26,-8.52482269503546
27,19,99,74.8677685950413
27,20,240,179.389027431421
27,21,318,179.389027431421
27,22,-321,-262.04
27,23,-196,-162.786096256684
27,24,46,-32.1
27,25,70,-16.7090909090909
27,26,-32,-16.7090909090909
27,27,7,-8.52482269503546
27,28,10,-8.52482269503546
27,29,122,106.434343434343
27,30,354,248.062111801242
27,31,15,-88.2962962962963
27,32,-265,-162.786096256684
27,33,-122,-139.183673469388
27,34,-74,-1.25490196078431
27,35,-117,-61.4497041420118
27,36,-50,-61.4497041420118
27,37,-86,-33.9
27,38,-32,-61.4497041420118
27,39,5,0.1
27,40,-13,-8.52482269503546
27,41,-4,-8.52482269503546
27,42,28,-8.52482269503546
27,43,97,74.8677685950413
27,44,228,179.389027431421
27,45,284,179.389027431421
27,46,-287,-262.04
27,47,-105,-162.786096256684
27,48,22,-32.1
27,49,8,23.4393939393939
27,50,15,-8.52482269503546
27,51,-4,-19.367816091954
27,52,-18,-8.52482269503546
27,53,133,106.434343434343
27,54,420,248.062111801242
27,55,-124,-88.2962962962963
27,56,-211,-162.786096256684
27,57,-175,-139.183673469388
27,58,-78,-1.25490196078431
27,59,-85,-1.25490196078431
27,60,-13,-61.4497041420118
27,61,-75,-8.52482269503546
27,62,-23,-61.4497041420118
27,63,-27,0.1
27,64,-3,-8.52482269503546
27,65,-3,-8.52482269503546
27,66,18,-8.52482269503546
27,67,57,74.8677685950413
27,68,166,138.727272727273
27,69,262,179.389027431421
27,70,-132,-262.04
27,71,-138,-162.786096256684
27,72,53,-139.183673469388
27,73,46,-16.7090909090909
27,74,74,-16.7090909090909
27,75,79,-122.761904761905
27,76,47,-122.761904761905
27,77,-1,84.6296296296296
27,78,119,186.727272727273
27,79,-171,-6.87878787878788
27,80,-72,-102.383838383838
27,81,-160,-1.25490196078431
27,82,-62,-61.4497041420118
27,83,-32,-33.9
27,84,-45,-8.52482269503546
27,85,-19,-33.9
27,86,-25,-8.52482269503546
27,87,-33,-8.52482269503546
27,88,-8,-8.52482269503546
27,89,-21,-8.52482269503546
27,90,-5,-8.52482269503546
27,91,17,-8.52482269503546
27,92,35,74.8677685950413
27,93,69,74.8677685950413
27,94,153,179.389027431421
27,95,87,-40.6428571428571
27,96,132,-227.745098039216
27,97,95,-40.6428571428571
27,98,53,-227.745098039216
27,99,-65,-6.87878787878788
27,100,48,-33.9
27,101,-11,-6.87878787878788
27,102,-48,-8.52482269503546
27,103,-50,-33.9
27,104,-104,-33.9
27,105,-205,-61.4497041420118
27,106,26,-61.4497041420118
27,107,-52,74.8677685950413
27,108,-64,-33.9
27,109,-33,-33.9
27,110,-21,-8.52482269503546
27,111,-32,-8.52482269503546
27,112,-6,-8.52482269503546
27,113,-19,-8.52482269503546
27,114,5,-8.52482269503546
27,115,16,-8.52482269503546
27,116,9,74.8677685950413
27,117,47,74.8677685950413
27,118,95,179.389027431421
27,119,120,84.6296296296296
27,120,105,84.6296296296296
27,121,53,-227.745098039216
27,122,26,-6.87878787878788
27,123,20,-19.367816091954
27,124,-17,-19.367816091954
27,125,-10,-8.52482269503546
27,126,-65,-8.52482269503546
27,127,-101,-33.9
27,128,-34,-61.4497041420118
27,129,-65,-8.52482269503546
27,130,-81,-33.9
27,131,-12,-61.4497041420118
27,132,-67,-8.52482269503546
27,133,-14,-33.9
27,134,-21,-8.52482269503546
27,135,-10,-8.52482269503546
27,136,-3,-8.52482269503546
27,137,2,-8.52482269503546
27,138,27,-8.52482269503546
27,139,79,74.8677685950413
27,140,220,179.389027431421
27,141,286,138.727272727273
27,142,-331,-262.04
27,143,-108,-162.786096256684
27,144,45,-32.1
27,145,57,23.4393939393939
27,146,1,-16.7090909090909
27,147,-63,-8.52482269503546
27,148,37,-33.9
27,149,136,106.434343434343
27,150,241,248.062111801242
27,151,14,-88.2962962962963
27,152,-225,-162.786096256684
27,153,-145,-61.4497041420118
27,154,-111,-1.25490196078431
27,155,-57,-61.4497041420118
27,156,-41,-33.9
27,157,-41,-33.9
27,158,-17,-33.9
27,159,-7,0.1
27,160,0,-8.52482269503546
27,161,0,-8.52482269503546
27,162,22,-8.52482269503546
27,163,79,74.8677685950413
27,164,281,179.389027431421
27,165,308,179.389027431421
27,166,-373,-262.04
27,167,-138,-162.786096256684
27,168,58,-32.1
27,169,20,-16.7090909090909
27,170,24,23.4393939393939
27,171,-59,-19.367816091954
27,172,-21,-33.9
27,173,159,106.434343434343
27,174,382,248.062111801242
27,175,-40,-88.2962962962963
27,176,-225,-162.786096256684
27,177,-197,-139.183673469388
27,178,-76,-1.25490196078431
27,179,-79,-1.25490196078431
27,180,-65,-61.4497041420118
27,181,-32,-33.9
27,182,-18,0.1
27,183,-10,0.1
27,184,0,-8.52482269503546
27,185,25,-8.52482269503546
27,186,79,74.8677685950413
27,187,215,179.389027431421
27,188,274,179.389027431421
27,189,-293,-262.04
27,190,-149,-162.786096256684
27,191,27,-32.1
27,192,2,23.4393939393939
27,193,-19,-8.52482269503546
27,194,-28,-8.52482269503546
27,195,67,-8.52482269503546
27,196,105,138.727272727273
27,197,272,248.062111801242
27,198,6,-122.761904761905
27,199,-201,-162.786096256684
27,200,-149,-32.1
27,201,-70,-1.25490196078431
27,202,-31,-33.9
27,203,-73,-8.52482269503546
27,204,-38,-61.4497041420118
27,205,-14,-33.9
27,206,-5,0.1
27,207,1,-8.52482269503546
27,208,-4,-8.52482269503546
27,209,20,-8.52482269503546
27,210,75,74.8677685950413
27,211,210,179.389027431421
27,212,318,179.389027431421
27,213,-337,-262.04
27,214,-146,-162.786096256684
27,215,83,-32.1
27,216,35,-16.7090909090909
27,217,-56,23.4393939393939
27,218,21,-33.9
27,219,-13,-19.367816091954
27,220,142,106.434343434343
27,221,303,248.062111801242
27,222,-46,-88.2962962962963
27,223,-177,-162.786096256684
27,224,-153,-139.183673469388
27,225,-93,-1.25490196078431
27,226,-29,-61.4497041420118
27,227,-64,-8.52482269503546
27,228,-39,-33.9
27,229,-25,-33.9
27,230,-19,0.1
27,231,0,-8.52482269503546
27,232,-6,-8.52482269503546
27,233,16,-8.52482269503546
27,234,63,74.8677685950413
27,235,212,179.389027431421
27,236,267,179.389027431421
27,237,-233,-262.04
27,238,-138,-162.786096256684
27,239,41,-32.1
27,240,89,74.8677685950413
27,241,36,-16.7090909090909
27,242,-10,-19.367816091954
27,243,4,-8.52482269503546
27,244,111,106.434343434343
27,245,275,248.062111801242
27,246,-67,-16.7090909090909
27,247,-244,-162.786096256684
27,248,-141,-139.183673469388
27,249,-97,-1.25490196078431
27,250,26,-61.4497041420118
27,251,-17,23.4393939393939
27,252,-102,-8.52482269503546
27,253,-26,-61.4497041420118
27,254,-14,106.434343434343
27,255,-24,-8.52482269503546
27,256,-18,-8.52482269503546
27,257,-7,-8.52482269503546
27,258,14,-8.52482269503546
27,259,43,74.8677685950413
27,260,96,74.8677685950413
27,261,105,179.389027431421
27,262,141,84.6296296296296
27,263,158,-40.6428571428571
27,264,114,-227.745098039216
27,265,0,-227.745098039216
27,266,-18,-102.383838383838
27,267,-2,-8.52482269503546
27,268,-76,-8.52482269503546
27,269,-22,-61.4497041420118
27,270,-79,-8.52482269503546
27,271,-22,-61.4497041420118
27,272,-138,0.1
27,273,-101,-61.4497041420118
27,274,-8,-61.4497041420118
27,275,-16,-8.52482269503546
27,276,-72,-8.52482269503546
27,277,-18,-61.4497041420118
27,278,-32,-8.52482269503546
27,279,-29,-8.52482269503546
27,280,-33,-8.52482269503546
27,281,-2,-8.52482269503546
27,282,6,-8.52482269503546
27,283,30,-8.52482269503546
27,284,51,74.8677685950413
27,285,154,138.727272727273
27,286,170,179.389027431421
27,287,107,-155.5
27,288,107,-227.745098039216
27,289,46,-6.87878787878788
27,290,-53,-6.87878787878788
27,291,-11,-33.9
27,292,-1,-8.52482269503546
27,293,7,-8.52482269503546
27,294,-144,0.1
27,295,-100,-61.4497041420118
27,296,-88,-61.4497041420118
27,297,-62,-61.4497041420118
27,298,-95,-33.9
27,299,-44,-61.4497041420118
27,300,-49,-33.9
27,301,-13,-33.9
27,302,-14,-8.52482269503546
27,303,-6,-8.52482269503546
27,304,-2,-8.52482269503546
27,305,32,-8.52482269503546
27,306,95,74.8677685950413
27,307,254,179.389027431421
27,308,210,179.389027431421
27,309,-300,-262.04
27,310,-73,-162.786096256684
27,311,27,-1.25490196078431
27,312,20,23.4393939393939
27,313,-8,23.4393939393939
27,314,25,-8.52482269503546
27,315,-13,-19.367816091954
27,316,83,106.434343434343
27,317,354,248.062111801242
27,318,-36,-16.7090909090909
27,319,-154,-162.786096256684
27,320,-147,-139.183673469388
27,321,-104,-61.4497041420118
27,322,-57,-61.4497041420118
27,323,-93,-33.9
27,324,-78,-61.4497041420118
27,325,-32,-61.4497041420118
27,326,-7,0.1
27,327,2,-8.52482269503546
27,328,3,-8.52482269503546
27,329,21,-8.52482269503546
27,330,114,74.8677685950413
27,331,317,179.389027431421
27,332,212,-88.2962962962963
27,333,-273,-262.04
27,334,-183,-162.786096256684
27,335,22,-1.25490196078431
27,336,5,-19.367816091954
27,337,-5,-8.52482269503546
27,338,18,-8.52482269503546
27,339,51,-19.367816091954
27,340,62,138.727272727273
27,341,411,248.062111801242
27,342,-6,-122.761904761905
27,343,-238,-162.786096256684
27,344,-135,-139.183673469388
27,345,-105,-1.25490196078431
27,346,-135,-61.4497041420118
27,347,-80,-61.4497041420118
27,348,-44,-61.4497041420118
27,349,-24,-33.9
27,350,-5,0.1
27,351,-3,-8.52482269503546
27,352,1,-8.52482269503546
27,353,27,-8.52482269503546
27,354,100,74.8677685950413
27,355,284,179.389027431421
27,356,158,179.389027431421
27,357,-311,-227.745098039216
27,358,-118,-102.383838383838
27,359,-28,-1.25490196078431
27,360,-9,-8.52482269503546
27,361,-46,-8.52482269503546
27,362,-13,-33.9
27,363,47,-8.52482269503546
27,364,137,138.727272727273
27,365,253,248.062111801242
27,366,17,-262.04
27,367,-137,-162.786096256684
27,368,-108,-139.183673469388
27,369,-71,-61.4497041420118
27,370,-27,-61.4497041420118
27,371,-92,-8.52482269503546
27,372,-45,-61.4497041420118
27,373,-12,-33.9
27,374,-7,0.1
27,375,-2,-8.52482269503546
27,376,0,-8.52482269503546
27,377,26,-8.52482269503546
27,378,90,74.8677685950413
27,379,286,179.389027431421
27,380,271,179.389027431421
27,381,-376,-262.04
27,382,-112,-162.786096256684
27,383,40,-32.1
27,384,35,23.4393939393939
27,385,-26,23.4393939393939
27,386,-1,-8.52482269503546
27,387,25,-8.52482269503546
27,388,125,106.434343434343
27,389,361,248.062111801242
27,390,28,-88.2962962962963
27,391,-190,-162.786096256684
27,392,-182,-139.183673469388
27,393,-137,-1.25490196078431
27,394,-19,-1.25490196078431
27,395,-104,-8.52482269503546
27,396,-80,-61.4497041420118
27,397,-39,-61.4497041420118
27,398,-4,-33.9
27,399,-11,-8.52482269503546
27,400,-7,-8.52482269503546
27,401,22,-8.52482269503546
27,402,88,74.8677685950413
27,403,246,179.389027431421
27,404,341,179.389027431421
27,405,-341,-262.04
27,406,-122,-162.786096256684
27,407,17,-32.1
27,408,108,74.8677685950413
27,409,19,-16.7090909090909
27,410,13,-19.367816091954
27,411,13,-19.367816091954
27,412,173,106.434343434343
27,413,239,248.062111801242
27,414,-151,-88.2962962962963
27,415,-176,-162.786096256684
27,416,-151,-61.4497041420118
27,417,-54,-1.25490196078431
27,418,-85,-33.9
27,419,-15,-61.4497041420118
27,420,-45,-8.52482269503546
27,421,-54,-33.9
27,422,-7,-33.9
27,423,-52,-8.52482269503546
27,424,-20,-33.9
27,425,-8,-8.52482269503546
27,426,30,-8.52482269503546
27,427,45,74.8677685950413
27,428,125,74.8677685950413
27,429,130,179.389027431421
27,430,151,-155.5
27,431,126,-227.745098039216
27,432,32,-227.745098039216
27,433,9,-102.383838383838
27,434,-40,23.4393939393939
27,435,19,-33.9
27,436,11,-19.367816091954
27,437,-71,-19.367816091954
27,438,-152,-61.4497041420118
27,439,-362,-61.4497041420118
27,440,-15,-61.4497041420118
27,441,63,-8.52482269503546
27,442,8,-16.7090909090909
27,443,-19,-8.52482269503546
27,444,26,-8.52482269503546
27,445,-44,74.8677685950413
27,446,-17,-33.9
27,447,-16,-8.52482269503546
27,448,-33,-8.52482269503546
27,449,-1,-8.52482269503546
27,450,6,-8.52482269503546
27,451,12,-8.52482269503546
27,452,27,23.4393939393939
27,453,28,74.8677685950413
27,454,-11,74.8677685950413
27,455,9,-8.52482269503546
27,456,-16,74.8677685950413
27,457,-9,-8.52482269503546
27,458,1,-8.52482269503546
27,459,-15,-8.52482269503546
27,460,-2,-8.52482269503546
27,461,-9,-8.52482269503546
27,462,12,-8.52482269503546
27,463,-4,23.4393939393939
27,464,0,-8.52482269503546
27,465,-24,-8.52482269503546
27,466,2,-8.52482269503546
27,467,4,-8.52482269503546
27,468,-11,-8.52482269503546
27,469,-4,-8.52482269503546
27,470,2,-8.52482269503546
27,471,-3,-8.52482269503546
27,472,2,-8.52482269503546
27,473,11,-8.52482269503546
27,474,31,23.4393939393939
27,475,162,-19.367816091954
27,476,275,138.727272727273
27,477,-210,-88.2962962962963
27,478,-172,-162.786096256684
27,479,1,-139.183673469388
27,480,28,-8.52482269503546
27,481,-22,-19.367816091954
27,482,7,-8.52482269503546
27,483,-2,-8.52482269503546
27,484,-9,106.434343434343
27,485,129,0.1
27,486,147,-16.7090909090909
27,487,-81,-88.2962962962963
27,488,-95,-102.383838383838
27,489,-51,-61.4497041420118
27,490,-63,-33.9
27,491,-30,-33.9
27,492,-46,-8.52482269503546
27,493,-6,-33.9
27,494,-4,0.1
27,495,-1,0.1
27,496,1,-8.52482269503546
27,497,19,-8.52482269503546
27,498,98,74.8677685950413
27,499,270,179.389027431421
27,500,221,179.389027431421
27,501,-303,-262.04
27,502,-146,-162.786096256684
27,503,22,-1.25490196078431
27,504,40,23.4393939393939
27,505,0,-19.367816091954
27,506,-8,-8.52482269503546
27,507,20,-8.52482269503546
27,508,126,106.434343434343
27,509,329,248.062111801242
27,510,-59,-88.2962962962963
27,511,-150,-162.786096256684
27,512,-197,-139.183673469388
27,513,-59,-61.4497041420118
27,514,-69,-1.25490196078431
27,515,-84,-33.9
27,516,-37,-61.4497041420118
27,517,-11,-33.9
27,518,-18,0.1
27,519,-4,-8.52482269503546
27,520,3,-8.52482269503546
27,521,18,-8.52482269503546
27,522,82,74.8677685950413
27,523,283,179.389027431421
27,524,265,179.389027431421
27,525,-333,-262.04
27,526,-139,-162.786096256684
27,527,37,-32.1
27,528,50,23.4393939393939
27,529,-41,-16.7090909090909
27,530,-5,-33.9
27,531,6,-8.52482269503546
27,532,147,106.434343434343
27,533,356,248.062111801242
27,534,-23,-88.2962962962963
27,535,-166,-162.786096256684
27,536,-163,-139.183673469388
27,537,-141,-61.4497041420118
27,538,-47,-61.4497041420118
27,539,-88,-33.9
27,540,-61,-61.4497041420118
27,541,-20,-33.9
27,542,-10,0.1
27,543,-7,-8.52482269503546
27,544,-3,-8.52482269503546
27,545,14,-8.52482269503546
27,546,110,74.8677685950413
27,547,98,179.389027431421
27,548,137,179.389027431421
27,549,-161,-40.6428571428571
27,550,-62,-102.383838383838
27,551,12,-33.9
27,552,53,23.4393939393939
27,553,-7,-16.7090909090909
27,554,-28,-8.52482269503546
27,555,35,-8.52482269503546
27,556,114,-19.367816091954
27,557,296,179.389027431421
27,558,50,-88.2962962962963
27,559,-200,-162.786096256684
27,560,-127,-139.183673469388
27,561,-87,-1.25490196078431
27,562,-67,-61.4497041420118
27,563,-71,-33.9
27,564,-39,-61.4497041420118
27,565,-38,-33.9
27,566,-13,-33.9
27,567,-19,-8.52482269503546
27,568,3,-8.52482269503546
27,569,13,-8.52482269503546
27,570,101,74.8677685950413
27,571,195,179.389027431421
27,572,277,179.389027431421
27,573,-258,-262.04
27,574,-98,-162.786096256684
27,575,-3,-32.1
27,576,74,-8.52482269503546
27,577,-1,-16.7090909090909
27,578,-6,-8.52482269503546
27,579,24,-8.52482269503546
27,580,116,106.434343434343
27,581,262,248.062111801242
27,582,-48,-88.2962962962963
27,583,-213,-162.786096256684
27,584,-152,-139.183673469388
27,585,-81,-1.25490196078431
27,586,-50,-61.4497041420118
27,587,-42,-33.9
27,588,-13,-33.9
27,589,-36,-8.52482269503546
27,590,-10,-33.9
27,591,-31,-8.52482269503546
27,592,-24,-8.52482269503546
27,593,3,-8.52482269503546
27,594,23,-8.52482269503546
27,595,27,74.8677685950413
27,596,103,74.8677685950413
27,597,56,179.389027431421
27,598,77,84.6296296296296
27,599,67,84.6296296296296
27,600,23,-6.87878787878788
27,601,8,23.4393939393939
27,602,51,-8.52482269503546
27,603,-32,-16.7090909090909
27,604,-32,-8.52482269503546
27,605,-54,-8.52482269503546
27,606,-232,-33.9
27,607,49,-61.4497041420118
27,608,-37,-16.7090909090909
27,609,-18,-33.9
27,610,-1,-8.52482269503546
27,611,-41,-8.52482269503546
27,612,-6,-33.9
27,613,6,-8.52482269503546
27,614,-2,-8.52482269503546
27,615,-24,-8.52482269503546
27,616,-12,-8.52482269503546
27,617,2,-8.52482269503546
27,618,1,-8.52482269503546
27,619,20,-8.52482269503546
27,620,80,74.8677685950413
27,621,78,124.038461538462
27,622,195,138.727272727273
27,623,31,-40.6428571428571
27,624,173,-102.383838383838
27,625,11,-6.87878787878788
27,626,58,-102.383838383838
27,627,-50,-6.87878787878788
27,628,-16,-33.9
27,629,-65,-8.52482269503546
27,630,-35,-33.9
27,631,-112,0.1
27,632,-132,-61.4497041420118
27,633,-39,-61.4497041420118
27,634,-96,-33.9
27,635,-26,-61.4497041420118
27,636,-34,-8.52482269503546
27,637,-24,-8.52482269503546
27,638,-16,-8.52482269503546
27,639,-4,-8.52482269503546
27,640,-2,-8.52482269503546
27,641,18,-8.52482269503546
27,642,103,74.8677685950413
27,643,226,179.389027431421
27,644,247,179.389027431421
27,645,-328,-262.04
27,646,-111,-162.786096256684
27,647,6,-32.1
27,648,62,-8.52482269503546
27,649,22,-16.7090909090909
27,650,-29,-19.367816091954
27,651,13,-8.52482269503546
27,652,116,106.434343434343
27,653,336,248.062111801242
27,654,-19,-88.2962962962963
27,655,-193,-162.786096256684
27,656,-162,-139.183673469388
27,657,-88,-1.25490196078431
27,658,-87,-61.4497041420118
27,659,-74,-61.4497041420118
27,660,-25,-61.4497041420118
27,661,-14,-8.52482269503546
27,662,-13,0.1
27,663,-5,-8.52482269503546
27,664,5,-8.52482269503546
27,665,9,-8.52482269503546
27,666,9,74.8677685950413
27,667,143,74.8677685950413
27,668,388,179.389027431421
27,669,-208,-88.2962962962963
27,670,-175,-162.786096256684
27,671,55,-139.183673469388
27,672,40,-16.7090909090909
27,673,-20,-19.367816091954
27,674,-45,-8.52482269503546
27,675,30,-33.9
27,676,120,106.434343434343
27,677,327,248.062111801242
27,678,62,-88.2962962962963
27,679,-256,-162.786096256684
27,680,-152,-139.183673469388
27,681,-53,-1.25490196078431
27,682,-71,-33.9
27,683,-116,-61.4497041420118
27,684,-48,-61.4497041420118
27,685,-32,-33.9
27,686,1,0.1
27,687,-10,-8.52482269503546
27,688,-2,-8.52482269503546
27,689,29,-8.52482269503546
27,690,87,74.8677685950413
27,691,238,179.389027431421
27,692,308,179.389027431421
27,693,-351,-262.04
27,694,-140,-162.786096256684
27,695,9,-32.1
27,696,61,23.4393939393939
27,697,-17,-16.7090909090909
27,698,12,-8.52482269503546
27,699,16,-19.367816091954
27,700,111,106.434343434343
27,701,362,248.062111801242
27,702,84,-16.7090909090909
27,703,-309,-227.745098039216
27,704,-166,-139.183673469388
27,705,-99,-1.25490196078431
27,706,-66,-61.4497041420118
27,707,-75,-33.9
27,708,-8,-61.4497041420118
27,709,-66,-8.52482269503546
27,710,-7,-33.9
27,711,-11,-8.52482269503546
27,712,-4,-8.52482269503546
27,713,19,-8.52482269503546
27,714,115,74.8677685950413
27,715,248,179.389027431421
27,716,243,-88.2962962962963
27,717,-323,-262.04
27,718,-136,-162.786096256684
27,719,33,-32.1
27,720,100,23.4393939393939
27,721,-36,-16.7090909090909
27,722,-61,-33.9
27,723,79,-33.9
27,724,87,84.6296296296296
27,725,334,248.062111801242
27,726,2,-122.761904761905
27,727,-184,-162.786096256684
27,728,-102,-32.1
27,729,-121,-1.25490196078431
27,730,-53,-61.4497041420118
27,731,-125,-33.9
27,732,-32,-61.4497041420118
27,733,-41,-8.52482269503546
27,734,-37,-33.9
27,735,3,-33.9
27,736,-10,-8.52482269503546
27,737,20,-8.52482269503546
27,738,111,74.8677685950413
27,739,221,179.389027431421
27,740,262,179.389027431421
27,741,-324,-262.04
27,742,-95,-162.786096256684
27,743,59,-32.1
27,744,-87,-16.7090909090909
27,745,107,-61.4497041420118
27,746,-36,-122.761904761905
27,747,101,-33.9
27,748,97,138.727272727273
27,749,203,248.062111801242
27,750,-2,-6.87878787878788
27,751,-189,-162.786096256684
27,752,-139,-61.4497041420118
27,753,-78,-1.25490196078431
27,754,-3,-61.4497041420118
27,755,24,-8.52482269503546
27,756,-103,-19.367816091954
27,757,-46,-61.4497041420118
27,758,-32,-33.9
27,759,-43,-8.52482269503546
27,760,-23,-33.9
27,761,13,-8.52482269503546
27,762,20,23.4393939393939
27,763,45,23.4393939393939
27,764,110,74.8677685950413
27,765,87,84.6296296296296
27,766,148,84.6296296296296
27,767,143,-40.6428571428571
27,768,-25,-227.745098039216
27,769,-26,-102.383838383838
27,770,-96,-8.52482269503546
27,771,113,-61.4497041420118
27,772,-1,-16.7090909090909
27,773,-38,-102.383838383838
27,774,-68,-33.9
27,775,-29,-33.9
27,776,-96,106.434343434343
27,777,-40,-61.4497041420118
27,778,-52,-33.9
27,779,-68,-33.9
27,780,-15,-33.9
27,781,-13,-8.52482269503546
27,782,-28,-8.52482269503546
27,783,-65,-8.52482269503546
27,784,-12,-33.9
27,785,-5,-8.52482269503546
27,786,6,-8.52482269503546
27,787,19,-8.52482269503546
27,788,78,74.8677685950413
27,789,77,138.727272727273
27,790,142,179.389027431421
27,791,81,-40.6428571428571
27,792,144,-102.383838383838
27,793,7,-6.87878787878788
27,794,-47,-102.383838383838
27,795,53,-33.9
27,796,-27,-16.7090909090909
27,797,-33,-8.52482269503546
27,798,-48,-8.52482269503546
27,799,-80,-33.9
27,800,-107,-61.4497041420118
27,801,-73,-61.4497041420118
27,802,-46,-61.4497041420118
27,803,-55,-33.9
27,804,-68,-33.9
27,805,-25,-33.9
27,806,-3,-8.52482269503546
27,807,-1,-8.52482269503546
27,808,-3,-8.52482269503546
27,809,21,-8.52482269503546
27,810,119,74.8677685950413
27,811,243,179.389027431421
27,812,254,-88.2962962962963
27,813,-289,-262.04
27,814,-160,-162.786096256684
27,815,23,-32.1
27,816,50,23.4393939393939
27,817,9,-16.7090909090909
27,818,-33,-19.367816091954
27,819,23,-8.52482269503546
27,820,126,106.434343434343
27,821,381,248.062111801242
27,822,-89,-88.2962962962963
27,823,-134,-162.786096256684
27,824,-223,-139.183673469388
27,825,-76,-61.4497041420118
27,826,-74,-1.25490196078431
27,827,-60,-61.4497041420118
27,828,-75,-33.9
27,829,-29,-61.4497041420118
27,830,7,0.1
27,831,-10,-8.52482269503546
27,832,-1,-8.52482269503546
27,833,15,-8.52482269503546
27,834,145,74.8677685950413
27,835,298,179.389027431421
27,836,178,-88.2962962962963
27,837,-346,-227.745098039216
27,838,-138,-102.383838383838
27,839,60,-1.25490196078431
27,840,46,-16.7090909090909
27,841,-44,-16.7090909090909
27,842,-148,-33.9
27,843,63,-61.4497041420118
27,844,255,84.6296296296296
27,845,328,248.062111801242
27,846,-7,-262.04
27,847,-252,-162.786096256684
27,848,-156,-32.1
27,849,-79,-1.25490196078431
27,850,-76,-61.4497041420118
27,851,-84,-61.4497041420118
27,852,-28,-61.4497041420118
27,853,-21,0.1
27,854,-13,0.1
27,855,1,-8.52482269503546
27,856,3,-8.52482269503546
27,857,23,-8.52482269503546
27,858,98,74.8677685950413
27,859,292,179.389027431421
27,860,204,179.389027431421
27,861,-297,-262.04
27,862,-172,-162.786096256684
27,863,48,-1.25490196078431
27,864,79,-16.7090909090909
27,865,-14,-16.7090909090909
27,866,-23,-8.52482269503546
27,867,16,-8.52482269503546
27,868,98,106.434343434343
27,869,348,248.062111801242
27,870,-333,-16.7090909090909
27,871,-274,-162.786096256684
27,872,-47,-139.183673469388
27,873,-17,-1.25490196078431
27,874,33,-8.52482269503546
27,875,-12,23.4393939393939
27,876,-22,-8.52482269503546
27,877,-22,-8.52482269503546
27,878,-8,186.727272727273
27,879,0,-8.52482269503546
27,880,-1,-8.52482269503546
27,881,22,-8.52482269503546
27,882,115,23.4393939393939
27,883,262,138.727272727273
27,884,229,-88.2962962962963
27,885,-269,-262.04
27,886,-207,-162.786096256684
27,887,102,-1.25490196078431
27,888,16,-16.7090909090909
27,889,46,23.4393939393939
27,890,-71,-122.761904761905
27,891,24,-61.4497041420118
27,892,150,106.434343434343
27,893,311,248.062111801242
27,894,38,-88.2962962962963
27,895,-217,-162.786096256684
27,896,-179,-139.183673469388
27,897,-144,-1.25490196078431
27,898,2,-1.25490196078431
27,899,-97,-8.52482269503546
27,900,-71,-61.4497041420118
27,901,-18,-61.4497041420118
27,902,-15,106.434343434343
27,903,-18,-8.52482269503546
27,904,-4,-8.52482269503546
27,905,17,-8.52482269503546
27,906,109,23.4393939393939
27,907,216,179.389027431421
27,908,269,179.389027431421
27,909,-298,-262.04
27,910,-112,-162.786096256684
27,911,81,-32.1
27,912,57,-16.7090909090909
27,913,15,-16.7090909090909
27,914,-29,-19.367816091954
27,915,105,-8.52482269503546
27,916,86,84.6296296296296
27,917,254,248.062111801242
27,918,-183,-6.87878787878788
27,919,-93,-162.786096256684
27,920,-162,-32.1
27,921,-71,-61.4497041420118
27,922,-36,-61.4497041420118
27,923,-54,-33.9
27,924,-44,-33.9
27,925,-43,-33.9
27,926,-37,-33.9
27,927,-22,-33.9
27,928,-25,-8.52482269503546
27,929,4,-8.52482269503546
27,930,20,-8.52482269503546
27,931,34,74.8677685950413
27,932,111,74.8677685950413
27,933,157,179.389027431421
27,934,76,-40.6428571428571
27,935,111,-102.383838383838
27,936,37,-6.87878787878788
27,937,100,23.4393939393939
27,938,-44,-6.87878787878788
27,939,-25,-33.9
27,940,1,-8.52482269503546
27,941,-15,-8.52482269503546
27,942,-30,0.1
27,943,-107,-8.52482269503546
27,944,-152,-61.4497041420118
27,945,-57,-61.4497041420118
27,946,44,-33.9
27,947,-98,74.8677685950413
27,948,-78,-61.4497041420118
27,949,-4,-61.4497041420118
27,950,-12,-8.52482269503546
27,951,-54,-8.52482269503546
27,952,-19,-33.9
27,953,3,-8.52482269503546
27,954,9,-8.52482269503546
27,955,39,74.8677685950413
27,956,96,74.8677685950413
27,957,66,138.727272727273
27,958,128,84.6296296296296
27,959,78,-40.6428571428571
27,960,103,-102.383838383838
27,961,71,-6.87878787878788
27,962,-50,-6.87878787878788
27,963,-53,-33.9
27,964,65,-33.9
27,965,-86,-16.7090909090909
27,966,-89,-61.4497041420118
27,967,-50,-61.4497041420118
27,968,-109,-33.9
27,969,-61,-61.4497041420118
27,970,-38,-33.9
27,971,-57,-33.9
27,972,-39,-33.9
27,973,-24,-33.9
27,974,-9,-8.52482269503546
27,975,0,-8.52482269503546
27,976,4,-8.52482269503546
27,977,20,-8.52482269503546
27,978,39,74.8677685950413
27,979,10,74.8677685950413
27,980,81,74.8677685950413
27,981,-46,84.6296296296296
27,982,-51,-33.9
27,983,20,-33.9
27,984,106,23.4393939393939
27,985,-9,-16.7090909090909
27,986,-5,-8.52482269503546
27,987,25,-8.52482269503546
27,988,-85,-19.367816091954
27,989,118,-61.4497041420118
27,990,71,-16.7090909090909
27,991,4,-102.383838383838
27,992,-115,-8.52482269503546
27,993,-37,-61.4497041420118
27,994,-23,-33.9
27,995,-54,-8.52482269503546
27,996,-43,-33.9
27,997,-13,-33.9
27,998,-15,-8.52482269503546
27,999,2,-8.52482269503546
27,1000,-1,-8.52482269503546
27,1001,3,-8.52482269503546
27,1002,16,-8.52482269503546
27,1003,68,74.8677685950413
27,1004,317,179.389027431421
27,1005,-54,138.727272727273
27,1006,-184,-162.786096256684
27,1007,53,-139.183673469388
27,1008,40,-16.7090909090909
27,1009,-25,23.4393939393939
27,1010,-55,-8.52482269503546
27,1011,72,-33.9
27,1012,118,84.6296296296296
27,1013,304,179.389027431421
27,1014,55,-262.04
27,1015,-221,-162.786096256684
27,1016,-249,-32.1
27,1017,-154,-1.25490196078431
27,1018,-26,-1.25490196078431
27,1019,-12,-8.52482269503546
27,1020,-32,-8.52482269503546
27,1021,-18,-8.52482269503546
27,1022,-2,0.1
27,1023,-13,-8.52482269503546
27,1024,-2,-8.52482269503546
27,1025,34,-8.52482269503546
27,1026,120,74.8677685950413
27,1027,282,138.727272727273
27,1028,210,-88.2962962962963
27,1029,-303,-262.04
27,1030,-155,-162.786096256684
27,1031,75,-1.25490196078431
27,1032,63,-16.7090909090909
27,1033,20,-16.7090909090909
27,1034,-87,-19.367816091954
27,1035,11,-61.4497041420118
27,1036,172,106.434343434343
27,1037,427,248.062111801242
27,1038,-27,-88.2962962962963
27,1039,-256,-162.786096256684
27,1040,-131,-139.183673469388
27,1041,-66,-1.25490196078431
27,1042,-107,-33.9
27,1043,-153,-61.4497041420118
27,1044,-54,-61.4497041420118
27,1045,-51,-33.9
27,1046,-12,-33.9
27,1047,-13,-8.52482269503546
27,1048,13,-8.52482269503546
27,1049,19,74.8677685950413
27,1050,124,74.8677685950413
27,1051,315,179.389027431421
27,1052,160,-88.2962962962963
27,1053,-288,-227.745098039216
27,1054,-141,-102.383838383838
27,1055,74,-1.25490196078431
27,1056,69,-16.7090909090909
27,1057,-21,-16.7090909090909
27,1058,-57,-8.52482269503546
27,1059,46,-33.9
27,1060,114,84.6296296296296
27,1061,422,248.062111801242
27,1062,16,-262.04
27,1063,-331,-162.786096256684
27,1064,-91,-139.183673469388
27,1065,-147,-1.25490196078431
27,1066,-48,-61.4497041420118
27,1067,-85,-33.9
27,1068,-96,-61.4497041420118
27,1069,-21,-61.4497041420118
27,1070,-28,0.1
27,1071,-7,-8.52482269503546
27,1072,-3,-8.52482269503546
27,1073,23,-8.52482269503546
27,1074,148,74.8677685950413
27,1075,333,179.389027431421
27,1076,230,-88.2962962962963
27,1077,-384,-262.04
27,1078,-106,-162.786096256684
27,1079,79,-1.25490196078431
27,1080,26,-16.7090909090909
27,1081,35,23.4393939393939
27,1082,-45,-19.367816091954
27,1083,41,-33.9
27,1084,177,106.434343434343
27,1085,244,248.062111801242
27,1086,-143,-88.2962962962963
27,1087,-186,-162.786096256684
27,1088,-146,-139.183673469388
27,1089,-79,-1.25490196078431
27,1090,-7,-61.4497041420118
27,1091,-77,-8.52482269503546
27,1092,-26,-61.4497041420118
27,1093,-44,0.1
27,1094,-35,-33.9
27,1095,-36,-8.52482269503546
27,1096,-19,-33.9
27,1097,-2,-8.52482269503546
27,1098,38,-8.52482269503546
27,1099,45,74.8677685950413
27,1100,100,74.8677685950413
27,1101,97,179.389027431421
27,1102,160,84.6296296296296
27,1103,134,-40.6428571428571
27,1104,56,-227.745098039216
27,1105,62,-102.383838383838
27,1106,26,-6.87878787878788
27,1107,-58,-19.367816091954
27,1108,-30,-33.9
27,1109,-16,-8.52482269503546
27,1110,19,-8.52482269503546
27,1111,-213,0.1
27,1112,-117,-61.4497041420118
27,1113,-56,-1.25490196078431
27,1114,79,-33.9
27,1115,-99,179.389027431421
27,1116,-69,-61.4497041420118
27,1117,-40,-33.9
27,1118,-32,-33.9
27,1119,-32,-8.52482269503546
27,1120,-50,-8.52482269503546
27,1121,-8,-33.9
27,1122,17,-8.52482269503546
27,1123,65,74.8677685950413
27,1124,81,179.389027431421
27,1125,142,179.389027431421
27,1126,119,-40.6428571428571
27,1127,149,-227.745098039216
27,1128,56,-227.745098039216
27,1129,-30,-102.383838383838
27,1130,-64,-8.52482269503546
27,1131,-41,-33.9
27,1132,75,-33.9
27,1133,-28,-16.7090909090909
27,1134,-75,0.1
27,1135,-72,-61.4497041420118
27,1136,-128,-61.4497041420118
27,1137,-41,-61.4497041420118
27,1138,-88,-33.9
27,1139,-59,-61.4497041420118
27,1140,-46,-33.9
27,1141,-25,-33.9
27,1142,-4,-8.52482269503546
27,1143,-9,-8.52482269503546
27,1144,5,-8.52482269503546
27,1145,8,-8.52482269503546
27,1146,64,-8.52482269503546
27,1147,74,179.389027431421
27,1148,117,179.389027431421
27,1149,-84,84.6296296296296
27,1150,-87,-102.383838383838
27,1151,7,-61.4497041420118
27,1152,64,-8.52482269503546
27,1153,14,-16.7090909090909
27,1154,-4,-19.367816091954
27,1155,45,-8.52482269503546
27,1156,90,-19.367816091954
27,1157,193,84.6296296296296
27,1158,22,-6.87878787878788
27,1159,-82,-102.383838383838
27,1160,-112,-61.4497041420118
27,1161,-95,-61.4497041420118
27,1162,-99,-61.4497041420118
27,1163,-45,-61.4497041420118
27,1164,-61,-33.9
27,1165,-9,-33.9
27,1166,-16,0.1
27,1167,-6,-8.52482269503546
27,1168,2,-8.52482269503546
27,1169,10,-8.52482269503546
27,1170,120,74.8677685950413
27,1171,187,179.389027431421
27,1172,266,-88.2962962962963
27,1173,-257,-262.04
27,1174,-133,-162.786096256684
27,1175,-11,-32.1
27,1176,65,-8.52482269503546
27,1177,-11,-16.7090909090909
27,1178,-21,-8.52482269503546
27,1179,23,-8.52482269503546
27,1180,141,106.434343434343
27,1181,399,248.062111801242
27,1182,0,-88.2962962962963
27,1183,-421,-162.786096256684
27,1184,9,-139.183673469388
27,1185,-112,74.8677685950413
27,1186,-87,-61.4497041420118
27,1187,-69,-61.4497041420118
27,1188,-58,-33.9
27,1189,-15,-33.9
27,1190,-20,0.1
27,1191,-7,-8.52482269503546
27,1192,-2,-8.52482269503546
27,1193,32,-8.52482269503546
27,1194,125,74.8677685950413
27,1195,308,179.389027431421
27,1196,251,-88.2962962962963
27,1197,-422,-262.04
27,1198,-106,-162.786096256684
27,1199,6,-32.1
27,1200,51,-8.52482269503546
27,1201,22,-16.7090909090909
27,1202,-22,-19.367816091954
27,1203,9,-8.52482269503546
27,1204,21,106.434343434343
27,1205,7,186.727272727273
27,1206,42,-8.52482269503546
27,1207,49,23.4393939393939
27,1208,-81,124.038461538462
27,1209,-50,-61.4497041420118
27,1210,-86,-33.9
27,1211,-53,-61.4497041420118
27,1212,-50,-33.9
27,1213,-26,-33.9
27,1214,-14,-8.52482269503546
27,1215,-12,-8.52482269503546
27,1216,1,-8.52482269503546
27,1217,25,-8.52482269503546
27,1218,126,74.8677685950413
27,1219,259,179.389027431421
27,1220,277,-88.2962962962963
27,1221,-391,-262.04
27,1222,-116,-162.786096256684
27,1223,36,-32.1
27,1224,68,23.4393939393939
27,1225,13,-16.7090909090909
27,1226,-50,-19.367816091954
27,1227,39,-33.9
27,1228,99,106.434343434343
27,1229,408,248.062111801242
27,1230,-46,-6.87878787878788
27,1231,-260,-162.786096256684
27,1232,-94,-139.183673469388
27,1233,-113,-1.25490196078431
27,1234,-42,-61.4497041420118
27,1235,-76,-33.9
27,1236,-94,-61.4497041420118
27,1237,-31,-61.4497041420118
27,1238,-19,0.1
27,1239,-9,-8.52482269503546
27,1240,-5,-8.52482269503546
27,1241,21,-8.52482269503546
27,1242,83,74.8677685950413
27,1243,246,179.389027431421
27,1244,224,179.389027431421
27,1245,-243,-262.04
27,1246,-108,-162.786096256684
27,1247,51,-1.25490196078431
27,1248,38,-16.7090909090909
27,1249,12,23.4393939393939
27,1250,34,-19.367816091954
27,1251,99,-19.367816091954
27,1252,118,84.6296296296296
27,1253,69,248.062111801242
27,1254,-131,-102.383838383838
27,1255,-118,-61.4497041420118
27,1256,-54,-61.4497041420118
27,1257,-95,-33.9
27,1258,-43,-61.4497041420118
27,1259,-46,-33.9
27,1260,-50,-33.9
27,1261,-34,-33.9
27,1262,-18,-8.52482269503546
27,1263,-33,-8.52482269503546
27,1264,-29,-8.52482269503546
27,1265,8,-8.52482269503546
27,1266,21,-8.52482269503546
27,1267,23,74.8677685950413
27,1268,87,74.8677685950413
27,1269,148,84.6296296296296
27,1270,148,-40.6428571428571
27,1271,83,-227.745098039216
27,1272,9,-227.745098039216
27,1273,10,23.4393939393939
27,1274,25,-19.367816091954
27,1275,-51,-19.367816091954
27,1276,-9,-33.9
27,1277,-42,-8.52482269503546
27,1278,-47,-33.9
27,1279,-42,-33.9
27,1280,-118,-33.9
27,1281,-4,-61.4497041420118
27,1282,-47,-8.52482269503546
27,1283,-54,-33.9
27,1284,-13,-33.9
27,1285,-59,-8.52482269503546
27,1286,-17,-33.9
27,1287,-25,-8.52482269503546
27,1288,-25,-8.52482269503546
27,1289,-4,-8.52482269503546
27,1290,15,-8.52482269503546
27,1291,30,74.8677685950413
27,1292,99,74.8677685950413
27,1293,119,179.389027431421
27,1294,154,84.6296296296296
27,1295,95,-227.745098039216
27,1296,51,-227.745098039216
27,1297,-72,-6.87878787878788
27,1298,49,-61.4497041420118
27,1299,-12,-6.87878787878788
27,1300,-34,-8.52482269503546
27,1301,21,-8.52482269503546
27,1302,-4,-19.367816091954
27,1303,-76,106.434343434343
27,1304,-50,-61.4497041420118
27,1305,-249,-33.9
27,1306,-84,-61.4497041420118
27,1307,37,-1.25490196078431
27,1308,-31,74.8677685950413
27,1309,-6,-8.52482269503546
27,1310,-11,-8.52482269503546
27,1311,-30,-8.52482269503546
27,1312,-12,-8.52482269503546
27,1313,3,-8.52482269503546
27,1314,11,-8.52482269503546
27,1315,47,23.4393939393939
27,1316,88,179.389027431421
27,1317,108,138.727272727273
27,1318,101,84.6296296296296
27,1319,112,84.6296296296296
27,1320,49,-6.87878787878788
27,1321,31,-102.383838383838
27,1322,-91,-19.367816091954
27,1323,-5,-61.4497041420118
27,1324,41,-8.52482269503546
27,1325,-96,-19.367816091954
27,1326,-22,-61.4497041420118
27,1327,12,-8.52482269503546
27,1328,-78,-19.367816091954
27,1329,-70,-61.4497041420118
27,1330,-90,-33.9
27,1331,-75,-61.4497041420118
27,1332,-37,-61.4497041420118
27,1333,-31,-33.9
27,1334,-6,-8.52482269503546
27,1335,-5,-8.52482269503546
27,1336,2,-8.52482269503546
27,1337,28,-8.52482269503546
27,1338,121,74.8677685950413
27,1339,296,179.389027431421
27,1340,184,-88.2962962962963
27,1341,-377,-227.745098039216
27,1342,-74,-102.383838383838
27,1343,14,-1.25490196078431
27,1344,40,23.4393939393939
27,1345,2,-19.367816091954
27,1346,-1,-8.52482269503546
27,1347,18,-8.52482269503546
27,1348,137,106.434343434343
27,1349,388,248.062111801242
27,1350,-71,-88.2962962962963
27,1351,-184,-162.786096256684
27,1352,-322,-139.183673469388
27,1353,-133,-1.25490196078431
27,1354,-16,-1.25490196078431
27,1355,-5,-8.52482269503546
27,1356,-14,-8.52482269503546
27,1357,-32,0.1
27,1358,1,106.434343434343
27,1359,0,-8.52482269503546
27,1360,1,-8.52482269503546
27,1361,35,-8.52482269503546
27,1362,103,74.8677685950413
27,1363,339,138.727272727273
27,1364,188,138.727272727273
27,1365,-366,-262.04
27,1366,-128,-102.383838383838
27,1367,31,-1.25490196078431
27,1368,45,23.4393939393939
27,1369,36,-19.367816091954
27,1370,-37,-19.367816091954
27,1371,23,-33.9
27,1372,123,106.434343434343
27,1373,441,248.062111801242
27,1374,-43,-88.2962962962963
27,1375,-240,-162.786096256684
27,1376,-125,-139.183673469388
27,1377,-127,-1.25490196078431
27,1378,-87,-61.4497041420118
27,1379,-57,-61.4497041420118
27,1380,-99,-33.9
27,1381,-35,-61.4497041420118
27,1382,-12,0.1
27,1383,-6,-8.52482269503546
27,1384,0,-8.52482269503546
27,1385,25,-8.52482269503546
27,1386,145,74.8677685950413
27,1387,329,179.389027431421
27,1388,186,-88.2962962962963
27,1389,-382,-262.04
27,1390,-91,-102.383838383838
27,1391,-2,-1.25490196078431
27,1392,74,-8.52482269503546
27,1393,1,-16.7090909090909
27,1394,-39,-8.52482269503546
27,1395,36,-33.9
27,1396,197,106.434343434343
27,1397,340,248.062111801242
27,1398,-42,-88.2962962962963
27,1399,-194,-162.786096256684
27,1400,-112,-139.183673469388
27,1401,-120,-1.25490196078431
27,1402,-95,-61.4497041420118
27,1403,-124,-61.4497041420118
27,1404,-54,-61.4497041420118
27,1405,-52,-33.9
27,1406,-18,-33.9
27,1407,-12,-8.52482269503546
27,1408,2,-8.52482269503546
27,1409,39,-8.52482269503546
27,1410,96,74.8677685950413
27,1411,261,179.389027431421
27,1412,292,179.389027431421
27,1413,-396,-262.04
27,1414,-94,-162.786096256684
27,1415,31,-32.1
27,1416,75,23.4393939393939
27,1417,6,-16.7090909090909
27,1418,-62,-8.52482269503546
27,1419,4,-33.9
27,1420,-36,106.434343434343
27,1421,5,-33.9
27,1422,-117,-8.52482269503546
27,1423,-65,-61.4497041420118
27,1424,-6,-33.9
27,1425,46,-8.52482269503546
27,1426,-62,124.038461538462
27,1427,50,-33.9
27,1428,13,-122.761904761905
27,1429,-10,23.4393939393939
27,1430,-35,-8.52482269503546
27,1431,-15,-8.52482269503546
27,1432,-13,-8.52482269503546
27,1433,-1,-8.52482269503546
27,1434,24,-8.52482269503546
27,1435,50,23.4393939393939
27,1436,124,138.727272727273
27,1437,122,138.727272727273
27,1438,161,-155.5
27,1439,43,-227.745098039216
27,1440,132,-102.383838383838
27,1441,11,-6.87878787878788
27,1442,-32,-102.383838383838
27,1443,55,-8.52482269503546
27,1444,-58,-16.7090909090909
27,1445,-58,-33.9
27,1446,-74,-33.9
27,1447,42,-61.4497041420118
27,1448,-155,-19.367816091954
27,1449,-83,-61.4497041420118
27,1450,-88,-61.4497041420118
27,1451,10,-61.4497041420118
27,1452,-69,74.8677685950413
27,1453,-48,-33.9
27,1454,-32,-33.9
27,1455,-39,-8.52482269503546
27,1456,-37,-33.9
27,1457,-1,-33.9
27,1458,10,-8.52482269503546
27,1459,13,23.4393939393939
27,1460,105,74.8677685950413
27,1461,160,179.389027431421
27,1462,104,-40.6428571428571
27,1463,107,-227.745098039216
27,1464,173,-6.87878787878788
27,1465,2,-6.87878787878788
27,1466,-8,-102.383838383838
27,1467,-34,-8.52482269503546
27,1468,18,-8.52482269503546
27,1469,-84,-19.367816091954
27,1470,-82,-61.4497041420118
27,1471,-43,-61.4497041420118
27,1472,-139,-33.9
27,1473,-68,-61.4497041420118
27,1474,-20,-33.9
27,1475,-118,-8.52482269503546
27,1476,-59,-61.4497041420118
27,1477,-35,-33.9
27,1478,-3,-8.52482269503546
27,1479,-6,-8.52482269503546
27,1480,3,-8.52482269503546
27,1481,27,-8.52482269503546
27,1482,104,74.8677685950413
27,1483,378,179.389027431421
27,1484,148,179.389027431421
27,1485,-383,-227.745098039216
27,1486,-95,-102.383838383838
27,1487,52,-1.25490196078431
27,1488,43,-16.7090909090909
27,1489,-8,-19.367816091954
27,1490,-4,-8.52482269503546
27,1491,22,-8.52482269503546
27,1492,156,106.434343434343
27,1493,386,248.062111801242
27,1494,-12,-88.2962962962963
27,1495,-177,-162.786096256684
27,1496,-184,-139.183673469388
27,1497,-196,-1.25490196078431
27,1498,-97,-1.25490196078431
27,1499,-82,-1.25490196078431
27,1500,-52,-61.4497041420118
27,1501,-14,-33.9
27,1502,-12,0.1
27,1503,-3,-8.52482269503546
27,1504,0,-8.52482269503546
27,1505,31,-8.52482269503546
27,1506,148,74.8677685950413
27,1507,385,179.389027431421
27,1508,141,-88.2962962962963
27,1509,-375,-227.745098039216
27,1510,-159,-102.383838383838
27,1511,51,-1.25490196078431
27,1512,20,-16.7090909090909
27,1513,20,23.4393939393939
27,1514,9,-19.367816091954
27,1515,-4,106.434343434343
27,1516,201,106.434343434343
27,1517,377,248.062111801242
27,1518,-60,-88.2962962962963
27,1519,-277,-162.786096256684
27,1520,-98,-139.183673469388
27,1521,-132,-1.25490196078431
27,1522,-90,-61.4497041420118
27,1523,-80,-61.4497041420118
27,1524,-64,-61.4497041420118
27,1525,-22,-33.9
27,1526,-16,0.1
27,1527,-3,-8.52482269503546
27,1528,2,-8.52482269503546
27,1529,28,-8.52482269503546
27,1530,134,74.8677685950413
27,1531,375,179.389027431421
27,1532,121,-88.2962962962963
27,1533,-365,-227.745098039216
27,1534,-100,-102.383838383838
27,1535,23,-1.25490196078431
27,1536,89,23.4393939393939
27,1537,-12,-16.7090909090909
27,1538,-1,-8.52482269503546
27,1539,-2,106.434343434343
27,1540,152,106.434343434343
27,1541,272,248.062111801242
27,1542,58,-88.2962962962963
27,1543,-244,-162.786096256684
27,1544,-130,-139.183673469388
27,1545,-110,-1.25490196078431
27,1546,-50,-61.4497041420118
27,1547,-125,-33.9
27,1548,-64,-61.4497041420118
27,1549,-37,-33.9
27,1550,-10,-33.9
27,1551,-7,-8.52482269503546
27,1552,1,-8.52482269503546
27,1553,28,-8.52482269503546
27,1554,136,74.8677685950413
27,1555,356,179.389027431421
27,1556,155,-88.2962962962963
27,1557,-344,-227.745098039216
27,1558,-127,-102.383838383838
27,1559,27,-1.25490196078431
27,1560,99,23.4393939393939
27,1561,-21,-16.7090909090909
27,1562,-50,-8.52482269503546
27,1563,68,-33.9
27,1564,133,84.6296296296296
27,1565,403,248.062111801242
27,1566,-56,-262.04
27,1567,-211,-162.786096256684
27,1568,-124,-32.1
27,1569,-165,-1.25490196078431
27,1570,-85,-61.4497041420118
27,1571,-51,-61.4497041420118
27,1572,-100,-33.9
27,1573,-48,-61.4497041420118
27,1574,-10,-33.9
27,1575,-11,-8.52482269503546
27,1576,2,-8.52482269503546
27,1577,19,-8.52482269503546
27,1578,110,74.8677685950413
27,1579,289,179.389027431421
27,1580,272,179.389027431421
27,1581,-318,-262.04
27,1582,-133,-162.786096256684
27,1583,15,-32.1
27,1584,105,23.4393939393939
27,1585,47,-16.7090909090909
27,1586,-43,-16.7090909090909
27,1587,24,-33.9
27,1588,126,106.434343434343
27,1589,270,248.062111801242
27,1590,-70,-88.2962962962963
27,1591,-168,-162.786096256684
27,1592,-147,-139.183673469388
27,1593,-69,-1.25490196078431
27,1594,-48,-33.9
27,1595,-76,-33.9
27,1596,-9,-61.4497041420118
27,1597,-83,-8.52482269503546
27,1598,-34,-61.4497041420118
27,1599,-49,-8.52482269503546
27,1600,-32,-33.9
27,1601,11,-8.52482269503546
27,1602,61,74.8677685950413
27,1603,7,179.389027431421
27,1604,157,-8.52482269503546
27,1605,96,-40.6428571428571
27,1606,126,-88.2962962962963
27,1607,103,179.389027431421
27,1608,-38,-227.745098039216
27,1609,54,-33.9
27,1610,8,-6.87878787878788
27,1611,-38,-8.52482269503546
27,1612,-21,-33.9
27,1613,-39,106.434343434343
27,1614,-44,-33.9
27,1615,-91,-33.9
27,1616,3,-61.4497041420118
27,1617,-47,-8.52482269503546
27,1618,-102,-33.9
27,1619,16,-61.4497041420118
27,1620,-72,74.8677685950413
27,1621,-42,-61.4497041420118
27,1622,-43,-33.9
27,1623,-44,-33.9
27,1624,-19,-33.9
27,1625,3,-8.52482269503546
27,1626,17,-8.52482269503546
27,1627,32,23.4393939393939
27,1628,119,74.8677685950413
27,1629,85,179.389027431421
27,1630,147,-88.2962962962963
27,1631,86,-40.6428571428571
27,1632,3,-227.745098039216
27,1633,-10,-8.52482269503546
27,1634,8,-8.52482269503546
27,1635,-25,-8.52482269503546
27,1636,33,-8.52482269503546
27,1637,13,-19.367816091954
27,1638,-31,-19.367816091954
27,1639,-115,0.1
27,1640,-12,-61.4497041420118
27,1641,-110,-8.52482269503546
27,1642,-94,-61.4497041420118
27,1643,-49,-61.4497041420118
27,1644,-69,-33.9
27,1645,-17,-33.9
27,1646,-7,-8.52482269503546
27,1647,-11,-8.52482269503546
27,1648,1,-8.52482269503546
27,1649,30,-8.52482269503546
27,1650,107,74.8677685950413
27,1651,359,179.389027431421
27,1652,148,179.389027431421
27,1653,-335,-227.745098039216
27,1654,-169,-102.383838383838
27,1655,55,-1.25490196078431
27,1656,59,-16.7090909090909
27,1657,-13,-16.7090909090909
27,1658,11,-8.52482269503546
27,1659,0,-19.367816091954
27,1660,168,106.434343434343
27,1661,373,248.062111801242
27,1662,31,-88.2962962962963
27,1663,-235,-162.786096256684
27,1664,-202,-139.183673469388
27,1665,-144,-1.25490196078431
27,1666,-86,-1.25490196078431
27,1667,-84,-61.4497041420118
27,1668,-52,-61.4497041420118
27,1669,-12,-33.9
27,1670,-10,0.1
27,1671,6,-8.52482269503546
27,1672,-8,-8.52482269503546
27,1673,25,-8.52482269503546
27,1674,107,74.8677685950413
27,1675,167,179.389027431421
27,1676,310,179.389027431421
27,1677,-328,-262.04
27,1678,-160,-162.786096256684
27,1679,-60,-32.1
27,1680,30,-33.9
27,1681,-36,23.4393939393939
27,1682,1,-33.9
27,1683,56,-8.52482269503546
27,1684,123,84.6296296296296
27,1685,442,248.062111801242
27,1686,-28,-262.04
27,1687,-162,-162.786096256684
27,1688,-105,-139.183673469388
27,1689,-112,-61.4497041420118
27,1690,-67,-61.4497041420118
27,1691,-118,-33.9
27,1692,-55,-61.4497041420118
27,1693,-6,-33.9
27,1694,-24,0.1
27,1695,4,-8.52482269503546
27,1696,2,-8.52482269503546
27,1697,30,-8.52482269503546
27,1698,154,74.8677685950413
27,1699,311,179.389027431421
27,1700,208,-88.2962962962963
27,1701,-361,-262.04
27,1702,-154,-162.786096256684
27,1703,48,-1.25490196078431
27,1704,88,-16.7090909090909
27,1705,-79,-16.7090909090909
27,1706,65,-61.4497041420118
27,1707,-39,-122.761904761905
27,1708,111,-33.9
27,1709,465,248.062111801242
27,1710,-113,-16.7090909090909
27,1711,-73,-162.786096256684
27,1712,-223,-139.183673469388
27,1713,-52,-61.4497041420118
27,1714,-158,-1.25490196078431
27,1715,-85,-61.4497041420118
27,1716,-105,-61.4497041420118
27,1717,-27,-61.4497041420118
27,1718,-12,0.1
27,1719,-4,-8.52482269503546
27,1720,1,-8.52482269503546
27,1721,34,-8.52482269503546
27,1722,141,74.8677685950413
27,1723,325,179.389027431421
27,1724,213,-88.2962962962963
27,1725,-362,-262.04
27,1726,-178,-162.786096256684
27,1727,49,-1.25490196078431
27,1728,37,-16.7090909090909
27,1729,19,-19.367816091954
27,1730,14,-19.367816091954
27,1731,26,106.434343434343
27,1732,114,106.434343434343
27,1733,429,248.062111801242
27,1734,-44,-88.2962962962963
27,1735,-244,-162.786096256684
27,1736,-144,-139.183673469388
27,1737,-98,-1.25490196078431
27,1738,-95,-61.4497041420118
27,1739,-70,-61.4497041420118
27,1740,-78,-33.9
27,1741,-43,-61.4497041420118
27,1742,-36,-33.9
27,1743,-10,-33.9
27,1744,9,-8.52482269503546
27,1745,19,74.8677685950413
27,1746,118,74.8677685950413
27,1747,279,179.389027431421
27,1748,223,-88.2962962962963
27,1749,-287,-262.04
27,1750,-150,-162.786096256684
27,1751,70,-1.25490196078431
27,1752,117,-16.7090909090909
27,1753,-10,-16.7090909090909
27,1754,-17,-102.383838383838
27,1755,1,-8.52482269503546
27,1756,181,106.434343434343
27,1757,265,248.062111801242
27,1758,-130,-88.2962962962963
27,1759,-226,-162.786096256684
27,1760,-82,-139.183673469388
27,1761,-52,-1.25490196078431
27,1762,-12,-33.9
27,1763,-99,-8.52482269503546
27,1764,-85,-61.4497041420118
27,1765,-42,-61.4497041420118
27,1766,-28,-33.9
27,1767,-40,-8.52482269503546
27,1768,-19,-33.9
27,1769,15,-8.52482269503546
27,1770,24,74.8677685950413
27,1771,31,74.8677685950413
27,1772,126,74.8677685950413
27,1773,163,-40.6428571428571
27,1774,68,-88.2962962962963
27,1775,131,-102.383838383838
27,1776,37,-6.87878787878788
27,1777,14,-102.383838383838
27,1778,-44,-19.367816091954
27,1779,10,-33.9
27,1780,-41,-19.367816091954
27,1781,51,-33.9
27,1782,-22,-16.7090909090909
27,1783,-110,-8.52482269503546
27,1784,-109,-61.4497041420118
27,1785,-62,-61.4497041420118
27,1786,-10,-33.9
27,1787,-97,-8.52482269503546
27,1788,-35,-61.4497041420118
27,1789,-60,-8.52482269503546
27,1790,-14,-33.9
27,1791,-46,-8.52482269503546
27,1792,-10,-33.9
27,1793,-1,-8.52482269503546
27,1794,6,-8.52482269503546
27,1795,25,-8.52482269503546
27,1796,71,74.8677685950413
27,1797,155,179.389027431421
27,1798,162,138.727272727273
27,1799,110,-227.745098039216
27,1800,69,-227.745098039216
27,1801,-1,-6.87878787878788
27,1802,-32,-8.52482269503546
27,1803,-119,-8.52482269503546
27,1804,117,-61.4497041420118
27,1805,13,-16.7090909090909
27,1806,-80,-102.383838383838
27,1807,-123,-61.4497041420118
27,1808,-88,-61.4497041420118
27,1809,-56,-61.4497041420118
27,1810,-93,-33.9
27,1811,-45,-61.4497041420118
27,1812,-68,-33.9
27,1813,-26,-33.9
27,1814,-5,-8.52482269503546
27,1815,-5,-8.52482269503546
27,1816,5,-8.52482269503546
27,1817,14,-8.52482269503546
27,1818,14,74.8677685950413
27,1819,108,74.8677685950413
27,1820,329,179.389027431421
27,1821,-224,-40.6428571428571
27,1822,-159,-162.786096256684
27,1823,30,-139.183673469388
27,1824,47,23.4393939393939
27,1825,57,-16.7090909090909
27,1826,-6,-16.7090909090909
27,1827,18,-8.52482269503546
27,1828,95,-19.367816091954
27,1829,391,248.062111801242
27,1830,-81,-16.7090909090909
27,1831,-179,-162.786096256684
27,1832,-101,-139.183673469388
27,1833,-89,-1.25490196078431
27,1834,-109,-61.4497041420118
27,1835,-90,-61.4497041420118
27,1836,-39,-61.4497041420118
27,1837,-21,-33.9
27,1838,1,0.1
27,1839,-7,-8.52482269503546
27,1840,2,-8.52482269503546
27,1841,27,-8.52482269503546
27,1842,124,74.8677685950413
27,1843,319,179.389027431421
27,1844,193,-88.2962962962963
27,1845,-345,-262.04
27,1846,-148,-102.383838383838
27,1847,50,-1.25490196078431
27,1848,62,-16.7090909090909
27,1849,-20,-16.7090909090909
27,1850,-45,-8.52482269503546
27,1851,32,-33.9
27,1852,75,106.434343434343
27,1853,477,248.062111801242
27,1854,-16,-122.761904761905
27,1855,-281,-162.786096256684
27,1856,-56,-139.183673469388
27,1857,-182,-1.25490196078431
27,1858,15,-61.4497041420118
27,1859,-166,23.4393939393939
27,1860,-72,-61.4497041420118
27,1861,-26,-61.4497041420118
27,1862,-21,106.434343434343
27,1863,2,-8.52482269503546
27,1864,-1,-8.52482269503546
27,1865,32,-8.52482269503546
27,1866,126,23.4393939393939
27,1867,299,179.389027431421
27,1868,179,-88.2962962962963
27,1869,-327,-227.745098039216
27,1870,-149,-102.383838383838
27,1871,21,-1.25490196078431
27,1872,-8,-19.367816091954
27,1873,31,-8.52482269503546
27,1874,-21,-19.367816091954
27,1875,-11,-8.52482269503546
27,1876,156,106.434343434343
27,1877,356,248.062111801242
27,1878,-19,-88.2962962962963
27,1879,-133,-162.786096256684
27,1880,-132,-139.183673469388
27,1881,-63,-61.4497041420118
27,1882,-87,-33.9
27,1883,-134,-61.4497041420118
27,1884,-54,-61.4497041420118
27,1885,-51,-33.9
27,1886,0,-33.9
27,1887,-7,-8.52482269503546
27,1888,1,-8.52482269503546
27,1889,28,-8.52482269503546
27,1890,110,74.8677685950413
27,1891,313,179.389027431421
27,1892,127,179.389027431421
27,1893,-334,-227.745098039216
27,1894,-106,-102.383838383838
27,1895,11,-1.25490196078431
27,1896,54,23.4393939393939
27,1897,-43,-16.7090909090909
27,1898,4,-33.9
27,1899,18,-8.52482269503546
27,1900,126,106.434343434343
27,1901,295,248.062111801242
27,1902,25,-88.2962962962963
27,1903,-141,-162.786096256684
27,1904,-63,-139.183673469388
27,1905,-125,-33.9
27,1906,-68,-61.4497041420118
27,1907,-97,-33.9
27,1908,-53,-61.4497041420118
27,1909,-62,-33.9
27,1910,-19,-33.9
27,1911,-5,-8.52482269503546
27,1912,3,-8.52482269503546
27,1913,28,-8.52482269503546
27,1914,84,74.8677685950413
27,1915,237,179.389027431421
27,1916,254,179.389027431421
27,1917,-280,-262.04
27,1918,-148,-162.786096256684
27,1919,51,-32.1
27,1920,18,-16.7090909090909
27,1921,46,-19.367816091954
27,1922,-37,-122.761904761905
27,1923,21,-33.9
27,1924,96,106.434343434343
27,1925,266,248.062111801242
27,1926,-141,-16.7090909090909
27,1927,-143,-162.786096256684
27,1928,-160,-139.183673469388
27,1929,15,-61.4497041420118
27,1930,-20,74.8677685950413
27,1931,-23,-8.52482269503546
27,1932,-58,-8.52482269503546
27,1933,7,-33.9
27,1934,-30,0.1
27,1935,-51,-8.52482269503546
27,1936,-23,-33.9
27,1937,-7,-8.52482269503546
27,1938,35,-8.52482269503546
27,1939,31,74.8677685950413
27,1940,89,74.8677685950413
27,1941,165,138.727272727273
27,1942,162,-40.6428571428571
27,1943,22,-227.745098039216
27,1944,86,-102.383838383838
27,1945,-38,-6.87878787878788
27,1946,45,-33.9
27,1947,-126,-19.367816091954
27,1948,30,-61.4497041420118
27,1949,17,-19.367816091954
27,1950,-49,106.434343434343
27,1951,-56,-33.9
27,1952,-39,-33.9
27,1953,-64,-33.9
27,1954,-43,-33.9
27,1955,-54,-33.9
27,1956,-62,-33.9
27,1957,-36,-33.9
27,1958,-13,-33.9
27,1959,-54,-8.52482269503546
27,1960,-47,-33.9
27,1961,-5,-33.9
27,1962,17,-8.52482269503546
27,1963,46,74.8677685950413
27,1964,70,179.389027431421
27,1965,91,179.389027431421
27,1966,220,84.6296296296296
27,1967,54,-40.6428571428571
27,1968,50,-162.786096256684
27,1969,29,-6.87878787878788
27,1970,-34,23.4393939393939
27,1971,-64,-8.52482269503546
27,1972,-26,-33.9
27,1973,71,-8.52482269503546
27,1974,2,-16.7090909090909
27,1975,-111,0.1
27,1976,-91,-61.4497041420118
27,1977,-79,-61.4497041420118
27,1978,-75,-61.4497041420118
27,1979,-91,-61.4497041420118
27,1980,-19,-61.4497041420118
27,1981,-37,-8.52482269503546
27,1982,-17,-33.9
27,1983,-9,-8.52482269503546
27,1984,-1,-8.52482269503546
27,1985,39,-8.52482269503546
27,1986,115,74.8677685950413
27,1987,327,179.389027431421
27,1988,123,-88.2962962962963
27,1989,-340,-227.745098039216
27,1990,-84,-102.383838383838
27,1991,-3,-1.25490196078431
27,1992,89,-8.52482269503546
27,1993,-10,-16.7090909090909
27,1994,-9,-8.52482269503546
27,1995,-18,-8.52482269503546
27,1996,181,106.434343434343
27,1997,419,248.062111801242
27,1998,-42,-88.2962962962963
27,1999,-209,-162.786096256684
27,2000,-107,-139.183673469388
27,2001,-144,-1.25490196078431
27,2002,-144,-61.4497041420118
27,2003,-84,-61.4497041420118
27,2004,-66,-61.4497041420118
27,2005,-7,-33.9
27,2006,-21,0.1
27,2007,0,-8.52482269503546
27,2008,1,-8.52482269503546
27,2009,29,-8.52482269503546
27,2010,149,74.8677685950413
27,2011,364,179.389027431421
27,2012,104,-88.2962962962963
27,2013,-328,-227.745098039216
27,2014,-138,-139.183673469388
27,2015,45,-1.25490196078431
27,2016,73,23.4393939393939
27,2017,-2,-16.7090909090909
27,2018,-39,-8.52482269503546
27,2019,50,-33.9
27,2020,99,84.6296296296296
27,2021,484,248.062111801242
27,2022,-76,-122.761904761905
27,2023,-212,-162.786096256684
27,2024,-107,-139.183673469388
27,2025,-177,-1.25490196078431
27,2026,-83,-61.4497041420118
27,2027,-114,-1.25490196078431
27,2028,-77,-61.4497041420118
27,2029,-31,-61.4497041420118
27,2030,-9,0.1
27,2031,-6,-8.52482269503546
27,2032,3,-8.52482269503546
27,2033,25,-8.52482269503546
27,2034,164,74.8677685950413
27,2035,327,179.389027431421
27,2036,160,-88.2962962962963
27,2037,-405,-227.745098039216
27,2038,-110,-102.383838383838
27,2039,37,-1.25490196078431
27,2040,113,23.4393939393939
27,2041,-1,-16.7090909090909
27,2042,-51,-102.383838383838
27,2043,-21,-33.9
27,2044,143,106.434343434343
27,2045,451,248.062111801242
27,2046,-39,-88.2962962962963
27,2047,-161,-162.786096256684
27,2048,-198,-139.183673469388
27,2049,-78,-61.4497041420118
27,2050,-70,-1.25490196078431
27,2051,-138,-33.9
27,2052,-105,-61.4497041420118
27,2053,-29,-61.4497041420118
27,2054,-12,0.1
27,2055,-6,-8.52482269503546
27,2056,4,-8.52482269503546
27,2057,36,-8.52482269503546
27,2058,146,74.8677685950413
27,2059,315,179.389027431421
27,2060,109,-88.2962962962963
27,2061,-266,-227.745098039216
27,2062,-167,-139.183673469388
27,2063,27,-1.25490196078431
27,2064,65,23.4393939393939
27,2065,-40,-16.7090909090909
27,2066,18,-33.9
27,2067,-35,106.434343434343
27,2068,168,106.434343434343
27,2069,318,248.062111801242
27,2070,-8,-88.2962962962963
27,2071,-126,-162.786096256684
27,2072,-101,-139.183673469388
27,2073,-72,-61.4497041420118
27,2074,-124,-61.4497041420118
27,2075,-103,-61.4497041420118
27,2076,-57,-61.4497041420118
27,2077,-72,-33.9
27,2078,-24,-61.4497041420118
27,2079,-10,-8.52482269503546
27,2080,2,-8.52482269503546
27,2081,35,-8.52482269503546
27,2082,118,74.8677685950413
27,2083,217,179.389027431421
27,2084,244,-88.2962962962963
27,2085,-324,-262.04
27,2086,-129,-162.786096256684
27,2087,17,-32.1
27,2088,38,23.4393939393939
27,2089,13,-19.367816091954
27,2090,-6,-19.367816091954
27,2091,-3,-8.52482269503546
27,2092,121,106.434343434343
27,2093,188,248.062111801242
27,2094,-75,-88.2962962962963
27,2095,-101,-102.383838383838
27,2096,-55,-61.4497041420118
27,2097,-72,-33.9
27,2098,-73,-61.4497041420118
27,2099,-115,-61.4497041420118
27,2100,21,-61.4497041420118
27,2101,-11,-19.367816091954
27,2102,3,0.1
27,2103,-38,-8.52482269503546
27,2104,-5,-33.9
27,2105,-8,-8.52482269503546
27,2106,32,-8.52482269503546
27,2107,50,74.8677685950413
27,2108,102,138.727272727273
27,2109,81,-122.761904761905
27,2110,129,84.6296296296296
27,2111,48,-40.6428571428571
27,2112,19,-102.383838383838
27,2113,-43,74.8677685950413
27,2114,-19,-33.9
27,2115,-5,-8.52482269503546
27,2116,-31,-8.52482269503546
27,2117,-11,-8.52482269503546
27,2118,-23,-8.52482269503546
27,2119,35,106.434343434343
27,2120,-82,-19.367816091954
27,2121,-79,-61.4497041420118
27,2122,-41,-61.4497041420118
27,2123,-20,-33.9
27,2124,-3,-8.52482269503546
27,2125,-56,-8.52482269503546
27,2126,-3,-33.9
27,2127,-57,-8.52482269503546
27,2128,-29,-33.9
27,2129,6,-8.52482269503546
27,2130,17,-8.52482269503546
27,2131,23,74.8677685950413
27,2132,92,23.4393939393939
27,2133,77,124.038461538462
27,2134,147,84.6296296296296
27,2135,11,-40.6428571428571
27,2136,56,-102.383838383838
27,2137,-13,-6.87878787878788
27,2138,24,-8.52482269503546
27,2139,-99,-19.367816091954
27,2140,-32,-61.4497041420118
27,2141,100,-8.52482269503546
27,2142,-43,-16.7090909090909
27,2143,12,-33.9
27,2144,-50,-19.367816091954
27,2145,-74,-33.9
27,2146,-107,-61.4497041420118
27,2147,-41,-61.4497041420118
27,2148,-67,-33.9
27,2149,-26,-33.9
27,2150,-2,-8.52482269503546
27,2151,-10,-8.52482269503546
27,2152,7,-8.52482269503546
27,2153,28,-8.52482269503546
27,2154,96,74.8677685950413
27,2155,262,179.389027431421
27,2156,170,179.389027431421
27,2157,-273,-227.745098039216
27,2158,-121,-102.383838383838
27,2159,27,-1.25490196078431
27,2160,56,23.4393939393939
27,2161,-21,-16.7090909090909
27,2162,-6,-8.52482269503546
27,2163,4,-8.52482269503546
27,2164,131,106.434343434343
27,2165,382,248.062111801242
27,2166,-17,-88.2962962962963
27,2167,-149,-162.786096256684
27,2168,-186,-139.183673469388
27,2169,-137,-61.4497041420118
27,2170,-70,-1.25490196078431
27,2171,-86,-33.9
27,2172,-49,-61.4497041420118
27,2173,-39,-33.9
27,2174,-4,-33.9
27,2175,-8,-8.52482269503546
27,2176,4,-8.52482269503546
27,2177,29,-8.52482269503546
27,2178,119,74.8677685950413
27,2179,329,179.389027431421
27,2180,163,-88.2962962962963
27,2181,-374,-227.745098039216
27,2182,-63,-102.383838383838
27,2183,8,-1.25490196078431
27,2184,55,-8.52482269503546
27,2185,11,-16.7090909090909
27,2186,27,-19.367816091954
27,2187,91,-19.367816091954
27,2188,126,84.6296296296296
27,2189,195,248.062111801242
27,2190,-95,-262.04
27,2191,-130,-102.383838383838
27,2192,-121,-61.4497041420118
27,2193,-180,-61.4497041420118
27,2194,-19,-61.4497041420118
27,2195,-6,-8.52482269503546
27,2196,-12,-8.52482269503546
27,2197,-36,-8.52482269503546
27,2198,-30,-33.9
27,2199,-61,-8.52482269503546
27,2200,-16,-33.9
27,2201,3,-8.52482269503546
27,2202,13,-8.52482269503546
27,2203,40,74.8677685950413
27,2204,81,74.8677685950413
27,2205,140,179.389027431421
27,2206,154,-40.6428571428571
27,2207,38,-227.745098039216
27,2208,9,-102.383838383838
27,2209,5,23.4393939393939
27,2210,48,-8.52482269503546
27,2211,-93,-16.7090909090909
27,2212,-65,-61.4497041420118
27,2213,25,-33.9
27,2214,16,106.434343434343
27,2215,2,0.1
27,2216,119,-8.52482269503546
27,2217,33,124.038461538462
27,2218,-82,-102.383838383838
27,2219,-319,-61.4497041420118
27,2220,-95,-61.4497041420118
27,2221,-58,-1.25490196078431
27,2222,-12,-33.9
27,2223,-11,-8.52482269503546
27,2224,0,-8.52482269503546
27,2225,22,-8.52482269503546
27,2226,104,74.8677685950413
27,2227,210,248.062111801242
27,2228,207,179.389027431421
27,2229,-257,-262.04
27,2230,-107,-162.786096256684
27,2231,58,-1.25490196078431
27,2232,32,-16.7090909090909
27,2233,34,23.4393939393939
27,2234,-69,-19.367816091954
27,2235,13,-33.9
27,2236,179,106.434343434343
27,2237,256,248.062111801242
27,2238,-82,-88.2962962962963
27,2239,-104,-162.786096256684
27,2240,-182,-139.183673469388
27,2241,2,-61.4497041420118
27,2242,-98,-8.52482269503546
27,2243,-94,-61.4497041420118
27,2244,-29,-61.4497041420118
27,2245,-73,106.434343434343
27,2246,-12,-61.4497041420118
27,2247,-10,-8.52482269503546
27,2248,-1,-8.52482269503546
27,2249,29,-8.52482269503546
27,2250,96,74.8677685950413
27,2251,222,179.389027431421
27,2252,232,179.389027431421
27,2253,-281,-262.04
27,2254,-94,-162.786096256684
27,2255,23,-1.25490196078431
27,2256,98,23.4393939393939
27,2257,-38,-16.7090909090909
27,2258,-18,-33.9
27,2259,10,-8.52482269503546
27,2260,84,106.434343434343
27,2261,207,248.062111801242
27,2262,-16,-16.7090909090909
27,2263,-142,-162.786096256684
27,2264,-82,-61.4497041420118
27,2265,-36,-61.4497041420118
27,2266,-12,-33.9
27,2267,-124,-8.52482269503546
27,2268,-14,-61.4497041420118
27,2269,-79,-8.52482269503546
27,2270,-13,-61.4497041420118
27,2271,-27,-8.52482269503546
27,2272,-15,-8.52482269503546
27,2273,-2,-8.52482269503546
27,2274,17,-8.52482269503546
27,2275,40,74.8677685950413
27,2276,81,74.8677685950413
27,2277,104,179.389027431421
27,2278,69,84.6296296296296
27,2279,42,84.6296296296296
27,2280,-25,74.8677685950413
27,2281,18,-8.52482269503546
27,2282,-52,23.4393939393939
27,2283,-2,-33.9
27,2284,-12,-8.52482269503546
27,2285,-15,-8.52482269503546
27,2286,-2,-8.52482269503546
27,2287,10,-8.52482269503546
27,2288,-11,74.8677685950413
27,2289,-75,-8.52482269503546
27,2290,19,-61.4497041420118
27,2291,-72,23.4393939393939
27,2292,-1,-61.4497041420118
27,2293,-23,-8.52482269503546
27,2294,-54,-8.52482269503546
27,2295,-35,-33.9
27,2296,-22,-8.52482269503546
27,2297,-7,-8.52482269503546
27,2298,15,-8.52482269503546
27,2299,31,74.8677685950413
27,2300,78,23.4393939393939
27,2301,112,179.389027431421
27,2302,77,84.6296296296296
27,2303,70,-102.383838383838
27,2304,-13,197.416666666667
27,2305,-39,-8.52482269503546
27,2306,-25,-33.9
27,2307,-14,-8.52482269503546
27,2308,-7,-8.52482269503546
27,2309,-21,-8.52482269503546
27,2310,-17,-8.52482269503546
27,2311,-3,-8.52482269503546
27,2312,35,-8.52482269503546
27,2313,-78,74.8677685950413
27,2314,-85,-61.4497041420118
27,2315,1,-61.4497041420118
27,2316,-84,-8.52482269503546
27,2317,-21,-61.4497041420118
27,2318,-13,-8.52482269503546
27,2319,0,-8.52482269503546
27,2320,-3,-8.52482269503546
27,2321,26,-8.52482269503546
27,2322,64,74.8677685950413
27,2323,138,138.727272727273
27,2324,225,179.389027431421
27,2325,-92,-262.04
27,2326,-188,-162.786096256684
27,2327,41,-61.4497041420118
27,2328,50,23.4393939393939
27,2329,-11,-16.7090909090909
27,2330,-13,-8.52482269503546
27,2331,38,-8.52482269503546
27,2332,133,106.434343434343
27,2333,436,179.389027431421
27,2334,23,-88.2962962962963
27,2335,-241,-162.786096256684
27,2336,-184,-139.183673469388
27,2337,-116,-1.25490196078431
27,2338,-107,-1.25490196078431
27,2339,-93,-61.4497041420118
27,2340,-62,-61.4497041420118
27,2341,-54,-33.9
27,2342,1,-33.9
27,2343,-13,-8.52482269503546
27,2344,1,-8.52482269503546
27,2345,38,-8.52482269503546
27,2346,145,74.8677685950413
27,2347,333,179.389027431421
27,2348,129,-88.2962962962963
27,2349,-318,-227.745098039216
27,2350,-141,-102.383838383838
27,2351,59,-1.25490196078431
27,2352,23,-16.7090909090909
27,2353,8,-19.367816091954
27,2354,-38,-8.52482269503546
27,2355,23,-33.9
27,2356,170,106.434343434343
27,2357,437,248.062111801242
27,2358,-53,-88.2962962962963
27,2359,-405,-162.786096256684
27,2360,-330,-139.183673469388
27,2361,6,-1.25490196078431
27,2362,49,-8.52482269503546
27,2363,-36,-16.7090909090909
27,2364,-59,-33.9
27,2365,-30,-33.9
27,2366,-9,106.434343434343
27,2367,0,-8.52482269503546
27,2368,2,-8.52482269503546
27,2369,34,-8.52482269503546
27,2370,144,-19.367816091954
27,2371,312,179.389027431421
27,2372,177,-88.2962962962963
27,2373,-346,-227.745098039216
27,2374,-133,-102.383838383838
27,2375,34,-1.25490196078431
27,2376,63,23.4393939393939
27,2377,-19,-16.7090909090909
27,2378,-32,-8.52482269503546
27,2379,35,106.434343434343
27,2380,135,106.434343434343
27,2381,419,248.062111801242
27,2382,-16,-88.2962962962963
27,2383,-181,-162.786096256684
27,2384,-150,-139.183673469388
27,2385,-92,-1.25490196078431
27,2386,-147,-61.4497041420118
27,2387,-92,-61.4497041420118
27,2388,-96,-61.4497041420118
27,2389,-35,-61.4497041420118
27,2390,-12,0.1
27,2391,1,-8.52482269503546
27,2392,-5,-8.52482269503546
27,2393,39,-8.52482269503546
27,2394,134,74.8677685950413
27,2395,334,179.389027431421
27,2396,190,-88.2962962962963
27,2397,-375,-262.04
27,2398,-113,-102.383838383838
27,2399,1,-1.25490196078431
27,2400,77,-8.52482269503546
27,2401,-15,-16.7090909090909
27,2402,-68,-8.52482269503546
27,2403,62,-33.9
27,2404,168,84.6296296296296
27,2405,356,248.062111801242
27,2406,30,-262.04
27,2407,-196,-162.786096256684
27,2408,-115,-32.1
27,2409,-141,-1.25490196078431
27,2410,-55,-61.4497041420118
27,2411,-107,-33.9
27,2412,-116,-61.4497041420118
27,2413,-36,-61.4497041420118
27,2414,-42,-33.9
27,2415,-8,-33.9
27,2416,2,-8.52482269503546
27,2417,23,-8.52482269503546
27,2418,93,74.8677685950413
27,2419,253,179.389027431421
27,2420,333,179.389027431421
27,2421,-299,-262.04
27,2422,-146,-162.786096256684
27,2423,20,-32.1
27,2424,91,23.4393939393939
27,2425,-5,-16.7090909090909
27,2426,-5,-8.52482269503546
27,2427,-16,-8.52482269503546
27,2428,139,106.434343434343
27,2429,343,248.062111801242
27,2430,-204,-88.2962962962963
27,2431,-143,-162.786096256684
27,2432,-99,-139.183673469388
27,2433,-90,-61.4497041420118
27,2434,-36,-61.4497041420118
27,2435,-51,-33.9
27,2436,-21,-33.9
27,2437,-73,0.1
27,2438,-17,-61.4497041420118
27,2439,-61,-8.52482269503546
27,2440,-31,-33.9
27,2441,-4,-8.52482269503546
27,2442,30,-8.52482269503546
27,2443,13,74.8677685950413
27,2444,103,74.8677685950413
27,2445,131,179.389027431421
27,2446,119,-40.6428571428571
27,2447,38,-227.745098039216
27,2448,60,-102.383838383838
27,2449,92,-6.87878787878788
27,2450,41,-6.87878787878788
27,2451,-72,-19.367816091954
27,2452,6,-61.4497041420118
27,2453,-108,-8.52482269503546
27,2454,-107,-61.4497041420118
27,2455,80,-61.4497041420118
27,2456,-75,-16.7090909090909
27,2457,-87,-61.4497041420118
27,2458,-44,-61.4497041420118
27,2459,-14,-33.9
27,2460,-24,-8.52482269503546
27,2461,-19,-8.52482269503546
27,2462,-53,-8.52482269503546
27,2463,-58,-33.9
27,2464,-38,-33.9
27,2465,-10,-33.9
27,2466,6,-8.52482269503546
27,2467,32,-8.52482269503546
27,2468,86,74.8677685950413
27,2469,88,138.727272727273
27,2470,161,179.389027431421
27,2471,69,-40.6428571428571
27,2472,38,-102.383838383838
27,2473,-9,74.8677685950413
27,2474,-4,-8.52482269503546
27,2475,13,-8.52482269503546
27,2476,6,-19.367816091954
27,2477,-59,-8.52482269503546
27,2478,-124,-33.9
27,2479,0,-61.4497041420118
27,2480,-18,-8.52482269503546
27,2481,-71,-8.52482269503546
27,2482,-93,-61.4497041420118
27,2483,-39,-61.4497041420118
27,2484,-48,-33.9
27,2485,-32,-33.9
27,2486,4,-8.52482269503546
27,2487,-9,-8.52482269503546
27,2488,6,-8.52482269503546
27,2489,38,-8.52482269503546
27,2490,90,74.8677685950413
27,2491,343,179.389027431421
27,2492,184,179.389027431421
27,2493,-319,-227.745098039216
27,2494,-162,-102.383838383838
27,2495,-4,-1.25490196078431
27,2496,55,-8.52482269503546
27,2497,2,-16.7090909090909
27,2498,-27,-8.52482269503546
27,2499,25,-8.52482269503546
27,2500,149,106.434343434343
27,2501,369,248.062111801242
27,2502,39,-88.2962962962963
27,2503,-199,-162.786096256684
27,2504,-141,-139.183673469388
27,2505,-126,-1.25490196078431
27,2506,-44,-61.4497041420118
27,2507,-118,-33.9
27,2508,-113,-61.4497041420118
27,2509,-28,-61.4497041420118
27,2510,-18,0.1
27,2511,-4,-8.52482269503546
27,2512,4,-8.52482269503546
27,2513,31,-8.52482269503546
27,2514,175,74.8677685950413
27,2515,313,179.389027431421
27,2516,135,-88.2962962962963
27,2517,-341,-227.745098039216
27,2518,-161,-102.383838383838
27,2519,47,-1.25490196078431
27,2520,48,-16.7090909090909
27,2521,-33,-16.7090909090909
27,2522,-7,-8.52482269503546
27,2523,30,106.434343434343
27,2524,137,106.434343434343
27,2525,389,248.062111801242
27,2526,2,-88.2962962962963
27,2527,-225,-162.786096256684
27,2528,-120,-139.183673469388
27,2529,-94,-1.25490196078431
27,2530,-89,-61.4497041420118
27,2531,-83,-61.4497041420118
27,2532,-108,-61.4497041420118
27,2533,-37,-61.4497041420118
27,2534,-8,-33.9
27,2535,-4,-8.52482269503546
27,2536,2,-8.52482269503546
27,2537,40,-8.52482269503546
27,2538,116,74.8677685950413
27,2539,333,179.389027431421
27,2540,184,-88.2962962962963
27,2541,-382,-227.745098039216
27,2542,-159,-102.383838383838
27,2543,45,-1.25490196078431
27,2544,19,23.4393939393939
27,2545,1,-19.367816091954
27,2546,-33,-8.52482269503546
27,2547,24,-8.52482269503546
27,2548,30,106.434343434343
27,2549,146,186.727272727273
27,2550,273,-16.7090909090909
27,2551,-127,-88.2962962962963
27,2552,-150,-162.786096256684
27,2553,-47,-139.183673469388
27,2554,-31,-33.9
27,2555,-157,-8.52482269503546
27,2556,-65,-61.4497041420118
27,2557,-41,-33.9
27,2558,-18,-33.9
27,2559,-2,0.1
27,2560,3,-8.52482269503546
27,2561,32,-8.52482269503546
27,2562,112,74.8677685950413
27,2563,321,179.389027431421
27,2564,184,-88.2962962962963
27,2565,-339,-227.745098039216
27,2566,-120,-102.383838383838
27,2567,18,-1.25490196078431
27,2568,58,23.4393939393939
27,2569,-20,-16.7090909090909
27,2570,-57,-8.52482269503546
27,2571,95,-33.9
27,2572,66,84.6296296296296
27,2573,413,248.062111801242
27,2574,6,-122.761904761905
27,2575,-244,-162.786096256684
27,2576,-28,-32.1
27,2577,-173,-8.52482269503546
27,2578,-264,-61.4497041420118
27,2579,-3,-1.25490196078431
27,2580,-31,-8.52482269503546
27,2581,-23,-8.52482269503546
27,2582,8,0.1
27,2583,17,-8.52482269503546
27,2584,-27,74.8677685950413
27,2585,33,-8.52482269503546
27,2586,84,74.8677685950413
27,2587,234,84.6296296296296
27,2588,331,179.389027431421
27,2589,-318,-262.04
27,2590,-140,-162.786096256684
27,2591,-21,-32.1
27,2592,62,-8.52482269503546
27,2593,-118,-16.7090909090909
27,2594,73,-61.4497041420118
27,2595,-13,-122.761904761905
27,2596,220,106.434343434343
27,2597,279,248.062111801242
27,2598,-93,-88.2962962962963
27,2599,-220,-162.786096256684
27,2600,-151,-139.183673469388
27,2601,-129,-1.25490196078431
27,2602,13,-61.4497041420118
27,2603,31,74.8677685950413
27,2604,-63,23.4393939393939
27,2605,-31,-33.9
27,2606,-12,106.434343434343
27,2607,-35,-8.52482269503546
27,2608,-9,-8.52482269503546
27,2609,1,-8.52482269503546
27,2610,-2,-8.52482269503546
27,2611,22,-8.52482269503546
27,2612,75,74.8677685950413
27,2613,95,179.389027431421
27,2614,61,138.727272727273
27,2615,37,84.6296296296296
27,2616,152,74.8677685950413
27,2617,-103,-6.87878787878788
27,2618,-11,-102.383838383838
27,2619,37,-8.52482269503546
27,2620,-54,-19.367816091954
27,2621,-85,-33.9
27,2622,-64,-61.4497041420118
27,2623,61,-33.9
27,2624,-24,138.727272727273
27,2625,-51,0.1
27,2626,17,-33.9
27,2627,-31,23.4393939393939
27,2628,-36,-8.52482269503546
27,2629,17,-33.9
27,2630,-8,74.8677685950413
27,2631,-79,-8.52482269503546
27,2632,-27,-61.4497041420118
27,2633,-10,-8.52482269503546
27,2634,13,-8.52482269503546
27,2635,19,74.8677685950413
27,2636,115,74.8677685950413
27,2637,105,138.727272727273
27,2638,121,-88.2962962962963
27,2639,126,84.6296296296296
27,2640,-1,-227.745098039216
27,2641,122,-102.383838383838
27,2642,-10,-6.87878787878788
27,2643,8,-102.383838383838
27,2644,4,-8.52482269503546
27,2645,-72,-8.52482269503546
27,2646,-41,-61.4497041420118
27,2647,7,-33.9
27,2648,-144,-8.52482269503546
27,2649,-33,-61.4497041420118
27,2650,-154,-8.52482269503546
27,2651,-68,-61.4497041420118
27,2652,-76,-33.9
27,2653,-20,-61.4497041420118
27,2654,-10,-8.52482269503546
27,2655,-15,-8.52482269503546
27,2656,6,-8.52482269503546
27,2657,43,-8.52482269503546
27,2658,106,74.8677685950413
27,2659,264,179.389027431421
27,2660,317,179.389027431421
27,2661,-393,-262.04
27,2662,-145,-162.786096256684
27,2663,-2,-32.1
27,2664,116,-8.52482269503546
27,2665,-74,-16.7090909090909
27,2666,31,-102.383838383838
27,2667,10,-19.367816091954
27,2668,176,106.434343434343
27,2669,390,248.062111801242
27,2670,-106,-88.2962962962963
27,2671,-159,-162.786096256684
27,2672,-179,-139.183673469388
27,2673,-107,-61.4497041420118
27,2674,-87,-1.25490196078431
27,2675,-95,-61.4497041420118
27,2676,-50,-61.4497041420118
27,2677,-47,-33.9
27,2678,-1,-33.9
27,2679,-10,-8.52482269503546
27,2680,0,-8.52482269503546
27,2681,44,-8.52482269503546
27,2682,140,74.8677685950413
27,2683,326,179.389027431421
27,2684,227,-88.2962962962963
27,2685,-404,-262.04
27,2686,-121,-162.786096256684
27,2687,-17,-1.25490196078431
27,2688,28,-8.52482269503546
27,2689,44,23.4393939393939
27,2690,-29,-19.367816091954
27,2691,41,106.434343434343
27,2692,170,106.434343434343
27,2693,414,248.062111801242
27,2694,8,-88.2962962962963
27,2695,-245,-162.786096256684
27,2696,-109,-139.183673469388
27,2697,-145,-1.25490196078431
27,2698,-109,-61.4497041420118
27,2699,-77,-61.4497041420118
27,2700,-126,-61.4497041420118
27,2701,-38,-61.4497041420118
27,2702,-16,-33.9
27,2703,0,-8.52482269503546
27,2704,-8,-8.52482269503546
27,2705,55,-8.52482269503546
27,2706,131,179.389027431421
27,2707,317,179.389027431421
27,2708,281,-262.04
27,2709,-446,-262.04
27,2710,-111,-162.786096256684
27,2711,50,-32.1
27,2712,29,-16.7090909090909
27,2713,2,23.4393939393939
27,2714,-65,-8.52482269503546
27,2715,70,-33.9
27,2716,167,84.6296296296296
27,2717,429,248.062111801242
27,2718,-22,-262.04
27,2719,-193,-162.786096256684
27,2720,-131,-32.1
27,2721,-170,-1.25490196078431
27,2722,-119,-61.4497041420118
27,2723,-39,-1.25490196078431
27,2724,-147,-33.9
27,2725,-63,-61.4497041420118
27,2726,-8,-33.9
27,2727,-13,-8.52482269503546
27,2728,-4,-8.52482269503546
27,2729,38,-8.52482269503546
27,2730,139,74.8677685950413
27,2731,314,179.389027431421
27,2732,234,-88.2962962962963
27,2733,-385,-262.04
27,2734,-122,-162.786096256684
27,2735,-10,-1.25490196078431
27,2736,67,-8.52482269503546
27,2737,-37,-16.7090909090909
27,2738,-29,-33.9
27,2739,25,106.434343434343
27,2740,136,106.434343434343
27,2741,364,248.062111801242
27,2742,-50,-88.2962962962963
27,2743,-74,-162.786096256684
27,2744,-168,-139.183673469388
27,2745,-175,-61.4497041420118
27,2746,-37,-1.25490196078431
27,2747,-89,-1.25490196078431
27,2748,-48,-61.4497041420118
27,2749,-43,-33.9
27,2750,-28,-33.9
27,2751,-14,-8.52482269503546
27,2752,-4,-8.52482269503546
27,2753,29,-8.52482269503546
27,2754,102,74.8677685950413
27,2755,271,179.389027431421
27,2756,266,179.389027431421
27,2757,-313,-262.04
27,2758,-132,-162.786096256684
27,2759,20,-32.1
27,2760,48,23.4393939393939
27,2761,15,-16.7090909090909
27,2762,12,-19.367816091954
27,2763,-3,-19.367816091954
27,2764,176,106.434343434343
27,2765,200,248.062111801242
27,2766,-77,-88.2962962962963
27,2767,-106,-162.786096256684
27,2768,-162,-61.4497041420118
27,2769,-94,-61.4497041420118
27,2770,-61,-61.4497041420118
27,2771,-10,-33.9
27,2772,2,-8.52482269503546
27,2773,-111,0.1
27,2774,10,-61.4497041420118
27,2775,-47,74.8677685950413
27,2776,-32,-33.9
27,2777,3,-8.52482269503546
27,2778,36,-8.52482269503546
27,2779,26,74.8677685950413
27,2780,87,23.4393939393939
27,2781,174,-122.761904761905
27,2782,58,-40.6428571428571
27,2783,62,-102.383838383838
27,2784,30,-6.87878787878788
27,2785,11,23.4393939393939
27,2786,-4,-19.367816091954
27,2787,3,-8.52482269503546
27,2788,-10,-8.52482269503546
27,2789,-8,-8.52482269503546
27,2790,2,106.434343434343
27,2791,-143,-8.52482269503546
27,2792,-105,-61.4497041420118
27,2793,67,-61.4497041420118
27,2794,-24,124.038461538462
27,2795,-68,-8.52482269503546
27,2796,-20,-33.9
27,2797,-30,-8.52482269503546
27,2798,-46,-8.52482269503546
27,2799,-57,-33.9
27,2800,-42,-33.9
27,2801,4,-33.9
27,2802,1,-8.52482269503546
27,2803,22,-8.52482269503546
27,2804,87,74.8677685950413
27,2805,99,179.389027431421
27,2806,155,179.389027431421
27,2807,128,-40.6428571428571
27,2808,2,-227.745098039216
27,2809,-28,-102.383838383838
27,2810,39,-8.52482269503546
27,2811,-21,-19.367816091954
27,2812,20,-8.52482269503546
27,2813,10,-19.367816091954
27,2814,-112,-19.367816091954
27,2815,24,-61.4497041420118
27,2816,-140,106.434343434343
27,2817,-32,-61.4497041420118
27,2818,-123,-8.52482269503546
27,2819,-48,-61.4497041420118
27,2820,-42,-33.9
27,2821,-39,-33.9
27,2822,-11,-33.9
27,2823,-5,-8.52482269503546
27,2824,2,-8.52482269503546
27,2825,42,-8.52482269503546
27,2826,114,74.8677685950413
27,2827,308,179.389027431421
27,2828,282,-88.2962962962963
27,2829,-458,-262.04
27,2830,-104,-162.786096256684
27,2831,26,-32.1
27,2832,63,23.4393939393939
27,2833,-52,-16.7090909090909
27,2834,28,-33.9
27,2835,-18,-19.367816091954
27,2836,189,106.434343434343
27,2837,402,248.062111801242
27,2838,-15,-88.2962962962963
27,2839,-147,-162.786096256684
27,2840,-203,-139.183673469388
27,2841,-140,-61.4497041420118
27,2842,-92,-1.25490196078431
27,2843,-80,-61.4497041420118
27,2844,-112,-61.4497041420118
27,2845,-17,-61.4497041420118
27,2846,-13,0.1
27,2847,-2,-8.52482269503546
27,2848,0,-8.52482269503546
27,2849,39,-8.52482269503546
27,2850,149,74.8677685950413
27,2851,319,179.389027431421
27,2852,247,-88.2962962962963
27,2853,-427,-262.04
27,2854,-106,-162.786096256684
27,2855,-3,-32.1
27,2856,24,-8.52482269503546
27,2857,40,23.4393939393939
27,2858,-28,-19.367816091954
27,2859,-116,106.434343434343
27,2860,258,-61.4497041420118
27,2861,418,248.062111801242
27,2862,37,-88.2962962962963
27,2863,-243,-162.786096256684
27,2864,-162,-139.183673469388
27,2865,-100,-1.25490196078431
27,2866,-95,-61.4497041420118
27,2867,-110,-61.4497041420118
27,2868,-100,-61.4497041420118
27,2869,-14,-61.4497041420118
27,2870,-20,0.1
27,2871,-6,-8.52482269503546
27,2872,-3,-8.52482269503546
27,2873,45,-8.52482269503546
27,2874,136,74.8677685950413
27,2875,302,179.389027431421
27,2876,194,-262.04
27,2877,-331,-262.04
27,2878,-114,-102.383838383838
27,2879,-2,-1.25490196078431
27,2880,50,-8.52482269503546
27,2881,-4,-16.7090909090909
27,2882,-17,-8.52482269503546
27,2883,32,106.434343434343
27,2884,184,106.434343434343
27,2885,358,248.062111801242
27,2886,54,-88.2962962962963
27,2887,-239,-162.786096256684
27,2888,-139,-139.183673469388
27,2889,-193,-1.25490196078431
27,2890,-32,-61.4497041420118
27,2891,-136,-8.52482269503546
27,2892,-89,-61.4497041420118
27,2893,-21,-61.4497041420118
27,2894,-31,0.1
27,2895,-5,-8.52482269503546
27,2896,3,-8.52482269503546
27,2897,32,-8.52482269503546
27,2898,142,74.8677685950413
27,2899,290,179.389027431421
27,2900,266,-88.2962962962963
27,2901,-396,-262.04
27,2902,-162,-162.786096256684
27,2903,45,-32.1
27,2904,60,23.4393939393939
27,2905,24,-16.7090909090909
27,2906,-85,-19.367816091954
27,2907,45,-61.4497041420118
27,2908,136,106.434343434343
27,2909,459,248.062111801242
27,2910,-98,-262.04
27,2911,-160,-162.786096256684
27,2912,-180,-139.183673469388
27,2913,-85,-61.4497041420118
27,2914,-80,-1.25490196078431
27,2915,-85,-61.4497041420118
27,2916,-106,-61.4497041420118
27,2917,-28,-61.4497041420118
27,2918,-29,0.1
27,2919,-8,-8.52482269503546
27,2920,6,-8.52482269503546
27,2921,25,-8.52482269503546
27,2922,126,74.8677685950413
27,2923,258,179.389027431421
27,2924,247,-88.2962962962963
27,2925,-272,-262.04
27,2926,-147,-162.786096256684
27,2927,14,-32.1
27,2928,75,23.4393939393939
27,2929,7,-16.7090909090909
27,2930,-14,-8.52482269503546
27,2931,49,-8.52482269503546
27,2932,112,84.6296296296296
27,2933,249,248.062111801242
27,2934,-70,-262.04
27,2935,-202,-162.786096256684
27,2936,-80,-139.183673469388
27,2937,-111,-1.25490196078431
27,2938,-76,-61.4497041420118
27,2939,-6,-61.4497041420118
27,2940,-35,-8.52482269503546
27,2941,-39,-8.52482269503546
27,2942,-38,-33.9
27,2943,-54,-33.9
27,2944,-17,-33.9
27,2945,4,-8.52482269503546
27,2946,32,-8.52482269503546
27,2947,18,74.8677685950413
27,2948,114,74.8677685950413
27,2949,97,179.389027431421
27,2950,118,-88.2962962962963
27,2951,74,84.6296296296296
27,2952,77,-102.383838383838
27,2953,-20,-6.87878787878788
27,2954,-55,-8.52482269503546
27,2955,17,-33.9
27,2956,-39,-19.367816091954
27,2957,42,-33.9
27,2958,-2,-19.367816091954
27,2959,-93,-8.52482269503546
27,2960,-85,-61.4497041420118
27,2961,-23,-61.4497041420118
27,2962,-20,-8.52482269503546
27,2963,-47,-8.52482269503546
27,2964,-69,-33.9
27,2965,-66,-33.9
27,2966,-14,-33.9
27,2967,-32,-8.52482269503546
27,2968,-27,-8.52482269503546
27,2969,5,-8.52482269503546
27,2970,0,-8.52482269503546
27,2971,49,-8.52482269503546
27,2972,40,179.389027431421
27,2973,121,74.8677685950413
27,2974,135,138.727272727273
27,2975,73,-88.2962962962963
27,2976,54,-102.383838383838
27,2977,32,-6.87878787878788
27,2978,3,-19.367816091954
27,2979,-76,-8.52482269503546
27,2980,-29,-61.4497041420118
27,2981,-39,-8.52482269503546
27,2982,-153,-33.9
27,2983,-44,-61.4497041420118
27,2984,8,-33.9
27,2985,15,-8.52482269503546
27,2986,-51,-19.367816091954
27,2987,-70,-33.9
27,2988,-54,-33.9
27,2989,-22,-33.9
27,2990,-6,-8.52482269503546
27,2991,0,-8.52482269503546
27,2992,6,-8.52482269503546
27,2993,14,-8.52482269503546
27,2994,116,74.8677685950413
27,2995,266,179.389027431421
27,2996,198,-88.2962962962963
27,2997,-329,-262.04
27,2998,-63,-102.383838383838
27,2999,47,-1.25490196078431
27,3000,25,-16.7090909090909
27,3001,4,-19.367816091954
27,3002,-2,-8.52482269503546
27,3003,-13,-8.52482269503546
27,3004,177,106.434343434343
27,3005,407,248.062111801242
27,3006,-15,-88.2962962962963
27,3007,-203,-162.786096256684
27,3008,-183,-139.183673469388
27,3009,-140,-1.25490196078431
27,3010,-110,-1.25490196078431
27,3011,-94,-61.4497041420118
27,3012,-66,-61.4497041420118
27,3013,-29,-33.9
27,3014,-5,0.1
27,3015,-7,-8.52482269503546
27,3016,3,-8.52482269503546
27,3017,27,-8.52482269503546
27,3018,143,74.8677685950413
27,3019,323,179.389027431421
27,3020,203,-88.2962962962963
27,3021,-378,-262.04
27,3022,-77,-162.786096256684
27,3023,-36,-1.25490196078431
27,3024,69,-33.9
27,3025,-30,-16.7090909090909
27,3026,8,-8.52482269503546
27,3027,45,0.1
27,3028,139,106.434343434343
27,3029,423,248.062111801242
27,3030,-54,-262.04
27,3031,-204,-162.786096256684
27,3032,-162,-139.183673469388
27,3033,-131,-1.25490196078431
27,3034,-93,-61.4497041420118
27,3035,-86,-61.4497041420118
27,3036,-80,-61.4497041420118
27,3037,-35,-61.4497041420118
27,3038,-17,0.1
27,3039,1,-8.52482269503546
27,3040,0,-8.52482269503546
27,3041,36,-8.52482269503546
27,3042,130,74.8677685950413
27,3043,309,179.389027431421
27,3044,255,-88.2962962962963
27,3045,-396,-262.04
27,3046,-127,-162.786096256684
27,3047,25,-32.1
27,3048,41,-19.367816091954
27,3049,33,23.4393939393939
27,3050,-77,-19.367816091954
27,3051,42,-61.4497041420118
27,3052,163,106.434343434343
27,3053,417,248.062111801242
27,3054,4,-88.2962962962963
27,3055,-176,-162.786096256684
27,3056,-186,-139.183673469388
27,3057,-119,-1.25490196078431
27,3058,-148,-1.25490196078431
27,3059,-97,-61.4497041420118
27,3060,-69,-61.4497041420118
27,3061,-39,-33.9
27,3062,-14,-33.9
27,3063,-8,-8.52482269503546
27,3064,4,-8.52482269503546
27,3065,31,-8.52482269503546
27,3066,126,74.8677685950413
27,3067,308,179.389027431421
27,3068,223,-88.2962962962963
27,3069,-345,-262.04
27,3070,-148,-162.786096256684
27,3071,55,-1.25490196078431
27,3072,17,-16.7090909090909
27,3073,4,-19.367816091954
27,3074,-34,-8.52482269503546
27,3075,20,-8.52482269503546
27,3076,150,106.434343434343
27,3077,393,248.062111801242
27,3078,1,-88.2962962962963
27,3079,-188,-162.786096256684
27,3080,-145,-139.183673469388
27,3081,-142,-1.25490196078431
27,3082,-77,-61.4497041420118
27,3083,-103,-61.4497041420118
27,3084,-71,-61.4497041420118
27,3085,-44,-61.4497041420118
27,3086,-21,-33.9
27,3087,-11,-8.52482269503546
27,3088,-2,-8.52482269503546
27,3089,26,-8.52482269503546
27,3090,11,74.8677685950413
27,3091,89,74.8677685950413
27,3092,-14,179.389027431421
27,3093,101,-8.52482269503546
27,3094,-27,84.6296296296296
27,3095,58,-8.52482269503546
27,3096,64,-6.87878787878788
27,3097,-25,-16.7090909090909
27,3098,17,-8.52482269503546
27,3099,17,-19.367816091954
27,3100,143,74.8677685950413
27,3101,263,138.727272727273
27,3102,-90,-88.2962962962963
27,3103,-148,-162.786096256684
27,3104,-122,-139.183673469388
27,3105,-84,-61.4497041420118
27,3106,-68,-61.4497041420118
27,3107,-26,-33.9
27,3108,-12,-8.52482269503546
27,3109,-64,0.1
27,3110,-31,-33.9
27,3111,-64,-8.52482269503546
27,3112,-11,-33.9
27,3113,1,-8.52482269503546
27,3114,12,-8.52482269503546
27,3115,39,74.8677685950413
27,3116,100,74.8677685950413
27,3117,109,179.389027431421
27,3118,136,84.6296296296296
27,3119,92,-40.6428571428571
27,3120,47,-227.745098039216
27,3121,23,-6.87878787878788
27,3122,-31,-19.367816091954
27,3123,24,-8.52482269503546
27,3124,-31,-19.367816091954
27,3125,-19,-8.52482269503546
27,3126,-212,-8.52482269503546
27,3127,-25,-61.4497041420118
27,3128,-115,-8.52482269503546
27,3129,-32,-61.4497041420118
27,3130,40,-8.52482269503546
27,3131,-5,23.4393939393939
27,3132,-43,-8.52482269503546
27,3133,-7,-33.9
27,3134,-27,-8.52482269503546
27,3135,-38,-8.52482269503546
27,3136,-38,-33.9
27,3137,0,-33.9
27,3138,6,-8.52482269503546
27,3139,23,-8.52482269503546
27,3140,80,74.8677685950413
27,3141,98,138.727272727273
27,3142,111,179.389027431421
27,3143,121,84.6296296296296
27,3144,56,-6.87878787878788
27,3145,38,-102.383838383838
27,3146,36,23.4393939393939
27,3147,-2,-19.367816091954
27,3148,-64,-8.52482269503546
27,3149,-8,-33.9
27,3150,-14,-8.52482269503546
27,3151,-26,-8.52482269503546
27,3152,-165,-8.52482269503546
27,3153,-80,-61.4497041420118
27,3154,-39,-61.4497041420118
27,3155,-71,-33.9
27,3156,-63,-61.4497041420118
27,3157,-33,-33.9
27,3158,-5,-8.52482269503546
27,3159,-3,-8.52482269503546
27,3160,5,-8.52482269503546
27,3161,25,-8.52482269503546
27,3162,123,74.8677685950413
27,3163,277,179.389027431421
27,3164,237,-88.2962962962963
27,3165,-368,-262.04
27,3166,-106,-162.786096256684
27,3167,46,-1.25490196078431
27,3168,31,-16.7090909090909
27,3169,-22,-19.367816091954
27,3170,-6,-8.52482269503546
27,3171,26,-8.52482269503546
27,3172,190,106.434343434343
27,3173,354,248.062111801242
27,3174,-6,-88.2962962962963
27,3175,-257,-162.786096256684
27,3176,-123,-139.183673469388
27,3177,-142,-1.25490196078431
27,3178,-98,-61.4497041420118
27,3179,-64,-61.4497041420118
27,3180,-68,-33.9
27,3181,-33,-33.9
27,3182,-16,0.1
27,3183,-8,-8.52482269503546
27,3184,2,-8.52482269503546
27,3185,31,-8.52482269503546
27,3186,28,74.8677685950413
27,3187,115,74.8677685950413
27,3188,439,179.389027431421
27,3189,-216,-88.2962962962963
27,3190,-194,-162.786096256684
27,3191,-12,-139.183673469388
27,3192,104,-8.52482269503546
27,3193,-14,-16.7090909090909
27,3194,-31,-8.52482269503546
27,3195,28,-8.52482269503546
27,3196,175,-19.367816091954
27,3197,354,248.062111801242
27,3198,42,-88.2962962962963
27,3199,-227,-162.786096256684
27,3200,-191,-139.183673469388
27,3201,-128,-1.25490196078431
27,3202,-119,-1.25490196078431
27,3203,-22,-61.4497041420118
27,3204,-107,-8.52482269503546
27,3205,-23,-61.4497041420118
27,3206,-29,0.1
27,3207,3,-8.52482269503546
27,3208,-7,-8.52482269503546
27,3209,35,-8.52482269503546
27,3210,133,74.8677685950413
27,3211,320,179.389027431421
27,3212,190,-88.2962962962963
27,3213,-315,-262.04
27,3214,-134,-102.383838383838
27,3215,2,-1.25490196078431
27,3216,72,-8.52482269503546
27,3217,-13,-16.7090909090909
27,3218,-39,-8.52482269503546
27,3219,11,-33.9
27,3220,165,106.434343434343
27,3221,420,248.062111801242
27,3222,-3,-88.2962962962963
27,3223,-199,-162.786096256684
27,3224,-222,-139.183673469388
27,3225,-112,-1.25490196078431
27,3226,-89,-1.25490196078431
27,3227,-88,-61.4497041420118
27,3228,-62,-61.4497041420118
27,3229,-55,-33.9
27,3230,-6,-33.9
27,3231,-11,-8.52482269503546
27,3232,1,-8.52482269503546
27,3233,32,-8.52482269503546
27,3234,128,74.8677685950413
27,3235,299,179.389027431421
27,3236,218,-88.2962962962963
27,3237,-345,-262.04
27,3238,-138,-162.786096256684
27,3239,75,-1.25490196078431
27,3240,69,-16.7090909090909
27,3241,-43,-16.7090909090909
27,3242,-52,-33.9
27,3243,12,-33.9
27,3244,159,106.434343434343
27,3245,478,248.062111801242
27,3246,-65,-88.2962962962963
27,3247,-155,-162.786096256684
27,3248,-163,-139.183673469388
27,3249,-158,-61.4497041420118
27,3250,-102,-61.4497041420118
27,3251,-28,-61.4497041420118
27,3252,-138,-8.52482269503546
27,3253,-34,-61.4497041420118
27,3254,-35,0.1
27,3255,-13,-8.52482269503546
27,3256,3,-8.52482269503546
27,3257,27,-8.52482269503546
27,3258,121,74.8677685950413
27,3259,222,179.389027431421
27,3260,289,-88.2962962962963
27,3261,-290,-262.04
27,3262,-147,-162.786096256684
27,3263,72,-32.1
27,3264,62,-16.7090909090909
27,3265,-8,-16.7090909090909
27,3266,-29,-8.52482269503546
27,3267,55,-8.52482269503546
27,3268,105,84.6296296296296
27,3269,303,248.062111801242
27,3270,-122,-122.761904761905
27,3271,-178,-162.786096256684
27,3272,-132,-139.183673469388
27,3273,-104,-1.25490196078431
27,3274,-42,-61.4497041420118
27,3275,-92,-33.9
27,3276,-16,-61.4497041420118
27,3277,-13,-8.52482269503546
27,3278,-49,0.1
27,3279,-13,-33.9
27,3280,-17,-8.52482269503546
27,3281,-4,-8.52482269503546
27,3282,18,-8.52482269503546
27,3283,37,74.8677685950413
27,3284,125,74.8677685950413
27,3285,103,138.727272727273
27,3286,188,-88.2962962962963
27,3287,56,-40.6428571428571
27,3288,118,-102.383838383838
27,3289,-10,-6.87878787878788
27,3290,-46,-102.383838383838
27,3291,-2,-33.9
27,3292,45,-8.52482269503546
27,3293,-6,-19.367816091954
27,3294,-81,-8.52482269503546
27,3295,-66,-61.4497041420118
27,3296,-147,-33.9
27,3297,-3,-61.4497041420118
27,3298,-77,-8.52482269503546
27,3299,-26,-61.4497041420118
27,3300,-48,-8.52482269503546
27,3301,-56,-33.9
27,3302,-12,-33.9
27,3303,-64,-8.52482269503546
27,3304,-29,-33.9
27,3305,-15,-8.52482269503546
27,3306,9,-8.52482269503546
27,3307,21,74.8677685950413
27,3308,83,74.8677685950413
27,3309,146,179.389027431421
27,3310,155,-40.6428571428571
27,3311,-153,-227.745098039216
27,3312,26,-102.383838383838
27,3313,-136,74.8677685950413
27,3314,-13,-61.4497041420118
27,3315,127,-8.52482269503546
27,3316,80,-16.7090909090909
27,3317,-13,-102.383838383838
27,3318,34,106.434343434343
27,3319,-36,186.727272727273
27,3320,-67,-33.9
27,3321,-84,-33.9
27,3322,-134,-61.4497041420118
27,3323,-10,-61.4497041420118
27,3324,-20,-8.52482269503546
27,3325,-16,-8.52482269503546
27,3326,-5,-8.52482269503546
27,3327,-2,-8.52482269503546
27,3328,4,-8.52482269503546
27,3329,30,-8.52482269503546
27,3330,124,74.8677685950413
27,3331,281,138.727272727273
27,3332,213,-88.2962962962963
27,3333,-298,-262.04
27,3334,-164,-162.786096256684
27,3335,48,-1.25490196078431
27,3336,41,-16.7090909090909
27,3337,9,-19.367816091954
27,3338,-16,-19.367816091954
27,3339,34,-8.52482269503546
27,3340,151,106.434343434343
27,3341,433,248.062111801242
27,3342,-78,-88.2962962962963
27,3343,-516,-162.786096256684
27,3344,-38,-139.183673469388
27,3345,-16,-1.25490196078431
27,3346,-84,-8.52482269503546
27,3347,-59,-61.4497041420118
27,3348,-43,-33.9
27,3349,-26,-33.9
27,3350,-25,0.1
27,3351,-5,-8.52482269503546
27,3352,1,-8.52482269503546
27,3353,30,-8.52482269503546
27,3354,135,74.8677685950413
27,3355,350,179.389027431421
27,3356,204,-88.2962962962963
27,3357,-395,-262.04
27,3358,-150,-162.786096256684
27,3359,78,-1.25490196078431
27,3360,49,-16.7090909090909
27,3361,26,-16.7090909090909
27,3362,-29,-19.367816091954
27,3363,0,106.434343434343
27,3364,165,106.434343434343
27,3365,411,248.062111801242
27,3366,-253,-88.2962962962963
27,3367,-149,-162.786096256684
27,3368,-118,-139.183673469388
27,3369,-78,-61.4497041420118
27,3370,-48,-61.4497041420118
27,3371,-96,-33.9
27,3372,-81,-61.4497041420118
27,3373,-34,-61.4497041420118
27,3374,-4,0.1
27,3375,-10,-8.52482269503546
27,3376,1,-8.52482269503546
27,3377,32,-8.52482269503546
27,3378,147,74.8677685950413
27,3379,366,179.389027431421
27,3380,187,-88.2962962962963
27,3381,-364,-262.04
27,3382,-151,-102.383838383838
27,3383,42,-1.25490196078431
27,3384,45,23.4393939393939
27,3385,4,-19.367816091954
27,3386,-50,-8.52482269503546
27,3387,50,-33.9
27,3388,144,84.6296296296296
27,3389,323,248.062111801242
27,3390,-100,-262.04
27,3391,-103,-162.786096256684
27,3392,-189,-139.183673469388
27,3393,-40,-61.4497041420118
27,3394,-70,-1.25490196078431
27,3395,-141,-33.9
27,3396,-80,-61.4497041420118
27,3397,-35,-61.4497041420118
27,3398,-5,0.1
27,3399,-11,-8.52482269503546
27,3400,-3,-8.52482269503546
27,3401,31,-8.52482269503546
27,3402,155,74.8677685950413
27,3403,289,179.389027431421
27,3404,226,-88.2962962962963
27,3405,-295,-262.04
27,3406,-179,-162.786096256684
27,3407,45,-1.25490196078431
27,3408,54,23.4393939393939
27,3409,14,-16.7090909090909
27,3410,-41,-19.367816091954
27,3411,0,-33.9
27,3412,160,106.434343434343
27,3413,355,248.062111801242
27,3414,121,-88.2962962962963
27,3415,-308,-227.745098039216
27,3416,-159,-102.383838383838
27,3417,-145,-1.25490196078431
27,3418,-131,-61.4497041420118
27,3419,-41,-61.4497041420118
27,3420,-46,-33.9
27,3421,-69,-33.9
27,3422,-26,-33.9
27,3423,-8,-8.52482269503546
27,3424,0,-8.52482269503546
27,3425,30,-8.52482269503546
27,3426,113,74.8677685950413
27,3427,274,179.389027431421
27,3428,319,-88.2962962962963
27,3429,-355,-262.04
27,3430,-127,-162.786096256684
27,3431,19,-32.1
27,3432,90,23.4393939393939
27,3433,-20,-16.7090909090909
27,3434,-13,-8.52482269503546
27,3435,12,-8.52482269503546
27,3436,165,106.434343434343
27,3437,297,248.062111801242
27,3438,-76,-88.2962962962963
27,3439,-200,-162.786096256684
27,3440,-173,-139.183673469388
27,3441,-57,-1.25490196078431
27,3442,-55,-1.25490196078431
27,3443,-73,-33.9
27,3444,-43,-61.4497041420118
27,3445,-20,-33.9
27,3446,-36,0.1
27,3447,-41,-33.9
27,3448,-26,-33.9
27,3449,2,-8.52482269503546
27,3450,16,-8.52482269503546
27,3451,72,74.8677685950413
27,3452,60,179.389027431421
27,3453,126,179.389027431421
27,3454,154,-40.6428571428571
27,3455,15,-227.745098039216
27,3456,127,-102.383838383838
27,3457,-67,-6.87878787878788
27,3458,-35,-102.383838383838
27,3459,-249,-8.52482269503546
27,3460,201,-61.4497041420118
27,3461,-31,-16.7090909090909
27,3462,-20,-162.786096256684
27,3463,-29,0.1
27,3464,-113,-8.52482269503546
27,3465,-33,-61.4497041420118
27,3466,-26,-8.52482269503546
27,3467,-24,-8.52482269503546
27,3468,-24,-8.52482269503546
27,3469,0,0.1
27,3470,-18,-8.52482269503546
27,3471,-63,-8.52482269503546
27,3472,-37,-33.9
27,3473,0,-33.9
27,3474,5,-8.52482269503546
27,3475,13,-8.52482269503546
27,3476,99,74.8677685950413
27,3477,130,138.727272727273
27,3478,122,138.727272727273
27,3479,97,-227.745098039216
27,3480,144,-227.745098039216
27,3481,-85,-6.87878787878788
27,3482,-164,-102.383838383838
27,3483,14,-61.4497041420118
27,3484,-218,-19.367816091954
27,3485,60,-61.4497041420118
27,3486,31,-16.7090909090909
27,3487,28,-19.367816091954
27,3488,-81,-19.367816091954
27,3489,-45,-61.4497041420118
27,3490,-52,-33.9
27,3491,-34,-33.9
27,3492,-48,-8.52482269503546
27,3493,-25,-33.9
27,3494,1,-8.52482269503546
27,3495,-4,-8.52482269503546
27,3496,8,-8.52482269503546
27,3497,24,-8.52482269503546
27,3498,109,74.8677685950413
27,3499,288,179.389027431421
27,3500,266,-40.6428571428571
27,3501,-357,-262.04
27,3502,-136,-162.786096256684
27,3503,23,-32.1
27,3504,54,23.4393939393939
27,3505,5,-16.7090909090909
27,3506,-42,-8.52482269503546
27,3507,36,-33.9
27,3508,162,106.434343434343
27,3509,401,248.062111801242
27,3510,-11,-88.2962962962963
27,3511,-261,-162.786096256684
27,3512,-157,-139.183673469388
27,3513,-138,-1.25490196078431
27,3514,-117,-61.4497041420118
27,3515,-47,-61.4497041420118
27,3516,-76,-33.9
27,3517,-17,-61.4497041420118
27,3518,-6,0.1
27,3519,-11,-8.52482269503546
27,3520,4,-8.52482269503546
27,3521,34,-8.52482269503546
27,3522,105,74.8677685950413
27,3523,122,179.389027431421
27,3524,424,179.389027431421
27,3525,-298,-262.04
27,3526,-191,-162.786096256684
27,3527,14,-32.1
27,3528,79,23.4393939393939
27,3529,-9,-16.7090909090909
27,3530,-37,-8.52482269503546
27,3531,66,-33.9
27,3532,163,84.6296296296296
27,3533,384,248.062111801242
27,3534,-46,-262.04
27,3535,-221,-162.786096256684
27,3536,-162,-32.1
27,3537,-121,-1.25490196078431
27,3538,-98,-61.4497041420118
27,3539,-107,-61.4497041420118
27,3540,-62,-61.4497041420118
27,3541,-33,-33.9
27,3542,-8,0.1
27,3543,3,-8.52482269503546
27,3544,1,-8.52482269503546
27,3545,30,-8.52482269503546
27,3546,141,74.8677685950413
27,3547,373,179.389027431421
27,3548,254,-88.2962962962963
27,3549,-460,-262.04
27,3550,-170,-162.786096256684
27,3551,75,-32.1
27,3552,107,-16.7090909090909
27,3553,-60,-16.7090909090909
27,3554,1,-33.9
27,3555,37,106.434343434343
27,3556,155,106.434343434343
27,3557,377,248.062111801242
27,3558,-58,-88.2962962962963
27,3559,-169,-162.786096256684
27,3560,-216,-139.183673469388
27,3561,-114,-1.25490196078431
27,3562,-78,-1.25490196078431
27,3563,-78,-61.4497041420118
27,3564,-92,-61.4497041420118
27,3565,-42,-61.4497041420118
27,3566,-6,-33.9
27,3567,-12,-8.52482269503546
27,3568,3,-8.52482269503546
27,3569,27,-8.52482269503546
27,3570,128,74.8677685950413
27,3571,369,179.389027431421
27,3572,222,-88.2962962962963
27,3573,-358,-262.04
27,3574,-162,-162.786096256684
27,3575,42,-1.25490196078431
27,3576,18,23.4393939393939
27,3577,-4,-19.367816091954
27,3578,-17,-8.52482269503546
27,3579,65,106.434343434343
27,3580,144,84.6296296296296
27,3581,362,248.062111801242
27,3582,9,-262.04
27,3583,-243,-162.786096256684
27,3584,-139,-32.1
27,3585,-164,-1.25490196078431
27,3586,-16,-61.4497041420118
27,3587,-139,-8.52482269503546
27,3588,-70,-61.4497041420118
27,3589,-50,-33.9
27,3590,-12,-33.9
27,3591,-15,-8.52482269503546
27,3592,2,-8.52482269503546
27,3593,22,-8.52482269503546
27,3594,79,74.8677685950413
27,3595,313,179.389027431421
27,3596,269,179.389027431421
27,3597,-292,-262.04
27,3598,-142,-162.786096256684
27,3599,53,-32.1
27,3600,101,-16.7090909090909
27,3601,-42,-16.7090909090909
27,3602,68,-33.9
27,3603,90,-122.761904761905
27,3604,2,84.6296296296296
27,3605,89,0.1
27,3606,-71,-122.761904761905
27,3607,-94,-61.4497041420118
27,3608,-96,-61.4497041420118
27,3609,-53,-61.4497041420118
27,3610,-26,-33.9
27,3611,-103,-8.52482269503546
27,3612,-6,-61.4497041420118
27,3613,-89,-8.52482269503546
27,3614,-10,-61.4497041420118
27,3615,-34,-8.52482269503546
27,3616,-23,-8.52482269503546
27,3617,10,-8.52482269503546
27,3618,14,74.8677685950413
27,3619,30,74.8677685950413
27,3620,96,74.8677685950413
27,3621,75,84.6296296296296
27,3622,180,84.6296296296296
27,3623,75,-40.6428571428571
27,3624,-21,-102.383838383838
27,3625,33,-8.52482269503546
27,3626,10,-19.367816091954
27,3627,49,-19.367816091954
27,3628,-101,-6.87878787878788
27,3629,1,-61.4497041420118
27,3630,-21,-8.52482269503546
27,3631,-50,106.434343434343
27,3632,-185,-33.9
27,3633,-103,-61.4497041420118
27,3634,-26,-1.25490196078431
27,3635,67,-8.52482269503546
27,3636,-46,124.038461538462
27,3637,-26,-33.9
27,3638,11,-8.52482269503546
27,3639,-42,74.8677685950413
27,3640,-20,-33.9
27,3641,-10,-8.52482269503546
27,3642,3,-8.52482269503546
27,3643,27,-8.52482269503546
27,3644,87,74.8677685950413
27,3645,103,124.038461538462
27,3646,156,138.727272727273
27,3647,101,-40.6428571428571
27,3648,56,-227.745098039216
27,3649,-52,-6.87878787878788
27,3650,-36,-33.9
27,3651,-102,-33.9
27,3652,119,-61.4497041420118
27,3653,29,-16.7090909090909
27,3654,-3,-102.383838383838
27,3655,-208,0.1
27,3656,-188,-61.4497041420118
27,3657,67,-1.25490196078431
27,3658,-5,179.389027431421
27,3659,-43,-8.52482269503546
27,3660,-19,-33.9
27,3661,-49,-8.52482269503546
27,3662,-15,-33.9
27,3663,-12,-8.52482269503546
27,3664,-17,-8.52482269503546
27,3665,-7,-8.52482269503546
27,3666,11,-8.52482269503546
27,3667,28,74.8677685950413
27,3668,84,74.8677685950413
27,3669,102,179.389027431421
27,3670,130,84.6296296296296
27,3671,100,-40.6428571428571
27,3672,84,-227.745098039216
27,3673,23,-6.87878787878788
27,3674,-54,23.4393939393939
27,3675,-63,-33.9
27,3676,51,-33.9
27,3677,-2,-16.7090909090909
27,3678,-16,-8.52482269503546
27,3679,-108,0.1
27,3680,-113,-61.4497041420118
27,3681,-77,-61.4497041420118
27,3682,-63,-61.4497041420118
27,3683,-51,-33.9
27,3684,-41,-33.9
27,3685,-5,-33.9
27,3686,-19,-8.52482269503546
27,3687,5,-8.52482269503546
27,3688,-2,-8.52482269503546
27,3689,30,-8.52482269503546
27,3690,134,74.8677685950413
27,3691,321,179.389027431421
27,3692,139,-88.2962962962963
27,3693,-309,-227.745098039216
27,3694,-151,-102.383838383838
27,3695,26,-1.25490196078431
27,3696,89,-19.367816091954
27,3697,-12,-16.7090909090909
27,3698,-1,-8.52482269503546
27,3699,18,106.434343434343
27,3700,166,106.434343434343
27,3701,398,248.062111801242
27,3702,-17,-88.2962962962963
27,3703,-287,-162.786096256684
27,3704,-167,-139.183673469388
27,3705,-117,-1.25490196078431
27,3706,-89,-61.4497041420118
27,3707,-84,-61.4497041420118
27,3708,-58,-61.4497041420118
27,3709,-24,-33.9
27,3710,-4,0.1
27,3711,-5,-8.52482269503546
27,3712,1,-8.52482269503546
27,3713,35,-8.52482269503546
27,3714,170,74.8677685950413
27,3715,290,179.389027431421
27,3716,225,-88.2962962962963
27,3717,-435,-262.04
27,3718,-55,-162.786096256684
27,3719,-18,-1.25490196078431
27,3720,49,-8.52482269503546
27,3721,-32,-16.7090909090909
27,3722,-23,-8.52482269503546
27,3723,34,0.1
27,3724,185,106.434343434343
27,3725,433,248.062111801242
27,3726,-24,-88.2962962962963
27,3727,-177,-162.786096256684
27,3728,-250,-139.183673469388
27,3729,-116,-1.25490196078431
27,3730,-77,-1.25490196078431
27,3731,-69,-61.4497041420118
27,3732,-85,-33.9
27,3733,-47,-61.4497041420118
27,3734,-10,-33.9
27,3735,1,-8.52482269503546
27,3736,-1,-8.52482269503546
27,3737,30,-8.52482269503546
27,3738,162,74.8677685950413
27,3739,282,179.389027431421
27,3740,164,-88.2962962962963
27,3741,-523,-227.745098039216
27,3742,-74,-102.383838383838
27,3743,13,-1.25490196078431
27,3744,75,-19.367816091954
27,3745,54,-16.7090909090909
27,3746,25,-16.7090909090909
27,3747,54,106.434343434343
27,3748,146,84.6296296296296
27,3749,392,248.062111801242
27,3750,27,-262.04
27,3751,-277,-162.786096256684
27,3752,-152,-139.183673469388
27,3753,-134,-1.25490196078431
27,3754,-55,-61.4497041420118
27,3755,-48,-33.9
27,3756,-73,-33.9
27,3757,-67,-61.4497041420118
27,3758,-18,-33.9
27,3759,-2,-8.52482269503546
27,3760,-1,-8.52482269503546
27,3761,32,-8.52482269503546
27,3762,100,74.8677685950413
27,3763,346,179.389027431421
27,3764,233,179.389027431421
27,3765,-375,-262.04
27,3766,-120,-162.786096256684
27,3767,72,-1.25490196078431
27,3768,27,-16.7090909090909
27,3769,31,23.4393939393939
27,3770,-101,-19.367816091954
27,3771,78,-61.4497041420118
27,3772,139,84.6296296296296
27,3773,302,248.062111801242
27,3774,20,-262.04
27,3775,-224,-162.786096256684
27,3776,-177,-32.1
27,3777,-90,-1.25490196078431
27,3778,-2,-1.25490196078431
27,3779,-51,-8.52482269503546
27,3780,-98,-33.9
27,3781,-33,-61.4497041420118
27,3782,-40,106.434343434343
27,3783,-34,-33.9
27,3784,-32,-8.52482269503546
27,3785,4,-8.52482269503546
27,3786,19,-8.52482269503546
27,3787,48,74.8677685950413
27,3788,148,179.389027431421
27,3789,118,179.389027431421
27,3790,74,-155.5
27,3791,156,-102.383838383838
27,3792,116,-6.87878787878788
27,3793,-26,-227.745098039216
27,3794,-42,-102.383838383838
27,3795,-114,-33.9
27,3796,-398,-61.4497041420118
27,3797,57,-61.4497041420118
27,3798,-4,-16.7090909090909
27,3799,48,-8.52482269503546
27,3800,-21,138.727272727273
27,3801,-13,-8.52482269503546
27,3802,13,-8.52482269503546
27,3803,-61,74.8677685950413
27,3804,-9,-33.9
27,3805,0,-8.52482269503546
27,3806,-28,-8.52482269503546
27,3807,-50,-8.52482269503546
27,3808,-18,-33.9
27,3809,27,-8.52482269503546
27,3810,-20,23.4393939393939
27,3811,35,-8.52482269503546
27,3812,100,74.8677685950413
27,3813,129,84.6296296296296
27,3814,196,179.389027431421
27,3815,90,-262.04
27,3816,172,-227.745098039216
27,3817,-28,-40.6428571428571
27,3818,-82,-102.383838383838
27,3819,49,-61.4497041420118
27,3820,5,-16.7090909090909
27,3821,-30,-8.52482269503546
27,3822,-111,0.1
27,3823,-64,-61.4497041420118
27,3824,-140,-33.9
27,3825,-150,-61.4497041420118
27,3826,-17,-61.4497041420118
27,3827,-97,-8.52482269503546
27,3828,-51,-61.4497041420118
27,3829,-23,-33.9
27,3830,-1,-8.52482269503546
27,3831,-5,-8.52482269503546
27,3832,-7,-8.52482269503546
27,3833,35,-8.52482269503546
27,3834,140,74.8677685950413
27,3835,267,179.389027431421
27,3836,283,-88.2962962962963
27,3837,-369,-262.04
27,3838,-151,-162.786096256684
27,3839,26,-32.1
27,3840,96,74.8677685950413
27,3841,-9,-16.7090909090909
27,3842,17,-8.52482269503546
27,3843,6,106.434343434343
27,3844,142,106.434343434343
27,3845,383,248.062111801242
27,3846,97,-88.2962962962963
27,3847,-335,-227.745098039216
27,3848,-243,-139.183673469388
27,3849,-105,-1.25490196078431
27,3850,-126,-1.25490196078431
27,3851,-66,-61.4497041420118
27,3852,-61,-33.9
27,3853,-22,-33.9
27,3854,-4,0.1
27,3855,2,-8.52482269503546
27,3856,1,-8.52482269503546
27,3857,35,-8.52482269503546
27,3858,167,74.8677685950413
27,3859,385,179.389027431421
27,3860,154,-88.2962962962963
27,3861,-392,-227.745098039216
27,3862,-162,-102.383838383838
27,3863,51,-1.25490196078431
27,3864,69,-16.7090909090909
27,3865,12,-16.7090909090909
27,3866,-73,-19.367816091954
27,3867,71,-61.4497041420118
27,3868,210,84.6296296296296
27,3869,434,248.062111801242
27,3870,-93,-262.04
27,3871,-281,-162.786096256684
27,3872,-135,-32.1
27,3873,-151,-1.25490196078431
27,3874,-94,-61.4497041420118
27,3875,-107,-61.4497041420118
27,3876,-60,-61.4497041420118
27,3877,-28,-33.9
27,3878,-10,0.1
27,3879,-4,-8.52482269503546
27,3880,-2,-8.52482269503546
27,3881,43,-8.52482269503546
27,3882,157,74.8677685950413
27,3883,352,179.389027431421
27,3884,213,-88.2962962962963
27,3885,-442,-262.04
27,3886,-123,-162.786096256684
27,3887,27,-1.25490196078431
27,3888,120,23.4393939393939
27,3889,-29,-16.7090909090909
27,3890,-45,-102.383838383838
27,3891,40,-33.9
27,3892,191,106.434343434343
27,3893,416,248.062111801242
27,3894,52,-88.2962962962963
27,3895,-342,-162.786096256684
27,3896,-165,-139.183673469388
27,3897,-164,-1.25490196078431
27,3898,-94,-61.4497041420118
27,3899,-85,-61.4497041420118
27,3900,-70,-61.4497041420118
27,3901,-29,-33.9
27,3902,-19,0.1
27,3903,2,-8.52482269503546
27,3904,-5,-8.52482269503546
27,3905,51,-8.52482269503546
27,3906,138,179.389027431421
27,3907,376,179.389027431421
27,3908,187,-262.04
27,3909,-420,-262.04
27,3910,-126,-102.383838383838
27,3911,42,-1.25490196078431
27,3912,43,74.8677685950413
27,3913,-14,23.4393939393939
27,3914,-9,-8.52482269503546
27,3915,78,106.434343434343
27,3916,139,84.6296296296296
27,3917,393,248.062111801242
27,3918,-32,-262.04
27,3919,-178,-162.786096256684
27,3920,-211,-32.1
27,3921,-146,-1.25490196078431
27,3922,-66,-1.25490196078431
27,3923,-81,-33.9
27,3924,-83,-61.4497041420118
27,3925,-46,-61.4497041420118
27,3926,-11,-33.9
27,3927,-16,-8.52482269503546
27,3928,-2,-8.52482269503546
27,3929,29,-8.52482269503546
27,3930,111,74.8677685950413
27,3931,302,179.389027431421
27,3932,312,179.389027431421
27,3933,-419,-262.04
27,3934,-101,-162.786096256684
27,3935,34,-32.1
27,3936,129,23.4393939393939
27,3937,-1,-16.7090909090909
27,3938,-37,-102.383838383838
27,3939,-4,-33.9
27,3940,196,106.434343434343
27,3941,331,248.062111801242
27,3942,-86,-88.2962962962963
27,3943,-229,-162.786096256684
27,3944,-175,-139.183673469388
27,3945,-92,-1.25490196078431
27,3946,-83,-1.25490196078431
27,3947,-34,-61.4497041420118
27,3948,12,-8.52482269503546
27,3949,-98,0.1
27,3950,-16,-61.4497041420118
27,3951,-56,-8.52482269503546
27,3952,-31,-33.9
27,3953,10,-8.52482269503546
27,3954,17,74.8677685950413
27,3955,40,74.8677685950413
27,3956,139,23.4393939393939
27,3957,130,-40.6428571428571
27,3958,100,-88.2962962962963
27,3959,185,-227.745098039216
27,3960,79,-6.87878787878788
27,3961,-2,-102.383838383838
27,3962,11,-8.52482269503546
27,3963,-61,-19.367816091954
27,3964,129,-33.9
27,3965,-54,-16.7090909090909
27,3966,-115,-102.383838383838
27,3967,-136,-61.4497041420118
27,3968,-148,-61.4497041420118
27,3969,-34,-61.4497041420118
27,3970,-17,-8.52482269503546
27,3971,-50,-8.52482269503546
27,3972,-78,-33.9
27,3973,-34,-61.4497041420118
27,3974,-28,-8.52482269503546
27,3975,-41,-8.52482269503546
27,3976,-40,-33.9
27,3977,5,-33.9
27,3978,22,-8.52482269503546
27,3979,36,74.8677685950413
27,3980,57,74.8677685950413
27,3981,168,179.389027431421
27,3982,194,-40.6428571428571
27,3983,69,-262.04
27,3984,97,-102.383838383838
27,3985,38,-6.87878787878788
27,3986,-59,-19.367816091954
27,3987,-78,-33.9
27,3988,39,-61.4497041420118
27,3989,-26,-19.367816091954
27,3990,-89,0.1
27,3991,-78,-61.4497041420118
27,3992,-79,-61.4497041420118
27,3993,-133,-61.4497041420118
27,3994,-64,-61.4497041420118
27,3995,-33,-33.9
27,3996,-49,-8.52482269503546
27,3997,-24,-33.9
27,3998,-8,-8.52482269503546
27,3999,-6,-8.52482269503546
27,4000,4,-8.52482269503546
27,4001,34,-8.52482269503546
27,4002,119,74.8677685950413
27,4003,328,179.389027431421
27,4004,191,-88.2962962962963
27,4005,-384,-262.04
27,4006,-97,-102.383838383838
27,4007,50,-1.25490196078431
27,4008,43,-16.7090909090909
27,4009,48,-19.367816091954
27,4010,-11,-122.761904761905
27,4011,6,-8.52482269503546
27,4012,115,106.434343434343
27,4013,389,248.062111801242
27,4014,-68,-88.2962962962963
27,4015,-288,-162.786096256684
27,4016,-146,-139.183673469388
27,4017,-107,-1.25490196078431
27,4018,-104,-61.4497041420118
27,4019,-59,-61.4497041420118
27,4020,-57,-33.9
27,4021,-8,-33.9
27,4022,-1,0.1
27,4023,2,-8.52482269503546
27,4024,1,-8.52482269503546
27,4025,41,-8.52482269503546
27,4026,119,74.8677685950413
27,4027,189,179.389027431421
27,4028,316,-88.2962962962963
27,4029,-379,-262.04
27,4030,-133,-162.786096256684
27,4031,-9,-32.1
27,4032,-63,-8.52482269503546
27,4033,26,-33.9
27,4034,29,-19.367816091954
27,4035,-107,-19.367816091954
27,4036,105,-61.4497041420118
27,4037,197,248.062111801242
27,4038,-57,-40.6428571428571
27,4039,43,-102.383838383838
27,4040,-34,74.8677685950413
27,4041,-83,-8.52482269503546
27,4042,-56,-61.4497041420118
27,4043,-73,-33.9
27,4044,-52,-61.4497041420118
27,4045,-14,-33.9
27,4046,-9,0.1
27,4047,2,-8.52482269503546
27,4048,5,-8.52482269503546
27,4049,46,-8.52482269503546
27,4050,116,179.389027431421
27,4051,373,179.389027431421
27,4052,252,-262.04
27,4053,-435,-262.04
27,4054,-170,-162.786096256684
27,4055,55,-32.1
27,4056,66,-16.7090909090909
27,4057,-24,-16.7090909090909
27,4058,-3,-8.52482269503546
27,4059,25,-8.52482269503546
27,4060,155,106.434343434343
27,4061,420,248.062111801242
27,4062,6,-88.2962962962963
27,4063,-281,-162.786096256684
27,4064,-202,-139.183673469388
27,4065,-60,-1.25490196078431
27,4066,-120,-1.25490196078431
27,4067,-106,-61.4497041420118
27,4068,-65,-61.4497041420118
27,4069,-40,-33.9
27,4070,-7,-33.9
27,4071,-5,-8.52482269503546
27,4072,0,-8.52482269503546
27,4073,50,-8.52482269503546
27,4074,114,179.389027431421
27,4075,364,179.389027431421
27,4076,256,-262.04
27,4077,-435,-262.04
27,4078,-165,-162.786096256684
27,4079,53,-32.1
27,4080,47,-16.7090909090909
27,4081,46,-16.7090909090909
27,4082,-38,-122.761904761905
27,4083,-7,-33.9
27,4084,166,106.434343434343
27,4085,519,248.062111801242
27,4086,-76,-88.2962962962963
27,4087,-297,-162.786096256684
27,4088,-186,-139.183673469388
27,4089,-143,-1.25490196078431
27,4090,13,-1.25490196078431
27,4091,-133,74.8677685950413
27,4092,-88,-61.4497041420118
27,4093,-17,-61.4497041420118
27,4094,-35,106.434343434343
27,4095,-2,-8.52482269503546
27,4096,-2,-8.52482269503546
27,4097,39,-8.52482269503546
27,4098,116,23.4393939393939
27,4099,338,179.389027431421
27,4100,254,-88.2962962962963
27,4101,-374,-262.04
27,4102,-158,-162.786096256684
27,4103,96,-32.1
27,4104,68,-16.7090909090909
27,4105,32,-16.7090909090909
27,4106,-9,-19.367816091954
27,4107,11,-8.52482269503546
27,4108,144,106.434343434343
27,4109,279,248.062111801242
27,4110,-41,-88.2962962962963
27,4111,-217,-162.786096256684
27,4112,-219,-139.183673469388
27,4113,-57,-1.25490196078431
27,4114,-17,-1.25490196078431
27,4115,-109,-8.52482269503546
27,4116,-14,-61.4497041420118
27,4117,-48,0.1
27,4118,-41,-33.9
27,4119,-38,-33.9
27,4120,-30,-33.9
27,4121,2,-8.52482269503546
27,4122,24,-8.52482269503546
27,4123,36,74.8677685950413
27,4124,141,74.8677685950413
27,4125,159,179.389027431421
27,4126,97,-88.2962962962963
27,4127,152,-227.745098039216
27,4128,62,-6.87878787878788
27,4129,19,-102.383838383838
27,4130,-53,-19.367816091954
27,4131,96,-33.9
27,4132,-70,-16.7090909090909
27,4133,-34,-33.9
27,4134,-48,0.1
27,4135,-191,-33.9
27,4136,-82,-61.4497041420118
27,4137,-64,-1.25490196078431
27,4138,-22,-33.9
27,4139,-68,-8.52482269503546
27,4140,9,-33.9
27,4141,-38,74.8677685950413
27,4142,-47,-33.9
27,4143,-41,-33.9
27,4144,-44,-33.9
27,4145,-4,-33.9
27,4146,10,-8.52482269503546
27,4147,41,74.8677685950413
27,4148,118,23.4393939393939
27,4149,101,179.389027431421
27,4150,213,-88.2962962962963
27,4151,81,-40.6428571428571
27,4152,206,-162.786096256684
27,4153,-74,-6.87878787878788
27,4154,-36,-162.786096256684
27,4155,-26,-33.9
27,4156,51,-8.52482269503546
27,4157,32,-16.7090909090909
27,4158,-183,-19.367816091954
27,4159,-127,-61.4497041420118
27,4160,-161,-1.25490196078431
27,4161,-56,-61.4497041420118
27,4162,-58,-33.9
27,4163,-38,-33.9
27,4164,-36,-33.9
27,4165,-46,-33.9
27,4166,-10,-33.9
27,4167,-3,-8.52482269503546
27,4168,3,-8.52482269503546
27,4169,29,-8.52482269503546
27,4170,131,74.8677685950413
27,4171,362,179.389027431421
27,4172,220,-88.2962962962963
27,4173,-422,-262.04
27,4174,-130,-162.786096256684
27,4175,40,-1.25490196078431
27,4176,104,23.4393939393939
27,4177,-14,-16.7090909090909
27,4178,-25,-8.52482269503546
27,4179,-3,106.434343434343
27,4180,216,106.434343434343
27,4181,382,248.062111801242
27,4182,-45,-88.2962962962963
27,4183,-263,-162.786096256684
27,4184,-158,-139.183673469388
27,4185,-176,-1.25490196078431
27,4186,-84,-61.4497041420118
27,4187,-78,-1.25490196078431
27,4188,-30,-61.4497041420118
27,4189,-51,0.1
27,4190,1,-33.9
27,4191,-9,-8.52482269503546
27,4192,4,-8.52482269503546
27,4193,38,-8.52482269503546
27,4194,147,74.8677685950413
27,4195,362,179.389027431421
27,4196,249,-88.2962962962963
27,4197,-396,-262.04
27,4198,-239,-162.786096256684
27,4199,48,-32.1
27,4200,84,-16.7090909090909
27,4201,3,-16.7090909090909
27,4202,-12,-8.52482269503546
27,4203,10,106.434343434343
27,4204,192,106.434343434343
27,4205,472,248.062111801242
27,4206,-145,-88.2962962962963
27,4207,-283,-162.786096256684
27,4208,-114,-139.183673469388
27,4209,-128,-1.25490196078431
27,4210,-109,-61.4497041420118
27,4211,-90,-61.4497041420118
27,4212,-58,-61.4497041420118
27,4213,-11,-33.9
27,4214,-12,0.1
27,4215,-7,-8.52482269503546
27,4216,4,-8.52482269503546
27,4217,22,-8.52482269503546
27,4218,146,74.8677685950413
27,4219,350,179.389027431421
27,4220,306,-88.2962962962963
27,4221,-504,-262.04
27,4222,-149,-162.786096256684
27,4223,42,-32.1
27,4224,89,23.4393939393939
27,4225,24,-16.7090909090909
27,4226,-63,-19.367816091954
27,4227,23,-33.9
27,4228,168,106.434343434343
27,4229,485,248.062111801242
27,4230,-69,-88.2962962962963
27,4231,-257,-162.786096256684
27,4232,-193,-139.183673469388
27,4233,-74,-1.25490196078431
27,4234,-145,-1.25490196078431
27,4235,-100,-61.4497041420118
27,4236,-50,-61.4497041420118
27,4237,-44,-33.9
27,4238,-5,-33.9
27,4239,-9,-8.52482269503546
27,4240,1,-8.52482269503546
27,4241,58,-8.52482269503546
27,4242,103,179.389027431421
27,4243,389,179.389027431421
27,4244,236,179.389027431421
27,4245,-459,-262.04
27,4246,-127,-162.786096256684
27,4247,86,-1.25490196078431
27,4248,41,-16.7090909090909
27,4249,-9,-19.367816091954
27,4250,-68,-8.52482269503546
27,4251,38,-33.9
27,4252,176,106.434343434343
27,4253,433,248.062111801242
27,4254,-6,-88.2962962962963
27,4255,-340,-162.786096256684
27,4256,-102,-139.183673469388
27,4257,-204,-1.25490196078431
27,4258,-206,-61.4497041420118
27,4259,-2,-1.25490196078431
27,4260,-28,-8.52482269503546
27,4261,-4,0.1
27,4262,-3,0.1
27,4263,-3,-8.52482269503546
27,4264,5,-8.52482269503546
27,4265,26,-8.52482269503546
27,4266,100,74.8677685950413
27,4267,256,138.727272727273
27,4268,311,179.389027431421
27,4269,-279,-262.04
27,4270,-181,-162.786096256684
27,4271,116,-32.1
27,4272,19,-16.7090909090909
27,4273,30,-102.383838383838
27,4274,-11,-19.367816091954
27,4275,-7,-8.52482269503546
27,4276,110,106.434343434343
27,4277,306,248.062111801242
27,4278,-141,-16.7090909090909
27,4279,-159,-162.786096256684
27,4280,-172,-139.183673469388
27,4281,-99,-61.4497041420118
27,4282,-17,-1.25490196078431
27,4283,-30,-8.52482269503546
27,4284,-41,-8.52482269503546
27,4285,-48,-33.9
27,4286,-9,-33.9
27,4287,-63,-8.52482269503546
27,4288,-15,-33.9
27,4289,1,-8.52482269503546
27,4290,22,-8.52482269503546
27,4291,36,74.8677685950413
27,4292,138,74.8677685950413
27,4293,121,179.389027431421
27,4294,140,-88.2962962962963
27,4295,191,-227.745098039216
27,4296,19,-262.04
27,4297,4,-102.383838383838
27,4298,64,-8.52482269503546
27,4299,-23,-16.7090909090909
27,4300,-5,-8.52482269503546
27,4301,-10,106.434343434343
27,4302,-118,-8.52482269503546
27,4303,-124,-61.4497041420118
27,4304,-155,-61.4497041420118
27,4305,-23,-61.4497041420118
27,4306,-71,-8.52482269503546
27,4307,-25,-61.4497041420118
27,4308,-49,-8.52482269503546
27,4309,-31,-33.9
27,4310,-24,-8.52482269503546
27,4311,-34,-8.52482269503546
27,4312,-51,-8.52482269503546
27,4313,3,-33.9
27,4314,12,-8.52482269503546
27,4315,35,74.8677685950413
27,4316,87,74.8677685950413
27,4317,141,179.389027431421
27,4318,194,-40.6428571428571
27,4319,112,-262.04
27,4320,89,-227.745098039216
27,4321,-86,-227.745098039216
27,4322,18,-61.4497041420118
27,4323,37,-19.367816091954
27,4324,-1,-19.367816091954
27,4325,-73,-8.52482269503546
27,4326,-174,-61.4497041420118
27,4327,-144,-61.4497041420118
27,4328,-63,-1.25490196078431
27,4329,-71,-33.9
27,4330,-32,-61.4497041420118
27,4331,-34,-8.52482269503546
27,4332,-12,-8.52482269503546
27,4333,-27,-8.52482269503546
27,4334,-6,-8.52482269503546
27,4335,-5,-8.52482269503546
27,4336,3,-8.52482269503546
27,4337,26,-8.52482269503546
27,4338,119,74.8677685950413
27,4339,328,179.389027431421
27,4340,301,-88.2962962962963
27,4341,-444,-262.04
27,4342,-161,-162.786096256684
28,1,228,180.289893617021
28,2,284,180.289893617021
28,3,-287,-259.019801980198
28,4,-105,-156.701863354037
28,5,22,33.3
28,6,8,35.5
28,7,15,-5.16920473773266
28,8,-4,-24.1973684210526
28,9,-18,-5.16920473773266
28,10,133,111.566265060241
28,11,420,267.214285714286
28,12,-124,-49.5714285714286
28,13,-211,-156.701863354037
28,14,-175,-125.350649350649
28,15,-78,-95.9473684210526
28,16,-85,-45.0516129032258
28,17,-13,-45.0516129032258
28,18,-75,-5.16920473773266
28,19,-23,0.242424242424242
28,20,-27,111.566265060241
28,21,-3,-5.16920473773266
28,22,-3,-5.16920473773266
28,23,18,-5.16920473773266
28,24,57,68.08
28,25,166,138.51724137931
28,26,262,180.289893617021
28,27,-132,-218.314285714286
28,28,-138,-156.701863354037
28,29,53,-125.350649350649
28,30,46,-3.01818181818182
28,31,74,-3.01818181818182
28,32,79,-107.95
28,33,47,-107.95
28,34,-1,97.8823529411765
28,35,119,-5.16920473773266
28,36,-171,-6.92592592592593
28,37,-72,-47
28,38,-160,-45.0516129032258
28,39,-62,-45.0516129032258
28,40,-32,-45.0516129032258
28,41,-45,-5.16920473773266
28,42,-19,-45.0516129032258
28,43,-25,-5.16920473773266
28,44,-33,-5.16920473773266
28,45,-8,-5.16920473773266
28,46,-21,-5.16920473773266
28,47,-5,-5.16920473773266
28,48,17,-5.16920473773266
28,49,35,68.08
28,50,69,68.08
28,51,153,180.289893617021
28,52,87,-37.9375
28,53,132,-122.472222222222
28,54,95,-37.9375
28,55,53,-47
28,56,-65,-6.92592592592593
28,57,48,-45.0516129032258
28,58,-11,-6.92592592592593
28,59,-48,-5.16920473773266
28,60,-50,-45.0516129032258
28,61,-104,-45.0516129032258
28,62,-205,-45.0516129032258
28,63,26,-45.0516129032258
28,64,-52,35.5
28,65,-64,-45.0516129032258
28,66,-33,-45.0516129032258
28,67,-21,-5.16920473773266
28,68,-32,-5.16920473773266
28,69,-6,111.566265060241
28,70,-19,-5.16920473773266
28,71,5,-5.16920473773266
28,72,16,-5.16920473773266
28,73,9,68.08
28,74,47,-5.16920473773266
28,75,95,180.289893617021
28,76,120,97.8823529411765
28,77,105,97.8823529411765
28,78,53,-218.314285714286
28,79,26,-6.92592592592593
28,80,20,-24.1973684210526
28,81,-17,-24.1973684210526
28,82,-10,-5.16920473773266
28,83,-65,-5.16920473773266
28,84,-101,-45.0516129032258
28,85,-34,-45.0516129032258
28,86,-65,-45.0516129032258
28,87,-81,-45.0516129032258
28,88,-12,-45.0516129032258
28,89,-67,-5.16920473773266
28,90,-14,-45.0516129032258
28,91,-21,-5.16920473773266
28,92,-10,-5.16920473773266
28,93,-3,-5.16920473773266
28,94,2,-5.16920473773266
28,95,27,-5.16920473773266
28,96,79,68.08
28,97,220,180.289893617021
28,98,286,138.51724137931
28,99,-331,-259.019801980198
28,100,-108,-156.701863354037
28,101,45,33.3
28,102,57,35.5
28,103,1,-3.01818181818182
28,104,-63,-5.16920473773266
28,105,37,0.242424242424242
28,106,136,111.566265060241
28,107,241,267.214285714286
28,108,14,-49.5714285714286
28,109,-225,-204.333333333333
28,110,-145,-125.350649350649
28,111,-111,16.7037037037037
28,112,-57,-45.0516129032258
28,113,-41,-45.0516129032258
28,114,-41,-45.0516129032258
28,115,-17,0.242424242424242
28,116,-7,111.566265060241
28,117,0,-5.16920473773266
28,118,0,-5.16920473773266
28,119,22,-5.16920473773266
28,120,79,68.08
28,121,281,180.289893617021
28,122,308,180.289893617021
28,123,-373,-259.019801980198
28,124,-138,-156.701863354037
28,125,58,33.3
28,126,20,-3.01818181818182
28,127,24,-24.1973684210526
28,128,-59,-24.1973684210526
28,129,-21,0.242424242424242
28,130,159,111.566265060241
28,131,382,267.214285714286
28,132,-40,-49.5714285714286
28,133,-225,-156.701863354037
28,134,-197,-125.350649350649
28,135,-76,-95.9473684210526
28,136,-79,-45.0516129032258
28,137,-65,-45.0516129032258
28,138,-32,0.242424242424242
28,139,-18,-5.16920473773266
28,140,-10,111.566265060241
28,141,0,111.566265060241
28,142,25,-5.16920473773266
28,143,79,68.08
28,144,215,180.289893617021
28,145,274,180.289893617021
28,146,-293,-259.019801980198
28,147,-149,-156.701863354037
28,148,27,33.3
28,149,2,35.5
28,150,-19,-5.16920473773266
28,151,-28,-5.16920473773266
28,152,67,-5.16920473773266
28,153,105,138.51724137931
28,154,272,267.214285714286
28,155,6,-107.95
28,156,-201,-156.701863354037
28,157,-149,-125.350649350649
28,158,-70,-95.9473684210526
28,159,-31,-45.0516129032258
28,160,-73,-5.16920473773266
28,161,-38,-45.0516129032258
28,162,-14,0.242424242424242
28,163,-5,111.566265060241
28,164,1,-5.16920473773266
28,165,-4,-5.16920473773266
28,166,20,-5.16920473773266
28,167,75,68.08
28,168,210,180.289893617021
28,169,318,180.289893617021
28,170,-337,-259.019801980198
28,171,-146,-156.701863354037
28,172,83,33.3
28,173,35,-3.01818181818182
28,174,-56,-24.1973684210526
28,175,21,-45.0516129032258
28,176,-13,-24.1973684210526
28,177,142,111.566265060241
28,178,303,267.214285714286
28,179,-46,-49.5714285714286
28,180,-177,-156.701863354037
28,181,-153,-125.350649350649
28,182,-93,-95.9473684210526
28,183,-29,-45.0516129032258
28,184,-64,-5.16920473773266
28,185,-39,-45.0516129032258
28,186,-25,0.242424242424242
28,187,-19,-5.16920473773266
28,188,0,-5.16920473773266
28,189,-6,-5.16920473773266
28,190,16,-5.16920473773266
28,191,63,68.08
28,192,212,180.289893617021
28,193,267,180.289893617021
28,194,-233,-259.019801980198
28,195,-138,-156.701863354037
28,196,41,33.3
28,197,89,35.5
28,198,36,-3.01818181818182
28,199,-10,-24.1973684210526
28,200,4,-5.16920473773266
28,201,111,111.566265060241
28,202,275,202.426829268293
28,203,-67,-3.01818181818182
28,204,-244,-156.701863354037
28,205,-141,-125.350649350649
28,206,-97,-95.9473684210526
28,207,26,-45.0516129032258
28,208,-17,35.5
28,209,-102,-5.16920473773266
28,210,-26,0.242424242424242
28,211,-14,111.566265060241
28,212,-24,-5.16920473773266
28,213,-18,-5.16920473773266
28,214,-7,-5.16920473773266
28,215,14,-5.16920473773266
28,216,43,68.08
28,217,96,68.08
28,218,105,180.289893617021
28,219,141,97.8823529411765
28,220,158,-37.9375
28,221,114,-218.314285714286
28,222,0,-218.314285714286
28,223,-18,-47
28,224,-2,-5.16920473773266
28,225,-76,-5.16920473773266
28,226,-22,-45.0516129032258
28,227,-79,-5.16920473773266
28,228,-22,0.242424242424242
28,229,-138,-5.16920473773266
28,230,-101,-45.0516129032258
28,231,-8,-45.0516129032258
28,232,-16,-5.16920473773266
28,233,-72,-5.16920473773266
28,234,-18,-45.0516129032258
28,235,-32,-5.16920473773266
28,236,-29,-5.16920473773266
28,237,-33,-5.16920473773266
28,238,-2,-5.16920473773266
28,239,6,-5.16920473773266
28,240,30,-5.16920473773266
28,241,51,68.08
28,242,154,180.289893617021
28,243,170,180.289893617021
28,244,107,-218.314285714286
28,245,107,-218.314285714286
28,246,46,-6.92592592592593
28,247,-53,-6.92592592592593
28,248,-11,-45.0516129032258
28,249,-1,-5.16920473773266
28,250,7,-5.16920473773266
28,251,-144,-5.16920473773266
28,252,-100,-45.0516129032258
28,253,-88,-45.0516129032258
28,254,-62,-45.0516129032258
28,255,-95,-45.0516129032258
28,256,-44,-45.0516129032258
28,257,-49,-45.0516129032258
28,258,-13,-45.0516129032258
28,259,-14,-5.16920473773266
28,260,-6,-5.16920473773266
28,261,-2,-5.16920473773266
28,262,32,-5.16920473773266
28,263,95,68.08
28,264,254,180.289893617021
28,265,210,180.289893617021
28,266,-300,-259.019801980198
28,267,-73,-156.701863354037
28,268,27,16.7037037037037
28,269,20,35.5
28,270,-8,-24.1973684210526
28,271,25,-5.16920473773266
28,272,-13,-24.1973684210526
28,273,83,111.566265060241
28,274,354,267.214285714286
28,275,-36,-3.01818181818182
28,276,-154,-156.701863354037
28,277,-147,-125.350649350649
28,278,-104,-95.9473684210526
28,279,-57,-45.0516129032258
28,280,-93,-45.0516129032258
28,281,-78,-45.0516129032258
28,282,-32,0.242424242424242
28,283,-7,-5.16920473773266
28,284,2,-5.16920473773266
28,285,3,-5.16920473773266
28,286,21,-5.16920473773266
28,287,114,68.08
28,288,317,180.289893617021
28,289,212,-49.5714285714286
28,290,-273,-259.019801980198
28,291,-183,-156.701863354037
28,292,22,33.3
28,293,5,35.5
28,294,-5,-5.16920473773266
28,295,18,-5.16920473773266
28,296,51,-24.1973684210526
28,297,62,138.51724137931
28,298,411,267.214285714286
28,299,-6,-107.95
28,300,-238,-156.701863354037
28,301,-135,-125.350649350649
28,302,-105,-95.9473684210526
28,303,-135,-45.0516129032258
28,304,-80,-45.0516129032258
28,305,-44,-45.0516129032258
28,306,-24,0.242424242424242
28,307,-5,111.566265060241
28,308,-3,-5.16920473773266
28,309,1,-5.16920473773266
28,310,27,-5.16920473773266
28,311,100,188.923076923077
28,312,284,180.289893617021
28,313,158,180.289893617021
28,314,-311,-259.019801980198
28,315,-118,-122.472222222222
28,316,-28,-95.9473684210526
28,317,-9,-5.16920473773266
28,318,-46,-5.16920473773266
28,319,-13,-45.0516129032258
28,320,47,-5.16920473773266
28,321,137,138.51724137931
28,322,253,267.214285714286
28,323,17,-49.5714285714286
28,324,-137,-204.333333333333
28,325,-108,-125.350649350649
28,326,-71,-45.0516129032258
28,327,-27,-45.0516129032258
28,328,-92,-5.16920473773266
28,329,-45,-45.0516129032258
28,330,-12,0.242424242424242
28,331,-7,-5.16920473773266
28,332,-2,-5.16920473773266
28,333,0,-5.16920473773266
28,334,26,-5.16920473773266
28,335,90,68.08
28,336,286,180.289893617021
28,337,271,180.289893617021
28,338,-376,-259.019801980198
28,339,-112,-156.701863354037
28,340,40,33.3
28,341,35,35.5
28,342,-26,-24.1973684210526
28,343,-1,-5.16920473773266
28,344,25,-5.16920473773266
28,345,125,111.566265060241
28,346,361,267.214285714286
28,347,28,-49.5714285714286
28,348,-190,-204.333333333333
28,349,-182,-125.350649350649
28,350,-137,-95.9473684210526
28,351,-19,-45.0516129032258
28,352,-104,-5.16920473773266
28,353,-80,-45.0516129032258
28,354,-39,0.242424242424242
28,355,-4,-45.0516129032258
28,356,-11,-5.16920473773266
28,357,-7,-5.16920473773266
28,358,22,-5.16920473773266
28,359,88,68.08
28,360,246,180.289893617021
28,361,341,180.289893617021
28,362,-341,-259.019801980198
28,363,-122,-156.701863354037
28,364,17,33.3
28,365,108,35.5
28,366,19,-3.01818181818182
28,367,13,-24.1973684210526
28,368,13,-24.1973684210526
28,369,173,111.566265060241
28,370,239,267.214285714286
28,371,-151,-49.5714285714286
28,372,-176,-156.701863354037
28,373,-151,33.3
28,374,-54,-45.0516129032258
28,375,-85,-45.0516129032258
28,376,-15,-45.0516129032258
28,377,-45,-5.16920473773266
28,378,-54,0.242424242424242
28,379,-7,-45.0516129032258
28,380,-52,-5.16920473773266
28,381,-20,-45.0516129032258
28,382,-8,-5.16920473773266
28,383,30,-5.16920473773266
28,384,45,68.08
28,385,125,68.08
28,386,130,180.289893617021
28,387,151,-162.9375
28,388,126,-218.314285714286
28,389,32,-218.314285714286
28,390,9,-47
28,391,-40,-5.16920473773266
28,392,19,-45.0516129032258
28,393,11,-24.1973684210526
28,394,-71,-24.1973684210526
28,395,-152,0.242424242424242
28,396,-362,-45.0516129032258
28,397,-15,-45.0516129032258
28,398,63,-5.16920473773266
28,399,8,-3.01818181818182
28,400,-19,-5.16920473773266
28,401,26,-5.16920473773266
28,402,-44,68.08
28,403,-17,-45.0516129032258
28,404,-16,-5.16920473773266
28,405,-33,-5.16920473773266
28,406,-1,-5.16920473773266
28,407,6,-5.16920473773266
28,408,12,-5.16920473773266
28,409,27,68.08
28,410,28,68.08
28,411,-11,68.08
28,412,9,-5.16920473773266
28,413,-16,-5.16920473773266
28,414,-9,-5.16920473773266
28,415,1,-5.16920473773266
28,416,-15,-5.16920473773266
28,417,-2,-5.16920473773266
28,418,-9,-5.16920473773266
28,419,12,-5.16920473773266
28,420,-4,68.08
28,421,0,-5.16920473773266
28,422,-24,-5.16920473773266
28,423,2,-5.16920473773266
28,424,4,-5.16920473773266
28,425,-11,-5.16920473773266
28,426,-4,-5.16920473773266
28,427,2,-5.16920473773266
28,428,-3,-5.16920473773266
28,429,2,-5.16920473773266
28,430,11,-5.16920473773266
28,431,31,35.5
28,432,162,68.08
28,433,275,138.51724137931
28,434,-210,-49.5714285714286
28,435,-172,-156.701863354037
28,436,1,33.3
28,437,28,-5.16920473773266
28,438,-22,-24.1973684210526
28,439,7,-5.16920473773266
28,440,-2,-5.16920473773266
28,441,-9,111.566265060241
28,442,129,-5.16920473773266
28,443,147,129.190476190476
28,444,-81,-162.9375
28,445,-95,-122.472222222222
28,446,-51,-45.0516129032258
28,447,-63,-45.0516129032258
28,448,-30,-45.0516129032258
28,449,-46,-5.16920473773266
28,450,-6,-45.0516129032258
28,451,-4,-5.16920473773266
28,452,-1,-5.16920473773266
28,453,1,-5.16920473773266
28,454,19,-5.16920473773266
28,455,98,68.08
28,456,270,180.289893617021
28,457,221,180.289893617021
28,458,-303,-259.019801980198
28,459,-146,-156.701863354037
28,460,22,33.3
28,461,40,35.5
28,462,0,-24.1973684210526
28,463,-8,-5.16920473773266
28,464,20,-5.16920473773266
28,465,126,111.566265060241
28,466,329,267.214285714286
28,467,-59,-49.5714285714286
28,468,-150,-156.701863354037
28,469,-197,-125.350649350649
28,470,-59,-95.9473684210526
28,471,-69,-45.0516129032258
28,472,-84,-45.0516129032258
28,473,-37,-45.0516129032258
28,474,-11,0.242424242424242
28,475,-18,-5.16920473773266
28,476,-4,111.566265060241
28,477,3,-5.16920473773266
28,478,18,-5.16920473773266
28,479,82,68.08
28,480,283,180.289893617021
28,481,265,180.289893617021
28,482,-333,-259.019801980198
28,483,-139,-156.701863354037
28,484,37,33.3
28,485,50,35.5
28,486,-41,-3.01818181818182
28,487,-5,-45.0516129032258
28,488,6,-5.16920473773266
28,489,147,111.566265060241
28,490,356,267.214285714286
28,491,-23,-49.5714285714286
28,492,-166,-156.701863354037
28,493,-163,-125.350649350649
28,494,-141,-95.9473684210526
28,495,-47,-45.0516129032258
28,496,-88,-45.0516129032258
28,497,-61,-45.0516129032258
28,498,-20,0.242424242424242
28,499,-10,-5.16920473773266
28,500,-7,-5.16920473773266
28,501,-3,-5.16920473773266
28,502,14,-5.16920473773266
28,503,110,68.08
28,504,98,180.289893617021
28,505,137,180.289893617021
28,506,-161,-37.9375
28,507,-62,-122.472222222222
28,508,12,-45.0516129032258
28,509,53,35.5
28,510,-7,-3.01818181818182
28,511,-28,-5.16920473773266
28,512,35,-5.16920473773266
28,513,114,68.08
28,514,296,202.426829268293
28,515,50,-49.5714285714286
28,516,-200,-204.333333333333
28,517,-127,-125.350649350649
28,518,-87,-95.9473684210526
28,519,-67,-45.0516129032258
28,520,-71,-45.0516129032258
28,521,-39,-45.0516129032258
28,522,-38,0.242424242424242
28,523,-13,-45.0516129032258
28,524,-19,-5.16920473773266
28,525,3,-5.16920473773266
28,526,13,-5.16920473773266
28,527,101,68.08
28,528,195,180.289893617021
28,529,277,180.289893617021
28,530,-258,-259.019801980198
28,531,-98,-156.701863354037
28,532,-3,33.3
28,533,74,-5.16920473773266
28,534,-1,-3.01818181818182
28,535,-6,-5.16920473773266
28,536,24,-5.16920473773266
28,537,116,111.566265060241
28,538,262,267.214285714286
28,539,-48,-49.5714285714286
28,540,-213,-156.701863354037
28,541,-152,-125.350649350649
28,542,-81,16.7037037037037
28,543,-50,-45.0516129032258
28,544,-42,-45.0516129032258
28,545,-13,-45.0516129032258
28,546,-36,-5.16920473773266
28,547,-10,-45.0516129032258
28,548,-31,-5.16920473773266
28,549,-24,-5.16920473773266
28,550,3,-5.16920473773266
28,551,23,-5.16920473773266
28,552,27,68.08
28,553,103,68.08
28,554,56,180.289893617021
28,555,77,97.8823529411765
28,556,67,97.8823529411765
28,557,23,-6.92592592592593
28,558,8,35.5
28,559,51,-5.16920473773266
28,560,-32,-3.01818181818182
28,561,-32,-5.16920473773266
28,562,-54,-5.16920473773266
28,563,-232,-45.0516129032258
28,564,49,-45.0516129032258
28,565,-37,-3.01818181818182
28,566,-18,-45.0516129032258
28,567,-1,-5.16920473773266
28,568,-41,-5.16920473773266
28,569,-6,-45.0516129032258
28,570,6,111.566265060241
28,571,-2,-5.16920473773266
28,572,-24,-5.16920473773266
28,573,-12,-5.16920473773266
28,574,2,-5.16920473773266
28,575,1,-5.16920473773266
28,576,20,-5.16920473773266
28,577,80,35.5
28,578,78,129.190476190476
28,579,195,138.51724137931
28,580,31,-37.9375
28,581,173,-204.333333333333
28,582,11,-6.92592592592593
28,583,58,-122.472222222222
28,584,-50,-6.92592592592593
28,585,-16,-45.0516129032258
28,586,-65,-5.16920473773266
28,587,-35,0.242424242424242
28,588,-112,-45.0516129032258
28,589,-132,0.242424242424242
28,590,-39,-45.0516129032258
28,591,-96,-45.0516129032258
28,592,-26,-45.0516129032258
28,593,-34,-5.16920473773266
28,594,-24,-45.0516129032258
28,595,-16,-5.16920473773266
28,596,-4,-5.16920473773266
28,597,-2,-5.16920473773266
28,598,18,-5.16920473773266
28,599,103,68.08
28,600,226,180.289893617021
28,601,247,180.289893617021
28,602,-328,-259.019801980198
28,603,-111,-156.701863354037
28,604,6,33.3
28,605,62,-5.16920473773266
28,606,22,-3.01818181818182
28,607,-29,-24.1973684210526
28,608,13,-5.16920473773266
28,609,116,111.566265060241
28,610,336,267.214285714286
28,611,-19,-49.5714285714286
28,612,-193,-156.701863354037
28,613,-162,-125.350649350649
28,614,-88,-95.9473684210526
28,615,-87,-45.0516129032258
28,616,-74,-45.0516129032258
28,617,-25,-45.0516129032258
28,618,-14,-5.16920473773266
28,619,-13,111.566265060241
28,620,-5,-5.16920473773266
28,621,5,-5.16920473773266
28,622,9,-5.16920473773266
28,623,9,-5.16920473773266
28,624,143,-5.16920473773266
28,625,388,180.289893617021
28,626,-208,-49.5714285714286
28,627,-175,-156.701863354037
28,628,55,33.3
28,629,40,-3.01818181818182
28,630,-20,-24.1973684210526
28,631,-45,-5.16920473773266
28,632,30,-45.0516129032258
28,633,120,111.566265060241
28,634,327,202.426829268293
28,635,62,-49.5714285714286
28,636,-256,-204.333333333333
28,637,-152,-125.350649350649
28,638,-53,-95.9473684210526
28,639,-71,-45.0516129032258
28,640,-116,-45.0516129032258
28,641,-48,-45.0516129032258
28,642,-32,0.242424242424242
28,643,1,111.566265060241
28,644,-10,-5.16920473773266
28,645,-2,-5.16920473773266
28,646,29,-5.16920473773266
28,647,87,68.08
28,648,238,180.289893617021
28,649,308,180.289893617021
28,650,-351,-259.019801980198
28,651,-140,-156.701863354037
28,652,9,33.3
28,653,61,-5.16920473773266
28,654,-17,-3.01818181818182
28,655,12,-5.16920473773266
28,656,16,-24.1973684210526
28,657,111,111.566265060241
28,658,362,267.214285714286
28,659,84,-3.01818181818182
28,660,-309,-204.333333333333
28,661,-166,-125.350649350649
28,662,-99,-95.9473684210526
28,663,-66,-45.0516129032258
28,664,-75,-45.0516129032258
28,665,-8,-45.0516129032258
28,666,-66,-5.16920473773266
28,667,-7,-45.0516129032258
28,668,-11,-5.16920473773266
28,669,-4,-5.16920473773266
28,670,19,-5.16920473773266
28,671,115,68.08
28,672,248,180.289893617021
28,673,243,-49.5714285714286
28,674,-323,-259.019801980198
28,675,-136,-156.701863354037
28,676,33,33.3
28,677,100,35.5
28,678,-36,-3.01818181818182
28,679,-61,-45.0516129032258
28,680,79,0.242424242424242
28,681,87,97.8823529411765
28,682,334,267.214285714286
28,683,2,-107.95
28,684,-184,-156.701863354037
28,685,-102,-125.350649350649
28,686,-121,-95.9473684210526
28,687,-53,-45.0516129032258
28,688,-125,-45.0516129032258
28,689,-32,-45.0516129032258
28,690,-41,-5.16920473773266
28,691,-37,-45.0516129032258
28,692,3,-45.0516129032258
28,693,-10,-5.16920473773266
28,694,20,-5.16920473773266
28,695,111,68.08
28,696,221,180.289893617021
28,697,262,180.289893617021
28,698,-324,-259.019801980198
28,699,-95,-156.701863354037
28,700,59,33.3
28,701,-87,-3.01818181818182
28,702,107,-45.0516129032258
28,703,-36,-107.95
28,704,101,0.242424242424242
28,705,97,138.51724137931
28,706,203,267.214285714286
28,707,-2,-6.92592592592593
28,708,-189,-156.701863354037
28,709,-139,-45.0516129032258
28,710,-78,-45.0516129032258
28,711,-3,-45.0516129032258
28,712,24,-5.16920473773266
28,713,-103,-24.1973684210526
28,714,-46,0.242424242424242
28,715,-32,-45.0516129032258
28,716,-43,-5.16920473773266
28,717,-23,-45.0516129032258
28,718,13,-5.16920473773266
28,719,20,35.5
28,720,45,68.08
28,721,110,68.08
28,722,87,97.8823529411765
28,723,148,97.8823529411765
28,724,143,-37.9375
28,725,-25,-218.314285714286
28,726,-26,-122.472222222222
28,727,-96,-5.16920473773266
28,728,113,-45.0516129032258
28,729,-1,-3.01818181818182
28,730,-38,-47
28,731,-68,0.242424242424242
28,732,-29,-45.0516129032258
28,733,-96,-5.16920473773266
28,734,-40,-45.0516129032258
28,735,-52,-45.0516129032258
28,736,-68,-45.0516129032258
28,737,-15,-45.0516129032258
28,738,-13,-5.16920473773266
28,739,-28,-5.16920473773266
28,740,-65,-5.16920473773266
28,741,-12,-45.0516129032258
28,742,-5,-5.16920473773266
28,743,6,-5.16920473773266
28,744,19,-5.16920473773266
28,745,78,68.08
28,746,77,138.51724137931
28,747,142,180.289893617021
28,748,81,-37.9375
28,749,144,-122.472222222222
28,750,7,-6.92592592592593
28,751,-47,-122.472222222222
28,752,53,-45.0516129032258
28,753,-27,-3.01818181818182
28,754,-33,-5.16920473773266
28,755,-48,-5.16920473773266
28,756,-80,-45.0516129032258
28,757,-107,-45.0516129032258
28,758,-73,-45.0516129032258
28,759,-46,-45.0516129032258
28,760,-55,-45.0516129032258
28,761,-68,-45.0516129032258
28,762,-25,-45.0516129032258
28,763,-3,-5.16920473773266
28,764,-1,-5.16920473773266
28,765,-3,-5.16920473773266
28,766,21,-5.16920473773266
28,767,119,68.08
28,768,243,180.289893617021
28,769,254,-49.5714285714286
28,770,-289,-259.019801980198
28,771,-160,-156.701863354037
28,772,23,33.3
28,773,50,35.5
28,774,9,-3.01818181818182
28,775,-33,-5.16920473773266
28,776,23,-5.16920473773266
28,777,126,111.566265060241
28,778,381,267.214285714286
28,779,-89,-49.5714285714286
28,780,-134,-156.701863354037
28,781,-223,-125.350649350649
28,782,-76,-95.9473684210526
28,783,-74,16.7037037037037
28,784,-60,-45.0516129032258
28,785,-75,-45.0516129032258
28,786,-29,0.242424242424242
28,787,7,-5.16920473773266
28,788,-10,111.566265060241
28,789,-1,-5.16920473773266
28,790,15,-5.16920473773266
28,791,145,68.08
28,792,298,180.289893617021
28,793,178,-49.5714285714286
28,794,-346,-259.019801980198
28,795,-138,-122.472222222222
28,796,60,-95.9473684210526
28,797,46,-3.01818181818182
28,798,-44,-3.01818181818182
28,799,-148,-45.0516129032258
28,800,63,0.242424242424242
28,801,255,97.8823529411765
28,802,328,267.214285714286
28,803,-7,-259.019801980198
28,804,-252,-156.701863354037
28,805,-156,-125.350649350649
28,806,-79,-95.9473684210526
28,807,-76,-45.0516129032258
28,808,-84,-45.0516129032258
28,809,-28,0.242424242424242
28,810,-21,-5.16920473773266
28,811,-13,111.566265060241
28,812,1,-5.16920473773266
28,813,3,-5.16920473773266
28,814,23,-5.16920473773266
28,815,98,68.08
28,816,292,180.289893617021
28,817,204,180.289893617021
28,818,-297,-259.019801980198
28,819,-172,-156.701863354037
28,820,48,-95.9473684210526
28,821,79,-3.01818181818182
28,822,-14,-3.01818181818182
28,823,-23,-5.16920473773266
28,824,16,-5.16920473773266
28,825,98,111.566265060241
28,826,348,267.214285714286
28,827,-333,-3.01818181818182
28,828,-274,-156.701863354037
28,829,-47,33.3
28,830,-17,-95.9473684210526
28,831,33,-5.16920473773266
28,832,-12,-24.1973684210526
28,833,-22,-5.16920473773266
28,834,-22,111.566265060241
28,835,-8,111.566265060241
28,836,0,-5.16920473773266
28,837,-1,-5.16920473773266
28,838,22,-5.16920473773266
28,839,115,68.08
28,840,262,138.51724137931
28,841,229,-49.5714285714286
28,842,-269,-259.019801980198
28,843,-207,-156.701863354037
28,844,102,33.3
28,845,16,-3.01818181818182
28,846,46,-24.1973684210526
28,847,-71,-107.95
28,848,24,0.242424242424242
28,849,150,111.566265060241
28,850,311,267.214285714286
28,851,38,-49.5714285714286
28,852,-217,-204.333333333333
28,853,-179,-125.350649350649
28,854,-144,-95.9473684210526
28,855,2,-45.0516129032258
28,856,-97,-5.16920473773266
28,857,-71,0.242424242424242
28,858,-18,0.242424242424242
28,859,-15,111.566265060241
28,860,-18,-5.16920473773266
28,861,-4,-5.16920473773266
28,862,17,-5.16920473773266
28,863,109,68.08
28,864,216,180.289893617021
28,865,269,180.289893617021
28,866,-298,-259.019801980198
28,867,-112,-156.701863354037
28,868,81,33.3
28,869,57,-3.01818181818182
28,870,15,-3.01818181818182
28,871,-29,-24.1973684210526
28,872,105,-5.16920473773266
28,873,86,97.8823529411765
28,874,254,267.214285714286
28,875,-183,-6.92592592592593
28,876,-93,-156.701863354037
28,877,-162,33.3
28,878,-71,-45.0516129032258
28,879,-36,-45.0516129032258
28,880,-54,-45.0516129032258
28,881,-44,-45.0516129032258
28,882,-43,0.242424242424242
28,883,-37,-45.0516129032258
28,884,-22,-45.0516129032258
28,885,-25,-5.16920473773266
28,886,4,-5.16920473773266
28,887,20,-5.16920473773266
28,888,34,68.08
28,889,111,68.08
28,890,157,180.289893617021
28,891,76,-37.9375
28,892,111,-122.472222222222
28,893,37,-6.92592592592593
28,894,100,35.5
28,895,-44,-6.92592592592593
28,896,-25,-45.0516129032258
28,897,1,-5.16920473773266
28,898,-15,-5.16920473773266
28,899,-30,-5.16920473773266
28,900,-107,-5.16920473773266
28,901,-152,-45.0516129032258
28,902,-57,-45.0516129032258
28,903,44,-45.0516129032258
28,904,-98,35.5
28,905,-78,-45.0516129032258
28,906,-4,-45.0516129032258
28,907,-12,-5.16920473773266
28,908,-54,-5.16920473773266
28,909,-19,-45.0516129032258
28,910,3,-5.16920473773266
28,911,9,-5.16920473773266
28,912,39,-5.16920473773266
28,913,96,68.08
28,914,66,138.51724137931
28,915,128,97.8823529411765
28,916,78,-37.9375
28,917,103,-47
28,918,71,-6.92592592592593
28,919,-50,-6.92592592592593
28,920,-53,-45.0516129032258
28,921,65,-45.0516129032258
28,922,-86,-3.01818181818182
28,923,-89,-45.0516129032258
28,924,-50,-45.0516129032258
28,925,-109,-45.0516129032258
28,926,-61,-45.0516129032258
28,927,-38,-45.0516129032258
28,928,-57,-45.0516129032258
28,929,-39,-45.0516129032258
28,930,-24,-45.0516129032258
28,931,-9,-5.16920473773266
28,932,0,-5.16920473773266
28,933,4,-5.16920473773266
28,934,20,-5.16920473773266
28,935,39,68.08
28,936,10,68.08
28,937,81,68.08
28,938,-46,97.8823529411765
28,939,-51,-45.0516129032258
28,940,20,-45.0516129032258
28,941,106,35.5
28,942,-9,-3.01818181818182
28,943,-5,-5.16920473773266
28,944,25,-5.16920473773266
28,945,-85,68.08
28,946,118,-45.0516129032258
28,947,71,-3.01818181818182
28,948,4,-47
28,949,-115,-5.16920473773266
28,950,-37,-45.0516129032258
28,951,-23,-45.0516129032258
28,952,-54,-5.16920473773266
28,953,-43,-45.0516129032258
28,954,-13,-45.0516129032258
28,955,-15,-5.16920473773266
28,956,2,-5.16920473773266
28,957,-1,-5.16920473773266
28,958,3,-5.16920473773266
28,959,16,-5.16920473773266
28,960,68,68.08
28,961,317,180.289893617021
28,962,-54,138.51724137931
28,963,-184,-156.701863354037
28,964,53,-125.350649350649
28,965,40,129.190476190476
28,966,-25,35.5
28,967,-55,-5.16920473773266
28,968,72,-45.0516129032258
28,969,118,97.8823529411765
28,970,304,180.289893617021
28,971,55,-218.314285714286
28,972,-221,-204.333333333333
28,973,-249,-125.350649350649
28,974,-154,-95.9473684210526
28,975,-26,16.7037037037037
28,976,-12,-5.16920473773266
28,977,-32,-5.16920473773266
28,978,-18,-5.16920473773266
28,979,-2,111.566265060241
28,980,-13,111.566265060241
28,981,-2,-5.16920473773266
28,982,34,-5.16920473773266
28,983,120,68.08
28,984,282,138.51724137931
28,985,210,-49.5714285714286
28,986,-303,-259.019801980198
28,987,-155,-156.701863354037
28,988,75,-95.9473684210526
28,989,63,-3.01818181818182
28,990,20,-3.01818181818182
28,991,-87,-24.1973684210526
28,992,11,0.242424242424242
28,993,172,111.566265060241
28,994,427,267.214285714286
28,995,-27,-49.5714285714286
28,996,-256,-156.701863354037
28,997,-131,-125.350649350649
28,998,-66,-95.9473684210526
28,999,-107,-45.0516129032258
28,1000,-153,-45.0516129032258
28,1001,-54,0.242424242424242
28,1002,-51,0.242424242424242
28,1003,-12,-45.0516129032258
28,1004,-13,-5.16920473773266
28,1005,13,-5.16920473773266
28,1006,19,68.08
28,1007,124,68.08
28,1008,315,265.409090909091
28,1009,160,-49.5714285714286
28,1010,-288,-259.019801980198
28,1011,-141,-122.472222222222
28,1012,74,-95.9473684210526
28,1013,69,-3.01818181818182
28,1014,-21,-3.01818181818182
28,1015,-57,-5.16920473773266
28,1016,46,0.242424242424242
28,1017,114,97.8823529411765
28,1018,422,267.214285714286
28,1019,16,-49.5714285714286
28,1020,-331,-204.333333333333
28,1021,-91,-125.350649350649
28,1022,-147,-95.9473684210526
28,1023,-48,-45.0516129032258
28,1024,-85,-45.0516129032258
28,1025,-96,-45.0516129032258
28,1026,-21,0.242424242424242
28,1027,-28,111.566265060241
28,1028,-7,-5.16920473773266
28,1029,-3,-5.16920473773266
28,1030,23,-5.16920473773266
28,1031,148,68.08
28,1032,333,180.289893617021
28,1033,230,-49.5714285714286
28,1034,-384,-259.019801980198
28,1035,-106,-156.701863354037
28,1036,79,33.3
28,1037,26,-3.01818181818182
28,1038,35,-24.1973684210526
28,1039,-45,-24.1973684210526
28,1040,41,0.242424242424242
28,1041,177,111.566265060241
28,1042,244,267.214285714286
28,1043,-143,-49.5714285714286
28,1044,-186,-156.701863354037
28,1045,-146,33.3
28,1046,-79,-45.0516129032258
28,1047,-7,-45.0516129032258
28,1048,-77,-5.16920473773266
28,1049,-26,0.242424242424242
28,1050,-44,-5.16920473773266
28,1051,-35,-45.0516129032258
28,1052,-36,-45.0516129032258
28,1053,-19,-45.0516129032258
28,1054,-2,-5.16920473773266
28,1055,38,-5.16920473773266
28,1056,45,68.08
28,1057,100,68.08
28,1058,97,180.289893617021
28,1059,160,97.8823529411765
28,1060,134,-37.9375
28,1061,56,-218.314285714286
28,1062,62,-47
28,1063,26,-6.92592592592593
28,1064,-58,-24.1973684210526
28,1065,-30,-45.0516129032258
28,1066,-16,-5.16920473773266
28,1067,19,-5.16920473773266
28,1068,-213,-24.1973684210526
28,1069,-117,-45.0516129032258
28,1070,-56,16.7037037037037
28,1071,79,-45.0516129032258
28,1072,-99,180.289893617021
28,1073,-69,-45.0516129032258
28,1074,-40,-45.0516129032258
28,1075,-32,-45.0516129032258
28,1076,-32,-5.16920473773266
28,1077,-50,-5.16920473773266
28,1078,-8,-45.0516129032258
28,1079,17,-5.16920473773266
28,1080,65,68.08
28,1081,81,180.289893617021
28,1082,142,180.289893617021
28,1083,119,-37.9375
28,1084,149,-218.314285714286
28,1085,56,-218.314285714286
28,1086,-30,-122.472222222222
28,1087,-64,-5.16920473773266
28,1088,-41,-45.0516129032258
28,1089,75,-45.0516129032258
28,1090,-28,-3.01818181818182
28,1091,-75,-5.16920473773266
28,1092,-72,0.242424242424242
28,1093,-128,-45.0516129032258
28,1094,-41,-45.0516129032258
28,1095,-88,-45.0516129032258
28,1096,-59,-45.0516129032258
28,1097,-46,-45.0516129032258
28,1098,-25,-45.0516129032258
28,1099,-4,-5.16920473773266
28,1100,-9,-5.16920473773266
28,1101,5,-5.16920473773266
28,1102,8,-5.16920473773266
28,1103,64,-5.16920473773266
28,1104,74,180.289893617021
28,1105,117,180.289893617021
28,1106,-84,97.8823529411765
28,1107,-87,-47
28,1108,7,-45.0516129032258
28,1109,64,-5.16920473773266
28,1110,14,-3.01818181818182
28,1111,-4,-24.1973684210526
28,1112,45,-5.16920473773266
28,1113,90,68.08
28,1114,193,97.8823529411765
28,1115,22,-6.92592592592593
28,1116,-82,-122.472222222222
28,1117,-112,-45.0516129032258
28,1118,-95,-45.0516129032258
28,1119,-99,-45.0516129032258
28,1120,-45,-45.0516129032258
28,1121,-61,-45.0516129032258
28,1122,-9,0.242424242424242
28,1123,-16,-5.16920473773266
28,1124,-6,-5.16920473773266
28,1125,2,-5.16920473773266
28,1126,10,-5.16920473773266
28,1127,120,68.08
28,1128,187,180.289893617021
28,1129,266,-162.9375
28,1130,-257,-259.019801980198
28,1131,-133,-156.701863354037
28,1132,-11,33.3
28,1133,65,-5.16920473773266
28,1134,-11,-3.01818181818182
28,1135,-21,-5.16920473773266
28,1136,23,-5.16920473773266
28,1137,141,111.566265060241
28,1138,399,267.214285714286
28,1139,0,-49.5714285714286
28,1140,-421,-156.701863354037
28,1141,9,-125.350649350649
28,1142,-112,-5.16920473773266
28,1143,-87,-45.0516129032258
28,1144,-69,-45.0516129032258
28,1145,-58,-45.0516129032258
28,1146,-15,0.242424242424242
28,1147,-20,111.566265060241
28,1148,-7,-5.16920473773266
28,1149,-2,-5.16920473773266
28,1150,32,-5.16920473773266
28,1151,125,68.08
28,1152,308,180.289893617021
28,1153,251,-49.5714285714286
28,1154,-422,-259.019801980198
28,1155,-106,-156.701863354037
28,1156,6,33.3
28,1157,51,-5.16920473773266
28,1158,22,-3.01818181818182
28,1159,-22,-24.1973684210526
28,1160,9,-5.16920473773266
28,1161,21,111.566265060241
28,1162,7,188.923076923077
28,1163,42,-5.16920473773266
28,1164,49,35.5
28,1165,-81,-3.01818181818182
28,1166,-50,-45.0516129032258
28,1167,-86,-45.0516129032258
28,1168,-53,-45.0516129032258
28,1169,-50,-45.0516129032258
28,1170,-26,-45.0516129032258
28,1171,-14,-5.16920473773266
28,1172,-12,-5.16920473773266
28,1173,1,-5.16920473773266
28,1174,25,-5.16920473773266
28,1175,126,68.08
28,1176,259,180.289893617021
28,1177,277,-49.5714285714286
28,1178,-391,-259.019801980198
28,1179,-116,-156.701863354037
28,1180,36,33.3
28,1181,68,35.5
28,1182,13,-3.01818181818182
28,1183,-50,-24.1973684210526
28,1184,39,0.242424242424242
28,1185,99,111.566265060241
28,1186,408,267.214285714286
28,1187,-46,-6.92592592592593
28,1188,-260,-156.701863354037
28,1189,-94,-125.350649350649
28,1190,-113,-95.9473684210526
28,1191,-42,-45.0516129032258
28,1192,-76,-45.0516129032258
28,1193,-94,-45.0516129032258
28,1194,-31,0.242424242424242
28,1195,-19,111.566265060241
28,1196,-9,-5.16920473773266
28,1197,-5,-5.16920473773266
28,1198,21,-5.16920473773266
28,1199,83,68.08
28,1200,246,180.289893617021
28,1201,224,180.289893617021
28,1202,-243,-259.019801980198
28,1203,-108,-156.701863354037
28,1204,51,33.3
28,1205,38,-3.01818181818182
28,1206,12,-24.1973684210526
28,1207,34,-24.1973684210526
28,1208,99,-24.1973684210526
28,1209,118,97.8823529411765
28,1210,69,202.426829268293
28,1211,-131,-47
28,1212,-118,-45.0516129032258
28,1213,-54,-45.0516129032258
28,1214,-95,-45.0516129032258
28,1215,-43,-45.0516129032258
28,1216,-46,-45.0516129032258
28,1217,-50,-45.0516129032258
28,1218,-34,-45.0516129032258
28,1219,-18,-45.0516129032258
28,1220,-33,-5.16920473773266
28,1221,-29,-5.16920473773266
28,1222,8,-5.16920473773266
28,1223,21,-5.16920473773266
28,1224,23,68.08
28,1225,87,68.08
28,1226,148,97.8823529411765
28,1227,148,-37.9375
28,1228,83,-218.314285714286
28,1229,9,-122.472222222222
28,1230,10,-5.16920473773266
28,1231,25,-24.1973684210526
28,1232,-51,-24.1973684210526
28,1233,-9,-45.0516129032258
28,1234,-42,-5.16920473773266
28,1235,-47,0.242424242424242
28,1236,-42,-45.0516129032258
28,1237,-118,-45.0516129032258
28,1238,-4,-45.0516129032258
28,1239,-47,-5.16920473773266
28,1240,-54,-45.0516129032258
28,1241,-13,-45.0516129032258
28,1242,-59,-5.16920473773266
28,1243,-17,-45.0516129032258
28,1244,-25,-5.16920473773266
28,1245,-25,-5.16920473773266
28,1246,-4,-5.16920473773266
28,1247,15,-5.16920473773266
28,1248,30,68.08
28,1249,99,68.08
28,1250,119,180.289893617021
28,1251,154,97.8823529411765
28,1252,95,-218.314285714286
28,1253,51,-122.472222222222
28,1254,-72,-6.92592592592593
28,1255,49,-45.0516129032258
28,1256,-12,-6.92592592592593
28,1257,-34,-5.16920473773266
28,1258,21,-45.0516129032258
28,1259,-4,-24.1973684210526
28,1260,-76,-5.16920473773266
28,1261,-50,-45.0516129032258
28,1262,-249,-45.0516129032258
28,1263,-84,-45.0516129032258
28,1264,37,16.7037037037037
28,1265,-31,35.5
28,1266,-6,-5.16920473773266
28,1267,-11,-5.16920473773266
28,1268,-30,-5.16920473773266
28,1269,-12,111.566265060241
28,1270,3,-5.16920473773266
28,1271,11,-5.16920473773266
28,1272,47,68.08
28,1273,88,180.289893617021
28,1274,108,138.51724137931
28,1275,101,97.8823529411765
28,1276,112,97.8823529411765
28,1277,49,-6.92592592592593
28,1278,31,-47
28,1279,-91,-24.1973684210526
28,1280,-5,-45.0516129032258
28,1281,41,-5.16920473773266
28,1282,-96,-24.1973684210526
28,1283,-22,-45.0516129032258
28,1284,12,-5.16920473773266
28,1285,-78,-24.1973684210526
28,1286,-70,-45.0516129032258
28,1287,-90,-45.0516129032258
28,1288,-75,-45.0516129032258
28,1289,-37,-45.0516129032258
28,1290,-31,-45.0516129032258
28,1291,-6,-5.16920473773266
28,1292,-5,-5.16920473773266
28,1293,2,-5.16920473773266
28,1294,28,-5.16920473773266
28,1295,121,68.08
28,1296,296,180.289893617021
28,1297,184,-49.5714285714286
28,1298,-377,-259.019801980198
28,1299,-74,-122.472222222222
28,1300,14,-95.9473684210526
28,1301,40,35.5
28,1302,2,-24.1973684210526
28,1303,-1,-5.16920473773266
28,1304,18,-5.16920473773266
28,1305,137,111.566265060241
28,1306,388,267.214285714286
28,1307,-71,-49.5714285714286
28,1308,-184,-156.701863354037
28,1309,-322,-125.350649350649
28,1310,-133,-95.9473684210526
28,1311,-16,16.7037037037037
28,1312,-5,-5.16920473773266
28,1313,-14,-5.16920473773266
28,1314,-32,-5.16920473773266
28,1315,1,-5.16920473773266
28,1316,0,111.566265060241
28,1317,1,-5.16920473773266
28,1318,35,-5.16920473773266
28,1319,103,68.08
28,1320,339,138.51724137931
28,1321,188,138.51724137931
28,1322,-366,-259.019801980198
28,1323,-128,-122.472222222222
28,1324,31,-95.9473684210526
28,1325,45,35.5
28,1326,36,-24.1973684210526
28,1327,-37,-24.1973684210526
28,1328,23,0.242424242424242
28,1329,123,111.566265060241
28,1330,441,267.214285714286
28,1331,-43,-49.5714285714286
28,1332,-240,-156.701863354037
28,1333,-125,-125.350649350649
28,1334,-127,-95.9473684210526
28,1335,-87,-45.0516129032258
28,1336,-57,-45.0516129032258
28,1337,-99,-45.0516129032258
28,1338,-35,0.242424242424242
28,1339,-12,-45.0516129032258
28,1340,-6,-5.16920473773266
28,1341,0,-5.16920473773266
28,1342,25,-5.16920473773266
28,1343,145,68.08
28,1344,329,180.289893617021
28,1345,186,-49.5714285714286
28,1346,-382,-259.019801980198
28,1347,-91,-122.472222222222
28,1348,-2,-95.9473684210526
28,1349,74,-5.16920473773266
28,1350,1,-3.01818181818182
28,1351,-39,-5.16920473773266
28,1352,36,0.242424242424242
28,1353,197,111.566265060241
28,1354,340,267.214285714286
28,1355,-42,-49.5714285714286
28,1356,-194,-156.701863354037
28,1357,-112,-125.350649350649
28,1358,-120,-95.9473684210526
28,1359,-95,-45.0516129032258
28,1360,-124,-45.0516129032258
28,1361,-54,0.242424242424242
28,1362,-52,0.242424242424242
28,1363,-18,-45.0516129032258
28,1364,-12,-5.16920473773266
28,1365,2,-5.16920473773266
28,1366,39,-5.16920473773266
28,1367,96,68.08
28,1368,261,180.289893617021
28,1369,292,180.289893617021
28,1370,-396,-259.019801980198
28,1371,-94,-156.701863354037
28,1372,31,33.3
28,1373,75,35.5
28,1374,6,-3.01818181818182
28,1375,-62,-5.16920473773266
28,1376,4,0.242424242424242
28,1377,-36,111.566265060241
28,1378,5,-45.0516129032258
28,1379,-117,-5.16920473773266
28,1380,-65,-45.0516129032258
28,1381,-6,-45.0516129032258
28,1382,46,-5.16920473773266
28,1383,-62,129.190476190476
28,1384,50,-45.0516129032258
28,1385,13,-107.95
28,1386,-10,68.08
28,1387,-35,-5.16920473773266
28,1388,-15,-45.0516129032258
28,1389,-13,-5.16920473773266
28,1390,-1,-5.16920473773266
28,1391,24,-5.16920473773266
28,1392,50,-24.1973684210526
28,1393,124,138.51724137931
28,1394,122,138.51724137931
28,1395,161,-218.314285714286
28,1396,43,-218.314285714286
28,1397,132,-122.472222222222
28,1398,11,-6.92592592592593
28,1399,-32,-47
28,1400,55,-5.16920473773266
28,1401,-58,-3.01818181818182
28,1402,-58,-45.0516129032258
28,1403,-74,0.242424242424242
28,1404,42,-45.0516129032258
28,1405,-155,-24.1973684210526
28,1406,-83,-45.0516129032258
28,1407,-88,-45.0516129032258
28,1408,10,-45.0516129032258
28,1409,-69,68.08
28,1410,-48,-45.0516129032258
28,1411,-32,-45.0516129032258
28,1412,-39,-5.16920473773266
28,1413,-37,-45.0516129032258
28,1414,-1,-45.0516129032258
28,1415,10,-5.16920473773266
28,1416,13,68.08
28,1417,105,68.08
28,1418,160,180.289893617021
28,1419,104,-37.9375
28,1420,107,-218.314285714286
28,1421,173,-6.92592592592593
28,1422,2,-6.92592592592593
28,1423,-8,-122.472222222222
28,1424,-34,-5.16920473773266
28,1425,18,-45.0516129032258
28,1426,-84,-24.1973684210526
28,1427,-82,-45.0516129032258
28,1428,-43,-45.0516129032258
28,1429,-139,0.242424242424242
28,1430,-68,-45.0516129032258
28,1431,-20,-45.0516129032258
28,1432,-118,-5.16920473773266
28,1433,-59,-45.0516129032258
28,1434,-35,-45.0516129032258
28,1435,-3,-45.0516129032258
28,1436,-6,-5.16920473773266
28,1437,3,-5.16920473773266
28,1438,27,-5.16920473773266
28,1439,104,68.08
28,1440,378,180.289893617021
28,1441,148,180.289893617021
28,1442,-383,-259.019801980198
28,1443,-95,-122.472222222222
28,1444,52,-95.9473684210526
28,1445,43,-3.01818181818182
28,1446,-8,-24.1973684210526
28,1447,-4,-5.16920473773266
28,1448,22,-5.16920473773266
28,1449,156,111.566265060241
28,1450,386,267.214285714286
28,1451,-12,-49.5714285714286
28,1452,-177,-156.701863354037
28,1453,-184,-125.350649350649
28,1454,-196,-95.9473684210526
28,1455,-97,-45.0516129032258
28,1456,-82,-45.0516129032258
28,1457,-52,0.242424242424242
28,1458,-14,0.242424242424242
28,1459,-12,-5.16920473773266
28,1460,-3,-5.16920473773266
28,1461,0,111.566265060241
28,1462,31,-5.16920473773266
28,1463,148,68.08
28,1464,385,180.289893617021
28,1465,141,-49.5714285714286
28,1466,-375,-259.019801980198
28,1467,-159,-122.472222222222
28,1468,51,-95.9473684210526
28,1469,20,-3.01818181818182
28,1470,20,-24.1973684210526
28,1471,9,-24.1973684210526
28,1472,-4,-5.16920473773266
28,1473,201,111.566265060241
28,1474,377,267.214285714286
28,1475,-60,-49.5714285714286
28,1476,-277,-156.701863354037
28,1477,-98,-125.350649350649
28,1478,-132,-95.9473684210526
28,1479,-90,-45.0516129032258
28,1480,-80,-45.0516129032258
28,1481,-64,0.242424242424242
28,1482,-22,0.242424242424242
28,1483,-16,111.566265060241
28,1484,-3,-5.16920473773266
28,1485,2,-5.16920473773266
28,1486,28,-5.16920473773266
28,1487,134,68.08
28,1488,375,180.289893617021
28,1489,121,-49.5714285714286
28,1490,-365,-259.019801980198
28,1491,-100,-47
28,1492,23,-95.9473684210526
28,1493,89,35.5
28,1494,-12,-3.01818181818182
28,1495,-1,-5.16920473773266
28,1496,-2,-5.16920473773266
28,1497,152,111.566265060241
28,1498,272,267.214285714286
28,1499,58,-49.5714285714286
28,1500,-244,-204.333333333333
28,1501,-130,-125.350649350649
28,1502,-110,-95.9473684210526
28,1503,-50,-45.0516129032258
28,1504,-125,-45.0516129032258
28,1505,-64,0.242424242424242
28,1506,-37,0.242424242424242
28,1507,-10,-45.0516129032258
28,1508,-7,-5.16920473773266
28,1509,1,-5.16920473773266
28,1510,28,-5.16920473773266
28,1511,136,68.08
28,1512,356,180.289893617021
28,1513,155,-49.5714285714286
28,1514,-344,-259.019801980198
28,1515,-127,-122.472222222222
28,1516,27,-95.9473684210526
28,1517,99,35.5
28,1518,-21,-3.01818181818182
28,1519,-50,-5.16920473773266
28,1520,68,0.242424242424242
28,1521,133,97.8823529411765
28,1522,403,267.214285714286
28,1523,-56,-218.314285714286
28,1524,-211,-156.701863354037
28,1525,-124,-125.350649350649
28,1526,-165,-95.9473684210526
28,1527,-85,-45.0516129032258
28,1528,-51,-45.0516129032258
28,1529,-100,-45.0516129032258
28,1530,-48,0.242424242424242
28,1531,-10,-45.0516129032258
28,1532,-11,-5.16920473773266
28,1533,2,-5.16920473773266
28,1534,19,-5.16920473773266
28,1535,110,68.08
28,1536,289,180.289893617021
28,1537,272,180.289893617021
28,1538,-318,-259.019801980198
28,1539,-133,-156.701863354037
28,1540,15,33.3
28,1541,105,35.5
28,1542,47,-3.01818181818182
28,1543,-43,-3.01818181818182
28,1544,24,0.242424242424242
28,1545,126,111.566265060241
28,1546,270,267.214285714286
28,1547,-70,-49.5714285714286
28,1548,-168,-156.701863354037
28,1549,-147,-125.350649350649
28,1550,-69,-95.9473684210526
28,1551,-48,-45.0516129032258
28,1552,-76,-45.0516129032258
28,1553,-9,-45.0516129032258
28,1554,-83,-5.16920473773266
28,1555,-34,-45.0516129032258
28,1556,-49,-45.0516129032258
28,1557,-32,-45.0516129032258
28,1558,11,-5.16920473773266
28,1559,61,68.08
28,1560,7,180.289893617021
28,1561,157,-5.16920473773266
28,1562,96,-37.9375
28,1563,126,-122.472222222222
28,1564,103,180.289893617021
28,1565,-38,-47
28,1566,54,-45.0516129032258
28,1567,8,-6.92592592592593
28,1568,-38,-5.16920473773266
28,1569,-21,0.242424242424242
28,1570,-39,-5.16920473773266
28,1571,-44,-45.0516129032258
28,1572,-91,-45.0516129032258
28,1573,3,-45.0516129032258
28,1574,-47,-5.16920473773266
28,1575,-102,-45.0516129032258
28,1576,16,-45.0516129032258
28,1577,-72,68.08
28,1578,-42,-45.0516129032258
28,1579,-43,-45.0516129032258
28,1580,-44,-45.0516129032258
28,1581,-19,-45.0516129032258
28,1582,3,-5.16920473773266
28,1583,17,-5.16920473773266
28,1584,32,68.08
28,1585,119,68.08
28,1586,85,180.289893617021
28,1587,147,-47
28,1588,86,-37.9375
28,1589,3,-122.472222222222
28,1590,-10,-5.16920473773266
28,1591,8,-5.16920473773266
28,1592,-25,-5.16920473773266
28,1593,33,-5.16920473773266
28,1594,13,-24.1973684210526
28,1595,-31,-24.1973684210526
28,1596,-115,-5.16920473773266
28,1597,-12,-45.0516129032258
28,1598,-110,-5.16920473773266
28,1599,-94,-45.0516129032258
28,1600,-49,-45.0516129032258
28,1601,-69,-45.0516129032258
28,1602,-17,-45.0516129032258
28,1603,-7,-5.16920473773266
28,1604,-11,-5.16920473773266
28,1605,1,-5.16920473773266
28,1606,30,-5.16920473773266
28,1607,107,68.08
28,1608,359,180.289893617021
28,1609,148,180.289893617021
28,1610,-335,-259.019801980198
28,1611,-169,-122.472222222222
28,1612,55,-95.9473684210526
28,1613,59,-3.01818181818182
28,1614,-13,-3.01818181818182
28,1615,11,-5.16920473773266
28,1616,0,-24.1973684210526
28,1617,168,111.566265060241
28,1618,373,267.214285714286
28,1619,31,-49.5714285714286
28,1620,-235,-204.333333333333
28,1621,-202,-125.350649350649
28,1622,-144,-95.9473684210526
28,1623,-86,16.7037037037037
28,1624,-84,-45.0516129032258
28,1625,-52,0.242424242424242
28,1626,-12,0.242424242424242
28,1627,-10,111.566265060241
28,1628,6,111.566265060241
28,1629,-8,-5.16920473773266
28,1630,25,-5.16920473773266
28,1631,107,68.08
28,1632,167,180.289893617021
28,1633,310,180.289893617021
28,1634,-328,-218.314285714286
28,1635,-160,-156.701863354037
28,1636,-60,33.3
28,1637,30,-95.9473684210526
28,1638,-36,-24.1973684210526
28,1639,1,-45.0516129032258
28,1640,56,-5.16920473773266
28,1641,123,97.8823529411765
28,1642,442,267.214285714286
28,1643,-28,-218.314285714286
28,1644,-162,-156.701863354037
28,1645,-105,-125.350649350649
28,1646,-112,-95.9473684210526
28,1647,-67,-45.0516129032258
28,1648,-118,-45.0516129032258
28,1649,-55,-45.0516129032258
28,1650,-6,0.242424242424242
28,1651,-24,-5.16920473773266
28,1652,4,-5.16920473773266
28,1653,2,-5.16920473773266
28,1654,30,-5.16920473773266
28,1655,154,68.08
28,1656,311,180.289893617021
28,1657,208,-49.5714285714286
28,1658,-361,-259.019801980198
28,1659,-154,-156.701863354037
28,1660,48,-95.9473684210526
28,1661,88,-3.01818181818182
28,1662,-79,-3.01818181818182
28,1663,65,0.242424242424242
28,1664,-39,-107.95
28,1665,111,0.242424242424242
28,1666,465,267.214285714286
28,1667,-113,-3.01818181818182
28,1668,-73,-156.701863354037
28,1669,-223,-125.350649350649
28,1670,-52,-95.9473684210526
28,1671,-158,16.7037037037037
28,1672,-85,-45.0516129032258
28,1673,-105,-45.0516129032258
28,1674,-27,0.242424242424242
28,1675,-12,-5.16920473773266
28,1676,-4,111.566265060241
28,1677,1,-5.16920473773266
28,1678,34,-5.16920473773266
28,1679,141,188.923076923077
28,1680,325,180.289893617021
28,1681,213,-49.5714285714286
28,1682,-362,-259.019801980198
28,1683,-178,-156.701863354037
28,1684,49,33.3
28,1685,37,-3.01818181818182
28,1686,19,-24.1973684210526
28,1687,14,-24.1973684210526
28,1688,26,-24.1973684210526
28,1689,114,111.566265060241
28,1690,429,267.214285714286
28,1691,-44,-49.5714285714286
28,1692,-244,-156.701863354037
28,1693,-144,-125.350649350649
28,1694,-98,-95.9473684210526
28,1695,-95,-45.0516129032258
28,1696,-70,-45.0516129032258
28,1697,-78,-45.0516129032258
28,1698,-43,0.242424242424242
28,1699,-36,-45.0516129032258
28,1700,-10,-45.0516129032258
28,1701,9,-5.16920473773266
28,1702,19,-5.16920473773266
28,1703,118,68.08
28,1704,279,180.289893617021
28,1705,223,-49.5714285714286
28,1706,-287,-259.019801980198
28,1707,-150,-156.701863354037
28,1708,70,33.3
28,1709,117,-3.01818181818182
28,1710,-10,-3.01818181818182
28,1711,-17,-47
28,1712,1,-5.16920473773266
28,1713,181,111.566265060241
28,1714,265,267.214285714286
28,1715,-130,-49.5714285714286
28,1716,-226,-156.701863354037
28,1717,-82,-125.350649350649
28,1718,-52,16.7037037037037
28,1719,-12,-45.0516129032258
28,1720,-99,-5.16920473773266
28,1721,-85,0.242424242424242
28,1722,-42,0.242424242424242
28,1723,-28,-45.0516129032258
28,1724,-40,-5.16920473773266
28,1725,-19,-45.0516129032258
28,1726,15,-5.16920473773266
28,1727,24,68.08
28,1728,31,68.08
28,1729,126,68.08
28,1730,163,-37.9375
28,1731,68,-162.9375
28,1732,131,-122.472222222222
28,1733,37,-6.92592592592593
28,1734,14,-47
28,1735,-44,-24.1973684210526
28,1736,10,-45.0516129032258
28,1737,-41,-24.1973684210526
28,1738,51,0.242424242424242
28,1739,-22,-3.01818181818182
28,1740,-110,-5.16920473773266
28,1741,-109,-45.0516129032258
28,1742,-62,-45.0516129032258
28,1743,-10,-45.0516129032258
28,1744,-97,-5.16920473773266
28,1745,-35,-45.0516129032258
28,1746,-60,-45.0516129032258
28,1747,-14,-45.0516129032258
28,1748,-46,-5.16920473773266
28,1749,-10,-45.0516129032258
28,1750,-1,-5.16920473773266
28,1751,6,-5.16920473773266
28,1752,25,-5.16920473773266
28,1753,71,68.08
28,1754,155,180.289893617021
28,1755,162,138.51724137931
28,1756,110,-218.314285714286
28,1757,69,-218.314285714286
28,1758,-1,-6.92592592592593
28,1759,-32,-5.16920473773266
28,1760,-119,-5.16920473773266
28,1761,117,-45.0516129032258
28,1762,13,-3.01818181818182
28,1763,-80,-47
28,1764,-123,-45.0516129032258
28,1765,-88,-45.0516129032258
28,1766,-56,-45.0516129032258
28,1767,-93,-45.0516129032258
28,1768,-45,-45.0516129032258
28,1769,-68,-45.0516129032258
28,1770,-26,-45.0516129032258
28,1771,-5,-5.16920473773266
28,1772,-5,-5.16920473773266
28,1773,5,-5.16920473773266
28,1774,14,-5.16920473773266
28,1775,14,68.08
28,1776,108,68.08
28,1777,329,180.289893617021
28,1778,-224,-37.9375
28,1779,-159,-156.701863354037
28,1780,30,33.3
28,1781,47,35.5
28,1782,57,-3.01818181818182
28,1783,-6,-3.01818181818182
28,1784,18,-5.16920473773266
28,1785,95,111.566265060241
28,1786,391,202.426829268293
28,1787,-81,-3.01818181818182
28,1788,-179,-156.701863354037
28,1789,-101,-125.350649350649
28,1790,-89,-95.9473684210526
28,1791,-109,-45.0516129032258
28,1792,-90,-45.0516129032258
28,1793,-39,-45.0516129032258
28,1794,-21,0.242424242424242
28,1795,1,-5.16920473773266
28,1796,-7,-5.16920473773266
28,1797,2,-5.16920473773266
28,1798,27,-5.16920473773266
28,1799,124,68.08
28,1800,319,180.289893617021
28,1801,193,-49.5714285714286
28,1802,-345,-259.019801980198
28,1803,-148,-122.472222222222
28,1804,50,-95.9473684210526
28,1805,62,-3.01818181818182
28,1806,-20,-3.01818181818182
28,1807,-45,-5.16920473773266
28,1808,32,0.242424242424242
28,1809,75,111.566265060241
28,1810,477,267.214285714286
28,1811,-16,-107.95
28,1812,-281,-156.701863354037
28,1813,-56,-125.350649350649
28,1814,-182,-95.9473684210526
28,1815,15,-45.0516129032258
28,1816,-166,-24.1973684210526
28,1817,-72,-45.0516129032258
28,1818,-26,0.242424242424242
28,1819,-21,111.566265060241
28,1820,2,-5.16920473773266
28,1821,-1,-5.16920473773266
28,1822,32,-5.16920473773266
28,1823,126,68.08
28,1824,299,265.409090909091
28,1825,179,-49.5714285714286
28,1826,-327,-259.019801980198
28,1827,-149,-122.472222222222
28,1828,21,-95.9473684210526
28,1829,-8,35.5
28,1830,31,-5.16920473773266
28,1831,-21,-24.1973684210526
28,1832,-11,-5.16920473773266
28,1833,156,111.566265060241
28,1834,356,267.214285714286
28,1835,-19,-49.5714285714286
28,1836,-133,-156.701863354037
28,1837,-132,-125.350649350649
28,1838,-63,-95.9473684210526
28,1839,-87,-45.0516129032258
28,1840,-134,-45.0516129032258
28,1841,-54,0.242424242424242
28,1842,-51,0.242424242424242
28,1843,0,-45.0516129032258
28,1844,-7,-5.16920473773266
28,1845,1,-5.16920473773266
28,1846,28,-5.16920473773266
28,1847,110,68.08
28,1848,313,265.409090909091
28,1849,127,180.289893617021
28,1850,-334,-259.019801980198
28,1851,-106,-47
28,1852,11,-95.9473684210526
28,1853,54,35.5
28,1854,-43,-3.01818181818182
28,1855,4,-45.0516129032258
28,1856,18,-5.16920473773266
28,1857,126,111.566265060241
28,1858,295,267.214285714286
28,1859,25,-49.5714285714286
28,1860,-141,-204.333333333333
28,1861,-63,-125.350649350649
28,1862,-125,-95.9473684210526
28,1863,-68,-45.0516129032258
28,1864,-97,-45.0516129032258
28,1865,-53,-45.0516129032258
28,1866,-62,0.242424242424242
28,1867,-19,-45.0516129032258
28,1868,-5,-5.16920473773266
28,1869,3,-5.16920473773266
28,1870,28,-5.16920473773266
28,1871,84,68.08
28,1872,237,180.289893617021
28,1873,254,180.289893617021
28,1874,-280,-259.019801980198
28,1875,-148,-156.701863354037
28,1876,51,33.3
28,1877,18,-3.01818181818182
28,1878,46,-24.1973684210526
28,1879,-37,-107.95
28,1880,21,0.242424242424242
28,1881,96,111.566265060241
28,1882,266,267.214285714286
28,1883,-141,-3.01818181818182
28,1884,-143,-156.701863354037
28,1885,-160,-125.350649350649
28,1886,15,-45.0516129032258
28,1887,-20,35.5
28,1888,-23,-5.16920473773266
28,1889,-58,-5.16920473773266
28,1890,7,0.242424242424242
28,1891,-30,-5.16920473773266
28,1892,-51,-5.16920473773266
28,1893,-23,-45.0516129032258
28,1894,-7,-5.16920473773266
28,1895,35,-5.16920473773266
28,1896,31,68.08
28,1897,89,35.5
28,1898,165,138.51724137931
28,1899,162,-37.9375
28,1900,22,-218.314285714286
28,1901,86,-122.472222222222
28,1902,-38,-6.92592592592593
28,1903,45,-45.0516129032258
28,1904,-126,-24.1973684210526
28,1905,30,-45.0516129032258
28,1906,17,-24.1973684210526
28,1907,-49,-24.1973684210526
28,1908,-56,-45.0516129032258
28,1909,-39,-45.0516129032258
28,1910,-64,-45.0516129032258
28,1911,-43,-45.0516129032258
28,1912,-54,-45.0516129032258
28,1913,-62,-45.0516129032258
28,1914,-36,-45.0516129032258
28,1915,-13,-45.0516129032258
28,1916,-54,-5.16920473773266
28,1917,-47,-45.0516129032258
28,1918,-5,-45.0516129032258
28,1919,17,-5.16920473773266
28,1920,46,68.08
28,1921,70,180.289893617021
28,1922,91,180.289893617021
28,1923,220,97.8823529411765
28,1924,54,-37.9375
28,1925,50,-204.333333333333
28,1926,29,-6.92592592592593
28,1927,-34,-24.1973684210526
28,1928,-64,-45.0516129032258
28,1929,-26,-45.0516129032258
28,1930,71,-5.16920473773266
28,1931,2,-3.01818181818182
28,1932,-111,-5.16920473773266
28,1933,-91,-45.0516129032258
28,1934,-79,-45.0516129032258
28,1935,-75,-45.0516129032258
28,1936,-91,-45.0516129032258
28,1937,-19,-45.0516129032258
28,1938,-37,-5.16920473773266
28,1939,-17,-45.0516129032258
28,1940,-9,-5.16920473773266
28,1941,-1,-5.16920473773266
28,1942,39,-5.16920473773266
28,1943,115,68.08
28,1944,327,180.289893617021
28,1945,123,-49.5714285714286
28,1946,-340,-259.019801980198
28,1947,-84,-47
28,1948,-3,-95.9473684210526
28,1949,89,-5.16920473773266
28,1950,-10,-3.01818181818182
28,1951,-9,-5.16920473773266
28,1952,-18,-5.16920473773266
28,1953,181,111.566265060241
28,1954,419,267.214285714286
28,1955,-42,-49.5714285714286
28,1956,-209,-156.701863354037
28,1957,-107,-125.350649350649
28,1958,-144,-95.9473684210526
28,1959,-144,-45.0516129032258
28,1960,-84,-45.0516129032258
28,1961,-66,0.242424242424242
28,1962,-7,0.242424242424242
28,1963,-21,111.566265060241
28,1964,0,-5.16920473773266
28,1965,1,-5.16920473773266
28,1966,29,-5.16920473773266
28,1967,149,188.923076923077
28,1968,364,180.289893617021
28,1969,104,-49.5714285714286
28,1970,-328,-259.019801980198
28,1971,-138,-125.350649350649
28,1972,45,-95.9473684210526
28,1973,73,35.5
28,1974,-2,-3.01818181818182
28,1975,-39,-5.16920473773266
28,1976,50,0.242424242424242
28,1977,99,97.8823529411765
28,1978,484,267.214285714286
28,1979,-76,-107.95
28,1980,-212,-156.701863354037
28,1981,-107,-125.350649350649
28,1982,-177,-95.9473684210526
28,1983,-83,-45.0516129032258
28,1984,-114,-45.0516129032258
28,1985,-77,-45.0516129032258
28,1986,-31,0.242424242424242
28,1987,-9,111.566265060241
28,1988,-6,-5.16920473773266
28,1989,3,-5.16920473773266
28,1990,25,-5.16920473773266
28,1991,164,68.08
28,1992,327,180.289893617021
28,1993,160,-49.5714285714286
28,1994,-405,-259.019801980198
28,1995,-110,-122.472222222222
28,1996,37,-95.9473684210526
28,1997,113,35.5
28,1998,-1,-3.01818181818182
28,1999,-51,-47
28,2000,-21,0.242424242424242
28,2001,143,111.566265060241
28,2002,451,267.214285714286
28,2003,-39,-49.5714285714286
28,2004,-161,-156.701863354037
28,2005,-198,-125.350649350649
28,2006,-78,-95.9473684210526
28,2007,-70,-45.0516129032258
28,2008,-138,-45.0516129032258
28,2009,-105,-45.0516129032258
28,2010,-29,0.242424242424242
28,2011,-12,-5.16920473773266
28,2012,-6,111.566265060241
28,2013,4,-5.16920473773266
28,2014,36,-5.16920473773266
28,2015,146,68.08
28,2016,315,265.409090909091
28,2017,109,-49.5714285714286
28,2018,-266,-259.019801980198
28,2019,-167,-125.350649350649
28,2020,27,-95.9473684210526
28,2021,65,35.5
28,2022,-40,-3.01818181818182
28,2023,18,-45.0516129032258
28,2024,-35,-24.1973684210526
28,2025,168,-45.0516129032258
28,2026,318,267.214285714286
28,2027,-8,-49.5714285714286
28,2028,-126,-156.701863354037
28,2029,-101,-125.350649350649
28,2030,-72,-95.9473684210526
28,2031,-124,-45.0516129032258
28,2032,-103,-45.0516129032258
28,2033,-57,0.242424242424242
28,2034,-72,0.242424242424242
28,2035,-24,-45.0516129032258
28,2036,-10,-5.16920473773266
28,2037,2,-5.16920473773266
28,2038,35,-5.16920473773266
28,2039,118,188.923076923077
28,2040,217,180.289893617021
28,2041,244,-162.9375
28,2042,-324,-259.019801980198
28,2043,-129,-156.701863354037
28,2044,17,33.3
28,2045,38,35.5
28,2046,13,-24.1973684210526
28,2047,-6,-24.1973684210526
28,2048,-3,-5.16920473773266
28,2049,121,111.566265060241
28,2050,188,267.214285714286
28,2051,-75,-162.9375
28,2052,-101,-122.472222222222
28,2053,-55,-45.0516129032258
28,2054,-72,-45.0516129032258
28,2055,-73,-45.0516129032258
28,2056,-115,-45.0516129032258
28,2057,21,-45.0516129032258
28,2058,-11,68.08
28,2059,3,-5.16920473773266
28,2060,-38,-5.16920473773266
28,2061,-5,-45.0516129032258
28,2062,-8,-5.16920473773266
28,2063,32,-5.16920473773266
28,2064,50,35.5
28,2065,102,138.51724137931
28,2066,81,-107.95
28,2067,129,97.8823529411765
28,2068,48,-37.9375
28,2069,19,-47
28,2070,-43,35.5
28,2071,-19,-45.0516129032258
28,2072,-5,-5.16920473773266
28,2073,-31,-5.16920473773266
28,2074,-11,-5.16920473773266
28,2075,-23,-5.16920473773266
28,2076,35,-5.16920473773266
28,2077,-82,68.08
28,2078,-79,-45.0516129032258
28,2079,-41,-45.0516129032258
28,2080,-20,-45.0516129032258
28,2081,-3,-5.16920473773266
28,2082,-56,-5.16920473773266
28,2083,-3,-45.0516129032258
28,2084,-57,-5.16920473773266
28,2085,-29,-45.0516129032258
28,2086,6,-5.16920473773266
28,2087,17,-5.16920473773266
28,2088,23,68.08
28,2089,92,68.08
28,2090,77,129.190476190476
28,2091,147,97.8823529411765
28,2092,11,-37.9375
28,2093,56,-122.472222222222
28,2094,-13,-6.92592592592593
28,2095,24,-5.16920473773266
28,2096,-99,-24.1973684210526
28,2097,-32,-45.0516129032258
28,2098,100,-5.16920473773266
28,2099,-43,-3.01818181818182
28,2100,12,-45.0516129032258
28,2101,-50,68.08
28,2102,-74,-45.0516129032258
28,2103,-107,-45.0516129032258
28,2104,-41,-45.0516129032258
28,2105,-67,-45.0516129032258
28,2106,-26,-45.0516129032258
28,2107,-2,-5.16920473773266
28,2108,-10,-5.16920473773266
28,2109,7,-5.16920473773266
28,2110,28,-5.16920473773266
28,2111,96,68.08
28,2112,262,180.289893617021
28,2113,170,180.289893617021
28,2114,-273,-259.019801980198
28,2115,-121,-122.472222222222
28,2116,27,16.7037037037037
28,2117,56,-24.1973684210526
28,2118,-21,-3.01818181818182
28,2119,-6,-5.16920473773266
28,2120,4,-5.16920473773266
28,2121,131,111.566265060241
28,2122,382,267.214285714286
28,2123,-17,-49.5714285714286
28,2124,-149,-156.701863354037
28,2125,-186,-125.350649350649
28,2126,-137,-95.9473684210526
28,2127,-70,-45.0516129032258
28,2128,-86,-45.0516129032258
28,2129,-49,-45.0516129032258
28,2130,-39,0.242424242424242
28,2131,-4,-45.0516129032258
28,2132,-8,-5.16920473773266
28,2133,4,-5.16920473773266
28,2134,29,-5.16920473773266
28,2135,119,68.08
28,2136,329,180.289893617021
28,2137,163,-49.5714285714286
28,2138,-374,-259.019801980198
28,2139,-63,-122.472222222222
28,2140,8,-95.9473684210526
28,2141,55,-5.16920473773266
28,2142,11,-3.01818181818182
28,2143,27,-24.1973684210526
28,2144,91,-24.1973684210526
28,2145,126,97.8823529411765
28,2146,195,267.214285714286
28,2147,-95,-218.314285714286
28,2148,-130,-156.701863354037
28,2149,-121,-45.0516129032258
28,2150,-180,-45.0516129032258
28,2151,-19,-45.0516129032258
28,2152,-6,-5.16920473773266
28,2153,-12,-5.16920473773266
28,2154,-36,-5.16920473773266
28,2155,-30,-45.0516129032258
28,2156,-61,-5.16920473773266
28,2157,-16,-45.0516129032258
28,2158,3,-5.16920473773266
28,2159,13,-5.16920473773266
28,2160,40,68.08
28,2161,81,68.08
28,2162,140,180.289893617021
28,2163,154,-37.9375
28,2164,38,-218.314285714286
28,2165,9,-122.472222222222
28,2166,5,-5.16920473773266
28,2167,48,-5.16920473773266
28,2168,-93,-3.01818181818182
28,2169,-65,-45.0516129032258
28,2170,25,-45.0516129032258
28,2171,16,-24.1973684210526
28,2172,2,-24.1973684210526
28,2173,119,-5.16920473773266
28,2174,33,-3.01818181818182
28,2175,-82,-47
28,2176,-319,-45.0516129032258
28,2177,-95,-45.0516129032258
28,2178,-58,16.7037037037037
28,2179,-12,-45.0516129032258
28,2180,-11,-5.16920473773266
28,2181,0,-5.16920473773266
28,2182,22,-5.16920473773266
28,2183,104,111.566265060241
28,2184,210,267.214285714286
28,2185,207,180.289893617021
28,2186,-257,-259.019801980198
28,2187,-107,-156.701863354037
28,2188,58,16.7037037037037
28,2189,32,-3.01818181818182
28,2190,34,-24.1973684210526
28,2191,-69,-24.1973684210526
28,2192,13,0.242424242424242
28,2193,179,111.566265060241
28,2194,256,267.214285714286
28,2195,-82,-49.5714285714286
28,2196,-104,-156.701863354037
28,2197,-182,-125.350649350649
28,2198,2,-45.0516129032258
28,2199,-98,-5.16920473773266
28,2200,-94,-45.0516129032258
28,2201,-29,0.242424242424242
28,2202,-73,-5.16920473773266
28,2203,-12,-45.0516129032258
28,2204,-10,-5.16920473773266
28,2205,-1,-5.16920473773266
28,2206,29,-5.16920473773266
28,2207,96,68.08
28,2208,222,180.289893617021
28,2209,232,180.289893617021
28,2210,-281,-259.019801980198
28,2211,-94,-156.701863354037
28,2212,23,33.3
28,2213,98,35.5
28,2214,-38,-3.01818181818182
28,2215,-18,-45.0516129032258
28,2216,10,-5.16920473773266
28,2217,84,111.566265060241
28,2218,207,267.214285714286
28,2219,-16,-3.01818181818182
28,2220,-142,-156.701863354037
28,2221,-82,-45.0516129032258
28,2222,-36,-45.0516129032258
28,2223,-12,-45.0516129032258
28,2224,-124,-5.16920473773266
28,2225,-14,-45.0516129032258
28,2226,-79,-5.16920473773266
28,2227,-13,-45.0516129032258
28,2228,-27,-5.16920473773266
28,2229,-15,-5.16920473773266
28,2230,-2,-5.16920473773266
28,2231,17,-5.16920473773266
28,2232,40,188.923076923077
28,2233,81,68.08
28,2234,104,180.289893617021
28,2235,69,97.8823529411765
28,2236,42,97.8823529411765
28,2237,-25,35.5
28,2238,18,-5.16920473773266
28,2239,-52,-24.1973684210526
28,2240,-2,-45.0516129032258
28,2241,-12,-5.16920473773266
28,2242,-15,-5.16920473773266
28,2243,-2,-5.16920473773266
28,2244,10,-5.16920473773266
28,2245,-11,35.5
28,2246,-75,-5.16920473773266
28,2247,19,-45.0516129032258
28,2248,-72,68.08
28,2249,-1,-45.0516129032258
28,2250,-23,-5.16920473773266
28,2251,-54,-5.16920473773266
28,2252,-35,-45.0516129032258
28,2253,-22,-45.0516129032258
28,2254,-7,-5.16920473773266
28,2255,15,-5.16920473773266
28,2256,31,35.5
28,2257,78,68.08
28,2258,112,180.289893617021
28,2259,77,97.8823529411765
28,2260,70,-47
28,2261,-13,97.8823529411765
28,2262,-39,-5.16920473773266
28,2263,-25,-45.0516129032258
28,2264,-14,-5.16920473773266
28,2265,-7,-5.16920473773266
28,2266,-21,-5.16920473773266
28,2267,-17,-5.16920473773266
28,2268,-3,-5.16920473773266
28,2269,35,-5.16920473773266
28,2270,-78,68.08
28,2271,-85,-45.0516129032258
28,2272,1,-45.0516129032258
28,2273,-84,-5.16920473773266
28,2274,-21,-45.0516129032258
28,2275,-13,-5.16920473773266
28,2276,0,-5.16920473773266
28,2277,-3,-5.16920473773266
28,2278,26,-5.16920473773266
28,2279,64,35.5
28,2280,138,138.51724137931
28,2281,225,180.289893617021
28,2282,-92,-218.314285714286
28,2283,-188,-156.701863354037
28,2284,41,-125.350649350649
28,2285,50,35.5
28,2286,-11,-3.01818181818182
28,2287,-13,-5.16920473773266
28,2288,38,-5.16920473773266
28,2289,133,68.08
28,2290,436,180.289893617021
28,2291,23,-49.5714285714286
28,2292,-241,-204.333333333333
28,2293,-184,-125.350649350649
28,2294,-116,-95.9473684210526
28,2295,-107,-45.0516129032258
28,2296,-93,-45.0516129032258
28,2297,-62,-45.0516129032258
28,2298,-54,0.242424242424242
28,2299,1,-45.0516129032258
28,2300,-13,-5.16920473773266
28,2301,1,-5.16920473773266
28,2302,38,-5.16920473773266
28,2303,145,68.08
28,2304,333,180.289893617021
28,2305,129,-49.5714285714286
28,2306,-318,-259.019801980198
28,2307,-141,-47
28,2308,59,-95.9473684210526
28,2309,23,-3.01818181818182
28,2310,8,-24.1973684210526
28,2311,-38,-5.16920473773266
28,2312,23,0.242424242424242
28,2313,170,111.566265060241
28,2314,437,267.214285714286
28,2315,-53,-49.5714285714286
28,2316,-405,-156.701863354037
28,2317,-330,-125.350649350649
28,2318,6,-95.9473684210526
28,2319,49,-5.16920473773266
28,2320,-36,-3.01818181818182
28,2321,-59,0.242424242424242
28,2322,-30,0.242424242424242
28,2323,-9,111.566265060241
28,2324,0,111.566265060241
28,2325,2,-5.16920473773266
28,2326,34,-5.16920473773266
28,2327,144,68.08
28,2328,312,180.289893617021
28,2329,177,-49.5714285714286
28,2330,-346,-259.019801980198
28,2331,-133,-122.472222222222
28,2332,34,-95.9473684210526
28,2333,63,35.5
28,2334,-19,-3.01818181818182
28,2335,-32,-5.16920473773266
28,2336,35,-5.16920473773266
28,2337,135,111.566265060241
28,2338,419,267.214285714286
28,2339,-16,-49.5714285714286
28,2340,-181,-156.701863354037
28,2341,-150,-125.350649350649
28,2342,-92,-95.9473684210526
28,2343,-147,-45.0516129032258
28,2344,-92,-45.0516129032258
28,2345,-96,-45.0516129032258
28,2346,-35,0.242424242424242
28,2347,-12,-45.0516129032258
28,2348,1,-5.16920473773266
28,2349,-5,-5.16920473773266
28,2350,39,-5.16920473773266
28,2351,134,188.923076923077
28,2352,334,180.289893617021
28,2353,190,-49.5714285714286
28,2354,-375,-259.019801980198
28,2355,-113,-122.472222222222
28,2356,1,-95.9473684210526
28,2357,77,-5.16920473773266
28,2358,-15,-3.01818181818182
28,2359,-68,-5.16920473773266
28,2360,62,0.242424242424242
28,2361,168,97.8823529411765
28,2362,356,267.214285714286
28,2363,30,-218.314285714286
28,2364,-196,-204.333333333333
28,2365,-115,-125.350649350649
28,2366,-141,-95.9473684210526
28,2367,-55,-45.0516129032258
28,2368,-107,-45.0516129032258
28,2369,-116,0.242424242424242
28,2370,-36,0.242424242424242
28,2371,-42,-45.0516129032258
28,2372,-8,-45.0516129032258
28,2373,2,-5.16920473773266
28,2374,23,-5.16920473773266
28,2375,93,68.08
28,2376,253,180.289893617021
28,2377,333,180.289893617021
28,2378,-299,-259.019801980198
28,2379,-146,-156.701863354037
28,2380,20,33.3
28,2381,91,35.5
28,2382,-5,-3.01818181818182
28,2383,-5,-5.16920473773266
28,2384,-16,-5.16920473773266
28,2385,139,111.566265060241
28,2386,343,267.214285714286
28,2387,-204,-49.5714285714286
28,2388,-143,-156.701863354037
28,2389,-99,33.3
28,2390,-90,-95.9473684210526
28,2391,-36,-45.0516129032258
28,2392,-51,-45.0516129032258
28,2393,-21,-45.0516129032258
28,2394,-73,111.566265060241
28,2395,-17,-45.0516129032258
28,2396,-61,-5.16920473773266
28,2397,-31,-45.0516129032258
28,2398,-4,-5.16920473773266
28,2399,30,-5.16920473773266
28,2400,13,68.08
28,2401,103,68.08
28,2402,131,180.289893617021
28,2403,119,-37.9375
28,2404,38,-218.314285714286
28,2405,60,-47
28,2406,92,-6.92592592592593
28,2407,41,-6.92592592592593
28,2408,-72,-24.1973684210526
28,2409,6,-45.0516129032258
28,2410,-108,-5.16920473773266
28,2411,-107,-45.0516129032258
28,2412,80,-45.0516129032258
28,2413,-75,-3.01818181818182
28,2414,-87,-45.0516129032258
28,2415,-44,-45.0516129032258
28,2416,-14,-45.0516129032258
28,2417,-24,-5.16920473773266
28,2418,-19,-5.16920473773266
28,2419,-53,-5.16920473773266
28,2420,-58,-45.0516129032258
28,2421,-38,-45.0516129032258
28,2422,-10,-45.0516129032258
28,2423,6,-5.16920473773266
28,2424,32,-5.16920473773266
28,2425,86,68.08
28,2426,88,180.289893617021
28,2427,161,180.289893617021
28,2428,69,-37.9375
28,2429,38,-122.472222222222
28,2430,-9,35.5
28,2431,-4,-5.16920473773266
28,2432,13,-5.16920473773266
28,2433,6,-24.1973684210526
28,2434,-59,-5.16920473773266
28,2435,-124,0.242424242424242
28,2436,0,-45.0516129032258
28,2437,-18,-5.16920473773266
28,2438,-71,-5.16920473773266
28,2439,-93,-45.0516129032258
28,2440,-39,-45.0516129032258
28,2441,-48,-45.0516129032258
28,2442,-32,-45.0516129032258
28,2443,4,-5.16920473773266
28,2444,-9,-5.16920473773266
28,2445,6,-5.16920473773266
28,2446,38,-5.16920473773266
28,2447,90,68.08
28,2448,343,180.289893617021
28,2449,184,180.289893617021
28,2450,-319,-259.019801980198
28,2451,-162,-122.472222222222
28,2452,-4,-95.9473684210526
28,2453,55,-5.16920473773266
28,2454,2,-3.01818181818182
28,2455,-27,-5.16920473773266
28,2456,25,-5.16920473773266
28,2457,149,111.566265060241
28,2458,369,267.214285714286
28,2459,39,-49.5714285714286
28,2460,-199,-204.333333333333
28,2461,-141,-125.350649350649
28,2462,-126,-95.9473684210526
28,2463,-44,-45.0516129032258
28,2464,-118,-45.0516129032258
28,2465,-113,0.242424242424242
28,2466,-28,0.242424242424242
28,2467,-18,111.566265060241
28,2468,-4,-5.16920473773266
28,2469,4,-5.16920473773266
28,2470,31,-5.16920473773266
28,2471,175,68.08
28,2472,313,180.289893617021
28,2473,135,-49.5714285714286
28,2474,-341,-259.019801980198
28,2475,-161,-122.472222222222
28,2476,47,-95.9473684210526
28,2477,48,-3.01818181818182
28,2478,-33,-3.01818181818182
28,2479,-7,-5.16920473773266
28,2480,30,-5.16920473773266
28,2481,137,111.566265060241
28,2482,389,267.214285714286
28,2483,2,-49.5714285714286
28,2484,-225,-156.701863354037
28,2485,-120,-125.350649350649
28,2486,-94,-95.9473684210526
28,2487,-89,-45.0516129032258
28,2488,-83,-45.0516129032258
28,2489,-108,-45.0516129032258
28,2490,-37,0.242424242424242
28,2491,-8,-45.0516129032258
28,2492,-4,-5.16920473773266
28,2493,2,-5.16920473773266
28,2494,40,-5.16920473773266
28,2495,116,68.08
28,2496,333,180.289893617021
28,2497,184,-49.5714285714286
28,2498,-382,-259.019801980198
28,2499,-159,-122.472222222222
28,2500,45,-95.9473684210526
28,2501,19,35.5
28,2502,1,-24.1973684210526
28,2503,-33,-5.16920473773266
28,2504,24,-5.16920473773266
28,2505,30,111.566265060241
28,2506,146,188.923076923077
28,2507,273,-3.01818181818182
28,2508,-127,-49.5714285714286
28,2509,-150,-156.701863354037
28,2510,-47,-125.350649350649
28,2511,-31,-95.9473684210526
28,2512,-157,-5.16920473773266
28,2513,-65,-45.0516129032258
28,2514,-41,-45.0516129032258
28,2515,-18,0.242424242424242
28,2516,-2,-5.16920473773266
28,2517,3,-5.16920473773266
28,2518,32,-5.16920473773266
28,2519,112,68.08
28,2520,321,265.409090909091
28,2521,184,-49.5714285714286
28,2522,-339,-259.019801980198
28,2523,-120,-122.472222222222
28,2524,18,-95.9473684210526
28,2525,58,35.5
28,2526,-20,-3.01818181818182
28,2527,-57,-5.16920473773266
28,2528,95,0.242424242424242
28,2529,66,97.8823529411765
28,2530,413,267.214285714286
28,2531,6,-107.95
28,2532,-244,-156.701863354037
28,2533,-28,-125.350649350649
28,2534,-173,-5.16920473773266
28,2535,-264,-45.0516129032258
28,2536,-3,-45.0516129032258
28,2537,-31,-5.16920473773266
28,2538,-23,-5.16920473773266
28,2539,8,111.566265060241
28,2540,17,-5.16920473773266
28,2541,-27,68.08
28,2542,33,111.566265060241
28,2543,84,188.923076923077
28,2544,234,97.8823529411765
28,2545,331,180.289893617021
28,2546,-318,-259.019801980198
28,2547,-140,-156.701863354037
28,2548,-21,33.3
28,2549,62,-5.16920473773266
28,2550,-118,-3.01818181818182
28,2551,73,-45.0516129032258
28,2552,-13,-107.95
28,2553,220,111.566265060241
28,2554,279,267.214285714286
28,2555,-93,-49.5714285714286
28,2556,-220,-156.701863354037
28,2557,-151,-125.350649350649
28,2558,-129,-95.9473684210526
28,2559,13,-45.0516129032258
28,2560,31,35.5
28,2561,-63,-24.1973684210526
28,2562,-31,0.242424242424242
28,2563,-12,111.566265060241
28,2564,-35,-5.16920473773266
28,2565,-9,-45.0516129032258
28,2566,1,-5.16920473773266
28,2567,-2,-5.16920473773266
28,2568,22,-5.16920473773266
28,2569,75,68.08
28,2570,95,180.289893617021
28,2571,61,138.51724137931
28,2572,37,97.8823529411765
28,2573,152,35.5
28,2574,-103,-6.92592592592593
28,2575,-11,-122.472222222222
28,2576,37,-5.16920473773266
28,2577,-54,-24.1973684210526
28,2578,-85,-45.0516129032258
28,2579,-64,-45.0516129032258
28,2580,61,-45.0516129032258
28,2581,-24,138.51724137931
28,2582,-51,-5.16920473773266
28,2583,17,-45.0516129032258
28,2584,-31,68.08
28,2585,-36,-5.16920473773266
28,2586,17,-45.0516129032258
28,2587,-8,35.5
28,2588,-79,-5.16920473773266
28,2589,-27,-45.0516129032258
28,2590,-10,-5.16920473773266
28,2591,13,-5.16920473773266
28,2592,19,68.08
28,2593,115,35.5
28,2594,105,138.51724137931
28,2595,121,-162.9375
28,2596,126,97.8823529411765
28,2597,-1,-218.314285714286
28,2598,122,-47
28,2599,-10,-6.92592592592593
28,2600,8,-47
28,2601,4,-5.16920473773266
28,2602,-72,-5.16920473773266
28,2603,-41,-45.0516129032258
28,2604,7,-45.0516129032258
28,2605,-144,-5.16920473773266
28,2606,-33,-45.0516129032258
28,2607,-154,-5.16920473773266
28,2608,-68,-45.0516129032258
28,2609,-76,-45.0516129032258
28,2610,-20,-45.0516129032258
28,2611,-10,-5.16920473773266
28,2612,-15,-5.16920473773266
28,2613,6,-5.16920473773266
28,2614,43,-5.16920473773266
28,2615,106,188.923076923077
28,2616,264,180.289893617021
28,2617,317,180.289893617021
28,2618,-393,-259.019801980198
28,2619,-145,-156.701863354037
28,2620,-2,33.3
28,2621,116,-5.16920473773266
28,2622,-74,-3.01818181818182
28,2623,31,-47
28,2624,10,-24.1973684210526
28,2625,176,111.566265060241
28,2626,390,267.214285714286
28,2627,-106,-49.5714285714286
28,2628,-159,-156.701863354037
28,2629,-179,-125.350649350649
28,2630,-107,-95.9473684210526
28,2631,-87,-45.0516129032258
28,2632,-95,-45.0516129032258
28,2633,-50,0.242424242424242
28,2634,-47,0.242424242424242
28,2635,-1,-45.0516129032258
28,2636,-10,-5.16920473773266
28,2637,0,-5.16920473773266
28,2638,44,-5.16920473773266
28,2639,140,68.08
28,2640,326,180.289893617021
28,2641,227,-49.5714285714286
28,2642,-404,-259.019801980198
28,2643,-121,-156.701863354037
28,2644,-17,33.3
28,2645,28,-5.16920473773266
28,2646,44,-24.1973684210526
28,2647,-29,-24.1973684210526
28,2648,41,-5.16920473773266
28,2649,170,111.566265060241
28,2650,414,267.214285714286
28,2651,8,-49.5714285714286
28,2652,-245,-156.701863354037
28,2653,-109,-125.350649350649
28,2654,-145,-95.9473684210526
28,2655,-109,-45.0516129032258
28,2656,-77,-45.0516129032258
28,2657,-126,0.242424242424242
28,2658,-38,0.242424242424242
28,2659,-16,-45.0516129032258
28,2660,0,-5.16920473773266
28,2661,-8,-5.16920473773266
28,2662,55,-5.16920473773266
28,2663,131,180.289893617021
28,2664,317,180.289893617021
28,2665,281,-218.314285714286
28,2666,-446,-259.019801980198
28,2667,-111,-156.701863354037
28,2668,50,33.3
28,2669,29,-3.01818181818182
28,2670,2,-24.1973684210526
28,2671,-65,-5.16920473773266
28,2672,70,0.242424242424242
28,2673,167,97.8823529411765
28,2674,429,267.214285714286
28,2675,-22,-218.314285714286
28,2676,-193,-156.701863354037
28,2677,-131,-125.350649350649
28,2678,-170,-95.9473684210526
28,2679,-119,-45.0516129032258
28,2680,-39,-45.0516129032258
28,2681,-147,0.242424242424242
28,2682,-63,0.242424242424242
28,2683,-8,-45.0516129032258
28,2684,-13,-5.16920473773266
28,2685,-4,-5.16920473773266
28,2686,38,-5.16920473773266
28,2687,139,188.923076923077
28,2688,314,180.289893617021
28,2689,234,-49.5714285714286
28,2690,-385,-259.019801980198
28,2691,-122,-156.701863354037
28,2692,-10,33.3
28,2693,67,-5.16920473773266
28,2694,-37,-3.01818181818182
28,2695,-29,-45.0516129032258
28,2696,25,-5.16920473773266
28,2697,136,111.566265060241
28,2698,364,267.214285714286
28,2699,-50,-49.5714285714286
28,2700,-74,-156.701863354037
28,2701,-168,-125.350649350649
28,2702,-175,-95.9473684210526
28,2703,-37,-45.0516129032258
28,2704,-89,-45.0516129032258
28,2705,-48,-45.0516129032258
28,2706,-43,0.242424242424242
28,2707,-28,-45.0516129032258
28,2708,-14,-5.16920473773266
28,2709,-4,-5.16920473773266
28,2710,29,-5.16920473773266
28,2711,102,68.08
28,2712,271,180.289893617021
28,2713,266,180.289893617021
28,2714,-313,-259.019801980198
28,2715,-132,-156.701863354037
28,2716,20,33.3
28,2717,48,35.5
28,2718,15,-3.01818181818182
28,2719,12,-24.1973684210526
28,2720,-3,-24.1973684210526
28,2721,176,111.566265060241
28,2722,200,267.214285714286
28,2723,-77,-162.9375
28,2724,-106,-156.701863354037
28,2725,-162,-45.0516129032258
28,2726,-94,-45.0516129032258
28,2727,-61,-45.0516129032258
28,2728,-10,-45.0516129032258
28,2729,2,-5.16920473773266
28,2730,-111,-5.16920473773266
28,2731,10,-45.0516129032258
28,2732,-47,68.08
28,2733,-32,-45.0516129032258
28,2734,3,-5.16920473773266
28,2735,36,-5.16920473773266
28,2736,26,35.5
28,2737,87,68.08
28,2738,174,-107.95
28,2739,58,-37.9375
28,2740,62,-122.472222222222
28,2741,30,-6.92592592592593
28,2742,11,35.5
28,2743,-4,-24.1973684210526
28,2744,3,-5.16920473773266
28,2745,-10,-5.16920473773266
28,2746,-8,-5.16920473773266
28,2747,2,-5.16920473773266
28,2748,-143,-5.16920473773266
28,2749,-105,-45.0516129032258
28,2750,67,-45.0516129032258
28,2751,-24,129.190476190476
28,2752,-68,-5.16920473773266
28,2753,-20,-45.0516129032258
28,2754,-30,-5.16920473773266
28,2755,-46,-5.16920473773266
28,2756,-57,-45.0516129032258
28,2757,-42,-45.0516129032258
28,2758,4,-45.0516129032258
28,2759,1,-5.16920473773266
28,2760,22,-5.16920473773266
28,2761,87,68.08
28,2762,99,180.289893617021
28,2763,155,180.289893617021
28,2764,128,-37.9375
28,2765,2,-218.314285714286
28,2766,-28,-47
28,2767,39,-5.16920473773266
28,2768,-21,-24.1973684210526
28,2769,20,-5.16920473773266
28,2770,10,-24.1973684210526
28,2771,-112,-24.1973684210526
28,2772,24,-45.0516129032258
28,2773,-140,68.08
28,2774,-32,-45.0516129032258
28,2775,-123,-5.16920473773266
28,2776,-48,-45.0516129032258
28,2777,-42,-45.0516129032258
28,2778,-39,-45.0516129032258
28,2779,-11,-45.0516129032258
28,2780,-5,-5.16920473773266
28,2781,2,-5.16920473773266
28,2782,42,-5.16920473773266
28,2783,114,188.923076923077
28,2784,308,180.289893617021
28,2785,282,-49.5714285714286
28,2786,-458,-259.019801980198
28,2787,-104,-156.701863354037
28,2788,26,33.3
28,2789,63,35.5
28,2790,-52,-3.01818181818182
28,2791,28,-45.0516129032258
28,2792,-18,-24.1973684210526
28,2793,189,111.566265060241
28,2794,402,267.214285714286
28,2795,-15,-49.5714285714286
28,2796,-147,-156.701863354037
28,2797,-203,-125.350649350649
28,2798,-140,-95.9473684210526
28,2799,-92,16.7037037037037
28,2800,-80,-45.0516129032258
28,2801,-112,0.242424242424242
28,2802,-17,0.242424242424242
28,2803,-13,-5.16920473773266
28,2804,-2,111.566265060241
28,2805,0,-5.16920473773266
28,2806,39,-5.16920473773266
28,2807,149,68.08
28,2808,319,180.289893617021
28,2809,247,-49.5714285714286
28,2810,-427,-259.019801980198
28,2811,-106,-156.701863354037
28,2812,-3,33.3
28,2813,24,-5.16920473773266
28,2814,40,-24.1973684210526
28,2815,-28,-24.1973684210526
28,2816,-116,-5.16920473773266
28,2817,258,0.242424242424242
28,2818,418,267.214285714286
28,2819,37,-49.5714285714286
28,2820,-243,-204.333333333333
28,2821,-162,-125.350649350649
28,2822,-100,-95.9473684210526
28,2823,-95,-45.0516129032258
28,2824,-110,-45.0516129032258
28,2825,-100,0.242424242424242
28,2826,-14,0.242424242424242
28,2827,-20,111.566265060241
28,2828,-6,-5.16920473773266
28,2829,-3,-5.16920473773266
28,2830,45,-5.16920473773266
28,2831,136,68.08
28,2832,302,180.289893617021
28,2833,194,-49.5714285714286
28,2834,-331,-259.019801980198
28,2835,-114,-122.472222222222
28,2836,-2,-95.9473684210526
28,2837,50,-5.16920473773266
28,2838,-4,-3.01818181818182
28,2839,-17,-5.16920473773266
28,2840,32,-5.16920473773266
28,2841,184,111.566265060241
28,2842,358,267.214285714286
28,2843,54,-49.5714285714286
28,2844,-239,-204.333333333333
28,2845,-139,-125.350649350649
28,2846,-193,-95.9473684210526
28,2847,-32,-45.0516129032258
28,2848,-136,-5.16920473773266
28,2849,-89,0.242424242424242
28,2850,-21,0.242424242424242
28,2851,-31,111.566265060241
28,2852,-5,-5.16920473773266
28,2853,3,111.566265060241
28,2854,32,-5.16920473773266
28,2855,142,68.08
28,2856,290,265.409090909091
28,2857,266,-49.5714285714286
28,2858,-396,-259.019801980198
28,2859,-162,-156.701863354037
28,2860,45,33.3
28,2861,60,35.5
28,2862,24,-3.01818181818182
28,2863,-85,-24.1973684210526
28,2864,45,0.242424242424242
28,2865,136,111.566265060241
28,2866,459,267.214285714286
28,2867,-98,-49.5714285714286
28,2868,-160,-156.701863354037
28,2869,-180,-125.350649350649
28,2870,-85,-95.9473684210526
28,2871,-80,-45.0516129032258
28,2872,-85,-45.0516129032258
28,2873,-106,-45.0516129032258
28,2874,-28,0.242424242424242
28,2875,-29,-5.16920473773266
28,2876,-8,-5.16920473773266
28,2877,6,-5.16920473773266
28,2878,25,-5.16920473773266
28,2879,126,68.08
28,2880,258,180.289893617021
28,2881,247,-49.5714285714286
28,2882,-272,-259.019801980198
28,2883,-147,-156.701863354037
28,2884,14,33.3
28,2885,75,35.5
28,2886,7,-3.01818181818182
28,2887,-14,-5.16920473773266
28,2888,49,-5.16920473773266
28,2889,112,97.8823529411765
28,2890,249,267.214285714286
28,2891,-70,-218.314285714286
28,2892,-202,-156.701863354037
28,2893,-80,-125.350649350649
28,2894,-111,16.7037037037037
28,2895,-76,-45.0516129032258
28,2896,-6,-45.0516129032258
28,2897,-35,-5.16920473773266
28,2898,-39,0.242424242424242
28,2899,-38,-45.0516129032258
28,2900,-54,-45.0516129032258
28,2901,-17,-45.0516129032258
28,2902,4,-5.16920473773266
28,2903,32,-5.16920473773266
28,2904,18,68.08
28,2905,114,68.08
28,2906,97,180.289893617021
28,2907,118,-47
28,2908,74,97.8823529411765
28,2909,77,-47
28,2910,-20,-6.92592592592593
28,2911,-55,-5.16920473773266
28,2912,17,-45.0516129032258
28,2913,-39,-24.1973684210526
28,2914,42,-45.0516129032258
28,2915,-2,-24.1973684210526
28,2916,-93,-5.16920473773266
28,2917,-85,-45.0516129032258
28,2918,-23,-45.0516129032258
28,2919,-20,-5.16920473773266
28,2920,-47,-5.16920473773266
28,2921,-69,-45.0516129032258
28,2922,-66,-45.0516129032258
28,2923,-14,-45.0516129032258
28,2924,-32,-5.16920473773266
28,2925,-27,-5.16920473773266
28,2926,5,-5.16920473773266
28,2927,0,-5.16920473773266
28,2928,49,-5.16920473773266
28,2929,40,180.289893617021
28,2930,121,68.08
28,2931,135,138.51724137931
28,2932,73,-162.9375
28,2933,54,-122.472222222222
28,2934,32,-6.92592592592593
28,2935,3,35.5
28,2936,-76,-5.16920473773266
28,2937,-29,-45.0516129032258
28,2938,-39,-5.16920473773266
28,2939,-153,-45.0516129032258
28,2940,-44,-45.0516129032258
28,2941,8,-45.0516129032258
28,2942,15,-5.16920473773266
28,2943,-51,68.08
28,2944,-70,-45.0516129032258
28,2945,-54,-45.0516129032258
28,2946,-22,-45.0516129032258
28,2947,-6,-5.16920473773266
28,2948,0,-5.16920473773266
28,2949,6,-5.16920473773266
28,2950,14,-5.16920473773266
28,2951,116,68.08
28,2952,266,180.289893617021
28,2953,198,-49.5714285714286
28,2954,-329,-259.019801980198
28,2955,-63,-156.701863354037
28,2956,47,16.7037037037037
28,2957,25,-3.01818181818182
28,2958,4,-24.1973684210526
28,2959,-2,-5.16920473773266
28,2960,-13,-5.16920473773266
28,2961,177,111.566265060241
28,2962,407,267.214285714286
28,2963,-15,-49.5714285714286
28,2964,-203,-156.701863354037
28,2965,-183,-125.350649350649
28,2966,-140,-95.9473684210526
28,2967,-110,-45.0516129032258
28,2968,-94,-45.0516129032258
28,2969,-66,0.242424242424242
28,2970,-29,0.242424242424242
28,2971,-5,111.566265060241
28,2972,-7,-5.16920473773266
28,2973,3,-5.16920473773266
28,2974,27,-5.16920473773266
28,2975,143,68.08
28,2976,323,180.289893617021
28,2977,203,-49.5714285714286
28,2978,-378,-259.019801980198
28,2979,-77,-156.701863354037
28,2980,-36,-95.9473684210526
28,2981,69,-45.0516129032258
28,2982,-30,-3.01818181818182
28,2983,8,-5.16920473773266
28,2984,45,-5.16920473773266
28,2985,139,111.566265060241
28,2986,423,267.214285714286
28,2987,-54,-49.5714285714286
28,2988,-204,-156.701863354037
28,2989,-162,-125.350649350649
28,2990,-131,-95.9473684210526
28,2991,-93,-45.0516129032258
28,2992,-86,-45.0516129032258
28,2993,-80,-45.0516129032258
28,2994,-35,0.242424242424242
28,2995,-17,-45.0516129032258
28,2996,1,-5.16920473773266
28,2997,0,-5.16920473773266
28,2998,36,-5.16920473773266
28,2999,130,68.08
28,3000,309,180.289893617021
28,3001,255,-49.5714285714286
28,3002,-396,-259.019801980198
28,3003,-127,-156.701863354037
28,3004,25,33.3
28,3005,41,35.5
28,3006,33,-24.1973684210526
28,3007,-77,-24.1973684210526
28,3008,42,0.242424242424242
28,3009,163,111.566265060241
28,3010,417,267.214285714286
28,3011,4,-49.5714285714286
28,3012,-176,-156.701863354037
28,3013,-186,-125.350649350649
28,3014,-119,-95.9473684210526
28,3015,-148,-45.0516129032258
28,3016,-97,-45.0516129032258
28,3017,-69,0.242424242424242
28,3018,-39,0.242424242424242
28,3019,-14,-45.0516129032258
28,3020,-8,-5.16920473773266
28,3021,4,-5.16920473773266
28,3022,31,-5.16920473773266
28,3023,126,188.923076923077
28,3024,308,180.289893617021
28,3025,223,-49.5714285714286
28,3026,-345,-259.019801980198
28,3027,-148,-156.701863354037
28,3028,55,33.3
28,3029,17,-3.01818181818182
28,3030,4,-24.1973684210526
28,3031,-34,-5.16920473773266
28,3032,20,0.242424242424242
28,3033,150,111.566265060241
28,3034,393,267.214285714286
28,3035,1,-49.5714285714286
28,3036,-188,-156.701863354037
28,3037,-145,-125.350649350649
28,3038,-142,-95.9473684210526
28,3039,-77,-45.0516129032258
28,3040,-103,-45.0516129032258
28,3041,-71,0.242424242424242
28,3042,-44,0.242424242424242
28,3043,-21,-45.0516129032258
28,3044,-11,-5.16920473773266
28,3045,-2,-5.16920473773266
28,3046,26,-5.16920473773266
28,3047,11,68.08
28,3048,89,68.08
28,3049,-14,180.289893617021
28,3050,101,-5.16920473773266
28,3051,-27,97.8823529411765
28,3052,58,-5.16920473773266
28,3053,64,-6.92592592592593
28,3054,-25,-3.01818181818182
28,3055,17,-5.16920473773266
28,3056,17,68.08
28,3057,143,35.5
28,3058,263,138.51724137931
28,3059,-90,-49.5714285714286
28,3060,-148,-156.701863354037
28,3061,-122,-125.350649350649
28,3062,-84,-45.0516129032258
28,3063,-68,-45.0516129032258
28,3064,-26,-45.0516129032258
28,3065,-12,-5.16920473773266
28,3066,-64,-5.16920473773266
28,3067,-31,-45.0516129032258
28,3068,-64,-5.16920473773266
28,3069,-11,-45.0516129032258
28,3070,1,-5.16920473773266
28,3071,12,-5.16920473773266
28,3072,39,68.08
28,3073,100,68.08
28,3074,109,180.289893617021
28,3075,136,97.8823529411765
28,3076,92,-37.9375
28,3077,47,-122.472222222222
28,3078,23,-6.92592592592593
28,3079,-31,-24.1973684210526
28,3080,24,-5.16920473773266
28,3081,-31,-24.1973684210526
28,3082,-19,-5.16920473773266
28,3083,-212,-5.16920473773266
28,3084,-25,-45.0516129032258
28,3085,-115,-5.16920473773266
28,3086,-32,-45.0516129032258
28,3087,40,-5.16920473773266
28,3088,-5,68.08
28,3089,-43,-5.16920473773266
28,3090,-7,-45.0516129032258
28,3091,-27,-5.16920473773266
28,3092,-38,-5.16920473773266
28,3093,-38,-45.0516129032258
28,3094,0,-45.0516129032258
28,3095,6,-5.16920473773266
28,3096,23,-5.16920473773266
28,3097,80,68.08
28,3098,98,138.51724137931
28,3099,111,180.289893617021
28,3100,121,97.8823529411765
28,3101,56,-6.92592592592593
28,3102,38,-47
28,3103,36,35.5
28,3104,-2,-24.1973684210526
28,3105,-64,-5.16920473773266
28,3106,-8,-45.0516129032258
28,3107,-14,-5.16920473773266
28,3108,-26,-5.16920473773266
28,3109,-165,-5.16920473773266
28,3110,-80,-45.0516129032258
28,3111,-39,-45.0516129032258
28,3112,-71,-45.0516129032258
28,3113,-63,-45.0516129032258
28,3114,-33,-45.0516129032258
28,3115,-5,-5.16920473773266
28,3116,-3,-5.16920473773266
28,3117,5,-5.16920473773266
28,3118,25,-5.16920473773266
28,3119,123,68.08
28,3120,277,180.289893617021
28,3121,237,-49.5714285714286
28,3122,-368,-259.019801980198
28,3123,-106,-156.701863354037
28,3124,46,33.3
28,3125,31,-3.01818181818182
28,3126,-22,-24.1973684210526
28,3127,-6,-5.16920473773266
28,3128,26,-5.16920473773266
28,3129,190,111.566265060241
28,3130,354,267.214285714286
28,3131,-6,-49.5714285714286
28,3132,-257,-156.701863354037
28,3133,-123,-125.350649350649
28,3134,-142,-95.9473684210526
28,3135,-98,-45.0516129032258
28,3136,-64,-45.0516129032258
28,3137,-68,0.242424242424242
28,3138,-33,0.242424242424242
28,3139,-16,111.566265060241
28,3140,-8,-5.16920473773266
28,3141,2,-5.16920473773266
28,3142,31,-5.16920473773266
28,3143,28,68.08
28,3144,115,68.08
28,3145,439,180.289893617021
28,3146,-216,-49.5714285714286
28,3147,-194,-156.701863354037
28,3148,-12,33.3
28,3149,104,-5.16920473773266
28,3150,-14,-3.01818181818182
28,3151,-31,-5.16920473773266
28,3152,28,-5.16920473773266
28,3153,175,111.566265060241
28,3154,354,202.426829268293
28,3155,42,-49.5714285714286
28,3156,-227,-204.333333333333
28,3157,-191,-125.350649350649
28,3158,-128,-95.9473684210526
28,3159,-119,-45.0516129032258
28,3160,-22,-45.0516129032258
28,3161,-107,-5.16920473773266
28,3162,-23,0.242424242424242
28,3163,-29,111.566265060241
28,3164,3,111.566265060241
28,3165,-7,-5.16920473773266
28,3166,35,-5.16920473773266
28,3167,133,188.923076923077
28,3168,320,180.289893617021
28,3169,190,-49.5714285714286
28,3170,-315,-259.019801980198
28,3171,-134,-122.472222222222
28,3172,2,-95.9473684210526
28,3173,72,-5.16920473773266
28,3174,-13,-3.01818181818182
28,3175,-39,-5.16920473773266
28,3176,11,0.242424242424242
28,3177,165,111.566265060241
28,3178,420,267.214285714286
28,3179,-3,-49.5714285714286
28,3180,-199,-156.701863354037
28,3181,-222,-125.350649350649
28,3182,-112,-95.9473684210526
28,3183,-89,16.7037037037037
28,3184,-88,-45.0516129032258
28,3185,-62,0.242424242424242
28,3186,-55,0.242424242424242
28,3187,-6,-45.0516129032258
28,3188,-11,111.566265060241
28,3189,1,-5.16920473773266
28,3190,32,-5.16920473773266
28,3191,128,68.08
28,3192,299,180.289893617021
28,3193,218,-49.5714285714286
28,3194,-345,-259.019801980198
28,3195,-138,-156.701863354037
28,3196,75,33.3
28,3197,69,-3.01818181818182
28,3198,-43,-3.01818181818182
28,3199,-52,-45.0516129032258
28,3200,12,0.242424242424242
28,3201,159,111.566265060241
28,3202,478,267.214285714286
28,3203,-65,-49.5714285714286
28,3204,-155,-156.701863354037
28,3205,-163,-125.350649350649
28,3206,-158,-95.9473684210526
28,3207,-102,-45.0516129032258
28,3208,-28,-45.0516129032258
28,3209,-138,-5.16920473773266
28,3210,-34,0.242424242424242
28,3211,-35,-45.0516129032258
28,3212,-13,-45.0516129032258
28,3213,3,-5.16920473773266
28,3214,27,-5.16920473773266
28,3215,121,68.08
28,3216,222,180.289893617021
28,3217,289,-162.9375
28,3218,-290,-259.019801980198
28,3219,-147,-156.701863354037
28,3220,72,33.3
28,3221,62,-3.01818181818182
28,3222,-8,-3.01818181818182
28,3223,-29,-5.16920473773266
28,3224,55,-5.16920473773266
28,3225,105,97.8823529411765
28,3226,303,267.214285714286
28,3227,-122,-107.95
28,3228,-178,-156.701863354037
28,3229,-132,-125.350649350649
28,3230,-104,-95.9473684210526
28,3231,-42,-45.0516129032258
28,3232,-92,-45.0516129032258
28,3233,-16,-45.0516129032258
28,3234,-13,-5.16920473773266
28,3235,-49,-5.16920473773266
28,3236,-13,-45.0516129032258
28,3237,-17,-5.16920473773266
28,3238,-4,-5.16920473773266
28,3239,18,-5.16920473773266
28,3240,37,68.08
28,3241,125,68.08
28,3242,103,138.51724137931
28,3243,188,-47
28,3244,56,-37.9375
28,3245,118,-122.472222222222
28,3246,-10,-6.92592592592593
28,3247,-46,-47
28,3248,-2,-45.0516129032258
28,3249,45,-5.16920473773266
28,3250,-6,-24.1973684210526
28,3251,-81,-5.16920473773266
28,3252,-66,-45.0516129032258
28,3253,-147,-45.0516129032258
28,3254,-3,-45.0516129032258
28,3255,-77,-5.16920473773266
28,3256,-26,-45.0516129032258
28,3257,-48,-5.16920473773266
28,3258,-56,-45.0516129032258
28,3259,-12,-45.0516129032258
28,3260,-64,-5.16920473773266
28,3261,-29,-45.0516129032258
28,3262,-15,-5.16920473773266
28,3263,9,-5.16920473773266
28,3264,21,-5.16920473773266
28,3265,83,68.08
28,3266,146,180.289893617021
28,3267,155,-37.9375
28,3268,-153,-218.314285714286
28,3269,26,-122.472222222222
28,3270,-136,35.5
28,3271,-13,-45.0516129032258
28,3272,127,-5.16920473773266
28,3273,80,-3.01818181818182
28,3274,-13,-47
28,3275,34,-5.16920473773266
28,3276,-36,35.5
28,3277,-67,-45.0516129032258
28,3278,-84,-45.0516129032258
28,3279,-134,-45.0516129032258
28,3280,-10,-45.0516129032258
28,3281,-20,-5.16920473773266
28,3282,-16,-5.16920473773266
28,3283,-5,-5.16920473773266
28,3284,-2,-5.16920473773266
28,3285,4,-5.16920473773266
28,3286,30,-5.16920473773266
28,3287,124,188.923076923077
28,3288,281,138.51724137931
28,3289,213,-49.5714285714286
28,3290,-298,-259.019801980198
28,3291,-164,-156.701863354037
28,3292,48,33.3
28,3293,41,-3.01818181818182
28,3294,9,-24.1973684210526
28,3295,-16,-5.16920473773266
28,3296,34,-5.16920473773266
28,3297,151,111.566265060241
28,3298,433,267.214285714286
28,3299,-78,-49.5714285714286
28,3300,-516,-156.701863354037
28,3301,-38,-125.350649350649
28,3302,-16,-95.9473684210526
28,3303,-84,-5.16920473773266
28,3304,-59,-45.0516129032258
28,3305,-43,0.242424242424242
28,3306,-26,0.242424242424242
28,3307,-25,111.566265060241
28,3308,-5,-5.16920473773266
28,3309,1,-5.16920473773266
28,3310,30,-5.16920473773266
28,3311,135,68.08
28,3312,350,180.289893617021
28,3313,204,-49.5714285714286
28,3314,-395,-259.019801980198
28,3315,-150,-156.701863354037
28,3316,78,-95.9473684210526
28,3317,49,-3.01818181818182
28,3318,26,-3.01818181818182
28,3319,-29,-24.1973684210526
28,3320,0,-5.16920473773266
28,3321,165,111.566265060241
28,3322,411,267.214285714286
28,3323,-253,-49.5714285714286
28,3324,-149,-156.701863354037
28,3325,-118,33.3
28,3326,-78,-95.9473684210526
28,3327,-48,-45.0516129032258
28,3328,-96,-45.0516129032258
28,3329,-81,0.242424242424242
28,3330,-34,0.242424242424242
28,3331,-4,-45.0516129032258
28,3332,-10,-5.16920473773266
28,3333,1,-5.16920473773266
28,3334,32,-5.16920473773266
28,3335,147,68.08
28,3336,366,180.289893617021
28,3337,187,-49.5714285714286
28,3338,-364,-259.019801980198
28,3339,-151,-122.472222222222
28,3340,42,-95.9473684210526
28,3341,45,35.5
28,3342,4,-24.1973684210526
28,3343,-50,-5.16920473773266
28,3344,50,0.242424242424242
28,3345,144,97.8823529411765
28,3346,323,267.214285714286
28,3347,-100,-218.314285714286
28,3348,-103,-156.701863354037
28,3349,-189,-125.350649350649
28,3350,-40,-95.9473684210526
28,3351,-70,-45.0516129032258
28,3352,-141,-45.0516129032258
28,3353,-80,-45.0516129032258
28,3354,-35,0.242424242424242
28,3355,-5,-45.0516129032258
28,3356,-11,-5.16920473773266
28,3357,-3,-5.16920473773266
28,3358,31,-5.16920473773266
28,3359,155,68.08
28,3360,289,265.409090909091
28,3361,226,-49.5714285714286
28,3362,-295,-259.019801980198
28,3363,-179,-156.701863354037
28,3364,45,33.3
28,3365,54,35.5
28,3366,14,-3.01818181818182
28,3367,-41,-24.1973684210526
28,3368,0,0.242424242424242
28,3369,160,111.566265060241
28,3370,355,267.214285714286
28,3371,121,-49.5714285714286
28,3372,-308,-259.019801980198
28,3373,-159,-47
28,3374,-145,-95.9473684210526
28,3375,-131,-45.0516129032258
28,3376,-41,-45.0516129032258
28,3377,-46,0.242424242424242
28,3378,-69,0.242424242424242
28,3379,-26,-45.0516129032258
28,3380,-8,-5.16920473773266
28,3381,0,-5.16920473773266
28,3382,30,-5.16920473773266
28,3383,113,188.923076923077
28,3384,274,180.289893617021
28,3385,319,-49.5714285714286
28,3386,-355,-259.019801980198
28,3387,-127,-156.701863354037
28,3388,19,33.3
28,3389,90,35.5
28,3390,-20,-3.01818181818182
28,3391,-13,-5.16920473773266
28,3392,12,-5.16920473773266
28,3393,165,111.566265060241
28,3394,297,267.214285714286
28,3395,-76,-49.5714285714286
28,3396,-200,-156.701863354037
28,3397,-173,-125.350649350649
28,3398,-57,-95.9473684210526
28,3399,-55,-45.0516129032258
28,3400,-73,-45.0516129032258
28,3401,-43,0.242424242424242
28,3402,-20,0.242424242424242
28,3403,-36,111.566265060241
28,3404,-41,-45.0516129032258
28,3405,-26,-45.0516129032258
28,3406,2,-5.16920473773266
28,3407,16,-5.16920473773266
28,3408,72,68.08
28,3409,60,180.289893617021
28,3410,126,180.289893617021
28,3411,154,-37.9375
28,3412,15,-218.314285714286
28,3413,127,-122.472222222222
28,3414,-67,-6.92592592592593
28,3415,-35,-47
28,3416,-249,-45.0516129032258
28,3417,201,-45.0516129032258
28,3418,-31,-3.01818181818182
28,3419,-20,-156.701863354037
28,3420,-29,-5.16920473773266
28,3421,-113,-5.16920473773266
28,3422,-33,-45.0516129032258
28,3423,-26,111.566265060241
28,3424,-24,-5.16920473773266
28,3425,-24,-5.16920473773266
28,3426,0,-5.16920473773266
28,3427,-18,-5.16920473773266
28,3428,-63,-5.16920473773266
28,3429,-37,-45.0516129032258
28,3430,0,-45.0516129032258
28,3431,5,-5.16920473773266
28,3432,13,-5.16920473773266
28,3433,99,35.5
28,3434,130,138.51724137931
28,3435,122,180.289893617021
28,3436,97,-218.314285714286
28,3437,144,-47
28,3438,-85,-6.92592592592593
28,3439,-164,-122.472222222222
28,3440,14,-45.0516129032258
28,3441,-218,-24.1973684210526
28,3442,60,-45.0516129032258
28,3443,31,-3.01818181818182
28,3444,28,-24.1973684210526
28,3445,-81,68.08
28,3446,-45,-45.0516129032258
28,3447,-52,-45.0516129032258
28,3448,-34,-45.0516129032258
28,3449,-48,-45.0516129032258
28,3450,-25,-45.0516129032258
28,3451,1,-5.16920473773266
28,3452,-4,-5.16920473773266
28,3453,8,-5.16920473773266
28,3454,24,-5.16920473773266
28,3455,109,68.08
28,3456,288,180.289893617021
28,3457,266,-37.9375
28,3458,-357,-259.019801980198
28,3459,-136,-156.701863354037
28,3460,23,33.3
28,3461,54,-24.1973684210526
28,3462,5,-3.01818181818182
28,3463,-42,-5.16920473773266
28,3464,36,0.242424242424242
28,3465,162,111.566265060241
28,3466,401,267.214285714286
28,3467,-11,-49.5714285714286
28,3468,-261,-156.701863354037
28,3469,-157,-125.350649350649
28,3470,-138,-95.9473684210526
28,3471,-117,-45.0516129032258
28,3472,-47,-45.0516129032258
28,3473,-76,0.242424242424242
28,3474,-17,0.242424242424242
28,3475,-6,111.566265060241
28,3476,-11,-5.16920473773266
28,3477,4,-5.16920473773266
28,3478,34,-5.16920473773266
28,3479,105,68.08
28,3480,122,180.289893617021
28,3481,424,180.289893617021
28,3482,-298,-218.314285714286
28,3483,-191,-156.701863354037
28,3484,14,33.3
28,3485,79,35.5
28,3486,-9,-3.01818181818182
28,3487,-37,-5.16920473773266
28,3488,66,-45.0516129032258
28,3489,163,97.8823529411765
28,3490,384,267.214285714286
28,3491,-46,-218.314285714286
28,3492,-221,-156.701863354037
28,3493,-162,-125.350649350649
28,3494,-121,-95.9473684210526
28,3495,-98,-45.0516129032258
28,3496,-107,-45.0516129032258
28,3497,-62,0.242424242424242
28,3498,-33,0.242424242424242
28,3499,-8,111.566265060241
28,3500,3,-5.16920473773266
28,3501,1,-5.16920473773266
28,3502,30,-5.16920473773266
28,3503,141,68.08
28,3504,373,180.289893617021
28,3505,254,-49.5714285714286
28,3506,-460,-259.019801980198
28,3507,-170,-156.701863354037
28,3508,75,33.3
28,3509,107,-3.01818181818182
28,3510,-60,-3.01818181818182
28,3511,1,-45.0516129032258
28,3512,37,-5.16920473773266
28,3513,155,111.566265060241
28,3514,377,267.214285714286
28,3515,-58,-49.5714285714286
28,3516,-169,-156.701863354037
28,3517,-216,-125.350649350649
28,3518,-114,-95.9473684210526
28,3519,-78,16.7037037037037
28,3520,-78,-45.0516129032258
28,3521,-92,0.242424242424242
28,3522,-42,0.242424242424242
28,3523,-6,-45.0516129032258
28,3524,-12,111.566265060241
28,3525,3,-5.16920473773266
28,3526,27,-5.16920473773266
28,3527,128,68.08
28,3528,369,180.289893617021
28,3529,222,-49.5714285714286
28,3530,-358,-259.019801980198
28,3531,-162,-156.701863354037
28,3532,42,33.3
28,3533,18,35.5
28,3534,-4,-24.1973684210526
28,3535,-17,-5.16920473773266
28,3536,65,-5.16920473773266
28,3537,144,97.8823529411765
28,3538,362,267.214285714286
28,3539,9,-218.314285714286
28,3540,-243,-156.701863354037
28,3541,-139,-125.350649350649
28,3542,-164,-95.9473684210526
28,3543,-16,-45.0516129032258
28,3544,-139,-5.16920473773266
28,3545,-70,-45.0516129032258
28,3546,-50,0.242424242424242
28,3547,-12,-45.0516129032258
28,3548,-15,-5.16920473773266
28,3549,2,-5.16920473773266
28,3550,22,-5.16920473773266
28,3551,79,68.08
28,3552,313,265.409090909091
28,3553,269,180.289893617021
28,3554,-292,-259.019801980198
28,3555,-142,-156.701863354037
28,3556,53,33.3
28,3557,101,-3.01818181818182
28,3558,-42,-3.01818181818182
28,3559,68,-45.0516129032258
28,3560,90,-107.95
28,3561,2,97.8823529411765
28,3562,89,-5.16920473773266
28,3563,-71,-107.95
28,3564,-94,-45.0516129032258
28,3565,-96,-45.0516129032258
28,3566,-53,-45.0516129032258
28,3567,-26,-45.0516129032258
28,3568,-103,-5.16920473773266
28,3569,-6,-45.0516129032258
28,3570,-89,-5.16920473773266
28,3571,-10,-45.0516129032258
28,3572,-34,-5.16920473773266
28,3573,-23,-45.0516129032258
28,3574,10,-5.16920473773266
28,3575,14,68.08
28,3576,30,68.08
28,3577,96,68.08
28,3578,75,97.8823529411765
28,3579,180,97.8823529411765
28,3580,75,-37.9375
28,3581,-21,-122.472222222222
28,3582,33,-5.16920473773266
28,3583,10,-24.1973684210526
28,3584,49,-24.1973684210526
28,3585,-101,-6.92592592592593
28,3586,1,-45.0516129032258
28,3587,-21,-5.16920473773266
28,3588,-50,-5.16920473773266
28,3589,-185,-45.0516129032258
28,3590,-103,-45.0516129032258
28,3591,-26,-45.0516129032258
28,3592,67,-5.16920473773266
28,3593,-46,129.190476190476
28,3594,-26,-45.0516129032258
28,3595,11,-5.16920473773266
28,3596,-42,68.08
28,3597,-20,-45.0516129032258
28,3598,-10,-5.16920473773266
28,3599,3,-5.16920473773266
28,3600,27,-5.16920473773266
28,3601,87,68.08
28,3602,103,-3.01818181818182
28,3603,156,138.51724137931
28,3604,101,-37.9375
28,3605,56,-122.472222222222
28,3606,-52,-6.92592592592593
28,3607,-36,-45.0516129032258
28,3608,-102,-45.0516129032258
28,3609,119,-45.0516129032258
28,3610,29,-3.01818181818182
28,3611,-3,-47
28,3612,-208,-5.16920473773266
28,3613,-188,-45.0516129032258
28,3614,67,16.7037037037037
28,3615,-5,180.289893617021
28,3616,-43,-5.16920473773266
28,3617,-19,-45.0516129032258
28,3618,-49,-5.16920473773266
28,3619,-15,-45.0516129032258
28,3620,-12,-5.16920473773266
28,3621,-17,-5.16920473773266
28,3622,-7,-5.16920473773266
28,3623,11,-5.16920473773266
28,3624,28,68.08
28,3625,84,68.08
28,3626,102,180.289893617021
28,3627,130,97.8823529411765
28,3628,100,-37.9375
28,3629,84,-47
28,3630,23,-6.92592592592593
28,3631,-54,-24.1973684210526
28,3632,-63,-45.0516129032258
28,3633,51,-45.0516129032258
28,3634,-2,-3.01818181818182
28,3635,-16,-5.16920473773266
28,3636,-108,-5.16920473773266
28,3637,-113,-45.0516129032258
28,3638,-77,-45.0516129032258
28,3639,-63,-45.0516129032258
28,3640,-51,-45.0516129032258
28,3641,-41,-45.0516129032258
28,3642,-5,-45.0516129032258
28,3643,-19,-5.16920473773266
28,3644,5,-5.16920473773266
28,3645,-2,-5.16920473773266
28,3646,30,-5.16920473773266
28,3647,134,68.08
28,3648,321,180.289893617021
28,3649,139,-49.5714285714286
28,3650,-309,-259.019801980198
28,3651,-151,-122.472222222222
28,3652,26,-95.9473684210526
28,3653,89,35.5
28,3654,-12,-3.01818181818182
28,3655,-1,-5.16920473773266
28,3656,18,-5.16920473773266
28,3657,166,111.566265060241
28,3658,398,267.214285714286
28,3659,-17,-49.5714285714286
28,3660,-287,-156.701863354037
28,3661,-167,-125.350649350649
28,3662,-117,-95.9473684210526
28,3663,-89,-45.0516129032258
28,3664,-84,-45.0516129032258
28,3665,-58,0.242424242424242
28,3666,-24,0.242424242424242
28,3667,-4,111.566265060241
28,3668,-5,-5.16920473773266
28,3669,1,-5.16920473773266
28,3670,35,-5.16920473773266
28,3671,170,68.08
28,3672,290,180.289893617021
28,3673,225,-49.5714285714286
28,3674,-435,-259.019801980198
28,3675,-55,-156.701863354037
28,3676,-18,33.3
28,3677,49,-5.16920473773266
28,3678,-32,-3.01818181818182
28,3679,-23,-5.16920473773266
28,3680,34,-5.16920473773266
28,3681,185,111.566265060241
28,3682,433,267.214285714286
28,3683,-24,-49.5714285714286
28,3684,-177,-156.701863354037
28,3685,-250,-125.350649350649
28,3686,-116,-95.9473684210526
28,3687,-77,16.7037037037037
28,3688,-69,-45.0516129032258
28,3689,-85,0.242424242424242
28,3690,-47,0.242424242424242
28,3691,-10,-45.0516129032258
28,3692,1,111.566265060241
28,3693,-1,-5.16920473773266
28,3694,30,-5.16920473773266
28,3695,162,68.08
28,3696,282,180.289893617021
28,3697,164,-49.5714285714286
28,3698,-523,-259.019801980198
28,3699,-74,-122.472222222222
28,3700,13,-95.9473684210526
28,3701,75,35.5
28,3702,54,-3.01818181818182
28,3703,25,-3.01818181818182
28,3704,54,-24.1973684210526
28,3705,146,97.8823529411765
28,3706,392,267.214285714286
28,3707,27,-218.314285714286
28,3708,-277,-204.333333333333
28,3709,-152,-125.350649350649
28,3710,-134,-95.9473684210526
28,3711,-55,-45.0516129032258
28,3712,-48,-45.0516129032258
28,3713,-73,-45.0516129032258
28,3714,-67,0.242424242424242
28,3715,-18,-45.0516129032258
28,3716,-2,-5.16920473773266
28,3717,-1,-5.16920473773266
28,3718,32,-5.16920473773266
28,3719,100,68.08
28,3720,346,180.289893617021
28,3721,233,180.289893617021
28,3722,-375,-259.019801980198
28,3723,-120,-156.701863354037
28,3724,72,33.3
28,3725,27,-3.01818181818182
28,3726,31,-24.1973684210526
28,3727,-101,-24.1973684210526
28,3728,78,0.242424242424242
28,3729,139,97.8823529411765
28,3730,302,267.214285714286
28,3731,20,-218.314285714286
28,3732,-224,-204.333333333333
28,3733,-177,-125.350649350649
28,3734,-90,-95.9473684210526
28,3735,-2,-45.0516129032258
28,3736,-51,-5.16920473773266
28,3737,-98,-45.0516129032258
28,3738,-33,0.242424242424242
28,3739,-40,111.566265060241
28,3740,-34,-45.0516129032258
28,3741,-32,-45.0516129032258
28,3742,4,-5.16920473773266
28,3743,19,-5.16920473773266
28,3744,48,68.08
28,3745,148,180.289893617021
28,3746,118,180.289893617021
28,3747,74,-162.9375
28,3748,156,-47
28,3749,116,-6.92592592592593
28,3750,-26,-218.314285714286
28,3751,-42,-47
28,3752,-114,-45.0516129032258
28,3753,-398,0.242424242424242
28,3754,57,-45.0516129032258
28,3755,-4,-3.01818181818182
28,3756,48,-5.16920473773266
28,3757,-21,138.51724137931
28,3758,-13,-5.16920473773266
28,3759,13,-5.16920473773266
28,3760,-61,111.566265060241
28,3761,-9,-45.0516129032258
28,3762,0,-5.16920473773266
28,3763,-28,-5.16920473773266
28,3764,-50,-5.16920473773266
28,3765,-18,-45.0516129032258
28,3766,27,-5.16920473773266
28,3767,-20,68.08
28,3768,35,-5.16920473773266
28,3769,100,35.5
28,3770,129,97.8823529411765
28,3771,196,180.289893617021
28,3772,90,-218.314285714286
28,3773,172,-204.333333333333
28,3774,-28,-37.9375
28,3775,-82,-122.472222222222
28,3776,49,-45.0516129032258
28,3777,5,-3.01818181818182
28,3778,-30,-5.16920473773266
28,3779,-111,-5.16920473773266
28,3780,-64,-45.0516129032258
28,3781,-140,0.242424242424242
28,3782,-150,-45.0516129032258
28,3783,-17,-45.0516129032258
28,3784,-97,-5.16920473773266
28,3785,-51,-45.0516129032258
28,3786,-23,-45.0516129032258
28,3787,-1,-5.16920473773266
28,3788,-5,-5.16920473773266
28,3789,-7,-5.16920473773266
28,3790,35,-5.16920473773266
28,3791,140,68.08
28,3792,267,180.289893617021
28,3793,283,-49.5714285714286
28,3794,-369,-259.019801980198
28,3795,-151,-156.701863354037
28,3796,26,33.3
28,3797,96,35.5
28,3798,-9,-3.01818181818182
28,3799,17,-5.16920473773266
28,3800,6,-24.1973684210526
28,3801,142,111.566265060241
28,3802,383,267.214285714286
28,3803,97,-49.5714285714286
28,3804,-335,-204.333333333333
28,3805,-243,-125.350649350649
28,3806,-105,-95.9473684210526
28,3807,-126,16.7037037037037
28,3808,-66,-45.0516129032258
28,3809,-61,-45.0516129032258
28,3810,-22,0.242424242424242
28,3811,-4,111.566265060241
28,3812,2,111.566265060241
28,3813,1,-5.16920473773266
28,3814,35,-5.16920473773266
28,3815,167,188.923076923077
28,3816,385,180.289893617021
28,3817,154,-49.5714285714286
28,3818,-392,-259.019801980198
28,3819,-162,-122.472222222222
28,3820,51,-95.9473684210526
28,3821,69,-3.01818181818182
28,3822,12,-3.01818181818182
28,3823,-73,-24.1973684210526
28,3824,71,0.242424242424242
28,3825,210,97.8823529411765
28,3826,434,267.214285714286
28,3827,-93,-259.019801980198
28,3828,-281,-156.701863354037
28,3829,-135,-125.350649350649
28,3830,-151,-95.9473684210526
28,3831,-94,-45.0516129032258
28,3832,-107,-45.0516129032258
28,3833,-60,0.242424242424242
28,3834,-28,0.242424242424242
28,3835,-10,111.566265060241
28,3836,-4,-5.16920473773266
28,3837,-2,-5.16920473773266
28,3838,43,-5.16920473773266
28,3839,157,68.08
28,3840,352,180.289893617021
28,3841,213,-49.5714285714286
28,3842,-442,-259.019801980198
28,3843,-123,-156.701863354037
28,3844,27,33.3
28,3845,120,35.5
28,3846,-29,-3.01818181818182
28,3847,-45,-47
28,3848,40,0.242424242424242
28,3849,191,111.566265060241
28,3850,416,267.214285714286
28,3851,52,-49.5714285714286
28,3852,-342,-204.333333333333
28,3853,-165,-125.350649350649
28,3854,-164,-95.9473684210526
28,3855,-94,-45.0516129032258
28,3856,-85,-45.0516129032258
28,3857,-70,0.242424242424242
28,3858,-29,0.242424242424242
28,3859,-19,111.566265060241
28,3860,2,-5.16920473773266
28,3861,-5,-5.16920473773266
28,3862,51,-5.16920473773266
28,3863,138,180.289893617021
28,3864,376,180.289893617021
28,3865,187,-218.314285714286
28,3866,-420,-259.019801980198
28,3867,-126,-122.472222222222
28,3868,42,-95.9473684210526
28,3869,43,35.5
28,3870,-14,-24.1973684210526
28,3871,-9,-5.16920473773266
28,3872,78,-5.16920473773266
28,3873,139,97.8823529411765
28,3874,393,267.214285714286
28,3875,-32,-218.314285714286
28,3876,-178,-156.701863354037
28,3877,-211,-125.350649350649
28,3878,-146,-95.9473684210526
28,3879,-66,16.7037037037037
28,3880,-81,-45.0516129032258
28,3881,-83,-45.0516129032258
28,3882,-46,0.242424242424242
28,3883,-11,-45.0516129032258
28,3884,-16,111.566265060241
28,3885,-2,-5.16920473773266
28,3886,29,-5.16920473773266
28,3887,111,68.08
28,3888,302,180.289893617021
28,3889,312,180.289893617021
28,3890,-419,-259.019801980198
28,3891,-101,-156.701863354037
28,3892,34,33.3
28,3893,129,35.5
28,3894,-1,-3.01818181818182
28,3895,-37,-47
28,3896,-4,0.242424242424242
28,3897,196,111.566265060241
28,3898,331,267.214285714286
28,3899,-86,-49.5714285714286
28,3900,-229,-156.701863354037
28,3901,-175,-125.350649350649
28,3902,-92,-95.9473684210526
28,3903,-83,-45.0516129032258
28,3904,-34,-45.0516129032258
28,3905,12,0.242424242424242
28,3906,-98,68.08
28,3907,-16,-45.0516129032258
28,3908,-56,-5.16920473773266
28,3909,-31,-45.0516129032258
28,3910,10,-5.16920473773266
28,3911,17,68.08
28,3912,40,35.5
28,3913,139,68.08
28,3914,130,-37.9375
28,3915,100,-162.9375
28,3916,185,-47
28,3917,79,-6.92592592592593
28,3918,-2,-122.472222222222
28,3919,11,-5.16920473773266
28,3920,-61,-24.1973684210526
28,3921,129,-45.0516129032258
28,3922,-54,-3.01818181818182
28,3923,-115,-47
28,3924,-136,0.242424242424242
28,3925,-148,-45.0516129032258
28,3926,-34,-45.0516129032258
28,3927,-17,-45.0516129032258
28,3928,-50,-5.16920473773266
28,3929,-78,-45.0516129032258
28,3930,-34,-45.0516129032258
28,3931,-28,-45.0516129032258
28,3932,-41,-5.16920473773266
28,3933,-40,-45.0516129032258
28,3934,5,-45.0516129032258
28,3935,22,-5.16920473773266
28,3936,36,68.08
28,3937,57,68.08
28,3938,168,180.289893617021
28,3939,194,-37.9375
28,3940,69,-218.314285714286
28,3941,97,-122.472222222222
28,3942,38,-6.92592592592593
28,3943,-59,-24.1973684210526
28,3944,-78,-45.0516129032258
28,3945,39,-45.0516129032258
28,3946,-26,-24.1973684210526
28,3947,-89,-5.16920473773266
28,3948,-78,-45.0516129032258
28,3949,-79,-45.0516129032258
28,3950,-133,-45.0516129032258
28,3951,-64,-45.0516129032258
28,3952,-33,-45.0516129032258
28,3953,-49,-5.16920473773266
28,3954,-24,-45.0516129032258
28,3955,-8,-5.16920473773266
28,3956,-6,-5.16920473773266
28,3957,4,-5.16920473773266
28,3958,34,-5.16920473773266
28,3959,119,68.08
28,3960,328,180.289893617021
28,3961,191,-49.5714285714286
28,3962,-384,-259.019801980198
28,3963,-97,-122.472222222222
28,3964,50,-95.9473684210526
28,3965,43,-3.01818181818182
28,3966,48,-24.1973684210526
28,3967,-11,-107.95
28,3968,6,-5.16920473773266
28,3969,115,111.566265060241
28,3970,389,267.214285714286
28,3971,-68,-49.5714285714286
28,3972,-288,-156.701863354037
28,3973,-146,-125.350649350649
28,3974,-107,-95.9473684210526
28,3975,-104,-45.0516129032258
28,3976,-59,-45.0516129032258
28,3977,-57,-45.0516129032258
28,3978,-8,0.242424242424242
28,3979,-1,111.566265060241
28,3980,2,-5.16920473773266
28,3981,1,-5.16920473773266
28,3982,41,-5.16920473773266
28,3983,119,68.08
28,3984,189,180.289893617021
28,3985,316,-162.9375
28,3986,-379,-259.019801980198
28,3987,-133,-156.701863354037
28,3988,-9,33.3
28,3989,-63,-5.16920473773266
28,3990,26,-45.0516129032258
28,3991,29,-24.1973684210526
28,3992,-107,-24.1973684210526
28,3993,105,0.242424242424242
28,3994,197,267.214285714286
28,3995,-57,265.409090909091
28,3996,43,-156.701863354037
28,3997,-34,35.5
28,3998,-83,-45.0516129032258
28,3999,-56,-45.0516129032258
28,4000,-73,-45.0516129032258
28,4001,-52,-45.0516129032258
28,4002,-14,0.242424242424242
28,4003,-9,-5.16920473773266
28,4004,2,-5.16920473773266
28,4005,5,-5.16920473773266
28,4006,46,-5.16920473773266
28,4007,116,180.289893617021
28,4008,373,180.289893617021
28,4009,252,-49.5714285714286
28,4010,-435,-259.019801980198
28,4011,-170,-156.701863354037
28,4012,55,33.3
28,4013,66,-3.01818181818182
28,4014,-24,-3.01818181818182
28,4015,-3,-5.16920473773266
28,4016,25,-5.16920473773266
28,4017,155,111.566265060241
28,4018,420,267.214285714286
28,4019,6,-49.5714285714286
28,4020,-281,-156.701863354037
28,4021,-202,-125.350649350649
28,4022,-60,-95.9473684210526
28,4023,-120,16.7037037037037
28,4024,-106,-45.0516129032258
28,4025,-65,0.242424242424242
28,4026,-40,0.242424242424242
28,4027,-7,-45.0516129032258
28,4028,-5,111.566265060241
28,4029,0,-5.16920473773266
28,4030,50,-5.16920473773266
28,4031,114,180.289893617021
28,4032,364,180.289893617021
28,4033,256,-218.314285714286
28,4034,-435,-259.019801980198
28,4035,-165,-156.701863354037
28,4036,53,33.3
28,4037,47,-3.01818181818182
28,4038,46,-3.01818181818182
28,4039,-38,-107.95
28,4040,-7,0.242424242424242
28,4041,166,111.566265060241
28,4042,519,267.214285714286
28,4043,-76,-49.5714285714286
28,4044,-297,-156.701863354037
28,4045,-186,-125.350649350649
28,4046,-143,-95.9473684210526
28,4047,13,-45.0516129032258
28,4048,-133,35.5
28,4049,-88,0.242424242424242
28,4050,-17,0.242424242424242
28,4051,-35,111.566265060241
28,4052,-2,-45.0516129032258
28,4053,-2,-5.16920473773266
28,4054,39,-5.16920473773266
28,4055,116,68.08
28,4056,338,265.409090909091
28,4057,254,-49.5714285714286
28,4058,-374,-259.019801980198
28,4059,-158,-156.701863354037
28,4060,96,33.3
28,4061,68,-3.01818181818182
28,4062,32,-3.01818181818182
28,4063,-9,-24.1973684210526
28,4064,11,-5.16920473773266
28,4065,144,111.566265060241
28,4066,279,267.214285714286
28,4067,-41,-49.5714285714286
28,4068,-217,-156.701863354037
28,4069,-219,-125.350649350649
28,4070,-57,-95.9473684210526
28,4071,-17,16.7037037037037
28,4072,-109,-5.16920473773266
28,4073,-14,-45.0516129032258
28,4074,-48,-5.16920473773266
28,4075,-41,-45.0516129032258
28,4076,-38,-45.0516129032258
28,4077,-30,-45.0516129032258
28,4078,2,-5.16920473773266
28,4079,24,-5.16920473773266
28,4080,36,68.08
28,4081,141,68.08
28,4082,159,180.289893617021
28,4083,97,-162.9375
28,4084,152,-122.472222222222
28,4085,62,-6.92592592592593
28,4086,19,-122.472222222222
28,4087,-53,-24.1973684210526
28,4088,96,-45.0516129032258
28,4089,-70,-3.01818181818182
28,4090,-34,0.242424242424242
28,4091,-48,-45.0516129032258
28,4092,-191,0.242424242424242
28,4093,-82,-45.0516129032258
28,4094,-64,-45.0516129032258
28,4095,-22,-45.0516129032258
28,4096,-68,-5.16920473773266
28,4097,9,-45.0516129032258
28,4098,-38,-5.16920473773266
28,4099,-47,-45.0516129032258
28,4100,-41,-45.0516129032258
28,4101,-44,-45.0516129032258
28,4102,-4,-45.0516129032258
28,4103,10,-5.16920473773266
28,4104,41,35.5
28,4105,118,68.08
28,4106,101,180.289893617021
28,4107,213,-47
28,4108,81,-37.9375
28,4109,206,-204.333333333333
28,4110,-74,-6.92592592592593
28,4111,-36,-156.701863354037
28,4112,-26,-45.0516129032258
28,4113,51,-5.16920473773266
28,4114,32,-3.01818181818182
28,4115,-183,-24.1973684210526
28,4116,-127,-45.0516129032258
28,4117,-161,0.242424242424242
28,4118,-56,-45.0516129032258
28,4119,-58,-45.0516129032258
28,4120,-38,-45.0516129032258
28,4121,-36,-45.0516129032258
28,4122,-46,-45.0516129032258
28,4123,-10,-45.0516129032258
28,4124,-3,-5.16920473773266
28,4125,3,-5.16920473773266
28,4126,29,-5.16920473773266
28,4127,131,68.08
28,4128,362,180.289893617021
28,4129,220,-49.5714285714286
28,4130,-422,-259.019801980198
28,4131,-130,-156.701863354037
28,4132,40,33.3
28,4133,104,35.5
28,4134,-14,-3.01818181818182
28,4135,-25,-5.16920473773266
28,4136,-3,-5.16920473773266
28,4137,216,111.566265060241
28,4138,382,267.214285714286
28,4139,-45,-49.5714285714286
28,4140,-263,-156.701863354037
28,4141,-158,-125.350649350649
28,4142,-176,-95.9473684210526
28,4143,-84,-45.0516129032258
28,4144,-78,-45.0516129032258
28,4145,-30,0.242424242424242
28,4146,-51,-5.16920473773266
28,4147,1,-45.0516129032258
28,4148,-9,-5.16920473773266
28,4149,4,-5.16920473773266
28,4150,38,-5.16920473773266
28,4151,147,68.08
28,4152,362,180.289893617021
28,4153,249,-49.5714285714286
28,4154,-396,-259.019801980198
28,4155,-239,-156.701863354037
28,4156,48,33.3
28,4157,84,-3.01818181818182
28,4158,3,-3.01818181818182
28,4159,-12,-5.16920473773266
28,4160,10,-5.16920473773266
28,4161,192,111.566265060241
28,4162,472,267.214285714286
28,4163,-145,-49.5714285714286
28,4164,-283,-156.701863354037
28,4165,-114,33.3
28,4166,-128,-95.9473684210526
28,4167,-109,-45.0516129032258
28,4168,-90,-45.0516129032258
28,4169,-58,0.242424242424242
28,4170,-11,0.242424242424242
28,4171,-12,111.566265060241
28,4172,-7,-5.16920473773266
28,4173,4,-5.16920473773266
28,4174,22,-5.16920473773266
28,4175,146,68.08
28,4176,350,180.289893617021
28,4177,306,-49.5714285714286
28,4178,-504,-259.019801980198
28,4179,-149,-156.701863354037
28,4180,42,33.3
28,4181,89,35.5
28,4182,24,-3.01818181818182
28,4183,-63,-24.1973684210526
28,4184,23,0.242424242424242
28,4185,168,111.566265060241
28,4186,485,267.214285714286
28,4187,-69,-49.5714285714286
28,4188,-257,-156.701863354037
28,4189,-193,-125.350649350649
28,4190,-74,-95.9473684210526
28,4191,-145,-45.0516129032258
28,4192,-100,-45.0516129032258
28,4193,-50,0.242424242424242
28,4194,-44,0.242424242424242
28,4195,-5,-45.0516129032258
28,4196,-9,111.566265060241
28,4197,1,-5.16920473773266
28,4198,58,-5.16920473773266
28,4199,103,265.409090909091
28,4200,389,180.289893617021
28,4201,236,180.289893617021
28,4202,-459,-259.019801980198
28,4203,-127,-156.701863354037
28,4204,86,33.3
28,4205,41,-3.01818181818182
28,4206,-9,-24.1973684210526
28,4207,-68,-5.16920473773266
28,4208,38,0.242424242424242
28,4209,176,111.566265060241
28,4210,433,267.214285714286
28,4211,-6,-49.5714285714286
28,4212,-340,-156.701863354037
28,4213,-102,-125.350649350649
28,4214,-204,-95.9473684210526
28,4215,-206,-45.0516129032258
28,4216,-2,16.7037037037037
28,4217,-28,-5.16920473773266
28,4218,-4,-5.16920473773266
28,4219,-3,111.566265060241
28,4220,-3,-5.16920473773266
28,4221,5,111.566265060241
28,4222,26,111.566265060241
28,4223,100,35.5
28,4224,256,138.51724137931
28,4225,311,180.289893617021
28,4226,-279,-259.019801980198
28,4227,-181,-156.701863354037
28,4228,116,33.3
28,4229,19,-3.01818181818182
28,4230,30,-47
28,4231,-11,-24.1973684210526
28,4232,-7,-5.16920473773266
28,4233,110,111.566265060241
28,4234,306,267.214285714286
28,4235,-141,-3.01818181818182
28,4236,-159,-156.701863354037
28,4237,-172,-125.350649350649
28,4238,-99,-95.9473684210526
28,4239,-17,-45.0516129032258
28,4240,-30,-5.16920473773266
28,4241,-41,-5.16920473773266
28,4242,-48,0.242424242424242
28,4243,-9,-45.0516129032258
28,4244,-63,-5.16920473773266
28,4245,-15,-45.0516129032258
28,4246,1,-5.16920473773266
28,4247,22,-5.16920473773266
28,4248,36,68.08
28,4249,138,68.08
28,4250,121,180.289893617021
28,4251,140,-162.9375
28,4252,191,-218.314285714286
28,4253,19,-218.314285714286
28,4254,4,-122.472222222222
28,4255,64,-5.16920473773266
28,4256,-23,-3.01818181818182
28,4257,-5,-5.16920473773266
28,4258,-10,-5.16920473773266
28,4259,-118,-5.16920473773266
28,4260,-124,0.242424242424242
28,4261,-155,-45.0516129032258
28,4262,-23,-45.0516129032258
28,4263,-71,-5.16920473773266
28,4264,-25,-45.0516129032258
28,4265,-49,-5.16920473773266
28,4266,-31,-45.0516129032258
28,4267,-24,-5.16920473773266
28,4268,-34,-5.16920473773266
28,4269,-51,-45.0516129032258
28,4270,3,-45.0516129032258
28,4271,12,-5.16920473773266
28,4272,35,68.08
28,4273,87,68.08
28,4274,141,180.289893617021
28,4275,194,-37.9375
28,4276,112,-218.314285714286
28,4277,89,-259.019801980198
28,4278,-86,-47
28,4279,18,-45.0516129032258
28,4280,37,-24.1973684210526
28,4281,-1,-24.1973684210526
28,4282,-73,-5.16920473773266
28,4283,-174,0.242424242424242
28,4284,-144,-45.0516129032258
28,4285,-63,-45.0516129032258
28,4286,-71,-45.0516129032258
28,4287,-32,-45.0516129032258
28,4288,-34,-5.16920473773266
28,4289,-12,-45.0516129032258
28,4290,-27,-5.16920473773266
28,4291,-6,-5.16920473773266
28,4292,-5,-5.16920473773266
28,4293,3,-5.16920473773266
28,4294,26,-5.16920473773266
28,4295,119,68.08
28,4296,328,180.289893617021
28,4297,301,-49.5714285714286
28,4298,-444,-259.019801980198
28,4299,-161,-156.701863354037
28,4300,93,33.3
28,4301,51,-3.01818181818182
28,4302,-18,-3.01818181818182
28,4303,-61,-5.16920473773266
28,4304,85,0.242424242424242
28,4305,130,97.8823529411765
28,4306,397,267.214285714286
28,4307,-243,-218.314285714286
28,4308,-97,-156.701863354037
28,4309,-254,33.3
28,4310,-44,-95.9473684210526
28,4311,-11,16.7037037037037
28,4312,-102,-5.16920473773266
28,4313,-74,-45.0516129032258
28,4314,-20,0.242424242424242
28,4315,-9,-5.16920473773266
28,4316,3,111.566265060241
28,4317,5,-5.16920473773266
28,4318,33,-5.16920473773266
28,4319,136,68.08
28,4320,81,180.289893617021
28,4321,-126,-122.472222222222
28,4322,-48,-45.0516129032258
28,4323,-41,-45.0516129032258
28,4324,54,-45.0516129032258
28,4325,5,-3.01818181818182
28,4326,50,-5.16920473773266
28,4327,9,-107.95
28,4328,46,-5.16920473773266
28,4329,165,180.289893617021
28,4330,341,-37.9375
28,4331,-28,-49.5714285714286
28,4332,-292,-156.701863354037
28,4333,-89,-125.350649350649
28,4334,-17,-95.9473684210526
28,4335,-49,-5.16920473773266
28,4336,-142,-45.0516129032258
28,4337,-46,0.242424242424242
28,4338,-33,0.242424242424242
28,4339,-10,111.566265060241
28,4340,-2,-5.16920473773266
28,4341,4,-5.16920473773266
28,4342,23,-5.16920473773266
29,1,-45,-48.1008645533141
29,2,-19,-0.853333333333333
29,3,-25,-7.06288032454361
29,4,-33,-7.06288032454361
29,5,-8,-48.1008645533141
29,6,-21,-7.06288032454361
29,7,-5,-7.06288032454361
29,8,17,-7.06288032454361
29,9,35,55.0224719101124
29,10,69,104.171428571429
29,11,153,185.363896848138
29,12,87,185.363896848138
29,13,132,-104.963636363636
29,14,95,-21
29,15,53,-104.963636363636
29,16,-65,-58.5238095238095
29,17,48,-48.1008645533141
29,18,-11,-58.5238095238095
29,19,-48,-7.06288032454361
29,20,-50,-48.1008645533141
29,21,-104,-48.1008645533141
29,22,-205,-0.853333333333333
29,23,26,-48.1008645533141
29,24,-52,55.0224719101124
29,25,-64,-48.1008645533141
29,26,-33,-48.1008645533141
29,27,-21,-0.853333333333333
29,28,-32,-7.06288032454361
29,29,-6,-48.1008645533141
29,30,-19,-7.06288032454361
29,31,5,-7.06288032454361
29,32,16,-7.06288032454361
29,33,9,55.0224719101124
29,34,47,104.171428571429
29,35,95,150.62962962963
29,36,120,185.363896848138
29,37,105,91.3888888888889
29,38,53,-217.098591549296
29,39,26,18
29,40,20,23.8472222222222
29,41,-17,-23.7352941176471
29,42,-10,-7.06288032454361
29,43,-65,-7.06288032454361
29,44,-101,-48.1008645533141
29,45,-34,-48.1008645533141
29,46,-65,-48.1008645533141
29,47,-81,-48.1008645533141
29,48,-12,-48.1008645533141
29,49,-67,-7.06288032454361
29,50,-14,-0.853333333333333
29,51,-21,-7.06288032454361
29,52,-10,-7.06288032454361
29,53,-3,-7.06288032454361
29,54,2,-7.06288032454361
29,55,27,-7.06288032454361
29,56,79,55.0224719101124
29,57,220,185.363896848138
29,58,286,138.942028985507
29,59,-331,-259.294117647059
29,60,-108,-156.68
29,61,45,35.4
29,62,57,23.8472222222222
29,63,1,-11
29,64,-63,-7.06288032454361
29,65,37,-0.853333333333333
29,66,136,119.942307692308
29,67,241,252.08024691358
29,68,14,-114.535714285714
29,69,-225,-200.375
29,70,-145,-131.757575757576
29,71,-111,2.73076923076923
29,72,-57,-48.1008645533141
29,73,-41,-48.1008645533141
29,74,-41,-48.1008645533141
29,75,-17,-0.853333333333333
29,76,-7,12.1842105263158
29,77,0,-7.06288032454361
29,78,0,-7.06288032454361
29,79,22,-7.06288032454361
29,80,79,55.0224719101124
29,81,281,185.363896848138
29,82,308,185.363896848138
29,83,-373,-259.294117647059
29,84,-138,-156.68
29,85,58,35.4
29,86,20,-11
29,87,24,-23.7352941176471
29,88,-59,-23.7352941176471
29,89,-21,-0.853333333333333
29,90,159,119.942307692308
29,91,382,252.08024691358
29,92,-40,-114.535714285714
29,93,-225,-156.68
29,94,-197,-131.757575757576
29,95,-76,2.73076923076923
29,96,-79,-48.1008645533141
29,97,-65,-48.1008645533141
29,98,-32,-48.1008645533141
29,99,-18,-0.853333333333333
29,100,-10,12.1842105263158
29,101,0,-7.06288032454361
29,102,25,-7.06288032454361
29,103,79,55.0224719101124
29,104,215,185.363896848138
29,105,274,185.363896848138
29,106,-293,-259.294117647059
29,107,-149,-156.68
29,108,27,35.4
29,109,2,23.8472222222222
29,110,-19,-7.06288032454361
29,111,-28,-7.06288032454361
29,112,67,-7.06288032454361
29,113,105,138.942028985507
29,114,272,252.08024691358
29,115,6,-121
29,116,-201,-156.68
29,117,-149,-131.757575757576
29,118,-70,-48.1008645533141
29,119,-31,-48.1008645533141
29,120,-73,-48.1008645533141
29,121,-38,-48.1008645533141
29,122,-14,-0.853333333333333
29,123,-5,12.1842105263158
29,124,1,-7.06288032454361
29,125,-4,-7.06288032454361
29,126,20,-7.06288032454361
29,127,75,55.0224719101124
29,128,210,185.363896848138
29,129,318,185.363896848138
29,130,-337,-259.294117647059
29,131,-146,-156.68
29,132,83,35.4
29,133,35,-11
29,134,-56,-23.7352941176471
29,135,21,-48.1008645533141
29,136,-13,-23.7352941176471
29,137,142,119.942307692308
29,138,303,252.08024691358
29,139,-46,-114.535714285714
29,140,-177,-156.68
29,141,-153,-131.757575757576
29,142,-93,-48.1008645533141
29,143,-29,-48.1008645533141
29,144,-64,-48.1008645533141
29,145,-39,-48.1008645533141
29,146,-25,-0.853333333333333
29,147,-19,12.1842105263158
29,148,0,-7.06288032454361
29,149,-6,-7.06288032454361
29,150,16,-7.06288032454361
29,151,63,55.0224719101124
29,152,212,150.62962962963
29,153,267,185.363896848138
29,154,-233,-259.294117647059
29,155,-138,-156.68
29,156,41,35.4
29,157,89,55.0224719101124
29,158,36,-11
29,159,-10,-23.7352941176471
29,160,4,-7.06288032454361
29,161,111,119.942307692308
29,162,275,252.08024691358
29,163,-67,-11
29,164,-244,-156.68
29,165,-141,-131.757575757576
29,166,-97,2.73076923076923
29,167,26,-48.1008645533141
29,168,-17,-23.7352941176471
29,169,-102,-7.06288032454361
29,170,-26,-0.853333333333333
29,171,-14,12.1842105263158
29,172,-24,-7.06288032454361
29,173,-18,-7.06288032454361
29,174,-7,-7.06288032454361
29,175,14,-7.06288032454361
29,176,43,55.0224719101124
29,177,96,104.171428571429
29,178,105,185.363896848138
29,179,141,91.3888888888889
29,180,158,91.3888888888889
29,181,114,-217.098591549296
29,182,0,-217.098591549296
29,183,-18,-104.963636363636
29,184,-2,-7.06288032454361
29,185,-76,-7.06288032454361
29,186,-22,-48.1008645533141
29,187,-79,-7.06288032454361
29,188,-22,-48.1008645533141
29,189,-138,119.942307692308
29,190,-101,-48.1008645533141
29,191,-8,-0.853333333333333
29,192,-16,-7.06288032454361
29,193,-72,-7.06288032454361
29,194,-18,-48.1008645533141
29,195,-32,-7.06288032454361
29,196,-29,-0.853333333333333
29,197,-33,-48.1008645533141
29,198,-2,-48.1008645533141
29,199,6,-7.06288032454361
29,200,30,-7.06288032454361
29,201,51,55.0224719101124
29,202,154,138.942028985507
29,203,170,185.363896848138
29,204,107,-217.098591549296
29,205,107,-217.098591549296
29,206,46,-58.5238095238095
29,207,-53,-58.5238095238095
29,208,-11,-48.1008645533141
29,209,-1,-7.06288032454361
29,210,7,-7.06288032454361
29,211,-144,119.942307692308
29,212,-100,-48.1008645533141
29,213,-88,-48.1008645533141
29,214,-62,-48.1008645533141
29,215,-95,-48.1008645533141
29,216,-44,-48.1008645533141
29,217,-49,-0.853333333333333
29,218,-13,-0.853333333333333
29,219,-14,-7.06288032454361
29,220,-6,-7.06288032454361
29,221,-2,-7.06288032454361
29,222,32,-7.06288032454361
29,223,95,55.0224719101124
29,224,254,185.363896848138
29,225,210,185.363896848138
29,226,-300,-259.294117647059
29,227,-73,-156.68
29,228,27,2.73076923076923
29,229,20,23.8472222222222
29,230,-8,-23.7352941176471
29,231,25,-7.06288032454361
29,232,-13,-23.7352941176471
29,233,83,119.942307692308
29,234,354,252.08024691358
29,235,-36,-11
29,236,-154,-156.68
29,237,-147,-131.757575757576
29,238,-104,-48.1008645533141
29,239,-57,-48.1008645533141
29,240,-93,-48.1008645533141
29,241,-78,-48.1008645533141
29,242,-32,-0.853333333333333
29,243,-7,-0.853333333333333
29,244,2,-7.06288032454361
29,245,3,-7.06288032454361
29,246,21,-7.06288032454361
29,247,114,55.0224719101124
29,248,317,185.363896848138
29,249,212,-114.535714285714
29,250,-273,-259.294117647059
29,251,-183,-156.68
29,252,22,2.73076923076923
29,253,5,23.8472222222222
29,254,-5,-7.06288032454361
29,255,18,-7.06288032454361
29,256,51,-23.7352941176471
29,257,62,138.942028985507
29,258,411,252.08024691358
29,259,-6,-121
29,260,-238,-156.68
29,261,-135,-131.757575757576
29,262,-105,2.73076923076923
29,263,-135,-48.1008645533141
29,264,-80,-48.1008645533141
29,265,-44,-48.1008645533141
29,266,-24,-0.853333333333333
29,267,-5,12.1842105263158
29,268,-3,-7.06288032454361
29,269,1,-7.06288032454361
29,270,27,-7.06288032454361
29,271,100,55.0224719101124
29,272,284,185.363896848138
29,273,158,185.363896848138
29,274,-311,-259.294117647059
29,275,-118,-104.963636363636
29,276,-28,2.73076923076923
29,277,-9,-7.06288032454361
29,278,-46,-7.06288032454361
29,279,-13,-48.1008645533141
29,280,47,-7.06288032454361
29,281,137,138.942028985507
29,282,253,252.08024691358
29,283,17,-114.535714285714
29,284,-137,-200.375
29,285,-108,-131.757575757576
29,286,-71,-48.1008645533141
29,287,-27,-48.1008645533141
29,288,-92,-7.06288032454361
29,289,-45,-48.1008645533141
29,290,-12,-0.853333333333333
29,291,-7,12.1842105263158
29,292,-2,-7.06288032454361
29,293,0,-7.06288032454361
29,294,26,-7.06288032454361
29,295,90,55.0224719101124
29,296,286,185.363896848138
29,297,271,185.363896848138
29,298,-376,-259.294117647059
29,299,-112,-156.68
29,300,40,35.4
29,301,35,23.8472222222222
29,302,-26,-23.7352941176471
29,303,-1,-7.06288032454361
29,304,25,-7.06288032454361
29,305,125,119.942307692308
29,306,361,252.08024691358
29,307,28,-114.535714285714
29,308,-190,-200.375
29,309,-182,-131.757575757576
29,310,-137,-48.1008645533141
29,311,-19,-48.1008645533141
29,312,-104,-7.06288032454361
29,313,-80,-48.1008645533141
29,314,-39,-0.853333333333333
29,315,-4,-0.853333333333333
29,316,-11,-7.06288032454361
29,317,-7,-7.06288032454361
29,318,22,-7.06288032454361
29,319,88,55.0224719101124
29,320,246,185.363896848138
29,321,341,185.363896848138
29,322,-341,-259.294117647059
29,323,-122,-156.68
29,324,17,35.4
29,325,108,55.0224719101124
29,326,19,-11
29,327,13,-23.7352941176471
29,328,13,-23.7352941176471
29,329,173,119.942307692308
29,330,239,252.08024691358
29,331,-151,-114.535714285714
29,332,-176,-156.68
29,333,-151,-131.757575757576
29,334,-54,-48.1008645533141
29,335,-85,-48.1008645533141
29,336,-15,-48.1008645533141
29,337,-45,-7.06288032454361
29,338,-54,-0.853333333333333
29,339,-7,-0.853333333333333
29,340,-52,-7.06288032454361
29,341,-20,-0.853333333333333
29,342,-8,-7.06288032454361
29,343,30,-7.06288032454361
29,344,45,55.0224719101124
29,345,125,104.171428571429
29,346,130,185.363896848138
29,347,151,-114.535714285714
29,348,126,-217.098591549296
29,349,32,-217.098591549296
29,350,9,-104.963636363636
29,351,-40,-23.7352941176471
29,352,19,-48.1008645533141
29,353,11,-23.7352941176471
29,354,-71,-23.7352941176471
29,355,-152,-48.1008645533141
29,356,-362,-48.1008645533141
29,357,-15,-48.1008645533141
29,358,63,-7.06288032454361
29,359,8,-11
29,360,-19,-7.06288032454361
29,361,26,-7.06288032454361
29,362,-44,55.0224719101124
29,363,-17,-48.1008645533141
29,364,-16,-7.06288032454361
29,365,-33,-7.06288032454361
29,366,-1,-48.1008645533141
29,367,6,-7.06288032454361
29,368,12,-7.06288032454361
29,369,27,23.8472222222222
29,370,28,104.171428571429
29,371,-11,104.171428571429
29,372,9,-7.06288032454361
29,373,-16,55.0224719101124
29,374,-9,-7.06288032454361
29,375,1,-7.06288032454361
29,376,-15,-7.06288032454361
29,377,-2,-7.06288032454361
29,378,-9,-7.06288032454361
29,379,12,-7.06288032454361
29,380,-4,23.8472222222222
29,381,0,-7.06288032454361
29,382,-24,-7.06288032454361
29,383,2,-7.06288032454361
29,384,4,-7.06288032454361
29,385,-11,-7.06288032454361
29,386,-4,-7.06288032454361
29,387,2,-7.06288032454361
29,388,-3,-7.06288032454361
29,389,2,-7.06288032454361
29,390,11,-7.06288032454361
29,391,31,23.8472222222222
29,392,162,23.8472222222222
29,393,275,138.942028985507
29,394,-210,-114.535714285714
29,395,-172,-156.68
29,396,1,35.4
29,397,28,-7.06288032454361
29,398,-22,23.8472222222222
29,399,7,-7.06288032454361
29,400,-2,-7.06288032454361
29,401,-9,119.942307692308
29,402,129,119.942307692308
29,403,147,-11
29,404,-81,-114.535714285714
29,405,-95,-104.963636363636
29,406,-51,-48.1008645533141
29,407,-63,-48.1008645533141
29,408,-30,-48.1008645533141
29,409,-46,-48.1008645533141
29,410,-6,-0.853333333333333
29,411,-4,12.1842105263158
29,412,-1,12.1842105263158
29,413,1,-7.06288032454361
29,414,19,-7.06288032454361
29,415,98,55.0224719101124
29,416,270,185.363896848138
29,417,221,185.363896848138
29,418,-303,-259.294117647059
29,419,-146,-156.68
29,420,22,2.73076923076923
29,421,40,23.8472222222222
29,422,0,-23.7352941176471
29,423,-8,-7.06288032454361
29,424,20,-7.06288032454361
29,425,126,119.942307692308
29,426,329,252.08024691358
29,427,-59,-114.535714285714
29,428,-150,-156.68
29,429,-197,-131.757575757576
29,430,-59,-48.1008645533141
29,431,-69,-48.1008645533141
29,432,-84,-48.1008645533141
29,433,-37,-48.1008645533141
29,434,-11,-0.853333333333333
29,435,-18,12.1842105263158
29,436,-4,-7.06288032454361
29,437,3,-7.06288032454361
29,438,18,-7.06288032454361
29,439,82,55.0224719101124
29,440,283,185.363896848138
29,441,265,185.363896848138
29,442,-333,-259.294117647059
29,443,-139,-156.68
29,444,37,35.4
29,445,50,23.8472222222222
29,446,-41,-11
29,447,-5,-48.1008645533141
29,448,6,-7.06288032454361
29,449,147,119.942307692308
29,450,356,252.08024691358
29,451,-23,-114.535714285714
29,452,-166,-156.68
29,453,-163,-131.757575757576
29,454,-141,-48.1008645533141
29,455,-47,-48.1008645533141
29,456,-88,-48.1008645533141
29,457,-61,-48.1008645533141
29,458,-20,-0.853333333333333
29,459,-10,12.1842105263158
29,460,-7,-7.06288032454361
29,461,-3,-7.06288032454361
29,462,14,-7.06288032454361
29,463,110,55.0224719101124
29,464,98,185.363896848138
29,465,137,185.363896848138
29,466,-161,-21
29,467,-62,-104.963636363636
29,468,12,-48.1008645533141
29,469,53,23.8472222222222
29,470,-7,-11
29,471,-28,-7.06288032454361
29,472,35,-7.06288032454361
29,473,114,23.8472222222222
29,474,296,185.363896848138
29,475,50,-114.535714285714
29,476,-200,-200.375
29,477,-127,-131.757575757576
29,478,-87,-48.1008645533141
29,479,-67,-48.1008645533141
29,480,-71,-48.1008645533141
29,481,-39,-48.1008645533141
29,482,-38,-0.853333333333333
29,483,-13,-0.853333333333333
29,484,-19,-7.06288032454361
29,485,3,-7.06288032454361
29,486,13,-7.06288032454361
29,487,101,55.0224719101124
29,488,195,185.363896848138
29,489,277,185.363896848138
29,490,-258,-259.294117647059
29,491,-98,-156.68
29,492,-3,35.4
29,493,74,-7.06288032454361
29,494,-1,-11
29,495,-6,-7.06288032454361
29,496,24,-7.06288032454361
29,497,116,119.942307692308
29,498,262,252.08024691358
29,499,-48,-114.535714285714
29,500,-213,-156.68
29,501,-152,-131.757575757576
29,502,-81,2.73076923076923
29,503,-50,-48.1008645533141
29,504,-42,-48.1008645533141
29,505,-13,-48.1008645533141
29,506,-36,-7.06288032454361
29,507,-10,-0.853333333333333
29,508,-31,-7.06288032454361
29,509,-24,-48.1008645533141
29,510,3,-7.06288032454361
29,511,23,-7.06288032454361
29,512,27,55.0224719101124
29,513,103,104.171428571429
29,514,56,185.363896848138
29,515,77,58.3846153846154
29,516,67,91.3888888888889
29,517,23,-58.5238095238095
29,518,8,23.8472222222222
29,519,51,-7.06288032454361
29,520,-32,-11
29,521,-32,-48.1008645533141
29,522,-54,-48.1008645533141
29,523,-232,-48.1008645533141
29,524,49,-48.1008645533141
29,525,-37,-11
29,526,-18,-48.1008645533141
29,527,-1,-7.06288032454361
29,528,-41,-7.06288032454361
29,529,-6,-0.853333333333333
29,530,6,-7.06288032454361
29,531,-2,-7.06288032454361
29,532,-24,-7.06288032454361
29,533,-12,-7.06288032454361
29,534,2,-7.06288032454361
29,535,1,-7.06288032454361
29,536,20,-7.06288032454361
29,537,80,55.0224719101124
29,538,78,124.083333333333
29,539,195,138.942028985507
29,540,31,-21
29,541,173,-200.375
29,542,11,18
29,543,58,-104.963636363636
29,544,-50,-58.5238095238095
29,545,-16,-48.1008645533141
29,546,-65,-7.06288032454361
29,547,-35,-48.1008645533141
29,548,-112,-48.1008645533141
29,549,-132,-48.1008645533141
29,550,-39,-48.1008645533141
29,551,-96,-48.1008645533141
29,552,-26,-0.853333333333333
29,553,-34,-7.06288032454361
29,554,-24,-0.853333333333333
29,555,-16,-7.06288032454361
29,556,-4,-7.06288032454361
29,557,-2,-7.06288032454361
29,558,18,-7.06288032454361
29,559,103,55.0224719101124
29,560,226,185.363896848138
29,561,247,185.363896848138
29,562,-328,-259.294117647059
29,563,-111,-156.68
29,564,6,35.4
29,565,62,-7.06288032454361
29,566,22,-11
29,567,-29,-23.7352941176471
29,568,13,-0.853333333333333
29,569,116,119.942307692308
29,570,336,252.08024691358
29,571,-19,-114.535714285714
29,572,-193,-156.68
29,573,-162,-131.757575757576
29,574,-88,-48.1008645533141
29,575,-87,-48.1008645533141
29,576,-74,-48.1008645533141
29,577,-25,-48.1008645533141
29,578,-14,-7.06288032454361
29,579,-13,12.1842105263158
29,580,-5,-7.06288032454361
29,581,5,-7.06288032454361
29,582,9,-7.06288032454361
29,583,9,55.0224719101124
29,584,143,55.0224719101124
29,585,388,185.363896848138
29,586,-208,-114.535714285714
29,587,-175,-156.68
29,588,55,35.4
29,589,40,-11
29,590,-20,23.8472222222222
29,591,-45,-7.06288032454361
29,592,30,-0.853333333333333
29,593,120,119.942307692308
29,594,327,252.08024691358
29,595,62,-114.535714285714
29,596,-256,-200.375
29,597,-152,-131.757575757576
29,598,-53,2.73076923076923
29,599,-71,-48.1008645533141
29,600,-116,-48.1008645533141
29,601,-48,-48.1008645533141
29,602,-32,-0.853333333333333
29,603,1,-0.853333333333333
29,604,-10,-7.06288032454361
29,605,-2,-7.06288032454361
29,606,29,-7.06288032454361
29,607,87,55.0224719101124
29,608,238,185.363896848138
29,609,308,185.363896848138
29,610,-351,-259.294117647059
29,611,-140,-156.68
29,612,9,35.4
29,613,61,23.8472222222222
29,614,-17,-11
29,615,12,-7.06288032454361
29,616,16,-23.7352941176471
29,617,111,119.942307692308
29,618,362,252.08024691358
29,619,84,-11
29,620,-309,-200.375
29,621,-166,-131.757575757576
29,622,-99,2.73076923076923
29,623,-66,-48.1008645533141
29,624,-75,-48.1008645533141
29,625,-8,-48.1008645533141
29,626,-66,-7.06288032454361
29,627,-7,-0.853333333333333
29,628,-11,-7.06288032454361
29,629,-4,-7.06288032454361
29,630,19,-7.06288032454361
29,631,115,55.0224719101124
29,632,248,185.363896848138
29,633,243,-114.535714285714
29,634,-323,-259.294117647059
29,635,-136,-156.68
29,636,33,35.4
29,637,100,55.0224719101124
29,638,-36,-11
29,639,-61,-48.1008645533141
29,640,79,-0.853333333333333
29,641,87,58.3846153846154
29,642,334,252.08024691358
29,643,2,-121
29,644,-184,-156.68
29,645,-102,-131.757575757576
29,646,-121,-48.1008645533141
29,647,-53,-48.1008645533141
29,648,-125,-48.1008645533141
29,649,-32,-48.1008645533141
29,650,-41,-0.853333333333333
29,651,-37,-0.853333333333333
29,652,3,-0.853333333333333
29,653,-10,-7.06288032454361
29,654,20,-7.06288032454361
29,655,111,55.0224719101124
29,656,221,185.363896848138
29,657,262,185.363896848138
29,658,-324,-259.294117647059
29,659,-95,-156.68
29,660,59,35.4
29,661,-87,-11
29,662,107,-48.1008645533141
29,663,-36,-121
29,664,101,-0.853333333333333
29,665,97,91.3888888888889
29,666,203,252.08024691358
29,667,-2,124.083333333333
29,668,-189,-156.68
29,669,-139,-48.1008645533141
29,670,-78,-48.1008645533141
29,671,-3,-48.1008645533141
29,672,24,-7.06288032454361
29,673,-103,-23.7352941176471
29,674,-46,-0.853333333333333
29,675,-32,-0.853333333333333
29,676,-43,-0.853333333333333
29,677,-23,-48.1008645533141
29,678,13,-7.06288032454361
29,679,20,23.8472222222222
29,680,45,23.8472222222222
29,681,110,104.171428571429
29,682,87,185.363896848138
29,683,148,91.3888888888889
29,684,143,91.3888888888889
29,685,-25,-217.098591549296
29,686,-26,-104.963636363636
29,687,-96,-7.06288032454361
29,688,113,-48.1008645533141
29,689,-1,-11
29,690,-38,-104.963636363636
29,691,-68,-48.1008645533141
29,692,-29,-48.1008645533141
29,693,-96,-0.853333333333333
29,694,-40,-48.1008645533141
29,695,-52,-48.1008645533141
29,696,-68,-48.1008645533141
29,697,-15,-0.853333333333333
29,698,-13,-7.06288032454361
29,699,-28,-7.06288032454361
29,700,-65,-7.06288032454361
29,701,-12,-48.1008645533141
29,702,-5,-7.06288032454361
29,703,6,-7.06288032454361
29,704,19,-7.06288032454361
29,705,78,55.0224719101124
29,706,77,138.942028985507
29,707,142,185.363896848138
29,708,81,-21
29,709,144,-104.963636363636
29,710,7,18
29,711,-47,-104.963636363636
29,712,53,-48.1008645533141
29,713,-27,-11
29,714,-33,-7.06288032454361
29,715,-48,-48.1008645533141
29,716,-80,-48.1008645533141
29,717,-107,-48.1008645533141
29,718,-73,-48.1008645533141
29,719,-46,-48.1008645533141
29,720,-55,-48.1008645533141
29,721,-68,-48.1008645533141
29,722,-25,-0.853333333333333
29,723,-3,-7.06288032454361
29,724,-1,-7.06288032454361
29,725,-3,-7.06288032454361
29,726,21,-7.06288032454361
29,727,119,55.0224719101124
29,728,243,185.363896848138
29,729,254,-114.535714285714
29,730,-289,-259.294117647059
29,731,-160,-156.68
29,732,23,35.4
29,733,50,23.8472222222222
29,734,9,-11
29,735,-33,-23.7352941176471
29,736,23,-0.853333333333333
29,737,126,119.942307692308
29,738,381,252.08024691358
29,739,-89,-114.535714285714
29,740,-134,-156.68
29,741,-223,-131.757575757576
29,742,-76,-48.1008645533141
29,743,-74,2.73076923076923
29,744,-60,-48.1008645533141
29,745,-75,-0.853333333333333
29,746,-29,-0.853333333333333
29,747,7,-0.853333333333333
29,748,-10,-7.06288032454361
29,749,-1,-7.06288032454361
29,750,15,-7.06288032454361
29,751,145,55.0224719101124
29,752,298,185.363896848138
29,753,178,-114.535714285714
29,754,-346,-259.294117647059
29,755,-138,-104.963636363636
29,756,60,2.73076923076923
29,757,46,-11
29,758,-44,-11
29,759,-148,-48.1008645533141
29,760,63,-0.853333333333333
29,761,255,58.3846153846154
29,762,328,252.08024691358
29,763,-7,-259.294117647059
29,764,-252,-156.68
29,765,-156,-131.757575757576
29,766,-79,2.73076923076923
29,767,-76,-48.1008645533141
29,768,-84,-48.1008645533141
29,769,-28,-48.1008645533141
29,770,-21,12.1842105263158
29,771,-13,12.1842105263158
29,772,1,-7.06288032454361
29,773,3,-7.06288032454361
29,774,23,-7.06288032454361
29,775,98,55.0224719101124
29,776,292,185.363896848138
29,777,204,185.363896848138
29,778,-297,-259.294117647059
29,779,-172,-156.68
29,780,48,2.73076923076923
29,781,79,-11
29,782,-14,-11
29,783,-23,-7.06288032454361
29,784,16,-7.06288032454361
29,785,98,119.942307692308
29,786,348,252.08024691358
29,787,-333,-11
29,788,-274,-156.68
29,789,-47,35.4
29,790,-17,2.73076923076923
29,791,33,-7.06288032454361
29,792,-12,-23.7352941176471
29,793,-22,-7.06288032454361
29,794,-22,-7.06288032454361
29,795,-8,119.942307692308
29,796,0,-7.06288032454361
29,797,-1,-7.06288032454361
29,798,22,-7.06288032454361
29,799,115,23.8472222222222
29,800,262,138.942028985507
29,801,229,-114.535714285714
29,802,-269,-259.294117647059
29,803,-207,-156.68
29,804,102,2.73076923076923
29,805,16,-11
29,806,46,-23.7352941176471
29,807,-71,-121
29,808,24,-0.853333333333333
29,809,150,119.942307692308
29,810,311,252.08024691358
29,811,38,-114.535714285714
29,812,-217,-200.375
29,813,-179,-131.757575757576
29,814,-144,2.73076923076923
29,815,2,-48.1008645533141
29,816,-97,-7.06288032454361
29,817,-71,-48.1008645533141
29,818,-18,-0.853333333333333
29,819,-15,12.1842105263158
29,820,-18,-7.06288032454361
29,821,-4,-7.06288032454361
29,822,17,-7.06288032454361
29,823,109,23.8472222222222
29,824,216,185.363896848138
29,825,269,185.363896848138
29,826,-298,-259.294117647059
29,827,-112,-156.68
29,828,81,35.4
29,829,57,-11
29,830,15,-11
29,831,-29,-23.7352941176471
29,832,105,-0.853333333333333
29,833,86,58.3846153846154
29,834,254,252.08024691358
29,835,-183,-58.5238095238095
29,836,-93,-156.68
29,837,-162,35.4
29,838,-71,-48.1008645533141
29,839,-36,-48.1008645533141
29,840,-54,-48.1008645533141
29,841,-44,-0.853333333333333
29,842,-43,-0.853333333333333
29,843,-37,-0.853333333333333
29,844,-22,-0.853333333333333
29,845,-25,-7.06288032454361
29,846,4,-7.06288032454361
29,847,20,-7.06288032454361
29,848,34,55.0224719101124
29,849,111,104.171428571429
29,850,157,185.363896848138
29,851,76,185.363896848138
29,852,111,-104.963636363636
29,853,37,18
29,854,100,23.8472222222222
29,855,-44,-58.5238095238095
29,856,-25,-48.1008645533141
29,857,1,-7.06288032454361
29,858,-15,-7.06288032454361
29,859,-30,119.942307692308
29,860,-107,-48.1008645533141
29,861,-152,-48.1008645533141
29,862,-57,-48.1008645533141
29,863,44,-48.1008645533141
29,864,-98,55.0224719101124
29,865,-78,-48.1008645533141
29,866,-4,-0.853333333333333
29,867,-12,-7.06288032454361
29,868,-54,-7.06288032454361
29,869,-19,-48.1008645533141
29,870,3,-7.06288032454361
29,871,9,-7.06288032454361
29,872,39,55.0224719101124
29,873,96,55.0224719101124
29,874,66,138.942028985507
29,875,128,138.942028985507
29,876,78,91.3888888888889
29,877,103,-104.963636363636
29,878,71,-58.5238095238095
29,879,-50,-58.5238095238095
29,880,-53,-48.1008645533141
29,881,65,-48.1008645533141
29,882,-86,-11
29,883,-89,-48.1008645533141
29,884,-50,-48.1008645533141
29,885,-109,-48.1008645533141
29,886,-61,-48.1008645533141
29,887,-38,-48.1008645533141
29,888,-57,-0.853333333333333
29,889,-39,-0.853333333333333
29,890,-24,-48.1008645533141
29,891,-9,-7.06288032454361
29,892,0,-7.06288032454361
29,893,4,-7.06288032454361
29,894,20,-7.06288032454361
29,895,39,55.0224719101124
29,896,10,104.171428571429
29,897,81,104.171428571429
29,898,-46,185.363896848138
29,899,-51,-48.1008645533141
29,900,20,-48.1008645533141
29,901,106,23.8472222222222
29,902,-9,-11
29,903,-5,-7.06288032454361
29,904,25,-7.06288032454361
29,905,-85,23.8472222222222
29,906,118,-48.1008645533141
29,907,71,-121
29,908,4,-104.963636363636
29,909,-115,-7.06288032454361
29,910,-37,-48.1008645533141
29,911,-23,-0.853333333333333
29,912,-54,-7.06288032454361
29,913,-43,-48.1008645533141
29,914,-13,-48.1008645533141
29,915,-15,-7.06288032454361
29,916,2,-7.06288032454361
29,917,-1,-7.06288032454361
29,918,3,-7.06288032454361
29,919,16,-7.06288032454361
29,920,68,55.0224719101124
29,921,317,150.62962962963
29,922,-54,138.942028985507
29,923,-184,-156.68
29,924,53,-131.757575757576
29,925,40,-11
29,926,-25,23.8472222222222
29,927,-55,-7.06288032454361
29,928,72,-48.1008645533141
29,929,118,58.3846153846154
29,930,304,185.363896848138
29,931,55,-217.098591549296
29,932,-221,-200.375
29,933,-249,-131.757575757576
29,934,-154,2.73076923076923
29,935,-26,2.73076923076923
29,936,-12,-7.06288032454361
29,937,-32,-7.06288032454361
29,938,-18,-0.853333333333333
29,939,-2,12.1842105263158
29,940,-13,-7.06288032454361
29,941,-2,-7.06288032454361
29,942,34,-7.06288032454361
29,943,120,55.0224719101124
29,944,282,138.942028985507
29,945,210,-114.535714285714
29,946,-303,-259.294117647059
29,947,-155,-156.68
29,948,75,2.73076923076923
29,949,63,-11
29,950,20,-11
29,951,-87,-23.7352941176471
29,952,11,-0.853333333333333
29,953,172,119.942307692308
29,954,427,252.08024691358
29,955,-27,-114.535714285714
29,956,-256,-156.68
29,957,-131,-131.757575757576
29,958,-66,2.73076923076923
29,959,-107,-48.1008645533141
29,960,-153,-48.1008645533141
29,961,-54,-48.1008645533141
29,962,-51,-0.853333333333333
29,963,-12,-0.853333333333333
29,964,-13,-7.06288032454361
29,965,13,-7.06288032454361
29,966,19,55.0224719101124
29,967,124,104.171428571429
29,968,315,185.363896848138
29,969,160,-114.535714285714
29,970,-288,-259.294117647059
29,971,-141,-104.963636363636
29,972,74,2.73076923076923
29,973,69,-11
29,974,-21,-11
29,975,-57,-7.06288032454361
29,976,46,-0.853333333333333
29,977,114,58.3846153846154
29,978,422,252.08024691358
29,979,16,-114.535714285714
29,980,-331,-200.375
29,981,-91,-131.757575757576
29,982,-147,2.73076923076923
29,983,-48,-48.1008645533141
29,984,-85,-48.1008645533141
29,985,-96,-48.1008645533141
29,986,-21,-0.853333333333333
29,987,-28,12.1842105263158
29,988,-7,-7.06288032454361
29,989,-3,-7.06288032454361
29,990,23,-7.06288032454361
29,991,148,55.0224719101124
29,992,333,185.363896848138
29,993,230,-114.535714285714
29,994,-384,-259.294117647059
29,995,-106,-156.68
29,996,79,2.73076923076923
29,997,26,-11
29,998,35,-23.7352941176471
29,999,-45,-23.7352941176471
29,1000,41,-0.853333333333333
29,1001,177,119.942307692308
29,1002,244,252.08024691358
29,1003,-143,-114.535714285714
29,1004,-186,-156.68
29,1005,-146,-131.757575757576
29,1006,-79,-48.1008645533141
29,1007,-7,-48.1008645533141
29,1008,-77,-7.06288032454361
29,1009,-26,-0.853333333333333
29,1010,-44,12.1842105263158
29,1011,-35,-0.853333333333333
29,1012,-36,-0.853333333333333
29,1013,-19,-48.1008645533141
29,1014,-2,-7.06288032454361
29,1015,38,-7.06288032454361
29,1016,45,55.0224719101124
29,1017,100,104.171428571429
29,1018,97,185.363896848138
29,1019,160,91.3888888888889
29,1020,134,91.3888888888889
29,1021,56,-217.098591549296
29,1022,62,-104.963636363636
29,1023,26,-58.5238095238095
29,1024,-58,-23.7352941176471
29,1025,-30,-48.1008645533141
29,1026,-16,-48.1008645533141
29,1027,19,-7.06288032454361
29,1028,-213,119.942307692308
29,1029,-117,-48.1008645533141
29,1030,-56,2.73076923076923
29,1031,79,-48.1008645533141
29,1032,-99,185.363896848138
29,1033,-69,-48.1008645533141
29,1034,-40,-0.853333333333333
29,1035,-32,-0.853333333333333
29,1036,-32,-48.1008645533141
29,1037,-50,-48.1008645533141
29,1038,-8,-0.853333333333333
29,1039,17,-7.06288032454361
29,1040,65,55.0224719101124
29,1041,81,150.62962962963
29,1042,142,185.363896848138
29,1043,119,91.3888888888889
29,1044,149,-217.098591549296
29,1045,56,-217.098591549296
29,1046,-30,-104.963636363636
29,1047,-64,-48.1008645533141
29,1048,-41,-48.1008645533141
29,1049,75,-48.1008645533141
29,1050,-28,-11
29,1051,-75,12.1842105263158
29,1052,-72,-48.1008645533141
29,1053,-128,-0.853333333333333
29,1054,-41,-48.1008645533141
29,1055,-88,-48.1008645533141
29,1056,-59,-48.1008645533141
29,1057,-46,-0.853333333333333
29,1058,-25,-0.853333333333333
29,1059,-4,-7.06288032454361
29,1060,-9,-7.06288032454361
29,1061,5,-7.06288032454361
29,1062,8,-7.06288032454361
29,1063,64,-7.06288032454361
29,1064,74,150.62962962963
29,1065,117,185.363896848138
29,1066,-84,-21
29,1067,-87,-104.963636363636
29,1068,7,-48.1008645533141
29,1069,64,-7.06288032454361
29,1070,14,-11
29,1071,-4,-23.7352941176471
29,1072,45,-7.06288032454361
29,1073,90,23.8472222222222
29,1074,193,185.363896848138
29,1075,22,-58.5238095238095
29,1076,-82,-200.375
29,1077,-112,-48.1008645533141
29,1078,-95,-48.1008645533141
29,1079,-99,-48.1008645533141
29,1080,-45,-48.1008645533141
29,1081,-61,-48.1008645533141
29,1082,-9,-0.853333333333333
29,1083,-16,12.1842105263158
29,1084,-6,-7.06288032454361
29,1085,2,-7.06288032454361
29,1086,10,-7.06288032454361
29,1087,120,55.0224719101124
29,1088,187,185.363896848138
29,1089,266,-114.535714285714
29,1090,-257,-259.294117647059
29,1091,-133,-156.68
29,1092,-11,35.4
29,1093,65,-7.06288032454361
29,1094,-11,-11
29,1095,-21,-7.06288032454361
29,1096,23,-7.06288032454361
29,1097,141,119.942307692308
29,1098,399,252.08024691358
29,1099,0,-114.535714285714
29,1100,-421,-156.68
29,1101,9,-131.757575757576
29,1102,-112,55.0224719101124
29,1103,-87,-48.1008645533141
29,1104,-69,-48.1008645533141
29,1105,-58,-48.1008645533141
29,1106,-15,-0.853333333333333
29,1107,-20,12.1842105263158
29,1108,-7,-7.06288032454361
29,1109,-2,-7.06288032454361
29,1110,32,-7.06288032454361
29,1111,125,55.0224719101124
29,1112,308,185.363896848138
29,1113,251,-114.535714285714
29,1114,-422,-259.294117647059
29,1115,-106,-156.68
29,1116,6,35.4
29,1117,51,-7.06288032454361
29,1118,22,-11
29,1119,-22,-23.7352941176471
29,1120,9,-7.06288032454361
29,1121,21,119.942307692308
29,1122,7,119.942307692308
29,1123,42,-7.06288032454361
29,1124,49,-23.7352941176471
29,1125,-81,124.083333333333
29,1126,-50,-48.1008645533141
29,1127,-86,-48.1008645533141
29,1128,-53,-48.1008645533141
29,1129,-50,-48.1008645533141
29,1130,-26,-48.1008645533141
29,1131,-14,-7.06288032454361
29,1132,-12,-7.06288032454361
29,1133,1,-7.06288032454361
29,1134,25,-7.06288032454361
29,1135,126,55.0224719101124
29,1136,259,185.363896848138
29,1137,277,-114.535714285714
29,1138,-391,-259.294117647059
29,1139,-116,-156.68
29,1140,36,35.4
29,1141,68,23.8472222222222
29,1142,13,-11
29,1143,-50,-23.7352941176471
29,1144,39,-0.853333333333333
29,1145,99,119.942307692308
29,1146,408,252.08024691358
29,1147,-46,-58.5238095238095
29,1148,-260,-156.68
29,1149,-94,-131.757575757576
29,1150,-113,2.73076923076923
29,1151,-42,-48.1008645533141
29,1152,-76,-48.1008645533141
29,1153,-94,-48.1008645533141
29,1154,-31,-0.853333333333333
29,1155,-19,-0.853333333333333
29,1156,-9,-7.06288032454361
29,1157,-5,-7.06288032454361
29,1158,21,-7.06288032454361
29,1159,83,55.0224719101124
29,1160,246,185.363896848138
29,1161,224,185.363896848138
29,1162,-243,-259.294117647059
29,1163,-108,-156.68
29,1164,51,2.73076923076923
29,1165,38,-11
29,1166,12,-23.7352941176471
29,1167,34,-23.7352941176471
29,1168,99,-23.7352941176471
29,1169,118,58.3846153846154
29,1170,69,252.08024691358
29,1171,-131,-6.3
29,1172,-118,-48.1008645533141
29,1173,-54,-48.1008645533141
29,1174,-95,-48.1008645533141
29,1175,-43,-48.1008645533141
29,1176,-46,-48.1008645533141
29,1177,-50,-0.853333333333333
29,1178,-34,-0.853333333333333
29,1179,-18,-48.1008645533141
29,1180,-33,-7.06288032454361
29,1181,-29,-48.1008645533141
29,1182,8,-48.1008645533141
29,1183,21,-7.06288032454361
29,1184,23,55.0224719101124
29,1185,87,104.171428571429
29,1186,148,185.363896848138
29,1187,148,58.3846153846154
29,1188,83,-217.098591549296
29,1189,9,-6.3
29,1190,10,23.8472222222222
29,1191,25,23.8472222222222
29,1192,-51,-23.7352941176471
29,1193,-9,-48.1008645533141
29,1194,-42,-7.06288032454361
29,1195,-47,-48.1008645533141
29,1196,-42,-48.1008645533141
29,1197,-118,-48.1008645533141
29,1198,-4,-48.1008645533141
29,1199,-47,-7.06288032454361
29,1200,-54,-48.1008645533141
29,1201,-13,-48.1008645533141
29,1202,-59,-7.06288032454361
29,1203,-17,-0.853333333333333
29,1204,-25,-7.06288032454361
29,1205,-25,-7.06288032454361
29,1206,-4,-7.06288032454361
29,1207,15,-7.06288032454361
29,1208,30,55.0224719101124
29,1209,99,104.171428571429
29,1210,119,185.363896848138
29,1211,154,138.942028985507
29,1212,95,-217.098591549296
29,1213,51,-104.963636363636
29,1214,-72,-58.5238095238095
29,1215,49,-48.1008645533141
29,1216,-12,-58.5238095238095
29,1217,-34,-7.06288032454361
29,1218,21,-48.1008645533141
29,1219,-4,-23.7352941176471
29,1220,-76,119.942307692308
29,1221,-50,-48.1008645533141
29,1222,-249,-48.1008645533141
29,1223,-84,-48.1008645533141
29,1224,37,2.73076923076923
29,1225,-31,55.0224719101124
29,1226,-6,-0.853333333333333
29,1227,-11,-7.06288032454361
29,1228,-30,-7.06288032454361
29,1229,-12,-0.853333333333333
29,1230,3,-7.06288032454361
29,1231,11,-7.06288032454361
29,1232,47,23.8472222222222
29,1233,88,150.62962962963
29,1234,108,138.942028985507
29,1235,101,91.3888888888889
29,1236,112,-21
29,1237,49,18
29,1238,31,-104.963636363636
29,1239,-91,-23.7352941176471
29,1240,-5,-48.1008645533141
29,1241,41,-7.06288032454361
29,1242,-96,-23.7352941176471
29,1243,-22,-48.1008645533141
29,1244,12,-7.06288032454361
29,1245,-78,23.8472222222222
29,1246,-70,-48.1008645533141
29,1247,-90,-48.1008645533141
29,1248,-75,-0.853333333333333
29,1249,-37,-48.1008645533141
29,1250,-31,-48.1008645533141
29,1251,-6,-0.853333333333333
29,1252,-5,-7.06288032454361
29,1253,2,-7.06288032454361
29,1254,28,-7.06288032454361
29,1255,121,55.0224719101124
29,1256,296,185.363896848138
29,1257,184,-114.535714285714
29,1258,-377,-259.294117647059
29,1259,-74,-156.68
29,1260,14,2.73076923076923
29,1261,40,23.8472222222222
29,1262,2,-23.7352941176471
29,1263,-1,-7.06288032454361
29,1264,18,-7.06288032454361
29,1265,137,119.942307692308
29,1266,388,252.08024691358
29,1267,-71,-114.535714285714
29,1268,-184,-156.68
29,1269,-322,-131.757575757576
29,1270,-133,-48.1008645533141
29,1271,-16,2.73076923076923
29,1272,-5,-7.06288032454361
29,1273,-14,-7.06288032454361
29,1274,-32,12.1842105263158
29,1275,1,-0.853333333333333
29,1276,0,-7.06288032454361
29,1277,1,-7.06288032454361
29,1278,35,-7.06288032454361
29,1279,103,55.0224719101124
29,1280,339,138.942028985507
29,1281,188,138.942028985507
29,1282,-366,-259.294117647059
29,1283,-128,-156.68
29,1284,31,2.73076923076923
29,1285,45,-23.7352941176471
29,1286,36,-23.7352941176471
29,1287,-37,-23.7352941176471
29,1288,23,-0.853333333333333
29,1289,123,119.942307692308
29,1290,441,252.08024691358
29,1291,-43,-114.535714285714
29,1292,-240,-156.68
29,1293,-125,-131.757575757576
29,1294,-127,2.73076923076923
29,1295,-87,-48.1008645533141
29,1296,-57,-48.1008645533141
29,1297,-99,-48.1008645533141
29,1298,-35,-0.853333333333333
29,1299,-12,-0.853333333333333
29,1300,-6,-7.06288032454361
29,1301,0,-7.06288032454361
29,1302,25,-7.06288032454361
29,1303,145,55.0224719101124
29,1304,329,185.363896848138
29,1305,186,-114.535714285714
29,1306,-382,-259.294117647059
29,1307,-91,-156.68
29,1308,-2,2.73076923076923
29,1309,74,-7.06288032454361
29,1310,1,-11
29,1311,-39,-7.06288032454361
29,1312,36,-0.853333333333333
29,1313,197,119.942307692308
29,1314,340,252.08024691358
29,1315,-42,-114.535714285714
29,1316,-194,-156.68
29,1317,-112,-131.757575757576
29,1318,-120,-48.1008645533141
29,1319,-95,-48.1008645533141
29,1320,-124,-48.1008645533141
29,1321,-54,-48.1008645533141
29,1322,-52,-0.853333333333333
29,1323,-18,-0.853333333333333
29,1324,-12,-7.06288032454361
29,1325,2,-7.06288032454361
29,1326,39,-7.06288032454361
29,1327,96,55.0224719101124
29,1328,261,185.363896848138
29,1329,292,185.363896848138
29,1330,-396,-259.294117647059
29,1331,-94,-156.68
29,1332,31,35.4
29,1333,75,-23.7352941176471
29,1334,6,-11
29,1335,-62,-7.06288032454361
29,1336,4,-0.853333333333333
29,1337,-36,119.942307692308
29,1338,5,-48.1008645533141
29,1339,-117,-7.06288032454361
29,1340,-65,-48.1008645533141
29,1341,-6,-48.1008645533141
29,1342,46,-7.06288032454361
29,1343,-62,124.083333333333
29,1344,50,-48.1008645533141
29,1345,13,124.083333333333
29,1346,-10,23.8472222222222
29,1347,-35,-7.06288032454361
29,1348,-15,-48.1008645533141
29,1349,-13,-7.06288032454361
29,1350,-1,-7.06288032454361
29,1351,24,-7.06288032454361
29,1352,50,23.8472222222222
29,1353,124,138.942028985507
29,1354,122,138.942028985507
29,1355,161,-217.098591549296
29,1356,43,-217.098591549296
29,1357,132,-104.963636363636
29,1358,11,-58.5238095238095
29,1359,-32,-104.963636363636
29,1360,55,-48.1008645533141
29,1361,-58,-11
29,1362,-58,-48.1008645533141
29,1363,-74,-48.1008645533141
29,1364,42,-48.1008645533141
29,1365,-155,23.8472222222222
29,1366,-83,-48.1008645533141
29,1367,-88,-48.1008645533141
29,1368,10,-48.1008645533141
29,1369,-69,55.0224719101124
29,1370,-48,-48.1008645533141
29,1371,-32,-0.853333333333333
29,1372,-39,-0.853333333333333
29,1373,-37,-0.853333333333333
29,1374,-1,-48.1008645533141
29,1375,10,-7.06288032454361
29,1376,13,23.8472222222222
29,1377,105,104.171428571429
29,1378,160,185.363896848138
29,1379,104,185.363896848138
29,1380,107,-217.098591549296
29,1381,173,18
29,1382,2,18
29,1383,-8,-104.963636363636
29,1384,-34,-7.06288032454361
29,1385,18,-48.1008645533141
29,1386,-84,-23.7352941176471
29,1387,-82,-48.1008645533141
29,1388,-43,-48.1008645533141
29,1389,-139,-48.1008645533141
29,1390,-68,-48.1008645533141
29,1391,-20,-48.1008645533141
29,1392,-118,-7.06288032454361
29,1393,-59,-0.853333333333333
29,1394,-35,-48.1008645533141
29,1395,-3,-0.853333333333333
29,1396,-6,-7.06288032454361
29,1397,3,-7.06288032454361
29,1398,27,-7.06288032454361
29,1399,104,55.0224719101124
29,1400,378,185.363896848138
29,1401,148,185.363896848138
29,1402,-383,-259.294117647059
29,1403,-95,-104.963636363636
29,1404,52,2.73076923076923
29,1405,43,-11
29,1406,-8,-23.7352941176471
29,1407,-4,-7.06288032454361
29,1408,22,-7.06288032454361
29,1409,156,119.942307692308
29,1410,386,252.08024691358
29,1411,-12,-114.535714285714
29,1412,-177,-156.68
29,1413,-184,-131.757575757576
29,1414,-196,-48.1008645533141
29,1415,-97,-48.1008645533141
29,1416,-82,-48.1008645533141
29,1417,-52,-48.1008645533141
29,1418,-14,-0.853333333333333
29,1419,-12,12.1842105263158
29,1420,-3,-7.06288032454361
29,1421,0,-7.06288032454361
29,1422,31,-7.06288032454361
29,1423,148,55.0224719101124
29,1424,385,185.363896848138
29,1425,141,-114.535714285714
29,1426,-375,-259.294117647059
29,1427,-159,-104.963636363636
29,1428,51,2.73076923076923
29,1429,20,-11
29,1430,20,-23.7352941176471
29,1431,9,-23.7352941176471
29,1432,-4,12.1842105263158
29,1433,201,119.942307692308
29,1434,377,252.08024691358
29,1435,-60,-114.535714285714
29,1436,-277,-156.68
29,1437,-98,-131.757575757576
29,1438,-132,2.73076923076923
29,1439,-90,-48.1008645533141
29,1440,-80,-48.1008645533141
29,1441,-64,-48.1008645533141
29,1442,-22,-0.853333333333333
29,1443,-16,12.1842105263158
29,1444,-3,-7.06288032454361
29,1445,2,-7.06288032454361
29,1446,28,-7.06288032454361
29,1447,134,55.0224719101124
29,1448,375,185.363896848138
29,1449,121,-114.535714285714
29,1450,-365,-259.294117647059
29,1451,-100,-104.963636363636
29,1452,23,2.73076923076923
29,1453,89,23.8472222222222
29,1454,-12,-11
29,1455,-1,-7.06288032454361
29,1456,-2,12.1842105263158
29,1457,152,119.942307692308
29,1458,272,252.08024691358
29,1459,58,-114.535714285714
29,1460,-244,-200.375
29,1461,-130,-131.757575757576
29,1462,-110,2.73076923076923
29,1463,-50,-48.1008645533141
29,1464,-125,-48.1008645533141
29,1465,-64,-48.1008645533141
29,1466,-37,-0.853333333333333
29,1467,-10,-0.853333333333333
29,1468,-7,-7.06288032454361
29,1469,1,-7.06288032454361
29,1470,28,-7.06288032454361
29,1471,136,55.0224719101124
29,1472,356,185.363896848138
29,1473,155,-114.535714285714
29,1474,-344,-259.294117647059
29,1475,-127,-104.963636363636
29,1476,27,2.73076923076923
29,1477,99,23.8472222222222
29,1478,-21,-11
29,1479,-50,-7.06288032454361
29,1480,68,-0.853333333333333
29,1481,133,58.3846153846154
29,1482,403,252.08024691358
29,1483,-56,-217.098591549296
29,1484,-211,-156.68
29,1485,-124,-131.757575757576
29,1486,-165,2.73076923076923
29,1487,-85,-48.1008645533141
29,1488,-51,-48.1008645533141
29,1489,-100,-48.1008645533141
29,1490,-48,-0.853333333333333
29,1491,-10,-0.853333333333333
29,1492,-11,-7.06288032454361
29,1493,2,-7.06288032454361
29,1494,19,-7.06288032454361
29,1495,110,55.0224719101124
29,1496,289,185.363896848138
29,1497,272,185.363896848138
29,1498,-318,-259.294117647059
29,1499,-133,-156.68
29,1500,15,35.4
29,1501,105,23.8472222222222
29,1502,47,-11
29,1503,-43,-11
29,1504,24,-0.853333333333333
29,1505,126,119.942307692308
29,1506,270,252.08024691358
29,1507,-70,-114.535714285714
29,1508,-168,-156.68
29,1509,-147,-131.757575757576
29,1510,-69,-48.1008645533141
29,1511,-48,-48.1008645533141
29,1512,-76,-48.1008645533141
29,1513,-9,-0.853333333333333
29,1514,-83,-7.06288032454361
29,1515,-34,-0.853333333333333
29,1516,-49,-0.853333333333333
29,1517,-32,-48.1008645533141
29,1518,11,-0.853333333333333
29,1519,61,55.0224719101124
29,1520,7,150.62962962963
29,1521,157,-7.06288032454361
29,1522,96,91.3888888888889
29,1523,126,-6.3
29,1524,103,91.3888888888889
29,1525,-38,-6.3
29,1526,54,-48.1008645533141
29,1527,8,-58.5238095238095
29,1528,-38,-7.06288032454361
29,1529,-21,-48.1008645533141
29,1530,-39,12.1842105263158
29,1531,-44,-48.1008645533141
29,1532,-91,-48.1008645533141
29,1533,3,-48.1008645533141
29,1534,-47,-7.06288032454361
29,1535,-102,-48.1008645533141
29,1536,16,-48.1008645533141
29,1537,-72,55.0224719101124
29,1538,-42,-0.853333333333333
29,1539,-43,-48.1008645533141
29,1540,-44,-48.1008645533141
29,1541,-19,-0.853333333333333
29,1542,3,-7.06288032454361
29,1543,17,-7.06288032454361
29,1544,32,23.8472222222222
29,1545,119,104.171428571429
29,1546,85,185.363896848138
29,1547,147,-6.3
29,1548,86,91.3888888888889
29,1549,3,-104.963636363636
29,1550,-10,-7.06288032454361
29,1551,8,-7.06288032454361
29,1552,-25,-7.06288032454361
29,1553,33,-7.06288032454361
29,1554,13,-23.7352941176471
29,1555,-31,-23.7352941176471
29,1556,-115,-48.1008645533141
29,1557,-12,-48.1008645533141
29,1558,-110,-7.06288032454361
29,1559,-94,-48.1008645533141
29,1560,-49,-48.1008645533141
29,1561,-69,-48.1008645533141
29,1562,-17,-0.853333333333333
29,1563,-7,-7.06288032454361
29,1564,-11,-7.06288032454361
29,1565,1,-7.06288032454361
29,1566,30,-7.06288032454361
29,1567,107,55.0224719101124
29,1568,359,185.363896848138
29,1569,148,185.363896848138
29,1570,-335,-259.294117647059
29,1571,-169,-104.963636363636
29,1572,55,2.73076923076923
29,1573,59,-11
29,1574,-13,-11
29,1575,11,-7.06288032454361
29,1576,0,-23.7352941176471
29,1577,168,119.942307692308
29,1578,373,252.08024691358
29,1579,31,-114.535714285714
29,1580,-235,-200.375
29,1581,-202,-131.757575757576
29,1582,-144,2.73076923076923
29,1583,-86,2.73076923076923
29,1584,-84,-48.1008645533141
29,1585,-52,-48.1008645533141
29,1586,-12,-0.853333333333333
29,1587,-10,12.1842105263158
29,1588,6,-7.06288032454361
29,1589,-8,-7.06288032454361
29,1590,25,-7.06288032454361
29,1591,107,55.0224719101124
29,1592,167,185.363896848138
29,1593,310,185.363896848138
29,1594,-328,-217.098591549296
29,1595,-160,-156.68
29,1596,-60,35.4
29,1597,30,-48.1008645533141
29,1598,-36,-23.7352941176471
29,1599,1,-48.1008645533141
29,1600,56,-7.06288032454361
29,1601,123,58.3846153846154
29,1602,442,252.08024691358
29,1603,-28,-217.098591549296
29,1604,-162,-156.68
29,1605,-105,-131.757575757576
29,1606,-112,-48.1008645533141
29,1607,-67,-48.1008645533141
29,1608,-118,-48.1008645533141
29,1609,-55,-48.1008645533141
29,1610,-6,-0.853333333333333
29,1611,-24,12.1842105263158
29,1612,4,-7.06288032454361
29,1613,2,-7.06288032454361
29,1614,30,-7.06288032454361
29,1615,154,55.0224719101124
29,1616,311,185.363896848138
29,1617,208,-114.535714285714
29,1618,-361,-259.294117647059
29,1619,-154,-156.68
29,1620,48,2.73076923076923
29,1621,88,-11
29,1622,-79,-11
29,1623,65,-48.1008645533141
29,1624,-39,124.083333333333
29,1625,111,-0.853333333333333
29,1626,465,252.08024691358
29,1627,-113,-11
29,1628,-73,-156.68
29,1629,-223,-131.757575757576
29,1630,-52,-48.1008645533141
29,1631,-158,2.73076923076923
29,1632,-85,-48.1008645533141
29,1633,-105,-0.853333333333333
29,1634,-27,-0.853333333333333
29,1635,-12,12.1842105263158
29,1636,-4,-7.06288032454361
29,1637,1,-7.06288032454361
29,1638,34,-7.06288032454361
29,1639,141,55.0224719101124
29,1640,325,185.363896848138
29,1641,213,-114.535714285714
29,1642,-362,-259.294117647059
29,1643,-178,-156.68
29,1644,49,2.73076923076923
29,1645,37,-11
29,1646,19,-23.7352941176471
29,1647,14,-23.7352941176471
29,1648,26,12.1842105263158
29,1649,114,119.942307692308
29,1650,429,252.08024691358
29,1651,-44,-114.535714285714
29,1652,-244,-156.68
29,1653,-144,-131.757575757576
29,1654,-98,2.73076923076923
29,1655,-95,-48.1008645533141
29,1656,-70,-48.1008645533141
29,1657,-78,-48.1008645533141
29,1658,-43,-0.853333333333333
29,1659,-36,-0.853333333333333
29,1660,-10,-0.853333333333333
29,1661,9,-7.06288032454361
29,1662,19,55.0224719101124
29,1663,118,55.0224719101124
29,1664,279,185.363896848138
29,1665,223,-114.535714285714
29,1666,-287,-259.294117647059
29,1667,-150,-156.68
29,1668,70,2.73076923076923
29,1669,117,-11
29,1670,-10,-11
29,1671,-17,-104.963636363636
29,1672,1,-7.06288032454361
29,1673,181,119.942307692308
29,1674,265,252.08024691358
29,1675,-130,-114.535714285714
29,1676,-226,-156.68
29,1677,-82,-131.757575757576
29,1678,-52,2.73076923076923
29,1679,-12,-48.1008645533141
29,1680,-99,-7.06288032454361
29,1681,-85,-0.853333333333333
29,1682,-42,-0.853333333333333
29,1683,-28,-0.853333333333333
29,1684,-40,-7.06288032454361
29,1685,-19,-48.1008645533141
29,1686,15,-7.06288032454361
29,1687,24,55.0224719101124
29,1688,31,104.171428571429
29,1689,126,104.171428571429
29,1690,163,185.363896848138
29,1691,68,-114.535714285714
29,1692,131,-6.3
29,1693,37,-58.5238095238095
29,1694,14,-104.963636363636
29,1695,-44,23.8472222222222
29,1696,10,-48.1008645533141
29,1697,-41,-23.7352941176471
29,1698,51,-48.1008645533141
29,1699,-22,-11
29,1700,-110,-7.06288032454361
29,1701,-109,-48.1008645533141
29,1702,-62,-48.1008645533141
29,1703,-10,-48.1008645533141
29,1704,-97,-7.06288032454361
29,1705,-35,-48.1008645533141
29,1706,-60,-0.853333333333333
29,1707,-14,-0.853333333333333
29,1708,-46,-7.06288032454361
29,1709,-10,-48.1008645533141
29,1710,-1,-7.06288032454361
29,1711,6,-7.06288032454361
29,1712,25,-7.06288032454361
29,1713,71,55.0224719101124
29,1714,155,185.363896848138
29,1715,162,138.942028985507
29,1716,110,-217.098591549296
29,1717,69,-217.098591549296
29,1718,-1,-58.5238095238095
29,1719,-32,-7.06288032454361
29,1720,-119,-48.1008645533141
29,1721,117,-48.1008645533141
29,1722,13,-11
29,1723,-80,-104.963636363636
29,1724,-123,-48.1008645533141
29,1725,-88,-48.1008645533141
29,1726,-56,-0.853333333333333
29,1727,-93,-48.1008645533141
29,1728,-45,-48.1008645533141
29,1729,-68,-0.853333333333333
29,1730,-26,-0.853333333333333
29,1731,-5,-7.06288032454361
29,1732,-5,-7.06288032454361
29,1733,5,-7.06288032454361
29,1734,14,-7.06288032454361
29,1735,14,55.0224719101124
29,1736,108,104.171428571429
29,1737,329,185.363896848138
29,1738,-224,185.363896848138
29,1739,-159,-156.68
29,1740,30,35.4
29,1741,47,23.8472222222222
29,1742,57,-11
29,1743,-6,-121
29,1744,18,-7.06288032454361
29,1745,95,23.8472222222222
29,1746,391,252.08024691358
29,1747,-81,-11
29,1748,-179,-156.68
29,1749,-101,-131.757575757576
29,1750,-89,-48.1008645533141
29,1751,-109,-48.1008645533141
29,1752,-90,-48.1008645533141
29,1753,-39,-0.853333333333333
29,1754,-21,-0.853333333333333
29,1755,1,12.1842105263158
29,1756,-7,-7.06288032454361
29,1757,2,-7.06288032454361
29,1758,27,-7.06288032454361
29,1759,124,55.0224719101124
29,1760,319,185.363896848138
29,1761,193,-114.535714285714
29,1762,-345,-259.294117647059
29,1763,-148,-156.68
29,1764,50,2.73076923076923
29,1765,62,-11
29,1766,-20,-11
29,1767,-45,-7.06288032454361
29,1768,32,-0.853333333333333
29,1769,75,119.942307692308
29,1770,477,252.08024691358
29,1771,-16,-121
29,1772,-281,-156.68
29,1773,-56,-131.757575757576
29,1774,-182,2.73076923076923
29,1775,15,-48.1008645533141
29,1776,-166,-23.7352941176471
29,1777,-72,-48.1008645533141
29,1778,-26,-0.853333333333333
29,1779,-21,12.1842105263158
29,1780,2,-7.06288032454361
29,1781,-1,-7.06288032454361
29,1782,32,-7.06288032454361
29,1783,126,23.8472222222222
29,1784,299,185.363896848138
29,1785,179,-114.535714285714
29,1786,-327,-259.294117647059
29,1787,-149,-104.963636363636
29,1788,21,2.73076923076923
29,1789,-8,23.8472222222222
29,1790,31,-7.06288032454361
29,1791,-21,-23.7352941176471
29,1792,-11,-7.06288032454361
29,1793,156,119.942307692308
29,1794,356,252.08024691358
29,1795,-19,-114.535714285714
29,1796,-133,-156.68
29,1797,-132,-131.757575757576
29,1798,-63,-48.1008645533141
29,1799,-87,-48.1008645533141
29,1800,-134,-48.1008645533141
29,1801,-54,-48.1008645533141
29,1802,-51,-0.853333333333333
29,1803,0,-0.853333333333333
29,1804,-7,-7.06288032454361
29,1805,1,-7.06288032454361
29,1806,28,-7.06288032454361
29,1807,110,55.0224719101124
29,1808,313,185.363896848138
29,1809,127,185.363896848138
29,1810,-334,-259.294117647059
29,1811,-106,-104.963636363636
29,1812,11,2.73076923076923
29,1813,54,23.8472222222222
29,1814,-43,-11
29,1815,4,-48.1008645533141
29,1816,18,-7.06288032454361
29,1817,126,119.942307692308
29,1818,295,252.08024691358
29,1819,25,-114.535714285714
29,1820,-141,-200.375
29,1821,-63,-131.757575757576
29,1822,-125,-48.1008645533141
29,1823,-68,-48.1008645533141
29,1824,-97,-48.1008645533141
29,1825,-53,-48.1008645533141
29,1826,-62,-0.853333333333333
29,1827,-19,-0.853333333333333
29,1828,-5,-7.06288032454361
29,1829,3,-7.06288032454361
29,1830,28,-7.06288032454361
29,1831,84,55.0224719101124
29,1832,237,185.363896848138
29,1833,254,185.363896848138
29,1834,-280,-259.294117647059
29,1835,-148,-156.68
29,1836,51,35.4
29,1837,18,-11
29,1838,46,-23.7352941176471
29,1839,-37,-121
29,1840,21,-0.853333333333333
29,1841,96,119.942307692308
29,1842,266,252.08024691358
29,1843,-141,-11
29,1844,-143,-156.68
29,1845,-160,-131.757575757576
29,1846,15,-48.1008645533141
29,1847,-20,55.0224719101124
29,1848,-23,-7.06288032454361
29,1849,-58,-7.06288032454361
29,1850,7,-0.853333333333333
29,1851,-30,119.942307692308
29,1852,-51,-48.1008645533141
29,1853,-23,-48.1008645533141
29,1854,-7,-7.06288032454361
29,1855,35,-7.06288032454361
29,1856,31,55.0224719101124
29,1857,89,104.171428571429
29,1858,165,138.942028985507
29,1859,162,185.363896848138
29,1860,22,-217.098591549296
29,1861,86,-104.963636363636
29,1862,-38,-58.5238095238095
29,1863,45,-48.1008645533141
29,1864,-126,-23.7352941176471
29,1865,30,-48.1008645533141
29,1866,17,-23.7352941176471
29,1867,-49,12.1842105263158
29,1868,-56,-48.1008645533141
29,1869,-39,-48.1008645533141
29,1870,-64,-0.853333333333333
29,1871,-43,-48.1008645533141
29,1872,-54,-48.1008645533141
29,1873,-62,-48.1008645533141
29,1874,-36,-48.1008645533141
29,1875,-13,-48.1008645533141
29,1876,-54,-7.06288032454361
29,1877,-47,-48.1008645533141
29,1878,-5,-48.1008645533141
29,1879,17,-7.06288032454361
29,1880,46,55.0224719101124
29,1881,70,150.62962962963
29,1882,91,185.363896848138
29,1883,220,91.3888888888889
29,1884,54,91.3888888888889
29,1885,50,-200.375
29,1886,29,-58.5238095238095
29,1887,-34,-23.7352941176471
29,1888,-64,-48.1008645533141
29,1889,-26,-48.1008645533141
29,1890,71,-7.06288032454361
29,1891,2,-11
29,1892,-111,12.1842105263158
29,1893,-91,-48.1008645533141
29,1894,-79,-0.853333333333333
29,1895,-75,-48.1008645533141
29,1896,-91,-48.1008645533141
29,1897,-19,-48.1008645533141
29,1898,-37,-7.06288032454361
29,1899,-17,-0.853333333333333
29,1900,-9,-7.06288032454361
29,1901,-1,-7.06288032454361
29,1902,39,-7.06288032454361
29,1903,115,55.0224719101124
29,1904,327,185.363896848138
29,1905,123,-114.535714285714
29,1906,-340,-259.294117647059
29,1907,-84,-104.963636363636
29,1908,-3,2.73076923076923
29,1909,89,-7.06288032454361
29,1910,-10,-11
29,1911,-9,-7.06288032454361
29,1912,-18,-7.06288032454361
29,1913,181,119.942307692308
29,1914,419,252.08024691358
29,1915,-42,-114.535714285714
29,1916,-209,-156.68
29,1917,-107,-131.757575757576
29,1918,-144,2.73076923076923
29,1919,-144,-48.1008645533141
29,1920,-84,-48.1008645533141
29,1921,-66,-48.1008645533141
29,1922,-7,-0.853333333333333
29,1923,-21,12.1842105263158
29,1924,0,-7.06288032454361
29,1925,1,-7.06288032454361
29,1926,29,-7.06288032454361
29,1927,149,55.0224719101124
29,1928,364,185.363896848138
29,1929,104,-114.535714285714
29,1930,-328,-259.294117647059
29,1931,-138,-131.757575757576
29,1932,45,2.73076923076923
29,1933,73,23.8472222222222
29,1934,-2,-11
29,1935,-39,-7.06288032454361
29,1936,50,-0.853333333333333
29,1937,99,58.3846153846154
29,1938,484,252.08024691358
29,1939,-76,-121
29,1940,-212,-156.68
29,1941,-107,-131.757575757576
29,1942,-177,2.73076923076923
29,1943,-83,-48.1008645533141
29,1944,-114,-48.1008645533141
29,1945,-77,-0.853333333333333
29,1946,-31,-0.853333333333333
29,1947,-9,-0.853333333333333
29,1948,-6,-7.06288032454361
29,1949,3,-7.06288032454361
29,1950,25,-7.06288032454361
29,1951,164,55.0224719101124
29,1952,327,185.363896848138
29,1953,160,-114.535714285714
29,1954,-405,-259.294117647059
29,1955,-110,-104.963636363636
29,1956,37,2.73076923076923
29,1957,113,23.8472222222222
29,1958,-1,-11
29,1959,-51,-104.963636363636
29,1960,-21,-0.853333333333333
29,1961,143,119.942307692308
29,1962,451,252.08024691358
29,1963,-39,-114.535714285714
29,1964,-161,-156.68
29,1965,-198,-131.757575757576
29,1966,-78,-48.1008645533141
29,1967,-70,-48.1008645533141
29,1968,-138,-48.1008645533141
29,1969,-105,-48.1008645533141
29,1970,-29,-0.853333333333333
29,1971,-12,-0.853333333333333
29,1972,-6,-7.06288032454361
29,1973,4,-7.06288032454361
29,1974,36,-7.06288032454361
29,1975,146,55.0224719101124
29,1976,315,185.363896848138
29,1977,109,-114.535714285714
29,1978,-266,-259.294117647059
29,1979,-167,-131.757575757576
29,1980,27,2.73076923076923
29,1981,65,-23.7352941176471
29,1982,-40,-11
29,1983,18,-48.1008645533141
29,1984,-35,12.1842105263158
29,1985,168,-0.853333333333333
29,1986,318,252.08024691358
29,1987,-8,-114.535714285714
29,1988,-126,-156.68
29,1989,-101,-131.757575757576
29,1990,-72,-48.1008645533141
29,1991,-124,-48.1008645533141
29,1992,-103,-48.1008645533141
29,1993,-57,-48.1008645533141
29,1994,-72,-0.853333333333333
29,1995,-24,-0.853333333333333
29,1996,-10,-7.06288032454361
29,1997,2,-7.06288032454361
29,1998,35,-7.06288032454361
29,1999,118,55.0224719101124
29,2000,217,185.363896848138
29,2001,244,-114.535714285714
29,2002,-324,-259.294117647059
29,2003,-129,-156.68
29,2004,17,35.4
29,2005,38,-23.7352941176471
29,2006,13,-23.7352941176471
29,2007,-6,-23.7352941176471
29,2008,-3,-7.06288032454361
29,2009,121,119.942307692308
29,2010,188,252.08024691358
29,2011,-75,-114.535714285714
29,2012,-101,-156.68
29,2013,-55,-48.1008645533141
29,2014,-72,-48.1008645533141
29,2015,-73,-48.1008645533141
29,2016,-115,-48.1008645533141
29,2017,21,-0.853333333333333
29,2018,-11,23.8472222222222
29,2019,3,12.1842105263158
29,2020,-38,-7.06288032454361
29,2021,-5,-0.853333333333333
29,2022,-8,-7.06288032454361
29,2023,32,-7.06288032454361
29,2024,50,55.0224719101124
29,2025,102,138.942028985507
29,2026,81,124.083333333333
29,2027,129,91.3888888888889
29,2028,48,-21
29,2029,19,-104.963636363636
29,2030,-43,104.171428571429
29,2031,-19,-48.1008645533141
29,2032,-5,-7.06288032454361
29,2033,-31,-7.06288032454361
29,2034,-11,-48.1008645533141
29,2035,-23,-7.06288032454361
29,2036,35,119.942307692308
29,2037,-82,23.8472222222222
29,2038,-79,-48.1008645533141
29,2039,-41,-48.1008645533141
29,2040,-20,-48.1008645533141
29,2041,-3,-7.06288032454361
29,2042,-56,-7.06288032454361
29,2043,-3,-0.853333333333333
29,2044,-57,-7.06288032454361
29,2045,-29,-48.1008645533141
29,2046,6,-48.1008645533141
29,2047,17,-7.06288032454361
29,2048,23,55.0224719101124
29,2049,92,23.8472222222222
29,2050,77,124.083333333333
29,2051,147,138.942028985507
29,2052,11,91.3888888888889
29,2053,56,-6.3
29,2054,-13,-58.5238095238095
29,2055,24,-7.06288032454361
29,2056,-99,-23.7352941176471
29,2057,-32,-48.1008645533141
29,2058,100,-48.1008645533141
29,2059,-43,-11
29,2060,12,-48.1008645533141
29,2061,-50,23.8472222222222
29,2062,-74,-0.853333333333333
29,2063,-107,-48.1008645533141
29,2064,-41,-48.1008645533141
29,2065,-67,-48.1008645533141
29,2066,-26,-48.1008645533141
29,2067,-2,-7.06288032454361
29,2068,-10,-7.06288032454361
29,2069,7,-7.06288032454361
29,2070,28,-7.06288032454361
29,2071,96,55.0224719101124
29,2072,262,185.363896848138
29,2073,170,185.363896848138
29,2074,-273,-259.294117647059
29,2075,-121,-104.963636363636
29,2076,27,2.73076923076923
29,2077,56,23.8472222222222
29,2078,-21,-11
29,2079,-6,-7.06288032454361
29,2080,4,-7.06288032454361
29,2081,131,119.942307692308
29,2082,382,252.08024691358
29,2083,-17,-114.535714285714
29,2084,-149,-156.68
29,2085,-186,-131.757575757576
29,2086,-137,-48.1008645533141
29,2087,-70,-48.1008645533141
29,2088,-86,-48.1008645533141
29,2089,-49,-48.1008645533141
29,2090,-39,-0.853333333333333
29,2091,-4,-0.853333333333333
29,2092,-8,-7.06288032454361
29,2093,4,-7.06288032454361
29,2094,29,-7.06288032454361
29,2095,119,55.0224719101124
29,2096,329,185.363896848138
29,2097,163,-114.535714285714
29,2098,-374,-259.294117647059
29,2099,-63,-104.963636363636
29,2100,8,2.73076923076923
29,2101,55,-7.06288032454361
29,2102,11,-11
29,2103,27,-23.7352941176471
29,2104,91,-23.7352941176471
29,2105,126,58.3846153846154
29,2106,195,252.08024691358
29,2107,-95,-217.098591549296
29,2108,-130,-156.68
29,2109,-121,-48.1008645533141
29,2110,-180,-48.1008645533141
29,2111,-19,-48.1008645533141
29,2112,-6,-7.06288032454361
29,2113,-12,-7.06288032454361
29,2114,-36,-7.06288032454361
29,2115,-30,-0.853333333333333
29,2116,-61,-0.853333333333333
29,2117,-16,-48.1008645533141
29,2118,3,-7.06288032454361
29,2119,13,-7.06288032454361
29,2120,40,55.0224719101124
29,2121,81,104.171428571429
29,2122,140,185.363896848138
29,2123,154,185.363896848138
29,2124,38,-217.098591549296
29,2125,9,-104.963636363636
29,2126,5,23.8472222222222
29,2127,48,-7.06288032454361
29,2128,-93,-11
29,2129,-65,-48.1008645533141
29,2130,25,-48.1008645533141
29,2131,16,119.942307692308
29,2132,2,119.942307692308
29,2133,119,-7.06288032454361
29,2134,33,124.083333333333
29,2135,-82,-104.963636363636
29,2136,-319,-48.1008645533141
29,2137,-95,-48.1008645533141
29,2138,-58,2.73076923076923
29,2139,-12,-48.1008645533141
29,2140,-11,-7.06288032454361
29,2141,0,-7.06288032454361
29,2142,22,-7.06288032454361
29,2143,104,55.0224719101124
29,2144,210,252.08024691358
29,2145,207,185.363896848138
29,2146,-257,-259.294117647059
29,2147,-107,-156.68
29,2148,58,2.73076923076923
29,2149,32,-11
29,2150,34,-23.7352941176471
29,2151,-69,-23.7352941176471
29,2152,13,-0.853333333333333
29,2153,179,119.942307692308
29,2154,256,252.08024691358
29,2155,-82,-114.535714285714
29,2156,-104,-156.68
29,2157,-182,-131.757575757576
29,2158,2,-48.1008645533141
29,2159,-98,-7.06288032454361
29,2160,-94,-48.1008645533141
29,2161,-29,-0.853333333333333
29,2162,-73,-0.853333333333333
29,2163,-12,-0.853333333333333
29,2164,-10,-7.06288032454361
29,2165,-1,-7.06288032454361
29,2166,29,-7.06288032454361
29,2167,96,55.0224719101124
29,2168,222,185.363896848138
29,2169,232,185.363896848138
29,2170,-281,-259.294117647059
29,2171,-94,-156.68
29,2172,23,35.4
29,2173,98,23.8472222222222
29,2174,-38,-11
29,2175,-18,-48.1008645533141
29,2176,10,-7.06288032454361
29,2177,84,119.942307692308
29,2178,207,252.08024691358
29,2179,-16,-11
29,2180,-142,-156.68
29,2181,-82,-48.1008645533141
29,2182,-36,-48.1008645533141
29,2183,-12,-48.1008645533141
29,2184,-124,-7.06288032454361
29,2185,-14,-48.1008645533141
29,2186,-79,-7.06288032454361
29,2187,-13,-0.853333333333333
29,2188,-27,-7.06288032454361
29,2189,-15,-7.06288032454361
29,2190,-2,-7.06288032454361
29,2191,17,-7.06288032454361
29,2192,40,55.0224719101124
29,2193,81,104.171428571429
29,2194,104,185.363896848138
29,2195,69,138.942028985507
29,2196,42,-21
29,2197,-25,104.171428571429
29,2198,18,-7.06288032454361
29,2199,-52,-23.7352941176471
29,2200,-2,-48.1008645533141
29,2201,-12,-7.06288032454361
29,2202,-15,-7.06288032454361
29,2203,-2,-7.06288032454361
29,2204,10,-7.06288032454361
29,2205,-11,55.0224719101124
29,2206,-75,-7.06288032454361
29,2207,19,-48.1008645533141
29,2208,-72,23.8472222222222
29,2209,-1,-48.1008645533141
29,2210,-23,-7.06288032454361
29,2211,-54,-7.06288032454361
29,2212,-35,-0.853333333333333
29,2213,-22,-48.1008645533141
29,2214,-7,-7.06288032454361
29,2215,15,-7.06288032454361
29,2216,31,55.0224719101124
29,2217,78,23.8472222222222
29,2218,112,185.363896848138
29,2219,77,185.363896848138
29,2220,70,-6.3
29,2221,-13,-21
29,2222,-39,-7.06288032454361
29,2223,-25,-48.1008645533141
29,2224,-14,-7.06288032454361
29,2225,-7,-7.06288032454361
29,2226,-21,-7.06288032454361
29,2227,-17,-7.06288032454361
29,2228,-3,-7.06288032454361
29,2229,35,-7.06288032454361
29,2230,-78,55.0224719101124
29,2231,-85,-48.1008645533141
29,2232,1,-48.1008645533141
29,2233,-84,-7.06288032454361
29,2234,-21,-48.1008645533141
29,2235,-13,-7.06288032454361
29,2236,0,-7.06288032454361
29,2237,-3,-7.06288032454361
29,2238,26,-7.06288032454361
29,2239,64,55.0224719101124
29,2240,138,138.942028985507
29,2241,225,185.363896848138
29,2242,-92,-217.098591549296
29,2243,-188,-156.68
29,2244,41,-48.1008645533141
29,2245,50,23.8472222222222
29,2246,-11,-11
29,2247,-13,-7.06288032454361
29,2248,38,-7.06288032454361
29,2249,133,119.942307692308
29,2250,436,185.363896848138
29,2251,23,-114.535714285714
29,2252,-241,-200.375
29,2253,-184,-131.757575757576
29,2254,-116,2.73076923076923
29,2255,-107,-48.1008645533141
29,2256,-93,-48.1008645533141
29,2257,-62,-48.1008645533141
29,2258,-54,-0.853333333333333
29,2259,1,-0.853333333333333
29,2260,-13,-7.06288032454361
29,2261,1,-7.06288032454361
29,2262,38,-7.06288032454361
29,2263,145,55.0224719101124
29,2264,333,185.363896848138
29,2265,129,-114.535714285714
29,2266,-318,-259.294117647059
29,2267,-141,-104.963636363636
29,2268,59,2.73076923076923
29,2269,23,-11
29,2270,8,-23.7352941176471
29,2271,-38,-7.06288032454361
29,2272,23,-0.853333333333333
29,2273,170,119.942307692308
29,2274,437,252.08024691358
29,2275,-53,-114.535714285714
29,2276,-405,-156.68
29,2277,-330,-131.757575757576
29,2278,6,2.73076923076923
29,2279,49,-7.06288032454361
29,2280,-36,-11
29,2281,-59,-48.1008645533141
29,2282,-30,-0.853333333333333
29,2283,-9,-0.853333333333333
29,2284,0,-7.06288032454361
29,2285,2,-7.06288032454361
29,2286,34,-7.06288032454361
29,2287,144,23.8472222222222
29,2288,312,185.363896848138
29,2289,177,-114.535714285714
29,2290,-346,-259.294117647059
29,2291,-133,-104.963636363636
29,2292,34,2.73076923076923
29,2293,63,-23.7352941176471
29,2294,-19,-11
29,2295,-32,-7.06288032454361
29,2296,35,-0.853333333333333
29,2297,135,119.942307692308
29,2298,419,252.08024691358
29,2299,-16,-114.535714285714
29,2300,-181,-156.68
29,2301,-150,-131.757575757576
29,2302,-92,-48.1008645533141
29,2303,-147,-48.1008645533141
29,2304,-92,-48.1008645533141
29,2305,-96,-48.1008645533141
29,2306,-35,-0.853333333333333
29,2307,-12,-0.853333333333333
29,2308,1,-7.06288032454361
29,2309,-5,-7.06288032454361
29,2310,39,-7.06288032454361
29,2311,134,55.0224719101124
29,2312,334,185.363896848138
29,2313,190,-114.535714285714
29,2314,-375,-259.294117647059
29,2315,-113,-156.68
29,2316,1,2.73076923076923
29,2317,77,-7.06288032454361
29,2318,-15,-11
29,2319,-68,-7.06288032454361
29,2320,62,-0.853333333333333
29,2321,168,58.3846153846154
29,2322,356,252.08024691358
29,2323,30,-217.098591549296
29,2324,-196,-200.375
29,2325,-115,-131.757575757576
29,2326,-141,-48.1008645533141
29,2327,-55,-48.1008645533141
29,2328,-107,-48.1008645533141
29,2329,-116,-48.1008645533141
29,2330,-36,-0.853333333333333
29,2331,-42,-0.853333333333333
29,2332,-8,-0.853333333333333
29,2333,2,-7.06288032454361
29,2334,23,-7.06288032454361
29,2335,93,55.0224719101124
29,2336,253,185.363896848138
29,2337,333,185.363896848138
29,2338,-299,-259.294117647059
29,2339,-146,-156.68
29,2340,20,35.4
29,2341,91,23.8472222222222
29,2342,-5,-11
29,2343,-5,-7.06288032454361
29,2344,-16,-7.06288032454361
29,2345,139,119.942307692308
29,2346,343,252.08024691358
29,2347,-204,-114.535714285714
29,2348,-143,-156.68
29,2349,-99,35.4
29,2350,-90,-48.1008645533141
29,2351,-36,-48.1008645533141
29,2352,-51,-48.1008645533141
29,2353,-21,-0.853333333333333
29,2354,-73,12.1842105263158
29,2355,-17,-0.853333333333333
29,2356,-61,-7.06288032454361
29,2357,-31,-48.1008645533141
29,2358,-4,-48.1008645533141
29,2359,30,-7.06288032454361
29,2360,13,55.0224719101124
29,2361,103,104.171428571429
29,2362,131,185.363896848138
29,2363,119,58.3846153846154
29,2364,38,-217.098591549296
29,2365,60,-6.3
29,2366,92,18
29,2367,41,-58.5238095238095
29,2368,-72,-23.7352941176471
29,2369,6,-48.1008645533141
29,2370,-108,-7.06288032454361
29,2371,-107,-48.1008645533141
29,2372,80,-48.1008645533141
29,2373,-75,-11
29,2374,-87,-0.853333333333333
29,2375,-44,-48.1008645533141
29,2376,-14,-0.853333333333333
29,2377,-24,-7.06288032454361
29,2378,-19,-7.06288032454361
29,2379,-53,-7.06288032454361
29,2380,-58,-0.853333333333333
29,2381,-38,-48.1008645533141
29,2382,-10,-48.1008645533141
29,2383,6,-7.06288032454361
29,2384,32,-7.06288032454361
29,2385,86,55.0224719101124
29,2386,88,185.363896848138
29,2387,161,185.363896848138
29,2388,69,91.3888888888889
29,2389,38,-6.3
29,2390,-9,104.171428571429
29,2391,-4,-7.06288032454361
29,2392,13,-7.06288032454361
29,2393,6,-23.7352941176471
29,2394,-59,-7.06288032454361
29,2395,-124,-48.1008645533141
29,2396,0,-48.1008645533141
29,2397,-18,-7.06288032454361
29,2398,-71,-7.06288032454361
29,2399,-93,-48.1008645533141
29,2400,-39,-48.1008645533141
29,2401,-48,-0.853333333333333
29,2402,-32,-48.1008645533141
29,2403,4,-48.1008645533141
29,2404,-9,-7.06288032454361
29,2405,6,-7.06288032454361
29,2406,38,-7.06288032454361
29,2407,90,55.0224719101124
29,2408,343,185.363896848138
29,2409,184,185.363896848138
29,2410,-319,-259.294117647059
29,2411,-162,-156.68
29,2412,-4,2.73076923076923
29,2413,55,-7.06288032454361
29,2414,2,-11
29,2415,-27,-7.06288032454361
29,2416,25,-7.06288032454361
29,2417,149,119.942307692308
29,2418,369,252.08024691358
29,2419,39,-114.535714285714
29,2420,-199,-200.375
29,2421,-141,-131.757575757576
29,2422,-126,-48.1008645533141
29,2423,-44,-48.1008645533141
29,2424,-118,-48.1008645533141
29,2425,-113,-48.1008645533141
29,2426,-28,-0.853333333333333
29,2427,-18,12.1842105263158
29,2428,-4,-7.06288032454361
29,2429,4,-7.06288032454361
29,2430,31,-7.06288032454361
29,2431,175,55.0224719101124
29,2432,313,185.363896848138
29,2433,135,-114.535714285714
29,2434,-341,-259.294117647059
29,2435,-161,-104.963636363636
29,2436,47,2.73076923076923
29,2437,48,-11
29,2438,-33,-11
29,2439,-7,-48.1008645533141
29,2440,30,12.1842105263158
29,2441,137,119.942307692308
29,2442,389,252.08024691358
29,2443,2,-114.535714285714
29,2444,-225,-156.68
29,2445,-120,-131.757575757576
29,2446,-94,2.73076923076923
29,2447,-89,-48.1008645533141
29,2448,-83,-48.1008645533141
29,2449,-108,-48.1008645533141
29,2450,-37,-0.853333333333333
29,2451,-8,-0.853333333333333
29,2452,-4,-7.06288032454361
29,2453,2,-7.06288032454361
29,2454,40,-7.06288032454361
29,2455,116,55.0224719101124
29,2456,333,185.363896848138
29,2457,184,-114.535714285714
29,2458,-382,-259.294117647059
29,2459,-159,-156.68
29,2460,45,2.73076923076923
29,2461,19,-23.7352941176471
29,2462,1,-23.7352941176471
29,2463,-33,-7.06288032454361
29,2464,24,-0.853333333333333
29,2465,30,119.942307692308
29,2466,146,119.942307692308
29,2467,273,-11
29,2468,-127,-114.535714285714
29,2469,-150,-156.68
29,2470,-47,-131.757575757576
29,2471,-31,-48.1008645533141
29,2472,-157,-48.1008645533141
29,2473,-65,-48.1008645533141
29,2474,-41,-0.853333333333333
29,2475,-18,-0.853333333333333
29,2476,-2,12.1842105263158
29,2477,3,-7.06288032454361
29,2478,32,-7.06288032454361
29,2479,112,55.0224719101124
29,2480,321,185.363896848138
29,2481,184,-114.535714285714
29,2482,-339,-259.294117647059
29,2483,-120,-156.68
29,2484,18,2.73076923076923
29,2485,58,23.8472222222222
29,2486,-20,-11
29,2487,-57,-7.06288032454361
29,2488,95,-0.853333333333333
29,2489,66,58.3846153846154
29,2490,413,252.08024691358
29,2491,6,-121
29,2492,-244,-156.68
29,2493,-28,-131.757575757576
29,2494,-173,-7.06288032454361
29,2495,-264,-48.1008645533141
29,2496,-3,-48.1008645533141
29,2497,-31,-7.06288032454361
29,2498,-23,-0.853333333333333
29,2499,8,12.1842105263158
29,2500,17,-7.06288032454361
29,2501,-27,55.0224719101124
29,2502,33,-7.06288032454361
29,2503,84,55.0224719101124
29,2504,234,138.942028985507
29,2505,331,185.363896848138
29,2506,-318,-259.294117647059
29,2507,-140,-156.68
29,2508,-21,35.4
29,2509,62,-7.06288032454361
29,2510,-118,-11
29,2511,73,-48.1008645533141
29,2512,-13,124.083333333333
29,2513,220,119.942307692308
29,2514,279,252.08024691358
29,2515,-93,-114.535714285714
29,2516,-220,-156.68
29,2517,-151,-131.757575757576
29,2518,-129,2.73076923076923
29,2519,13,-48.1008645533141
29,2520,31,55.0224719101124
29,2521,-63,-23.7352941176471
29,2522,-31,-0.853333333333333
29,2523,-12,-0.853333333333333
29,2524,-35,-7.06288032454361
29,2525,-9,-48.1008645533141
29,2526,1,-7.06288032454361
29,2527,-2,-7.06288032454361
29,2528,22,-7.06288032454361
29,2529,75,55.0224719101124
29,2530,95,185.363896848138
29,2531,61,138.942028985507
29,2532,37,-21
29,2533,152,104.171428571429
29,2534,-103,-58.5238095238095
29,2535,-11,-104.963636363636
29,2536,37,-7.06288032454361
29,2537,-54,-23.7352941176471
29,2538,-85,-48.1008645533141
29,2539,-64,-48.1008645533141
29,2540,61,-0.853333333333333
29,2541,-24,138.942028985507
29,2542,-51,12.1842105263158
29,2543,17,-48.1008645533141
29,2544,-31,23.8472222222222
29,2545,-36,-0.853333333333333
29,2546,17,-48.1008645533141
29,2547,-8,55.0224719101124
29,2548,-79,-7.06288032454361
29,2549,-27,-48.1008645533141
29,2550,-10,-7.06288032454361
29,2551,13,-7.06288032454361
29,2552,19,55.0224719101124
29,2553,115,104.171428571429
29,2554,105,138.942028985507
29,2555,121,-114.535714285714
29,2556,126,91.3888888888889
29,2557,-1,-217.098591549296
29,2558,122,-104.963636363636
29,2559,-10,-58.5238095238095
29,2560,8,-104.963636363636
29,2561,4,-7.06288032454361
29,2562,-72,-7.06288032454361
29,2563,-41,-48.1008645533141
29,2564,7,-48.1008645533141
29,2565,-144,-7.06288032454361
29,2566,-33,-48.1008645533141
29,2567,-154,-48.1008645533141
29,2568,-68,-0.853333333333333
29,2569,-76,-48.1008645533141
29,2570,-20,-48.1008645533141
29,2571,-10,-7.06288032454361
29,2572,-15,-7.06288032454361
29,2573,6,-7.06288032454361
29,2574,43,-7.06288032454361
29,2575,106,55.0224719101124
29,2576,264,185.363896848138
29,2577,317,91.3888888888889
29,2578,-393,-259.294117647059
29,2579,-145,-156.68
29,2580,-2,35.4
29,2581,116,-7.06288032454361
29,2582,-74,-11
29,2583,31,-104.963636363636
29,2584,10,-23.7352941176471
29,2585,176,119.942307692308
29,2586,390,252.08024691358
29,2587,-106,-114.535714285714
29,2588,-159,-156.68
29,2589,-179,-131.757575757576
29,2590,-107,-48.1008645533141
29,2591,-87,-48.1008645533141
29,2592,-95,-48.1008645533141
29,2593,-50,-0.853333333333333
29,2594,-47,-0.853333333333333
29,2595,-1,-0.853333333333333
29,2596,-10,-7.06288032454361
29,2597,0,-7.06288032454361
29,2598,44,-7.06288032454361
29,2599,140,55.0224719101124
29,2600,326,185.363896848138
29,2601,227,-114.535714285714
29,2602,-404,-259.294117647059
29,2603,-121,-156.68
29,2604,-17,2.73076923076923
29,2605,28,-7.06288032454361
29,2606,44,-23.7352941176471
29,2607,-29,-23.7352941176471
29,2608,41,-0.853333333333333
29,2609,170,119.942307692308
29,2610,414,252.08024691358
29,2611,8,-114.535714285714
29,2612,-245,-156.68
29,2613,-109,-131.757575757576
29,2614,-145,2.73076923076923
29,2615,-109,-48.1008645533141
29,2616,-77,-48.1008645533141
29,2617,-126,-48.1008645533141
29,2618,-38,-0.853333333333333
29,2619,-16,-0.853333333333333
29,2620,0,-7.06288032454361
29,2621,-8,-7.06288032454361
29,2622,55,-7.06288032454361
29,2623,131,150.62962962963
29,2624,317,185.363896848138
29,2625,281,-217.098591549296
29,2626,-446,-259.294117647059
29,2627,-111,-156.68
29,2628,50,35.4
29,2629,29,-11
29,2630,2,-23.7352941176471
29,2631,-65,-7.06288032454361
29,2632,70,-0.853333333333333
29,2633,167,58.3846153846154
29,2634,429,252.08024691358
29,2635,-22,-217.098591549296
29,2636,-193,-156.68
29,2637,-131,-131.757575757576
29,2638,-170,-48.1008645533141
29,2639,-119,-48.1008645533141
29,2640,-39,-48.1008645533141
29,2641,-147,-48.1008645533141
29,2642,-63,-0.853333333333333
29,2643,-8,-0.853333333333333
29,2644,-13,-7.06288032454361
29,2645,-4,-7.06288032454361
29,2646,38,-7.06288032454361
29,2647,139,55.0224719101124
29,2648,314,185.363896848138
29,2649,234,-114.535714285714
29,2650,-385,-259.294117647059
29,2651,-122,-156.68
29,2652,-10,35.4
29,2653,67,-7.06288032454361
29,2654,-37,-11
29,2655,-29,-48.1008645533141
29,2656,25,-0.853333333333333
29,2657,136,119.942307692308
29,2658,364,252.08024691358
29,2659,-50,-114.535714285714
29,2660,-74,-156.68
29,2661,-168,-131.757575757576
29,2662,-175,-48.1008645533141
29,2663,-37,-48.1008645533141
29,2664,-89,-48.1008645533141
29,2665,-48,-48.1008645533141
29,2666,-43,-0.853333333333333
29,2667,-28,-0.853333333333333
29,2668,-14,-7.06288032454361
29,2669,-4,-7.06288032454361
29,2670,29,-7.06288032454361
29,2671,102,55.0224719101124
29,2672,271,185.363896848138
29,2673,266,185.363896848138
29,2674,-313,-259.294117647059
29,2675,-132,-156.68
29,2676,20,35.4
29,2677,48,55.0224719101124
29,2678,15,-11
29,2679,12,-23.7352941176471
29,2680,-3,-23.7352941176471
29,2681,176,119.942307692308
29,2682,200,252.08024691358
29,2683,-77,-114.535714285714
29,2684,-106,-156.68
29,2685,-162,-48.1008645533141
29,2686,-94,-48.1008645533141
29,2687,-61,-48.1008645533141
29,2688,-10,-48.1008645533141
29,2689,2,-7.06288032454361
29,2690,-111,12.1842105263158
29,2691,10,-0.853333333333333
29,2692,-47,55.0224719101124
29,2693,-32,-48.1008645533141
29,2694,3,-48.1008645533141
29,2695,36,-7.06288032454361
29,2696,26,55.0224719101124
29,2697,87,23.8472222222222
29,2698,174,124.083333333333
29,2699,58,58.3846153846154
29,2700,62,-6.3
29,2701,30,-58.5238095238095
29,2702,11,-23.7352941176471
29,2703,-4,23.8472222222222
29,2704,3,-7.06288032454361
29,2705,-10,-7.06288032454361
29,2706,-8,-7.06288032454361
29,2707,2,119.942307692308
29,2708,-143,-7.06288032454361
29,2709,-105,-48.1008645533141
29,2710,67,-48.1008645533141
29,2711,-24,124.083333333333
29,2712,-68,-7.06288032454361
29,2713,-20,-48.1008645533141
29,2714,-30,-7.06288032454361
29,2715,-46,-0.853333333333333
29,2716,-57,-48.1008645533141
29,2717,-42,-48.1008645533141
29,2718,4,-0.853333333333333
29,2719,1,-7.06288032454361
29,2720,22,-7.06288032454361
29,2721,87,55.0224719101124
29,2722,99,185.363896848138
29,2723,155,185.363896848138
29,2724,128,91.3888888888889
29,2725,2,-217.098591549296
29,2726,-28,-104.963636363636
29,2727,39,-7.06288032454361
29,2728,-21,-23.7352941176471
29,2729,20,-7.06288032454361
29,2730,10,-23.7352941176471
29,2731,-112,-23.7352941176471
29,2732,24,-48.1008645533141
29,2733,-140,119.942307692308
29,2734,-32,-48.1008645533141
29,2735,-123,-48.1008645533141
29,2736,-48,-48.1008645533141
29,2737,-42,-0.853333333333333
29,2738,-39,-48.1008645533141
29,2739,-11,-0.853333333333333
29,2740,-5,-7.06288032454361
29,2741,2,-7.06288032454361
29,2742,42,-7.06288032454361
29,2743,114,55.0224719101124
29,2744,308,185.363896848138
29,2745,282,-114.535714285714
29,2746,-458,-259.294117647059
29,2747,-104,-156.68
29,2748,26,35.4
29,2749,63,-23.7352941176471
29,2750,-52,-11
29,2751,28,-48.1008645533141
29,2752,-18,-23.7352941176471
29,2753,189,119.942307692308
29,2754,402,252.08024691358
29,2755,-15,-114.535714285714
29,2756,-147,-156.68
29,2757,-203,-131.757575757576
29,2758,-140,-48.1008645533141
29,2759,-92,2.73076923076923
29,2760,-80,-48.1008645533141
29,2761,-112,-48.1008645533141
29,2762,-17,-0.853333333333333
29,2763,-13,12.1842105263158
29,2764,-2,-7.06288032454361
29,2765,0,-7.06288032454361
29,2766,39,-7.06288032454361
29,2767,149,55.0224719101124
29,2768,319,185.363896848138
29,2769,247,-114.535714285714
29,2770,-427,-259.294117647059
29,2771,-106,-156.68
29,2772,-3,35.4
29,2773,24,-7.06288032454361
29,2774,40,-23.7352941176471
29,2775,-28,-23.7352941176471
29,2776,-116,12.1842105263158
29,2777,258,-0.853333333333333
29,2778,418,252.08024691358
29,2779,37,-114.535714285714
29,2780,-243,-200.375
29,2781,-162,-131.757575757576
29,2782,-100,-0.853333333333333
29,2783,-95,-48.1008645533141
29,2784,-110,-48.1008645533141
29,2785,-100,-48.1008645533141
29,2786,-14,-0.853333333333333
29,2787,-20,12.1842105263158
29,2788,-6,-7.06288032454361
29,2789,-3,-7.06288032454361
29,2790,45,-7.06288032454361
29,2791,136,55.0224719101124
29,2792,302,185.363896848138
29,2793,194,-114.535714285714
29,2794,-331,-259.294117647059
29,2795,-114,-156.68
29,2796,-2,2.73076923076923
29,2797,50,-7.06288032454361
29,2798,-4,-11
29,2799,-17,-7.06288032454361
29,2800,32,12.1842105263158
29,2801,184,119.942307692308
29,2802,358,252.08024691358
29,2803,54,-114.535714285714
29,2804,-239,-200.375
29,2805,-139,-131.757575757576
29,2806,-193,2.73076923076923
29,2807,-32,-48.1008645533141
29,2808,-136,-48.1008645533141
29,2809,-89,-48.1008645533141
29,2810,-21,-0.853333333333333
29,2811,-31,12.1842105263158
29,2812,-5,-0.853333333333333
29,2813,3,-7.06288032454361
29,2814,32,-7.06288032454361
29,2815,142,55.0224719101124
29,2816,290,185.363896848138
29,2817,266,-114.535714285714
29,2818,-396,-259.294117647059
29,2819,-162,-156.68
29,2820,45,35.4
29,2821,60,23.8472222222222
29,2822,24,-11
29,2823,-85,-23.7352941176471
29,2824,45,-0.853333333333333
29,2825,136,119.942307692308
29,2826,459,252.08024691358
29,2827,-98,-114.535714285714
29,2828,-160,-156.68
29,2829,-180,-131.757575757576
29,2830,-85,-48.1008645533141
29,2831,-80,-48.1008645533141
29,2832,-85,-48.1008645533141
29,2833,-106,-0.853333333333333
29,2834,-28,-0.853333333333333
29,2835,-29,12.1842105263158
29,2836,-8,-0.853333333333333
29,2837,6,-7.06288032454361
29,2838,25,-7.06288032454361
29,2839,126,55.0224719101124
29,2840,258,185.363896848138
29,2841,247,-114.535714285714
29,2842,-272,-259.294117647059
29,2843,-147,-156.68
29,2844,14,35.4
29,2845,75,23.8472222222222
29,2846,7,-11
29,2847,-14,-7.06288032454361
29,2848,49,-7.06288032454361
29,2849,112,58.3846153846154
29,2850,249,252.08024691358
29,2851,-70,-217.098591549296
29,2852,-202,-156.68
29,2853,-80,-131.757575757576
29,2854,-111,2.73076923076923
29,2855,-76,-48.1008645533141
29,2856,-6,-48.1008645533141
29,2857,-35,-7.06288032454361
29,2858,-39,-0.853333333333333
29,2859,-38,-0.853333333333333
29,2860,-54,-0.853333333333333
29,2861,-17,-0.853333333333333
29,2862,4,-7.06288032454361
29,2863,32,-7.06288032454361
29,2864,18,55.0224719101124
29,2865,114,104.171428571429
29,2866,97,185.363896848138
29,2867,118,-6.3
29,2868,74,91.3888888888889
29,2869,77,-104.963636363636
29,2870,-20,18
29,2871,-55,-7.06288032454361
29,2872,17,-48.1008645533141
29,2873,-39,-23.7352941176471
29,2874,42,-48.1008645533141
29,2875,-2,-23.7352941176471
29,2876,-93,-7.06288032454361
29,2877,-85,-48.1008645533141
29,2878,-23,-48.1008645533141
29,2879,-20,-7.06288032454361
29,2880,-47,-7.06288032454361
29,2881,-69,-48.1008645533141
29,2882,-66,-0.853333333333333
29,2883,-14,-0.853333333333333
29,2884,-32,-7.06288032454361
29,2885,-27,-48.1008645533141
29,2886,5,-7.06288032454361
29,2887,0,-7.06288032454361
29,2888,49,-7.06288032454361
29,2889,40,150.62962962963
29,2890,121,104.171428571429
29,2891,135,91.3888888888889
29,2892,73,-114.535714285714
29,2893,54,-6.3
29,2894,32,-58.5238095238095
29,2895,3,-23.7352941176471
29,2896,-76,-7.06288032454361
29,2897,-29,-48.1008645533141
29,2898,-39,-48.1008645533141
29,2899,-153,-48.1008645533141
29,2900,-44,-48.1008645533141
29,2901,8,-48.1008645533141
29,2902,15,-7.06288032454361
29,2903,-51,23.8472222222222
29,2904,-70,-48.1008645533141
29,2905,-54,-0.853333333333333
29,2906,-22,-48.1008645533141
29,2907,-6,-7.06288032454361
29,2908,0,-7.06288032454361
29,2909,6,-7.06288032454361
29,2910,14,-7.06288032454361
29,2911,116,55.0224719101124
29,2912,266,185.363896848138
29,2913,198,-114.535714285714
29,2914,-329,-259.294117647059
29,2915,-63,-156.68
29,2916,47,2.73076923076923
29,2917,25,-11
29,2918,4,-23.7352941176471
29,2919,-2,-7.06288032454361
29,2920,-13,-7.06288032454361
29,2921,177,119.942307692308
29,2922,407,252.08024691358
29,2923,-15,-114.535714285714
29,2924,-203,-156.68
29,2925,-183,-131.757575757576
29,2926,-140,2.73076923076923
29,2927,-110,-48.1008645533141
29,2928,-94,-48.1008645533141
29,2929,-66,-48.1008645533141
29,2930,-29,-0.853333333333333
29,2931,-5,-0.853333333333333
29,2932,-7,-7.06288032454361
29,2933,3,-7.06288032454361
29,2934,27,-7.06288032454361
29,2935,143,55.0224719101124
29,2936,323,185.363896848138
29,2937,203,-114.535714285714
29,2938,-378,-259.294117647059
29,2939,-77,-156.68
29,2940,-36,2.73076923076923
29,2941,69,-48.1008645533141
29,2942,-30,-11
29,2943,8,-48.1008645533141
29,2944,45,12.1842105263158
29,2945,139,12.1842105263158
29,2946,423,252.08024691358
29,2947,-54,-114.535714285714
29,2948,-204,-156.68
29,2949,-162,-131.757575757576
29,2950,-131,2.73076923076923
29,2951,-93,-48.1008645533141
29,2952,-86,-48.1008645533141
29,2953,-80,-48.1008645533141
29,2954,-35,-0.853333333333333
29,2955,-17,-0.853333333333333
29,2956,1,-7.06288032454361
29,2957,0,-7.06288032454361
29,2958,36,-7.06288032454361
29,2959,130,55.0224719101124
29,2960,309,185.363896848138
29,2961,255,-114.535714285714
29,2962,-396,-259.294117647059
29,2963,-127,-156.68
29,2964,25,35.4
29,2965,41,-23.7352941176471
29,2966,33,-23.7352941176471
29,2967,-77,-23.7352941176471
29,2968,42,-0.853333333333333
29,2969,163,119.942307692308
29,2970,417,252.08024691358
29,2971,4,-114.535714285714
29,2972,-176,-156.68
29,2973,-186,-131.757575757576
29,2974,-119,-48.1008645533141
29,2975,-148,-48.1008645533141
29,2976,-97,-48.1008645533141
29,2977,-69,-48.1008645533141
29,2978,-39,-0.853333333333333
29,2979,-14,-0.853333333333333
29,2980,-8,-7.06288032454361
29,2981,4,-7.06288032454361
29,2982,31,-7.06288032454361
29,2983,126,55.0224719101124
29,2984,308,185.363896848138
29,2985,223,-114.535714285714
29,2986,-345,-259.294117647059
29,2987,-148,-156.68
29,2988,55,2.73076923076923
29,2989,17,-11
29,2990,4,-23.7352941176471
29,2991,-34,-7.06288032454361
29,2992,20,-0.853333333333333
29,2993,150,119.942307692308
29,2994,393,252.08024691358
29,2995,1,-114.535714285714
29,2996,-188,-156.68
29,2997,-145,-131.757575757576
29,2998,-142,-48.1008645533141
29,2999,-77,-48.1008645533141
29,3000,-103,-48.1008645533141
29,3001,-71,-48.1008645533141
29,3002,-44,-0.853333333333333
29,3003,-21,-0.853333333333333
29,3004,-11,-7.06288032454361
29,3005,-2,-7.06288032454361
29,3006,26,-7.06288032454361
29,3007,11,55.0224719101124
29,3008,89,104.171428571429
29,3009,-14,185.363896848138
29,3010,101,-7.06288032454361
29,3011,-27,-21
29,3012,58,-7.06288032454361
29,3013,64,18
29,3014,-25,-11
29,3015,17,-7.06288032454361
29,3016,17,23.8472222222222
29,3017,143,104.171428571429
29,3018,263,138.942028985507
29,3019,-90,-114.535714285714
29,3020,-148,-156.68
29,3021,-122,-131.757575757576
29,3022,-84,-48.1008645533141
29,3023,-68,-48.1008645533141
29,3024,-26,-48.1008645533141
29,3025,-12,-7.06288032454361
29,3026,-64,12.1842105263158
29,3027,-31,-0.853333333333333
29,3028,-64,-0.853333333333333
29,3029,-11,-0.853333333333333
29,3030,1,-7.06288032454361
29,3031,12,-7.06288032454361
29,3032,39,55.0224719101124
29,3033,100,104.171428571429
29,3034,109,185.363896848138
29,3035,136,185.363896848138
29,3036,92,-21
29,3037,47,-104.963636363636
29,3038,23,-58.5238095238095
29,3039,-31,-23.7352941176471
29,3040,24,-48.1008645533141
29,3041,-31,-23.7352941176471
29,3042,-19,-48.1008645533141
29,3043,-212,-7.06288032454361
29,3044,-25,-48.1008645533141
29,3045,-115,-7.06288032454361
29,3046,-32,-48.1008645533141
29,3047,40,-48.1008645533141
29,3048,-5,23.8472222222222
29,3049,-43,-7.06288032454361
29,3050,-7,-48.1008645533141
29,3051,-27,-7.06288032454361
29,3052,-38,-7.06288032454361
29,3053,-38,-48.1008645533141
29,3054,0,-48.1008645533141
29,3055,6,-7.06288032454361
29,3056,23,-7.06288032454361
29,3057,80,55.0224719101124
29,3058,98,138.942028985507
29,3059,111,185.363896848138
29,3060,121,91.3888888888889
29,3061,56,18
29,3062,38,-104.963636363636
29,3063,36,23.8472222222222
29,3064,-2,-23.7352941176471
29,3065,-64,-7.06288032454361
29,3066,-8,-48.1008645533141
29,3067,-14,-7.06288032454361
29,3068,-26,-7.06288032454361
29,3069,-165,-7.06288032454361
29,3070,-80,-48.1008645533141
29,3071,-39,-0.853333333333333
29,3072,-71,-48.1008645533141
29,3073,-63,-48.1008645533141
29,3074,-33,-48.1008645533141
29,3075,-5,-0.853333333333333
29,3076,-3,-7.06288032454361
29,3077,5,-7.06288032454361
29,3078,25,-7.06288032454361
29,3079,123,55.0224719101124
29,3080,277,185.363896848138
29,3081,237,-114.535714285714
29,3082,-368,-259.294117647059
29,3083,-106,-156.68
29,3084,46,35.4
29,3085,31,-11
29,3086,-22,-23.7352941176471
29,3087,-6,-7.06288032454361
29,3088,26,-7.06288032454361
29,3089,190,119.942307692308
29,3090,354,252.08024691358
29,3091,-6,-114.535714285714
29,3092,-257,-156.68
29,3093,-123,-131.757575757576
29,3094,-142,2.73076923076923
29,3095,-98,-48.1008645533141
29,3096,-64,-48.1008645533141
29,3097,-68,-48.1008645533141
29,3098,-33,-0.853333333333333
29,3099,-16,-0.853333333333333
29,3100,-8,-7.06288032454361
29,3101,2,-7.06288032454361
29,3102,31,-7.06288032454361
29,3103,28,55.0224719101124
29,3104,115,104.171428571429
29,3105,439,185.363896848138
29,3106,-216,-114.535714285714
29,3107,-194,-156.68
29,3108,-12,35.4
29,3109,104,-7.06288032454361
29,3110,-14,-11
29,3111,-31,-7.06288032454361
29,3112,28,-0.853333333333333
29,3113,175,23.8472222222222
29,3114,354,252.08024691358
29,3115,42,-114.535714285714
29,3116,-227,-200.375
29,3117,-191,-131.757575757576
29,3118,-128,2.73076923076923
29,3119,-119,-48.1008645533141
29,3120,-22,-48.1008645533141
29,3121,-107,-7.06288032454361
29,3122,-23,-0.853333333333333
29,3123,-29,12.1842105263158
29,3124,3,-0.853333333333333
29,3125,-7,-7.06288032454361
29,3126,35,-7.06288032454361
29,3127,133,55.0224719101124
29,3128,320,185.363896848138
29,3129,190,-114.535714285714
29,3130,-315,-259.294117647059
29,3131,-134,-156.68
29,3132,2,2.73076923076923
29,3133,72,-7.06288032454361
29,3134,-13,-11
29,3135,-39,-7.06288032454361
29,3136,11,-0.853333333333333
29,3137,165,119.942307692308
29,3138,420,252.08024691358
29,3139,-3,-114.535714285714
29,3140,-199,-156.68
29,3141,-222,-131.757575757576
29,3142,-112,-48.1008645533141
29,3143,-89,2.73076923076923
29,3144,-88,-48.1008645533141
29,3145,-62,-48.1008645533141
29,3146,-55,-0.853333333333333
29,3147,-6,-0.853333333333333
29,3148,-11,-7.06288032454361
29,3149,1,-7.06288032454361
29,3150,32,-7.06288032454361
29,3151,128,55.0224719101124
29,3152,299,185.363896848138
29,3153,218,-114.535714285714
29,3154,-345,-259.294117647059
29,3155,-138,-156.68
29,3156,75,2.73076923076923
29,3157,69,-11
29,3158,-43,-11
29,3159,-52,-48.1008645533141
29,3160,12,-0.853333333333333
29,3161,159,119.942307692308
29,3162,478,252.08024691358
29,3163,-65,-114.535714285714
29,3164,-155,-156.68
29,3165,-163,-131.757575757576
29,3166,-158,-48.1008645533141
29,3167,-102,-48.1008645533141
29,3168,-28,-48.1008645533141
29,3169,-138,-7.06288032454361
29,3170,-34,-0.853333333333333
29,3171,-35,-0.853333333333333
29,3172,-13,-0.853333333333333
29,3173,3,-7.06288032454361
29,3174,27,-7.06288032454361
29,3175,121,55.0224719101124
29,3176,222,185.363896848138
29,3177,289,-114.535714285714
29,3178,-290,-259.294117647059
29,3179,-147,-156.68
29,3180,72,35.4
29,3181,62,-11
29,3182,-8,-11
29,3183,-29,-7.06288032454361
29,3184,55,-0.853333333333333
29,3185,105,58.3846153846154
29,3186,303,252.08024691358
29,3187,-122,-121
29,3188,-178,-156.68
29,3189,-132,-131.757575757576
29,3190,-104,-48.1008645533141
29,3191,-42,-48.1008645533141
29,3192,-92,-48.1008645533141
29,3193,-16,-0.853333333333333
29,3194,-13,-7.06288032454361
29,3195,-49,12.1842105263158
29,3196,-13,-0.853333333333333
29,3197,-17,-7.06288032454361
29,3198,-4,-7.06288032454361
29,3199,18,-7.06288032454361
29,3200,37,55.0224719101124
29,3201,125,104.171428571429
29,3202,103,138.942028985507
29,3203,188,-6.3
29,3204,56,91.3888888888889
29,3205,118,-200.375
29,3206,-10,-58.5238095238095
29,3207,-46,-104.963636363636
29,3208,-2,-48.1008645533141
29,3209,45,-7.06288032454361
29,3210,-6,-23.7352941176471
29,3211,-81,-7.06288032454361
29,3212,-66,-48.1008645533141
29,3213,-147,-48.1008645533141
29,3214,-3,-48.1008645533141
29,3215,-77,-7.06288032454361
29,3216,-26,-48.1008645533141
29,3217,-48,-7.06288032454361
29,3218,-56,-0.853333333333333
29,3219,-12,-0.853333333333333
29,3220,-64,-7.06288032454361
29,3221,-29,-0.853333333333333
29,3222,-15,-48.1008645533141
29,3223,9,-7.06288032454361
29,3224,21,55.0224719101124
29,3225,83,55.0224719101124
29,3226,146,185.363896848138
29,3227,155,138.942028985507
29,3228,-153,-217.098591549296
29,3229,26,-6.3
29,3230,-136,55.0224719101124
29,3231,-13,-48.1008645533141
29,3232,127,-7.06288032454361
29,3233,80,-11
29,3234,-13,-104.963636363636
29,3235,34,12.1842105263158
29,3236,-36,119.942307692308
29,3237,-67,-48.1008645533141
29,3238,-84,-48.1008645533141
29,3239,-134,-48.1008645533141
29,3240,-10,-48.1008645533141
29,3241,-20,-7.06288032454361
29,3242,-16,-7.06288032454361
29,3243,-5,-7.06288032454361
29,3244,-2,-7.06288032454361
29,3245,4,-7.06288032454361
29,3246,30,-7.06288032454361
29,3247,124,55.0224719101124
29,3248,281,138.942028985507
29,3249,213,-114.535714285714
29,3250,-298,-259.294117647059
29,3251,-164,-156.68
29,3252,48,2.73076923076923
29,3253,41,-11
29,3254,9,-23.7352941176471
29,3255,-16,-23.7352941176471
29,3256,34,-7.06288032454361
29,3257,151,119.942307692308
29,3258,433,252.08024691358
29,3259,-78,-114.535714285714
29,3260,-516,-156.68
29,3261,-38,-131.757575757576
29,3262,-16,2.73076923076923
29,3263,-84,-7.06288032454361
29,3264,-59,-48.1008645533141
29,3265,-43,-0.853333333333333
29,3266,-26,-0.853333333333333
29,3267,-25,119.942307692308
29,3268,-5,-7.06288032454361
29,3269,1,-7.06288032454361
29,3270,30,-7.06288032454361
29,3271,135,55.0224719101124
29,3272,350,185.363896848138
29,3273,204,-114.535714285714
29,3274,-395,-259.294117647059
29,3275,-150,-156.68
29,3276,78,2.73076923076923
29,3277,49,-11
29,3278,26,-11
29,3279,-29,-23.7352941176471
29,3280,0,-0.853333333333333
29,3281,165,119.942307692308
29,3282,411,252.08024691358
29,3283,-253,-114.535714285714
29,3284,-149,-156.68
29,3285,-118,35.4
29,3286,-78,-48.1008645533141
29,3287,-48,-48.1008645533141
29,3288,-96,-48.1008645533141
29,3289,-81,-0.853333333333333
29,3290,-34,-0.853333333333333
29,3291,-4,-0.853333333333333
29,3292,-10,-7.06288032454361
29,3293,1,-7.06288032454361
29,3294,32,-7.06288032454361
29,3295,147,55.0224719101124
29,3296,366,185.363896848138
29,3297,187,-114.535714285714
29,3298,-364,-259.294117647059
29,3299,-151,-156.68
29,3300,42,2.73076923076923
29,3301,45,23.8472222222222
29,3302,4,-23.7352941176471
29,3303,-50,-7.06288032454361
29,3304,50,-0.853333333333333
29,3305,144,58.3846153846154
29,3306,323,252.08024691358
29,3307,-100,-217.098591549296
29,3308,-103,-156.68
29,3309,-189,-131.757575757576
29,3310,-40,-48.1008645533141
29,3311,-70,-48.1008645533141
29,3312,-141,-48.1008645533141
29,3313,-80,-0.853333333333333
29,3314,-35,-0.853333333333333
29,3315,-5,-0.853333333333333
29,3316,-11,-7.06288032454361
29,3317,-3,-7.06288032454361
29,3318,31,-7.06288032454361
29,3319,155,55.0224719101124
29,3320,289,185.363896848138
29,3321,226,-114.535714285714
29,3322,-295,-259.294117647059
29,3323,-179,-156.68
29,3324,45,2.73076923076923
29,3325,54,23.8472222222222
29,3326,14,-11
29,3327,-41,-23.7352941176471
29,3328,0,-0.853333333333333
29,3329,160,119.942307692308
29,3330,355,252.08024691358
29,3331,121,-114.535714285714
29,3332,-308,-259.294117647059
29,3333,-159,-104.963636363636
29,3334,-145,2.73076923076923
29,3335,-131,-48.1008645533141
29,3336,-41,-48.1008645533141
29,3337,-46,-48.1008645533141
29,3338,-69,-0.853333333333333
29,3339,-26,-0.853333333333333
29,3340,-8,-7.06288032454361
29,3341,0,-7.06288032454361
29,3342,30,-7.06288032454361
29,3343,113,55.0224719101124
29,3344,274,185.363896848138
29,3345,319,-114.535714285714
29,3346,-355,-259.294117647059
29,3347,-127,-156.68
29,3348,19,35.4
29,3349,90,23.8472222222222
29,3350,-20,-11
29,3351,-13,-7.06288032454361
29,3352,12,-7.06288032454361
29,3353,165,119.942307692308
29,3354,297,252.08024691358
29,3355,-76,-114.535714285714
29,3356,-200,-156.68
29,3357,-173,-131.757575757576
29,3358,-57,-48.1008645533141
29,3359,-55,-48.1008645533141
29,3360,-73,-48.1008645533141
29,3361,-43,-0.853333333333333
29,3362,-20,-0.853333333333333
29,3363,-36,12.1842105263158
29,3364,-41,-48.1008645533141
29,3365,-26,-48.1008645533141
29,3366,2,-7.06288032454361
29,3367,16,-7.06288032454361
29,3368,72,55.0224719101124
29,3369,60,185.363896848138
29,3370,126,150.62962962963
29,3371,154,91.3888888888889
29,3372,15,-217.098591549296
29,3373,127,-104.963636363636
29,3374,-67,-58.5238095238095
29,3375,-35,-104.963636363636
29,3376,-249,-48.1008645533141
29,3377,201,-48.1008645533141
29,3378,-31,-11
29,3379,-20,-156.68
29,3380,-29,12.1842105263158
29,3381,-113,-48.1008645533141
29,3382,-33,-0.853333333333333
29,3383,-26,-48.1008645533141
29,3384,-24,-7.06288032454361
29,3385,-24,-7.06288032454361
29,3386,0,12.1842105263158
29,3387,-18,-7.06288032454361
29,3388,-63,-7.06288032454361
29,3389,-37,-48.1008645533141
29,3390,0,-48.1008645533141
29,3391,5,-7.06288032454361
29,3392,13,-7.06288032454361
29,3393,99,55.0224719101124
29,3394,130,138.942028985507
29,3395,122,138.942028985507
29,3396,97,-217.098591549296
29,3397,144,-6.3
29,3398,-85,18
29,3399,-164,-104.963636363636
29,3400,14,-48.1008645533141
29,3401,-218,-23.7352941176471
29,3402,60,-48.1008645533141
29,3403,31,-11
29,3404,28,-23.7352941176471
29,3405,-81,23.8472222222222
29,3406,-45,-48.1008645533141
29,3407,-52,-0.853333333333333
29,3408,-34,-48.1008645533141
29,3409,-48,-48.1008645533141
29,3410,-25,-48.1008645533141
29,3411,1,-7.06288032454361
29,3412,-4,-7.06288032454361
29,3413,8,-7.06288032454361
29,3414,24,-7.06288032454361
29,3415,109,55.0224719101124
29,3416,288,185.363896848138
29,3417,266,185.363896848138
29,3418,-357,-259.294117647059
29,3419,-136,-156.68
29,3420,23,35.4
29,3421,54,23.8472222222222
29,3422,5,-11
29,3423,-42,-7.06288032454361
29,3424,36,-0.853333333333333
29,3425,162,119.942307692308
29,3426,401,252.08024691358
29,3427,-11,-114.535714285714
29,3428,-261,-156.68
29,3429,-157,-131.757575757576
29,3430,-138,2.73076923076923
29,3431,-117,-48.1008645533141
29,3432,-47,-48.1008645533141
29,3433,-76,-48.1008645533141
29,3434,-17,-0.853333333333333
29,3435,-6,12.1842105263158
29,3436,-11,-7.06288032454361
29,3437,4,-7.06288032454361
29,3438,34,-7.06288032454361
29,3439,105,55.0224719101124
29,3440,122,185.363896848138
29,3441,424,185.363896848138
29,3442,-298,-217.098591549296
29,3443,-191,-156.68
29,3444,14,35.4
29,3445,79,-23.7352941176471
29,3446,-9,-11
29,3447,-37,-7.06288032454361
29,3448,66,-0.853333333333333
29,3449,163,58.3846153846154
29,3450,384,252.08024691358
29,3451,-46,-217.098591549296
29,3452,-221,-156.68
29,3453,-162,-131.757575757576
29,3454,-121,2.73076923076923
29,3455,-98,-48.1008645533141
29,3456,-107,-48.1008645533141
29,3457,-62,-48.1008645533141
29,3458,-33,-0.853333333333333
29,3459,-8,-0.853333333333333
29,3460,3,-7.06288032454361
29,3461,1,-7.06288032454361
29,3462,30,-7.06288032454361
29,3463,141,55.0224719101124
29,3464,373,185.363896848138
29,3465,254,-114.535714285714
29,3466,-460,-259.294117647059
29,3467,-170,-156.68
29,3468,75,35.4
29,3469,107,-11
29,3470,-60,-11
29,3471,1,-48.1008645533141
29,3472,37,12.1842105263158
29,3473,155,119.942307692308
29,3474,377,252.08024691358
29,3475,-58,-114.535714285714
29,3476,-169,-156.68
29,3477,-216,-131.757575757576
29,3478,-114,-48.1008645533141
29,3479,-78,2.73076923076923
29,3480,-78,-48.1008645533141
29,3481,-92,-48.1008645533141
29,3482,-42,-0.853333333333333
29,3483,-6,-0.853333333333333
29,3484,-12,-7.06288032454361
29,3485,3,-7.06288032454361
29,3486,27,-7.06288032454361
29,3487,128,55.0224719101124
29,3488,369,185.363896848138
29,3489,222,-114.535714285714
29,3490,-358,-259.294117647059
29,3491,-162,-156.68
29,3492,42,2.73076923076923
29,3493,18,23.8472222222222
29,3494,-4,-23.7352941176471
29,3495,-17,-7.06288032454361
29,3496,65,12.1842105263158
29,3497,144,58.3846153846154
29,3498,362,252.08024691358
29,3499,9,-217.098591549296
29,3500,-243,-156.68
29,3501,-139,-131.757575757576
29,3502,-164,2.73076923076923
29,3503,-16,-48.1008645533141
29,3504,-139,-7.06288032454361
29,3505,-70,-48.1008645533141
29,3506,-50,-0.853333333333333
29,3507,-12,-0.853333333333333
29,3508,-15,-7.06288032454361
29,3509,2,-7.06288032454361
29,3510,22,-7.06288032454361
29,3511,79,55.0224719101124
29,3512,313,185.363896848138
29,3513,269,185.363896848138
29,3514,-292,-259.294117647059
29,3515,-142,-156.68
29,3516,53,35.4
29,3517,101,-11
29,3518,-42,-11
29,3519,68,-48.1008645533141
29,3520,90,124.083333333333
29,3521,2,58.3846153846154
29,3522,89,119.942307692308
29,3523,-71,-121
29,3524,-94,-48.1008645533141
29,3525,-96,-48.1008645533141
29,3526,-53,-48.1008645533141
29,3527,-26,-48.1008645533141
29,3528,-103,-7.06288032454361
29,3529,-6,-0.853333333333333
29,3530,-89,-7.06288032454361
29,3531,-10,-0.853333333333333
29,3532,-34,-7.06288032454361
29,3533,-23,-48.1008645533141
29,3534,10,-7.06288032454361
29,3535,14,55.0224719101124
29,3536,30,104.171428571429
29,3537,96,104.171428571429
29,3538,75,185.363896848138
29,3539,180,138.942028985507
29,3540,75,91.3888888888889
29,3541,-21,-200.375
29,3542,33,-7.06288032454361
29,3543,10,23.8472222222222
29,3544,49,-23.7352941176471
29,3545,-101,-58.5238095238095
29,3546,1,-48.1008645533141
29,3547,-21,-7.06288032454361
29,3548,-50,119.942307692308
29,3549,-185,-48.1008645533141
29,3550,-103,-48.1008645533141
29,3551,-26,-0.853333333333333
29,3552,67,-7.06288032454361
29,3553,-46,124.083333333333
29,3554,-26,-48.1008645533141
29,3555,11,-7.06288032454361
29,3556,-42,55.0224719101124
29,3557,-20,-48.1008645533141
29,3558,-10,-7.06288032454361
29,3559,3,-7.06288032454361
29,3560,27,-7.06288032454361
29,3561,87,55.0224719101124
29,3562,103,124.083333333333
29,3563,156,138.942028985507
29,3564,101,91.3888888888889
29,3565,56,-104.963636363636
29,3566,-52,-58.5238095238095
29,3567,-36,-48.1008645533141
29,3568,-102,-48.1008645533141
29,3569,119,-48.1008645533141
29,3570,29,-11
29,3571,-3,-104.963636363636
29,3572,-208,12.1842105263158
29,3573,-188,-48.1008645533141
29,3574,67,-0.853333333333333
29,3575,-5,150.62962962963
29,3576,-43,-7.06288032454361
29,3577,-19,-48.1008645533141
29,3578,-49,-7.06288032454361
29,3579,-15,-0.853333333333333
29,3580,-12,-7.06288032454361
29,3581,-17,-7.06288032454361
29,3582,-7,-7.06288032454361
29,3583,11,-7.06288032454361
29,3584,28,55.0224719101124
29,3585,84,104.171428571429
29,3586,102,185.363896848138
29,3587,130,138.942028985507
29,3588,100,91.3888888888889
29,3589,84,-104.963636363636
29,3590,23,-58.5238095238095
29,3591,-54,23.8472222222222
29,3592,-63,-48.1008645533141
29,3593,51,-48.1008645533141
29,3594,-2,-11
29,3595,-16,-7.06288032454361
29,3596,-108,12.1842105263158
29,3597,-113,-48.1008645533141
29,3598,-77,-0.853333333333333
29,3599,-63,-48.1008645533141
29,3600,-51,-48.1008645533141
29,3601,-41,-48.1008645533141
29,3602,-5,-0.853333333333333
29,3603,-19,-7.06288032454361
29,3604,5,-7.06288032454361
29,3605,-2,-7.06288032454361
29,3606,30,-7.06288032454361
29,3607,134,55.0224719101124
29,3608,321,185.363896848138
29,3609,139,-114.535714285714
29,3610,-309,-259.294117647059
29,3611,-151,-104.963636363636
29,3612,26,2.73076923076923
29,3613,89,23.8472222222222
29,3614,-12,-11
29,3615,-1,-7.06288032454361
29,3616,18,12.1842105263158
29,3617,166,119.942307692308
29,3618,398,252.08024691358
29,3619,-17,-114.535714285714
29,3620,-287,-156.68
29,3621,-167,-131.757575757576
29,3622,-117,2.73076923076923
29,3623,-89,-48.1008645533141
29,3624,-84,-48.1008645533141
29,3625,-58,-48.1008645533141
29,3626,-24,-0.853333333333333
29,3627,-4,12.1842105263158
29,3628,-5,-7.06288032454361
29,3629,1,-7.06288032454361
29,3630,35,-7.06288032454361
29,3631,170,55.0224719101124
29,3632,290,185.363896848138
29,3633,225,-114.535714285714
29,3634,-435,-259.294117647059
29,3635,-55,-156.68
29,3636,-18,2.73076923076923
29,3637,49,-7.06288032454361
29,3638,-32,-11
29,3639,-23,-48.1008645533141
29,3640,34,12.1842105263158
29,3641,185,119.942307692308
29,3642,433,252.08024691358
29,3643,-24,-114.535714285714
29,3644,-177,-156.68
29,3645,-250,-131.757575757576
29,3646,-116,-48.1008645533141
29,3647,-77,2.73076923076923
29,3648,-69,-48.1008645533141
29,3649,-85,-48.1008645533141
29,3650,-47,-0.853333333333333
29,3651,-10,-0.853333333333333
29,3652,1,-7.06288032454361
29,3653,-1,-7.06288032454361
29,3654,30,-7.06288032454361
29,3655,162,55.0224719101124
29,3656,282,185.363896848138
29,3657,164,-114.535714285714
29,3658,-523,-259.294117647059
29,3659,-74,-104.963636363636
29,3660,13,2.73076923076923
29,3661,75,23.8472222222222
29,3662,54,-11
29,3663,25,-11
29,3664,54,12.1842105263158
29,3665,146,91.3888888888889
29,3666,392,252.08024691358
29,3667,27,-217.098591549296
29,3668,-277,-200.375
29,3669,-152,-131.757575757576
29,3670,-134,2.73076923076923
29,3671,-55,-48.1008645533141
29,3672,-48,-48.1008645533141
29,3673,-73,-48.1008645533141
29,3674,-67,-0.853333333333333
29,3675,-18,-0.853333333333333
29,3676,-2,-7.06288032454361
29,3677,-1,-7.06288032454361
29,3678,32,-7.06288032454361
29,3679,100,55.0224719101124
29,3680,346,185.363896848138
29,3681,233,185.363896848138
29,3682,-375,-259.294117647059
29,3683,-120,-156.68
29,3684,72,35.4
29,3685,27,-11
29,3686,31,-23.7352941176471
29,3687,-101,-23.7352941176471
29,3688,78,-0.853333333333333
29,3689,139,58.3846153846154
29,3690,302,252.08024691358
29,3691,20,-217.098591549296
29,3692,-224,-200.375
29,3693,-177,-131.757575757576
29,3694,-90,2.73076923076923
29,3695,-2,-48.1008645533141
29,3696,-51,-7.06288032454361
29,3697,-98,-48.1008645533141
29,3698,-33,-0.853333333333333
29,3699,-40,-0.853333333333333
29,3700,-34,-0.853333333333333
29,3701,-32,-48.1008645533141
29,3702,4,-48.1008645533141
29,3703,19,-7.06288032454361
29,3704,48,55.0224719101124
29,3705,148,150.62962962963
29,3706,118,185.363896848138
29,3707,74,-114.535714285714
29,3708,156,-6.3
29,3709,116,18
29,3710,-26,-217.098591549296
29,3711,-42,-104.963636363636
29,3712,-114,-48.1008645533141
29,3713,-398,-48.1008645533141
29,3714,57,-48.1008645533141
29,3715,-4,-11
29,3716,48,-7.06288032454361
29,3717,-21,91.3888888888889
29,3718,-13,-7.06288032454361
29,3719,13,-7.06288032454361
29,3720,-61,55.0224719101124
29,3721,-9,-48.1008645533141
29,3722,0,-7.06288032454361
29,3723,-28,-7.06288032454361
29,3724,-50,-7.06288032454361
29,3725,-18,-48.1008645533141
29,3726,27,-7.06288032454361
29,3727,-20,23.8472222222222
29,3728,35,-7.06288032454361
29,3729,100,55.0224719101124
29,3730,129,58.3846153846154
29,3731,196,185.363896848138
29,3732,90,-217.098591549296
29,3733,172,-200.375
29,3734,-28,91.3888888888889
29,3735,-82,-104.963636363636
29,3736,49,-48.1008645533141
29,3737,5,-11
29,3738,-30,-7.06288032454361
29,3739,-111,-48.1008645533141
29,3740,-64,-48.1008645533141
29,3741,-140,-0.853333333333333
29,3742,-150,-48.1008645533141
29,3743,-17,-48.1008645533141
29,3744,-97,-7.06288032454361
29,3745,-51,-0.853333333333333
29,3746,-23,-0.853333333333333
29,3747,-1,-7.06288032454361
29,3748,-5,-7.06288032454361
29,3749,-7,-7.06288032454361
29,3750,35,-7.06288032454361
29,3751,140,55.0224719101124
29,3752,267,185.363896848138
29,3753,283,-114.535714285714
29,3754,-369,-259.294117647059
29,3755,-151,-156.68
29,3756,26,35.4
29,3757,96,55.0224719101124
29,3758,-9,-11
29,3759,17,-7.06288032454361
29,3760,6,12.1842105263158
29,3761,142,119.942307692308
29,3762,383,252.08024691358
29,3763,97,-114.535714285714
29,3764,-335,-200.375
29,3765,-243,-131.757575757576
29,3766,-105,2.73076923076923
29,3767,-126,2.73076923076923
29,3768,-66,-48.1008645533141
29,3769,-61,-48.1008645533141
29,3770,-22,-0.853333333333333
29,3771,-4,12.1842105263158
29,3772,2,-7.06288032454361
29,3773,1,-7.06288032454361
29,3774,35,-7.06288032454361
29,3775,167,55.0224719101124
29,3776,385,185.363896848138
29,3777,154,-114.535714285714
29,3778,-392,-259.294117647059
29,3779,-162,-104.963636363636
29,3780,51,2.73076923076923
29,3781,69,-11
29,3782,12,-11
29,3783,-73,-23.7352941176471
29,3784,71,-0.853333333333333
29,3785,210,58.3846153846154
29,3786,434,252.08024691358
29,3787,-93,-259.294117647059
29,3788,-281,-156.68
29,3789,-135,-131.757575757576
29,3790,-151,2.73076923076923
29,3791,-94,-48.1008645533141
29,3792,-107,-48.1008645533141
29,3793,-60,-0.853333333333333
29,3794,-28,-0.853333333333333
29,3795,-10,12.1842105263158
29,3796,-4,-7.06288032454361
29,3797,-2,-7.06288032454361
29,3798,43,-7.06288032454361
29,3799,157,55.0224719101124
29,3800,352,185.363896848138
29,3801,213,-114.535714285714
29,3802,-442,-259.294117647059
29,3803,-123,-156.68
29,3804,27,2.73076923076923
29,3805,120,-23.7352941176471
29,3806,-29,-11
29,3807,-45,-104.963636363636
29,3808,40,-0.853333333333333
29,3809,191,119.942307692308
29,3810,416,252.08024691358
29,3811,52,-114.535714285714
29,3812,-342,-200.375
29,3813,-165,-131.757575757576
29,3814,-164,2.73076923076923
29,3815,-94,-48.1008645533141
29,3816,-85,-48.1008645533141
29,3817,-70,-48.1008645533141
29,3818,-29,-0.853333333333333
29,3819,-19,-0.853333333333333
29,3820,2,-7.06288032454361
29,3821,-5,-7.06288032454361
29,3822,51,-7.06288032454361
29,3823,138,150.62962962963
29,3824,376,185.363896848138
29,3825,187,-217.098591549296
29,3826,-420,-259.294117647059
29,3827,-126,-156.68
29,3828,42,2.73076923076923
29,3829,43,55.0224719101124
29,3830,-14,-23.7352941176471
29,3831,-9,-7.06288032454361
29,3832,78,12.1842105263158
29,3833,139,58.3846153846154
29,3834,393,252.08024691358
29,3835,-32,-217.098591549296
29,3836,-178,-156.68
29,3837,-211,-131.757575757576
29,3838,-146,-48.1008645533141
29,3839,-66,2.73076923076923
29,3840,-81,-48.1008645533141
29,3841,-83,-48.1008645533141
29,3842,-46,-0.853333333333333
29,3843,-11,-0.853333333333333
29,3844,-16,-7.06288032454361
29,3845,-2,-7.06288032454361
29,3846,29,-7.06288032454361
29,3847,111,55.0224719101124
29,3848,302,185.363896848138
29,3849,312,185.363896848138
29,3850,-419,-259.294117647059
29,3851,-101,-156.68
29,3852,34,35.4
29,3853,129,23.8472222222222
29,3854,-1,-11
29,3855,-37,-104.963636363636
29,3856,-4,-0.853333333333333
29,3857,196,119.942307692308
29,3858,331,252.08024691358
29,3859,-86,-114.535714285714
29,3860,-229,-156.68
29,3861,-175,-131.757575757576
29,3862,-92,2.73076923076923
29,3863,-83,-48.1008645533141
29,3864,-34,-48.1008645533141
29,3865,12,-0.853333333333333
29,3866,-98,12.1842105263158
29,3867,-16,-0.853333333333333
29,3868,-56,-7.06288032454361
29,3869,-31,-0.853333333333333
29,3870,10,-48.1008645533141
29,3871,17,55.0224719101124
29,3872,40,104.171428571429
29,3873,139,23.8472222222222
29,3874,130,185.363896848138
29,3875,100,-114.535714285714
29,3876,185,-6.3
29,3877,79,18
29,3878,-2,-200.375
29,3879,11,-7.06288032454361
29,3880,-61,-23.7352941176471
29,3881,129,-48.1008645533141
29,3882,-54,-11
29,3883,-115,-104.963636363636
29,3884,-136,-48.1008645533141
29,3885,-148,-48.1008645533141
29,3886,-34,-48.1008645533141
29,3887,-17,-48.1008645533141
29,3888,-50,-7.06288032454361
29,3889,-78,-0.853333333333333
29,3890,-34,-0.853333333333333
29,3891,-28,-0.853333333333333
29,3892,-41,-7.06288032454361
29,3893,-40,-48.1008645533141
29,3894,5,-48.1008645533141
29,3895,22,-7.06288032454361
29,3896,36,55.0224719101124
29,3897,57,104.171428571429
29,3898,168,150.62962962963
29,3899,194,185.363896848138
29,3900,69,-217.098591549296
29,3901,97,-200.375
29,3902,38,-58.5238095238095
29,3903,-59,-23.7352941176471
29,3904,-78,-48.1008645533141
29,3905,39,-48.1008645533141
29,3906,-26,-23.7352941176471
29,3907,-89,119.942307692308
29,3908,-78,-48.1008645533141
29,3909,-79,-48.1008645533141
29,3910,-133,-0.853333333333333
29,3911,-64,-48.1008645533141
29,3912,-33,-48.1008645533141
29,3913,-49,-0.853333333333333
29,3914,-24,-0.853333333333333
29,3915,-8,-7.06288032454361
29,3916,-6,-7.06288032454361
29,3917,4,-7.06288032454361
29,3918,34,-7.06288032454361
29,3919,119,55.0224719101124
29,3920,328,185.363896848138
29,3921,191,-114.535714285714
29,3922,-384,-259.294117647059
29,3923,-97,-156.68
29,3924,50,2.73076923076923
29,3925,43,-11
29,3926,48,-23.7352941176471
29,3927,-11,-121
29,3928,6,-7.06288032454361
29,3929,115,119.942307692308
29,3930,389,252.08024691358
29,3931,-68,-114.535714285714
29,3932,-288,-156.68
29,3933,-146,-131.757575757576
29,3934,-107,2.73076923076923
29,3935,-104,-48.1008645533141
29,3936,-59,-48.1008645533141
29,3937,-57,-0.853333333333333
29,3938,-8,-0.853333333333333
29,3939,-1,12.1842105263158
29,3940,2,-7.06288032454361
29,3941,1,-7.06288032454361
29,3942,41,-7.06288032454361
29,3943,119,55.0224719101124
29,3944,189,185.363896848138
29,3945,316,-114.535714285714
29,3946,-379,-259.294117647059
29,3947,-133,-156.68
29,3948,-9,35.4
29,3949,-63,-7.06288032454361
29,3950,26,-48.1008645533141
29,3951,29,-23.7352941176471
29,3952,-107,-23.7352941176471
29,3953,105,-0.853333333333333
29,3954,197,252.08024691358
29,3955,-57,185.363896848138
29,3956,43,-156.68
29,3957,-34,55.0224719101124
29,3958,-83,-0.853333333333333
29,3959,-56,-48.1008645533141
29,3960,-73,-48.1008645533141
29,3961,-52,-48.1008645533141
29,3962,-14,-48.1008645533141
29,3963,-9,12.1842105263158
29,3964,2,-7.06288032454361
29,3965,5,-7.06288032454361
29,3966,46,-7.06288032454361
29,3967,116,150.62962962963
29,3968,373,185.363896848138
29,3969,252,-114.535714285714
29,3970,-435,-259.294117647059
29,3971,-170,-156.68
29,3972,55,35.4
29,3973,66,-11
29,3974,-24,-11
29,3975,-3,-7.06288032454361
29,3976,25,-7.06288032454361
29,3977,155,119.942307692308
29,3978,420,252.08024691358
29,3979,6,-114.535714285714
29,3980,-281,-156.68
29,3981,-202,-131.757575757576
29,3982,-60,2.73076923076923
29,3983,-120,2.73076923076923
29,3984,-106,-48.1008645533141
29,3985,-65,-48.1008645533141
29,3986,-40,-0.853333333333333
29,3987,-7,-0.853333333333333
29,3988,-5,-7.06288032454361
29,3989,0,-7.06288032454361
29,3990,50,-7.06288032454361
29,3991,114,150.62962962963
29,3992,364,185.363896848138
29,3993,256,-217.098591549296
29,3994,-435,-259.294117647059
29,3995,-165,-156.68
29,3996,53,35.4
29,3997,47,-11
29,3998,46,-11
29,3999,-38,-121
29,4000,-7,-0.853333333333333
29,4001,166,119.942307692308
29,4002,519,252.08024691358
29,4003,-76,-114.535714285714
29,4004,-297,-156.68
29,4005,-186,-131.757575757576
29,4006,-143,2.73076923076923
29,4007,13,-48.1008645533141
29,4008,-133,55.0224719101124
29,4009,-88,-0.853333333333333
29,4010,-17,-0.853333333333333
29,4011,-35,12.1842105263158
29,4012,-2,-0.853333333333333
29,4013,-2,-7.06288032454361
29,4014,39,-7.06288032454361
29,4015,116,23.8472222222222
29,4016,338,185.363896848138
29,4017,254,-114.535714285714
29,4018,-374,-259.294117647059
29,4019,-158,-156.68
29,4020,96,35.4
29,4021,68,-11
29,4022,32,-11
29,4023,-9,-23.7352941176471
29,4024,11,-7.06288032454361
29,4025,144,119.942307692308
29,4026,279,252.08024691358
29,4027,-41,-114.535714285714
29,4028,-217,-156.68
29,4029,-219,-131.757575757576
29,4030,-57,2.73076923076923
29,4031,-17,2.73076923076923
29,4032,-109,-7.06288032454361
29,4033,-14,-48.1008645533141
29,4034,-48,12.1842105263158
29,4035,-41,-0.853333333333333
29,4036,-38,-48.1008645533141
29,4037,-30,-48.1008645533141
29,4038,2,-0.853333333333333
29,4039,24,-7.06288032454361
29,4040,36,55.0224719101124
29,4041,141,104.171428571429
29,4042,159,185.363896848138
29,4043,97,-114.535714285714
29,4044,152,-6.3
29,4045,62,-58.5238095238095
29,4046,19,-104.963636363636
29,4047,-53,-23.7352941176471
29,4048,96,-48.1008645533141
29,4049,-70,-11
29,4050,-34,-48.1008645533141
29,4051,-48,-48.1008645533141
29,4052,-191,-48.1008645533141
29,4053,-82,-48.1008645533141
29,4054,-64,-48.1008645533141
29,4055,-22,-0.853333333333333
29,4056,-68,-7.06288032454361
29,4057,9,-48.1008645533141
29,4058,-38,55.0224719101124
29,4059,-47,-0.853333333333333
29,4060,-41,-0.853333333333333
29,4061,-44,-48.1008645533141
29,4062,-4,-0.853333333333333
29,4063,10,-7.06288032454361
29,4064,41,55.0224719101124
29,4065,118,23.8472222222222
29,4066,101,185.363896848138
29,4067,213,-6.3
29,4068,81,91.3888888888889
29,4069,206,-200.375
29,4070,-74,-58.5238095238095
29,4071,-36,-156.68
29,4072,-26,-48.1008645533141
29,4073,51,-7.06288032454361
29,4074,32,-11
29,4075,-183,-23.7352941176471
29,4076,-127,-0.853333333333333
29,4077,-161,-48.1008645533141
29,4078,-56,-48.1008645533141
29,4079,-58,-48.1008645533141
29,4080,-38,-48.1008645533141
29,4081,-36,-0.853333333333333
29,4082,-46,-0.853333333333333
29,4083,-10,-0.853333333333333
29,4084,-3,-7.06288032454361
29,4085,3,-7.06288032454361
29,4086,29,-7.06288032454361
29,4087,131,55.0224719101124
29,4088,362,185.363896848138
29,4089,220,-114.535714285714
29,4090,-422,-259.294117647059
29,4091,-130,-156.68
29,4092,40,2.73076923076923
29,4093,104,23.8472222222222
29,4094,-14,-11
29,4095,-25,-7.06288032454361
29,4096,-3,12.1842105263158
29,4097,216,119.942307692308
29,4098,382,252.08024691358
29,4099,-45,-114.535714285714
29,4100,-263,-156.68
29,4101,-158,-131.757575757576
29,4102,-176,2.73076923076923
29,4103,-84,-48.1008645533141
29,4104,-78,-48.1008645533141
29,4105,-30,-48.1008645533141
29,4106,-51,-0.853333333333333
29,4107,1,-0.853333333333333
29,4108,-9,-7.06288032454361
29,4109,4,-7.06288032454361
29,4110,38,-7.06288032454361
29,4111,147,55.0224719101124
29,4112,362,185.363896848138
29,4113,249,-114.535714285714
29,4114,-396,-259.294117647059
29,4115,-239,-156.68
29,4116,48,35.4
29,4117,84,-11
29,4118,3,-11
29,4119,-12,-7.06288032454361
29,4120,10,12.1842105263158
29,4121,192,119.942307692308
29,4122,472,252.08024691358
29,4123,-145,-114.535714285714
29,4124,-283,-156.68
29,4125,-114,-131.757575757576
29,4126,-128,2.73076923076923
29,4127,-109,-48.1008645533141
29,4128,-90,-48.1008645533141
29,4129,-58,-0.853333333333333
29,4130,-11,-0.853333333333333
29,4131,-12,12.1842105263158
29,4132,-7,-7.06288032454361
29,4133,4,-7.06288032454361
29,4134,22,-7.06288032454361
29,4135,146,55.0224719101124
29,4136,350,185.363896848138
29,4137,306,-114.535714285714
29,4138,-504,-259.294117647059
29,4139,-149,-156.68
29,4140,42,35.4
29,4141,89,23.8472222222222
29,4142,24,-11
29,4143,-63,-23.7352941176471
29,4144,23,-0.853333333333333
29,4145,168,119.942307692308
29,4146,485,252.08024691358
29,4147,-69,-114.535714285714
29,4148,-257,-156.68
29,4149,-193,-131.757575757576
29,4150,-74,2.73076923076923
29,4151,-145,-48.1008645533141
29,4152,-100,-48.1008645533141
29,4153,-50,-0.853333333333333
29,4154,-44,-0.853333333333333
29,4155,-5,-0.853333333333333
29,4156,-9,-7.06288032454361
29,4157,1,-7.06288032454361
29,4158,58,-7.06288032454361
29,4159,103,150.62962962963
29,4160,389,185.363896848138
29,4161,236,91.3888888888889
29,4162,-459,-259.294117647059
29,4163,-127,-156.68
29,4164,86,35.4
29,4165,41,-11
29,4166,-9,-23.7352941176471
29,4167,-68,-7.06288032454361
29,4168,38,-0.853333333333333
29,4169,176,119.942307692308
29,4170,433,252.08024691358
29,4171,-6,-114.535714285714
29,4172,-340,-156.68
29,4173,-102,-131.757575757576
29,4174,-204,2.73076923076923
29,4175,-206,-48.1008645533141
29,4176,-2,2.73076923076923
29,4177,-28,-7.06288032454361
29,4178,-4,12.1842105263158
29,4179,-3,12.1842105263158
29,4180,-3,-7.06288032454361
29,4181,5,-7.06288032454361
29,4182,26,-7.06288032454361
29,4183,100,55.0224719101124
29,4184,256,138.942028985507
29,4185,311,185.363896848138
29,4186,-279,-259.294117647059
29,4187,-181,-156.68
29,4188,116,35.4
29,4189,19,-11
29,4190,30,-104.963636363636
29,4191,-11,-23.7352941176471
29,4192,-7,-7.06288032454361
29,4193,110,119.942307692308
29,4194,306,252.08024691358
29,4195,-141,-11
29,4196,-159,-156.68
29,4197,-172,-131.757575757576
29,4198,-99,-48.1008645533141
29,4199,-17,-48.1008645533141
29,4200,-30,-7.06288032454361
29,4201,-41,-0.853333333333333
29,4202,-48,-0.853333333333333
29,4203,-9,-0.853333333333333
29,4204,-63,-7.06288032454361
29,4205,-15,-48.1008645533141
29,4206,1,-7.06288032454361
29,4207,22,-7.06288032454361
29,4208,36,55.0224719101124
29,4209,138,104.171428571429
29,4210,121,185.363896848138
29,4211,140,-114.535714285714
29,4212,191,-217.098591549296
29,4213,19,-217.098591549296
29,4214,4,-200.375
29,4215,64,-7.06288032454361
29,4216,-23,-11
29,4217,-5,-7.06288032454361
29,4218,-10,119.942307692308
29,4219,-118,-7.06288032454361
29,4220,-124,-48.1008645533141
29,4221,-155,-48.1008645533141
29,4222,-23,-48.1008645533141
29,4223,-71,-7.06288032454361
29,4224,-25,-48.1008645533141
29,4225,-49,-7.06288032454361
29,4226,-31,-0.853333333333333
29,4227,-24,-0.853333333333333
29,4228,-34,-7.06288032454361
29,4229,-51,-0.853333333333333
29,4230,3,-48.1008645533141
29,4231,12,-7.06288032454361
29,4232,35,55.0224719101124
29,4233,87,104.171428571429
29,4234,141,185.363896848138
29,4235,194,185.363896848138
29,4236,112,-217.098591549296
29,4237,89,-259.294117647059
29,4238,-86,-104.963636363636
29,4239,18,-48.1008645533141
29,4240,37,-23.7352941176471
29,4241,-1,-23.7352941176471
29,4242,-73,-7.06288032454361
29,4243,-174,-48.1008645533141
29,4244,-144,-0.853333333333333
29,4245,-63,-48.1008645533141
29,4246,-71,-48.1008645533141
29,4247,-32,-48.1008645533141
29,4248,-34,-0.853333333333333
29,4249,-12,-0.853333333333333
29,4250,-27,-7.06288032454361
29,4251,-6,-7.06288032454361
29,4252,-5,-7.06288032454361
29,4253,3,-7.06288032454361
29,4254,26,-7.06288032454361
29,4255,119,55.0224719101124
29,4256,328,185.363896848138
29,4257,301,-114.535714285714
29,4258,-444,-259.294117647059
29,4259,-161,-156.68
29,4260,93,35.4
29,4261,51,-11
29,4262,-18,-11
29,4263,-61,-7.06288032454361
29,4264,85,-0.853333333333333
29,4265,130,58.3846153846154
29,4266,397,252.08024691358
29,4267,-243,-217.098591549296
29,4268,-97,-156.68
29,4269,-254,35.4
29,4270,-44,-48.1008645533141
29,4271,-11,2.73076923076923
29,4272,-102,-7.06288032454361
29,4273,-74,-0.853333333333333
29,4274,-20,-0.853333333333333
29,4275,-9,12.1842105263158
29,4276,3,-7.06288032454361
29,4277,5,-7.06288032454361
29,4278,33,-7.06288032454361
29,4279,136,55.0224719101124
29,4280,81,185.363896848138
29,4281,-126,-6.3
29,4282,-48,-48.1008645533141
29,4283,-41,-48.1008645533141
29,4284,54,-48.1008645533141
29,4285,5,-11
29,4286,50,-7.06288032454361
29,4287,9,124.083333333333
29,4288,46,12.1842105263158
29,4289,165,91.3888888888889
29,4290,341,185.363896848138
29,4291,-28,-114.535714285714
29,4292,-292,-156.68
29,4293,-89,-131.757575757576
29,4294,-17,2.73076923076923
29,4295,-49,-7.06288032454361
29,4296,-142,-48.1008645533141
29,4297,-46,-48.1008645533141
29,4298,-33,-0.853333333333333
29,4299,-10,-0.853333333333333
29,4300,-2,-7.06288032454361
29,4301,4,-7.06288032454361
29,4302,23,-7.06288032454361
29,4303,143,55.0224719101124
29,4304,338,185.363896848138
29,4305,294,-114.535714285714
29,4306,-447,-259.294117647059
29,4307,-187,-156.68
29,4308,55,35.4
29,4309,128,-11
29,4310,-79,-11
29,4311,-28,-104.963636363636
29,4312,68,12.1842105263158
29,4313,159,58.3846153846154
29,4314,439,252.08024691358
29,4315,-107,-217.098591549296
29,4316,-217,-156.68
29,4317,-96,-131.757575757576
29,4318,-288,2.73076923076923
29,4319,32,-48.1008645533141
29,4320,-21,-23.7352941176471
29,4321,-144,-7.06288032454361
29,4322,-51,-0.853333333333333
29,4323,-12,-0.853333333333333
29,4324,-2,-7.06288032454361
29,4325,-1,-7.06288032454361
29,4326,29,-7.06288032454361
29,4327,94,23.8472222222222
29,4328,258,185.363896848138
29,4329,347,185.363896848138
29,4330,-379,-259.294117647059
29,4331,-182,-156.68
29,4332,37,35.4
29,4333,74,23.8472222222222
29,4334,6,-11
29,4335,-27,-7.06288032454361
29,4336,58,-7.06288032454361
29,4337,172,58.3846153846154
29,4338,404,252.08024691358
29,4339,-14,-217.098591549296
29,4340,-353,-156.68
29,4341,-93,-131.757575757576
29,4342,-120,2.73076923076923
30,1,-225,-150.677083333333
30,2,-197,-153.171428571429
30,3,-76,-78.7
30,4,-79,-41.0060790273556
30,5,-65,-41.0060790273556
30,6,-32,-41.0060790273556
30,7,-18,-1.93548387096774
30,8,-10,-1.93548387096774
30,9,0,0.155672823218997
30,10,25,0.155672823218997
30,11,79,78.4636363636364
30,12,215,183.075376884422
30,13,274,183.075376884422
30,14,-293,-302.384615384615
30,15,-149,-150.677083333333
30,16,27,-36.9
30,17,2,32.5316455696203
30,18,-19,0.155672823218997
30,19,-28,-22.9081081081081
30,20,67,-22.9081081081081
30,21,105,144.686567164179
30,22,272,221.390625
30,23,6,-125.5
30,24,-201,-150.677083333333
30,25,-149,-153.171428571429
30,26,-70,23.9666666666667
30,27,-31,-41.0060790273556
30,28,-73,-22.9081081081081
30,29,-38,-41.0060790273556
30,30,-14,-41.0060790273556
30,31,-5,-1.93548387096774
30,32,1,0.155672823218997
30,33,-4,0.155672823218997
30,34,20,0.155672823218997
30,35,75,78.4636363636364
30,36,210,183.075376884422
30,37,318,183.075376884422
30,38,-337,-302.384615384615
30,39,-146,-150.677083333333
30,40,83,-36.9
30,41,35,-12.5384615384615
30,42,-56,-17.6027397260274
30,43,21,-41.0060790273556
30,44,-13,-17.6027397260274
30,45,142,119.928571428571
30,46,303,302.666666666667
30,47,-46,-89.2857142857143
30,48,-177,-150.677083333333
30,49,-153,-36.9
30,50,-93,-41.0060790273556
30,51,-29,-41.0060790273556
30,52,-64,-22.9081081081081
30,53,-39,-41.0060790273556
30,54,-25,-41.0060790273556
30,55,-19,-1.93548387096774
30,56,0,-22.9081081081081
30,57,-6,0.155672823218997
30,58,16,0.155672823218997
30,59,63,78.4636363636364
30,60,212,183.075376884422
30,61,267,183.075376884422
30,62,-233,-302.384615384615
30,63,-138,-150.677083333333
30,64,41,23.9666666666667
30,65,89,32.5316455696203
30,66,36,-12.5384615384615
30,67,-10,-17.6027397260274
30,68,4,0.155672823218997
30,69,111,119.928571428571
30,70,275,221.390625
30,71,-67,-12.5384615384615
30,72,-244,-150.677083333333
30,73,-141,-153.171428571429
30,74,-97,-78.7
30,75,26,-41.0060790273556
30,76,-17,-17.6027397260274
30,77,-102,-22.9081081081081
30,78,-26,-41.0060790273556
30,79,-14,119.928571428571
30,80,-24,0.155672823218997
30,81,-18,-22.9081081081081
30,82,-7,-22.9081081081081
30,83,14,0.155672823218997
30,84,43,78.4636363636364
30,85,96,78.4636363636364
30,86,105,183.075376884422
30,87,141,62.5384615384615
30,88,158,-19.3571428571429
30,89,114,-213.857142857143
30,90,0,-213.857142857143
30,91,-18,-26.7777777777778
30,92,-2,-22.9081081081081
30,93,-76,0.155672823218997
30,94,-22,-41.0060790273556
30,95,-79,-22.9081081081081
30,96,-22,-41.0060790273556
30,97,-138,-1.93548387096774
30,98,-101,-41.0060790273556
30,99,-8,-41.0060790273556
30,100,-16,0.155672823218997
30,101,-72,-22.9081081081081
30,102,-18,-41.0060790273556
30,103,-32,-22.9081081081081
30,104,-29,-22.9081081081081
30,105,-33,-22.9081081081081
30,106,-2,-22.9081081081081
30,107,6,0.155672823218997
30,108,30,0.155672823218997
30,109,51,78.4636363636364
30,110,154,144.686567164179
30,111,170,183.075376884422
30,112,107,-213.857142857143
30,113,107,-213.857142857143
30,114,46,19.6
30,115,-53,-87.4545454545455
30,116,-11,-41.0060790273556
30,117,-1,0.155672823218997
30,118,7,0.155672823218997
30,119,-144,-1.93548387096774
30,120,-100,-41.0060790273556
30,121,-88,-41.0060790273556
30,122,-62,-41.0060790273556
30,123,-95,-41.0060790273556
30,124,-44,-41.0060790273556
30,125,-49,-41.0060790273556
30,126,-13,-41.0060790273556
30,127,-14,0.155672823218997
30,128,-6,0.155672823218997
30,129,-2,0.155672823218997
30,130,32,0.155672823218997
30,131,95,78.4636363636364
30,132,254,183.075376884422
30,133,210,183.075376884422
30,134,-300,-247.307692307692
30,135,-73,-150.677083333333
30,136,27,23.9666666666667
30,137,20,32.5316455696203
30,138,-8,-17.6027397260274
30,139,25,0.155672823218997
30,140,-13,-17.6027397260274
30,141,83,119.928571428571
30,142,354,221.390625
30,143,-36,-12.5384615384615
30,144,-154,-150.677083333333
30,145,-147,-36.9
30,146,-104,-41.0060790273556
30,147,-57,-41.0060790273556
30,148,-93,-41.0060790273556
30,149,-78,-41.0060790273556
30,150,-32,-41.0060790273556
30,151,-7,-1.93548387096774
30,152,2,0.155672823218997
30,153,3,0.155672823218997
30,154,21,0.155672823218997
30,155,114,78.4636363636364
30,156,317,183.075376884422
30,157,212,-89.2857142857143
30,158,-273,-247.307692307692
30,159,-183,-150.677083333333
30,160,22,23.9666666666667
30,161,5,32.5316455696203
30,162,-5,0.155672823218997
30,163,18,0.155672823218997
30,164,51,-17.6027397260274
30,165,62,144.686567164179
30,166,411,221.390625
30,167,-6,-125.5
30,168,-238,-150.677083333333
30,169,-135,-36.9
30,170,-105,23.9666666666667
30,171,-135,-41.0060790273556
30,172,-80,-41.0060790273556
30,173,-44,-41.0060790273556
30,174,-24,-41.0060790273556
30,175,-5,-1.93548387096774
30,176,-3,0.155672823218997
30,177,1,0.155672823218997
30,178,27,0.155672823218997
30,179,100,78.4636363636364
30,180,284,183.075376884422
30,181,158,183.075376884422
30,182,-311,-247.307692307692
30,183,-118,-105.407407407407
30,184,-28,23.9666666666667
30,185,-9,-22.9081081081081
30,186,-46,0.155672823218997
30,187,-13,-41.0060790273556
30,188,47,0.155672823218997
30,189,137,144.686567164179
30,190,253,262.6625
30,191,17,-213.857142857143
30,192,-137,-198.66
30,193,-108,-106.431818181818
30,194,-71,-41.0060790273556
30,195,-27,-41.0060790273556
30,196,-92,-22.9081081081081
30,197,-45,-41.0060790273556
30,198,-12,-41.0060790273556
30,199,-7,-1.93548387096774
30,200,-2,0.155672823218997
30,201,0,0.155672823218997
30,202,26,0.155672823218997
30,203,90,78.4636363636364
30,204,286,183.075376884422
30,205,271,183.075376884422
30,206,-376,-302.384615384615
30,207,-112,-150.677083333333
30,208,40,-36.9
30,209,35,32.5316455696203
30,210,-26,-17.6027397260274
30,211,-1,-22.9081081081081
30,212,25,0.155672823218997
30,213,125,119.928571428571
30,214,361,221.390625
30,215,28,-89.2857142857143
30,216,-190,-198.66
30,217,-182,-153.171428571429
30,218,-137,-41.0060790273556
30,219,-19,-41.0060790273556
30,220,-104,-22.9081081081081
30,221,-80,-41.0060790273556
30,222,-39,-41.0060790273556
30,223,-4,-41.0060790273556
30,224,-11,0.155672823218997
30,225,-7,0.155672823218997
30,226,22,0.155672823218997
30,227,88,78.4636363636364
30,228,246,183.075376884422
30,229,341,183.075376884422
30,230,-341,-302.384615384615
30,231,-122,-150.677083333333
30,232,17,-36.9
30,233,108,78.4636363636364
30,234,19,-12.5384615384615
30,235,13,-17.6027397260274
30,236,13,-17.6027397260274
30,237,173,119.928571428571
30,238,239,302.666666666667
30,239,-151,-89.2857142857143
30,240,-176,-150.677083333333
30,241,-151,-106.431818181818
30,242,-54,-41.0060790273556
30,243,-85,-41.0060790273556
30,244,-15,-41.0060790273556
30,245,-45,-22.9081081081081
30,246,-54,-41.0060790273556
30,247,-7,-41.0060790273556
30,248,-52,0.155672823218997
30,249,-20,-41.0060790273556
30,250,-8,-22.9081081081081
30,251,30,0.155672823218997
30,252,45,78.4636363636364
30,253,125,78.4636363636364
30,254,130,183.075376884422
30,255,151,-213.857142857143
30,256,126,-213.857142857143
30,257,32,-213.857142857143
30,258,9,-26.7777777777778
30,259,-40,0.155672823218997
30,260,19,-41.0060790273556
30,261,11,-17.6027397260274
30,262,-71,-17.6027397260274
30,263,-152,-41.0060790273556
30,264,-362,-41.0060790273556
30,265,-15,-41.0060790273556
30,266,63,-22.9081081081081
30,267,8,-12.5384615384615
30,268,-19,0.155672823218997
30,269,26,-22.9081081081081
30,270,-44,78.4636363636364
30,271,-17,-41.0060790273556
30,272,-16,-22.9081081081081
30,273,-33,-22.9081081081081
30,274,-1,-22.9081081081081
30,275,6,0.155672823218997
30,276,12,0.155672823218997
30,277,27,32.5316455696203
30,278,28,78.4636363636364
30,279,-11,78.4636363636364
30,280,9,0.155672823218997
30,281,-16,0.155672823218997
30,282,-9,-22.9081081081081
30,283,1,0.155672823218997
30,284,-15,0.155672823218997
30,285,-2,-22.9081081081081
30,286,-9,0.155672823218997
30,287,12,0.155672823218997
30,288,-4,32.5316455696203
30,289,0,0.155672823218997
30,290,-24,0.155672823218997
30,291,2,-22.9081081081081
30,292,4,0.155672823218997
30,293,-11,0.155672823218997
30,294,-4,0.155672823218997
30,295,2,0.155672823218997
30,296,-3,0.155672823218997
30,297,2,0.155672823218997
30,298,11,0.155672823218997
30,299,31,32.5316455696203
30,300,162,32.5316455696203
30,301,275,144.686567164179
30,302,-210,-89.2857142857143
30,303,-172,-150.677083333333
30,304,1,-36.9
30,305,28,0.155672823218997
30,306,-22,32.5316455696203
30,307,7,-22.9081081081081
30,308,-2,0.155672823218997
30,309,-9,119.928571428571
30,310,129,-1.93548387096774
30,311,147,139.681818181818
30,312,-81,-89.2857142857143
30,313,-95,-105.407407407407
30,314,-51,-41.0060790273556
30,315,-63,-41.0060790273556
30,316,-30,-41.0060790273556
30,317,-46,-22.9081081081081
30,318,-6,-41.0060790273556
30,319,-4,0.155672823218997
30,320,-1,0.155672823218997
30,321,1,0.155672823218997
30,322,19,0.155672823218997
30,323,98,78.4636363636364
30,324,270,183.075376884422
30,325,221,183.075376884422
30,326,-303,-247.307692307692
30,327,-146,-150.677083333333
30,328,22,23.9666666666667
30,329,40,32.5316455696203
30,330,0,-17.6027397260274
30,331,-8,0.155672823218997
30,332,20,0.155672823218997
30,333,126,119.928571428571
30,334,329,221.390625
30,335,-59,-89.2857142857143
30,336,-150,-150.677083333333
30,337,-197,-153.171428571429
30,338,-59,-41.0060790273556
30,339,-69,-41.0060790273556
30,340,-84,-41.0060790273556
30,341,-37,-41.0060790273556
30,342,-11,-41.0060790273556
30,343,-18,-1.93548387096774
30,344,-4,-22.9081081081081
30,345,3,0.155672823218997
30,346,18,0.155672823218997
30,347,82,78.4636363636364
30,348,283,183.075376884422
30,349,265,183.075376884422
30,350,-333,-302.384615384615
30,351,-139,-150.677083333333
30,352,37,23.9666666666667
30,353,50,32.5316455696203
30,354,-41,-12.5384615384615
30,355,-5,-41.0060790273556
30,356,6,0.155672823218997
30,357,147,119.928571428571
30,358,356,221.390625
30,359,-23,-89.2857142857143
30,360,-166,-150.677083333333
30,361,-163,-153.171428571429
30,362,-141,-41.0060790273556
30,363,-47,-41.0060790273556
30,364,-88,-41.0060790273556
30,365,-61,-41.0060790273556
30,366,-20,-41.0060790273556
30,367,-10,-1.93548387096774
30,368,-7,0.155672823218997
30,369,-3,0.155672823218997
30,370,14,0.155672823218997
30,371,110,78.4636363636364
30,372,98,183.075376884422
30,373,137,183.075376884422
30,374,-161,-19.3571428571429
30,375,-62,-105.407407407407
30,376,12,-41.0060790273556
30,377,53,32.5316455696203
30,378,-7,-12.5384615384615
30,379,-28,0.155672823218997
30,380,35,-22.9081081081081
30,381,114,32.5316455696203
30,382,296,183.075376884422
30,383,50,-89.2857142857143
30,384,-200,-198.66
30,385,-127,-153.171428571429
30,386,-87,-78.7
30,387,-67,-41.0060790273556
30,388,-71,-41.0060790273556
30,389,-39,-41.0060790273556
30,390,-38,-41.0060790273556
30,391,-13,-41.0060790273556
30,392,-19,0.155672823218997
30,393,3,-22.9081081081081
30,394,13,0.155672823218997
30,395,101,78.4636363636364
30,396,195,183.075376884422
30,397,277,183.075376884422
30,398,-258,-302.384615384615
30,399,-98,-150.677083333333
30,400,-3,-36.9
30,401,74,0.155672823218997
30,402,-1,-12.5384615384615
30,403,-6,0.155672823218997
30,404,24,0.155672823218997
30,405,116,119.928571428571
30,406,262,221.390625
30,407,-48,-89.2857142857143
30,408,-213,-150.677083333333
30,409,-152,-106.431818181818
30,410,-81,-78.7
30,411,-50,-41.0060790273556
30,412,-42,-41.0060790273556
30,413,-13,-41.0060790273556
30,414,-36,0.155672823218997
30,415,-10,-41.0060790273556
30,416,-31,0.155672823218997
30,417,-24,-22.9081081081081
30,418,3,-22.9081081081081
30,419,23,0.155672823218997
30,420,27,78.4636363636364
30,421,103,78.4636363636364
30,422,56,183.075376884422
30,423,77,107.185185185185
30,424,67,62.5384615384615
30,425,23,19.6
30,426,8,32.5316455696203
30,427,51,0.155672823218997
30,428,-32,-12.5384615384615
30,429,-32,-22.9081081081081
30,430,-54,-22.9081081081081
30,431,-232,-41.0060790273556
30,432,49,-41.0060790273556
30,433,-37,139.681818181818
30,434,-18,-41.0060790273556
30,435,-1,-22.9081081081081
30,436,-41,0.155672823218997
30,437,-6,-41.0060790273556
30,438,6,0.155672823218997
30,439,-2,0.155672823218997
30,440,-24,0.155672823218997
30,441,-12,-22.9081081081081
30,442,2,0.155672823218997
30,443,1,0.155672823218997
30,444,20,0.155672823218997
30,445,80,32.5316455696203
30,446,78,139.681818181818
30,447,195,144.686567164179
30,448,31,-19.3571428571429
30,449,173,-198.66
30,450,11,-87.4545454545455
30,451,58,-105.407407407407
30,452,-50,-87.4545454545455
30,453,-16,-41.0060790273556
30,454,-65,-22.9081081081081
30,455,-35,-41.0060790273556
30,456,-112,-1.93548387096774
30,457,-132,-41.0060790273556
30,458,-39,-41.0060790273556
30,459,-96,-41.0060790273556
30,460,-26,-41.0060790273556
30,461,-34,-22.9081081081081
30,462,-24,-22.9081081081081
30,463,-16,-22.9081081081081
30,464,-4,-22.9081081081081
30,465,-2,0.155672823218997
30,466,18,0.155672823218997
30,467,103,78.4636363636364
30,468,226,183.075376884422
30,469,247,183.075376884422
30,470,-328,-302.384615384615
30,471,-111,-150.677083333333
30,472,6,23.9666666666667
30,473,62,0.155672823218997
30,474,22,-12.5384615384615
30,475,-29,-17.6027397260274
30,476,13,-22.9081081081081
30,477,116,119.928571428571
30,478,336,221.390625
30,479,-19,-89.2857142857143
30,480,-193,-150.677083333333
30,481,-162,-153.171428571429
30,482,-88,-41.0060790273556
30,483,-87,-41.0060790273556
30,484,-74,-41.0060790273556
30,485,-25,-41.0060790273556
30,486,-14,-22.9081081081081
30,487,-13,-1.93548387096774
30,488,-5,0.155672823218997
30,489,5,0.155672823218997
30,490,9,0.155672823218997
30,491,9,0.155672823218997
30,492,143,0.155672823218997
30,493,388,183.075376884422
30,494,-208,-89.2857142857143
30,495,-175,-150.677083333333
30,496,55,-153.171428571429
30,497,40,-12.5384615384615
30,498,-20,32.5316455696203
30,499,-45,-22.9081081081081
30,500,30,-41.0060790273556
30,501,120,32.5316455696203
30,502,327,302.666666666667
30,503,62,-89.2857142857143
30,504,-256,-198.66
30,505,-152,-153.171428571429
30,506,-53,-78.7
30,507,-71,-41.0060790273556
30,508,-116,-41.0060790273556
30,509,-48,-41.0060790273556
30,510,-32,-41.0060790273556
30,511,1,-1.93548387096774
30,512,-10,0.155672823218997
30,513,-2,0.155672823218997
30,514,29,0.155672823218997
30,515,87,78.4636363636364
30,516,238,183.075376884422
30,517,308,183.075376884422
30,518,-351,-302.384615384615
30,519,-140,-150.677083333333
30,520,9,-36.9
30,521,61,0.155672823218997
30,522,-17,-12.5384615384615
30,523,12,-22.9081081081081
30,524,16,-17.6027397260274
30,525,111,119.928571428571
30,526,362,302.666666666667
30,527,84,-12.5384615384615
30,528,-309,-198.66
30,529,-166,-36.9
30,530,-99,-78.7
30,531,-66,-41.0060790273556
30,532,-75,-41.0060790273556
30,533,-8,-41.0060790273556
30,534,-66,0.155672823218997
30,535,-7,-41.0060790273556
30,536,-11,0.155672823218997
30,537,-4,0.155672823218997
30,538,19,0.155672823218997
30,539,115,78.4636363636364
30,540,248,183.075376884422
30,541,243,-89.2857142857143
30,542,-323,-302.384615384615
30,543,-136,-150.677083333333
30,544,33,23.9666666666667
30,545,100,32.5316455696203
30,546,-36,-12.5384615384615
30,547,-61,-41.0060790273556
30,548,79,-41.0060790273556
30,549,87,107.185185185185
30,550,334,221.390625
30,551,2,-125.5
30,552,-184,-150.677083333333
30,553,-102,-153.171428571429
30,554,-121,-41.0060790273556
30,555,-53,-41.0060790273556
30,556,-125,-41.0060790273556
30,557,-32,-41.0060790273556
30,558,-41,-22.9081081081081
30,559,-37,-41.0060790273556
30,560,3,-41.0060790273556
30,561,-10,0.155672823218997
30,562,20,0.155672823218997
30,563,111,78.4636363636364
30,564,221,183.075376884422
30,565,262,183.075376884422
30,566,-324,-302.384615384615
30,567,-95,-150.677083333333
30,568,59,23.9666666666667
30,569,-87,-12.5384615384615
30,570,107,-41.0060790273556
30,571,-36,-125.5
30,572,101,-41.0060790273556
30,573,97,144.686567164179
30,574,203,221.390625
30,575,-2,-87.4545454545455
30,576,-189,-150.677083333333
30,577,-139,-106.431818181818
30,578,-78,-41.0060790273556
30,579,-3,-41.0060790273556
30,580,24,0.155672823218997
30,581,-103,-17.6027397260274
30,582,-46,-41.0060790273556
30,583,-32,-41.0060790273556
30,584,-43,-22.9081081081081
30,585,-23,-41.0060790273556
30,586,13,-22.9081081081081
30,587,20,32.5316455696203
30,588,45,32.5316455696203
30,589,110,78.4636363636364
30,590,87,107.185185185185
30,591,148,62.5384615384615
30,592,143,-19.3571428571429
30,593,-25,-213.857142857143
30,594,-26,-105.407407407407
30,595,-96,-22.9081081081081
30,596,113,-41.0060790273556
30,597,-1,-12.5384615384615
30,598,-38,-26.7777777777778
30,599,-68,-41.0060790273556
30,600,-29,-41.0060790273556
30,601,-96,-22.9081081081081
30,602,-40,-41.0060790273556
30,603,-52,-41.0060790273556
30,604,-68,-41.0060790273556
30,605,-15,-41.0060790273556
30,606,-13,-22.9081081081081
30,607,-28,0.155672823218997
30,608,-65,-22.9081081081081
30,609,-12,-41.0060790273556
30,610,-5,0.155672823218997
30,611,6,0.155672823218997
30,612,19,0.155672823218997
30,613,78,78.4636363636364
30,614,77,144.686567164179
30,615,142,183.075376884422
30,616,81,-19.3571428571429
30,617,144,-105.407407407407
30,618,7,-87.4545454545455
30,619,-47,-105.407407407407
30,620,53,-41.0060790273556
30,621,-27,-12.5384615384615
30,622,-33,-22.9081081081081
30,623,-48,-22.9081081081081
30,624,-80,-41.0060790273556
30,625,-107,-41.0060790273556
30,626,-73,-41.0060790273556
30,627,-46,-41.0060790273556
30,628,-55,-41.0060790273556
30,629,-68,-41.0060790273556
30,630,-25,-41.0060790273556
30,631,-3,-22.9081081081081
30,632,-1,0.155672823218997
30,633,-3,0.155672823218997
30,634,21,0.155672823218997
30,635,119,78.4636363636364
30,636,243,183.075376884422
30,637,254,-89.2857142857143
30,638,-289,-302.384615384615
30,639,-160,-150.677083333333
30,640,23,23.9666666666667
30,641,50,32.5316455696203
30,642,9,-12.5384615384615
30,643,-33,0.155672823218997
30,644,23,-22.9081081081081
30,645,126,119.928571428571
30,646,381,221.390625
30,647,-89,-89.2857142857143
30,648,-134,-150.677083333333
30,649,-223,-153.171428571429
30,650,-76,-41.0060790273556
30,651,-74,23.9666666666667
30,652,-60,-41.0060790273556
30,653,-75,-41.0060790273556
30,654,-29,-41.0060790273556
30,655,7,-1.93548387096774
30,656,-10,0.155672823218997
30,657,-1,0.155672823218997
30,658,15,0.155672823218997
30,659,145,78.4636363636364
30,660,298,183.075376884422
30,661,178,-89.2857142857143
30,662,-346,-247.307692307692
30,663,-138,-105.407407407407
30,664,60,23.9666666666667
30,665,46,-12.5384615384615
30,666,-44,-12.5384615384615
30,667,-148,-41.0060790273556
30,668,63,-41.0060790273556
30,669,255,107.185185185185
30,670,328,221.390625
30,671,-7,-302.384615384615
30,672,-252,-150.677083333333
30,673,-156,-153.171428571429
30,674,-79,-78.7
30,675,-76,-41.0060790273556
30,676,-84,-41.0060790273556
30,677,-28,-41.0060790273556
30,678,-21,-1.93548387096774
30,679,-13,-1.93548387096774
30,680,1,0.155672823218997
30,681,3,0.155672823218997
30,682,23,0.155672823218997
30,683,98,78.4636363636364
30,684,292,183.075376884422
30,685,204,183.075376884422
30,686,-297,-247.307692307692
30,687,-172,-150.677083333333
30,688,48,23.9666666666667
30,689,79,-12.5384615384615
30,690,-14,-12.5384615384615
30,691,-23,0.155672823218997
30,692,16,-22.9081081081081
30,693,98,119.928571428571
30,694,348,221.390625
30,695,-333,-12.5384615384615
30,696,-274,-150.677083333333
30,697,-47,-153.171428571429
30,698,-17,-78.7
30,699,33,-22.9081081081081
30,700,-12,-17.6027397260274
30,701,-22,0.155672823218997
30,702,-22,-22.9081081081081
30,703,-8,119.928571428571
30,704,0,0.155672823218997
30,705,-1,0.155672823218997
30,706,22,0.155672823218997
30,707,115,32.5316455696203
30,708,262,144.686567164179
30,709,229,-89.2857142857143
30,710,-269,-247.307692307692
30,711,-207,-150.677083333333
30,712,102,23.9666666666667
30,713,16,-12.5384615384615
30,714,46,-17.6027397260274
30,715,-71,-125.5
30,716,24,-41.0060790273556
30,717,150,119.928571428571
30,718,311,221.390625
30,719,38,-89.2857142857143
30,720,-217,-198.66
30,721,-179,-153.171428571429
30,722,-144,-78.7
30,723,2,-41.0060790273556
30,724,-97,0.155672823218997
30,725,-71,-41.0060790273556
30,726,-18,-41.0060790273556
30,727,-15,119.928571428571
30,728,-18,-22.9081081081081
30,729,-4,-22.9081081081081
30,730,17,0.155672823218997
30,731,109,32.5316455696203
30,732,216,183.075376884422
30,733,269,183.075376884422
30,734,-298,-302.384615384615
30,735,-112,-150.677083333333
30,736,81,23.9666666666667
30,737,57,-12.5384615384615
30,738,15,-12.5384615384615
30,739,-29,-17.6027397260274
30,740,105,-22.9081081081081
30,741,86,107.185185185185
30,742,254,221.390625
30,743,-183,19.6
30,744,-93,-150.677083333333
30,745,-162,-106.431818181818
30,746,-71,-41.0060790273556
30,747,-36,-41.0060790273556
30,748,-54,-41.0060790273556
30,749,-44,-41.0060790273556
30,750,-43,-41.0060790273556
30,751,-37,-41.0060790273556
30,752,-22,-41.0060790273556
30,753,-25,-22.9081081081081
30,754,4,-22.9081081081081
30,755,20,0.155672823218997
30,756,34,78.4636363636364
30,757,111,78.4636363636364
30,758,157,183.075376884422
30,759,76,-19.3571428571429
30,760,111,-105.407407407407
30,761,37,19.6
30,762,100,32.5316455696203
30,763,-44,-87.4545454545455
30,764,-25,-41.0060790273556
30,765,1,-22.9081081081081
30,766,-15,0.155672823218997
30,767,-30,-1.93548387096774
30,768,-107,-22.9081081081081
30,769,-152,-41.0060790273556
30,770,-57,-41.0060790273556
30,771,44,-41.0060790273556
30,772,-98,78.4636363636364
30,773,-78,-41.0060790273556
30,774,-4,-41.0060790273556
30,775,-12,0.155672823218997
30,776,-54,0.155672823218997
30,777,-19,-41.0060790273556
30,778,3,-22.9081081081081
30,779,9,0.155672823218997
30,780,39,0.155672823218997
30,781,96,78.4636363636364
30,782,66,144.686567164179
30,783,128,62.5384615384615
30,784,78,-19.3571428571429
30,785,103,-26.7777777777778
30,786,71,-87.4545454545455
30,787,-50,-87.4545454545455
30,788,-53,-41.0060790273556
30,789,65,-41.0060790273556
30,790,-86,-12.5384615384615
30,791,-89,-41.0060790273556
30,792,-50,-41.0060790273556
30,793,-109,-41.0060790273556
30,794,-61,-41.0060790273556
30,795,-38,-41.0060790273556
30,796,-57,-41.0060790273556
30,797,-39,-41.0060790273556
30,798,-24,-41.0060790273556
30,799,-9,-22.9081081081081
30,800,0,0.155672823218997
30,801,4,0.155672823218997
30,802,20,0.155672823218997
30,803,39,78.4636363636364
30,804,10,78.4636363636364
30,805,81,78.4636363636364
30,806,-46,62.5384615384615
30,807,-51,-41.0060790273556
30,808,20,-41.0060790273556
30,809,106,32.5316455696203
30,810,-9,-12.5384615384615
30,811,-5,0.155672823218997
30,812,25,0.155672823218997
30,813,-85,32.5316455696203
30,814,118,-41.0060790273556
30,815,71,-12.5384615384615
30,816,4,-26.7777777777778
30,817,-115,0.155672823218997
30,818,-37,-41.0060790273556
30,819,-23,-41.0060790273556
30,820,-54,-22.9081081081081
30,821,-43,-41.0060790273556
30,822,-13,-41.0060790273556
30,823,-15,0.155672823218997
30,824,2,-22.9081081081081
30,825,-1,0.155672823218997
30,826,3,0.155672823218997
30,827,16,0.155672823218997
30,828,68,78.4636363636364
30,829,317,183.075376884422
30,830,-54,144.686567164179
30,831,-184,-150.677083333333
30,832,53,-153.171428571429
30,833,40,139.681818181818
30,834,-25,32.5316455696203
30,835,-55,-22.9081081081081
30,836,72,-41.0060790273556
30,837,118,107.185185185185
30,838,304,183.075376884422
30,839,55,-213.857142857143
30,840,-221,-198.66
30,841,-249,-153.171428571429
30,842,-154,-78.7
30,843,-26,23.9666666666667
30,844,-12,-22.9081081081081
30,845,-32,0.155672823218997
30,846,-18,-22.9081081081081
30,847,-2,-1.93548387096774
30,848,-13,0.155672823218997
30,849,-2,0.155672823218997
30,850,34,0.155672823218997
30,851,120,78.4636363636364
30,852,282,144.686567164179
30,853,210,-89.2857142857143
30,854,-303,-247.307692307692
30,855,-155,-150.677083333333
30,856,75,23.9666666666667
30,857,63,-12.5384615384615
30,858,20,-12.5384615384615
30,859,-87,-17.6027397260274
30,860,11,-41.0060790273556
30,861,172,119.928571428571
30,862,427,221.390625
30,863,-27,-89.2857142857143
30,864,-256,-150.677083333333
30,865,-131,-153.171428571429
30,866,-66,-78.7
30,867,-107,-41.0060790273556
30,868,-153,-41.0060790273556
30,869,-54,-41.0060790273556
30,870,-51,-41.0060790273556
30,871,-12,-41.0060790273556
30,872,-13,0.155672823218997
30,873,13,0.155672823218997
30,874,19,78.4636363636364
30,875,124,78.4636363636364
30,876,315,183.075376884422
30,877,160,-89.2857142857143
30,878,-288,-247.307692307692
30,879,-141,-105.407407407407
30,880,74,23.9666666666667
30,881,69,-12.5384615384615
30,882,-21,-12.5384615384615
30,883,-57,-22.9081081081081
30,884,46,-41.0060790273556
30,885,114,107.185185185185
30,886,422,262.6625
30,887,16,-213.857142857143
30,888,-331,-198.66
30,889,-91,-153.171428571429
30,890,-147,-78.7
30,891,-48,-41.0060790273556
30,892,-85,-41.0060790273556
30,893,-96,-41.0060790273556
30,894,-21,-41.0060790273556
30,895,-28,-1.93548387096774
30,896,-7,-22.9081081081081
30,897,-3,0.155672823218997
30,898,23,0.155672823218997
30,899,148,78.4636363636364
30,900,333,183.075376884422
30,901,230,-89.2857142857143
30,902,-384,-247.307692307692
30,903,-106,-150.677083333333
30,904,79,23.9666666666667
30,905,26,-12.5384615384615
30,906,35,-17.6027397260274
30,907,-45,-17.6027397260274
30,908,41,-41.0060790273556
30,909,177,119.928571428571
30,910,244,221.390625
30,911,-143,-89.2857142857143
30,912,-186,-150.677083333333
30,913,-146,-106.431818181818
30,914,-79,-41.0060790273556
30,915,-7,-41.0060790273556
30,916,-77,0.155672823218997
30,917,-26,-41.0060790273556
30,918,-44,-1.93548387096774
30,919,-35,-41.0060790273556
30,920,-36,-22.9081081081081
30,921,-19,-41.0060790273556
30,922,-2,-22.9081081081081
30,923,38,0.155672823218997
30,924,45,78.4636363636364
30,925,100,78.4636363636364
30,926,97,183.075376884422
30,927,160,62.5384615384615
30,928,134,-19.3571428571429
30,929,56,-213.857142857143
30,930,62,-26.7777777777778
30,931,26,-87.4545454545455
30,932,-58,-17.6027397260274
30,933,-30,-41.0060790273556
30,934,-16,-22.9081081081081
30,935,19,-22.9081081081081
30,936,-213,-1.93548387096774
30,937,-117,-41.0060790273556
30,938,-56,-78.7
30,939,79,-41.0060790273556
30,940,-99,183.075376884422
30,941,-69,-41.0060790273556
30,942,-40,-41.0060790273556
30,943,-32,-41.0060790273556
30,944,-32,-22.9081081081081
30,945,-50,-22.9081081081081
30,946,-8,-41.0060790273556
30,947,17,0.155672823218997
30,948,65,78.4636363636364
30,949,81,183.075376884422
30,950,142,183.075376884422
30,951,119,-19.3571428571429
30,952,149,-213.857142857143
30,953,56,-213.857142857143
30,954,-30,-105.407407407407
30,955,-64,-22.9081081081081
30,956,-41,-41.0060790273556
30,957,75,-41.0060790273556
30,958,-28,-12.5384615384615
30,959,-75,-22.9081081081081
30,960,-72,-41.0060790273556
30,961,-128,-41.0060790273556
30,962,-41,-41.0060790273556
30,963,-88,-41.0060790273556
30,964,-59,-41.0060790273556
30,965,-46,-41.0060790273556
30,966,-25,-41.0060790273556
30,967,-4,-22.9081081081081
30,968,-9,0.155672823218997
30,969,5,0.155672823218997
30,970,8,0.155672823218997
30,971,64,0.155672823218997
30,972,74,183.075376884422
30,973,117,183.075376884422
30,974,-84,62.5384615384615
30,975,-87,-26.7777777777778
30,976,7,-41.0060790273556
30,977,64,0.155672823218997
30,978,14,-12.5384615384615
30,979,-4,-17.6027397260274
30,980,45,0.155672823218997
30,981,90,32.5316455696203
30,982,193,197.769230769231
30,983,22,19.6
30,984,-82,-198.66
30,985,-112,-106.431818181818
30,986,-95,-41.0060790273556
30,987,-99,-41.0060790273556
30,988,-45,-41.0060790273556
30,989,-61,-41.0060790273556
30,990,-9,-41.0060790273556
30,991,-16,-1.93548387096774
30,992,-6,-22.9081081081081
30,993,2,0.155672823218997
30,994,10,0.155672823218997
30,995,120,78.4636363636364
30,996,187,183.075376884422
30,997,266,-89.2857142857143
30,998,-257,-302.384615384615
30,999,-133,-150.677083333333
30,1000,-11,23.9666666666667
30,1001,65,0.155672823218997
30,1002,-11,-12.5384615384615
30,1003,-21,0.155672823218997
30,1004,23,-22.9081081081081
30,1005,141,119.928571428571
30,1006,399,221.390625
30,1007,0,-89.2857142857143
30,1008,-421,-150.677083333333
30,1009,9,-153.171428571429
30,1010,-112,0.155672823218997
30,1011,-87,-41.0060790273556
30,1012,-69,-41.0060790273556
30,1013,-58,-41.0060790273556
30,1014,-15,-41.0060790273556
30,1015,-20,-1.93548387096774
30,1016,-7,-22.9081081081081
30,1017,-2,0.155672823218997
30,1018,32,0.155672823218997
30,1019,125,78.4636363636364
30,1020,308,183.075376884422
30,1021,251,-89.2857142857143
30,1022,-422,-302.384615384615
30,1023,-106,-150.677083333333
30,1024,6,23.9666666666667
30,1025,51,0.155672823218997
30,1026,22,-12.5384615384615
30,1027,-22,-17.6027397260274
30,1028,9,-22.9081081081081
30,1029,21,119.928571428571
30,1030,7,119.928571428571
30,1031,42,0.155672823218997
30,1032,49,-17.6027397260274
30,1033,-81,-12.5384615384615
30,1034,-50,-41.0060790273556
30,1035,-86,-41.0060790273556
30,1036,-53,-41.0060790273556
30,1037,-50,-41.0060790273556
30,1038,-26,-41.0060790273556
30,1039,-14,-22.9081081081081
30,1040,-12,0.155672823218997
30,1041,1,0.155672823218997
30,1042,25,0.155672823218997
30,1043,126,78.4636363636364
30,1044,259,183.075376884422
30,1045,277,-89.2857142857143
30,1046,-391,-302.384615384615
30,1047,-116,-150.677083333333
30,1048,36,-36.9
30,1049,68,32.5316455696203
30,1050,13,-12.5384615384615
30,1051,-50,-17.6027397260274
30,1052,39,-41.0060790273556
30,1053,99,119.928571428571
30,1054,408,221.390625
30,1055,-46,19.6
30,1056,-260,-150.677083333333
30,1057,-94,-153.171428571429
30,1058,-113,-78.7
30,1059,-42,-41.0060790273556
30,1060,-76,-41.0060790273556
30,1061,-94,-41.0060790273556
30,1062,-31,-41.0060790273556
30,1063,-19,-1.93548387096774
30,1064,-9,-22.9081081081081
30,1065,-5,0.155672823218997
30,1066,21,0.155672823218997
30,1067,83,78.4636363636364
30,1068,246,183.075376884422
30,1069,224,183.075376884422
30,1070,-243,-247.307692307692
30,1071,-108,-150.677083333333
30,1072,51,23.9666666666667
30,1073,38,-12.5384615384615
30,1074,12,-17.6027397260274
30,1075,34,-17.6027397260274
30,1076,99,-17.6027397260274
30,1077,118,107.185185185185
30,1078,69,221.390625
30,1079,-131,-26.7777777777778
30,1080,-118,-41.0060790273556
30,1081,-54,-41.0060790273556
30,1082,-95,-41.0060790273556
30,1083,-43,-41.0060790273556
30,1084,-46,-41.0060790273556
30,1085,-50,-41.0060790273556
30,1086,-34,-41.0060790273556
30,1087,-18,-22.9081081081081
30,1088,-33,-22.9081081081081
30,1089,-29,-22.9081081081081
30,1090,8,-22.9081081081081
30,1091,21,0.155672823218997
30,1092,23,78.4636363636364
30,1093,87,78.4636363636364
30,1094,148,107.185185185185
30,1095,148,-19.3571428571429
30,1096,83,-213.857142857143
30,1097,9,-105.407407407407
30,1098,10,0.155672823218997
30,1099,25,32.5316455696203
30,1100,-51,-17.6027397260274
30,1101,-9,-41.0060790273556
30,1102,-42,0.155672823218997
30,1103,-47,-41.0060790273556
30,1104,-42,-41.0060790273556
30,1105,-118,-41.0060790273556
30,1106,-4,-41.0060790273556
30,1107,-47,0.155672823218997
30,1108,-54,-41.0060790273556
30,1109,-13,-41.0060790273556
30,1110,-59,0.155672823218997
30,1111,-17,-41.0060790273556
30,1112,-25,-22.9081081081081
30,1113,-25,-22.9081081081081
30,1114,-4,-22.9081081081081
30,1115,15,0.155672823218997
30,1116,30,78.4636363636364
30,1117,99,78.4636363636364
30,1118,119,183.075376884422
30,1119,154,107.185185185185
30,1120,95,-213.857142857143
30,1121,51,-105.407407407407
30,1122,-72,-87.4545454545455
30,1123,49,-41.0060790273556
30,1124,-12,-87.4545454545455
30,1125,-34,0.155672823218997
30,1126,21,-22.9081081081081
30,1127,-4,-17.6027397260274
30,1128,-76,119.928571428571
30,1129,-50,-41.0060790273556
30,1130,-249,-41.0060790273556
30,1131,-84,-41.0060790273556
30,1132,37,-78.7
30,1133,-31,78.4636363636364
30,1134,-6,-22.9081081081081
30,1135,-11,0.155672823218997
30,1136,-30,0.155672823218997
30,1137,-12,-22.9081081081081
30,1138,3,0.155672823218997
30,1139,11,0.155672823218997
30,1140,47,32.5316455696203
30,1141,88,183.075376884422
30,1142,108,144.686567164179
30,1143,101,62.5384615384615
30,1144,112,62.5384615384615
30,1145,49,19.6
30,1146,31,-26.7777777777778
30,1147,-91,-17.6027397260274
30,1148,-5,-41.0060790273556
30,1149,41,0.155672823218997
30,1150,-96,-17.6027397260274
30,1151,-22,-41.0060790273556
30,1152,12,-22.9081081081081
30,1153,-78,32.5316455696203
30,1154,-70,-41.0060790273556
30,1155,-90,-41.0060790273556
30,1156,-75,-41.0060790273556
30,1157,-37,-41.0060790273556
30,1158,-31,-41.0060790273556
30,1159,-6,-22.9081081081081
30,1160,-5,0.155672823218997
30,1161,2,0.155672823218997
30,1162,28,0.155672823218997
30,1163,121,78.4636363636364
30,1164,296,183.075376884422
30,1165,184,-89.2857142857143
30,1166,-377,-247.307692307692
30,1167,-74,-150.677083333333
30,1168,14,23.9666666666667
30,1169,40,32.5316455696203
30,1170,2,-17.6027397260274
30,1171,-1,0.155672823218997
30,1172,18,0.155672823218997
30,1173,137,119.928571428571
30,1174,388,221.390625
30,1175,-71,-89.2857142857143
30,1176,-184,-150.677083333333
30,1177,-322,-153.171428571429
30,1178,-133,-41.0060790273556
30,1179,-16,23.9666666666667
30,1180,-5,-22.9081081081081
30,1181,-14,0.155672823218997
30,1182,-32,0.155672823218997
30,1183,1,119.928571428571
30,1184,0,0.155672823218997
30,1185,1,0.155672823218997
30,1186,35,0.155672823218997
30,1187,103,78.4636363636364
30,1188,339,144.686567164179
30,1189,188,144.686567164179
30,1190,-366,-247.307692307692
30,1191,-128,-150.677083333333
30,1192,31,23.9666666666667
30,1193,45,-17.6027397260274
30,1194,36,-17.6027397260274
30,1195,-37,-17.6027397260274
30,1196,23,-41.0060790273556
30,1197,123,119.928571428571
30,1198,441,221.390625
30,1199,-43,-89.2857142857143
30,1200,-240,-150.677083333333
30,1201,-125,-153.171428571429
30,1202,-127,-78.7
30,1203,-87,-41.0060790273556
30,1204,-57,-41.0060790273556
30,1205,-99,-41.0060790273556
30,1206,-35,-41.0060790273556
30,1207,-12,-1.93548387096774
30,1208,-6,0.155672823218997
30,1209,0,0.155672823218997
30,1210,25,0.155672823218997
30,1211,145,78.4636363636364
30,1212,329,183.075376884422
30,1213,186,-89.2857142857143
30,1214,-382,-247.307692307692
30,1215,-91,-150.677083333333
30,1216,-2,23.9666666666667
30,1217,74,0.155672823218997
30,1218,1,-12.5384615384615
30,1219,-39,0.155672823218997
30,1220,36,-41.0060790273556
30,1221,197,119.928571428571
30,1222,340,221.390625
30,1223,-42,-89.2857142857143
30,1224,-194,-150.677083333333
30,1225,-112,-153.171428571429
30,1226,-120,-41.0060790273556
30,1227,-95,-41.0060790273556
30,1228,-124,-41.0060790273556
30,1229,-54,-41.0060790273556
30,1230,-52,-41.0060790273556
30,1231,-18,-41.0060790273556
30,1232,-12,-22.9081081081081
30,1233,2,0.155672823218997
30,1234,39,0.155672823218997
30,1235,96,78.4636363636364
30,1236,261,183.075376884422
30,1237,292,183.075376884422
30,1238,-396,-302.384615384615
30,1239,-94,-150.677083333333
30,1240,31,-36.9
30,1241,75,-17.6027397260274
30,1242,6,-12.5384615384615
30,1243,-62,0.155672823218997
30,1244,4,-41.0060790273556
30,1245,-36,119.928571428571
30,1246,5,-41.0060790273556
30,1247,-117,0.155672823218997
30,1248,-65,-41.0060790273556
30,1249,-6,-41.0060790273556
30,1250,46,0.155672823218997
30,1251,-62,139.681818181818
30,1252,50,-41.0060790273556
30,1253,13,-125.5
30,1254,-10,32.5316455696203
30,1255,-35,0.155672823218997
30,1256,-15,-22.9081081081081
30,1257,-13,-22.9081081081081
30,1258,-1,0.155672823218997
30,1259,24,0.155672823218997
30,1260,50,32.5316455696203
30,1261,124,144.686567164179
30,1262,122,144.686567164179
30,1263,161,-213.857142857143
30,1264,43,-213.857142857143
30,1265,132,-105.407407407407
30,1266,11,-87.4545454545455
30,1267,-32,-26.7777777777778
30,1268,55,-22.9081081081081
30,1269,-58,-12.5384615384615
30,1270,-58,-41.0060790273556
30,1271,-74,-41.0060790273556
30,1272,42,-41.0060790273556
30,1273,-155,32.5316455696203
30,1274,-83,-41.0060790273556
30,1275,-88,-41.0060790273556
30,1276,10,-41.0060790273556
30,1277,-69,78.4636363636364
30,1278,-48,-41.0060790273556
30,1279,-32,-41.0060790273556
30,1280,-39,-22.9081081081081
30,1281,-37,-41.0060790273556
30,1282,-1,-41.0060790273556
30,1283,10,0.155672823218997
30,1284,13,32.5316455696203
30,1285,105,78.4636363636364
30,1286,160,183.075376884422
30,1287,104,-19.3571428571429
30,1288,107,-213.857142857143
30,1289,173,19.6
30,1290,2,-87.4545454545455
30,1291,-8,-105.407407407407
30,1292,-34,0.155672823218997
30,1293,18,-22.9081081081081
30,1294,-84,-17.6027397260274
30,1295,-82,-41.0060790273556
30,1296,-43,-41.0060790273556
30,1297,-139,-41.0060790273556
30,1298,-68,-41.0060790273556
30,1299,-20,-41.0060790273556
30,1300,-118,-22.9081081081081
30,1301,-59,-41.0060790273556
30,1302,-35,-41.0060790273556
30,1303,-3,-22.9081081081081
30,1304,-6,0.155672823218997
30,1305,3,0.155672823218997
30,1306,27,0.155672823218997
30,1307,104,78.4636363636364
30,1308,378,183.075376884422
30,1309,148,183.075376884422
30,1310,-383,-247.307692307692
30,1311,-95,-105.407407407407
30,1312,52,23.9666666666667
30,1313,43,-12.5384615384615
30,1314,-8,-17.6027397260274
30,1315,-4,0.155672823218997
30,1316,22,0.155672823218997
30,1317,156,119.928571428571
30,1318,386,262.6625
30,1319,-12,-89.2857142857143
30,1320,-177,-150.677083333333
30,1321,-184,-153.171428571429
30,1322,-196,-41.0060790273556
30,1323,-97,-41.0060790273556
30,1324,-82,-41.0060790273556
30,1325,-52,-41.0060790273556
30,1326,-14,-41.0060790273556
30,1327,-12,-1.93548387096774
30,1328,-3,0.155672823218997
30,1329,0,0.155672823218997
30,1330,31,0.155672823218997
30,1331,148,78.4636363636364
30,1332,385,183.075376884422
30,1333,141,-89.2857142857143
30,1334,-375,-247.307692307692
30,1335,-159,-105.407407407407
30,1336,51,23.9666666666667
30,1337,20,-12.5384615384615
30,1338,20,-17.6027397260274
30,1339,9,-17.6027397260274
30,1340,-4,0.155672823218997
30,1341,201,119.928571428571
30,1342,377,262.6625
30,1343,-60,-89.2857142857143
30,1344,-277,-150.677083333333
30,1345,-98,-153.171428571429
30,1346,-132,-78.7
30,1347,-90,-41.0060790273556
30,1348,-80,-41.0060790273556
30,1349,-64,-41.0060790273556
30,1350,-22,-41.0060790273556
30,1351,-16,-1.93548387096774
30,1352,-3,-22.9081081081081
30,1353,2,0.155672823218997
30,1354,28,0.155672823218997
30,1355,134,78.4636363636364
30,1356,375,183.075376884422
30,1357,121,-89.2857142857143
30,1358,-365,-247.307692307692
30,1359,-100,-26.7777777777778
30,1360,23,23.9666666666667
30,1361,89,32.5316455696203
30,1362,-12,-12.5384615384615
30,1363,-1,0.155672823218997
30,1364,-2,0.155672823218997
30,1365,152,119.928571428571
30,1366,272,262.6625
30,1367,58,-89.2857142857143
30,1368,-244,-198.66
30,1369,-130,-153.171428571429
30,1370,-110,-78.7
30,1371,-50,-41.0060790273556
30,1372,-125,-41.0060790273556
30,1373,-64,-41.0060790273556
30,1374,-37,-41.0060790273556
30,1375,-10,-41.0060790273556
30,1376,-7,0.155672823218997
30,1377,1,0.155672823218997
30,1378,28,0.155672823218997
30,1379,136,78.4636363636364
30,1380,356,183.075376884422
30,1381,155,-89.2857142857143
30,1382,-344,-247.307692307692
30,1383,-127,-105.407407407407
30,1384,27,23.9666666666667
30,1385,99,32.5316455696203
30,1386,-21,-12.5384615384615
30,1387,-50,-22.9081081081081
30,1388,68,-41.0060790273556
30,1389,133,107.185185185185
30,1390,403,262.6625
30,1391,-56,-213.857142857143
30,1392,-211,-150.677083333333
30,1393,-124,-153.171428571429
30,1394,-165,-78.7
30,1395,-85,-41.0060790273556
30,1396,-51,-41.0060790273556
30,1397,-100,-41.0060790273556
30,1398,-48,-41.0060790273556
30,1399,-10,-41.0060790273556
30,1400,-11,0.155672823218997
30,1401,2,0.155672823218997
30,1402,19,0.155672823218997
30,1403,110,78.4636363636364
30,1404,289,183.075376884422
30,1405,272,183.075376884422
30,1406,-318,-302.384615384615
30,1407,-133,-150.677083333333
30,1408,15,-36.9
30,1409,105,32.5316455696203
30,1410,47,-12.5384615384615
30,1411,-43,-12.5384615384615
30,1412,24,-41.0060790273556
30,1413,126,119.928571428571
30,1414,270,221.390625
30,1415,-70,-89.2857142857143
30,1416,-168,-150.677083333333
30,1417,-147,-153.171428571429
30,1418,-69,-41.0060790273556
30,1419,-48,-41.0060790273556
30,1420,-76,-41.0060790273556
30,1421,-9,-41.0060790273556
30,1422,-83,0.155672823218997
30,1423,-34,-41.0060790273556
30,1424,-49,-22.9081081081081
30,1425,-32,-41.0060790273556
30,1426,11,-22.9081081081081
30,1427,61,78.4636363636364
30,1428,7,183.075376884422
30,1429,157,0.155672823218997
30,1430,96,-19.3571428571429
30,1431,126,-105.407407407407
30,1432,103,183.075376884422
30,1433,-38,-26.7777777777778
30,1434,54,-41.0060790273556
30,1435,8,-87.4545454545455
30,1436,-38,0.155672823218997
30,1437,-21,-41.0060790273556
30,1438,-39,119.928571428571
30,1439,-44,-41.0060790273556
30,1440,-91,-41.0060790273556
30,1441,3,-41.0060790273556
30,1442,-47,0.155672823218997
30,1443,-102,-41.0060790273556
30,1444,16,-41.0060790273556
30,1445,-72,78.4636363636364
30,1446,-42,-41.0060790273556
30,1447,-43,-41.0060790273556
30,1448,-44,-41.0060790273556
30,1449,-19,-41.0060790273556
30,1450,3,-22.9081081081081
30,1451,17,0.155672823218997
30,1452,32,32.5316455696203
30,1453,119,78.4636363636364
30,1454,85,183.075376884422
30,1455,147,-26.7777777777778
30,1456,86,-19.3571428571429
30,1457,3,-105.407407407407
30,1458,-10,0.155672823218997
30,1459,8,0.155672823218997
30,1460,-25,0.155672823218997
30,1461,33,-22.9081081081081
30,1462,13,-17.6027397260274
30,1463,-31,-17.6027397260274
30,1464,-115,-22.9081081081081
30,1465,-12,-41.0060790273556
30,1466,-110,0.155672823218997
30,1467,-94,-41.0060790273556
30,1468,-49,-41.0060790273556
30,1469,-69,-41.0060790273556
30,1470,-17,-41.0060790273556
30,1471,-7,-22.9081081081081
30,1472,-11,0.155672823218997
30,1473,1,0.155672823218997
30,1474,30,0.155672823218997
30,1475,107,78.4636363636364
30,1476,359,183.075376884422
30,1477,148,183.075376884422
30,1478,-335,-247.307692307692
30,1479,-169,-105.407407407407
30,1480,55,23.9666666666667
30,1481,59,-12.5384615384615
30,1482,-13,-12.5384615384615
30,1483,11,0.155672823218997
30,1484,0,-17.6027397260274
30,1485,168,119.928571428571
30,1486,373,262.6625
30,1487,31,-89.2857142857143
30,1488,-235,-198.66
30,1489,-202,-36.9
30,1490,-144,-78.7
30,1491,-86,23.9666666666667
30,1492,-84,-41.0060790273556
30,1493,-52,-41.0060790273556
30,1494,-12,-41.0060790273556
30,1495,-10,-1.93548387096774
30,1496,6,0.155672823218997
30,1497,-8,0.155672823218997
30,1498,25,0.155672823218997
30,1499,107,78.4636363636364
30,1500,167,183.075376884422
30,1501,310,183.075376884422
30,1502,-328,-213.857142857143
30,1503,-160,-150.677083333333
30,1504,-60,-36.9
30,1505,30,-41.0060790273556
30,1506,-36,-17.6027397260274
30,1507,1,-41.0060790273556
30,1508,56,0.155672823218997
30,1509,123,107.185185185185
30,1510,442,302.666666666667
30,1511,-28,-213.857142857143
30,1512,-162,-150.677083333333
30,1513,-105,-153.171428571429
30,1514,-112,-41.0060790273556
30,1515,-67,-41.0060790273556
30,1516,-118,-41.0060790273556
30,1517,-55,-41.0060790273556
30,1518,-6,-41.0060790273556
30,1519,-24,-1.93548387096774
30,1520,4,-22.9081081081081
30,1521,2,0.155672823218997
30,1522,30,0.155672823218997
30,1523,154,78.4636363636364
30,1524,311,183.075376884422
30,1525,208,-89.2857142857143
30,1526,-361,-247.307692307692
30,1527,-154,-150.677083333333
30,1528,48,23.9666666666667
30,1529,88,-12.5384615384615
30,1530,-79,-12.5384615384615
30,1531,65,-41.0060790273556
30,1532,-39,-125.5
30,1533,111,-41.0060790273556
30,1534,465,221.390625
30,1535,-113,-12.5384615384615
30,1536,-73,-150.677083333333
30,1537,-223,-36.9
30,1538,-52,-41.0060790273556
30,1539,-158,23.9666666666667
30,1540,-85,-41.0060790273556
30,1541,-105,-41.0060790273556
30,1542,-27,-41.0060790273556
30,1543,-12,-1.93548387096774
30,1544,-4,0.155672823218997
30,1545,1,0.155672823218997
30,1546,34,0.155672823218997
30,1547,141,78.4636363636364
30,1548,325,183.075376884422
30,1549,213,-89.2857142857143
30,1550,-362,-247.307692307692
30,1551,-178,-150.677083333333
30,1552,49,23.9666666666667
30,1553,37,-12.5384615384615
30,1554,19,-17.6027397260274
30,1555,14,-17.6027397260274
30,1556,26,-17.6027397260274
30,1557,114,119.928571428571
30,1558,429,221.390625
30,1559,-44,-89.2857142857143
30,1560,-244,-150.677083333333
30,1561,-144,-36.9
30,1562,-98,-78.7
30,1563,-95,-41.0060790273556
30,1564,-70,-41.0060790273556
30,1565,-78,-41.0060790273556
30,1566,-43,-41.0060790273556
30,1567,-36,-41.0060790273556
30,1568,-10,-41.0060790273556
30,1569,9,0.155672823218997
30,1570,19,0.155672823218997
30,1571,118,78.4636363636364
30,1572,279,183.075376884422
30,1573,223,-89.2857142857143
30,1574,-287,-247.307692307692
30,1575,-150,-150.677083333333
30,1576,70,23.9666666666667
30,1577,117,-12.5384615384615
30,1578,-10,-12.5384615384615
30,1579,-17,-26.7777777777778
30,1580,1,-22.9081081081081
30,1581,181,119.928571428571
30,1582,265,221.390625
30,1583,-130,-89.2857142857143
30,1584,-226,-150.677083333333
30,1585,-82,-106.431818181818
30,1586,-52,-78.7
30,1587,-12,-41.0060790273556
30,1588,-99,0.155672823218997
30,1589,-85,-41.0060790273556
30,1590,-42,-41.0060790273556
30,1591,-28,-41.0060790273556
30,1592,-40,-22.9081081081081
30,1593,-19,-41.0060790273556
30,1594,15,-22.9081081081081
30,1595,24,78.4636363636364
30,1596,31,78.4636363636364
30,1597,126,78.4636363636364
30,1598,163,-19.3571428571429
30,1599,68,-89.2857142857143
30,1600,131,-105.407407407407
30,1601,37,19.6
30,1602,14,-26.7777777777778
30,1603,-44,32.5316455696203
30,1604,10,-41.0060790273556
30,1605,-41,-17.6027397260274
30,1606,51,-41.0060790273556
30,1607,-22,-12.5384615384615
30,1608,-110,-22.9081081081081
30,1609,-109,-41.0060790273556
30,1610,-62,-41.0060790273556
30,1611,-10,-41.0060790273556
30,1612,-97,0.155672823218997
30,1613,-35,-41.0060790273556
30,1614,-60,-22.9081081081081
30,1615,-14,-41.0060790273556
30,1616,-46,0.155672823218997
30,1617,-10,-41.0060790273556
30,1618,-1,0.155672823218997
30,1619,6,0.155672823218997
30,1620,25,0.155672823218997
30,1621,71,78.4636363636364
30,1622,155,183.075376884422
30,1623,162,144.686567164179
30,1624,110,-213.857142857143
30,1625,69,-213.857142857143
30,1626,-1,-87.4545454545455
30,1627,-32,0.155672823218997
30,1628,-119,-22.9081081081081
30,1629,117,-41.0060790273556
30,1630,13,-12.5384615384615
30,1631,-80,-26.7777777777778
30,1632,-123,-41.0060790273556
30,1633,-88,-41.0060790273556
30,1634,-56,-41.0060790273556
30,1635,-93,-41.0060790273556
30,1636,-45,-41.0060790273556
30,1637,-68,-41.0060790273556
30,1638,-26,-41.0060790273556
30,1639,-5,-22.9081081081081
30,1640,-5,0.155672823218997
30,1641,5,0.155672823218997
30,1642,14,0.155672823218997
30,1643,14,78.4636363636364
30,1644,108,78.4636363636364
30,1645,329,183.075376884422
30,1646,-224,-19.3571428571429
30,1647,-159,-150.677083333333
30,1648,30,-36.9
30,1649,47,32.5316455696203
30,1650,57,-12.5384615384615
30,1651,-6,-125.5
30,1652,18,0.155672823218997
30,1653,95,32.5316455696203
30,1654,391,302.666666666667
30,1655,-81,-12.5384615384615
30,1656,-179,-150.677083333333
30,1657,-101,-153.171428571429
30,1658,-89,-41.0060790273556
30,1659,-109,-41.0060790273556
30,1660,-90,-41.0060790273556
30,1661,-39,-41.0060790273556
30,1662,-21,-41.0060790273556
30,1663,1,-1.93548387096774
30,1664,-7,0.155672823218997
30,1665,2,0.155672823218997
30,1666,27,0.155672823218997
30,1667,124,78.4636363636364
30,1668,319,183.075376884422
30,1669,193,-89.2857142857143
30,1670,-345,-247.307692307692
30,1671,-148,-150.677083333333
30,1672,50,23.9666666666667
30,1673,62,-12.5384615384615
30,1674,-20,-12.5384615384615
30,1675,-45,-22.9081081081081
30,1676,32,-41.0060790273556
30,1677,75,119.928571428571
30,1678,477,221.390625
30,1679,-16,-125.5
30,1680,-281,-150.677083333333
30,1681,-56,-153.171428571429
30,1682,-182,-78.7
30,1683,15,-41.0060790273556
30,1684,-166,-17.6027397260274
30,1685,-72,-41.0060790273556
30,1686,-26,-41.0060790273556
30,1687,-21,119.928571428571
30,1688,2,-22.9081081081081
30,1689,-1,0.155672823218997
30,1690,32,0.155672823218997
30,1691,126,32.5316455696203
30,1692,299,183.075376884422
30,1693,179,-89.2857142857143
30,1694,-327,-247.307692307692
30,1695,-149,-105.407407407407
30,1696,21,23.9666666666667
30,1697,-8,32.5316455696203
30,1698,31,0.155672823218997
30,1699,-21,-17.6027397260274
30,1700,-11,-22.9081081081081
30,1701,156,119.928571428571
30,1702,356,221.390625
30,1703,-19,-89.2857142857143
30,1704,-133,-150.677083333333
30,1705,-132,-153.171428571429
30,1706,-63,-41.0060790273556
30,1707,-87,-41.0060790273556
30,1708,-134,-41.0060790273556
30,1709,-54,-41.0060790273556
30,1710,-51,-41.0060790273556
30,1711,0,-41.0060790273556
30,1712,-7,0.155672823218997
30,1713,1,0.155672823218997
30,1714,28,0.155672823218997
30,1715,110,78.4636363636364
30,1716,313,183.075376884422
30,1717,127,183.075376884422
30,1718,-334,-247.307692307692
30,1719,-106,-26.7777777777778
30,1720,11,23.9666666666667
30,1721,54,32.5316455696203
30,1722,-43,-12.5384615384615
30,1723,4,-41.0060790273556
30,1724,18,0.155672823218997
30,1725,126,119.928571428571
30,1726,295,262.6625
30,1727,25,-89.2857142857143
30,1728,-141,-198.66
30,1729,-63,-153.171428571429
30,1730,-125,-41.0060790273556
30,1731,-68,-41.0060790273556
30,1732,-97,-41.0060790273556
30,1733,-53,-41.0060790273556
30,1734,-62,-41.0060790273556
30,1735,-19,-41.0060790273556
30,1736,-5,-22.9081081081081
30,1737,3,0.155672823218997
30,1738,28,0.155672823218997
30,1739,84,78.4636363636364
30,1740,237,183.075376884422
30,1741,254,183.075376884422
30,1742,-280,-302.384615384615
30,1743,-148,-150.677083333333
30,1744,51,23.9666666666667
30,1745,18,-12.5384615384615
30,1746,46,-17.6027397260274
30,1747,-37,-125.5
30,1748,21,-41.0060790273556
30,1749,96,119.928571428571
30,1750,266,221.390625
30,1751,-141,-12.5384615384615
30,1752,-143,-150.677083333333
30,1753,-160,-106.431818181818
30,1754,15,-41.0060790273556
30,1755,-20,78.4636363636364
30,1756,-23,-22.9081081081081
30,1757,-58,-22.9081081081081
30,1758,7,-41.0060790273556
30,1759,-30,-1.93548387096774
30,1760,-51,-22.9081081081081
30,1761,-23,-41.0060790273556
30,1762,-7,-22.9081081081081
30,1763,35,0.155672823218997
30,1764,31,78.4636363636364
30,1765,89,78.4636363636364
30,1766,165,144.686567164179
30,1767,162,-19.3571428571429
30,1768,22,-213.857142857143
30,1769,86,-105.407407407407
30,1770,-38,-87.4545454545455
30,1771,45,-41.0060790273556
30,1772,-126,-17.6027397260274
30,1773,30,-41.0060790273556
30,1774,17,-17.6027397260274
30,1775,-49,119.928571428571
30,1776,-56,-41.0060790273556
30,1777,-39,-41.0060790273556
30,1778,-64,-41.0060790273556
30,1779,-43,-41.0060790273556
30,1780,-54,-41.0060790273556
30,1781,-62,-41.0060790273556
30,1782,-36,-41.0060790273556
30,1783,-13,-41.0060790273556
30,1784,-54,0.155672823218997
30,1785,-47,-41.0060790273556
30,1786,-5,-41.0060790273556
30,1787,17,0.155672823218997
30,1788,46,78.4636363636364
30,1789,70,183.075376884422
30,1790,91,183.075376884422
30,1791,220,62.5384615384615
30,1792,54,-19.3571428571429
30,1793,50,-198.66
30,1794,29,-87.4545454545455
30,1795,-34,-17.6027397260274
30,1796,-64,-22.9081081081081
30,1797,-26,-41.0060790273556
30,1798,71,-22.9081081081081
30,1799,2,-12.5384615384615
30,1800,-111,-1.93548387096774
30,1801,-91,-41.0060790273556
30,1802,-79,-41.0060790273556
30,1803,-75,-41.0060790273556
30,1804,-91,-41.0060790273556
30,1805,-19,-41.0060790273556
30,1806,-37,-22.9081081081081
30,1807,-17,-41.0060790273556
30,1808,-9,-22.9081081081081
30,1809,-1,0.155672823218997
30,1810,39,0.155672823218997
30,1811,115,78.4636363636364
30,1812,327,183.075376884422
30,1813,123,-89.2857142857143
30,1814,-340,-247.307692307692
30,1815,-84,-26.7777777777778
30,1816,-3,23.9666666666667
30,1817,89,0.155672823218997
30,1818,-10,-12.5384615384615
30,1819,-9,0.155672823218997
30,1820,-18,0.155672823218997
30,1821,181,119.928571428571
30,1822,419,262.6625
30,1823,-42,-89.2857142857143
30,1824,-209,-150.677083333333
30,1825,-107,-153.171428571429
30,1826,-144,-78.7
30,1827,-144,-41.0060790273556
30,1828,-84,-41.0060790273556
30,1829,-66,-41.0060790273556
30,1830,-7,-41.0060790273556
30,1831,-21,-1.93548387096774
30,1832,0,-22.9081081081081
30,1833,1,0.155672823218997
30,1834,29,0.155672823218997
30,1835,149,78.4636363636364
30,1836,364,183.075376884422
30,1837,104,-89.2857142857143
30,1838,-328,-247.307692307692
30,1839,-138,-153.171428571429
30,1840,45,23.9666666666667
30,1841,73,32.5316455696203
30,1842,-2,-12.5384615384615
30,1843,-39,0.155672823218997
30,1844,50,-41.0060790273556
30,1845,99,107.185185185185
30,1846,484,262.6625
30,1847,-76,-125.5
30,1848,-212,-150.677083333333
30,1849,-107,-153.171428571429
30,1850,-177,-78.7
30,1851,-83,-41.0060790273556
30,1852,-114,-41.0060790273556
30,1853,-77,-41.0060790273556
30,1854,-31,-41.0060790273556
30,1855,-9,-1.93548387096774
30,1856,-6,0.155672823218997
30,1857,3,0.155672823218997
30,1858,25,0.155672823218997
30,1859,164,78.4636363636364
30,1860,327,183.075376884422
30,1861,160,-89.2857142857143
30,1862,-405,-247.307692307692
30,1863,-110,-105.407407407407
30,1864,37,23.9666666666667
30,1865,113,32.5316455696203
30,1866,-1,-12.5384615384615
30,1867,-51,-26.7777777777778
30,1868,-21,-41.0060790273556
30,1869,143,119.928571428571
30,1870,451,262.6625
30,1871,-39,-89.2857142857143
30,1872,-161,-150.677083333333
30,1873,-198,-153.171428571429
30,1874,-78,-41.0060790273556
30,1875,-70,-41.0060790273556
30,1876,-138,-41.0060790273556
30,1877,-105,-41.0060790273556
30,1878,-29,-41.0060790273556
30,1879,-12,-1.93548387096774
30,1880,-6,0.155672823218997
30,1881,4,0.155672823218997
30,1882,36,0.155672823218997
30,1883,146,78.4636363636364
30,1884,315,183.075376884422
30,1885,109,-89.2857142857143
30,1886,-266,-247.307692307692
30,1887,-167,-153.171428571429
30,1888,27,23.9666666666667
30,1889,65,-17.6027397260274
30,1890,-40,-12.5384615384615
30,1891,18,-41.0060790273556
30,1892,-35,-17.6027397260274
30,1893,168,119.928571428571
30,1894,318,262.6625
30,1895,-8,-89.2857142857143
30,1896,-126,-150.677083333333
30,1897,-101,-36.9
30,1898,-72,-41.0060790273556
30,1899,-124,-41.0060790273556
30,1900,-103,-41.0060790273556
30,1901,-57,-41.0060790273556
30,1902,-72,-41.0060790273556
30,1903,-24,-41.0060790273556
30,1904,-10,-22.9081081081081
30,1905,2,0.155672823218997
30,1906,35,0.155672823218997
30,1907,118,78.4636363636364
30,1908,217,183.075376884422
30,1909,244,-89.2857142857143
30,1910,-324,-302.384615384615
30,1911,-129,-150.677083333333
30,1912,17,23.9666666666667
30,1913,38,-17.6027397260274
30,1914,13,-17.6027397260274
30,1915,-6,-17.6027397260274
30,1916,-3,0.155672823218997
30,1917,121,119.928571428571
30,1918,188,221.390625
30,1919,-75,-89.2857142857143
30,1920,-101,-150.677083333333
30,1921,-55,-106.431818181818
30,1922,-72,-41.0060790273556
30,1923,-73,-41.0060790273556
30,1924,-115,-41.0060790273556
30,1925,21,-41.0060790273556
30,1926,-11,32.5316455696203
30,1927,3,-1.93548387096774
30,1928,-38,0.155672823218997
30,1929,-5,-41.0060790273556
30,1930,-8,0.155672823218997
30,1931,32,0.155672823218997
30,1932,50,78.4636363636364
30,1933,102,144.686567164179
30,1934,81,-125.5
30,1935,129,62.5384615384615
30,1936,48,-19.3571428571429
30,1937,19,-26.7777777777778
30,1938,-43,78.4636363636364
30,1939,-19,-41.0060790273556
30,1940,-5,-22.9081081081081
30,1941,-31,0.155672823218997
30,1942,-11,-22.9081081081081
30,1943,-23,0.155672823218997
30,1944,35,-22.9081081081081
30,1945,-82,32.5316455696203
30,1946,-79,-41.0060790273556
30,1947,-41,-41.0060790273556
30,1948,-20,-41.0060790273556
30,1949,-3,-22.9081081081081
30,1950,-56,0.155672823218997
30,1951,-3,-41.0060790273556
30,1952,-57,0.155672823218997
30,1953,-29,-41.0060790273556
30,1954,6,-22.9081081081081
30,1955,17,0.155672823218997
30,1956,23,78.4636363636364
30,1957,92,32.5316455696203
30,1958,77,139.681818181818
30,1959,147,107.185185185185
30,1960,11,-19.3571428571429
30,1961,56,-105.407407407407
30,1962,-13,-87.4545454545455
30,1963,24,0.155672823218997
30,1964,-99,-17.6027397260274
30,1965,-32,-41.0060790273556
30,1966,100,-22.9081081081081
30,1967,-43,-12.5384615384615
30,1968,12,-41.0060790273556
30,1969,-50,32.5316455696203
30,1970,-74,-41.0060790273556
30,1971,-107,-41.0060790273556
30,1972,-41,-41.0060790273556
30,1973,-67,-41.0060790273556
30,1974,-26,-41.0060790273556
30,1975,-2,-22.9081081081081
30,1976,-10,0.155672823218997
30,1977,7,0.155672823218997
30,1978,28,0.155672823218997
30,1979,96,78.4636363636364
30,1980,262,183.075376884422
30,1981,170,183.075376884422
30,1982,-273,-247.307692307692
30,1983,-121,-105.407407407407
30,1984,27,23.9666666666667
30,1985,56,32.5316455696203
30,1986,-21,-12.5384615384615
30,1987,-6,-22.9081081081081
30,1988,4,0.155672823218997
30,1989,131,119.928571428571
30,1990,382,221.390625
30,1991,-17,-89.2857142857143
30,1992,-149,-150.677083333333
30,1993,-186,-153.171428571429
30,1994,-137,-41.0060790273556
30,1995,-70,-41.0060790273556
30,1996,-86,-41.0060790273556
30,1997,-49,-41.0060790273556
30,1998,-39,-41.0060790273556
30,1999,-4,-41.0060790273556
30,2000,-8,0.155672823218997
30,2001,4,0.155672823218997
30,2002,29,0.155672823218997
30,2003,119,78.4636363636364
30,2004,329,183.075376884422
30,2005,163,-89.2857142857143
30,2006,-374,-247.307692307692
30,2007,-63,-105.407407407407
30,2008,8,23.9666666666667
30,2009,55,0.155672823218997
30,2010,11,-12.5384615384615
30,2011,27,-17.6027397260274
30,2012,91,-17.6027397260274
30,2013,126,107.185185185185
30,2014,195,262.6625
30,2015,-95,-213.857142857143
30,2016,-130,-150.677083333333
30,2017,-121,-106.431818181818
30,2018,-180,-41.0060790273556
30,2019,-19,-41.0060790273556
30,2020,-6,-22.9081081081081
30,2021,-12,0.155672823218997
30,2022,-36,0.155672823218997
30,2023,-30,-41.0060790273556
30,2024,-61,-22.9081081081081
30,2025,-16,-41.0060790273556
30,2026,3,-22.9081081081081
30,2027,13,0.155672823218997
30,2028,40,32.5316455696203
30,2029,81,78.4636363636364
30,2030,140,183.075376884422
30,2031,154,-19.3571428571429
30,2032,38,-213.857142857143
30,2033,9,-105.407407407407
30,2034,5,0.155672823218997
30,2035,48,0.155672823218997
30,2036,-93,-12.5384615384615
30,2037,-65,-41.0060790273556
30,2038,25,-41.0060790273556
30,2039,16,-17.6027397260274
30,2040,2,-1.93548387096774
30,2041,119,0.155672823218997
30,2042,33,-12.5384615384615
30,2043,-82,-26.7777777777778
30,2044,-319,-41.0060790273556
30,2045,-95,-41.0060790273556
30,2046,-58,23.9666666666667
30,2047,-12,-41.0060790273556
30,2048,-11,0.155672823218997
30,2049,0,0.155672823218997
30,2050,22,0.155672823218997
30,2051,104,78.4636363636364
30,2052,210,262.6625
30,2053,207,183.075376884422
30,2054,-257,-247.307692307692
30,2055,-107,-150.677083333333
30,2056,58,23.9666666666667
30,2057,32,-12.5384615384615
30,2058,34,-17.6027397260274
30,2059,-69,-17.6027397260274
30,2060,13,-41.0060790273556
30,2061,179,119.928571428571
30,2062,256,221.390625
30,2063,-82,-89.2857142857143
30,2064,-104,-150.677083333333
30,2065,-182,-106.431818181818
30,2066,2,-41.0060790273556
30,2067,-98,0.155672823218997
30,2068,-94,-41.0060790273556
30,2069,-29,-41.0060790273556
30,2070,-73,119.928571428571
30,2071,-12,-41.0060790273556
30,2072,-10,0.155672823218997
30,2073,-1,0.155672823218997
30,2074,29,0.155672823218997
30,2075,96,78.4636363636364
30,2076,222,183.075376884422
30,2077,232,183.075376884422
30,2078,-281,-247.307692307692
30,2079,-94,-150.677083333333
30,2080,23,23.9666666666667
30,2081,98,32.5316455696203
30,2082,-38,-12.5384615384615
30,2083,-18,-41.0060790273556
30,2084,10,-22.9081081081081
30,2085,84,119.928571428571
30,2086,207,221.390625
30,2087,-16,-12.5384615384615
30,2088,-142,-150.677083333333
30,2089,-82,-106.431818181818
30,2090,-36,-41.0060790273556
30,2091,-12,-41.0060790273556
30,2092,-124,0.155672823218997
30,2093,-14,-41.0060790273556
30,2094,-79,0.155672823218997
30,2095,-13,-41.0060790273556
30,2096,-27,0.155672823218997
30,2097,-15,-22.9081081081081
30,2098,-2,-22.9081081081081
30,2099,17,0.155672823218997
30,2100,40,78.4636363636364
30,2101,81,78.4636363636364
30,2102,104,183.075376884422
30,2103,69,62.5384615384615
30,2104,42,62.5384615384615
30,2105,-25,78.4636363636364
30,2106,18,-22.9081081081081
30,2107,-52,-17.6027397260274
30,2108,-2,-41.0060790273556
30,2109,-12,0.155672823218997
30,2110,-15,0.155672823218997
30,2111,-2,-22.9081081081081
30,2112,10,0.155672823218997
30,2113,-11,78.4636363636364
30,2114,-75,0.155672823218997
30,2115,19,-41.0060790273556
30,2116,-72,32.5316455696203
30,2117,-1,-41.0060790273556
30,2118,-23,0.155672823218997
30,2119,-54,-22.9081081081081
30,2120,-35,-41.0060790273556
30,2121,-22,-22.9081081081081
30,2122,-7,-22.9081081081081
30,2123,15,0.155672823218997
30,2124,31,78.4636363636364
30,2125,78,32.5316455696203
30,2126,112,183.075376884422
30,2127,77,107.185185185185
30,2128,70,-26.7777777777778
30,2129,-13,62.5384615384615
30,2130,-39,0.155672823218997
30,2131,-25,-41.0060790273556
30,2132,-14,-22.9081081081081
30,2133,-7,0.155672823218997
30,2134,-21,0.155672823218997
30,2135,-17,-22.9081081081081
30,2136,-3,-22.9081081081081
30,2137,35,0.155672823218997
30,2138,-78,78.4636363636364
30,2139,-85,-41.0060790273556
30,2140,1,-41.0060790273556
30,2141,-84,0.155672823218997
30,2142,-21,-41.0060790273556
30,2143,-13,-22.9081081081081
30,2144,0,0.155672823218997
30,2145,-3,0.155672823218997
30,2146,26,0.155672823218997
30,2147,64,78.4636363636364
30,2148,138,144.686567164179
30,2149,225,183.075376884422
30,2150,-92,-213.857142857143
30,2151,-188,-150.677083333333
30,2152,41,-106.431818181818
30,2153,50,32.5316455696203
30,2154,-11,-12.5384615384615
30,2155,-13,0.155672823218997
30,2156,38,0.155672823218997
30,2157,133,32.5316455696203
30,2158,436,183.075376884422
30,2159,23,-89.2857142857143
30,2160,-241,-198.66
30,2161,-184,-153.171428571429
30,2162,-116,-78.7
30,2163,-107,-41.0060790273556
30,2164,-93,-41.0060790273556
30,2165,-62,-41.0060790273556
30,2166,-54,-41.0060790273556
30,2167,1,-41.0060790273556
30,2168,-13,0.155672823218997
30,2169,1,0.155672823218997
30,2170,38,0.155672823218997
30,2171,145,78.4636363636364
30,2172,333,183.075376884422
30,2173,129,-89.2857142857143
30,2174,-318,-247.307692307692
30,2175,-141,-26.7777777777778
30,2176,59,23.9666666666667
30,2177,23,-12.5384615384615
30,2178,8,-17.6027397260274
30,2179,-38,0.155672823218997
30,2180,23,-41.0060790273556
30,2181,170,119.928571428571
30,2182,437,262.6625
30,2183,-53,-89.2857142857143
30,2184,-405,-150.677083333333
30,2185,-330,-153.171428571429
30,2186,6,-78.7
30,2187,49,0.155672823218997
30,2188,-36,-12.5384615384615
30,2189,-59,-41.0060790273556
30,2190,-30,-41.0060790273556
30,2191,-9,119.928571428571
30,2192,0,0.155672823218997
30,2193,2,0.155672823218997
30,2194,34,0.155672823218997
30,2195,144,32.5316455696203
30,2196,312,183.075376884422
30,2197,177,-89.2857142857143
30,2198,-346,-247.307692307692
30,2199,-133,-105.407407407407
30,2200,34,23.9666666666667
30,2201,63,-17.6027397260274
30,2202,-19,-12.5384615384615
30,2203,-32,-22.9081081081081
30,2204,35,-22.9081081081081
30,2205,135,119.928571428571
30,2206,419,221.390625
30,2207,-16,-89.2857142857143
30,2208,-181,-150.677083333333
30,2209,-150,-153.171428571429
30,2210,-92,-41.0060790273556
30,2211,-147,-41.0060790273556
30,2212,-92,-41.0060790273556
30,2213,-96,-41.0060790273556
30,2214,-35,-41.0060790273556
30,2215,-12,-1.93548387096774
30,2216,1,0.155672823218997
30,2217,-5,0.155672823218997
30,2218,39,0.155672823218997
30,2219,134,78.4636363636364
30,2220,334,183.075376884422
30,2221,190,-89.2857142857143
30,2222,-375,-247.307692307692
30,2223,-113,-150.677083333333
30,2224,1,23.9666666666667
30,2225,77,0.155672823218997
30,2226,-15,-12.5384615384615
30,2227,-68,-22.9081081081081
30,2228,62,-41.0060790273556
30,2229,168,107.185185185185
30,2230,356,221.390625
30,2231,30,-213.857142857143
30,2232,-196,-198.66
30,2233,-115,-153.171428571429
30,2234,-141,-41.0060790273556
30,2235,-55,-41.0060790273556
30,2236,-107,-41.0060790273556
30,2237,-116,-41.0060790273556
30,2238,-36,-41.0060790273556
30,2239,-42,-41.0060790273556
30,2240,-8,-41.0060790273556
30,2241,2,0.155672823218997
30,2242,23,0.155672823218997
30,2243,93,78.4636363636364
30,2244,253,183.075376884422
30,2245,333,183.075376884422
30,2246,-299,-302.384615384615
30,2247,-146,-150.677083333333
30,2248,20,-36.9
30,2249,91,32.5316455696203
30,2250,-5,-12.5384615384615
30,2251,-5,0.155672823218997
30,2252,-16,0.155672823218997
30,2253,139,119.928571428571
30,2254,343,302.666666666667
30,2255,-204,-89.2857142857143
30,2256,-143,-150.677083333333
30,2257,-99,-153.171428571429
30,2258,-90,-41.0060790273556
30,2259,-36,-41.0060790273556
30,2260,-51,-41.0060790273556
30,2261,-21,-41.0060790273556
30,2262,-73,-22.9081081081081
30,2263,-17,-41.0060790273556
30,2264,-61,-22.9081081081081
30,2265,-31,-41.0060790273556
30,2266,-4,-22.9081081081081
30,2267,30,0.155672823218997
30,2268,13,78.4636363636364
30,2269,103,78.4636363636364
30,2270,131,183.075376884422
30,2271,119,-19.3571428571429
30,2272,38,-213.857142857143
30,2273,60,-26.7777777777778
30,2274,92,-87.4545454545455
30,2275,41,-87.4545454545455
30,2276,-72,-17.6027397260274
30,2277,6,-41.0060790273556
30,2278,-108,0.155672823218997
30,2279,-107,-41.0060790273556
30,2280,80,-41.0060790273556
30,2281,-75,-12.5384615384615
30,2282,-87,-41.0060790273556
30,2283,-44,-41.0060790273556
30,2284,-14,-41.0060790273556
30,2285,-24,0.155672823218997
30,2286,-19,-22.9081081081081
30,2287,-53,-22.9081081081081
30,2288,-58,-41.0060790273556
30,2289,-38,-41.0060790273556
30,2290,-10,-41.0060790273556
30,2291,6,0.155672823218997
30,2292,32,0.155672823218997
30,2293,86,78.4636363636364
30,2294,88,144.686567164179
30,2295,161,183.075376884422
30,2296,69,-19.3571428571429
30,2297,38,-105.407407407407
30,2298,-9,78.4636363636364
30,2299,-4,0.155672823218997
30,2300,13,0.155672823218997
30,2301,6,-17.6027397260274
30,2302,-59,0.155672823218997
30,2303,-124,-41.0060790273556
30,2304,0,-41.0060790273556
30,2305,-18,0.155672823218997
30,2306,-71,-22.9081081081081
30,2307,-93,-41.0060790273556
30,2308,-39,-41.0060790273556
30,2309,-48,-41.0060790273556
30,2310,-32,-41.0060790273556
30,2311,4,-22.9081081081081
30,2312,-9,0.155672823218997
30,2313,6,0.155672823218997
30,2314,38,0.155672823218997
30,2315,90,78.4636363636364
30,2316,343,183.075376884422
30,2317,184,183.075376884422
30,2318,-319,-247.307692307692
30,2319,-162,-150.677083333333
30,2320,-4,23.9666666666667
30,2321,55,0.155672823218997
30,2322,2,-12.5384615384615
30,2323,-27,0.155672823218997
30,2324,25,-22.9081081081081
30,2325,149,119.928571428571
30,2326,369,221.390625
30,2327,39,-89.2857142857143
30,2328,-199,-198.66
30,2329,-141,-153.171428571429
30,2330,-126,-78.7
30,2331,-44,-41.0060790273556
30,2332,-118,-41.0060790273556
30,2333,-113,-41.0060790273556
30,2334,-28,-41.0060790273556
30,2335,-18,-1.93548387096774
30,2336,-4,-22.9081081081081
30,2337,4,0.155672823218997
30,2338,31,0.155672823218997
30,2339,175,78.4636363636364
30,2340,313,183.075376884422
30,2341,135,-89.2857142857143
30,2342,-341,-247.307692307692
30,2343,-161,-105.407407407407
30,2344,47,23.9666666666667
30,2345,48,-12.5384615384615
30,2346,-33,-12.5384615384615
30,2347,-7,-22.9081081081081
30,2348,30,119.928571428571
30,2349,137,119.928571428571
30,2350,389,262.6625
30,2351,2,-89.2857142857143
30,2352,-225,-150.677083333333
30,2353,-120,-153.171428571429
30,2354,-94,-78.7
30,2355,-89,-41.0060790273556
30,2356,-83,-41.0060790273556
30,2357,-108,-41.0060790273556
30,2358,-37,-41.0060790273556
30,2359,-8,-41.0060790273556
30,2360,-4,0.155672823218997
30,2361,2,0.155672823218997
30,2362,40,0.155672823218997
30,2363,116,78.4636363636364
30,2364,333,183.075376884422
30,2365,184,-89.2857142857143
30,2366,-382,-247.307692307692
30,2367,-159,-150.677083333333
30,2368,45,23.9666666666667
30,2369,19,-17.6027397260274
30,2370,1,-17.6027397260274
30,2371,-33,0.155672823218997
30,2372,24,-22.9081081081081
30,2373,30,119.928571428571
30,2374,146,119.928571428571
30,2375,273,-12.5384615384615
30,2376,-127,-89.2857142857143
30,2377,-150,-150.677083333333
30,2378,-47,-36.9
30,2379,-31,-41.0060790273556
30,2380,-157,-22.9081081081081
30,2381,-65,-41.0060790273556
30,2382,-41,-41.0060790273556
30,2383,-18,-41.0060790273556
30,2384,-2,-1.93548387096774
30,2385,3,0.155672823218997
30,2386,32,0.155672823218997
30,2387,112,78.4636363636364
30,2388,321,183.075376884422
30,2389,184,-89.2857142857143
30,2390,-339,-247.307692307692
30,2391,-120,-150.677083333333
30,2392,18,23.9666666666667
30,2393,58,32.5316455696203
30,2394,-20,-12.5384615384615
30,2395,-57,-22.9081081081081
30,2396,95,-41.0060790273556
30,2397,66,107.185185185185
30,2398,413,221.390625
30,2399,6,-125.5
30,2400,-244,-150.677083333333
30,2401,-28,-153.171428571429
30,2402,-173,-22.9081081081081
30,2403,-264,-41.0060790273556
30,2404,-3,-41.0060790273556
30,2405,-31,0.155672823218997
30,2406,-23,-22.9081081081081
30,2407,8,-1.93548387096774
30,2408,17,0.155672823218997
30,2409,-27,78.4636363636364
30,2410,33,-22.9081081081081
30,2411,84,78.4636363636364
30,2412,234,107.185185185185
30,2413,331,183.075376884422
30,2414,-318,-302.384615384615
30,2415,-140,-150.677083333333
30,2416,-21,-36.9
30,2417,62,-22.9081081081081
30,2418,-118,-12.5384615384615
30,2419,73,-41.0060790273556
30,2420,-13,-125.5
30,2421,220,119.928571428571
30,2422,279,302.666666666667
30,2423,-93,-89.2857142857143
30,2424,-220,-150.677083333333
30,2425,-151,-36.9
30,2426,-129,-78.7
30,2427,13,-41.0060790273556
30,2428,31,-17.6027397260274
30,2429,-63,-17.6027397260274
30,2430,-31,-41.0060790273556
30,2431,-12,119.928571428571
30,2432,-35,0.155672823218997
30,2433,-9,-22.9081081081081
30,2434,1,0.155672823218997
30,2435,-2,0.155672823218997
30,2436,22,0.155672823218997
30,2437,75,78.4636363636364
30,2438,95,183.075376884422
30,2439,61,144.686567164179
30,2440,37,62.5384615384615
30,2441,152,78.4636363636364
30,2442,-103,-87.4545454545455
30,2443,-11,-105.407407407407
30,2444,37,0.155672823218997
30,2445,-54,-17.6027397260274
30,2446,-85,-41.0060790273556
30,2447,-64,-41.0060790273556
30,2448,61,-41.0060790273556
30,2449,-24,144.686567164179
30,2450,-51,-1.93548387096774
30,2451,17,-41.0060790273556
30,2452,-31,32.5316455696203
30,2453,-36,-22.9081081081081
30,2454,17,-41.0060790273556
30,2455,-8,-17.6027397260274
30,2456,-79,0.155672823218997
30,2457,-27,-41.0060790273556
30,2458,-10,-22.9081081081081
30,2459,13,0.155672823218997
30,2460,19,78.4636363636364
30,2461,115,78.4636363636364
30,2462,105,144.686567164179
30,2463,121,-89.2857142857143
30,2464,126,62.5384615384615
30,2465,-1,-213.857142857143
30,2466,122,-26.7777777777778
30,2467,-10,-87.4545454545455
30,2468,8,-26.7777777777778
30,2469,4,0.155672823218997
30,2470,-72,0.155672823218997
30,2471,-41,-41.0060790273556
30,2472,7,-41.0060790273556
30,2473,-144,0.155672823218997
30,2474,-33,-41.0060790273556
30,2475,-154,-22.9081081081081
30,2476,-68,-41.0060790273556
30,2477,-76,-41.0060790273556
30,2478,-20,-41.0060790273556
30,2479,-10,-22.9081081081081
30,2480,-15,0.155672823218997
30,2481,6,-22.9081081081081
30,2482,43,0.155672823218997
30,2483,106,78.4636363636364
30,2484,264,183.075376884422
30,2485,317,183.075376884422
30,2486,-393,-302.384615384615
30,2487,-145,-150.677083333333
30,2488,-2,-36.9
30,2489,116,0.155672823218997
30,2490,-74,-12.5384615384615
30,2491,31,-26.7777777777778
30,2492,10,-17.6027397260274
30,2493,176,119.928571428571
30,2494,390,302.666666666667
30,2495,-106,-89.2857142857143
30,2496,-159,-150.677083333333
30,2497,-179,-36.9
30,2498,-107,-41.0060790273556
30,2499,-87,-41.0060790273556
30,2500,-95,-41.0060790273556
30,2501,-50,-41.0060790273556
30,2502,-47,-41.0060790273556
30,2503,-1,-41.0060790273556
30,2504,-10,0.155672823218997
30,2505,0,0.155672823218997
30,2506,44,0.155672823218997
30,2507,140,78.4636363636364
30,2508,326,183.075376884422
30,2509,227,-89.2857142857143
30,2510,-404,-247.307692307692
30,2511,-121,-150.677083333333
30,2512,-17,23.9666666666667
30,2513,28,-22.9081081081081
30,2514,44,-17.6027397260274
30,2515,-29,-17.6027397260274
30,2516,41,-22.9081081081081
30,2517,170,119.928571428571
30,2518,414,221.390625
30,2519,8,-89.2857142857143
30,2520,-245,-150.677083333333
30,2521,-109,-153.171428571429
30,2522,-145,-78.7
30,2523,-109,-41.0060790273556
30,2524,-77,-41.0060790273556
30,2525,-126,-41.0060790273556
30,2526,-38,-41.0060790273556
30,2527,-16,-41.0060790273556
30,2528,0,-22.9081081081081
30,2529,-8,0.155672823218997
30,2530,55,0.155672823218997
30,2531,131,183.075376884422
30,2532,317,183.075376884422
30,2533,281,-213.857142857143
30,2534,-446,-302.384615384615
30,2535,-111,-150.677083333333
30,2536,50,-36.9
30,2537,29,-12.5384615384615
30,2538,2,-17.6027397260274
30,2539,-65,0.155672823218997
30,2540,70,-41.0060790273556
30,2541,167,107.185185185185
30,2542,429,302.666666666667
30,2543,-22,-213.857142857143
30,2544,-193,-150.677083333333
30,2545,-131,-153.171428571429
30,2546,-170,-41.0060790273556
30,2547,-119,-41.0060790273556
30,2548,-39,-41.0060790273556
30,2549,-147,-41.0060790273556
30,2550,-63,-41.0060790273556
30,2551,-8,-41.0060790273556
30,2552,-13,0.155672823218997
30,2553,-4,0.155672823218997
30,2554,38,0.155672823218997
30,2555,139,78.4636363636364
30,2556,314,183.075376884422
30,2557,234,-89.2857142857143
30,2558,-385,-302.384615384615
30,2559,-122,-150.677083333333
30,2560,-10,23.9666666666667
30,2561,67,0.155672823218997
30,2562,-37,-12.5384615384615
30,2563,-29,-41.0060790273556
30,2564,25,-22.9081081081081
30,2565,136,119.928571428571
30,2566,364,221.390625
30,2567,-50,-89.2857142857143
30,2568,-74,-150.677083333333
30,2569,-168,-153.171428571429
30,2570,-175,-41.0060790273556
30,2571,-37,-41.0060790273556
30,2572,-89,-41.0060790273556
30,2573,-48,-41.0060790273556
30,2574,-43,-41.0060790273556
30,2575,-28,-41.0060790273556
30,2576,-14,-22.9081081081081
30,2577,-4,0.155672823218997
30,2578,29,0.155672823218997
30,2579,102,78.4636363636364
30,2580,271,183.075376884422
30,2581,266,183.075376884422
30,2582,-313,-302.384615384615
30,2583,-132,-150.677083333333
30,2584,20,23.9666666666667
30,2585,48,32.5316455696203
30,2586,15,-12.5384615384615
30,2587,12,-17.6027397260274
30,2588,-3,-17.6027397260274
30,2589,176,119.928571428571
30,2590,200,221.390625
30,2591,-77,-89.2857142857143
30,2592,-106,-150.677083333333
30,2593,-162,-106.431818181818
30,2594,-94,-41.0060790273556
30,2595,-61,-41.0060790273556
30,2596,-10,-41.0060790273556
30,2597,2,0.155672823218997
30,2598,-111,-1.93548387096774
30,2599,10,-41.0060790273556
30,2600,-47,78.4636363636364
30,2601,-32,-41.0060790273556
30,2602,3,-22.9081081081081
30,2603,36,0.155672823218997
30,2604,26,78.4636363636364
30,2605,87,32.5316455696203
30,2606,174,-125.5
30,2607,58,-19.3571428571429
30,2608,62,-105.407407407407
30,2609,30,19.6
30,2610,11,-17.6027397260274
30,2611,-4,32.5316455696203
30,2612,3,0.155672823218997
30,2613,-10,0.155672823218997
30,2614,-8,0.155672823218997
30,2615,2,119.928571428571
30,2616,-143,0.155672823218997
30,2617,-105,-41.0060790273556
30,2618,67,-41.0060790273556
30,2619,-24,139.681818181818
30,2620,-68,-22.9081081081081
30,2621,-20,-41.0060790273556
30,2622,-30,-22.9081081081081
30,2623,-46,-22.9081081081081
30,2624,-57,-41.0060790273556
30,2625,-42,-41.0060790273556
30,2626,4,-41.0060790273556
30,2627,1,0.155672823218997
30,2628,22,0.155672823218997
30,2629,87,78.4636363636364
30,2630,99,183.075376884422
30,2631,155,183.075376884422
30,2632,128,-19.3571428571429
30,2633,2,-213.857142857143
30,2634,-28,-26.7777777777778
30,2635,39,-22.9081081081081
30,2636,-21,-17.6027397260274
30,2637,20,-22.9081081081081
30,2638,10,-17.6027397260274
30,2639,-112,-17.6027397260274
30,2640,24,-41.0060790273556
30,2641,-140,32.5316455696203
30,2642,-32,-41.0060790273556
30,2643,-123,-22.9081081081081
30,2644,-48,-41.0060790273556
30,2645,-42,-41.0060790273556
30,2646,-39,-41.0060790273556
30,2647,-11,-41.0060790273556
30,2648,-5,0.155672823218997
30,2649,2,0.155672823218997
30,2650,42,0.155672823218997
30,2651,114,78.4636363636364
30,2652,308,183.075376884422
30,2653,282,-89.2857142857143
30,2654,-458,-302.384615384615
30,2655,-104,-150.677083333333
30,2656,26,-36.9
30,2657,63,-17.6027397260274
30,2658,-52,-12.5384615384615
30,2659,28,-41.0060790273556
30,2660,-18,-17.6027397260274
30,2661,189,119.928571428571
30,2662,402,302.666666666667
30,2663,-15,-89.2857142857143
30,2664,-147,-150.677083333333
30,2665,-203,-36.9
30,2666,-140,-41.0060790273556
30,2667,-92,23.9666666666667
30,2668,-80,-41.0060790273556
30,2669,-112,-41.0060790273556
30,2670,-17,-41.0060790273556
30,2671,-13,-1.93548387096774
30,2672,-2,0.155672823218997
30,2673,0,0.155672823218997
30,2674,39,0.155672823218997
30,2675,149,78.4636363636364
30,2676,319,183.075376884422
30,2677,247,-89.2857142857143
30,2678,-427,-302.384615384615
30,2679,-106,-150.677083333333
30,2680,-3,23.9666666666667
30,2681,24,0.155672823218997
30,2682,40,-17.6027397260274
30,2683,-28,-17.6027397260274
30,2684,-116,-22.9081081081081
30,2685,258,-41.0060790273556
30,2686,418,221.390625
30,2687,37,-89.2857142857143
30,2688,-243,-198.66
30,2689,-162,-153.171428571429
30,2690,-100,-78.7
30,2691,-95,-41.0060790273556
30,2692,-110,-41.0060790273556
30,2693,-100,-41.0060790273556
30,2694,-14,-41.0060790273556
30,2695,-20,-1.93548387096774
30,2696,-6,-22.9081081081081
30,2697,-3,0.155672823218997
30,2698,45,0.155672823218997
30,2699,136,78.4636363636364
30,2700,302,183.075376884422
30,2701,194,-213.857142857143
30,2702,-331,-247.307692307692
30,2703,-114,-150.677083333333
30,2704,-2,23.9666666666667
30,2705,50,0.155672823218997
30,2706,-4,-12.5384615384615
30,2707,-17,0.155672823218997
30,2708,32,-22.9081081081081
30,2709,184,119.928571428571
30,2710,358,221.390625
30,2711,54,-89.2857142857143
30,2712,-239,-198.66
30,2713,-139,-153.171428571429
30,2714,-193,-78.7
30,2715,-32,-41.0060790273556
30,2716,-136,-22.9081081081081
30,2717,-89,-41.0060790273556
30,2718,-21,-41.0060790273556
30,2719,-31,-1.93548387096774
30,2720,-5,-22.9081081081081
30,2721,3,0.155672823218997
30,2722,32,0.155672823218997
30,2723,142,78.4636363636364
30,2724,290,183.075376884422
30,2725,266,-89.2857142857143
30,2726,-396,-302.384615384615
30,2727,-162,-150.677083333333
30,2728,45,23.9666666666667
30,2729,60,32.5316455696203
30,2730,24,-12.5384615384615
30,2731,-85,-17.6027397260274
30,2732,45,-41.0060790273556
30,2733,136,119.928571428571
30,2734,459,221.390625
30,2735,-98,-213.857142857143
30,2736,-160,-150.677083333333
30,2737,-180,-153.171428571429
30,2738,-85,-41.0060790273556
30,2739,-80,-41.0060790273556
30,2740,-85,-41.0060790273556
30,2741,-106,-41.0060790273556
30,2742,-28,-41.0060790273556
30,2743,-29,-1.93548387096774
30,2744,-8,-22.9081081081081
30,2745,6,0.155672823218997
30,2746,25,0.155672823218997
30,2747,126,78.4636363636364
30,2748,258,183.075376884422
30,2749,247,-89.2857142857143
30,2750,-272,-302.384615384615
30,2751,-147,-150.677083333333
30,2752,14,23.9666666666667
30,2753,75,32.5316455696203
30,2754,7,-12.5384615384615
30,2755,-14,0.155672823218997
30,2756,49,0.155672823218997
30,2757,112,107.185185185185
30,2758,249,221.390625
30,2759,-70,-213.857142857143
30,2760,-202,-150.677083333333
30,2761,-80,-106.431818181818
30,2762,-111,-78.7
30,2763,-76,-41.0060790273556
30,2764,-6,-41.0060790273556
30,2765,-35,0.155672823218997
30,2766,-39,-22.9081081081081
30,2767,-38,-41.0060790273556
30,2768,-54,-41.0060790273556
30,2769,-17,-41.0060790273556
30,2770,4,-22.9081081081081
30,2771,32,0.155672823218997
30,2772,18,32.5316455696203
30,2773,114,78.4636363636364
30,2774,97,183.075376884422
30,2775,118,-26.7777777777778
30,2776,74,62.5384615384615
30,2777,77,-26.7777777777778
30,2778,-20,-87.4545454545455
30,2779,-55,-22.9081081081081
30,2780,17,-41.0060790273556
30,2781,-39,-17.6027397260274
30,2782,42,-41.0060790273556
30,2783,-2,-17.6027397260274
30,2784,-93,0.155672823218997
30,2785,-85,-41.0060790273556
30,2786,-23,-41.0060790273556
30,2787,-20,-22.9081081081081
30,2788,-47,-22.9081081081081
30,2789,-69,-41.0060790273556
30,2790,-66,-41.0060790273556
30,2791,-14,-41.0060790273556
30,2792,-32,0.155672823218997
30,2793,-27,-22.9081081081081
30,2794,5,-22.9081081081081
30,2795,0,0.155672823218997
30,2796,49,0.155672823218997
30,2797,40,183.075376884422
30,2798,121,78.4636363636364
30,2799,135,144.686567164179
30,2800,73,-89.2857142857143
30,2801,54,-105.407407407407
30,2802,32,19.6
30,2803,3,-17.6027397260274
30,2804,-76,0.155672823218997
30,2805,-29,-41.0060790273556
30,2806,-39,-22.9081081081081
30,2807,-153,-41.0060790273556
30,2808,-44,-41.0060790273556
30,2809,8,-41.0060790273556
30,2810,15,0.155672823218997
30,2811,-51,32.5316455696203
30,2812,-70,-41.0060790273556
30,2813,-54,-41.0060790273556
30,2814,-22,-41.0060790273556
30,2815,-6,-22.9081081081081
30,2816,0,0.155672823218997
30,2817,6,0.155672823218997
30,2818,14,0.155672823218997
30,2819,116,78.4636363636364
30,2820,266,183.075376884422
30,2821,198,-89.2857142857143
30,2822,-329,-247.307692307692
30,2823,-63,-150.677083333333
30,2824,47,23.9666666666667
30,2825,25,-12.5384615384615
30,2826,4,-17.6027397260274
30,2827,-2,0.155672823218997
30,2828,-13,0.155672823218997
30,2829,177,119.928571428571
30,2830,407,221.390625
30,2831,-15,-89.2857142857143
30,2832,-203,-150.677083333333
30,2833,-183,-153.171428571429
30,2834,-140,-78.7
30,2835,-110,-41.0060790273556
30,2836,-94,-41.0060790273556
30,2837,-66,-41.0060790273556
30,2838,-29,-41.0060790273556
30,2839,-5,-1.93548387096774
30,2840,-7,0.155672823218997
30,2841,3,0.155672823218997
30,2842,27,0.155672823218997
30,2843,143,78.4636363636364
30,2844,323,183.075376884422
30,2845,203,-89.2857142857143
30,2846,-378,-247.307692307692
30,2847,-77,-150.677083333333
30,2848,-36,23.9666666666667
30,2849,69,-41.0060790273556
30,2850,-30,-12.5384615384615
30,2851,8,-22.9081081081081
30,2852,45,0.155672823218997
30,2853,139,119.928571428571
30,2854,423,221.390625
30,2855,-54,-213.857142857143
30,2856,-204,-150.677083333333
30,2857,-162,-153.171428571429
30,2858,-131,-78.7
30,2859,-93,-41.0060790273556
30,2860,-86,-41.0060790273556
30,2861,-80,-41.0060790273556
30,2862,-35,-41.0060790273556
30,2863,-17,-1.93548387096774
30,2864,1,-22.9081081081081
30,2865,0,0.155672823218997
30,2866,36,0.155672823218997
30,2867,130,78.4636363636364
30,2868,309,183.075376884422
30,2869,255,-89.2857142857143
30,2870,-396,-302.384615384615
30,2871,-127,-150.677083333333
30,2872,25,23.9666666666667
30,2873,41,-17.6027397260274
30,2874,33,-17.6027397260274
30,2875,-77,-17.6027397260274
30,2876,42,-41.0060790273556
30,2877,163,119.928571428571
30,2878,417,221.390625
30,2879,4,-89.2857142857143
30,2880,-176,-150.677083333333
30,2881,-186,-153.171428571429
30,2882,-119,-41.0060790273556
30,2883,-148,-41.0060790273556
30,2884,-97,-41.0060790273556
30,2885,-69,-41.0060790273556
30,2886,-39,-41.0060790273556
30,2887,-14,-41.0060790273556
30,2888,-8,0.155672823218997
30,2889,4,0.155672823218997
30,2890,31,0.155672823218997
30,2891,126,78.4636363636364
30,2892,308,183.075376884422
30,2893,223,-89.2857142857143
30,2894,-345,-247.307692307692
30,2895,-148,-150.677083333333
30,2896,55,23.9666666666667
30,2897,17,-12.5384615384615
30,2898,4,-17.6027397260274
30,2899,-34,0.155672823218997
30,2900,20,-22.9081081081081
30,2901,150,119.928571428571
30,2902,393,221.390625
30,2903,1,-89.2857142857143
30,2904,-188,-150.677083333333
30,2905,-145,-153.171428571429
30,2906,-142,-41.0060790273556
30,2907,-77,-41.0060790273556
30,2908,-103,-41.0060790273556
30,2909,-71,-41.0060790273556
30,2910,-44,-41.0060790273556
30,2911,-21,-41.0060790273556
30,2912,-11,-22.9081081081081
30,2913,-2,0.155672823218997
30,2914,26,0.155672823218997
30,2915,11,78.4636363636364
30,2916,89,78.4636363636364
30,2917,-14,183.075376884422
30,2918,101,0.155672823218997
30,2919,-27,62.5384615384615
30,2920,58,-22.9081081081081
30,2921,64,-87.4545454545455
30,2922,-25,-12.5384615384615
30,2923,17,-22.9081081081081
30,2924,17,32.5316455696203
30,2925,143,-17.6027397260274
30,2926,263,144.686567164179
30,2927,-90,-89.2857142857143
30,2928,-148,-150.677083333333
30,2929,-122,-106.431818181818
30,2930,-84,-41.0060790273556
30,2931,-68,-41.0060790273556
30,2932,-26,-41.0060790273556
30,2933,-12,-22.9081081081081
30,2934,-64,0.155672823218997
30,2935,-31,-41.0060790273556
30,2936,-64,-22.9081081081081
30,2937,-11,-41.0060790273556
30,2938,1,0.155672823218997
30,2939,12,0.155672823218997
30,2940,39,78.4636363636364
30,2941,100,78.4636363636364
30,2942,109,183.075376884422
30,2943,136,62.5384615384615
30,2944,92,-19.3571428571429
30,2945,47,-105.407407407407
30,2946,23,-87.4545454545455
30,2947,-31,-17.6027397260274
30,2948,24,-22.9081081081081
30,2949,-31,-17.6027397260274
30,2950,-19,-22.9081081081081
30,2951,-212,-22.9081081081081
30,2952,-25,-41.0060790273556
30,2953,-115,-22.9081081081081
30,2954,-32,-41.0060790273556
30,2955,40,-22.9081081081081
30,2956,-5,32.5316455696203
30,2957,-43,0.155672823218997
30,2958,-7,-41.0060790273556
30,2959,-27,0.155672823218997
30,2960,-38,-22.9081081081081
30,2961,-38,-41.0060790273556
30,2962,0,-41.0060790273556
30,2963,6,0.155672823218997
30,2964,23,0.155672823218997
30,2965,80,78.4636363636364
30,2966,98,144.686567164179
30,2967,111,183.075376884422
30,2968,121,62.5384615384615
30,2969,56,19.6
30,2970,38,-26.7777777777778
30,2971,36,32.5316455696203
30,2972,-2,-17.6027397260274
30,2973,-64,0.155672823218997
30,2974,-8,-41.0060790273556
30,2975,-14,0.155672823218997
30,2976,-26,0.155672823218997
30,2977,-165,-22.9081081081081
30,2978,-80,-41.0060790273556
30,2979,-39,-41.0060790273556
30,2980,-71,-41.0060790273556
30,2981,-63,-41.0060790273556
30,2982,-33,-41.0060790273556
30,2983,-5,-22.9081081081081
30,2984,-3,0.155672823218997
30,2985,5,0.155672823218997
30,2986,25,0.155672823218997
30,2987,123,78.4636363636364
30,2988,277,183.075376884422
30,2989,237,-89.2857142857143
30,2990,-368,-302.384615384615
30,2991,-106,-150.677083333333
30,2992,46,23.9666666666667
30,2993,31,-12.5384615384615
30,2994,-22,-17.6027397260274
30,2995,-6,-22.9081081081081
30,2996,26,0.155672823218997
30,2997,190,119.928571428571
30,2998,354,221.390625
30,2999,-6,-89.2857142857143
30,3000,-257,-150.677083333333
30,3001,-123,-153.171428571429
30,3002,-142,-78.7
30,3003,-98,-41.0060790273556
30,3004,-64,-41.0060790273556
30,3005,-68,-41.0060790273556
30,3006,-33,-41.0060790273556
30,3007,-16,-1.93548387096774
30,3008,-8,-22.9081081081081
30,3009,2,0.155672823218997
30,3010,31,0.155672823218997
30,3011,28,78.4636363636364
30,3012,115,78.4636363636364
30,3013,439,183.075376884422
30,3014,-216,-89.2857142857143
30,3015,-194,-150.677083333333
30,3016,-12,-36.9
30,3017,104,0.155672823218997
30,3018,-14,-12.5384615384615
30,3019,-31,0.155672823218997
30,3020,28,-22.9081081081081
30,3021,175,32.5316455696203
30,3022,354,302.666666666667
30,3023,42,-89.2857142857143
30,3024,-227,-198.66
30,3025,-191,-153.171428571429
30,3026,-128,-78.7
30,3027,-119,-41.0060790273556
30,3028,-22,-41.0060790273556
30,3029,-107,-22.9081081081081
30,3030,-23,-41.0060790273556
30,3031,-29,-1.93548387096774
30,3032,3,-22.9081081081081
30,3033,-7,0.155672823218997
30,3034,35,0.155672823218997
30,3035,133,78.4636363636364
30,3036,320,183.075376884422
30,3037,190,-89.2857142857143
30,3038,-315,-247.307692307692
30,3039,-134,-150.677083333333
30,3040,2,23.9666666666667
30,3041,72,0.155672823218997
30,3042,-13,-12.5384615384615
30,3043,-39,0.155672823218997
30,3044,11,-41.0060790273556
30,3045,165,119.928571428571
30,3046,420,221.390625
30,3047,-3,-89.2857142857143
30,3048,-199,-150.677083333333
30,3049,-222,-153.171428571429
30,3050,-112,-78.7
30,3051,-89,23.9666666666667
30,3052,-88,-41.0060790273556
30,3053,-62,-41.0060790273556
30,3054,-55,-41.0060790273556
30,3055,-6,-41.0060790273556
30,3056,-11,0.155672823218997
30,3057,1,0.155672823218997
30,3058,32,0.155672823218997
30,3059,128,78.4636363636364
30,3060,299,183.075376884422
30,3061,218,-89.2857142857143
30,3062,-345,-247.307692307692
30,3063,-138,-150.677083333333
30,3064,75,23.9666666666667
30,3065,69,-12.5384615384615
30,3066,-43,-12.5384615384615
30,3067,-52,-41.0060790273556
30,3068,12,-41.0060790273556
30,3069,159,119.928571428571
30,3070,478,221.390625
30,3071,-65,-89.2857142857143
30,3072,-155,-150.677083333333
30,3073,-163,-153.171428571429
30,3074,-158,-41.0060790273556
30,3075,-102,-41.0060790273556
30,3076,-28,-41.0060790273556
30,3077,-138,-22.9081081081081
30,3078,-34,-41.0060790273556
30,3079,-35,-1.93548387096774
30,3080,-13,-22.9081081081081
30,3081,3,0.155672823218997
30,3082,27,0.155672823218997
30,3083,121,78.4636363636364
30,3084,222,183.075376884422
30,3085,289,-89.2857142857143
30,3086,-290,-302.384615384615
30,3087,-147,-150.677083333333
30,3088,72,-36.9
30,3089,62,-12.5384615384615
30,3090,-8,-12.5384615384615
30,3091,-29,0.155672823218997
30,3092,55,-22.9081081081081
30,3093,105,107.185185185185
30,3094,303,302.666666666667
30,3095,-122,-125.5
30,3096,-178,-150.677083333333
30,3097,-132,-153.171428571429
30,3098,-104,-41.0060790273556
30,3099,-42,-41.0060790273556
30,3100,-92,-41.0060790273556
30,3101,-16,-41.0060790273556
30,3102,-13,-22.9081081081081
30,3103,-49,-1.93548387096774
30,3104,-13,-41.0060790273556
30,3105,-17,0.155672823218997
30,3106,-4,-22.9081081081081
30,3107,18,0.155672823218997
30,3108,37,78.4636363636364
30,3109,125,78.4636363636364
30,3110,103,144.686567164179
30,3111,188,-26.7777777777778
30,3112,56,-19.3571428571429
30,3113,118,-198.66
30,3114,-10,-87.4545454545455
30,3115,-46,-26.7777777777778
30,3116,-2,-41.0060790273556
30,3117,45,0.155672823218997
30,3118,-6,-17.6027397260274
30,3119,-81,0.155672823218997
30,3120,-66,-41.0060790273556
30,3121,-147,-41.0060790273556
30,3122,-3,-41.0060790273556
30,3123,-77,0.155672823218997
30,3124,-26,-41.0060790273556
30,3125,-48,-22.9081081081081
30,3126,-56,-41.0060790273556
30,3127,-12,-41.0060790273556
30,3128,-64,0.155672823218997
30,3129,-29,-41.0060790273556
30,3130,-15,-22.9081081081081
30,3131,9,-22.9081081081081
30,3132,21,0.155672823218997
30,3133,83,78.4636363636364
30,3134,146,183.075376884422
30,3135,155,-19.3571428571429
30,3136,-153,-213.857142857143
30,3137,26,-105.407407407407
30,3138,-136,78.4636363636364
30,3139,-13,-41.0060790273556
30,3140,127,0.155672823218997
30,3141,80,-12.5384615384615
30,3142,-13,-26.7777777777778
30,3143,34,0.155672823218997
30,3144,-36,119.928571428571
30,3145,-67,-41.0060790273556
30,3146,-84,-41.0060790273556
30,3147,-134,-41.0060790273556
30,3148,-10,-41.0060790273556
30,3149,-20,0.155672823218997
30,3150,-16,-22.9081081081081
30,3151,-5,-22.9081081081081
30,3152,-2,0.155672823218997
30,3153,4,0.155672823218997
30,3154,30,0.155672823218997
30,3155,124,78.4636363636364
30,3156,281,144.686567164179
30,3157,213,-89.2857142857143
30,3158,-298,-247.307692307692
30,3159,-164,-150.677083333333
30,3160,48,23.9666666666667
30,3161,41,-12.5384615384615
30,3162,9,-17.6027397260274
30,3163,-16,0.155672823218997
30,3164,34,-22.9081081081081
30,3165,151,119.928571428571
30,3166,433,221.390625
30,3167,-78,-89.2857142857143
30,3168,-516,-150.677083333333
30,3169,-38,-153.171428571429
30,3170,-16,-78.7
30,3171,-84,-22.9081081081081
30,3172,-59,-41.0060790273556
30,3173,-43,-41.0060790273556
30,3174,-26,-41.0060790273556
30,3175,-25,-1.93548387096774
30,3176,-5,-22.9081081081081
30,3177,1,0.155672823218997
30,3178,30,0.155672823218997
30,3179,135,78.4636363636364
30,3180,350,183.075376884422
30,3181,204,-89.2857142857143
30,3182,-395,-247.307692307692
30,3183,-150,-150.677083333333
30,3184,78,23.9666666666667
30,3185,49,-12.5384615384615
30,3186,26,-12.5384615384615
30,3187,-29,-17.6027397260274
30,3188,0,-22.9081081081081
30,3189,165,119.928571428571
30,3190,411,221.390625
30,3191,-253,-89.2857142857143
30,3192,-149,-150.677083333333
30,3193,-118,-153.171428571429
30,3194,-78,-41.0060790273556
30,3195,-48,-41.0060790273556
30,3196,-96,-41.0060790273556
30,3197,-81,-41.0060790273556
30,3198,-34,-41.0060790273556
30,3199,-4,-1.93548387096774
30,3200,-10,0.155672823218997
30,3201,1,0.155672823218997
30,3202,32,0.155672823218997
30,3203,147,78.4636363636364
30,3204,366,183.075376884422
30,3205,187,-89.2857142857143
30,3206,-364,-247.307692307692
30,3207,-151,-150.677083333333
30,3208,42,23.9666666666667
30,3209,45,32.5316455696203
30,3210,4,-17.6027397260274
30,3211,-50,0.155672823218997
30,3212,50,-41.0060790273556
30,3213,144,107.185185185185
30,3214,323,221.390625
30,3215,-100,-213.857142857143
30,3216,-103,-150.677083333333
30,3217,-189,-153.171428571429
30,3218,-40,-41.0060790273556
30,3219,-70,-41.0060790273556
30,3220,-141,-41.0060790273556
30,3221,-80,-41.0060790273556
30,3222,-35,-41.0060790273556
30,3223,-5,-1.93548387096774
30,3224,-11,0.155672823218997
30,3225,-3,0.155672823218997
30,3226,31,0.155672823218997
30,3227,155,78.4636363636364
30,3228,289,183.075376884422
30,3229,226,-89.2857142857143
30,3230,-295,-247.307692307692
30,3231,-179,-150.677083333333
30,3232,45,23.9666666666667
30,3233,54,32.5316455696203
30,3234,14,-12.5384615384615
30,3235,-41,-17.6027397260274
30,3236,0,-41.0060790273556
30,3237,160,119.928571428571
30,3238,355,221.390625
30,3239,121,-89.2857142857143
30,3240,-308,-247.307692307692
30,3241,-159,-26.7777777777778
30,3242,-145,-78.7
30,3243,-131,-41.0060790273556
30,3244,-41,-41.0060790273556
30,3245,-46,-41.0060790273556
30,3246,-69,-41.0060790273556
30,3247,-26,-41.0060790273556
30,3248,-8,-22.9081081081081
30,3249,0,0.155672823218997
30,3250,30,0.155672823218997
30,3251,113,78.4636363636364
30,3252,274,183.075376884422
30,3253,319,-89.2857142857143
30,3254,-355,-302.384615384615
30,3255,-127,-150.677083333333
30,3256,19,-36.9
30,3257,90,32.5316455696203
30,3258,-20,-12.5384615384615
30,3259,-13,-22.9081081081081
30,3260,12,0.155672823218997
30,3261,165,119.928571428571
30,3262,297,302.666666666667
30,3263,-76,-89.2857142857143
30,3264,-200,-150.677083333333
30,3265,-173,-153.171428571429
30,3266,-57,-78.7
30,3267,-55,-41.0060790273556
30,3268,-73,-41.0060790273556
30,3269,-43,-41.0060790273556
30,3270,-20,-41.0060790273556
30,3271,-36,-1.93548387096774
30,3272,-41,-41.0060790273556
30,3273,-26,-41.0060790273556
30,3274,2,-22.9081081081081
30,3275,16,0.155672823218997
30,3276,72,78.4636363636364
30,3277,60,183.075376884422
30,3278,126,183.075376884422
30,3279,154,-19.3571428571429
30,3280,15,-213.857142857143
30,3281,127,-105.407407407407
30,3282,-67,19.6
30,3283,-35,-26.7777777777778
30,3284,-249,-22.9081081081081
30,3285,201,-41.0060790273556
30,3286,-31,-12.5384615384615
30,3287,-20,-150.677083333333
30,3288,-29,-1.93548387096774
30,3289,-113,-22.9081081081081
30,3290,-33,-41.0060790273556
30,3291,-26,-22.9081081081081
30,3292,-24,-22.9081081081081
30,3293,-24,-22.9081081081081
30,3294,0,-1.93548387096774
30,3295,-18,0.155672823218997
30,3296,-63,-22.9081081081081
30,3297,-37,-41.0060790273556
30,3298,0,-41.0060790273556
30,3299,5,0.155672823218997
30,3300,13,0.155672823218997
30,3301,99,78.4636363636364
30,3302,130,144.686567164179
30,3303,122,144.686567164179
30,3304,97,-213.857142857143
30,3305,144,-26.7777777777778
30,3306,-85,-87.4545454545455
30,3307,-164,-105.407407407407
30,3308,14,-41.0060790273556
30,3309,-218,-17.6027397260274
30,3310,60,-41.0060790273556
30,3311,31,-12.5384615384615
30,3312,28,-17.6027397260274
30,3313,-81,32.5316455696203
30,3314,-45,-41.0060790273556
30,3315,-52,-41.0060790273556
30,3316,-34,-41.0060790273556
30,3317,-48,-22.9081081081081
30,3318,-25,-41.0060790273556
30,3319,1,-22.9081081081081
30,3320,-4,0.155672823218997
30,3321,8,0.155672823218997
30,3322,24,0.155672823218997
30,3323,109,78.4636363636364
30,3324,288,183.075376884422
30,3325,266,-19.3571428571429
30,3326,-357,-302.384615384615
30,3327,-136,-150.677083333333
30,3328,23,23.9666666666667
30,3329,54,32.5316455696203
30,3330,5,-12.5384615384615
30,3331,-42,0.155672823218997
30,3332,36,-41.0060790273556
30,3333,162,119.928571428571
30,3334,401,221.390625
30,3335,-11,-89.2857142857143
30,3336,-261,-150.677083333333
30,3337,-157,-153.171428571429
30,3338,-138,-78.7
30,3339,-117,-41.0060790273556
30,3340,-47,-41.0060790273556
30,3341,-76,-41.0060790273556
30,3342,-17,-41.0060790273556
30,3343,-6,-1.93548387096774
30,3344,-11,0.155672823218997
30,3345,4,0.155672823218997
30,3346,34,0.155672823218997
30,3347,105,78.4636363636364
30,3348,122,183.075376884422
30,3349,424,183.075376884422
30,3350,-298,-213.857142857143
30,3351,-191,-150.677083333333
30,3352,14,-36.9
30,3353,79,-17.6027397260274
30,3354,-9,-12.5384615384615
30,3355,-37,0.155672823218997
30,3356,66,-41.0060790273556
30,3357,163,107.185185185185
30,3358,384,302.666666666667
30,3359,-46,-213.857142857143
30,3360,-221,-150.677083333333
30,3361,-162,-153.171428571429
30,3362,-121,-78.7
30,3363,-98,-41.0060790273556
30,3364,-107,-41.0060790273556
30,3365,-62,-41.0060790273556
30,3366,-33,-41.0060790273556
30,3367,-8,-1.93548387096774
30,3368,3,0.155672823218997
30,3369,1,0.155672823218997
30,3370,30,0.155672823218997
30,3371,141,78.4636363636364
30,3372,373,183.075376884422
30,3373,254,-89.2857142857143
30,3374,-460,-302.384615384615
30,3375,-170,-150.677083333333
30,3376,75,23.9666666666667
30,3377,107,-12.5384615384615
30,3378,-60,-12.5384615384615
30,3379,1,-41.0060790273556
30,3380,37,0.155672823218997
30,3381,155,119.928571428571
30,3382,377,221.390625
30,3383,-58,-89.2857142857143
30,3384,-169,-150.677083333333
30,3385,-216,-153.171428571429
30,3386,-114,-41.0060790273556
30,3387,-78,23.9666666666667
30,3388,-78,-41.0060790273556
30,3389,-92,-41.0060790273556
30,3390,-42,-41.0060790273556
30,3391,-6,-41.0060790273556
30,3392,-12,0.155672823218997
30,3393,3,0.155672823218997
30,3394,27,0.155672823218997
30,3395,128,78.4636363636364
30,3396,369,183.075376884422
30,3397,222,-89.2857142857143
30,3398,-358,-247.307692307692
30,3399,-162,-150.677083333333
30,3400,42,23.9666666666667
30,3401,18,32.5316455696203
30,3402,-4,-17.6027397260274
30,3403,-17,0.155672823218997
30,3404,65,-22.9081081081081
30,3405,144,107.185185185185
30,3406,362,221.390625
30,3407,9,-213.857142857143
30,3408,-243,-150.677083333333
30,3409,-139,-153.171428571429
30,3410,-164,-78.7
30,3411,-16,-41.0060790273556
30,3412,-139,-22.9081081081081
30,3413,-70,-41.0060790273556
30,3414,-50,-41.0060790273556
30,3415,-12,-41.0060790273556
30,3416,-15,0.155672823218997
30,3417,2,-22.9081081081081
30,3418,22,0.155672823218997
30,3419,79,78.4636363636364
30,3420,313,183.075376884422
30,3421,269,183.075376884422
30,3422,-292,-302.384615384615
30,3423,-142,-150.677083333333
30,3424,53,23.9666666666667
30,3425,101,-12.5384615384615
30,3426,-42,-12.5384615384615
30,3427,68,-41.0060790273556
30,3428,90,-125.5
30,3429,2,107.185185185185
30,3430,89,-1.93548387096774
30,3431,-71,-125.5
30,3432,-94,-41.0060790273556
30,3433,-96,-41.0060790273556
30,3434,-53,-41.0060790273556
30,3435,-26,-41.0060790273556
30,3436,-103,-22.9081081081081
30,3437,-6,-41.0060790273556
30,3438,-89,0.155672823218997
30,3439,-10,-41.0060790273556
30,3440,-34,0.155672823218997
30,3441,-23,-22.9081081081081
30,3442,10,-22.9081081081081
30,3443,14,78.4636363636364
30,3444,30,78.4636363636364
30,3445,96,32.5316455696203
30,3446,75,107.185185185185
30,3447,180,107.185185185185
30,3448,75,-19.3571428571429
30,3449,-21,-198.66
30,3450,33,-22.9081081081081
30,3451,10,32.5316455696203
30,3452,49,-17.6027397260274
30,3453,-101,-87.4545454545455
30,3454,1,-41.0060790273556
30,3455,-21,0.155672823218997
30,3456,-50,119.928571428571
30,3457,-185,-41.0060790273556
30,3458,-103,-41.0060790273556
30,3459,-26,-41.0060790273556
30,3460,67,-22.9081081081081
30,3461,-46,139.681818181818
30,3462,-26,-41.0060790273556
30,3463,11,-22.9081081081081
30,3464,-42,78.4636363636364
30,3465,-20,-41.0060790273556
30,3466,-10,-22.9081081081081
30,3467,3,0.155672823218997
30,3468,27,0.155672823218997
30,3469,87,78.4636363636364
30,3470,103,-12.5384615384615
30,3471,156,144.686567164179
30,3472,101,-19.3571428571429
30,3473,56,-105.407407407407
30,3474,-52,-87.4545454545455
30,3475,-36,-41.0060790273556
30,3476,-102,-41.0060790273556
30,3477,119,-41.0060790273556
30,3478,29,-12.5384615384615
30,3479,-3,-26.7777777777778
30,3480,-208,-1.93548387096774
30,3481,-188,-41.0060790273556
30,3482,67,-78.7
30,3483,-5,183.075376884422
30,3484,-43,0.155672823218997
30,3485,-19,-41.0060790273556
30,3486,-49,-22.9081081081081
30,3487,-15,-41.0060790273556
30,3488,-12,-22.9081081081081
30,3489,-17,0.155672823218997
30,3490,-7,-22.9081081081081
30,3491,11,0.155672823218997
30,3492,28,78.4636363636364
30,3493,84,78.4636363636364
30,3494,102,183.075376884422
30,3495,130,107.185185185185
30,3496,100,-19.3571428571429
30,3497,84,-26.7777777777778
30,3498,23,-87.4545454545455
30,3499,-54,32.5316455696203
30,3500,-63,-41.0060790273556
30,3501,51,-41.0060790273556
30,3502,-2,-12.5384615384615
30,3503,-16,0.155672823218997
30,3504,-108,-22.9081081081081
30,3505,-113,-41.0060790273556
30,3506,-77,-41.0060790273556
30,3507,-63,-41.0060790273556
30,3508,-51,-41.0060790273556
30,3509,-41,-41.0060790273556
30,3510,-5,-41.0060790273556
30,3511,-19,0.155672823218997
30,3512,5,-22.9081081081081
30,3513,-2,0.155672823218997
30,3514,30,0.155672823218997
30,3515,134,78.4636363636364
30,3516,321,183.075376884422
30,3517,139,-89.2857142857143
30,3518,-309,-247.307692307692
30,3519,-151,-105.407407407407
30,3520,26,23.9666666666667
30,3521,89,32.5316455696203
30,3522,-12,-12.5384615384615
30,3523,-1,0.155672823218997
30,3524,18,0.155672823218997
30,3525,166,119.928571428571
30,3526,398,262.6625
30,3527,-17,-89.2857142857143
30,3528,-287,-150.677083333333
30,3529,-167,-153.171428571429
30,3530,-117,-78.7
30,3531,-89,-41.0060790273556
30,3532,-84,-41.0060790273556
30,3533,-58,-41.0060790273556
30,3534,-24,-41.0060790273556
30,3535,-4,-1.93548387096774
30,3536,-5,0.155672823218997
30,3537,1,0.155672823218997
30,3538,35,0.155672823218997
30,3539,170,78.4636363636364
30,3540,290,183.075376884422
30,3541,225,-89.2857142857143
30,3542,-435,-247.307692307692
30,3543,-55,-150.677083333333
30,3544,-18,23.9666666666667
30,3545,49,-22.9081081081081
30,3546,-32,-12.5384615384615
30,3547,-23,-22.9081081081081
30,3548,34,119.928571428571
30,3549,185,119.928571428571
30,3550,433,221.390625
30,3551,-24,-89.2857142857143
30,3552,-177,-150.677083333333
30,3553,-250,-153.171428571429
30,3554,-116,-41.0060790273556
30,3555,-77,23.9666666666667
30,3556,-69,-41.0060790273556
30,3557,-85,-41.0060790273556
30,3558,-47,-41.0060790273556
30,3559,-10,-41.0060790273556
30,3560,1,0.155672823218997
30,3561,-1,0.155672823218997
30,3562,30,0.155672823218997
30,3563,162,78.4636363636364
30,3564,282,183.075376884422
30,3565,164,-89.2857142857143
30,3566,-523,-247.307692307692
30,3567,-74,-105.407407407407
30,3568,13,23.9666666666667
30,3569,75,32.5316455696203
30,3570,54,-12.5384615384615
30,3571,25,-12.5384615384615
30,3572,54,119.928571428571
30,3573,146,62.5384615384615
30,3574,392,262.6625
30,3575,27,-213.857142857143
30,3576,-277,-198.66
30,3577,-152,-36.9
30,3578,-134,-78.7
30,3579,-55,-41.0060790273556
30,3580,-48,-41.0060790273556
30,3581,-73,-41.0060790273556
30,3582,-67,-41.0060790273556
30,3583,-18,-41.0060790273556
30,3584,-2,-22.9081081081081
30,3585,-1,0.155672823218997
30,3586,32,0.155672823218997
30,3587,100,78.4636363636364
30,3588,346,183.075376884422
30,3589,233,183.075376884422
30,3590,-375,-247.307692307692
30,3591,-120,-150.677083333333
30,3592,72,23.9666666666667
30,3593,27,-12.5384615384615
30,3594,31,-17.6027397260274
30,3595,-101,-17.6027397260274
30,3596,78,-41.0060790273556
30,3597,139,107.185185185185
30,3598,302,221.390625
30,3599,20,-213.857142857143
30,3600,-224,-198.66
30,3601,-177,-153.171428571429
30,3602,-90,-78.7
30,3603,-2,-41.0060790273556
30,3604,-51,0.155672823218997
30,3605,-98,-41.0060790273556
30,3606,-33,-41.0060790273556
30,3607,-40,119.928571428571
30,3608,-34,-41.0060790273556
30,3609,-32,-22.9081081081081
30,3610,4,-22.9081081081081
30,3611,19,0.155672823218997
30,3612,48,78.4636363636364
30,3613,148,183.075376884422
30,3614,118,183.075376884422
30,3615,74,-213.857142857143
30,3616,156,-26.7777777777778
30,3617,116,19.6
30,3618,-26,-213.857142857143
30,3619,-42,-26.7777777777778
30,3620,-114,-41.0060790273556
30,3621,-398,-41.0060790273556
30,3622,57,-41.0060790273556
30,3623,-4,-12.5384615384615
30,3624,48,0.155672823218997
30,3625,-21,144.686567164179
30,3626,-13,-22.9081081081081
30,3627,13,0.155672823218997
30,3628,-61,78.4636363636364
30,3629,-9,-41.0060790273556
30,3630,0,0.155672823218997
30,3631,-28,0.155672823218997
30,3632,-50,-22.9081081081081
30,3633,-18,-41.0060790273556
30,3634,27,-22.9081081081081
30,3635,-20,32.5316455696203
30,3636,35,-22.9081081081081
30,3637,100,78.4636363636364
30,3638,129,107.185185185185
30,3639,196,183.075376884422
30,3640,90,-213.857142857143
30,3641,172,-198.66
30,3642,-28,-19.3571428571429
30,3643,-82,-105.407407407407
30,3644,49,-106.431818181818
30,3645,5,-12.5384615384615
30,3646,-30,0.155672823218997
30,3647,-111,-22.9081081081081
30,3648,-64,-41.0060790273556
30,3649,-140,-41.0060790273556
30,3650,-150,-41.0060790273556
30,3651,-17,-41.0060790273556
30,3652,-97,-22.9081081081081
30,3653,-51,-41.0060790273556
30,3654,-23,-41.0060790273556
30,3655,-1,-22.9081081081081
30,3656,-5,0.155672823218997
30,3657,-7,0.155672823218997
30,3658,35,0.155672823218997
30,3659,140,78.4636363636364
30,3660,267,183.075376884422
30,3661,283,-89.2857142857143
30,3662,-369,-302.384615384615
30,3663,-151,-150.677083333333
30,3664,26,-36.9
30,3665,96,-17.6027397260274
30,3666,-9,-12.5384615384615
30,3667,17,0.155672823218997
30,3668,6,-17.6027397260274
30,3669,142,119.928571428571
30,3670,383,302.666666666667
30,3671,97,-89.2857142857143
30,3672,-335,-198.66
30,3673,-243,-36.9
30,3674,-105,-78.7
30,3675,-126,23.9666666666667
30,3676,-66,-41.0060790273556
30,3677,-61,-41.0060790273556
30,3678,-22,-41.0060790273556
30,3679,-4,-1.93548387096774
30,3680,2,0.155672823218997
30,3681,1,0.155672823218997
30,3682,35,0.155672823218997
30,3683,167,78.4636363636364
30,3684,385,183.075376884422
30,3685,154,-89.2857142857143
30,3686,-392,-247.307692307692
30,3687,-162,-105.407407407407
30,3688,51,23.9666666666667
30,3689,69,-12.5384615384615
30,3690,12,-12.5384615384615
30,3691,-73,-17.6027397260274
30,3692,71,-41.0060790273556
30,3693,210,107.185185185185
30,3694,434,262.6625
30,3695,-93,-302.384615384615
30,3696,-281,-150.677083333333
30,3697,-135,-153.171428571429
30,3698,-151,-78.7
30,3699,-94,-41.0060790273556
30,3700,-107,-41.0060790273556
30,3701,-60,-41.0060790273556
30,3702,-28,-41.0060790273556
30,3703,-10,-1.93548387096774
30,3704,-4,0.155672823218997
30,3705,-2,0.155672823218997
30,3706,43,0.155672823218997
30,3707,157,78.4636363636364
30,3708,352,183.075376884422
30,3709,213,-89.2857142857143
30,3710,-442,-247.307692307692
30,3711,-123,-150.677083333333
30,3712,27,23.9666666666667
30,3713,120,-17.6027397260274
30,3714,-29,-12.5384615384615
30,3715,-45,-26.7777777777778
30,3716,40,-41.0060790273556
30,3717,191,119.928571428571
30,3718,416,221.390625
30,3719,52,-89.2857142857143
30,3720,-342,-198.66
30,3721,-165,-153.171428571429
30,3722,-164,-78.7
30,3723,-94,-41.0060790273556
30,3724,-85,-41.0060790273556
30,3725,-70,-41.0060790273556
30,3726,-29,-41.0060790273556
30,3727,-19,-1.93548387096774
30,3728,2,-22.9081081081081
30,3729,-5,0.155672823218997
30,3730,51,0.155672823218997
30,3731,138,183.075376884422
30,3732,376,183.075376884422
30,3733,187,-213.857142857143
30,3734,-420,-247.307692307692
30,3735,-126,-150.677083333333
30,3736,42,23.9666666666667
30,3737,43,-17.6027397260274
30,3738,-14,-17.6027397260274
30,3739,-9,0.155672823218997
30,3740,78,0.155672823218997
30,3741,139,107.185185185185
30,3742,393,221.390625
30,3743,-32,-213.857142857143
30,3744,-178,-150.677083333333
30,3745,-211,-153.171428571429
30,3746,-146,-41.0060790273556
30,3747,-66,23.9666666666667
30,3748,-81,-41.0060790273556
30,3749,-83,-41.0060790273556
30,3750,-46,-41.0060790273556
30,3751,-11,-41.0060790273556
30,3752,-16,0.155672823218997
30,3753,-2,-22.9081081081081
30,3754,29,0.155672823218997
30,3755,111,78.4636363636364
30,3756,302,183.075376884422
30,3757,312,183.075376884422
30,3758,-419,-302.384615384615
30,3759,-101,-150.677083333333
30,3760,34,-36.9
30,3761,129,32.5316455696203
30,3762,-1,-12.5384615384615
30,3763,-37,-26.7777777777778
30,3764,-4,-41.0060790273556
30,3765,196,119.928571428571
30,3766,331,302.666666666667
30,3767,-86,-89.2857142857143
30,3768,-229,-150.677083333333
30,3769,-175,-153.171428571429
30,3770,-92,-78.7
30,3771,-83,-41.0060790273556
30,3772,-34,-41.0060790273556
30,3773,12,-22.9081081081081
30,3774,-98,-1.93548387096774
30,3775,-16,-41.0060790273556
30,3776,-56,-22.9081081081081
30,3777,-31,-41.0060790273556
30,3778,10,-22.9081081081081
30,3779,17,78.4636363636364
30,3780,40,78.4636363636364
30,3781,139,32.5316455696203
30,3782,130,-19.3571428571429
30,3783,100,-89.2857142857143
30,3784,185,-26.7777777777778
30,3785,79,19.6
30,3786,-2,-198.66
30,3787,11,0.155672823218997
30,3788,-61,-17.6027397260274
30,3789,129,-41.0060790273556
30,3790,-54,-12.5384615384615
30,3791,-115,-26.7777777777778
30,3792,-136,-41.0060790273556
30,3793,-148,-41.0060790273556
30,3794,-34,-41.0060790273556
30,3795,-17,-22.9081081081081
30,3796,-50,-22.9081081081081
30,3797,-78,-41.0060790273556
30,3798,-34,-41.0060790273556
30,3799,-28,-22.9081081081081
30,3800,-41,-22.9081081081081
30,3801,-40,-41.0060790273556
30,3802,5,-41.0060790273556
30,3803,22,0.155672823218997
30,3804,36,78.4636363636364
30,3805,57,78.4636363636364
30,3806,168,183.075376884422
30,3807,194,-19.3571428571429
30,3808,69,-213.857142857143
30,3809,97,-198.66
30,3810,38,19.6
30,3811,-59,-17.6027397260274
30,3812,-78,-41.0060790273556
30,3813,39,-41.0060790273556
30,3814,-26,-17.6027397260274
30,3815,-89,-1.93548387096774
30,3816,-78,-41.0060790273556
30,3817,-79,-41.0060790273556
30,3818,-133,-41.0060790273556
30,3819,-64,-41.0060790273556
30,3820,-33,-41.0060790273556
30,3821,-49,-22.9081081081081
30,3822,-24,-41.0060790273556
30,3823,-8,-22.9081081081081
30,3824,-6,0.155672823218997
30,3825,4,0.155672823218997
30,3826,34,0.155672823218997
30,3827,119,78.4636363636364
30,3828,328,183.075376884422
30,3829,191,-89.2857142857143
30,3830,-384,-247.307692307692
30,3831,-97,-150.677083333333
30,3832,50,23.9666666666667
30,3833,43,-12.5384615384615
30,3834,48,-17.6027397260274
30,3835,-11,-125.5
30,3836,6,0.155672823218997
30,3837,115,119.928571428571
30,3838,389,221.390625
30,3839,-68,-89.2857142857143
30,3840,-288,-150.677083333333
30,3841,-146,-153.171428571429
30,3842,-107,-78.7
30,3843,-104,-41.0060790273556
30,3844,-59,-41.0060790273556
30,3845,-57,-41.0060790273556
30,3846,-8,-41.0060790273556
30,3847,-1,-1.93548387096774
30,3848,2,0.155672823218997
30,3849,1,0.155672823218997
30,3850,41,0.155672823218997
30,3851,119,78.4636363636364
30,3852,189,183.075376884422
30,3853,316,-89.2857142857143
30,3854,-379,-302.384615384615
30,3855,-133,-150.677083333333
30,3856,-9,-36.9
30,3857,-63,0.155672823218997
30,3858,26,-41.0060790273556
30,3859,29,-17.6027397260274
30,3860,-107,-17.6027397260274
30,3861,105,-41.0060790273556
30,3862,197,302.666666666667
30,3863,-57,-19.3571428571429
30,3864,43,-150.677083333333
30,3865,-34,78.4636363636364
30,3866,-83,-22.9081081081081
30,3867,-56,-41.0060790273556
30,3868,-73,-41.0060790273556
30,3869,-52,-41.0060790273556
30,3870,-14,-41.0060790273556
30,3871,-9,-1.93548387096774
30,3872,2,0.155672823218997
30,3873,5,0.155672823218997
30,3874,46,0.155672823218997
30,3875,116,183.075376884422
30,3876,373,183.075376884422
30,3877,252,-213.857142857143
30,3878,-435,-302.384615384615
30,3879,-170,-150.677083333333
30,3880,55,23.9666666666667
30,3881,66,-12.5384615384615
30,3882,-24,-12.5384615384615
30,3883,-3,-22.9081081081081
30,3884,25,0.155672823218997
30,3885,155,119.928571428571
30,3886,420,221.390625
30,3887,6,-89.2857142857143
30,3888,-281,-150.677083333333
30,3889,-202,-153.171428571429
30,3890,-60,-78.7
30,3891,-120,23.9666666666667
30,3892,-106,-41.0060790273556
30,3893,-65,-41.0060790273556
30,3894,-40,-41.0060790273556
30,3895,-7,-41.0060790273556
30,3896,-5,0.155672823218997
30,3897,0,0.155672823218997
30,3898,50,0.155672823218997
30,3899,114,183.075376884422
30,3900,364,183.075376884422
30,3901,256,-213.857142857143
30,3902,-435,-302.384615384615
30,3903,-165,-150.677083333333
30,3904,53,23.9666666666667
30,3905,47,-12.5384615384615
30,3906,46,-12.5384615384615
30,3907,-38,-125.5
30,3908,-7,-41.0060790273556
30,3909,166,119.928571428571
30,3910,519,221.390625
30,3911,-76,-89.2857142857143
30,3912,-297,-150.677083333333
30,3913,-186,-153.171428571429
30,3914,-143,-78.7
30,3915,13,-41.0060790273556
30,3916,-133,-17.6027397260274
30,3917,-88,-41.0060790273556
30,3918,-17,-41.0060790273556
30,3919,-35,119.928571428571
30,3920,-2,-22.9081081081081
30,3921,-2,0.155672823218997
30,3922,39,0.155672823218997
30,3923,116,32.5316455696203
30,3924,338,183.075376884422
30,3925,254,-89.2857142857143
30,3926,-374,-302.384615384615
30,3927,-158,-150.677083333333
30,3928,96,23.9666666666667
30,3929,68,-12.5384615384615
30,3930,32,-12.5384615384615
30,3931,-9,-17.6027397260274
30,3932,11,0.155672823218997
30,3933,144,119.928571428571
30,3934,279,221.390625
30,3935,-41,-89.2857142857143
30,3936,-217,-150.677083333333
30,3937,-219,-153.171428571429
30,3938,-57,-78.7
30,3939,-17,-78.7
30,3940,-109,-22.9081081081081
30,3941,-14,-41.0060790273556
30,3942,-48,0.155672823218997
30,3943,-41,-41.0060790273556
30,3944,-38,-41.0060790273556
30,3945,-30,-41.0060790273556
30,3946,2,-22.9081081081081
30,3947,24,0.155672823218997
30,3948,36,78.4636363636364
30,3949,141,78.4636363636364
30,3950,159,183.075376884422
30,3951,97,-89.2857142857143
30,3952,152,-105.407407407407
30,3953,62,19.6
30,3954,19,-105.407407407407
30,3955,-53,-17.6027397260274
30,3956,96,-41.0060790273556
30,3957,-70,-12.5384615384615
30,3958,-34,-41.0060790273556
30,3959,-48,-1.93548387096774
30,3960,-191,-41.0060790273556
30,3961,-82,-41.0060790273556
30,3962,-64,-41.0060790273556
30,3963,-22,-41.0060790273556
30,3964,-68,-22.9081081081081
30,3965,9,-41.0060790273556
30,3966,-38,0.155672823218997
30,3967,-47,-41.0060790273556
30,3968,-41,-41.0060790273556
30,3969,-44,-41.0060790273556
30,3970,-4,-41.0060790273556
30,3971,10,0.155672823218997
30,3972,41,78.4636363636364
30,3973,118,32.5316455696203
30,3974,101,183.075376884422
30,3975,213,-26.7777777777778
30,3976,81,-19.3571428571429
30,3977,206,-198.66
30,3978,-74,-87.4545454545455
30,3979,-36,-150.677083333333
30,3980,-26,-106.431818181818
30,3981,51,-22.9081081081081
30,3982,32,-12.5384615384615
30,3983,-183,-17.6027397260274
30,3984,-127,-41.0060790273556
30,3985,-161,-41.0060790273556
30,3986,-56,-41.0060790273556
30,3987,-58,-41.0060790273556
30,3988,-38,-41.0060790273556
30,3989,-36,-41.0060790273556
30,3990,-46,-41.0060790273556
30,3991,-10,-41.0060790273556
30,3992,-3,0.155672823218997
30,3993,3,0.155672823218997
30,3994,29,0.155672823218997
30,3995,131,78.4636363636364
30,3996,362,183.075376884422
30,3997,220,-89.2857142857143
30,3998,-422,-247.307692307692
30,3999,-130,-150.677083333333
30,4000,40,23.9666666666667
30,4001,104,32.5316455696203
30,4002,-14,-12.5384615384615
30,4003,-25,0.155672823218997
30,4004,-3,-22.9081081081081
30,4005,216,119.928571428571
30,4006,382,221.390625
30,4007,-45,-89.2857142857143
30,4008,-263,-150.677083333333
30,4009,-158,-153.171428571429
30,4010,-176,-78.7
30,4011,-84,-41.0060790273556
30,4012,-78,-41.0060790273556
30,4013,-30,-41.0060790273556
30,4014,-51,-1.93548387096774
30,4015,1,-41.0060790273556
30,4016,-9,0.155672823218997
30,4017,4,0.155672823218997
30,4018,38,0.155672823218997
30,4019,147,78.4636363636364
30,4020,362,183.075376884422
30,4021,249,-89.2857142857143
30,4022,-396,-302.384615384615
30,4023,-239,-150.677083333333
30,4024,48,23.9666666666667
30,4025,84,-12.5384615384615
30,4026,3,-12.5384615384615
30,4027,-12,0.155672823218997
30,4028,10,0.155672823218997
30,4029,192,119.928571428571
30,4030,472,221.390625
30,4031,-145,-89.2857142857143
30,4032,-283,-150.677083333333
30,4033,-114,-153.171428571429
30,4034,-128,-78.7
30,4035,-109,-41.0060790273556
30,4036,-90,-41.0060790273556
30,4037,-58,-41.0060790273556
30,4038,-11,-41.0060790273556
30,4039,-12,-1.93548387096774
30,4040,-7,0.155672823218997
30,4041,4,0.155672823218997
30,4042,22,0.155672823218997
30,4043,146,78.4636363636364
30,4044,350,183.075376884422
30,4045,306,-89.2857142857143
30,4046,-504,-302.384615384615
30,4047,-149,-150.677083333333
30,4048,42,-36.9
30,4049,89,32.5316455696203
30,4050,24,-12.5384615384615
30,4051,-63,-17.6027397260274
30,4052,23,-41.0060790273556
30,4053,168,119.928571428571
30,4054,485,302.666666666667
30,4055,-69,-89.2857142857143
30,4056,-257,-150.677083333333
30,4057,-193,-153.171428571429
30,4058,-74,-78.7
30,4059,-145,-41.0060790273556
30,4060,-100,-41.0060790273556
30,4061,-50,-41.0060790273556
30,4062,-44,-41.0060790273556
30,4063,-5,-41.0060790273556
30,4064,-9,0.155672823218997
30,4065,1,0.155672823218997
30,4066,58,0.155672823218997
30,4067,103,183.075376884422
30,4068,389,183.075376884422
30,4069,236,183.075376884422
30,4070,-459,-302.384615384615
30,4071,-127,-150.677083333333
30,4072,86,23.9666666666667
30,4073,41,-12.5384615384615
30,4074,-9,-17.6027397260274
30,4075,-68,0.155672823218997
30,4076,38,-41.0060790273556
30,4077,176,119.928571428571
30,4078,433,221.390625
30,4079,-6,-89.2857142857143
30,4080,-340,-150.677083333333
30,4081,-102,-153.171428571429
30,4082,-204,-78.7
30,4083,-206,-41.0060790273556
30,4084,-2,23.9666666666667
30,4085,-28,0.155672823218997
30,4086,-4,-1.93548387096774
30,4087,-3,-1.93548387096774
30,4088,-3,0.155672823218997
30,4089,5,0.155672823218997
30,4090,26,0.155672823218997
30,4091,100,78.4636363636364
30,4092,256,144.686567164179
30,4093,311,183.075376884422
30,4094,-279,-302.384615384615
30,4095,-181,-150.677083333333
30,4096,116,-36.9
30,4097,19,-12.5384615384615
30,4098,30,-26.7777777777778
30,4099,-11,-17.6027397260274
30,4100,-7,0.155672823218997
30,4101,110,119.928571428571
30,4102,306,302.666666666667
30,4103,-141,-12.5384615384615
30,4104,-159,-150.677083333333
30,4105,-172,-153.171428571429
30,4106,-99,-41.0060790273556
30,4107,-17,-41.0060790273556
30,4108,-30,-22.9081081081081
30,4109,-41,-22.9081081081081
30,4110,-48,-41.0060790273556
30,4111,-9,-41.0060790273556
30,4112,-63,0.155672823218997
30,4113,-15,-41.0060790273556
30,4114,1,-22.9081081081081
30,4115,22,0.155672823218997
30,4116,36,78.4636363636364
30,4117,138,78.4636363636364
30,4118,121,183.075376884422
30,4119,140,-89.2857142857143
30,4120,191,-213.857142857143
30,4121,19,-213.857142857143
30,4122,4,-198.66
30,4123,64,0.155672823218997
30,4124,-23,-12.5384615384615
30,4125,-5,-22.9081081081081
30,4126,-10,0.155672823218997
30,4127,-118,0.155672823218997
30,4128,-124,-41.0060790273556
30,4129,-155,-41.0060790273556
30,4130,-23,-41.0060790273556
30,4131,-71,-22.9081081081081
30,4132,-25,-41.0060790273556
30,4133,-49,-22.9081081081081
30,4134,-31,-41.0060790273556
30,4135,-24,-22.9081081081081
30,4136,-34,-22.9081081081081
30,4137,-51,-22.9081081081081
30,4138,3,-41.0060790273556
30,4139,12,0.155672823218997
30,4140,35,78.4636363636364
30,4141,87,78.4636363636364
30,4142,141,183.075376884422
30,4143,194,-19.3571428571429
30,4144,112,-213.857142857143
30,4145,89,-247.307692307692
30,4146,-86,-26.7777777777778
30,4147,18,-41.0060790273556
30,4148,37,-17.6027397260274
30,4149,-1,-17.6027397260274
30,4150,-73,0.155672823218997
30,4151,-174,-41.0060790273556
30,4152,-144,-41.0060790273556
30,4153,-63,-41.0060790273556
30,4154,-71,-41.0060790273556
30,4155,-32,-41.0060790273556
30,4156,-34,-22.9081081081081
30,4157,-12,-22.9081081081081
30,4158,-27,0.155672823218997
30,4159,-6,-22.9081081081081
30,4160,-5,0.155672823218997
30,4161,3,0.155672823218997
30,4162,26,0.155672823218997
30,4163,119,78.4636363636364
30,4164,328,183.075376884422
30,4165,301,-89.2857142857143
30,4166,-444,-302.384615384615
30,4167,-161,-150.677083333333
30,4168,93,-36.9
30,4169,51,-12.5384615384615
30,4170,-18,-12.5384615384615
30,4171,-61,-22.9081081081081
30,4172,85,-41.0060790273556
30,4173,130,107.185185185185
30,4174,397,302.666666666667
30,4175,-243,-213.857142857143
30,4176,-97,-150.677083333333
30,4177,-254,-153.171428571429
30,4178,-44,-41.0060790273556
30,4179,-11,23.9666666666667
30,4180,-102,0.155672823218997
30,4181,-74,-41.0060790273556
30,4182,-20,-41.0060790273556
30,4183,-9,119.928571428571
30,4184,3,0.155672823218997
30,4185,5,0.155672823218997
30,4186,33,0.155672823218997
30,4187,136,78.4636363636364
30,4188,81,183.075376884422
30,4189,-126,-105.407407407407
30,4190,-48,-41.0060790273556
30,4191,-41,-41.0060790273556
30,4192,54,-41.0060790273556
30,4193,5,-12.5384615384615
30,4194,50,0.155672823218997
30,4195,9,-125.5
30,4196,46,0.155672823218997
30,4197,165,183.075376884422
30,4198,341,-19.3571428571429
30,4199,-28,-213.857142857143
30,4200,-292,-150.677083333333
30,4201,-89,-153.171428571429
30,4202,-17,23.9666666666667
30,4203,-49,-22.9081081081081
30,4204,-142,-41.0060790273556
30,4205,-46,-41.0060790273556
30,4206,-33,-41.0060790273556
30,4207,-10,-1.93548387096774
30,4208,-2,0.155672823218997
30,4209,4,0.155672823218997
30,4210,23,0.155672823218997
30,4211,143,78.4636363636364
30,4212,338,183.075376884422
30,4213,294,-89.2857142857143
30,4214,-447,-302.384615384615
30,4215,-187,-150.677083333333
30,4216,55,-36.9
30,4217,128,-12.5384615384615
30,4218,-79,-12.5384615384615
30,4219,-28,-26.7777777777778
30,4220,68,-22.9081081081081
30,4221,159,107.185185185185
30,4222,439,302.666666666667
30,4223,-107,-213.857142857143
30,4224,-217,-150.677083333333
30,4225,-96,-153.171428571429
30,4226,-288,-78.7
30,4227,32,-41.0060790273556
30,4228,-21,-17.6027397260274
30,4229,-144,-22.9081081081081
30,4230,-51,-41.0060790273556
30,4231,-12,-41.0060790273556
30,4232,-2,0.155672823218997
30,4233,-1,0.155672823218997
30,4234,29,0.155672823218997
30,4235,94,32.5316455696203
30,4236,258,183.075376884422
30,4237,347,183.075376884422
30,4238,-379,-302.384615384615
30,4239,-182,-150.677083333333
30,4240,37,-36.9
30,4241,74,32.5316455696203
30,4242,6,-12.5384615384615
30,4243,-27,0.155672823218997
30,4244,58,-22.9081081081081
30,4245,172,107.185185185185
30,4246,404,302.666666666667
30,4247,-14,-213.857142857143
30,4248,-353,-150.677083333333
30,4249,-93,-153.171428571429
30,4250,-120,-78.7
30,4251,-89,-41.0060790273556
30,4252,-77,-41.0060790273556
30,4253,-53,-41.0060790273556
30,4254,-56,-41.0060790273556
30,4255,-35,-41.0060790273556
30,4256,5,-22.9081081081081
30,4257,-5,0.155672823218997
30,4258,30,0.155672823218997
30,4259,96,78.4636363636364
30,4260,291,183.075376884422
30,4261,357,183.075376884422
30,4262,-401,-302.384615384615
30,4263,-124,-150.677083333333
30,4264,44,-36.9
30,4265,164,32.5316455696203
30,4266,-44,-12.5384615384615
30,4267,-24,-105.407407407407
30,4268,70,-22.9081081081081
30,4269,164,107.185185185185
30,4270,266,302.666666666667
30,4271,-139,-213.857142857143
30,4272,-261,-150.677083333333
30,4273,-128,-106.431818181818
30,4274,-105,-78.7
30,4275,-3,-41.0060790273556
30,4276,-93,0.155672823218997
30,4277,20,-41.0060790273556
30,4278,-50,-1.93548387096774
30,4279,-66,-41.0060790273556
30,4280,-19,-41.0060790273556
30,4281,-45,-22.9081081081081
30,4282,-1,-41.0060790273556
30,4283,20,0.155672823218997
30,4284,54,78.4636363636364
30,4285,122,144.686567164179
30,4286,189,183.075376884422
30,4287,144,-213.857142857143
30,4288,108,-247.307692307692
30,4289,96,-213.857142857143
30,4290,-33,-87.4545454545455
30,4291,-134,-22.9081081081081
30,4292,44,-41.0060790273556
30,4293,39,-17.6027397260274
30,4294,-49,-17.6027397260274
30,4295,-115,-41.0060790273556
30,4296,-154,-41.0060790273556
30,4297,-94,-41.0060790273556
30,4298,-32,-41.0060790273556
30,4299,-30,-22.9081081081081
30,4300,-6,-22.9081081081081
30,4301,-52,0.155672823218997
30,4302,-18,-41.0060790273556
30,4303,-35,-22.9081081081081
30,4304,-52,-22.9081081081081
30,4305,-11,-41.0060790273556
30,4306,-1,0.155672823218997
30,4307,13,0.155672823218997
30,4308,12,32.5316455696203
30,4309,27,78.4636363636364
30,4310,24,78.4636363636364
30,4311,99,78.4636363636364
30,4312,151,107.185185185185
30,4313,56,139.681818181818
30,4314,-72,-105.407407407407
30,4315,-6,-41.0060790273556
30,4316,-8,0.155672823218997
30,4317,27,0.155672823218997
30,4318,-176,-17.6027397260274
30,4319,-51,-41.0060790273556
30,4320,8,-41.0060790273556
30,4321,2,0.155672823218997
30,4322,-3,0.155672823218997
30,4323,-34,0.155672823218997
30,4324,1,-22.9081081081081
30,4325,-29,0.155672823218997
30,4326,-14,-22.9081081081081
30,4327,-22,0.155672823218997
30,4328,-5,-22.9081081081081
30,4329,-3,0.155672823218997
30,4330,12,0.155672823218997
30,4331,40,78.4636363636364
30,4332,95,32.5316455696203
30,4333,243,183.075376884422
30,4334,-65,-19.3571428571429
30,4335,-34,-150.677083333333
30,4336,10,-22.9081081081081
30,4337,33,32.5316455696203
30,4338,64,-17.6027397260274
30,4339,15,-12.5384615384615
30,4340,-50,-17.6027397260274
30,4341,7,-41.0060790273556
30,4342,120,119.928571428571
31,1,105,144.252631578947
31,2,272,222.539682539683
31,3,6,-87.2105263157895
31,4,-201,-158.854961832061
31,5,-149,-146.844444444444
31,6,-70,1.89130434782609
31,7,-31,-42.6073825503356
31,8,-73,-25.4947368421053
31,9,-38,-42.6073825503356
31,10,-14,-42.6073825503356
31,11,-5,22
31,12,1,-3.26305220883534
31,13,-4,-3.26305220883534
31,14,20,-3.26305220883534
31,15,75,72.2905982905983
31,16,210,192.926406926407
31,17,318,166.753333333333
31,18,-337,-289.052631578947
31,19,-146,-144.417721518987
31,20,83,-38.5
31,21,35,-9.65957446808511
31,22,-56,-15.8888888888889
31,23,21,-42.6073825503356
31,24,-13,-15.8888888888889
31,25,142,118.949367088608
31,26,303,302.666666666667
31,27,-46,-96.35
31,28,-177,-144.417721518987
31,29,-153,-38.5
31,30,-93,1.89130434782609
31,31,-29,-42.6073825503356
31,32,-64,-25.4947368421053
31,33,-39,-42.6073825503356
31,34,-25,-42.6073825503356
31,35,-19,103.333333333333
31,36,0,-3.26305220883534
31,37,-6,-3.26305220883534
31,38,16,-3.26305220883534
31,39,63,72.2905982905983
31,40,212,144.252631578947
31,41,267,192.926406926407
31,42,-233,-289.052631578947
31,43,-138,-144.417721518987
31,44,41,-38.5
31,45,89,72.2905982905983
31,46,36,-9.65957446808511
31,47,-10,-15.8888888888889
31,48,4,-3.26305220883534
31,49,111,118.949367088608
31,50,275,222.539682539683
31,51,-67,-23.2962962962963
31,52,-244,-158.854961832061
31,53,-141,-146.844444444444
31,54,-97,1.89130434782609
31,55,26,-42.6073825503356
31,56,-17,-15.8888888888889
31,57,-102,-3.26305220883534
31,58,-26,-42.6073825503356
31,59,-14,118.949367088608
31,60,-24,-3.26305220883534
31,61,-18,-3.26305220883534
31,62,-7,-3.26305220883534
31,63,14,-3.26305220883534
31,64,43,72.2905982905983
31,65,96,72.2905982905983
31,66,105,166.753333333333
31,67,141,91.2727272727273
31,68,158,-32.6153846153846
31,69,114,-101.714285714286
31,70,0,-101.714285714286
31,71,-18,-101.714285714286
31,72,-2,-3.26305220883534
31,73,-76,-3.26305220883534
31,74,-22,-42.6073825503356
31,75,-79,-25.4947368421053
31,76,-22,-42.6073825503356
31,77,-138,-25.4947368421053
31,78,-101,-42.6073825503356
31,79,-8,-42.6073825503356
31,80,-16,-25.4947368421053
31,81,-72,-3.26305220883534
31,82,-18,-42.6073825503356
31,83,-32,-25.4947368421053
31,84,-29,-3.26305220883534
31,85,-33,-3.26305220883534
31,86,-2,-3.26305220883534
31,87,6,-3.26305220883534
31,88,30,-3.26305220883534
31,89,51,72.2905982905983
31,90,154,144.252631578947
31,91,170,192.926406926407
31,92,107,-229.911764705882
31,93,107,-101.714285714286
31,94,46,33.0833333333333
31,95,-53,28.1904761904762
31,96,-11,-42.6073825503356
31,97,-1,-25.4947368421053
31,98,7,-3.26305220883534
31,99,-144,-8.26086956521739
31,100,-100,-42.6073825503356
31,101,-88,-42.6073825503356
31,102,-62,-42.6073825503356
31,103,-95,-42.6073825503356
31,104,-44,-42.6073825503356
31,105,-49,-42.6073825503356
31,106,-13,-42.6073825503356
31,107,-14,-25.4947368421053
31,108,-6,-3.26305220883534
31,109,-2,-3.26305220883534
31,110,32,-3.26305220883534
31,111,95,72.2905982905983
31,112,254,192.926406926407
31,113,210,166.753333333333
31,114,-300,-289.052631578947
31,115,-73,-144.417721518987
31,116,27,1.89130434782609
31,117,20,28.1904761904762
31,118,-8,-15.8888888888889
31,119,25,-3.26305220883534
31,120,-13,-15.8888888888889
31,121,83,118.949367088608
31,122,354,222.539682539683
31,123,-36,-9.65957446808511
31,124,-154,-144.417721518987
31,125,-147,-38.5
31,126,-104,-42.6073825503356
31,127,-57,-42.6073825503356
31,128,-93,-42.6073825503356
31,129,-78,-42.6073825503356
31,130,-32,-42.6073825503356
31,131,-7,-25.4947368421053
31,132,2,-3.26305220883534
31,133,3,-3.26305220883534
31,134,21,-3.26305220883534
31,135,114,72.2905982905983
31,136,317,192.926406926407
31,137,212,-96.35
31,138,-273,-289.052631578947
31,139,-183,-144.417721518987
31,140,22,1.89130434782609
31,141,5,28.1904761904762
31,142,-5,-3.26305220883534
31,143,18,-3.26305220883534
31,144,51,-15.8888888888889
31,145,62,144.252631578947
31,146,411,222.539682539683
31,147,-6,-87.2105263157895
31,148,-238,-144.417721518987
31,149,-135,-38.5
31,150,-105,1.89130434782609
31,151,-135,-42.6073825503356
31,152,-80,-42.6073825503356
31,153,-44,-42.6073825503356
31,154,-24,-42.6073825503356
31,155,-5,22
31,156,-3,-3.26305220883534
31,157,1,-3.26305220883534
31,158,27,-3.26305220883534
31,159,100,72.2905982905983
31,160,284,192.926406926407
31,161,158,192.926406926407
31,162,-311,-289.052631578947
31,163,-118,-101.714285714286
31,164,-28,1.89130434782609
31,165,-9,-25.4947368421053
31,166,-46,-3.26305220883534
31,167,-13,-42.6073825503356
31,168,47,-25.4947368421053
31,169,137,144.252631578947
31,170,253,262.6625
31,171,17,-229.911764705882
31,172,-137,-158.854961832061
31,173,-108,-146.844444444444
31,174,-71,-42.6073825503356
31,175,-27,-42.6073825503356
31,176,-92,-25.4947368421053
31,177,-45,-42.6073825503356
31,178,-12,-42.6073825503356
31,179,-7,103.333333333333
31,180,-2,-3.26305220883534
31,181,0,-3.26305220883534
31,182,26,-3.26305220883534
31,183,90,72.2905982905983
31,184,286,192.926406926407
31,185,271,166.753333333333
31,186,-376,-289.052631578947
31,187,-112,-144.417721518987
31,188,40,-38.5
31,189,35,28.1904761904762
31,190,-26,-15.8888888888889
31,191,-1,-3.26305220883534
31,192,25,-3.26305220883534
31,193,125,118.949367088608
31,194,361,222.539682539683
31,195,28,-96.35
31,196,-190,-158.854961832061
31,197,-182,-146.844444444444
31,198,-137,1.89130434782609
31,199,-19,1.89130434782609
31,200,-104,-25.4947368421053
31,201,-80,-42.6073825503356
31,202,-39,-42.6073825503356
31,203,-4,-42.6073825503356
31,204,-11,-3.26305220883534
31,205,-7,-3.26305220883534
31,206,22,-3.26305220883534
31,207,88,72.2905982905983
31,208,246,192.926406926407
31,209,341,192.926406926407
31,210,-341,-289.052631578947
31,211,-122,-144.417721518987
31,212,17,-38.5
31,213,108,72.2905982905983
31,214,19,-9.65957446808511
31,215,13,-15.8888888888889
31,216,13,-15.8888888888889
31,217,173,118.949367088608
31,218,239,302.666666666667
31,219,-151,-23.2962962962963
31,220,-176,-144.417721518987
31,221,-151,-103.789473684211
31,222,-54,1.89130434782609
31,223,-85,-42.6073825503356
31,224,-15,-42.6073825503356
31,225,-45,-25.4947368421053
31,226,-54,-42.6073825503356
31,227,-7,-42.6073825503356
31,228,-52,-25.4947368421053
31,229,-20,-42.6073825503356
31,230,-8,-25.4947368421053
31,231,30,-3.26305220883534
31,232,45,72.2905982905983
31,233,125,72.2905982905983
31,234,130,166.753333333333
31,235,151,-229.911764705882
31,236,126,-101.714285714286
31,237,32,-101.714285714286
31,238,9,-101.714285714286
31,239,-40,-3.26305220883534
31,240,19,-42.6073825503356
31,241,11,-15.8888888888889
31,242,-71,-15.8888888888889
31,243,-152,-42.6073825503356
31,244,-362,-42.6073825503356
31,245,-15,-42.6073825503356
31,246,63,-25.4947368421053
31,247,8,-9.65957446808511
31,248,-19,-3.26305220883534
31,249,26,-3.26305220883534
31,250,-44,72.2905982905983
31,251,-17,-42.6073825503356
31,252,-16,-3.26305220883534
31,253,-33,-3.26305220883534
31,254,-1,-3.26305220883534
31,255,6,-3.26305220883534
31,256,12,-3.26305220883534
31,257,27,28.1904761904762
31,258,28,72.2905982905983
31,259,-11,72.2905982905983
31,260,9,-3.26305220883534
31,261,-16,-3.26305220883534
31,262,-9,-3.26305220883534
31,263,1,-3.26305220883534
31,264,-15,-3.26305220883534
31,265,-2,-3.26305220883534
31,266,-9,-3.26305220883534
31,267,12,-3.26305220883534
31,268,-4,28.1904761904762
31,269,0,-3.26305220883534
31,270,-24,-3.26305220883534
31,271,2,-3.26305220883534
31,272,4,-3.26305220883534
31,273,-11,-3.26305220883534
31,274,-4,-3.26305220883534
31,275,2,-3.26305220883534
31,276,-3,-3.26305220883534
31,277,2,-3.26305220883534
31,278,11,-3.26305220883534
31,279,31,28.1904761904762
31,280,162,28.1904761904762
31,281,275,166.753333333333
31,282,-210,-96.35
31,283,-172,-144.417721518987
31,284,1,-146.844444444444
31,285,28,-25.4947368421053
31,286,-22,28.1904761904762
31,287,7,-3.26305220883534
31,288,-2,-3.26305220883534
31,289,-9,118.949367088608
31,290,129,103.333333333333
31,291,147,145.409090909091
31,292,-81,-96.35
31,293,-95,-158.854961832061
31,294,-51,-42.6073825503356
31,295,-63,-42.6073825503356
31,296,-30,-42.6073825503356
31,297,-46,-25.4947368421053
31,298,-6,-42.6073825503356
31,299,-4,-25.4947368421053
31,300,-1,-8.26086956521739
31,301,1,-3.26305220883534
31,302,19,-3.26305220883534
31,303,98,72.2905982905983
31,304,270,192.926406926407
31,305,221,166.753333333333
31,306,-303,-289.052631578947
31,307,-146,-144.417721518987
31,308,22,1.89130434782609
31,309,40,28.1904761904762
31,310,0,-15.8888888888889
31,311,-8,-3.26305220883534
31,312,20,-3.26305220883534
31,313,126,118.949367088608
31,314,329,222.539682539683
31,315,-59,-96.35
31,316,-150,-158.854961832061
31,317,-197,-146.844444444444
31,318,-59,-42.6073825503356
31,319,-69,1.89130434782609
31,320,-84,-42.6073825503356
31,321,-37,-42.6073825503356
31,322,-11,-42.6073825503356
31,323,-18,-8.26086956521739
31,324,-4,22
31,325,3,-3.26305220883534
31,326,18,-3.26305220883534
31,327,82,72.2905982905983
31,328,283,192.926406926407
31,329,265,166.753333333333
31,330,-333,-289.052631578947
31,331,-139,-144.417721518987
31,332,37,-38.5
31,333,50,28.1904761904762
31,334,-41,-9.65957446808511
31,335,-5,-42.6073825503356
31,336,6,-3.26305220883534
31,337,147,118.949367088608
31,338,356,222.539682539683
31,339,-23,-96.35
31,340,-166,-158.854961832061
31,341,-163,-146.844444444444
31,342,-141,-42.6073825503356
31,343,-47,-42.6073825503356
31,344,-88,-42.6073825503356
31,345,-61,-42.6073825503356
31,346,-20,-42.6073825503356
31,347,-10,-25.4947368421053
31,348,-7,-3.26305220883534
31,349,-3,-3.26305220883534
31,350,14,-3.26305220883534
31,351,110,72.2905982905983
31,352,98,192.926406926407
31,353,137,166.753333333333
31,354,-161,-32.6153846153846
31,355,-62,-101.714285714286
31,356,12,-42.6073825503356
31,357,53,28.1904761904762
31,358,-7,-9.65957446808511
31,359,-28,-3.26305220883534
31,360,35,-3.26305220883534
31,361,114,28.1904761904762
31,362,296,192.926406926407
31,363,50,-96.35
31,364,-200,-202.416666666667
31,365,-127,-146.844444444444
31,366,-87,1.89130434782609
31,367,-67,-42.6073825503356
31,368,-71,-42.6073825503356
31,369,-39,-42.6073825503356
31,370,-38,-42.6073825503356
31,371,-13,-42.6073825503356
31,372,-19,-3.26305220883534
31,373,3,-3.26305220883534
31,374,13,-3.26305220883534
31,375,101,72.2905982905983
31,376,195,192.926406926407
31,377,277,192.926406926407
31,378,-258,-229.911764705882
31,379,-98,-144.417721518987
31,380,-3,-38.5
31,381,74,-25.4947368421053
31,382,-1,-9.65957446808511
31,383,-6,-3.26305220883534
31,384,24,-3.26305220883534
31,385,116,118.949367088608
31,386,262,222.539682539683
31,387,-48,-96.35
31,388,-213,-158.854961832061
31,389,-152,-146.844444444444
31,390,-81,1.89130434782609
31,391,-50,-42.6073825503356
31,392,-42,-42.6073825503356
31,393,-13,-42.6073825503356
31,394,-36,-3.26305220883534
31,395,-10,22
31,396,-31,-3.26305220883534
31,397,-24,-3.26305220883534
31,398,3,-3.26305220883534
31,399,23,-3.26305220883534
31,400,27,72.2905982905983
31,401,103,72.2905982905983
31,402,56,166.753333333333
31,403,77,91.2727272727273
31,404,67,91.2727272727273
31,405,23,-87.2105263157895
31,406,8,28.1904761904762
31,407,51,-3.26305220883534
31,408,-32,-9.65957446808511
31,409,-32,-3.26305220883534
31,410,-54,-3.26305220883534
31,411,-232,-42.6073825503356
31,412,49,-42.6073825503356
31,413,-37,145.409090909091
31,414,-18,-42.6073825503356
31,415,-1,-3.26305220883534
31,416,-41,-3.26305220883534
31,417,-6,-42.6073825503356
31,418,6,22
31,419,-2,-3.26305220883534
31,420,-24,-3.26305220883534
31,421,-12,-3.26305220883534
31,422,2,-3.26305220883534
31,423,1,-3.26305220883534
31,424,20,-3.26305220883534
31,425,80,72.2905982905983
31,426,78,145.409090909091
31,427,195,192.926406926407
31,428,31,-32.6153846153846
31,429,173,-144.417721518987
31,430,11,33.0833333333333
31,431,58,-23.2962962962963
31,432,-50,33.0833333333333
31,433,-16,-42.6073825503356
31,434,-65,-25.4947368421053
31,435,-35,-42.6073825503356
31,436,-112,-25.4947368421053
31,437,-132,-42.6073825503356
31,438,-39,-42.6073825503356
31,439,-96,-42.6073825503356
31,440,-26,-42.6073825503356
31,441,-34,-25.4947368421053
31,442,-24,-3.26305220883534
31,443,-16,-3.26305220883534
31,444,-4,-3.26305220883534
31,445,-2,-3.26305220883534
31,446,18,-3.26305220883534
31,447,103,72.2905982905983
31,448,226,192.926406926407
31,449,247,192.926406926407
31,450,-328,-289.052631578947
31,451,-111,-144.417721518987
31,452,6,1.89130434782609
31,453,62,-25.4947368421053
31,454,22,-9.65957446808511
31,455,-29,-15.8888888888889
31,456,13,-3.26305220883534
31,457,116,118.949367088608
31,458,336,222.539682539683
31,459,-19,-23.2962962962963
31,460,-193,-158.854961832061
31,461,-162,-146.844444444444
31,462,-88,1.89130434782609
31,463,-87,-42.6073825503356
31,464,-74,-42.6073825503356
31,465,-25,-42.6073825503356
31,466,-14,-25.4947368421053
31,467,-13,22
31,468,-5,-3.26305220883534
31,469,5,-3.26305220883534
31,470,9,-3.26305220883534
31,471,9,-3.26305220883534
31,472,143,-3.26305220883534
31,473,388,166.753333333333
31,474,-208,-96.35
31,475,-175,-144.417721518987
31,476,55,-146.844444444444
31,477,40,-9.65957446808511
31,478,-20,28.1904761904762
31,479,-45,-3.26305220883534
31,480,30,-42.6073825503356
31,481,120,118.949367088608
31,482,327,302.666666666667
31,483,62,-96.35
31,484,-256,-202.416666666667
31,485,-152,-146.844444444444
31,486,-53,1.89130434782609
31,487,-71,-42.6073825503356
31,488,-116,-42.6073825503356
31,489,-48,-42.6073825503356
31,490,-32,-42.6073825503356
31,491,1,22
31,492,-10,-3.26305220883534
31,493,-2,-3.26305220883534
31,494,29,-3.26305220883534
31,495,87,72.2905982905983
31,496,238,192.926406926407
31,497,308,192.926406926407
31,498,-351,-289.052631578947
31,499,-140,-144.417721518987
31,500,9,-38.5
31,501,61,-25.4947368421053
31,502,-17,-9.65957446808511
31,503,12,-3.26305220883534
31,504,16,-15.8888888888889
31,505,111,118.949367088608
31,506,362,302.666666666667
31,507,84,-96.35
31,508,-309,-144.417721518987
31,509,-166,-38.5
31,510,-99,1.89130434782609
31,511,-66,-42.6073825503356
31,512,-75,-42.6073825503356
31,513,-8,-42.6073825503356
31,514,-66,-25.4947368421053
31,515,-7,-42.6073825503356
31,516,-11,-25.4947368421053
31,517,-4,-3.26305220883534
31,518,19,-3.26305220883534
31,519,115,72.2905982905983
31,520,248,166.753333333333
31,521,243,-96.35
31,522,-323,-289.052631578947
31,523,-136,-144.417721518987
31,524,33,1.89130434782609
31,525,100,28.1904761904762
31,526,-36,-9.65957446808511
31,527,-61,-3.26305220883534
31,528,79,-42.6073825503356
31,529,87,91.2727272727273
31,530,334,222.539682539683
31,531,2,33.0833333333333
31,532,-184,-158.854961832061
31,533,-102,-146.844444444444
31,534,-121,1.89130434782609
31,535,-53,-42.6073825503356
31,536,-125,-42.6073825503356
31,537,-32,-42.6073825503356
31,538,-41,-25.4947368421053
31,539,-37,-42.6073825503356
31,540,3,-42.6073825503356
31,541,-10,-3.26305220883534
31,542,20,-3.26305220883534
31,543,111,72.2905982905983
31,544,221,192.926406926407
31,545,262,-96.35
31,546,-324,-289.052631578947
31,547,-95,-144.417721518987
31,548,59,-38.5
31,549,-87,-9.65957446808511
31,550,107,-42.6073825503356
31,551,-36,-87.2105263157895
31,552,101,-3.26305220883534
31,553,97,192.926406926407
31,554,203,222.539682539683
31,555,-2,33.0833333333333
31,556,-189,-158.854961832061
31,557,-139,-103.789473684211
31,558,-78,1.89130434782609
31,559,-3,-42.6073825503356
31,560,24,-25.4947368421053
31,561,-103,-15.8888888888889
31,562,-46,-42.6073825503356
31,563,-32,-42.6073825503356
31,564,-43,-25.4947368421053
31,565,-23,-42.6073825503356
31,566,13,-3.26305220883534
31,567,20,28.1904761904762
31,568,45,28.1904761904762
31,569,110,72.2905982905983
31,570,87,91.2727272727273
31,571,148,91.2727272727273
31,572,143,-32.6153846153846
31,573,-25,-23.2962962962963
31,574,-26,-101.714285714286
31,575,-96,-3.26305220883534
31,576,113,-42.6073825503356
31,577,-1,-9.65957446808511
31,578,-38,-47.3
31,579,-68,-42.6073825503356
31,580,-29,-42.6073825503356
31,581,-96,-25.4947368421053
31,582,-40,-42.6073825503356
31,583,-52,-42.6073825503356
31,584,-68,-42.6073825503356
31,585,-15,-42.6073825503356
31,586,-13,-25.4947368421053
31,587,-28,-3.26305220883534
31,588,-65,-3.26305220883534
31,589,-12,-42.6073825503356
31,590,-5,-25.4947368421053
31,591,6,-3.26305220883534
31,592,19,-3.26305220883534
31,593,78,72.2905982905983
31,594,77,192.926406926407
31,595,142,192.926406926407
31,596,81,-32.6153846153846
31,597,144,-23.2962962962963
31,598,7,33.0833333333333
31,599,-47,-23.2962962962963
31,600,53,-42.6073825503356
31,601,-27,-9.65957446808511
31,602,-33,-3.26305220883534
31,603,-48,-3.26305220883534
31,604,-80,-42.6073825503356
31,605,-107,-42.6073825503356
31,606,-73,-42.6073825503356
31,607,-46,-42.6073825503356
31,608,-55,-42.6073825503356
31,609,-68,-42.6073825503356
31,610,-25,-42.6073825503356
31,611,-3,-25.4947368421053
31,612,-1,-3.26305220883534
31,613,-3,-3.26305220883534
31,614,21,-3.26305220883534
31,615,119,72.2905982905983
31,616,243,192.926406926407
31,617,254,-96.35
31,618,-289,-289.052631578947
31,619,-160,-144.417721518987
31,620,23,-38.5
31,621,50,28.1904761904762
31,622,9,-9.65957446808511
31,623,-33,-3.26305220883534
31,624,23,-3.26305220883534
31,625,126,118.949367088608
31,626,381,222.539682539683
31,627,-89,-23.2962962962963
31,628,-134,-158.854961832061
31,629,-223,-146.844444444444
31,630,-76,-42.6073825503356
31,631,-74,1.89130434782609
31,632,-60,-42.6073825503356
31,633,-75,-42.6073825503356
31,634,-29,-42.6073825503356
31,635,7,-25.4947368421053
31,636,-10,22
31,637,-1,-3.26305220883534
31,638,15,-3.26305220883534
31,639,145,72.2905982905983
31,640,298,192.926406926407
31,641,178,-96.35
31,642,-346,-289.052631578947
31,643,-138,-101.714285714286
31,644,60,1.89130434782609
31,645,46,-9.65957446808511
31,646,-44,-15.8888888888889
31,647,-148,-42.6073825503356
31,648,63,-42.6073825503356
31,649,255,91.2727272727273
31,650,328,222.539682539683
31,651,-7,-289.052631578947
31,652,-252,-158.854961832061
31,653,-156,-146.844444444444
31,654,-79,1.89130434782609
31,655,-76,-42.6073825503356
31,656,-84,-42.6073825503356
31,657,-28,-42.6073825503356
31,658,-21,-25.4947368421053
31,659,-13,22
31,660,1,-3.26305220883534
31,661,3,-3.26305220883534
31,662,23,-3.26305220883534
31,663,98,72.2905982905983
31,664,292,192.926406926407
31,665,204,166.753333333333
31,666,-297,-289.052631578947
31,667,-172,-144.417721518987
31,668,48,1.89130434782609
31,669,79,-9.65957446808511
31,670,-14,-9.65957446808511
31,671,-23,-3.26305220883534
31,672,16,-3.26305220883534
31,673,98,118.949367088608
31,674,348,222.539682539683
31,675,-333,-9.65957446808511
31,676,-274,-158.854961832061
31,677,-47,-146.844444444444
31,678,-17,1.89130434782609
31,679,33,-25.4947368421053
31,680,-12,-15.8888888888889
31,681,-22,-3.26305220883534
31,682,-22,22
31,683,-8,118.949367088608
31,684,0,-3.26305220883534
31,685,-1,-3.26305220883534
31,686,22,-3.26305220883534
31,687,115,28.1904761904762
31,688,262,192.926406926407
31,689,229,-96.35
31,690,-269,-289.052631578947
31,691,-207,-144.417721518987
31,692,102,1.89130434782609
31,693,16,-9.65957446808511
31,694,46,-15.8888888888889
31,695,-71,-15.8888888888889
31,696,24,-42.6073825503356
31,697,150,118.949367088608
31,698,311,222.539682539683
31,699,38,-23.2962962962963
31,700,-217,-202.416666666667
31,701,-179,-146.844444444444
31,702,-144,1.89130434782609
31,703,2,1.89130434782609
31,704,-97,-25.4947368421053
31,705,-71,-42.6073825503356
31,706,-18,-42.6073825503356
31,707,-15,118.949367088608
31,708,-18,-3.26305220883534
31,709,-4,-3.26305220883534
31,710,17,-3.26305220883534
31,711,109,28.1904761904762
31,712,216,192.926406926407
31,713,269,166.753333333333
31,714,-298,-289.052631578947
31,715,-112,-144.417721518987
31,716,81,-38.5
31,717,57,-9.65957446808511
31,718,15,-9.65957446808511
31,719,-29,-15.8888888888889
31,720,105,-3.26305220883534
31,721,86,91.2727272727273
31,722,254,222.539682539683
31,723,-183,33.0833333333333
31,724,-93,-158.854961832061
31,725,-162,-146.844444444444
31,726,-71,-42.6073825503356
31,727,-36,-42.6073825503356
31,728,-54,-25.4947368421053
31,729,-44,-42.6073825503356
31,730,-43,-42.6073825503356
31,731,-37,-42.6073825503356
31,732,-22,-42.6073825503356
31,733,-25,-3.26305220883534
31,734,4,-3.26305220883534
31,735,20,-3.26305220883534
31,736,34,72.2905982905983
31,737,111,72.2905982905983
31,738,157,192.926406926407
31,739,76,-96.35
31,740,111,-101.714285714286
31,741,37,33.0833333333333
31,742,100,-23.2962962962963
31,743,-44,33.0833333333333
31,744,-25,-42.6073825503356
31,745,1,-3.26305220883534
31,746,-15,-3.26305220883534
31,747,-30,-8.26086956521739
31,748,-107,-3.26305220883534
31,749,-152,-42.6073825503356
31,750,-57,-42.6073825503356
31,751,44,-42.6073825503356
31,752,-98,72.2905982905983
31,753,-78,-42.6073825503356
31,754,-4,-42.6073825503356
31,755,-12,-25.4947368421053
31,756,-54,-3.26305220883534
31,757,-19,-42.6073825503356
31,758,3,-25.4947368421053
31,759,9,-3.26305220883534
31,760,39,-3.26305220883534
31,761,96,72.2905982905983
31,762,66,166.753333333333
31,763,128,91.2727272727273
31,764,78,-32.6153846153846
31,765,103,-23.2962962962963
31,766,71,33.0833333333333
31,767,-50,33.0833333333333
31,768,-53,-42.6073825503356
31,769,65,-42.6073825503356
31,770,-86,-9.65957446808511
31,771,-89,-42.6073825503356
31,772,-50,-42.6073825503356
31,773,-109,-42.6073825503356
31,774,-61,-42.6073825503356
31,775,-38,-42.6073825503356
31,776,-57,-42.6073825503356
31,777,-39,-42.6073825503356
31,778,-24,-42.6073825503356
31,779,-9,-3.26305220883534
31,780,0,-3.26305220883534
31,781,4,-3.26305220883534
31,782,20,-3.26305220883534
31,783,39,72.2905982905983
31,784,10,72.2905982905983
31,785,81,-3.26305220883534
31,786,-46,91.2727272727273
31,787,-51,-42.6073825503356
31,788,20,-42.6073825503356
31,789,106,28.1904761904762
31,790,-9,-9.65957446808511
31,791,-5,-3.26305220883534
31,792,25,-3.26305220883534
31,793,-85,28.1904761904762
31,794,118,-42.6073825503356
31,795,71,-9.65957446808511
31,796,4,-47.3
31,797,-115,-3.26305220883534
31,798,-37,-42.6073825503356
31,799,-23,-42.6073825503356
31,800,-54,-3.26305220883534
31,801,-43,-42.6073825503356
31,802,-13,-42.6073825503356
31,803,-15,-3.26305220883534
31,804,2,-3.26305220883534
31,805,-1,-3.26305220883534
31,806,3,-3.26305220883534
31,807,16,-3.26305220883534
31,808,68,72.2905982905983
31,809,317,144.252631578947
31,810,-54,166.753333333333
31,811,-184,-158.854961832061
31,812,53,-146.844444444444
31,813,40,145.409090909091
31,814,-25,28.1904761904762
31,815,-55,-3.26305220883534
31,816,72,-42.6073825503356
31,817,118,91.2727272727273
31,818,304,192.926406926407
31,819,55,-229.911764705882
31,820,-221,-202.416666666667
31,821,-249,-146.844444444444
31,822,-154,1.89130434782609
31,823,-26,1.89130434782609
31,824,-12,-25.4947368421053
31,825,-32,-3.26305220883534
31,826,-18,-3.26305220883534
31,827,-2,22
31,828,-13,22
31,829,-2,-3.26305220883534
31,830,34,-3.26305220883534
31,831,120,72.2905982905983
31,832,282,192.926406926407
31,833,210,-96.35
31,834,-303,-289.052631578947
31,835,-155,-144.417721518987
31,836,75,1.89130434782609
31,837,63,-9.65957446808511
31,838,20,-9.65957446808511
31,839,-87,-15.8888888888889
31,840,11,-42.6073825503356
31,841,172,118.949367088608
31,842,427,222.539682539683
31,843,-27,-23.2962962962963
31,844,-256,-158.854961832061
31,845,-131,-146.844444444444
31,846,-66,1.89130434782609
31,847,-107,-42.6073825503356
31,848,-153,-42.6073825503356
31,849,-54,-42.6073825503356
31,850,-51,-42.6073825503356
31,851,-12,-42.6073825503356
31,852,-13,-25.4947368421053
31,853,13,-3.26305220883534
31,854,19,72.2905982905983
31,855,124,72.2905982905983
31,856,315,192.926406926407
31,857,160,-96.35
31,858,-288,-144.417721518987
31,859,-141,-101.714285714286
31,860,74,1.89130434782609
31,861,69,-9.65957446808511
31,862,-21,-9.65957446808511
31,863,-57,-3.26305220883534
31,864,46,-42.6073825503356
31,865,114,118.949367088608
31,866,422,262.6625
31,867,16,-229.911764705882
31,868,-331,-158.854961832061
31,869,-91,-146.844444444444
31,870,-147,1.89130434782609
31,871,-48,-42.6073825503356
31,872,-85,-42.6073825503356
31,873,-96,-42.6073825503356
31,874,-21,-42.6073825503356
31,875,-28,22
31,876,-7,-3.26305220883534
31,877,-3,-3.26305220883534
31,878,23,-3.26305220883534
31,879,148,72.2905982905983
31,880,333,192.926406926407
31,881,230,-96.35
31,882,-384,-289.052631578947
31,883,-106,-144.417721518987
31,884,79,1.89130434782609
31,885,26,-9.65957446808511
31,886,35,-15.8888888888889
31,887,-45,-15.8888888888889
31,888,41,-42.6073825503356
31,889,177,118.949367088608
31,890,244,222.539682539683
31,891,-143,-23.2962962962963
31,892,-186,-158.854961832061
31,893,-146,-103.789473684211
31,894,-79,1.89130434782609
31,895,-7,-42.6073825503356
31,896,-77,-25.4947368421053
31,897,-26,-42.6073825503356
31,898,-44,-25.4947368421053
31,899,-35,-42.6073825503356
31,900,-36,-3.26305220883534
31,901,-19,-3.26305220883534
31,902,-2,-3.26305220883534
31,903,38,-3.26305220883534
31,904,45,72.2905982905983
31,905,100,72.2905982905983
31,906,97,192.926406926407
31,907,160,91.2727272727273
31,908,134,-32.6153846153846
31,909,56,-101.714285714286
31,910,62,-101.714285714286
31,911,26,33.0833333333333
31,912,-58,-15.8888888888889
31,913,-30,-42.6073825503356
31,914,-16,-25.4947368421053
31,915,19,-3.26305220883534
31,916,-213,-15.8888888888889
31,917,-117,-42.6073825503356
31,918,-56,1.89130434782609
31,919,79,-42.6073825503356
31,920,-99,192.926406926407
31,921,-69,-42.6073825503356
31,922,-40,-42.6073825503356
31,923,-32,-42.6073825503356
31,924,-32,-3.26305220883534
31,925,-50,-3.26305220883534
31,926,-8,-42.6073825503356
31,927,17,-25.4947368421053
31,928,65,72.2905982905983
31,929,81,144.252631578947
31,930,142,192.926406926407
31,931,119,-32.6153846153846
31,932,149,-23.2962962962963
31,933,56,-101.714285714286
31,934,-30,-101.714285714286
31,935,-64,-3.26305220883534
31,936,-41,-42.6073825503356
31,937,75,-42.6073825503356
31,938,-28,-9.65957446808511
31,939,-75,-8.26086956521739
31,940,-72,-42.6073825503356
31,941,-128,-42.6073825503356
31,942,-41,-42.6073825503356
31,943,-88,-42.6073825503356
31,944,-59,-42.6073825503356
31,945,-46,-42.6073825503356
31,946,-25,-42.6073825503356
31,947,-4,-25.4947368421053
31,948,-9,-3.26305220883534
31,949,5,-3.26305220883534
31,950,8,-3.26305220883534
31,951,64,-3.26305220883534
31,952,74,144.252631578947
31,953,117,192.926406926407
31,954,-84,91.2727272727273
31,955,-87,-47.3
31,956,7,-42.6073825503356
31,957,64,-25.4947368421053
31,958,14,-9.65957446808511
31,959,-4,-15.8888888888889
31,960,45,-3.26305220883534
31,961,90,28.1904761904762
31,962,193,187.909090909091
31,963,22,-87.2105263157895
31,964,-82,-158.854961832061
31,965,-112,-103.789473684211
31,966,-95,-42.6073825503356
31,967,-99,-42.6073825503356
31,968,-45,-42.6073825503356
31,969,-61,-42.6073825503356
31,970,-9,-42.6073825503356
31,971,-16,-25.4947368421053
31,972,-6,-3.26305220883534
31,973,2,-3.26305220883534
31,974,10,-3.26305220883534
31,975,120,-3.26305220883534
31,976,187,192.926406926407
31,977,266,-96.35
31,978,-257,-229.911764705882
31,979,-133,-144.417721518987
31,980,-11,-146.844444444444
31,981,65,-25.4947368421053
31,982,-11,-9.65957446808511
31,983,-21,-3.26305220883534
31,984,23,-3.26305220883534
31,985,141,118.949367088608
31,986,399,222.539682539683
31,987,0,-96.35
31,988,-421,-158.854961832061
31,989,9,-146.844444444444
31,990,-112,-25.4947368421053
31,991,-87,-42.6073825503356
31,992,-69,-42.6073825503356
31,993,-58,-42.6073825503356
31,994,-15,-42.6073825503356
31,995,-20,22
31,996,-7,-3.26305220883534
31,997,-2,-3.26305220883534
31,998,32,-3.26305220883534
31,999,125,72.2905982905983
31,1000,308,192.926406926407
31,1001,251,-96.35
31,1002,-422,-289.052631578947
31,1003,-106,-144.417721518987
31,1004,6,1.89130434782609
31,1005,51,-25.4947368421053
31,1006,22,-9.65957446808511
31,1007,-22,-15.8888888888889
31,1008,9,-3.26305220883534
31,1009,21,118.949367088608
31,1010,7,186.75
31,1011,42,-3.26305220883534
31,1012,49,-15.8888888888889
31,1013,-81,-9.65957446808511
31,1014,-50,-42.6073825503356
31,1015,-86,-42.6073825503356
31,1016,-53,-42.6073825503356
31,1017,-50,-42.6073825503356
31,1018,-26,-42.6073825503356
31,1019,-14,-25.4947368421053
31,1020,-12,-3.26305220883534
31,1021,1,-3.26305220883534
31,1022,25,-3.26305220883534
31,1023,126,72.2905982905983
31,1024,259,192.926406926407
31,1025,277,-96.35
31,1026,-391,-289.052631578947
31,1027,-116,-144.417721518987
31,1028,36,-38.5
31,1029,68,28.1904761904762
31,1030,13,-9.65957446808511
31,1031,-50,-15.8888888888889
31,1032,39,-42.6073825503356
31,1033,99,118.949367088608
31,1034,408,222.539682539683
31,1035,-46,-87.2105263157895
31,1036,-260,-158.854961832061
31,1037,-94,-146.844444444444
31,1038,-113,1.89130434782609
31,1039,-42,-42.6073825503356
31,1040,-76,-42.6073825503356
31,1041,-94,-42.6073825503356
31,1042,-31,-42.6073825503356
31,1043,-19,22
31,1044,-9,-3.26305220883534
31,1045,-5,-3.26305220883534
31,1046,21,-3.26305220883534
31,1047,83,72.2905982905983
31,1048,246,192.926406926407
31,1049,224,192.926406926407
31,1050,-243,-289.052631578947
31,1051,-108,-144.417721518987
31,1052,51,1.89130434782609
31,1053,38,-9.65957446808511
31,1054,12,-15.8888888888889
31,1055,34,-15.8888888888889
31,1056,99,-15.8888888888889
31,1057,118,91.2727272727273
31,1058,69,222.539682539683
31,1059,-131,-101.714285714286
31,1060,-118,-42.6073825503356
31,1061,-54,-42.6073825503356
31,1062,-95,-42.6073825503356
31,1063,-43,-42.6073825503356
31,1064,-46,-42.6073825503356
31,1065,-50,-42.6073825503356
31,1066,-34,-42.6073825503356
31,1067,-18,-25.4947368421053
31,1068,-33,-3.26305220883534
31,1069,-29,-3.26305220883534
31,1070,8,-3.26305220883534
31,1071,21,-3.26305220883534
31,1072,23,72.2905982905983
31,1073,87,72.2905982905983
31,1074,148,91.2727272727273
31,1075,148,-32.6153846153846
31,1076,83,-23.2962962962963
31,1077,9,-101.714285714286
31,1078,10,-3.26305220883534
31,1079,25,-3.26305220883534
31,1080,-51,-15.8888888888889
31,1081,-9,-42.6073825503356
31,1082,-42,-25.4947368421053
31,1083,-47,-42.6073825503356
31,1084,-42,-42.6073825503356
31,1085,-118,-42.6073825503356
31,1086,-4,-42.6073825503356
31,1087,-47,-25.4947368421053
31,1088,-54,-42.6073825503356
31,1089,-13,-42.6073825503356
31,1090,-59,-25.4947368421053
31,1091,-17,-42.6073825503356
31,1092,-25,-25.4947368421053
31,1093,-25,-3.26305220883534
31,1094,-4,-3.26305220883534
31,1095,15,-3.26305220883534
31,1096,30,72.2905982905983
31,1097,99,72.2905982905983
31,1098,119,166.753333333333
31,1099,154,91.2727272727273
31,1100,95,-101.714285714286
31,1101,51,-101.714285714286
31,1102,-72,33.0833333333333
31,1103,49,-42.6073825503356
31,1104,-12,-87.2105263157895
31,1105,-34,-3.26305220883534
31,1106,21,-3.26305220883534
31,1107,-4,-15.8888888888889
31,1108,-76,103.333333333333
31,1109,-50,-42.6073825503356
31,1110,-249,-42.6073825503356
31,1111,-84,-42.6073825503356
31,1112,37,1.89130434782609
31,1113,-31,72.2905982905983
31,1114,-6,-3.26305220883534
31,1115,-11,-3.26305220883534
31,1116,-30,-3.26305220883534
31,1117,-12,22
31,1118,3,-3.26305220883534
31,1119,11,-3.26305220883534
31,1120,47,28.1904761904762
31,1121,88,144.252631578947
31,1122,108,166.753333333333
31,1123,101,91.2727272727273
31,1124,112,91.2727272727273
31,1125,49,33.0833333333333
31,1126,31,-101.714285714286
31,1127,-91,-15.8888888888889
31,1128,-5,-42.6073825503356
31,1129,41,-25.4947368421053
31,1130,-96,-15.8888888888889
31,1131,-22,-42.6073825503356
31,1132,12,-25.4947368421053
31,1133,-78,28.1904761904762
31,1134,-70,-42.6073825503356
31,1135,-90,-42.6073825503356
31,1136,-75,-42.6073825503356
31,1137,-37,-42.6073825503356
31,1138,-31,-42.6073825503356
31,1139,-6,-3.26305220883534
31,1140,-5,-3.26305220883534
31,1141,2,-3.26305220883534
31,1142,28,-3.26305220883534
31,1143,121,72.2905982905983
31,1144,296,192.926406926407
31,1145,184,-96.35
31,1146,-377,-289.052631578947
31,1147,-74,-144.417721518987
31,1148,14,1.89130434782609
31,1149,40,28.1904761904762
31,1150,2,-15.8888888888889
31,1151,-1,-3.26305220883534
31,1152,18,-3.26305220883534
31,1153,137,118.949367088608
31,1154,388,222.539682539683
31,1155,-71,-96.35
31,1156,-184,-158.854961832061
31,1157,-322,-146.844444444444
31,1158,-133,1.89130434782609
31,1159,-16,1.89130434782609
31,1160,-5,-25.4947368421053
31,1161,-14,-3.26305220883534
31,1162,-32,-8.26086956521739
31,1163,1,103.333333333333
31,1164,0,22
31,1165,1,-3.26305220883534
31,1166,35,-3.26305220883534
31,1167,103,72.2905982905983
31,1168,339,166.753333333333
31,1169,188,192.926406926407
31,1170,-366,-289.052631578947
31,1171,-128,-144.417721518987
31,1172,31,1.89130434782609
31,1173,45,28.1904761904762
31,1174,36,-15.8888888888889
31,1175,-37,-15.8888888888889
31,1176,23,-42.6073825503356
31,1177,123,118.949367088608
31,1178,441,222.539682539683
31,1179,-43,-23.2962962962963
31,1180,-240,-158.854961832061
31,1181,-125,-146.844444444444
31,1182,-127,1.89130434782609
31,1183,-87,-42.6073825503356
31,1184,-57,-42.6073825503356
31,1185,-99,-42.6073825503356
31,1186,-35,-42.6073825503356
31,1187,-12,22
31,1188,-6,-3.26305220883534
31,1189,0,-3.26305220883534
31,1190,25,-3.26305220883534
31,1191,145,72.2905982905983
31,1192,329,192.926406926407
31,1193,186,-96.35
31,1194,-382,-289.052631578947
31,1195,-91,-144.417721518987
31,1196,-2,1.89130434782609
31,1197,74,-25.4947368421053
31,1198,1,-9.65957446808511
31,1199,-39,-3.26305220883534
31,1200,36,-42.6073825503356
31,1201,197,118.949367088608
31,1202,340,222.539682539683
31,1203,-42,-96.35
31,1204,-194,-158.854961832061
31,1205,-112,-146.844444444444
31,1206,-120,1.89130434782609
31,1207,-95,-42.6073825503356
31,1208,-124,-42.6073825503356
31,1209,-54,-42.6073825503356
31,1210,-52,-42.6073825503356
31,1211,-18,-42.6073825503356
31,1212,-12,-25.4947368421053
31,1213,2,-3.26305220883534
31,1214,39,-3.26305220883534
31,1215,96,72.2905982905983
31,1216,261,192.926406926407
31,1217,292,192.926406926407
31,1218,-396,-289.052631578947
31,1219,-94,-144.417721518987
31,1220,31,-38.5
31,1221,75,-15.8888888888889
31,1222,6,-9.65957446808511
31,1223,-62,-3.26305220883534
31,1224,4,-42.6073825503356
31,1225,-36,118.949367088608
31,1226,5,103.333333333333
31,1227,-117,-3.26305220883534
31,1228,-65,-42.6073825503356
31,1229,-6,-42.6073825503356
31,1230,46,-25.4947368421053
31,1231,-62,72.2905982905983
31,1232,50,-42.6073825503356
31,1233,13,-87.2105263157895
31,1234,-10,28.1904761904762
31,1235,-35,-3.26305220883534
31,1236,-15,-3.26305220883534
31,1237,-13,-3.26305220883534
31,1238,-1,-3.26305220883534
31,1239,24,-3.26305220883534
31,1240,50,28.1904761904762
31,1241,124,144.252631578947
31,1242,122,192.926406926407
31,1243,161,-229.911764705882
31,1244,43,-101.714285714286
31,1245,132,-101.714285714286
31,1246,11,33.0833333333333
31,1247,-32,-23.2962962962963
31,1248,55,-3.26305220883534
31,1249,-58,-9.65957446808511
31,1250,-58,-42.6073825503356
31,1251,-74,-42.6073825503356
31,1252,42,-42.6073825503356
31,1253,-155,28.1904761904762
31,1254,-83,-42.6073825503356
31,1255,-88,-42.6073825503356
31,1256,10,-42.6073825503356
31,1257,-69,-25.4947368421053
31,1258,-48,-42.6073825503356
31,1259,-32,-42.6073825503356
31,1260,-39,-25.4947368421053
31,1261,-37,-42.6073825503356
31,1262,-1,-42.6073825503356
31,1263,10,-3.26305220883534
31,1264,13,-3.26305220883534
31,1265,105,72.2905982905983
31,1266,160,192.926406926407
31,1267,104,-32.6153846153846
31,1268,107,-101.714285714286
31,1269,173,33.0833333333333
31,1270,2,33.0833333333333
31,1271,-8,-101.714285714286
31,1272,-34,-3.26305220883534
31,1273,18,-3.26305220883534
31,1274,-84,-15.8888888888889
31,1275,-82,-42.6073825503356
31,1276,-43,-42.6073825503356
31,1277,-139,-42.6073825503356
31,1278,-68,-42.6073825503356
31,1279,-20,-42.6073825503356
31,1280,-118,-25.4947368421053
31,1281,-59,-42.6073825503356
31,1282,-35,-42.6073825503356
31,1283,-3,-25.4947368421053
31,1284,-6,-3.26305220883534
31,1285,3,-3.26305220883534
31,1286,27,-3.26305220883534
31,1287,104,72.2905982905983
31,1288,378,192.926406926407
31,1289,148,192.926406926407
31,1290,-383,-289.052631578947
31,1291,-95,-101.714285714286
31,1292,52,1.89130434782609
31,1293,43,-9.65957446808511
31,1294,-8,-15.8888888888889
31,1295,-4,-3.26305220883534
31,1296,22,-3.26305220883534
31,1297,156,118.949367088608
31,1298,386,262.6625
31,1299,-12,-96.35
31,1300,-177,-158.854961832061
31,1301,-184,-146.844444444444
31,1302,-196,1.89130434782609
31,1303,-97,1.89130434782609
31,1304,-82,1.89130434782609
31,1305,-52,-42.6073825503356
31,1306,-14,-42.6073825503356
31,1307,-12,-25.4947368421053
31,1308,-3,-3.26305220883534
31,1309,0,22
31,1310,31,-3.26305220883534
31,1311,148,72.2905982905983
31,1312,385,192.926406926407
31,1313,141,-96.35
31,1314,-375,-289.052631578947
31,1315,-159,-101.714285714286
31,1316,51,1.89130434782609
31,1317,20,-9.65957446808511
31,1318,20,-15.8888888888889
31,1319,9,-15.8888888888889
31,1320,-4,103.333333333333
31,1321,201,118.949367088608
31,1322,377,262.6625
31,1323,-60,-144.417721518987
31,1324,-277,-144.417721518987
31,1325,-98,-146.844444444444
31,1326,-132,1.89130434782609
31,1327,-90,-42.6073825503356
31,1328,-80,-42.6073825503356
31,1329,-64,-42.6073825503356
31,1330,-22,-42.6073825503356
31,1331,-16,22
31,1332,-3,-3.26305220883534
31,1333,2,-3.26305220883534
31,1334,28,-3.26305220883534
31,1335,134,72.2905982905983
31,1336,375,192.926406926407
31,1337,121,-96.35
31,1338,-365,-289.052631578947
31,1339,-100,-101.714285714286
31,1340,23,1.89130434782609
31,1341,89,28.1904761904762
31,1342,-12,-9.65957446808511
31,1343,-1,-3.26305220883534
31,1344,-2,-3.26305220883534
31,1345,152,118.949367088608
31,1346,272,262.6625
31,1347,58,-96.35
31,1348,-244,-202.416666666667
31,1349,-130,-146.844444444444
31,1350,-110,1.89130434782609
31,1351,-50,-42.6073825503356
31,1352,-125,-42.6073825503356
31,1353,-64,-42.6073825503356
31,1354,-37,-42.6073825503356
31,1355,-10,-42.6073825503356
31,1356,-7,-3.26305220883534
31,1357,1,-3.26305220883534
31,1358,28,-3.26305220883534
31,1359,136,72.2905982905983
31,1360,356,192.926406926407
31,1361,155,-96.35
31,1362,-344,-289.052631578947
31,1363,-127,-101.714285714286
31,1364,27,1.89130434782609
31,1365,99,28.1904761904762
31,1366,-21,-9.65957446808511
31,1367,-50,-3.26305220883534
31,1368,68,-42.6073825503356
31,1369,133,91.2727272727273
31,1370,403,262.6625
31,1371,-56,-229.911764705882
31,1372,-211,-158.854961832061
31,1373,-124,-146.844444444444
31,1374,-165,1.89130434782609
31,1375,-85,-42.6073825503356
31,1376,-51,-42.6073825503356
31,1377,-100,-42.6073825503356
31,1378,-48,-42.6073825503356
31,1379,-10,-42.6073825503356
31,1380,-11,-25.4947368421053
31,1381,2,-3.26305220883534
31,1382,19,-3.26305220883534
31,1383,110,72.2905982905983
31,1384,289,192.926406926407
31,1385,272,192.926406926407
31,1386,-318,-289.052631578947
31,1387,-133,-144.417721518987
31,1388,15,-38.5
31,1389,105,28.1904761904762
31,1390,47,-9.65957446808511
31,1391,-43,-9.65957446808511
31,1392,24,-42.6073825503356
31,1393,126,118.949367088608
31,1394,270,222.539682539683
31,1395,-70,-23.2962962962963
31,1396,-168,-158.854961832061
31,1397,-147,-146.844444444444
31,1398,-69,-42.6073825503356
31,1399,-48,-42.6073825503356
31,1400,-76,-42.6073825503356
31,1401,-9,-42.6073825503356
31,1402,-83,-25.4947368421053
31,1403,-34,-42.6073825503356
31,1404,-49,-25.4947368421053
31,1405,-32,-42.6073825503356
31,1406,11,-25.4947368421053
31,1407,61,72.2905982905983
31,1408,7,144.252631578947
31,1409,157,-3.26305220883534
31,1410,96,-32.6153846153846
31,1411,126,-23.2962962962963
31,1412,103,192.926406926407
31,1413,-38,-47.3
31,1414,54,-42.6073825503356
31,1415,8,33.0833333333333
31,1416,-38,-3.26305220883534
31,1417,-21,-42.6073825503356
31,1418,-39,103.333333333333
31,1419,-44,-42.6073825503356
31,1420,-91,-42.6073825503356
31,1421,3,-42.6073825503356
31,1422,-47,-25.4947368421053
31,1423,-102,-42.6073825503356
31,1424,16,-42.6073825503356
31,1425,-72,72.2905982905983
31,1426,-42,-42.6073825503356
31,1427,-43,-42.6073825503356
31,1428,-44,-42.6073825503356
31,1429,-19,-42.6073825503356
31,1430,3,-3.26305220883534
31,1431,17,-3.26305220883534
31,1432,32,28.1904761904762
31,1433,119,72.2905982905983
31,1434,85,192.926406926407
31,1435,147,-47.3
31,1436,86,-32.6153846153846
31,1437,3,-23.2962962962963
31,1438,-10,-3.26305220883534
31,1439,8,-3.26305220883534
31,1440,-25,-3.26305220883534
31,1441,33,-3.26305220883534
31,1442,13,-15.8888888888889
31,1443,-31,-15.8888888888889
31,1444,-115,103.333333333333
31,1445,-12,-42.6073825503356
31,1446,-110,-25.4947368421053
31,1447,-94,-42.6073825503356
31,1448,-49,-42.6073825503356
31,1449,-69,-42.6073825503356
31,1450,-17,-42.6073825503356
31,1451,-7,-25.4947368421053
31,1452,-11,-3.26305220883534
31,1453,1,-3.26305220883534
31,1454,30,-3.26305220883534
31,1455,107,72.2905982905983
31,1456,359,192.926406926407
31,1457,148,166.753333333333
31,1458,-335,-289.052631578947
31,1459,-169,-101.714285714286
31,1460,55,1.89130434782609
31,1461,59,-9.65957446808511
31,1462,-13,-9.65957446808511
31,1463,11,-3.26305220883534
31,1464,0,-15.8888888888889
31,1465,168,118.949367088608
31,1466,373,262.6625
31,1467,31,-96.35
31,1468,-235,-144.417721518987
31,1469,-202,-146.844444444444
31,1470,-144,1.89130434782609
31,1471,-86,1.89130434782609
31,1472,-84,-42.6073825503356
31,1473,-52,-42.6073825503356
31,1474,-12,-42.6073825503356
31,1475,-10,22
31,1476,6,22
31,1477,-8,-3.26305220883534
31,1478,25,-3.26305220883534
31,1479,107,72.2905982905983
31,1480,167,192.926406926407
31,1481,310,166.753333333333
31,1482,-328,-229.911764705882
31,1483,-160,-144.417721518987
31,1484,-60,-38.5
31,1485,30,-42.6073825503356
31,1486,-36,-15.8888888888889
31,1487,1,-3.26305220883534
31,1488,56,-3.26305220883534
31,1489,123,91.2727272727273
31,1490,442,302.666666666667
31,1491,-28,-229.911764705882
31,1492,-162,-158.854961832061
31,1493,-105,-146.844444444444
31,1494,-112,-42.6073825503356
31,1495,-67,-42.6073825503356
31,1496,-118,-42.6073825503356
31,1497,-55,-42.6073825503356
31,1498,-6,-42.6073825503356
31,1499,-24,-25.4947368421053
31,1500,4,-3.26305220883534
31,1501,2,-3.26305220883534
31,1502,30,-3.26305220883534
31,1503,154,72.2905982905983
31,1504,311,192.926406926407
31,1505,208,-96.35
31,1506,-361,-289.052631578947
31,1507,-154,-144.417721518987
31,1508,48,1.89130434782609
31,1509,88,-9.65957446808511
31,1510,-79,-9.65957446808511
31,1511,65,-42.6073825503356
31,1512,-39,33.0833333333333
31,1513,111,-42.6073825503356
31,1514,465,222.539682539683
31,1515,-113,-96.35
31,1516,-73,-144.417721518987
31,1517,-223,-38.5
31,1518,-52,-42.6073825503356
31,1519,-158,1.89130434782609
31,1520,-85,-42.6073825503356
31,1521,-105,-42.6073825503356
31,1522,-27,-42.6073825503356
31,1523,-12,-25.4947368421053
31,1524,-4,22
31,1525,1,-3.26305220883534
31,1526,34,-3.26305220883534
31,1527,141,72.2905982905983
31,1528,325,192.926406926407
31,1529,213,-96.35
31,1530,-362,-289.052631578947
31,1531,-178,-144.417721518987
31,1532,49,1.89130434782609
31,1533,37,-9.65957446808511
31,1534,19,-15.8888888888889
31,1535,14,-15.8888888888889
31,1536,26,-15.8888888888889
31,1537,114,118.949367088608
31,1538,429,222.539682539683
31,1539,-44,-23.2962962962963
31,1540,-244,-144.417721518987
31,1541,-144,-38.5
31,1542,-98,1.89130434782609
31,1543,-95,-42.6073825503356
31,1544,-70,-42.6073825503356
31,1545,-78,-42.6073825503356
31,1546,-43,-42.6073825503356
31,1547,-36,-42.6073825503356
31,1548,-10,-3.26305220883534
31,1549,9,-3.26305220883534
31,1550,19,-3.26305220883534
31,1551,118,72.2905982905983
31,1552,279,192.926406926407
31,1553,223,-96.35
31,1554,-287,-144.417721518987
31,1555,-150,-144.417721518987
31,1556,70,1.89130434782609
31,1557,117,-9.65957446808511
31,1558,-10,-9.65957446808511
31,1559,-17,-47.3
31,1560,1,-3.26305220883534
31,1561,181,118.949367088608
31,1562,265,222.539682539683
31,1563,-130,-96.35
31,1564,-226,-158.854961832061
31,1565,-82,-146.844444444444
31,1566,-52,1.89130434782609
31,1567,-12,-42.6073825503356
31,1568,-99,-25.4947368421053
31,1569,-85,-42.6073825503356
31,1570,-42,-42.6073825503356
31,1571,-28,-42.6073825503356
31,1572,-40,-3.26305220883534
31,1573,-19,-42.6073825503356
31,1574,15,-3.26305220883534
31,1575,24,72.2905982905983
31,1576,31,72.2905982905983
31,1577,126,72.2905982905983
31,1578,163,-32.6153846153846
31,1579,68,-23.2962962962963
31,1580,131,-101.714285714286
31,1581,37,33.0833333333333
31,1582,14,-23.2962962962963
31,1583,-44,28.1904761904762
31,1584,10,-42.6073825503356
31,1585,-41,-3.26305220883534
31,1586,51,-42.6073825503356
31,1587,-22,-9.65957446808511
31,1588,-110,-3.26305220883534
31,1589,-109,-42.6073825503356
31,1590,-62,-42.6073825503356
31,1591,-10,-42.6073825503356
31,1592,-97,-25.4947368421053
31,1593,-35,-42.6073825503356
31,1594,-60,-25.4947368421053
31,1595,-14,-42.6073825503356
31,1596,-46,-25.4947368421053
31,1597,-10,-42.6073825503356
31,1598,-1,-25.4947368421053
31,1599,6,-3.26305220883534
31,1600,25,-3.26305220883534
31,1601,71,72.2905982905983
31,1602,155,166.753333333333
31,1603,162,192.926406926407
31,1604,110,-229.911764705882
31,1605,69,-101.714285714286
31,1606,-1,33.0833333333333
31,1607,-32,-3.26305220883534
31,1608,-119,-3.26305220883534
31,1609,117,-42.6073825503356
31,1610,13,-9.65957446808511
31,1611,-80,-47.3
31,1612,-123,-42.6073825503356
31,1613,-88,-42.6073825503356
31,1614,-56,-42.6073825503356
31,1615,-93,-42.6073825503356
31,1616,-45,-42.6073825503356
31,1617,-68,-42.6073825503356
31,1618,-26,-42.6073825503356
31,1619,-5,-25.4947368421053
31,1620,-5,-3.26305220883534
31,1621,5,-3.26305220883534
31,1622,14,-3.26305220883534
31,1623,14,72.2905982905983
31,1624,108,72.2905982905983
31,1625,329,192.926406926407
31,1626,-224,-32.6153846153846
31,1627,-159,-144.417721518987
31,1628,30,-38.5
31,1629,47,28.1904761904762
31,1630,57,-9.65957446808511
31,1631,-6,-87.2105263157895
31,1632,18,-3.26305220883534
31,1633,95,118.949367088608
31,1634,391,302.666666666667
31,1635,-81,-9.65957446808511
31,1636,-179,-158.854961832061
31,1637,-101,-146.844444444444
31,1638,-89,1.89130434782609
31,1639,-109,-42.6073825503356
31,1640,-90,-42.6073825503356
31,1641,-39,-42.6073825503356
31,1642,-21,-42.6073825503356
31,1643,1,-8.26086956521739
31,1644,-7,-3.26305220883534
31,1645,2,-3.26305220883534
31,1646,27,-3.26305220883534
31,1647,124,72.2905982905983
31,1648,319,192.926406926407
31,1649,193,-96.35
31,1650,-345,-289.052631578947
31,1651,-148,-144.417721518987
31,1652,50,1.89130434782609
31,1653,62,-9.65957446808511
31,1654,-20,-9.65957446808511
31,1655,-45,-3.26305220883534
31,1656,32,-42.6073825503356
31,1657,75,118.949367088608
31,1658,477,222.539682539683
31,1659,-16,-87.2105263157895
31,1660,-281,-158.854961832061
31,1661,-56,-146.844444444444
31,1662,-182,1.89130434782609
31,1663,15,-42.6073825503356
31,1664,-166,-15.8888888888889
31,1665,-72,-42.6073825503356
31,1666,-26,-42.6073825503356
31,1667,-21,118.949367088608
31,1668,2,-3.26305220883534
31,1669,-1,-3.26305220883534
31,1670,32,-3.26305220883534
31,1671,126,28.1904761904762
31,1672,299,192.926406926407
31,1673,179,-96.35
31,1674,-327,-289.052631578947
31,1675,-149,-101.714285714286
31,1676,21,1.89130434782609
31,1677,-8,28.1904761904762
31,1678,31,-3.26305220883534
31,1679,-21,-15.8888888888889
31,1680,-11,-3.26305220883534
31,1681,156,22
31,1682,356,222.539682539683
31,1683,-19,-23.2962962962963
31,1684,-133,-158.854961832061
31,1685,-132,-146.844444444444
31,1686,-63,-42.6073825503356
31,1687,-87,-42.6073825503356
31,1688,-134,-42.6073825503356
31,1689,-54,-42.6073825503356
31,1690,-51,-42.6073825503356
31,1691,0,-42.6073825503356
31,1692,-7,-25.4947368421053
31,1693,1,-3.26305220883534
31,1694,28,-3.26305220883534
31,1695,110,72.2905982905983
31,1696,313,192.926406926407
31,1697,127,192.926406926407
31,1698,-334,-289.052631578947
31,1699,-106,-101.714285714286
31,1700,11,1.89130434782609
31,1701,54,28.1904761904762
31,1702,-43,-9.65957446808511
31,1703,4,-42.6073825503356
31,1704,18,-3.26305220883534
31,1705,126,118.949367088608
31,1706,295,262.6625
31,1707,25,-96.35
31,1708,-141,-158.854961832061
31,1709,-63,-146.844444444444
31,1710,-125,-42.6073825503356
31,1711,-68,-42.6073825503356
31,1712,-97,-42.6073825503356
31,1713,-53,-42.6073825503356
31,1714,-62,-42.6073825503356
31,1715,-19,-42.6073825503356
31,1716,-5,-25.4947368421053
31,1717,3,-3.26305220883534
31,1718,28,-3.26305220883534
31,1719,84,72.2905982905983
31,1720,237,192.926406926407
31,1721,254,192.926406926407
31,1722,-280,-289.052631578947
31,1723,-148,-144.417721518987
31,1724,51,-38.5
31,1725,18,-9.65957446808511
31,1726,46,-15.8888888888889
31,1727,-37,-15.8888888888889
31,1728,21,-42.6073825503356
31,1729,96,118.949367088608
31,1730,266,222.539682539683
31,1731,-141,-9.65957446808511
31,1732,-143,-158.854961832061
31,1733,-160,-146.844444444444
31,1734,15,-42.6073825503356
31,1735,-20,72.2905982905983
31,1736,-23,-3.26305220883534
31,1737,-58,-3.26305220883534
31,1738,7,-42.6073825503356
31,1739,-30,-25.4947368421053
31,1740,-51,-3.26305220883534
31,1741,-23,-42.6073825503356
31,1742,-7,-25.4947368421053
31,1743,35,-3.26305220883534
31,1744,31,72.2905982905983
31,1745,89,72.2905982905983
31,1746,165,192.926406926407
31,1747,162,-32.6153846153846
31,1748,22,-23.2962962962963
31,1749,86,-101.714285714286
31,1750,-38,33.0833333333333
31,1751,45,-42.6073825503356
31,1752,-126,-15.8888888888889
31,1753,30,-42.6073825503356
31,1754,17,-15.8888888888889
31,1755,-49,28.1904761904762
31,1756,-56,-42.6073825503356
31,1757,-39,-42.6073825503356
31,1758,-64,-42.6073825503356
31,1759,-43,-42.6073825503356
31,1760,-54,-42.6073825503356
31,1761,-62,-42.6073825503356
31,1762,-36,-42.6073825503356
31,1763,-13,-25.4947368421053
31,1764,-54,-3.26305220883534
31,1765,-47,-42.6073825503356
31,1766,-5,-42.6073825503356
31,1767,17,-25.4947368421053
31,1768,46,72.2905982905983
31,1769,70,72.2905982905983
31,1770,91,166.753333333333
31,1771,220,91.2727272727273
31,1772,54,-32.6153846153846
31,1773,50,-144.417721518987
31,1774,29,33.0833333333333
31,1775,-34,-15.8888888888889
31,1776,-64,-3.26305220883534
31,1777,-26,-42.6073825503356
31,1778,71,-25.4947368421053
31,1779,2,-9.65957446808511
31,1780,-111,-8.26086956521739
31,1781,-91,-42.6073825503356
31,1782,-79,-42.6073825503356
31,1783,-75,-42.6073825503356
31,1784,-91,-42.6073825503356
31,1785,-19,-42.6073825503356
31,1786,-37,-25.4947368421053
31,1787,-17,-42.6073825503356
31,1788,-9,-3.26305220883534
31,1789,-1,-3.26305220883534
31,1790,39,-3.26305220883534
31,1791,115,72.2905982905983
31,1792,327,166.753333333333
31,1793,123,-96.35
31,1794,-340,-289.052631578947
31,1795,-84,-101.714285714286
31,1796,-3,1.89130434782609
31,1797,89,-25.4947368421053
31,1798,-10,-9.65957446808511
31,1799,-9,-3.26305220883534
31,1800,-18,-3.26305220883534
31,1801,181,118.949367088608
31,1802,419,262.6625
31,1803,-42,-96.35
31,1804,-209,-158.854961832061
31,1805,-107,-146.844444444444
31,1806,-144,1.89130434782609
31,1807,-144,-42.6073825503356
31,1808,-84,-42.6073825503356
31,1809,-66,-42.6073825503356
31,1810,-7,-42.6073825503356
31,1811,-21,22
31,1812,0,-3.26305220883534
31,1813,1,-3.26305220883534
31,1814,29,-3.26305220883534
31,1815,149,72.2905982905983
31,1816,364,192.926406926407
31,1817,104,-96.35
31,1818,-328,-202.416666666667
31,1819,-138,-146.844444444444
31,1820,45,1.89130434782609
31,1821,73,28.1904761904762
31,1822,-2,-9.65957446808511
31,1823,-39,-3.26305220883534
31,1824,50,-42.6073825503356
31,1825,99,91.2727272727273
31,1826,484,262.6625
31,1827,-76,-87.2105263157895
31,1828,-212,-158.854961832061
31,1829,-107,-146.844444444444
31,1830,-177,1.89130434782609
31,1831,-83,-42.6073825503356
31,1832,-114,1.89130434782609
31,1833,-77,-42.6073825503356
31,1834,-31,-42.6073825503356
31,1835,-9,22
31,1836,-6,-3.26305220883534
31,1837,3,-3.26305220883534
31,1838,25,-3.26305220883534
31,1839,164,72.2905982905983
31,1840,327,192.926406926407
31,1841,160,-96.35
31,1842,-405,-289.052631578947
31,1843,-110,-101.714285714286
31,1844,37,1.89130434782609
31,1845,113,28.1904761904762
31,1846,-1,-9.65957446808511
31,1847,-51,-47.3
31,1848,-21,-42.6073825503356
31,1849,143,118.949367088608
31,1850,451,262.6625
31,1851,-39,-96.35
31,1852,-161,-158.854961832061
31,1853,-198,-146.844444444444
31,1854,-78,-42.6073825503356
31,1855,-70,1.89130434782609
31,1856,-138,-42.6073825503356
31,1857,-105,-42.6073825503356
31,1858,-29,-42.6073825503356
31,1859,-12,-25.4947368421053
31,1860,-6,22
31,1861,4,-3.26305220883534
31,1862,36,-3.26305220883534
31,1863,146,72.2905982905983
31,1864,315,192.926406926407
31,1865,109,-96.35
31,1866,-266,-289.052631578947
31,1867,-167,-146.844444444444
31,1868,27,1.89130434782609
31,1869,65,28.1904761904762
31,1870,-40,-9.65957446808511
31,1871,18,-42.6073825503356
31,1872,-35,-15.8888888888889
31,1873,168,118.949367088608
31,1874,318,262.6625
31,1875,-8,-96.35
31,1876,-126,-144.417721518987
31,1877,-101,-38.5
31,1878,-72,-42.6073825503356
31,1879,-124,-42.6073825503356
31,1880,-103,-42.6073825503356
31,1881,-57,-42.6073825503356
31,1882,-72,-42.6073825503356
31,1883,-24,-42.6073825503356
31,1884,-10,-25.4947368421053
31,1885,2,-3.26305220883534
31,1886,35,-3.26305220883534
31,1887,118,72.2905982905983
31,1888,217,192.926406926407
31,1889,244,-96.35
31,1890,-324,-289.052631578947
31,1891,-129,-144.417721518987
31,1892,17,1.89130434782609
31,1893,38,28.1904761904762
31,1894,13,-15.8888888888889
31,1895,-6,-15.8888888888889
31,1896,-3,-3.26305220883534
31,1897,121,118.949367088608
31,1898,188,222.539682539683
31,1899,-75,-23.2962962962963
31,1900,-101,-158.854961832061
31,1901,-55,-103.789473684211
31,1902,-72,-42.6073825503356
31,1903,-73,-42.6073825503356
31,1904,-115,-42.6073825503356
31,1905,21,-42.6073825503356
31,1906,-11,28.1904761904762
31,1907,3,-8.26086956521739
31,1908,-38,-3.26305220883534
31,1909,-5,-42.6073825503356
31,1910,-8,-3.26305220883534
31,1911,32,-3.26305220883534
31,1912,50,72.2905982905983
31,1913,102,144.252631578947
31,1914,81,-87.2105263157895
31,1915,129,91.2727272727273
31,1916,48,-32.6153846153846
31,1917,19,-23.2962962962963
31,1918,-43,72.2905982905983
31,1919,-19,-42.6073825503356
31,1920,-5,-3.26305220883534
31,1921,-31,-3.26305220883534
31,1922,-11,-3.26305220883534
31,1923,-23,-3.26305220883534
31,1924,35,-3.26305220883534
31,1925,-82,28.1904761904762
31,1926,-79,-42.6073825503356
31,1927,-41,-42.6073825503356
31,1928,-20,-42.6073825503356
31,1929,-3,-3.26305220883534
31,1930,-56,-3.26305220883534
31,1931,-3,-42.6073825503356
31,1932,-57,-25.4947368421053
31,1933,-29,-42.6073825503356
31,1934,6,-25.4947368421053
31,1935,17,-3.26305220883534
31,1936,23,72.2905982905983
31,1937,92,28.1904761904762
31,1938,77,145.409090909091
31,1939,147,91.2727272727273
31,1940,11,-32.6153846153846
31,1941,56,-23.2962962962963
31,1942,-13,33.0833333333333
31,1943,24,-3.26305220883534
31,1944,-99,-15.8888888888889
31,1945,-32,-42.6073825503356
31,1946,100,-25.4947368421053
31,1947,-43,-9.65957446808511
31,1948,12,-42.6073825503356
31,1949,-50,28.1904761904762
31,1950,-74,-42.6073825503356
31,1951,-107,-42.6073825503356
31,1952,-41,-42.6073825503356
31,1953,-67,-42.6073825503356
31,1954,-26,-42.6073825503356
31,1955,-2,-25.4947368421053
31,1956,-10,-3.26305220883534
31,1957,7,-3.26305220883534
31,1958,28,-3.26305220883534
31,1959,96,72.2905982905983
31,1960,262,192.926406926407
31,1961,170,192.926406926407
31,1962,-273,-289.052631578947
31,1963,-121,-101.714285714286
31,1964,27,1.89130434782609
31,1965,56,28.1904761904762
31,1966,-21,-9.65957446808511
31,1967,-6,-3.26305220883534
31,1968,4,-3.26305220883534
31,1969,131,118.949367088608
31,1970,382,222.539682539683
31,1971,-17,-96.35
31,1972,-149,-158.854961832061
31,1973,-186,-146.844444444444
31,1974,-137,-42.6073825503356
31,1975,-70,1.89130434782609
31,1976,-86,-42.6073825503356
31,1977,-49,-42.6073825503356
31,1978,-39,-42.6073825503356
31,1979,-4,-42.6073825503356
31,1980,-8,-3.26305220883534
31,1981,4,-3.26305220883534
31,1982,29,-3.26305220883534
31,1983,119,72.2905982905983
31,1984,329,192.926406926407
31,1985,163,-96.35
31,1986,-374,-289.052631578947
31,1987,-63,-101.714285714286
31,1988,8,1.89130434782609
31,1989,55,-25.4947368421053
31,1990,11,-9.65957446808511
31,1991,27,-15.8888888888889
31,1992,91,-15.8888888888889
31,1993,126,91.2727272727273
31,1994,195,262.6625
31,1995,-95,-23.2962962962963
31,1996,-130,-144.417721518987
31,1997,-121,-103.789473684211
31,1998,-180,-42.6073825503356
31,1999,-19,-42.6073825503356
31,2000,-6,-25.4947368421053
31,2001,-12,-3.26305220883534
31,2002,-36,-3.26305220883534
31,2003,-30,103.333333333333
31,2004,-61,-3.26305220883534
31,2005,-16,-42.6073825503356
31,2006,3,-25.4947368421053
31,2007,13,-3.26305220883534
31,2008,40,72.2905982905983
31,2009,81,72.2905982905983
31,2010,140,192.926406926407
31,2011,154,-32.6153846153846
31,2012,38,-23.2962962962963
31,2013,9,-101.714285714286
31,2014,5,-3.26305220883534
31,2015,48,-3.26305220883534
31,2016,-93,-9.65957446808511
31,2017,-65,-42.6073825503356
31,2018,25,-42.6073825503356
31,2019,16,-15.8888888888889
31,2020,2,28.1904761904762
31,2021,119,-3.26305220883534
31,2022,33,-9.65957446808511
31,2023,-82,-23.2962962962963
31,2024,-319,-42.6073825503356
31,2025,-95,-42.6073825503356
31,2026,-58,1.89130434782609
31,2027,-12,-42.6073825503356
31,2028,-11,-25.4947368421053
31,2029,0,-3.26305220883534
31,2030,22,-3.26305220883534
31,2031,104,22
31,2032,210,262.6625
31,2033,207,192.926406926407
31,2034,-257,-289.052631578947
31,2035,-107,-144.417721518987
31,2036,58,1.89130434782609
31,2037,32,-9.65957446808511
31,2038,34,-15.8888888888889
31,2039,-69,-15.8888888888889
31,2040,13,-42.6073825503356
31,2041,179,118.949367088608
31,2042,256,222.539682539683
31,2043,-82,-23.2962962962963
31,2044,-104,-158.854961832061
31,2045,-182,-146.844444444444
31,2046,2,-42.6073825503356
31,2047,-98,-25.4947368421053
31,2048,-94,-42.6073825503356
31,2049,-29,-42.6073825503356
31,2050,-73,-25.4947368421053
31,2051,-12,-42.6073825503356
31,2052,-10,-25.4947368421053
31,2053,-1,-3.26305220883534
31,2054,29,-3.26305220883534
31,2055,96,72.2905982905983
31,2056,222,192.926406926407
31,2057,232,192.926406926407
31,2058,-281,-289.052631578947
31,2059,-94,-144.417721518987
31,2060,23,1.89130434782609
31,2061,98,28.1904761904762
31,2062,-38,-9.65957446808511
31,2063,-18,-42.6073825503356
31,2064,10,-3.26305220883534
31,2065,84,118.949367088608
31,2066,207,222.539682539683
31,2067,-16,-9.65957446808511
31,2068,-142,-158.854961832061
31,2069,-82,-103.789473684211
31,2070,-36,-42.6073825503356
31,2071,-12,-25.4947368421053
31,2072,-124,-3.26305220883534
31,2073,-14,-42.6073825503356
31,2074,-79,-25.4947368421053
31,2075,-13,-42.6073825503356
31,2076,-27,-25.4947368421053
31,2077,-15,-3.26305220883534
31,2078,-2,-3.26305220883534
31,2079,17,-3.26305220883534
31,2080,40,72.2905982905983
31,2081,81,72.2905982905983
31,2082,104,166.753333333333
31,2083,69,91.2727272727273
31,2084,42,91.2727272727273
31,2085,-25,72.2905982905983
31,2086,18,-3.26305220883534
31,2087,-52,-15.8888888888889
31,2088,-2,-42.6073825503356
31,2089,-12,-25.4947368421053
31,2090,-15,-3.26305220883534
31,2091,-2,-3.26305220883534
31,2092,10,-3.26305220883534
31,2093,-11,-3.26305220883534
31,2094,-75,-3.26305220883534
31,2095,19,-42.6073825503356
31,2096,-72,28.1904761904762
31,2097,-1,-42.6073825503356
31,2098,-23,-25.4947368421053
31,2099,-54,-3.26305220883534
31,2100,-35,-42.6073825503356
31,2101,-22,-25.4947368421053
31,2102,-7,-3.26305220883534
31,2103,15,-3.26305220883534
31,2104,31,72.2905982905983
31,2105,78,28.1904761904762
31,2106,112,192.926406926407
31,2107,77,91.2727272727273
31,2108,70,-23.2962962962963
31,2109,-13,91.2727272727273
31,2110,-39,-3.26305220883534
31,2111,-25,-42.6073825503356
31,2112,-14,-3.26305220883534
31,2113,-7,-3.26305220883534
31,2114,-21,-3.26305220883534
31,2115,-17,-3.26305220883534
31,2116,-3,-3.26305220883534
31,2117,35,-3.26305220883534
31,2118,-78,72.2905982905983
31,2119,-85,-42.6073825503356
31,2120,1,-42.6073825503356
31,2121,-84,-25.4947368421053
31,2122,-21,-42.6073825503356
31,2123,-13,-25.4947368421053
31,2124,0,-3.26305220883534
31,2125,-3,-3.26305220883534
31,2126,26,-3.26305220883534
31,2127,64,72.2905982905983
31,2128,138,144.252631578947
31,2129,225,166.753333333333
31,2130,-92,-229.911764705882
31,2131,-188,-144.417721518987
31,2132,41,-103.789473684211
31,2133,50,28.1904761904762
31,2134,-11,-9.65957446808511
31,2135,-13,-3.26305220883534
31,2136,38,-3.26305220883534
31,2137,133,28.1904761904762
31,2138,436,192.926406926407
31,2139,23,-96.35
31,2140,-241,-158.854961832061
31,2141,-184,-146.844444444444
31,2142,-116,1.89130434782609
31,2143,-107,1.89130434782609
31,2144,-93,-42.6073825503356
31,2145,-62,-42.6073825503356
31,2146,-54,-42.6073825503356
31,2147,1,-42.6073825503356
31,2148,-13,-25.4947368421053
31,2149,1,-3.26305220883534
31,2150,38,-3.26305220883534
31,2151,145,72.2905982905983
31,2152,333,192.926406926407
31,2153,129,-96.35
31,2154,-318,-289.052631578947
31,2155,-141,-101.714285714286
31,2156,59,1.89130434782609
31,2157,23,-9.65957446808511
31,2158,8,-15.8888888888889
31,2159,-38,-3.26305220883534
31,2160,23,-42.6073825503356
31,2161,170,118.949367088608
31,2162,437,262.6625
31,2163,-53,-96.35
31,2164,-405,-158.854961832061
31,2165,-330,-146.844444444444
31,2166,6,1.89130434782609
31,2167,49,-25.4947368421053
31,2168,-36,-9.65957446808511
31,2169,-59,-3.26305220883534
31,2170,-30,-42.6073825503356
31,2171,-9,118.949367088608
31,2172,0,22
31,2173,2,-3.26305220883534
31,2174,34,-3.26305220883534
31,2175,144,28.1904761904762
31,2176,312,192.926406926407
31,2177,177,-96.35
31,2178,-346,-289.052631578947
31,2179,-133,-101.714285714286
31,2180,34,1.89130434782609
31,2181,63,28.1904761904762
31,2182,-19,-9.65957446808511
31,2183,-32,-3.26305220883534
31,2184,35,103.333333333333
31,2185,135,118.949367088608
31,2186,419,222.539682539683
31,2187,-16,-96.35
31,2188,-181,-158.854961832061
31,2189,-150,-146.844444444444
31,2190,-92,1.89130434782609
31,2191,-147,-42.6073825503356
31,2192,-92,-42.6073825503356
31,2193,-96,-42.6073825503356
31,2194,-35,-42.6073825503356
31,2195,-12,-25.4947368421053
31,2196,1,-3.26305220883534
31,2197,-5,-3.26305220883534
31,2198,39,-3.26305220883534
31,2199,134,72.2905982905983
31,2200,334,192.926406926407
31,2201,190,-96.35
31,2202,-375,-289.052631578947
31,2203,-113,-144.417721518987
31,2204,1,1.89130434782609
31,2205,77,-25.4947368421053
31,2206,-15,-9.65957446808511
31,2207,-68,-3.26305220883534
31,2208,62,-42.6073825503356
31,2209,168,91.2727272727273
31,2210,356,222.539682539683
31,2211,30,-229.911764705882
31,2212,-196,-202.416666666667
31,2213,-115,-146.844444444444
31,2214,-141,1.89130434782609
31,2215,-55,-42.6073825503356
31,2216,-107,-42.6073825503356
31,2217,-116,-42.6073825503356
31,2218,-36,-42.6073825503356
31,2219,-42,22
31,2220,-8,-42.6073825503356
31,2221,2,-3.26305220883534
31,2222,23,-3.26305220883534
31,2223,93,72.2905982905983
31,2224,253,192.926406926407
31,2225,333,192.926406926407
31,2226,-299,-289.052631578947
31,2227,-146,-144.417721518987
31,2228,20,-38.5
31,2229,91,28.1904761904762
31,2230,-5,-9.65957446808511
31,2231,-5,-3.26305220883534
31,2232,-16,-3.26305220883534
31,2233,139,118.949367088608
31,2234,343,302.666666666667
31,2235,-204,-96.35
31,2236,-143,-158.854961832061
31,2237,-99,-146.844444444444
31,2238,-90,-42.6073825503356
31,2239,-36,-42.6073825503356
31,2240,-51,-25.4947368421053
31,2241,-21,-42.6073825503356
31,2242,-73,22
31,2243,-17,-42.6073825503356
31,2244,-61,-25.4947368421053
31,2245,-31,-42.6073825503356
31,2246,-4,-25.4947368421053
31,2247,30,-3.26305220883534
31,2248,13,72.2905982905983
31,2249,103,72.2905982905983
31,2250,131,166.753333333333
31,2251,119,-32.6153846153846
31,2252,38,-101.714285714286
31,2253,60,-101.714285714286
31,2254,92,33.0833333333333
31,2255,41,-87.2105263157895
31,2256,-72,-15.8888888888889
31,2257,6,-42.6073825503356
31,2258,-108,-25.4947368421053
31,2259,-107,-42.6073825503356
31,2260,80,-42.6073825503356
31,2261,-75,-9.65957446808511
31,2262,-87,-42.6073825503356
31,2263,-44,-42.6073825503356
31,2264,-14,-42.6073825503356
31,2265,-24,-3.26305220883534
31,2266,-19,-3.26305220883534
31,2267,-53,-3.26305220883534
31,2268,-58,-42.6073825503356
31,2269,-38,-42.6073825503356
31,2270,-10,-42.6073825503356
31,2271,6,-3.26305220883534
31,2272,32,-3.26305220883534
31,2273,86,72.2905982905983
31,2274,88,192.926406926407
31,2275,161,192.926406926407
31,2276,69,-32.6153846153846
31,2277,38,-23.2962962962963
31,2278,-9,72.2905982905983
31,2279,-4,-3.26305220883534
31,2280,13,-3.26305220883534
31,2281,6,-15.8888888888889
31,2282,-59,-3.26305220883534
31,2283,-124,-42.6073825503356
31,2284,0,-42.6073825503356
31,2285,-18,-25.4947368421053
31,2286,-71,-3.26305220883534
31,2287,-93,-42.6073825503356
31,2288,-39,-42.6073825503356
31,2289,-48,-42.6073825503356
31,2290,-32,-42.6073825503356
31,2291,4,-25.4947368421053
31,2292,-9,-3.26305220883534
31,2293,6,-3.26305220883534
31,2294,38,-3.26305220883534
31,2295,90,72.2905982905983
31,2296,343,192.926406926407
31,2297,184,192.926406926407
31,2298,-319,-289.052631578947
31,2299,-162,-144.417721518987
31,2300,-4,1.89130434782609
31,2301,55,-25.4947368421053
31,2302,2,-9.65957446808511
31,2303,-27,-3.26305220883534
31,2304,25,-3.26305220883534
31,2305,149,118.949367088608
31,2306,369,222.539682539683
31,2307,39,-96.35
31,2308,-199,-202.416666666667
31,2309,-141,-146.844444444444
31,2310,-126,1.89130434782609
31,2311,-44,-42.6073825503356
31,2312,-118,-42.6073825503356
31,2313,-113,-42.6073825503356
31,2314,-28,-42.6073825503356
31,2315,-18,22
31,2316,-4,-3.26305220883534
31,2317,4,-3.26305220883534
31,2318,31,-3.26305220883534
31,2319,175,72.2905982905983
31,2320,313,192.926406926407
31,2321,135,-96.35
31,2322,-341,-289.052631578947
31,2323,-161,-101.714285714286
31,2324,47,1.89130434782609
31,2325,48,-9.65957446808511
31,2326,-33,-9.65957446808511
31,2327,-7,-3.26305220883534
31,2328,30,103.333333333333
31,2329,137,118.949367088608
31,2330,389,262.6625
31,2331,2,-96.35
31,2332,-225,-158.854961832061
31,2333,-120,-146.844444444444
31,2334,-94,1.89130434782609
31,2335,-89,-42.6073825503356
31,2336,-83,-42.6073825503356
31,2337,-108,-42.6073825503356
31,2338,-37,-42.6073825503356
31,2339,-8,-42.6073825503356
31,2340,-4,-3.26305220883534
31,2341,2,-3.26305220883534
31,2342,40,-3.26305220883534
31,2343,116,72.2905982905983
31,2344,333,192.926406926407
31,2345,184,-96.35
31,2346,-382,-289.052631578947
31,2347,-159,-144.417721518987
31,2348,45,1.89130434782609
31,2349,19,-15.8888888888889
31,2350,1,-15.8888888888889
31,2351,-33,-3.26305220883534
31,2352,24,-3.26305220883534
31,2353,30,118.949367088608
31,2354,146,186.75
31,2355,273,-9.65957446808511
31,2356,-127,-96.35
31,2357,-150,-144.417721518987
31,2358,-47,-38.5
31,2359,-31,-42.6073825503356
31,2360,-157,-25.4947368421053
31,2361,-65,-42.6073825503356
31,2362,-41,-42.6073825503356
31,2363,-18,-42.6073825503356
31,2364,-2,-8.26086956521739
31,2365,3,-3.26305220883534
31,2366,32,-3.26305220883534
31,2367,112,72.2905982905983
31,2368,321,192.926406926407
31,2369,184,-96.35
31,2370,-339,-289.052631578947
31,2371,-120,-144.417721518987
31,2372,18,1.89130434782609
31,2373,58,28.1904761904762
31,2374,-20,-9.65957446808511
31,2375,-57,-3.26305220883534
31,2376,95,-42.6073825503356
31,2377,66,91.2727272727273
31,2378,413,222.539682539683
31,2379,6,33.0833333333333
31,2380,-244,-158.854961832061
31,2381,-28,-146.844444444444
31,2382,-173,-25.4947368421053
31,2383,-264,-42.6073825503356
31,2384,-3,1.89130434782609
31,2385,-31,-25.4947368421053
31,2386,-23,-3.26305220883534
31,2387,8,22
31,2388,17,-3.26305220883534
31,2389,-27,72.2905982905983
31,2390,33,22
31,2391,84,72.2905982905983
31,2392,234,91.2727272727273
31,2393,331,192.926406926407
31,2394,-318,-289.052631578947
31,2395,-140,-144.417721518987
31,2396,-21,-38.5
31,2397,62,-25.4947368421053
31,2398,-118,-9.65957446808511
31,2399,73,-42.6073825503356
31,2400,-13,-87.2105263157895
31,2401,220,118.949367088608
31,2402,279,302.666666666667
31,2403,-93,-96.35
31,2404,-220,-144.417721518987
31,2405,-151,-38.5
31,2406,-129,1.89130434782609
31,2407,13,-42.6073825503356
31,2408,31,72.2905982905983
31,2409,-63,-15.8888888888889
31,2410,-31,-42.6073825503356
31,2411,-12,118.949367088608
31,2412,-35,-3.26305220883534
31,2413,-9,-3.26305220883534
31,2414,1,-3.26305220883534
31,2415,-2,-3.26305220883534
31,2416,22,-3.26305220883534
31,2417,75,72.2905982905983
31,2418,95,166.753333333333
31,2419,61,192.926406926407
31,2420,37,91.2727272727273
31,2421,152,72.2905982905983
31,2422,-103,-87.2105263157895
31,2423,-11,-23.2962962962963
31,2424,37,-25.4947368421053
31,2425,-54,-15.8888888888889
31,2426,-85,-42.6073825503356
31,2427,-64,-42.6073825503356
31,2428,61,-42.6073825503356
31,2429,-24,144.252631578947
31,2430,-51,-8.26086956521739
31,2431,17,-42.6073825503356
31,2432,-31,28.1904761904762
31,2433,-36,-3.26305220883534
31,2434,17,-3.26305220883534
31,2435,-8,72.2905982905983
31,2436,-79,-3.26305220883534
31,2437,-27,-42.6073825503356
31,2438,-10,-25.4947368421053
31,2439,13,-3.26305220883534
31,2440,19,72.2905982905983
31,2441,115,72.2905982905983
31,2442,105,166.753333333333
31,2443,121,-47.3
31,2444,126,187.909090909091
31,2445,-1,-101.714285714286
31,2446,122,-101.714285714286
31,2447,-10,33.0833333333333
31,2448,8,-23.2962962962963
31,2449,4,-3.26305220883534
31,2450,-72,-3.26305220883534
31,2451,-41,-42.6073825503356
31,2452,7,-42.6073825503356
31,2453,-144,-3.26305220883534
31,2454,-33,-42.6073825503356
31,2455,-154,-25.4947368421053
31,2456,-68,-42.6073825503356
31,2457,-76,-42.6073825503356
31,2458,-20,-42.6073825503356
31,2459,-10,-25.4947368421053
31,2460,-15,-3.26305220883534
31,2461,6,-3.26305220883534
31,2462,43,-3.26305220883534
31,2463,106,72.2905982905983
31,2464,264,192.926406926407
31,2465,317,166.753333333333
31,2466,-393,-289.052631578947
31,2467,-145,-144.417721518987
31,2468,-2,-38.5
31,2469,116,-25.4947368421053
31,2470,-74,-9.65957446808511
31,2471,31,-47.3
31,2472,10,-15.8888888888889
31,2473,176,118.949367088608
31,2474,390,302.666666666667
31,2475,-106,-96.35
31,2476,-159,-144.417721518987
31,2477,-179,-38.5
31,2478,-107,-42.6073825503356
31,2479,-87,1.89130434782609
31,2480,-95,-42.6073825503356
31,2481,-50,-42.6073825503356
31,2482,-47,-42.6073825503356
31,2483,-1,-42.6073825503356
31,2484,-10,-25.4947368421053
31,2485,0,-3.26305220883534
31,2486,44,-3.26305220883534
31,2487,140,72.2905982905983
31,2488,326,192.926406926407
31,2489,227,-96.35
31,2490,-404,-289.052631578947
31,2491,-121,-144.417721518987
31,2492,-17,1.89130434782609
31,2493,28,-25.4947368421053
31,2494,44,-15.8888888888889
31,2495,-29,-15.8888888888889
31,2496,41,103.333333333333
31,2497,170,118.949367088608
31,2498,414,222.539682539683
31,2499,8,-23.2962962962963
31,2500,-245,-158.854961832061
31,2501,-109,-146.844444444444
31,2502,-145,1.89130434782609
31,2503,-109,-42.6073825503356
31,2504,-77,-42.6073825503356
31,2505,-126,-42.6073825503356
31,2506,-38,-42.6073825503356
31,2507,-16,-42.6073825503356
31,2508,0,-3.26305220883534
31,2509,-8,-3.26305220883534
31,2510,55,-3.26305220883534
31,2511,131,144.252631578947
31,2512,317,192.926406926407
31,2513,281,-229.911764705882
31,2514,-446,-289.052631578947
31,2515,-111,-144.417721518987
31,2516,50,-38.5
31,2517,29,-9.65957446808511
31,2518,2,-15.8888888888889
31,2519,-65,-3.26305220883534
31,2520,70,-42.6073825503356
31,2521,167,91.2727272727273
31,2522,429,302.666666666667
31,2523,-22,-229.911764705882
31,2524,-193,-158.854961832061
31,2525,-131,-146.844444444444
31,2526,-170,1.89130434782609
31,2527,-119,-42.6073825503356
31,2528,-39,-42.6073825503356
31,2529,-147,-42.6073825503356
31,2530,-63,-42.6073825503356
31,2531,-8,-42.6073825503356
31,2532,-13,-25.4947368421053
31,2533,-4,-3.26305220883534
31,2534,38,-3.26305220883534
31,2535,139,72.2905982905983
31,2536,314,192.926406926407
31,2537,234,-96.35
31,2538,-385,-289.052631578947
31,2539,-122,-144.417721518987
31,2540,-10,1.89130434782609
31,2541,67,-25.4947368421053
31,2542,-37,-9.65957446808511
31,2543,-29,-42.6073825503356
31,2544,25,103.333333333333
31,2545,136,118.949367088608
31,2546,364,222.539682539683
31,2547,-50,-96.35
31,2548,-74,-158.854961832061
31,2549,-168,-146.844444444444
31,2550,-175,-42.6073825503356
31,2551,-37,-42.6073825503356
31,2552,-89,1.89130434782609
31,2553,-48,-42.6073825503356
31,2554,-43,-42.6073825503356
31,2555,-28,-42.6073825503356
31,2556,-14,-3.26305220883534
31,2557,-4,-3.26305220883534
31,2558,29,-3.26305220883534
31,2559,102,72.2905982905983
31,2560,271,192.926406926407
31,2561,266,192.926406926407
31,2562,-313,-289.052631578947
31,2563,-132,-144.417721518987
31,2564,20,-38.5
31,2565,48,28.1904761904762
31,2566,15,-9.65957446808511
31,2567,12,-15.8888888888889
31,2568,-3,-15.8888888888889
31,2569,176,118.949367088608
31,2570,200,222.539682539683
31,2571,-77,-23.2962962962963
31,2572,-106,-144.417721518987
31,2573,-162,-103.789473684211
31,2574,-94,-42.6073825503356
31,2575,-61,-42.6073825503356
31,2576,-10,-42.6073825503356
31,2577,2,-25.4947368421053
31,2578,-111,-8.26086956521739
31,2579,10,-42.6073825503356
31,2580,-47,-25.4947368421053
31,2581,-32,-42.6073825503356
31,2582,3,-25.4947368421053
31,2583,36,-3.26305220883534
31,2584,26,72.2905982905983
31,2585,87,28.1904761904762
31,2586,174,-87.2105263157895
31,2587,58,-32.6153846153846
31,2588,62,-23.2962962962963
31,2589,30,33.0833333333333
31,2590,11,28.1904761904762
31,2591,-4,28.1904761904762
31,2592,3,-3.26305220883534
31,2593,-10,-3.26305220883534
31,2594,-8,-3.26305220883534
31,2595,2,103.333333333333
31,2596,-143,-3.26305220883534
31,2597,-105,-42.6073825503356
31,2598,67,-42.6073825503356
31,2599,-24,145.409090909091
31,2600,-68,-3.26305220883534
31,2601,-20,-42.6073825503356
31,2602,-30,-25.4947368421053
31,2603,-46,-3.26305220883534
31,2604,-57,-42.6073825503356
31,2605,-42,-42.6073825503356
31,2606,4,-42.6073825503356
31,2607,1,-3.26305220883534
31,2608,22,-3.26305220883534
31,2609,87,72.2905982905983
31,2610,99,192.926406926407
31,2611,155,192.926406926407
31,2612,128,-32.6153846153846
31,2613,2,-101.714285714286
31,2614,-28,-101.714285714286
31,2615,39,-3.26305220883534
31,2616,-21,-15.8888888888889
31,2617,20,-3.26305220883534
31,2618,10,-15.8888888888889
31,2619,-112,-3.26305220883534
31,2620,24,-42.6073825503356
31,2621,-140,28.1904761904762
31,2622,-32,-42.6073825503356
31,2623,-123,-25.4947368421053
31,2624,-48,-42.6073825503356
31,2625,-42,-42.6073825503356
31,2626,-39,-42.6073825503356
31,2627,-11,-42.6073825503356
31,2628,-5,-3.26305220883534
31,2629,2,-3.26305220883534
31,2630,42,-3.26305220883534
31,2631,114,72.2905982905983
31,2632,308,192.926406926407
31,2633,282,-96.35
31,2634,-458,-289.052631578947
31,2635,-104,-144.417721518987
31,2636,26,-38.5
31,2637,63,-15.8888888888889
31,2638,-52,-9.65957446808511
31,2639,28,-42.6073825503356
31,2640,-18,-15.8888888888889
31,2641,189,118.949367088608
31,2642,402,302.666666666667
31,2643,-15,-96.35
31,2644,-147,-144.417721518987
31,2645,-203,-38.5
31,2646,-140,-42.6073825503356
31,2647,-92,1.89130434782609
31,2648,-80,-42.6073825503356
31,2649,-112,-42.6073825503356
31,2650,-17,-42.6073825503356
31,2651,-13,-25.4947368421053
31,2652,-2,22
31,2653,0,-3.26305220883534
31,2654,39,-3.26305220883534
31,2655,149,72.2905982905983
31,2656,319,192.926406926407
31,2657,247,-96.35
31,2658,-427,-289.052631578947
31,2659,-106,-144.417721518987
31,2660,-3,1.89130434782609
31,2661,24,-25.4947368421053
31,2662,40,-15.8888888888889
31,2663,-28,-15.8888888888889
31,2664,-116,103.333333333333
31,2665,258,-42.6073825503356
31,2666,418,222.539682539683
31,2667,37,-144.417721518987
31,2668,-243,-202.416666666667
31,2669,-162,-146.844444444444
31,2670,-100,1.89130434782609
31,2671,-95,-42.6073825503356
31,2672,-110,-42.6073825503356
31,2673,-100,-42.6073825503356
31,2674,-14,-42.6073825503356
31,2675,-20,22
31,2676,-6,-3.26305220883534
31,2677,-3,-3.26305220883534
31,2678,45,-3.26305220883534
31,2679,136,72.2905982905983
31,2680,302,192.926406926407
31,2681,194,-229.911764705882
31,2682,-331,-289.052631578947
31,2683,-114,-144.417721518987
31,2684,-2,1.89130434782609
31,2685,50,-25.4947368421053
31,2686,-4,-9.65957446808511
31,2687,-17,-3.26305220883534
31,2688,32,103.333333333333
31,2689,184,118.949367088608
31,2690,358,222.539682539683
31,2691,54,-96.35
31,2692,-239,-202.416666666667
31,2693,-139,-146.844444444444
31,2694,-193,1.89130434782609
31,2695,-32,-42.6073825503356
31,2696,-136,-25.4947368421053
31,2697,-89,-42.6073825503356
31,2698,-21,-42.6073825503356
31,2699,-31,22
31,2700,-5,-3.26305220883534
31,2701,3,22
31,2702,32,-3.26305220883534
31,2703,142,72.2905982905983
31,2704,290,192.926406926407
31,2705,266,-96.35
31,2706,-396,-289.052631578947
31,2707,-162,-144.417721518987
31,2708,45,-38.5
31,2709,60,28.1904761904762
31,2710,24,-9.65957446808511
31,2711,-85,-15.8888888888889
31,2712,45,-42.6073825503356
31,2713,136,118.949367088608
31,2714,459,222.539682539683
31,2715,-98,-23.2962962962963
31,2716,-160,-158.854961832061
31,2717,-180,-146.844444444444
31,2718,-85,-42.6073825503356
31,2719,-80,1.89130434782609
31,2720,-85,-42.6073825503356
31,2721,-106,-42.6073825503356
31,2722,-28,-42.6073825503356
31,2723,-29,-25.4947368421053
31,2724,-8,-3.26305220883534
31,2725,6,-3.26305220883534
31,2726,25,-3.26305220883534
31,2727,126,72.2905982905983
31,2728,258,192.926406926407
31,2729,247,-96.35
31,2730,-272,-289.052631578947
31,2731,-147,-144.417721518987
31,2732,14,1.89130434782609
31,2733,75,28.1904761904762
31,2734,7,-9.65957446808511
31,2735,-14,-3.26305220883534
31,2736,49,-3.26305220883534
31,2737,112,91.2727272727273
31,2738,249,222.539682539683
31,2739,-70,-229.911764705882
31,2740,-202,-158.854961832061
31,2741,-80,-103.789473684211
31,2742,-111,1.89130434782609
31,2743,-76,-42.6073825503356
31,2744,-6,-42.6073825503356
31,2745,-35,-25.4947368421053
31,2746,-39,-3.26305220883534
31,2747,-38,-42.6073825503356
31,2748,-54,-42.6073825503356
31,2749,-17,-42.6073825503356
31,2750,4,-25.4947368421053
31,2751,32,-3.26305220883534
31,2752,18,72.2905982905983
31,2753,114,72.2905982905983
31,2754,97,192.926406926407
31,2755,118,-47.3
31,2756,74,91.2727272727273
31,2757,77,-101.714285714286
31,2758,-20,33.0833333333333
31,2759,-55,-3.26305220883534
31,2760,17,-42.6073825503356
31,2761,-39,-15.8888888888889
31,2762,42,-42.6073825503356
31,2763,-2,-15.8888888888889
31,2764,-93,-3.26305220883534
31,2765,-85,-42.6073825503356
31,2766,-23,-42.6073825503356
31,2767,-20,-25.4947368421053
31,2768,-47,-3.26305220883534
31,2769,-69,-42.6073825503356
31,2770,-66,-42.6073825503356
31,2771,-14,-42.6073825503356
31,2772,-32,-25.4947368421053
31,2773,-27,-3.26305220883534
31,2774,5,-3.26305220883534
31,2775,0,-3.26305220883534
31,2776,49,-3.26305220883534
31,2777,40,144.252631578947
31,2778,121,72.2905982905983
31,2779,135,192.926406926407
31,2780,73,-96.35
31,2781,54,-101.714285714286
31,2782,32,33.0833333333333
31,2783,3,-15.8888888888889
31,2784,-76,-3.26305220883534
31,2785,-29,-42.6073825503356
31,2786,-39,-25.4947368421053
31,2787,-153,-42.6073825503356
31,2788,-44,-42.6073825503356
31,2789,8,-42.6073825503356
31,2790,15,-3.26305220883534
31,2791,-51,28.1904761904762
31,2792,-70,-42.6073825503356
31,2793,-54,-42.6073825503356
31,2794,-22,-42.6073825503356
31,2795,-6,-25.4947368421053
31,2796,0,-3.26305220883534
31,2797,6,-3.26305220883534
31,2798,14,-3.26305220883534
31,2799,116,72.2905982905983
31,2800,266,192.926406926407
31,2801,198,-96.35
31,2802,-329,-289.052631578947
31,2803,-63,-144.417721518987
31,2804,47,1.89130434782609
31,2805,25,-9.65957446808511
31,2806,4,-15.8888888888889
31,2807,-2,-3.26305220883534
31,2808,-13,-3.26305220883534
31,2809,177,118.949367088608
31,2810,407,222.539682539683
31,2811,-15,-96.35
31,2812,-203,-158.854961832061
31,2813,-183,-146.844444444444
31,2814,-140,1.89130434782609
31,2815,-110,1.89130434782609
31,2816,-94,-42.6073825503356
31,2817,-66,-42.6073825503356
31,2818,-29,-42.6073825503356
31,2819,-5,22
31,2820,-7,-3.26305220883534
31,2821,3,-3.26305220883534
31,2822,27,-3.26305220883534
31,2823,143,72.2905982905983
31,2824,323,192.926406926407
31,2825,203,-96.35
31,2826,-378,-289.052631578947
31,2827,-77,-144.417721518987
31,2828,-36,1.89130434782609
31,2829,69,-25.4947368421053
31,2830,-30,-9.65957446808511
31,2831,8,-3.26305220883534
31,2832,45,-8.26086956521739
31,2833,139,118.949367088608
31,2834,423,222.539682539683
31,2835,-54,-229.911764705882
31,2836,-204,-158.854961832061
31,2837,-162,-146.844444444444
31,2838,-131,1.89130434782609
31,2839,-93,-42.6073825503356
31,2840,-86,-42.6073825503356
31,2841,-80,-42.6073825503356
31,2842,-35,-42.6073825503356
31,2843,-17,22
31,2844,1,-3.26305220883534
31,2845,0,-3.26305220883534
31,2846,36,-3.26305220883534
31,2847,130,72.2905982905983
31,2848,309,192.926406926407
31,2849,255,-96.35
31,2850,-396,-289.052631578947
31,2851,-127,-144.417721518987
31,2852,25,-38.5
31,2853,41,28.1904761904762
31,2854,33,-15.8888888888889
31,2855,-77,-15.8888888888889
31,2856,42,-42.6073825503356
31,2857,163,118.949367088608
31,2858,417,222.539682539683
31,2859,4,-23.2962962962963
31,2860,-176,-158.854961832061
31,2861,-186,-146.844444444444
31,2862,-119,1.89130434782609
31,2863,-148,1.89130434782609
31,2864,-97,-42.6073825503356
31,2865,-69,-42.6073825503356
31,2866,-39,-42.6073825503356
31,2867,-14,-42.6073825503356
31,2868,-8,-3.26305220883534
31,2869,4,-3.26305220883534
31,2870,31,-3.26305220883534
31,2871,126,72.2905982905983
31,2872,308,192.926406926407
31,2873,223,-96.35
31,2874,-345,-289.052631578947
31,2875,-148,-144.417721518987
31,2876,55,1.89130434782609
31,2877,17,-9.65957446808511
31,2878,4,-15.8888888888889
31,2879,-34,-3.26305220883534
31,2880,20,-3.26305220883534
31,2881,150,118.949367088608
31,2882,393,222.539682539683
31,2883,1,-96.35
31,2884,-188,-158.854961832061
31,2885,-145,-146.844444444444
31,2886,-142,1.89130434782609
31,2887,-77,-42.6073825503356
31,2888,-103,-42.6073825503356
31,2889,-71,-42.6073825503356
31,2890,-44,-42.6073825503356
31,2891,-21,-42.6073825503356
31,2892,-11,-3.26305220883534
31,2893,-2,-3.26305220883534
31,2894,26,-3.26305220883534
31,2895,11,72.2905982905983
31,2896,89,72.2905982905983
31,2897,-14,192.926406926407
31,2898,101,-3.26305220883534
31,2899,-27,91.2727272727273
31,2900,58,-3.26305220883534
31,2901,64,33.0833333333333
31,2902,-25,-9.65957446808511
31,2903,17,-3.26305220883534
31,2904,17,28.1904761904762
31,2905,143,72.2905982905983
31,2906,263,192.926406926407
31,2907,-90,-96.35
31,2908,-148,-144.417721518987
31,2909,-122,-38.5
31,2910,-84,-42.6073825503356
31,2911,-68,-42.6073825503356
31,2912,-26,-42.6073825503356
31,2913,-12,-25.4947368421053
31,2914,-64,-8.26086956521739
31,2915,-31,-42.6073825503356
31,2916,-64,-25.4947368421053
31,2917,-11,-42.6073825503356
31,2918,1,-25.4947368421053
31,2919,12,-3.26305220883534
31,2920,39,72.2905982905983
31,2921,100,72.2905982905983
31,2922,109,192.926406926407
31,2923,136,91.2727272727273
31,2924,92,-32.6153846153846
31,2925,47,-101.714285714286
31,2926,23,33.0833333333333
31,2927,-31,-15.8888888888889
31,2928,24,-3.26305220883534
31,2929,-31,-15.8888888888889
31,2930,-19,-3.26305220883534
31,2931,-212,-3.26305220883534
31,2932,-25,-42.6073825503356
31,2933,-115,-25.4947368421053
31,2934,-32,-42.6073825503356
31,2935,40,-25.4947368421053
31,2936,-5,28.1904761904762
31,2937,-43,-3.26305220883534
31,2938,-7,-42.6073825503356
31,2939,-27,-3.26305220883534
31,2940,-38,-3.26305220883534
31,2941,-38,-42.6073825503356
31,2942,0,-42.6073825503356
31,2943,6,-3.26305220883534
31,2944,23,-3.26305220883534
31,2945,80,72.2905982905983
31,2946,98,192.926406926407
31,2947,111,192.926406926407
31,2948,121,91.2727272727273
31,2949,56,-101.714285714286
31,2950,38,-101.714285714286
31,2951,36,28.1904761904762
31,2952,-2,-15.8888888888889
31,2953,-64,-3.26305220883534
31,2954,-8,-42.6073825503356
31,2955,-14,-25.4947368421053
31,2956,-26,-3.26305220883534
31,2957,-165,-3.26305220883534
31,2958,-80,-42.6073825503356
31,2959,-39,-42.6073825503356
31,2960,-71,-42.6073825503356
31,2961,-63,-42.6073825503356
31,2962,-33,-42.6073825503356
31,2963,-5,-25.4947368421053
31,2964,-3,-3.26305220883534
31,2965,5,-3.26305220883534
31,2966,25,-3.26305220883534
31,2967,123,72.2905982905983
31,2968,277,192.926406926407
31,2969,237,-96.35
31,2970,-368,-289.052631578947
31,2971,-106,-144.417721518987
31,2972,46,1.89130434782609
31,2973,31,28.1904761904762
31,2974,-22,-15.8888888888889
31,2975,-6,-3.26305220883534
31,2976,26,-3.26305220883534
31,2977,190,118.949367088608
31,2978,354,222.539682539683
31,2979,-6,-96.35
31,2980,-257,-158.854961832061
31,2981,-123,-146.844444444444
31,2982,-142,1.89130434782609
31,2983,-98,-42.6073825503356
31,2984,-64,-42.6073825503356
31,2985,-68,-42.6073825503356
31,2986,-33,-42.6073825503356
31,2987,-16,22
31,2988,-8,-3.26305220883534
31,2989,2,-3.26305220883534
31,2990,31,-3.26305220883534
31,2991,28,72.2905982905983
31,2992,115,72.2905982905983
31,2993,439,192.926406926407
31,2994,-216,-96.35
31,2995,-194,-144.417721518987
31,2996,-12,-38.5
31,2997,104,-25.4947368421053
31,2998,-14,-9.65957446808511
31,2999,-31,-3.26305220883534
31,3000,28,-3.26305220883534
31,3001,175,118.949367088608
31,3002,354,302.666666666667
31,3003,42,-96.35
31,3004,-227,-202.416666666667
31,3005,-191,-146.844444444444
31,3006,-128,1.89130434782609
31,3007,-119,1.89130434782609
31,3008,-22,-42.6073825503356
31,3009,-107,-25.4947368421053
31,3010,-23,-42.6073825503356
31,3011,-29,22
31,3012,3,22
31,3013,-7,-3.26305220883534
31,3014,35,-3.26305220883534
31,3015,133,72.2905982905983
31,3016,320,192.926406926407
31,3017,190,-96.35
31,3018,-315,-289.052631578947
31,3019,-134,-144.417721518987
31,3020,2,1.89130434782609
31,3021,72,-25.4947368421053
31,3022,-13,-9.65957446808511
31,3023,-39,-3.26305220883534
31,3024,11,-42.6073825503356
31,3025,165,118.949367088608
31,3026,420,222.539682539683
31,3027,-3,-96.35
31,3028,-199,-158.854961832061
31,3029,-222,-146.844444444444
31,3030,-112,1.89130434782609
31,3031,-89,1.89130434782609
31,3032,-88,-42.6073825503356
31,3033,-62,-42.6073825503356
31,3034,-55,-42.6073825503356
31,3035,-6,-42.6073825503356
31,3036,-11,22
31,3037,1,-3.26305220883534
31,3038,32,-3.26305220883534
31,3039,128,72.2905982905983
31,3040,299,192.926406926407
31,3041,218,-96.35
31,3042,-345,-289.052631578947
31,3043,-138,-144.417721518987
31,3044,75,1.89130434782609
31,3045,69,-9.65957446808511
31,3046,-43,-9.65957446808511
31,3047,-52,-42.6073825503356
31,3048,12,-42.6073825503356
31,3049,159,118.949367088608
31,3050,478,222.539682539683
31,3051,-65,-96.35
31,3052,-155,-158.854961832061
31,3053,-163,-146.844444444444
31,3054,-158,-42.6073825503356
31,3055,-102,-42.6073825503356
31,3056,-28,-42.6073825503356
31,3057,-138,-25.4947368421053
31,3058,-34,-42.6073825503356
31,3059,-35,-25.4947368421053
31,3060,-13,-3.26305220883534
31,3061,3,-3.26305220883534
31,3062,27,-3.26305220883534
31,3063,121,72.2905982905983
31,3064,222,192.926406926407
31,3065,289,-96.35
31,3066,-290,-289.052631578947
31,3067,-147,-144.417721518987
31,3068,72,-38.5
31,3069,62,-9.65957446808511
31,3070,-8,-9.65957446808511
31,3071,-29,-3.26305220883534
31,3072,55,-3.26305220883534
31,3073,105,91.2727272727273
31,3074,303,302.666666666667
31,3075,-122,-87.2105263157895
31,3076,-178,-158.854961832061
31,3077,-132,-146.844444444444
31,3078,-104,1.89130434782609
31,3079,-42,-42.6073825503356
31,3080,-92,-42.6073825503356
31,3081,-16,-42.6073825503356
31,3082,-13,-25.4947368421053
31,3083,-49,-8.26086956521739
31,3084,-13,-42.6073825503356
31,3085,-17,-25.4947368421053
31,3086,-4,-3.26305220883534
31,3087,18,-3.26305220883534
31,3088,37,72.2905982905983
31,3089,125,72.2905982905983
31,3090,103,192.926406926407
31,3091,188,-47.3
31,3092,56,-32.6153846153846
31,3093,118,-144.417721518987
31,3094,-10,33.0833333333333
31,3095,-46,-23.2962962962963
31,3096,-2,-42.6073825503356
31,3097,45,-25.4947368421053
31,3098,-6,-15.8888888888889
31,3099,-81,-3.26305220883534
31,3100,-66,-42.6073825503356
31,3101,-147,-42.6073825503356
31,3102,-3,-42.6073825503356
31,3103,-77,-25.4947368421053
31,3104,-26,-42.6073825503356
31,3105,-48,-25.4947368421053
31,3106,-56,-42.6073825503356
31,3107,-12,-42.6073825503356
31,3108,-64,-25.4947368421053
31,3109,-29,-42.6073825503356
31,3110,-15,-25.4947368421053
31,3111,9,-3.26305220883534
31,3112,21,-3.26305220883534
31,3113,83,72.2905982905983
31,3114,146,166.753333333333
31,3115,155,-32.6153846153846
31,3116,-153,-23.2962962962963
31,3117,26,-101.714285714286
31,3118,-136,72.2905982905983
31,3119,-13,-42.6073825503356
31,3120,127,-25.4947368421053
31,3121,80,-9.65957446808511
31,3122,-13,-23.2962962962963
31,3123,34,103.333333333333
31,3124,-36,186.75
31,3125,-67,-3.26305220883534
31,3126,-84,-42.6073825503356
31,3127,-134,-42.6073825503356
31,3128,-10,-42.6073825503356
31,3129,-20,-25.4947368421053
31,3130,-16,-3.26305220883534
31,3131,-5,-3.26305220883534
31,3132,-2,-3.26305220883534
31,3133,4,-3.26305220883534
31,3134,30,-3.26305220883534
31,3135,124,72.2905982905983
31,3136,281,166.753333333333
31,3137,213,-96.35
31,3138,-298,-289.052631578947
31,3139,-164,-144.417721518987
31,3140,48,1.89130434782609
31,3141,41,-9.65957446808511
31,3142,9,-15.8888888888889
31,3143,-16,-3.26305220883534
31,3144,34,-3.26305220883534
31,3145,151,118.949367088608
31,3146,433,222.539682539683
31,3147,-78,-23.2962962962963
31,3148,-516,-158.854961832061
31,3149,-38,-146.844444444444
31,3150,-16,1.89130434782609
31,3151,-84,-3.26305220883534
31,3152,-59,-42.6073825503356
31,3153,-43,-42.6073825503356
31,3154,-26,-42.6073825503356
31,3155,-25,22
31,3156,-5,-3.26305220883534
31,3157,1,-3.26305220883534
31,3158,30,-3.26305220883534
31,3159,135,72.2905982905983
31,3160,350,192.926406926407
31,3161,204,-96.35
31,3162,-395,-289.052631578947
31,3163,-150,-144.417721518987
31,3164,78,1.89130434782609
31,3165,49,-9.65957446808511
31,3166,26,-9.65957446808511
31,3167,-29,-15.8888888888889
31,3168,0,103.333333333333
31,3169,165,118.949367088608
31,3170,411,222.539682539683
31,3171,-253,-23.2962962962963
31,3172,-149,-158.854961832061
31,3173,-118,-146.844444444444
31,3174,-78,-42.6073825503356
31,3175,-48,-42.6073825503356
31,3176,-96,-42.6073825503356
31,3177,-81,-42.6073825503356
31,3178,-34,-42.6073825503356
31,3179,-4,-25.4947368421053
31,3180,-10,-3.26305220883534
31,3181,1,-3.26305220883534
31,3182,32,-3.26305220883534
31,3183,147,72.2905982905983
31,3184,366,192.926406926407
31,3185,187,-96.35
31,3186,-364,-289.052631578947
31,3187,-151,-144.417721518987
31,3188,42,1.89130434782609
31,3189,45,28.1904761904762
31,3190,4,-15.8888888888889
31,3191,-50,-3.26305220883534
31,3192,50,-42.6073825503356
31,3193,144,91.2727272727273
31,3194,323,222.539682539683
31,3195,-100,-229.911764705882
31,3196,-103,-158.854961832061
31,3197,-189,-146.844444444444
31,3198,-40,-42.6073825503356
31,3199,-70,1.89130434782609
31,3200,-141,-42.6073825503356
31,3201,-80,-42.6073825503356
31,3202,-35,-42.6073825503356
31,3203,-5,-25.4947368421053
31,3204,-11,22
31,3205,-3,-3.26305220883534
31,3206,31,-3.26305220883534
31,3207,155,72.2905982905983
31,3208,289,192.926406926407
31,3209,226,-96.35
31,3210,-295,-289.052631578947
31,3211,-179,-144.417721518987
31,3212,45,1.89130434782609
31,3213,54,28.1904761904762
31,3214,14,-9.65957446808511
31,3215,-41,-15.8888888888889
31,3216,0,-42.6073825503356
31,3217,160,118.949367088608
31,3218,355,222.539682539683
31,3219,121,-23.2962962962963
31,3220,-308,-289.052631578947
31,3221,-159,-47.3
31,3222,-145,1.89130434782609
31,3223,-131,-42.6073825503356
31,3224,-41,-42.6073825503356
31,3225,-46,-42.6073825503356
31,3226,-69,-42.6073825503356
31,3227,-26,-42.6073825503356
31,3228,-8,-25.4947368421053
31,3229,0,-3.26305220883534
31,3230,30,-3.26305220883534
31,3231,113,72.2905982905983
31,3232,274,192.926406926407
31,3233,319,-96.35
31,3234,-355,-289.052631578947
31,3235,-127,-144.417721518987
31,3236,19,-38.5
31,3237,90,28.1904761904762
31,3238,-20,-9.65957446808511
31,3239,-13,-3.26305220883534
31,3240,12,-3.26305220883534
31,3241,165,118.949367088608
31,3242,297,302.666666666667
31,3243,-76,-96.35
31,3244,-200,-158.854961832061
31,3245,-173,-146.844444444444
31,3246,-57,1.89130434782609
31,3247,-55,1.89130434782609
31,3248,-73,-42.6073825503356
31,3249,-43,-42.6073825503356
31,3250,-20,-42.6073825503356
31,3251,-36,22
31,3252,-41,-3.26305220883534
31,3253,-26,-42.6073825503356
31,3254,2,-3.26305220883534
31,3255,16,-3.26305220883534
31,3256,72,72.2905982905983
31,3257,60,166.753333333333
31,3258,126,144.252631578947
31,3259,154,-32.6153846153846
31,3260,15,-23.2962962962963
31,3261,127,-101.714285714286
31,3262,-67,33.0833333333333
31,3263,-35,-23.2962962962963
31,3264,-249,-25.4947368421053
31,3265,201,-42.6073825503356
31,3266,-31,-9.65957446808511
31,3267,-20,-158.854961832061
31,3268,-29,-8.26086956521739
31,3269,-113,-3.26305220883534
31,3270,-33,-42.6073825503356
31,3271,-26,22
31,3272,-24,-3.26305220883534
31,3273,-24,-3.26305220883534
31,3274,0,-8.26086956521739
31,3275,-18,-3.26305220883534
31,3276,-63,-3.26305220883534
31,3277,-37,-42.6073825503356
31,3278,0,-42.6073825503356
31,3279,5,-3.26305220883534
31,3280,13,-3.26305220883534
31,3281,99,72.2905982905983
31,3282,130,166.753333333333
31,3283,122,192.926406926407
31,3284,97,-229.911764705882
31,3285,144,-101.714285714286
31,3286,-85,33.0833333333333
31,3287,-164,-101.714285714286
31,3288,14,-42.6073825503356
31,3289,-218,-15.8888888888889
31,3290,60,-42.6073825503356
31,3291,31,-9.65957446808511
31,3292,28,-15.8888888888889
31,3293,-81,28.1904761904762
31,3294,-45,-42.6073825503356
31,3295,-52,-42.6073825503356
31,3296,-34,-42.6073825503356
31,3297,-48,-25.4947368421053
31,3298,-25,-42.6073825503356
31,3299,1,-25.4947368421053
31,3300,-4,-3.26305220883534
31,3301,8,-3.26305220883534
31,3302,24,-3.26305220883534
31,3303,109,72.2905982905983
31,3304,288,192.926406926407
31,3305,266,-32.6153846153846
31,3306,-357,-289.052631578947
31,3307,-136,-144.417721518987
31,3308,23,-38.5
31,3309,54,28.1904761904762
31,3310,5,-9.65957446808511
31,3311,-42,-3.26305220883534
31,3312,36,-42.6073825503356
31,3313,162,118.949367088608
31,3314,401,222.539682539683
31,3315,-11,-96.35
31,3316,-261,-158.854961832061
31,3317,-157,-146.844444444444
31,3318,-138,1.89130434782609
31,3319,-117,-42.6073825503356
31,3320,-47,-42.6073825503356
31,3321,-76,-42.6073825503356
31,3322,-17,-42.6073825503356
31,3323,-6,22
31,3324,-11,-3.26305220883534
31,3325,4,-3.26305220883534
31,3326,34,-3.26305220883534
31,3327,105,72.2905982905983
31,3328,122,192.926406926407
31,3329,424,166.753333333333
31,3330,-298,-229.911764705882
31,3331,-191,-144.417721518987
31,3332,14,-38.5
31,3333,79,28.1904761904762
31,3334,-9,-9.65957446808511
31,3335,-37,-3.26305220883534
31,3336,66,-42.6073825503356
31,3337,163,91.2727272727273
31,3338,384,302.666666666667
31,3339,-46,-229.911764705882
31,3340,-221,-158.854961832061
31,3341,-162,-146.844444444444
31,3342,-121,1.89130434782609
31,3343,-98,-42.6073825503356
31,3344,-107,-42.6073825503356
31,3345,-62,-42.6073825503356
31,3346,-33,-42.6073825503356
31,3347,-8,22
31,3348,3,-3.26305220883534
31,3349,1,-3.26305220883534
31,3350,30,-3.26305220883534
31,3351,141,72.2905982905983
31,3352,373,192.926406926407
31,3353,254,-96.35
31,3354,-460,-289.052631578947
31,3355,-170,-144.417721518987
31,3356,75,-38.5
31,3357,107,-9.65957446808511
31,3358,-60,-9.65957446808511
31,3359,1,-42.6073825503356
31,3360,37,-25.4947368421053
31,3361,155,118.949367088608
31,3362,377,222.539682539683
31,3363,-58,-96.35
31,3364,-169,-158.854961832061
31,3365,-216,-146.844444444444
31,3366,-114,-42.6073825503356
31,3367,-78,1.89130434782609
31,3368,-78,-42.6073825503356
31,3369,-92,-42.6073825503356
31,3370,-42,-42.6073825503356
31,3371,-6,-42.6073825503356
31,3372,-12,22
31,3373,3,-3.26305220883534
31,3374,27,-3.26305220883534
31,3375,128,72.2905982905983
31,3376,369,192.926406926407
31,3377,222,-96.35
31,3378,-358,-289.052631578947
31,3379,-162,-144.417721518987
31,3380,42,1.89130434782609
31,3381,18,28.1904761904762
31,3382,-4,-15.8888888888889
31,3383,-17,-3.26305220883534
31,3384,65,-3.26305220883534
31,3385,144,91.2727272727273
31,3386,362,222.539682539683
31,3387,9,-229.911764705882
31,3388,-243,-158.854961832061
31,3389,-139,-146.844444444444
31,3390,-164,1.89130434782609
31,3391,-16,-42.6073825503356
31,3392,-139,-25.4947368421053
31,3393,-70,-42.6073825503356
31,3394,-50,-42.6073825503356
31,3395,-12,-42.6073825503356
31,3396,-15,-25.4947368421053
31,3397,2,-3.26305220883534
31,3398,22,-3.26305220883534
31,3399,79,72.2905982905983
31,3400,313,192.926406926407
31,3401,269,192.926406926407
31,3402,-292,-289.052631578947
31,3403,-142,-144.417721518987
31,3404,53,-38.5
31,3405,101,-9.65957446808511
31,3406,-42,-9.65957446808511
31,3407,68,-42.6073825503356
31,3408,90,33.0833333333333
31,3409,2,91.2727272727273
31,3410,89,-8.26086956521739
31,3411,-71,33.0833333333333
31,3412,-94,-42.6073825503356
31,3413,-96,-42.6073825503356
31,3414,-53,-42.6073825503356
31,3415,-26,-42.6073825503356
31,3416,-103,-25.4947368421053
31,3417,-6,-42.6073825503356
31,3418,-89,-25.4947368421053
31,3419,-10,-42.6073825503356
31,3420,-34,-25.4947368421053
31,3421,-23,-3.26305220883534
31,3422,10,-3.26305220883534
31,3423,14,-3.26305220883534
31,3424,30,72.2905982905983
31,3425,96,72.2905982905983
31,3426,75,187.909090909091
31,3427,180,91.2727272727273
31,3428,75,-32.6153846153846
31,3429,-21,-23.2962962962963
31,3430,33,-3.26305220883534
31,3431,10,28.1904761904762
31,3432,49,-3.26305220883534
31,3433,-101,-87.2105263157895
31,3434,1,-42.6073825503356
31,3435,-21,-25.4947368421053
31,3436,-50,103.333333333333
31,3437,-185,-42.6073825503356
31,3438,-103,-42.6073825503356
31,3439,-26,1.89130434782609
31,3440,67,-25.4947368421053
31,3441,-46,145.409090909091
31,3442,-26,-42.6073825503356
31,3443,11,-25.4947368421053
31,3444,-42,72.2905982905983
31,3445,-20,-42.6073825503356
31,3446,-10,-3.26305220883534
31,3447,3,-3.26305220883534
31,3448,27,-3.26305220883534
31,3449,87,72.2905982905983
31,3450,103,-9.65957446808511
31,3451,156,192.926406926407
31,3452,101,-32.6153846153846
31,3453,56,-101.714285714286
31,3454,-52,33.0833333333333
31,3455,-36,-42.6073825503356
31,3456,-102,-25.4947368421053
31,3457,119,-42.6073825503356
31,3458,29,-9.65957446808511
31,3459,-3,-47.3
31,3460,-208,-8.26086956521739
31,3461,-188,-42.6073825503356
31,3462,67,1.89130434782609
31,3463,-5,144.252631578947
31,3464,-43,-3.26305220883534
31,3465,-19,-42.6073825503356
31,3466,-49,-3.26305220883534
31,3467,-15,-42.6073825503356
31,3468,-12,-25.4947368421053
31,3469,-17,-3.26305220883534
31,3470,-7,-3.26305220883534
31,3471,11,-3.26305220883534
31,3472,28,72.2905982905983
31,3473,84,72.2905982905983
31,3474,102,166.753333333333
31,3475,130,91.2727272727273
31,3476,100,-32.6153846153846
31,3477,84,-101.714285714286
31,3478,23,33.0833333333333
31,3479,-54,28.1904761904762
31,3480,-63,-42.6073825503356
31,3481,51,-42.6073825503356
31,3482,-2,-9.65957446808511
31,3483,-16,-3.26305220883534
31,3484,-108,-3.26305220883534
31,3485,-113,-42.6073825503356
31,3486,-77,-42.6073825503356
31,3487,-63,-42.6073825503356
31,3488,-51,-42.6073825503356
31,3489,-41,-42.6073825503356
31,3490,-5,-42.6073825503356
31,3491,-19,-3.26305220883534
31,3492,5,-3.26305220883534
31,3493,-2,-3.26305220883534
31,3494,30,-3.26305220883534
31,3495,134,72.2905982905983
31,3496,321,192.926406926407
31,3497,139,-96.35
31,3498,-309,-289.052631578947
31,3499,-151,-101.714285714286
31,3500,26,1.89130434782609
31,3501,89,28.1904761904762
31,3502,-12,-9.65957446808511
31,3503,-1,-3.26305220883534
31,3504,18,-3.26305220883534
31,3505,166,118.949367088608
31,3506,398,262.6625
31,3507,-17,-96.35
31,3508,-287,-158.854961832061
31,3509,-167,-146.844444444444
31,3510,-117,1.89130434782609
31,3511,-89,-42.6073825503356
31,3512,-84,-42.6073825503356
31,3513,-58,-42.6073825503356
31,3514,-24,-42.6073825503356
31,3515,-4,22
31,3516,-5,-3.26305220883534
31,3517,1,-3.26305220883534
31,3518,35,-3.26305220883534
31,3519,170,72.2905982905983
31,3520,290,192.926406926407
31,3521,225,-96.35
31,3522,-435,-289.052631578947
31,3523,-55,-144.417721518987
31,3524,-18,1.89130434782609
31,3525,49,-25.4947368421053
31,3526,-32,-9.65957446808511
31,3527,-23,-3.26305220883534
31,3528,34,103.333333333333
31,3529,185,118.949367088608
31,3530,433,222.539682539683
31,3531,-24,-96.35
31,3532,-177,-158.854961832061
31,3533,-250,-146.844444444444
31,3534,-116,1.89130434782609
31,3535,-77,1.89130434782609
31,3536,-69,-42.6073825503356
31,3537,-85,-42.6073825503356
31,3538,-47,-42.6073825503356
31,3539,-10,-42.6073825503356
31,3540,1,22
31,3541,-1,-3.26305220883534
31,3542,30,-3.26305220883534
31,3543,162,72.2905982905983
31,3544,282,192.926406926407
31,3545,164,-96.35
31,3546,-523,-289.052631578947
31,3547,-74,-101.714285714286
31,3548,13,1.89130434782609
31,3549,75,28.1904761904762
31,3550,54,-9.65957446808511
31,3551,25,-9.65957446808511
31,3552,54,-15.8888888888889
31,3553,146,91.2727272727273
31,3554,392,262.6625
31,3555,27,-23.2962962962963
31,3556,-277,-144.417721518987
31,3557,-152,-38.5
31,3558,-134,1.89130434782609
31,3559,-55,-42.6073825503356
31,3560,-48,-42.6073825503356
31,3561,-73,-42.6073825503356
31,3562,-67,-42.6073825503356
31,3563,-18,-42.6073825503356
31,3564,-2,-25.4947368421053
31,3565,-1,-3.26305220883534
31,3566,32,-3.26305220883534
31,3567,100,72.2905982905983
31,3568,346,192.926406926407
31,3569,233,192.926406926407
31,3570,-375,-289.052631578947
31,3571,-120,-144.417721518987
31,3572,72,1.89130434782609
31,3573,27,-9.65957446808511
31,3574,31,-15.8888888888889
31,3575,-101,-15.8888888888889
31,3576,78,-42.6073825503356
31,3577,139,91.2727272727273
31,3578,302,222.539682539683
31,3579,20,-23.2962962962963
31,3580,-224,-158.854961832061
31,3581,-177,-146.844444444444
31,3582,-90,1.89130434782609
31,3583,-2,1.89130434782609
31,3584,-51,-25.4947368421053
31,3585,-98,-42.6073825503356
31,3586,-33,-42.6073825503356
31,3587,-40,22
31,3588,-34,-42.6073825503356
31,3589,-32,-3.26305220883534
31,3590,4,-3.26305220883534
31,3591,19,-3.26305220883534
31,3592,48,72.2905982905983
31,3593,148,144.252631578947
31,3594,118,192.926406926407
31,3595,74,-229.911764705882
31,3596,156,-101.714285714286
31,3597,116,33.0833333333333
31,3598,-26,-23.2962962962963
31,3599,-42,-101.714285714286
31,3600,-114,-42.6073825503356
31,3601,-398,-42.6073825503356
31,3602,57,-42.6073825503356
31,3603,-4,-9.65957446808511
31,3604,48,-3.26305220883534
31,3605,-21,144.252631578947
31,3606,-13,-3.26305220883534
31,3607,13,-3.26305220883534
31,3608,-61,118.949367088608
31,3609,-9,-42.6073825503356
31,3610,0,-25.4947368421053
31,3611,-28,-3.26305220883534
31,3612,-50,-3.26305220883534
31,3613,-18,-42.6073825503356
31,3614,27,-25.4947368421053
31,3615,-20,28.1904761904762
31,3616,35,-3.26305220883534
31,3617,100,72.2905982905983
31,3618,129,91.2727272727273
31,3619,196,192.926406926407
31,3620,90,-229.911764705882
31,3621,172,-144.417721518987
31,3622,-28,-32.6153846153846
31,3623,-82,-23.2962962962963
31,3624,49,-103.789473684211
31,3625,5,-9.65957446808511
31,3626,-30,-3.26305220883534
31,3627,-111,-3.26305220883534
31,3628,-64,-42.6073825503356
31,3629,-140,-42.6073825503356
31,3630,-150,-42.6073825503356
31,3631,-17,-42.6073825503356
31,3632,-97,-25.4947368421053
31,3633,-51,-42.6073825503356
31,3634,-23,-42.6073825503356
31,3635,-1,-25.4947368421053
31,3636,-5,-3.26305220883534
31,3637,-7,-3.26305220883534
31,3638,35,-3.26305220883534
31,3639,140,72.2905982905983
31,3640,267,192.926406926407
31,3641,283,-96.35
31,3642,-369,-289.052631578947
31,3643,-151,-144.417721518987
31,3644,26,-38.5
31,3645,96,72.2905982905983
31,3646,-9,-9.65957446808511
31,3647,17,-3.26305220883534
31,3648,6,-15.8888888888889
31,3649,142,118.949367088608
31,3650,383,302.666666666667
31,3651,97,-96.35
31,3652,-335,-144.417721518987
31,3653,-243,-38.5
31,3654,-105,1.89130434782609
31,3655,-126,1.89130434782609
31,3656,-66,-42.6073825503356
31,3657,-61,-42.6073825503356
31,3658,-22,-42.6073825503356
31,3659,-4,22
31,3660,2,22
31,3661,1,-3.26305220883534
31,3662,35,-3.26305220883534
31,3663,167,72.2905982905983
31,3664,385,192.926406926407
31,3665,154,-96.35
31,3666,-392,-289.052631578947
31,3667,-162,-101.714285714286
31,3668,51,1.89130434782609
31,3669,69,-9.65957446808511
31,3670,12,-9.65957446808511
31,3671,-73,-15.8888888888889
31,3672,71,-42.6073825503356
31,3673,210,91.2727272727273
31,3674,434,262.6625
31,3675,-93,-144.417721518987
31,3676,-281,-158.854961832061
31,3677,-135,-146.844444444444
31,3678,-151,1.89130434782609
31,3679,-94,-42.6073825503356
31,3680,-107,-42.6073825503356
31,3681,-60,-42.6073825503356
31,3682,-28,-42.6073825503356
31,3683,-10,22
31,3684,-4,-3.26305220883534
31,3685,-2,-3.26305220883534
31,3686,43,-3.26305220883534
31,3687,157,72.2905982905983
31,3688,352,192.926406926407
31,3689,213,-96.35
31,3690,-442,-289.052631578947
31,3691,-123,-144.417721518987
31,3692,27,1.89130434782609
31,3693,120,-15.8888888888889
31,3694,-29,-9.65957446808511
31,3695,-45,-47.3
31,3696,40,-42.6073825503356
31,3697,191,118.949367088608
31,3698,416,222.539682539683
31,3699,52,-96.35
31,3700,-342,-202.416666666667
31,3701,-165,-146.844444444444
31,3702,-164,1.89130434782609
31,3703,-94,-42.6073825503356
31,3704,-85,-42.6073825503356
31,3705,-70,-42.6073825503356
31,3706,-29,-42.6073825503356
31,3707,-19,22
31,3708,2,-3.26305220883534
31,3709,-5,-3.26305220883534
31,3710,51,-3.26305220883534
31,3711,138,144.252631578947
31,3712,376,192.926406926407
31,3713,187,-229.911764705882
31,3714,-420,-289.052631578947
31,3715,-126,-144.417721518987
31,3716,42,1.89130434782609
31,3717,43,72.2905982905983
31,3718,-14,-15.8888888888889
31,3719,-9,-3.26305220883534
31,3720,78,103.333333333333
31,3721,139,91.2727272727273
31,3722,393,222.539682539683
31,3723,-32,-229.911764705882
31,3724,-178,-158.854961832061
31,3725,-211,-146.844444444444
31,3726,-146,1.89130434782609
31,3727,-66,1.89130434782609
31,3728,-81,-42.6073825503356
31,3729,-83,-42.6073825503356
31,3730,-46,-42.6073825503356
31,3731,-11,-42.6073825503356
31,3732,-16,22
31,3733,-2,-3.26305220883534
31,3734,29,-3.26305220883534
31,3735,111,72.2905982905983
31,3736,302,192.926406926407
31,3737,312,-96.35
31,3738,-419,-289.052631578947
31,3739,-101,-144.417721518987
31,3740,34,-38.5
31,3741,129,28.1904761904762
31,3742,-1,-9.65957446808511
31,3743,-37,-47.3
31,3744,-4,-42.6073825503356
31,3745,196,118.949367088608
31,3746,331,302.666666666667
31,3747,-86,-96.35
31,3748,-229,-158.854961832061
31,3749,-175,-146.844444444444
31,3750,-92,1.89130434782609
31,3751,-83,1.89130434782609
31,3752,-34,-42.6073825503356
31,3753,12,-25.4947368421053
31,3754,-98,28.1904761904762
31,3755,-16,-42.6073825503356
31,3756,-56,-25.4947368421053
31,3757,-31,-42.6073825503356
31,3758,10,-25.4947368421053
31,3759,17,-3.26305220883534
31,3760,40,72.2905982905983
31,3761,139,28.1904761904762
31,3762,130,-32.6153846153846
31,3763,100,-23.2962962962963
31,3764,185,-101.714285714286
31,3765,79,33.0833333333333
31,3766,-2,-144.417721518987
31,3767,11,-3.26305220883534
31,3768,-61,-15.8888888888889
31,3769,129,-42.6073825503356
31,3770,-54,-9.65957446808511
31,3771,-115,-47.3
31,3772,-136,-42.6073825503356
31,3773,-148,-42.6073825503356
31,3774,-34,-42.6073825503356
31,3775,-17,-25.4947368421053
31,3776,-50,-3.26305220883534
31,3777,-78,-42.6073825503356
31,3778,-34,-42.6073825503356
31,3779,-28,-25.4947368421053
31,3780,-41,-3.26305220883534
31,3781,-40,-42.6073825503356
31,3782,5,-42.6073825503356
31,3783,22,-3.26305220883534
31,3784,36,72.2905982905983
31,3785,57,72.2905982905983
31,3786,168,144.252631578947
31,3787,194,-32.6153846153846
31,3788,69,-23.2962962962963
31,3789,97,-144.417721518987
31,3790,38,33.0833333333333
31,3791,-59,28.1904761904762
31,3792,-78,-42.6073825503356
31,3793,39,-42.6073825503356
31,3794,-26,-15.8888888888889
31,3795,-89,-8.26086956521739
31,3796,-78,-42.6073825503356
31,3797,-79,-42.6073825503356
31,3798,-133,-42.6073825503356
31,3799,-64,-42.6073825503356
31,3800,-33,-42.6073825503356
31,3801,-49,-25.4947368421053
31,3802,-24,-42.6073825503356
31,3803,-8,-25.4947368421053
31,3804,-6,-3.26305220883534
31,3805,4,-3.26305220883534
31,3806,34,-3.26305220883534
31,3807,119,72.2905982905983
31,3808,328,192.926406926407
31,3809,191,-96.35
31,3810,-384,-289.052631578947
31,3811,-97,-144.417721518987
31,3812,50,1.89130434782609
31,3813,43,-9.65957446808511
31,3814,48,-15.8888888888889
31,3815,-11,-87.2105263157895
31,3816,6,-3.26305220883534
31,3817,115,118.949367088608
31,3818,389,222.539682539683
31,3819,-68,-23.2962962962963
31,3820,-288,-158.854961832061
31,3821,-146,-146.844444444444
31,3822,-107,1.89130434782609
31,3823,-104,-42.6073825503356
31,3824,-59,-42.6073825503356
31,3825,-57,-42.6073825503356
31,3826,-8,-42.6073825503356
31,3827,-1,22
31,3828,2,-3.26305220883534
31,3829,1,-3.26305220883534
31,3830,41,-3.26305220883534
31,3831,119,72.2905982905983
31,3832,189,192.926406926407
31,3833,316,-96.35
31,3834,-379,-229.911764705882
31,3835,-133,-144.417721518987
31,3836,-9,-38.5
31,3837,-63,-25.4947368421053
31,3838,26,-42.6073825503356
31,3839,29,-15.8888888888889
31,3840,-107,-15.8888888888889
31,3841,105,-42.6073825503356
31,3842,197,302.666666666667
31,3843,-57,-32.6153846153846
31,3844,43,-144.417721518987
31,3845,-34,72.2905982905983
31,3846,-83,-3.26305220883534
31,3847,-56,-42.6073825503356
31,3848,-73,-42.6073825503356
31,3849,-52,-42.6073825503356
31,3850,-14,-42.6073825503356
31,3851,-9,-25.4947368421053
31,3852,2,-3.26305220883534
31,3853,5,-3.26305220883534
31,3854,46,-3.26305220883534
31,3855,116,72.2905982905983
31,3856,373,192.926406926407
31,3857,252,-229.911764705882
31,3858,-435,-289.052631578947
31,3859,-170,-144.417721518987
31,3860,55,-38.5
31,3861,66,-9.65957446808511
31,3862,-24,-9.65957446808511
31,3863,-3,-3.26305220883534
31,3864,25,-3.26305220883534
31,3865,155,118.949367088608
31,3866,420,222.539682539683
31,3867,6,-96.35
31,3868,-281,-158.854961832061
31,3869,-202,-146.844444444444
31,3870,-60,1.89130434782609
31,3871,-120,1.89130434782609
31,3872,-106,-42.6073825503356
31,3873,-65,-42.6073825503356
31,3874,-40,-42.6073825503356
31,3875,-7,-42.6073825503356
31,3876,-5,22
31,3877,0,-3.26305220883534
31,3878,50,-3.26305220883534
31,3879,114,144.252631578947
31,3880,364,192.926406926407
31,3881,256,-229.911764705882
31,3882,-435,-289.052631578947
31,3883,-165,-144.417721518987
31,3884,53,-38.5
31,3885,47,-9.65957446808511
31,3886,46,-9.65957446808511
31,3887,-38,-15.8888888888889
31,3888,-7,-42.6073825503356
31,3889,166,118.949367088608
31,3890,519,222.539682539683
31,3891,-76,-23.2962962962963
31,3892,-297,-158.854961832061
31,3893,-186,-146.844444444444
31,3894,-143,1.89130434782609
31,3895,13,1.89130434782609
31,3896,-133,72.2905982905983
31,3897,-88,-42.6073825503356
31,3898,-17,-42.6073825503356
31,3899,-35,118.949367088608
31,3900,-2,-3.26305220883534
31,3901,-2,-3.26305220883534
31,3902,39,-3.26305220883534
31,3903,116,28.1904761904762
31,3904,338,192.926406926407
31,3905,254,-96.35
31,3906,-374,-289.052631578947
31,3907,-158,-144.417721518987
31,3908,96,-38.5
31,3909,68,-9.65957446808511
31,3910,32,-9.65957446808511
31,3911,-9,-15.8888888888889
31,3912,11,-3.26305220883534
31,3913,144,118.949367088608
31,3914,279,222.539682539683
31,3915,-41,-23.2962962962963
31,3916,-217,-158.854961832061
31,3917,-219,-146.844444444444
31,3918,-57,1.89130434782609
31,3919,-17,1.89130434782609
31,3920,-109,-25.4947368421053
31,3921,-14,-42.6073825503356
31,3922,-48,-25.4947368421053
31,3923,-41,-42.6073825503356
31,3924,-38,-42.6073825503356
31,3925,-30,-42.6073825503356
31,3926,2,-3.26305220883534
31,3927,24,-3.26305220883534
31,3928,36,72.2905982905983
31,3929,141,72.2905982905983
31,3930,159,192.926406926407
31,3931,97,-96.35
31,3932,152,-101.714285714286
31,3933,62,33.0833333333333
31,3934,19,-101.714285714286
31,3935,-53,28.1904761904762
31,3936,96,-42.6073825503356
31,3937,-70,-9.65957446808511
31,3938,-34,-42.6073825503356
31,3939,-48,-25.4947368421053
31,3940,-191,-42.6073825503356
31,3941,-82,-42.6073825503356
31,3942,-64,1.89130434782609
31,3943,-22,-42.6073825503356
31,3944,-68,-25.4947368421053
31,3945,9,-42.6073825503356
31,3946,-38,-25.4947368421053
31,3947,-47,-42.6073825503356
31,3948,-41,-42.6073825503356
31,3949,-44,-42.6073825503356
31,3950,-4,-42.6073825503356
31,3951,10,-3.26305220883534
31,3952,41,-3.26305220883534
31,3953,118,28.1904761904762
31,3954,101,192.926406926407
31,3955,213,-47.3
31,3956,81,-32.6153846153846
31,3957,206,-144.417721518987
31,3958,-74,33.0833333333333
31,3959,-36,-144.417721518987
31,3960,-26,-25.4947368421053
31,3961,51,-3.26305220883534
31,3962,32,-9.65957446808511
31,3963,-183,-15.8888888888889
31,3964,-127,-42.6073825503356
31,3965,-161,1.89130434782609
31,3966,-56,-42.6073825503356
31,3967,-58,-42.6073825503356
31,3968,-38,-42.6073825503356
31,3969,-36,-42.6073825503356
31,3970,-46,-3.26305220883534
31,3971,-10,-42.6073825503356
31,3972,-3,-25.4947368421053
31,3973,3,-3.26305220883534
31,3974,29,-3.26305220883534
31,3975,131,72.2905982905983
31,3976,362,192.926406926407
31,3977,220,-96.35
31,3978,-422,-289.052631578947
31,3979,-130,-144.417721518987
31,3980,40,1.89130434782609
31,3981,104,28.1904761904762
31,3982,-14,-9.65957446808511
31,3983,-25,-3.26305220883534
31,3984,-3,-3.26305220883534
31,3985,216,118.949367088608
31,3986,382,222.539682539683
31,3987,-45,-96.35
31,3988,-263,-158.854961832061
31,3989,-158,-146.844444444444
31,3990,-176,1.89130434782609
31,3991,-84,-42.6073825503356
31,3992,-78,1.89130434782609
31,3993,-30,-42.6073825503356
31,3994,-51,-25.4947368421053
31,3995,1,-42.6073825503356
31,3996,-9,-25.4947368421053
31,3997,4,-3.26305220883534
31,3998,38,-3.26305220883534
31,3999,147,72.2905982905983
31,4000,362,192.926406926407
31,4001,249,-96.35
31,4002,-396,-289.052631578947
31,4003,-239,-144.417721518987
31,4004,48,1.89130434782609
31,4005,84,-9.65957446808511
31,4006,3,-9.65957446808511
31,4007,-12,-3.26305220883534
31,4008,10,103.333333333333
31,4009,192,118.949367088608
31,4010,472,222.539682539683
31,4011,-145,-96.35
31,4012,-283,-158.854961832061
31,4013,-114,-146.844444444444
31,4014,-128,1.89130434782609
31,4015,-109,-42.6073825503356
31,4016,-90,-42.6073825503356
31,4017,-58,-42.6073825503356
31,4018,-11,-42.6073825503356
31,4019,-12,22
31,4020,-7,-3.26305220883534
31,4021,4,-3.26305220883534
31,4022,22,-3.26305220883534
31,4023,146,72.2905982905983
31,4024,350,192.926406926407
31,4025,306,-96.35
31,4026,-504,-289.052631578947
31,4027,-149,-144.417721518987
31,4028,42,-38.5
31,4029,89,28.1904761904762
31,4030,24,-9.65957446808511
31,4031,-63,-15.8888888888889
31,4032,23,-42.6073825503356
31,4033,168,118.949367088608
31,4034,485,302.666666666667
31,4035,-69,-23.2962962962963
31,4036,-257,-158.854961832061
31,4037,-193,-146.844444444444
31,4038,-74,1.89130434782609
31,4039,-145,1.89130434782609
31,4040,-100,-42.6073825503356
31,4041,-50,-42.6073825503356
31,4042,-44,-42.6073825503356
31,4043,-5,-42.6073825503356
31,4044,-9,22
31,4045,1,-3.26305220883534
31,4046,58,-3.26305220883534
31,4047,103,144.252631578947
31,4048,389,192.926406926407
31,4049,236,192.926406926407
31,4050,-459,-289.052631578947
31,4051,-127,-144.417721518987
31,4052,86,1.89130434782609
31,4053,41,-9.65957446808511
31,4054,-9,-15.8888888888889
31,4055,-68,-3.26305220883534
31,4056,38,-42.6073825503356
31,4057,176,118.949367088608
31,4058,433,222.539682539683
31,4059,-6,-96.35
31,4060,-340,-158.854961832061
31,4061,-102,-146.844444444444
31,4062,-204,1.89130434782609
31,4063,-206,-42.6073825503356
31,4064,-2,1.89130434782609
31,4065,-28,-25.4947368421053
31,4066,-4,-8.26086956521739
31,4067,-3,22
31,4068,-3,-3.26305220883534
31,4069,5,22
31,4070,26,22
31,4071,100,72.2905982905983
31,4072,256,192.926406926407
31,4073,311,166.753333333333
31,4074,-279,-289.052631578947
31,4075,-181,-144.417721518987
31,4076,116,-38.5
31,4077,19,-9.65957446808511
31,4078,30,-23.2962962962963
31,4079,-11,-15.8888888888889
31,4080,-7,-3.26305220883534
31,4081,110,118.949367088608
31,4082,306,302.666666666667
31,4083,-141,-9.65957446808511
31,4084,-159,-158.854961832061
31,4085,-172,-146.844444444444
31,4086,-99,-42.6073825503356
31,4087,-17,-42.6073825503356
31,4088,-30,-25.4947368421053
31,4089,-41,-3.26305220883534
31,4090,-48,-42.6073825503356
31,4091,-9,-42.6073825503356
31,4092,-63,-25.4947368421053
31,4093,-15,-42.6073825503356
31,4094,1,-25.4947368421053
31,4095,22,-3.26305220883534
31,4096,36,72.2905982905983
31,4097,138,72.2905982905983
31,4098,121,166.753333333333
31,4099,140,-96.35
31,4100,191,-101.714285714286
31,4101,19,-101.714285714286
31,4102,4,-144.417721518987
31,4103,64,-3.26305220883534
31,4104,-23,-9.65957446808511
31,4105,-5,-3.26305220883534
31,4106,-10,103.333333333333
31,4107,-118,-3.26305220883534
31,4108,-124,-42.6073825503356
31,4109,-155,-42.6073825503356
31,4110,-23,-42.6073825503356
31,4111,-71,-25.4947368421053
31,4112,-25,-42.6073825503356
31,4113,-49,-25.4947368421053
31,4114,-31,-42.6073825503356
31,4115,-24,-25.4947368421053
31,4116,-34,-3.26305220883534
31,4117,-51,-3.26305220883534
31,4118,3,-42.6073825503356
31,4119,12,-25.4947368421053
31,4120,35,72.2905982905983
31,4121,87,72.2905982905983
31,4122,141,192.926406926407
31,4123,194,-32.6153846153846
31,4124,112,-23.2962962962963
31,4125,89,-144.417721518987
31,4126,-86,-101.714285714286
31,4127,18,-42.6073825503356
31,4128,37,-15.8888888888889
31,4129,-1,-15.8888888888889
31,4130,-73,-3.26305220883534
31,4131,-174,-42.6073825503356
31,4132,-144,-42.6073825503356
31,4133,-63,1.89130434782609
31,4134,-71,-42.6073825503356
31,4135,-32,-42.6073825503356
31,4136,-34,-25.4947368421053
31,4137,-12,-3.26305220883534
31,4138,-27,-3.26305220883534
31,4139,-6,-3.26305220883534
31,4140,-5,-3.26305220883534
31,4141,3,-3.26305220883534
31,4142,26,-3.26305220883534
31,4143,119,72.2905982905983
31,4144,328,166.753333333333
31,4145,301,-96.35
31,4146,-444,-289.052631578947
31,4147,-161,-144.417721518987
31,4148,93,-38.5
31,4149,51,-9.65957446808511
31,4150,-18,-9.65957446808511
31,4151,-61,-3.26305220883534
31,4152,85,-42.6073825503356
31,4153,130,91.2727272727273
31,4154,397,302.666666666667
31,4155,-243,-229.911764705882
31,4156,-97,-158.854961832061
31,4157,-254,-146.844444444444
31,4158,-44,-42.6073825503356
31,4159,-11,1.89130434782609
31,4160,-102,-3.26305220883534
31,4161,-74,-42.6073825503356
31,4162,-20,-42.6073825503356
31,4163,-9,-25.4947368421053
31,4164,3,22
31,4165,5,-3.26305220883534
31,4166,33,-3.26305220883534
31,4167,136,72.2905982905983
31,4168,81,192.926406926407
31,4169,-126,-47.3
31,4170,-48,-42.6073825503356
31,4171,-41,-42.6073825503356
31,4172,54,-42.6073825503356
31,4173,5,-9.65957446808511
31,4174,50,-3.26305220883534
31,4175,9,-87.2105263157895
31,4176,46,103.333333333333
31,4177,165,72.2905982905983
31,4178,341,-32.6153846153846
31,4179,-28,-23.2962962962963
31,4180,-292,-144.417721518987
31,4181,-89,-146.844444444444
31,4182,-17,1.89130434782609
31,4183,-49,-25.4947368421053
31,4184,-142,-42.6073825503356
31,4185,-46,-42.6073825503356
31,4186,-33,-42.6073825503356
31,4187,-10,22
31,4188,-2,-3.26305220883534
31,4189,4,-3.26305220883534
31,4190,23,-3.26305220883534
31,4191,143,72.2905982905983
31,4192,338,192.926406926407
31,4193,294,-96.35
31,4194,-447,-289.052631578947
31,4195,-187,-144.417721518987
31,4196,55,-38.5
31,4197,128,-9.65957446808511
31,4198,-79,-9.65957446808511
31,4199,-28,-47.3
31,4200,68,-25.4947368421053
31,4201,159,91.2727272727273
31,4202,439,302.666666666667
31,4203,-107,-229.911764705882
31,4204,-217,-158.854961832061
31,4205,-96,-146.844444444444
31,4206,-288,1.89130434782609
31,4207,32,-42.6073825503356
31,4208,-21,-15.8888888888889
31,4209,-144,-3.26305220883534
31,4210,-51,-42.6073825503356
31,4211,-12,-42.6073825503356
31,4212,-2,-25.4947368421053
31,4213,-1,22
31,4214,29,-3.26305220883534
31,4215,94,28.1904761904762
31,4216,258,192.926406926407
31,4217,347,192.926406926407
31,4218,-379,-289.052631578947
31,4219,-182,-144.417721518987
31,4220,37,-38.5
31,4221,74,28.1904761904762
31,4222,6,-9.65957446808511
31,4223,-27,-3.26305220883534
31,4224,58,-3.26305220883534
31,4225,172,91.2727272727273
31,4226,404,302.666666666667
31,4227,-14,-229.911764705882
31,4228,-353,-158.854961832061
31,4229,-93,-146.844444444444
31,4230,-120,1.89130434782609
31,4231,-89,-42.6073825503356
31,4232,-77,-42.6073825503356
31,4233,-53,-42.6073825503356
31,4234,-56,-42.6073825503356
31,4235,-35,-42.6073825503356
31,4236,5,-25.4947368421053
31,4237,-5,-3.26305220883534
31,4238,30,-3.26305220883534
31,4239,96,72.2905982905983
31,4240,291,192.926406926407
31,4241,357,192.926406926407
31,4242,-401,-289.052631578947
31,4243,-124,-144.417721518987
31,4244,44,-38.5
31,4245,164,72.2905982905983
31,4246,-44,-9.65957446808511
31,4247,-24,-158.854961832061
31,4248,70,-3.26305220883534
31,4249,164,91.2727272727273
31,4250,266,302.666666666667
31,4251,-139,-229.911764705882
31,4252,-261,-158.854961832061
31,4253,-128,-146.844444444444
31,4254,-105,1.89130434782609
31,4255,-3,-42.6073825503356
31,4256,-93,-25.4947368421053
31,4257,20,-42.6073825503356
31,4258,-50,28.1904761904762
31,4259,-66,-42.6073825503356
31,4260,-19,-42.6073825503356
31,4261,-45,-25.4947368421053
31,4262,-1,-42.6073825503356
31,4263,20,-3.26305220883534
31,4264,54,72.2905982905983
31,4265,122,144.252631578947
31,4266,189,192.926406926407
31,4267,144,-229.911764705882
31,4268,108,-144.417721518987
31,4269,96,-101.714285714286
31,4270,-33,33.0833333333333
31,4271,-134,-3.26305220883534
31,4272,44,-42.6073825503356
31,4273,39,-15.8888888888889
31,4274,-49,-15.8888888888889
31,4275,-115,-42.6073825503356
31,4276,-154,-42.6073825503356
31,4277,-94,-42.6073825503356
31,4278,-32,-42.6073825503356
31,4279,-30,-25.4947368421053
31,4280,-6,-3.26305220883534
31,4281,-52,-3.26305220883534
31,4282,-18,-42.6073825503356
31,4283,-35,-25.4947368421053
31,4284,-52,-3.26305220883534
31,4285,-11,-42.6073825503356
31,4286,-1,-25.4947368421053
31,4287,13,-3.26305220883534
31,4288,12,72.2905982905983
31,4289,27,72.2905982905983
31,4290,24,72.2905982905983
31,4291,99,72.2905982905983
31,4292,151,91.2727272727273
31,4293,56,145.409090909091
31,4294,-72,-101.714285714286
31,4295,-6,-42.6073825503356
31,4296,-8,-25.4947368421053
31,4297,27,-3.26305220883534
31,4298,-176,-15.8888888888889
31,4299,-51,-42.6073825503356
31,4300,8,1.89130434782609
31,4301,2,-25.4947368421053
31,4302,-3,-3.26305220883534
31,4303,-34,-3.26305220883534
31,4304,1,-3.26305220883534
31,4305,-29,-3.26305220883534
31,4306,-14,-3.26305220883534
31,4307,-22,-3.26305220883534
31,4308,-5,-3.26305220883534
31,4309,-3,-3.26305220883534
31,4310,12,-3.26305220883534
31,4311,40,72.2905982905983
31,4312,95,28.1904761904762
31,4313,243,166.753333333333
31,4314,-65,-32.6153846153846
31,4315,-34,-144.417721518987
31,4316,10,-25.4947368421053
31,4317,33,-3.26305220883534
31,4318,64,-15.8888888888889
31,4319,15,-9.65957446808511
31,4320,-50,-15.8888888888889
31,4321,7,-42.6073825503356
31,4322,120,-25.4947368421053
31,4323,-41,-9.65957446808511
31,4324,-85,-23.2962962962963
31,4325,-144,-42.6073825503356
31,4326,-76,-42.6073825503356
31,4327,-44,-42.6073825503356
31,4328,-38,-42.6073825503356
31,4329,-38,-42.6073825503356
31,4330,-18,-42.6073825503356
31,4331,-6,-3.26305220883534
31,4332,-4,-3.26305220883534
31,4333,4,-3.26305220883534
31,4334,12,-3.26305220883534
31,4335,124,72.2905982905983
31,4336,219,192.926406926407
31,4337,351,-96.35
31,4338,-331,-289.052631578947
31,4339,-218,-144.417721518987
31,4340,29,-38.5
31,4341,67,28.1904761904762
31,4342,-22,-9.65957446808511
32,1,-2,-3.67039106145251
32,2,-9,-3.67039106145251
32,3,12,-3.67039106145251
32,4,-4,30.7529411764706
32,5,0,-3.67039106145251
32,6,-24,-3.67039106145251
32,7,2,-3.67039106145251
32,8,4,-3.67039106145251
32,9,-11,-3.67039106145251
32,10,-4,-3.67039106145251
32,11,2,-3.67039106145251
32,12,-3,-3.67039106145251
32,13,2,-3.67039106145251
32,14,11,-3.67039106145251
32,15,31,30.7529411764706
32,16,162,30.7529411764706
32,17,275,192.798850574713
32,18,-210,-301.928571428571
32,19,-172,-127.69387755102
32,20,1,35.9090909090909
32,21,28,-29.6822429906542
32,22,-22,30.7529411764706
32,23,7,-3.67039106145251
32,24,-2,-3.67039106145251
32,25,-9,121.963414634146
32,26,129,-3.67039106145251
32,27,147,-8.88059701492537
32,28,-81,-40.1034482758621
32,29,-95,-231.160714285714
32,30,-51,-45.4230769230769
32,31,-63,-45.4230769230769
32,32,-30,-45.4230769230769
32,33,-46,-29.6822429906542
32,34,-6,-4.39655172413793
32,35,-4,-29.6822429906542
32,36,-1,-3.67039106145251
32,37,1,-3.67039106145251
32,38,19,-3.67039106145251
32,39,98,79.462962962963
32,40,270,192.798850574713
32,41,221,192.798850574713
32,42,-303,-231.160714285714
32,43,-146,-127.69387755102
32,44,22,-104
32,45,40,30.7529411764706
32,46,0,-18.3552631578947
32,47,-8,-3.67039106145251
32,48,20,-3.67039106145251
32,49,126,121.963414634146
32,50,329,247.020689655172
32,51,-59,-72.4285714285714
32,52,-150,-173.264462809917
32,53,-197,-138.388888888889
32,54,-59,-104
32,55,-69,13.2307692307692
32,56,-84,-45.4230769230769
32,57,-37,-45.4230769230769
32,58,-11,-4.39655172413793
32,59,-18,-3.67039106145251
32,60,-4,4.6
32,61,3,-3.67039106145251
32,62,18,-3.67039106145251
32,63,82,79.462962962963
32,64,283,192.798850574713
32,65,265,192.798850574713
32,66,-333,-231.160714285714
32,67,-139,-127.69387755102
32,68,37,35.9090909090909
32,69,50,30.7529411764706
32,70,-41,-8.88059701492537
32,71,-5,-45.4230769230769
32,72,6,-3.67039106145251
32,73,147,121.963414634146
32,74,356,247.020689655172
32,75,-23,-72.4285714285714
32,76,-166,-173.264462809917
32,77,-163,-138.388888888889
32,78,-141,-104
32,79,-47,-45.4230769230769
32,80,-88,-45.4230769230769
32,81,-61,-45.4230769230769
32,82,-20,-4.39655172413793
32,83,-10,-29.6822429906542
32,84,-7,-3.67039106145251
32,85,-3,-3.67039106145251
32,86,14,-3.67039106145251
32,87,110,79.462962962963
32,88,98,192.798850574713
32,89,137,192.798850574713
32,90,-161,-33.6
32,91,-62,-40.1034482758621
32,92,12,-45.4230769230769
32,93,53,30.7529411764706
32,94,-7,-8.88059701492537
32,95,-28,-3.67039106145251
32,96,35,-3.67039106145251
32,97,114,30.7529411764706
32,98,296,192.798850574713
32,99,50,-101.909090909091
32,100,-200,-173.264462809917
32,101,-127,-138.388888888889
32,102,-87,-104
32,103,-67,-45.4230769230769
32,104,-71,-45.4230769230769
32,105,-39,-45.4230769230769
32,106,-38,-4.39655172413793
32,107,-13,-4.39655172413793
32,108,-19,-3.67039106145251
32,109,3,-3.67039106145251
32,110,13,-3.67039106145251
32,111,101,79.462962962963
32,112,195,192.798850574713
32,113,277,192.798850574713
32,114,-258,-301.928571428571
32,115,-98,-127.69387755102
32,116,-3,35.9090909090909
32,117,74,-29.6822429906542
32,118,-1,-8.88059701492537
32,119,-6,-3.67039106145251
32,120,24,-3.67039106145251
32,121,116,121.963414634146
32,122,262,298.538461538462
32,123,-48,-159.642857142857
32,124,-213,-173.264462809917
32,125,-152,-138.388888888889
32,126,-81,-104
32,127,-50,-45.4230769230769
32,128,-42,-45.4230769230769
32,129,-13,-45.4230769230769
32,130,-36,-3.67039106145251
32,131,-10,-4.39655172413793
32,132,-31,-3.67039106145251
32,133,-24,-3.67039106145251
32,134,3,-3.67039106145251
32,135,23,-3.67039106145251
32,136,27,79.462962962963
32,137,103,79.462962962963
32,138,56,192.798850574713
32,139,77,89.7777777777778
32,140,67,89.7777777777778
32,141,23,-16.2333333333333
32,142,8,30.7529411764706
32,143,51,-3.67039106145251
32,144,-32,-8.88059701492537
32,145,-32,-3.67039106145251
32,146,-54,-3.67039106145251
32,147,-232,-45.4230769230769
32,148,49,-45.4230769230769
32,149,-37,-8.88059701492537
32,150,-18,-45.4230769230769
32,151,-1,-3.67039106145251
32,152,-41,-3.67039106145251
32,153,-6,-4.39655172413793
32,154,6,4.6
32,155,-2,-3.67039106145251
32,156,-24,-3.67039106145251
32,157,-12,-3.67039106145251
32,158,2,-3.67039106145251
32,159,1,-3.67039106145251
32,160,20,-3.67039106145251
32,161,80,30.7529411764706
32,162,78,141.714285714286
32,163,195,192.798850574713
32,164,31,-33.6
32,165,173,-127.69387755102
32,166,11,-101.909090909091
32,167,58,-127.69387755102
32,168,-50,-16.2333333333333
32,169,-16,-45.4230769230769
32,170,-65,-29.6822429906542
32,171,-35,-45.4230769230769
32,172,-112,-29.6822429906542
32,173,-132,-45.4230769230769
32,174,-39,-146.6
32,175,-96,-45.4230769230769
32,176,-26,-45.4230769230769
32,177,-34,-29.6822429906542
32,178,-24,-3.67039106145251
32,179,-16,-3.67039106145251
32,180,-4,-3.67039106145251
32,181,-2,-3.67039106145251
32,182,18,-3.67039106145251
32,183,103,79.462962962963
32,184,226,192.798850574713
32,185,247,192.798850574713
32,186,-328,-231.160714285714
32,187,-111,-127.69387755102
32,188,6,35.9090909090909
32,189,62,-29.6822429906542
32,190,22,-8.88059701492537
32,191,-29,-18.3552631578947
32,192,13,-3.67039106145251
32,193,116,121.963414634146
32,194,336,247.020689655172
32,195,-19,-40.1034482758621
32,196,-193,-173.264462809917
32,197,-162,-138.388888888889
32,198,-88,-104
32,199,-87,-45.4230769230769
32,200,-74,-45.4230769230769
32,201,-25,-45.4230769230769
32,202,-14,-29.6822429906542
32,203,-13,4.6
32,204,-5,-3.67039106145251
32,205,5,-3.67039106145251
32,206,9,-3.67039106145251
32,207,9,-3.67039106145251
32,208,143,-3.67039106145251
32,209,388,145.96875
32,210,-208,-301.928571428571
32,211,-175,-184.571428571429
32,212,55,35.9090909090909
32,213,40,-8.88059701492537
32,214,-20,30.7529411764706
32,215,-45,-3.67039106145251
32,216,30,-4.39655172413793
32,217,120,121.963414634146
32,218,327,298.538461538462
32,219,62,-72.4285714285714
32,220,-256,-173.264462809917
32,221,-152,-138.388888888889
32,222,-53,-104
32,223,-71,-45.4230769230769
32,224,-116,-45.4230769230769
32,225,-48,-45.4230769230769
32,226,-32,-4.39655172413793
32,227,1,4.6
32,228,-10,-3.67039106145251
32,229,-2,-3.67039106145251
32,230,29,-3.67039106145251
32,231,87,79.462962962963
32,232,238,192.798850574713
32,233,308,192.798850574713
32,234,-351,-301.928571428571
32,235,-140,-127.69387755102
32,236,9,35.9090909090909
32,237,61,-29.6822429906542
32,238,-17,-8.88059701492537
32,239,12,-3.67039106145251
32,240,16,-18.3552631578947
32,241,111,121.963414634146
32,242,362,298.538461538462
32,243,84,-8.88059701492537
32,244,-309,-184.571428571429
32,245,-166,-138.388888888889
32,246,-99,-104
32,247,-66,-45.4230769230769
32,248,-75,-45.4230769230769
32,249,-8,-45.4230769230769
32,250,-66,-29.6822429906542
32,251,-7,-4.39655172413793
32,252,-11,-29.6822429906542
32,253,-4,-3.67039106145251
32,254,19,-3.67039106145251
32,255,115,79.462962962963
32,256,248,192.798850574713
32,257,243,192.798850574713
32,258,-323,-231.160714285714
32,259,-136,-127.69387755102
32,260,33,35.9090909090909
32,261,100,30.7529411764706
32,262,-36,-8.88059701492537
32,263,-61,-45.4230769230769
32,264,79,-4.39655172413793
32,265,87,89.7777777777778
32,266,334,247.020689655172
32,267,2,-101.909090909091
32,268,-184,-173.264462809917
32,269,-102,-138.388888888889
32,270,-121,-104
32,271,-53,-45.4230769230769
32,272,-125,-45.4230769230769
32,273,-32,-45.4230769230769
32,274,-41,-29.6822429906542
32,275,-37,-4.39655172413793
32,276,3,-4.39655172413793
32,277,-10,-3.67039106145251
32,278,20,-3.67039106145251
32,279,111,79.462962962963
32,280,221,192.798850574713
32,281,262,192.798850574713
32,282,-324,-87.8
32,283,-95,-127.69387755102
32,284,59,35.9090909090909
32,285,-87,-8.88059701492537
32,286,107,-45.4230769230769
32,287,-36,-101.909090909091
32,288,101,-4.39655172413793
32,289,97,192.798850574713
32,290,203,247.020689655172
32,291,-2,-101.909090909091
32,292,-189,-87.8
32,293,-139,-45.4230769230769
32,294,-78,-45.4230769230769
32,295,-3,-45.4230769230769
32,296,24,-29.6822429906542
32,297,-103,-18.3552631578947
32,298,-46,-4.39655172413793
32,299,-32,-4.39655172413793
32,300,-43,-29.6822429906542
32,301,-23,-45.4230769230769
32,302,13,-3.67039106145251
32,303,20,30.7529411764706
32,304,45,30.7529411764706
32,305,110,79.462962962963
32,306,87,89.7777777777778
32,307,148,89.7777777777778
32,308,143,-33.6
32,309,-25,-40.1034482758621
32,310,-26,-40.1034482758621
32,311,-96,-3.67039106145251
32,312,113,-45.4230769230769
32,313,-1,-8.88059701492537
32,314,-38,-3.67039106145251
32,315,-68,-45.4230769230769
32,316,-29,-146.6
32,317,-96,-29.6822429906542
32,318,-40,-45.4230769230769
32,319,-52,-45.4230769230769
32,320,-68,-45.4230769230769
32,321,-15,-45.4230769230769
32,322,-13,-29.6822429906542
32,323,-28,-3.67039106145251
32,324,-65,-3.67039106145251
32,325,-12,-45.4230769230769
32,326,-5,-29.6822429906542
32,327,6,-3.67039106145251
32,328,19,-3.67039106145251
32,329,78,79.462962962963
32,330,77,192.798850574713
32,331,142,145.96875
32,332,81,-33.6
32,333,144,-40.1034482758621
32,334,7,-101.909090909091
32,335,-47,-40.1034482758621
32,336,53,-45.4230769230769
32,337,-27,-8.88059701492537
32,338,-33,-3.67039106145251
32,339,-48,-3.67039106145251
32,340,-80,-146.6
32,341,-107,-45.4230769230769
32,342,-73,-146.6
32,343,-46,-45.4230769230769
32,344,-55,-45.4230769230769
32,345,-68,-45.4230769230769
32,346,-25,-4.39655172413793
32,347,-3,-29.6822429906542
32,348,-1,-3.67039106145251
32,349,-3,-3.67039106145251
32,350,21,-3.67039106145251
32,351,119,79.462962962963
32,352,243,192.798850574713
32,353,254,-159.642857142857
32,354,-289,-231.160714285714
32,355,-160,-127.69387755102
32,356,23,35.9090909090909
32,357,50,30.7529411764706
32,358,9,-8.88059701492537
32,359,-33,-3.67039106145251
32,360,23,-3.67039106145251
32,361,126,121.963414634146
32,362,381,247.020689655172
32,363,-89,-40.1034482758621
32,364,-134,-173.264462809917
32,365,-223,-138.388888888889
32,366,-76,-104
32,367,-74,13.2307692307692
32,368,-60,-45.4230769230769
32,369,-75,-4.39655172413793
32,370,-29,-4.39655172413793
32,371,7,-29.6822429906542
32,372,-10,4.6
32,373,-1,-3.67039106145251
32,374,15,-3.67039106145251
32,375,145,79.462962962963
32,376,298,192.798850574713
32,377,178,-301.928571428571
32,378,-346,-231.160714285714
32,379,-138,-127.69387755102
32,380,60,-104
32,381,46,-8.88059701492537
32,382,-44,-8.88059701492537
32,383,-148,-45.4230769230769
32,384,63,-4.39655172413793
32,385,255,89.7777777777778
32,386,328,247.020689655172
32,387,-7,-173.264462809917
32,388,-252,-173.264462809917
32,389,-156,-138.388888888889
32,390,-79,-104
32,391,-76,-45.4230769230769
32,392,-84,-45.4230769230769
32,393,-28,-45.4230769230769
32,394,-21,-29.6822429906542
32,395,-13,4.6
32,396,1,-3.67039106145251
32,397,3,-3.67039106145251
32,398,23,-3.67039106145251
32,399,98,79.462962962963
32,400,292,192.798850574713
32,401,204,192.798850574713
32,402,-297,-231.160714285714
32,403,-172,-127.69387755102
32,404,48,-104
32,405,79,-8.88059701492537
32,406,-14,-8.88059701492537
32,407,-23,-3.67039106145251
32,408,16,-3.67039106145251
32,409,98,121.963414634146
32,410,348,247.020689655172
32,411,-333,-8.88059701492537
32,412,-274,-173.264462809917
32,413,-47,35.9090909090909
32,414,-17,-104
32,415,33,-29.6822429906542
32,416,-12,-18.3552631578947
32,417,-22,-3.67039106145251
32,418,-22,4.6
32,419,-8,121.963414634146
32,420,0,-3.67039106145251
32,421,-1,-3.67039106145251
32,422,22,-3.67039106145251
32,423,115,30.7529411764706
32,424,262,192.798850574713
32,425,229,192.798850574713
32,426,-269,-231.160714285714
32,427,-207,-127.69387755102
32,428,102,-104
32,429,16,-8.88059701492537
32,430,46,-18.3552631578947
32,431,-71,-16.2333333333333
32,432,24,-4.39655172413793
32,433,150,121.963414634146
32,434,311,247.020689655172
32,435,38,-40.1034482758621
32,436,-217,-173.264462809917
32,437,-179,-138.388888888889
32,438,-144,-104
32,439,2,-45.4230769230769
32,440,-97,-29.6822429906542
32,441,-71,-45.4230769230769
32,442,-18,-4.39655172413793
32,443,-15,121.963414634146
32,444,-18,-3.67039106145251
32,445,-4,-3.67039106145251
32,446,17,-3.67039106145251
32,447,109,30.7529411764706
32,448,216,192.798850574713
32,449,269,192.798850574713
32,450,-298,-301.928571428571
32,451,-112,-127.69387755102
32,452,81,35.9090909090909
32,453,57,-8.88059701492537
32,454,15,-8.88059701492537
32,455,-29,-18.3552631578947
32,456,105,-3.67039106145251
32,457,86,89.7777777777778
32,458,254,247.020689655172
32,459,-183,-101.909090909091
32,460,-93,-173.264462809917
32,461,-162,35.9090909090909
32,462,-71,-45.4230769230769
32,463,-36,-45.4230769230769
32,464,-54,-45.4230769230769
32,465,-44,-4.39655172413793
32,466,-43,-4.39655172413793
32,467,-37,-4.39655172413793
32,468,-22,-4.39655172413793
32,469,-25,-3.67039106145251
32,470,4,-3.67039106145251
32,471,20,-3.67039106145251
32,472,34,79.462962962963
32,473,111,79.462962962963
32,474,157,145.96875
32,475,76,-33.6
32,476,111,-127.69387755102
32,477,37,-101.909090909091
32,478,100,30.7529411764706
32,479,-44,-16.2333333333333
32,480,-25,-45.4230769230769
32,481,1,-3.67039106145251
32,482,-15,-3.67039106145251
32,483,-30,-3.67039106145251
32,484,-107,-3.67039106145251
32,485,-152,-45.4230769230769
32,486,-57,-45.4230769230769
32,487,44,-45.4230769230769
32,488,-98,79.462962962963
32,489,-78,-45.4230769230769
32,490,-4,-4.39655172413793
32,491,-12,-29.6822429906542
32,492,-54,-3.67039106145251
32,493,-19,-45.4230769230769
32,494,3,-29.6822429906542
32,495,9,-3.67039106145251
32,496,39,-3.67039106145251
32,497,96,79.462962962963
32,498,66,192.798850574713
32,499,128,89.7777777777778
32,500,78,-33.6
32,501,103,-40.1034482758621
32,502,71,-16.2333333333333
32,503,-50,-16.2333333333333
32,504,-53,-45.4230769230769
32,505,65,-45.4230769230769
32,506,-86,-8.88059701492537
32,507,-89,-45.4230769230769
32,508,-50,-146.6
32,509,-109,-45.4230769230769
32,510,-61,-45.4230769230769
32,511,-38,-45.4230769230769
32,512,-57,-4.39655172413793
32,513,-39,-4.39655172413793
32,514,-24,-45.4230769230769
32,515,-9,-3.67039106145251
32,516,0,-3.67039106145251
32,517,4,-3.67039106145251
32,518,20,-3.67039106145251
32,519,39,79.462962962963
32,520,10,79.462962962963
32,521,81,79.462962962963
32,522,-46,89.7777777777778
32,523,-51,-45.4230769230769
32,524,20,-45.4230769230769
32,525,106,30.7529411764706
32,526,-9,-8.88059701492537
32,527,-5,-3.67039106145251
32,528,25,-3.67039106145251
32,529,-85,30.7529411764706
32,530,118,-45.4230769230769
32,531,71,-8.88059701492537
32,532,4,-72.4285714285714
32,533,-115,-3.67039106145251
32,534,-37,-45.4230769230769
32,535,-23,-4.39655172413793
32,536,-54,-3.67039106145251
32,537,-43,-45.4230769230769
32,538,-13,-45.4230769230769
32,539,-15,-3.67039106145251
32,540,2,-3.67039106145251
32,541,-1,-3.67039106145251
32,542,3,-3.67039106145251
32,543,16,-3.67039106145251
32,544,68,79.462962962963
32,545,317,147.133333333333
32,546,-54,192.798850574713
32,547,-184,-231.160714285714
32,548,53,-138.388888888889
32,549,40,-8.88059701492537
32,550,-25,30.7529411764706
32,551,-55,-3.67039106145251
32,552,72,-45.4230769230769
32,553,118,89.7777777777778
32,554,304,192.798850574713
32,555,55,-72.4285714285714
32,556,-221,-173.264462809917
32,557,-249,-138.388888888889
32,558,-154,-104
32,559,-26,13.2307692307692
32,560,-12,-29.6822429906542
32,561,-32,-3.67039106145251
32,562,-18,-3.67039106145251
32,563,-2,4.6
32,564,-13,121.963414634146
32,565,-2,-3.67039106145251
32,566,34,-3.67039106145251
32,567,120,79.462962962963
32,568,282,192.798850574713
32,569,210,-301.928571428571
32,570,-303,-231.160714285714
32,571,-155,-127.69387755102
32,572,75,-104
32,573,63,-8.88059701492537
32,574,20,-8.88059701492537
32,575,-87,-18.3552631578947
32,576,11,-4.39655172413793
32,577,172,121.963414634146
32,578,427,247.020689655172
32,579,-27,-184.571428571429
32,580,-256,-173.264462809917
32,581,-131,-138.388888888889
32,582,-66,-104
32,583,-107,-45.4230769230769
32,584,-153,-45.4230769230769
32,585,-54,-45.4230769230769
32,586,-51,-4.39655172413793
32,587,-12,-4.39655172413793
32,588,-13,-29.6822429906542
32,589,13,-3.67039106145251
32,590,19,79.462962962963
32,591,124,79.462962962963
32,592,315,192.798850574713
32,593,160,-301.928571428571
32,594,-288,-184.571428571429
32,595,-141,-127.69387755102
32,596,74,-104
32,597,69,-8.88059701492537
32,598,-21,-8.88059701492537
32,599,-57,-3.67039106145251
32,600,46,-4.39655172413793
32,601,114,89.7777777777778
32,602,422,247.020689655172
32,603,16,-101.909090909091
32,604,-331,-173.264462809917
32,605,-91,-138.388888888889
32,606,-147,-104
32,607,-48,-45.4230769230769
32,608,-85,-45.4230769230769
32,609,-96,-45.4230769230769
32,610,-21,-4.39655172413793
32,611,-28,4.6
32,612,-7,-3.67039106145251
32,613,-3,-3.67039106145251
32,614,23,-3.67039106145251
32,615,148,79.462962962963
32,616,333,192.798850574713
32,617,230,-301.928571428571
32,618,-384,-87.8
32,619,-106,-127.69387755102
32,620,79,35.9090909090909
32,621,26,-8.88059701492537
32,622,35,-18.3552631578947
32,623,-45,-18.3552631578947
32,624,41,-4.39655172413793
32,625,177,121.963414634146
32,626,244,247.020689655172
32,627,-143,-184.571428571429
32,628,-186,-173.264462809917
32,629,-146,-138.388888888889
32,630,-79,-45.4230769230769
32,631,-7,-45.4230769230769
32,632,-77,-29.6822429906542
32,633,-26,-4.39655172413793
32,634,-44,-29.6822429906542
32,635,-35,-4.39655172413793
32,636,-36,-3.67039106145251
32,637,-19,-45.4230769230769
32,638,-2,-3.67039106145251
32,639,38,-3.67039106145251
32,640,45,79.462962962963
32,641,100,79.462962962963
32,642,97,192.798850574713
32,643,160,89.7777777777778
32,644,134,-33.6
32,645,56,-127.69387755102
32,646,62,-40.1034482758621
32,647,26,-16.2333333333333
32,648,-58,-18.3552631578947
32,649,-30,-45.4230769230769
32,650,-16,-29.6822429906542
32,651,19,-3.67039106145251
32,652,-213,-18.3552631578947
32,653,-117,-146.6
32,654,-56,13.2307692307692
32,655,79,-45.4230769230769
32,656,-99,192.798850574713
32,657,-69,-45.4230769230769
32,658,-40,-4.39655172413793
32,659,-32,-4.39655172413793
32,660,-32,-3.67039106145251
32,661,-50,-3.67039106145251
32,662,-8,-4.39655172413793
32,663,17,-29.6822429906542
32,664,65,79.462962962963
32,665,81,147.133333333333
32,666,142,192.798850574713
32,667,119,-33.6
32,668,149,-40.1034482758621
32,669,56,-40.1034482758621
32,670,-30,-40.1034482758621
32,671,-64,-3.67039106145251
32,672,-41,-45.4230769230769
32,673,75,-45.4230769230769
32,674,-28,-8.88059701492537
32,675,-75,-3.67039106145251
32,676,-72,-146.6
32,677,-128,-146.6
32,678,-41,-45.4230769230769
32,679,-88,-45.4230769230769
32,680,-59,-45.4230769230769
32,681,-46,-4.39655172413793
32,682,-25,-4.39655172413793
32,683,-4,-29.6822429906542
32,684,-9,-3.67039106145251
32,685,5,-3.67039106145251
32,686,8,-3.67039106145251
32,687,64,-3.67039106145251
32,688,74,147.133333333333
32,689,117,145.96875
32,690,-84,89.7777777777778
32,691,-87,-40.1034482758621
32,692,7,-45.4230769230769
32,693,64,-29.6822429906542
32,694,14,-8.88059701492537
32,695,-4,-18.3552631578947
32,696,45,-3.67039106145251
32,697,90,30.7529411764706
32,698,193,89.7777777777778
32,699,22,-101.909090909091
32,700,-82,-173.264462809917
32,701,-112,-45.4230769230769
32,702,-95,-45.4230769230769
32,703,-99,-45.4230769230769
32,704,-45,-45.4230769230769
32,705,-61,-45.4230769230769
32,706,-9,-4.39655172413793
32,707,-16,-29.6822429906542
32,708,-6,-3.67039106145251
32,709,2,-3.67039106145251
32,710,10,-3.67039106145251
32,711,120,79.462962962963
32,712,187,192.798850574713
32,713,266,-159.642857142857
32,714,-257,-231.160714285714
32,715,-133,-127.69387755102
32,716,-11,35.9090909090909
32,717,65,-29.6822429906542
32,718,-11,-8.88059701492537
32,719,-21,-3.67039106145251
32,720,23,-3.67039106145251
32,721,141,121.963414634146
32,722,399,247.020689655172
32,723,0,-301.928571428571
32,724,-421,-173.264462809917
32,725,9,-138.388888888889
32,726,-112,-29.6822429906542
32,727,-87,-45.4230769230769
32,728,-69,-45.4230769230769
32,729,-58,-45.4230769230769
32,730,-15,-4.39655172413793
32,731,-20,4.6
32,732,-7,-3.67039106145251
32,733,-2,-3.67039106145251
32,734,32,-3.67039106145251
32,735,125,79.462962962963
32,736,308,192.798850574713
32,737,251,-301.928571428571
32,738,-422,-231.160714285714
32,739,-106,-127.69387755102
32,740,6,35.9090909090909
32,741,51,-29.6822429906542
32,742,22,-8.88059701492537
32,743,-22,-18.3552631578947
32,744,9,-3.67039106145251
32,745,21,121.963414634146
32,746,7,185.272727272727
32,747,42,-3.67039106145251
32,748,49,-18.3552631578947
32,749,-81,141.714285714286
32,750,-50,-45.4230769230769
32,751,-86,-45.4230769230769
32,752,-53,-45.4230769230769
32,753,-50,-45.4230769230769
32,754,-26,-45.4230769230769
32,755,-14,-29.6822429906542
32,756,-12,-3.67039106145251
32,757,1,-3.67039106145251
32,758,25,-3.67039106145251
32,759,126,79.462962962963
32,760,259,192.798850574713
32,761,277,-87.8
32,762,-391,-301.928571428571
32,763,-116,-127.69387755102
32,764,36,35.9090909090909
32,765,68,30.7529411764706
32,766,13,-8.88059701492537
32,767,-50,-18.3552631578947
32,768,39,-4.39655172413793
32,769,99,121.963414634146
32,770,408,298.538461538462
32,771,-46,-101.909090909091
32,772,-260,-173.264462809917
32,773,-94,-138.388888888889
32,774,-113,-104
32,775,-42,-45.4230769230769
32,776,-76,-45.4230769230769
32,777,-94,-45.4230769230769
32,778,-31,-4.39655172413793
32,779,-19,4.6
32,780,-9,-3.67039106145251
32,781,-5,-3.67039106145251
32,782,21,-3.67039106145251
32,783,83,79.462962962963
32,784,246,192.798850574713
32,785,224,192.798850574713
32,786,-243,-231.160714285714
32,787,-108,-127.69387755102
32,788,51,13.2307692307692
32,789,38,-8.88059701492537
32,790,12,-18.3552631578947
32,791,34,-18.3552631578947
32,792,99,-18.3552631578947
32,793,118,89.7777777777778
32,794,69,247.020689655172
32,795,-131,-40.1034482758621
32,796,-118,-45.4230769230769
32,797,-54,-45.4230769230769
32,798,-95,-45.4230769230769
32,799,-43,-45.4230769230769
32,800,-46,-45.4230769230769
32,801,-50,-4.39655172413793
32,802,-34,-4.39655172413793
32,803,-18,-29.6822429906542
32,804,-33,-3.67039106145251
32,805,-29,-3.67039106145251
32,806,8,-3.67039106145251
32,807,21,-3.67039106145251
32,808,23,79.462962962963
32,809,87,79.462962962963
32,810,148,89.7777777777778
32,811,148,-33.6
32,812,83,-40.1034482758621
32,813,9,-40.1034482758621
32,814,10,-3.67039106145251
32,815,25,30.7529411764706
32,816,-51,-18.3552631578947
32,817,-9,-45.4230769230769
32,818,-42,-29.6822429906542
32,819,-47,-146.6
32,820,-42,-146.6
32,821,-118,-45.4230769230769
32,822,-4,-45.4230769230769
32,823,-47,-29.6822429906542
32,824,-54,-45.4230769230769
32,825,-13,-45.4230769230769
32,826,-59,-29.6822429906542
32,827,-17,-4.39655172413793
32,828,-25,-29.6822429906542
32,829,-25,-3.67039106145251
32,830,-4,-3.67039106145251
32,831,15,-3.67039106145251
32,832,30,79.462962962963
32,833,99,79.462962962963
32,834,119,192.798850574713
32,835,154,89.7777777777778
32,836,95,-40.1034482758621
32,837,51,-40.1034482758621
32,838,-72,-16.2333333333333
32,839,49,-45.4230769230769
32,840,-12,-16.2333333333333
32,841,-34,-3.67039106145251
32,842,21,-3.67039106145251
32,843,-4,-18.3552631578947
32,844,-76,-3.67039106145251
32,845,-50,-45.4230769230769
32,846,-249,-45.4230769230769
32,847,-84,-45.4230769230769
32,848,37,13.2307692307692
32,849,-31,79.462962962963
32,850,-6,-3.67039106145251
32,851,-11,-3.67039106145251
32,852,-30,-3.67039106145251
32,853,-12,4.6
32,854,3,-3.67039106145251
32,855,11,-3.67039106145251
32,856,47,30.7529411764706
32,857,88,147.133333333333
32,858,108,192.798850574713
32,859,101,89.7777777777778
32,860,112,89.7777777777778
32,861,49,-101.909090909091
32,862,31,-16.2333333333333
32,863,-91,-18.3552631578947
32,864,-5,-45.4230769230769
32,865,41,-29.6822429906542
32,866,-96,-18.3552631578947
32,867,-22,-45.4230769230769
32,868,12,-29.6822429906542
32,869,-78,30.7529411764706
32,870,-70,-45.4230769230769
32,871,-90,-45.4230769230769
32,872,-75,-4.39655172413793
32,873,-37,-45.4230769230769
32,874,-31,-45.4230769230769
32,875,-6,-3.67039106145251
32,876,-5,-3.67039106145251
32,877,2,-3.67039106145251
32,878,28,-3.67039106145251
32,879,121,79.462962962963
32,880,296,192.798850574713
32,881,184,-301.928571428571
32,882,-377,-231.160714285714
32,883,-74,-127.69387755102
32,884,14,-104
32,885,40,30.7529411764706
32,886,2,-18.3552631578947
32,887,-1,-3.67039106145251
32,888,18,-3.67039106145251
32,889,137,121.963414634146
32,890,388,247.020689655172
32,891,-71,-72.4285714285714
32,892,-184,-173.264462809917
32,893,-322,-138.388888888889
32,894,-133,-104
32,895,-16,13.2307692307692
32,896,-5,-29.6822429906542
32,897,-14,-3.67039106145251
32,898,-32,-3.67039106145251
32,899,1,-3.67039106145251
32,900,0,121.963414634146
32,901,1,-3.67039106145251
32,902,35,-3.67039106145251
32,903,103,79.462962962963
32,904,339,192.798850574713
32,905,188,192.798850574713
32,906,-366,-231.160714285714
32,907,-128,-127.69387755102
32,908,31,-104
32,909,45,-18.3552631578947
32,910,36,-18.3552631578947
32,911,-37,-18.3552631578947
32,912,23,-4.39655172413793
32,913,123,121.963414634146
32,914,441,247.020689655172
32,915,-43,-40.1034482758621
32,916,-240,-173.264462809917
32,917,-125,-138.388888888889
32,918,-127,-104
32,919,-87,-45.4230769230769
32,920,-57,-45.4230769230769
32,921,-99,-45.4230769230769
32,922,-35,-4.39655172413793
32,923,-12,4.6
32,924,-6,-3.67039106145251
32,925,0,-3.67039106145251
32,926,25,-3.67039106145251
32,927,145,79.462962962963
32,928,329,192.798850574713
32,929,186,-301.928571428571
32,930,-382,-231.160714285714
32,931,-91,-127.69387755102
32,932,-2,-104
32,933,74,-29.6822429906542
32,934,1,-8.88059701492537
32,935,-39,-3.67039106145251
32,936,36,-4.39655172413793
32,937,197,121.963414634146
32,938,340,247.020689655172
32,939,-42,-301.928571428571
32,940,-194,-173.264462809917
32,941,-112,-138.388888888889
32,942,-120,-104
32,943,-95,-45.4230769230769
32,944,-124,-45.4230769230769
32,945,-54,-45.4230769230769
32,946,-52,-4.39655172413793
32,947,-18,-4.39655172413793
32,948,-12,-29.6822429906542
32,949,2,-3.67039106145251
32,950,39,-3.67039106145251
32,951,96,79.462962962963
32,952,261,192.798850574713
32,953,292,192.798850574713
32,954,-396,-301.928571428571
32,955,-94,-127.69387755102
32,956,31,35.9090909090909
32,957,75,-18.3552631578947
32,958,6,-8.88059701492537
32,959,-62,-3.67039106145251
32,960,4,-4.39655172413793
32,961,-36,121.963414634146
32,962,5,-146.6
32,963,-117,-3.67039106145251
32,964,-65,-45.4230769230769
32,965,-6,-45.4230769230769
32,966,46,-29.6822429906542
32,967,-62,141.714285714286
32,968,50,-45.4230769230769
32,969,13,-16.2333333333333
32,970,-10,30.7529411764706
32,971,-35,-3.67039106145251
32,972,-15,-3.67039106145251
32,973,-13,-3.67039106145251
32,974,-1,-3.67039106145251
32,975,24,-3.67039106145251
32,976,50,30.7529411764706
32,977,124,147.133333333333
32,978,122,192.798850574713
32,979,161,-159.642857142857
32,980,43,-40.1034482758621
32,981,132,-127.69387755102
32,982,11,-101.909090909091
32,983,-32,-40.1034482758621
32,984,55,-3.67039106145251
32,985,-58,-8.88059701492537
32,986,-58,-146.6
32,987,-74,-146.6
32,988,42,-146.6
32,989,-155,30.7529411764706
32,990,-83,-146.6
32,991,-88,-45.4230769230769
32,992,10,-45.4230769230769
32,993,-69,79.462962962963
32,994,-48,-45.4230769230769
32,995,-32,-4.39655172413793
32,996,-39,-29.6822429906542
32,997,-37,-4.39655172413793
32,998,-1,-45.4230769230769
32,999,10,-3.67039106145251
32,1000,13,30.7529411764706
32,1001,105,79.462962962963
32,1002,160,192.798850574713
32,1003,104,-33.6
32,1004,107,-184.571428571429
32,1005,173,-101.909090909091
32,1006,2,-101.909090909091
32,1007,-8,-127.69387755102
32,1008,-34,-3.67039106145251
32,1009,18,-3.67039106145251
32,1010,-84,-18.3552631578947
32,1011,-82,-146.6
32,1012,-43,-45.4230769230769
32,1013,-139,-45.4230769230769
32,1014,-68,-146.6
32,1015,-20,-45.4230769230769
32,1016,-118,-29.6822429906542
32,1017,-59,-4.39655172413793
32,1018,-35,-45.4230769230769
32,1019,-3,-29.6822429906542
32,1020,-6,-3.67039106145251
32,1021,3,-3.67039106145251
32,1022,27,-3.67039106145251
32,1023,104,79.462962962963
32,1024,378,192.798850574713
32,1025,148,192.798850574713
32,1026,-383,-231.160714285714
32,1027,-95,-40.1034482758621
32,1028,52,-104
32,1029,43,-8.88059701492537
32,1030,-8,-18.3552631578947
32,1031,-4,-3.67039106145251
32,1032,22,-3.67039106145251
32,1033,156,121.963414634146
32,1034,386,247.020689655172
32,1035,-12,-173.264462809917
32,1036,-177,-173.264462809917
32,1037,-184,-138.388888888889
32,1038,-196,-104
32,1039,-97,-45.4230769230769
32,1040,-82,13.2307692307692
32,1041,-52,-45.4230769230769
32,1042,-14,-4.39655172413793
32,1043,-12,-29.6822429906542
32,1044,-3,-3.67039106145251
32,1045,0,4.6
32,1046,31,-3.67039106145251
32,1047,148,79.462962962963
32,1048,385,192.798850574713
32,1049,141,-301.928571428571
32,1050,-375,-231.160714285714
32,1051,-159,-40.1034482758621
32,1052,51,-104
32,1053,20,-8.88059701492537
32,1054,20,-18.3552631578947
32,1055,9,-18.3552631578947
32,1056,-4,-3.67039106145251
32,1057,201,121.963414634146
32,1058,377,247.020689655172
32,1059,-60,-184.571428571429
32,1060,-277,-184.571428571429
32,1061,-98,-138.388888888889
32,1062,-132,-104
32,1063,-90,-45.4230769230769
32,1064,-80,-45.4230769230769
32,1065,-64,-45.4230769230769
32,1066,-22,-4.39655172413793
32,1067,-16,4.6
32,1068,-3,-3.67039106145251
32,1069,2,-3.67039106145251
32,1070,28,-3.67039106145251
32,1071,134,79.462962962963
32,1072,375,192.798850574713
32,1073,121,-301.928571428571
32,1074,-365,-231.160714285714
32,1075,-100,-40.1034482758621
32,1076,23,-104
32,1077,89,30.7529411764706
32,1078,-12,-8.88059701492537
32,1079,-1,-3.67039106145251
32,1080,-2,-3.67039106145251
32,1081,152,121.963414634146
32,1082,272,247.020689655172
32,1083,58,-173.264462809917
32,1084,-244,-173.264462809917
32,1085,-130,-138.388888888889
32,1086,-110,-104
32,1087,-50,-45.4230769230769
32,1088,-125,-45.4230769230769
32,1089,-64,-45.4230769230769
32,1090,-37,-4.39655172413793
32,1091,-10,-4.39655172413793
32,1092,-7,-3.67039106145251
32,1093,1,-3.67039106145251
32,1094,28,-3.67039106145251
32,1095,136,79.462962962963
32,1096,356,192.798850574713
32,1097,155,-301.928571428571
32,1098,-344,-231.160714285714
32,1099,-127,-40.1034482758621
32,1100,27,-104
32,1101,99,30.7529411764706
32,1102,-21,-8.88059701492537
32,1103,-50,-3.67039106145251
32,1104,68,-4.39655172413793
32,1105,133,89.7777777777778
32,1106,403,247.020689655172
32,1107,-56,-72.4285714285714
32,1108,-211,-173.264462809917
32,1109,-124,-138.388888888889
32,1110,-165,-104
32,1111,-85,-45.4230769230769
32,1112,-51,-45.4230769230769
32,1113,-100,-45.4230769230769
32,1114,-48,-4.39655172413793
32,1115,-10,-4.39655172413793
32,1116,-11,-29.6822429906542
32,1117,2,-3.67039106145251
32,1118,19,-3.67039106145251
32,1119,110,79.462962962963
32,1120,289,192.798850574713
32,1121,272,192.798850574713
32,1122,-318,-301.928571428571
32,1123,-133,-127.69387755102
32,1124,15,35.9090909090909
32,1125,105,30.7529411764706
32,1126,47,-8.88059701492537
32,1127,-43,-8.88059701492537
32,1128,24,-4.39655172413793
32,1129,126,121.963414634146
32,1130,270,298.538461538462
32,1131,-70,-40.1034482758621
32,1132,-168,-173.264462809917
32,1133,-147,-138.388888888889
32,1134,-69,-104
32,1135,-48,-45.4230769230769
32,1136,-76,-45.4230769230769
32,1137,-9,-4.39655172413793
32,1138,-83,-29.6822429906542
32,1139,-34,-4.39655172413793
32,1140,-49,-29.6822429906542
32,1141,-32,-45.4230769230769
32,1142,11,-29.6822429906542
32,1143,61,79.462962962963
32,1144,7,147.133333333333
32,1145,157,-3.67039106145251
32,1146,96,-33.6
32,1147,126,-127.69387755102
32,1148,103,145.96875
32,1149,-38,-40.1034482758621
32,1150,54,-45.4230769230769
32,1151,8,-16.2333333333333
32,1152,-38,-3.67039106145251
32,1153,-21,-45.4230769230769
32,1154,-39,-3.67039106145251
32,1155,-44,-45.4230769230769
32,1156,-91,-146.6
32,1157,3,-45.4230769230769
32,1158,-47,-29.6822429906542
32,1159,-102,-45.4230769230769
32,1160,16,-45.4230769230769
32,1161,-72,79.462962962963
32,1162,-42,-4.39655172413793
32,1163,-43,-45.4230769230769
32,1164,-44,-45.4230769230769
32,1165,-19,-4.39655172413793
32,1166,3,-3.67039106145251
32,1167,17,-3.67039106145251
32,1168,32,30.7529411764706
32,1169,119,79.462962962963
32,1170,85,192.798850574713
32,1171,147,-87.8
32,1172,86,-33.6
32,1173,3,-40.1034482758621
32,1174,-10,-3.67039106145251
32,1175,8,-3.67039106145251
32,1176,-25,-3.67039106145251
32,1177,33,-3.67039106145251
32,1178,13,-18.3552631578947
32,1179,-31,-18.3552631578947
32,1180,-115,-3.67039106145251
32,1181,-12,-45.4230769230769
32,1182,-110,-29.6822429906542
32,1183,-94,-45.4230769230769
32,1184,-49,-45.4230769230769
32,1185,-69,-45.4230769230769
32,1186,-17,-4.39655172413793
32,1187,-7,-29.6822429906542
32,1188,-11,-3.67039106145251
32,1189,1,-3.67039106145251
32,1190,30,-3.67039106145251
32,1191,107,79.462962962963
32,1192,359,192.798850574713
32,1193,148,192.798850574713
32,1194,-335,-231.160714285714
32,1195,-169,-40.1034482758621
32,1196,55,-104
32,1197,59,-8.88059701492537
32,1198,-13,-8.88059701492537
32,1199,11,-3.67039106145251
32,1200,0,-18.3552631578947
32,1201,168,121.963414634146
32,1202,373,247.020689655172
32,1203,31,-173.264462809917
32,1204,-235,-184.571428571429
32,1205,-202,-138.388888888889
32,1206,-144,-104
32,1207,-86,13.2307692307692
32,1208,-84,-45.4230769230769
32,1209,-52,-45.4230769230769
32,1210,-12,-4.39655172413793
32,1211,-10,4.6
32,1212,6,4.6
32,1213,-8,-3.67039106145251
32,1214,25,-3.67039106145251
32,1215,107,79.462962962963
32,1216,167,145.96875
32,1217,310,192.798850574713
32,1218,-328,-301.928571428571
32,1219,-160,-127.69387755102
32,1220,-60,35.9090909090909
32,1221,30,-104
32,1222,-36,-18.3552631578947
32,1223,1,-45.4230769230769
32,1224,56,-3.67039106145251
32,1225,123,89.7777777777778
32,1226,442,298.538461538462
32,1227,-28,-301.928571428571
32,1228,-162,-173.264462809917
32,1229,-105,-138.388888888889
32,1230,-112,-104
32,1231,-67,-45.4230769230769
32,1232,-118,-45.4230769230769
32,1233,-55,-45.4230769230769
32,1234,-6,-4.39655172413793
32,1235,-24,-29.6822429906542
32,1236,4,-3.67039106145251
32,1237,2,-3.67039106145251
32,1238,30,-3.67039106145251
32,1239,154,79.462962962963
32,1240,311,145.96875
32,1241,208,-301.928571428571
32,1242,-361,-231.160714285714
32,1243,-154,-127.69387755102
32,1244,48,-104
32,1245,88,-8.88059701492537
32,1246,-79,-8.88059701492537
32,1247,65,-45.4230769230769
32,1248,-39,-16.2333333333333
32,1249,111,-4.39655172413793
32,1250,465,247.020689655172
32,1251,-113,-8.88059701492537
32,1252,-73,-184.571428571429
32,1253,-223,-138.388888888889
32,1254,-52,-104
32,1255,-158,13.2307692307692
32,1256,-85,-45.4230769230769
32,1257,-105,-4.39655172413793
32,1258,-27,-4.39655172413793
32,1259,-12,-29.6822429906542
32,1260,-4,4.6
32,1261,1,-3.67039106145251
32,1262,34,-3.67039106145251
32,1263,141,79.462962962963
32,1264,325,192.798850574713
32,1265,213,-301.928571428571
32,1266,-362,-231.160714285714
32,1267,-178,-127.69387755102
32,1268,49,-104
32,1269,37,-8.88059701492537
32,1270,19,-18.3552631578947
32,1271,14,-18.3552631578947
32,1272,26,-18.3552631578947
32,1273,114,121.963414634146
32,1274,429,247.020689655172
32,1275,-44,-101.909090909091
32,1276,-244,-127.69387755102
32,1277,-144,-138.388888888889
32,1278,-98,-104
32,1279,-95,-45.4230769230769
32,1280,-70,-45.4230769230769
32,1281,-78,-45.4230769230769
32,1282,-43,-4.39655172413793
32,1283,-36,-4.39655172413793
32,1284,-10,-4.39655172413793
32,1285,9,-3.67039106145251
32,1286,19,-3.67039106145251
32,1287,118,79.462962962963
32,1288,279,192.798850574713
32,1289,223,-301.928571428571
32,1290,-287,-184.571428571429
32,1291,-150,-127.69387755102
32,1292,70,-104
32,1293,117,-8.88059701492537
32,1294,-10,-8.88059701492537
32,1295,-17,-72.4285714285714
32,1296,1,-3.67039106145251
32,1297,181,121.963414634146
32,1298,265,247.020689655172
32,1299,-130,-173.264462809917
32,1300,-226,-173.264462809917
32,1301,-82,-138.388888888889
32,1302,-52,-104
32,1303,-12,-45.4230769230769
32,1304,-99,-29.6822429906542
32,1305,-85,-4.39655172413793
32,1306,-42,-4.39655172413793
32,1307,-28,-4.39655172413793
32,1308,-40,-3.67039106145251
32,1309,-19,-45.4230769230769
32,1310,15,-3.67039106145251
32,1311,24,79.462962962963
32,1312,31,79.462962962963
32,1313,126,79.462962962963
32,1314,163,-33.6
32,1315,68,-40.1034482758621
32,1316,131,-127.69387755102
32,1317,37,-101.909090909091
32,1318,14,-40.1034482758621
32,1319,-44,30.7529411764706
32,1320,10,-45.4230769230769
32,1321,-41,-18.3552631578947
32,1322,51,-146.6
32,1323,-22,-8.88059701492537
32,1324,-110,-3.67039106145251
32,1325,-109,-146.6
32,1326,-62,-45.4230769230769
32,1327,-10,-45.4230769230769
32,1328,-97,-29.6822429906542
32,1329,-35,-45.4230769230769
32,1330,-60,-29.6822429906542
32,1331,-14,-4.39655172413793
32,1332,-46,-29.6822429906542
32,1333,-10,-45.4230769230769
32,1334,-1,-29.6822429906542
32,1335,6,-3.67039106145251
32,1336,25,-3.67039106145251
32,1337,71,79.462962962963
32,1338,155,192.798850574713
32,1339,162,145.96875
32,1340,110,-40.1034482758621
32,1341,69,-127.69387755102
32,1342,-1,-16.2333333333333
32,1343,-32,-3.67039106145251
32,1344,-119,-3.67039106145251
32,1345,117,-45.4230769230769
32,1346,13,-8.88059701492537
32,1347,-80,-72.4285714285714
32,1348,-123,-146.6
32,1349,-88,-45.4230769230769
32,1350,-56,-4.39655172413793
32,1351,-93,-45.4230769230769
32,1352,-45,-45.4230769230769
32,1353,-68,-4.39655172413793
32,1354,-26,-4.39655172413793
32,1355,-5,-29.6822429906542
32,1356,-5,-3.67039106145251
32,1357,5,-3.67039106145251
32,1358,14,-3.67039106145251
32,1359,14,79.462962962963
32,1360,108,79.462962962963
32,1361,329,145.96875
32,1362,-224,-33.6
32,1363,-159,-184.571428571429
32,1364,30,35.9090909090909
32,1365,47,30.7529411764706
32,1366,57,-8.88059701492537
32,1367,-6,-16.2333333333333
32,1368,18,-3.67039106145251
32,1369,95,121.963414634146
32,1370,391,298.538461538462
32,1371,-81,-8.88059701492537
32,1372,-179,-173.264462809917
32,1373,-101,-138.388888888889
32,1374,-89,-104
32,1375,-109,-45.4230769230769
32,1376,-90,-45.4230769230769
32,1377,-39,-4.39655172413793
32,1378,-21,-4.39655172413793
32,1379,1,-3.67039106145251
32,1380,-7,-3.67039106145251
32,1381,2,-3.67039106145251
32,1382,27,-3.67039106145251
32,1383,124,79.462962962963
32,1384,319,192.798850574713
32,1385,193,-301.928571428571
32,1386,-345,-231.160714285714
32,1387,-148,-127.69387755102
32,1388,50,-104
32,1389,62,-8.88059701492537
32,1390,-20,-8.88059701492537
32,1391,-45,-3.67039106145251
32,1392,32,-4.39655172413793
32,1393,75,121.963414634146
32,1394,477,247.020689655172
32,1395,-16,-101.909090909091
32,1396,-281,-173.264462809917
32,1397,-56,-138.388888888889
32,1398,-182,-104
32,1399,15,-45.4230769230769
32,1400,-166,-18.3552631578947
32,1401,-72,-45.4230769230769
32,1402,-26,-4.39655172413793
32,1403,-21,121.963414634146
32,1404,2,-3.67039106145251
32,1405,-1,-3.67039106145251
32,1406,32,-3.67039106145251
32,1407,126,30.7529411764706
32,1408,299,192.798850574713
32,1409,179,-301.928571428571
32,1410,-327,-231.160714285714
32,1411,-149,-127.69387755102
32,1412,21,-104
32,1413,-8,-18.3552631578947
32,1414,31,-3.67039106145251
32,1415,-21,-18.3552631578947
32,1416,-11,-3.67039106145251
32,1417,156,121.963414634146
32,1418,356,247.020689655172
32,1419,-19,-184.571428571429
32,1420,-133,-231.160714285714
32,1421,-132,-138.388888888889
32,1422,-63,-104
32,1423,-87,-45.4230769230769
32,1424,-134,-45.4230769230769
32,1425,-54,-45.4230769230769
32,1426,-51,-4.39655172413793
32,1427,0,-4.39655172413793
32,1428,-7,-29.6822429906542
32,1429,1,-3.67039106145251
32,1430,28,-3.67039106145251
32,1431,110,79.462962962963
32,1432,313,192.798850574713
32,1433,127,192.798850574713
32,1434,-334,-231.160714285714
32,1435,-106,-40.1034482758621
32,1436,11,-104
32,1437,54,30.7529411764706
32,1438,-43,-8.88059701492537
32,1439,4,-45.4230769230769
32,1440,18,-3.67039106145251
32,1441,126,121.963414634146
32,1442,295,247.020689655172
32,1443,25,-72.4285714285714
32,1444,-141,-173.264462809917
32,1445,-63,-138.388888888889
32,1446,-125,-104
32,1447,-68,-45.4230769230769
32,1448,-97,-45.4230769230769
32,1449,-53,-45.4230769230769
32,1450,-62,-4.39655172413793
32,1451,-19,-146.6
32,1452,-5,-29.6822429906542
32,1453,3,-3.67039106145251
32,1454,28,-3.67039106145251
32,1455,84,79.462962962963
32,1456,237,192.798850574713
32,1457,254,192.798850574713
32,1458,-280,-231.160714285714
32,1459,-148,-127.69387755102
32,1460,51,35.9090909090909
32,1461,18,-8.88059701492537
32,1462,46,-18.3552631578947
32,1463,-37,-16.2333333333333
32,1464,21,-4.39655172413793
32,1465,96,121.963414634146
32,1466,266,247.020689655172
32,1467,-141,-8.88059701492537
32,1468,-143,-173.264462809917
32,1469,-160,-138.388888888889
32,1470,15,-104
32,1471,-20,79.462962962963
32,1472,-23,-3.67039106145251
32,1473,-58,-3.67039106145251
32,1474,7,-4.39655172413793
32,1475,-30,-29.6822429906542
32,1476,-51,-3.67039106145251
32,1477,-23,-45.4230769230769
32,1478,-7,-29.6822429906542
32,1479,35,-3.67039106145251
32,1480,31,79.462962962963
32,1481,89,79.462962962963
32,1482,165,192.798850574713
32,1483,162,-33.6
32,1484,22,-127.69387755102
32,1485,86,-127.69387755102
32,1486,-38,-16.2333333333333
32,1487,45,-45.4230769230769
32,1488,-126,-18.3552631578947
32,1489,30,-45.4230769230769
32,1490,17,-18.3552631578947
32,1491,-49,30.7529411764706
32,1492,-56,-146.6
32,1493,-39,-45.4230769230769
32,1494,-64,-4.39655172413793
32,1495,-43,-45.4230769230769
32,1496,-54,-45.4230769230769
32,1497,-62,-45.4230769230769
32,1498,-36,-45.4230769230769
32,1499,-13,-45.4230769230769
32,1500,-54,-3.67039106145251
32,1501,-47,-45.4230769230769
32,1502,-5,-45.4230769230769
32,1503,17,-29.6822429906542
32,1504,46,79.462962962963
32,1505,70,147.133333333333
32,1506,91,192.798850574713
32,1507,220,89.7777777777778
32,1508,54,-33.6
32,1509,50,-127.69387755102
32,1510,29,-16.2333333333333
32,1511,-34,-18.3552631578947
32,1512,-64,-3.67039106145251
32,1513,-26,-45.4230769230769
32,1514,71,-29.6822429906542
32,1515,2,-8.88059701492537
32,1516,-111,-3.67039106145251
32,1517,-91,-45.4230769230769
32,1518,-79,-45.4230769230769
32,1519,-75,-45.4230769230769
32,1520,-91,-45.4230769230769
32,1521,-19,-45.4230769230769
32,1522,-37,-29.6822429906542
32,1523,-17,-4.39655172413793
32,1524,-9,-3.67039106145251
32,1525,-1,-3.67039106145251
32,1526,39,-3.67039106145251
32,1527,115,79.462962962963
32,1528,327,192.798850574713
32,1529,123,192.798850574713
32,1530,-340,-231.160714285714
32,1531,-84,-40.1034482758621
32,1532,-3,-104
32,1533,89,-29.6822429906542
32,1534,-10,-8.88059701492537
32,1535,-9,-3.67039106145251
32,1536,-18,-3.67039106145251
32,1537,181,121.963414634146
32,1538,419,247.020689655172
32,1539,-42,-301.928571428571
32,1540,-209,-173.264462809917
32,1541,-107,-138.388888888889
32,1542,-144,-104
32,1543,-144,-45.4230769230769
32,1544,-84,-45.4230769230769
32,1545,-66,-45.4230769230769
32,1546,-7,-4.39655172413793
32,1547,-21,4.6
32,1548,0,-3.67039106145251
32,1549,1,-3.67039106145251
32,1550,29,-3.67039106145251
32,1551,149,79.462962962963
32,1552,364,192.798850574713
32,1553,104,-301.928571428571
32,1554,-328,-231.160714285714
32,1555,-138,-138.388888888889
32,1556,45,-104
32,1557,73,30.7529411764706
32,1558,-2,-8.88059701492537
32,1559,-39,-3.67039106145251
32,1560,50,-4.39655172413793
32,1561,99,89.7777777777778
32,1562,484,247.020689655172
32,1563,-76,-101.909090909091
32,1564,-212,-173.264462809917
32,1565,-107,-138.388888888889
32,1566,-177,-104
32,1567,-83,-45.4230769230769
32,1568,-114,-45.4230769230769
32,1569,-77,-4.39655172413793
32,1570,-31,-4.39655172413793
32,1571,-9,4.6
32,1572,-6,-3.67039106145251
32,1573,3,-3.67039106145251
32,1574,25,-3.67039106145251
32,1575,164,79.462962962963
32,1576,327,192.798850574713
32,1577,160,-301.928571428571
32,1578,-405,-231.160714285714
32,1579,-110,-127.69387755102
32,1580,37,-104
32,1581,113,30.7529411764706
32,1582,-1,-8.88059701492537
32,1583,-51,-3.67039106145251
32,1584,-21,-4.39655172413793
32,1585,143,121.963414634146
32,1586,451,247.020689655172
32,1587,-39,-72.4285714285714
32,1588,-161,-173.264462809917
32,1589,-198,-138.388888888889
32,1590,-78,-104
32,1591,-70,13.2307692307692
32,1592,-138,-45.4230769230769
32,1593,-105,-45.4230769230769
32,1594,-29,-4.39655172413793
32,1595,-12,-29.6822429906542
32,1596,-6,4.6
32,1597,4,-3.67039106145251
32,1598,36,-3.67039106145251
32,1599,146,79.462962962963
32,1600,315,192.798850574713
32,1601,109,-301.928571428571
32,1602,-266,-231.160714285714
32,1603,-167,-138.388888888889
32,1604,27,-104
32,1605,65,-18.3552631578947
32,1606,-40,-8.88059701492537
32,1607,18,-45.4230769230769
32,1608,-35,-18.3552631578947
32,1609,168,121.963414634146
32,1610,318,247.020689655172
32,1611,-8,-173.264462809917
32,1612,-126,-184.571428571429
32,1613,-101,-138.388888888889
32,1614,-72,-104
32,1615,-124,-45.4230769230769
32,1616,-103,-45.4230769230769
32,1617,-57,-45.4230769230769
32,1618,-72,-4.39655172413793
32,1619,-24,-4.39655172413793
32,1620,-10,-29.6822429906542
32,1621,2,-3.67039106145251
32,1622,35,-3.67039106145251
32,1623,118,79.462962962963
32,1624,217,192.798850574713
32,1625,244,-87.8
32,1626,-324,-231.160714285714
32,1627,-129,-127.69387755102
32,1628,17,35.9090909090909
32,1629,38,-18.3552631578947
32,1630,13,-18.3552631578947
32,1631,-6,-18.3552631578947
32,1632,-3,-3.67039106145251
32,1633,121,121.963414634146
32,1634,188,247.020689655172
32,1635,-75,-40.1034482758621
32,1636,-101,-173.264462809917
32,1637,-55,-45.4230769230769
32,1638,-72,-45.4230769230769
32,1639,-73,-45.4230769230769
32,1640,-115,-45.4230769230769
32,1641,21,-4.39655172413793
32,1642,-11,30.7529411764706
32,1643,3,-3.67039106145251
32,1644,-38,-3.67039106145251
32,1645,-5,-4.39655172413793
32,1646,-8,-3.67039106145251
32,1647,32,-3.67039106145251
32,1648,50,79.462962962963
32,1649,102,147.133333333333
32,1650,81,-16.2333333333333
32,1651,129,89.7777777777778
32,1652,48,-33.6
32,1653,19,-40.1034482758621
32,1654,-43,79.462962962963
32,1655,-19,-45.4230769230769
32,1656,-5,-3.67039106145251
32,1657,-31,-3.67039106145251
32,1658,-11,-3.67039106145251
32,1659,-23,-3.67039106145251
32,1660,35,-3.67039106145251
32,1661,-82,30.7529411764706
32,1662,-79,-45.4230769230769
32,1663,-41,-45.4230769230769
32,1664,-20,-45.4230769230769
32,1665,-3,-3.67039106145251
32,1666,-56,-3.67039106145251
32,1667,-3,-4.39655172413793
32,1668,-57,-29.6822429906542
32,1669,-29,-45.4230769230769
32,1670,6,-29.6822429906542
32,1671,17,-3.67039106145251
32,1672,23,79.462962962963
32,1673,92,30.7529411764706
32,1674,77,141.714285714286
32,1675,147,89.7777777777778
32,1676,11,-33.6
32,1677,56,-40.1034482758621
32,1678,-13,-16.2333333333333
32,1679,24,-3.67039106145251
32,1680,-99,-18.3552631578947
32,1681,-32,-45.4230769230769
32,1682,100,-29.6822429906542
32,1683,-43,-8.88059701492537
32,1684,12,-146.6
32,1685,-50,30.7529411764706
32,1686,-74,-4.39655172413793
32,1687,-107,-45.4230769230769
32,1688,-41,-45.4230769230769
32,1689,-67,-45.4230769230769
32,1690,-26,-45.4230769230769
32,1691,-2,-29.6822429906542
32,1692,-10,-3.67039106145251
32,1693,7,-3.67039106145251
32,1694,28,-3.67039106145251
32,1695,96,79.462962962963
32,1696,262,192.798850574713
32,1697,170,145.96875
32,1698,-273,-127.69387755102
32,1699,-121,-127.69387755102
32,1700,27,-104
32,1701,56,30.7529411764706
32,1702,-21,-8.88059701492537
32,1703,-6,-3.67039106145251
32,1704,4,-3.67039106145251
32,1705,131,121.963414634146
32,1706,382,247.020689655172
32,1707,-17,-72.4285714285714
32,1708,-149,-173.264462809917
32,1709,-186,-138.388888888889
32,1710,-137,-104
32,1711,-70,-45.4230769230769
32,1712,-86,-45.4230769230769
32,1713,-49,-45.4230769230769
32,1714,-39,-4.39655172413793
32,1715,-4,-4.39655172413793
32,1716,-8,-3.67039106145251
32,1717,4,-3.67039106145251
32,1718,29,-3.67039106145251
32,1719,119,79.462962962963
32,1720,329,192.798850574713
32,1721,163,-301.928571428571
32,1722,-374,-231.160714285714
32,1723,-63,-127.69387755102
32,1724,8,-104
32,1725,55,-29.6822429906542
32,1726,11,-8.88059701492537
32,1727,27,-18.3552631578947
32,1728,91,-18.3552631578947
32,1729,126,89.7777777777778
32,1730,195,247.020689655172
32,1731,-95,-40.1034482758621
32,1732,-130,-127.69387755102
32,1733,-121,-45.4230769230769
32,1734,-180,-45.4230769230769
32,1735,-19,-45.4230769230769
32,1736,-6,-29.6822429906542
32,1737,-12,-3.67039106145251
32,1738,-36,-3.67039106145251
32,1739,-30,-4.39655172413793
32,1740,-61,-3.67039106145251
32,1741,-16,-45.4230769230769
32,1742,3,-29.6822429906542
32,1743,13,-3.67039106145251
32,1744,40,30.7529411764706
32,1745,81,79.462962962963
32,1746,140,192.798850574713
32,1747,154,-33.6
32,1748,38,-40.1034482758621
32,1749,9,-40.1034482758621
32,1750,5,-3.67039106145251
32,1751,48,-3.67039106145251
32,1752,-93,-8.88059701492537
32,1753,-65,-45.4230769230769
32,1754,25,-45.4230769230769
32,1755,16,-18.3552631578947
32,1756,2,30.7529411764706
32,1757,119,-3.67039106145251
32,1758,33,141.714285714286
32,1759,-82,-40.1034482758621
32,1760,-319,-45.4230769230769
32,1761,-95,-45.4230769230769
32,1762,-58,13.2307692307692
32,1763,-12,-45.4230769230769
32,1764,-11,-29.6822429906542
32,1765,0,-3.67039106145251
32,1766,22,-3.67039106145251
32,1767,104,121.963414634146
32,1768,210,247.020689655172
32,1769,207,192.798850574713
32,1770,-257,-231.160714285714
32,1771,-107,-127.69387755102
32,1772,58,13.2307692307692
32,1773,32,-8.88059701492537
32,1774,34,-18.3552631578947
32,1775,-69,-18.3552631578947
32,1776,13,-4.39655172413793
32,1777,179,121.963414634146
32,1778,256,247.020689655172
32,1779,-82,-184.571428571429
32,1780,-104,-173.264462809917
32,1781,-182,-138.388888888889
32,1782,2,-45.4230769230769
32,1783,-98,-29.6822429906542
32,1784,-94,-45.4230769230769
32,1785,-29,-4.39655172413793
32,1786,-73,-29.6822429906542
32,1787,-12,-4.39655172413793
32,1788,-10,-29.6822429906542
32,1789,-1,-3.67039106145251
32,1790,29,-3.67039106145251
32,1791,96,79.462962962963
32,1792,222,192.798850574713
32,1793,232,192.798850574713
32,1794,-281,-231.160714285714
32,1795,-94,-127.69387755102
32,1796,23,35.9090909090909
32,1797,98,30.7529411764706
32,1798,-38,-8.88059701492537
32,1799,-18,-45.4230769230769
32,1800,10,-3.67039106145251
32,1801,84,121.963414634146
32,1802,207,247.020689655172
32,1803,-16,-8.88059701492537
32,1804,-142,-173.264462809917
32,1805,-82,-45.4230769230769
32,1806,-36,-45.4230769230769
32,1807,-12,-45.4230769230769
32,1808,-124,-3.67039106145251
32,1809,-14,-45.4230769230769
32,1810,-79,-29.6822429906542
32,1811,-13,-4.39655172413793
32,1812,-27,-29.6822429906542
32,1813,-15,-3.67039106145251
32,1814,-2,-3.67039106145251
32,1815,17,-3.67039106145251
32,1816,40,79.462962962963
32,1817,81,79.462962962963
32,1818,104,192.798850574713
32,1819,69,89.7777777777778
32,1820,42,89.7777777777778
32,1821,-25,79.462962962963
32,1822,18,-3.67039106145251
32,1823,-52,-18.3552631578947
32,1824,-2,-45.4230769230769
32,1825,-12,-29.6822429906542
32,1826,-15,-3.67039106145251
32,1827,-2,-3.67039106145251
32,1828,10,-3.67039106145251
32,1829,-11,79.462962962963
32,1830,-75,-3.67039106145251
32,1831,19,-45.4230769230769
32,1832,-72,30.7529411764706
32,1833,-1,-45.4230769230769
32,1834,-23,-29.6822429906542
32,1835,-54,-3.67039106145251
32,1836,-35,-4.39655172413793
32,1837,-22,-29.6822429906542
32,1838,-7,-3.67039106145251
32,1839,15,-3.67039106145251
32,1840,31,79.462962962963
32,1841,78,30.7529411764706
32,1842,112,192.798850574713
32,1843,77,89.7777777777778
32,1844,70,89.7777777777778
32,1845,-13,184.75
32,1846,-39,-3.67039106145251
32,1847,-25,-45.4230769230769
32,1848,-14,-3.67039106145251
32,1849,-7,-3.67039106145251
32,1850,-21,-3.67039106145251
32,1851,-17,-3.67039106145251
32,1852,-3,-3.67039106145251
32,1853,35,-3.67039106145251
32,1854,-78,79.462962962963
32,1855,-85,-45.4230769230769
32,1856,1,-45.4230769230769
32,1857,-84,-29.6822429906542
32,1858,-21,-45.4230769230769
32,1859,-13,-29.6822429906542
32,1860,0,-3.67039106145251
32,1861,-3,-3.67039106145251
32,1862,26,-3.67039106145251
32,1863,64,79.462962962963
32,1864,138,147.133333333333
32,1865,225,192.798850574713
32,1866,-92,-231.160714285714
32,1867,-188,-127.69387755102
32,1868,41,-45.4230769230769
32,1869,50,30.7529411764706
32,1870,-11,-8.88059701492537
32,1871,-13,-3.67039106145251
32,1872,38,-3.67039106145251
32,1873,133,30.7529411764706
32,1874,436,192.798850574713
32,1875,23,-72.4285714285714
32,1876,-241,-173.264462809917
32,1877,-184,-138.388888888889
32,1878,-116,-104
32,1879,-107,-45.4230769230769
32,1880,-93,-45.4230769230769
32,1881,-62,-45.4230769230769
32,1882,-54,-4.39655172413793
32,1883,1,-4.39655172413793
32,1884,-13,-29.6822429906542
32,1885,1,-3.67039106145251
32,1886,38,-3.67039106145251
32,1887,145,79.462962962963
32,1888,333,192.798850574713
32,1889,129,-301.928571428571
32,1890,-318,-231.160714285714
32,1891,-141,-40.1034482758621
32,1892,59,-104
32,1893,23,-8.88059701492537
32,1894,8,-18.3552631578947
32,1895,-38,-3.67039106145251
32,1896,23,-4.39655172413793
32,1897,170,121.963414634146
32,1898,437,247.020689655172
32,1899,-53,-184.571428571429
32,1900,-405,-173.264462809917
32,1901,-330,-138.388888888889
32,1902,6,-104
32,1903,49,-29.6822429906542
32,1904,-36,-8.88059701492537
32,1905,-59,-45.4230769230769
32,1906,-30,-4.39655172413793
32,1907,-9,121.963414634146
32,1908,0,4.6
32,1909,2,-3.67039106145251
32,1910,34,-3.67039106145251
32,1911,144,30.7529411764706
32,1912,312,192.798850574713
32,1913,177,-301.928571428571
32,1914,-346,-231.160714285714
32,1915,-133,-127.69387755102
32,1916,34,-104
32,1917,63,-18.3552631578947
32,1918,-19,-8.88059701492537
32,1919,-32,-3.67039106145251
32,1920,35,-3.67039106145251
32,1921,135,121.963414634146
32,1922,419,247.020689655172
32,1923,-16,-72.4285714285714
32,1924,-181,-173.264462809917
32,1925,-150,-138.388888888889
32,1926,-92,-104
32,1927,-147,-45.4230769230769
32,1928,-92,-45.4230769230769
32,1929,-96,-45.4230769230769
32,1930,-35,-4.39655172413793
32,1931,-12,-29.6822429906542
32,1932,1,-3.67039106145251
32,1933,-5,-3.67039106145251
32,1934,39,-3.67039106145251
32,1935,134,79.462962962963
32,1936,334,192.798850574713
32,1937,190,-301.928571428571
32,1938,-375,-231.160714285714
32,1939,-113,-127.69387755102
32,1940,1,-104
32,1941,77,-29.6822429906542
32,1942,-15,-8.88059701492537
32,1943,-68,-3.67039106145251
32,1944,62,-4.39655172413793
32,1945,168,89.7777777777778
32,1946,356,247.020689655172
32,1947,30,-301.928571428571
32,1948,-196,-173.264462809917
32,1949,-115,-138.388888888889
32,1950,-141,-104
32,1951,-55,-45.4230769230769
32,1952,-107,-45.4230769230769
32,1953,-116,-45.4230769230769
32,1954,-36,-4.39655172413793
32,1955,-42,-4.39655172413793
32,1956,-8,-4.39655172413793
32,1957,2,-3.67039106145251
32,1958,23,-3.67039106145251
32,1959,93,79.462962962963
32,1960,253,192.798850574713
32,1961,333,192.798850574713
32,1962,-299,-301.928571428571
32,1963,-146,-127.69387755102
32,1964,20,35.9090909090909
32,1965,91,30.7529411764706
32,1966,-5,-8.88059701492537
32,1967,-5,-3.67039106145251
32,1968,-16,-3.67039106145251
32,1969,139,121.963414634146
32,1970,343,298.538461538462
32,1971,-204,-72.4285714285714
32,1972,-143,-173.264462809917
32,1973,-99,35.9090909090909
32,1974,-90,-104
32,1975,-36,-45.4230769230769
32,1976,-51,-45.4230769230769
32,1977,-21,-4.39655172413793
32,1978,-73,4.6
32,1979,-17,-4.39655172413793
32,1980,-61,-29.6822429906542
32,1981,-31,-45.4230769230769
32,1982,-4,-29.6822429906542
32,1983,30,-3.67039106145251
32,1984,13,79.462962962963
32,1985,103,79.462962962963
32,1986,131,192.798850574713
32,1987,119,-33.6
32,1988,38,-40.1034482758621
32,1989,60,-40.1034482758621
32,1990,92,-16.2333333333333
32,1991,41,-16.2333333333333
32,1992,-72,-18.3552631578947
32,1993,6,-45.4230769230769
32,1994,-108,-29.6822429906542
32,1995,-107,-146.6
32,1996,80,-146.6
32,1997,-75,-8.88059701492537
32,1998,-87,-4.39655172413793
32,1999,-44,-45.4230769230769
32,2000,-14,-4.39655172413793
32,2001,-24,-3.67039106145251
32,2002,-19,-3.67039106145251
32,2003,-53,-3.67039106145251
32,2004,-58,-4.39655172413793
32,2005,-38,-45.4230769230769
32,2006,-10,-45.4230769230769
32,2007,6,-3.67039106145251
32,2008,32,-3.67039106145251
32,2009,86,79.462962962963
32,2010,88,192.798850574713
32,2011,161,145.96875
32,2012,69,-33.6
32,2013,38,-127.69387755102
32,2014,-9,79.462962962963
32,2015,-4,-3.67039106145251
32,2016,13,-3.67039106145251
32,2017,6,-18.3552631578947
32,2018,-59,-3.67039106145251
32,2019,-124,-45.4230769230769
32,2020,0,-146.6
32,2021,-18,-29.6822429906542
32,2022,-71,-3.67039106145251
32,2023,-93,-45.4230769230769
32,2024,-39,-45.4230769230769
32,2025,-48,-4.39655172413793
32,2026,-32,-45.4230769230769
32,2027,4,-29.6822429906542
32,2028,-9,-3.67039106145251
32,2029,6,-3.67039106145251
32,2030,38,-3.67039106145251
32,2031,90,79.462962962963
32,2032,343,192.798850574713
32,2033,184,145.96875
32,2034,-319,-127.69387755102
32,2035,-162,-127.69387755102
32,2036,-4,-104
32,2037,55,-29.6822429906542
32,2038,2,-8.88059701492537
32,2039,-27,-3.67039106145251
32,2040,25,-3.67039106145251
32,2041,149,121.963414634146
32,2042,369,247.020689655172
32,2043,39,-301.928571428571
32,2044,-199,-173.264462809917
32,2045,-141,-138.388888888889
32,2046,-126,-104
32,2047,-44,-45.4230769230769
32,2048,-118,-45.4230769230769
32,2049,-113,-45.4230769230769
32,2050,-28,-4.39655172413793
32,2051,-18,4.6
32,2052,-4,-3.67039106145251
32,2053,4,-3.67039106145251
32,2054,31,-3.67039106145251
32,2055,175,79.462962962963
32,2056,313,192.798850574713
32,2057,135,-301.928571428571
32,2058,-341,-231.160714285714
32,2059,-161,-40.1034482758621
32,2060,47,-104
32,2061,48,-8.88059701492537
32,2062,-33,-8.88059701492537
32,2063,-7,-3.67039106145251
32,2064,30,-3.67039106145251
32,2065,137,121.963414634146
32,2066,389,247.020689655172
32,2067,2,-72.4285714285714
32,2068,-225,-173.264462809917
32,2069,-120,-138.388888888889
32,2070,-94,-104
32,2071,-89,-45.4230769230769
32,2072,-83,-45.4230769230769
32,2073,-108,-45.4230769230769
32,2074,-37,-4.39655172413793
32,2075,-8,-4.39655172413793
32,2076,-4,-3.67039106145251
32,2077,2,-3.67039106145251
32,2078,40,-3.67039106145251
32,2079,116,79.462962962963
32,2080,333,192.798850574713
32,2081,184,-301.928571428571
32,2082,-382,-231.160714285714
32,2083,-159,-127.69387755102
32,2084,45,-104
32,2085,19,-18.3552631578947
32,2086,1,-18.3552631578947
32,2087,-33,-3.67039106145251
32,2088,24,-3.67039106145251
32,2089,30,121.963414634146
32,2090,146,185.272727272727
32,2091,273,-8.88059701492537
32,2092,-127,-72.4285714285714
32,2093,-150,-127.69387755102
32,2094,-47,-138.388888888889
32,2095,-31,-104
32,2096,-157,-29.6822429906542
32,2097,-65,-45.4230769230769
32,2098,-41,-4.39655172413793
32,2099,-18,-4.39655172413793
32,2100,-2,-3.67039106145251
32,2101,3,-3.67039106145251
32,2102,32,-3.67039106145251
32,2103,112,79.462962962963
32,2104,321,192.798850574713
32,2105,184,192.798850574713
32,2106,-339,-231.160714285714
32,2107,-120,-127.69387755102
32,2108,18,-104
32,2109,58,-18.3552631578947
32,2110,-20,-8.88059701492537
32,2111,-57,-3.67039106145251
32,2112,95,-4.39655172413793
32,2113,66,89.7777777777778
32,2114,413,247.020689655172
32,2115,6,-101.909090909091
32,2116,-244,-173.264462809917
32,2117,-28,-138.388888888889
32,2118,-173,-29.6822429906542
32,2119,-264,-45.4230769230769
32,2120,-3,-45.4230769230769
32,2121,-31,-29.6822429906542
32,2122,-23,-3.67039106145251
32,2123,8,4.6
32,2124,17,-3.67039106145251
32,2125,-27,79.462962962963
32,2126,33,4.6
32,2127,84,79.462962962963
32,2128,234,89.7777777777778
32,2129,331,192.798850574713
32,2130,-318,-301.928571428571
32,2131,-140,-127.69387755102
32,2132,-21,35.9090909090909
32,2133,62,-29.6822429906542
32,2134,-118,-8.88059701492537
32,2135,73,-45.4230769230769
32,2136,-13,-16.2333333333333
32,2137,220,121.963414634146
32,2138,279,298.538461538462
32,2139,-93,-301.928571428571
32,2140,-220,-184.571428571429
32,2141,-151,-138.388888888889
32,2142,-129,-104
32,2143,13,-45.4230769230769
32,2144,31,79.462962962963
32,2145,-63,-18.3552631578947
32,2146,-31,-4.39655172413793
32,2147,-12,121.963414634146
32,2148,-35,-3.67039106145251
32,2149,-9,-3.67039106145251
32,2150,1,-3.67039106145251
32,2151,-2,-3.67039106145251
32,2152,22,-3.67039106145251
32,2153,75,79.462962962963
32,2154,95,192.798850574713
32,2155,61,192.798850574713
32,2156,37,89.7777777777778
32,2157,152,79.462962962963
32,2158,-103,-101.909090909091
32,2159,-11,-40.1034482758621
32,2160,37,-29.6822429906542
32,2161,-54,-18.3552631578947
32,2162,-85,-45.4230769230769
32,2163,-64,-45.4230769230769
32,2164,61,-4.39655172413793
32,2165,-24,147.133333333333
32,2166,-51,-3.67039106145251
32,2167,17,-45.4230769230769
32,2168,-31,30.7529411764706
32,2169,-36,-3.67039106145251
32,2170,17,-45.4230769230769
32,2171,-8,79.462962962963
32,2172,-79,-3.67039106145251
32,2173,-27,-45.4230769230769
32,2174,-10,-29.6822429906542
32,2175,13,-3.67039106145251
32,2176,19,79.462962962963
32,2177,115,79.462962962963
32,2178,105,192.798850574713
32,2179,121,89.7777777777778
32,2180,126,89.7777777777778
32,2181,-1,-40.1034482758621
32,2182,122,-40.1034482758621
32,2183,-10,-101.909090909091
32,2184,8,-40.1034482758621
32,2185,4,-3.67039106145251
32,2186,-72,-3.67039106145251
32,2187,-41,-45.4230769230769
32,2188,7,-146.6
32,2189,-144,-3.67039106145251
32,2190,-33,-45.4230769230769
32,2191,-154,-29.6822429906542
32,2192,-68,-4.39655172413793
32,2193,-76,-45.4230769230769
32,2194,-20,-45.4230769230769
32,2195,-10,-29.6822429906542
32,2196,-15,-3.67039106145251
32,2197,6,-3.67039106145251
32,2198,43,-3.67039106145251
32,2199,106,79.462962962963
32,2200,264,192.798850574713
32,2201,317,145.96875
32,2202,-393,-127.69387755102
32,2203,-145,-127.69387755102
32,2204,-2,35.9090909090909
32,2205,116,-29.6822429906542
32,2206,-74,-8.88059701492537
32,2207,31,-72.4285714285714
32,2208,10,-18.3552631578947
32,2209,176,121.963414634146
32,2210,390,298.538461538462
32,2211,-106,-301.928571428571
32,2212,-159,-184.571428571429
32,2213,-179,-138.388888888889
32,2214,-107,-104
32,2215,-87,-45.4230769230769
32,2216,-95,-45.4230769230769
32,2217,-50,-4.39655172413793
32,2218,-47,-4.39655172413793
32,2219,-1,-4.39655172413793
32,2220,-10,-29.6822429906542
32,2221,0,-3.67039106145251
32,2222,44,-3.67039106145251
32,2223,140,79.462962962963
32,2224,326,192.798850574713
32,2225,227,-301.928571428571
32,2226,-404,-231.160714285714
32,2227,-121,-127.69387755102
32,2228,-17,-104
32,2229,28,-29.6822429906542
32,2230,44,-18.3552631578947
32,2231,-29,-18.3552631578947
32,2232,41,-3.67039106145251
32,2233,170,121.963414634146
32,2234,414,247.020689655172
32,2235,8,-184.571428571429
32,2236,-245,-173.264462809917
32,2237,-109,-138.388888888889
32,2238,-145,-104
32,2239,-109,-45.4230769230769
32,2240,-77,-45.4230769230769
32,2241,-126,-45.4230769230769
32,2242,-38,-4.39655172413793
32,2243,-16,-4.39655172413793
32,2244,0,-3.67039106145251
32,2245,-8,-3.67039106145251
32,2246,55,-3.67039106145251
32,2247,131,147.133333333333
32,2248,317,192.798850574713
32,2249,281,-301.928571428571
32,2250,-446,-301.928571428571
32,2251,-111,-127.69387755102
32,2252,50,35.9090909090909
32,2253,29,-8.88059701492537
32,2254,2,-18.3552631578947
32,2255,-65,-3.67039106145251
32,2256,70,-4.39655172413793
32,2257,167,89.7777777777778
32,2258,429,298.538461538462
32,2259,-22,-173.264462809917
32,2260,-193,-173.264462809917
32,2261,-131,-138.388888888889
32,2262,-170,-104
32,2263,-119,-45.4230769230769
32,2264,-39,-45.4230769230769
32,2265,-147,-45.4230769230769
32,2266,-63,-4.39655172413793
32,2267,-8,-4.39655172413793
32,2268,-13,-29.6822429906542
32,2269,-4,-3.67039106145251
32,2270,38,-3.67039106145251
32,2271,139,79.462962962963
32,2272,314,192.798850574713
32,2273,234,-301.928571428571
32,2274,-385,-231.160714285714
32,2275,-122,-127.69387755102
32,2276,-10,35.9090909090909
32,2277,67,-29.6822429906542
32,2278,-37,-8.88059701492537
32,2279,-29,-45.4230769230769
32,2280,25,-3.67039106145251
32,2281,136,121.963414634146
32,2282,364,247.020689655172
32,2283,-50,-301.928571428571
32,2284,-74,-173.264462809917
32,2285,-168,-138.388888888889
32,2286,-175,-104
32,2287,-37,-45.4230769230769
32,2288,-89,-45.4230769230769
32,2289,-48,-45.4230769230769
32,2290,-43,-4.39655172413793
32,2291,-28,-4.39655172413793
32,2292,-14,-3.67039106145251
32,2293,-4,-3.67039106145251
32,2294,29,-3.67039106145251
32,2295,102,79.462962962963
32,2296,271,192.798850574713
32,2297,266,192.798850574713
32,2298,-313,-87.8
32,2299,-132,-127.69387755102
32,2300,20,35.9090909090909
32,2301,48,30.7529411764706
32,2302,15,-8.88059701492537
32,2303,12,-18.3552631578947
32,2304,-3,-18.3552631578947
32,2305,176,121.963414634146
32,2306,200,247.020689655172
32,2307,-77,-184.571428571429
32,2308,-106,-184.571428571429
32,2309,-162,-45.4230769230769
32,2310,-94,-45.4230769230769
32,2311,-61,-45.4230769230769
32,2312,-10,-45.4230769230769
32,2313,2,-29.6822429906542
32,2314,-111,-3.67039106145251
32,2315,10,-4.39655172413793
32,2316,-47,79.462962962963
32,2317,-32,-45.4230769230769
32,2318,3,-29.6822429906542
32,2319,36,-3.67039106145251
32,2320,26,79.462962962963
32,2321,87,30.7529411764706
32,2322,174,-16.2333333333333
32,2323,58,-33.6
32,2324,62,-127.69387755102
32,2325,30,-16.2333333333333
32,2326,11,-18.3552631578947
32,2327,-4,30.7529411764706
32,2328,3,-3.67039106145251
32,2329,-10,-3.67039106145251
32,2330,-8,-3.67039106145251
32,2331,2,-3.67039106145251
32,2332,-143,-3.67039106145251
32,2333,-105,-45.4230769230769
32,2334,67,-45.4230769230769
32,2335,-24,141.714285714286
32,2336,-68,-3.67039106145251
32,2337,-20,-45.4230769230769
32,2338,-30,-29.6822429906542
32,2339,-46,-3.67039106145251
32,2340,-57,-45.4230769230769
32,2341,-42,-45.4230769230769
32,2342,4,-45.4230769230769
32,2343,1,-3.67039106145251
32,2344,22,-3.67039106145251
32,2345,87,79.462962962963
32,2346,99,145.96875
32,2347,155,192.798850574713
32,2348,128,-33.6
32,2349,2,-40.1034482758621
32,2350,-28,-40.1034482758621
32,2351,39,-3.67039106145251
32,2352,-21,-18.3552631578947
32,2353,20,-3.67039106145251
32,2354,10,-18.3552631578947
32,2355,-112,-18.3552631578947
32,2356,24,-146.6
32,2357,-140,30.7529411764706
32,2358,-32,-45.4230769230769
32,2359,-123,-29.6822429906542
32,2360,-48,-45.4230769230769
32,2361,-42,-4.39655172413793
32,2362,-39,-45.4230769230769
32,2363,-11,-4.39655172413793
32,2364,-5,-3.67039106145251
32,2365,2,-3.67039106145251
32,2366,42,-3.67039106145251
32,2367,114,79.462962962963
32,2368,308,192.798850574713
32,2369,282,192.798850574713
32,2370,-458,-301.928571428571
32,2371,-104,-127.69387755102
32,2372,26,35.9090909090909
32,2373,63,-18.3552631578947
32,2374,-52,-8.88059701492537
32,2375,28,-45.4230769230769
32,2376,-18,-18.3552631578947
32,2377,189,121.963414634146
32,2378,402,298.538461538462
32,2379,-15,-173.264462809917
32,2380,-147,-184.571428571429
32,2381,-203,-138.388888888889
32,2382,-140,-104
32,2383,-92,13.2307692307692
32,2384,-80,-45.4230769230769
32,2385,-112,-45.4230769230769
32,2386,-17,-4.39655172413793
32,2387,-13,-29.6822429906542
32,2388,-2,4.6
32,2389,0,-3.67039106145251
32,2390,39,-3.67039106145251
32,2391,149,79.462962962963
32,2392,319,192.798850574713
32,2393,247,-301.928571428571
32,2394,-427,-231.160714285714
32,2395,-106,-127.69387755102
32,2396,-3,35.9090909090909
32,2397,24,-29.6822429906542
32,2398,40,-18.3552631578947
32,2399,-28,-18.3552631578947
32,2400,-116,-3.67039106145251
32,2401,258,-4.39655172413793
32,2402,418,247.020689655172
32,2403,37,-184.571428571429
32,2404,-243,-173.264462809917
32,2405,-162,-138.388888888889
32,2406,-100,-4.39655172413793
32,2407,-95,-45.4230769230769
32,2408,-110,-45.4230769230769
32,2409,-100,-45.4230769230769
32,2410,-14,-4.39655172413793
32,2411,-20,4.6
32,2412,-6,-3.67039106145251
32,2413,-3,-3.67039106145251
32,2414,45,-3.67039106145251
32,2415,136,79.462962962963
32,2416,302,192.798850574713
32,2417,194,-301.928571428571
32,2418,-331,-231.160714285714
32,2419,-114,-127.69387755102
32,2420,-2,-104
32,2421,50,-29.6822429906542
32,2422,-4,-8.88059701492537
32,2423,-17,-3.67039106145251
32,2424,32,-3.67039106145251
32,2425,184,121.963414634146
32,2426,358,247.020689655172
32,2427,54,-301.928571428571
32,2428,-239,-173.264462809917
32,2429,-139,-138.388888888889
32,2430,-193,-104
32,2431,-32,-45.4230769230769
32,2432,-136,-29.6822429906542
32,2433,-89,-45.4230769230769
32,2434,-21,-4.39655172413793
32,2435,-31,4.6
32,2436,-5,-3.67039106145251
32,2437,3,4.6
32,2438,32,-3.67039106145251
32,2439,142,79.462962962963
32,2440,290,192.798850574713
32,2441,266,-301.928571428571
32,2442,-396,-87.8
32,2443,-162,-127.69387755102
32,2444,45,35.9090909090909
32,2445,60,-18.3552631578947
32,2446,24,-8.88059701492537
32,2447,-85,-18.3552631578947
32,2448,45,-4.39655172413793
32,2449,136,121.963414634146
32,2450,459,247.020689655172
32,2451,-98,-40.1034482758621
32,2452,-160,-173.264462809917
32,2453,-180,-138.388888888889
32,2454,-85,-104
32,2455,-80,-45.4230769230769
32,2456,-85,-45.4230769230769
32,2457,-106,-4.39655172413793
32,2458,-28,-4.39655172413793
32,2459,-29,-29.6822429906542
32,2460,-8,-3.67039106145251
32,2461,6,-3.67039106145251
32,2462,25,-3.67039106145251
32,2463,126,79.462962962963
32,2464,258,192.798850574713
32,2465,247,-87.8
32,2466,-272,-127.69387755102
32,2467,-147,-127.69387755102
32,2468,14,35.9090909090909
32,2469,75,30.7529411764706
32,2470,7,-8.88059701492537
32,2471,-14,-3.67039106145251
32,2472,49,-3.67039106145251
32,2473,112,89.7777777777778
32,2474,249,247.020689655172
32,2475,-70,-101.909090909091
32,2476,-202,-173.264462809917
32,2477,-80,-138.388888888889
32,2478,-111,13.2307692307692
32,2479,-76,-45.4230769230769
32,2480,-6,-45.4230769230769
32,2481,-35,-29.6822429906542
32,2482,-39,-3.67039106145251
32,2483,-38,-4.39655172413793
32,2484,-54,-4.39655172413793
32,2485,-17,-4.39655172413793
32,2486,4,-29.6822429906542
32,2487,32,-3.67039106145251
32,2488,18,30.7529411764706
32,2489,114,79.462962962963
32,2490,97,145.96875
32,2491,118,89.7777777777778
32,2492,74,89.7777777777778
32,2493,77,-40.1034482758621
32,2494,-20,-16.2333333333333
32,2495,-55,-3.67039106145251
32,2496,17,-45.4230769230769
32,2497,-39,-18.3552631578947
32,2498,42,-45.4230769230769
32,2499,-2,-18.3552631578947
32,2500,-93,-3.67039106145251
32,2501,-85,-45.4230769230769
32,2502,-23,-45.4230769230769
32,2503,-20,-29.6822429906542
32,2504,-47,-3.67039106145251
32,2505,-69,-45.4230769230769
32,2506,-66,-4.39655172413793
32,2507,-14,-4.39655172413793
32,2508,-32,-29.6822429906542
32,2509,-27,-3.67039106145251
32,2510,5,-3.67039106145251
32,2511,0,-3.67039106145251
32,2512,49,-3.67039106145251
32,2513,40,147.133333333333
32,2514,121,79.462962962963
32,2515,135,192.798850574713
32,2516,73,-87.8
32,2517,54,-40.1034482758621
32,2518,32,-16.2333333333333
32,2519,3,-18.3552631578947
32,2520,-76,-3.67039106145251
32,2521,-29,-45.4230769230769
32,2522,-39,-29.6822429906542
32,2523,-153,-146.6
32,2524,-44,-146.6
32,2525,8,-45.4230769230769
32,2526,15,-3.67039106145251
32,2527,-51,30.7529411764706
32,2528,-70,-45.4230769230769
32,2529,-54,-4.39655172413793
32,2530,-22,-45.4230769230769
32,2531,-6,-29.6822429906542
32,2532,0,-3.67039106145251
32,2533,6,-3.67039106145251
32,2534,14,-3.67039106145251
32,2535,116,79.462962962963
32,2536,266,192.798850574713
32,2537,198,-159.642857142857
32,2538,-329,-184.571428571429
32,2539,-63,-127.69387755102
32,2540,47,-104
32,2541,25,-8.88059701492537
32,2542,4,-18.3552631578947
32,2543,-2,-3.67039106145251
32,2544,-13,-3.67039106145251
32,2545,177,121.963414634146
32,2546,407,247.020689655172
32,2547,-15,-173.264462809917
32,2548,-203,-173.264462809917
32,2549,-183,-138.388888888889
32,2550,-140,-104
32,2551,-110,-45.4230769230769
32,2552,-94,-45.4230769230769
32,2553,-66,-45.4230769230769
32,2554,-29,-4.39655172413793
32,2555,-5,4.6
32,2556,-7,-3.67039106145251
32,2557,3,-3.67039106145251
32,2558,27,-3.67039106145251
32,2559,143,79.462962962963
32,2560,323,192.798850574713
32,2561,203,-301.928571428571
32,2562,-378,-231.160714285714
32,2563,-77,-127.69387755102
32,2564,-36,-104
32,2565,69,-45.4230769230769
32,2566,-30,-8.88059701492537
32,2567,8,-3.67039106145251
32,2568,45,-3.67039106145251
32,2569,139,121.963414634146
32,2570,423,247.020689655172
32,2571,-54,-301.928571428571
32,2572,-204,-127.69387755102
32,2573,-162,-138.388888888889
32,2574,-131,-104
32,2575,-93,-45.4230769230769
32,2576,-86,-45.4230769230769
32,2577,-80,-45.4230769230769
32,2578,-35,-4.39655172413793
32,2579,-17,4.6
32,2580,1,-3.67039106145251
32,2581,0,-3.67039106145251
32,2582,36,-3.67039106145251
32,2583,130,79.462962962963
32,2584,309,192.798850574713
32,2585,255,-301.928571428571
32,2586,-396,-231.160714285714
32,2587,-127,-127.69387755102
32,2588,25,35.9090909090909
32,2589,41,-18.3552631578947
32,2590,33,-18.3552631578947
32,2591,-77,-18.3552631578947
32,2592,42,-4.39655172413793
32,2593,163,121.963414634146
32,2594,417,247.020689655172
32,2595,4,-184.571428571429
32,2596,-176,-173.264462809917
32,2597,-186,-138.388888888889
32,2598,-119,-104
32,2599,-148,-45.4230769230769
32,2600,-97,-45.4230769230769
32,2601,-69,-45.4230769230769
32,2602,-39,-4.39655172413793
32,2603,-14,-4.39655172413793
32,2604,-8,-3.67039106145251
32,2605,4,-3.67039106145251
32,2606,31,-3.67039106145251
32,2607,126,79.462962962963
32,2608,308,192.798850574713
32,2609,223,-301.928571428571
32,2610,-345,-231.160714285714
32,2611,-148,-127.69387755102
32,2612,55,-104
32,2613,17,-8.88059701492537
32,2614,4,-18.3552631578947
32,2615,-34,-3.67039106145251
32,2616,20,-3.67039106145251
32,2617,150,121.963414634146
32,2618,393,247.020689655172
32,2619,1,-173.264462809917
32,2620,-188,-173.264462809917
32,2621,-145,-138.388888888889
32,2622,-142,-104
32,2623,-77,-45.4230769230769
32,2624,-103,-45.4230769230769
32,2625,-71,-45.4230769230769
32,2626,-44,-4.39655172413793
32,2627,-21,-4.39655172413793
32,2628,-11,-3.67039106145251
32,2629,-2,-3.67039106145251
32,2630,26,-3.67039106145251
32,2631,11,79.462962962963
32,2632,89,79.462962962963
32,2633,-14,192.798850574713
32,2634,101,-3.67039106145251
32,2635,-27,89.7777777777778
32,2636,58,-3.67039106145251
32,2637,64,-16.2333333333333
32,2638,-25,-8.88059701492537
32,2639,17,-3.67039106145251
32,2640,17,30.7529411764706
32,2641,143,79.462962962963
32,2642,263,192.798850574713
32,2643,-90,-72.4285714285714
32,2644,-148,-184.571428571429
32,2645,-122,-138.388888888889
32,2646,-84,-104
32,2647,-68,-45.4230769230769
32,2648,-26,-45.4230769230769
32,2649,-12,-29.6822429906542
32,2650,-64,-3.67039106145251
32,2651,-31,-4.39655172413793
32,2652,-64,-29.6822429906542
32,2653,-11,-45.4230769230769
32,2654,1,-29.6822429906542
32,2655,12,-3.67039106145251
32,2656,39,79.462962962963
32,2657,100,79.462962962963
32,2658,109,192.798850574713
32,2659,136,89.7777777777778
32,2660,92,-33.6
32,2661,47,-40.1034482758621
32,2662,23,-16.2333333333333
32,2663,-31,-18.3552631578947
32,2664,24,-3.67039106145251
32,2665,-31,-18.3552631578947
32,2666,-19,-3.67039106145251
32,2667,-212,-3.67039106145251
32,2668,-25,-146.6
32,2669,-115,-29.6822429906542
32,2670,-32,-45.4230769230769
32,2671,40,-29.6822429906542
32,2672,-5,30.7529411764706
32,2673,-43,-3.67039106145251
32,2674,-7,-45.4230769230769
32,2675,-27,-3.67039106145251
32,2676,-38,-3.67039106145251
32,2677,-38,-45.4230769230769
32,2678,0,-45.4230769230769
32,2679,6,-3.67039106145251
32,2680,23,-3.67039106145251
32,2681,80,79.462962962963
32,2682,98,192.798850574713
32,2683,111,145.96875
32,2684,121,89.7777777777778
32,2685,56,-101.909090909091
32,2686,38,-40.1034482758621
32,2687,36,30.7529411764706
32,2688,-2,-18.3552631578947
32,2689,-64,-3.67039106145251
32,2690,-8,-45.4230769230769
32,2691,-14,-29.6822429906542
32,2692,-26,-3.67039106145251
32,2693,-165,-3.67039106145251
32,2694,-80,-45.4230769230769
32,2695,-39,-45.4230769230769
32,2696,-71,-45.4230769230769
32,2697,-63,-45.4230769230769
32,2698,-33,-45.4230769230769
32,2699,-5,-29.6822429906542
32,2700,-3,-3.67039106145251
32,2701,5,-3.67039106145251
32,2702,25,-3.67039106145251
32,2703,123,79.462962962963
32,2704,277,192.798850574713
32,2705,237,-301.928571428571
32,2706,-368,-231.160714285714
32,2707,-106,-127.69387755102
32,2708,46,35.9090909090909
32,2709,31,-8.88059701492537
32,2710,-22,-18.3552631578947
32,2711,-6,-3.67039106145251
32,2712,26,-3.67039106145251
32,2713,190,121.963414634146
32,2714,354,247.020689655172
32,2715,-6,-173.264462809917
32,2716,-257,-173.264462809917
32,2717,-123,-138.388888888889
32,2718,-142,-104
32,2719,-98,-45.4230769230769
32,2720,-64,-45.4230769230769
32,2721,-68,-45.4230769230769
32,2722,-33,-4.39655172413793
32,2723,-16,4.6
32,2724,-8,-3.67039106145251
32,2725,2,-3.67039106145251
32,2726,31,-3.67039106145251
32,2727,28,79.462962962963
32,2728,115,79.462962962963
32,2729,439,192.798850574713
32,2730,-216,-33.6
32,2731,-194,-127.69387755102
32,2732,-12,35.9090909090909
32,2733,104,-29.6822429906542
32,2734,-14,-8.88059701492537
32,2735,-31,-3.67039106145251
32,2736,28,-3.67039106145251
32,2737,175,121.963414634146
32,2738,354,298.538461538462
32,2739,42,-301.928571428571
32,2740,-227,-173.264462809917
32,2741,-191,-138.388888888889
32,2742,-128,-104
32,2743,-119,13.2307692307692
32,2744,-22,-45.4230769230769
32,2745,-107,-29.6822429906542
32,2746,-23,-4.39655172413793
32,2747,-29,4.6
32,2748,3,4.6
32,2749,-7,-3.67039106145251
32,2750,35,-3.67039106145251
32,2751,133,79.462962962963
32,2752,320,192.798850574713
32,2753,190,-301.928571428571
32,2754,-315,-87.8
32,2755,-134,-127.69387755102
32,2756,2,-104
32,2757,72,-29.6822429906542
32,2758,-13,-8.88059701492537
32,2759,-39,-3.67039106145251
32,2760,11,-4.39655172413793
32,2761,165,121.963414634146
32,2762,420,247.020689655172
32,2763,-3,-301.928571428571
32,2764,-199,-173.264462809917
32,2765,-222,-138.388888888889
32,2766,-112,-104
32,2767,-89,13.2307692307692
32,2768,-88,-45.4230769230769
32,2769,-62,-45.4230769230769
32,2770,-55,-4.39655172413793
32,2771,-6,-4.39655172413793
32,2772,-11,4.6
32,2773,1,-3.67039106145251
32,2774,32,-3.67039106145251
32,2775,128,79.462962962963
32,2776,299,192.798850574713
32,2777,218,-301.928571428571
32,2778,-345,-231.160714285714
32,2779,-138,-127.69387755102
32,2780,75,-104
32,2781,69,-8.88059701492537
32,2782,-43,-8.88059701492537
32,2783,-52,-45.4230769230769
32,2784,12,-4.39655172413793
32,2785,159,121.963414634146
32,2786,478,247.020689655172
32,2787,-65,-173.264462809917
32,2788,-155,-173.264462809917
32,2789,-163,-138.388888888889
32,2790,-158,-104
32,2791,-102,-45.4230769230769
32,2792,-28,-45.4230769230769
32,2793,-138,-29.6822429906542
32,2794,-34,-4.39655172413793
32,2795,-35,-29.6822429906542
32,2796,-13,-3.67039106145251
32,2797,3,-3.67039106145251
32,2798,27,-3.67039106145251
32,2799,121,79.462962962963
32,2800,222,192.798850574713
32,2801,289,-87.8
32,2802,-290,-301.928571428571
32,2803,-147,-127.69387755102
32,2804,72,35.9090909090909
32,2805,62,-8.88059701492537
32,2806,-8,-8.88059701492537
32,2807,-29,-3.67039106145251
32,2808,55,-3.67039106145251
32,2809,105,89.7777777777778
32,2810,303,298.538461538462
32,2811,-122,-101.909090909091
32,2812,-178,-173.264462809917
32,2813,-132,-138.388888888889
32,2814,-104,-104
32,2815,-42,-45.4230769230769
32,2816,-92,-45.4230769230769
32,2817,-16,-4.39655172413793
32,2818,-13,-29.6822429906542
32,2819,-49,-3.67039106145251
32,2820,-13,-4.39655172413793
32,2821,-17,-29.6822429906542
32,2822,-4,-3.67039106145251
32,2823,18,-3.67039106145251
32,2824,37,79.462962962963
32,2825,125,79.462962962963
32,2826,103,192.798850574713
32,2827,188,-159.642857142857
32,2828,56,-33.6
32,2829,118,-127.69387755102
32,2830,-10,-101.909090909091
32,2831,-46,-40.1034482758621
32,2832,-2,-45.4230769230769
32,2833,45,-29.6822429906542
32,2834,-6,-18.3552631578947
32,2835,-81,-3.67039106145251
32,2836,-66,-146.6
32,2837,-147,-45.4230769230769
32,2838,-3,-146.6
32,2839,-77,-29.6822429906542
32,2840,-26,-45.4230769230769
32,2841,-48,-29.6822429906542
32,2842,-56,-45.4230769230769
32,2843,-12,-4.39655172413793
32,2844,-64,-29.6822429906542
32,2845,-29,-4.39655172413793
32,2846,-15,-29.6822429906542
32,2847,9,-3.67039106145251
32,2848,21,-3.67039106145251
32,2849,83,79.462962962963
32,2850,146,192.798850574713
32,2851,155,-33.6
32,2852,-153,-40.1034482758621
32,2853,26,-40.1034482758621
32,2854,-136,79.462962962963
32,2855,-13,-45.4230769230769
32,2856,127,-29.6822429906542
32,2857,80,-8.88059701492537
32,2858,-13,-40.1034482758621
32,2859,34,-3.67039106145251
32,2860,-36,185.272727272727
32,2861,-67,-45.4230769230769
32,2862,-84,-45.4230769230769
32,2863,-134,-45.4230769230769
32,2864,-10,-45.4230769230769
32,2865,-20,-29.6822429906542
32,2866,-16,-3.67039106145251
32,2867,-5,-3.67039106145251
32,2868,-2,-3.67039106145251
32,2869,4,-3.67039106145251
32,2870,30,-3.67039106145251
32,2871,124,79.462962962963
32,2872,281,192.798850574713
32,2873,213,-301.928571428571
32,2874,-298,-231.160714285714
32,2875,-164,-127.69387755102
32,2876,48,-104
32,2877,41,-8.88059701492537
32,2878,9,-18.3552631578947
32,2879,-16,-3.67039106145251
32,2880,34,-3.67039106145251
32,2881,151,121.963414634146
32,2882,433,247.020689655172
32,2883,-78,-40.1034482758621
32,2884,-516,-173.264462809917
32,2885,-38,-138.388888888889
32,2886,-16,-104
32,2887,-84,-3.67039106145251
32,2888,-59,-45.4230769230769
32,2889,-43,-4.39655172413793
32,2890,-26,-4.39655172413793
32,2891,-25,4.6
32,2892,-5,-3.67039106145251
32,2893,1,-3.67039106145251
32,2894,30,-3.67039106145251
32,2895,135,79.462962962963
32,2896,350,192.798850574713
32,2897,204,-301.928571428571
32,2898,-395,-231.160714285714
32,2899,-150,-127.69387755102
32,2900,78,-104
32,2901,49,-8.88059701492537
32,2902,26,-8.88059701492537
32,2903,-29,-18.3552631578947
32,2904,0,-3.67039106145251
32,2905,165,121.963414634146
32,2906,411,247.020689655172
32,2907,-253,-184.571428571429
32,2908,-149,-173.264462809917
32,2909,-118,35.9090909090909
32,2910,-78,-104
32,2911,-48,-45.4230769230769
32,2912,-96,-45.4230769230769
32,2913,-81,-4.39655172413793
32,2914,-34,-4.39655172413793
32,2915,-4,-29.6822429906542
32,2916,-10,-3.67039106145251
32,2917,1,-3.67039106145251
32,2918,32,-3.67039106145251
32,2919,147,79.462962962963
32,2920,366,192.798850574713
32,2921,187,-301.928571428571
32,2922,-364,-231.160714285714
32,2923,-151,-127.69387755102
32,2924,42,-104
32,2925,45,-18.3552631578947
32,2926,4,-18.3552631578947
32,2927,-50,-3.67039106145251
32,2928,50,-4.39655172413793
32,2929,144,89.7777777777778
32,2930,323,247.020689655172
32,2931,-100,-72.4285714285714
32,2932,-103,-173.264462809917
32,2933,-189,-138.388888888889
32,2934,-40,-104
32,2935,-70,-45.4230769230769
32,2936,-141,-45.4230769230769
32,2937,-80,-4.39655172413793
32,2938,-35,-4.39655172413793
32,2939,-5,-29.6822429906542
32,2940,-11,-3.67039106145251
32,2941,-3,-3.67039106145251
32,2942,31,-3.67039106145251
32,2943,155,79.462962962963
32,2944,289,192.798850574713
32,2945,226,-301.928571428571
32,2946,-295,-231.160714285714
32,2947,-179,-127.69387755102
32,2948,45,-104
32,2949,54,30.7529411764706
32,2950,14,-8.88059701492537
32,2951,-41,-18.3552631578947
32,2952,0,-4.39655172413793
32,2953,160,121.963414634146
32,2954,355,247.020689655172
32,2955,121,-184.571428571429
32,2956,-308,-173.264462809917
32,2957,-159,-72.4285714285714
32,2958,-145,-104
32,2959,-131,-45.4230769230769
32,2960,-41,-45.4230769230769
32,2961,-46,-45.4230769230769
32,2962,-69,-4.39655172413793
32,2963,-26,-4.39655172413793
32,2964,-8,-29.6822429906542
32,2965,0,-3.67039106145251
32,2966,30,-3.67039106145251
32,2967,113,79.462962962963
32,2968,274,192.798850574713
32,2969,319,192.798850574713
32,2970,-355,-301.928571428571
32,2971,-127,-127.69387755102
32,2972,19,35.9090909090909
32,2973,90,30.7529411764706
32,2974,-20,-8.88059701492537
32,2975,-13,-3.67039106145251
32,2976,12,-3.67039106145251
32,2977,165,121.963414634146
32,2978,297,298.538461538462
32,2979,-76,-173.264462809917
32,2980,-200,-173.264462809917
32,2981,-173,-138.388888888889
32,2982,-57,-104
32,2983,-55,-45.4230769230769
32,2984,-73,-45.4230769230769
32,2985,-43,-4.39655172413793
32,2986,-20,-4.39655172413793
32,2987,-36,4.6
32,2988,-41,-45.4230769230769
32,2989,-26,-45.4230769230769
32,2990,2,-3.67039106145251
32,2991,16,-3.67039106145251
32,2992,72,79.462962962963
32,2993,60,192.798850574713
32,2994,126,147.133333333333
32,2995,154,-33.6
32,2996,15,-40.1034482758621
32,2997,127,-40.1034482758621
32,2998,-67,-101.909090909091
32,2999,-35,-40.1034482758621
32,3000,-249,-29.6822429906542
32,3001,201,-45.4230769230769
32,3002,-31,-8.88059701492537
32,3003,-20,-173.264462809917
32,3004,-29,-3.67039106145251
32,3005,-113,-3.67039106145251
32,3006,-33,-4.39655172413793
32,3007,-26,4.6
32,3008,-24,-3.67039106145251
32,3009,-24,-3.67039106145251
32,3010,0,-3.67039106145251
32,3011,-18,-3.67039106145251
32,3012,-63,-3.67039106145251
32,3013,-37,-45.4230769230769
32,3014,0,-45.4230769230769
32,3015,5,-3.67039106145251
32,3016,13,-3.67039106145251
32,3017,99,79.462962962963
32,3018,130,192.798850574713
32,3019,122,145.96875
32,3020,97,-87.8
32,3021,144,-40.1034482758621
32,3022,-85,-101.909090909091
32,3023,-164,-40.1034482758621
32,3024,14,-45.4230769230769
32,3025,-218,-18.3552631578947
32,3026,60,-45.4230769230769
32,3027,31,-8.88059701492537
32,3028,28,-18.3552631578947
32,3029,-81,30.7529411764706
32,3030,-45,-146.6
32,3031,-52,-4.39655172413793
32,3032,-34,-45.4230769230769
32,3033,-48,-29.6822429906542
32,3034,-25,-45.4230769230769
32,3035,1,-29.6822429906542
32,3036,-4,-3.67039106145251
32,3037,8,-3.67039106145251
32,3038,24,-3.67039106145251
32,3039,109,79.462962962963
32,3040,288,192.798850574713
32,3041,266,-33.6
32,3042,-357,-127.69387755102
32,3043,-136,-127.69387755102
32,3044,23,35.9090909090909
32,3045,54,30.7529411764706
32,3046,5,-8.88059701492537
32,3047,-42,-3.67039106145251
32,3048,36,-4.39655172413793
32,3049,162,121.963414634146
32,3050,401,247.020689655172
32,3051,-11,-173.264462809917
32,3052,-261,-173.264462809917
32,3053,-157,-138.388888888889
32,3054,-138,-104
32,3055,-117,-45.4230769230769
32,3056,-47,-45.4230769230769
32,3057,-76,-45.4230769230769
32,3058,-17,-4.39655172413793
32,3059,-6,4.6
32,3060,-11,-3.67039106145251
32,3061,4,-3.67039106145251
32,3062,34,-3.67039106145251
32,3063,105,79.462962962963
32,3064,122,192.798850574713
32,3065,424,145.96875
32,3066,-298,-301.928571428571
32,3067,-191,-127.69387755102
32,3068,14,35.9090909090909
32,3069,79,-18.3552631578947
32,3070,-9,-8.88059701492537
32,3071,-37,-3.67039106145251
32,3072,66,-4.39655172413793
32,3073,163,89.7777777777778
32,3074,384,298.538461538462
32,3075,-46,-173.264462809917
32,3076,-221,-173.264462809917
32,3077,-162,-138.388888888889
32,3078,-121,-104
32,3079,-98,-45.4230769230769
32,3080,-107,-45.4230769230769
32,3081,-62,-45.4230769230769
32,3082,-33,-4.39655172413793
32,3083,-8,4.6
32,3084,3,-3.67039106145251
32,3085,1,-3.67039106145251
32,3086,30,-3.67039106145251
32,3087,141,79.462962962963
32,3088,373,192.798850574713
32,3089,254,-301.928571428571
32,3090,-460,-231.160714285714
32,3091,-170,-127.69387755102
32,3092,75,35.9090909090909
32,3093,107,-8.88059701492537
32,3094,-60,-8.88059701492537
32,3095,1,-45.4230769230769
32,3096,37,-29.6822429906542
32,3097,155,121.963414634146
32,3098,377,247.020689655172
32,3099,-58,-173.264462809917
32,3100,-169,-173.264462809917
32,3101,-216,-138.388888888889
32,3102,-114,-104
32,3103,-78,13.2307692307692
32,3104,-78,-45.4230769230769
32,3105,-92,-45.4230769230769
32,3106,-42,-4.39655172413793
32,3107,-6,-4.39655172413793
32,3108,-12,4.6
32,3109,3,-3.67039106145251
32,3110,27,-3.67039106145251
32,3111,128,79.462962962963
32,3112,369,192.798850574713
32,3113,222,-301.928571428571
32,3114,-358,-231.160714285714
32,3115,-162,-127.69387755102
32,3116,42,-104
32,3117,18,30.7529411764706
32,3118,-4,-18.3552631578947
32,3119,-17,-3.67039106145251
32,3120,65,-3.67039106145251
32,3121,144,89.7777777777778
32,3122,362,247.020689655172
32,3123,9,-72.4285714285714
32,3124,-243,-173.264462809917
32,3125,-139,-138.388888888889
32,3126,-164,-104
32,3127,-16,-45.4230769230769
32,3128,-139,-29.6822429906542
32,3129,-70,-45.4230769230769
32,3130,-50,-4.39655172413793
32,3131,-12,-4.39655172413793
32,3132,-15,-29.6822429906542
32,3133,2,-3.67039106145251
32,3134,22,-3.67039106145251
32,3135,79,79.462962962963
32,3136,313,192.798850574713
32,3137,269,192.798850574713
32,3138,-292,-301.928571428571
32,3139,-142,-127.69387755102
32,3140,53,35.9090909090909
32,3141,101,-8.88059701492537
32,3142,-42,-8.88059701492537
32,3143,68,-45.4230769230769
32,3144,90,-16.2333333333333
32,3145,2,89.7777777777778
32,3146,89,-3.67039106145251
32,3147,-71,-16.2333333333333
32,3148,-94,-45.4230769230769
32,3149,-96,-45.4230769230769
32,3150,-53,-45.4230769230769
32,3151,-26,-45.4230769230769
32,3152,-103,-29.6822429906542
32,3153,-6,-4.39655172413793
32,3154,-89,-29.6822429906542
32,3155,-10,-4.39655172413793
32,3156,-34,-29.6822429906542
32,3157,-23,-3.67039106145251
32,3158,10,-3.67039106145251
32,3159,14,79.462962962963
32,3160,30,79.462962962963
32,3161,96,30.7529411764706
32,3162,75,89.7777777777778
32,3163,180,89.7777777777778
32,3164,75,-33.6
32,3165,-21,-127.69387755102
32,3166,33,-3.67039106145251
32,3167,10,30.7529411764706
32,3168,49,-18.3552631578947
32,3169,-101,-16.2333333333333
32,3170,1,-45.4230769230769
32,3171,-21,-29.6822429906542
32,3172,-50,-3.67039106145251
32,3173,-185,-45.4230769230769
32,3174,-103,-45.4230769230769
32,3175,-26,-4.39655172413793
32,3176,67,-29.6822429906542
32,3177,-46,141.714285714286
32,3178,-26,-45.4230769230769
32,3179,11,-29.6822429906542
32,3180,-42,79.462962962963
32,3181,-20,-45.4230769230769
32,3182,-10,-3.67039106145251
32,3183,3,-3.67039106145251
32,3184,27,-3.67039106145251
32,3185,87,79.462962962963
32,3186,103,141.714285714286
32,3187,156,192.798850574713
32,3188,101,-33.6
32,3189,56,-127.69387755102
32,3190,-52,-16.2333333333333
32,3191,-36,-45.4230769230769
32,3192,-102,-45.4230769230769
32,3193,119,-45.4230769230769
32,3194,29,-8.88059701492537
32,3195,-3,-72.4285714285714
32,3196,-208,-3.67039106145251
32,3197,-188,-45.4230769230769
32,3198,67,-4.39655172413793
32,3199,-5,147.133333333333
32,3200,-43,-3.67039106145251
32,3201,-19,-45.4230769230769
32,3202,-49,-3.67039106145251
32,3203,-15,-4.39655172413793
32,3204,-12,-29.6822429906542
32,3205,-17,-3.67039106145251
32,3206,-7,-3.67039106145251
32,3207,11,-3.67039106145251
32,3208,28,79.462962962963
32,3209,84,79.462962962963
32,3210,102,192.798850574713
32,3211,130,89.7777777777778
32,3212,100,-33.6
32,3213,84,-40.1034482758621
32,3214,23,-16.2333333333333
32,3215,-54,30.7529411764706
32,3216,-63,-45.4230769230769
32,3217,51,-45.4230769230769
32,3218,-2,-8.88059701492537
32,3219,-16,-3.67039106145251
32,3220,-108,-3.67039106145251
32,3221,-113,-45.4230769230769
32,3222,-77,-45.4230769230769
32,3223,-63,-45.4230769230769
32,3224,-51,-45.4230769230769
32,3225,-41,-45.4230769230769
32,3226,-5,-4.39655172413793
32,3227,-19,-3.67039106145251
32,3228,5,-3.67039106145251
32,3229,-2,-3.67039106145251
32,3230,30,-3.67039106145251
32,3231,134,79.462962962963
32,3232,321,145.96875
32,3233,139,-301.928571428571
32,3234,-309,-231.160714285714
32,3235,-151,-40.1034482758621
32,3236,26,-104
32,3237,89,30.7529411764706
32,3238,-12,-8.88059701492537
32,3239,-1,-3.67039106145251
32,3240,18,-3.67039106145251
32,3241,166,121.963414634146
32,3242,398,247.020689655172
32,3243,-17,-173.264462809917
32,3244,-287,-173.264462809917
32,3245,-167,-138.388888888889
32,3246,-117,-104
32,3247,-89,-45.4230769230769
32,3248,-84,-45.4230769230769
32,3249,-58,-45.4230769230769
32,3250,-24,-4.39655172413793
32,3251,-4,4.6
32,3252,-5,-3.67039106145251
32,3253,1,-3.67039106145251
32,3254,35,-3.67039106145251
32,3255,170,79.462962962963
32,3256,290,192.798850574713
32,3257,225,-301.928571428571
32,3258,-435,-231.160714285714
32,3259,-55,-127.69387755102
32,3260,-18,-104
32,3261,49,-29.6822429906542
32,3262,-32,-8.88059701492537
32,3263,-23,-3.67039106145251
32,3264,34,-3.67039106145251
32,3265,185,121.963414634146
32,3266,433,247.020689655172
32,3267,-24,-301.928571428571
32,3268,-177,-173.264462809917
32,3269,-250,-138.388888888889
32,3270,-116,-104
32,3271,-77,13.2307692307692
32,3272,-69,-45.4230769230769
32,3273,-85,-45.4230769230769
32,3274,-47,-4.39655172413793
32,3275,-10,-4.39655172413793
32,3276,1,4.6
32,3277,-1,-3.67039106145251
32,3278,30,-3.67039106145251
32,3279,162,79.462962962963
32,3280,282,192.798850574713
32,3281,164,-301.928571428571
32,3282,-523,-231.160714285714
32,3283,-74,-127.69387755102
32,3284,13,-104
32,3285,75,30.7529411764706
32,3286,54,-8.88059701492537
32,3287,25,-8.88059701492537
32,3288,54,-18.3552631578947
32,3289,146,89.7777777777778
32,3290,392,247.020689655172
32,3291,27,-40.1034482758621
32,3292,-277,-127.69387755102
32,3293,-152,-138.388888888889
32,3294,-134,-104
32,3295,-55,-45.4230769230769
32,3296,-48,-45.4230769230769
32,3297,-73,-45.4230769230769
32,3298,-67,-4.39655172413793
32,3299,-18,-4.39655172413793
32,3300,-2,-29.6822429906542
32,3301,-1,-3.67039106145251
32,3302,32,-3.67039106145251
32,3303,100,79.462962962963
32,3304,346,192.798850574713
32,3305,233,192.798850574713
32,3306,-375,-231.160714285714
32,3307,-120,-127.69387755102
32,3308,72,35.9090909090909
32,3309,27,-8.88059701492537
32,3310,31,-18.3552631578947
32,3311,-101,-18.3552631578947
32,3312,78,-4.39655172413793
32,3313,139,89.7777777777778
32,3314,302,247.020689655172
32,3315,20,-40.1034482758621
32,3316,-224,-173.264462809917
32,3317,-177,-138.388888888889
32,3318,-90,-104
32,3319,-2,-45.4230769230769
32,3320,-51,-29.6822429906542
32,3321,-98,-45.4230769230769
32,3322,-33,-4.39655172413793
32,3323,-40,121.963414634146
32,3324,-34,-4.39655172413793
32,3325,-32,-3.67039106145251
32,3326,4,-3.67039106145251
32,3327,19,-3.67039106145251
32,3328,48,79.462962962963
32,3329,148,147.133333333333
32,3330,118,145.96875
32,3331,74,-87.8
32,3332,156,-40.1034482758621
32,3333,116,-101.909090909091
32,3334,-26,-127.69387755102
32,3335,-42,-40.1034482758621
32,3336,-114,-45.4230769230769
32,3337,-398,-45.4230769230769
32,3338,57,-146.6
32,3339,-4,-8.88059701492537
32,3340,48,-3.67039106145251
32,3341,-21,147.133333333333
32,3342,-13,-3.67039106145251
32,3343,13,-3.67039106145251
32,3344,-61,121.963414634146
32,3345,-9,-45.4230769230769
32,3346,0,-29.6822429906542
32,3347,-28,-3.67039106145251
32,3348,-50,-3.67039106145251
32,3349,-18,-45.4230769230769
32,3350,27,-29.6822429906542
32,3351,-20,30.7529411764706
32,3352,35,-3.67039106145251
32,3353,100,79.462962962963
32,3354,129,89.7777777777778
32,3355,196,192.798850574713
32,3356,90,-231.160714285714
32,3357,172,-127.69387755102
32,3358,-28,-33.6
32,3359,-82,-127.69387755102
32,3360,49,-45.4230769230769
32,3361,5,-8.88059701492537
32,3362,-30,-3.67039106145251
32,3363,-111,-3.67039106145251
32,3364,-64,-146.6
32,3365,-140,-4.39655172413793
32,3366,-150,-146.6
32,3367,-17,-45.4230769230769
32,3368,-97,-29.6822429906542
32,3369,-51,-4.39655172413793
32,3370,-23,-45.4230769230769
32,3371,-1,-29.6822429906542
32,3372,-5,-3.67039106145251
32,3373,-7,-3.67039106145251
32,3374,35,-3.67039106145251
32,3375,140,79.462962962963
32,3376,267,192.798850574713
32,3377,283,-159.642857142857
32,3378,-369,-301.928571428571
32,3379,-151,-127.69387755102
32,3380,26,35.9090909090909
32,3381,96,79.462962962963
32,3382,-9,-8.88059701492537
32,3383,17,-3.67039106145251
32,3384,6,-18.3552631578947
32,3385,142,121.963414634146
32,3386,383,298.538461538462
32,3387,97,-72.4285714285714
32,3388,-335,-184.571428571429
32,3389,-243,-138.388888888889
32,3390,-105,-104
32,3391,-126,13.2307692307692
32,3392,-66,-45.4230769230769
32,3393,-61,-45.4230769230769
32,3394,-22,-4.39655172413793
32,3395,-4,4.6
32,3396,2,4.6
32,3397,1,-3.67039106145251
32,3398,35,-3.67039106145251
32,3399,167,79.462962962963
32,3400,385,192.798850574713
32,3401,154,-301.928571428571
32,3402,-392,-231.160714285714
32,3403,-162,-40.1034482758621
32,3404,51,-104
32,3405,69,-8.88059701492537
32,3406,12,-8.88059701492537
32,3407,-73,-18.3552631578947
32,3408,71,-4.39655172413793
32,3409,210,89.7777777777778
32,3410,434,247.020689655172
32,3411,-93,-184.571428571429
32,3412,-281,-173.264462809917
32,3413,-135,-138.388888888889
32,3414,-151,-104
32,3415,-94,-45.4230769230769
32,3416,-107,-45.4230769230769
32,3417,-60,-4.39655172413793
32,3418,-28,-4.39655172413793
32,3419,-10,4.6
32,3420,-4,-3.67039106145251
32,3421,-2,-3.67039106145251
32,3422,43,-3.67039106145251
32,3423,157,79.462962962963
32,3424,352,192.798850574713
32,3425,213,-301.928571428571
32,3426,-442,-231.160714285714
32,3427,-123,-127.69387755102
32,3428,27,-104
32,3429,120,-18.3552631578947
32,3430,-29,-8.88059701492537
32,3431,-45,-72.4285714285714
32,3432,40,-4.39655172413793
32,3433,191,121.963414634146
32,3434,416,247.020689655172
32,3435,52,-173.264462809917
32,3436,-342,-173.264462809917
32,3437,-165,-138.388888888889
32,3438,-164,-146.6
32,3439,-94,-45.4230769230769
32,3440,-85,-45.4230769230769
32,3441,-70,-45.4230769230769
32,3442,-29,-4.39655172413793
32,3443,-19,4.6
32,3444,2,-3.67039106145251
32,3445,-5,-3.67039106145251
32,3446,51,-3.67039106145251
32,3447,138,147.133333333333
32,3448,376,192.798850574713
32,3449,187,-301.928571428571
32,3450,-420,-231.160714285714
32,3451,-126,-127.69387755102
32,3452,42,-104
32,3453,43,-18.3552631578947
32,3454,-14,-18.3552631578947
32,3455,-9,-3.67039106145251
32,3456,78,-3.67039106145251
32,3457,139,89.7777777777778
32,3458,393,247.020689655172
32,3459,-32,-72.4285714285714
32,3460,-178,-173.264462809917
32,3461,-211,-138.388888888889
32,3462,-146,-104
32,3463,-66,13.2307692307692
32,3464,-81,-45.4230769230769
32,3465,-83,-45.4230769230769
32,3466,-46,-4.39655172413793
32,3467,-11,-4.39655172413793
32,3468,-16,4.6
32,3469,-2,-3.67039106145251
32,3470,29,-3.67039106145251
32,3471,111,79.462962962963
32,3472,302,192.798850574713
32,3473,312,192.798850574713
32,3474,-419,-301.928571428571
32,3475,-101,-127.69387755102
32,3476,34,35.9090909090909
32,3477,129,30.7529411764706
32,3478,-1,-8.88059701492537
32,3479,-37,-72.4285714285714
32,3480,-4,-4.39655172413793
32,3481,196,121.963414634146
32,3482,331,298.538461538462
32,3483,-86,-173.264462809917
32,3484,-229,-173.264462809917
32,3485,-175,-138.388888888889
32,3486,-92,-146.6
32,3487,-83,-45.4230769230769
32,3488,-34,-45.4230769230769
32,3489,12,-29.6822429906542
32,3490,-98,30.7529411764706
32,3491,-16,-4.39655172413793
32,3492,-56,-29.6822429906542
32,3493,-31,-4.39655172413793
32,3494,10,-29.6822429906542
32,3495,17,79.462962962963
32,3496,40,79.462962962963
32,3497,139,30.7529411764706
32,3498,130,-33.6
32,3499,100,-40.1034482758621
32,3500,185,-40.1034482758621
32,3501,79,-101.909090909091
32,3502,-2,-127.69387755102
32,3503,11,-3.67039106145251
32,3504,-61,-18.3552631578947
32,3505,129,-45.4230769230769
32,3506,-54,-8.88059701492537
32,3507,-115,-72.4285714285714
32,3508,-136,-45.4230769230769
32,3509,-148,-146.6
32,3510,-34,-45.4230769230769
32,3511,-17,-29.6822429906542
32,3512,-50,-3.67039106145251
32,3513,-78,-4.39655172413793
32,3514,-34,-4.39655172413793
32,3515,-28,-29.6822429906542
32,3516,-41,-3.67039106145251
32,3517,-40,-45.4230769230769
32,3518,5,-45.4230769230769
32,3519,22,-3.67039106145251
32,3520,36,79.462962962963
32,3521,57,79.462962962963
32,3522,168,147.133333333333
32,3523,194,-33.6
32,3524,69,-127.69387755102
32,3525,97,-127.69387755102
32,3526,38,-16.2333333333333
32,3527,-59,-18.3552631578947
32,3528,-78,-45.4230769230769
32,3529,39,-45.4230769230769
32,3530,-26,-18.3552631578947
32,3531,-89,-3.67039106145251
32,3532,-78,-146.6
32,3533,-79,-45.4230769230769
32,3534,-133,-4.39655172413793
32,3535,-64,-45.4230769230769
32,3536,-33,-45.4230769230769
32,3537,-49,-29.6822429906542
32,3538,-24,-4.39655172413793
32,3539,-8,-29.6822429906542
32,3540,-6,-3.67039106145251
32,3541,4,-3.67039106145251
32,3542,34,-3.67039106145251
32,3543,119,79.462962962963
32,3544,328,192.798850574713
32,3545,191,-301.928571428571
32,3546,-384,-231.160714285714
32,3547,-97,-127.69387755102
32,3548,50,-104
32,3549,43,-8.88059701492537
32,3550,48,-18.3552631578947
32,3551,-11,-16.2333333333333
32,3552,6,-3.67039106145251
32,3553,115,121.963414634146
32,3554,389,247.020689655172
32,3555,-68,-8.88059701492537
32,3556,-288,-173.264462809917
32,3557,-146,-138.388888888889
32,3558,-107,-104
32,3559,-104,-45.4230769230769
32,3560,-59,-45.4230769230769
32,3561,-57,-45.4230769230769
32,3562,-8,-4.39655172413793
32,3563,-1,4.6
32,3564,2,-3.67039106145251
32,3565,1,-3.67039106145251
32,3566,41,-3.67039106145251
32,3567,119,79.462962962963
32,3568,189,192.798850574713
32,3569,316,-159.642857142857
32,3570,-379,-301.928571428571
32,3571,-133,-127.69387755102
32,3572,-9,35.9090909090909
32,3573,-63,-29.6822429906542
32,3574,26,-45.4230769230769
32,3575,29,-18.3552631578947
32,3576,-107,-18.3552631578947
32,3577,105,-4.39655172413793
32,3578,197,298.538461538462
32,3579,-57,-33.6
32,3580,43,-184.571428571429
32,3581,-34,79.462962962963
32,3582,-83,-3.67039106145251
32,3583,-56,-45.4230769230769
32,3584,-73,-45.4230769230769
32,3585,-52,-45.4230769230769
32,3586,-14,-45.4230769230769
32,3587,-9,-29.6822429906542
32,3588,2,-3.67039106145251
32,3589,5,-3.67039106145251
32,3590,46,-3.67039106145251
32,3591,116,147.133333333333
32,3592,373,192.798850574713
32,3593,252,-301.928571428571
32,3594,-435,-231.160714285714
32,3595,-170,-127.69387755102
32,3596,55,35.9090909090909
32,3597,66,-8.88059701492537
32,3598,-24,-8.88059701492537
32,3599,-3,-3.67039106145251
32,3600,25,-3.67039106145251
32,3601,155,121.963414634146
32,3602,420,247.020689655172
32,3603,6,-173.264462809917
32,3604,-281,-173.264462809917
32,3605,-202,-138.388888888889
32,3606,-60,-104
32,3607,-120,13.2307692307692
32,3608,-106,-45.4230769230769
32,3609,-65,-45.4230769230769
32,3610,-40,-4.39655172413793
32,3611,-7,-4.39655172413793
32,3612,-5,4.6
32,3613,0,-3.67039106145251
32,3614,50,-3.67039106145251
32,3615,114,147.133333333333
32,3616,364,192.798850574713
32,3617,256,192.798850574713
32,3618,-435,-231.160714285714
32,3619,-165,-127.69387755102
32,3620,53,35.9090909090909
32,3621,47,-8.88059701492537
32,3622,46,-8.88059701492537
32,3623,-38,-16.2333333333333
32,3624,-7,-4.39655172413793
32,3625,166,121.963414634146
32,3626,519,247.020689655172
32,3627,-76,-184.571428571429
32,3628,-297,-173.264462809917
32,3629,-186,-138.388888888889
32,3630,-143,-104
32,3631,13,-45.4230769230769
32,3632,-133,79.462962962963
32,3633,-88,-4.39655172413793
32,3634,-17,-4.39655172413793
32,3635,-35,121.963414634146
32,3636,-2,-3.67039106145251
32,3637,-2,-3.67039106145251
32,3638,39,-3.67039106145251
32,3639,116,30.7529411764706
32,3640,338,192.798850574713
32,3641,254,-301.928571428571
32,3642,-374,-87.8
32,3643,-158,-127.69387755102
32,3644,96,35.9090909090909
32,3645,68,-8.88059701492537
32,3646,32,-8.88059701492537
32,3647,-9,-18.3552631578947
32,3648,11,-3.67039106145251
32,3649,144,121.963414634146
32,3650,279,247.020689655172
32,3651,-41,-40.1034482758621
32,3652,-217,-173.264462809917
32,3653,-219,-138.388888888889
32,3654,-57,-104
32,3655,-17,13.2307692307692
32,3656,-109,-29.6822429906542
32,3657,-14,-45.4230769230769
32,3658,-48,-29.6822429906542
32,3659,-41,-4.39655172413793
32,3660,-38,-45.4230769230769
32,3661,-30,-45.4230769230769
32,3662,2,-3.67039106145251
32,3663,24,-3.67039106145251
32,3664,36,79.462962962963
32,3665,141,79.462962962963
32,3666,159,192.798850574713
32,3667,97,-87.8
32,3668,152,-127.69387755102
32,3669,62,-101.909090909091
32,3670,19,-40.1034482758621
32,3671,-53,-18.3552631578947
32,3672,96,-45.4230769230769
32,3673,-70,-8.88059701492537
32,3674,-34,-146.6
32,3675,-48,-29.6822429906542
32,3676,-191,-45.4230769230769
32,3677,-82,-146.6
32,3678,-64,13.2307692307692
32,3679,-22,-4.39655172413793
32,3680,-68,-29.6822429906542
32,3681,9,-45.4230769230769
32,3682,-38,-29.6822429906542
32,3683,-47,-4.39655172413793
32,3684,-41,-45.4230769230769
32,3685,-44,-45.4230769230769
32,3686,-4,-45.4230769230769
32,3687,10,-3.67039106145251
32,3688,41,79.462962962963
32,3689,118,30.7529411764706
32,3690,101,192.798850574713
32,3691,213,-87.8
32,3692,81,-33.6
32,3693,206,-127.69387755102
32,3694,-74,-101.909090909091
32,3695,-36,-127.69387755102
32,3696,-26,-45.4230769230769
32,3697,51,-3.67039106145251
32,3698,32,-8.88059701492537
32,3699,-183,-18.3552631578947
32,3700,-127,-4.39655172413793
32,3701,-161,-45.4230769230769
32,3702,-56,-146.6
32,3703,-58,-45.4230769230769
32,3704,-38,-45.4230769230769
32,3705,-36,-4.39655172413793
32,3706,-46,-4.39655172413793
32,3707,-10,-4.39655172413793
32,3708,-3,-29.6822429906542
32,3709,3,-3.67039106145251
32,3710,29,-3.67039106145251
32,3711,131,79.462962962963
32,3712,362,192.798850574713
32,3713,220,-301.928571428571
32,3714,-422,-231.160714285714
32,3715,-130,-127.69387755102
32,3716,40,-104
32,3717,104,30.7529411764706
32,3718,-14,-8.88059701492537
32,3719,-25,-3.67039106145251
32,3720,-3,-3.67039106145251
32,3721,216,121.963414634146
32,3722,382,247.020689655172
32,3723,-45,-173.264462809917
32,3724,-263,-173.264462809917
32,3725,-158,-138.388888888889
32,3726,-176,-104
32,3727,-84,-45.4230769230769
32,3728,-78,-45.4230769230769
32,3729,-30,-45.4230769230769
32,3730,-51,-29.6822429906542
32,3731,1,-4.39655172413793
32,3732,-9,-29.6822429906542
32,3733,4,-3.67039106145251
32,3734,38,-3.67039106145251
32,3735,147,79.462962962963
32,3736,362,192.798850574713
32,3737,249,-301.928571428571
32,3738,-396,-231.160714285714
32,3739,-239,-127.69387755102
32,3740,48,35.9090909090909
32,3741,84,-8.88059701492537
32,3742,3,-8.88059701492537
32,3743,-12,-3.67039106145251
32,3744,10,-3.67039106145251
32,3745,192,121.963414634146
32,3746,472,247.020689655172
32,3747,-145,-173.264462809917
32,3748,-283,-173.264462809917
32,3749,-114,-138.388888888889
32,3750,-128,-104
32,3751,-109,-45.4230769230769
32,3752,-90,-45.4230769230769
32,3753,-58,-4.39655172413793
32,3754,-11,-4.39655172413793
32,3755,-12,4.6
32,3756,-7,-3.67039106145251
32,3757,4,-3.67039106145251
32,3758,22,-3.67039106145251
32,3759,146,79.462962962963
32,3760,350,192.798850574713
32,3761,306,-301.928571428571
32,3762,-504,-301.928571428571
32,3763,-149,-127.69387755102
32,3764,42,35.9090909090909
32,3765,89,30.7529411764706
32,3766,24,-8.88059701492537
32,3767,-63,-18.3552631578947
32,3768,23,-4.39655172413793
32,3769,168,121.963414634146
32,3770,485,298.538461538462
32,3771,-69,-184.571428571429
32,3772,-257,-173.264462809917
32,3773,-193,-138.388888888889
32,3774,-74,-104
32,3775,-145,13.2307692307692
32,3776,-100,-45.4230769230769
32,3777,-50,-45.4230769230769
32,3778,-44,-4.39655172413793
32,3779,-5,-4.39655172413793
32,3780,-9,4.6
32,3781,1,-3.67039106145251
32,3782,58,-3.67039106145251
32,3783,103,147.133333333333
32,3784,389,192.798850574713
32,3785,236,192.798850574713
32,3786,-459,-231.160714285714
32,3787,-127,-127.69387755102
32,3788,86,35.9090909090909
32,3789,41,-8.88059701492537
32,3790,-9,-18.3552631578947
32,3791,-68,-3.67039106145251
32,3792,38,-4.39655172413793
32,3793,176,121.963414634146
32,3794,433,247.020689655172
32,3795,-6,-173.264462809917
32,3796,-340,-173.264462809917
32,3797,-102,-138.388888888889
32,3798,-204,-104
32,3799,-206,-45.4230769230769
32,3800,-2,13.2307692307692
32,3801,-28,-29.6822429906542
32,3802,-4,-3.67039106145251
32,3803,-3,4.6
32,3804,-3,-3.67039106145251
32,3805,5,4.6
32,3806,26,121.963414634146
32,3807,100,79.462962962963
32,3808,256,192.798850574713
32,3809,311,145.96875
32,3810,-279,-301.928571428571
32,3811,-181,-127.69387755102
32,3812,116,35.9090909090909
32,3813,19,-8.88059701492537
32,3814,30,-40.1034482758621
32,3815,-11,-18.3552631578947
32,3816,-7,-3.67039106145251
32,3817,110,121.963414634146
32,3818,306,298.538461538462
32,3819,-141,-8.88059701492537
32,3820,-159,-173.264462809917
32,3821,-172,-138.388888888889
32,3822,-99,-104
32,3823,-17,-45.4230769230769
32,3824,-30,-29.6822429906542
32,3825,-41,-3.67039106145251
32,3826,-48,-4.39655172413793
32,3827,-9,-4.39655172413793
32,3828,-63,-29.6822429906542
32,3829,-15,-45.4230769230769
32,3830,1,-29.6822429906542
32,3831,22,-3.67039106145251
32,3832,36,79.462962962963
32,3833,138,79.462962962963
32,3834,121,192.798850574713
32,3835,140,-87.8
32,3836,191,-40.1034482758621
32,3837,19,-40.1034482758621
32,3838,4,-127.69387755102
32,3839,64,-3.67039106145251
32,3840,-23,-8.88059701492537
32,3841,-5,-3.67039106145251
32,3842,-10,-3.67039106145251
32,3843,-118,-3.67039106145251
32,3844,-124,-146.6
32,3845,-155,-146.6
32,3846,-23,-45.4230769230769
32,3847,-71,-29.6822429906542
32,3848,-25,-45.4230769230769
32,3849,-49,-29.6822429906542
32,3850,-31,-4.39655172413793
32,3851,-24,-29.6822429906542
32,3852,-34,-3.67039106145251
32,3853,-51,-3.67039106145251
32,3854,3,-45.4230769230769
32,3855,12,-29.6822429906542
32,3856,35,79.462962962963
32,3857,87,79.462962962963
32,3858,141,192.798850574713
32,3859,194,-33.6
32,3860,112,-40.1034482758621
32,3861,89,-127.69387755102
32,3862,-86,-16.2333333333333
32,3863,18,-45.4230769230769
32,3864,37,-18.3552631578947
32,3865,-1,-18.3552631578947
32,3866,-73,-3.67039106145251
32,3867,-174,-146.6
32,3868,-144,-4.39655172413793
32,3869,-63,-45.4230769230769
32,3870,-71,-45.4230769230769
32,3871,-32,-45.4230769230769
32,3872,-34,-29.6822429906542
32,3873,-12,-3.67039106145251
32,3874,-27,-3.67039106145251
32,3875,-6,-3.67039106145251
32,3876,-5,-3.67039106145251
32,3877,3,-3.67039106145251
32,3878,26,-3.67039106145251
32,3879,119,79.462962962963
32,3880,328,192.798850574713
32,3881,301,-301.928571428571
32,3882,-444,-301.928571428571
32,3883,-161,-127.69387755102
32,3884,93,35.9090909090909
32,3885,51,-8.88059701492537
32,3886,-18,-8.88059701492537
32,3887,-61,-3.67039106145251
32,3888,85,-4.39655172413793
32,3889,130,89.7777777777778
32,3890,397,298.538461538462
32,3891,-243,-72.4285714285714
32,3892,-97,-173.264462809917
32,3893,-254,35.9090909090909
32,3894,-44,-104
32,3895,-11,13.2307692307692
32,3896,-102,-3.67039106145251
32,3897,-74,-4.39655172413793
32,3898,-20,-4.39655172413793
32,3899,-9,-29.6822429906542
32,3900,3,4.6
32,3901,5,-3.67039106145251
32,3902,33,-3.67039106145251
32,3903,136,79.462962962963
32,3904,81,192.798850574713
32,3905,-126,-159.642857142857
32,3906,-48,-45.4230769230769
32,3907,-41,-45.4230769230769
32,3908,54,-45.4230769230769
32,3909,5,-8.88059701492537
32,3910,50,-3.67039106145251
32,3911,9,-16.2333333333333
32,3912,46,-3.67039106145251
32,3913,165,147.133333333333
32,3914,341,-33.6
32,3915,-28,-184.571428571429
32,3916,-292,-127.69387755102
32,3917,-89,-138.388888888889
32,3918,-17,-104
32,3919,-49,-29.6822429906542
32,3920,-142,-45.4230769230769
32,3921,-46,-45.4230769230769
32,3922,-33,-4.39655172413793
32,3923,-10,4.6
32,3924,-2,-3.67039106145251
32,3925,4,-3.67039106145251
32,3926,23,-3.67039106145251
32,3927,143,79.462962962963
32,3928,338,192.798850574713
32,3929,294,-301.928571428571
32,3930,-447,-301.928571428571
32,3931,-187,-127.69387755102
32,3932,55,35.9090909090909
32,3933,128,-8.88059701492537
32,3934,-79,-8.88059701492537
32,3935,-28,-72.4285714285714
32,3936,68,-29.6822429906542
32,3937,159,89.7777777777778
32,3938,439,298.538461538462
32,3939,-107,-173.264462809917
32,3940,-217,-173.264462809917
32,3941,-96,-138.388888888889
32,3942,-288,-146.6
32,3943,32,-45.4230769230769
32,3944,-21,-18.3552631578947
32,3945,-144,-3.67039106145251
32,3946,-51,-4.39655172413793
32,3947,-12,-4.39655172413793
32,3948,-2,-29.6822429906542
32,3949,-1,4.6
32,3950,29,-3.67039106145251
32,3951,94,30.7529411764706
32,3952,258,192.798850574713
32,3953,347,192.798850574713
32,3954,-379,-301.928571428571
32,3955,-182,-127.69387755102
32,3956,37,35.9090909090909
32,3957,74,30.7529411764706
32,3958,6,-8.88059701492537
32,3959,-27,-3.67039106145251
32,3960,58,-3.67039106145251
32,3961,172,89.7777777777778
32,3962,404,298.538461538462
32,3963,-14,-184.571428571429
32,3964,-353,-173.264462809917
32,3965,-93,-138.388888888889
32,3966,-120,-104
32,3967,-89,-45.4230769230769
32,3968,-77,-45.4230769230769
32,3969,-53,-45.4230769230769
32,3970,-56,-4.39655172413793
32,3971,-35,-4.39655172413793
32,3972,5,-29.6822429906542
32,3973,-5,-3.67039106145251
32,3974,30,-3.67039106145251
32,3975,96,79.462962962963
32,3976,291,145.96875
32,3977,357,192.798850574713
32,3978,-401,-301.928571428571
32,3979,-124,-127.69387755102
32,3980,44,35.9090909090909
32,3981,164,30.7529411764706
32,3982,-44,-8.88059701492537
32,3983,-24,-173.264462809917
32,3984,70,-3.67039106145251
32,3985,164,89.7777777777778
32,3986,266,298.538461538462
32,3987,-139,-173.264462809917
32,3988,-261,-173.264462809917
32,3989,-128,-138.388888888889
32,3990,-105,-146.6
32,3991,-3,-45.4230769230769
32,3992,-93,-29.6822429906542
32,3993,20,-4.39655172413793
32,3994,-50,30.7529411764706
32,3995,-66,-4.39655172413793
32,3996,-19,-4.39655172413793
32,3997,-45,-29.6822429906542
32,3998,-1,-4.39655172413793
32,3999,20,-29.6822429906542
32,4000,54,79.462962962963
32,4001,122,147.133333333333
32,4002,189,192.798850574713
32,4003,144,-231.160714285714
32,4004,108,-127.69387755102
32,4005,96,-40.1034482758621
32,4006,-33,-16.2333333333333
32,4007,-134,-3.67039106145251
32,4008,44,-45.4230769230769
32,4009,39,-18.3552631578947
32,4010,-49,-18.3552631578947
32,4011,-115,-146.6
32,4012,-154,-146.6
32,4013,-94,-4.39655172413793
32,4014,-32,-45.4230769230769
32,4015,-30,-29.6822429906542
32,4016,-6,-3.67039106145251
32,4017,-52,-3.67039106145251
32,4018,-18,-4.39655172413793
32,4019,-35,-29.6822429906542
32,4020,-52,-3.67039106145251
32,4021,-11,-45.4230769230769
32,4022,-1,-29.6822429906542
32,4023,13,-3.67039106145251
32,4024,12,30.7529411764706
32,4025,27,79.462962962963
32,4026,24,79.462962962963
32,4027,99,79.462962962963
32,4028,151,89.7777777777778
32,4029,56,-8.88059701492537
32,4030,-72,-40.1034482758621
32,4031,-6,-45.4230769230769
32,4032,-8,-29.6822429906542
32,4033,27,-3.67039106145251
32,4034,-176,-18.3552631578947
32,4035,-51,-45.4230769230769
32,4036,8,-4.39655172413793
32,4037,2,-29.6822429906542
32,4038,-3,-3.67039106145251
32,4039,-34,-3.67039106145251
32,4040,1,-3.67039106145251
32,4041,-29,-3.67039106145251
32,4042,-14,-3.67039106145251
32,4043,-22,-3.67039106145251
32,4044,-5,-3.67039106145251
32,4045,-3,-3.67039106145251
32,4046,12,-3.67039106145251
32,4047,40,79.462962962963
32,4048,95,30.7529411764706
32,4049,243,192.798850574713
32,4050,-65,-33.6
32,4051,-34,-127.69387755102
32,4052,10,-29.6822429906542
32,4053,33,30.7529411764706
32,4054,64,-18.3552631578947
32,4055,15,-8.88059701492537
32,4056,-50,-18.3552631578947
32,4057,7,-45.4230769230769
32,4058,120,-29.6822429906542
32,4059,-41,-8.88059701492537
32,4060,-85,-40.1034482758621
32,4061,-144,-45.4230769230769
32,4062,-76,-45.4230769230769
32,4063,-44,-45.4230769230769
32,4064,-38,-45.4230769230769
32,4065,-38,-45.4230769230769
32,4066,-18,-4.39655172413793
32,4067,-6,-3.67039106145251
32,4068,-4,-3.67039106145251
32,4069,4,-3.67039106145251
32,4070,12,-3.67039106145251
32,4071,124,79.462962962963
32,4072,219,192.798850574713
32,4073,351,-159.642857142857
32,4074,-331,-301.928571428571
32,4075,-218,-127.69387755102
32,4076,29,35.9090909090909
32,4077,67,30.7529411764706
32,4078,-22,-8.88059701492537
32,4079,6,-3.67039106145251
32,4080,10,-3.67039106145251
32,4081,170,121.963414634146
32,4082,382,298.538461538462
32,4083,-22,-173.264462809917
32,4084,-270,-184.571428571429
32,4085,-154,-138.388888888889
32,4086,-135,-104
32,4087,-63,-45.4230769230769
32,4088,-78,-45.4230769230769
32,4089,-51,-45.4230769230769
32,4090,-25,-4.39655172413793
32,4091,0,4.6
32,4092,-2,-3.67039106145251
32,4093,0,-3.67039106145251
32,4094,34,-3.67039106145251
32,4095,135,79.462962962963
32,4096,332,192.798850574713
32,4097,332,-301.928571428571
32,4098,-473,-301.928571428571
32,4099,-149,-127.69387755102
32,4100,74,35.9090909090909
32,4101,99,-8.88059701492537
32,4102,-93,-8.88059701492537
32,4103,-26,-45.4230769230769
32,4104,48,-29.6822429906542
32,4105,247,89.7777777777778
32,4106,382,298.538461538462
32,4107,-104,-173.264462809917
32,4108,-278,-173.264462809917
32,4109,-174,-138.388888888889
32,4110,-123,-104
32,4111,-72,-45.4230769230769
32,4112,-61,-45.4230769230769
32,4113,-94,-4.39655172413793
32,4114,-31,-4.39655172413793
32,4115,0,4.6
32,4116,-8,-3.67039106145251
32,4117,7,-3.67039106145251
32,4118,32,-3.67039106145251
32,4119,117,79.462962962963
32,4120,319,192.798850574713
32,4121,320,-301.928571428571
32,4122,-443,-127.69387755102
32,4123,-151,-127.69387755102
32,4124,47,35.9090909090909
32,4125,75,-8.88059701492537
32,4126,-35,-8.88059701492537
32,4127,57,-3.67039106145251
32,4128,112,-16.2333333333333
32,4129,21,89.7777777777778
32,4130,346,185.272727272727
32,4131,-135,-101.909090909091
32,4132,51,-127.69387755102
32,4133,-328,184.75
32,4134,-155,-104
32,4135,-83,13.2307692307692
32,4136,9,-45.4230769230769
32,4137,-118,-29.6822429906542
32,4138,-31,-45.4230769230769
32,4139,-21,-29.6822429906542
32,4140,-10,121.963414634146
32,4141,2,-3.67039106145251
32,4142,27,-3.67039106145251
32,4143,108,79.462962962963
32,4144,249,192.798850574713
32,4145,353,192.798850574713
32,4146,-345,-301.928571428571
32,4147,-125,-127.69387755102
32,4148,38,35.9090909090909
32,4149,74,30.7529411764706
32,4150,-6,-8.88059701492537
32,4151,-10,-3.67039106145251
32,4152,84,-3.67039106145251
32,4153,65,89.7777777777778
32,4154,317,298.538461538462
32,4155,-195,-101.909090909091
32,4156,-149,-173.264462809917
32,4157,-185,35.9090909090909
32,4158,-118,-104
32,4159,-30,-45.4230769230769
32,4160,-60,-29.6822429906542
32,4161,149,-4.39655172413793
32,4162,-103,192.798850574713
32,4163,-79,-87.8
32,4164,-52,-4.39655172413793
32,4165,-4,-45.4230769230769
32,4166,0,-29.6822429906542
32,4167,17,-3.67039106145251
32,4168,42,79.462962962963
32,4169,104,30.7529411764706
32,4170,92,192.798850574713
32,4171,81,89.7777777777778
32,4172,180,89.7777777777778
32,4173,46,-101.909090909091
32,4174,97,-127.69387755102
32,4175,-73,-16.2333333333333
32,4176,18,-45.4230769230769
32,4177,22,-18.3552631578947
32,4178,-109,-18.3552631578947
32,4179,-55,-45.4230769230769
32,4180,-141,-45.4230769230769
32,4181,-77,-4.39655172413793
32,4182,-51,-45.4230769230769
32,4183,-15,-45.4230769230769
32,4184,-64,-29.6822429906542
32,4185,-14,-45.4230769230769
32,4186,1,-29.6822429906542
32,4187,-46,-3.67039106145251
32,4188,-38,-45.4230769230769
32,4189,-16,-45.4230769230769
32,4190,-1,-3.67039106145251
32,4191,13,-3.67039106145251
32,4192,27,79.462962962963
32,4193,81,79.462962962963
32,4194,91,192.798850574713
32,4195,205,89.7777777777778
32,4196,66,-33.6
32,4197,68,-127.69387755102
32,4198,57,-16.2333333333333
32,4199,-2,-16.2333333333333
32,4200,-49,-3.67039106145251
32,4201,13,-45.4230769230769
32,4202,-42,-18.3552631578947
32,4203,-86,-45.4230769230769
32,4204,-117,-146.6
32,4205,-90,-45.4230769230769
32,4206,-50,-45.4230769230769
32,4207,-71,-45.4230769230769
32,4208,-20,-45.4230769230769
32,4209,-57,-29.6822429906542
32,4210,-19,-4.39655172413793
32,4211,-23,-29.6822429906542
32,4212,-2,-3.67039106145251
32,4213,6,-3.67039106145251
32,4214,30,-3.67039106145251
32,4215,107,79.462962962963
32,4216,329,192.798850574713
32,4217,261,145.96875
32,4218,-378,-127.69387755102
32,4219,-191,-127.69387755102
32,4220,95,35.9090909090909
32,4221,21,-8.88059701492537
32,4222,-138,-18.3552631578947
32,4223,39,-45.4230769230769
32,4224,75,-18.3552631578947
32,4225,187,89.7777777777778
32,4226,319,247.020689655172
32,4227,-174,-173.264462809917
32,4228,-353,-127.69387755102
32,4229,17,35.9090909090909
32,4230,-50,79.462962962963
32,4231,-80,-45.4230769230769
32,4232,-45,-45.4230769230769
32,4233,-33,-4.39655172413793
32,4234,-35,-29.6822429906542
32,4235,-10,4.6
32,4236,-1,-3.67039106145251
32,4237,5,-3.67039106145251
32,4238,45,-3.67039106145251
32,4239,120,79.462962962963
32,4240,353,192.798850574713
32,4241,310,-301.928571428571
32,4242,-480,-301.928571428571
32,4243,-133,-127.69387755102
32,4244,6,35.9090909090909
32,4245,97,-29.6822429906542
32,4246,3,-8.88059701492537
32,4247,-20,-3.67039106145251
32,4248,38,-3.67039106145251
32,4249,100,121.963414634146
32,4250,497,298.538461538462
32,4251,-105,-101.909090909091
32,4252,-307,-173.264462809917
32,4253,-99,-138.388888888889
32,4254,-237,-104
32,4255,-14,-45.4230769230769
32,4256,18,-29.6822429906542
32,4257,-150,-18.3552631578947
32,4258,-32,-4.39655172413793
32,4259,-1,121.963414634146
32,4260,-9,-3.67039106145251
32,4261,-3,4.6
32,4262,37,-3.67039106145251
32,4263,137,79.462962962963
32,4264,286,192.798850574713
32,4265,353,-301.928571428571
32,4266,-435,-301.928571428571
32,4267,-154,-127.69387755102
32,4268,6,35.9090909090909
32,4269,98,-29.6822429906542
32,4270,-22,-8.88059701492537
32,4271,-40,-3.67039106145251
32,4272,31,-4.39655172413793
32,4273,165,121.963414634146
32,4274,422,298.538461538462
32,4275,-4,-301.928571428571
32,4276,-368,-173.264462809917
32,4277,-102,-138.388888888889
32,4278,-85,-104
32,4279,-114,-45.4230769230769
32,4280,-116,-45.4230769230769
32,4281,-42,-45.4230769230769
32,4282,-43,-4.39655172413793
32,4283,0,-4.39655172413793
32,4284,-9,-3.67039106145251
32,4285,0,-3.67039106145251
32,4286,37,-3.67039106145251
32,4287,111,79.462962962963
32,4288,355,192.798850574713
32,4289,326,192.798850574713
32,4290,-447,-301.928571428571
32,4291,-169,-127.69387755102
32,4292,50,35.9090909090909
32,4293,109,-8.88059701492537
32,4294,-45,-8.88059701492537
32,4295,-47,-45.4230769230769
32,4296,68,-4.39655172413793
32,4297,97,89.7777777777778
32,4298,440,298.538461538462
32,4299,-102,-101.909090909091
32,4300,-275,-173.264462809917
32,4301,-126,-138.388888888889
32,4302,-104,-104
32,4303,-54,-45.4230769230769
32,4304,-112,-45.4230769230769
32,4305,-61,-4.39655172413793
32,4306,-40,-4.39655172413793
32,4307,-6,-4.39655172413793
32,4308,-5,-3.67039106145251
32,4309,1,-3.67039106145251
32,4310,30,-3.67039106145251
32,4311,95,79.462962962963
32,4312,23,192.798850574713
32,4313,313,79.462962962963
32,4314,-78,-33.6
32,4315,-165,-127.69387755102
32,4316,28,-138.388888888889
32,4317,80,30.7529411764706
32,4318,43,-8.88059701492537
32,4319,-10,30.7529411764706
32,4320,30,-3.67039106145251
32,4321,170,30.7529411764706
32,4322,-140,-33.6
32,4323,-192,-184.571428571429
32,4324,-1,-45.4230769230769
32,4325,-3,-29.6822429906542
32,4326,-23,-3.67039106145251
32,4327,-16,-3.67039106145251
32,4328,-59,-3.67039106145251
32,4329,-8,-4.39655172413793
32,4330,-28,4.6
32,4331,-17,-3.67039106145251
32,4332,-49,-3.67039106145251
32,4333,-11,-45.4230769230769
32,4334,-5,-29.6822429906542
32,4335,18,-3.67039106145251
32,4336,34,79.462962962963
32,4337,128,79.462962962963
32,4338,170,192.798850574713
32,4339,60,-87.8
32,4340,189,-127.69387755102
32,4341,91,-33.6
32,4342,11,-127.69387755102
33,1,-51,-52.387417218543
33,2,-63,-52.387417218543
33,3,-30,-52.387417218543
33,4,-46,-8.1296875
33,5,-6,-11.2444444444444
33,6,-4,-8.1296875
33,7,-1,-8.1296875
33,8,1,-8.1296875
33,9,19,-8.1296875
33,10,98,75.1261261261261
33,11,270,199.239669421488
33,12,221,120.68
33,13,-303,-235.038961038961
33,14,-146,-156.584269662921
33,15,22,1.61290322580645
33,16,40,-9.52380952380952
33,17,0,-9.52380952380952
33,18,-8,-8.1296875
33,19,20,-8.1296875
33,20,126,117.850574712644
33,21,329,273.847826086957
33,22,-59,-40.6428571428571
33,23,-150,-161.2
33,24,-197,-141.936507936508
33,25,-59,-52.387417218543
33,26,-69,-52.387417218543
33,27,-84,-52.387417218543
33,28,-37,-52.387417218543
33,29,-11,-11.2444444444444
33,30,-18,-8.1296875
33,31,-4,-6.46153846153846
33,32,3,-8.1296875
33,33,18,-8.1296875
33,34,82,75.1261261261261
33,35,283,199.239669421488
33,36,265,175.453846153846
33,37,-333,-235.038961038961
33,38,-139,-156.584269662921
33,39,37,47.5
33,40,50,-9.52380952380952
33,41,-41,-50.5925925925926
33,42,-5,-52.387417218543
33,43,6,-8.1296875
33,44,147,117.850574712644
33,45,356,273.847826086957
33,46,-23,-40.6428571428571
33,47,-166,-161.2
33,48,-163,-141.936507936508
33,49,-141,-52.387417218543
33,50,-47,-52.387417218543
33,51,-88,-52.387417218543
33,52,-61,-52.387417218543
33,53,-20,-11.2444444444444
33,54,-10,-8.1296875
33,55,-7,-8.1296875
33,56,-3,-8.1296875
33,57,14,-8.1296875
33,58,110,75.1261261261261
33,59,98,199.239669421488
33,60,137,199.239669421488
33,61,-161,-6
33,62,-62,-95.1176470588235
33,63,12,-52.387417218543
33,64,53,75.1261261261261
33,65,-7,-50.5925925925926
33,66,-28,-8.1296875
33,67,35,-8.1296875
33,68,114,67.6363636363636
33,69,296,199.239669421488
33,70,50,-117.9
33,71,-200,-227.5625
33,72,-127,-141.936507936508
33,73,-87,-52.387417218543
33,74,-67,-52.387417218543
33,75,-71,-52.387417218543
33,76,-39,-52.387417218543
33,77,-38,-11.2444444444444
33,78,-13,-11.2444444444444
33,79,-19,-8.1296875
33,80,3,-8.1296875
33,81,13,-8.1296875
33,82,101,75.1261261261261
33,83,195,199.239669421488
33,84,277,120.68
33,85,-258,-298.758620689655
33,86,-98,-156.584269662921
33,87,-3,47.5
33,88,74,-8.1296875
33,89,-1,-50.5925925925926
33,90,-6,-8.1296875
33,91,24,-8.1296875
33,92,116,117.850574712644
33,93,262,232.027027027027
33,94,-48,-131.875
33,95,-213,-161.2
33,96,-152,-141.936507936508
33,97,-81,1.61290322580645
33,98,-50,-52.387417218543
33,99,-42,-52.387417218543
33,100,-13,-52.387417218543
33,101,-36,-8.1296875
33,102,-10,-6.46153846153846
33,103,-31,-8.1296875
33,104,-24,-8.1296875
33,105,3,-8.1296875
33,106,23,-8.1296875
33,107,27,75.1261261261261
33,108,103,75.1261261261261
33,109,56,175.453846153846
33,110,77,146.202127659574
33,111,67,90.75
33,112,23,14.5641025641026
33,113,8,-9.52380952380952
33,114,51,-8.1296875
33,115,-32,-50.5925925925926
33,116,-32,-8.1296875
33,117,-54,-8.1296875
33,118,-232,-52.387417218543
33,119,49,-52.387417218543
33,120,-37,-50.5925925925926
33,121,-18,-52.387417218543
33,122,-1,-8.1296875
33,123,-41,-8.1296875
33,124,-6,-11.2444444444444
33,125,6,117.850574712644
33,126,-2,-8.1296875
33,127,-24,-8.1296875
33,128,-12,-8.1296875
33,129,2,-8.1296875
33,130,1,-8.1296875
33,131,20,-8.1296875
33,132,80,75.1261261261261
33,133,78,114.2
33,134,195,175.453846153846
33,135,31,-6
33,136,173,-109.725
33,137,11,-117.9
33,138,58,-109.725
33,139,-50,-50.5925925925926
33,140,-16,-52.387417218543
33,141,-65,-8.1296875
33,142,-35,-52.387417218543
33,143,-112,-8.1296875
33,144,-132,-52.387417218543
33,145,-39,-140
33,146,-96,-52.387417218543
33,147,-26,-52.387417218543
33,148,-34,-8.1296875
33,149,-24,-8.1296875
33,150,-16,-8.1296875
33,151,-4,-8.1296875
33,152,-2,-8.1296875
33,153,18,-8.1296875
33,154,103,75.1261261261261
33,155,226,199.239669421488
33,156,247,199.239669421488
33,157,-328,-235.038961038961
33,158,-111,-156.584269662921
33,159,6,47.5
33,160,62,-8.1296875
33,161,22,-50.5925925925926
33,162,-29,-9.52380952380952
33,163,13,-8.1296875
33,164,116,117.850574712644
33,165,336,232.027027027027
33,166,-19,13.0869565217391
33,167,-193,-161.2
33,168,-162,-141.936507936508
33,169,-88,-52.387417218543
33,170,-87,-52.387417218543
33,171,-74,-52.387417218543
33,172,-25,-52.387417218543
33,173,-14,-8.1296875
33,174,-13,-6.46153846153846
33,175,-5,-8.1296875
33,176,5,-8.1296875
33,177,9,-8.1296875
33,178,9,-8.1296875
33,179,143,-8.1296875
33,180,388,175.453846153846
33,181,-208,-298.758620689655
33,182,-175,-156.584269662921
33,183,55,47.5
33,184,40,14.5641025641026
33,185,-20,-9.52380952380952
33,186,-45,-8.1296875
33,187,30,-11.2444444444444
33,188,120,117.850574712644
33,189,327,273.847826086957
33,190,62,-227.5625
33,191,-256,-227.5625
33,192,-152,-141.936507936508
33,193,-53,1.61290322580645
33,194,-71,-52.387417218543
33,195,-116,-52.387417218543
33,196,-48,-52.387417218543
33,197,-32,-11.2444444444444
33,198,1,-6.46153846153846
33,199,-10,-8.1296875
33,200,-2,-8.1296875
33,201,29,-8.1296875
33,202,87,75.1261261261261
33,203,238,199.239669421488
33,204,308,199.239669421488
33,205,-351,-298.758620689655
33,206,-140,-156.584269662921
33,207,9,47.5
33,208,61,-8.1296875
33,209,-17,-50.5925925925926
33,210,12,-8.1296875
33,211,16,-9.52380952380952
33,212,111,117.850574712644
33,213,362,232.027027027027
33,214,84,-18.1578947368421
33,215,-309,-156.584269662921
33,216,-166,-141.936507936508
33,217,-99,1.61290322580645
33,218,-66,-52.387417218543
33,219,-75,-52.387417218543
33,220,-8,-52.387417218543
33,221,-66,-8.1296875
33,222,-7,-11.2444444444444
33,223,-11,-8.1296875
33,224,-4,-8.1296875
33,225,19,-8.1296875
33,226,115,75.1261261261261
33,227,248,199.239669421488
33,228,243,-131.875
33,229,-323,-235.038961038961
33,230,-136,-156.584269662921
33,231,33,47.5
33,232,100,75.1261261261261
33,233,-36,-50.5925925925926
33,234,-61,-8.1296875
33,235,79,-11.2444444444444
33,236,87,73.25
33,237,334,273.847826086957
33,238,2,-117.9
33,239,-184,-161.2
33,240,-102,-141.936507936508
33,241,-121,-52.387417218543
33,242,-53,-52.387417218543
33,243,-125,-52.387417218543
33,244,-32,-52.387417218543
33,245,-41,-8.1296875
33,246,-37,-11.2444444444444
33,247,3,-11.2444444444444
33,248,-10,-8.1296875
33,249,20,-8.1296875
33,250,111,75.1261261261261
33,251,221,175.453846153846
33,252,262,199.239669421488
33,253,-324,-235.038961038961
33,254,-95,-156.584269662921
33,255,59,47.5
33,256,-87,14.5641025641026
33,257,107,-52.387417218543
33,258,-36,-50.5925925925926
33,259,101,-8.1296875
33,260,97,90.75
33,261,203,273.847826086957
33,262,-2,114.2
33,263,-189,-166.578947368421
33,264,-139,-52.387417218543
33,265,-78,-52.387417218543
33,266,-3,-52.387417218543
33,267,24,-8.1296875
33,268,-103,-9.52380952380952
33,269,-46,-11.2444444444444
33,270,-32,-11.2444444444444
33,271,-43,-8.1296875
33,272,-23,-52.387417218543
33,273,13,-8.1296875
33,274,20,75.1261261261261
33,275,45,67.6363636363636
33,276,110,75.1261261261261
33,277,87,175.453846153846
33,278,148,90.75
33,279,143,90.75
33,280,-25,13.0869565217391
33,281,-26,-95.1176470588235
33,282,-96,-8.1296875
33,283,113,-52.387417218543
33,284,-1,-50.5925925925926
33,285,-38,-8.1296875
33,286,-68,-52.387417218543
33,287,-29,-140
33,288,-96,-8.1296875
33,289,-40,-52.387417218543
33,290,-52,-52.387417218543
33,291,-68,-52.387417218543
33,292,-15,-52.387417218543
33,293,-13,-8.1296875
33,294,-28,-8.1296875
33,295,-65,-8.1296875
33,296,-12,-52.387417218543
33,297,-5,-8.1296875
33,298,6,-8.1296875
33,299,19,-8.1296875
33,300,78,75.1261261261261
33,301,77,199.239669421488
33,302,142,175.453846153846
33,303,81,-6
33,304,144,13.0869565217391
33,305,7,124.1
33,306,-47,13.0869565217391
33,307,53,-52.387417218543
33,308,-27,-50.5925925925926
33,309,-33,-8.1296875
33,310,-48,-8.1296875
33,311,-80,-140
33,312,-107,-52.387417218543
33,313,-73,-140
33,314,-46,-52.387417218543
33,315,-55,-52.387417218543
33,316,-68,-52.387417218543
33,317,-25,-11.2444444444444
33,318,-3,-8.1296875
33,319,-1,-8.1296875
33,320,-3,-8.1296875
33,321,21,-8.1296875
33,322,119,75.1261261261261
33,323,243,199.239669421488
33,324,254,-131.875
33,325,-289,-235.038961038961
33,326,-160,-156.584269662921
33,327,23,47.5
33,328,50,75.1261261261261
33,329,9,-50.5925925925926
33,330,-33,-8.1296875
33,331,23,-8.1296875
33,332,126,117.850574712644
33,333,381,273.847826086957
33,334,-89,13.0869565217391
33,335,-134,-161.2
33,336,-223,-141.936507936508
33,337,-76,-52.387417218543
33,338,-74,1.61290322580645
33,339,-60,-52.387417218543
33,340,-75,-11.2444444444444
33,341,-29,-11.2444444444444
33,342,7,-8.1296875
33,343,-10,-6.46153846153846
33,344,-1,-8.1296875
33,345,15,-8.1296875
33,346,145,75.1261261261261
33,347,298,199.239669421488
33,348,178,-298.758620689655
33,349,-346,-227.5625
33,350,-138,-109.725
33,351,60,1.61290322580645
33,352,46,14.5641025641026
33,353,-44,-50.5925925925926
33,354,-148,-52.387417218543
33,355,63,-11.2444444444444
33,356,255,73.25
33,357,328,273.847826086957
33,358,-7,-227.5625
33,359,-252,-161.2
33,360,-156,-141.936507936508
33,361,-79,1.61290322580645
33,362,-76,-52.387417218543
33,363,-84,-52.387417218543
33,364,-28,-52.387417218543
33,365,-21,-8.1296875
33,366,-13,-6.46153846153846
33,367,1,-8.1296875
33,368,3,-8.1296875
33,369,23,-8.1296875
33,370,98,75.1261261261261
33,371,292,175.453846153846
33,372,204,120.68
33,373,-297,-235.038961038961
33,374,-172,-156.584269662921
33,375,48,1.61290322580645
33,376,79,14.5641025641026
33,377,-14,-50.5925925925926
33,378,-23,-8.1296875
33,379,16,-8.1296875
33,380,98,117.850574712644
33,381,348,273.847826086957
33,382,-333,-18.1578947368421
33,383,-274,-161.2
33,384,-47,47.5
33,385,-17,1.61290322580645
33,386,33,-8.1296875
33,387,-12,-9.52380952380952
33,388,-22,-8.1296875
33,389,-22,117.850574712644
33,390,-8,117.850574712644
33,391,0,-8.1296875
33,392,-1,-8.1296875
33,393,22,-8.1296875
33,394,115,67.6363636363636
33,395,262,199.239669421488
33,396,229,-131.875
33,397,-269,-235.038961038961
33,398,-207,-156.584269662921
33,399,102,1.61290322580645
33,400,16,14.5641025641026
33,401,46,-9.52380952380952
33,402,-71,-50.5925925925926
33,403,24,-11.2444444444444
33,404,150,117.850574712644
33,405,311,273.847826086957
33,406,38,13.0869565217391
33,407,-217,-227.5625
33,408,-179,-141.936507936508
33,409,-144,1.61290322580645
33,410,2,-52.387417218543
33,411,-97,-8.1296875
33,412,-71,-52.387417218543
33,413,-18,-11.2444444444444
33,414,-15,117.850574712644
33,415,-18,-8.1296875
33,416,-4,-8.1296875
33,417,17,-8.1296875
33,418,109,67.6363636363636
33,419,216,199.239669421488
33,420,269,199.239669421488
33,421,-298,-298.758620689655
33,422,-112,-156.584269662921
33,423,81,47.5
33,424,57,14.5641025641026
33,425,15,-50.5925925925926
33,426,-29,-9.52380952380952
33,427,105,-8.1296875
33,428,86,73.25
33,429,254,273.847826086957
33,430,-183,-117.9
33,431,-93,-161.2
33,432,-162,47.5
33,433,-71,-52.387417218543
33,434,-36,-52.387417218543
33,435,-54,-8.1296875
33,436,-44,-11.2444444444444
33,437,-43,-11.2444444444444
33,438,-37,-11.2444444444444
33,439,-22,-52.387417218543
33,440,-25,-8.1296875
33,441,4,-8.1296875
33,442,20,-8.1296875
33,443,34,75.1261261261261
33,444,111,75.1261261261261
33,445,157,175.453846153846
33,446,76,90.75
33,447,111,-109.725
33,448,37,14.5641025641026
33,449,100,-9.52380952380952
33,450,-44,-50.5925925925926
33,451,-25,-52.387417218543
33,452,1,-8.1296875
33,453,-15,-8.1296875
33,454,-30,-8.1296875
33,455,-107,-8.1296875
33,456,-152,-52.387417218543
33,457,-57,-52.387417218543
33,458,44,-52.387417218543
33,459,-98,75.1261261261261
33,460,-78,-52.387417218543
33,461,-4,-11.2444444444444
33,462,-12,-8.1296875
33,463,-54,-8.1296875
33,464,-19,-52.387417218543
33,465,3,-8.1296875
33,466,9,-8.1296875
33,467,39,-8.1296875
33,468,96,75.1261261261261
33,469,66,175.453846153846
33,470,128,90.75
33,471,78,90.75
33,472,103,13.0869565217391
33,473,71,14.5641025641026
33,474,-50,-50.5925925925926
33,475,-53,-52.387417218543
33,476,65,-52.387417218543
33,477,-86,-50.5925925925926
33,478,-89,-52.387417218543
33,479,-50,-140
33,480,-109,-52.387417218543
33,481,-61,-52.387417218543
33,482,-38,-52.387417218543
33,483,-57,-11.2444444444444
33,484,-39,-11.2444444444444
33,485,-24,-52.387417218543
33,486,-9,-8.1296875
33,487,0,-8.1296875
33,488,4,-8.1296875
33,489,20,-8.1296875
33,490,39,75.1261261261261
33,491,10,75.1261261261261
33,492,81,75.1261261261261
33,493,-46,-6
33,494,-51,-52.387417218543
33,495,20,-52.387417218543
33,496,106,-9.52380952380952
33,497,-9,-50.5925925925926
33,498,-5,-8.1296875
33,499,25,-8.1296875
33,500,-85,67.6363636363636
33,501,118,-52.387417218543
33,502,71,14.5641025641026
33,503,4,-40.6428571428571
33,504,-115,-8.1296875
33,505,-37,-52.387417218543
33,506,-23,-11.2444444444444
33,507,-54,-8.1296875
33,508,-43,-52.387417218543
33,509,-13,-52.387417218543
33,510,-15,-8.1296875
33,511,2,-8.1296875
33,512,-1,-8.1296875
33,513,3,-8.1296875
33,514,16,-8.1296875
33,515,68,75.1261261261261
33,516,317,146.202127659574
33,517,-54,175.453846153846
33,518,-184,-166.578947368421
33,519,53,-141.936507936508
33,520,40,14.5641025641026
33,521,-25,-9.52380952380952
33,522,-55,-8.1296875
33,523,72,-52.387417218543
33,524,118,73.25
33,525,304,199.239669421488
33,526,55,-227.5625
33,527,-221,-227.5625
33,528,-249,-141.936507936508
33,529,-154,1.61290322580645
33,530,-26,1.61290322580645
33,531,-12,-8.1296875
33,532,-32,-8.1296875
33,533,-18,-8.1296875
33,534,-2,117.850574712644
33,535,-13,117.850574712644
33,536,-2,-8.1296875
33,537,34,-8.1296875
33,538,120,75.1261261261261
33,539,282,199.239669421488
33,540,210,-298.758620689655
33,541,-303,-235.038961038961
33,542,-155,-156.584269662921
33,543,75,1.61290322580645
33,544,63,14.5641025641026
33,545,20,-50.5925925925926
33,546,-87,-9.52380952380952
33,547,11,-11.2444444444444
33,548,172,117.850574712644
33,549,427,273.847826086957
33,550,-27,-109.725
33,551,-256,-161.2
33,552,-131,-141.936507936508
33,553,-66,1.61290322580645
33,554,-107,-52.387417218543
33,555,-153,-52.387417218543
33,556,-54,-52.387417218543
33,557,-51,-11.2444444444444
33,558,-12,-11.2444444444444
33,559,-13,-8.1296875
33,560,13,-8.1296875
33,561,19,75.1261261261261
33,562,124,75.1261261261261
33,563,315,199.239669421488
33,564,160,-298.758620689655
33,565,-288,-156.584269662921
33,566,-141,-109.725
33,567,74,1.61290322580645
33,568,69,-50.5925925925926
33,569,-21,-50.5925925925926
33,570,-57,-8.1296875
33,571,46,-11.2444444444444
33,572,114,73.25
33,573,422,273.847826086957
33,574,16,-117.9
33,575,-331,-161.2
33,576,-91,-141.936507936508
33,577,-147,1.61290322580645
33,578,-48,-52.387417218543
33,579,-85,-52.387417218543
33,580,-96,-52.387417218543
33,581,-21,-11.2444444444444
33,582,-28,-6.46153846153846
33,583,-7,-8.1296875
33,584,-3,-8.1296875
33,585,23,-8.1296875
33,586,148,75.1261261261261
33,587,333,199.239669421488
33,588,230,-298.758620689655
33,589,-384,-235.038961038961
33,590,-106,-156.584269662921
33,591,79,1.61290322580645
33,592,26,14.5641025641026
33,593,35,-9.52380952380952
33,594,-45,-9.52380952380952
33,595,41,-11.2444444444444
33,596,177,117.850574712644
33,597,244,273.847826086957
33,598,-143,-109.725
33,599,-186,-161.2
33,600,-146,-141.936507936508
33,601,-79,-52.387417218543
33,602,-7,-52.387417218543
33,603,-77,-8.1296875
33,604,-26,-11.2444444444444
33,605,-44,-8.1296875
33,606,-35,-11.2444444444444
33,607,-36,-8.1296875
33,608,-19,-8.1296875
33,609,-2,-8.1296875
33,610,38,-8.1296875
33,611,45,75.1261261261261
33,612,100,75.1261261261261
33,613,97,90.75
33,614,160,90.75
33,615,134,90.75
33,616,56,-109.725
33,617,62,13.0869565217391
33,618,26,-50.5925925925926
33,619,-58,-9.52380952380952
33,620,-30,-52.387417218543
33,621,-16,-8.1296875
33,622,19,-8.1296875
33,623,-213,-9.52380952380952
33,624,-117,-140
33,625,-56,1.61290322580645
33,626,79,-52.387417218543
33,627,-99,199.239669421488
33,628,-69,-52.387417218543
33,629,-40,-11.2444444444444
33,630,-32,-11.2444444444444
33,631,-32,-8.1296875
33,632,-50,-8.1296875
33,633,-8,-11.2444444444444
33,634,17,-8.1296875
33,635,65,75.1261261261261
33,636,81,146.202127659574
33,637,142,199.239669421488
33,638,119,90.75
33,639,149,13.0869565217391
33,640,56,13.0869565217391
33,641,-30,13.0869565217391
33,642,-64,-8.1296875
33,643,-41,-52.387417218543
33,644,75,-52.387417218543
33,645,-28,-50.5925925925926
33,646,-75,-8.1296875
33,647,-72,-140
33,648,-128,-140
33,649,-41,-52.387417218543
33,650,-88,-52.387417218543
33,651,-59,-52.387417218543
33,652,-46,-11.2444444444444
33,653,-25,-11.2444444444444
33,654,-4,-8.1296875
33,655,-9,-8.1296875
33,656,5,-8.1296875
33,657,8,-8.1296875
33,658,64,-8.1296875
33,659,74,146.202127659574
33,660,117,175.453846153846
33,661,-84,-6
33,662,-87,-95.1176470588235
33,663,7,-52.387417218543
33,664,64,-8.1296875
33,665,14,-50.5925925925926
33,666,-4,-9.52380952380952
33,667,45,-8.1296875
33,668,90,67.6363636363636
33,669,193,175.453846153846
33,670,22,-117.9
33,671,-82,-161.2
33,672,-112,-52.387417218543
33,673,-95,-52.387417218543
33,674,-99,-52.387417218543
33,675,-45,-52.387417218543
33,676,-61,-52.387417218543
33,677,-9,-11.2444444444444
33,678,-16,-8.1296875
33,679,-6,-8.1296875
33,680,2,-8.1296875
33,681,10,-8.1296875
33,682,120,75.1261261261261
33,683,187,199.239669421488
33,684,266,-131.875
33,685,-257,-235.038961038961
33,686,-133,-156.584269662921
33,687,-11,47.5
33,688,65,-8.1296875
33,689,-11,-50.5925925925926
33,690,-21,-8.1296875
33,691,23,-8.1296875
33,692,141,117.850574712644
33,693,399,232.027027027027
33,694,0,-298.758620689655
33,695,-421,-161.2
33,696,9,-141.936507936508
33,697,-112,-8.1296875
33,698,-87,-52.387417218543
33,699,-69,-52.387417218543
33,700,-58,-52.387417218543
33,701,-15,-11.2444444444444
33,702,-20,-6.46153846153846
33,703,-7,-8.1296875
33,704,-2,-8.1296875
33,705,32,-8.1296875
33,706,125,75.1261261261261
33,707,308,199.239669421488
33,708,251,-298.758620689655
33,709,-422,-235.038961038961
33,710,-106,-156.584269662921
33,711,6,47.5
33,712,51,-8.1296875
33,713,22,-50.5925925925926
33,714,-22,-9.52380952380952
33,715,9,-8.1296875
33,716,21,117.850574712644
33,717,7,196.4
33,718,42,-8.1296875
33,719,49,-9.52380952380952
33,720,-81,114.2
33,721,-50,-52.387417218543
33,722,-86,-52.387417218543
33,723,-53,-52.387417218543
33,724,-50,-52.387417218543
33,725,-26,-52.387417218543
33,726,-14,-8.1296875
33,727,-12,-8.1296875
33,728,1,-8.1296875
33,729,25,-8.1296875
33,730,126,75.1261261261261
33,731,259,199.239669421488
33,732,277,-131.875
33,733,-391,-298.758620689655
33,734,-116,-156.584269662921
33,735,36,47.5
33,736,68,-9.52380952380952
33,737,13,-50.5925925925926
33,738,-50,-9.52380952380952
33,739,39,-11.2444444444444
33,740,99,117.850574712644
33,741,408,273.847826086957
33,742,-46,-117.9
33,743,-260,-161.2
33,744,-94,-141.936507936508
33,745,-113,1.61290322580645
33,746,-42,-52.387417218543
33,747,-76,-52.387417218543
33,748,-94,-52.387417218543
33,749,-31,-11.2444444444444
33,750,-19,-6.46153846153846
33,751,-9,-8.1296875
33,752,-5,-8.1296875
33,753,21,-8.1296875
33,754,83,75.1261261261261
33,755,246,199.239669421488
33,756,224,199.239669421488
33,757,-243,-235.038961038961
33,758,-108,-156.584269662921
33,759,51,1.61290322580645
33,760,38,14.5641025641026
33,761,12,-9.52380952380952
33,762,34,-9.52380952380952
33,763,99,-9.52380952380952
33,764,118,73.25
33,765,69,273.847826086957
33,766,-131,13.0869565217391
33,767,-118,-52.387417218543
33,768,-54,-52.387417218543
33,769,-95,-52.387417218543
33,770,-43,-52.387417218543
33,771,-46,-52.387417218543
33,772,-50,-11.2444444444444
33,773,-34,-11.2444444444444
33,774,-18,-8.1296875
33,775,-33,-8.1296875
33,776,-29,-8.1296875
33,777,8,-8.1296875
33,778,21,-8.1296875
33,779,23,75.1261261261261
33,780,87,75.1261261261261
33,781,148,175.453846153846
33,782,148,175.453846153846
33,783,83,13.0869565217391
33,784,9,13.0869565217391
33,785,10,-8.1296875
33,786,25,-9.52380952380952
33,787,-51,-9.52380952380952
33,788,-9,-52.387417218543
33,789,-42,-8.1296875
33,790,-47,-140
33,791,-42,-140
33,792,-118,-52.387417218543
33,793,-4,-52.387417218543
33,794,-47,-8.1296875
33,795,-54,-52.387417218543
33,796,-13,-52.387417218543
33,797,-59,-8.1296875
33,798,-17,-11.2444444444444
33,799,-25,-8.1296875
33,800,-25,-8.1296875
33,801,-4,-8.1296875
33,802,15,-8.1296875
33,803,30,75.1261261261261
33,804,99,75.1261261261261
33,805,119,199.239669421488
33,806,154,120.68
33,807,95,13.0869565217391
33,808,51,13.0869565217391
33,809,-72,14.5641025641026
33,810,49,-52.387417218543
33,811,-12,-50.5925925925926
33,812,-34,-8.1296875
33,813,21,-8.1296875
33,814,-4,-9.52380952380952
33,815,-76,-8.1296875
33,816,-50,-52.387417218543
33,817,-249,-52.387417218543
33,818,-84,-52.387417218543
33,819,37,1.61290322580645
33,820,-31,75.1261261261261
33,821,-6,-8.1296875
33,822,-11,-8.1296875
33,823,-30,-8.1296875
33,824,-12,-6.46153846153846
33,825,3,-8.1296875
33,826,11,-8.1296875
33,827,47,67.6363636363636
33,828,88,146.202127659574
33,829,108,175.453846153846
33,830,101,90.75
33,831,112,-6
33,832,49,14.5641025641026
33,833,31,14.5641025641026
33,834,-91,-9.52380952380952
33,835,-5,-52.387417218543
33,836,41,-8.1296875
33,837,-96,-9.52380952380952
33,838,-22,-52.387417218543
33,839,12,-8.1296875
33,840,-78,-9.52380952380952
33,841,-70,-52.387417218543
33,842,-90,-52.387417218543
33,843,-75,-11.2444444444444
33,844,-37,-52.387417218543
33,845,-31,-52.387417218543
33,846,-6,-8.1296875
33,847,-5,-8.1296875
33,848,2,-8.1296875
33,849,28,-8.1296875
33,850,121,75.1261261261261
33,851,296,199.239669421488
33,852,184,-298.758620689655
33,853,-377,-235.038961038961
33,854,-74,-109.725
33,855,14,1.61290322580645
33,856,40,-9.52380952380952
33,857,2,-9.52380952380952
33,858,-1,-8.1296875
33,859,18,-8.1296875
33,860,137,117.850574712644
33,861,388,232.027027027027
33,862,-71,-40.6428571428571
33,863,-184,-161.2
33,864,-322,-141.936507936508
33,865,-133,-52.387417218543
33,866,-16,1.61290322580645
33,867,-5,-8.1296875
33,868,-14,-8.1296875
33,869,-32,-8.1296875
33,870,1,-8.1296875
33,871,0,117.850574712644
33,872,1,-8.1296875
33,873,35,-8.1296875
33,874,103,75.1261261261261
33,875,339,199.239669421488
33,876,188,90.75
33,877,-366,-235.038961038961
33,878,-128,-109.725
33,879,31,1.61290322580645
33,880,45,-9.52380952380952
33,881,36,-9.52380952380952
33,882,-37,-9.52380952380952
33,883,23,-11.2444444444444
33,884,123,117.850574712644
33,885,441,273.847826086957
33,886,-43,13.0869565217391
33,887,-240,-161.2
33,888,-125,-141.936507936508
33,889,-127,1.61290322580645
33,890,-87,-52.387417218543
33,891,-57,-52.387417218543
33,892,-99,-52.387417218543
33,893,-35,-11.2444444444444
33,894,-12,-6.46153846153846
33,895,-6,-8.1296875
33,896,0,-8.1296875
33,897,25,-8.1296875
33,898,145,75.1261261261261
33,899,329,199.239669421488
33,900,186,-298.758620689655
33,901,-382,-235.038961038961
33,902,-91,-109.725
33,903,-2,1.61290322580645
33,904,74,-8.1296875
33,905,1,-50.5925925925926
33,906,-39,-8.1296875
33,907,36,-11.2444444444444
33,908,197,117.850574712644
33,909,340,232.027027027027
33,910,-42,-298.758620689655
33,911,-194,-161.2
33,912,-112,-141.936507936508
33,913,-120,-52.387417218543
33,914,-95,-52.387417218543
33,915,-124,-52.387417218543
33,916,-54,-52.387417218543
33,917,-52,-11.2444444444444
33,918,-18,-11.2444444444444
33,919,-12,-8.1296875
33,920,2,-8.1296875
33,921,39,-8.1296875
33,922,96,75.1261261261261
33,923,261,199.239669421488
33,924,292,90.75
33,925,-396,-298.758620689655
33,926,-94,-156.584269662921
33,927,31,47.5
33,928,75,-9.52380952380952
33,929,6,-50.5925925925926
33,930,-62,-8.1296875
33,931,4,-11.2444444444444
33,932,-36,117.850574712644
33,933,5,-8.1296875
33,934,-117,-8.1296875
33,935,-65,-52.387417218543
33,936,-6,-52.387417218543
33,937,46,-8.1296875
33,938,-62,114.2
33,939,50,-52.387417218543
33,940,13,114.2
33,941,-10,67.6363636363636
33,942,-35,-8.1296875
33,943,-15,-8.1296875
33,944,-13,-8.1296875
33,945,-1,-8.1296875
33,946,24,-8.1296875
33,947,50,-9.52380952380952
33,948,124,73.25
33,949,122,199.239669421488
33,950,161,-235.038961038961
33,951,43,13.0869565217391
33,952,132,-109.725
33,953,11,124.1
33,954,-32,13.0869565217391
33,955,55,-8.1296875
33,956,-58,-50.5925925925926
33,957,-58,-140
33,958,-74,-140
33,959,42,-140
33,960,-155,-9.52380952380952
33,961,-83,-140
33,962,-88,-52.387417218543
33,963,10,-52.387417218543
33,964,-69,75.1261261261261
33,965,-48,-52.387417218543
33,966,-32,-11.2444444444444
33,967,-39,-8.1296875
33,968,-37,-11.2444444444444
33,969,-1,-52.387417218543
33,970,10,-8.1296875
33,971,13,67.6363636363636
33,972,105,75.1261261261261
33,973,160,199.239669421488
33,974,104,120.68
33,975,107,-109.725
33,976,173,14.5641025641026
33,977,2,-117.9
33,978,-8,-109.725
33,979,-34,-8.1296875
33,980,18,-8.1296875
33,981,-84,-9.52380952380952
33,982,-82,-140
33,983,-43,-52.387417218543
33,984,-139,-52.387417218543
33,985,-68,-140
33,986,-20,-52.387417218543
33,987,-118,-8.1296875
33,988,-59,-11.2444444444444
33,989,-35,-52.387417218543
33,990,-3,-8.1296875
33,991,-6,-8.1296875
33,992,3,-8.1296875
33,993,27,-8.1296875
33,994,104,75.1261261261261
33,995,378,199.239669421488
33,996,148,120.68
33,997,-383,-235.038961038961
33,998,-95,-95.1176470588235
33,999,52,1.61290322580645
33,1000,43,14.5641025641026
33,1001,-8,-9.52380952380952
33,1002,-4,-8.1296875
33,1003,22,-8.1296875
33,1004,156,117.850574712644
33,1005,386,273.847826086957
33,1006,-12,-40.6428571428571
33,1007,-177,-161.2
33,1008,-184,-141.936507936508
33,1009,-196,-52.387417218543
33,1010,-97,-52.387417218543
33,1011,-82,-52.387417218543
33,1012,-52,-52.387417218543
33,1013,-14,-11.2444444444444
33,1014,-12,-8.1296875
33,1015,-3,-8.1296875
33,1016,0,-6.46153846153846
33,1017,31,-8.1296875
33,1018,148,75.1261261261261
33,1019,385,199.239669421488
33,1020,141,-298.758620689655
33,1021,-375,-235.038961038961
33,1022,-159,-95.1176470588235
33,1023,51,1.61290322580645
33,1024,20,14.5641025641026
33,1025,20,-9.52380952380952
33,1026,9,-9.52380952380952
33,1027,-4,-8.1296875
33,1028,201,117.850574712644
33,1029,377,273.847826086957
33,1030,-60,-156.584269662921
33,1031,-277,-156.584269662921
33,1032,-98,-141.936507936508
33,1033,-132,1.61290322580645
33,1034,-90,-52.387417218543
33,1035,-80,-52.387417218543
33,1036,-64,-52.387417218543
33,1037,-22,-11.2444444444444
33,1038,-16,-6.46153846153846
33,1039,-3,-8.1296875
33,1040,2,-8.1296875
33,1041,28,-8.1296875
33,1042,134,75.1261261261261
33,1043,375,199.239669421488
33,1044,121,-298.758620689655
33,1045,-365,-235.038961038961
33,1046,-100,-95.1176470588235
33,1047,23,1.61290322580645
33,1048,89,-9.52380952380952
33,1049,-12,-50.5925925925926
33,1050,-1,-8.1296875
33,1051,-2,-8.1296875
33,1052,152,117.850574712644
33,1053,272,273.847826086957
33,1054,58,-40.6428571428571
33,1055,-244,-227.5625
33,1056,-130,-141.936507936508
33,1057,-110,1.61290322580645
33,1058,-50,-52.387417218543
33,1059,-125,-52.387417218543
33,1060,-64,-52.387417218543
33,1061,-37,-11.2444444444444
33,1062,-10,-11.2444444444444
33,1063,-7,-8.1296875
33,1064,1,-8.1296875
33,1065,28,-8.1296875
33,1066,136,75.1261261261261
33,1067,356,199.239669421488
33,1068,155,-298.758620689655
33,1069,-344,-235.038961038961
33,1070,-127,-95.1176470588235
33,1071,27,1.61290322580645
33,1072,99,-9.52380952380952
33,1073,-21,-50.5925925925926
33,1074,-50,-8.1296875
33,1075,68,-11.2444444444444
33,1076,133,73.25
33,1077,403,273.847826086957
33,1078,-56,-227.5625
33,1079,-211,-161.2
33,1080,-124,-141.936507936508
33,1081,-165,1.61290322580645
33,1082,-85,-52.387417218543
33,1083,-51,-52.387417218543
33,1084,-100,-52.387417218543
33,1085,-48,-11.2444444444444
33,1086,-10,-11.2444444444444
33,1087,-11,-8.1296875
33,1088,2,-8.1296875
33,1089,19,-8.1296875
33,1090,110,75.1261261261261
33,1091,289,199.239669421488
33,1092,272,120.68
33,1093,-318,-298.758620689655
33,1094,-133,-156.584269662921
33,1095,15,47.5
33,1096,105,-9.52380952380952
33,1097,47,-50.5925925925926
33,1098,-43,-50.5925925925926
33,1099,24,-11.2444444444444
33,1100,126,117.850574712644
33,1101,270,232.027027027027
33,1102,-70,13.0869565217391
33,1103,-168,-161.2
33,1104,-147,-141.936507936508
33,1105,-69,-52.387417218543
33,1106,-48,-52.387417218543
33,1107,-76,-52.387417218543
33,1108,-9,-52.387417218543
33,1109,-83,-8.1296875
33,1110,-34,-11.2444444444444
33,1111,-49,-8.1296875
33,1112,-32,-52.387417218543
33,1113,11,-8.1296875
33,1114,61,75.1261261261261
33,1115,7,146.202127659574
33,1116,157,-8.1296875
33,1117,96,90.75
33,1118,126,-109.725
33,1119,103,90.75
33,1120,-38,13.0869565217391
33,1121,54,-52.387417218543
33,1122,8,-50.5925925925926
33,1123,-38,-8.1296875
33,1124,-21,-52.387417218543
33,1125,-39,-8.1296875
33,1126,-44,-52.387417218543
33,1127,-91,-140
33,1128,3,-52.387417218543
33,1129,-47,-8.1296875
33,1130,-102,-52.387417218543
33,1131,16,-52.387417218543
33,1132,-72,75.1261261261261
33,1133,-42,-11.2444444444444
33,1134,-43,-52.387417218543
33,1135,-44,-52.387417218543
33,1136,-19,-11.2444444444444
33,1137,3,-8.1296875
33,1138,17,-8.1296875
33,1139,32,67.6363636363636
33,1140,119,75.1261261261261
33,1141,85,175.453846153846
33,1142,147,-131.875
33,1143,86,90.75
33,1144,3,13.0869565217391
33,1145,-10,-8.1296875
33,1146,8,-8.1296875
33,1147,-25,-8.1296875
33,1148,33,-8.1296875
33,1149,13,-9.52380952380952
33,1150,-31,-9.52380952380952
33,1151,-115,-8.1296875
33,1152,-12,-52.387417218543
33,1153,-110,-8.1296875
33,1154,-94,-52.387417218543
33,1155,-49,-52.387417218543
33,1156,-69,-52.387417218543
33,1157,-17,-11.2444444444444
33,1158,-7,-8.1296875
33,1159,-11,-8.1296875
33,1160,1,-8.1296875
33,1161,30,-8.1296875
33,1162,107,75.1261261261261
33,1163,359,199.239669421488
33,1164,148,120.68
33,1165,-335,-235.038961038961
33,1166,-169,-95.1176470588235
33,1167,55,1.61290322580645
33,1168,59,14.5641025641026
33,1169,-13,-50.5925925925926
33,1170,11,-8.1296875
33,1171,0,-9.52380952380952
33,1172,168,117.850574712644
33,1173,373,273.847826086957
33,1174,31,-40.6428571428571
33,1175,-235,-156.584269662921
33,1176,-202,-141.936507936508
33,1177,-144,1.61290322580645
33,1178,-86,-52.387417218543
33,1179,-84,-52.387417218543
33,1180,-52,-52.387417218543
33,1181,-12,-11.2444444444444
33,1182,-10,-6.46153846153846
33,1183,6,-6.46153846153846
33,1184,-8,-8.1296875
33,1185,25,-8.1296875
33,1186,107,75.1261261261261
33,1187,167,175.453846153846
33,1188,310,199.239669421488
33,1189,-328,-298.758620689655
33,1190,-160,-156.584269662921
33,1191,-60,47.5
33,1192,30,-52.387417218543
33,1193,-36,-9.52380952380952
33,1194,1,-8.1296875
33,1195,56,-8.1296875
33,1196,123,73.25
33,1197,442,232.027027027027
33,1198,-28,-298.758620689655
33,1199,-162,-161.2
33,1200,-105,-141.936507936508
33,1201,-112,-52.387417218543
33,1202,-67,-52.387417218543
33,1203,-118,-52.387417218543
33,1204,-55,-52.387417218543
33,1205,-6,-11.2444444444444
33,1206,-24,-8.1296875
33,1207,4,-8.1296875
33,1208,2,-8.1296875
33,1209,30,-8.1296875
33,1210,154,75.1261261261261
33,1211,311,175.453846153846
33,1212,208,-298.758620689655
33,1213,-361,-235.038961038961
33,1214,-154,-156.584269662921
33,1215,48,1.61290322580645
33,1216,88,14.5641025641026
33,1217,-79,-50.5925925925926
33,1218,65,-52.387417218543
33,1219,-39,114.2
33,1220,111,-11.2444444444444
33,1221,465,273.847826086957
33,1222,-113,-18.1578947368421
33,1223,-73,-156.584269662921
33,1224,-223,-141.936507936508
33,1225,-52,-52.387417218543
33,1226,-158,1.61290322580645
33,1227,-85,-52.387417218543
33,1228,-105,-11.2444444444444
33,1229,-27,-11.2444444444444
33,1230,-12,-8.1296875
33,1231,-4,-6.46153846153846
33,1232,1,-8.1296875
33,1233,34,-8.1296875
33,1234,141,75.1261261261261
33,1235,325,199.239669421488
33,1236,213,-298.758620689655
33,1237,-362,-235.038961038961
33,1238,-178,-156.584269662921
33,1239,49,1.61290322580645
33,1240,37,14.5641025641026
33,1241,19,-9.52380952380952
33,1242,14,-9.52380952380952
33,1243,26,-9.52380952380952
33,1244,114,117.850574712644
33,1245,429,273.847826086957
33,1246,-44,-117.9
33,1247,-244,-156.584269662921
33,1248,-144,-141.936507936508
33,1249,-98,1.61290322580645
33,1250,-95,-52.387417218543
33,1251,-70,-52.387417218543
33,1252,-78,-52.387417218543
33,1253,-43,-11.2444444444444
33,1254,-36,-11.2444444444444
33,1255,-10,-8.1296875
33,1256,9,-8.1296875
33,1257,19,-8.1296875
33,1258,118,75.1261261261261
33,1259,279,199.239669421488
33,1260,223,-298.758620689655
33,1261,-287,-156.584269662921
33,1262,-150,-156.584269662921
33,1263,70,1.61290322580645
33,1264,117,-50.5925925925926
33,1265,-10,-50.5925925925926
33,1266,-17,-161.2
33,1267,1,-8.1296875
33,1268,181,117.850574712644
33,1269,265,273.847826086957
33,1270,-130,-40.6428571428571
33,1271,-226,-161.2
33,1272,-82,-141.936507936508
33,1273,-52,1.61290322580645
33,1274,-12,-52.387417218543
33,1275,-99,-8.1296875
33,1276,-85,-11.2444444444444
33,1277,-42,-11.2444444444444
33,1278,-28,-11.2444444444444
33,1279,-40,-8.1296875
33,1280,-19,-52.387417218543
33,1281,15,-8.1296875
33,1282,24,75.1261261261261
33,1283,31,75.1261261261261
33,1284,126,75.1261261261261
33,1285,163,175.453846153846
33,1286,68,13.0869565217391
33,1287,131,-109.725
33,1288,37,124.1
33,1289,14,13.0869565217391
33,1290,-44,-9.52380952380952
33,1291,10,-52.387417218543
33,1292,-41,-9.52380952380952
33,1293,51,-140
33,1294,-22,-50.5925925925926
33,1295,-110,-8.1296875
33,1296,-109,-140
33,1297,-62,-52.387417218543
33,1298,-10,-52.387417218543
33,1299,-97,-8.1296875
33,1300,-35,-52.387417218543
33,1301,-60,-8.1296875
33,1302,-14,-11.2444444444444
33,1303,-46,-8.1296875
33,1304,-10,-52.387417218543
33,1305,-1,-8.1296875
33,1306,6,-8.1296875
33,1307,25,-8.1296875
33,1308,71,75.1261261261261
33,1309,155,199.239669421488
33,1310,162,175.453846153846
33,1311,110,13.0869565217391
33,1312,69,-109.725
33,1313,-1,14.5641025641026
33,1314,-32,-8.1296875
33,1315,-119,-8.1296875
33,1316,117,-52.387417218543
33,1317,13,-50.5925925925926
33,1318,-80,-40.6428571428571
33,1319,-123,-140
33,1320,-88,-52.387417218543
33,1321,-56,-11.2444444444444
33,1322,-93,-52.387417218543
33,1323,-45,-52.387417218543
33,1324,-68,-11.2444444444444
33,1325,-26,-11.2444444444444
33,1326,-5,-8.1296875
33,1327,-5,-8.1296875
33,1328,5,-8.1296875
33,1329,14,-8.1296875
33,1330,14,75.1261261261261
33,1331,108,75.1261261261261
33,1332,329,175.453846153846
33,1333,-224,120.68
33,1334,-159,-156.584269662921
33,1335,30,47.5
33,1336,47,-9.52380952380952
33,1337,57,-50.5925925925926
33,1338,-6,-50.5925925925926
33,1339,18,-8.1296875
33,1340,95,117.850574712644
33,1341,391,273.847826086957
33,1342,-81,-18.1578947368421
33,1343,-179,-161.2
33,1344,-101,-141.936507936508
33,1345,-89,-52.387417218543
33,1346,-109,-52.387417218543
33,1347,-90,-52.387417218543
33,1348,-39,-11.2444444444444
33,1349,-21,-11.2444444444444
33,1350,1,-8.1296875
33,1351,-7,-8.1296875
33,1352,2,-8.1296875
33,1353,27,-8.1296875
33,1354,124,75.1261261261261
33,1355,319,199.239669421488
33,1356,193,-298.758620689655
33,1357,-345,-235.038961038961
33,1358,-148,-109.725
33,1359,50,1.61290322580645
33,1360,62,14.5641025641026
33,1361,-20,-50.5925925925926
33,1362,-45,-8.1296875
33,1363,32,-11.2444444444444
33,1364,75,117.850574712644
33,1365,477,273.847826086957
33,1366,-16,-117.9
33,1367,-281,-161.2
33,1368,-56,-141.936507936508
33,1369,-182,1.61290322580645
33,1370,15,-52.387417218543
33,1371,-166,-9.52380952380952
33,1372,-72,-52.387417218543
33,1373,-26,-11.2444444444444
33,1374,-21,117.850574712644
33,1375,2,-8.1296875
33,1376,-1,-8.1296875
33,1377,32,-8.1296875
33,1378,126,67.6363636363636
33,1379,299,175.453846153846
33,1380,179,-298.758620689655
33,1381,-327,-235.038961038961
33,1382,-149,-109.725
33,1383,21,1.61290322580645
33,1384,-8,-9.52380952380952
33,1385,31,-8.1296875
33,1386,-21,-9.52380952380952
33,1387,-11,-8.1296875
33,1388,156,117.850574712644
33,1389,356,232.027027027027
33,1390,-19,13.0869565217391
33,1391,-133,-166.578947368421
33,1392,-132,-141.936507936508
33,1393,-63,-52.387417218543
33,1394,-87,-52.387417218543
33,1395,-134,-52.387417218543
33,1396,-54,-52.387417218543
33,1397,-51,-11.2444444444444
33,1398,0,-11.2444444444444
33,1399,-7,-8.1296875
33,1400,1,-8.1296875
33,1401,28,-8.1296875
33,1402,110,75.1261261261261
33,1403,313,199.239669421488
33,1404,127,120.68
33,1405,-334,-235.038961038961
33,1406,-106,-95.1176470588235
33,1407,11,1.61290322580645
33,1408,54,-9.52380952380952
33,1409,-43,-50.5925925925926
33,1410,4,-52.387417218543
33,1411,18,-8.1296875
33,1412,126,117.850574712644
33,1413,295,232.027027027027
33,1414,25,-40.6428571428571
33,1415,-141,-161.2
33,1416,-63,-141.936507936508
33,1417,-125,-52.387417218543
33,1418,-68,-52.387417218543
33,1419,-97,-52.387417218543
33,1420,-53,-52.387417218543
33,1421,-62,-11.2444444444444
33,1422,-19,-140
33,1423,-5,-8.1296875
33,1424,3,-8.1296875
33,1425,28,-8.1296875
33,1426,84,75.1261261261261
33,1427,237,199.239669421488
33,1428,254,175.453846153846
33,1429,-280,-235.038961038961
33,1430,-148,-156.584269662921
33,1431,51,47.5
33,1432,18,14.5641025641026
33,1433,46,-9.52380952380952
33,1434,-37,-50.5925925925926
33,1435,21,-11.2444444444444
33,1436,96,117.850574712644
33,1437,266,273.847826086957
33,1438,-141,-18.1578947368421
33,1439,-143,-161.2
33,1440,-160,-141.936507936508
33,1441,15,-52.387417218543
33,1442,-20,75.1261261261261
33,1443,-23,-8.1296875
33,1444,-58,-8.1296875
33,1445,7,-11.2444444444444
33,1446,-30,-8.1296875
33,1447,-51,-8.1296875
33,1448,-23,-52.387417218543
33,1449,-7,-8.1296875
33,1450,35,-8.1296875
33,1451,31,75.1261261261261
33,1452,89,75.1261261261261
33,1453,165,90.75
33,1454,162,120.68
33,1455,22,-109.725
33,1456,86,-109.725
33,1457,-38,14.5641025641026
33,1458,45,-52.387417218543
33,1459,-126,-9.52380952380952
33,1460,30,-52.387417218543
33,1461,17,-9.52380952380952
33,1462,-49,-9.52380952380952
33,1463,-56,-140
33,1464,-39,-52.387417218543
33,1465,-64,-11.2444444444444
33,1466,-43,-52.387417218543
33,1467,-54,-52.387417218543
33,1468,-62,-52.387417218543
33,1469,-36,-52.387417218543
33,1470,-13,-8.1296875
33,1471,-54,-8.1296875
33,1472,-47,-52.387417218543
33,1473,-5,-52.387417218543
33,1474,17,-8.1296875
33,1475,46,75.1261261261261
33,1476,70,146.202127659574
33,1477,91,199.239669421488
33,1478,220,90.75
33,1479,54,90.75
33,1480,50,-156.584269662921
33,1481,29,14.5641025641026
33,1482,-34,-9.52380952380952
33,1483,-64,-8.1296875
33,1484,-26,-52.387417218543
33,1485,71,-8.1296875
33,1486,2,-50.5925925925926
33,1487,-111,-8.1296875
33,1488,-91,-52.387417218543
33,1489,-79,-52.387417218543
33,1490,-75,-52.387417218543
33,1491,-91,-52.387417218543
33,1492,-19,-52.387417218543
33,1493,-37,-8.1296875
33,1494,-17,-11.2444444444444
33,1495,-9,-8.1296875
33,1496,-1,-8.1296875
33,1497,39,-8.1296875
33,1498,115,75.1261261261261
33,1499,327,199.239669421488
33,1500,123,-298.758620689655
33,1501,-340,-235.038961038961
33,1502,-84,-95.1176470588235
33,1503,-3,1.61290322580645
33,1504,89,-8.1296875
33,1505,-10,-50.5925925925926
33,1506,-9,-8.1296875
33,1507,-18,-8.1296875
33,1508,181,117.850574712644
33,1509,419,232.027027027027
33,1510,-42,-298.758620689655
33,1511,-209,-161.2
33,1512,-107,-141.936507936508
33,1513,-144,1.61290322580645
33,1514,-144,-52.387417218543
33,1515,-84,-52.387417218543
33,1516,-66,-52.387417218543
33,1517,-7,-11.2444444444444
33,1518,-21,-6.46153846153846
33,1519,0,-8.1296875
33,1520,1,-8.1296875
33,1521,29,-8.1296875
33,1522,149,75.1261261261261
33,1523,364,199.239669421488
33,1524,104,-298.758620689655
33,1525,-328,-235.038961038961
33,1526,-138,-141.936507936508
33,1527,45,1.61290322580645
33,1528,73,-9.52380952380952
33,1529,-2,-50.5925925925926
33,1530,-39,-8.1296875
33,1531,50,-11.2444444444444
33,1532,99,73.25
33,1533,484,273.847826086957
33,1534,-76,-117.9
33,1535,-212,-161.2
33,1536,-107,-141.936507936508
33,1537,-177,1.61290322580645
33,1538,-83,-52.387417218543
33,1539,-114,-52.387417218543
33,1540,-77,-11.2444444444444
33,1541,-31,-11.2444444444444
33,1542,-9,-6.46153846153846
33,1543,-6,-8.1296875
33,1544,3,-8.1296875
33,1545,25,-8.1296875
33,1546,164,75.1261261261261
33,1547,327,199.239669421488
33,1548,160,-298.758620689655
33,1549,-405,-235.038961038961
33,1550,-110,-109.725
33,1551,37,1.61290322580645
33,1552,113,-9.52380952380952
33,1553,-1,-50.5925925925926
33,1554,-51,-8.1296875
33,1555,-21,-11.2444444444444
33,1556,143,117.850574712644
33,1557,451,273.847826086957
33,1558,-39,-40.6428571428571
33,1559,-161,-161.2
33,1560,-198,-141.936507936508
33,1561,-78,-52.387417218543
33,1562,-70,-52.387417218543
33,1563,-138,-52.387417218543
33,1564,-105,-52.387417218543
33,1565,-29,-11.2444444444444
33,1566,-12,-8.1296875
33,1567,-6,-6.46153846153846
33,1568,4,-8.1296875
33,1569,36,-8.1296875
33,1570,146,75.1261261261261
33,1571,315,199.239669421488
33,1572,109,-298.758620689655
33,1573,-266,-235.038961038961
33,1574,-167,-141.936507936508
33,1575,27,1.61290322580645
33,1576,65,-9.52380952380952
33,1577,-40,-50.5925925925926
33,1578,18,-52.387417218543
33,1579,-35,-9.52380952380952
33,1580,168,117.850574712644
33,1581,318,273.847826086957
33,1582,-8,-40.6428571428571
33,1583,-126,-156.584269662921
33,1584,-101,-141.936507936508
33,1585,-72,-52.387417218543
33,1586,-124,-52.387417218543
33,1587,-103,-52.387417218543
33,1588,-57,-52.387417218543
33,1589,-72,-11.2444444444444
33,1590,-24,-11.2444444444444
33,1591,-10,-8.1296875
33,1592,2,-8.1296875
33,1593,35,-8.1296875
33,1594,118,75.1261261261261
33,1595,217,199.239669421488
33,1596,244,-131.875
33,1597,-324,-235.038961038961
33,1598,-129,-156.584269662921
33,1599,17,47.5
33,1600,38,-9.52380952380952
33,1601,13,-9.52380952380952
33,1602,-6,-9.52380952380952
33,1603,-3,-8.1296875
33,1604,121,117.850574712644
33,1605,188,232.027027027027
33,1606,-75,13.0869565217391
33,1607,-101,-161.2
33,1608,-55,-52.387417218543
33,1609,-72,-52.387417218543
33,1610,-73,-52.387417218543
33,1611,-115,-52.387417218543
33,1612,21,-11.2444444444444
33,1613,-11,67.6363636363636
33,1614,3,-8.1296875
33,1615,-38,-8.1296875
33,1616,-5,-11.2444444444444
33,1617,-8,-8.1296875
33,1618,32,-8.1296875
33,1619,50,75.1261261261261
33,1620,102,73.25
33,1621,81,114.2
33,1622,129,90.75
33,1623,48,-6
33,1624,19,13.0869565217391
33,1625,-43,75.1261261261261
33,1626,-19,-52.387417218543
33,1627,-5,-8.1296875
33,1628,-31,-8.1296875
33,1629,-11,-8.1296875
33,1630,-23,-8.1296875
33,1631,35,-8.1296875
33,1632,-82,67.6363636363636
33,1633,-79,-52.387417218543
33,1634,-41,-52.387417218543
33,1635,-20,-52.387417218543
33,1636,-3,-8.1296875
33,1637,-56,-8.1296875
33,1638,-3,-11.2444444444444
33,1639,-57,-8.1296875
33,1640,-29,-52.387417218543
33,1641,6,-8.1296875
33,1642,17,-8.1296875
33,1643,23,75.1261261261261
33,1644,92,75.1261261261261
33,1645,77,114.2
33,1646,147,120.68
33,1647,11,90.75
33,1648,56,13.0869565217391
33,1649,-13,14.5641025641026
33,1650,24,-8.1296875
33,1651,-99,-9.52380952380952
33,1652,-32,-52.387417218543
33,1653,100,-8.1296875
33,1654,-43,-50.5925925925926
33,1655,12,-140
33,1656,-50,67.6363636363636
33,1657,-74,-11.2444444444444
33,1658,-107,-52.387417218543
33,1659,-41,-52.387417218543
33,1660,-67,-52.387417218543
33,1661,-26,-52.387417218543
33,1662,-2,-8.1296875
33,1663,-10,-8.1296875
33,1664,7,-8.1296875
33,1665,28,-8.1296875
33,1666,96,75.1261261261261
33,1667,262,199.239669421488
33,1668,170,120.68
33,1669,-273,-156.584269662921
33,1670,-121,-109.725
33,1671,27,1.61290322580645
33,1672,56,-9.52380952380952
33,1673,-21,-50.5925925925926
33,1674,-6,-8.1296875
33,1675,4,-8.1296875
33,1676,131,117.850574712644
33,1677,382,273.847826086957
33,1678,-17,-40.6428571428571
33,1679,-149,-161.2
33,1680,-186,-141.936507936508
33,1681,-137,-52.387417218543
33,1682,-70,-52.387417218543
33,1683,-86,-52.387417218543
33,1684,-49,-52.387417218543
33,1685,-39,-11.2444444444444
33,1686,-4,-11.2444444444444
33,1687,-8,-8.1296875
33,1688,4,-8.1296875
33,1689,29,-8.1296875
33,1690,119,75.1261261261261
33,1691,329,199.239669421488
33,1692,163,-298.758620689655
33,1693,-374,-235.038961038961
33,1694,-63,-109.725
33,1695,8,1.61290322580645
33,1696,55,-8.1296875
33,1697,11,-50.5925925925926
33,1698,27,-9.52380952380952
33,1699,91,-9.52380952380952
33,1700,126,73.25
33,1701,195,232.027027027027
33,1702,-95,13.0869565217391
33,1703,-130,-109.725
33,1704,-121,-52.387417218543
33,1705,-180,-52.387417218543
33,1706,-19,-52.387417218543
33,1707,-6,-8.1296875
33,1708,-12,-8.1296875
33,1709,-36,-8.1296875
33,1710,-30,-8.1296875
33,1711,-61,-8.1296875
33,1712,-16,-52.387417218543
33,1713,3,-8.1296875
33,1714,13,-8.1296875
33,1715,40,75.1261261261261
33,1716,81,75.1261261261261
33,1717,140,175.453846153846
33,1718,154,90.75
33,1719,38,13.0869565217391
33,1720,9,13.0869565217391
33,1721,5,-8.1296875
33,1722,48,-8.1296875
33,1723,-93,-50.5925925925926
33,1724,-65,-52.387417218543
33,1725,25,-52.387417218543
33,1726,16,-9.52380952380952
33,1727,2,-9.52380952380952
33,1728,119,-8.1296875
33,1729,33,114.2
33,1730,-82,13.0869565217391
33,1731,-319,-52.387417218543
33,1732,-95,-52.387417218543
33,1733,-58,1.61290322580645
33,1734,-12,-52.387417218543
33,1735,-11,-8.1296875
33,1736,0,-8.1296875
33,1737,22,-8.1296875
33,1738,104,117.850574712644
33,1739,210,232.027027027027
33,1740,207,199.239669421488
33,1741,-257,-235.038961038961
33,1742,-107,-156.584269662921
33,1743,58,1.61290322580645
33,1744,32,14.5641025641026
33,1745,34,-9.52380952380952
33,1746,-69,-9.52380952380952
33,1747,13,-11.2444444444444
33,1748,179,117.850574712644
33,1749,256,273.847826086957
33,1750,-82,-109.725
33,1751,-104,-161.2
33,1752,-182,-141.936507936508
33,1753,2,-52.387417218543
33,1754,-98,-8.1296875
33,1755,-94,-52.387417218543
33,1756,-29,-11.2444444444444
33,1757,-73,-8.1296875
33,1758,-12,-11.2444444444444
33,1759,-10,-8.1296875
33,1760,-1,-8.1296875
33,1761,29,-8.1296875
33,1762,96,75.1261261261261
33,1763,222,199.239669421488
33,1764,232,199.239669421488
33,1765,-281,-235.038961038961
33,1766,-94,-156.584269662921
33,1767,23,1.61290322580645
33,1768,98,-9.52380952380952
33,1769,-38,-50.5925925925926
33,1770,-18,-52.387417218543
33,1771,10,-8.1296875
33,1772,84,117.850574712644
33,1773,207,273.847826086957
33,1774,-16,-18.1578947368421
33,1775,-142,-161.2
33,1776,-82,-52.387417218543
33,1777,-36,-52.387417218543
33,1778,-12,-8.1296875
33,1779,-124,-8.1296875
33,1780,-14,-52.387417218543
33,1781,-79,-8.1296875
33,1782,-13,-11.2444444444444
33,1783,-27,-8.1296875
33,1784,-15,-8.1296875
33,1785,-2,-8.1296875
33,1786,17,-8.1296875
33,1787,40,75.1261261261261
33,1788,81,75.1261261261261
33,1789,104,199.239669421488
33,1790,69,90.75
33,1791,42,-6
33,1792,-25,75.1261261261261
33,1793,18,-8.1296875
33,1794,-52,-9.52380952380952
33,1795,-2,-52.387417218543
33,1796,-12,-8.1296875
33,1797,-15,-8.1296875
33,1798,-2,-8.1296875
33,1799,10,-8.1296875
33,1800,-11,75.1261261261261
33,1801,-75,-8.1296875
33,1802,19,-52.387417218543
33,1803,-72,67.6363636363636
33,1804,-1,-52.387417218543
33,1805,-23,-8.1296875
33,1806,-54,-8.1296875
33,1807,-35,-11.2444444444444
33,1808,-22,-8.1296875
33,1809,-7,-8.1296875
33,1810,15,-8.1296875
33,1811,31,75.1261261261261
33,1812,78,67.6363636363636
33,1813,112,199.239669421488
33,1814,77,175.453846153846
33,1815,70,90.75
33,1816,-13,-6
33,1817,-39,-8.1296875
33,1818,-25,-52.387417218543
33,1819,-14,-8.1296875
33,1820,-7,-8.1296875
33,1821,-21,-8.1296875
33,1822,-17,-8.1296875
33,1823,-3,-8.1296875
33,1824,35,-8.1296875
33,1825,-78,75.1261261261261
33,1826,-85,-52.387417218543
33,1827,1,-52.387417218543
33,1828,-84,-8.1296875
33,1829,-21,-52.387417218543
33,1830,-13,-8.1296875
33,1831,0,-8.1296875
33,1832,-3,-8.1296875
33,1833,26,-8.1296875
33,1834,64,75.1261261261261
33,1835,138,146.202127659574
33,1836,225,199.239669421488
33,1837,-92,-235.038961038961
33,1838,-188,-156.584269662921
33,1839,41,-52.387417218543
33,1840,50,75.1261261261261
33,1841,-11,-50.5925925925926
33,1842,-13,-8.1296875
33,1843,38,-8.1296875
33,1844,133,67.6363636363636
33,1845,436,199.239669421488
33,1846,23,-227.5625
33,1847,-241,-161.2
33,1848,-184,-141.936507936508
33,1849,-116,1.61290322580645
33,1850,-107,-52.387417218543
33,1851,-93,-52.387417218543
33,1852,-62,-52.387417218543
33,1853,-54,-11.2444444444444
33,1854,1,-11.2444444444444
33,1855,-13,-8.1296875
33,1856,1,-8.1296875
33,1857,38,-8.1296875
33,1858,145,75.1261261261261
33,1859,333,199.239669421488
33,1860,129,-298.758620689655
33,1861,-318,-235.038961038961
33,1862,-141,-95.1176470588235
33,1863,59,1.61290322580645
33,1864,23,14.5641025641026
33,1865,8,-9.52380952380952
33,1866,-38,-8.1296875
33,1867,23,-11.2444444444444
33,1868,170,117.850574712644
33,1869,437,273.847826086957
33,1870,-53,-109.725
33,1871,-405,-161.2
33,1872,-330,-141.936507936508
33,1873,6,1.61290322580645
33,1874,49,-8.1296875
33,1875,-36,-50.5925925925926
33,1876,-59,-8.1296875
33,1877,-30,-11.2444444444444
33,1878,-9,117.850574712644
33,1879,0,-6.46153846153846
33,1880,2,-8.1296875
33,1881,34,-8.1296875
33,1882,144,67.6363636363636
33,1883,312,199.239669421488
33,1884,177,-298.758620689655
33,1885,-346,-235.038961038961
33,1886,-133,-109.725
33,1887,34,1.61290322580645
33,1888,63,-9.52380952380952
33,1889,-19,-50.5925925925926
33,1890,-32,-8.1296875
33,1891,35,-8.1296875
33,1892,135,117.850574712644
33,1893,419,273.847826086957
33,1894,-16,-227.5625
33,1895,-181,-161.2
33,1896,-150,-141.936507936508
33,1897,-92,-52.387417218543
33,1898,-147,-52.387417218543
33,1899,-92,-52.387417218543
33,1900,-96,-52.387417218543
33,1901,-35,-11.2444444444444
33,1902,-12,-8.1296875
33,1903,1,-8.1296875
33,1904,-5,-8.1296875
33,1905,39,-8.1296875
33,1906,134,75.1261261261261
33,1907,334,175.453846153846
33,1908,190,-298.758620689655
33,1909,-375,-235.038961038961
33,1910,-113,-109.725
33,1911,1,1.61290322580645
33,1912,77,-8.1296875
33,1913,-15,-50.5925925925926
33,1914,-68,-8.1296875
33,1915,62,-11.2444444444444
33,1916,168,73.25
33,1917,356,232.027027027027
33,1918,30,-298.758620689655
33,1919,-196,-227.5625
33,1920,-115,-141.936507936508
33,1921,-141,-52.387417218543
33,1922,-55,-52.387417218543
33,1923,-107,-52.387417218543
33,1924,-116,-52.387417218543
33,1925,-36,-11.2444444444444
33,1926,-42,-6.46153846153846
33,1927,-8,-11.2444444444444
33,1928,2,-8.1296875
33,1929,23,-8.1296875
33,1930,93,75.1261261261261
33,1931,253,199.239669421488
33,1932,333,120.68
33,1933,-299,-298.758620689655
33,1934,-146,-156.584269662921
33,1935,20,47.5
33,1936,91,-9.52380952380952
33,1937,-5,-50.5925925925926
33,1938,-5,-8.1296875
33,1939,-16,-8.1296875
33,1940,139,117.850574712644
33,1941,343,232.027027027027
33,1942,-204,-40.6428571428571
33,1943,-143,-161.2
33,1944,-99,47.5
33,1945,-90,-52.387417218543
33,1946,-36,-52.387417218543
33,1947,-51,-8.1296875
33,1948,-21,-11.2444444444444
33,1949,-73,-6.46153846153846
33,1950,-17,-11.2444444444444
33,1951,-61,-8.1296875
33,1952,-31,-52.387417218543
33,1953,-4,-8.1296875
33,1954,30,-8.1296875
33,1955,13,75.1261261261261
33,1956,103,75.1261261261261
33,1957,131,199.239669421488
33,1958,119,120.68
33,1959,38,13.0869565217391
33,1960,60,13.0869565217391
33,1961,92,14.5641025641026
33,1962,41,-50.5925925925926
33,1963,-72,-9.52380952380952
33,1964,6,-52.387417218543
33,1965,-108,-8.1296875
33,1966,-107,-140
33,1967,80,-140
33,1968,-75,-50.5925925925926
33,1969,-87,-11.2444444444444
33,1970,-44,-52.387417218543
33,1971,-14,-11.2444444444444
33,1972,-24,-8.1296875
33,1973,-19,-8.1296875
33,1974,-53,-8.1296875
33,1975,-58,-11.2444444444444
33,1976,-38,-52.387417218543
33,1977,-10,-52.387417218543
33,1978,6,-8.1296875
33,1979,32,-8.1296875
33,1980,86,75.1261261261261
33,1981,88,199.239669421488
33,1982,161,175.453846153846
33,1983,69,90.75
33,1984,38,-109.725
33,1985,-9,75.1261261261261
33,1986,-4,-8.1296875
33,1987,13,-8.1296875
33,1988,6,-9.52380952380952
33,1989,-59,-8.1296875
33,1990,-124,-52.387417218543
33,1991,0,-140
33,1992,-18,-8.1296875
33,1993,-71,-8.1296875
33,1994,-93,-52.387417218543
33,1995,-39,-52.387417218543
33,1996,-48,-11.2444444444444
33,1997,-32,-52.387417218543
33,1998,4,-8.1296875
33,1999,-9,-8.1296875
33,2000,6,-8.1296875
33,2001,38,-8.1296875
33,2002,90,75.1261261261261
33,2003,343,199.239669421488
33,2004,184,90.75
33,2005,-319,-156.584269662921
33,2006,-162,-109.725
33,2007,-4,1.61290322580645
33,2008,55,-8.1296875
33,2009,2,-50.5925925925926
33,2010,-27,-8.1296875
33,2011,25,-8.1296875
33,2012,149,117.850574712644
33,2013,369,232.027027027027
33,2014,39,-298.758620689655
33,2015,-199,-227.5625
33,2016,-141,-141.936507936508
33,2017,-126,-52.387417218543
33,2018,-44,-52.387417218543
33,2019,-118,-52.387417218543
33,2020,-113,-52.387417218543
33,2021,-28,-11.2444444444444
33,2022,-18,-6.46153846153846
33,2023,-4,-8.1296875
33,2024,4,-8.1296875
33,2025,31,-8.1296875
33,2026,175,75.1261261261261
33,2027,313,199.239669421488
33,2028,135,-298.758620689655
33,2029,-341,-235.038961038961
33,2030,-161,-95.1176470588235
33,2031,47,1.61290322580645
33,2032,48,14.5641025641026
33,2033,-33,-50.5925925925926
33,2034,-7,-8.1296875
33,2035,30,-8.1296875
33,2036,137,117.850574712644
33,2037,389,273.847826086957
33,2038,2,-227.5625
33,2039,-225,-161.2
33,2040,-120,-141.936507936508
33,2041,-94,1.61290322580645
33,2042,-89,-52.387417218543
33,2043,-83,-52.387417218543
33,2044,-108,-52.387417218543
33,2045,-37,-11.2444444444444
33,2046,-8,-11.2444444444444
33,2047,-4,-8.1296875
33,2048,2,-8.1296875
33,2049,40,-8.1296875
33,2050,116,75.1261261261261
33,2051,333,199.239669421488
33,2052,184,-298.758620689655
33,2053,-382,-235.038961038961
33,2054,-159,-109.725
33,2055,45,1.61290322580645
33,2056,19,-9.52380952380952
33,2057,1,-9.52380952380952
33,2058,-33,-8.1296875
33,2059,24,-8.1296875
33,2060,30,117.850574712644
33,2061,146,196.4
33,2062,273,124.1
33,2063,-127,-227.5625
33,2064,-150,-156.584269662921
33,2065,-47,-141.936507936508
33,2066,-31,-52.387417218543
33,2067,-157,-8.1296875
33,2068,-65,-52.387417218543
33,2069,-41,-11.2444444444444
33,2070,-18,-11.2444444444444
33,2071,-2,-8.1296875
33,2072,3,-8.1296875
33,2073,32,-8.1296875
33,2074,112,75.1261261261261
33,2075,321,199.239669421488
33,2076,184,120.68
33,2077,-339,-235.038961038961
33,2078,-120,-109.725
33,2079,18,1.61290322580645
33,2080,58,-9.52380952380952
33,2081,-20,-50.5925925925926
33,2082,-57,-8.1296875
33,2083,95,-11.2444444444444
33,2084,66,73.25
33,2085,413,232.027027027027
33,2086,6,-117.9
33,2087,-244,-161.2
33,2088,-28,-141.936507936508
33,2089,-173,-8.1296875
33,2090,-264,-52.387417218543
33,2091,-3,-52.387417218543
33,2092,-31,-8.1296875
33,2093,-23,-8.1296875
33,2094,8,-6.46153846153846
33,2095,17,-8.1296875
33,2096,-27,75.1261261261261
33,2097,33,117.850574712644
33,2098,84,75.1261261261261
33,2099,234,175.453846153846
33,2100,331,90.75
33,2101,-318,-227.5625
33,2102,-140,-156.584269662921
33,2103,-21,47.5
33,2104,62,-8.1296875
33,2105,-118,-50.5925925925926
33,2106,73,-52.387417218543
33,2107,-13,114.2
33,2108,220,117.850574712644
33,2109,279,232.027027027027
33,2110,-93,-298.758620689655
33,2111,-220,-156.584269662921
33,2112,-151,-141.936507936508
33,2113,-129,1.61290322580645
33,2114,13,-52.387417218543
33,2115,31,75.1261261261261
33,2116,-63,-9.52380952380952
33,2117,-31,-11.2444444444444
33,2118,-12,117.850574712644
33,2119,-35,-8.1296875
33,2120,-9,-8.1296875
33,2121,1,-8.1296875
33,2122,-2,-8.1296875
33,2123,22,-8.1296875
33,2124,75,75.1261261261261
33,2125,95,175.453846153846
33,2126,61,199.239669421488
33,2127,37,-6
33,2128,152,75.1261261261261
33,2129,-103,124.1
33,2130,-11,-95.1176470588235
33,2131,37,-8.1296875
33,2132,-54,-9.52380952380952
33,2133,-85,-52.387417218543
33,2134,-64,-52.387417218543
33,2135,61,-11.2444444444444
33,2136,-24,73.25
33,2137,-51,-8.1296875
33,2138,17,-52.387417218543
33,2139,-31,67.6363636363636
33,2140,-36,-8.1296875
33,2141,17,-8.1296875
33,2142,-8,75.1261261261261
33,2143,-79,-8.1296875
33,2144,-27,-52.387417218543
33,2145,-10,-8.1296875
33,2146,13,-8.1296875
33,2147,19,75.1261261261261
33,2148,115,75.1261261261261
33,2149,105,73.25
33,2150,121,-131.875
33,2151,126,90.75
33,2152,-1,13.0869565217391
33,2153,122,-95.1176470588235
33,2154,-10,-50.5925925925926
33,2155,8,-95.1176470588235
33,2156,4,-8.1296875
33,2157,-72,-8.1296875
33,2158,-41,-52.387417218543
33,2159,7,-140
33,2160,-144,-8.1296875
33,2161,-33,-52.387417218543
33,2162,-154,-8.1296875
33,2163,-68,-11.2444444444444
33,2164,-76,-52.387417218543
33,2165,-20,-52.387417218543
33,2166,-10,-8.1296875
33,2167,-15,-8.1296875
33,2168,6,-8.1296875
33,2169,43,-8.1296875
33,2170,106,75.1261261261261
33,2171,264,199.239669421488
33,2172,317,90.75
33,2173,-393,-156.584269662921
33,2174,-145,-156.584269662921
33,2175,-2,47.5
33,2176,116,-8.1296875
33,2177,-74,-50.5925925925926
33,2178,31,-40.6428571428571
33,2179,10,-9.52380952380952
33,2180,176,117.850574712644
33,2181,390,232.027027027027
33,2182,-106,-298.758620689655
33,2183,-159,-156.584269662921
33,2184,-179,-141.936507936508
33,2185,-107,-52.387417218543
33,2186,-87,-52.387417218543
33,2187,-95,-52.387417218543
33,2188,-50,-11.2444444444444
33,2189,-47,-11.2444444444444
33,2190,-1,-11.2444444444444
33,2191,-10,-8.1296875
33,2192,0,-8.1296875
33,2193,44,-8.1296875
33,2194,140,75.1261261261261
33,2195,326,199.239669421488
33,2196,227,-298.758620689655
33,2197,-404,-235.038961038961
33,2198,-121,-156.584269662921
33,2199,-17,1.61290322580645
33,2200,28,-8.1296875
33,2201,44,-9.52380952380952
33,2202,-29,-9.52380952380952
33,2203,41,-8.1296875
33,2204,170,117.850574712644
33,2205,414,232.027027027027
33,2206,8,-109.725
33,2207,-245,-161.2
33,2208,-109,-141.936507936508
33,2209,-145,1.61290322580645
33,2210,-109,-52.387417218543
33,2211,-77,-52.387417218543
33,2212,-126,-52.387417218543
33,2213,-38,-11.2444444444444
33,2214,-16,-11.2444444444444
33,2215,0,-8.1296875
33,2216,-8,-8.1296875
33,2217,55,-8.1296875
33,2218,131,146.202127659574
33,2219,317,199.239669421488
33,2220,281,-298.758620689655
33,2221,-446,-298.758620689655
33,2222,-111,-156.584269662921
33,2223,50,47.5
33,2224,29,14.5641025641026
33,2225,2,-9.52380952380952
33,2226,-65,-8.1296875
33,2227,70,-11.2444444444444
33,2228,167,73.25
33,2229,429,273.847826086957
33,2230,-22,-227.5625
33,2231,-193,-161.2
33,2232,-131,-141.936507936508
33,2233,-170,-52.387417218543
33,2234,-119,-52.387417218543
33,2235,-39,-52.387417218543
33,2236,-147,-52.387417218543
33,2237,-63,-11.2444444444444
33,2238,-8,-11.2444444444444
33,2239,-13,-8.1296875
33,2240,-4,-8.1296875
33,2241,38,-8.1296875
33,2242,139,75.1261261261261
33,2243,314,199.239669421488
33,2244,234,-298.758620689655
33,2245,-385,-235.038961038961
33,2246,-122,-156.584269662921
33,2247,-10,1.61290322580645
33,2248,67,-8.1296875
33,2249,-37,-50.5925925925926
33,2250,-29,-52.387417218543
33,2251,25,-8.1296875
33,2252,136,117.850574712644
33,2253,364,232.027027027027
33,2254,-50,-298.758620689655
33,2255,-74,-161.2
33,2256,-168,-141.936507936508
33,2257,-175,-52.387417218543
33,2258,-37,-52.387417218543
33,2259,-89,-52.387417218543
33,2260,-48,-52.387417218543
33,2261,-43,-11.2444444444444
33,2262,-28,-11.2444444444444
33,2263,-14,-8.1296875
33,2264,-4,-8.1296875
33,2265,29,-8.1296875
33,2266,102,75.1261261261261
33,2267,271,199.239669421488
33,2268,266,199.239669421488
33,2269,-313,-235.038961038961
33,2270,-132,-156.584269662921
33,2271,20,47.5
33,2272,48,75.1261261261261
33,2273,15,-50.5925925925926
33,2274,12,-9.52380952380952
33,2275,-3,-9.52380952380952
33,2276,176,117.850574712644
33,2277,200,232.027027027027
33,2278,-77,-109.725
33,2279,-106,-156.584269662921
33,2280,-162,-52.387417218543
33,2281,-94,-52.387417218543
33,2282,-61,-52.387417218543
33,2283,-10,-52.387417218543
33,2284,2,-8.1296875
33,2285,-111,-8.1296875
33,2286,10,-11.2444444444444
33,2287,-47,75.1261261261261
33,2288,-32,-52.387417218543
33,2289,3,-8.1296875
33,2290,36,-8.1296875
33,2291,26,75.1261261261261
33,2292,87,67.6363636363636
33,2293,174,114.2
33,2294,58,73.25
33,2295,62,-109.725
33,2296,30,14.5641025641026
33,2297,11,-9.52380952380952
33,2298,-4,-9.52380952380952
33,2299,3,-8.1296875
33,2300,-10,-8.1296875
33,2301,-8,-8.1296875
33,2302,2,-8.1296875
33,2303,-143,-8.1296875
33,2304,-105,-52.387417218543
33,2305,67,-52.387417218543
33,2306,-24,114.2
33,2307,-68,-8.1296875
33,2308,-20,-52.387417218543
33,2309,-30,-8.1296875
33,2310,-46,-8.1296875
33,2311,-57,-52.387417218543
33,2312,-42,-52.387417218543
33,2313,4,-52.387417218543
33,2314,1,-8.1296875
33,2315,22,-8.1296875
33,2316,87,75.1261261261261
33,2317,99,175.453846153846
33,2318,155,175.453846153846
33,2319,128,90.75
33,2320,2,13.0869565217391
33,2321,-28,-95.1176470588235
33,2322,39,-8.1296875
33,2323,-21,-9.52380952380952
33,2324,20,-8.1296875
33,2325,10,-9.52380952380952
33,2326,-112,-9.52380952380952
33,2327,24,-140
33,2328,-140,67.6363636363636
33,2329,-32,-52.387417218543
33,2330,-123,-8.1296875
33,2331,-48,-52.387417218543
33,2332,-42,-11.2444444444444
33,2333,-39,-52.387417218543
33,2334,-11,-11.2444444444444
33,2335,-5,-8.1296875
33,2336,2,-8.1296875
33,2337,42,-8.1296875
33,2338,114,75.1261261261261
33,2339,308,199.239669421488
33,2340,282,90.75
33,2341,-458,-298.758620689655
33,2342,-104,-156.584269662921
33,2343,26,47.5
33,2344,63,-9.52380952380952
33,2345,-52,-50.5925925925926
33,2346,28,-52.387417218543
33,2347,-18,-9.52380952380952
33,2348,189,117.850574712644
33,2349,402,273.847826086957
33,2350,-15,-40.6428571428571
33,2351,-147,-156.584269662921
33,2352,-203,-141.936507936508
33,2353,-140,-52.387417218543
33,2354,-92,-52.387417218543
33,2355,-80,-52.387417218543
33,2356,-112,-52.387417218543
33,2357,-17,-11.2444444444444
33,2358,-13,-8.1296875
33,2359,-2,-6.46153846153846
33,2360,0,-8.1296875
33,2361,39,-8.1296875
33,2362,149,75.1261261261261
33,2363,319,199.239669421488
33,2364,247,-298.758620689655
33,2365,-427,-235.038961038961
33,2366,-106,-156.584269662921
33,2367,-3,47.5
33,2368,24,-8.1296875
33,2369,40,-9.52380952380952
33,2370,-28,-9.52380952380952
33,2371,-116,-8.1296875
33,2372,258,-11.2444444444444
33,2373,418,232.027027027027
33,2374,37,-156.584269662921
33,2375,-243,-227.5625
33,2376,-162,-141.936507936508
33,2377,-100,1.61290322580645
33,2378,-95,-52.387417218543
33,2379,-110,-52.387417218543
33,2380,-100,-52.387417218543
33,2381,-14,-11.2444444444444
33,2382,-20,-6.46153846153846
33,2383,-6,-8.1296875
33,2384,-3,-8.1296875
33,2385,45,-8.1296875
33,2386,136,75.1261261261261
33,2387,302,199.239669421488
33,2388,194,-298.758620689655
33,2389,-331,-235.038961038961
33,2390,-114,-109.725
33,2391,-2,1.61290322580645
33,2392,50,-8.1296875
33,2393,-4,-50.5925925925926
33,2394,-17,-8.1296875
33,2395,32,-8.1296875
33,2396,184,117.850574712644
33,2397,358,232.027027027027
33,2398,54,-298.758620689655
33,2399,-239,-227.5625
33,2400,-139,-141.936507936508
33,2401,-193,1.61290322580645
33,2402,-32,-52.387417218543
33,2403,-136,-8.1296875
33,2404,-89,-52.387417218543
33,2405,-21,-11.2444444444444
33,2406,-31,-6.46153846153846
33,2407,-5,-8.1296875
33,2408,3,-6.46153846153846
33,2409,32,-8.1296875
33,2410,142,75.1261261261261
33,2411,290,199.239669421488
33,2412,266,-298.758620689655
33,2413,-396,-235.038961038961
33,2414,-162,-156.584269662921
33,2415,45,47.5
33,2416,60,-9.52380952380952
33,2417,24,-50.5925925925926
33,2418,-85,-9.52380952380952
33,2419,45,-11.2444444444444
33,2420,136,117.850574712644
33,2421,459,273.847826086957
33,2422,-98,13.0869565217391
33,2423,-160,-161.2
33,2424,-180,-141.936507936508
33,2425,-85,-52.387417218543
33,2426,-80,-52.387417218543
33,2427,-85,-52.387417218543
33,2428,-106,-11.2444444444444
33,2429,-28,-11.2444444444444
33,2430,-29,-8.1296875
33,2431,-8,-8.1296875
33,2432,6,-8.1296875
33,2433,25,-8.1296875
33,2434,126,75.1261261261261
33,2435,258,199.239669421488
33,2436,247,-131.875
33,2437,-272,-156.584269662921
33,2438,-147,-156.584269662921
33,2439,14,47.5
33,2440,75,-9.52380952380952
33,2441,7,-50.5925925925926
33,2442,-14,-8.1296875
33,2443,49,-8.1296875
33,2444,112,73.25
33,2445,249,232.027027027027
33,2446,-70,-117.9
33,2447,-202,-161.2
33,2448,-80,-141.936507936508
33,2449,-111,-52.387417218543
33,2450,-76,-52.387417218543
33,2451,-6,-52.387417218543
33,2452,-35,-8.1296875
33,2453,-39,-8.1296875
33,2454,-38,-11.2444444444444
33,2455,-54,-11.2444444444444
33,2456,-17,-11.2444444444444
33,2457,4,-8.1296875
33,2458,32,-8.1296875
33,2459,18,75.1261261261261
33,2460,114,75.1261261261261
33,2461,97,175.453846153846
33,2462,118,120.68
33,2463,74,90.75
33,2464,77,13.0869565217391
33,2465,-20,14.5641025641026
33,2466,-55,-8.1296875
33,2467,17,-52.387417218543
33,2468,-39,-9.52380952380952
33,2469,42,-52.387417218543
33,2470,-2,-9.52380952380952
33,2471,-93,-8.1296875
33,2472,-85,-52.387417218543
33,2473,-23,-52.387417218543
33,2474,-20,-8.1296875
33,2475,-47,-8.1296875
33,2476,-69,-52.387417218543
33,2477,-66,-11.2444444444444
33,2478,-14,-11.2444444444444
33,2479,-32,-8.1296875
33,2480,-27,-8.1296875
33,2481,5,-8.1296875
33,2482,0,-8.1296875
33,2483,49,-8.1296875
33,2484,40,146.202127659574
33,2485,121,75.1261261261261
33,2486,135,90.75
33,2487,73,-131.875
33,2488,54,13.0869565217391
33,2489,32,14.5641025641026
33,2490,3,-9.52380952380952
33,2491,-76,-8.1296875
33,2492,-29,-52.387417218543
33,2493,-39,-8.1296875
33,2494,-153,-140
33,2495,-44,-140
33,2496,8,-52.387417218543
33,2497,15,-8.1296875
33,2498,-51,67.6363636363636
33,2499,-70,-52.387417218543
33,2500,-54,-11.2444444444444
33,2501,-22,-52.387417218543
33,2502,-6,-8.1296875
33,2503,0,-8.1296875
33,2504,6,-8.1296875
33,2505,14,-8.1296875
33,2506,116,75.1261261261261
33,2507,266,199.239669421488
33,2508,198,-131.875
33,2509,-329,-156.584269662921
33,2510,-63,-156.584269662921
33,2511,47,1.61290322580645
33,2512,25,14.5641025641026
33,2513,4,-9.52380952380952
33,2514,-2,-8.1296875
33,2515,-13,-8.1296875
33,2516,177,117.850574712644
33,2517,407,273.847826086957
33,2518,-15,-40.6428571428571
33,2519,-203,-161.2
33,2520,-183,-141.936507936508
33,2521,-140,-52.387417218543
33,2522,-110,-52.387417218543
33,2523,-94,-52.387417218543
33,2524,-66,-52.387417218543
33,2525,-29,-11.2444444444444
33,2526,-5,-6.46153846153846
33,2527,-7,-8.1296875
33,2528,3,-8.1296875
33,2529,27,-8.1296875
33,2530,143,75.1261261261261
33,2531,323,199.239669421488
33,2532,203,-298.758620689655
33,2533,-378,-235.038961038961
33,2534,-77,-156.584269662921
33,2535,-36,1.61290322580645
33,2536,69,-8.1296875
33,2537,-30,-50.5925925925926
33,2538,8,-8.1296875
33,2539,45,-8.1296875
33,2540,139,117.850574712644
33,2541,423,232.027027027027
33,2542,-54,-298.758620689655
33,2543,-204,-156.584269662921
33,2544,-162,-141.936507936508
33,2545,-131,-52.387417218543
33,2546,-93,-52.387417218543
33,2547,-86,-52.387417218543
33,2548,-80,-52.387417218543
33,2549,-35,-11.2444444444444
33,2550,-17,-6.46153846153846
33,2551,1,-8.1296875
33,2552,0,-8.1296875
33,2553,36,-8.1296875
33,2554,130,75.1261261261261
33,2555,309,175.453846153846
33,2556,255,-298.758620689655
33,2557,-396,-235.038961038961
33,2558,-127,-156.584269662921
33,2559,25,47.5
33,2560,41,-9.52380952380952
33,2561,33,-9.52380952380952
33,2562,-77,-9.52380952380952
33,2563,42,-11.2444444444444
33,2564,163,117.850574712644
33,2565,417,273.847826086957
33,2566,4,-109.725
33,2567,-176,-161.2
33,2568,-186,-141.936507936508
33,2569,-119,-52.387417218543
33,2570,-148,-52.387417218543
33,2571,-97,-52.387417218543
33,2572,-69,-52.387417218543
33,2573,-39,-11.2444444444444
33,2574,-14,-11.2444444444444
33,2575,-8,-8.1296875
33,2576,4,-8.1296875
33,2577,31,-8.1296875
33,2578,126,75.1261261261261
33,2579,308,199.239669421488
33,2580,223,-298.758620689655
33,2581,-345,-235.038961038961
33,2582,-148,-156.584269662921
33,2583,55,1.61290322580645
33,2584,17,14.5641025641026
33,2585,4,-9.52380952380952
33,2586,-34,-8.1296875
33,2587,20,-8.1296875
33,2588,150,117.850574712644
33,2589,393,273.847826086957
33,2590,1,-40.6428571428571
33,2591,-188,-161.2
33,2592,-145,-141.936507936508
33,2593,-142,-52.387417218543
33,2594,-77,-52.387417218543
33,2595,-103,-52.387417218543
33,2596,-71,-52.387417218543
33,2597,-44,-11.2444444444444
33,2598,-21,-11.2444444444444
33,2599,-11,-8.1296875
33,2600,-2,-8.1296875
33,2601,26,-8.1296875
33,2602,11,75.1261261261261
33,2603,89,75.1261261261261
33,2604,-14,199.239669421488
33,2605,101,-8.1296875
33,2606,-27,-6
33,2607,58,-8.1296875
33,2608,64,14.5641025641026
33,2609,-25,-50.5925925925926
33,2610,17,-8.1296875
33,2611,17,67.6363636363636
33,2612,143,75.1261261261261
33,2613,263,73.25
33,2614,-90,-40.6428571428571
33,2615,-148,-156.584269662921
33,2616,-122,-141.936507936508
33,2617,-84,-52.387417218543
33,2618,-68,-52.387417218543
33,2619,-26,-52.387417218543
33,2620,-12,-8.1296875
33,2621,-64,-8.1296875
33,2622,-31,-11.2444444444444
33,2623,-64,-8.1296875
33,2624,-11,-52.387417218543
33,2625,1,-8.1296875
33,2626,12,-8.1296875
33,2627,39,75.1261261261261
33,2628,100,75.1261261261261
33,2629,109,175.453846153846
33,2630,136,90.75
33,2631,92,-6
33,2632,47,13.0869565217391
33,2633,23,14.5641025641026
33,2634,-31,-9.52380952380952
33,2635,24,-8.1296875
33,2636,-31,-9.52380952380952
33,2637,-19,-8.1296875
33,2638,-212,-8.1296875
33,2639,-25,-140
33,2640,-115,-8.1296875
33,2641,-32,-52.387417218543
33,2642,40,-8.1296875
33,2643,-5,67.6363636363636
33,2644,-43,-8.1296875
33,2645,-7,-52.387417218543
33,2646,-27,-8.1296875
33,2647,-38,-8.1296875
33,2648,-38,-52.387417218543
33,2649,0,-52.387417218543
33,2650,6,-8.1296875
33,2651,23,-8.1296875
33,2652,80,75.1261261261261
33,2653,98,199.239669421488
33,2654,111,175.453846153846
33,2655,121,90.75
33,2656,56,124.1
33,2657,38,13.0869565217391
33,2658,36,-9.52380952380952
33,2659,-2,-9.52380952380952
33,2660,-64,-8.1296875
33,2661,-8,-52.387417218543
33,2662,-14,-8.1296875
33,2663,-26,-8.1296875
33,2664,-165,-8.1296875
33,2665,-80,-52.387417218543
33,2666,-39,-52.387417218543
33,2667,-71,-52.387417218543
33,2668,-63,-52.387417218543
33,2669,-33,-52.387417218543
33,2670,-5,-8.1296875
33,2671,-3,-8.1296875
33,2672,5,-8.1296875
33,2673,25,-8.1296875
33,2674,123,75.1261261261261
33,2675,277,199.239669421488
33,2676,237,-298.758620689655
33,2677,-368,-235.038961038961
33,2678,-106,-156.584269662921
33,2679,46,47.5
33,2680,31,14.5641025641026
33,2681,-22,-9.52380952380952
33,2682,-6,-8.1296875
33,2683,26,-8.1296875
33,2684,190,117.850574712644
33,2685,354,273.847826086957
33,2686,-6,-40.6428571428571
33,2687,-257,-161.2
33,2688,-123,-141.936507936508
33,2689,-142,1.61290322580645
33,2690,-98,-52.387417218543
33,2691,-64,-52.387417218543
33,2692,-68,-52.387417218543
33,2693,-33,-11.2444444444444
33,2694,-16,-6.46153846153846
33,2695,-8,-8.1296875
33,2696,2,-8.1296875
33,2697,31,-8.1296875
33,2698,28,75.1261261261261
33,2699,115,75.1261261261261
33,2700,439,175.453846153846
33,2701,-216,-298.758620689655
33,2702,-194,-156.584269662921
33,2703,-12,47.5
33,2704,104,-8.1296875
33,2705,-14,-50.5925925925926
33,2706,-31,-8.1296875
33,2707,28,-8.1296875
33,2708,175,117.850574712644
33,2709,354,232.027027027027
33,2710,42,-298.758620689655
33,2711,-227,-227.5625
33,2712,-191,-141.936507936508
33,2713,-128,1.61290322580645
33,2714,-119,-52.387417218543
33,2715,-22,-52.387417218543
33,2716,-107,-8.1296875
33,2717,-23,-11.2444444444444
33,2718,-29,-6.46153846153846
33,2719,3,117.850574712644
33,2720,-7,-8.1296875
33,2721,35,-8.1296875
33,2722,133,75.1261261261261
33,2723,320,175.453846153846
33,2724,190,-298.758620689655
33,2725,-315,-235.038961038961
33,2726,-134,-109.725
33,2727,2,1.61290322580645
33,2728,72,-8.1296875
33,2729,-13,-50.5925925925926
33,2730,-39,-8.1296875
33,2731,11,-11.2444444444444
33,2732,165,117.850574712644
33,2733,420,232.027027027027
33,2734,-3,-298.758620689655
33,2735,-199,-161.2
33,2736,-222,-141.936507936508
33,2737,-112,-52.387417218543
33,2738,-89,1.61290322580645
33,2739,-88,-52.387417218543
33,2740,-62,-52.387417218543
33,2741,-55,-11.2444444444444
33,2742,-6,-11.2444444444444
33,2743,-11,-6.46153846153846
33,2744,1,-8.1296875
33,2745,32,-8.1296875
33,2746,128,75.1261261261261
33,2747,299,199.239669421488
33,2748,218,-298.758620689655
33,2749,-345,-235.038961038961
33,2750,-138,-156.584269662921
33,2751,75,1.61290322580645
33,2752,69,14.5641025641026
33,2753,-43,-50.5925925925926
33,2754,-52,-52.387417218543
33,2755,12,-11.2444444444444
33,2756,159,117.850574712644
33,2757,478,273.847826086957
33,2758,-65,-40.6428571428571
33,2759,-155,-161.2
33,2760,-163,-141.936507936508
33,2761,-158,-52.387417218543
33,2762,-102,-52.387417218543
33,2763,-28,-52.387417218543
33,2764,-138,-8.1296875
33,2765,-34,-11.2444444444444
33,2766,-35,-8.1296875
33,2767,-13,-8.1296875
33,2768,3,-8.1296875
33,2769,27,-8.1296875
33,2770,121,75.1261261261261
33,2771,222,199.239669421488
33,2772,289,-131.875
33,2773,-290,-298.758620689655
33,2774,-147,-156.584269662921
33,2775,72,47.5
33,2776,62,14.5641025641026
33,2777,-8,-50.5925925925926
33,2778,-29,-8.1296875
33,2779,55,-8.1296875
33,2780,105,73.25
33,2781,303,273.847826086957
33,2782,-122,-117.9
33,2783,-178,-161.2
33,2784,-132,-141.936507936508
33,2785,-104,-52.387417218543
33,2786,-42,-52.387417218543
33,2787,-92,-52.387417218543
33,2788,-16,-11.2444444444444
33,2789,-13,-8.1296875
33,2790,-49,-8.1296875
33,2791,-13,-11.2444444444444
33,2792,-17,-8.1296875
33,2793,-4,-8.1296875
33,2794,18,-8.1296875
33,2795,37,75.1261261261261
33,2796,125,75.1261261261261
33,2797,103,199.239669421488
33,2798,188,-131.875
33,2799,56,90.75
33,2800,118,-109.725
33,2801,-10,14.5641025641026
33,2802,-46,-95.1176470588235
33,2803,-2,-52.387417218543
33,2804,45,-8.1296875
33,2805,-6,-9.52380952380952
33,2806,-81,-8.1296875
33,2807,-66,-140
33,2808,-147,-52.387417218543
33,2809,-3,-52.387417218543
33,2810,-77,-8.1296875
33,2811,-26,-52.387417218543
33,2812,-48,-8.1296875
33,2813,-56,-52.387417218543
33,2814,-12,-11.2444444444444
33,2815,-64,-8.1296875
33,2816,-29,-11.2444444444444
33,2817,-15,-8.1296875
33,2818,9,-8.1296875
33,2819,21,-8.1296875
33,2820,83,75.1261261261261
33,2821,146,199.239669421488
33,2822,155,175.453846153846
33,2823,-153,13.0869565217391
33,2824,26,-95.1176470588235
33,2825,-136,75.1261261261261
33,2826,-13,-52.387417218543
33,2827,127,-8.1296875
33,2828,80,-50.5925925925926
33,2829,-13,13.0869565217391
33,2830,34,-8.1296875
33,2831,-36,196.4
33,2832,-67,-8.1296875
33,2833,-84,-52.387417218543
33,2834,-134,-52.387417218543
33,2835,-10,-52.387417218543
33,2836,-20,-8.1296875
33,2837,-16,-8.1296875
33,2838,-5,-8.1296875
33,2839,-2,-8.1296875
33,2840,4,-8.1296875
33,2841,30,-8.1296875
33,2842,124,75.1261261261261
33,2843,281,199.239669421488
33,2844,213,-298.758620689655
33,2845,-298,-235.038961038961
33,2846,-164,-156.584269662921
33,2847,48,1.61290322580645
33,2848,41,14.5641025641026
33,2849,9,-9.52380952380952
33,2850,-16,-8.1296875
33,2851,34,-8.1296875
33,2852,151,117.850574712644
33,2853,433,273.847826086957
33,2854,-78,13.0869565217391
33,2855,-516,-161.2
33,2856,-38,-141.936507936508
33,2857,-16,1.61290322580645
33,2858,-84,-8.1296875
33,2859,-59,-52.387417218543
33,2860,-43,-11.2444444444444
33,2861,-26,-11.2444444444444
33,2862,-25,-6.46153846153846
33,2863,-5,-8.1296875
33,2864,1,-8.1296875
33,2865,30,-8.1296875
33,2866,135,75.1261261261261
33,2867,350,199.239669421488
33,2868,204,-298.758620689655
33,2869,-395,-235.038961038961
33,2870,-150,-156.584269662921
33,2871,78,1.61290322580645
33,2872,49,14.5641025641026
33,2873,26,-50.5925925925926
33,2874,-29,-9.52380952380952
33,2875,0,-8.1296875
33,2876,165,117.850574712644
33,2877,411,273.847826086957
33,2878,-253,-109.725
33,2879,-149,-161.2
33,2880,-118,47.5
33,2881,-78,-52.387417218543
33,2882,-48,-52.387417218543
33,2883,-96,-52.387417218543
33,2884,-81,-11.2444444444444
33,2885,-34,-11.2444444444444
33,2886,-4,-8.1296875
33,2887,-10,-8.1296875
33,2888,1,-8.1296875
33,2889,32,-8.1296875
33,2890,147,75.1261261261261
33,2891,366,199.239669421488
33,2892,187,-298.758620689655
33,2893,-364,-235.038961038961
33,2894,-151,-109.725
33,2895,42,1.61290322580645
33,2896,45,-9.52380952380952
33,2897,4,-9.52380952380952
33,2898,-50,-8.1296875
33,2899,50,-11.2444444444444
33,2900,144,73.25
33,2901,323,273.847826086957
33,2902,-100,-227.5625
33,2903,-103,-161.2
33,2904,-189,-141.936507936508
33,2905,-40,-52.387417218543
33,2906,-70,-52.387417218543
33,2907,-141,-52.387417218543
33,2908,-80,-11.2444444444444
33,2909,-35,-11.2444444444444
33,2910,-5,-8.1296875
33,2911,-11,-8.1296875
33,2912,-3,-8.1296875
33,2913,31,-8.1296875
33,2914,155,75.1261261261261
33,2915,289,199.239669421488
33,2916,226,-298.758620689655
33,2917,-295,-235.038961038961
33,2918,-179,-156.584269662921
33,2919,45,1.61290322580645
33,2920,54,75.1261261261261
33,2921,14,-50.5925925925926
33,2922,-41,-9.52380952380952
33,2923,0,-11.2444444444444
33,2924,160,117.850574712644
33,2925,355,273.847826086957
33,2926,121,-109.725
33,2927,-308,-227.5625
33,2928,-159,-161.2
33,2929,-145,1.61290322580645
33,2930,-131,-52.387417218543
33,2931,-41,-52.387417218543
33,2932,-46,-52.387417218543
33,2933,-69,-11.2444444444444
33,2934,-26,-11.2444444444444
33,2935,-8,-8.1296875
33,2936,0,-8.1296875
33,2937,30,-8.1296875
33,2938,113,75.1261261261261
33,2939,274,199.239669421488
33,2940,319,199.239669421488
33,2941,-355,-298.758620689655
33,2942,-127,-156.584269662921
33,2943,19,47.5
33,2944,90,-9.52380952380952
33,2945,-20,-50.5925925925926
33,2946,-13,-8.1296875
33,2947,12,-8.1296875
33,2948,165,117.850574712644
33,2949,297,232.027027027027
33,2950,-76,-40.6428571428571
33,2951,-200,-161.2
33,2952,-173,-141.936507936508
33,2953,-57,-52.387417218543
33,2954,-55,-52.387417218543
33,2955,-73,-52.387417218543
33,2956,-43,-11.2444444444444
33,2957,-20,-11.2444444444444
33,2958,-36,-6.46153846153846
33,2959,-41,-8.1296875
33,2960,-26,-52.387417218543
33,2961,2,-8.1296875
33,2962,16,-8.1296875
33,2963,72,75.1261261261261
33,2964,60,199.239669421488
33,2965,126,146.202127659574
33,2966,154,90.75
33,2967,15,13.0869565217391
33,2968,127,13.0869565217391
33,2969,-67,124.1
33,2970,-35,-95.1176470588235
33,2971,-249,-8.1296875
33,2972,201,-52.387417218543
33,2973,-31,-18.1578947368421
33,2974,-20,-40.6428571428571
33,2975,-29,-8.1296875
33,2976,-113,-8.1296875
33,2977,-33,-11.2444444444444
33,2978,-26,117.850574712644
33,2979,-24,-8.1296875
33,2980,-24,-8.1296875
33,2981,0,-8.1296875
33,2982,-18,-8.1296875
33,2983,-63,-8.1296875
33,2984,-37,-52.387417218543
33,2985,0,-52.387417218543
33,2986,5,-8.1296875
33,2987,13,-8.1296875
33,2988,99,75.1261261261261
33,2989,130,199.239669421488
33,2990,122,120.68
33,2991,97,-235.038961038961
33,2992,144,13.0869565217391
33,2993,-85,124.1
33,2994,-164,-95.1176470588235
33,2995,14,-52.387417218543
33,2996,-218,-9.52380952380952
33,2997,60,-52.387417218543
33,2998,31,-50.5925925925926
33,2999,28,-9.52380952380952
33,3000,-81,67.6363636363636
33,3001,-45,-140
33,3002,-52,-11.2444444444444
33,3003,-34,-52.387417218543
33,3004,-48,-8.1296875
33,3005,-25,-52.387417218543
33,3006,1,-8.1296875
33,3007,-4,-8.1296875
33,3008,8,-8.1296875
33,3009,24,-8.1296875
33,3010,109,75.1261261261261
33,3011,288,199.239669421488
33,3012,266,120.68
33,3013,-357,-156.584269662921
33,3014,-136,-156.584269662921
33,3015,23,47.5
33,3016,54,-9.52380952380952
33,3017,5,-50.5925925925926
33,3018,-42,-8.1296875
33,3019,36,-11.2444444444444
33,3020,162,117.850574712644
33,3021,401,273.847826086957
33,3022,-11,-227.5625
33,3023,-261,-161.2
33,3024,-157,-141.936507936508
33,3025,-138,1.61290322580645
33,3026,-117,-52.387417218543
33,3027,-47,-52.387417218543
33,3028,-76,-52.387417218543
33,3029,-17,-11.2444444444444
33,3030,-6,-6.46153846153846
33,3031,-11,-8.1296875
33,3032,4,-8.1296875
33,3033,34,-8.1296875
33,3034,105,75.1261261261261
33,3035,122,199.239669421488
33,3036,424,90.75
33,3037,-298,-298.758620689655
33,3038,-191,-156.584269662921
33,3039,14,47.5
33,3040,79,-9.52380952380952
33,3041,-9,-50.5925925925926
33,3042,-37,-8.1296875
33,3043,66,-11.2444444444444
33,3044,163,73.25
33,3045,384,232.027027027027
33,3046,-46,-227.5625
33,3047,-221,-161.2
33,3048,-162,-141.936507936508
33,3049,-121,1.61290322580645
33,3050,-98,-52.387417218543
33,3051,-107,-52.387417218543
33,3052,-62,-52.387417218543
33,3053,-33,-11.2444444444444
33,3054,-8,-6.46153846153846
33,3055,3,-8.1296875
33,3056,1,-8.1296875
33,3057,30,-8.1296875
33,3058,141,75.1261261261261
33,3059,373,175.453846153846
33,3060,254,-298.758620689655
33,3061,-460,-235.038961038961
33,3062,-170,-156.584269662921
33,3063,75,47.5
33,3064,107,14.5641025641026
33,3065,-60,-50.5925925925926
33,3066,1,-52.387417218543
33,3067,37,-8.1296875
33,3068,155,117.850574712644
33,3069,377,273.847826086957
33,3070,-58,-227.5625
33,3071,-169,-161.2
33,3072,-216,-141.936507936508
33,3073,-114,-52.387417218543
33,3074,-78,1.61290322580645
33,3075,-78,-52.387417218543
33,3076,-92,-52.387417218543
33,3077,-42,-11.2444444444444
33,3078,-6,-11.2444444444444
33,3079,-12,-6.46153846153846
33,3080,3,-8.1296875
33,3081,27,-8.1296875
33,3082,128,75.1261261261261
33,3083,369,199.239669421488
33,3084,222,-298.758620689655
33,3085,-358,-235.038961038961
33,3086,-162,-156.584269662921
33,3087,42,1.61290322580645
33,3088,18,-9.52380952380952
33,3089,-4,-9.52380952380952
33,3090,-17,-8.1296875
33,3091,65,-8.1296875
33,3092,144,73.25
33,3093,362,273.847826086957
33,3094,9,-227.5625
33,3095,-243,-161.2
33,3096,-139,-141.936507936508
33,3097,-164,1.61290322580645
33,3098,-16,-52.387417218543
33,3099,-139,-8.1296875
33,3100,-70,-52.387417218543
33,3101,-50,-11.2444444444444
33,3102,-12,-11.2444444444444
33,3103,-15,-8.1296875
33,3104,2,-8.1296875
33,3105,22,-8.1296875
33,3106,79,75.1261261261261
33,3107,313,199.239669421488
33,3108,269,175.453846153846
33,3109,-292,-298.758620689655
33,3110,-142,-156.584269662921
33,3111,53,47.5
33,3112,101,14.5641025641026
33,3113,-42,-50.5925925925926
33,3114,68,-52.387417218543
33,3115,90,114.2
33,3116,2,73.25
33,3117,89,-8.1296875
33,3118,-71,14.5641025641026
33,3119,-94,-52.387417218543
33,3120,-96,-52.387417218543
33,3121,-53,-52.387417218543
33,3122,-26,-52.387417218543
33,3123,-103,-8.1296875
33,3124,-6,-52.387417218543
33,3125,-89,-8.1296875
33,3126,-10,-11.2444444444444
33,3127,-34,-8.1296875
33,3128,-23,-8.1296875
33,3129,10,-8.1296875
33,3130,14,75.1261261261261
33,3131,30,75.1261261261261
33,3132,96,75.1261261261261
33,3133,75,175.453846153846
33,3134,180,120.68
33,3135,75,90.75
33,3136,-21,-109.725
33,3137,33,-8.1296875
33,3138,10,-9.52380952380952
33,3139,49,-9.52380952380952
33,3140,-101,-50.5925925925926
33,3141,1,-52.387417218543
33,3142,-21,-8.1296875
33,3143,-50,-8.1296875
33,3144,-185,-52.387417218543
33,3145,-103,-52.387417218543
33,3146,-26,-11.2444444444444
33,3147,67,-8.1296875
33,3148,-46,114.2
33,3149,-26,-52.387417218543
33,3150,11,-8.1296875
33,3151,-42,75.1261261261261
33,3152,-20,-52.387417218543
33,3153,-10,-8.1296875
33,3154,3,-8.1296875
33,3155,27,-8.1296875
33,3156,87,75.1261261261261
33,3157,103,114.2
33,3158,156,73.25
33,3159,101,90.75
33,3160,56,13.0869565217391
33,3161,-52,14.5641025641026
33,3162,-36,-52.387417218543
33,3163,-102,-8.1296875
33,3164,119,-52.387417218543
33,3165,29,-50.5925925925926
33,3166,-3,-40.6428571428571
33,3167,-208,-8.1296875
33,3168,-188,-52.387417218543
33,3169,67,1.61290322580645
33,3170,-5,146.202127659574
33,3171,-43,-8.1296875
33,3172,-19,-52.387417218543
33,3173,-49,-8.1296875
33,3174,-15,-11.2444444444444
33,3175,-12,-8.1296875
33,3176,-17,-8.1296875
33,3177,-7,-8.1296875
33,3178,11,-8.1296875
33,3179,28,75.1261261261261
33,3180,84,75.1261261261261
33,3181,102,199.239669421488
33,3182,130,175.453846153846
33,3183,100,90.75
33,3184,84,13.0869565217391
33,3185,23,14.5641025641026
33,3186,-54,-9.52380952380952
33,3187,-63,-52.387417218543
33,3188,51,-52.387417218543
33,3189,-2,-50.5925925925926
33,3190,-16,-8.1296875
33,3191,-108,-8.1296875
33,3192,-113,-52.387417218543
33,3193,-77,-52.387417218543
33,3194,-63,-52.387417218543
33,3195,-51,-52.387417218543
33,3196,-41,-52.387417218543
33,3197,-5,-11.2444444444444
33,3198,-19,-8.1296875
33,3199,5,-8.1296875
33,3200,-2,-8.1296875
33,3201,30,-8.1296875
33,3202,134,75.1261261261261
33,3203,321,175.453846153846
33,3204,139,-298.758620689655
33,3205,-309,-235.038961038961
33,3206,-151,-95.1176470588235
33,3207,26,1.61290322580645
33,3208,89,-9.52380952380952
33,3209,-12,-50.5925925925926
33,3210,-1,-8.1296875
33,3211,18,-8.1296875
33,3212,166,117.850574712644
33,3213,398,273.847826086957
33,3214,-17,-40.6428571428571
33,3215,-287,-161.2
33,3216,-167,-141.936507936508
33,3217,-117,1.61290322580645
33,3218,-89,-52.387417218543
33,3219,-84,-52.387417218543
33,3220,-58,-52.387417218543
33,3221,-24,-11.2444444444444
33,3222,-4,-6.46153846153846
33,3223,-5,-8.1296875
33,3224,1,-8.1296875
33,3225,35,-8.1296875
33,3226,170,75.1261261261261
33,3227,290,199.239669421488
33,3228,225,-298.758620689655
33,3229,-435,-235.038961038961
33,3230,-55,-156.584269662921
33,3231,-18,1.61290322580645
33,3232,49,-8.1296875
33,3233,-32,-50.5925925925926
33,3234,-23,-8.1296875
33,3235,34,-8.1296875
33,3236,185,117.850574712644
33,3237,433,232.027027027027
33,3238,-24,-298.758620689655
33,3239,-177,-161.2
33,3240,-250,-141.936507936508
33,3241,-116,-52.387417218543
33,3242,-77,1.61290322580645
33,3243,-69,-52.387417218543
33,3244,-85,-52.387417218543
33,3245,-47,-11.2444444444444
33,3246,-10,-11.2444444444444
33,3247,1,-6.46153846153846
33,3248,-1,-8.1296875
33,3249,30,-8.1296875
33,3250,162,75.1261261261261
33,3251,282,175.453846153846
33,3252,164,-298.758620689655
33,3253,-523,-235.038961038961
33,3254,-74,-109.725
33,3255,13,1.61290322580645
33,3256,75,-9.52380952380952
33,3257,54,-50.5925925925926
33,3258,25,-50.5925925925926
33,3259,54,-9.52380952380952
33,3260,146,90.75
33,3261,392,232.027027027027
33,3262,27,13.0869565217391
33,3263,-277,-156.584269662921
33,3264,-152,-141.936507936508
33,3265,-134,1.61290322580645
33,3266,-55,-52.387417218543
33,3267,-48,-52.387417218543
33,3268,-73,-52.387417218543
33,3269,-67,-11.2444444444444
33,3270,-18,-11.2444444444444
33,3271,-2,-8.1296875
33,3272,-1,-8.1296875
33,3273,32,-8.1296875
33,3274,100,75.1261261261261
33,3275,346,199.239669421488
33,3276,233,199.239669421488
33,3277,-375,-235.038961038961
33,3278,-120,-156.584269662921
33,3279,72,1.61290322580645
33,3280,27,14.5641025641026
33,3281,31,-9.52380952380952
33,3282,-101,-9.52380952380952
33,3283,78,-11.2444444444444
33,3284,139,73.25
33,3285,302,273.847826086957
33,3286,20,13.0869565217391
33,3287,-224,-161.2
33,3288,-177,-141.936507936508
33,3289,-90,1.61290322580645
33,3290,-2,-52.387417218543
33,3291,-51,-8.1296875
33,3292,-98,-52.387417218543
33,3293,-33,-11.2444444444444
33,3294,-40,117.850574712644
33,3295,-34,-11.2444444444444
33,3296,-32,-8.1296875
33,3297,4,-8.1296875
33,3298,19,-8.1296875
33,3299,48,75.1261261261261
33,3300,148,146.202127659574
33,3301,118,175.453846153846
33,3302,74,-131.875
33,3303,156,13.0869565217391
33,3304,116,124.1
33,3305,-26,13.0869565217391
33,3306,-42,-95.1176470588235
33,3307,-114,-52.387417218543
33,3308,-398,-52.387417218543
33,3309,57,-140
33,3310,-4,-50.5925925925926
33,3311,48,-8.1296875
33,3312,-21,90.75
33,3313,-13,-8.1296875
33,3314,13,-8.1296875
33,3315,-61,117.850574712644
33,3316,-9,-52.387417218543
33,3317,0,-8.1296875
33,3318,-28,-8.1296875
33,3319,-50,-8.1296875
33,3320,-18,-52.387417218543
33,3321,27,-8.1296875
33,3322,-20,67.6363636363636
33,3323,35,-8.1296875
33,3324,100,75.1261261261261
33,3325,129,175.453846153846
33,3326,196,90.75
33,3327,90,-235.038961038961
33,3328,172,-109.725
33,3329,-28,90.75
33,3330,-82,-109.725
33,3331,49,-52.387417218543
33,3332,5,-50.5925925925926
33,3333,-30,-8.1296875
33,3334,-111,-8.1296875
33,3335,-64,-140
33,3336,-140,-11.2444444444444
33,3337,-150,-140
33,3338,-17,-52.387417218543
33,3339,-97,-8.1296875
33,3340,-51,-11.2444444444444
33,3341,-23,-52.387417218543
33,3342,-1,-8.1296875
33,3343,-5,-8.1296875
33,3344,-7,-8.1296875
33,3345,35,-8.1296875
33,3346,140,75.1261261261261
33,3347,267,199.239669421488
33,3348,283,-131.875
33,3349,-369,-298.758620689655
33,3350,-151,-156.584269662921
33,3351,26,47.5
33,3352,96,75.1261261261261
33,3353,-9,-50.5925925925926
33,3354,17,-8.1296875
33,3355,6,-9.52380952380952
33,3356,142,117.850574712644
33,3357,383,273.847826086957
33,3358,97,-40.6428571428571
33,3359,-335,-156.584269662921
33,3360,-243,-141.936507936508
33,3361,-105,1.61290322580645
33,3362,-126,1.61290322580645
33,3363,-66,-52.387417218543
33,3364,-61,-52.387417218543
33,3365,-22,-11.2444444444444
33,3366,-4,-6.46153846153846
33,3367,2,-6.46153846153846
33,3368,1,-8.1296875
33,3369,35,-8.1296875
33,3370,167,75.1261261261261
33,3371,385,175.453846153846
33,3372,154,-298.758620689655
33,3373,-392,-235.038961038961
33,3374,-162,-95.1176470588235
33,3375,51,1.61290322580645
33,3376,69,14.5641025641026
33,3377,12,-50.5925925925926
33,3378,-73,-9.52380952380952
33,3379,71,-11.2444444444444
33,3380,210,73.25
33,3381,434,273.847826086957
33,3382,-93,-156.584269662921
33,3383,-281,-161.2
33,3384,-135,-141.936507936508
33,3385,-151,1.61290322580645
33,3386,-94,-52.387417218543
33,3387,-107,-52.387417218543
33,3388,-60,-11.2444444444444
33,3389,-28,-11.2444444444444
33,3390,-10,-6.46153846153846
33,3391,-4,-8.1296875
33,3392,-2,-8.1296875
33,3393,43,-8.1296875
33,3394,157,75.1261261261261
33,3395,352,199.239669421488
33,3396,213,-298.758620689655
33,3397,-442,-235.038961038961
33,3398,-123,-156.584269662921
33,3399,27,1.61290322580645
33,3400,120,-9.52380952380952
33,3401,-29,-50.5925925925926
33,3402,-45,-40.6428571428571
33,3403,40,-11.2444444444444
33,3404,191,117.850574712644
33,3405,416,273.847826086957
33,3406,52,-227.5625
33,3407,-342,-227.5625
33,3408,-165,-141.936507936508
33,3409,-164,1.61290322580645
33,3410,-94,-52.387417218543
33,3411,-85,-52.387417218543
33,3412,-70,-52.387417218543
33,3413,-29,-11.2444444444444
33,3414,-19,-6.46153846153846
33,3415,2,-8.1296875
33,3416,-5,-8.1296875
33,3417,51,-8.1296875
33,3418,138,146.202127659574
33,3419,376,175.453846153846
33,3420,187,-298.758620689655
33,3421,-420,-235.038961038961
33,3422,-126,-109.725
33,3423,42,1.61290322580645
33,3424,43,75.1261261261261
33,3425,-14,-9.52380952380952
33,3426,-9,-8.1296875
33,3427,78,-8.1296875
33,3428,139,73.25
33,3429,393,273.847826086957
33,3430,-32,-227.5625
33,3431,-178,-161.2
33,3432,-211,-141.936507936508
33,3433,-146,-52.387417218543
33,3434,-66,1.61290322580645
33,3435,-81,-52.387417218543
33,3436,-83,-52.387417218543
33,3437,-46,-11.2444444444444
33,3438,-11,-11.2444444444444
33,3439,-16,-6.46153846153846
33,3440,-2,-8.1296875
33,3441,29,-8.1296875
33,3442,111,75.1261261261261
33,3443,302,199.239669421488
33,3444,312,199.239669421488
33,3445,-419,-298.758620689655
33,3446,-101,-156.584269662921
33,3447,34,47.5
33,3448,129,-9.52380952380952
33,3449,-1,-50.5925925925926
33,3450,-37,-161.2
33,3451,-4,-11.2444444444444
33,3452,196,117.850574712644
33,3453,331,273.847826086957
33,3454,-86,-40.6428571428571
33,3455,-229,-161.2
33,3456,-175,-141.936507936508
33,3457,-92,1.61290322580645
33,3458,-83,-52.387417218543
33,3459,-34,-52.387417218543
33,3460,12,-8.1296875
33,3461,-98,67.6363636363636
33,3462,-16,-11.2444444444444
33,3463,-56,-8.1296875
33,3464,-31,-11.2444444444444
33,3465,10,-8.1296875
33,3466,17,75.1261261261261
33,3467,40,75.1261261261261
33,3468,139,67.6363636363636
33,3469,130,175.453846153846
33,3470,100,13.0869565217391
33,3471,185,13.0869565217391
33,3472,79,-117.9
33,3473,-2,-109.725
33,3474,11,-8.1296875
33,3475,-61,-9.52380952380952
33,3476,129,-52.387417218543
33,3477,-54,-50.5925925925926
33,3478,-115,-40.6428571428571
33,3479,-136,-52.387417218543
33,3480,-148,-140
33,3481,-34,-52.387417218543
33,3482,-17,-8.1296875
33,3483,-50,-8.1296875
33,3484,-78,-11.2444444444444
33,3485,-34,-11.2444444444444
33,3486,-28,-8.1296875
33,3487,-41,-8.1296875
33,3488,-40,-52.387417218543
33,3489,5,-52.387417218543
33,3490,22,-8.1296875
33,3491,36,75.1261261261261
33,3492,57,75.1261261261261
33,3493,168,146.202127659574
33,3494,194,90.75
33,3495,69,-109.725
33,3496,97,-109.725
33,3497,38,14.5641025641026
33,3498,-59,-9.52380952380952
33,3499,-78,-52.387417218543
33,3500,39,-52.387417218543
33,3501,-26,-9.52380952380952
33,3502,-89,-8.1296875
33,3503,-78,-140
33,3504,-79,-52.387417218543
33,3505,-133,-11.2444444444444
33,3506,-64,-52.387417218543
33,3507,-33,-52.387417218543
33,3508,-49,-8.1296875
33,3509,-24,-11.2444444444444
33,3510,-8,-8.1296875
33,3511,-6,-8.1296875
33,3512,4,-8.1296875
33,3513,34,-8.1296875
33,3514,119,75.1261261261261
33,3515,328,199.239669421488
33,3516,191,-298.758620689655
33,3517,-384,-235.038961038961
33,3518,-97,-109.725
33,3519,50,1.61290322580645
33,3520,43,14.5641025641026
33,3521,48,-9.52380952380952
33,3522,-11,-50.5925925925926
33,3523,6,-8.1296875
33,3524,115,117.850574712644
33,3525,389,273.847826086957
33,3526,-68,13.0869565217391
33,3527,-288,-161.2
33,3528,-146,-141.936507936508
33,3529,-107,1.61290322580645
33,3530,-104,-52.387417218543
33,3531,-59,-52.387417218543
33,3532,-57,-52.387417218543
33,3533,-8,-11.2444444444444
33,3534,-1,-6.46153846153846
33,3535,2,-8.1296875
33,3536,1,-8.1296875
33,3537,41,-8.1296875
33,3538,119,75.1261261261261
33,3539,189,175.453846153846
33,3540,316,-131.875
33,3541,-379,-298.758620689655
33,3542,-133,-156.584269662921
33,3543,-9,47.5
33,3544,-63,-8.1296875
33,3545,26,-52.387417218543
33,3546,29,-9.52380952380952
33,3547,-107,-9.52380952380952
33,3548,105,-11.2444444444444
33,3549,197,232.027027027027
33,3550,-57,120.68
33,3551,43,-109.725
33,3552,-34,75.1261261261261
33,3553,-83,-8.1296875
33,3554,-56,-52.387417218543
33,3555,-73,-52.387417218543
33,3556,-52,-52.387417218543
33,3557,-14,-52.387417218543
33,3558,-9,-8.1296875
33,3559,2,-8.1296875
33,3560,5,-8.1296875
33,3561,46,-8.1296875
33,3562,116,146.202127659574
33,3563,373,175.453846153846
33,3564,252,-298.758620689655
33,3565,-435,-235.038961038961
33,3566,-170,-156.584269662921
33,3567,55,47.5
33,3568,66,14.5641025641026
33,3569,-24,-50.5925925925926
33,3570,-3,-8.1296875
33,3571,25,-8.1296875
33,3572,155,117.850574712644
33,3573,420,273.847826086957
33,3574,6,-40.6428571428571
33,3575,-281,-161.2
33,3576,-202,-141.936507936508
33,3577,-60,1.61290322580645
33,3578,-120,-52.387417218543
33,3579,-106,-52.387417218543
33,3580,-65,-52.387417218543
33,3581,-40,-11.2444444444444
33,3582,-7,-11.2444444444444
33,3583,-5,-6.46153846153846
33,3584,0,-8.1296875
33,3585,50,-8.1296875
33,3586,114,146.202127659574
33,3587,364,199.239669421488
33,3588,256,90.75
33,3589,-435,-235.038961038961
33,3590,-165,-156.584269662921
33,3591,53,47.5
33,3592,47,14.5641025641026
33,3593,46,-50.5925925925926
33,3594,-38,-50.5925925925926
33,3595,-7,-11.2444444444444
33,3596,166,117.850574712644
33,3597,519,273.847826086957
33,3598,-76,-109.725
33,3599,-297,-161.2
33,3600,-186,-141.936507936508
33,3601,-143,1.61290322580645
33,3602,13,-52.387417218543
33,3603,-133,75.1261261261261
33,3604,-88,-11.2444444444444
33,3605,-17,-11.2444444444444
33,3606,-35,117.850574712644
33,3607,-2,-8.1296875
33,3608,-2,-8.1296875
33,3609,39,-8.1296875
33,3610,116,67.6363636363636
33,3611,338,199.239669421488
33,3612,254,-298.758620689655
33,3613,-374,-235.038961038961
33,3614,-158,-156.584269662921
33,3615,96,47.5
33,3616,68,14.5641025641026
33,3617,32,-50.5925925925926
33,3618,-9,-9.52380952380952
33,3619,11,-8.1296875
33,3620,144,117.850574712644
33,3621,279,273.847826086957
33,3622,-41,13.0869565217391
33,3623,-217,-161.2
33,3624,-219,-141.936507936508
33,3625,-57,1.61290322580645
33,3626,-17,1.61290322580645
33,3627,-109,-8.1296875
33,3628,-14,-52.387417218543
33,3629,-48,-8.1296875
33,3630,-41,-11.2444444444444
33,3631,-38,-52.387417218543
33,3632,-30,-52.387417218543
33,3633,2,-8.1296875
33,3634,24,-8.1296875
33,3635,36,75.1261261261261
33,3636,141,75.1261261261261
33,3637,159,175.453846153846
33,3638,97,-131.875
33,3639,152,-109.725
33,3640,62,124.1
33,3641,19,13.0869565217391
33,3642,-53,-9.52380952380952
33,3643,96,-52.387417218543
33,3644,-70,-50.5925925925926
33,3645,-34,-140
33,3646,-48,-8.1296875
33,3647,-191,-52.387417218543
33,3648,-82,-140
33,3649,-64,-52.387417218543
33,3650,-22,-52.387417218543
33,3651,-68,-8.1296875
33,3652,9,-52.387417218543
33,3653,-38,-8.1296875
33,3654,-47,-11.2444444444444
33,3655,-41,-52.387417218543
33,3656,-44,-52.387417218543
33,3657,-4,-52.387417218543
33,3658,10,-8.1296875
33,3659,41,75.1261261261261
33,3660,118,67.6363636363636
33,3661,101,199.239669421488
33,3662,213,-131.875
33,3663,81,90.75
33,3664,206,-156.584269662921
33,3665,-74,-117.9
33,3666,-36,-156.584269662921
33,3667,-26,-8.1296875
33,3668,51,-8.1296875
33,3669,32,-50.5925925925926
33,3670,-183,-9.52380952380952
33,3671,-127,-11.2444444444444
33,3672,-161,-52.387417218543
33,3673,-56,-140
33,3674,-58,-52.387417218543
33,3675,-38,-52.387417218543
33,3676,-36,-11.2444444444444
33,3677,-46,-8.1296875
33,3678,-10,-11.2444444444444
33,3679,-3,-8.1296875
33,3680,3,-8.1296875
33,3681,29,-8.1296875
33,3682,131,75.1261261261261
33,3683,362,199.239669421488
33,3684,220,-298.758620689655
33,3685,-422,-235.038961038961
33,3686,-130,-156.584269662921
33,3687,40,1.61290322580645
33,3688,104,-9.52380952380952
33,3689,-14,-50.5925925925926
33,3690,-25,-8.1296875
33,3691,-3,-8.1296875
33,3692,216,117.850574712644
33,3693,382,273.847826086957
33,3694,-45,-40.6428571428571
33,3695,-263,-161.2
33,3696,-158,-141.936507936508
33,3697,-176,1.61290322580645
33,3698,-84,-52.387417218543
33,3699,-78,-52.387417218543
33,3700,-30,-52.387417218543
33,3701,-51,-8.1296875
33,3702,1,-11.2444444444444
33,3703,-9,-8.1296875
33,3704,4,-8.1296875
33,3705,38,-8.1296875
33,3706,147,75.1261261261261
33,3707,362,199.239669421488
33,3708,249,-298.758620689655
33,3709,-396,-235.038961038961
33,3710,-239,-156.584269662921
33,3711,48,47.5
33,3712,84,14.5641025641026
33,3713,3,-50.5925925925926
33,3714,-12,-8.1296875
33,3715,10,-8.1296875
33,3716,192,117.850574712644
33,3717,472,273.847826086957
33,3718,-145,-40.6428571428571
33,3719,-283,-161.2
33,3720,-114,-141.936507936508
33,3721,-128,1.61290322580645
33,3722,-109,-52.387417218543
33,3723,-90,-52.387417218543
33,3724,-58,-11.2444444444444
33,3725,-11,-11.2444444444444
33,3726,-12,-6.46153846153846
33,3727,-7,-8.1296875
33,3728,4,-8.1296875
33,3729,22,-8.1296875
33,3730,146,75.1261261261261
33,3731,350,199.239669421488
33,3732,306,-298.758620689655
33,3733,-504,-298.758620689655
33,3734,-149,-156.584269662921
33,3735,42,47.5
33,3736,89,-9.52380952380952
33,3737,24,-50.5925925925926
33,3738,-63,-9.52380952380952
33,3739,23,-11.2444444444444
33,3740,168,117.850574712644
33,3741,485,273.847826086957
33,3742,-69,-109.725
33,3743,-257,-161.2
33,3744,-193,-141.936507936508
33,3745,-74,1.61290322580645
33,3746,-145,-52.387417218543
33,3747,-100,-52.387417218543
33,3748,-50,-52.387417218543
33,3749,-44,-11.2444444444444
33,3750,-5,-11.2444444444444
33,3751,-9,-6.46153846153846
33,3752,1,-8.1296875
33,3753,58,-8.1296875
33,3754,103,146.202127659574
33,3755,389,199.239669421488
33,3756,236,90.75
33,3757,-459,-235.038961038961
33,3758,-127,-156.584269662921
33,3759,86,47.5
33,3760,41,14.5641025641026
33,3761,-9,-9.52380952380952
33,3762,-68,-8.1296875
33,3763,38,-11.2444444444444
33,3764,176,117.850574712644
33,3765,433,273.847826086957
33,3766,-6,-227.5625
33,3767,-340,-161.2
33,3768,-102,-141.936507936508
33,3769,-204,1.61290322580645
33,3770,-206,-52.387417218543
33,3771,-2,-52.387417218543
33,3772,-28,-8.1296875
33,3773,-4,-8.1296875
33,3774,-3,-6.46153846153846
33,3775,-3,-8.1296875
33,3776,5,117.850574712644
33,3777,26,117.850574712644
33,3778,100,75.1261261261261
33,3779,256,199.239669421488
33,3780,311,120.68
33,3781,-279,-298.758620689655
33,3782,-181,-156.584269662921
33,3783,116,47.5
33,3784,19,14.5641025641026
33,3785,30,13.0869565217391
33,3786,-11,-9.52380952380952
33,3787,-7,-8.1296875
33,3788,110,117.850574712644
33,3789,306,273.847826086957
33,3790,-141,-18.1578947368421
33,3791,-159,-161.2
33,3792,-172,-141.936507936508
33,3793,-99,-52.387417218543
33,3794,-17,-52.387417218543
33,3795,-30,-8.1296875
33,3796,-41,-8.1296875
33,3797,-48,-11.2444444444444
33,3798,-9,-11.2444444444444
33,3799,-63,-8.1296875
33,3800,-15,-52.387417218543
33,3801,1,-8.1296875
33,3802,22,-8.1296875
33,3803,36,75.1261261261261
33,3804,138,75.1261261261261
33,3805,121,175.453846153846
33,3806,140,-131.875
33,3807,191,13.0869565217391
33,3808,19,13.0869565217391
33,3809,4,-109.725
33,3810,64,-8.1296875
33,3811,-23,-50.5925925925926
33,3812,-5,-8.1296875
33,3813,-10,-8.1296875
33,3814,-118,-8.1296875
33,3815,-124,-140
33,3816,-155,-140
33,3817,-23,-52.387417218543
33,3818,-71,-8.1296875
33,3819,-25,-52.387417218543
33,3820,-49,-8.1296875
33,3821,-31,-11.2444444444444
33,3822,-24,-8.1296875
33,3823,-34,-8.1296875
33,3824,-51,-8.1296875
33,3825,3,-52.387417218543
33,3826,12,-8.1296875
33,3827,35,75.1261261261261
33,3828,87,75.1261261261261
33,3829,141,175.453846153846
33,3830,194,90.75
33,3831,112,13.0869565217391
33,3832,89,-109.725
33,3833,-86,14.5641025641026
33,3834,18,-52.387417218543
33,3835,37,-9.52380952380952
33,3836,-1,-9.52380952380952
33,3837,-73,-8.1296875
33,3838,-174,-140
33,3839,-144,-11.2444444444444
33,3840,-63,-52.387417218543
33,3841,-71,-52.387417218543
33,3842,-32,-52.387417218543
33,3843,-34,-8.1296875
33,3844,-12,-8.1296875
33,3845,-27,-8.1296875
33,3846,-6,-8.1296875
33,3847,-5,-8.1296875
33,3848,3,-8.1296875
33,3849,26,-8.1296875
33,3850,119,75.1261261261261
33,3851,328,199.239669421488
33,3852,301,-298.758620689655
33,3853,-444,-298.758620689655
33,3854,-161,-156.584269662921
33,3855,93,47.5
33,3856,51,14.5641025641026
33,3857,-18,-50.5925925925926
33,3858,-61,-8.1296875
33,3859,85,-11.2444444444444
33,3860,130,73.25
33,3861,397,273.847826086957
33,3862,-243,-227.5625
33,3863,-97,-161.2
33,3864,-254,47.5
33,3865,-44,-52.387417218543
33,3866,-11,1.61290322580645
33,3867,-102,-8.1296875
33,3868,-74,-11.2444444444444
33,3869,-20,-11.2444444444444
33,3870,-9,-8.1296875
33,3871,3,-6.46153846153846
33,3872,5,-8.1296875
33,3873,33,-8.1296875
33,3874,136,75.1261261261261
33,3875,81,175.453846153846
33,3876,-126,-131.875
33,3877,-48,-52.387417218543
33,3878,-41,-52.387417218543
33,3879,54,-52.387417218543
33,3880,5,14.5641025641026
33,3881,50,-8.1296875
33,3882,9,114.2
33,3883,46,-8.1296875
33,3884,165,90.75
33,3885,341,175.453846153846
33,3886,-28,-109.725
33,3887,-292,-156.584269662921
33,3888,-89,-141.936507936508
33,3889,-17,1.61290322580645
33,3890,-49,-8.1296875
33,3891,-142,-52.387417218543
33,3892,-46,-52.387417218543
33,3893,-33,-11.2444444444444
33,3894,-10,-6.46153846153846
33,3895,-2,-8.1296875
33,3896,4,-8.1296875
33,3897,23,-8.1296875
33,3898,143,75.1261261261261
33,3899,338,199.239669421488
33,3900,294,-298.758620689655
33,3901,-447,-298.758620689655
33,3902,-187,-156.584269662921
33,3903,55,47.5
33,3904,128,14.5641025641026
33,3905,-79,-50.5925925925926
33,3906,-28,-161.2
33,3907,68,-8.1296875
33,3908,159,73.25
33,3909,439,273.847826086957
33,3910,-107,-227.5625
33,3911,-217,-161.2
33,3912,-96,-141.936507936508
33,3913,-288,1.61290322580645
33,3914,32,-52.387417218543
33,3915,-21,-9.52380952380952
33,3916,-144,-8.1296875
33,3917,-51,-11.2444444444444
33,3918,-12,-11.2444444444444
33,3919,-2,-8.1296875
33,3920,-1,-6.46153846153846
33,3921,29,-8.1296875
33,3922,94,67.6363636363636
33,3923,258,199.239669421488
33,3924,347,199.239669421488
33,3925,-379,-298.758620689655
33,3926,-182,-156.584269662921
33,3927,37,47.5
33,3928,74,-9.52380952380952
33,3929,6,-50.5925925925926
33,3930,-27,-8.1296875
33,3931,58,-8.1296875
33,3932,172,73.25
33,3933,404,273.847826086957
33,3934,-14,-109.725
33,3935,-353,-161.2
33,3936,-93,-141.936507936508
33,3937,-120,1.61290322580645
33,3938,-89,-52.387417218543
33,3939,-77,-52.387417218543
33,3940,-53,-52.387417218543
33,3941,-56,-11.2444444444444
33,3942,-35,-11.2444444444444
33,3943,5,-8.1296875
33,3944,-5,-8.1296875
33,3945,30,-8.1296875
33,3946,96,75.1261261261261
33,3947,291,175.453846153846
33,3948,357,199.239669421488
33,3949,-401,-298.758620689655
33,3950,-124,-156.584269662921
33,3951,44,47.5
33,3952,164,75.1261261261261
33,3953,-44,-18.1578947368421
33,3954,-24,-161.2
33,3955,70,-8.1296875
33,3956,164,73.25
33,3957,266,273.847826086957
33,3958,-139,-227.5625
33,3959,-261,-161.2
33,3960,-128,-141.936507936508
33,3961,-105,1.61290322580645
33,3962,-3,-52.387417218543
33,3963,-93,-8.1296875
33,3964,20,-11.2444444444444
33,3965,-50,67.6363636363636
33,3966,-66,-11.2444444444444
33,3967,-19,-11.2444444444444
33,3968,-45,-8.1296875
33,3969,-1,-11.2444444444444
33,3970,20,-8.1296875
33,3971,54,75.1261261261261
33,3972,122,73.25
33,3973,189,199.239669421488
33,3974,144,-235.038961038961
33,3975,108,-109.725
33,3976,96,13.0869565217391
33,3977,-33,14.5641025641026
33,3978,-134,-8.1296875
33,3979,44,-52.387417218543
33,3980,39,-9.52380952380952
33,3981,-49,-9.52380952380952
33,3982,-115,-140
33,3983,-154,-140
33,3984,-94,-11.2444444444444
33,3985,-32,-52.387417218543
33,3986,-30,-8.1296875
33,3987,-6,-8.1296875
33,3988,-52,-8.1296875
33,3989,-18,-11.2444444444444
33,3990,-35,-8.1296875
33,3991,-52,-8.1296875
33,3992,-11,-52.387417218543
33,3993,-1,-8.1296875
33,3994,13,-8.1296875
33,3995,12,75.1261261261261
33,3996,27,75.1261261261261
33,3997,24,75.1261261261261
33,3998,99,75.1261261261261
33,3999,151,175.453846153846
33,4000,56,124.1
33,4001,-72,13.0869565217391
33,4002,-6,-52.387417218543
33,4003,-8,-8.1296875
33,4004,27,-8.1296875
33,4005,-176,-9.52380952380952
33,4006,-51,-52.387417218543
33,4007,8,-11.2444444444444
33,4008,2,-8.1296875
33,4009,-3,-8.1296875
33,4010,-34,-8.1296875
33,4011,1,-8.1296875
33,4012,-29,-8.1296875
33,4013,-14,-8.1296875
33,4014,-22,-8.1296875
33,4015,-5,-8.1296875
33,4016,-3,-8.1296875
33,4017,12,-8.1296875
33,4018,40,75.1261261261261
33,4019,95,67.6363636363636
33,4020,243,199.239669421488
33,4021,-65,90.75
33,4022,-34,-156.584269662921
33,4023,10,-8.1296875
33,4024,33,75.1261261261261
33,4025,64,-9.52380952380952
33,4026,15,-50.5925925925926
33,4027,-50,-9.52380952380952
33,4028,7,-52.387417218543
33,4029,120,-8.1296875
33,4030,-41,14.5641025641026
33,4031,-85,-95.1176470588235
33,4032,-144,-52.387417218543
33,4033,-76,-52.387417218543
33,4034,-44,-52.387417218543
33,4035,-38,-52.387417218543
33,4036,-38,-52.387417218543
33,4037,-18,-11.2444444444444
33,4038,-6,-8.1296875
33,4039,-4,-8.1296875
33,4040,4,-8.1296875
33,4041,12,-8.1296875
33,4042,124,75.1261261261261
33,4043,219,199.239669421488
33,4044,351,-131.875
33,4045,-331,-298.758620689655
33,4046,-218,-156.584269662921
33,4047,29,47.5
33,4048,67,-9.52380952380952
33,4049,-22,-50.5925925925926
33,4050,6,-8.1296875
33,4051,10,-8.1296875
33,4052,170,117.850574712644
33,4053,382,273.847826086957
33,4054,-22,-40.6428571428571
33,4055,-270,-156.584269662921
33,4056,-154,-141.936507936508
33,4057,-135,1.61290322580645
33,4058,-63,-52.387417218543
33,4059,-78,-52.387417218543
33,4060,-51,-52.387417218543
33,4061,-25,-11.2444444444444
33,4062,0,-6.46153846153846
33,4063,-2,-8.1296875
33,4064,0,-8.1296875
33,4065,34,-8.1296875
33,4066,135,75.1261261261261
33,4067,332,199.239669421488
33,4068,332,-298.758620689655
33,4069,-473,-298.758620689655
33,4070,-149,-156.584269662921
33,4071,74,47.5
33,4072,99,14.5641025641026
33,4073,-93,-50.5925925925926
33,4074,-26,-52.387417218543
33,4075,48,-8.1296875
33,4076,247,73.25
33,4077,382,273.847826086957
33,4078,-104,-227.5625
33,4079,-278,-161.2
33,4080,-174,-141.936507936508
33,4081,-123,1.61290322580645
33,4082,-72,-52.387417218543
33,4083,-61,-52.387417218543
33,4084,-94,-11.2444444444444
33,4085,-31,-11.2444444444444
33,4086,0,-6.46153846153846
33,4087,-8,-8.1296875
33,4088,7,-8.1296875
33,4089,32,-8.1296875
33,4090,117,75.1261261261261
33,4091,319,199.239669421488
33,4092,320,-298.758620689655
33,4093,-443,-156.584269662921
33,4094,-151,-156.584269662921
33,4095,47,47.5
33,4096,75,-50.5925925925926
33,4097,-35,-50.5925925925926
33,4098,57,-8.1296875
33,4099,112,114.2
33,4100,21,73.25
33,4101,346,196.4
33,4102,-135,-117.9
33,4103,51,-156.584269662921
33,4104,-328,90.75
33,4105,-155,-52.387417218543
33,4106,-83,1.61290322580645
33,4107,9,-52.387417218543
33,4108,-118,-8.1296875
33,4109,-31,-52.387417218543
33,4110,-21,-8.1296875
33,4111,-10,117.850574712644
33,4112,2,-8.1296875
33,4113,27,-8.1296875
33,4114,108,75.1261261261261
33,4115,249,73.25
33,4116,353,120.68
33,4117,-345,-298.758620689655
33,4118,-125,-156.584269662921
33,4119,38,47.5
33,4120,74,-9.52380952380952
33,4121,-6,-50.5925925925926
33,4122,-10,-8.1296875
33,4123,84,-8.1296875
33,4124,65,73.25
33,4125,317,273.847826086957
33,4126,-195,-117.9
33,4127,-149,-161.2
33,4128,-185,47.5
33,4129,-118,-52.387417218543
33,4130,-30,-52.387417218543
33,4131,-60,-8.1296875
33,4132,149,-11.2444444444444
33,4133,-103,73.25
33,4134,-79,-131.875
33,4135,-52,-11.2444444444444
33,4136,-4,-52.387417218543
33,4137,0,-8.1296875
33,4138,17,-8.1296875
33,4139,42,75.1261261261261
33,4140,104,67.6363636363636
33,4141,92,199.239669421488
33,4142,81,90.75
33,4143,180,-6
33,4144,46,-117.9
33,4145,97,-109.725
33,4146,-73,-50.5925925925926
33,4147,18,-52.387417218543
33,4148,22,-9.52380952380952
33,4149,-109,-9.52380952380952
33,4150,-55,-52.387417218543
33,4151,-141,-52.387417218543
33,4152,-77,-11.2444444444444
33,4153,-51,-52.387417218543
33,4154,-15,-52.387417218543
33,4155,-64,-8.1296875
33,4156,-14,-52.387417218543
33,4157,1,-8.1296875
33,4158,-46,-8.1296875
33,4159,-38,-52.387417218543
33,4160,-16,-52.387417218543
33,4161,-1,-8.1296875
33,4162,13,-8.1296875
33,4163,27,75.1261261261261
33,4164,81,75.1261261261261
33,4165,91,199.239669421488
33,4166,205,175.453846153846
33,4167,66,90.75
33,4168,68,-156.584269662921
33,4169,57,14.5641025641026
33,4170,-2,-50.5925925925926
33,4171,-49,-8.1296875
33,4172,13,-52.387417218543
33,4173,-42,-9.52380952380952
33,4174,-86,-52.387417218543
33,4175,-117,-140
33,4176,-90,-52.387417218543
33,4177,-50,-52.387417218543
33,4178,-71,-52.387417218543
33,4179,-20,-52.387417218543
33,4180,-57,-8.1296875
33,4181,-19,-11.2444444444444
33,4182,-23,-8.1296875
33,4183,-2,-8.1296875
33,4184,6,-8.1296875
33,4185,30,-8.1296875
33,4186,107,75.1261261261261
33,4187,329,199.239669421488
33,4188,261,120.68
33,4189,-378,-156.584269662921
33,4190,-191,-156.584269662921
33,4191,95,47.5
33,4192,21,14.5641025641026
33,4193,-138,-9.52380952380952
33,4194,39,-52.387417218543
33,4195,75,-9.52380952380952
33,4196,187,73.25
33,4197,319,273.847826086957
33,4198,-174,-227.5625
33,4199,-353,-156.584269662921
33,4200,17,-141.936507936508
33,4201,-50,75.1261261261261
33,4202,-80,-52.387417218543
33,4203,-45,-52.387417218543
33,4204,-33,-11.2444444444444
33,4205,-35,-8.1296875
33,4206,-10,-6.46153846153846
33,4207,-1,-8.1296875
33,4208,5,-8.1296875
33,4209,45,-8.1296875
33,4210,120,75.1261261261261
33,4211,353,199.239669421488
33,4212,310,-298.758620689655
33,4213,-480,-298.758620689655
33,4214,-133,-156.584269662921
33,4215,6,47.5
33,4216,97,-8.1296875
33,4217,3,-50.5925925925926
33,4218,-20,-8.1296875
33,4219,38,-8.1296875
33,4220,100,117.850574712644
33,4221,497,232.027027027027
33,4222,-105,-117.9
33,4223,-307,-161.2
33,4224,-99,-141.936507936508
33,4225,-237,1.61290322580645
33,4226,-14,-52.387417218543
33,4227,18,-8.1296875
33,4228,-150,-9.52380952380952
33,4229,-32,-11.2444444444444
33,4230,-1,117.850574712644
33,4231,-9,-8.1296875
33,4232,-3,-6.46153846153846
33,4233,37,-8.1296875
33,4234,137,75.1261261261261
33,4235,286,73.25
33,4236,353,-298.758620689655
33,4237,-435,-298.758620689655
33,4238,-154,-156.584269662921
33,4239,6,47.5
33,4240,98,-8.1296875
33,4241,-22,-50.5925925925926
33,4242,-40,-8.1296875
33,4243,31,-11.2444444444444
33,4244,165,117.850574712644
33,4245,422,232.027027027027
33,4246,-4,-298.758620689655
33,4247,-368,-161.2
33,4248,-102,-141.936507936508
33,4249,-85,1.61290322580645
33,4250,-114,-52.387417218543
33,4251,-116,-52.387417218543
33,4252,-42,-52.387417218543
33,4253,-43,-11.2444444444444
33,4254,0,-11.2444444444444
33,4255,-9,-8.1296875
33,4256,0,-8.1296875
33,4257,37,-8.1296875
33,4258,111,75.1261261261261
33,4259,355,199.239669421488
33,4260,326,90.75
33,4261,-447,-298.758620689655
33,4262,-169,-156.584269662921
33,4263,50,47.5
33,4264,109,14.5641025641026
33,4265,-45,-50.5925925925926
33,4266,-47,-52.387417218543
33,4267,68,-11.2444444444444
33,4268,97,73.25
33,4269,440,273.847826086957
33,4270,-102,-117.9
33,4271,-275,-161.2
33,4272,-126,-141.936507936508
33,4273,-104,1.61290322580645
33,4274,-54,-52.387417218543
33,4275,-112,-52.387417218543
33,4276,-61,-11.2444444444444
33,4277,-40,-11.2444444444444
33,4278,-6,-11.2444444444444
33,4279,-5,-8.1296875
33,4280,1,-8.1296875
33,4281,30,-8.1296875
33,4282,95,75.1261261261261
33,4283,23,199.239669421488
33,4284,313,75.1261261261261
33,4285,-78,-6
33,4286,-165,-156.584269662921
33,4287,28,-141.936507936508
33,4288,80,-9.52380952380952
33,4289,43,-50.5925925925926
33,4290,-10,-9.52380952380952
33,4291,30,-8.1296875
33,4292,170,67.6363636363636
33,4293,-140,175.453846153846
33,4294,-192,-109.725
33,4295,-1,-52.387417218543
33,4296,-3,-8.1296875
33,4297,-23,-8.1296875
33,4298,-16,-8.1296875
33,4299,-59,-8.1296875
33,4300,-8,-11.2444444444444
33,4301,-28,117.850574712644
33,4302,-17,-8.1296875
33,4303,-49,-8.1296875
33,4304,-11,-52.387417218543
33,4305,-5,-8.1296875
33,4306,18,-8.1296875
33,4307,34,75.1261261261261
33,4308,128,75.1261261261261
33,4309,170,199.239669421488
33,4310,60,-131.875
33,4311,189,-109.725
33,4312,91,-6
33,4313,11,-109.725
33,4314,-3,-9.52380952380952
33,4315,0,-8.1296875
33,4316,-20,-8.1296875
33,4317,40,-8.1296875
33,4318,-210,-9.52380952380952
33,4319,-176,-52.387417218543
33,4320,-86,1.61290322580645
33,4321,37,-52.387417218543
33,4322,-94,75.1261261261261
33,4323,-39,-52.387417218543
33,4324,-9,-11.2444444444444
33,4325,-37,117.850574712644
33,4326,15,-11.2444444444444
33,4327,-91,75.1261261261261
33,4328,-20,-11.2444444444444
33,4329,-11,-8.1296875
33,4330,16,-8.1296875
33,4331,30,75.1261261261261
33,4332,87,75.1261261261261
33,4333,126,114.2
33,4334,174,73.25
33,4335,104,13.0869565217391
33,4336,128,-109.725
33,4337,-49,124.1
33,4338,14,-95.1176470588235
33,4339,-17,-9.52380952380952
33,4340,-32,-8.1296875
33,4341,-100,-8.1296875
33,4342,-78,-140
34,1,-11,-7.35274542429284
34,2,-18,-6.97297297297297
34,3,-4,-6.97297297297297
34,4,3,-7.35274542429284
34,5,18,-7.35274542429284
34,6,82,65.1076923076923
34,7,283,180.402826855124
34,8,265,180.402826855124
34,9,-333,-232.186440677966
34,10,-139,-153.047619047619
34,11,37,24.3636363636364
34,12,50,43.2739726027397
34,13,-41,-2.65217391304348
34,14,-5,-51.5870967741935
34,15,6,-7.35274542429284
34,16,147,115.888888888889
34,17,356,277.272727272727
34,18,-23,-108.458333333333
34,19,-166,-160.75
34,20,-163,-144.274193548387
34,21,-141,-51.5870967741935
34,22,-47,-51.5870967741935
34,23,-88,-51.5870967741935
34,24,-61,-51.5870967741935
34,25,-20,-9.8695652173913
34,26,-10,-6.97297297297297
34,27,-7,-6.97297297297297
34,28,-3,-6.97297297297297
34,29,14,-7.35274542429284
34,30,110,65.1076923076923
34,31,98,209.94
34,32,137,180.402826855124
34,33,-161,-23.7857142857143
34,34,-62,-109.24
34,35,12,-51.5870967741935
34,36,53,43.2739726027397
34,37,-7,-2.65217391304348
34,38,-28,-7.35274542429284
34,39,35,-7.35274542429284
34,40,114,115.888888888889
34,41,296,209.94
34,42,50,-84.7096774193548
34,43,-200,-232.186440677966
34,44,-127,-144.274193548387
34,45,-87,-51.5870967741935
34,46,-67,-51.5870967741935
34,47,-71,-51.5870967741935
34,48,-39,-51.5870967741935
34,49,-38,-9.8695652173913
34,50,-13,-9.8695652173913
34,51,-19,-6.97297297297297
34,52,3,-7.35274542429284
34,53,13,-7.35274542429284
34,54,101,65.1076923076923
34,55,195,209.94
34,56,277,180.402826855124
34,57,-258,-303.827586206897
34,58,-98,-153.047619047619
34,59,-3,24.3636363636364
34,60,74,-7.35274542429284
34,61,-1,-2.65217391304348
34,62,-6,-7.35274542429284
34,63,24,-7.35274542429284
34,64,116,115.888888888889
34,65,262,277.272727272727
34,66,-48,-108.458333333333
34,67,-213,-160.75
34,68,-152,-144.274193548387
34,69,-81,1.0625
34,70,-50,-51.5870967741935
34,71,-42,-51.5870967741935
34,72,-13,-51.5870967741935
34,73,-36,-7.35274542429284
34,74,-10,-6.97297297297297
34,75,-31,-6.97297297297297
34,76,-24,-7.35274542429284
34,77,3,-7.35274542429284
34,78,23,-7.35274542429284
34,79,27,65.1076923076923
34,80,103,118.454545454545
34,81,56,180.402826855124
34,82,77,-23.7857142857143
34,83,67,80.3272727272727
34,84,23,-84.7096774193548
34,85,8,43.2739726027397
34,86,51,-7.35274542429284
34,87,-32,-2.65217391304348
34,88,-32,-7.35274542429284
34,89,-54,-7.35274542429284
34,90,-232,-51.5870967741935
34,91,49,-51.5870967741935
34,92,-37,-2.65217391304348
34,93,-18,-7.35274542429284
34,94,-1,-7.35274542429284
34,95,-41,-7.35274542429284
34,96,-6,-9.8695652173913
34,97,6,-6.97297297297297
34,98,-2,-7.35274542429284
34,99,-24,-7.35274542429284
34,100,-12,-7.35274542429284
34,101,2,-7.35274542429284
34,102,1,-7.35274542429284
34,103,20,-7.35274542429284
34,104,80,43.2739726027397
34,105,78,163.842105263158
34,106,195,180.402826855124
34,107,31,80.3272727272727
34,108,173,-153.047619047619
34,109,11,-11.7714285714286
34,110,58,-29
34,111,-50,-11.7714285714286
34,112,-16,-51.5870967741935
34,113,-65,-7.35274542429284
34,114,-35,-51.5870967741935
34,115,-112,-7.35274542429284
34,116,-132,-51.5870967741935
34,117,-39,-152.090909090909
34,118,-96,-51.5870967741935
34,119,-26,-51.5870967741935
34,120,-34,-7.35274542429284
34,121,-24,-7.35274542429284
34,122,-16,-7.35274542429284
34,123,-4,-6.97297297297297
34,124,-2,-7.35274542429284
34,125,18,-7.35274542429284
34,126,103,65.1076923076923
34,127,226,180.402826855124
34,128,247,180.402826855124
34,129,-328,-232.186440677966
34,130,-111,-153.047619047619
34,131,6,24.3636363636364
34,132,62,-7.35274542429284
34,133,22,-2.65217391304348
34,134,-29,-14.4835164835165
34,135,13,-7.35274542429284
34,136,116,115.888888888889
34,137,336,277.272727272727
34,138,-19,-29
34,139,-193,-160.75
34,140,-162,-144.274193548387
34,141,-88,-51.5870967741935
34,142,-87,-51.5870967741935
34,143,-74,-51.5870967741935
34,144,-25,-51.5870967741935
34,145,-14,-7.35274542429284
34,146,-13,-6.97297297297297
34,147,-5,-6.97297297297297
34,148,5,-7.35274542429284
34,149,9,-7.35274542429284
34,150,9,-7.35274542429284
34,151,143,-7.35274542429284
34,152,388,180.402826855124
34,153,-208,-108.458333333333
34,154,-175,-153.047619047619
34,155,55,24.3636363636364
34,156,40,-2.65217391304348
34,157,-20,-14.4835164835165
34,158,-45,-7.35274542429284
34,159,30,-9.8695652173913
34,160,120,115.888888888889
34,161,327,202.205882352941
34,162,62,-108.458333333333
34,163,-256,-232.186440677966
34,164,-152,-144.274193548387
34,165,-53,1.0625
34,166,-71,-51.5870967741935
34,167,-116,-51.5870967741935
34,168,-48,-51.5870967741935
34,169,-32,-9.8695652173913
34,170,1,-6.97297297297297
34,171,-10,-6.97297297297297
34,172,-2,-7.35274542429284
34,173,29,-7.35274542429284
34,174,87,65.1076923076923
34,175,238,209.94
34,176,308,180.402826855124
34,177,-351,-303.827586206897
34,178,-140,-153.047619047619
34,179,9,24.3636363636364
34,180,61,-7.35274542429284
34,181,-17,-2.65217391304348
34,182,12,-7.35274542429284
34,183,16,-14.4835164835165
34,184,111,115.888888888889
34,185,362,277.272727272727
34,186,84,-2.65217391304348
34,187,-309,-153.047619047619
34,188,-166,-144.274193548387
34,189,-99,1.0625
34,190,-66,-51.5870967741935
34,191,-75,-51.5870967741935
34,192,-8,-51.5870967741935
34,193,-66,-7.35274542429284
34,194,-7,-9.8695652173913
34,195,-11,-6.97297297297297
34,196,-4,-7.35274542429284
34,197,19,-7.35274542429284
34,198,115,65.1076923076923
34,199,248,180.402826855124
34,200,243,209.94
34,201,-323,-232.186440677966
34,202,-136,-153.047619047619
34,203,33,24.3636363636364
34,204,100,43.2739726027397
34,205,-36,-2.65217391304348
34,206,-61,-7.35274542429284
34,207,79,-9.8695652173913
34,208,87,80.3272727272727
34,209,334,277.272727272727
34,210,2,-11.7714285714286
34,211,-184,-160.75
34,212,-102,-144.274193548387
34,213,-121,-51.5870967741935
34,214,-53,-51.5870967741935
34,215,-125,-51.5870967741935
34,216,-32,-51.5870967741935
34,217,-41,-7.35274542429284
34,218,-37,-9.8695652173913
34,219,3,-7.35274542429284
34,220,-10,-7.35274542429284
34,221,20,-7.35274542429284
34,222,111,-6.97297297297297
34,223,221,180.402826855124
34,224,262,209.94
34,225,-324,-232.186440677966
34,226,-95,-153.047619047619
34,227,59,24.3636363636364
34,228,-87,-2.65217391304348
34,229,107,-51.5870967741935
34,230,-36,-11.7714285714286
34,231,101,-7.35274542429284
34,232,97,209.94
34,233,203,277.272727272727
34,234,-2,-11.7714285714286
34,235,-189,-160.75
34,236,-139,-51.5870967741935
34,237,-78,-51.5870967741935
34,238,-3,-51.5870967741935
34,239,24,-7.35274542429284
34,240,-103,-14.4835164835165
34,241,-46,-9.8695652173913
34,242,-32,-9.8695652173913
34,243,-43,115.888888888889
34,244,-23,-51.5870967741935
34,245,13,-7.35274542429284
34,246,20,43.2739726027397
34,247,45,-14.4835164835165
34,248,110,118.454545454545
34,249,87,-23.7857142857143
34,250,148,-23.7857142857143
34,251,143,175.142857142857
34,252,-25,-29
34,253,-26,-29
34,254,-96,-7.35274542429284
34,255,113,-51.5870967741935
34,256,-1,-2.65217391304348
34,257,-38,-7.35274542429284
34,258,-68,-51.5870967741935
34,259,-29,-152.090909090909
34,260,-96,-7.35274542429284
34,261,-40,-51.5870967741935
34,262,-52,-51.5870967741935
34,263,-68,-51.5870967741935
34,264,-15,-9.8695652173913
34,265,-13,-7.35274542429284
34,266,-28,-7.35274542429284
34,267,-65,-7.35274542429284
34,268,-12,-51.5870967741935
34,269,-5,-7.35274542429284
34,270,6,-7.35274542429284
34,271,19,-7.35274542429284
34,272,78,65.1076923076923
34,273,77,180.402826855124
34,274,142,209.94
34,275,81,80.3272727272727
34,276,144,-29
34,277,7,-11.7714285714286
34,278,-47,-29
34,279,53,-51.5870967741935
34,280,-27,-2.65217391304348
34,281,-33,-7.35274542429284
34,282,-48,-7.35274542429284
34,283,-80,-152.090909090909
34,284,-107,-51.5870967741935
34,285,-73,-152.090909090909
34,286,-46,-51.5870967741935
34,287,-55,-51.5870967741935
34,288,-68,-51.5870967741935
34,289,-25,-9.8695652173913
34,290,-3,-7.35274542429284
34,291,-1,-7.35274542429284
34,292,-3,-7.35274542429284
34,293,21,-7.35274542429284
34,294,119,65.1076923076923
34,295,243,209.94
34,296,254,-108.458333333333
34,297,-289,-232.186440677966
34,298,-160,-153.047619047619
34,299,23,24.3636363636364
34,300,50,43.2739726027397
34,301,9,-2.65217391304348
34,302,-33,-7.35274542429284
34,303,23,-7.35274542429284
34,304,126,115.888888888889
34,305,381,277.272727272727
34,306,-89,-29
34,307,-134,-160.75
34,308,-223,-144.274193548387
34,309,-76,-51.5870967741935
34,310,-74,1.0625
34,311,-60,-51.5870967741935
34,312,-75,-9.8695652173913
34,313,-29,-9.8695652173913
34,314,7,-6.97297297297297
34,315,-10,-6.97297297297297
34,316,-1,-7.35274542429284
34,317,15,-7.35274542429284
34,318,145,65.1076923076923
34,319,298,209.94
34,320,178,-108.458333333333
34,321,-346,-232.186440677966
34,322,-138,-153.047619047619
34,323,60,1.0625
34,324,46,-2.65217391304348
34,325,-44,-14.4835164835165
34,326,-148,-51.5870967741935
34,327,63,-9.8695652173913
34,328,255,80.3272727272727
34,329,328,277.272727272727
34,330,-7,-303.827586206897
34,331,-252,-160.75
34,332,-156,-144.274193548387
34,333,-79,1.0625
34,334,-76,-51.5870967741935
34,335,-84,-51.5870967741935
34,336,-28,-51.5870967741935
34,337,-21,-7.35274542429284
34,338,-13,-6.97297297297297
34,339,1,-6.97297297297297
34,340,3,-7.35274542429284
34,341,23,-7.35274542429284
34,342,98,65.1076923076923
34,343,292,180.402826855124
34,344,204,180.402826855124
34,345,-297,-232.186440677966
34,346,-172,-153.047619047619
34,347,48,1.0625
34,348,79,-2.65217391304348
34,349,-14,-2.65217391304348
34,350,-23,-7.35274542429284
34,351,16,-7.35274542429284
34,352,98,115.888888888889
34,353,348,277.272727272727
34,354,-333,-2.65217391304348
34,355,-274,-160.75
34,356,-47,24.3636363636364
34,357,-17,1.0625
34,358,33,-7.35274542429284
34,359,-12,-14.4835164835165
34,360,-22,-7.35274542429284
34,361,-22,-6.97297297297297
34,362,-8,115.888888888889
34,363,0,-7.35274542429284
34,364,-1,-7.35274542429284
34,365,22,-7.35274542429284
34,366,115,-14.4835164835165
34,367,262,180.402826855124
34,368,229,180.402826855124
34,369,-269,-232.186440677966
34,370,-207,-153.047619047619
34,371,102,1.0625
34,372,16,-2.65217391304348
34,373,46,-14.4835164835165
34,374,-71,-14.4835164835165
34,375,24,-9.8695652173913
34,376,150,115.888888888889
34,377,311,277.272727272727
34,378,38,-29
34,379,-217,-232.186440677966
34,380,-179,-144.274193548387
34,381,-144,1.0625
34,382,2,-51.5870967741935
34,383,-97,-7.35274542429284
34,384,-71,-51.5870967741935
34,385,-18,-9.8695652173913
34,386,-15,-6.97297297297297
34,387,-18,115.888888888889
34,388,-4,-6.97297297297297
34,389,17,-7.35274542429284
34,390,109,65.1076923076923
34,391,216,209.94
34,392,269,180.402826855124
34,393,-298,-303.827586206897
34,394,-112,-153.047619047619
34,395,81,24.3636363636364
34,396,57,-2.65217391304348
34,397,15,-2.65217391304348
34,398,-29,-14.4835164835165
34,399,105,-7.35274542429284
34,400,86,80.3272727272727
34,401,254,277.272727272727
34,402,-183,-11.7714285714286
34,403,-93,-160.75
34,404,-162,24.3636363636364
34,405,-71,-51.5870967741935
34,406,-36,-51.5870967741935
34,407,-54,-7.35274542429284
34,408,-44,-9.8695652173913
34,409,-43,-9.8695652173913
34,410,-37,-9.8695652173913
34,411,-22,-6.97297297297297
34,412,-25,-7.35274542429284
34,413,4,-7.35274542429284
34,414,20,-7.35274542429284
34,415,34,65.1076923076923
34,416,111,118.454545454545
34,417,157,180.402826855124
34,418,76,-23.7857142857143
34,419,111,-29
34,420,37,-11.7714285714286
34,421,100,43.2739726027397
34,422,-44,-11.7714285714286
34,423,-25,-51.5870967741935
34,424,1,-7.35274542429284
34,425,-15,-7.35274542429284
34,426,-30,-7.35274542429284
34,427,-107,-7.35274542429284
34,428,-152,-51.5870967741935
34,429,-57,-51.5870967741935
34,430,44,-51.5870967741935
34,431,-98,43.2739726027397
34,432,-78,-51.5870967741935
34,433,-4,-9.8695652173913
34,434,-12,-7.35274542429284
34,435,-54,115.888888888889
34,436,-19,-51.5870967741935
34,437,3,-7.35274542429284
34,438,9,-7.35274542429284
34,439,39,-7.35274542429284
34,440,96,43.2739726027397
34,441,66,180.402826855124
34,442,128,80.3272727272727
34,443,78,80.3272727272727
34,444,103,-29
34,445,71,-11.7714285714286
34,446,-50,-11.7714285714286
34,447,-53,-51.5870967741935
34,448,65,-51.5870967741935
34,449,-86,-2.65217391304348
34,450,-89,-51.5870967741935
34,451,-50,-152.090909090909
34,452,-109,-51.5870967741935
34,453,-61,-51.5870967741935
34,454,-38,-51.5870967741935
34,455,-57,-9.8695652173913
34,456,-39,-9.8695652173913
34,457,-24,-51.5870967741935
34,458,-9,-7.35274542429284
34,459,0,-7.35274542429284
34,460,4,-7.35274542429284
34,461,20,-7.35274542429284
34,462,39,65.1076923076923
34,463,10,118.454545454545
34,464,81,118.454545454545
34,465,-46,-23.7857142857143
34,466,-51,-51.5870967741935
34,467,20,-51.5870967741935
34,468,106,43.2739726027397
34,469,-9,-2.65217391304348
34,470,-5,-7.35274542429284
34,471,25,-7.35274542429284
34,472,-85,-14.4835164835165
34,473,118,-51.5870967741935
34,474,71,-84.7096774193548
34,475,4,-108.458333333333
34,476,-115,-7.35274542429284
34,477,-37,-51.5870967741935
34,478,-23,-7.35274542429284
34,479,-54,-7.35274542429284
34,480,-43,-51.5870967741935
34,481,-13,-51.5870967741935
34,482,-15,-7.35274542429284
34,483,2,-7.35274542429284
34,484,-1,-7.35274542429284
34,485,3,-7.35274542429284
34,486,16,-7.35274542429284
34,487,68,65.1076923076923
34,488,317,153.125
34,489,-54,180.402826855124
34,490,-184,-160.75
34,491,53,-144.274193548387
34,492,40,-2.65217391304348
34,493,-25,43.2739726027397
34,494,-55,-7.35274542429284
34,495,72,-51.5870967741935
34,496,118,80.3272727272727
34,497,304,209.94
34,498,55,-303.827586206897
34,499,-221,-232.186440677966
34,500,-249,-144.274193548387
34,501,-154,1.0625
34,502,-26,1.0625
34,503,-12,-7.35274542429284
34,504,-32,-7.35274542429284
34,505,-18,-7.35274542429284
34,506,-2,-6.97297297297297
34,507,-13,115.888888888889
34,508,-2,115.888888888889
34,509,34,-7.35274542429284
34,510,120,65.1076923076923
34,511,282,180.402826855124
34,512,210,-108.458333333333
34,513,-303,-232.186440677966
34,514,-155,-153.047619047619
34,515,75,1.0625
34,516,63,-2.65217391304348
34,517,20,-2.65217391304348
34,518,-87,-14.4835164835165
34,519,11,-9.8695652173913
34,520,172,115.888888888889
34,521,427,277.272727272727
34,522,-27,-29
34,523,-256,-160.75
34,524,-131,-144.274193548387
34,525,-66,1.0625
34,526,-107,-51.5870967741935
34,527,-153,-51.5870967741935
34,528,-54,-51.5870967741935
34,529,-51,-9.8695652173913
34,530,-12,-9.8695652173913
34,531,-13,-6.97297297297297
34,532,13,-7.35274542429284
34,533,19,65.1076923076923
34,534,124,-6.97297297297297
34,535,315,209.94
34,536,160,-108.458333333333
34,537,-288,-153.047619047619
34,538,-141,-109.24
34,539,74,1.0625
34,540,69,-2.65217391304348
34,541,-21,-2.65217391304348
34,542,-57,-7.35274542429284
34,543,46,-9.8695652173913
34,544,114,115.888888888889
34,545,422,277.272727272727
34,546,16,-84.7096774193548
34,547,-331,-160.75
34,548,-91,-144.274193548387
34,549,-147,1.0625
34,550,-48,-51.5870967741935
34,551,-85,-51.5870967741935
34,552,-96,-51.5870967741935
34,553,-21,-9.8695652173913
34,554,-28,-6.97297297297297
34,555,-7,-7.35274542429284
34,556,-3,-6.97297297297297
34,557,23,-7.35274542429284
34,558,148,65.1076923076923
34,559,333,209.94
34,560,230,-108.458333333333
34,561,-384,-232.186440677966
34,562,-106,-153.047619047619
34,563,79,1.0625
34,564,26,-2.65217391304348
34,565,35,-14.4835164835165
34,566,-45,-14.4835164835165
34,567,41,-9.8695652173913
34,568,177,115.888888888889
34,569,244,277.272727272727
34,570,-143,-153.047619047619
34,571,-186,-160.75
34,572,-146,24.3636363636364
34,573,-79,-51.5870967741935
34,574,-7,-51.5870967741935
34,575,-77,-7.35274542429284
34,576,-26,-9.8695652173913
34,577,-44,-6.97297297297297
34,578,-35,-9.8695652173913
34,579,-36,115.888888888889
34,580,-19,-7.35274542429284
34,581,-2,-7.35274542429284
34,582,38,-7.35274542429284
34,583,45,65.1076923076923
34,584,100,118.454545454545
34,585,97,180.402826855124
34,586,160,-23.7857142857143
34,587,134,-23.7857142857143
34,588,56,-29
34,589,62,-29
34,590,26,-11.7714285714286
34,591,-58,-14.4835164835165
34,592,-30,-51.5870967741935
34,593,-16,-7.35274542429284
34,594,19,-7.35274542429284
34,595,-213,-14.4835164835165
34,596,-117,-152.090909090909
34,597,-56,1.0625
34,598,79,-51.5870967741935
34,599,-99,180.402826855124
34,600,-69,-51.5870967741935
34,601,-40,-9.8695652173913
34,602,-32,-9.8695652173913
34,603,-32,-7.35274542429284
34,604,-50,-7.35274542429284
34,605,-8,-9.8695652173913
34,606,17,-7.35274542429284
34,607,65,65.1076923076923
34,608,81,153.125
34,609,142,180.402826855124
34,610,119,-23.7857142857143
34,611,149,-29
34,612,56,-29
34,613,-30,-29
34,614,-64,-7.35274542429284
34,615,-41,-51.5870967741935
34,616,75,-51.5870967741935
34,617,-28,-2.65217391304348
34,618,-75,-7.35274542429284
34,619,-72,-152.090909090909
34,620,-128,-152.090909090909
34,621,-41,-51.5870967741935
34,622,-88,-51.5870967741935
34,623,-59,-51.5870967741935
34,624,-46,-9.8695652173913
34,625,-25,-9.8695652173913
34,626,-4,-7.35274542429284
34,627,-9,-6.97297297297297
34,628,5,-7.35274542429284
34,629,8,-7.35274542429284
34,630,64,-7.35274542429284
34,631,74,153.125
34,632,117,180.402826855124
34,633,-84,-23.7857142857143
34,634,-87,-109.24
34,635,7,-51.5870967741935
34,636,64,-7.35274542429284
34,637,14,-2.65217391304348
34,638,-4,-14.4835164835165
34,639,45,-7.35274542429284
34,640,90,-14.4835164835165
34,641,193,80.3272727272727
34,642,22,-84.7096774193548
34,643,-82,-160.75
34,644,-112,-51.5870967741935
34,645,-95,-51.5870967741935
34,646,-99,-51.5870967741935
34,647,-45,-51.5870967741935
34,648,-61,-51.5870967741935
34,649,-9,-9.8695652173913
34,650,-16,-7.35274542429284
34,651,-6,-7.35274542429284
34,652,2,-7.35274542429284
34,653,10,-7.35274542429284
34,654,120,65.1076923076923
34,655,187,209.94
34,656,266,-108.458333333333
34,657,-257,-232.186440677966
34,658,-133,-153.047619047619
34,659,-11,24.3636363636364
34,660,65,-7.35274542429284
34,661,-11,-2.65217391304348
34,662,-21,-7.35274542429284
34,663,23,-7.35274542429284
34,664,141,115.888888888889
34,665,399,277.272727272727
34,666,0,-108.458333333333
34,667,-421,-160.75
34,668,9,-144.274193548387
34,669,-112,-7.35274542429284
34,670,-87,-51.5870967741935
34,671,-69,-51.5870967741935
34,672,-58,-51.5870967741935
34,673,-15,-9.8695652173913
34,674,-20,-6.97297297297297
34,675,-7,-7.35274542429284
34,676,-2,-7.35274542429284
34,677,32,-7.35274542429284
34,678,125,65.1076923076923
34,679,308,209.94
34,680,251,-108.458333333333
34,681,-422,-232.186440677966
34,682,-106,-153.047619047619
34,683,6,24.3636363636364
34,684,51,-7.35274542429284
34,685,22,-2.65217391304348
34,686,-22,-14.4835164835165
34,687,9,-7.35274542429284
34,688,21,115.888888888889
34,689,7,65.1076923076923
34,690,42,-7.35274542429284
34,691,49,-14.4835164835165
34,692,-81,163.842105263158
34,693,-50,-51.5870967741935
34,694,-86,-51.5870967741935
34,695,-53,-51.5870967741935
34,696,-50,-51.5870967741935
34,697,-26,-51.5870967741935
34,698,-14,-7.35274542429284
34,699,-12,-7.35274542429284
34,700,1,-7.35274542429284
34,701,25,-7.35274542429284
34,702,126,65.1076923076923
34,703,259,209.94
34,704,277,-108.458333333333
34,705,-391,-303.827586206897
34,706,-116,-153.047619047619
34,707,36,24.3636363636364
34,708,68,43.2739726027397
34,709,13,-2.65217391304348
34,710,-50,-14.4835164835165
34,711,39,-9.8695652173913
34,712,99,115.888888888889
34,713,408,277.272727272727
34,714,-46,-84.7096774193548
34,715,-260,-160.75
34,716,-94,-144.274193548387
34,717,-113,1.0625
34,718,-42,-51.5870967741935
34,719,-76,-51.5870967741935
34,720,-94,-51.5870967741935
34,721,-31,-9.8695652173913
34,722,-19,-6.97297297297297
34,723,-9,-7.35274542429284
34,724,-5,-7.35274542429284
34,725,21,-7.35274542429284
34,726,83,65.1076923076923
34,727,246,209.94
34,728,224,180.402826855124
34,729,-243,-232.186440677966
34,730,-108,-153.047619047619
34,731,51,1.0625
34,732,38,-2.65217391304348
34,733,12,-14.4835164835165
34,734,34,-14.4835164835165
34,735,99,-14.4835164835165
34,736,118,80.3272727272727
34,737,69,202.205882352941
34,738,-131,-29
34,739,-118,-51.5870967741935
34,740,-54,-51.5870967741935
34,741,-95,-51.5870967741935
34,742,-43,-51.5870967741935
34,743,-46,-51.5870967741935
34,744,-50,-9.8695652173913
34,745,-34,-9.8695652173913
34,746,-18,-7.35274542429284
34,747,-33,-7.35274542429284
34,748,-29,-7.35274542429284
34,749,8,-7.35274542429284
34,750,21,-7.35274542429284
34,751,23,65.1076923076923
34,752,87,118.454545454545
34,753,148,-23.7857142857143
34,754,148,80.3272727272727
34,755,83,-29
34,756,9,-29
34,757,10,-7.35274542429284
34,758,25,-14.4835164835165
34,759,-51,-14.4835164835165
34,760,-9,-51.5870967741935
34,761,-42,-7.35274542429284
34,762,-47,-152.090909090909
34,763,-42,-152.090909090909
34,764,-118,-51.5870967741935
34,765,-4,-51.5870967741935
34,766,-47,-7.35274542429284
34,767,-54,-51.5870967741935
34,768,-13,-51.5870967741935
34,769,-59,-7.35274542429284
34,770,-17,-9.8695652173913
34,771,-25,-7.35274542429284
34,772,-25,-7.35274542429284
34,773,-4,-7.35274542429284
34,774,15,-7.35274542429284
34,775,30,65.1076923076923
34,776,99,118.454545454545
34,777,119,180.402826855124
34,778,154,-23.7857142857143
34,779,95,-29
34,780,51,-29
34,781,-72,-11.7714285714286
34,782,49,-51.5870967741935
34,783,-12,-84.7096774193548
34,784,-34,-7.35274542429284
34,785,21,-7.35274542429284
34,786,-4,-14.4835164835165
34,787,-76,-7.35274542429284
34,788,-50,-51.5870967741935
34,789,-249,-51.5870967741935
34,790,-84,-51.5870967741935
34,791,37,1.0625
34,792,-31,43.2739726027397
34,793,-6,-7.35274542429284
34,794,-11,-7.35274542429284
34,795,-30,-7.35274542429284
34,796,-12,115.888888888889
34,797,3,-7.35274542429284
34,798,11,-7.35274542429284
34,799,47,-14.4835164835165
34,800,88,43.2739726027397
34,801,108,180.402826855124
34,802,101,80.3272727272727
34,803,112,80.3272727272727
34,804,49,-11.7714285714286
34,805,31,-11.7714285714286
34,806,-91,-14.4835164835165
34,807,-5,-51.5870967741935
34,808,41,-7.35274542429284
34,809,-96,-14.4835164835165
34,810,-22,-51.5870967741935
34,811,12,-7.35274542429284
34,812,-78,-14.4835164835165
34,813,-70,-51.5870967741935
34,814,-90,-51.5870967741935
34,815,-75,-9.8695652173913
34,816,-37,-51.5870967741935
34,817,-31,-7.35274542429284
34,818,-6,-7.35274542429284
34,819,-5,-7.35274542429284
34,820,2,-7.35274542429284
34,821,28,-7.35274542429284
34,822,121,65.1076923076923
34,823,296,180.402826855124
34,824,184,-108.458333333333
34,825,-377,-232.186440677966
34,826,-74,-153.047619047619
34,827,14,1.0625
34,828,40,43.2739726027397
34,829,2,-14.4835164835165
34,830,-1,-7.35274542429284
34,831,18,-7.35274542429284
34,832,137,115.888888888889
34,833,388,277.272727272727
34,834,-71,-108.458333333333
34,835,-184,-160.75
34,836,-322,-144.274193548387
34,837,-133,-51.5870967741935
34,838,-16,1.0625
34,839,-5,-7.35274542429284
34,840,-14,-7.35274542429284
34,841,-32,-7.35274542429284
34,842,1,-6.97297297297297
34,843,0,115.888888888889
34,844,1,115.888888888889
34,845,35,-7.35274542429284
34,846,103,43.2739726027397
34,847,339,180.402826855124
34,848,188,180.402826855124
34,849,-366,-232.186440677966
34,850,-128,-153.047619047619
34,851,31,1.0625
34,852,45,43.2739726027397
34,853,36,-14.4835164835165
34,854,-37,-14.4835164835165
34,855,23,-7.35274542429284
34,856,123,115.888888888889
34,857,441,277.272727272727
34,858,-43,-29
34,859,-240,-160.75
34,860,-125,-144.274193548387
34,861,-127,1.0625
34,862,-87,-51.5870967741935
34,863,-57,-51.5870967741935
34,864,-99,-51.5870967741935
34,865,-35,-9.8695652173913
34,866,-12,-6.97297297297297
34,867,-6,-6.97297297297297
34,868,0,-6.97297297297297
34,869,25,-7.35274542429284
34,870,145,65.1076923076923
34,871,329,209.94
34,872,186,-108.458333333333
34,873,-382,-232.186440677966
34,874,-91,-153.047619047619
34,875,-2,1.0625
34,876,74,-7.35274542429284
34,877,1,-2.65217391304348
34,878,-39,-7.35274542429284
34,879,36,-9.8695652173913
34,880,197,115.888888888889
34,881,340,277.272727272727
34,882,-42,-108.458333333333
34,883,-194,-160.75
34,884,-112,-144.274193548387
34,885,-120,-51.5870967741935
34,886,-95,-51.5870967741935
34,887,-124,-51.5870967741935
34,888,-54,-51.5870967741935
34,889,-52,-9.8695652173913
34,890,-18,-9.8695652173913
34,891,-12,-7.35274542429284
34,892,2,-7.35274542429284
34,893,39,-7.35274542429284
34,894,96,65.1076923076923
34,895,261,209.94
34,896,292,209.94
34,897,-396,-303.827586206897
34,898,-94,-153.047619047619
34,899,31,24.3636363636364
34,900,75,43.2739726027397
34,901,6,-2.65217391304348
34,902,-62,-7.35274542429284
34,903,4,-9.8695652173913
34,904,-36,115.888888888889
34,905,5,-7.35274542429284
34,906,-117,-7.35274542429284
34,907,-65,-51.5870967741935
34,908,-6,-51.5870967741935
34,909,46,-7.35274542429284
34,910,-62,43.2739726027397
34,911,50,-51.5870967741935
34,912,13,-84.7096774193548
34,913,-10,-14.4835164835165
34,914,-35,-7.35274542429284
34,915,-15,-7.35274542429284
34,916,-13,-7.35274542429284
34,917,-1,-7.35274542429284
34,918,24,-7.35274542429284
34,919,50,-14.4835164835165
34,920,124,153.125
34,921,122,180.402826855124
34,922,161,-232.186440677966
34,923,43,-29
34,924,132,-29
34,925,11,-11.7714285714286
34,926,-32,-29
34,927,55,-7.35274542429284
34,928,-58,-2.65217391304348
34,929,-58,-152.090909090909
34,930,-74,-152.090909090909
34,931,42,-152.090909090909
34,932,-155,-14.4835164835165
34,933,-83,-152.090909090909
34,934,-88,-51.5870967741935
34,935,10,-51.5870967741935
34,936,-69,65.1076923076923
34,937,-48,-51.5870967741935
34,938,-32,-9.8695652173913
34,939,-39,-6.97297297297297
34,940,-37,-9.8695652173913
34,941,-1,-7.35274542429284
34,942,10,-7.35274542429284
34,943,13,-14.4835164835165
34,944,105,65.1076923076923
34,945,160,180.402826855124
34,946,104,-23.7857142857143
34,947,107,-29
34,948,173,-11.7714285714286
34,949,2,-11.7714285714286
34,950,-8,-29
34,951,-34,-7.35274542429284
34,952,18,-7.35274542429284
34,953,-84,-14.4835164835165
34,954,-82,-152.090909090909
34,955,-43,-51.5870967741935
34,956,-139,-51.5870967741935
34,957,-68,-152.090909090909
34,958,-20,-51.5870967741935
34,959,-118,-7.35274542429284
34,960,-59,-9.8695652173913
34,961,-35,-51.5870967741935
34,962,-3,-7.35274542429284
34,963,-6,115.888888888889
34,964,3,-7.35274542429284
34,965,27,-7.35274542429284
34,966,104,65.1076923076923
34,967,378,209.94
34,968,148,180.402826855124
34,969,-383,-232.186440677966
34,970,-95,-109.24
34,971,52,1.0625
34,972,43,-2.65217391304348
34,973,-8,-14.4835164835165
34,974,-4,-7.35274542429284
34,975,22,-7.35274542429284
34,976,156,115.888888888889
34,977,386,277.272727272727
34,978,-12,-108.458333333333
34,979,-177,-160.75
34,980,-184,-144.274193548387
34,981,-196,-51.5870967741935
34,982,-97,-51.5870967741935
34,983,-82,-51.5870967741935
34,984,-52,-51.5870967741935
34,985,-14,-9.8695652173913
34,986,-12,-6.97297297297297
34,987,-3,-6.97297297297297
34,988,0,-6.97297297297297
34,989,31,-7.35274542429284
34,990,148,65.1076923076923
34,991,385,209.94
34,992,141,-108.458333333333
34,993,-375,-232.186440677966
34,994,-159,-109.24
34,995,51,1.0625
34,996,20,-2.65217391304348
34,997,20,-14.4835164835165
34,998,9,-14.4835164835165
34,999,-4,-7.35274542429284
34,1000,201,115.888888888889
34,1001,377,277.272727272727
34,1002,-60,-153.047619047619
34,1003,-277,-153.047619047619
34,1004,-98,-144.274193548387
34,1005,-132,1.0625
34,1006,-90,-51.5870967741935
34,1007,-80,-51.5870967741935
34,1008,-64,-51.5870967741935
34,1009,-22,-9.8695652173913
34,1010,-16,-6.97297297297297
34,1011,-3,-7.35274542429284
34,1012,2,-6.97297297297297
34,1013,28,-7.35274542429284
34,1014,134,65.1076923076923
34,1015,375,209.94
34,1016,121,-108.458333333333
34,1017,-365,-232.186440677966
34,1018,-100,-109.24
34,1019,23,1.0625
34,1020,89,43.2739726027397
34,1021,-12,-2.65217391304348
34,1022,-1,-7.35274542429284
34,1023,-2,-7.35274542429284
34,1024,152,115.888888888889
34,1025,272,277.272727272727
34,1026,58,-108.458333333333
34,1027,-244,-232.186440677966
34,1028,-130,-144.274193548387
34,1029,-110,1.0625
34,1030,-50,-51.5870967741935
34,1031,-125,-51.5870967741935
34,1032,-64,-51.5870967741935
34,1033,-37,-9.8695652173913
34,1034,-10,-6.97297297297297
34,1035,-7,-6.97297297297297
34,1036,1,-7.35274542429284
34,1037,28,-7.35274542429284
34,1038,136,-6.97297297297297
34,1039,356,209.94
34,1040,155,-108.458333333333
34,1041,-344,-232.186440677966
34,1042,-127,-109.24
34,1043,27,1.0625
34,1044,99,43.2739726027397
34,1045,-21,-2.65217391304348
34,1046,-50,-7.35274542429284
34,1047,68,-9.8695652173913
34,1048,133,80.3272727272727
34,1049,403,277.272727272727
34,1050,-56,-303.827586206897
34,1051,-211,-160.75
34,1052,-124,-144.274193548387
34,1053,-165,1.0625
34,1054,-85,-51.5870967741935
34,1055,-51,-51.5870967741935
34,1056,-100,-51.5870967741935
34,1057,-48,-9.8695652173913
34,1058,-10,-9.8695652173913
34,1059,-11,-7.35274542429284
34,1060,2,-6.97297297297297
34,1061,19,-7.35274542429284
34,1062,110,65.1076923076923
34,1063,289,209.94
34,1064,272,209.94
34,1065,-318,-303.827586206897
34,1066,-133,-153.047619047619
34,1067,15,24.3636363636364
34,1068,105,43.2739726027397
34,1069,47,-2.65217391304348
34,1070,-43,-14.4835164835165
34,1071,24,-9.8695652173913
34,1072,126,115.888888888889
34,1073,270,277.272727272727
34,1074,-70,-29
34,1075,-168,-160.75
34,1076,-147,-144.274193548387
34,1077,-69,-51.5870967741935
34,1078,-48,-51.5870967741935
34,1079,-76,-51.5870967741935
34,1080,-9,-9.8695652173913
34,1081,-83,-7.35274542429284
34,1082,-34,-9.8695652173913
34,1083,-49,-6.97297297297297
34,1084,-32,-51.5870967741935
34,1085,11,-7.35274542429284
34,1086,61,65.1076923076923
34,1087,7,153.125
34,1088,157,-7.35274542429284
34,1089,96,80.3272727272727
34,1090,126,-29
34,1091,103,180.402826855124
34,1092,-38,-29
34,1093,54,-51.5870967741935
34,1094,8,-11.7714285714286
34,1095,-38,-7.35274542429284
34,1096,-21,-51.5870967741935
34,1097,-39,-7.35274542429284
34,1098,-44,-51.5870967741935
34,1099,-91,-152.090909090909
34,1100,3,-51.5870967741935
34,1101,-47,-7.35274542429284
34,1102,-102,-51.5870967741935
34,1103,16,-51.5870967741935
34,1104,-72,65.1076923076923
34,1105,-42,-9.8695652173913
34,1106,-43,-51.5870967741935
34,1107,-44,-51.5870967741935
34,1108,-19,-9.8695652173913
34,1109,3,-7.35274542429284
34,1110,17,-7.35274542429284
34,1111,32,-14.4835164835165
34,1112,119,118.454545454545
34,1113,85,209.94
34,1114,147,-108.458333333333
34,1115,86,-23.7857142857143
34,1116,3,-29
34,1117,-10,-7.35274542429284
34,1118,8,-7.35274542429284
34,1119,-25,-7.35274542429284
34,1120,33,-7.35274542429284
34,1121,13,-14.4835164835165
34,1122,-31,-14.4835164835165
34,1123,-115,-7.35274542429284
34,1124,-12,-51.5870967741935
34,1125,-110,-7.35274542429284
34,1126,-94,-51.5870967741935
34,1127,-49,-51.5870967741935
34,1128,-69,-51.5870967741935
34,1129,-17,-9.8695652173913
34,1130,-7,-7.35274542429284
34,1131,-11,-7.35274542429284
34,1132,1,-7.35274542429284
34,1133,30,-7.35274542429284
34,1134,107,65.1076923076923
34,1135,359,209.94
34,1136,148,180.402826855124
34,1137,-335,-232.186440677966
34,1138,-169,-109.24
34,1139,55,1.0625
34,1140,59,-2.65217391304348
34,1141,-13,-2.65217391304348
34,1142,11,-7.35274542429284
34,1143,0,-14.4835164835165
34,1144,168,115.888888888889
34,1145,373,277.272727272727
34,1146,31,-108.458333333333
34,1147,-235,-153.047619047619
34,1148,-202,-144.274193548387
34,1149,-144,1.0625
34,1150,-86,1.0625
34,1151,-84,-51.5870967741935
34,1152,-52,-51.5870967741935
34,1153,-12,-9.8695652173913
34,1154,-10,-6.97297297297297
34,1155,6,-6.97297297297297
34,1156,-8,-6.97297297297297
34,1157,25,-7.35274542429284
34,1158,107,65.1076923076923
34,1159,167,209.94
34,1160,310,180.402826855124
34,1161,-328,-303.827586206897
34,1162,-160,-153.047619047619
34,1163,-60,24.3636363636364
34,1164,30,-51.5870967741935
34,1165,-36,-14.4835164835165
34,1166,1,-7.35274542429284
34,1167,56,-7.35274542429284
34,1168,123,80.3272727272727
34,1169,442,277.272727272727
34,1170,-28,-303.827586206897
34,1171,-162,-160.75
34,1172,-105,-144.274193548387
34,1173,-112,-51.5870967741935
34,1174,-67,-51.5870967741935
34,1175,-118,-51.5870967741935
34,1176,-55,-51.5870967741935
34,1177,-6,-9.8695652173913
34,1178,-24,-6.97297297297297
34,1179,4,-7.35274542429284
34,1180,2,-7.35274542429284
34,1181,30,-7.35274542429284
34,1182,154,65.1076923076923
34,1183,311,209.94
34,1184,208,-108.458333333333
34,1185,-361,-232.186440677966
34,1186,-154,-153.047619047619
34,1187,48,1.0625
34,1188,88,-2.65217391304348
34,1189,-79,-2.65217391304348
34,1190,65,-51.5870967741935
34,1191,-39,-11.7714285714286
34,1192,111,-9.8695652173913
34,1193,465,277.272727272727
34,1194,-113,-2.65217391304348
34,1195,-73,-153.047619047619
34,1196,-223,-144.274193548387
34,1197,-52,-51.5870967741935
34,1198,-158,1.0625
34,1199,-85,-51.5870967741935
34,1200,-105,-9.8695652173913
34,1201,-27,-9.8695652173913
34,1202,-12,-7.35274542429284
34,1203,-4,-6.97297297297297
34,1204,1,-7.35274542429284
34,1205,34,-6.97297297297297
34,1206,141,65.1076923076923
34,1207,325,209.94
34,1208,213,-108.458333333333
34,1209,-362,-232.186440677966
34,1210,-178,-153.047619047619
34,1211,49,1.0625
34,1212,37,-2.65217391304348
34,1213,19,-14.4835164835165
34,1214,14,-14.4835164835165
34,1215,26,-14.4835164835165
34,1216,114,115.888888888889
34,1217,429,277.272727272727
34,1218,-44,-84.7096774193548
34,1219,-244,-153.047619047619
34,1220,-144,-144.274193548387
34,1221,-98,1.0625
34,1222,-95,-51.5870967741935
34,1223,-70,-51.5870967741935
34,1224,-78,-51.5870967741935
34,1225,-43,-9.8695652173913
34,1226,-36,-9.8695652173913
34,1227,-10,-6.97297297297297
34,1228,9,-7.35274542429284
34,1229,19,-7.35274542429284
34,1230,118,65.1076923076923
34,1231,279,209.94
34,1232,223,-108.458333333333
34,1233,-287,-153.047619047619
34,1234,-150,-153.047619047619
34,1235,70,1.0625
34,1236,117,-2.65217391304348
34,1237,-10,-2.65217391304348
34,1238,-17,-160.75
34,1239,1,-7.35274542429284
34,1240,181,115.888888888889
34,1241,265,277.272727272727
34,1242,-130,-108.458333333333
34,1243,-226,-160.75
34,1244,-82,-144.274193548387
34,1245,-52,1.0625
34,1246,-12,-51.5870967741935
34,1247,-99,-7.35274542429284
34,1248,-85,-9.8695652173913
34,1249,-42,-9.8695652173913
34,1250,-28,-9.8695652173913
34,1251,-40,-7.35274542429284
34,1252,-19,-51.5870967741935
34,1253,15,-7.35274542429284
34,1254,24,65.1076923076923
34,1255,31,118.454545454545
34,1256,126,118.454545454545
34,1257,163,-23.7857142857143
34,1258,68,-29
34,1259,131,-29
34,1260,37,-11.7714285714286
34,1261,14,-29
34,1262,-44,-14.4835164835165
34,1263,10,-51.5870967741935
34,1264,-41,-14.4835164835165
34,1265,51,-152.090909090909
34,1266,-22,-2.65217391304348
34,1267,-110,-7.35274542429284
34,1268,-109,-152.090909090909
34,1269,-62,-51.5870967741935
34,1270,-10,-51.5870967741935
34,1271,-97,-7.35274542429284
34,1272,-35,-51.5870967741935
34,1273,-60,-7.35274542429284
34,1274,-14,-9.8695652173913
34,1275,-46,-7.35274542429284
34,1276,-10,-51.5870967741935
34,1277,-1,-7.35274542429284
34,1278,6,-7.35274542429284
34,1279,25,-7.35274542429284
34,1280,71,65.1076923076923
34,1281,155,180.402826855124
34,1282,162,209.94
34,1283,110,-29
34,1284,69,-29
34,1285,-1,-11.7714285714286
34,1286,-32,-7.35274542429284
34,1287,-119,-7.35274542429284
34,1288,117,-51.5870967741935
34,1289,13,-2.65217391304348
34,1290,-80,-160.75
34,1291,-123,-152.090909090909
34,1292,-88,-51.5870967741935
34,1293,-56,-9.8695652173913
34,1294,-93,-51.5870967741935
34,1295,-45,-51.5870967741935
34,1296,-68,-9.8695652173913
34,1297,-26,-9.8695652173913
34,1298,-5,-7.35274542429284
34,1299,-5,-7.35274542429284
34,1300,5,-7.35274542429284
34,1301,14,-7.35274542429284
34,1302,14,65.1076923076923
34,1303,108,118.454545454545
34,1304,329,180.402826855124
34,1305,-224,-23.7857142857143
34,1306,-159,-153.047619047619
34,1307,30,24.3636363636364
34,1308,47,-14.4835164835165
34,1309,57,-14.4835164835165
34,1310,-6,-84.7096774193548
34,1311,18,-7.35274542429284
34,1312,95,115.888888888889
34,1313,391,202.205882352941
34,1314,-81,-2.65217391304348
34,1315,-179,-160.75
34,1316,-101,-144.274193548387
34,1317,-89,-51.5870967741935
34,1318,-109,-51.5870967741935
34,1319,-90,-51.5870967741935
34,1320,-39,-9.8695652173913
34,1321,-21,-9.8695652173913
34,1322,1,-6.97297297297297
34,1323,-7,-7.35274542429284
34,1324,2,-7.35274542429284
34,1325,27,-7.35274542429284
34,1326,124,65.1076923076923
34,1327,319,209.94
34,1328,193,-108.458333333333
34,1329,-345,-232.186440677966
34,1330,-148,-153.047619047619
34,1331,50,1.0625
34,1332,62,-2.65217391304348
34,1333,-20,-2.65217391304348
34,1334,-45,-7.35274542429284
34,1335,32,-9.8695652173913
34,1336,75,115.888888888889
34,1337,477,277.272727272727
34,1338,-16,-84.7096774193548
34,1339,-281,-160.75
34,1340,-56,-144.274193548387
34,1341,-182,1.0625
34,1342,15,-51.5870967741935
34,1343,-166,-14.4835164835165
34,1344,-72,-51.5870967741935
34,1345,-26,-9.8695652173913
34,1346,-21,-6.97297297297297
34,1347,2,-7.35274542429284
34,1348,-1,-6.97297297297297
34,1349,32,-7.35274542429284
34,1350,126,115.888888888889
34,1351,299,209.94
34,1352,179,-108.458333333333
34,1353,-327,-232.186440677966
34,1354,-149,-153.047619047619
34,1355,21,1.0625
34,1356,-8,43.2739726027397
34,1357,31,-7.35274542429284
34,1358,-21,-14.4835164835165
34,1359,-11,-7.35274542429284
34,1360,156,115.888888888889
34,1361,356,277.272727272727
34,1362,-19,-29
34,1363,-133,-160.75
34,1364,-132,-144.274193548387
34,1365,-63,-51.5870967741935
34,1366,-87,-51.5870967741935
34,1367,-134,-51.5870967741935
34,1368,-54,-51.5870967741935
34,1369,-51,-9.8695652173913
34,1370,0,-9.8695652173913
34,1371,-7,-6.97297297297297
34,1372,1,-7.35274542429284
34,1373,28,-7.35274542429284
34,1374,110,-6.97297297297297
34,1375,313,209.94
34,1376,127,209.94
34,1377,-334,-232.186440677966
34,1378,-106,-109.24
34,1379,11,1.0625
34,1380,54,43.2739726027397
34,1381,-43,-2.65217391304348
34,1382,4,-51.5870967741935
34,1383,18,-7.35274542429284
34,1384,126,115.888888888889
34,1385,295,277.272727272727
34,1386,25,-108.458333333333
34,1387,-141,-160.75
34,1388,-63,-144.274193548387
34,1389,-125,-51.5870967741935
34,1390,-68,-51.5870967741935
34,1391,-97,-51.5870967741935
34,1392,-53,-51.5870967741935
34,1393,-62,-9.8695652173913
34,1394,-19,-152.090909090909
34,1395,-5,-7.35274542429284
34,1396,3,-6.97297297297297
34,1397,28,-7.35274542429284
34,1398,84,65.1076923076923
34,1399,237,209.94
34,1400,254,209.94
34,1401,-280,-232.186440677966
34,1402,-148,-153.047619047619
34,1403,51,24.3636363636364
34,1404,18,-2.65217391304348
34,1405,46,-14.4835164835165
34,1406,-37,-14.4835164835165
34,1407,21,-7.35274542429284
34,1408,96,115.888888888889
34,1409,266,277.272727272727
34,1410,-141,-2.65217391304348
34,1411,-143,-160.75
34,1412,-160,24.3636363636364
34,1413,15,-51.5870967741935
34,1414,-20,43.2739726027397
34,1415,-23,-7.35274542429284
34,1416,-58,-7.35274542429284
34,1417,7,-9.8695652173913
34,1418,-30,115.888888888889
34,1419,-51,115.888888888889
34,1420,-23,-51.5870967741935
34,1421,-7,-7.35274542429284
34,1422,35,-7.35274542429284
34,1423,31,65.1076923076923
34,1424,89,43.2739726027397
34,1425,165,180.402826855124
34,1426,162,80.3272727272727
34,1427,22,-29
34,1428,86,-29
34,1429,-38,-11.7714285714286
34,1430,45,-51.5870967741935
34,1431,-126,-14.4835164835165
34,1432,30,-51.5870967741935
34,1433,17,-14.4835164835165
34,1434,-49,-14.4835164835165
34,1435,-56,-152.090909090909
34,1436,-39,-51.5870967741935
34,1437,-64,-9.8695652173913
34,1438,-43,-51.5870967741935
34,1439,-54,-51.5870967741935
34,1440,-62,-51.5870967741935
34,1441,-36,-51.5870967741935
34,1442,-13,-7.35274542429284
34,1443,-54,-7.35274542429284
34,1444,-47,-51.5870967741935
34,1445,-5,-51.5870967741935
34,1446,17,-7.35274542429284
34,1447,46,65.1076923076923
34,1448,70,118.454545454545
34,1449,91,180.402826855124
34,1450,220,-23.7857142857143
34,1451,54,80.3272727272727
34,1452,50,-153.047619047619
34,1453,29,-11.7714285714286
34,1454,-34,-14.4835164835165
34,1455,-64,-7.35274542429284
34,1456,-26,-51.5870967741935
34,1457,71,-7.35274542429284
34,1458,2,-2.65217391304348
34,1459,-111,-7.35274542429284
34,1460,-91,-51.5870967741935
34,1461,-79,-51.5870967741935
34,1462,-75,-51.5870967741935
34,1463,-91,-51.5870967741935
34,1464,-19,-51.5870967741935
34,1465,-37,-7.35274542429284
34,1466,-17,-7.35274542429284
34,1467,-9,-7.35274542429284
34,1468,-1,-7.35274542429284
34,1469,39,-7.35274542429284
34,1470,115,65.1076923076923
34,1471,327,180.402826855124
34,1472,123,180.402826855124
34,1473,-340,-232.186440677966
34,1474,-84,-109.24
34,1475,-3,1.0625
34,1476,89,-7.35274542429284
34,1477,-10,-2.65217391304348
34,1478,-9,-7.35274542429284
34,1479,-18,-7.35274542429284
34,1480,181,115.888888888889
34,1481,419,277.272727272727
34,1482,-42,-108.458333333333
34,1483,-209,-160.75
34,1484,-107,-144.274193548387
34,1485,-144,1.0625
34,1486,-144,-51.5870967741935
34,1487,-84,-51.5870967741935
34,1488,-66,-51.5870967741935
34,1489,-7,-9.8695652173913
34,1490,-21,-6.97297297297297
34,1491,0,-7.35274542429284
34,1492,1,-6.97297297297297
34,1493,29,-6.97297297297297
34,1494,149,65.1076923076923
34,1495,364,209.94
34,1496,104,-108.458333333333
34,1497,-328,-232.186440677966
34,1498,-138,-144.274193548387
34,1499,45,1.0625
34,1500,73,43.2739726027397
34,1501,-2,-2.65217391304348
34,1502,-39,-7.35274542429284
34,1503,50,-9.8695652173913
34,1504,99,80.3272727272727
34,1505,484,277.272727272727
34,1506,-76,-84.7096774193548
34,1507,-212,-160.75
34,1508,-107,-144.274193548387
34,1509,-177,1.0625
34,1510,-83,-51.5870967741935
34,1511,-114,-51.5870967741935
34,1512,-77,-9.8695652173913
34,1513,-31,-9.8695652173913
34,1514,-9,-6.97297297297297
34,1515,-6,-7.35274542429284
34,1516,3,-6.97297297297297
34,1517,25,-7.35274542429284
34,1518,164,65.1076923076923
34,1519,327,209.94
34,1520,160,-108.458333333333
34,1521,-405,-232.186440677966
34,1522,-110,-109.24
34,1523,37,1.0625
34,1524,113,43.2739726027397
34,1525,-1,-2.65217391304348
34,1526,-51,-7.35274542429284
34,1527,-21,-9.8695652173913
34,1528,143,115.888888888889
34,1529,451,277.272727272727
34,1530,-39,-108.458333333333
34,1531,-161,-160.75
34,1532,-198,-144.274193548387
34,1533,-78,-152.090909090909
34,1534,-70,-51.5870967741935
34,1535,-138,-51.5870967741935
34,1536,-105,-51.5870967741935
34,1537,-29,-9.8695652173913
34,1538,-12,-6.97297297297297
34,1539,-6,-6.97297297297297
34,1540,4,-7.35274542429284
34,1541,36,-7.35274542429284
34,1542,146,115.888888888889
34,1543,315,209.94
34,1544,109,-108.458333333333
34,1545,-266,-232.186440677966
34,1546,-167,-144.274193548387
34,1547,27,1.0625
34,1548,65,43.2739726027397
34,1549,-40,-2.65217391304348
34,1550,18,-51.5870967741935
34,1551,-35,-14.4835164835165
34,1552,168,115.888888888889
34,1553,318,277.272727272727
34,1554,-8,-108.458333333333
34,1555,-126,-153.047619047619
34,1556,-101,-144.274193548387
34,1557,-72,-51.5870967741935
34,1558,-124,-51.5870967741935
34,1559,-103,-51.5870967741935
34,1560,-57,-51.5870967741935
34,1561,-72,-9.8695652173913
34,1562,-24,-9.8695652173913
34,1563,-10,-7.35274542429284
34,1564,2,-7.35274542429284
34,1565,35,-7.35274542429284
34,1566,118,65.1076923076923
34,1567,217,209.94
34,1568,244,-108.458333333333
34,1569,-324,-232.186440677966
34,1570,-129,-153.047619047619
34,1571,17,24.3636363636364
34,1572,38,43.2739726027397
34,1573,13,-14.4835164835165
34,1574,-6,-14.4835164835165
34,1575,-3,-7.35274542429284
34,1576,121,115.888888888889
34,1577,188,277.272727272727
34,1578,-75,-29
34,1579,-101,-160.75
34,1580,-55,-51.5870967741935
34,1581,-72,-51.5870967741935
34,1582,-73,-51.5870967741935
34,1583,-115,-51.5870967741935
34,1584,21,-9.8695652173913
34,1585,-11,-14.4835164835165
34,1586,3,-7.35274542429284
34,1587,-38,-7.35274542429284
34,1588,-5,-9.8695652173913
34,1589,-8,-7.35274542429284
34,1590,32,-7.35274542429284
34,1591,50,43.2739726027397
34,1592,102,153.125
34,1593,81,-84.7096774193548
34,1594,129,80.3272727272727
34,1595,48,80.3272727272727
34,1596,19,-29
34,1597,-43,43.2739726027397
34,1598,-19,-51.5870967741935
34,1599,-5,-7.35274542429284
34,1600,-31,-7.35274542429284
34,1601,-11,-7.35274542429284
34,1602,-23,-7.35274542429284
34,1603,35,-7.35274542429284
34,1604,-82,-14.4835164835165
34,1605,-79,-51.5870967741935
34,1606,-41,-51.5870967741935
34,1607,-20,-51.5870967741935
34,1608,-3,-7.35274542429284
34,1609,-56,-7.35274542429284
34,1610,-3,-9.8695652173913
34,1611,-57,-7.35274542429284
34,1612,-29,-51.5870967741935
34,1613,6,-7.35274542429284
34,1614,17,-7.35274542429284
34,1615,23,43.2739726027397
34,1616,92,118.454545454545
34,1617,77,163.842105263158
34,1618,147,-23.7857142857143
34,1619,11,80.3272727272727
34,1620,56,-29
34,1621,-13,-11.7714285714286
34,1622,24,-7.35274542429284
34,1623,-99,-14.4835164835165
34,1624,-32,-51.5870967741935
34,1625,100,-7.35274542429284
34,1626,-43,-2.65217391304348
34,1627,12,-152.090909090909
34,1628,-50,-14.4835164835165
34,1629,-74,-9.8695652173913
34,1630,-107,-51.5870967741935
34,1631,-41,-51.5870967741935
34,1632,-67,-51.5870967741935
34,1633,-26,-51.5870967741935
34,1634,-2,-7.35274542429284
34,1635,-10,-7.35274542429284
34,1636,7,-7.35274542429284
34,1637,28,-7.35274542429284
34,1638,96,65.1076923076923
34,1639,262,209.94
34,1640,170,180.402826855124
34,1641,-273,-153.047619047619
34,1642,-121,-109.24
34,1643,27,1.0625
34,1644,56,-14.4835164835165
34,1645,-21,-2.65217391304348
34,1646,-6,-7.35274542429284
34,1647,4,-7.35274542429284
34,1648,131,115.888888888889
34,1649,382,277.272727272727
34,1650,-17,-108.458333333333
34,1651,-149,-160.75
34,1652,-186,-144.274193548387
34,1653,-137,-51.5870967741935
34,1654,-70,-51.5870967741935
34,1655,-86,-51.5870967741935
34,1656,-49,-51.5870967741935
34,1657,-39,-9.8695652173913
34,1658,-4,-9.8695652173913
34,1659,-8,-6.97297297297297
34,1660,4,-6.97297297297297
34,1661,29,-7.35274542429284
34,1662,119,65.1076923076923
34,1663,329,209.94
34,1664,163,-108.458333333333
34,1665,-374,-232.186440677966
34,1666,-63,-109.24
34,1667,8,1.0625
34,1668,55,-7.35274542429284
34,1669,11,-2.65217391304348
34,1670,27,-14.4835164835165
34,1671,91,-14.4835164835165
34,1672,126,80.3272727272727
34,1673,195,277.272727272727
34,1674,-95,-29
34,1675,-130,-153.047619047619
34,1676,-121,-51.5870967741935
34,1677,-180,-51.5870967741935
34,1678,-19,-51.5870967741935
34,1679,-6,-7.35274542429284
34,1680,-12,-7.35274542429284
34,1681,-36,-7.35274542429284
34,1682,-30,-6.97297297297297
34,1683,-61,-7.35274542429284
34,1684,-16,-51.5870967741935
34,1685,3,-7.35274542429284
34,1686,13,-7.35274542429284
34,1687,40,65.1076923076923
34,1688,81,65.1076923076923
34,1689,140,180.402826855124
34,1690,154,-23.7857142857143
34,1691,38,-29
34,1692,9,-29
34,1693,5,-7.35274542429284
34,1694,48,-7.35274542429284
34,1695,-93,-2.65217391304348
34,1696,-65,-51.5870967741935
34,1697,25,-51.5870967741935
34,1698,16,-14.4835164835165
34,1699,2,-14.4835164835165
34,1700,119,-7.35274542429284
34,1701,33,163.842105263158
34,1702,-82,-29
34,1703,-319,-51.5870967741935
34,1704,-95,-51.5870967741935
34,1705,-58,1.0625
34,1706,-12,-51.5870967741935
34,1707,-11,-7.35274542429284
34,1708,0,-7.35274542429284
34,1709,22,-7.35274542429284
34,1710,104,-6.97297297297297
34,1711,210,277.272727272727
34,1712,207,209.94
34,1713,-257,-232.186440677966
34,1714,-107,-153.047619047619
34,1715,58,1.0625
34,1716,32,-2.65217391304348
34,1717,34,-14.4835164835165
34,1718,-69,-14.4835164835165
34,1719,13,-9.8695652173913
34,1720,179,115.888888888889
34,1721,256,277.272727272727
34,1722,-82,-153.047619047619
34,1723,-104,-160.75
34,1724,-182,-144.274193548387
34,1725,2,-51.5870967741935
34,1726,-98,-7.35274542429284
34,1727,-94,-51.5870967741935
34,1728,-29,-9.8695652173913
34,1729,-73,-7.35274542429284
34,1730,-12,-9.8695652173913
34,1731,-10,-6.97297297297297
34,1732,-1,-7.35274542429284
34,1733,29,-7.35274542429284
34,1734,96,65.1076923076923
34,1735,222,180.402826855124
34,1736,232,209.94
34,1737,-281,-232.186440677966
34,1738,-94,-153.047619047619
34,1739,23,1.0625
34,1740,98,43.2739726027397
34,1741,-38,-2.65217391304348
34,1742,-18,-51.5870967741935
34,1743,10,-7.35274542429284
34,1744,84,115.888888888889
34,1745,207,277.272727272727
34,1746,-16,-2.65217391304348
34,1747,-142,-160.75
34,1748,-82,-51.5870967741935
34,1749,-36,-51.5870967741935
34,1750,-12,-7.35274542429284
34,1751,-124,-7.35274542429284
34,1752,-14,-51.5870967741935
34,1753,-79,-7.35274542429284
34,1754,-13,-9.8695652173913
34,1755,-27,-7.35274542429284
34,1756,-15,-7.35274542429284
34,1757,-2,-7.35274542429284
34,1758,17,-7.35274542429284
34,1759,40,65.1076923076923
34,1760,81,118.454545454545
34,1761,104,180.402826855124
34,1762,69,-23.7857142857143
34,1763,42,80.3272727272727
34,1764,-25,43.2739726027397
34,1765,18,-7.35274542429284
34,1766,-52,-14.4835164835165
34,1767,-2,-51.5870967741935
34,1768,-12,-7.35274542429284
34,1769,-15,-7.35274542429284
34,1770,-2,-7.35274542429284
34,1771,10,-7.35274542429284
34,1772,-11,43.2739726027397
34,1773,-75,-7.35274542429284
34,1774,19,-51.5870967741935
34,1775,-72,65.1076923076923
34,1776,-1,-51.5870967741935
34,1777,-23,-7.35274542429284
34,1778,-54,-7.35274542429284
34,1779,-35,-9.8695652173913
34,1780,-22,-7.35274542429284
34,1781,-7,-7.35274542429284
34,1782,15,-7.35274542429284
34,1783,31,43.2739726027397
34,1784,78,118.454545454545
34,1785,112,209.94
34,1786,77,80.3272727272727
34,1787,70,-23.7857142857143
34,1788,-13,-23.7857142857143
34,1789,-39,-7.35274542429284
34,1790,-25,-51.5870967741935
34,1791,-14,-7.35274542429284
34,1792,-7,-7.35274542429284
34,1793,-21,-7.35274542429284
34,1794,-17,-7.35274542429284
34,1795,-3,-7.35274542429284
34,1796,35,-7.35274542429284
34,1797,-78,65.1076923076923
34,1798,-85,-51.5870967741935
34,1799,1,-51.5870967741935
34,1800,-84,-7.35274542429284
34,1801,-21,-51.5870967741935
34,1802,-13,-7.35274542429284
34,1803,0,-7.35274542429284
34,1804,-3,-7.35274542429284
34,1805,26,-7.35274542429284
34,1806,64,43.2739726027397
34,1807,138,153.125
34,1808,225,180.402826855124
34,1809,-92,-232.186440677966
34,1810,-188,-153.047619047619
34,1811,41,-51.5870967741935
34,1812,50,43.2739726027397
34,1813,-11,-2.65217391304348
34,1814,-13,-7.35274542429284
34,1815,38,-7.35274542429284
34,1816,133,-14.4835164835165
34,1817,436,209.94
34,1818,23,-108.458333333333
34,1819,-241,-160.75
34,1820,-184,-144.274193548387
34,1821,-116,1.0625
34,1822,-107,-51.5870967741935
34,1823,-93,-51.5870967741935
34,1824,-62,-51.5870967741935
34,1825,-54,-9.8695652173913
34,1826,1,-9.8695652173913
34,1827,-13,-6.97297297297297
34,1828,1,-7.35274542429284
34,1829,38,-7.35274542429284
34,1830,145,65.1076923076923
34,1831,333,209.94
34,1832,129,-108.458333333333
34,1833,-318,-232.186440677966
34,1834,-141,-109.24
34,1835,59,1.0625
34,1836,23,-2.65217391304348
34,1837,8,-14.4835164835165
34,1838,-38,-7.35274542429284
34,1839,23,-9.8695652173913
34,1840,170,115.888888888889
34,1841,437,277.272727272727
34,1842,-53,-29
34,1843,-405,-160.75
34,1844,-330,-144.274193548387
34,1845,6,1.0625
34,1846,49,-7.35274542429284
34,1847,-36,-2.65217391304348
34,1848,-59,-7.35274542429284
34,1849,-30,-9.8695652173913
34,1850,-9,115.888888888889
34,1851,0,115.888888888889
34,1852,2,-7.35274542429284
34,1853,34,-7.35274542429284
34,1854,144,-14.4835164835165
34,1855,312,209.94
34,1856,177,-108.458333333333
34,1857,-346,-232.186440677966
34,1858,-133,-153.047619047619
34,1859,34,1.0625
34,1860,63,43.2739726027397
34,1861,-19,-2.65217391304348
34,1862,-32,-7.35274542429284
34,1863,35,-7.35274542429284
34,1864,135,115.888888888889
34,1865,419,277.272727272727
34,1866,-16,-108.458333333333
34,1867,-181,-160.75
34,1868,-150,-144.274193548387
34,1869,-92,-51.5870967741935
34,1870,-147,-51.5870967741935
34,1871,-92,-51.5870967741935
34,1872,-96,-51.5870967741935
34,1873,-35,-9.8695652173913
34,1874,-12,-6.97297297297297
34,1875,1,-6.97297297297297
34,1876,-5,-7.35274542429284
34,1877,39,-6.97297297297297
34,1878,134,65.1076923076923
34,1879,334,209.94
34,1880,190,-108.458333333333
34,1881,-375,-232.186440677966
34,1882,-113,-153.047619047619
34,1883,1,1.0625
34,1884,77,-7.35274542429284
34,1885,-15,-2.65217391304348
34,1886,-68,-7.35274542429284
34,1887,62,-9.8695652173913
34,1888,168,80.3272727272727
34,1889,356,277.272727272727
34,1890,30,-303.827586206897
34,1891,-196,-232.186440677966
34,1892,-115,-144.274193548387
34,1893,-141,-51.5870967741935
34,1894,-55,-51.5870967741935
34,1895,-107,-51.5870967741935
34,1896,-116,-51.5870967741935
34,1897,-36,-9.8695652173913
34,1898,-42,-6.97297297297297
34,1899,-8,-9.8695652173913
34,1900,2,-6.97297297297297
34,1901,23,-7.35274542429284
34,1902,93,65.1076923076923
34,1903,253,209.94
34,1904,333,180.402826855124
34,1905,-299,-303.827586206897
34,1906,-146,-153.047619047619
34,1907,20,24.3636363636364
34,1908,91,43.2739726027397
34,1909,-5,-2.65217391304348
34,1910,-5,-7.35274542429284
34,1911,-16,-7.35274542429284
34,1912,139,115.888888888889
34,1913,343,277.272727272727
34,1914,-204,-108.458333333333
34,1915,-143,-160.75
34,1916,-99,24.3636363636364
34,1917,-90,-51.5870967741935
34,1918,-36,-51.5870967741935
34,1919,-51,-7.35274542429284
34,1920,-21,-9.8695652173913
34,1921,-73,-6.97297297297297
34,1922,-17,-9.8695652173913
34,1923,-61,-7.35274542429284
34,1924,-31,-51.5870967741935
34,1925,-4,-7.35274542429284
34,1926,30,-7.35274542429284
34,1927,13,65.1076923076923
34,1928,103,118.454545454545
34,1929,131,180.402826855124
34,1930,119,-23.7857142857143
34,1931,38,-29
34,1932,60,-29
34,1933,92,-11.7714285714286
34,1934,41,-84.7096774193548
34,1935,-72,-14.4835164835165
34,1936,6,-51.5870967741935
34,1937,-108,-7.35274542429284
34,1938,-107,-152.090909090909
34,1939,80,-152.090909090909
34,1940,-75,-2.65217391304348
34,1941,-87,-9.8695652173913
34,1942,-44,-51.5870967741935
34,1943,-14,-9.8695652173913
34,1944,-24,-7.35274542429284
34,1945,-19,-7.35274542429284
34,1946,-53,-7.35274542429284
34,1947,-58,-9.8695652173913
34,1948,-38,-51.5870967741935
34,1949,-10,-51.5870967741935
34,1950,6,-7.35274542429284
34,1951,32,-7.35274542429284
34,1952,86,65.1076923076923
34,1953,88,209.94
34,1954,161,209.94
34,1955,69,-23.7857142857143
34,1956,38,-29
34,1957,-9,43.2739726027397
34,1958,-4,-7.35274542429284
34,1959,13,-7.35274542429284
34,1960,6,-14.4835164835165
34,1961,-59,-7.35274542429284
34,1962,-124,-51.5870967741935
34,1963,0,-152.090909090909
34,1964,-18,-7.35274542429284
34,1965,-71,-7.35274542429284
34,1966,-93,-51.5870967741935
34,1967,-39,-51.5870967741935
34,1968,-48,-9.8695652173913
34,1969,-32,-51.5870967741935
34,1970,4,-7.35274542429284
34,1971,-9,-7.35274542429284
34,1972,6,-7.35274542429284
34,1973,38,-7.35274542429284
34,1974,90,65.1076923076923
34,1975,343,209.94
34,1976,184,180.402826855124
34,1977,-319,-153.047619047619
34,1978,-162,-153.047619047619
34,1979,-4,1.0625
34,1980,55,-7.35274542429284
34,1981,2,-2.65217391304348
34,1982,-27,-7.35274542429284
34,1983,25,-7.35274542429284
34,1984,149,115.888888888889
34,1985,369,277.272727272727
34,1986,39,-108.458333333333
34,1987,-199,-232.186440677966
34,1988,-141,-144.274193548387
34,1989,-126,-51.5870967741935
34,1990,-44,-51.5870967741935
34,1991,-118,-51.5870967741935
34,1992,-113,-51.5870967741935
34,1993,-28,-9.8695652173913
34,1994,-18,-6.97297297297297
34,1995,-4,-6.97297297297297
34,1996,4,-6.97297297297297
34,1997,31,-7.35274542429284
34,1998,175,65.1076923076923
34,1999,313,209.94
34,2000,135,-108.458333333333
34,2001,-341,-232.186440677966
34,2002,-161,-109.24
34,2003,47,1.0625
34,2004,48,43.2739726027397
34,2005,-33,-2.65217391304348
34,2006,-7,-7.35274542429284
34,2007,30,-7.35274542429284
34,2008,137,115.888888888889
34,2009,389,277.272727272727
34,2010,2,-108.458333333333
34,2011,-225,-160.75
34,2012,-120,-144.274193548387
34,2013,-94,1.0625
34,2014,-89,-51.5870967741935
34,2015,-83,-51.5870967741935
34,2016,-108,-51.5870967741935
34,2017,-37,-9.8695652173913
34,2018,-8,-6.97297297297297
34,2019,-4,-7.35274542429284
34,2020,2,-7.35274542429284
34,2021,40,-7.35274542429284
34,2022,116,65.1076923076923
34,2023,333,209.94
34,2024,184,-108.458333333333
34,2025,-382,-232.186440677966
34,2026,-159,-153.047619047619
34,2027,45,1.0625
34,2028,19,43.2739726027397
34,2029,1,-14.4835164835165
34,2030,-33,-7.35274542429284
34,2031,24,-7.35274542429284
34,2032,30,115.888888888889
34,2033,146,115.888888888889
34,2034,273,-2.65217391304348
34,2035,-127,-108.458333333333
34,2036,-150,-153.047619047619
34,2037,-47,-144.274193548387
34,2038,-31,-51.5870967741935
34,2039,-157,-7.35274542429284
34,2040,-65,-51.5870967741935
34,2041,-41,-9.8695652173913
34,2042,-18,-9.8695652173913
34,2043,-2,-6.97297297297297
34,2044,3,-7.35274542429284
34,2045,32,-7.35274542429284
34,2046,112,-6.97297297297297
34,2047,321,209.94
34,2048,184,209.94
34,2049,-339,-232.186440677966
34,2050,-120,-153.047619047619
34,2051,18,1.0625
34,2052,58,43.2739726027397
34,2053,-20,-2.65217391304348
34,2054,-57,-7.35274542429284
34,2055,95,-9.8695652173913
34,2056,66,80.3272727272727
34,2057,413,277.272727272727
34,2058,6,-11.7714285714286
34,2059,-244,-160.75
34,2060,-28,-144.274193548387
34,2061,-173,-7.35274542429284
34,2062,-264,-51.5870967741935
34,2063,-3,-51.5870967741935
34,2064,-31,-7.35274542429284
34,2065,-23,-7.35274542429284
34,2066,8,-6.97297297297297
34,2067,17,-7.35274542429284
34,2068,-27,115.888888888889
34,2069,33,-6.97297297297297
34,2070,84,43.2739726027397
34,2071,234,-23.7857142857143
34,2072,331,180.402826855124
34,2073,-318,-303.827586206897
34,2074,-140,-153.047619047619
34,2075,-21,24.3636363636364
34,2076,62,-7.35274542429284
34,2077,-118,-2.65217391304348
34,2078,73,-51.5870967741935
34,2079,-13,-11.7714285714286
34,2080,220,115.888888888889
34,2081,279,277.272727272727
34,2082,-93,-108.458333333333
34,2083,-220,-153.047619047619
34,2084,-151,-144.274193548387
34,2085,-129,1.0625
34,2086,13,-51.5870967741935
34,2087,31,43.2739726027397
34,2088,-63,-14.4835164835165
34,2089,-31,-9.8695652173913
34,2090,-12,-6.97297297297297
34,2091,-35,115.888888888889
34,2092,-9,115.888888888889
34,2093,1,-7.35274542429284
34,2094,-2,-7.35274542429284
34,2095,22,-7.35274542429284
34,2096,75,65.1076923076923
34,2097,95,180.402826855124
34,2098,61,180.402826855124
34,2099,37,80.3272727272727
34,2100,152,43.2739726027397
34,2101,-103,-11.7714285714286
34,2102,-11,-109.24
34,2103,37,-7.35274542429284
34,2104,-54,-14.4835164835165
34,2105,-85,-51.5870967741935
34,2106,-64,-51.5870967741935
34,2107,61,-9.8695652173913
34,2108,-24,153.125
34,2109,-51,-7.35274542429284
34,2110,17,-51.5870967741935
34,2111,-31,-14.4835164835165
34,2112,-36,-7.35274542429284
34,2113,17,-7.35274542429284
34,2114,-8,43.2739726027397
34,2115,-79,-7.35274542429284
34,2116,-27,-51.5870967741935
34,2117,-10,-7.35274542429284
34,2118,13,-7.35274542429284
34,2119,19,65.1076923076923
34,2120,115,43.2739726027397
34,2121,105,180.402826855124
34,2122,121,80.3272727272727
34,2123,126,80.3272727272727
34,2124,-1,-29
34,2125,122,-29
34,2126,-10,-11.7714285714286
34,2127,8,-29
34,2128,4,-7.35274542429284
34,2129,-72,-7.35274542429284
34,2130,-41,-51.5870967741935
34,2131,7,-152.090909090909
34,2132,-144,-7.35274542429284
34,2133,-33,-51.5870967741935
34,2134,-154,-7.35274542429284
34,2135,-68,-9.8695652173913
34,2136,-76,-51.5870967741935
34,2137,-20,-51.5870967741935
34,2138,-10,-7.35274542429284
34,2139,-15,-6.97297297297297
34,2140,6,-7.35274542429284
34,2141,43,-6.97297297297297
34,2142,106,65.1076923076923
34,2143,264,209.94
34,2144,317,180.402826855124
34,2145,-393,-153.047619047619
34,2146,-145,-153.047619047619
34,2147,-2,24.3636363636364
34,2148,116,-7.35274542429284
34,2149,-74,-2.65217391304348
34,2150,31,-160.75
34,2151,10,-14.4835164835165
34,2152,176,115.888888888889
34,2153,390,277.272727272727
34,2154,-106,-108.458333333333
34,2155,-159,-153.047619047619
34,2156,-179,-144.274193548387
34,2157,-107,-152.090909090909
34,2158,-87,-51.5870967741935
34,2159,-95,-51.5870967741935
34,2160,-50,-9.8695652173913
34,2161,-47,-9.8695652173913
34,2162,-1,-9.8695652173913
34,2163,-10,-6.97297297297297
34,2164,0,-7.35274542429284
34,2165,44,-7.35274542429284
34,2166,140,65.1076923076923
34,2167,326,209.94
34,2168,227,-108.458333333333
34,2169,-404,-232.186440677966
34,2170,-121,-153.047619047619
34,2171,-17,1.0625
34,2172,28,-7.35274542429284
34,2173,44,-14.4835164835165
34,2174,-29,-14.4835164835165
34,2175,41,-7.35274542429284
34,2176,170,115.888888888889
34,2177,414,277.272727272727
34,2178,8,-29
34,2179,-245,-160.75
34,2180,-109,-144.274193548387
34,2181,-145,1.0625
34,2182,-109,-51.5870967741935
34,2183,-77,-51.5870967741935
34,2184,-126,-51.5870967741935
34,2185,-38,-9.8695652173913
34,2186,-16,-9.8695652173913
34,2187,0,-7.35274542429284
34,2188,-8,-6.97297297297297
34,2189,55,-7.35274542429284
34,2190,131,153.125
34,2191,317,209.94
34,2192,281,-303.827586206897
34,2193,-446,-303.827586206897
34,2194,-111,-153.047619047619
34,2195,50,24.3636363636364
34,2196,29,-2.65217391304348
34,2197,2,-14.4835164835165
34,2198,-65,-7.35274542429284
34,2199,70,-9.8695652173913
34,2200,167,80.3272727272727
34,2201,429,277.272727272727
34,2202,-22,-303.827586206897
34,2203,-193,-160.75
34,2204,-131,-144.274193548387
34,2205,-170,-51.5870967741935
34,2206,-119,-51.5870967741935
34,2207,-39,-51.5870967741935
34,2208,-147,-51.5870967741935
34,2209,-63,-9.8695652173913
34,2210,-8,-9.8695652173913
34,2211,-13,-6.97297297297297
34,2212,-4,-6.97297297297297
34,2213,38,-7.35274542429284
34,2214,139,65.1076923076923
34,2215,314,209.94
34,2216,234,-108.458333333333
34,2217,-385,-232.186440677966
34,2218,-122,-153.047619047619
34,2219,-10,1.0625
34,2220,67,-7.35274542429284
34,2221,-37,-2.65217391304348
34,2222,-29,-7.35274542429284
34,2223,25,-7.35274542429284
34,2224,136,115.888888888889
34,2225,364,277.272727272727
34,2226,-50,-108.458333333333
34,2227,-74,-160.75
34,2228,-168,-144.274193548387
34,2229,-175,-51.5870967741935
34,2230,-37,-51.5870967741935
34,2231,-89,-7.35274542429284
34,2232,-48,-51.5870967741935
34,2233,-43,-9.8695652173913
34,2234,-28,-9.8695652173913
34,2235,-14,-6.97297297297297
34,2236,-4,-6.97297297297297
34,2237,29,-7.35274542429284
34,2238,102,65.1076923076923
34,2239,271,209.94
34,2240,266,209.94
34,2241,-313,-232.186440677966
34,2242,-132,-153.047619047619
34,2243,20,24.3636363636364
34,2244,48,43.2739726027397
34,2245,15,-2.65217391304348
34,2246,12,-14.4835164835165
34,2247,-3,-14.4835164835165
34,2248,176,115.888888888889
34,2249,200,277.272727272727
34,2250,-77,-153.047619047619
34,2251,-106,-153.047619047619
34,2252,-162,-51.5870967741935
34,2253,-94,-51.5870967741935
34,2254,-61,-51.5870967741935
34,2255,-10,-51.5870967741935
34,2256,2,-7.35274542429284
34,2257,-111,-7.35274542429284
34,2258,10,-9.8695652173913
34,2259,-47,-6.97297297297297
34,2260,-32,-51.5870967741935
34,2261,3,-7.35274542429284
34,2262,36,-7.35274542429284
34,2263,26,43.2739726027397
34,2264,87,118.454545454545
34,2265,174,-84.7096774193548
34,2266,58,-23.7857142857143
34,2267,62,-29
34,2268,30,-11.7714285714286
34,2269,11,43.2739726027397
34,2270,-4,-14.4835164835165
34,2271,3,-7.35274542429284
34,2272,-10,-7.35274542429284
34,2273,-8,-7.35274542429284
34,2274,2,-7.35274542429284
34,2275,-143,-7.35274542429284
34,2276,-105,-51.5870967741935
34,2277,67,-51.5870967741935
34,2278,-24,163.842105263158
34,2279,-68,-7.35274542429284
34,2280,-20,-51.5870967741935
34,2281,-30,-7.35274542429284
34,2282,-46,115.888888888889
34,2283,-57,-51.5870967741935
34,2284,-42,-51.5870967741935
34,2285,4,-9.8695652173913
34,2286,1,-7.35274542429284
34,2287,22,-7.35274542429284
34,2288,87,65.1076923076923
34,2289,99,209.94
34,2290,155,209.94
34,2291,128,-23.7857142857143
34,2292,2,-29
34,2293,-28,-29
34,2294,39,-7.35274542429284
34,2295,-21,-14.4835164835165
34,2296,20,-7.35274542429284
34,2297,10,-14.4835164835165
34,2298,-112,-14.4835164835165
34,2299,24,-152.090909090909
34,2300,-140,65.1076923076923
34,2301,-32,-51.5870967741935
34,2302,-123,-7.35274542429284
34,2303,-48,-51.5870967741935
34,2304,-42,-9.8695652173913
34,2305,-39,-51.5870967741935
34,2306,-11,-9.8695652173913
34,2307,-5,-6.97297297297297
34,2308,2,-7.35274542429284
34,2309,42,-7.35274542429284
34,2310,114,65.1076923076923
34,2311,308,209.94
34,2312,282,209.94
34,2313,-458,-303.827586206897
34,2314,-104,-153.047619047619
34,2315,26,24.3636363636364
34,2316,63,43.2739726027397
34,2317,-52,-2.65217391304348
34,2318,28,-51.5870967741935
34,2319,-18,-14.4835164835165
34,2320,189,115.888888888889
34,2321,402,277.272727272727
34,2322,-15,-108.458333333333
34,2323,-147,-153.047619047619
34,2324,-203,-144.274193548387
34,2325,-140,-51.5870967741935
34,2326,-92,1.0625
34,2327,-80,-51.5870967741935
34,2328,-112,-51.5870967741935
34,2329,-17,-9.8695652173913
34,2330,-13,-6.97297297297297
34,2331,-2,-6.97297297297297
34,2332,0,-6.97297297297297
34,2333,39,-7.35274542429284
34,2334,149,65.1076923076923
34,2335,319,209.94
34,2336,247,-108.458333333333
34,2337,-427,-232.186440677966
34,2338,-106,-153.047619047619
34,2339,-3,24.3636363636364
34,2340,24,-7.35274542429284
34,2341,40,-14.4835164835165
34,2342,-28,-14.4835164835165
34,2343,-116,-7.35274542429284
34,2344,258,-9.8695652173913
34,2345,418,277.272727272727
34,2346,37,-153.047619047619
34,2347,-243,-232.186440677966
34,2348,-162,-144.274193548387
34,2349,-100,1.0625
34,2350,-95,-51.5870967741935
34,2351,-110,-51.5870967741935
34,2352,-100,-51.5870967741935
34,2353,-14,-9.8695652173913
34,2354,-20,-6.97297297297297
34,2355,-6,-6.97297297297297
34,2356,-3,-7.35274542429284
34,2357,45,-7.35274542429284
34,2358,136,65.1076923076923
34,2359,302,209.94
34,2360,194,-108.458333333333
34,2361,-331,-232.186440677966
34,2362,-114,-153.047619047619
34,2363,-2,1.0625
34,2364,50,-7.35274542429284
34,2365,-4,-2.65217391304348
34,2366,-17,-7.35274542429284
34,2367,32,-7.35274542429284
34,2368,184,115.888888888889
34,2369,358,277.272727272727
34,2370,54,-108.458333333333
34,2371,-239,-232.186440677966
34,2372,-139,-144.274193548387
34,2373,-193,1.0625
34,2374,-32,-51.5870967741935
34,2375,-136,-7.35274542429284
34,2376,-89,-51.5870967741935
34,2377,-21,-9.8695652173913
34,2378,-31,-6.97297297297297
34,2379,-5,-6.97297297297297
34,2380,3,-6.97297297297297
34,2381,32,-7.35274542429284
34,2382,142,115.888888888889
34,2383,290,209.94
34,2384,266,-108.458333333333
34,2385,-396,-232.186440677966
34,2386,-162,-153.047619047619
34,2387,45,24.3636363636364
34,2388,60,43.2739726027397
34,2389,24,-2.65217391304348
34,2390,-85,-14.4835164835165
34,2391,45,-9.8695652173913
34,2392,136,115.888888888889
34,2393,459,277.272727272727
34,2394,-98,-29
34,2395,-160,-160.75
34,2396,-180,-144.274193548387
34,2397,-85,-51.5870967741935
34,2398,-80,-51.5870967741935
34,2399,-85,-51.5870967741935
34,2400,-106,-9.8695652173913
34,2401,-28,-9.8695652173913
34,2402,-29,-6.97297297297297
34,2403,-8,-6.97297297297297
34,2404,6,-7.35274542429284
34,2405,25,-7.35274542429284
34,2406,126,65.1076923076923
34,2407,258,209.94
34,2408,247,-108.458333333333
34,2409,-272,-153.047619047619
34,2410,-147,-153.047619047619
34,2411,14,24.3636363636364
34,2412,75,-14.4835164835165
34,2413,7,-2.65217391304348
34,2414,-14,-7.35274542429284
34,2415,49,-7.35274542429284
34,2416,112,80.3272727272727
34,2417,249,277.272727272727
34,2418,-70,-84.7096774193548
34,2419,-202,-160.75
34,2420,-80,-144.274193548387
34,2421,-111,1.0625
34,2422,-76,-51.5870967741935
34,2423,-6,-51.5870967741935
34,2424,-35,-7.35274542429284
34,2425,-39,-7.35274542429284
34,2426,-38,-9.8695652173913
34,2427,-54,-9.8695652173913
34,2428,-17,-9.8695652173913
34,2429,4,-7.35274542429284
34,2430,32,-7.35274542429284
34,2431,18,65.1076923076923
34,2432,114,118.454545454545
34,2433,97,180.402826855124
34,2434,118,-23.7857142857143
34,2435,74,-23.7857142857143
34,2436,77,-29
34,2437,-20,-11.7714285714286
34,2438,-55,-7.35274542429284
34,2439,17,-51.5870967741935
34,2440,-39,-14.4835164835165
34,2441,42,-152.090909090909
34,2442,-2,-14.4835164835165
34,2443,-93,-7.35274542429284
34,2444,-85,-51.5870967741935
34,2445,-23,-51.5870967741935
34,2446,-20,-7.35274542429284
34,2447,-47,-7.35274542429284
34,2448,-69,-51.5870967741935
34,2449,-66,-9.8695652173913
34,2450,-14,-9.8695652173913
34,2451,-32,-7.35274542429284
34,2452,-27,-7.35274542429284
34,2453,5,-7.35274542429284
34,2454,0,-7.35274542429284
34,2455,49,-7.35274542429284
34,2456,40,153.125
34,2457,121,118.454545454545
34,2458,135,180.402826855124
34,2459,73,-108.458333333333
34,2460,54,-29
34,2461,32,-11.7714285714286
34,2462,3,43.2739726027397
34,2463,-76,-7.35274542429284
34,2464,-29,-51.5870967741935
34,2465,-39,-7.35274542429284
34,2466,-153,-152.090909090909
34,2467,-44,-152.090909090909
34,2468,8,-51.5870967741935
34,2469,15,-7.35274542429284
34,2470,-51,65.1076923076923
34,2471,-70,-51.5870967741935
34,2472,-54,-9.8695652173913
34,2473,-22,-51.5870967741935
34,2474,-6,-7.35274542429284
34,2475,0,-7.35274542429284
34,2476,6,-7.35274542429284
34,2477,14,-7.35274542429284
34,2478,116,65.1076923076923
34,2479,266,209.94
34,2480,198,-108.458333333333
34,2481,-329,-153.047619047619
34,2482,-63,-153.047619047619
34,2483,47,1.0625
34,2484,25,-14.4835164835165
34,2485,4,-14.4835164835165
34,2486,-2,-7.35274542429284
34,2487,-13,-7.35274542429284
34,2488,177,115.888888888889
34,2489,407,277.272727272727
34,2490,-15,-108.458333333333
34,2491,-203,-160.75
34,2492,-183,-144.274193548387
34,2493,-140,1.0625
34,2494,-110,-51.5870967741935
34,2495,-94,-51.5870967741935
34,2496,-66,-51.5870967741935
34,2497,-29,-9.8695652173913
34,2498,-5,-6.97297297297297
34,2499,-7,-6.97297297297297
34,2500,3,-6.97297297297297
34,2501,27,-7.35274542429284
34,2502,143,65.1076923076923
34,2503,323,209.94
34,2504,203,-108.458333333333
34,2505,-378,-232.186440677966
34,2506,-77,-153.047619047619
34,2507,-36,1.0625
34,2508,69,-7.35274542429284
34,2509,-30,-2.65217391304348
34,2510,8,-7.35274542429284
34,2511,45,-7.35274542429284
34,2512,139,-6.97297297297297
34,2513,423,277.272727272727
34,2514,-54,-108.458333333333
34,2515,-204,-153.047619047619
34,2516,-162,-144.274193548387
34,2517,-131,1.0625
34,2518,-93,-51.5870967741935
34,2519,-86,-51.5870967741935
34,2520,-80,-51.5870967741935
34,2521,-35,-9.8695652173913
34,2522,-17,-6.97297297297297
34,2523,1,-6.97297297297297
34,2524,0,-6.97297297297297
34,2525,36,-7.35274542429284
34,2526,130,65.1076923076923
34,2527,309,209.94
34,2528,255,-108.458333333333
34,2529,-396,-232.186440677966
34,2530,-127,-153.047619047619
34,2531,25,24.3636363636364
34,2532,41,43.2739726027397
34,2533,33,-14.4835164835165
34,2534,-77,-14.4835164835165
34,2535,42,-9.8695652173913
34,2536,163,115.888888888889
34,2537,417,277.272727272727
34,2538,4,-29
34,2539,-176,-160.75
34,2540,-186,-144.274193548387
34,2541,-119,-51.5870967741935
34,2542,-148,-51.5870967741935
34,2543,-97,-51.5870967741935
34,2544,-69,-51.5870967741935
34,2545,-39,-9.8695652173913
34,2546,-14,-9.8695652173913
34,2547,-8,-6.97297297297297
34,2548,4,-7.35274542429284
34,2549,31,-6.97297297297297
34,2550,126,65.1076923076923
34,2551,308,209.94
34,2552,223,-108.458333333333
34,2553,-345,-232.186440677966
34,2554,-148,-153.047619047619
34,2555,55,1.0625
34,2556,17,-2.65217391304348
34,2557,4,-14.4835164835165
34,2558,-34,-7.35274542429284
34,2559,20,-7.35274542429284
34,2560,150,115.888888888889
34,2561,393,277.272727272727
34,2562,1,-108.458333333333
34,2563,-188,-160.75
34,2564,-145,-144.274193548387
34,2565,-142,-51.5870967741935
34,2566,-77,-51.5870967741935
34,2567,-103,-51.5870967741935
34,2568,-71,-51.5870967741935
34,2569,-44,-9.8695652173913
34,2570,-21,-9.8695652173913
34,2571,-11,-6.97297297297297
34,2572,-2,-6.97297297297297
34,2573,26,-7.35274542429284
34,2574,11,65.1076923076923
34,2575,89,118.454545454545
34,2576,-14,209.94
34,2577,101,-7.35274542429284
34,2578,-27,-23.7857142857143
34,2579,58,-7.35274542429284
34,2580,64,-11.7714285714286
34,2581,-25,-2.65217391304348
34,2582,17,-7.35274542429284
34,2583,17,-14.4835164835165
34,2584,143,43.2739726027397
34,2585,263,180.402826855124
34,2586,-90,-108.458333333333
34,2587,-148,-153.047619047619
34,2588,-122,-144.274193548387
34,2589,-84,-51.5870967741935
34,2590,-68,-51.5870967741935
34,2591,-26,-51.5870967741935
34,2592,-12,-7.35274542429284
34,2593,-64,-7.35274542429284
34,2594,-31,-9.8695652173913
34,2595,-64,-7.35274542429284
34,2596,-11,-9.8695652173913
34,2597,1,-7.35274542429284
34,2598,12,-7.35274542429284
34,2599,39,65.1076923076923
34,2600,100,65.1076923076923
34,2601,109,180.402826855124
34,2602,136,-23.7857142857143
34,2603,92,80.3272727272727
34,2604,47,-29
34,2605,23,43.2739726027397
34,2606,-31,-14.4835164835165
34,2607,24,-7.35274542429284
34,2608,-31,-14.4835164835165
34,2609,-19,-7.35274542429284
34,2610,-212,-7.35274542429284
34,2611,-25,-152.090909090909
34,2612,-115,-7.35274542429284
34,2613,-32,-51.5870967741935
34,2614,40,-7.35274542429284
34,2615,-5,-14.4835164835165
34,2616,-43,-7.35274542429284
34,2617,-7,-51.5870967741935
34,2618,-27,-7.35274542429284
34,2619,-38,-7.35274542429284
34,2620,-38,-51.5870967741935
34,2621,0,-51.5870967741935
34,2622,6,-7.35274542429284
34,2623,23,-7.35274542429284
34,2624,80,43.2739726027397
34,2625,98,180.402826855124
34,2626,111,180.402826855124
34,2627,121,80.3272727272727
34,2628,56,-11.7714285714286
34,2629,38,-29
34,2630,36,-14.4835164835165
34,2631,-2,-14.4835164835165
34,2632,-64,-7.35274542429284
34,2633,-8,-51.5870967741935
34,2634,-14,-7.35274542429284
34,2635,-26,-7.35274542429284
34,2636,-165,-7.35274542429284
34,2637,-80,-51.5870967741935
34,2638,-39,-51.5870967741935
34,2639,-71,-51.5870967741935
34,2640,-63,-51.5870967741935
34,2641,-33,-51.5870967741935
34,2642,-5,-7.35274542429284
34,2643,-3,-6.97297297297297
34,2644,5,-7.35274542429284
34,2645,25,-7.35274542429284
34,2646,123,65.1076923076923
34,2647,277,209.94
34,2648,237,-108.458333333333
34,2649,-368,-232.186440677966
34,2650,-106,-153.047619047619
34,2651,46,24.3636363636364
34,2652,31,-14.4835164835165
34,2653,-22,-14.4835164835165
34,2654,-6,-7.35274542429284
34,2655,26,-7.35274542429284
34,2656,190,115.888888888889
34,2657,354,277.272727272727
34,2658,-6,-108.458333333333
34,2659,-257,-160.75
34,2660,-123,-144.274193548387
34,2661,-142,1.0625
34,2662,-98,-51.5870967741935
34,2663,-64,-51.5870967741935
34,2664,-68,-51.5870967741935
34,2665,-33,-9.8695652173913
34,2666,-16,-6.97297297297297
34,2667,-8,-7.35274542429284
34,2668,2,-6.97297297297297
34,2669,31,-7.35274542429284
34,2670,28,65.1076923076923
34,2671,115,118.454545454545
34,2672,439,180.402826855124
34,2673,-216,-23.7857142857143
34,2674,-194,-153.047619047619
34,2675,-12,24.3636363636364
34,2676,104,-7.35274542429284
34,2677,-14,-2.65217391304348
34,2678,-31,-7.35274542429284
34,2679,28,-7.35274542429284
34,2680,175,115.888888888889
34,2681,354,202.205882352941
34,2682,42,-108.458333333333
34,2683,-227,-232.186440677966
34,2684,-191,-144.274193548387
34,2685,-128,1.0625
34,2686,-119,-51.5870967741935
34,2687,-22,-51.5870967741935
34,2688,-107,-7.35274542429284
34,2689,-23,-9.8695652173913
34,2690,-29,-6.97297297297297
34,2691,3,-6.97297297297297
34,2692,-7,115.888888888889
34,2693,35,-7.35274542429284
34,2694,133,65.1076923076923
34,2695,320,209.94
34,2696,190,-108.458333333333
34,2697,-315,-232.186440677966
34,2698,-134,-153.047619047619
34,2699,2,1.0625
34,2700,72,-7.35274542429284
34,2701,-13,-2.65217391304348
34,2702,-39,-7.35274542429284
34,2703,11,-9.8695652173913
34,2704,165,115.888888888889
34,2705,420,277.272727272727
34,2706,-3,-108.458333333333
34,2707,-199,-160.75
34,2708,-222,-144.274193548387
34,2709,-112,-51.5870967741935
34,2710,-89,1.0625
34,2711,-88,-51.5870967741935
34,2712,-62,-51.5870967741935
34,2713,-55,-9.8695652173913
34,2714,-6,-9.8695652173913
34,2715,-11,-6.97297297297297
34,2716,1,-7.35274542429284
34,2717,32,-7.35274542429284
34,2718,128,65.1076923076923
34,2719,299,209.94
34,2720,218,-108.458333333333
34,2721,-345,-232.186440677966
34,2722,-138,-153.047619047619
34,2723,75,1.0625
34,2724,69,-2.65217391304348
34,2725,-43,-2.65217391304348
34,2726,-52,-51.5870967741935
34,2727,12,-9.8695652173913
34,2728,159,115.888888888889
34,2729,478,277.272727272727
34,2730,-65,-108.458333333333
34,2731,-155,-160.75
34,2732,-163,-144.274193548387
34,2733,-158,-51.5870967741935
34,2734,-102,-51.5870967741935
34,2735,-28,-51.5870967741935
34,2736,-138,-7.35274542429284
34,2737,-34,-9.8695652173913
34,2738,-35,-6.97297297297297
34,2739,-13,-6.97297297297297
34,2740,3,115.888888888889
34,2741,27,-7.35274542429284
34,2742,121,65.1076923076923
34,2743,222,209.94
34,2744,289,-108.458333333333
34,2745,-290,-303.827586206897
34,2746,-147,-153.047619047619
34,2747,72,24.3636363636364
34,2748,62,-2.65217391304348
34,2749,-8,-2.65217391304348
34,2750,-29,-7.35274542429284
34,2751,55,-7.35274542429284
34,2752,105,80.3272727272727
34,2753,303,277.272727272727
34,2754,-122,-84.7096774193548
34,2755,-178,-160.75
34,2756,-132,-144.274193548387
34,2757,-104,-51.5870967741935
34,2758,-42,-51.5870967741935
34,2759,-92,-51.5870967741935
34,2760,-16,-9.8695652173913
34,2761,-13,-7.35274542429284
34,2762,-49,-6.97297297297297
34,2763,-13,-9.8695652173913
34,2764,-17,-7.35274542429284
34,2765,-4,-7.35274542429284
34,2766,18,-7.35274542429284
34,2767,37,65.1076923076923
34,2768,125,118.454545454545
34,2769,103,209.94
34,2770,188,-108.458333333333
34,2771,56,-23.7857142857143
34,2772,118,-153.047619047619
34,2773,-10,-11.7714285714286
34,2774,-46,-29
34,2775,-2,-51.5870967741935
34,2776,45,-7.35274542429284
34,2777,-6,-14.4835164835165
34,2778,-81,-7.35274542429284
34,2779,-66,-152.090909090909
34,2780,-147,-51.5870967741935
34,2781,-3,-152.090909090909
34,2782,-77,-7.35274542429284
34,2783,-26,-51.5870967741935
34,2784,-48,-7.35274542429284
34,2785,-56,-9.8695652173913
34,2786,-12,-9.8695652173913
34,2787,-64,-6.97297297297297
34,2788,-29,-9.8695652173913
34,2789,-15,-7.35274542429284
34,2790,9,-7.35274542429284
34,2791,21,-7.35274542429284
34,2792,83,65.1076923076923
34,2793,146,180.402826855124
34,2794,155,-23.7857142857143
34,2795,-153,-29
34,2796,26,-109.24
34,2797,-136,43.2739726027397
34,2798,-13,-51.5870967741935
34,2799,127,-7.35274542429284
34,2800,80,-2.65217391304348
34,2801,-13,-29
34,2802,34,-6.97297297297297
34,2803,-36,43.2739726027397
34,2804,-67,115.888888888889
34,2805,-84,-51.5870967741935
34,2806,-134,-51.5870967741935
34,2807,-10,-51.5870967741935
34,2808,-20,-7.35274542429284
34,2809,-16,-7.35274542429284
34,2810,-5,-7.35274542429284
34,2811,-2,-7.35274542429284
34,2812,4,-7.35274542429284
34,2813,30,115.888888888889
34,2814,124,65.1076923076923
34,2815,281,180.402826855124
34,2816,213,-108.458333333333
34,2817,-298,-232.186440677966
34,2818,-164,-153.047619047619
34,2819,48,1.0625
34,2820,41,-2.65217391304348
34,2821,9,-14.4835164835165
34,2822,-16,-7.35274542429284
34,2823,34,-7.35274542429284
34,2824,151,115.888888888889
34,2825,433,277.272727272727
34,2826,-78,-29
34,2827,-516,-160.75
34,2828,-38,-144.274193548387
34,2829,-16,1.0625
34,2830,-84,-7.35274542429284
34,2831,-59,-51.5870967741935
34,2832,-43,-9.8695652173913
34,2833,-26,-9.8695652173913
34,2834,-25,115.888888888889
34,2835,-5,-7.35274542429284
34,2836,1,-7.35274542429284
34,2837,30,-7.35274542429284
34,2838,135,65.1076923076923
34,2839,350,209.94
34,2840,204,-108.458333333333
34,2841,-395,-232.186440677966
34,2842,-150,-153.047619047619
34,2843,78,1.0625
34,2844,49,-2.65217391304348
34,2845,26,-2.65217391304348
34,2846,-29,-14.4835164835165
34,2847,0,-7.35274542429284
34,2848,165,115.888888888889
34,2849,411,277.272727272727
34,2850,-253,-29
34,2851,-149,-160.75
34,2852,-118,24.3636363636364
34,2853,-78,-51.5870967741935
34,2854,-48,-51.5870967741935
34,2855,-96,-51.5870967741935
34,2856,-81,-9.8695652173913
34,2857,-34,-9.8695652173913
34,2858,-4,-6.97297297297297
34,2859,-10,-7.35274542429284
34,2860,1,-7.35274542429284
34,2861,32,-7.35274542429284
34,2862,147,65.1076923076923
34,2863,366,209.94
34,2864,187,-108.458333333333
34,2865,-364,-232.186440677966
34,2866,-151,-153.047619047619
34,2867,42,1.0625
34,2868,45,43.2739726027397
34,2869,4,-14.4835164835165
34,2870,-50,-7.35274542429284
34,2871,50,-9.8695652173913
34,2872,144,80.3272727272727
34,2873,323,277.272727272727
34,2874,-100,-303.827586206897
34,2875,-103,-160.75
34,2876,-189,-144.274193548387
34,2877,-40,-51.5870967741935
34,2878,-70,-51.5870967741935
34,2879,-141,-51.5870967741935
34,2880,-80,-9.8695652173913
34,2881,-35,-9.8695652173913
34,2882,-5,-7.35274542429284
34,2883,-11,-6.97297297297297
34,2884,-3,-7.35274542429284
34,2885,31,-7.35274542429284
34,2886,155,-6.97297297297297
34,2887,289,209.94
34,2888,226,-108.458333333333
34,2889,-295,-232.186440677966
34,2890,-179,-153.047619047619
34,2891,45,1.0625
34,2892,54,43.2739726027397
34,2893,14,-2.65217391304348
34,2894,-41,-14.4835164835165
34,2895,0,-9.8695652173913
34,2896,160,115.888888888889
34,2897,355,277.272727272727
34,2898,121,-29
34,2899,-308,-232.186440677966
34,2900,-159,-160.75
34,2901,-145,1.0625
34,2902,-131,-51.5870967741935
34,2903,-41,-51.5870967741935
34,2904,-46,-51.5870967741935
34,2905,-69,-9.8695652173913
34,2906,-26,-9.8695652173913
34,2907,-8,-6.97297297297297
34,2908,0,-6.97297297297297
34,2909,30,-6.97297297297297
34,2910,113,65.1076923076923
34,2911,274,209.94
34,2912,319,209.94
34,2913,-355,-303.827586206897
34,2914,-127,-153.047619047619
34,2915,19,24.3636363636364
34,2916,90,43.2739726027397
34,2917,-20,-2.65217391304348
34,2918,-13,-7.35274542429284
34,2919,12,-7.35274542429284
34,2920,165,115.888888888889
34,2921,297,277.272727272727
34,2922,-76,-108.458333333333
34,2923,-200,-160.75
34,2924,-173,-144.274193548387
34,2925,-57,-51.5870967741935
34,2926,-55,-51.5870967741935
34,2927,-73,-51.5870967741935
34,2928,-43,-9.8695652173913
34,2929,-20,-9.8695652173913
34,2930,-36,-6.97297297297297
34,2931,-41,-6.97297297297297
34,2932,-26,-51.5870967741935
34,2933,2,-7.35274542429284
34,2934,16,-7.35274542429284
34,2935,72,65.1076923076923
34,2936,60,180.402826855124
34,2937,126,153.125
34,2938,154,80.3272727272727
34,2939,15,-29
34,2940,127,-29
34,2941,-67,-11.7714285714286
34,2942,-35,-109.24
34,2943,-249,-7.35274542429284
34,2944,201,-51.5870967741935
34,2945,-31,-2.65217391304348
34,2946,-20,-160.75
34,2947,-29,-7.35274542429284
34,2948,-113,-7.35274542429284
34,2949,-33,-9.8695652173913
34,2950,-26,-6.97297297297297
34,2951,-24,-7.35274542429284
34,2952,-24,-7.35274542429284
34,2953,0,-7.35274542429284
34,2954,-18,-7.35274542429284
34,2955,-63,-7.35274542429284
34,2956,-37,-51.5870967741935
34,2957,0,-7.35274542429284
34,2958,5,-7.35274542429284
34,2959,13,-7.35274542429284
34,2960,99,43.2739726027397
34,2961,130,180.402826855124
34,2962,122,209.94
34,2963,97,-232.186440677966
34,2964,144,-29
34,2965,-85,-11.7714285714286
34,2966,-164,-109.24
34,2967,14,-51.5870967741935
34,2968,-218,-14.4835164835165
34,2969,60,-51.5870967741935
34,2970,31,-2.65217391304348
34,2971,28,-14.4835164835165
34,2972,-81,-14.4835164835165
34,2973,-45,-152.090909090909
34,2974,-52,-9.8695652173913
34,2975,-34,-51.5870967741935
34,2976,-48,-7.35274542429284
34,2977,-25,-51.5870967741935
34,2978,1,-7.35274542429284
34,2979,-4,-7.35274542429284
34,2980,8,-7.35274542429284
34,2981,24,-7.35274542429284
34,2982,109,65.1076923076923
34,2983,288,209.94
34,2984,266,80.3272727272727
34,2985,-357,-153.047619047619
34,2986,-136,-153.047619047619
34,2987,23,24.3636363636364
34,2988,54,-14.4835164835165
34,2989,5,-2.65217391304348
34,2990,-42,-7.35274542429284
34,2991,36,-9.8695652173913
34,2992,162,115.888888888889
34,2993,401,277.272727272727
34,2994,-11,-108.458333333333
34,2995,-261,-160.75
34,2996,-157,-144.274193548387
34,2997,-138,1.0625
34,2998,-117,-51.5870967741935
34,2999,-47,-51.5870967741935
34,3000,-76,-51.5870967741935
34,3001,-17,-9.8695652173913
34,3002,-6,-6.97297297297297
34,3003,-11,-6.97297297297297
34,3004,4,-6.97297297297297
34,3005,34,-7.35274542429284
34,3006,105,65.1076923076923
34,3007,122,209.94
34,3008,424,180.402826855124
34,3009,-298,-303.827586206897
34,3010,-191,-153.047619047619
34,3011,14,24.3636363636364
34,3012,79,43.2739726027397
34,3013,-9,-2.65217391304348
34,3014,-37,-7.35274542429284
34,3015,66,-7.35274542429284
34,3016,163,80.3272727272727
34,3017,384,277.272727272727
34,3018,-46,-303.827586206897
34,3019,-221,-160.75
34,3020,-162,-144.274193548387
34,3021,-121,1.0625
34,3022,-98,-51.5870967741935
34,3023,-107,-51.5870967741935
34,3024,-62,-51.5870967741935
34,3025,-33,-9.8695652173913
34,3026,-8,-6.97297297297297
34,3027,3,-6.97297297297297
34,3028,1,-7.35274542429284
34,3029,30,-7.35274542429284
34,3030,141,65.1076923076923
34,3031,373,209.94
34,3032,254,-108.458333333333
34,3033,-460,-232.186440677966
34,3034,-170,-153.047619047619
34,3035,75,24.3636363636364
34,3036,107,-2.65217391304348
34,3037,-60,-2.65217391304348
34,3038,1,-51.5870967741935
34,3039,37,-7.35274542429284
34,3040,155,115.888888888889
34,3041,377,277.272727272727
34,3042,-58,-108.458333333333
34,3043,-169,-160.75
34,3044,-216,-144.274193548387
34,3045,-114,-51.5870967741935
34,3046,-78,1.0625
34,3047,-78,-51.5870967741935
34,3048,-92,-51.5870967741935
34,3049,-42,-9.8695652173913
34,3050,-6,-9.8695652173913
34,3051,-12,-6.97297297297297
34,3052,3,-7.35274542429284
34,3053,27,-7.35274542429284
34,3054,128,65.1076923076923
34,3055,369,209.94
34,3056,222,-108.458333333333
34,3057,-358,-232.186440677966
34,3058,-162,-153.047619047619
34,3059,42,1.0625
34,3060,18,43.2739726027397
34,3061,-4,-14.4835164835165
34,3062,-17,-7.35274542429284
34,3063,65,-7.35274542429284
34,3064,144,80.3272727272727
34,3065,362,277.272727272727
34,3066,9,-303.827586206897
34,3067,-243,-160.75
34,3068,-139,-144.274193548387
34,3069,-164,1.0625
34,3070,-16,-51.5870967741935
34,3071,-139,-7.35274542429284
34,3072,-70,-51.5870967741935
34,3073,-50,-9.8695652173913
34,3074,-12,-9.8695652173913
34,3075,-15,115.888888888889
34,3076,2,-6.97297297297297
34,3077,22,-7.35274542429284
34,3078,79,-6.97297297297297
34,3079,313,209.94
34,3080,269,209.94
34,3081,-292,-303.827586206897
34,3082,-142,-153.047619047619
34,3083,53,24.3636363636364
34,3084,101,-2.65217391304348
34,3085,-42,-2.65217391304348
34,3086,68,-51.5870967741935
34,3087,90,-11.7714285714286
34,3088,2,80.3272727272727
34,3089,89,115.888888888889
34,3090,-71,-11.7714285714286
34,3091,-94,-51.5870967741935
34,3092,-96,-51.5870967741935
34,3093,-53,-51.5870967741935
34,3094,-26,-51.5870967741935
34,3095,-103,-7.35274542429284
34,3096,-6,-9.8695652173913
34,3097,-89,-7.35274542429284
34,3098,-10,-9.8695652173913
34,3099,-34,-7.35274542429284
34,3100,-23,-7.35274542429284
34,3101,10,-7.35274542429284
34,3102,14,65.1076923076923
34,3103,30,43.2739726027397
34,3104,96,118.454545454545
34,3105,75,80.3272727272727
34,3106,180,-23.7857142857143
34,3107,75,175.142857142857
34,3108,-21,-153.047619047619
34,3109,33,-7.35274542429284
34,3110,10,-14.4835164835165
34,3111,49,-14.4835164835165
34,3112,-101,-84.7096774193548
34,3113,1,-51.5870967741935
34,3114,-21,-7.35274542429284
34,3115,-50,-7.35274542429284
34,3116,-185,-51.5870967741935
34,3117,-103,-51.5870967741935
34,3118,-26,-9.8695652173913
34,3119,67,-7.35274542429284
34,3120,-46,163.842105263158
34,3121,-26,-51.5870967741935
34,3122,11,-7.35274542429284
34,3123,-42,115.888888888889
34,3124,-20,-51.5870967741935
34,3125,-10,-7.35274542429284
34,3126,3,-7.35274542429284
34,3127,27,-7.35274542429284
34,3128,87,65.1076923076923
34,3129,103,163.842105263158
34,3130,156,209.94
34,3131,101,80.3272727272727
34,3132,56,-29
34,3133,-52,-11.7714285714286
34,3134,-36,-51.5870967741935
34,3135,-102,-7.35274542429284
34,3136,119,-51.5870967741935
34,3137,29,-2.65217391304348
34,3138,-3,-160.75
34,3139,-208,-7.35274542429284
34,3140,-188,-51.5870967741935
34,3141,67,1.0625
34,3142,-5,153.125
34,3143,-43,-7.35274542429284
34,3144,-19,-51.5870967741935
34,3145,-49,-7.35274542429284
34,3146,-15,-9.8695652173913
34,3147,-12,115.888888888889
34,3148,-17,-7.35274542429284
34,3149,-7,-7.35274542429284
34,3150,11,-7.35274542429284
34,3151,28,65.1076923076923
34,3152,84,65.1076923076923
34,3153,102,180.402826855124
34,3154,130,-23.7857142857143
34,3155,100,80.3272727272727
34,3156,84,-29
34,3157,23,-11.7714285714286
34,3158,-54,-14.4835164835165
34,3159,-63,-51.5870967741935
34,3160,51,-51.5870967741935
34,3161,-2,-2.65217391304348
34,3162,-16,-7.35274542429284
34,3163,-108,-7.35274542429284
34,3164,-113,-51.5870967741935
34,3165,-77,-51.5870967741935
34,3166,-63,-51.5870967741935
34,3167,-51,-51.5870967741935
34,3168,-41,-51.5870967741935
34,3169,-5,-9.8695652173913
34,3170,-19,-7.35274542429284
34,3171,5,-7.35274542429284
34,3172,-2,-7.35274542429284
34,3173,30,-7.35274542429284
34,3174,134,65.1076923076923
34,3175,321,209.94
34,3176,139,-108.458333333333
34,3177,-309,-232.186440677966
34,3178,-151,-109.24
34,3179,26,1.0625
34,3180,89,43.2739726027397
34,3181,-12,-2.65217391304348
34,3182,-1,-7.35274542429284
34,3183,18,-7.35274542429284
34,3184,166,115.888888888889
34,3185,398,277.272727272727
34,3186,-17,-108.458333333333
34,3187,-287,-160.75
34,3188,-167,-144.274193548387
34,3189,-117,1.0625
34,3190,-89,-51.5870967741935
34,3191,-84,-51.5870967741935
34,3192,-58,-51.5870967741935
34,3193,-24,-9.8695652173913
34,3194,-4,-6.97297297297297
34,3195,-5,-6.97297297297297
34,3196,1,-7.35274542429284
34,3197,35,-7.35274542429284
34,3198,170,65.1076923076923
34,3199,290,209.94
34,3200,225,-108.458333333333
34,3201,-435,-232.186440677966
34,3202,-55,-153.047619047619
34,3203,-18,1.0625
34,3204,49,-7.35274542429284
34,3205,-32,-2.65217391304348
34,3206,-23,-7.35274542429284
34,3207,34,-7.35274542429284
34,3208,185,115.888888888889
34,3209,433,277.272727272727
34,3210,-24,-108.458333333333
34,3211,-177,-160.75
34,3212,-250,-144.274193548387
34,3213,-116,-51.5870967741935
34,3214,-77,1.0625
34,3215,-69,-51.5870967741935
34,3216,-85,-51.5870967741935
34,3217,-47,-9.8695652173913
34,3218,-10,-9.8695652173913
34,3219,1,-6.97297297297297
34,3220,-1,-7.35274542429284
34,3221,30,-7.35274542429284
34,3222,162,65.1076923076923
34,3223,282,209.94
34,3224,164,-108.458333333333
34,3225,-523,-232.186440677966
34,3226,-74,-109.24
34,3227,13,1.0625
34,3228,75,43.2739726027397
34,3229,54,-2.65217391304348
34,3230,25,-2.65217391304348
34,3231,54,-14.4835164835165
34,3232,146,80.3272727272727
34,3233,392,277.272727272727
34,3234,27,-29
34,3235,-277,-153.047619047619
34,3236,-152,-144.274193548387
34,3237,-134,1.0625
34,3238,-55,-51.5870967741935
34,3239,-48,-51.5870967741935
34,3240,-73,-51.5870967741935
34,3241,-67,-9.8695652173913
34,3242,-18,-9.8695652173913
34,3243,-2,-6.97297297297297
34,3244,-1,-6.97297297297297
34,3245,32,-7.35274542429284
34,3246,100,65.1076923076923
34,3247,346,209.94
34,3248,233,209.94
34,3249,-375,-232.186440677966
34,3250,-120,-153.047619047619
34,3251,72,1.0625
34,3252,27,-2.65217391304348
34,3253,31,-14.4835164835165
34,3254,-101,-14.4835164835165
34,3255,78,-9.8695652173913
34,3256,139,80.3272727272727
34,3257,302,277.272727272727
34,3258,20,-29
34,3259,-224,-160.75
34,3260,-177,-144.274193548387
34,3261,-90,1.0625
34,3262,-2,-51.5870967741935
34,3263,-51,-7.35274542429284
34,3264,-98,-51.5870967741935
34,3265,-33,-9.8695652173913
34,3266,-40,-6.97297297297297
34,3267,-34,-9.8695652173913
34,3268,-32,-7.35274542429284
34,3269,4,-7.35274542429284
34,3270,19,-7.35274542429284
34,3271,48,65.1076923076923
34,3272,148,153.125
34,3273,118,209.94
34,3274,74,-108.458333333333
34,3275,156,-29
34,3276,116,-11.7714285714286
34,3277,-26,-29
34,3278,-42,-29
34,3279,-114,-51.5870967741935
34,3280,-398,-51.5870967741935
34,3281,57,-152.090909090909
34,3282,-4,-2.65217391304348
34,3283,48,-7.35274542429284
34,3284,-21,153.125
34,3285,-13,-7.35274542429284
34,3286,13,-7.35274542429284
34,3287,-61,115.888888888889
34,3288,-9,-51.5870967741935
34,3289,0,-7.35274542429284
34,3290,-28,-7.35274542429284
34,3291,-50,-7.35274542429284
34,3292,-18,-51.5870967741935
34,3293,27,-7.35274542429284
34,3294,-20,-14.4835164835165
34,3295,35,-7.35274542429284
34,3296,100,43.2739726027397
34,3297,129,80.3272727272727
34,3298,196,209.94
34,3299,90,-232.186440677966
34,3300,172,-153.047619047619
34,3301,-28,175.142857142857
34,3302,-82,-29
34,3303,49,-51.5870967741935
34,3304,5,-2.65217391304348
34,3305,-30,-7.35274542429284
34,3306,-111,-7.35274542429284
34,3307,-64,-152.090909090909
34,3308,-140,-9.8695652173913
34,3309,-150,-152.090909090909
34,3310,-17,-51.5870967741935
34,3311,-97,-7.35274542429284
34,3312,-51,-9.8695652173913
34,3313,-23,-51.5870967741935
34,3314,-1,-7.35274542429284
34,3315,-5,115.888888888889
34,3316,-7,-6.97297297297297
34,3317,35,-7.35274542429284
34,3318,140,65.1076923076923
34,3319,267,209.94
34,3320,283,-108.458333333333
34,3321,-369,-303.827586206897
34,3322,-151,-153.047619047619
34,3323,26,24.3636363636364
34,3324,96,43.2739726027397
34,3325,-9,-2.65217391304348
34,3326,17,-7.35274542429284
34,3327,6,-14.4835164835165
34,3328,142,115.888888888889
34,3329,383,277.272727272727
34,3330,97,-108.458333333333
34,3331,-335,-153.047619047619
34,3332,-243,-144.274193548387
34,3333,-105,1.0625
34,3334,-126,1.0625
34,3335,-66,-51.5870967741935
34,3336,-61,-51.5870967741935
34,3337,-22,-9.8695652173913
34,3338,-4,-6.97297297297297
34,3339,2,-6.97297297297297
34,3340,1,-7.35274542429284
34,3341,35,-6.97297297297297
34,3342,167,65.1076923076923
34,3343,385,209.94
34,3344,154,-108.458333333333
34,3345,-392,-232.186440677966
34,3346,-162,-109.24
34,3347,51,1.0625
34,3348,69,-2.65217391304348
34,3349,12,-2.65217391304348
34,3350,-73,-14.4835164835165
34,3351,71,-9.8695652173913
34,3352,210,80.3272727272727
34,3353,434,277.272727272727
34,3354,-93,-153.047619047619
34,3355,-281,-160.75
34,3356,-135,-144.274193548387
34,3357,-151,1.0625
34,3358,-94,-51.5870967741935
34,3359,-107,-51.5870967741935
34,3360,-60,-9.8695652173913
34,3361,-28,-9.8695652173913
34,3362,-10,-6.97297297297297
34,3363,-4,-6.97297297297297
34,3364,-2,-6.97297297297297
34,3365,43,-7.35274542429284
34,3366,157,65.1076923076923
34,3367,352,209.94
34,3368,213,-108.458333333333
34,3369,-442,-232.186440677966
34,3370,-123,-153.047619047619
34,3371,27,1.0625
34,3372,120,43.2739726027397
34,3373,-29,-2.65217391304348
34,3374,-45,-160.75
34,3375,40,-9.8695652173913
34,3376,191,115.888888888889
34,3377,416,277.272727272727
34,3378,52,-108.458333333333
34,3379,-342,-232.186440677966
34,3380,-165,-144.274193548387
34,3381,-164,1.0625
34,3382,-94,-51.5870967741935
34,3383,-85,-51.5870967741935
34,3384,-70,-51.5870967741935
34,3385,-29,-9.8695652173913
34,3386,-19,-6.97297297297297
34,3387,2,-6.97297297297297
34,3388,-5,-6.97297297297297
34,3389,51,-7.35274542429284
34,3390,138,153.125
34,3391,376,209.94
34,3392,187,-303.827586206897
34,3393,-420,-232.186440677966
34,3394,-126,-153.047619047619
34,3395,42,1.0625
34,3396,43,43.2739726027397
34,3397,-14,-14.4835164835165
34,3398,-9,-7.35274542429284
34,3399,78,-7.35274542429284
34,3400,139,80.3272727272727
34,3401,393,277.272727272727
34,3402,-32,-303.827586206897
34,3403,-178,-160.75
34,3404,-211,-144.274193548387
34,3405,-146,-51.5870967741935
34,3406,-66,1.0625
34,3407,-81,-51.5870967741935
34,3408,-83,-51.5870967741935
34,3409,-46,-9.8695652173913
34,3410,-11,-9.8695652173913
34,3411,-16,-6.97297297297297
34,3412,-2,-6.97297297297297
34,3413,29,-7.35274542429284
34,3414,111,65.1076923076923
34,3415,302,209.94
34,3416,312,209.94
34,3417,-419,-303.827586206897
34,3418,-101,-153.047619047619
34,3419,34,24.3636363636364
34,3420,129,43.2739726027397
34,3421,-1,-2.65217391304348
34,3422,-37,-160.75
34,3423,-4,-7.35274542429284
34,3424,196,115.888888888889
34,3425,331,277.272727272727
34,3426,-86,-108.458333333333
34,3427,-229,-160.75
34,3428,-175,-144.274193548387
34,3429,-92,1.0625
34,3430,-83,-51.5870967741935
34,3431,-34,-51.5870967741935
34,3432,12,-7.35274542429284
34,3433,-98,-14.4835164835165
34,3434,-16,-9.8695652173913
34,3435,-56,-6.97297297297297
34,3436,-31,-9.8695652173913
34,3437,10,-7.35274542429284
34,3438,17,65.1076923076923
34,3439,40,43.2739726027397
34,3440,139,-14.4835164835165
34,3441,130,80.3272727272727
34,3442,100,-29
34,3443,185,-29
34,3444,79,-11.7714285714286
34,3445,-2,-153.047619047619
34,3446,11,-7.35274542429284
34,3447,-61,-14.4835164835165
34,3448,129,-51.5870967741935
34,3449,-54,-2.65217391304348
34,3450,-115,-160.75
34,3451,-136,-51.5870967741935
34,3452,-148,-152.090909090909
34,3453,-34,-51.5870967741935
34,3454,-17,-7.35274542429284
34,3455,-50,-7.35274542429284
34,3456,-78,-9.8695652173913
34,3457,-34,-9.8695652173913
34,3458,-28,-6.97297297297297
34,3459,-41,115.888888888889
34,3460,-40,-51.5870967741935
34,3461,5,-51.5870967741935
34,3462,22,-7.35274542429284
34,3463,36,65.1076923076923
34,3464,57,118.454545454545
34,3465,168,153.125
34,3466,194,80.3272727272727
34,3467,69,-29
34,3468,97,-153.047619047619
34,3469,38,-11.7714285714286
34,3470,-59,-14.4835164835165
34,3471,-78,-51.5870967741935
34,3472,39,-51.5870967741935
34,3473,-26,-14.4835164835165
34,3474,-89,-7.35274542429284
34,3475,-78,-152.090909090909
34,3476,-79,-51.5870967741935
34,3477,-133,-9.8695652173913
34,3478,-64,-51.5870967741935
34,3479,-33,-51.5870967741935
34,3480,-49,-7.35274542429284
34,3481,-24,-9.8695652173913
34,3482,-8,-7.35274542429284
34,3483,-6,-7.35274542429284
34,3484,4,-6.97297297297297
34,3485,34,-7.35274542429284
34,3486,119,65.1076923076923
34,3487,328,209.94
34,3488,191,-108.458333333333
34,3489,-384,-232.186440677966
34,3490,-97,-153.047619047619
34,3491,50,1.0625
34,3492,43,-2.65217391304348
34,3493,48,-14.4835164835165
34,3494,-11,-84.7096774193548
34,3495,6,-7.35274542429284
34,3496,115,115.888888888889
34,3497,389,277.272727272727
34,3498,-68,-2.65217391304348
34,3499,-288,-160.75
34,3500,-146,-144.274193548387
34,3501,-107,1.0625
34,3502,-104,-51.5870967741935
34,3503,-59,-51.5870967741935
34,3504,-57,-9.8695652173913
34,3505,-8,-9.8695652173913
34,3506,-1,-6.97297297297297
34,3507,2,-6.97297297297297
34,3508,1,-7.35274542429284
34,3509,41,-7.35274542429284
34,3510,119,65.1076923076923
34,3511,189,209.94
34,3512,316,-108.458333333333
34,3513,-379,-303.827586206897
34,3514,-133,-153.047619047619
34,3515,-9,24.3636363636364
34,3516,-63,-7.35274542429284
34,3517,26,-51.5870967741935
34,3518,29,-14.4835164835165
34,3519,-107,-14.4835164835165
34,3520,105,-9.8695652173913
34,3521,197,277.272727272727
34,3522,-57,-23.7857142857143
34,3523,43,-153.047619047619
34,3524,-34,43.2739726027397
34,3525,-83,-7.35274542429284
34,3526,-56,-51.5870967741935
34,3527,-73,-51.5870967741935
34,3528,-52,-51.5870967741935
34,3529,-14,-51.5870967741935
34,3530,-9,-7.35274542429284
34,3531,2,-7.35274542429284
34,3532,5,-7.35274542429284
34,3533,46,-7.35274542429284
34,3534,116,65.1076923076923
34,3535,373,209.94
34,3536,252,-108.458333333333
34,3537,-435,-232.186440677966
34,3538,-170,-153.047619047619
34,3539,55,24.3636363636364
34,3540,66,-2.65217391304348
34,3541,-24,-2.65217391304348
34,3542,-3,-7.35274542429284
34,3543,25,-7.35274542429284
34,3544,155,115.888888888889
34,3545,420,277.272727272727
34,3546,6,-108.458333333333
34,3547,-281,-160.75
34,3548,-202,-144.274193548387
34,3549,-60,1.0625
34,3550,-120,1.0625
34,3551,-106,-51.5870967741935
34,3552,-65,-51.5870967741935
34,3553,-40,-9.8695652173913
34,3554,-7,-9.8695652173913
34,3555,-5,-6.97297297297297
34,3556,0,-7.35274542429284
34,3557,50,-7.35274542429284
34,3558,114,153.125
34,3559,364,209.94
34,3560,256,209.94
34,3561,-435,-232.186440677966
34,3562,-165,-153.047619047619
34,3563,53,24.3636363636364
34,3564,47,-2.65217391304348
34,3565,46,-14.4835164835165
34,3566,-38,-14.4835164835165
34,3567,-7,-9.8695652173913
34,3568,166,115.888888888889
34,3569,519,277.272727272727
34,3570,-76,-29
34,3571,-297,-160.75
34,3572,-186,-144.274193548387
34,3573,-143,1.0625
34,3574,13,-51.5870967741935
34,3575,-133,43.2739726027397
34,3576,-88,-9.8695652173913
34,3577,-17,-9.8695652173913
34,3578,-35,-6.97297297297297
34,3579,-2,115.888888888889
34,3580,-2,-6.97297297297297
34,3581,39,-7.35274542429284
34,3582,116,115.888888888889
34,3583,338,209.94
34,3584,254,-108.458333333333
34,3585,-374,-232.186440677966
34,3586,-158,-153.047619047619
34,3587,96,24.3636363636364
34,3588,68,-2.65217391304348
34,3589,32,-2.65217391304348
34,3590,-9,-14.4835164835165
34,3591,11,-7.35274542429284
34,3592,144,115.888888888889
34,3593,279,277.272727272727
34,3594,-41,-29
34,3595,-217,-160.75
34,3596,-219,-144.274193548387
34,3597,-57,1.0625
34,3598,-17,1.0625
34,3599,-109,-7.35274542429284
34,3600,-14,-51.5870967741935
34,3601,-48,-7.35274542429284
34,3602,-41,-9.8695652173913
34,3603,-38,-51.5870967741935
34,3604,-30,-51.5870967741935
34,3605,2,-7.35274542429284
34,3606,24,-7.35274542429284
34,3607,36,65.1076923076923
34,3608,141,118.454545454545
34,3609,159,209.94
34,3610,97,-108.458333333333
34,3611,152,-29
34,3612,62,-11.7714285714286
34,3613,19,-29
34,3614,-53,-14.4835164835165
34,3615,96,-51.5870967741935
34,3616,-70,-2.65217391304348
34,3617,-34,-152.090909090909
34,3618,-48,-7.35274542429284
34,3619,-191,-51.5870967741935
34,3620,-82,-152.090909090909
34,3621,-64,-51.5870967741935
34,3622,-22,-9.8695652173913
34,3623,-68,-7.35274542429284
34,3624,9,-51.5870967741935
34,3625,-38,-7.35274542429284
34,3626,-47,-9.8695652173913
34,3627,-41,-51.5870967741935
34,3628,-44,-51.5870967741935
34,3629,-4,-9.8695652173913
34,3630,10,-7.35274542429284
34,3631,41,43.2739726027397
34,3632,118,-14.4835164835165
34,3633,101,209.94
34,3634,213,-108.458333333333
34,3635,81,-23.7857142857143
34,3636,206,-153.047619047619
34,3637,-74,-11.7714285714286
34,3638,-36,-153.047619047619
34,3639,-26,-7.35274542429284
34,3640,51,-7.35274542429284
34,3641,32,-2.65217391304348
34,3642,-183,-14.4835164835165
34,3643,-127,-9.8695652173913
34,3644,-161,-51.5870967741935
34,3645,-56,-152.090909090909
34,3646,-58,-51.5870967741935
34,3647,-38,-51.5870967741935
34,3648,-36,-9.8695652173913
34,3649,-46,-6.97297297297297
34,3650,-10,-9.8695652173913
34,3651,-3,-6.97297297297297
34,3652,3,-7.35274542429284
34,3653,29,-7.35274542429284
34,3654,131,65.1076923076923
34,3655,362,180.402826855124
34,3656,220,-108.458333333333
34,3657,-422,-232.186440677966
34,3658,-130,-153.047619047619
34,3659,40,1.0625
34,3660,104,43.2739726027397
34,3661,-14,-2.65217391304348
34,3662,-25,-7.35274542429284
34,3663,-3,-7.35274542429284
34,3664,216,115.888888888889
34,3665,382,277.272727272727
34,3666,-45,-108.458333333333
34,3667,-263,-160.75
34,3668,-158,-144.274193548387
34,3669,-176,1.0625
34,3670,-84,-51.5870967741935
34,3671,-78,-51.5870967741935
34,3672,-30,-51.5870967741935
34,3673,-51,-7.35274542429284
34,3674,1,-9.8695652173913
34,3675,-9,-6.97297297297297
34,3676,4,-6.97297297297297
34,3677,38,-7.35274542429284
34,3678,147,65.1076923076923
34,3679,362,180.402826855124
34,3680,249,-108.458333333333
34,3681,-396,-232.186440677966
34,3682,-239,-153.047619047619
34,3683,48,24.3636363636364
34,3684,84,-2.65217391304348
34,3685,3,-2.65217391304348
34,3686,-12,-7.35274542429284
34,3687,10,-7.35274542429284
34,3688,192,115.888888888889
34,3689,472,277.272727272727
34,3690,-145,-108.458333333333
34,3691,-283,-160.75
34,3692,-114,24.3636363636364
34,3693,-128,1.0625
34,3694,-109,-51.5870967741935
34,3695,-90,-51.5870967741935
34,3696,-58,-9.8695652173913
34,3697,-11,-9.8695652173913
34,3698,-12,-6.97297297297297
34,3699,-7,-7.35274542429284
34,3700,4,-6.97297297297297
34,3701,22,-7.35274542429284
34,3702,146,65.1076923076923
34,3703,350,209.94
34,3704,306,-108.458333333333
34,3705,-504,-303.827586206897
34,3706,-149,-153.047619047619
34,3707,42,24.3636363636364
34,3708,89,43.2739726027397
34,3709,24,-2.65217391304348
34,3710,-63,-14.4835164835165
34,3711,23,-9.8695652173913
34,3712,168,115.888888888889
34,3713,485,277.272727272727
34,3714,-69,-29
34,3715,-257,-160.75
34,3716,-193,-144.274193548387
34,3717,-74,1.0625
34,3718,-145,-51.5870967741935
34,3719,-100,-51.5870967741935
34,3720,-50,-9.8695652173913
34,3721,-44,-9.8695652173913
34,3722,-5,-9.8695652173913
34,3723,-9,-6.97297297297297
34,3724,1,-7.35274542429284
34,3725,58,-6.97297297297297
34,3726,103,153.125
34,3727,389,209.94
34,3728,236,209.94
34,3729,-459,-232.186440677966
34,3730,-127,-153.047619047619
34,3731,86,1.0625
34,3732,41,-2.65217391304348
34,3733,-9,-14.4835164835165
34,3734,-68,-7.35274542429284
34,3735,38,-9.8695652173913
34,3736,176,115.888888888889
34,3737,433,277.272727272727
34,3738,-6,-108.458333333333
34,3739,-340,-160.75
34,3740,-102,-144.274193548387
34,3741,-204,1.0625
34,3742,-206,-51.5870967741935
34,3743,-2,1.0625
34,3744,-28,-7.35274542429284
34,3745,-4,-7.35274542429284
34,3746,-3,-6.97297297297297
34,3747,-3,-7.35274542429284
34,3748,5,115.888888888889
34,3749,26,115.888888888889
34,3750,100,43.2739726027397
34,3751,256,180.402826855124
34,3752,311,180.402826855124
34,3753,-279,-303.827586206897
34,3754,-181,-153.047619047619
34,3755,116,24.3636363636364
34,3756,19,-2.65217391304348
34,3757,30,-29
34,3758,-11,-14.4835164835165
34,3759,-7,-7.35274542429284
34,3760,110,115.888888888889
34,3761,306,277.272727272727
34,3762,-141,-2.65217391304348
34,3763,-159,-160.75
34,3764,-172,24.3636363636364
34,3765,-99,-51.5870967741935
34,3766,-17,-51.5870967741935
34,3767,-30,-7.35274542429284
34,3768,-41,-7.35274542429284
34,3769,-48,-9.8695652173913
34,3770,-9,-9.8695652173913
34,3771,-63,115.888888888889
34,3772,-15,-51.5870967741935
34,3773,1,-7.35274542429284
34,3774,22,-7.35274542429284
34,3775,36,65.1076923076923
34,3776,138,118.454545454545
34,3777,121,180.402826855124
34,3778,140,-108.458333333333
34,3779,191,-29
34,3780,19,-29
34,3781,4,-153.047619047619
34,3782,64,-7.35274542429284
34,3783,-23,-2.65217391304348
34,3784,-5,-7.35274542429284
34,3785,-10,-7.35274542429284
34,3786,-118,-7.35274542429284
34,3787,-124,-152.090909090909
34,3788,-155,-152.090909090909
34,3789,-23,-51.5870967741935
34,3790,-71,-7.35274542429284
34,3791,-25,-51.5870967741935
34,3792,-49,-7.35274542429284
34,3793,-31,-9.8695652173913
34,3794,-24,-7.35274542429284
34,3795,-34,-6.97297297297297
34,3796,-51,-7.35274542429284
34,3797,3,-51.5870967741935
34,3798,12,-7.35274542429284
34,3799,35,65.1076923076923
34,3800,87,65.1076923076923
34,3801,141,180.402826855124
34,3802,194,80.3272727272727
34,3803,112,-29
34,3804,89,-153.047619047619
34,3805,-86,-11.7714285714286
34,3806,18,-51.5870967741935
34,3807,37,-14.4835164835165
34,3808,-1,-14.4835164835165
34,3809,-73,-7.35274542429284
34,3810,-174,-152.090909090909
34,3811,-144,-9.8695652173913
34,3812,-63,-51.5870967741935
34,3813,-71,-51.5870967741935
34,3814,-32,-51.5870967741935
34,3815,-34,-7.35274542429284
34,3816,-12,-7.35274542429284
34,3817,-27,-6.97297297297297
34,3818,-6,-6.97297297297297
34,3819,-5,-7.35274542429284
34,3820,3,-7.35274542429284
34,3821,26,-7.35274542429284
34,3822,119,65.1076923076923
34,3823,328,180.402826855124
34,3824,301,-108.458333333333
34,3825,-444,-303.827586206897
34,3826,-161,-153.047619047619
34,3827,93,24.3636363636364
34,3828,51,-2.65217391304348
34,3829,-18,-2.65217391304348
34,3830,-61,-7.35274542429284
34,3831,85,-9.8695652173913
34,3832,130,80.3272727272727
34,3833,397,277.272727272727
34,3834,-243,-303.827586206897
34,3835,-97,-160.75
34,3836,-254,24.3636363636364
34,3837,-44,-51.5870967741935
34,3838,-11,1.0625
34,3839,-102,-7.35274542429284
34,3840,-74,-9.8695652173913
34,3841,-20,-9.8695652173913
34,3842,-9,-7.35274542429284
34,3843,3,115.888888888889
34,3844,5,-7.35274542429284
34,3845,33,-7.35274542429284
34,3846,136,65.1076923076923
34,3847,81,209.94
34,3848,-126,-108.458333333333
34,3849,-48,-51.5870967741935
34,3850,-41,-51.5870967741935
34,3851,54,-51.5870967741935
34,3852,5,-2.65217391304348
34,3853,50,-7.35274542429284
34,3854,9,-84.7096774193548
34,3855,46,-6.97297297297297
34,3856,165,65.1076923076923
34,3857,341,-23.7857142857143
34,3858,-28,-29
34,3859,-292,-153.047619047619
34,3860,-89,-144.274193548387
34,3861,-17,1.0625
34,3862,-49,-7.35274542429284
34,3863,-142,-51.5870967741935
34,3864,-46,-51.5870967741935
34,3865,-33,-9.8695652173913
34,3866,-10,115.888888888889
34,3867,-2,-7.35274542429284
34,3868,4,-7.35274542429284
34,3869,23,-7.35274542429284
34,3870,143,-6.97297297297297
34,3871,338,209.94
34,3872,294,-108.458333333333
34,3873,-447,-303.827586206897
34,3874,-187,-153.047619047619
34,3875,55,24.3636363636364
34,3876,128,-2.65217391304348
34,3877,-79,-2.65217391304348
34,3878,-28,-160.75
34,3879,68,-7.35274542429284
34,3880,159,80.3272727272727
34,3881,439,277.272727272727
34,3882,-107,-303.827586206897
34,3883,-217,-160.75
34,3884,-96,-144.274193548387
34,3885,-288,1.0625
34,3886,32,-51.5870967741935
34,3887,-21,-14.4835164835165
34,3888,-144,-7.35274542429284
34,3889,-51,-9.8695652173913
34,3890,-12,-9.8695652173913
34,3891,-2,-7.35274542429284
34,3892,-1,115.888888888889
34,3893,29,-7.35274542429284
34,3894,94,-14.4835164835165
34,3895,258,209.94
34,3896,347,209.94
34,3897,-379,-303.827586206897
34,3898,-182,-153.047619047619
34,3899,37,24.3636363636364
34,3900,74,43.2739726027397
34,3901,6,-2.65217391304348
34,3902,-27,-7.35274542429284
34,3903,58,-7.35274542429284
34,3904,172,80.3272727272727
34,3905,404,277.272727272727
34,3906,-14,-29
34,3907,-353,-160.75
34,3908,-93,-144.274193548387
34,3909,-120,1.0625
34,3910,-89,-51.5870967741935
34,3911,-77,-51.5870967741935
34,3912,-53,-51.5870967741935
34,3913,-56,-9.8695652173913
34,3914,-35,-9.8695652173913
34,3915,5,-7.35274542429284
34,3916,-5,-7.35274542429284
34,3917,30,-7.35274542429284
34,3918,96,65.1076923076923
34,3919,291,209.94
34,3920,357,209.94
34,3921,-401,-303.827586206897
34,3922,-124,-153.047619047619
34,3923,44,24.3636363636364
34,3924,164,43.2739726027397
34,3925,-44,-2.65217391304348
34,3926,-24,-160.75
34,3927,70,-7.35274542429284
34,3928,164,80.3272727272727
34,3929,266,277.272727272727
34,3930,-139,-232.186440677966
34,3931,-261,-160.75
34,3932,-128,24.3636363636364
34,3933,-105,1.0625
34,3934,-3,-51.5870967741935
34,3935,-93,-7.35274542429284
34,3936,20,-9.8695652173913
34,3937,-50,-6.97297297297297
34,3938,-66,-9.8695652173913
34,3939,-19,-9.8695652173913
34,3940,-45,-7.35274542429284
34,3941,-1,-9.8695652173913
34,3942,20,-7.35274542429284
34,3943,54,43.2739726027397
34,3944,122,153.125
34,3945,189,209.94
34,3946,144,-232.186440677966
34,3947,108,-153.047619047619
34,3948,96,-29
34,3949,-33,-11.7714285714286
34,3950,-134,-7.35274542429284
34,3951,44,-51.5870967741935
34,3952,39,-14.4835164835165
34,3953,-49,-14.4835164835165
34,3954,-115,-152.090909090909
34,3955,-154,-152.090909090909
34,3956,-94,-9.8695652173913
34,3957,-32,-51.5870967741935
34,3958,-30,-7.35274542429284
34,3959,-6,-7.35274542429284
34,3960,-52,-7.35274542429284
34,3961,-18,-9.8695652173913
34,3962,-35,-6.97297297297297
34,3963,-52,-7.35274542429284
34,3964,-11,-51.5870967741935
34,3965,-1,-7.35274542429284
34,3966,13,-7.35274542429284
34,3967,12,65.1076923076923
34,3968,27,65.1076923076923
34,3969,24,65.1076923076923
34,3970,99,118.454545454545
34,3971,151,-23.7857142857143
34,3972,56,-2.65217391304348
34,3973,-72,-29
34,3974,-6,-51.5870967741935
34,3975,-8,-7.35274542429284
34,3976,27,-7.35274542429284
34,3977,-176,-14.4835164835165
34,3978,-51,-51.5870967741935
34,3979,8,-9.8695652173913
34,3980,2,-7.35274542429284
34,3981,-3,-7.35274542429284
34,3982,-34,-7.35274542429284
34,3983,1,-7.35274542429284
34,3984,-29,115.888888888889
34,3985,-14,-7.35274542429284
34,3986,-22,-7.35274542429284
34,3987,-5,-7.35274542429284
34,3988,-3,-7.35274542429284
34,3989,12,-7.35274542429284
34,3990,40,43.2739726027397
34,3991,95,65.1076923076923
34,3992,243,180.402826855124
34,3993,-65,80.3272727272727
34,3994,-34,-153.047619047619
34,3995,10,-7.35274542429284
34,3996,33,43.2739726027397
34,3997,64,-14.4835164835165
34,3998,15,-2.65217391304348
34,3999,-50,-14.4835164835165
34,4000,7,-51.5870967741935
34,4001,120,-7.35274542429284
34,4002,-41,-2.65217391304348
34,4003,-85,-29
34,4004,-144,-51.5870967741935
34,4005,-76,-51.5870967741935
34,4006,-44,-51.5870967741935
34,4007,-38,-51.5870967741935
34,4008,-38,-51.5870967741935
34,4009,-18,-9.8695652173913
34,4010,-6,-7.35274542429284
34,4011,-4,-6.97297297297297
34,4012,4,-7.35274542429284
34,4013,12,-7.35274542429284
34,4014,124,65.1076923076923
34,4015,219,180.402826855124
34,4016,351,-108.458333333333
34,4017,-331,-303.827586206897
34,4018,-218,-153.047619047619
34,4019,29,24.3636363636364
34,4020,67,43.2739726027397
34,4021,-22,-2.65217391304348
34,4022,6,-7.35274542429284
34,4023,10,-7.35274542429284
34,4024,170,115.888888888889
34,4025,382,277.272727272727
34,4026,-22,-108.458333333333
34,4027,-270,-153.047619047619
34,4028,-154,-144.274193548387
34,4029,-135,1.0625
34,4030,-63,-51.5870967741935
34,4031,-78,-51.5870967741935
34,4032,-51,-51.5870967741935
34,4033,-25,-9.8695652173913
34,4034,0,-6.97297297297297
34,4035,-2,-6.97297297297297
34,4036,0,-6.97297297297297
34,4037,34,-7.35274542429284
34,4038,135,65.1076923076923
34,4039,332,209.94
34,4040,332,-108.458333333333
34,4041,-473,-303.827586206897
34,4042,-149,-153.047619047619
34,4043,74,24.3636363636364
34,4044,99,-2.65217391304348
34,4045,-93,-2.65217391304348
34,4046,-26,-51.5870967741935
34,4047,48,-7.35274542429284
34,4048,247,80.3272727272727
34,4049,382,277.272727272727
34,4050,-104,-108.458333333333
34,4051,-278,-160.75
34,4052,-174,-144.274193548387
34,4053,-123,1.0625
34,4054,-72,-51.5870967741935
34,4055,-61,-51.5870967741935
34,4056,-94,-9.8695652173913
34,4057,-31,-9.8695652173913
34,4058,0,-6.97297297297297
34,4059,-8,-6.97297297297297
34,4060,7,-7.35274542429284
34,4061,32,-7.35274542429284
34,4062,117,65.1076923076923
34,4063,319,209.94
34,4064,320,-108.458333333333
34,4065,-443,-153.047619047619
34,4066,-151,-153.047619047619
34,4067,47,24.3636363636364
34,4068,75,-14.4835164835165
34,4069,-35,-2.65217391304348
34,4070,57,-7.35274542429284
34,4071,112,-11.7714285714286
34,4072,21,80.3272727272727
34,4073,346,115.888888888889
34,4074,-135,-11.7714285714286
34,4075,51,-153.047619047619
34,4076,-328,175.142857142857
34,4077,-155,-51.5870967741935
34,4078,-83,1.0625
34,4079,9,-51.5870967741935
34,4080,-118,-7.35274542429284
34,4081,-31,-51.5870967741935
34,4082,-21,-7.35274542429284
34,4083,-10,-6.97297297297297
34,4084,2,115.888888888889
34,4085,27,-7.35274542429284
34,4086,108,43.2739726027397
34,4087,249,209.94
34,4088,353,180.402826855124
34,4089,-345,-303.827586206897
34,4090,-125,-153.047619047619
34,4091,38,24.3636363636364
34,4092,74,43.2739726027397
34,4093,-6,-2.65217391304348
34,4094,-10,-7.35274542429284
34,4095,84,-7.35274542429284
34,4096,65,80.3272727272727
34,4097,317,277.272727272727
34,4098,-195,-11.7714285714286
34,4099,-149,-160.75
34,4100,-185,24.3636363636364
34,4101,-118,-51.5870967741935
34,4102,-30,-51.5870967741935
34,4103,-60,-7.35274542429284
34,4104,149,-9.8695652173913
34,4105,-103,209.94
34,4106,-79,-160.75
34,4107,-52,-9.8695652173913
34,4108,-4,-51.5870967741935
34,4109,0,-7.35274542429284
34,4110,17,-7.35274542429284
34,4111,42,43.2739726027397
34,4112,104,-14.4835164835165
34,4113,92,209.94
34,4114,81,-23.7857142857143
34,4115,180,-23.7857142857143
34,4116,46,-11.7714285714286
34,4117,97,-153.047619047619
34,4118,-73,-11.7714285714286
34,4119,18,-51.5870967741935
34,4120,22,-14.4835164835165
34,4121,-109,-14.4835164835165
34,4122,-55,-51.5870967741935
34,4123,-141,-51.5870967741935
34,4124,-77,-9.8695652173913
34,4125,-51,-51.5870967741935
34,4126,-15,-51.5870967741935
34,4127,-64,-7.35274542429284
34,4128,-14,-51.5870967741935
34,4129,1,-7.35274542429284
34,4130,-46,-6.97297297297297
34,4131,-38,-51.5870967741935
34,4132,-16,-51.5870967741935
34,4133,-1,-7.35274542429284
34,4134,13,-7.35274542429284
34,4135,27,65.1076923076923
34,4136,81,43.2739726027397
34,4137,91,209.94
34,4138,205,80.3272727272727
34,4139,66,-23.7857142857143
34,4140,68,-153.047619047619
34,4141,57,-11.7714285714286
34,4142,-2,-11.7714285714286
34,4143,-49,-7.35274542429284
34,4144,13,-51.5870967741935
34,4145,-42,-14.4835164835165
34,4146,-86,-51.5870967741935
34,4147,-117,-152.090909090909
34,4148,-90,-51.5870967741935
34,4149,-50,-51.5870967741935
34,4150,-71,-51.5870967741935
34,4151,-20,-51.5870967741935
34,4152,-57,-7.35274542429284
34,4153,-19,-9.8695652173913
34,4154,-23,-7.35274542429284
34,4155,-2,-7.35274542429284
34,4156,6,-7.35274542429284
34,4157,30,-7.35274542429284
34,4158,107,65.1076923076923
34,4159,329,209.94
34,4160,261,180.402826855124
34,4161,-378,-153.047619047619
34,4162,-191,-153.047619047619
34,4163,95,24.3636363636364
34,4164,21,-2.65217391304348
34,4165,-138,-14.4835164835165
34,4166,39,-51.5870967741935
34,4167,75,-14.4835164835165
34,4168,187,80.3272727272727
34,4169,319,277.272727272727
34,4170,-174,-303.827586206897
34,4171,-353,-153.047619047619
34,4172,17,24.3636363636364
34,4173,-50,43.2739726027397
34,4174,-80,-51.5870967741935
34,4175,-45,-51.5870967741935
34,4176,-33,-9.8695652173913
34,4177,-35,115.888888888889
34,4178,-10,-6.97297297297297
34,4179,-1,-7.35274542429284
34,4180,5,-7.35274542429284
34,4181,45,-7.35274542429284
34,4182,120,65.1076923076923
34,4183,353,180.402826855124
34,4184,310,-108.458333333333
34,4185,-480,-303.827586206897
34,4186,-133,-153.047619047619
34,4187,6,24.3636363636364
34,4188,97,-7.35274542429284
34,4189,3,-2.65217391304348
34,4190,-20,-7.35274542429284
34,4191,38,-7.35274542429284
34,4192,100,115.888888888889
34,4193,497,277.272727272727
34,4194,-105,-84.7096774193548
34,4195,-307,-160.75
34,4196,-99,-144.274193548387
34,4197,-237,1.0625
34,4198,-14,-51.5870967741935
34,4199,18,-7.35274542429284
34,4200,-150,-14.4835164835165
34,4201,-32,-9.8695652173913
34,4202,-1,-6.97297297297297
34,4203,-9,-7.35274542429284
34,4204,-3,115.888888888889
34,4205,37,-7.35274542429284
34,4206,137,43.2739726027397
34,4207,286,209.94
34,4208,353,-108.458333333333
34,4209,-435,-303.827586206897
34,4210,-154,-153.047619047619
34,4211,6,24.3636363636364
34,4212,98,-7.35274542429284
34,4213,-22,-2.65217391304348
34,4214,-40,-7.35274542429284
34,4215,31,-9.8695652173913
34,4216,165,115.888888888889
34,4217,422,277.272727272727
34,4218,-4,-108.458333333333
34,4219,-368,-160.75
34,4220,-102,-144.274193548387
34,4221,-85,1.0625
34,4222,-114,-51.5870967741935
34,4223,-116,-51.5870967741935
34,4224,-42,-51.5870967741935
34,4225,-43,-9.8695652173913
34,4226,0,-9.8695652173913
34,4227,-9,-7.35274542429284
34,4228,0,-7.35274542429284
34,4229,37,-7.35274542429284
34,4230,111,65.1076923076923
34,4231,355,209.94
34,4232,326,209.94
34,4233,-447,-303.827586206897
34,4234,-169,-153.047619047619
34,4235,50,24.3636363636364
34,4236,109,-2.65217391304348
34,4237,-45,-2.65217391304348
34,4238,-47,-51.5870967741935
34,4239,68,-9.8695652173913
34,4240,97,80.3272727272727
34,4241,440,277.272727272727
34,4242,-102,-11.7714285714286
34,4243,-275,-160.75
34,4244,-126,-144.274193548387
34,4245,-104,1.0625
34,4246,-54,-51.5870967741935
34,4247,-112,-51.5870967741935
34,4248,-61,-9.8695652173913
34,4249,-40,-9.8695652173913
34,4250,-6,-9.8695652173913
34,4251,-5,-6.97297297297297
34,4252,1,-7.35274542429284
34,4253,30,-7.35274542429284
34,4254,95,65.1076923076923
34,4255,23,209.94
34,4256,313,118.454545454545
34,4257,-78,-23.7857142857143
34,4258,-165,-153.047619047619
34,4259,28,-144.274193548387
34,4260,80,43.2739726027397
34,4261,43,-2.65217391304348
34,4262,-10,-14.4835164835165
34,4263,30,-7.35274542429284
34,4264,170,-14.4835164835165
34,4265,-140,175.142857142857
34,4266,-192,-109.24
34,4267,-1,-51.5870967741935
34,4268,-3,-7.35274542429284
34,4269,-23,-7.35274542429284
34,4270,-16,-7.35274542429284
34,4271,-59,-7.35274542429284
34,4272,-8,-9.8695652173913
34,4273,-28,115.888888888889
34,4274,-17,-7.35274542429284
34,4275,-49,-7.35274542429284
34,4276,-11,-51.5870967741935
34,4277,-5,-7.35274542429284
34,4278,18,-7.35274542429284
34,4279,34,65.1076923076923
34,4280,128,118.454545454545
34,4281,170,180.402826855124
34,4282,60,-108.458333333333
34,4283,189,-29
34,4284,91,-23.7857142857143
34,4285,11,-153.047619047619
34,4286,-3,-14.4835164835165
34,4287,0,-7.35274542429284
34,4288,-20,-7.35274542429284
34,4289,40,-7.35274542429284
34,4290,-210,-14.4835164835165
34,4291,-176,-51.5870967741935
34,4292,-86,1.0625
34,4293,37,-51.5870967741935
34,4294,-94,43.2739726027397
34,4295,-39,-51.5870967741935
34,4296,-9,-9.8695652173913
34,4297,-37,-6.97297297297297
34,4298,15,115.888888888889
34,4299,-91,65.1076923076923
34,4300,-20,-9.8695652173913
34,4301,-11,-7.35274542429284
34,4302,16,-7.35274542429284
34,4303,30,65.1076923076923
34,4304,87,118.454545454545
34,4305,126,163.842105263158
34,4306,174,-23.7857142857143
34,4307,104,-29
34,4308,128,-29
34,4309,-49,-11.7714285714286
34,4310,14,-109.24
34,4311,-17,-14.4835164835165
34,4312,-32,-7.35274542429284
34,4313,-100,-7.35274542429284
34,4314,-78,-152.090909090909
34,4315,-147,-152.090909090909
34,4316,-71,-51.5870967741935
34,4317,-29,-152.090909090909
34,4318,-53,-7.35274542429284
34,4319,-47,-9.8695652173913
34,4320,-35,-9.8695652173913
34,4321,-20,-7.35274542429284
34,4322,-6,115.888888888889
34,4323,1,-7.35274542429284
34,4324,1,-7.35274542429284
34,4325,39,-7.35274542429284
34,4326,98,65.1076923076923
34,4327,308,180.402826855124
34,4328,276,180.402826855124
34,4329,-368,-303.827586206897
34,4330,-148,-153.047619047619
34,4331,-1,24.3636363636364
34,4332,72,-7.35274542429284
34,4333,32,-2.65217391304348
34,4334,-33,-14.4835164835165
34,4335,14,-7.35274542429284
34,4336,228,115.888888888889
34,4337,398,277.272727272727
34,4338,-136,-153.047619047619
34,4339,-272,-160.75
34,4340,-111,24.3636363636364
34,4341,-229,1.0625
34,4342,9,-51.5870967741935
35,1,18,1.27725856697819
35,2,82,77.7719298245614
35,3,283,190.851851851852
35,4,265,190.851851851852
35,5,-333,-236.284768211921
35,6,-139,-143.452380952381
35,7,37,-21
35,8,50,16.1076923076923
35,9,-41,-11.140625
35,10,-5,-31.9672897196262
35,11,6,1.27725856697819
35,12,147,116.027027027027
35,13,356,255.831325301205
35,14,-23,-58
35,15,-166,-167.96992481203
35,16,-163,-145.961538461538
35,17,-141,-68.3850267379679
35,18,-47,-68.3850267379679
35,19,-88,-31.9672897196262
35,20,-61,-68.3850267379679
35,21,-20,-31.9672897196262
35,22,-10,0.725
35,23,-7,1.27725856697819
35,24,-3,1.27725856697819
35,25,14,1.27725856697819
35,26,110,77.7719298245614
35,27,98,190.851851851852
35,28,137,190.851851851852
35,29,-161,-68.3
35,30,-62,-80.9473684210526
35,31,12,-31.9672897196262
35,32,53,16.1076923076923
35,33,-7,-11.140625
35,34,-28,1.27725856697819
35,35,35,-21.564
35,36,114,60.4
35,37,296,190.851851851852
35,38,50,-113.315789473684
35,39,-200,-167.96992481203
35,40,-127,-145.961538461538
35,41,-87,12.3095238095238
35,42,-67,-68.3850267379679
35,43,-71,-31.9672897196262
35,44,-39,-68.3850267379679
35,45,-38,-31.9672897196262
35,46,-13,-31.9672897196262
35,47,-19,-21.564
35,48,3,-21.564
35,49,13,1.27725856697819
35,50,101,77.7719298245614
35,51,195,190.851851851852
35,52,277,190.851851851852
35,53,-258,-304.074074074074
35,54,-98,-143.452380952381
35,55,-3,-21
35,56,74,1.27725856697819
35,57,-1,-11.140625
35,58,-6,1.27725856697819
35,59,24,1.27725856697819
35,60,116,116.027027027027
35,61,262,255.831325301205
35,62,-48,-149.65
35,63,-213,-167.96992481203
35,64,-152,-145.961538461538
35,65,-81,12.3095238095238
35,66,-50,-68.3850267379679
35,67,-42,-31.9672897196262
35,68,-13,-31.9672897196262
35,69,-36,-21.564
35,70,-10,-31.9672897196262
35,71,-31,1.27725856697819
35,72,-24,-21.564
35,73,3,-21.564
35,74,23,1.27725856697819
35,75,27,77.7719298245614
35,76,103,77.7719298245614
35,77,56,190.851851851852
35,78,77,71.7727272727273
35,79,67,71.7727272727273
35,80,23,-19.6538461538462
35,81,8,16.1076923076923
35,82,51,1.27725856697819
35,83,-32,-11.140625
35,84,-32,-21.564
35,85,-54,-21.564
35,86,-232,-31.9672897196262
35,87,49,-68.3850267379679
35,88,-37,-11.140625
35,89,-18,-31.9672897196262
35,90,-1,-21.564
35,91,-41,1.27725856697819
35,92,-6,-31.9672897196262
35,93,6,1.27725856697819
35,94,-2,1.27725856697819
35,95,-24,1.27725856697819
35,96,-12,-21.564
35,97,2,-21.564
35,98,1,1.27725856697819
35,99,20,1.27725856697819
35,100,80,77.7719298245614
35,101,78,120.083333333333
35,102,195,190.851851851852
35,103,31,-68.3
35,104,173,-143.452380952381
35,105,11,-19.6538461538462
35,106,58,-143.452380952381
35,107,-50,-19.6538461538462
35,108,-16,-31.9672897196262
35,109,-65,-21.564
35,110,-35,-31.9672897196262
35,111,-112,-31.9672897196262
35,112,-132,-68.3850267379679
35,113,-39,-68.3850267379679
35,114,-96,-31.9672897196262
35,115,-26,-68.3850267379679
35,116,-34,-21.564
35,117,-24,-31.9672897196262
35,118,-16,-21.564
35,119,-4,-21.564
35,120,-2,1.27725856697819
35,121,18,1.27725856697819
35,122,103,77.7719298245614
35,123,226,190.851851851852
35,124,247,190.851851851852
35,125,-328,-236.284768211921
35,126,-111,-143.452380952381
35,127,6,12.3095238095238
35,128,62,1.27725856697819
35,129,22,-11.140625
35,130,-29,-46.4444444444444
35,131,13,-21.564
35,132,116,116.027027027027
35,133,336,255.831325301205
35,134,-19,23.25
35,135,-193,-167.96992481203
35,136,-162,-145.961538461538
35,137,-88,-68.3850267379679
35,138,-87,-68.3850267379679
35,139,-74,-68.3850267379679
35,140,-25,-68.3850267379679
35,141,-14,-21.564
35,142,-13,0.725
35,143,-5,-21.564
35,144,5,1.27725856697819
35,145,9,1.27725856697819
35,146,9,1.27725856697819
35,147,143,1.27725856697819
35,148,388,190.851851851852
35,149,-208,-149.65
35,150,-175,-143.452380952381
35,151,55,-21
35,152,40,-11.140625
35,153,-20,16.1076923076923
35,154,-45,-21.564
35,155,30,-31.9672897196262
35,156,120,116.027027027027
35,157,327,255.831325301205
35,158,62,-58
35,159,-256,-167.96992481203
35,160,-152,-145.961538461538
35,161,-53,12.3095238095238
35,162,-71,-31.9672897196262
35,163,-116,-68.3850267379679
35,164,-48,-68.3850267379679
35,165,-32,-31.9672897196262
35,166,1,0.725
35,167,-10,1.27725856697819
35,168,-2,1.27725856697819
35,169,29,1.27725856697819
35,170,87,77.7719298245614
35,171,238,190.851851851852
35,172,308,190.851851851852
35,173,-351,-304.074074074074
35,174,-140,-143.452380952381
35,175,9,-21
35,176,61,1.27725856697819
35,177,-17,-11.140625
35,178,12,-21.564
35,179,16,60.4
35,180,111,116.027027027027
35,181,362,255.831325301205
35,182,84,-11.140625
35,183,-309,-143.452380952381
35,184,-166,-145.961538461538
35,185,-99,12.3095238095238
35,186,-66,-68.3850267379679
35,187,-75,-31.9672897196262
35,188,-8,-68.3850267379679
35,189,-66,1.27725856697819
35,190,-7,-31.9672897196262
35,191,-11,1.27725856697819
35,192,-4,-21.564
35,193,19,1.27725856697819
35,194,115,77.7719298245614
35,195,248,190.851851851852
35,196,243,-149.65
35,197,-323,-236.284768211921
35,198,-136,-143.452380952381
35,199,33,12.3095238095238
35,200,100,77.7719298245614
35,201,-36,-11.140625
35,202,-61,-31.9672897196262
35,203,79,-31.9672897196262
35,204,87,139.870967741935
35,205,334,255.831325301205
35,206,2,-113.315789473684
35,207,-184,-167.96992481203
35,208,-102,-145.961538461538
35,209,-121,-68.3850267379679
35,210,-53,-68.3850267379679
35,211,-125,-31.9672897196262
35,212,-32,-68.3850267379679
35,213,-41,-21.564
35,214,-37,-31.9672897196262
35,215,3,-31.9672897196262
35,216,-10,1.27725856697819
35,217,20,1.27725856697819
35,218,111,77.7719298245614
35,219,221,190.851851851852
35,220,262,190.851851851852
35,221,-324,-236.284768211921
35,222,-95,-143.452380952381
35,223,59,-21
35,224,-87,-11.140625
35,225,107,-68.3850267379679
35,226,-36,-113.315789473684
35,227,101,-31.9672897196262
35,228,97,190.851851851852
35,229,203,255.831325301205
35,230,-2,-19.6538461538462
35,231,-189,-173.941176470588
35,232,-139,-68.3850267379679
35,233,-78,-68.3850267379679
35,234,-3,-68.3850267379679
35,235,24,1.27725856697819
35,236,-103,-46.4444444444444
35,237,-46,-68.3850267379679
35,238,-32,-31.9672897196262
35,239,-43,-21.564
35,240,-23,-31.9672897196262
35,241,13,-21.564
35,242,20,60.4
35,243,45,60.4
35,244,110,77.7719298245614
35,245,87,71.7727272727273
35,246,148,139.870967741935
35,247,143,-68.3
35,248,-25,23.25
35,249,-26,-80.9473684210526
35,250,-96,-21.564
35,251,113,-68.3850267379679
35,252,-1,-11.140625
35,253,-38,1.27725856697819
35,254,-68,-31.9672897196262
35,255,-29,-31.9672897196262
35,256,-96,116.027027027027
35,257,-40,-68.3850267379679
35,258,-52,-31.9672897196262
35,259,-68,-31.9672897196262
35,260,-15,-31.9672897196262
35,261,-13,-21.564
35,262,-28,-21.564
35,263,-65,-21.564
35,264,-12,-31.9672897196262
35,265,-5,-21.564
35,266,6,1.27725856697819
35,267,19,1.27725856697819
35,268,78,77.7719298245614
35,269,77,190.851851851852
35,270,142,190.851851851852
35,271,81,-68.3
35,272,144,23.25
35,273,7,-19.6538461538462
35,274,-47,-80.9473684210526
35,275,53,-31.9672897196262
35,276,-27,-11.140625
35,277,-33,-21.564
35,278,-48,-21.564
35,279,-80,-31.9672897196262
35,280,-107,-68.3850267379679
35,281,-73,-68.3850267379679
35,282,-46,-68.3850267379679
35,283,-55,-31.9672897196262
35,284,-68,-31.9672897196262
35,285,-25,-31.9672897196262
35,286,-3,-21.564
35,287,-1,1.27725856697819
35,288,-3,1.27725856697819
35,289,21,1.27725856697819
35,290,119,77.7719298245614
35,291,243,190.851851851852
35,292,254,-149.65
35,293,-289,-236.284768211921
35,294,-160,-143.452380952381
35,295,23,-21
35,296,50,16.1076923076923
35,297,9,-11.140625
35,298,-33,1.27725856697819
35,299,23,-21.564
35,300,126,116.027027027027
35,301,381,255.831325301205
35,302,-89,23.25
35,303,-134,-167.96992481203
35,304,-223,-145.961538461538
35,305,-76,-68.3850267379679
35,306,-74,12.3095238095238
35,307,-60,-68.3850267379679
35,308,-75,-31.9672897196262
35,309,-29,-68.3850267379679
35,310,7,0.725
35,311,-10,1.27725856697819
35,312,-1,1.27725856697819
35,313,15,1.27725856697819
35,314,145,77.7719298245614
35,315,298,190.851851851852
35,316,178,-149.65
35,317,-346,-167.96992481203
35,318,-138,-143.452380952381
35,319,60,12.3095238095238
35,320,46,-11.140625
35,321,-44,-11.140625
35,322,-148,-31.9672897196262
35,323,63,-68.3850267379679
35,324,255,139.870967741935
35,325,328,255.831325301205
35,326,-7,-58
35,327,-252,-167.96992481203
35,328,-156,-145.961538461538
35,329,-79,12.3095238095238
35,330,-76,-68.3850267379679
35,331,-84,-68.3850267379679
35,332,-28,-68.3850267379679
35,333,-21,0.725
35,334,-13,0.725
35,335,1,-21.564
35,336,3,1.27725856697819
35,337,23,1.27725856697819
35,338,98,77.7719298245614
35,339,292,190.851851851852
35,340,204,190.851851851852
35,341,-297,-236.284768211921
35,342,-172,-143.452380952381
35,343,48,12.3095238095238
35,344,79,-11.140625
35,345,-14,-11.140625
35,346,-23,-21.564
35,347,16,-21.564
35,348,98,116.027027027027
35,349,348,255.831325301205
35,350,-333,-11.140625
35,351,-274,-167.96992481203
35,352,-47,-21
35,353,-17,12.3095238095238
35,354,33,-21.564
35,355,-12,16.1076923076923
35,356,-22,-21.564
35,357,-22,-21.564
35,358,-8,116.027027027027
35,359,0,1.27725856697819
35,360,-1,1.27725856697819
35,361,22,1.27725856697819
35,362,115,60.4
35,363,262,190.851851851852
35,364,229,-149.65
35,365,-269,-236.284768211921
35,366,-207,-143.452380952381
35,367,102,12.3095238095238
35,368,16,-11.140625
35,369,46,16.1076923076923
35,370,-71,-113.315789473684
35,371,24,-68.3850267379679
35,372,150,116.027027027027
35,373,311,255.831325301205
35,374,38,23.25
35,375,-217,-167.96992481203
35,376,-179,-145.961538461538
35,377,-144,12.3095238095238
35,378,2,-68.3850267379679
35,379,-97,1.27725856697819
35,380,-71,-68.3850267379679
35,381,-18,-68.3850267379679
35,382,-15,116.027027027027
35,383,-18,-21.564
35,384,-4,-21.564
35,385,17,1.27725856697819
35,386,109,60.4
35,387,216,190.851851851852
35,388,269,190.851851851852
35,389,-298,-304.074074074074
35,390,-112,-143.452380952381
35,391,81,-21
35,392,57,-11.140625
35,393,15,-11.140625
35,394,-29,-46.4444444444444
35,395,105,-21.564
35,396,86,139.870967741935
35,397,254,255.831325301205
35,398,-183,-19.6538461538462
35,399,-93,-167.96992481203
35,400,-162,-21
35,401,-71,-68.3850267379679
35,402,-36,-68.3850267379679
35,403,-54,-31.9672897196262
35,404,-44,-31.9672897196262
35,405,-43,-31.9672897196262
35,406,-37,-31.9672897196262
35,407,-22,-31.9672897196262
35,408,-25,-21.564
35,409,4,-21.564
35,410,20,1.27725856697819
35,411,34,77.7719298245614
35,412,111,77.7719298245614
35,413,157,190.851851851852
35,414,76,-68.3
35,415,111,23.25
35,416,37,-19.6538461538462
35,417,100,16.1076923076923
35,418,-44,-19.6538461538462
35,419,-25,-31.9672897196262
35,420,1,-21.564
35,421,-15,1.27725856697819
35,422,-30,0.725
35,423,-107,-21.564
35,424,-152,-68.3850267379679
35,425,-57,-68.3850267379679
35,426,44,-31.9672897196262
35,427,-98,77.7719298245614
35,428,-78,-68.3850267379679
35,429,-4,-68.3850267379679
35,430,-12,1.27725856697819
35,431,-54,-21.564
35,432,-19,-31.9672897196262
35,433,3,-21.564
35,434,9,1.27725856697819
35,435,39,1.27725856697819
35,436,96,77.7719298245614
35,437,66,190.851851851852
35,438,128,139.870967741935
35,439,78,-68.3
35,440,103,23.25
35,441,71,-19.6538461538462
35,442,-50,-19.6538461538462
35,443,-53,-31.9672897196262
35,444,65,-31.9672897196262
35,445,-86,-11.140625
35,446,-89,-68.3850267379679
35,447,-50,-68.3850267379679
35,448,-109,-31.9672897196262
35,449,-61,-68.3850267379679
35,450,-38,-31.9672897196262
35,451,-57,-31.9672897196262
35,452,-39,-31.9672897196262
35,453,-24,-31.9672897196262
35,454,-9,-21.564
35,455,0,1.27725856697819
35,456,4,1.27725856697819
35,457,20,1.27725856697819
35,458,39,77.7719298245614
35,459,10,77.7719298245614
35,460,81,1.27725856697819
35,461,-46,71.7727272727273
35,462,-51,-31.9672897196262
35,463,20,-31.9672897196262
35,464,106,16.1076923076923
35,465,-9,-11.140625
35,466,-5,1.27725856697819
35,467,25,1.27725856697819
35,468,-85,60.4
35,469,118,-68.3850267379679
35,470,71,-11.140625
35,471,4,-167.96992481203
35,472,-115,1.27725856697819
35,473,-37,-68.3850267379679
35,474,-23,-31.9672897196262
35,475,-54,-21.564
35,476,-43,-31.9672897196262
35,477,-13,-31.9672897196262
35,478,-15,-21.564
35,479,2,-21.564
35,480,-1,1.27725856697819
35,481,3,1.27725856697819
35,482,16,1.27725856697819
35,483,68,77.7719298245614
35,484,317,148.425287356322
35,485,-54,190.851851851852
35,486,-184,-173.941176470588
35,487,53,-145.961538461538
35,488,40,-11.140625
35,489,-25,16.1076923076923
35,490,-55,-21.564
35,491,72,-31.9672897196262
35,492,118,139.870967741935
35,493,304,190.851851851852
35,494,55,-58
35,495,-221,-167.96992481203
35,496,-249,-145.961538461538
35,497,-154,12.3095238095238
35,498,-26,12.3095238095238
35,499,-12,-21.564
35,500,-32,-21.564
35,501,-18,-21.564
35,502,-2,0.725
35,503,-13,1.27725856697819
35,504,-2,-21.564
35,505,34,1.27725856697819
35,506,120,77.7719298245614
35,507,282,190.851851851852
35,508,210,-149.65
35,509,-303,-236.284768211921
35,510,-155,-143.452380952381
35,511,75,12.3095238095238
35,512,63,-11.140625
35,513,20,-11.140625
35,514,-87,-46.4444444444444
35,515,11,-68.3850267379679
35,516,172,116.027027027027
35,517,427,255.831325301205
35,518,-27,-143.452380952381
35,519,-256,-167.96992481203
35,520,-131,-145.961538461538
35,521,-66,12.3095238095238
35,522,-107,-31.9672897196262
35,523,-153,-68.3850267379679
35,524,-54,-68.3850267379679
35,525,-51,-31.9672897196262
35,526,-12,-31.9672897196262
35,527,-13,-21.564
35,528,13,-21.564
35,529,19,77.7719298245614
35,530,124,77.7719298245614
35,531,315,190.851851851852
35,532,160,-149.65
35,533,-288,-143.452380952381
35,534,-141,-143.452380952381
35,535,74,12.3095238095238
35,536,69,-11.140625
35,537,-21,-11.140625
35,538,-57,-21.564
35,539,46,-31.9672897196262
35,540,114,139.870967741935
35,541,422,255.831325301205
35,542,16,-113.315789473684
35,543,-331,-167.96992481203
35,544,-91,-145.961538461538
35,545,-147,12.3095238095238
35,546,-48,-68.3850267379679
35,547,-85,-31.9672897196262
35,548,-96,-68.3850267379679
35,549,-21,-68.3850267379679
35,550,-28,0.725
35,551,-7,-21.564
35,552,-3,1.27725856697819
35,553,23,1.27725856697819
35,554,148,77.7719298245614
35,555,333,190.851851851852
35,556,230,-149.65
35,557,-384,-236.284768211921
35,558,-106,-143.452380952381
35,559,79,12.3095238095238
35,560,26,-11.140625
35,561,35,16.1076923076923
35,562,-45,-46.4444444444444
35,563,41,-31.9672897196262
35,564,177,116.027027027027
35,565,244,255.831325301205
35,566,-143,-143.452380952381
35,567,-186,-167.96992481203
35,568,-146,-68.3850267379679
35,569,-79,-68.3850267379679
35,570,-7,-68.3850267379679
35,571,-77,1.27725856697819
35,572,-26,-68.3850267379679
35,573,-44,0.725
35,574,-35,-31.9672897196262
35,575,-36,-31.9672897196262
35,576,-19,-31.9672897196262
35,577,-2,-21.564
35,578,38,1.27725856697819
35,579,45,77.7719298245614
35,580,100,77.7719298245614
35,581,97,190.851851851852
35,582,160,139.870967741935
35,583,134,-68.3
35,584,56,-143.452380952381
35,585,62,23.25
35,586,26,-19.6538461538462
35,587,-58,-46.4444444444444
35,588,-30,-31.9672897196262
35,589,-16,-21.564
35,590,19,-21.564
35,591,-213,0.725
35,592,-117,-68.3850267379679
35,593,-56,12.3095238095238
35,594,79,-31.9672897196262
35,595,-99,190.851851851852
35,596,-69,-68.3850267379679
35,597,-40,-31.9672897196262
35,598,-32,-31.9672897196262
35,599,-32,-21.564
35,600,-50,-21.564
35,601,-8,-31.9672897196262
35,602,17,1.27725856697819
35,603,65,77.7719298245614
35,604,81,148.425287356322
35,605,142,190.851851851852
35,606,119,-68.3
35,607,149,23.25
35,608,56,23.25
35,609,-30,23.25
35,610,-64,-21.564
35,611,-41,-31.9672897196262
35,612,75,-31.9672897196262
35,613,-28,-11.140625
35,614,-75,0.725
35,615,-72,-68.3850267379679
35,616,-128,-68.3850267379679
35,617,-41,-68.3850267379679
35,618,-88,-31.9672897196262
35,619,-59,-68.3850267379679
35,620,-46,-31.9672897196262
35,621,-25,-31.9672897196262
35,622,-4,-21.564
35,623,-9,1.27725856697819
35,624,5,1.27725856697819
35,625,8,1.27725856697819
35,626,64,1.27725856697819
35,627,74,148.425287356322
35,628,117,190.851851851852
35,629,-84,71.7727272727273
35,630,-87,-80.9473684210526
35,631,7,-68.3850267379679
35,632,64,1.27725856697819
35,633,14,-11.140625
35,634,-4,-46.4444444444444
35,635,45,1.27725856697819
35,636,90,60.4
35,637,193,139.870967741935
35,638,22,-19.6538461538462
35,639,-82,-167.96992481203
35,640,-112,-68.3850267379679
35,641,-95,-68.3850267379679
35,642,-99,-68.3850267379679
35,643,-45,-68.3850267379679
35,644,-61,-31.9672897196262
35,645,-9,-31.9672897196262
35,646,-16,0.725
35,647,-6,-21.564
35,648,2,1.27725856697819
35,649,10,1.27725856697819
35,650,120,1.27725856697819
35,651,187,190.851851851852
35,652,266,-149.65
35,653,-257,-236.284768211921
35,654,-133,-143.452380952381
35,655,-11,-21
35,656,65,-21.564
35,657,-11,-11.140625
35,658,-21,-21.564
35,659,23,-21.564
35,660,141,116.027027027027
35,661,399,255.831325301205
35,662,0,-149.65
35,663,-421,-167.96992481203
35,664,9,-145.961538461538
35,665,-112,1.27725856697819
35,666,-87,-68.3850267379679
35,667,-69,-68.3850267379679
35,668,-58,-31.9672897196262
35,669,-15,-31.9672897196262
35,670,-20,0.725
35,671,-7,-21.564
35,672,-2,1.27725856697819
35,673,32,1.27725856697819
35,674,125,77.7719298245614
35,675,308,190.851851851852
35,676,251,-149.65
35,677,-422,-236.284768211921
35,678,-106,-143.452380952381
35,679,6,12.3095238095238
35,680,51,1.27725856697819
35,681,22,-11.140625
35,682,-22,-46.4444444444444
35,683,9,-21.564
35,684,21,116.027027027027
35,685,7,116.027027027027
35,686,42,1.27725856697819
35,687,49,16.1076923076923
35,688,-81,120.083333333333
35,689,-50,-68.3850267379679
35,690,-86,-31.9672897196262
35,691,-53,-68.3850267379679
35,692,-50,-31.9672897196262
35,693,-26,-31.9672897196262
35,694,-14,-21.564
35,695,-12,-21.564
35,696,1,-21.564
35,697,25,1.27725856697819
35,698,126,77.7719298245614
35,699,259,190.851851851852
35,700,277,-149.65
35,701,-391,-304.074074074074
35,702,-116,-143.452380952381
35,703,36,-21
35,704,68,16.1076923076923
35,705,13,-11.140625
35,706,-50,-46.4444444444444
35,707,39,-31.9672897196262
35,708,99,116.027027027027
35,709,408,255.831325301205
35,710,-46,-19.6538461538462
35,711,-260,-167.96992481203
35,712,-94,-145.961538461538
35,713,-113,12.3095238095238
35,714,-42,-68.3850267379679
35,715,-76,-31.9672897196262
35,716,-94,-68.3850267379679
35,717,-31,-68.3850267379679
35,718,-19,0.725
35,719,-9,-21.564
35,720,-5,1.27725856697819
35,721,21,1.27725856697819
35,722,83,77.7719298245614
35,723,246,190.851851851852
35,724,224,190.851851851852
35,725,-243,-236.284768211921
35,726,-108,-143.452380952381
35,727,51,12.3095238095238
35,728,38,-11.140625
35,729,12,16.1076923076923
35,730,34,-46.4444444444444
35,731,99,60.4
35,732,118,139.870967741935
35,733,69,255.831325301205
35,734,-131,23.25
35,735,-118,-68.3850267379679
35,736,-54,-68.3850267379679
35,737,-95,-31.9672897196262
35,738,-43,-68.3850267379679
35,739,-46,-31.9672897196262
35,740,-50,-31.9672897196262
35,741,-34,-31.9672897196262
35,742,-18,-31.9672897196262
35,743,-33,-21.564
35,744,-29,-21.564
35,745,8,-21.564
35,746,21,1.27725856697819
35,747,23,77.7719298245614
35,748,87,77.7719298245614
35,749,148,71.7727272727273
35,750,148,-68.3
35,751,83,23.25
35,752,9,23.25
35,753,10,1.27725856697819
35,754,25,1.27725856697819
35,755,-51,16.1076923076923
35,756,-9,-31.9672897196262
35,757,-42,1.27725856697819
35,758,-47,-31.9672897196262
35,759,-42,-31.9672897196262
35,760,-118,-31.9672897196262
35,761,-4,-68.3850267379679
35,762,-47,1.27725856697819
35,763,-54,-31.9672897196262
35,764,-13,-31.9672897196262
35,765,-59,-21.564
35,766,-17,-31.9672897196262
35,767,-25,-21.564
35,768,-25,-21.564
35,769,-4,-21.564
35,770,15,1.27725856697819
35,771,30,77.7719298245614
35,772,99,77.7719298245614
35,773,119,190.851851851852
35,774,154,71.7727272727273
35,775,95,23.25
35,776,51,23.25
35,777,-72,-19.6538461538462
35,778,49,-68.3850267379679
35,779,-12,-19.6538461538462
35,780,-34,-21.564
35,781,21,-31.9672897196262
35,782,-4,-46.4444444444444
35,783,-76,116.027027027027
35,784,-50,-68.3850267379679
35,785,-249,-31.9672897196262
35,786,-84,-68.3850267379679
35,787,37,12.3095238095238
35,788,-31,77.7719298245614
35,789,-6,-21.564
35,790,-11,1.27725856697819
35,791,-30,-21.564
35,792,-12,-21.564
35,793,3,-21.564
35,794,11,1.27725856697819
35,795,47,60.4
35,796,88,148.425287356322
35,797,108,190.851851851852
35,798,101,71.7727272727273
35,799,112,71.7727272727273
35,800,49,-19.6538461538462
35,801,31,-19.6538461538462
35,802,-91,16.1076923076923
35,803,-5,-68.3850267379679
35,804,41,1.27725856697819
35,805,-96,-46.4444444444444
35,806,-22,-68.3850267379679
35,807,12,-21.564
35,808,-78,60.4
35,809,-70,-68.3850267379679
35,810,-90,-31.9672897196262
35,811,-75,-68.3850267379679
35,812,-37,-68.3850267379679
35,813,-31,-31.9672897196262
35,814,-6,-21.564
35,815,-5,1.27725856697819
35,816,2,1.27725856697819
35,817,28,1.27725856697819
35,818,121,77.7719298245614
35,819,296,190.851851851852
35,820,184,-149.65
35,821,-377,-236.284768211921
35,822,-74,-143.452380952381
35,823,14,12.3095238095238
35,824,40,16.1076923076923
35,825,2,16.1076923076923
35,826,-1,1.27725856697819
35,827,18,1.27725856697819
35,828,137,116.027027027027
35,829,388,255.831325301205
35,830,-71,-58
35,831,-184,-167.96992481203
35,832,-322,-145.961538461538
35,833,-133,-68.3850267379679
35,834,-16,12.3095238095238
35,835,-5,-21.564
35,836,-14,1.27725856697819
35,837,-32,0.725
35,838,1,116.027027027027
35,839,0,1.27725856697819
35,840,1,1.27725856697819
35,841,35,1.27725856697819
35,842,103,77.7719298245614
35,843,339,190.851851851852
35,844,188,190.851851851852
35,845,-366,-236.284768211921
35,846,-128,-143.452380952381
35,847,31,12.3095238095238
35,848,45,16.1076923076923
35,849,36,16.1076923076923
35,850,-37,-46.4444444444444
35,851,23,-31.9672897196262
35,852,123,116.027027027027
35,853,441,255.831325301205
35,854,-43,23.25
35,855,-240,-167.96992481203
35,856,-125,-145.961538461538
35,857,-127,12.3095238095238
35,858,-87,-68.3850267379679
35,859,-57,-68.3850267379679
35,860,-99,-31.9672897196262
35,861,-35,-68.3850267379679
35,862,-12,-31.9672897196262
35,863,-6,-21.564
35,864,0,1.27725856697819
35,865,25,1.27725856697819
35,866,145,77.7719298245614
35,867,329,190.851851851852
35,868,186,-149.65
35,869,-382,-236.284768211921
35,870,-91,-143.452380952381
35,871,-2,12.3095238095238
35,872,74,1.27725856697819
35,873,1,-11.140625
35,874,-39,1.27725856697819
35,875,36,-31.9672897196262
35,876,197,116.027027027027
35,877,340,255.831325301205
35,878,-42,-149.65
35,879,-194,-167.96992481203
35,880,-112,-145.961538461538
35,881,-120,-68.3850267379679
35,882,-95,-68.3850267379679
35,883,-124,-68.3850267379679
35,884,-54,-68.3850267379679
35,885,-52,-31.9672897196262
35,886,-18,-31.9672897196262
35,887,-12,-21.564
35,888,2,-21.564
35,889,39,1.27725856697819
35,890,96,77.7719298245614
35,891,261,190.851851851852
35,892,292,190.851851851852
35,893,-396,-304.074074074074
35,894,-94,-143.452380952381
35,895,31,-21
35,896,75,16.1076923076923
35,897,6,-11.140625
35,898,-62,1.27725856697819
35,899,4,-31.9672897196262
35,900,-36,116.027027027027
35,901,5,-31.9672897196262
35,902,-117,1.27725856697819
35,903,-65,-68.3850267379679
35,904,-6,-31.9672897196262
35,905,46,1.27725856697819
35,906,-62,120.083333333333
35,907,50,-31.9672897196262
35,908,13,-113.315789473684
35,909,-10,60.4
35,910,-35,1.27725856697819
35,911,-15,-31.9672897196262
35,912,-13,-21.564
35,913,-1,-21.564
35,914,24,1.27725856697819
35,915,50,60.4
35,916,124,148.425287356322
35,917,122,190.851851851852
35,918,161,-149.65
35,919,43,23.25
35,920,132,-143.452380952381
35,921,11,-19.6538461538462
35,922,-32,-80.9473684210526
35,923,55,-21.564
35,924,-58,-11.140625
35,925,-58,-31.9672897196262
35,926,-74,-31.9672897196262
35,927,42,-68.3850267379679
35,928,-155,60.4
35,929,-83,-68.3850267379679
35,930,-88,-68.3850267379679
35,931,10,-68.3850267379679
35,932,-69,1.27725856697819
35,933,-48,-31.9672897196262
35,934,-32,-31.9672897196262
35,935,-39,-21.564
35,936,-37,-31.9672897196262
35,937,-1,-31.9672897196262
35,938,10,1.27725856697819
35,939,13,1.27725856697819
35,940,105,77.7719298245614
35,941,160,190.851851851852
35,942,104,139.870967741935
35,943,107,-143.452380952381
35,944,173,-19.6538461538462
35,945,2,-19.6538461538462
35,946,-8,-143.452380952381
35,947,-34,1.27725856697819
35,948,18,-31.9672897196262
35,949,-84,-46.4444444444444
35,950,-82,-68.3850267379679
35,951,-43,-68.3850267379679
35,952,-139,-31.9672897196262
35,953,-68,-68.3850267379679
35,954,-20,-31.9672897196262
35,955,-118,-21.564
35,956,-59,-68.3850267379679
35,957,-35,-31.9672897196262
35,958,-3,-31.9672897196262
35,959,-6,1.27725856697819
35,960,3,1.27725856697819
35,961,27,1.27725856697819
35,962,104,77.7719298245614
35,963,378,190.851851851852
35,964,148,190.851851851852
35,965,-383,-236.284768211921
35,966,-95,-80.9473684210526
35,967,52,12.3095238095238
35,968,43,-11.140625
35,969,-8,16.1076923076923
35,970,-4,1.27725856697819
35,971,22,1.27725856697819
35,972,156,116.027027027027
35,973,386,255.831325301205
35,974,-12,-58
35,975,-177,-167.96992481203
35,976,-184,-145.961538461538
35,977,-196,-68.3850267379679
35,978,-97,-68.3850267379679
35,979,-82,-68.3850267379679
35,980,-52,-68.3850267379679
35,981,-14,-31.9672897196262
35,982,-12,0.725
35,983,-3,-21.564
35,984,0,1.27725856697819
35,985,31,1.27725856697819
35,986,148,77.7719298245614
35,987,385,190.851851851852
35,988,141,-149.65
35,989,-375,-236.284768211921
35,990,-159,-80.9473684210526
35,991,51,12.3095238095238
35,992,20,-11.140625
35,993,20,16.1076923076923
35,994,9,-46.4444444444444
35,995,-4,116.027027027027
35,996,201,116.027027027027
35,997,377,255.831325301205
35,998,-60,-143.452380952381
35,999,-277,-143.452380952381
35,1000,-98,-145.961538461538
35,1001,-132,12.3095238095238
35,1002,-90,-68.3850267379679
35,1003,-80,-68.3850267379679
35,1004,-64,-68.3850267379679
35,1005,-22,-31.9672897196262
35,1006,-16,0.725
35,1007,-3,-21.564
35,1008,2,1.27725856697819
35,1009,28,1.27725856697819
35,1010,134,77.7719298245614
35,1011,375,190.851851851852
35,1012,121,-149.65
35,1013,-365,-236.284768211921
35,1014,-100,-80.9473684210526
35,1015,23,12.3095238095238
35,1016,89,16.1076923076923
35,1017,-12,-11.140625
35,1018,-1,-21.564
35,1019,-2,1.27725856697819
35,1020,152,116.027027027027
35,1021,272,255.831325301205
35,1022,58,-58
35,1023,-244,-167.96992481203
35,1024,-130,-145.961538461538
35,1025,-110,12.3095238095238
35,1026,-50,-68.3850267379679
35,1027,-125,-31.9672897196262
35,1028,-64,-68.3850267379679
35,1029,-37,-31.9672897196262
35,1030,-10,-31.9672897196262
35,1031,-7,1.27725856697819
35,1032,1,1.27725856697819
35,1033,28,1.27725856697819
35,1034,136,77.7719298245614
35,1035,356,190.851851851852
35,1036,155,-149.65
35,1037,-344,-236.284768211921
35,1038,-127,-80.9473684210526
35,1039,27,12.3095238095238
35,1040,99,16.1076923076923
35,1041,-21,-11.140625
35,1042,-50,-21.564
35,1043,68,-31.9672897196262
35,1044,133,139.870967741935
35,1045,403,255.831325301205
35,1046,-56,-58
35,1047,-211,-167.96992481203
35,1048,-124,-145.961538461538
35,1049,-165,12.3095238095238
35,1050,-85,-68.3850267379679
35,1051,-51,-68.3850267379679
35,1052,-100,-31.9672897196262
35,1053,-48,-68.3850267379679
35,1054,-10,-31.9672897196262
35,1055,-11,1.27725856697819
35,1056,2,-21.564
35,1057,19,1.27725856697819
35,1058,110,77.7719298245614
35,1059,289,190.851851851852
35,1060,272,190.851851851852
35,1061,-318,-304.074074074074
35,1062,-133,-143.452380952381
35,1063,15,-21
35,1064,105,16.1076923076923
35,1065,47,-11.140625
35,1066,-43,-11.140625
35,1067,24,-31.9672897196262
35,1068,126,116.027027027027
35,1069,270,255.831325301205
35,1070,-70,23.25
35,1071,-168,-167.96992481203
35,1072,-147,-145.961538461538
35,1073,-69,-68.3850267379679
35,1074,-48,-31.9672897196262
35,1075,-76,-31.9672897196262
35,1076,-9,-68.3850267379679
35,1077,-83,1.27725856697819
35,1078,-34,-68.3850267379679
35,1079,-49,-31.9672897196262
35,1080,-32,-31.9672897196262
35,1081,11,-21.564
35,1082,61,77.7719298245614
35,1083,7,148.425287356322
35,1084,157,1.27725856697819
35,1085,96,-68.3
35,1086,126,23.25
35,1087,103,190.851851851852
35,1088,-38,23.25
35,1089,54,-31.9672897196262
35,1090,8,-19.6538461538462
35,1091,-38,1.27725856697819
35,1092,-21,-31.9672897196262
35,1093,-39,116.027027027027
35,1094,-44,-31.9672897196262
35,1095,-91,-31.9672897196262
35,1096,3,-68.3850267379679
35,1097,-47,1.27725856697819
35,1098,-102,-31.9672897196262
35,1099,16,-68.3850267379679
35,1100,-72,77.7719298245614
35,1101,-42,-68.3850267379679
35,1102,-43,-31.9672897196262
35,1103,-44,-31.9672897196262
35,1104,-19,-31.9672897196262
35,1105,3,-21.564
35,1106,17,1.27725856697819
35,1107,32,60.4
35,1108,119,77.7719298245614
35,1109,85,190.851851851852
35,1110,147,-149.65
35,1111,86,-68.3
35,1112,3,23.25
35,1113,-10,1.27725856697819
35,1114,8,1.27725856697819
35,1115,-25,1.27725856697819
35,1116,33,-21.564
35,1117,13,-46.4444444444444
35,1118,-31,-46.4444444444444
35,1119,-115,0.725
35,1120,-12,-68.3850267379679
35,1121,-110,-21.564
35,1122,-94,-68.3850267379679
35,1123,-49,-68.3850267379679
35,1124,-69,-31.9672897196262
35,1125,-17,-31.9672897196262
35,1126,-7,-21.564
35,1127,-11,1.27725856697819
35,1128,1,-21.564
35,1129,30,1.27725856697819
35,1130,107,77.7719298245614
35,1131,359,190.851851851852
35,1132,148,190.851851851852
35,1133,-335,-236.284768211921
35,1134,-169,-80.9473684210526
35,1135,55,12.3095238095238
35,1136,59,-11.140625
35,1137,-13,-11.140625
35,1138,11,-21.564
35,1139,0,60.4
35,1140,168,116.027027027027
35,1141,373,255.831325301205
35,1142,31,-58
35,1143,-235,-143.452380952381
35,1144,-202,-145.961538461538
35,1145,-144,12.3095238095238
35,1146,-86,12.3095238095238
35,1147,-84,-68.3850267379679
35,1148,-52,-68.3850267379679
35,1149,-12,-31.9672897196262
35,1150,-10,0.725
35,1151,6,1.27725856697819
35,1152,-8,1.27725856697819
35,1153,25,1.27725856697819
35,1154,107,77.7719298245614
35,1155,167,190.851851851852
35,1156,310,190.851851851852
35,1157,-328,-304.074074074074
35,1158,-160,-143.452380952381
35,1159,-60,-21
35,1160,30,-31.9672897196262
35,1161,-36,16.1076923076923
35,1162,1,-31.9672897196262
35,1163,56,1.27725856697819
35,1164,123,139.870967741935
35,1165,442,255.831325301205
35,1166,-28,-304.074074074074
35,1167,-162,-167.96992481203
35,1168,-105,-145.961538461538
35,1169,-112,-68.3850267379679
35,1170,-67,-68.3850267379679
35,1171,-118,-31.9672897196262
35,1172,-55,-68.3850267379679
35,1173,-6,-31.9672897196262
35,1174,-24,0.725
35,1175,4,-21.564
35,1176,2,1.27725856697819
35,1177,30,1.27725856697819
35,1178,154,77.7719298245614
35,1179,311,190.851851851852
35,1180,208,-149.65
35,1181,-361,-236.284768211921
35,1182,-154,-143.452380952381
35,1183,48,12.3095238095238
35,1184,88,-11.140625
35,1185,-79,-11.140625
35,1186,65,-68.3850267379679
35,1187,-39,-113.315789473684
35,1188,111,-31.9672897196262
35,1189,465,255.831325301205
35,1190,-113,-11.140625
35,1191,-73,-143.452380952381
35,1192,-223,-145.961538461538
35,1193,-52,-68.3850267379679
35,1194,-158,12.3095238095238
35,1195,-85,-68.3850267379679
35,1196,-105,-68.3850267379679
35,1197,-27,-68.3850267379679
35,1198,-12,0.725
35,1199,-4,-21.564
35,1200,1,1.27725856697819
35,1201,34,1.27725856697819
35,1202,141,77.7719298245614
35,1203,325,190.851851851852
35,1204,213,-149.65
35,1205,-362,-236.284768211921
35,1206,-178,-143.452380952381
35,1207,49,12.3095238095238
35,1208,37,-11.140625
35,1209,19,16.1076923076923
35,1210,14,-46.4444444444444
35,1211,26,116.027027027027
35,1212,114,116.027027027027
35,1213,429,255.831325301205
35,1214,-44,-11.140625
35,1215,-244,-143.452380952381
35,1216,-144,-145.961538461538
35,1217,-98,12.3095238095238
35,1218,-95,-68.3850267379679
35,1219,-70,-68.3850267379679
35,1220,-78,-31.9672897196262
35,1221,-43,-68.3850267379679
35,1222,-36,-31.9672897196262
35,1223,-10,-31.9672897196262
35,1224,9,1.27725856697819
35,1225,19,1.27725856697819
35,1226,118,77.7719298245614
35,1227,279,190.851851851852
35,1228,223,-149.65
35,1229,-287,-143.452380952381
35,1230,-150,-143.452380952381
35,1231,70,12.3095238095238
35,1232,117,-11.140625
35,1233,-10,-11.140625
35,1234,-17,-167.96992481203
35,1235,1,-21.564
35,1236,181,116.027027027027
35,1237,265,255.831325301205
35,1238,-130,-58
35,1239,-226,-167.96992481203
35,1240,-82,-21
35,1241,-52,12.3095238095238
35,1242,-12,-31.9672897196262
35,1243,-99,-21.564
35,1244,-85,-68.3850267379679
35,1245,-42,-68.3850267379679
35,1246,-28,-31.9672897196262
35,1247,-40,-21.564
35,1248,-19,-31.9672897196262
35,1249,15,-21.564
35,1250,24,77.7719298245614
35,1251,31,77.7719298245614
35,1252,126,77.7719298245614
35,1253,163,-68.3
35,1254,68,23.25
35,1255,131,-143.452380952381
35,1256,37,-19.6538461538462
35,1257,14,23.25
35,1258,-44,16.1076923076923
35,1259,10,-31.9672897196262
35,1260,-41,1.27725856697819
35,1261,51,-31.9672897196262
35,1262,-22,-11.140625
35,1263,-110,-21.564
35,1264,-109,-68.3850267379679
35,1265,-62,-68.3850267379679
35,1266,-10,-31.9672897196262
35,1267,-97,1.27725856697819
35,1268,-35,-68.3850267379679
35,1269,-60,-31.9672897196262
35,1270,-14,-31.9672897196262
35,1271,-46,-21.564
35,1272,-10,-31.9672897196262
35,1273,-1,1.27725856697819
35,1274,6,1.27725856697819
35,1275,25,1.27725856697819
35,1276,71,77.7719298245614
35,1277,155,190.851851851852
35,1278,162,190.851851851852
35,1279,110,23.25
35,1280,69,-143.452380952381
35,1281,-1,-19.6538461538462
35,1282,-32,1.27725856697819
35,1283,-119,-21.564
35,1284,117,-68.3850267379679
35,1285,13,-11.140625
35,1286,-80,-167.96992481203
35,1287,-123,-68.3850267379679
35,1288,-88,-68.3850267379679
35,1289,-56,-68.3850267379679
35,1290,-93,-31.9672897196262
35,1291,-45,-68.3850267379679
35,1292,-68,-31.9672897196262
35,1293,-26,-31.9672897196262
35,1294,-5,-21.564
35,1295,-5,1.27725856697819
35,1296,5,1.27725856697819
35,1297,14,1.27725856697819
35,1298,14,77.7719298245614
35,1299,108,77.7719298245614
35,1300,329,190.851851851852
35,1301,-224,-68.3
35,1302,-159,-143.452380952381
35,1303,30,-21
35,1304,47,16.1076923076923
35,1305,57,-11.140625
35,1306,-6,-113.315789473684
35,1307,18,1.27725856697819
35,1308,95,60.4
35,1309,391,255.831325301205
35,1310,-81,-11.140625
35,1311,-179,-167.96992481203
35,1312,-101,-145.961538461538
35,1313,-89,-68.3850267379679
35,1314,-109,-68.3850267379679
35,1315,-90,-68.3850267379679
35,1316,-39,-68.3850267379679
35,1317,-21,-31.9672897196262
35,1318,1,0.725
35,1319,-7,1.27725856697819
35,1320,2,1.27725856697819
35,1321,27,1.27725856697819
35,1322,124,77.7719298245614
35,1323,319,190.851851851852
35,1324,193,-149.65
35,1325,-345,-236.284768211921
35,1326,-148,-143.452380952381
35,1327,50,12.3095238095238
35,1328,62,-11.140625
35,1329,-20,-11.140625
35,1330,-45,-21.564
35,1331,32,-31.9672897196262
35,1332,75,116.027027027027
35,1333,477,255.831325301205
35,1334,-16,-113.315789473684
35,1335,-281,-167.96992481203
35,1336,-56,-145.961538461538
35,1337,-182,12.3095238095238
35,1338,15,-68.3850267379679
35,1339,-166,16.1076923076923
35,1340,-72,-68.3850267379679
35,1341,-26,-68.3850267379679
35,1342,-21,116.027027027027
35,1343,2,-21.564
35,1344,-1,1.27725856697819
35,1345,32,1.27725856697819
35,1346,126,60.4
35,1347,299,190.851851851852
35,1348,179,-149.65
35,1349,-327,-236.284768211921
35,1350,-149,-143.452380952381
35,1351,21,12.3095238095238
35,1352,-8,16.1076923076923
35,1353,31,1.27725856697819
35,1354,-21,-46.4444444444444
35,1355,-11,-21.564
35,1356,156,116.027027027027
35,1357,356,255.831325301205
35,1358,-19,23.25
35,1359,-133,-173.941176470588
35,1360,-132,-145.961538461538
35,1361,-63,-68.3850267379679
35,1362,-87,-31.9672897196262
35,1363,-134,-68.3850267379679
35,1364,-54,-68.3850267379679
35,1365,-51,-31.9672897196262
35,1366,0,-31.9672897196262
35,1367,-7,1.27725856697819
35,1368,1,1.27725856697819
35,1369,28,1.27725856697819
35,1370,110,77.7719298245614
35,1371,313,190.851851851852
35,1372,127,190.851851851852
35,1373,-334,-236.284768211921
35,1374,-106,-80.9473684210526
35,1375,11,12.3095238095238
35,1376,54,16.1076923076923
35,1377,-43,-11.140625
35,1378,4,-31.9672897196262
35,1379,18,1.27725856697819
35,1380,126,116.027027027027
35,1381,295,255.831325301205
35,1382,25,-58
35,1383,-141,-167.96992481203
35,1384,-63,-145.961538461538
35,1385,-125,-31.9672897196262
35,1386,-68,-68.3850267379679
35,1387,-97,-31.9672897196262
35,1388,-53,-68.3850267379679
35,1389,-62,-31.9672897196262
35,1390,-19,-31.9672897196262
35,1391,-5,-21.564
35,1392,3,1.27725856697819
35,1393,28,1.27725856697819
35,1394,84,77.7719298245614
35,1395,237,190.851851851852
35,1396,254,190.851851851852
35,1397,-280,-236.284768211921
35,1398,-148,-143.452380952381
35,1399,51,-21
35,1400,18,-11.140625
35,1401,46,16.1076923076923
35,1402,-37,-113.315789473684
35,1403,21,-31.9672897196262
35,1404,96,116.027027027027
35,1405,266,255.831325301205
35,1406,-141,-11.140625
35,1407,-143,-167.96992481203
35,1408,-160,-21
35,1409,15,-68.3850267379679
35,1410,-20,77.7719298245614
35,1411,-23,-21.564
35,1412,-58,-21.564
35,1413,7,-31.9672897196262
35,1414,-30,0.725
35,1415,-51,-21.564
35,1416,-23,-31.9672897196262
35,1417,-7,-21.564
35,1418,35,1.27725856697819
35,1419,31,77.7719298245614
35,1420,89,77.7719298245614
35,1421,165,190.851851851852
35,1422,162,139.870967741935
35,1423,22,-143.452380952381
35,1424,86,-143.452380952381
35,1425,-38,-19.6538461538462
35,1426,45,-31.9672897196262
35,1427,-126,16.1076923076923
35,1428,30,-68.3850267379679
35,1429,17,-46.4444444444444
35,1430,-49,116.027027027027
35,1431,-56,-31.9672897196262
35,1432,-39,-31.9672897196262
35,1433,-64,-31.9672897196262
35,1434,-43,-31.9672897196262
35,1435,-54,-31.9672897196262
35,1436,-62,-31.9672897196262
35,1437,-36,-31.9672897196262
35,1438,-13,-31.9672897196262
35,1439,-54,-21.564
35,1440,-47,-31.9672897196262
35,1441,-5,-31.9672897196262
35,1442,17,1.27725856697819
35,1443,46,77.7719298245614
35,1444,70,148.425287356322
35,1445,91,190.851851851852
35,1446,220,139.870967741935
35,1447,54,139.870967741935
35,1448,50,-143.452380952381
35,1449,29,-19.6538461538462
35,1450,-34,16.1076923076923
35,1451,-64,-31.9672897196262
35,1452,-26,-31.9672897196262
35,1453,71,-21.564
35,1454,2,-11.140625
35,1455,-111,0.725
35,1456,-91,-68.3850267379679
35,1457,-79,-68.3850267379679
35,1458,-75,-68.3850267379679
35,1459,-91,-68.3850267379679
35,1460,-19,-68.3850267379679
35,1461,-37,-21.564
35,1462,-17,-31.9672897196262
35,1463,-9,-21.564
35,1464,-1,1.27725856697819
35,1465,39,1.27725856697819
35,1466,115,77.7719298245614
35,1467,327,190.851851851852
35,1468,123,-149.65
35,1469,-340,-236.284768211921
35,1470,-84,-80.9473684210526
35,1471,-3,12.3095238095238
35,1472,89,1.27725856697819
35,1473,-10,-11.140625
35,1474,-9,1.27725856697819
35,1475,-18,1.27725856697819
35,1476,181,116.027027027027
35,1477,419,255.831325301205
35,1478,-42,-149.65
35,1479,-209,-167.96992481203
35,1480,-107,-145.961538461538
35,1481,-144,12.3095238095238
35,1482,-144,-68.3850267379679
35,1483,-84,-68.3850267379679
35,1484,-66,-68.3850267379679
35,1485,-7,-31.9672897196262
35,1486,-21,0.725
35,1487,0,-21.564
35,1488,1,1.27725856697819
35,1489,29,1.27725856697819
35,1490,149,77.7719298245614
35,1491,364,190.851851851852
35,1492,104,-149.65
35,1493,-328,-236.284768211921
35,1494,-138,-145.961538461538
35,1495,45,12.3095238095238
35,1496,73,16.1076923076923
35,1497,-2,-11.140625
35,1498,-39,1.27725856697819
35,1499,50,-31.9672897196262
35,1500,99,139.870967741935
35,1501,484,255.831325301205
35,1502,-76,-113.315789473684
35,1503,-212,-167.96992481203
35,1504,-107,-145.961538461538
35,1505,-177,12.3095238095238
35,1506,-83,-68.3850267379679
35,1507,-114,-68.3850267379679
35,1508,-77,-68.3850267379679
35,1509,-31,-68.3850267379679
35,1510,-9,0.725
35,1511,-6,1.27725856697819
35,1512,3,1.27725856697819
35,1513,25,1.27725856697819
35,1514,164,77.7719298245614
35,1515,327,190.851851851852
35,1516,160,-149.65
35,1517,-405,-236.284768211921
35,1518,-110,-143.452380952381
35,1519,37,12.3095238095238
35,1520,113,16.1076923076923
35,1521,-1,-11.140625
35,1522,-51,1.27725856697819
35,1523,-21,-31.9672897196262
35,1524,143,116.027027027027
35,1525,451,255.831325301205
35,1526,-39,-58
35,1527,-161,-167.96992481203
35,1528,-198,-145.961538461538
35,1529,-78,-68.3850267379679
35,1530,-70,-68.3850267379679
35,1531,-138,-31.9672897196262
35,1532,-105,-68.3850267379679
35,1533,-29,-68.3850267379679
35,1534,-12,0.725
35,1535,-6,-21.564
35,1536,4,1.27725856697819
35,1537,36,1.27725856697819
35,1538,146,77.7719298245614
35,1539,315,190.851851851852
35,1540,109,-149.65
35,1541,-266,-236.284768211921
35,1542,-167,-145.961538461538
35,1543,27,12.3095238095238
35,1544,65,16.1076923076923
35,1545,-40,-11.140625
35,1546,18,-31.9672897196262
35,1547,-35,116.027027027027
35,1548,168,-31.9672897196262
35,1549,318,255.831325301205
35,1550,-8,-58
35,1551,-126,-143.452380952381
35,1552,-101,-145.961538461538
35,1553,-72,-68.3850267379679
35,1554,-124,-68.3850267379679
35,1555,-103,-68.3850267379679
35,1556,-57,-68.3850267379679
35,1557,-72,-31.9672897196262
35,1558,-24,-68.3850267379679
35,1559,-10,-21.564
35,1560,2,1.27725856697819
35,1561,35,1.27725856697819
35,1562,118,77.7719298245614
35,1563,217,190.851851851852
35,1564,244,-149.65
35,1565,-324,-236.284768211921
35,1566,-129,-143.452380952381
35,1567,17,12.3095238095238
35,1568,38,16.1076923076923
35,1569,13,16.1076923076923
35,1570,-6,-46.4444444444444
35,1571,-3,1.27725856697819
35,1572,121,116.027027027027
35,1573,188,255.831325301205
35,1574,-75,23.25
35,1575,-101,-167.96992481203
35,1576,-55,-68.3850267379679
35,1577,-72,-31.9672897196262
35,1578,-73,-68.3850267379679
35,1579,-115,-68.3850267379679
35,1580,21,-68.3850267379679
35,1581,-11,60.4
35,1582,3,0.725
35,1583,-38,1.27725856697819
35,1584,-5,-31.9672897196262
35,1585,-8,1.27725856697819
35,1586,32,1.27725856697819
35,1587,50,77.7719298245614
35,1588,102,148.425287356322
35,1589,81,-113.315789473684
35,1590,129,139.870967741935
35,1591,48,-68.3
35,1592,19,23.25
35,1593,-43,77.7719298245614
35,1594,-19,-31.9672897196262
35,1595,-5,-21.564
35,1596,-31,1.27725856697819
35,1597,-11,-21.564
35,1598,-23,-21.564
35,1599,35,-21.564
35,1600,-82,60.4
35,1601,-79,-68.3850267379679
35,1602,-41,-68.3850267379679
35,1603,-20,-31.9672897196262
35,1604,-3,-21.564
35,1605,-56,1.27725856697819
35,1606,-3,-31.9672897196262
35,1607,-57,1.27725856697819
35,1608,-29,-31.9672897196262
35,1609,6,-21.564
35,1610,17,1.27725856697819
35,1611,23,77.7719298245614
35,1612,92,16.1076923076923
35,1613,77,120.083333333333
35,1614,147,139.870967741935
35,1615,11,-68.3
35,1616,56,-80.9473684210526
35,1617,-13,-19.6538461538462
35,1618,24,-21.564
35,1619,-99,16.1076923076923
35,1620,-32,-68.3850267379679
35,1621,100,-21.564
35,1622,-43,-11.140625
35,1623,12,-31.9672897196262
35,1624,-50,-46.4444444444444
35,1625,-74,-31.9672897196262
35,1626,-107,-68.3850267379679
35,1627,-41,-68.3850267379679
35,1628,-67,-31.9672897196262
35,1629,-26,-31.9672897196262
35,1630,-2,-21.564
35,1631,-10,1.27725856697819
35,1632,7,1.27725856697819
35,1633,28,1.27725856697819
35,1634,96,77.7719298245614
35,1635,262,190.851851851852
35,1636,170,190.851851851852
35,1637,-273,-143.452380952381
35,1638,-121,-143.452380952381
35,1639,27,12.3095238095238
35,1640,56,16.1076923076923
35,1641,-21,-11.140625
35,1642,-6,-21.564
35,1643,4,1.27725856697819
35,1644,131,116.027027027027
35,1645,382,255.831325301205
35,1646,-17,-58
35,1647,-149,-167.96992481203
35,1648,-186,-145.961538461538
35,1649,-137,-68.3850267379679
35,1650,-70,-68.3850267379679
35,1651,-86,-31.9672897196262
35,1652,-49,-68.3850267379679
35,1653,-39,-31.9672897196262
35,1654,-4,-31.9672897196262
35,1655,-8,1.27725856697819
35,1656,4,1.27725856697819
35,1657,29,1.27725856697819
35,1658,119,77.7719298245614
35,1659,329,190.851851851852
35,1660,163,-149.65
35,1661,-374,-236.284768211921
35,1662,-63,-143.452380952381
35,1663,8,12.3095238095238
35,1664,55,1.27725856697819
35,1665,11,-11.140625
35,1666,27,-46.4444444444444
35,1667,91,60.4
35,1668,126,139.870967741935
35,1669,195,255.831325301205
35,1670,-95,23.25
35,1671,-130,-143.452380952381
35,1672,-121,-68.3850267379679
35,1673,-180,-68.3850267379679
35,1674,-19,-68.3850267379679
35,1675,-6,-21.564
35,1676,-12,1.27725856697819
35,1677,-36,-21.564
35,1678,-30,-31.9672897196262
35,1679,-61,-21.564
35,1680,-16,-31.9672897196262
35,1681,3,-21.564
35,1682,13,1.27725856697819
35,1683,40,77.7719298245614
35,1684,81,77.7719298245614
35,1685,140,190.851851851852
35,1686,154,139.870967741935
35,1687,38,23.25
35,1688,9,23.25
35,1689,5,1.27725856697819
35,1690,48,1.27725856697819
35,1691,-93,-11.140625
35,1692,-65,-68.3850267379679
35,1693,25,-31.9672897196262
35,1694,16,116.027027027027
35,1695,2,0.725
35,1696,119,1.27725856697819
35,1697,33,120.083333333333
35,1698,-82,23.25
35,1699,-319,-68.3850267379679
35,1700,-95,-68.3850267379679
35,1701,-58,12.3095238095238
35,1702,-12,-31.9672897196262
35,1703,-11,-21.564
35,1704,0,-21.564
35,1705,22,1.27725856697819
35,1706,104,77.7719298245614
35,1707,210,255.831325301205
35,1708,207,190.851851851852
35,1709,-257,-236.284768211921
35,1710,-107,-143.452380952381
35,1711,58,12.3095238095238
35,1712,32,-11.140625
35,1713,34,16.1076923076923
35,1714,-69,-46.4444444444444
35,1715,13,-31.9672897196262
35,1716,179,116.027027027027
35,1717,256,255.831325301205
35,1718,-82,-143.452380952381
35,1719,-104,-167.96992481203
35,1720,-182,-145.961538461538
35,1721,2,-68.3850267379679
35,1722,-98,1.27725856697819
35,1723,-94,-68.3850267379679
35,1724,-29,-68.3850267379679
35,1725,-73,116.027027027027
35,1726,-12,-68.3850267379679
35,1727,-10,-21.564
35,1728,-1,1.27725856697819
35,1729,29,1.27725856697819
35,1730,96,77.7719298245614
35,1731,222,190.851851851852
35,1732,232,190.851851851852
35,1733,-281,-236.284768211921
35,1734,-94,-143.452380952381
35,1735,23,12.3095238095238
35,1736,98,16.1076923076923
35,1737,-38,-11.140625
35,1738,-18,-31.9672897196262
35,1739,10,-21.564
35,1740,84,116.027027027027
35,1741,207,255.831325301205
35,1742,-16,-11.140625
35,1743,-142,-167.96992481203
35,1744,-82,-68.3850267379679
35,1745,-36,-68.3850267379679
35,1746,-12,-31.9672897196262
35,1747,-124,-21.564
35,1748,-14,-68.3850267379679
35,1749,-79,-21.564
35,1750,-13,-68.3850267379679
35,1751,-27,-21.564
35,1752,-15,-21.564
35,1753,-2,-21.564
35,1754,17,1.27725856697819
35,1755,40,77.7719298245614
35,1756,81,77.7719298245614
35,1757,104,190.851851851852
35,1758,69,71.7727272727273
35,1759,42,71.7727272727273
35,1760,-25,77.7719298245614
35,1761,18,-21.564
35,1762,-52,16.1076923076923
35,1763,-2,-31.9672897196262
35,1764,-12,1.27725856697819
35,1765,-15,-21.564
35,1766,-2,-21.564
35,1767,10,1.27725856697819
35,1768,-11,1.27725856697819
35,1769,-75,-21.564
35,1770,19,-68.3850267379679
35,1771,-72,60.4
35,1772,-1,-68.3850267379679
35,1773,-23,1.27725856697819
35,1774,-54,-21.564
35,1775,-35,-31.9672897196262
35,1776,-22,-31.9672897196262
35,1777,-7,-21.564
35,1778,15,1.27725856697819
35,1779,31,77.7719298245614
35,1780,78,60.4
35,1781,112,190.851851851852
35,1782,77,139.870967741935
35,1783,70,71.7727272727273
35,1784,-13,71.7727272727273
35,1785,-39,-21.564
35,1786,-25,-31.9672897196262
35,1787,-14,-21.564
35,1788,-7,-21.564
35,1789,-21,1.27725856697819
35,1790,-17,-21.564
35,1791,-3,-21.564
35,1792,35,1.27725856697819
35,1793,-78,77.7719298245614
35,1794,-85,-68.3850267379679
35,1795,1,-68.3850267379679
35,1796,-84,1.27725856697819
35,1797,-21,-68.3850267379679
35,1798,-13,-21.564
35,1799,0,-21.564
35,1800,-3,1.27725856697819
35,1801,26,1.27725856697819
35,1802,64,77.7719298245614
35,1803,138,148.425287356322
35,1804,225,190.851851851852
35,1805,-92,-236.284768211921
35,1806,-188,-143.452380952381
35,1807,41,-68.3850267379679
35,1808,50,16.1076923076923
35,1809,-11,-11.140625
35,1810,-13,-21.564
35,1811,38,-21.564
35,1812,133,116.027027027027
35,1813,436,190.851851851852
35,1814,23,-58
35,1815,-241,-167.96992481203
35,1816,-184,-145.961538461538
35,1817,-116,12.3095238095238
35,1818,-107,-68.3850267379679
35,1819,-93,-68.3850267379679
35,1820,-62,-68.3850267379679
35,1821,-54,-31.9672897196262
35,1822,1,-31.9672897196262
35,1823,-13,1.27725856697819
35,1824,1,-21.564
35,1825,38,1.27725856697819
35,1826,145,77.7719298245614
35,1827,333,190.851851851852
35,1828,129,-149.65
35,1829,-318,-236.284768211921
35,1830,-141,-80.9473684210526
35,1831,59,12.3095238095238
35,1832,23,-11.140625
35,1833,8,16.1076923076923
35,1834,-38,1.27725856697819
35,1835,23,-31.9672897196262
35,1836,170,116.027027027027
35,1837,437,255.831325301205
35,1838,-53,-143.452380952381
35,1839,-405,-167.96992481203
35,1840,-330,-145.961538461538
35,1841,6,12.3095238095238
35,1842,49,1.27725856697819
35,1843,-36,-11.140625
35,1844,-59,-31.9672897196262
35,1845,-30,-31.9672897196262
35,1846,-9,116.027027027027
35,1847,0,1.27725856697819
35,1848,2,1.27725856697819
35,1849,34,1.27725856697819
35,1850,144,60.4
35,1851,312,190.851851851852
35,1852,177,-149.65
35,1853,-346,-236.284768211921
35,1854,-133,-143.452380952381
35,1855,34,12.3095238095238
35,1856,63,16.1076923076923
35,1857,-19,-11.140625
35,1858,-32,-21.564
35,1859,35,116.027027027027
35,1860,135,116.027027027027
35,1861,419,255.831325301205
35,1862,-16,-58
35,1863,-181,-167.96992481203
35,1864,-150,-145.961538461538
35,1865,-92,-68.3850267379679
35,1866,-147,-68.3850267379679
35,1867,-92,-68.3850267379679
35,1868,-96,-68.3850267379679
35,1869,-35,-68.3850267379679
35,1870,-12,-31.9672897196262
35,1871,1,-21.564
35,1872,-5,1.27725856697819
35,1873,39,1.27725856697819
35,1874,134,77.7719298245614
35,1875,334,190.851851851852
35,1876,190,-149.65
35,1877,-375,-236.284768211921
35,1878,-113,-143.452380952381
35,1879,1,12.3095238095238
35,1880,77,1.27725856697819
35,1881,-15,-11.140625
35,1882,-68,-21.564
35,1883,62,-31.9672897196262
35,1884,168,139.870967741935
35,1885,356,255.831325301205
35,1886,30,-304.074074074074
35,1887,-196,-167.96992481203
35,1888,-115,-145.961538461538
35,1889,-141,-68.3850267379679
35,1890,-55,-68.3850267379679
35,1891,-107,-31.9672897196262
35,1892,-116,-68.3850267379679
35,1893,-36,-68.3850267379679
35,1894,-42,-31.9672897196262
35,1895,-8,-31.9672897196262
35,1896,2,1.27725856697819
35,1897,23,1.27725856697819
35,1898,93,77.7719298245614
35,1899,253,190.851851851852
35,1900,333,190.851851851852
35,1901,-299,-304.074074074074
35,1902,-146,-143.452380952381
35,1903,20,-21
35,1904,91,16.1076923076923
35,1905,-5,-11.140625
35,1906,-5,1.27725856697819
35,1907,-16,1.27725856697819
35,1908,139,116.027027027027
35,1909,343,255.831325301205
35,1910,-204,-58
35,1911,-143,-167.96992481203
35,1912,-99,-21
35,1913,-90,-68.3850267379679
35,1914,-36,-68.3850267379679
35,1915,-51,-31.9672897196262
35,1916,-21,-31.9672897196262
35,1917,-73,0.725
35,1918,-17,-68.3850267379679
35,1919,-61,-21.564
35,1920,-31,-31.9672897196262
35,1921,-4,-21.564
35,1922,30,1.27725856697819
35,1923,13,77.7719298245614
35,1924,103,77.7719298245614
35,1925,131,190.851851851852
35,1926,119,139.870967741935
35,1927,38,23.25
35,1928,60,23.25
35,1929,92,-19.6538461538462
35,1930,41,-19.6538461538462
35,1931,-72,16.1076923076923
35,1932,6,-68.3850267379679
35,1933,-108,1.27725856697819
35,1934,-107,-68.3850267379679
35,1935,80,-68.3850267379679
35,1936,-75,-11.140625
35,1937,-87,-68.3850267379679
35,1938,-44,-68.3850267379679
35,1939,-14,-31.9672897196262
35,1940,-24,-21.564
35,1941,-19,-21.564
35,1942,-53,-21.564
35,1943,-58,-31.9672897196262
35,1944,-38,-31.9672897196262
35,1945,-10,-31.9672897196262
35,1946,6,1.27725856697819
35,1947,32,1.27725856697819
35,1948,86,77.7719298245614
35,1949,88,190.851851851852
35,1950,161,190.851851851852
35,1951,69,139.870967741935
35,1952,38,-143.452380952381
35,1953,-9,77.7719298245614
35,1954,-4,1.27725856697819
35,1955,13,1.27725856697819
35,1956,6,-46.4444444444444
35,1957,-59,1.27725856697819
35,1958,-124,-31.9672897196262
35,1959,0,-68.3850267379679
35,1960,-18,1.27725856697819
35,1961,-71,-21.564
35,1962,-93,-68.3850267379679
35,1963,-39,-68.3850267379679
35,1964,-48,-31.9672897196262
35,1965,-32,-31.9672897196262
35,1966,4,-21.564
35,1967,-9,1.27725856697819
35,1968,6,1.27725856697819
35,1969,38,1.27725856697819
35,1970,90,77.7719298245614
35,1971,343,190.851851851852
35,1972,184,190.851851851852
35,1973,-319,-143.452380952381
35,1974,-162,-143.452380952381
35,1975,-4,12.3095238095238
35,1976,55,1.27725856697819
35,1977,2,-11.140625
35,1978,-27,1.27725856697819
35,1979,25,-21.564
35,1980,149,116.027027027027
35,1981,369,255.831325301205
35,1982,39,-149.65
35,1983,-199,-167.96992481203
35,1984,-141,-145.961538461538
35,1985,-126,12.3095238095238
35,1986,-44,-68.3850267379679
35,1987,-118,-31.9672897196262
35,1988,-113,-68.3850267379679
35,1989,-28,-68.3850267379679
35,1990,-18,0.725
35,1991,-4,-21.564
35,1992,4,1.27725856697819
35,1993,31,1.27725856697819
35,1994,175,77.7719298245614
35,1995,313,190.851851851852
35,1996,135,-149.65
35,1997,-341,-236.284768211921
35,1998,-161,-80.9473684210526
35,1999,47,12.3095238095238
35,2000,48,-11.140625
35,2001,-33,-11.140625
35,2002,-7,-21.564
35,2003,30,116.027027027027
35,2004,137,116.027027027027
35,2005,389,255.831325301205
35,2006,2,-58
35,2007,-225,-167.96992481203
35,2008,-120,-145.961538461538
35,2009,-94,12.3095238095238
35,2010,-89,-68.3850267379679
35,2011,-83,-68.3850267379679
35,2012,-108,-68.3850267379679
35,2013,-37,-68.3850267379679
35,2014,-8,-31.9672897196262
35,2015,-4,1.27725856697819
35,2016,2,1.27725856697819
35,2017,40,1.27725856697819
35,2018,116,77.7719298245614
35,2019,333,190.851851851852
35,2020,184,-149.65
35,2021,-382,-236.284768211921
35,2022,-159,-143.452380952381
35,2023,45,12.3095238095238
35,2024,19,16.1076923076923
35,2025,1,16.1076923076923
35,2026,-33,1.27725856697819
35,2027,24,-21.564
35,2028,30,116.027027027027
35,2029,146,116.027027027027
35,2030,273,-11.140625
35,2031,-127,-167.96992481203
35,2032,-150,-143.452380952381
35,2033,-47,-21
35,2034,-31,-31.9672897196262
35,2035,-157,-21.564
35,2036,-65,-68.3850267379679
35,2037,-41,-31.9672897196262
35,2038,-18,-31.9672897196262
35,2039,-2,0.725
35,2040,3,1.27725856697819
35,2041,32,1.27725856697819
35,2042,112,77.7719298245614
35,2043,321,190.851851851852
35,2044,184,190.851851851852
35,2045,-339,-236.284768211921
35,2046,-120,-143.452380952381
35,2047,18,12.3095238095238
35,2048,58,16.1076923076923
35,2049,-20,-11.140625
35,2050,-57,-21.564
35,2051,95,-31.9672897196262
35,2052,66,139.870967741935
35,2053,413,255.831325301205
35,2054,6,-113.315789473684
35,2055,-244,-167.96992481203
35,2056,-28,-145.961538461538
35,2057,-173,-21.564
35,2058,-264,-68.3850267379679
35,2059,-3,-68.3850267379679
35,2060,-31,1.27725856697819
35,2061,-23,-21.564
35,2062,8,0.725
35,2063,17,1.27725856697819
35,2064,-27,77.7719298245614
35,2065,33,-21.564
35,2066,84,77.7719298245614
35,2067,234,71.7727272727273
35,2068,331,190.851851851852
35,2069,-318,-167.96992481203
35,2070,-140,-143.452380952381
35,2071,-21,-21
35,2072,62,-21.564
35,2073,-118,-11.140625
35,2074,73,-68.3850267379679
35,2075,-13,-113.315789473684
35,2076,220,116.027027027027
35,2077,279,255.831325301205
35,2078,-93,-149.65
35,2079,-220,-143.452380952381
35,2080,-151,-145.961538461538
35,2081,-129,12.3095238095238
35,2082,13,-68.3850267379679
35,2083,31,77.7719298245614
35,2084,-63,60.4
35,2085,-31,-31.9672897196262
35,2086,-12,116.027027027027
35,2087,-35,-21.564
35,2088,-9,-31.9672897196262
35,2089,1,1.27725856697819
35,2090,-2,1.27725856697819
35,2091,22,1.27725856697819
35,2092,75,77.7719298245614
35,2093,95,190.851851851852
35,2094,61,190.851851851852
35,2095,37,71.7727272727273
35,2096,152,77.7719298245614
35,2097,-103,-19.6538461538462
35,2098,-11,-80.9473684210526
35,2099,37,-21.564
35,2100,-54,-46.4444444444444
35,2101,-85,-31.9672897196262
35,2102,-64,-68.3850267379679
35,2103,61,-31.9672897196262
35,2104,-24,148.425287356322
35,2105,-51,0.725
35,2106,17,-31.9672897196262
35,2107,-31,60.4
35,2108,-36,-21.564
35,2109,17,-31.9672897196262
35,2110,-8,77.7719298245614
35,2111,-79,1.27725856697819
35,2112,-27,-68.3850267379679
35,2113,-10,-21.564
35,2114,13,1.27725856697819
35,2115,19,77.7719298245614
35,2116,115,77.7719298245614
35,2117,105,190.851851851852
35,2118,121,-149.65
35,2119,126,71.7727272727273
35,2120,-1,23.25
35,2121,122,-80.9473684210526
35,2122,-10,-19.6538461538462
35,2123,8,-80.9473684210526
35,2124,4,1.27725856697819
35,2125,-72,1.27725856697819
35,2126,-41,-68.3850267379679
35,2127,7,-31.9672897196262
35,2128,-144,1.27725856697819
35,2129,-33,-68.3850267379679
35,2130,-154,-21.564
35,2131,-68,-68.3850267379679
35,2132,-76,-31.9672897196262
35,2133,-20,-68.3850267379679
35,2134,-10,-21.564
35,2135,-15,1.27725856697819
35,2136,6,-21.564
35,2137,43,1.27725856697819
35,2138,106,77.7719298245614
35,2139,264,190.851851851852
35,2140,317,190.851851851852
35,2141,-393,-143.452380952381
35,2142,-145,-143.452380952381
35,2143,-2,-21
35,2144,116,1.27725856697819
35,2145,-74,-11.140625
35,2146,31,-167.96992481203
35,2147,10,60.4
35,2148,176,116.027027027027
35,2149,390,255.831325301205
35,2150,-106,-149.65
35,2151,-159,-143.452380952381
35,2152,-179,-145.961538461538
35,2153,-107,-68.3850267379679
35,2154,-87,-68.3850267379679
35,2155,-95,-68.3850267379679
35,2156,-50,-68.3850267379679
35,2157,-47,-31.9672897196262
35,2158,-1,-31.9672897196262
35,2159,-10,1.27725856697819
35,2160,0,1.27725856697819
35,2161,44,1.27725856697819
35,2162,140,77.7719298245614
35,2163,326,190.851851851852
35,2164,227,-149.65
35,2165,-404,-236.284768211921
35,2166,-121,-143.452380952381
35,2167,-17,12.3095238095238
35,2168,28,-21.564
35,2169,44,-46.4444444444444
35,2170,-29,-46.4444444444444
35,2171,41,116.027027027027
35,2172,170,116.027027027027
35,2173,414,255.831325301205
35,2174,8,-143.452380952381
35,2175,-245,-167.96992481203
35,2176,-109,-145.961538461538
35,2177,-145,12.3095238095238
35,2178,-109,-68.3850267379679
35,2179,-77,-68.3850267379679
35,2180,-126,-68.3850267379679
35,2181,-38,-68.3850267379679
35,2182,-16,-31.9672897196262
35,2183,0,-21.564
35,2184,-8,1.27725856697819
35,2185,55,1.27725856697819
35,2186,131,148.425287356322
35,2187,317,190.851851851852
35,2188,281,-304.074074074074
35,2189,-446,-304.074074074074
35,2190,-111,-143.452380952381
35,2191,50,-21
35,2192,29,-11.140625
35,2193,2,-46.4444444444444
35,2194,-65,1.27725856697819
35,2195,70,-31.9672897196262
35,2196,167,139.870967741935
35,2197,429,255.831325301205
35,2198,-22,-58
35,2199,-193,-167.96992481203
35,2200,-131,-145.961538461538
35,2201,-170,-68.3850267379679
35,2202,-119,-68.3850267379679
35,2203,-39,-68.3850267379679
35,2204,-147,-31.9672897196262
35,2205,-63,-68.3850267379679
35,2206,-8,-31.9672897196262
35,2207,-13,1.27725856697819
35,2208,-4,-21.564
35,2209,38,1.27725856697819
35,2210,139,77.7719298245614
35,2211,314,190.851851851852
35,2212,234,-149.65
35,2213,-385,-236.284768211921
35,2214,-122,-143.452380952381
35,2215,-10,12.3095238095238
35,2216,67,1.27725856697819
35,2217,-37,-11.140625
35,2218,-29,-31.9672897196262
35,2219,25,116.027027027027
35,2220,136,116.027027027027
35,2221,364,255.831325301205
35,2222,-50,-149.65
35,2223,-74,-167.96992481203
35,2224,-168,-145.961538461538
35,2225,-175,-68.3850267379679
35,2226,-37,-68.3850267379679
35,2227,-89,-31.9672897196262
35,2228,-48,-68.3850267379679
35,2229,-43,-31.9672897196262
35,2230,-28,-31.9672897196262
35,2231,-14,-21.564
35,2232,-4,-21.564
35,2233,29,1.27725856697819
35,2234,102,77.7719298245614
35,2235,271,190.851851851852
35,2236,266,190.851851851852
35,2237,-313,-236.284768211921
35,2238,-132,-143.452380952381
35,2239,20,-21
35,2240,48,77.7719298245614
35,2241,15,-11.140625
35,2242,12,-46.4444444444444
35,2243,-3,60.4
35,2244,176,116.027027027027
35,2245,200,255.831325301205
35,2246,-77,-143.452380952381
35,2247,-106,-143.452380952381
35,2248,-162,-68.3850267379679
35,2249,-94,-68.3850267379679
35,2250,-61,-68.3850267379679
35,2251,-10,-31.9672897196262
35,2252,2,1.27725856697819
35,2253,-111,0.725
35,2254,10,-68.3850267379679
35,2255,-47,1.27725856697819
35,2256,-32,-31.9672897196262
35,2257,3,-21.564
35,2258,36,1.27725856697819
35,2259,26,77.7719298245614
35,2260,87,16.1076923076923
35,2261,174,-113.315789473684
35,2262,58,139.870967741935
35,2263,62,-143.452380952381
35,2264,30,-19.6538461538462
35,2265,11,16.1076923076923
35,2266,-4,16.1076923076923
35,2267,3,1.27725856697819
35,2268,-10,1.27725856697819
35,2269,-8,1.27725856697819
35,2270,2,116.027027027027
35,2271,-143,1.27725856697819
35,2272,-105,-68.3850267379679
35,2273,67,-68.3850267379679
35,2274,-24,120.083333333333
35,2275,-68,-21.564
35,2276,-20,-31.9672897196262
35,2277,-30,-21.564
35,2278,-46,-21.564
35,2279,-57,-31.9672897196262
35,2280,-42,-31.9672897196262
35,2281,4,-31.9672897196262
35,2282,1,1.27725856697819
35,2283,22,1.27725856697819
35,2284,87,77.7719298245614
35,2285,99,190.851851851852
35,2286,155,190.851851851852
35,2287,128,139.870967741935
35,2288,2,23.25
35,2289,-28,-80.9473684210526
35,2290,39,-21.564
35,2291,-21,16.1076923076923
35,2292,20,-21.564
35,2293,10,-46.4444444444444
35,2294,-112,1.27725856697819
35,2295,24,-68.3850267379679
35,2296,-140,16.1076923076923
35,2297,-32,-68.3850267379679
35,2298,-123,-21.564
35,2299,-48,-68.3850267379679
35,2300,-42,-31.9672897196262
35,2301,-39,-31.9672897196262
35,2302,-11,-31.9672897196262
35,2303,-5,-21.564
35,2304,2,1.27725856697819
35,2305,42,1.27725856697819
35,2306,114,77.7719298245614
35,2307,308,190.851851851852
35,2308,282,190.851851851852
35,2309,-458,-304.074074074074
35,2310,-104,-143.452380952381
35,2311,26,-21
35,2312,63,16.1076923076923
35,2313,-52,-11.140625
35,2314,28,-31.9672897196262
35,2315,-18,60.4
35,2316,189,116.027027027027
35,2317,402,255.831325301205
35,2318,-15,-58
35,2319,-147,-143.452380952381
35,2320,-203,-145.961538461538
35,2321,-140,-68.3850267379679
35,2322,-92,12.3095238095238
35,2323,-80,-68.3850267379679
35,2324,-112,-68.3850267379679
35,2325,-17,-68.3850267379679
35,2326,-13,0.725
35,2327,-2,-21.564
35,2328,0,1.27725856697819
35,2329,39,1.27725856697819
35,2330,149,77.7719298245614
35,2331,319,190.851851851852
35,2332,247,-149.65
35,2333,-427,-236.284768211921
35,2334,-106,-143.452380952381
35,2335,-3,12.3095238095238
35,2336,24,1.27725856697819
35,2337,40,16.1076923076923
35,2338,-28,-46.4444444444444
35,2339,-116,116.027027027027
35,2340,258,-68.3850267379679
35,2341,418,255.831325301205
35,2342,37,-143.452380952381
35,2343,-243,-167.96992481203
35,2344,-162,-145.961538461538
35,2345,-100,12.3095238095238
35,2346,-95,-68.3850267379679
35,2347,-110,-68.3850267379679
35,2348,-100,-68.3850267379679
35,2349,-14,-68.3850267379679
35,2350,-20,0.725
35,2351,-6,-21.564
35,2352,-3,1.27725856697819
35,2353,45,1.27725856697819
35,2354,136,77.7719298245614
35,2355,302,190.851851851852
35,2356,194,-149.65
35,2357,-331,-236.284768211921
35,2358,-114,-143.452380952381
35,2359,-2,12.3095238095238
35,2360,50,1.27725856697819
35,2361,-4,-11.140625
35,2362,-17,1.27725856697819
35,2363,32,116.027027027027
35,2364,184,116.027027027027
35,2365,358,255.831325301205
35,2366,54,-149.65
35,2367,-239,-167.96992481203
35,2368,-139,-145.961538461538
35,2369,-193,12.3095238095238
35,2370,-32,-68.3850267379679
35,2371,-136,-21.564
35,2372,-89,-68.3850267379679
35,2373,-21,-68.3850267379679
35,2374,-31,0.725
35,2375,-5,-21.564
35,2376,3,1.27725856697819
35,2377,32,1.27725856697819
35,2378,142,77.7719298245614
35,2379,290,190.851851851852
35,2380,266,-149.65
35,2381,-396,-236.284768211921
35,2382,-162,-143.452380952381
35,2383,45,-21
35,2384,60,16.1076923076923
35,2385,24,-11.140625
35,2386,-85,-46.4444444444444
35,2387,45,-68.3850267379679
35,2388,136,116.027027027027
35,2389,459,255.831325301205
35,2390,-98,23.25
35,2391,-160,-167.96992481203
35,2392,-180,-145.961538461538
35,2393,-85,-68.3850267379679
35,2394,-80,-68.3850267379679
35,2395,-85,-68.3850267379679
35,2396,-106,-68.3850267379679
35,2397,-28,-68.3850267379679
35,2398,-29,0.725
35,2399,-8,-21.564
35,2400,6,1.27725856697819
35,2401,25,1.27725856697819
35,2402,126,77.7719298245614
35,2403,258,190.851851851852
35,2404,247,-149.65
35,2405,-272,-143.452380952381
35,2406,-147,-143.452380952381
35,2407,14,12.3095238095238
35,2408,75,16.1076923076923
35,2409,7,-11.140625
35,2410,-14,1.27725856697819
35,2411,49,-21.564
35,2412,112,139.870967741935
35,2413,249,255.831325301205
35,2414,-70,-19.6538461538462
35,2415,-202,-167.96992481203
35,2416,-80,-68.3850267379679
35,2417,-111,12.3095238095238
35,2418,-76,-68.3850267379679
35,2419,-6,-68.3850267379679
35,2420,-35,1.27725856697819
35,2421,-39,-31.9672897196262
35,2422,-38,-31.9672897196262
35,2423,-54,-31.9672897196262
35,2424,-17,-31.9672897196262
35,2425,4,-21.564
35,2426,32,1.27725856697819
35,2427,18,77.7719298245614
35,2428,114,77.7719298245614
35,2429,97,190.851851851852
35,2430,118,139.870967741935
35,2431,74,71.7727272727273
35,2432,77,23.25
35,2433,-20,-19.6538461538462
35,2434,-55,-21.564
35,2435,17,-31.9672897196262
35,2436,-39,-46.4444444444444
35,2437,42,-31.9672897196262
35,2438,-2,-46.4444444444444
35,2439,-93,1.27725856697819
35,2440,-85,-68.3850267379679
35,2441,-23,-68.3850267379679
35,2442,-20,-21.564
35,2443,-47,-21.564
35,2444,-69,-31.9672897196262
35,2445,-66,-31.9672897196262
35,2446,-14,-31.9672897196262
35,2447,-32,-21.564
35,2448,-27,-21.564
35,2449,5,-21.564
35,2450,0,1.27725856697819
35,2451,49,1.27725856697819
35,2452,40,148.425287356322
35,2453,121,77.7719298245614
35,2454,135,190.851851851852
35,2455,73,-149.65
35,2456,54,23.25
35,2457,32,-19.6538461538462
35,2458,3,16.1076923076923
35,2459,-76,1.27725856697819
35,2460,-29,-68.3850267379679
35,2461,-39,-21.564
35,2462,-153,-31.9672897196262
35,2463,-44,-68.3850267379679
35,2464,8,-31.9672897196262
35,2465,15,1.27725856697819
35,2466,-51,60.4
35,2467,-70,-31.9672897196262
35,2468,-54,-31.9672897196262
35,2469,-22,-31.9672897196262
35,2470,-6,-21.564
35,2471,0,1.27725856697819
35,2472,6,1.27725856697819
35,2473,14,1.27725856697819
35,2474,116,77.7719298245614
35,2475,266,190.851851851852
35,2476,198,-149.65
35,2477,-329,-143.452380952381
35,2478,-63,-143.452380952381
35,2479,47,12.3095238095238
35,2480,25,-11.140625
35,2481,4,16.1076923076923
35,2482,-2,1.27725856697819
35,2483,-13,1.27725856697819
35,2484,177,116.027027027027
35,2485,407,255.831325301205
35,2486,-15,-167.96992481203
35,2487,-203,-167.96992481203
35,2488,-183,-145.961538461538
35,2489,-140,12.3095238095238
35,2490,-110,-68.3850267379679
35,2491,-94,-68.3850267379679
35,2492,-66,-68.3850267379679
35,2493,-29,-31.9672897196262
35,2494,-5,0.725
35,2495,-7,1.27725856697819
35,2496,3,1.27725856697819
35,2497,27,1.27725856697819
35,2498,143,77.7719298245614
35,2499,323,190.851851851852
35,2500,203,-149.65
35,2501,-378,-236.284768211921
35,2502,-77,-143.452380952381
35,2503,-36,12.3095238095238
35,2504,69,-31.9672897196262
35,2505,-30,-11.140625
35,2506,8,-21.564
35,2507,45,0.725
35,2508,139,116.027027027027
35,2509,423,255.831325301205
35,2510,-54,-149.65
35,2511,-204,-143.452380952381
35,2512,-162,-145.961538461538
35,2513,-131,12.3095238095238
35,2514,-93,-68.3850267379679
35,2515,-86,-68.3850267379679
35,2516,-80,-68.3850267379679
35,2517,-35,-68.3850267379679
35,2518,-17,-31.9672897196262
35,2519,1,-21.564
35,2520,0,1.27725856697819
35,2521,36,1.27725856697819
35,2522,130,77.7719298245614
35,2523,309,190.851851851852
35,2524,255,-149.65
35,2525,-396,-236.284768211921
35,2526,-127,-143.452380952381
35,2527,25,-21
35,2528,41,16.1076923076923
35,2529,33,16.1076923076923
35,2530,-77,-46.4444444444444
35,2531,42,-68.3850267379679
35,2532,163,116.027027027027
35,2533,417,255.831325301205
35,2534,4,-143.452380952381
35,2535,-176,-167.96992481203
35,2536,-186,-145.961538461538
35,2537,-119,-68.3850267379679
35,2538,-148,-68.3850267379679
35,2539,-97,-68.3850267379679
35,2540,-69,-68.3850267379679
35,2541,-39,-31.9672897196262
35,2542,-14,-31.9672897196262
35,2543,-8,-21.564
35,2544,4,1.27725856697819
35,2545,31,1.27725856697819
35,2546,126,77.7719298245614
35,2547,308,190.851851851852
35,2548,223,-149.65
35,2549,-345,-236.284768211921
35,2550,-148,-143.452380952381
35,2551,55,12.3095238095238
35,2552,17,-11.140625
35,2553,4,16.1076923076923
35,2554,-34,1.27725856697819
35,2555,20,-31.9672897196262
35,2556,150,116.027027027027
35,2557,393,255.831325301205
35,2558,1,-58
35,2559,-188,-167.96992481203
35,2560,-145,-145.961538461538
35,2561,-142,-68.3850267379679
35,2562,-77,-68.3850267379679
35,2563,-103,-68.3850267379679
35,2564,-71,-68.3850267379679
35,2565,-44,-68.3850267379679
35,2566,-21,-31.9672897196262
35,2567,-11,-21.564
35,2568,-2,-21.564
35,2569,26,1.27725856697819
35,2570,11,77.7719298245614
35,2571,89,77.7719298245614
35,2572,-14,190.851851851852
35,2573,101,-21.564
35,2574,-27,71.7727272727273
35,2575,58,-21.564
35,2576,64,-19.6538461538462
35,2577,-25,-11.140625
35,2578,17,-21.564
35,2579,17,-46.4444444444444
35,2580,143,77.7719298245614
35,2581,263,190.851851851852
35,2582,-90,-167.96992481203
35,2583,-148,-143.452380952381
35,2584,-122,-145.961538461538
35,2585,-84,-68.3850267379679
35,2586,-68,-68.3850267379679
35,2587,-26,-31.9672897196262
35,2588,-12,-21.564
35,2589,-64,0.725
35,2590,-31,-31.9672897196262
35,2591,-64,-21.564
35,2592,-11,-31.9672897196262
35,2593,1,-21.564
35,2594,12,1.27725856697819
35,2595,39,77.7719298245614
35,2596,100,77.7719298245614
35,2597,109,190.851851851852
35,2598,136,139.870967741935
35,2599,92,-68.3
35,2600,47,23.25
35,2601,23,-19.6538461538462
35,2602,-31,16.1076923076923
35,2603,24,-21.564
35,2604,-31,-46.4444444444444
35,2605,-19,-21.564
35,2606,-212,-21.564
35,2607,-25,-68.3850267379679
35,2608,-115,-21.564
35,2609,-32,-68.3850267379679
35,2610,40,-21.564
35,2611,-5,60.4
35,2612,-43,1.27725856697819
35,2613,-7,-31.9672897196262
35,2614,-27,1.27725856697819
35,2615,-38,-21.564
35,2616,-38,-31.9672897196262
35,2617,0,-31.9672897196262
35,2618,6,1.27725856697819
35,2619,23,1.27725856697819
35,2620,80,77.7719298245614
35,2621,98,190.851851851852
35,2622,111,190.851851851852
35,2623,121,139.870967741935
35,2624,56,-19.6538461538462
35,2625,38,23.25
35,2626,36,16.1076923076923
35,2627,-2,16.1076923076923
35,2628,-64,1.27725856697819
35,2629,-8,-31.9672897196262
35,2630,-14,1.27725856697819
35,2631,-26,-21.564
35,2632,-165,-21.564
35,2633,-80,-68.3850267379679
35,2634,-39,-68.3850267379679
35,2635,-71,-31.9672897196262
35,2636,-63,-68.3850267379679
35,2637,-33,-31.9672897196262
35,2638,-5,-21.564
35,2639,-3,1.27725856697819
35,2640,5,1.27725856697819
35,2641,25,1.27725856697819
35,2642,123,77.7719298245614
35,2643,277,190.851851851852
35,2644,237,-149.65
35,2645,-368,-236.284768211921
35,2646,-106,-143.452380952381
35,2647,46,12.3095238095238
35,2648,31,-11.140625
35,2649,-22,16.1076923076923
35,2650,-6,-21.564
35,2651,26,1.27725856697819
35,2652,190,116.027027027027
35,2653,354,255.831325301205
35,2654,-6,-58
35,2655,-257,-167.96992481203
35,2656,-123,-145.961538461538
35,2657,-142,12.3095238095238
35,2658,-98,-68.3850267379679
35,2659,-64,-68.3850267379679
35,2660,-68,-31.9672897196262
35,2661,-33,-31.9672897196262
35,2662,-16,0.725
35,2663,-8,-21.564
35,2664,2,1.27725856697819
35,2665,31,1.27725856697819
35,2666,28,77.7719298245614
35,2667,115,77.7719298245614
35,2668,439,190.851851851852
35,2669,-216,-149.65
35,2670,-194,-143.452380952381
35,2671,-12,-21
35,2672,104,-21.564
35,2673,-14,-11.140625
35,2674,-31,-21.564
35,2675,28,-21.564
35,2676,175,60.4
35,2677,354,255.831325301205
35,2678,42,-149.65
35,2679,-227,-167.96992481203
35,2680,-191,-145.961538461538
35,2681,-128,12.3095238095238
35,2682,-119,-68.3850267379679
35,2683,-22,-68.3850267379679
35,2684,-107,-21.564
35,2685,-23,-68.3850267379679
35,2686,-29,0.725
35,2687,3,-21.564
35,2688,-7,1.27725856697819
35,2689,35,1.27725856697819
35,2690,133,77.7719298245614
35,2691,320,190.851851851852
35,2692,190,-149.65
35,2693,-315,-236.284768211921
35,2694,-134,-143.452380952381
35,2695,2,12.3095238095238
35,2696,72,1.27725856697819
35,2697,-13,-11.140625
35,2698,-39,-21.564
35,2699,11,-31.9672897196262
35,2700,165,116.027027027027
35,2701,420,255.831325301205
35,2702,-3,-149.65
35,2703,-199,-167.96992481203
35,2704,-222,-145.961538461538
35,2705,-112,12.3095238095238
35,2706,-89,12.3095238095238
35,2707,-88,-68.3850267379679
35,2708,-62,-68.3850267379679
35,2709,-55,-31.9672897196262
35,2710,-6,-31.9672897196262
35,2711,-11,1.27725856697819
35,2712,1,-21.564
35,2713,32,1.27725856697819
35,2714,128,77.7719298245614
35,2715,299,190.851851851852
35,2716,218,-149.65
35,2717,-345,-236.284768211921
35,2718,-138,-143.452380952381
35,2719,75,12.3095238095238
35,2720,69,-11.140625
35,2721,-43,-11.140625
35,2722,-52,-31.9672897196262
35,2723,12,-31.9672897196262
35,2724,159,116.027027027027
35,2725,478,255.831325301205
35,2726,-65,-58
35,2727,-155,-167.96992481203
35,2728,-163,-145.961538461538
35,2729,-158,-68.3850267379679
35,2730,-102,-68.3850267379679
35,2731,-28,-68.3850267379679
35,2732,-138,-21.564
35,2733,-34,-68.3850267379679
35,2734,-35,-31.9672897196262
35,2735,-13,-31.9672897196262
35,2736,3,-21.564
35,2737,27,1.27725856697819
35,2738,121,77.7719298245614
35,2739,222,190.851851851852
35,2740,289,-149.65
35,2741,-290,-304.074074074074
35,2742,-147,-143.452380952381
35,2743,72,-21
35,2744,62,-11.140625
35,2745,-8,-11.140625
35,2746,-29,1.27725856697819
35,2747,55,-21.564
35,2748,105,139.870967741935
35,2749,303,255.831325301205
35,2750,-122,-113.315789473684
35,2751,-178,-167.96992481203
35,2752,-132,-145.961538461538
35,2753,-104,-68.3850267379679
35,2754,-42,-68.3850267379679
35,2755,-92,-31.9672897196262
35,2756,-16,-68.3850267379679
35,2757,-13,-21.564
35,2758,-49,0.725
35,2759,-13,-31.9672897196262
35,2760,-17,-21.564
35,2761,-4,-21.564
35,2762,18,1.27725856697819
35,2763,37,77.7719298245614
35,2764,125,77.7719298245614
35,2765,103,190.851851851852
35,2766,188,-149.65
35,2767,56,-68.3
35,2768,118,-143.452380952381
35,2769,-10,-19.6538461538462
35,2770,-46,-80.9473684210526
35,2771,-2,-31.9672897196262
35,2772,45,1.27725856697819
35,2773,-6,-46.4444444444444
35,2774,-81,1.27725856697819
35,2775,-66,-68.3850267379679
35,2776,-147,-31.9672897196262
35,2777,-3,-68.3850267379679
35,2778,-77,1.27725856697819
35,2779,-26,-68.3850267379679
35,2780,-48,-21.564
35,2781,-56,-31.9672897196262
35,2782,-12,-31.9672897196262
35,2783,-64,-21.564
35,2784,-29,-31.9672897196262
35,2785,-15,-21.564
35,2786,9,-21.564
35,2787,21,1.27725856697819
35,2788,83,77.7719298245614
35,2789,146,190.851851851852
35,2790,155,139.870967741935
35,2791,-153,23.25
35,2792,26,-80.9473684210526
35,2793,-136,77.7719298245614
35,2794,-13,-68.3850267379679
35,2795,127,-21.564
35,2796,80,-11.140625
35,2797,-13,23.25
35,2798,34,116.027027027027
35,2799,-36,116.027027027027
35,2800,-67,-31.9672897196262
35,2801,-84,-31.9672897196262
35,2802,-134,-68.3850267379679
35,2803,-10,-68.3850267379679
35,2804,-20,1.27725856697819
35,2805,-16,-21.564
35,2806,-5,-21.564
35,2807,-2,1.27725856697819
35,2808,4,1.27725856697819
35,2809,30,1.27725856697819
35,2810,124,77.7719298245614
35,2811,281,190.851851851852
35,2812,213,-149.65
35,2813,-298,-236.284768211921
35,2814,-164,-143.452380952381
35,2815,48,12.3095238095238
35,2816,41,-11.140625
35,2817,9,16.1076923076923
35,2818,-16,1.27725856697819
35,2819,34,-21.564
35,2820,151,116.027027027027
35,2821,433,255.831325301205
35,2822,-78,23.25
35,2823,-516,-167.96992481203
35,2824,-38,-145.961538461538
35,2825,-16,12.3095238095238
35,2826,-84,-21.564
35,2827,-59,-68.3850267379679
35,2828,-43,-31.9672897196262
35,2829,-26,-31.9672897196262
35,2830,-25,0.725
35,2831,-5,-21.564
35,2832,1,1.27725856697819
35,2833,30,1.27725856697819
35,2834,135,77.7719298245614
35,2835,350,190.851851851852
35,2836,204,-149.65
35,2837,-395,-236.284768211921
35,2838,-150,-143.452380952381
35,2839,78,12.3095238095238
35,2840,49,-11.140625
35,2841,26,-11.140625
35,2842,-29,-46.4444444444444
35,2843,0,-21.564
35,2844,165,116.027027027027
35,2845,411,255.831325301205
35,2846,-253,-143.452380952381
35,2847,-149,-167.96992481203
35,2848,-118,-21
35,2849,-78,-68.3850267379679
35,2850,-48,-68.3850267379679
35,2851,-96,-31.9672897196262
35,2852,-81,-68.3850267379679
35,2853,-34,-68.3850267379679
35,2854,-4,-31.9672897196262
35,2855,-10,1.27725856697819
35,2856,1,1.27725856697819
35,2857,32,1.27725856697819
35,2858,147,77.7719298245614
35,2859,366,190.851851851852
35,2860,187,-149.65
35,2861,-364,-236.284768211921
35,2862,-151,-143.452380952381
35,2863,42,12.3095238095238
35,2864,45,16.1076923076923
35,2865,4,16.1076923076923
35,2866,-50,1.27725856697819
35,2867,50,-31.9672897196262
35,2868,144,139.870967741935
35,2869,323,255.831325301205
35,2870,-100,-58
35,2871,-103,-167.96992481203
35,2872,-189,-145.961538461538
35,2873,-40,-68.3850267379679
35,2874,-70,-31.9672897196262
35,2875,-141,-31.9672897196262
35,2876,-80,-68.3850267379679
35,2877,-35,-68.3850267379679
35,2878,-5,-31.9672897196262
35,2879,-11,1.27725856697819
35,2880,-3,-21.564
35,2881,31,1.27725856697819
35,2882,155,77.7719298245614
35,2883,289,190.851851851852
35,2884,226,-149.65
35,2885,-295,-236.284768211921
35,2886,-179,-143.452380952381
35,2887,45,12.3095238095238
35,2888,54,16.1076923076923
35,2889,14,-11.140625
35,2890,-41,-46.4444444444444
35,2891,0,-31.9672897196262
35,2892,160,116.027027027027
35,2893,355,255.831325301205
35,2894,121,-143.452380952381
35,2895,-308,-167.96992481203
35,2896,-159,-167.96992481203
35,2897,-145,12.3095238095238
35,2898,-131,-68.3850267379679
35,2899,-41,-68.3850267379679
35,2900,-46,-31.9672897196262
35,2901,-69,-31.9672897196262
35,2902,-26,-31.9672897196262
35,2903,-8,-21.564
35,2904,0,1.27725856697819
35,2905,30,1.27725856697819
35,2906,113,77.7719298245614
35,2907,274,190.851851851852
35,2908,319,190.851851851852
35,2909,-355,-304.074074074074
35,2910,-127,-143.452380952381
35,2911,19,-21
35,2912,90,16.1076923076923
35,2913,-20,-11.140625
35,2914,-13,-21.564
35,2915,12,-21.564
35,2916,165,116.027027027027
35,2917,297,255.831325301205
35,2918,-76,-58
35,2919,-200,-167.96992481203
35,2920,-173,-145.961538461538
35,2921,-57,12.3095238095238
35,2922,-55,-31.9672897196262
35,2923,-73,-31.9672897196262
35,2924,-43,-68.3850267379679
35,2925,-20,-31.9672897196262
35,2926,-36,0.725
35,2927,-41,-31.9672897196262
35,2928,-26,-31.9672897196262
35,2929,2,-21.564
35,2930,16,1.27725856697819
35,2931,72,77.7719298245614
35,2932,60,190.851851851852
35,2933,126,148.425287356322
35,2934,154,139.870967741935
35,2935,15,23.25
35,2936,127,-80.9473684210526
35,2937,-67,-19.6538461538462
35,2938,-35,-80.9473684210526
35,2939,-249,-31.9672897196262
35,2940,201,-68.3850267379679
35,2941,-31,-11.140625
35,2942,-20,-167.96992481203
35,2943,-29,0.725
35,2944,-113,-21.564
35,2945,-33,-68.3850267379679
35,2946,-26,-21.564
35,2947,-24,-21.564
35,2948,-24,-21.564
35,2949,0,0.725
35,2950,-18,1.27725856697819
35,2951,-63,-21.564
35,2952,-37,-31.9672897196262
35,2953,0,-31.9672897196262
35,2954,5,1.27725856697819
35,2955,13,1.27725856697819
35,2956,99,77.7719298245614
35,2957,130,190.851851851852
35,2958,122,190.851851851852
35,2959,97,-236.284768211921
35,2960,144,23.25
35,2961,-85,-19.6538461538462
35,2962,-164,-80.9473684210526
35,2963,14,-68.3850267379679
35,2964,-218,-46.4444444444444
35,2965,60,-68.3850267379679
35,2966,31,-11.140625
35,2967,28,60.4
35,2968,-81,60.4
35,2969,-45,-68.3850267379679
35,2970,-52,-31.9672897196262
35,2971,-34,-31.9672897196262
35,2972,-48,-31.9672897196262
35,2973,-25,-31.9672897196262
35,2974,1,-21.564
35,2975,-4,1.27725856697819
35,2976,8,1.27725856697819
35,2977,24,1.27725856697819
35,2978,109,77.7719298245614
35,2979,288,190.851851851852
35,2980,266,-68.3
35,2981,-357,-143.452380952381
35,2982,-136,-143.452380952381
35,2983,23,-21
35,2984,54,16.1076923076923
35,2985,5,-11.140625
35,2986,-42,1.27725856697819
35,2987,36,-31.9672897196262
35,2988,162,116.027027027027
35,2989,401,255.831325301205
35,2990,-11,-58
35,2991,-261,-167.96992481203
35,2992,-157,-145.961538461538
35,2993,-138,12.3095238095238
35,2994,-117,-68.3850267379679
35,2995,-47,-68.3850267379679
35,2996,-76,-31.9672897196262
35,2997,-17,-68.3850267379679
35,2998,-6,0.725
35,2999,-11,1.27725856697819
35,3000,4,-21.564
35,3001,34,1.27725856697819
35,3002,105,77.7719298245614
35,3003,122,190.851851851852
35,3004,424,190.851851851852
35,3005,-298,-304.074074074074
35,3006,-191,-143.452380952381
35,3007,14,-21
35,3008,79,16.1076923076923
35,3009,-9,-11.140625
35,3010,-37,1.27725856697819
35,3011,66,-31.9672897196262
35,3012,163,139.870967741935
35,3013,384,255.831325301205
35,3014,-46,-58
35,3015,-221,-167.96992481203
35,3016,-162,-145.961538461538
35,3017,-121,12.3095238095238
35,3018,-98,-68.3850267379679
35,3019,-107,-68.3850267379679
35,3020,-62,-68.3850267379679
35,3021,-33,-31.9672897196262
35,3022,-8,0.725
35,3023,3,1.27725856697819
35,3024,1,1.27725856697819
35,3025,30,1.27725856697819
35,3026,141,77.7719298245614
35,3027,373,190.851851851852
35,3028,254,-149.65
35,3029,-460,-236.284768211921
35,3030,-170,-143.452380952381
35,3031,75,-21
35,3032,107,-11.140625
35,3033,-60,-11.140625
35,3034,1,-31.9672897196262
35,3035,37,116.027027027027
35,3036,155,116.027027027027
35,3037,377,255.831325301205
35,3038,-58,-58
35,3039,-169,-167.96992481203
35,3040,-216,-145.961538461538
35,3041,-114,-68.3850267379679
35,3042,-78,12.3095238095238
35,3043,-78,-68.3850267379679
35,3044,-92,-68.3850267379679
35,3045,-42,-68.3850267379679
35,3046,-6,-31.9672897196262
35,3047,-12,1.27725856697819
35,3048,3,-21.564
35,3049,27,1.27725856697819
35,3050,128,77.7719298245614
35,3051,369,190.851851851852
35,3052,222,-149.65
35,3053,-358,-236.284768211921
35,3054,-162,-143.452380952381
35,3055,42,12.3095238095238
35,3056,18,16.1076923076923
35,3057,-4,16.1076923076923
35,3058,-17,1.27725856697819
35,3059,65,-21.564
35,3060,144,139.870967741935
35,3061,362,255.831325301205
35,3062,9,-58
35,3063,-243,-167.96992481203
35,3064,-139,-145.961538461538
35,3065,-164,12.3095238095238
35,3066,-16,-68.3850267379679
35,3067,-139,-21.564
35,3068,-70,-68.3850267379679
35,3069,-50,-31.9672897196262
35,3070,-12,-31.9672897196262
35,3071,-15,-21.564
35,3072,2,-21.564
35,3073,22,1.27725856697819
35,3074,79,77.7719298245614
35,3075,313,190.851851851852
35,3076,269,190.851851851852
35,3077,-292,-304.074074074074
35,3078,-142,-143.452380952381
35,3079,53,-21
35,3080,101,-11.140625
35,3081,-42,-11.140625
35,3082,68,-31.9672897196262
35,3083,90,-113.315789473684
35,3084,2,139.870967741935
35,3085,89,0.725
35,3086,-71,-113.315789473684
35,3087,-94,-68.3850267379679
35,3088,-96,-68.3850267379679
35,3089,-53,-68.3850267379679
35,3090,-26,-31.9672897196262
35,3091,-103,-21.564
35,3092,-6,-68.3850267379679
35,3093,-89,1.27725856697819
35,3094,-10,-68.3850267379679
35,3095,-34,1.27725856697819
35,3096,-23,-31.9672897196262
35,3097,10,-21.564
35,3098,14,1.27725856697819
35,3099,30,77.7719298245614
35,3100,96,77.7719298245614
35,3101,75,71.7727272727273
35,3102,180,71.7727272727273
35,3103,75,-68.3
35,3104,-21,-143.452380952381
35,3105,33,-21.564
35,3106,10,16.1076923076923
35,3107,49,1.27725856697819
35,3108,-101,-19.6538461538462
35,3109,1,-68.3850267379679
35,3110,-21,1.27725856697819
35,3111,-50,116.027027027027
35,3112,-185,-31.9672897196262
35,3113,-103,-68.3850267379679
35,3114,-26,-68.3850267379679
35,3115,67,-21.564
35,3116,-46,120.083333333333
35,3117,-26,-31.9672897196262
35,3118,11,-21.564
35,3119,-42,77.7719298245614
35,3120,-20,-31.9672897196262
35,3121,-10,-21.564
35,3122,3,1.27725856697819
35,3123,27,1.27725856697819
35,3124,87,77.7719298245614
35,3125,103,120.083333333333
35,3126,156,190.851851851852
35,3127,101,-68.3
35,3128,56,23.25
35,3129,-52,-19.6538461538462
35,3130,-36,-31.9672897196262
35,3131,-102,-31.9672897196262
35,3132,119,-68.3850267379679
35,3133,29,-11.140625
35,3134,-3,-167.96992481203
35,3135,-208,0.725
35,3136,-188,-68.3850267379679
35,3137,67,12.3095238095238
35,3138,-5,148.425287356322
35,3139,-43,1.27725856697819
35,3140,-19,-31.9672897196262
35,3141,-49,-21.564
35,3142,-15,-31.9672897196262
35,3143,-12,-21.564
35,3144,-17,-21.564
35,3145,-7,-21.564
35,3146,11,1.27725856697819
35,3147,28,77.7719298245614
35,3148,84,77.7719298245614
35,3149,102,190.851851851852
35,3150,130,71.7727272727273
35,3151,100,-68.3
35,3152,84,23.25
35,3153,23,-19.6538461538462
35,3154,-54,16.1076923076923
35,3155,-63,-31.9672897196262
35,3156,51,-31.9672897196262
35,3157,-2,-11.140625
35,3158,-16,1.27725856697819
35,3159,-108,-21.564
35,3160,-113,-68.3850267379679
35,3161,-77,-68.3850267379679
35,3162,-63,-68.3850267379679
35,3163,-51,-31.9672897196262
35,3164,-41,-31.9672897196262
35,3165,-5,-31.9672897196262
35,3166,-19,1.27725856697819
35,3167,5,-21.564
35,3168,-2,1.27725856697819
35,3169,30,1.27725856697819
35,3170,134,77.7719298245614
35,3171,321,190.851851851852
35,3172,139,-149.65
35,3173,-309,-236.284768211921
35,3174,-151,-80.9473684210526
35,3175,26,12.3095238095238
35,3176,89,16.1076923076923
35,3177,-12,-11.140625
35,3178,-1,-21.564
35,3179,18,1.27725856697819
35,3180,166,116.027027027027
35,3181,398,255.831325301205
35,3182,-17,-58
35,3183,-287,-167.96992481203
35,3184,-167,-145.961538461538
35,3185,-117,12.3095238095238
35,3186,-89,-68.3850267379679
35,3187,-84,-68.3850267379679
35,3188,-58,-68.3850267379679
35,3189,-24,-31.9672897196262
35,3190,-4,0.725
35,3191,-5,1.27725856697819
35,3192,1,1.27725856697819
35,3193,35,1.27725856697819
35,3194,170,77.7719298245614
35,3195,290,190.851851851852
35,3196,225,-149.65
35,3197,-435,-236.284768211921
35,3198,-55,-143.452380952381
35,3199,-18,12.3095238095238
35,3200,49,-21.564
35,3201,-32,-11.140625
35,3202,-23,-21.564
35,3203,34,116.027027027027
35,3204,185,116.027027027027
35,3205,433,255.831325301205
35,3206,-24,-149.65
35,3207,-177,-167.96992481203
35,3208,-250,-145.961538461538
35,3209,-116,-68.3850267379679
35,3210,-77,12.3095238095238
35,3211,-69,-68.3850267379679
35,3212,-85,-31.9672897196262
35,3213,-47,-68.3850267379679
35,3214,-10,-31.9672897196262
35,3215,1,1.27725856697819
35,3216,-1,1.27725856697819
35,3217,30,1.27725856697819
35,3218,162,77.7719298245614
35,3219,282,190.851851851852
35,3220,164,-149.65
35,3221,-523,-236.284768211921
35,3222,-74,-143.452380952381
35,3223,13,12.3095238095238
35,3224,75,16.1076923076923
35,3225,54,-11.140625
35,3226,25,-11.140625
35,3227,54,116.027027027027
35,3228,146,139.870967741935
35,3229,392,255.831325301205
35,3230,27,23.25
35,3231,-277,-143.452380952381
35,3232,-152,-145.961538461538
35,3233,-134,12.3095238095238
35,3234,-55,-68.3850267379679
35,3235,-48,-31.9672897196262
35,3236,-73,-31.9672897196262
35,3237,-67,-68.3850267379679
35,3238,-18,-31.9672897196262
35,3239,-2,-21.564
35,3240,-1,1.27725856697819
35,3241,32,1.27725856697819
35,3242,100,77.7719298245614
35,3243,346,190.851851851852
35,3244,233,190.851851851852
35,3245,-375,-236.284768211921
35,3246,-120,-143.452380952381
35,3247,72,12.3095238095238
35,3248,27,-11.140625
35,3249,31,16.1076923076923
35,3250,-101,-46.4444444444444
35,3251,78,-68.3850267379679
35,3252,139,139.870967741935
35,3253,302,255.831325301205
35,3254,20,23.25
35,3255,-224,-167.96992481203
35,3256,-177,-145.961538461538
35,3257,-90,12.3095238095238
35,3258,-2,-68.3850267379679
35,3259,-51,1.27725856697819
35,3260,-98,-31.9672897196262
35,3261,-33,-68.3850267379679
35,3262,-40,116.027027027027
35,3263,-34,-31.9672897196262
35,3264,-32,-31.9672897196262
35,3265,4,-21.564
35,3266,19,1.27725856697819
35,3267,48,77.7719298245614
35,3268,148,148.425287356322
35,3269,118,190.851851851852
35,3270,74,-149.65
35,3271,156,23.25
35,3272,116,-19.6538461538462
35,3273,-26,23.25
35,3274,-42,-80.9473684210526
35,3275,-114,-31.9672897196262
35,3276,-398,-68.3850267379679
35,3277,57,-68.3850267379679
35,3278,-4,-11.140625
35,3279,48,1.27725856697819
35,3280,-21,148.425287356322
35,3281,-13,-21.564
35,3282,13,-21.564
35,3283,-61,77.7719298245614
35,3284,-9,-31.9672897196262
35,3285,0,1.27725856697819
35,3286,-28,1.27725856697819
35,3287,-50,-21.564
35,3288,-18,-31.9672897196262
35,3289,27,-21.564
35,3290,-20,60.4
35,3291,35,-21.564
35,3292,100,77.7719298245614
35,3293,129,71.7727272727273
35,3294,196,190.851851851852
35,3295,90,-236.284768211921
35,3296,172,-143.452380952381
35,3297,-28,-68.3
35,3298,-82,-143.452380952381
35,3299,49,-68.3850267379679
35,3300,5,-11.140625
35,3301,-30,1.27725856697819
35,3302,-111,-21.564
35,3303,-64,-68.3850267379679
35,3304,-140,-31.9672897196262
35,3305,-150,-68.3850267379679
35,3306,-17,-68.3850267379679
35,3307,-97,-21.564
35,3308,-51,-68.3850267379679
35,3309,-23,-31.9672897196262
35,3310,-1,-21.564
35,3311,-5,1.27725856697819
35,3312,-7,1.27725856697819
35,3313,35,1.27725856697819
35,3314,140,77.7719298245614
35,3315,267,190.851851851852
35,3316,283,-149.65
35,3317,-369,-304.074074074074
35,3318,-151,-143.452380952381
35,3319,26,-21
35,3320,96,77.7719298245614
35,3321,-9,-11.140625
35,3322,17,1.27725856697819
35,3323,6,116.027027027027
35,3324,142,116.027027027027
35,3325,383,255.831325301205
35,3326,97,-58
35,3327,-335,-143.452380952381
35,3328,-243,-145.961538461538
35,3329,-105,12.3095238095238
35,3330,-126,12.3095238095238
35,3331,-66,-68.3850267379679
35,3332,-61,-31.9672897196262
35,3333,-22,-31.9672897196262
35,3334,-4,0.725
35,3335,2,1.27725856697819
35,3336,1,1.27725856697819
35,3337,35,1.27725856697819
35,3338,167,77.7719298245614
35,3339,385,190.851851851852
35,3340,154,-149.65
35,3341,-392,-236.284768211921
35,3342,-162,-80.9473684210526
35,3343,51,12.3095238095238
35,3344,69,-11.140625
35,3345,12,-11.140625
35,3346,-73,-46.4444444444444
35,3347,71,-68.3850267379679
35,3348,210,139.870967741935
35,3349,434,255.831325301205
35,3350,-93,-143.452380952381
35,3351,-281,-167.96992481203
35,3352,-135,-145.961538461538
35,3353,-151,12.3095238095238
35,3354,-94,-68.3850267379679
35,3355,-107,-68.3850267379679
35,3356,-60,-68.3850267379679
35,3357,-28,-31.9672897196262
35,3358,-10,0.725
35,3359,-4,1.27725856697819
35,3360,-2,1.27725856697819
35,3361,43,1.27725856697819
35,3362,157,77.7719298245614
35,3363,352,190.851851851852
35,3364,213,-149.65
35,3365,-442,-236.284768211921
35,3366,-123,-143.452380952381
35,3367,27,12.3095238095238
35,3368,120,16.1076923076923
35,3369,-29,-11.140625
35,3370,-45,-167.96992481203
35,3371,40,-31.9672897196262
35,3372,191,116.027027027027
35,3373,416,255.831325301205
35,3374,52,-58
35,3375,-342,-167.96992481203
35,3376,-165,-145.961538461538
35,3377,-164,12.3095238095238
35,3378,-94,-68.3850267379679
35,3379,-85,-68.3850267379679
35,3380,-70,-68.3850267379679
35,3381,-29,-31.9672897196262
35,3382,-19,0.725
35,3383,2,-21.564
35,3384,-5,1.27725856697819
35,3385,51,1.27725856697819
35,3386,138,148.425287356322
35,3387,376,190.851851851852
35,3388,187,-304.074074074074
35,3389,-420,-236.284768211921
35,3390,-126,-143.452380952381
35,3391,42,12.3095238095238
35,3392,43,77.7719298245614
35,3393,-14,-46.4444444444444
35,3394,-9,-21.564
35,3395,78,116.027027027027
35,3396,139,139.870967741935
35,3397,393,255.831325301205
35,3398,-32,-58
35,3399,-178,-167.96992481203
35,3400,-211,-145.961538461538
35,3401,-146,-68.3850267379679
35,3402,-66,12.3095238095238
35,3403,-81,-31.9672897196262
35,3404,-83,-68.3850267379679
35,3405,-46,-68.3850267379679
35,3406,-11,-31.9672897196262
35,3407,-16,-21.564
35,3408,-2,-21.564
35,3409,29,1.27725856697819
35,3410,111,77.7719298245614
35,3411,302,190.851851851852
35,3412,312,190.851851851852
35,3413,-419,-304.074074074074
35,3414,-101,-143.452380952381
35,3415,34,-21
35,3416,129,16.1076923076923
35,3417,-1,-11.140625
35,3418,-37,-167.96992481203
35,3419,-4,-31.9672897196262
35,3420,196,116.027027027027
35,3421,331,255.831325301205
35,3422,-86,-58
35,3423,-229,-167.96992481203
35,3424,-175,-145.961538461538
35,3425,-92,12.3095238095238
35,3426,-83,-68.3850267379679
35,3427,-34,-68.3850267379679
35,3428,12,-31.9672897196262
35,3429,-98,0.725
35,3430,-16,-68.3850267379679
35,3431,-56,-21.564
35,3432,-31,-31.9672897196262
35,3433,10,-21.564
35,3434,17,1.27725856697819
35,3435,40,77.7719298245614
35,3436,139,60.4
35,3437,130,-68.3
35,3438,100,23.25
35,3439,185,23.25
35,3440,79,-19.6538461538462
35,3441,-2,-143.452380952381
35,3442,11,1.27725856697819
35,3443,-61,16.1076923076923
35,3444,129,-31.9672897196262
35,3445,-54,-11.140625
35,3446,-115,-167.96992481203
35,3447,-136,-68.3850267379679
35,3448,-148,-68.3850267379679
35,3449,-34,-68.3850267379679
35,3450,-17,-31.9672897196262
35,3451,-50,-21.564
35,3452,-78,-31.9672897196262
35,3453,-34,-68.3850267379679
35,3454,-28,-31.9672897196262
35,3455,-41,-21.564
35,3456,-40,-31.9672897196262
35,3457,5,-31.9672897196262
35,3458,22,1.27725856697819
35,3459,36,77.7719298245614
35,3460,57,77.7719298245614
35,3461,168,148.425287356322
35,3462,194,139.870967741935
35,3463,69,-143.452380952381
35,3464,97,-143.452380952381
35,3465,38,-19.6538461538462
35,3466,-59,16.1076923076923
35,3467,-78,-31.9672897196262
35,3468,39,-68.3850267379679
35,3469,-26,-46.4444444444444
35,3470,-89,0.725
35,3471,-78,-68.3850267379679
35,3472,-79,-68.3850267379679
35,3473,-133,-68.3850267379679
35,3474,-64,-68.3850267379679
35,3475,-33,-31.9672897196262
35,3476,-49,-21.564
35,3477,-24,-31.9672897196262
35,3478,-8,-21.564
35,3479,-6,1.27725856697819
35,3480,4,1.27725856697819
35,3481,34,1.27725856697819
35,3482,119,77.7719298245614
35,3483,328,190.851851851852
35,3484,191,-149.65
35,3485,-384,-236.284768211921
35,3486,-97,-143.452380952381
35,3487,50,12.3095238095238
35,3488,43,-11.140625
35,3489,48,16.1076923076923
35,3490,-11,-113.315789473684
35,3491,6,-21.564
35,3492,115,116.027027027027
35,3493,389,255.831325301205
35,3494,-68,23.25
35,3495,-288,-167.96992481203
35,3496,-146,-145.961538461538
35,3497,-107,12.3095238095238
35,3498,-104,-68.3850267379679
35,3499,-59,-68.3850267379679
35,3500,-57,-31.9672897196262
35,3501,-8,-31.9672897196262
35,3502,-1,0.725
35,3503,2,1.27725856697819
35,3504,1,1.27725856697819
35,3505,41,1.27725856697819
35,3506,119,77.7719298245614
35,3507,189,190.851851851852
35,3508,316,-149.65
35,3509,-379,-304.074074074074
35,3510,-133,-143.452380952381
35,3511,-9,-21
35,3512,-63,1.27725856697819
35,3513,26,-31.9672897196262
35,3514,29,-46.4444444444444
35,3515,-107,60.4
35,3516,105,-68.3850267379679
35,3517,197,255.831325301205
35,3518,-57,-68.3
35,3519,43,-143.452380952381
35,3520,-34,77.7719298245614
35,3521,-83,-31.9672897196262
35,3522,-56,-68.3850267379679
35,3523,-73,-31.9672897196262
35,3524,-52,-68.3850267379679
35,3525,-14,-31.9672897196262
35,3526,-9,0.725
35,3527,2,1.27725856697819
35,3528,5,1.27725856697819
35,3529,46,1.27725856697819
35,3530,116,148.425287356322
35,3531,373,190.851851851852
35,3532,252,-149.65
35,3533,-435,-236.284768211921
35,3534,-170,-143.452380952381
35,3535,55,-21
35,3536,66,-11.140625
35,3537,-24,-11.140625
35,3538,-3,-21.564
35,3539,25,1.27725856697819
35,3540,155,116.027027027027
35,3541,420,255.831325301205
35,3542,6,-58
35,3543,-281,-167.96992481203
35,3544,-202,-145.961538461538
35,3545,-60,12.3095238095238
35,3546,-120,12.3095238095238
35,3547,-106,-68.3850267379679
35,3548,-65,-68.3850267379679
35,3549,-40,-31.9672897196262
35,3550,-7,-31.9672897196262
35,3551,-5,1.27725856697819
35,3552,0,1.27725856697819
35,3553,50,1.27725856697819
35,3554,114,148.425287356322
35,3555,364,190.851851851852
35,3556,256,190.851851851852
35,3557,-435,-236.284768211921
35,3558,-165,-143.452380952381
35,3559,53,-21
35,3560,47,-11.140625
35,3561,46,-11.140625
35,3562,-38,-113.315789473684
35,3563,-7,-31.9672897196262
35,3564,166,116.027027027027
35,3565,519,255.831325301205
35,3566,-76,-143.452380952381
35,3567,-297,-167.96992481203
35,3568,-186,-145.961538461538
35,3569,-143,12.3095238095238
35,3570,13,-68.3850267379679
35,3571,-133,77.7719298245614
35,3572,-88,-68.3850267379679
35,3573,-17,-68.3850267379679
35,3574,-35,116.027027027027
35,3575,-2,-31.9672897196262
35,3576,-2,1.27725856697819
35,3577,39,1.27725856697819
35,3578,116,60.4
35,3579,338,190.851851851852
35,3580,254,-149.65
35,3581,-374,-236.284768211921
35,3582,-158,-143.452380952381
35,3583,96,-21
35,3584,68,-11.140625
35,3585,32,-11.140625
35,3586,-9,-46.4444444444444
35,3587,11,1.27725856697819
35,3588,144,116.027027027027
35,3589,279,255.831325301205
35,3590,-41,23.25
35,3591,-217,-167.96992481203
35,3592,-219,-145.961538461538
35,3593,-57,12.3095238095238
35,3594,-17,12.3095238095238
35,3595,-109,-21.564
35,3596,-14,-68.3850267379679
35,3597,-48,0.725
35,3598,-41,-31.9672897196262
35,3599,-38,-31.9672897196262
35,3600,-30,-31.9672897196262
35,3601,2,-21.564
35,3602,24,1.27725856697819
35,3603,36,77.7719298245614
35,3604,141,77.7719298245614
35,3605,159,190.851851851852
35,3606,97,-149.65
35,3607,152,-143.452380952381
35,3608,62,-19.6538461538462
35,3609,19,23.25
35,3610,-53,16.1076923076923
35,3611,96,-31.9672897196262
35,3612,-70,-11.140625
35,3613,-34,-31.9672897196262
35,3614,-48,-31.9672897196262
35,3615,-191,-31.9672897196262
35,3616,-82,-68.3850267379679
35,3617,-64,-68.3850267379679
35,3618,-22,-31.9672897196262
35,3619,-68,-21.564
35,3620,9,-31.9672897196262
35,3621,-38,1.27725856697819
35,3622,-47,-31.9672897196262
35,3623,-41,-31.9672897196262
35,3624,-44,-31.9672897196262
35,3625,-4,-31.9672897196262
35,3626,10,1.27725856697819
35,3627,41,1.27725856697819
35,3628,118,60.4
35,3629,101,190.851851851852
35,3630,213,-149.65
35,3631,81,139.870967741935
35,3632,206,-143.452380952381
35,3633,-74,-19.6538461538462
35,3634,-36,-143.452380952381
35,3635,-26,-31.9672897196262
35,3636,51,-21.564
35,3637,32,-11.140625
35,3638,-183,-46.4444444444444
35,3639,-127,-68.3850267379679
35,3640,-161,-68.3850267379679
35,3641,-56,-68.3850267379679
35,3642,-58,-31.9672897196262
35,3643,-38,-31.9672897196262
35,3644,-36,-31.9672897196262
35,3645,-46,-31.9672897196262
35,3646,-10,-31.9672897196262
35,3647,-3,1.27725856697819
35,3648,3,1.27725856697819
35,3649,29,1.27725856697819
35,3650,131,77.7719298245614
35,3651,362,190.851851851852
35,3652,220,-149.65
35,3653,-422,-236.284768211921
35,3654,-130,-143.452380952381
35,3655,40,12.3095238095238
35,3656,104,16.1076923076923
35,3657,-14,-11.140625
35,3658,-25,-21.564
35,3659,-3,-21.564
35,3660,216,116.027027027027
35,3661,382,255.831325301205
35,3662,-45,-58
35,3663,-263,-167.96992481203
35,3664,-158,-145.961538461538
35,3665,-176,12.3095238095238
35,3666,-84,-68.3850267379679
35,3667,-78,-68.3850267379679
35,3668,-30,-68.3850267379679
35,3669,-51,0.725
35,3670,1,-31.9672897196262
35,3671,-9,1.27725856697819
35,3672,4,1.27725856697819
35,3673,38,1.27725856697819
35,3674,147,77.7719298245614
35,3675,362,190.851851851852
35,3676,249,-149.65
35,3677,-396,-236.284768211921
35,3678,-239,-143.452380952381
35,3679,48,12.3095238095238
35,3680,84,-11.140625
35,3681,3,-11.140625
35,3682,-12,1.27725856697819
35,3683,10,116.027027027027
35,3684,192,116.027027027027
35,3685,472,255.831325301205
35,3686,-145,-58
35,3687,-283,-167.96992481203
35,3688,-114,-21
35,3689,-128,12.3095238095238
35,3690,-109,-68.3850267379679
35,3691,-90,-68.3850267379679
35,3692,-58,-68.3850267379679
35,3693,-11,-31.9672897196262
35,3694,-12,0.725
35,3695,-7,-21.564
35,3696,4,1.27725856697819
35,3697,22,1.27725856697819
35,3698,146,77.7719298245614
35,3699,350,190.851851851852
35,3700,306,-149.65
35,3701,-504,-304.074074074074
35,3702,-149,-143.452380952381
35,3703,42,-21
35,3704,89,16.1076923076923
35,3705,24,-11.140625
35,3706,-63,-46.4444444444444
35,3707,23,-31.9672897196262
35,3708,168,116.027027027027
35,3709,485,255.831325301205
35,3710,-69,-143.452380952381
35,3711,-257,-167.96992481203
35,3712,-193,-145.961538461538
35,3713,-74,12.3095238095238
35,3714,-145,-68.3850267379679
35,3715,-100,-68.3850267379679
35,3716,-50,-68.3850267379679
35,3717,-44,-31.9672897196262
35,3718,-5,-31.9672897196262
35,3719,-9,1.27725856697819
35,3720,1,1.27725856697819
35,3721,58,1.27725856697819
35,3722,103,148.425287356322
35,3723,389,190.851851851852
35,3724,236,190.851851851852
35,3725,-459,-236.284768211921
35,3726,-127,-143.452380952381
35,3727,86,12.3095238095238
35,3728,41,-11.140625
35,3729,-9,-46.4444444444444
35,3730,-68,1.27725856697819
35,3731,38,-31.9672897196262
35,3732,176,116.027027027027
35,3733,433,255.831325301205
35,3734,-6,-58
35,3735,-340,-167.96992481203
35,3736,-102,-145.961538461538
35,3737,-204,12.3095238095238
35,3738,-206,-68.3850267379679
35,3739,-2,12.3095238095238
35,3740,-28,1.27725856697819
35,3741,-4,0.725
35,3742,-3,0.725
35,3743,-3,1.27725856697819
35,3744,5,1.27725856697819
35,3745,26,1.27725856697819
35,3746,100,77.7719298245614
35,3747,256,190.851851851852
35,3748,311,190.851851851852
35,3749,-279,-304.074074074074
35,3750,-181,-143.452380952381
35,3751,116,-21
35,3752,19,-11.140625
35,3753,30,23.25
35,3754,-11,-46.4444444444444
35,3755,-7,-21.564
35,3756,110,116.027027027027
35,3757,306,255.831325301205
35,3758,-141,-11.140625
35,3759,-159,-167.96992481203
35,3760,-172,-21
35,3761,-99,-68.3850267379679
35,3762,-17,-68.3850267379679
35,3763,-30,-21.564
35,3764,-41,-21.564
35,3765,-48,-31.9672897196262
35,3766,-9,-31.9672897196262
35,3767,-63,1.27725856697819
35,3768,-15,-31.9672897196262
35,3769,1,-21.564
35,3770,22,1.27725856697819
35,3771,36,77.7719298245614
35,3772,138,77.7719298245614
35,3773,121,190.851851851852
35,3774,140,-149.65
35,3775,191,23.25
35,3776,19,23.25
35,3777,4,-143.452380952381
35,3778,64,1.27725856697819
35,3779,-23,-11.140625
35,3780,-5,-21.564
35,3781,-10,116.027027027027
35,3782,-118,1.27725856697819
35,3783,-124,-68.3850267379679
35,3784,-155,-68.3850267379679
35,3785,-23,-68.3850267379679
35,3786,-71,-21.564
35,3787,-25,-68.3850267379679
35,3788,-49,-21.564
35,3789,-31,-31.9672897196262
35,3790,-24,-21.564
35,3791,-34,-21.564
35,3792,-51,-31.9672897196262
35,3793,3,-31.9672897196262
35,3794,12,1.27725856697819
35,3795,35,77.7719298245614
35,3796,87,77.7719298245614
35,3797,141,190.851851851852
35,3798,194,-68.3
35,3799,112,23.25
35,3800,89,-143.452380952381
35,3801,-86,-19.6538461538462
35,3802,18,-68.3850267379679
35,3803,37,16.1076923076923
35,3804,-1,-46.4444444444444
35,3805,-73,1.27725856697819
35,3806,-174,-68.3850267379679
35,3807,-144,-68.3850267379679
35,3808,-63,-68.3850267379679
35,3809,-71,-31.9672897196262
35,3810,-32,-68.3850267379679
35,3811,-34,-21.564
35,3812,-12,-31.9672897196262
35,3813,-27,-21.564
35,3814,-6,-21.564
35,3815,-5,1.27725856697819
35,3816,3,1.27725856697819
35,3817,26,1.27725856697819
35,3818,119,77.7719298245614
35,3819,328,190.851851851852
35,3820,301,-149.65
35,3821,-444,-304.074074074074
35,3822,-161,-143.452380952381
35,3823,93,-21
35,3824,51,-11.140625
35,3825,-18,-11.140625
35,3826,-61,-21.564
35,3827,85,-31.9672897196262
35,3828,130,139.870967741935
35,3829,397,255.831325301205
35,3830,-243,-58
35,3831,-97,-167.96992481203
35,3832,-254,-21
35,3833,-44,-68.3850267379679
35,3834,-11,12.3095238095238
35,3835,-102,-21.564
35,3836,-74,-68.3850267379679
35,3837,-20,-68.3850267379679
35,3838,-9,116.027027027027
35,3839,3,1.27725856697819
35,3840,5,1.27725856697819
35,3841,33,1.27725856697819
35,3842,136,77.7719298245614
35,3843,81,190.851851851852
35,3844,-126,-149.65
35,3845,-48,-68.3850267379679
35,3846,-41,-31.9672897196262
35,3847,54,-31.9672897196262
35,3848,5,-11.140625
35,3849,50,1.27725856697819
35,3850,9,-113.315789473684
35,3851,46,116.027027027027
35,3852,165,148.425287356322
35,3853,341,139.870967741935
35,3854,-28,-143.452380952381
35,3855,-292,-143.452380952381
35,3856,-89,-145.961538461538
35,3857,-17,12.3095238095238
35,3858,-49,-21.564
35,3859,-142,-31.9672897196262
35,3860,-46,-68.3850267379679
35,3861,-33,-31.9672897196262
35,3862,-10,0.725
35,3863,-2,1.27725856697819
35,3864,4,1.27725856697819
35,3865,23,1.27725856697819
35,3866,143,77.7719298245614
35,3867,338,190.851851851852
35,3868,294,-149.65
35,3869,-447,-304.074074074074
35,3870,-187,-143.452380952381
35,3871,55,-21
35,3872,128,-11.140625
35,3873,-79,-11.140625
35,3874,-28,-167.96992481203
35,3875,68,116.027027027027
35,3876,159,139.870967741935
35,3877,439,255.831325301205
35,3878,-107,-58
35,3879,-217,-167.96992481203
35,3880,-96,-145.961538461538
35,3881,-288,12.3095238095238
35,3882,32,-68.3850267379679
35,3883,-21,-46.4444444444444
35,3884,-144,-21.564
35,3885,-51,-68.3850267379679
35,3886,-12,-31.9672897196262
35,3887,-2,-21.564
35,3888,-1,1.27725856697819
35,3889,29,1.27725856697819
35,3890,94,60.4
35,3891,258,190.851851851852
35,3892,347,190.851851851852
35,3893,-379,-304.074074074074
35,3894,-182,-143.452380952381
35,3895,37,-21
35,3896,74,16.1076923076923
35,3897,6,-11.140625
35,3898,-27,1.27725856697819
35,3899,58,-21.564
35,3900,172,139.870967741935
35,3901,404,255.831325301205
35,3902,-14,-143.452380952381
35,3903,-353,-167.96992481203
35,3904,-93,-145.961538461538
35,3905,-120,12.3095238095238
35,3906,-89,-68.3850267379679
35,3907,-77,-68.3850267379679
35,3908,-53,-68.3850267379679
35,3909,-56,-31.9672897196262
35,3910,-35,-31.9672897196262
35,3911,5,-31.9672897196262
35,3912,-5,1.27725856697819
35,3913,30,1.27725856697819
35,3914,96,77.7719298245614
35,3915,291,190.851851851852
35,3916,357,190.851851851852
35,3917,-401,-304.074074074074
35,3918,-124,-143.452380952381
35,3919,44,-21
35,3920,164,77.7719298245614
35,3921,-44,-11.140625
35,3922,-24,-167.96992481203
35,3923,70,-21.564
35,3924,164,139.870967741935
35,3925,266,255.831325301205
35,3926,-139,-58
35,3927,-261,-167.96992481203
35,3928,-128,-21
35,3929,-105,12.3095238095238
35,3930,-3,-68.3850267379679
35,3931,-93,1.27725856697819
35,3932,20,-68.3850267379679
35,3933,-50,0.725
35,3934,-66,-31.9672897196262
35,3935,-19,-31.9672897196262
35,3936,-45,-21.564
35,3937,-1,-31.9672897196262
35,3938,20,1.27725856697819
35,3939,54,77.7719298245614
35,3940,122,148.425287356322
35,3941,189,190.851851851852
35,3942,144,-236.284768211921
35,3943,108,-143.452380952381
35,3944,96,23.25
35,3945,-33,-19.6538461538462
35,3946,-134,-21.564
35,3947,44,-68.3850267379679
35,3948,39,-46.4444444444444
35,3949,-49,-46.4444444444444
35,3950,-115,-31.9672897196262
35,3951,-154,-68.3850267379679
35,3952,-94,-68.3850267379679
35,3953,-32,-68.3850267379679
35,3954,-30,-21.564
35,3955,-6,-21.564
35,3956,-52,1.27725856697819
35,3957,-18,-31.9672897196262
35,3958,-35,-21.564
35,3959,-52,-31.9672897196262
35,3960,-11,-31.9672897196262
35,3961,-1,-21.564
35,3962,13,1.27725856697819
35,3963,12,77.7719298245614
35,3964,27,77.7719298245614
35,3965,24,77.7719298245614
35,3966,99,77.7719298245614
35,3967,151,71.7727272727273
35,3968,56,-11.140625
35,3969,-72,23.25
35,3970,-6,-68.3850267379679
35,3971,-8,1.27725856697819
35,3972,27,1.27725856697819
35,3973,-176,16.1076923076923
35,3974,-51,-68.3850267379679
35,3975,8,-31.9672897196262
35,3976,2,116.027027027027
35,3977,-3,1.27725856697819
35,3978,-34,1.27725856697819
35,3979,1,-31.9672897196262
35,3980,-29,1.27725856697819
35,3981,-14,-21.564
35,3982,-22,-21.564
35,3983,-5,-21.564
35,3984,-3,1.27725856697819
35,3985,12,1.27725856697819
35,3986,40,77.7719298245614
35,3987,95,60.4
35,3988,243,190.851851851852
35,3989,-65,-68.3
35,3990,-34,-143.452380952381
35,3991,10,-31.9672897196262
35,3992,33,1.27725856697819
35,3993,64,16.1076923076923
35,3994,15,-11.140625
35,3995,-50,60.4
35,3996,7,-31.9672897196262
35,3997,120,116.027027027027
35,3998,-41,-11.140625
35,3999,-85,-80.9473684210526
35,4000,-144,-68.3850267379679
35,4001,-76,-68.3850267379679
35,4002,-44,-68.3850267379679
35,4003,-38,-31.9672897196262
35,4004,-38,-31.9672897196262
35,4005,-18,-31.9672897196262
35,4006,-6,-21.564
35,4007,-4,1.27725856697819
35,4008,4,1.27725856697819
35,4009,12,1.27725856697819
35,4010,124,77.7719298245614
35,4011,219,190.851851851852
35,4012,351,-149.65
35,4013,-331,-304.074074074074
35,4014,-218,-143.452380952381
35,4015,29,-21
35,4016,67,16.1076923076923
35,4017,-22,-11.140625
35,4018,6,-21.564
35,4019,10,1.27725856697819
35,4020,170,116.027027027027
35,4021,382,255.831325301205
35,4022,-22,-58
35,4023,-270,-143.452380952381
35,4024,-154,-145.961538461538
35,4025,-135,12.3095238095238
35,4026,-63,-68.3850267379679
35,4027,-78,-31.9672897196262
35,4028,-51,-68.3850267379679
35,4029,-25,-31.9672897196262
35,4030,0,0.725
35,4031,-2,1.27725856697819
35,4032,0,1.27725856697819
35,4033,34,1.27725856697819
35,4034,135,77.7719298245614
35,4035,332,190.851851851852
35,4036,332,-149.65
35,4037,-473,-304.074074074074
35,4038,-149,-143.452380952381
35,4039,74,-21
35,4040,99,-11.140625
35,4041,-93,-11.140625
35,4042,-26,-68.3850267379679
35,4043,48,-21.564
35,4044,247,139.870967741935
35,4045,382,255.831325301205
35,4046,-104,-58
35,4047,-278,-167.96992481203
35,4048,-174,-145.961538461538
35,4049,-123,12.3095238095238
35,4050,-72,-68.3850267379679
35,4051,-61,-68.3850267379679
35,4052,-94,-31.9672897196262
35,4053,-31,-68.3850267379679
35,4054,0,0.725
35,4055,-8,1.27725856697819
35,4056,7,1.27725856697819
35,4057,32,1.27725856697819
35,4058,117,77.7719298245614
35,4059,319,190.851851851852
35,4060,320,-149.65
35,4061,-443,-143.452380952381
35,4062,-151,-143.452380952381
35,4063,47,-21
35,4064,75,-11.140625
35,4065,-35,-11.140625
35,4066,57,-31.9672897196262
35,4067,112,-113.315789473684
35,4068,21,139.870967741935
35,4069,346,0.725
35,4070,-135,-113.315789473684
35,4071,51,-143.452380952381
35,4072,-328,139.870967741935
35,4073,-155,-68.3850267379679
35,4074,-83,12.3095238095238
35,4075,9,-68.3850267379679
35,4076,-118,1.27725856697819
35,4077,-31,-68.3850267379679
35,4078,-21,0.725
35,4079,-10,-21.564
35,4080,2,1.27725856697819
35,4081,27,1.27725856697819
35,4082,108,77.7719298245614
35,4083,249,190.851851851852
35,4084,353,190.851851851852
35,4085,-345,-304.074074074074
35,4086,-125,-143.452380952381
35,4087,38,-21
35,4088,74,16.1076923076923
35,4089,-6,-11.140625
35,4090,-10,1.27725856697819
35,4091,84,1.27725856697819
35,4092,65,139.870967741935
35,4093,317,255.831325301205
35,4094,-195,-113.315789473684
35,4095,-149,-167.96992481203
35,4096,-185,-21
35,4097,-118,-68.3850267379679
35,4098,-30,-68.3850267379679
35,4099,-60,-21.564
35,4100,149,-31.9672897196262
35,4101,-103,190.851851851852
35,4102,-79,-149.65
35,4103,-52,-68.3850267379679
35,4104,-4,-31.9672897196262
35,4105,0,1.27725856697819
35,4106,17,1.27725856697819
35,4107,42,77.7719298245614
35,4108,104,60.4
35,4109,92,190.851851851852
35,4110,81,139.870967741935
35,4111,180,71.7727272727273
35,4112,46,-19.6538461538462
35,4113,97,-143.452380952381
35,4114,-73,-19.6538461538462
35,4115,18,-68.3850267379679
35,4116,22,-46.4444444444444
35,4117,-109,-46.4444444444444
35,4118,-55,-68.3850267379679
35,4119,-141,-31.9672897196262
35,4120,-77,-68.3850267379679
35,4121,-51,-68.3850267379679
35,4122,-15,-31.9672897196262
35,4123,-64,-21.564
35,4124,-14,-31.9672897196262
35,4125,1,-21.564
35,4126,-46,1.27725856697819
35,4127,-38,-31.9672897196262
35,4128,-16,-31.9672897196262
35,4129,-1,-21.564
35,4130,13,1.27725856697819
35,4131,27,77.7719298245614
35,4132,81,77.7719298245614
35,4133,91,190.851851851852
35,4134,205,139.870967741935
35,4135,66,-68.3
35,4136,68,-143.452380952381
35,4137,57,-19.6538461538462
35,4138,-2,-19.6538461538462
35,4139,-49,1.27725856697819
35,4140,13,-31.9672897196262
35,4141,-42,-46.4444444444444
35,4142,-86,-31.9672897196262
35,4143,-117,-68.3850267379679
35,4144,-90,-68.3850267379679
35,4145,-50,-68.3850267379679
35,4146,-71,-31.9672897196262
35,4147,-20,-68.3850267379679
35,4148,-57,-21.564
35,4149,-19,-31.9672897196262
35,4150,-23,-21.564
35,4151,-2,-21.564
35,4152,6,1.27725856697819
35,4153,30,1.27725856697819
35,4154,107,77.7719298245614
35,4155,329,190.851851851852
35,4156,261,190.851851851852
35,4157,-378,-143.452380952381
35,4158,-191,-143.452380952381
35,4159,95,-21
35,4160,21,-11.140625
35,4161,-138,16.1076923076923
35,4162,39,-68.3850267379679
35,4163,75,60.4
35,4164,187,139.870967741935
35,4165,319,255.831325301205
35,4166,-174,-58
35,4167,-353,-143.452380952381
35,4168,17,-21
35,4169,-50,77.7719298245614
35,4170,-80,-31.9672897196262
35,4171,-45,-68.3850267379679
35,4172,-33,-31.9672897196262
35,4173,-35,0.725
35,4174,-10,-31.9672897196262
35,4175,-1,1.27725856697819
35,4176,5,1.27725856697819
35,4177,45,1.27725856697819
35,4178,120,77.7719298245614
35,4179,353,190.851851851852
35,4180,310,-149.65
35,4181,-480,-304.074074074074
35,4182,-133,-143.452380952381
35,4183,6,-21
35,4184,97,1.27725856697819
35,4185,3,-11.140625
35,4186,-20,1.27725856697819
35,4187,38,-21.564
35,4188,100,116.027027027027
35,4189,497,255.831325301205
35,4190,-105,-113.315789473684
35,4191,-307,-167.96992481203
35,4192,-99,-145.961538461538
35,4193,-237,12.3095238095238
35,4194,-14,-68.3850267379679
35,4195,18,-21.564
35,4196,-150,60.4
35,4197,-32,-68.3850267379679
35,4198,-1,116.027027027027
35,4199,-9,1.27725856697819
35,4200,-3,1.27725856697819
35,4201,37,1.27725856697819
35,4202,137,77.7719298245614
35,4203,286,190.851851851852
35,4204,353,-149.65
35,4205,-435,-304.074074074074
35,4206,-154,-143.452380952381
35,4207,6,-21
35,4208,98,1.27725856697819
35,4209,-22,-11.140625
35,4210,-40,-21.564
35,4211,31,-31.9672897196262
35,4212,165,116.027027027027
35,4213,422,255.831325301205
35,4214,-4,-149.65
35,4215,-368,-167.96992481203
35,4216,-102,-145.961538461538
35,4217,-85,12.3095238095238
35,4218,-114,-68.3850267379679
35,4219,-116,-68.3850267379679
35,4220,-42,-68.3850267379679
35,4221,-43,-31.9672897196262
35,4222,0,-31.9672897196262
35,4223,-9,1.27725856697819
35,4224,0,1.27725856697819
35,4225,37,1.27725856697819
35,4226,111,77.7719298245614
35,4227,355,190.851851851852
35,4228,326,190.851851851852
35,4229,-447,-304.074074074074
35,4230,-169,-143.452380952381
35,4231,50,-21
35,4232,109,-11.140625
35,4233,-45,-11.140625
35,4234,-47,-31.9672897196262
35,4235,68,-31.9672897196262
35,4236,97,139.870967741935
35,4237,440,255.831325301205
35,4238,-102,-113.315789473684
35,4239,-275,-167.96992481203
35,4240,-126,-145.961538461538
35,4241,-104,12.3095238095238
35,4242,-54,-68.3850267379679
35,4243,-112,-31.9672897196262
35,4244,-61,-68.3850267379679
35,4245,-40,-31.9672897196262
35,4246,-6,-31.9672897196262
35,4247,-5,1.27725856697819
35,4248,1,1.27725856697819
35,4249,30,1.27725856697819
35,4250,95,77.7719298245614
35,4251,23,190.851851851852
35,4252,313,77.7719298245614
35,4253,-78,-68.3
35,4254,-165,-143.452380952381
35,4255,28,-145.961538461538
35,4256,80,16.1076923076923
35,4257,43,-11.140625
35,4258,-10,-46.4444444444444
35,4259,30,1.27725856697819
35,4260,170,60.4
35,4261,-140,139.870967741935
35,4262,-192,-143.452380952381
35,4263,-1,-68.3850267379679
35,4264,-3,1.27725856697819
35,4265,-23,1.27725856697819
35,4266,-16,-21.564
35,4267,-59,-21.564
35,4268,-8,-31.9672897196262
35,4269,-28,0.725
35,4270,-17,-21.564
35,4271,-49,-21.564
35,4272,-11,-31.9672897196262
35,4273,-5,-21.564
35,4274,18,1.27725856697819
35,4275,34,77.7719298245614
35,4276,128,77.7719298245614
35,4277,170,190.851851851852
35,4278,60,-149.65
35,4279,189,-143.452380952381
35,4280,91,-68.3
35,4281,11,-143.452380952381
35,4282,-3,16.1076923076923
35,4283,0,1.27725856697819
35,4284,-20,1.27725856697819
35,4285,40,-21.564
35,4286,-210,116.027027027027
35,4287,-176,-68.3850267379679
35,4288,-86,12.3095238095238
35,4289,37,-68.3850267379679
35,4290,-94,60.4
35,4291,-39,-68.3850267379679
35,4292,-9,-31.9672897196262
35,4293,-37,1.27725856697819
35,4294,15,-31.9672897196262
35,4295,-91,77.7719298245614
35,4296,-20,-68.3850267379679
35,4297,-11,-21.564
35,4298,16,-21.564
35,4299,30,77.7719298245614
35,4300,87,77.7719298245614
35,4301,126,120.083333333333
35,4302,174,139.870967741935
35,4303,104,23.25
35,4304,128,-143.452380952381
35,4305,-49,-19.6538461538462
35,4306,14,-80.9473684210526
35,4307,-17,16.1076923076923
35,4308,-32,-21.564
35,4309,-100,-21.564
35,4310,-78,-68.3850267379679
35,4311,-147,-68.3850267379679
35,4312,-71,-68.3850267379679
35,4313,-29,-68.3850267379679
35,4314,-53,-21.564
35,4315,-47,-31.9672897196262
35,4316,-35,-31.9672897196262
35,4317,-20,-31.9672897196262
35,4318,-6,-21.564
35,4319,1,1.27725856697819
35,4320,1,1.27725856697819
35,4321,39,1.27725856697819
35,4322,98,77.7719298245614
35,4323,308,190.851851851852
35,4324,276,190.851851851852
35,4325,-368,-304.074074074074
35,4326,-148,-143.452380952381
35,4327,-1,-21
35,4328,72,1.27725856697819
35,4329,32,-11.140625
35,4330,-33,-46.4444444444444
35,4331,14,-21.564
35,4332,228,116.027027027027
35,4333,398,255.831325301205
35,4334,-136,-143.452380952381
35,4335,-272,-167.96992481203
35,4336,-111,-21
35,4337,-229,12.3095238095238
35,4338,9,-68.3850267379679
35,4339,-20,1.27725856697819
35,4340,-126,-21.564
35,4341,-20,-68.3850267379679
35,4342,-10,116.027027027027
36,1,3,-17.8802083333333
36,2,23,3.80177514792899
36,3,27,78.5135135135135
36,4,103,78.5135135135135
36,5,56,181.878431372549
36,6,77,91.6181818181818
36,7,67,91.6181818181818
36,8,23,-7.91666666666667
36,9,8,37.7692307692308
36,10,51,3.80177514792899
36,11,-32,-10.5555555555556
36,12,-32,-17.8802083333333
36,13,-54,-17.8802083333333
36,14,-232,-47.8322580645161
36,15,49,-47.8322580645161
36,16,-37,-10.5555555555556
36,17,-18,-17.8802083333333
36,18,-1,-17.8802083333333
36,19,-41,3.80177514792899
36,20,-6,-17.8802083333333
36,21,6,32.4
36,22,-2,3.80177514792899
36,23,-24,3.80177514792899
36,24,-12,-17.8802083333333
36,25,2,-17.8802083333333
36,26,1,3.80177514792899
36,27,20,3.80177514792899
36,28,80,37.7692307692308
36,29,78,128.913043478261
36,30,195,181.878431372549
36,31,31,-25.625
36,32,173,-146.193277310924
36,33,11,-7.91666666666667
36,34,58,-146.193277310924
36,35,-50,-7.91666666666667
36,36,-16,-47.8322580645161
36,37,-65,-17.8802083333333
36,38,-35,-47.8322580645161
36,39,-112,-17.8802083333333
36,40,-132,-47.8322580645161
36,41,-39,-47.8322580645161
36,42,-96,-17.8802083333333
36,43,-26,-47.8322580645161
36,44,-34,-17.8802083333333
36,45,-24,-17.8802083333333
36,46,-16,-17.8802083333333
36,47,-4,-17.8802083333333
36,48,-2,3.80177514792899
36,49,18,3.80177514792899
36,50,103,78.5135135135135
36,51,226,181.878431372549
36,52,247,181.878431372549
36,53,-328,-243.330578512397
36,54,-111,-146.193277310924
36,55,6,24.7272727272727
36,56,62,3.80177514792899
36,57,22,-10.5555555555556
36,58,-29,-21.8333333333333
36,59,13,-17.8802083333333
36,60,116,119.951219512195
36,61,336,235.685714285714
36,62,-19,25.4736842105263
36,63,-193,-162.504132231405
36,64,-162,-137.131578947368
36,65,-88,-47.8322580645161
36,66,-87,-47.8322580645161
36,67,-74,-47.8322580645161
36,68,-25,-47.8322580645161
36,69,-14,-17.8802083333333
36,70,-13,32.4
36,71,-5,-17.8802083333333
36,72,5,3.80177514792899
36,73,9,3.80177514792899
36,74,9,3.80177514792899
36,75,143,3.80177514792899
36,76,388,181.878431372549
36,77,-208,-83.3076923076923
36,78,-175,-146.193277310924
36,79,55,24.7272727272727
36,80,40,-10.5555555555556
36,81,-20,37.7692307692308
36,82,-45,-17.8802083333333
36,83,30,-47.8322580645161
36,84,120,119.951219512195
36,85,327,276.340425531915
36,86,62,-83.3076923076923
36,87,-256,-243.330578512397
36,88,-152,-137.131578947368
36,89,-53,-47.8322580645161
36,90,-71,-47.8322580645161
36,91,-116,-47.8322580645161
36,92,-48,-47.8322580645161
36,93,-32,-47.8322580645161
36,94,1,32.4
36,95,-10,3.80177514792899
36,96,-2,-17.8802083333333
36,97,29,3.80177514792899
36,98,87,78.5135135135135
36,99,238,207.928
36,100,308,99.9
36,101,-351,-301.09375
36,102,-140,-146.193277310924
36,103,9,24.7272727272727
36,104,61,3.80177514792899
36,105,-17,-10.5555555555556
36,106,12,-17.8802083333333
36,107,16,-21.8333333333333
36,108,111,119.951219512195
36,109,362,235.685714285714
36,110,84,-10.5555555555556
36,111,-309,-146.193277310924
36,112,-166,-137.131578947368
36,113,-99,-47.8322580645161
36,114,-66,-47.8322580645161
36,115,-75,-47.8322580645161
36,116,-8,-47.8322580645161
36,117,-66,3.80177514792899
36,118,-7,-47.8322580645161
36,119,-11,3.80177514792899
36,120,-4,-17.8802083333333
36,121,19,3.80177514792899
36,122,115,78.5135135135135
36,123,248,181.878431372549
36,124,243,207.928
36,125,-323,-243.330578512397
36,126,-136,-146.193277310924
36,127,33,24.7272727272727
36,128,100,37.7692307692308
36,129,-36,-10.5555555555556
36,130,-61,-17.8802083333333
36,131,79,-47.8322580645161
36,132,87,91.6181818181818
36,133,334,276.340425531915
36,134,2,-121.166666666667
36,135,-184,-162.504132231405
36,136,-102,-137.131578947368
36,137,-121,-47.8322580645161
36,138,-53,-47.8322580645161
36,139,-125,-47.8322580645161
36,140,-32,-47.8322580645161
36,141,-41,-17.8802083333333
36,142,-37,-17.8802083333333
36,143,3,-17.8802083333333
36,144,-10,3.80177514792899
36,145,20,-17.8802083333333
36,146,111,78.5135135135135
36,147,221,181.878431372549
36,148,262,207.928
36,149,-324,-243.330578512397
36,150,-95,-146.193277310924
36,151,59,24.7272727272727
36,152,-87,-10.5555555555556
36,153,107,-47.8322580645161
36,154,-36,-121.166666666667
36,155,101,-17.8802083333333
36,156,97,207.928
36,157,203,276.340425531915
36,158,-2,-7.91666666666667
36,159,-189,-162.504132231405
36,160,-139,-47.8322580645161
36,161,-78,-47.8322580645161
36,162,-3,-47.8322580645161
36,163,24,3.80177514792899
36,164,-103,-21.8333333333333
36,165,-46,-47.8322580645161
36,166,-32,-47.8322580645161
36,167,-43,-17.8802083333333
36,168,-23,-17.8802083333333
36,169,13,-17.8802083333333
36,170,20,37.7692307692308
36,171,45,37.7692307692308
36,172,110,78.5135135135135
36,173,87,91.6181818181818
36,174,148,91.6181818181818
36,175,143,-25.625
36,176,-25,25.4736842105263
36,177,-26,-86.5909090909091
36,178,-96,-17.8802083333333
36,179,113,-47.8322580645161
36,180,-1,-10.5555555555556
36,181,-38,3.80177514792899
36,182,-68,-17.8802083333333
36,183,-29,-47.8322580645161
36,184,-96,-17.8802083333333
36,185,-40,-47.8322580645161
36,186,-52,-17.8802083333333
36,187,-68,-47.8322580645161
36,188,-15,-47.8322580645161
36,189,-13,-17.8802083333333
36,190,-28,-17.8802083333333
36,191,-65,-17.8802083333333
36,192,-12,-47.8322580645161
36,193,-5,-17.8802083333333
36,194,6,3.80177514792899
36,195,19,3.80177514792899
36,196,78,78.5135135135135
36,197,77,181.878431372549
36,198,142,207.928
36,199,81,-25.625
36,200,144,25.4736842105263
36,201,7,-7.91666666666667
36,202,-47,-86.5909090909091
36,203,53,-47.8322580645161
36,204,-27,-10.5555555555556
36,205,-33,-17.8802083333333
36,206,-48,-17.8802083333333
36,207,-80,-47.8322580645161
36,208,-107,-47.8322580645161
36,209,-73,-47.8322580645161
36,210,-46,-47.8322580645161
36,211,-55,-47.8322580645161
36,212,-68,-47.8322580645161
36,213,-25,-47.8322580645161
36,214,-3,-17.8802083333333
36,215,-1,3.80177514792899
36,216,-3,3.80177514792899
36,217,21,3.80177514792899
36,218,119,78.5135135135135
36,219,243,207.928
36,220,254,-83.3076923076923
36,221,-289,-243.330578512397
36,222,-160,-146.193277310924
36,223,23,24.7272727272727
36,224,50,37.7692307692308
36,225,9,-10.5555555555556
36,226,-33,3.80177514792899
36,227,23,-17.8802083333333
36,228,126,119.951219512195
36,229,381,276.340425531915
36,230,-89,25.4736842105263
36,231,-134,-162.504132231405
36,232,-223,-137.131578947368
36,233,-76,-47.8322580645161
36,234,-74,-47.8322580645161
36,235,-60,-47.8322580645161
36,236,-75,-47.8322580645161
36,237,-29,-47.8322580645161
36,238,7,-17.8802083333333
36,239,-10,32.4
36,240,-1,-17.8802083333333
36,241,15,3.80177514792899
36,242,145,78.5135135135135
36,243,298,207.928
36,244,178,-83.3076923076923
36,245,-346,-243.330578512397
36,246,-138,-146.193277310924
36,247,60,-47.8322580645161
36,248,46,-10.5555555555556
36,249,-44,-21.8333333333333
36,250,-148,-47.8322580645161
36,251,63,-47.8322580645161
36,252,255,91.6181818181818
36,253,328,276.340425531915
36,254,-7,-301.09375
36,255,-252,-162.504132231405
36,256,-156,-137.131578947368
36,257,-79,-47.8322580645161
36,258,-76,-47.8322580645161
36,259,-84,-47.8322580645161
36,260,-28,-47.8322580645161
36,261,-21,-17.8802083333333
36,262,-13,32.4
36,263,1,-17.8802083333333
36,264,3,3.80177514792899
36,265,23,3.80177514792899
36,266,98,78.5135135135135
36,267,292,181.878431372549
36,268,204,181.878431372549
36,269,-297,-243.330578512397
36,270,-172,-146.193277310924
36,271,48,-47.8322580645161
36,272,79,-10.5555555555556
36,273,-14,-10.5555555555556
36,274,-23,-17.8802083333333
36,275,16,-17.8802083333333
36,276,98,119.951219512195
36,277,348,276.340425531915
36,278,-333,-10.5555555555556
36,279,-274,-162.504132231405
36,280,-47,24.7272727272727
36,281,-17,-47.8322580645161
36,282,33,-17.8802083333333
36,283,-12,-21.8333333333333
36,284,-22,-17.8802083333333
36,285,-22,32.4
36,286,-8,119.951219512195
36,287,0,3.80177514792899
36,288,-1,3.80177514792899
36,289,22,3.80177514792899
36,290,115,37.7692307692308
36,291,262,181.878431372549
36,292,229,181.878431372549
36,293,-269,-243.330578512397
36,294,-207,-146.193277310924
36,295,102,24.7272727272727
36,296,16,-10.5555555555556
36,297,46,-21.8333333333333
36,298,-71,-21.8333333333333
36,299,24,-47.8322580645161
36,300,150,119.951219512195
36,301,311,276.340425531915
36,302,38,25.4736842105263
36,303,-217,-243.330578512397
36,304,-179,-137.131578947368
36,305,-144,-47.8322580645161
36,306,2,-47.8322580645161
36,307,-97,3.80177514792899
36,308,-71,-47.8322580645161
36,309,-18,-47.8322580645161
36,310,-15,32.4
36,311,-18,-17.8802083333333
36,312,-4,-17.8802083333333
36,313,17,3.80177514792899
36,314,109,37.7692307692308
36,315,216,207.928
36,316,269,181.878431372549
36,317,-298,-301.09375
36,318,-112,-146.193277310924
36,319,81,24.7272727272727
36,320,57,-10.5555555555556
36,321,15,-10.5555555555556
36,322,-29,-21.8333333333333
36,323,105,-17.8802083333333
36,324,86,91.6181818181818
36,325,254,276.340425531915
36,326,-183,-7.91666666666667
36,327,-93,-162.504132231405
36,328,-162,24.7272727272727
36,329,-71,-47.8322580645161
36,330,-36,-47.8322580645161
36,331,-54,-17.8802083333333
36,332,-44,-47.8322580645161
36,333,-43,-47.8322580645161
36,334,-37,-17.8802083333333
36,335,-22,-17.8802083333333
36,336,-25,-17.8802083333333
36,337,4,-17.8802083333333
36,338,20,3.80177514792899
36,339,34,78.5135135135135
36,340,111,78.5135135135135
36,341,157,207.928
36,342,76,-25.625
36,343,111,25.4736842105263
36,344,37,-7.91666666666667
36,345,100,37.7692307692308
36,346,-44,-7.91666666666667
36,347,-25,-47.8322580645161
36,348,1,-17.8802083333333
36,349,-15,3.80177514792899
36,350,-30,-17.8802083333333
36,351,-107,-17.8802083333333
36,352,-152,-47.8322580645161
36,353,-57,-47.8322580645161
36,354,44,-47.8322580645161
36,355,-98,78.5135135135135
36,356,-78,-47.8322580645161
36,357,-4,-47.8322580645161
36,358,-12,3.80177514792899
36,359,-54,-17.8802083333333
36,360,-19,-47.8322580645161
36,361,3,-17.8802083333333
36,362,9,3.80177514792899
36,363,39,3.80177514792899
36,364,96,78.5135135135135
36,365,66,181.878431372549
36,366,128,91.6181818181818
36,367,78,-25.625
36,368,103,25.4736842105263
36,369,71,-7.91666666666667
36,370,-50,-7.91666666666667
36,371,-53,-47.8322580645161
36,372,65,-47.8322580645161
36,373,-86,-10.5555555555556
36,374,-89,-47.8322580645161
36,375,-50,-47.8322580645161
36,376,-109,-47.8322580645161
36,377,-61,-47.8322580645161
36,378,-38,-47.8322580645161
36,379,-57,-17.8802083333333
36,380,-39,-47.8322580645161
36,381,-24,-17.8802083333333
36,382,-9,-17.8802083333333
36,383,0,3.80177514792899
36,384,4,3.80177514792899
36,385,20,3.80177514792899
36,386,39,78.5135135135135
36,387,10,78.5135135135135
36,388,81,3.80177514792899
36,389,-46,91.6181818181818
36,390,-51,-47.8322580645161
36,391,20,-47.8322580645161
36,392,106,37.7692307692308
36,393,-9,-10.5555555555556
36,394,-5,3.80177514792899
36,395,25,3.80177514792899
36,396,-85,37.7692307692308
36,397,118,-47.8322580645161
36,398,71,-10.5555555555556
36,399,4,-83.3076923076923
36,400,-115,3.80177514792899
36,401,-37,-47.8322580645161
36,402,-23,-17.8802083333333
36,403,-54,-17.8802083333333
36,404,-43,-47.8322580645161
36,405,-13,-17.8802083333333
36,406,-15,-17.8802083333333
36,407,2,-17.8802083333333
36,408,-1,3.80177514792899
36,409,3,3.80177514792899
36,410,16,3.80177514792899
36,411,68,78.5135135135135
36,412,317,153.731707317073
36,413,-54,181.878431372549
36,414,-184,-162.504132231405
36,415,53,-137.131578947368
36,416,40,128.913043478261
36,417,-25,37.7692307692308
36,418,-55,-17.8802083333333
36,419,72,-47.8322580645161
36,420,118,91.6181818181818
36,421,304,207.928
36,422,55,-301.09375
36,423,-221,-243.330578512397
36,424,-249,-137.131578947368
36,425,-154,-47.8322580645161
36,426,-26,-47.8322580645161
36,427,-12,-17.8802083333333
36,428,-32,-17.8802083333333
36,429,-18,-17.8802083333333
36,430,-2,32.4
36,431,-13,32.4
36,432,-2,-17.8802083333333
36,433,34,3.80177514792899
36,434,120,78.5135135135135
36,435,282,181.878431372549
36,436,210,-83.3076923076923
36,437,-303,-243.330578512397
36,438,-155,-146.193277310924
36,439,75,-47.8322580645161
36,440,63,-10.5555555555556
36,441,20,-10.5555555555556
36,442,-87,-21.8333333333333
36,443,11,-47.8322580645161
36,444,172,119.951219512195
36,445,427,276.340425531915
36,446,-27,-146.193277310924
36,447,-256,-162.504132231405
36,448,-131,-137.131578947368
36,449,-66,-47.8322580645161
36,450,-107,-47.8322580645161
36,451,-153,-47.8322580645161
36,452,-54,-47.8322580645161
36,453,-51,-47.8322580645161
36,454,-12,-47.8322580645161
36,455,-13,-17.8802083333333
36,456,13,-17.8802083333333
36,457,19,78.5135135135135
36,458,124,78.5135135135135
36,459,315,207.928
36,460,160,-83.3076923076923
36,461,-288,-146.193277310924
36,462,-141,-86.5909090909091
36,463,74,-47.8322580645161
36,464,69,-10.5555555555556
36,465,-21,-10.5555555555556
36,466,-57,-17.8802083333333
36,467,46,-47.8322580645161
36,468,114,119.951219512195
36,469,422,276.340425531915
36,470,16,-121.166666666667
36,471,-331,-162.504132231405
36,472,-91,-137.131578947368
36,473,-147,-47.8322580645161
36,474,-48,-47.8322580645161
36,475,-85,-47.8322580645161
36,476,-96,-47.8322580645161
36,477,-21,-47.8322580645161
36,478,-28,32.4
36,479,-7,-17.8802083333333
36,480,-3,3.80177514792899
36,481,23,3.80177514792899
36,482,148,78.5135135135135
36,483,333,207.928
36,484,230,-83.3076923076923
36,485,-384,-243.330578512397
36,486,-106,-146.193277310924
36,487,79,24.7272727272727
36,488,26,-10.5555555555556
36,489,35,-21.8333333333333
36,490,-45,-21.8333333333333
36,491,41,-47.8322580645161
36,492,177,119.951219512195
36,493,244,276.340425531915
36,494,-143,-146.193277310924
36,495,-186,-162.504132231405
36,496,-146,24.7272727272727
36,497,-79,-47.8322580645161
36,498,-7,-47.8322580645161
36,499,-77,3.80177514792899
36,500,-26,-47.8322580645161
36,501,-44,-17.8802083333333
36,502,-35,-47.8322580645161
36,503,-36,-17.8802083333333
36,504,-19,-17.8802083333333
36,505,-2,-17.8802083333333
36,506,38,3.80177514792899
36,507,45,78.5135135135135
36,508,100,78.5135135135135
36,509,97,181.878431372549
36,510,160,91.6181818181818
36,511,134,-25.625
36,512,56,25.4736842105263
36,513,62,25.4736842105263
36,514,26,-7.91666666666667
36,515,-58,-21.8333333333333
36,516,-30,-47.8322580645161
36,517,-16,-17.8802083333333
36,518,19,-17.8802083333333
36,519,-213,-21.8333333333333
36,520,-117,-47.8322580645161
36,521,-56,-47.8322580645161
36,522,79,-47.8322580645161
36,523,-99,181.878431372549
36,524,-69,-47.8322580645161
36,525,-40,-47.8322580645161
36,526,-32,119.951219512195
36,527,-32,-17.8802083333333
36,528,-50,-17.8802083333333
36,529,-8,-47.8322580645161
36,530,17,3.80177514792899
36,531,65,78.5135135135135
36,532,81,153.731707317073
36,533,142,181.878431372549
36,534,119,-25.625
36,535,149,25.4736842105263
36,536,56,25.4736842105263
36,537,-30,25.4736842105263
36,538,-64,-17.8802083333333
36,539,-41,-47.8322580645161
36,540,75,-17.8802083333333
36,541,-28,-10.5555555555556
36,542,-75,-17.8802083333333
36,543,-72,-47.8322580645161
36,544,-128,-47.8322580645161
36,545,-41,-47.8322580645161
36,546,-88,-17.8802083333333
36,547,-59,-47.8322580645161
36,548,-46,-47.8322580645161
36,549,-25,-47.8322580645161
36,550,-4,-17.8802083333333
36,551,-9,3.80177514792899
36,552,5,3.80177514792899
36,553,8,3.80177514792899
36,554,64,3.80177514792899
36,555,74,153.731707317073
36,556,117,181.878431372549
36,557,-84,91.6181818181818
36,558,-87,-86.5909090909091
36,559,7,-47.8322580645161
36,560,64,3.80177514792899
36,561,14,-10.5555555555556
36,562,-4,-21.8333333333333
36,563,45,3.80177514792899
36,564,90,37.7692307692308
36,565,193,91.6181818181818
36,566,22,-7.91666666666667
36,567,-82,-162.504132231405
36,568,-112,-47.8322580645161
36,569,-95,-47.8322580645161
36,570,-99,-47.8322580645161
36,571,-45,-47.8322580645161
36,572,-61,-47.8322580645161
36,573,-9,-47.8322580645161
36,574,-16,3.80177514792899
36,575,-6,-17.8802083333333
36,576,2,3.80177514792899
36,577,10,3.80177514792899
36,578,120,3.80177514792899
36,579,187,207.928
36,580,266,-83.3076923076923
36,581,-257,-301.09375
36,582,-133,-146.193277310924
36,583,-11,24.7272727272727
36,584,65,-17.8802083333333
36,585,-11,-10.5555555555556
36,586,-21,-17.8802083333333
36,587,23,-17.8802083333333
36,588,141,119.951219512195
36,589,399,235.685714285714
36,590,0,-83.3076923076923
36,591,-421,-162.504132231405
36,592,9,-137.131578947368
36,593,-112,3.80177514792899
36,594,-87,-47.8322580645161
36,595,-69,-47.8322580645161
36,596,-58,-47.8322580645161
36,597,-15,-47.8322580645161
36,598,-20,32.4
36,599,-7,-17.8802083333333
36,600,-2,3.80177514792899
36,601,32,3.80177514792899
36,602,125,78.5135135135135
36,603,308,207.928
36,604,251,-83.3076923076923
36,605,-422,-243.330578512397
36,606,-106,-146.193277310924
36,607,6,24.7272727272727
36,608,51,3.80177514792899
36,609,22,-10.5555555555556
36,610,-22,-21.8333333333333
36,611,9,-17.8802083333333
36,612,21,119.951219512195
36,613,7,193.8
36,614,42,3.80177514792899
36,615,49,-21.8333333333333
36,616,-81,-10.5555555555556
36,617,-50,-47.8322580645161
36,618,-86,-47.8322580645161
36,619,-53,-47.8322580645161
36,620,-50,-47.8322580645161
36,621,-26,-47.8322580645161
36,622,-14,-17.8802083333333
36,623,-12,-17.8802083333333
36,624,1,-17.8802083333333
36,625,25,3.80177514792899
36,626,126,78.5135135135135
36,627,259,207.928
36,628,277,-83.3076923076923
36,629,-391,-301.09375
36,630,-116,-146.193277310924
36,631,36,24.7272727272727
36,632,68,37.7692307692308
36,633,13,-10.5555555555556
36,634,-50,-21.8333333333333
36,635,39,-47.8322580645161
36,636,99,119.951219512195
36,637,408,276.340425531915
36,638,-46,-7.91666666666667
36,639,-260,-162.504132231405
36,640,-94,-137.131578947368
36,641,-113,-47.8322580645161
36,642,-42,-47.8322580645161
36,643,-76,-17.8802083333333
36,644,-94,-47.8322580645161
36,645,-31,-47.8322580645161
36,646,-19,32.4
36,647,-9,-17.8802083333333
36,648,-5,3.80177514792899
36,649,21,3.80177514792899
36,650,83,78.5135135135135
36,651,246,207.928
36,652,224,181.878431372549
36,653,-243,-243.330578512397
36,654,-108,-146.193277310924
36,655,51,24.7272727272727
36,656,38,-10.5555555555556
36,657,12,-21.8333333333333
36,658,34,-21.8333333333333
36,659,99,-21.8333333333333
36,660,118,91.6181818181818
36,661,69,276.340425531915
36,662,-131,25.4736842105263
36,663,-118,-47.8322580645161
36,664,-54,-47.8322580645161
36,665,-95,-47.8322580645161
36,666,-43,-47.8322580645161
36,667,-46,-17.8802083333333
36,668,-50,-47.8322580645161
36,669,-34,-47.8322580645161
36,670,-18,-17.8802083333333
36,671,-33,-17.8802083333333
36,672,-29,-17.8802083333333
36,673,8,-17.8802083333333
36,674,21,3.80177514792899
36,675,23,78.5135135135135
36,676,87,78.5135135135135
36,677,148,91.6181818181818
36,678,148,-25.625
36,679,83,25.4736842105263
36,680,9,25.4736842105263
36,681,10,3.80177514792899
36,682,25,3.80177514792899
36,683,-51,-21.8333333333333
36,684,-9,-47.8322580645161
36,685,-42,3.80177514792899
36,686,-47,-17.8802083333333
36,687,-42,-47.8322580645161
36,688,-118,-17.8802083333333
36,689,-4,-47.8322580645161
36,690,-47,3.80177514792899
36,691,-54,-47.8322580645161
36,692,-13,-47.8322580645161
36,693,-59,-17.8802083333333
36,694,-17,-47.8322580645161
36,695,-25,-17.8802083333333
36,696,-25,-17.8802083333333
36,697,-4,-17.8802083333333
36,698,15,3.80177514792899
36,699,30,78.5135135135135
36,700,99,78.5135135135135
36,701,119,181.878431372549
36,702,154,91.6181818181818
36,703,95,25.4736842105263
36,704,51,25.4736842105263
36,705,-72,-7.91666666666667
36,706,49,-47.8322580645161
36,707,-12,-7.91666666666667
36,708,-34,-17.8802083333333
36,709,21,-17.8802083333333
36,710,-4,-21.8333333333333
36,711,-76,3.80177514792899
36,712,-50,-47.8322580645161
36,713,-249,-47.8322580645161
36,714,-84,-47.8322580645161
36,715,37,-47.8322580645161
36,716,-31,78.5135135135135
36,717,-6,-17.8802083333333
36,718,-11,3.80177514792899
36,719,-30,-17.8802083333333
36,720,-12,32.4
36,721,3,-17.8802083333333
36,722,11,3.80177514792899
36,723,47,37.7692307692308
36,724,88,153.731707317073
36,725,108,181.878431372549
36,726,101,91.6181818181818
36,727,112,91.6181818181818
36,728,49,-7.91666666666667
36,729,31,-7.91666666666667
36,730,-91,-21.8333333333333
36,731,-5,-47.8322580645161
36,732,41,3.80177514792899
36,733,-96,-21.8333333333333
36,734,-22,-47.8322580645161
36,735,12,-17.8802083333333
36,736,-78,37.7692307692308
36,737,-70,-47.8322580645161
36,738,-90,-47.8322580645161
36,739,-75,-47.8322580645161
36,740,-37,-47.8322580645161
36,741,-31,-17.8802083333333
36,742,-6,-17.8802083333333
36,743,-5,3.80177514792899
36,744,2,3.80177514792899
36,745,28,3.80177514792899
36,746,121,78.5135135135135
36,747,296,207.928
36,748,184,-83.3076923076923
36,749,-377,-243.330578512397
36,750,-74,-146.193277310924
36,751,14,-47.8322580645161
36,752,40,37.7692307692308
36,753,2,-21.8333333333333
36,754,-1,3.80177514792899
36,755,18,3.80177514792899
36,756,137,119.951219512195
36,757,388,235.685714285714
36,758,-71,-83.3076923076923
36,759,-184,-162.504132231405
36,760,-322,-137.131578947368
36,761,-133,-47.8322580645161
36,762,-16,-47.8322580645161
36,763,-5,-17.8802083333333
36,764,-14,3.80177514792899
36,765,-32,-17.8802083333333
36,766,1,-17.8802083333333
36,767,0,32.4
36,768,1,3.80177514792899
36,769,35,3.80177514792899
36,770,103,78.5135135135135
36,771,339,181.878431372549
36,772,188,181.878431372549
36,773,-366,-243.330578512397
36,774,-128,-146.193277310924
36,775,31,-47.8322580645161
36,776,45,-21.8333333333333
36,777,36,-21.8333333333333
36,778,-37,-21.8333333333333
36,779,23,-17.8802083333333
36,780,123,119.951219512195
36,781,441,276.340425531915
36,782,-43,25.4736842105263
36,783,-240,-162.504132231405
36,784,-125,-137.131578947368
36,785,-127,-47.8322580645161
36,786,-87,-47.8322580645161
36,787,-57,-47.8322580645161
36,788,-99,-47.8322580645161
36,789,-35,-47.8322580645161
36,790,-12,32.4
36,791,-6,-17.8802083333333
36,792,0,3.80177514792899
36,793,25,3.80177514792899
36,794,145,78.5135135135135
36,795,329,207.928
36,796,186,-83.3076923076923
36,797,-382,-243.330578512397
36,798,-91,-146.193277310924
36,799,-2,-47.8322580645161
36,800,74,3.80177514792899
36,801,1,-10.5555555555556
36,802,-39,3.80177514792899
36,803,36,-17.8802083333333
36,804,197,119.951219512195
36,805,340,235.685714285714
36,806,-42,-83.3076923076923
36,807,-194,-162.504132231405
36,808,-112,-137.131578947368
36,809,-120,-47.8322580645161
36,810,-95,-47.8322580645161
36,811,-124,-47.8322580645161
36,812,-54,-47.8322580645161
36,813,-52,-47.8322580645161
36,814,-18,-47.8322580645161
36,815,-12,-17.8802083333333
36,816,2,-17.8802083333333
36,817,39,3.80177514792899
36,818,96,78.5135135135135
36,819,261,207.928
36,820,292,207.928
36,821,-396,-301.09375
36,822,-94,-146.193277310924
36,823,31,24.7272727272727
36,824,75,-21.8333333333333
36,825,6,-10.5555555555556
36,826,-62,3.80177514792899
36,827,4,-47.8322580645161
36,828,-36,119.951219512195
36,829,5,-17.8802083333333
36,830,-117,3.80177514792899
36,831,-65,-47.8322580645161
36,832,-6,-47.8322580645161
36,833,46,3.80177514792899
36,834,-62,78.5135135135135
36,835,50,-47.8322580645161
36,836,13,-121.166666666667
36,837,-10,37.7692307692308
36,838,-35,-17.8802083333333
36,839,-15,-17.8802083333333
36,840,-13,-17.8802083333333
36,841,-1,-17.8802083333333
36,842,24,3.80177514792899
36,843,50,37.7692307692308
36,844,124,153.731707317073
36,845,122,181.878431372549
36,846,161,-200.426229508197
36,847,43,25.4736842105263
36,848,132,-146.193277310924
36,849,11,-7.91666666666667
36,850,-32,-86.5909090909091
36,851,55,-17.8802083333333
36,852,-58,-10.5555555555556
36,853,-58,-47.8322580645161
36,854,-74,-47.8322580645161
36,855,42,-47.8322580645161
36,856,-155,37.7692307692308
36,857,-83,-47.8322580645161
36,858,-88,-47.8322580645161
36,859,10,-47.8322580645161
36,860,-69,3.80177514792899
36,861,-48,-47.8322580645161
36,862,-32,-47.8322580645161
36,863,-39,-17.8802083333333
36,864,-37,-17.8802083333333
36,865,-1,-17.8802083333333
36,866,10,3.80177514792899
36,867,13,3.80177514792899
36,868,105,78.5135135135135
36,869,160,181.878431372549
36,870,104,-25.625
36,871,107,25.4736842105263
36,872,173,-7.91666666666667
36,873,2,-7.91666666666667
36,874,-8,-146.193277310924
36,875,-34,3.80177514792899
36,876,18,-17.8802083333333
36,877,-84,-21.8333333333333
36,878,-82,-47.8322580645161
36,879,-43,-47.8322580645161
36,880,-139,-17.8802083333333
36,881,-68,-47.8322580645161
36,882,-20,-47.8322580645161
36,883,-118,-17.8802083333333
36,884,-59,-47.8322580645161
36,885,-35,-47.8322580645161
36,886,-3,-17.8802083333333
36,887,-6,3.80177514792899
36,888,3,3.80177514792899
36,889,27,3.80177514792899
36,890,104,78.5135135135135
36,891,378,207.928
36,892,148,99.9
36,893,-383,-243.330578512397
36,894,-95,-86.5909090909091
36,895,52,-47.8322580645161
36,896,43,-10.5555555555556
36,897,-8,-21.8333333333333
36,898,-4,3.80177514792899
36,899,22,3.80177514792899
36,900,156,119.951219512195
36,901,386,276.340425531915
36,902,-12,-83.3076923076923
36,903,-177,-162.504132231405
36,904,-184,-137.131578947368
36,905,-196,-47.8322580645161
36,906,-97,-47.8322580645161
36,907,-82,-47.8322580645161
36,908,-52,-47.8322580645161
36,909,-14,-47.8322580645161
36,910,-12,-17.8802083333333
36,911,-3,-17.8802083333333
36,912,0,32.4
36,913,31,3.80177514792899
36,914,148,78.5135135135135
36,915,385,207.928
36,916,141,-83.3076923076923
36,917,-375,-243.330578512397
36,918,-159,-86.5909090909091
36,919,51,-47.8322580645161
36,920,20,-10.5555555555556
36,921,20,-21.8333333333333
36,922,9,-21.8333333333333
36,923,-4,3.80177514792899
36,924,201,119.951219512195
36,925,377,276.340425531915
36,926,-60,-146.193277310924
36,927,-277,-146.193277310924
36,928,-98,-137.131578947368
36,929,-132,-47.8322580645161
36,930,-90,-47.8322580645161
36,931,-80,-47.8322580645161
36,932,-64,-47.8322580645161
36,933,-22,-47.8322580645161
36,934,-16,32.4
36,935,-3,-17.8802083333333
36,936,2,3.80177514792899
36,937,28,3.80177514792899
36,938,134,78.5135135135135
36,939,375,207.928
36,940,121,-83.3076923076923
36,941,-365,-243.330578512397
36,942,-100,-86.5909090909091
36,943,23,-47.8322580645161
36,944,89,37.7692307692308
36,945,-12,-10.5555555555556
36,946,-1,-17.8802083333333
36,947,-2,3.80177514792899
36,948,152,119.951219512195
36,949,272,276.340425531915
36,950,58,-83.3076923076923
36,951,-244,-243.330578512397
36,952,-130,-137.131578947368
36,953,-110,-47.8322580645161
36,954,-50,-47.8322580645161
36,955,-125,-47.8322580645161
36,956,-64,-47.8322580645161
36,957,-37,-47.8322580645161
36,958,-10,32.4
36,959,-7,-17.8802083333333
36,960,1,3.80177514792899
36,961,28,3.80177514792899
36,962,136,78.5135135135135
36,963,356,207.928
36,964,155,-83.3076923076923
36,965,-344,-243.330578512397
36,966,-127,-86.5909090909091
36,967,27,-47.8322580645161
36,968,99,37.7692307692308
36,969,-21,-10.5555555555556
36,970,-50,-17.8802083333333
36,971,68,-47.8322580645161
36,972,133,91.6181818181818
36,973,403,276.340425531915
36,974,-56,-301.09375
36,975,-211,-162.504132231405
36,976,-124,-137.131578947368
36,977,-165,-47.8322580645161
36,978,-85,-47.8322580645161
36,979,-51,-47.8322580645161
36,980,-100,-47.8322580645161
36,981,-48,-47.8322580645161
36,982,-10,-47.8322580645161
36,983,-11,-17.8802083333333
36,984,2,-17.8802083333333
36,985,19,3.80177514792899
36,986,110,78.5135135135135
36,987,289,207.928
36,988,272,207.928
36,989,-318,-301.09375
36,990,-133,-146.193277310924
36,991,15,24.7272727272727
36,992,105,37.7692307692308
36,993,47,-10.5555555555556
36,994,-43,-10.5555555555556
36,995,24,-17.8802083333333
36,996,126,119.951219512195
36,997,270,235.685714285714
36,998,-70,25.4736842105263
36,999,-168,-162.504132231405
36,1000,-147,-137.131578947368
36,1001,-69,-47.8322580645161
36,1002,-48,-47.8322580645161
36,1003,-76,-47.8322580645161
36,1004,-9,-47.8322580645161
36,1005,-83,3.80177514792899
36,1006,-34,-47.8322580645161
36,1007,-49,-17.8802083333333
36,1008,-32,-47.8322580645161
36,1009,11,-17.8802083333333
36,1010,61,78.5135135135135
36,1011,7,153.731707317073
36,1012,157,3.80177514792899
36,1013,96,-25.625
36,1014,126,25.4736842105263
36,1015,103,181.878431372549
36,1016,-38,25.4736842105263
36,1017,54,-17.8802083333333
36,1018,8,-7.91666666666667
36,1019,-38,3.80177514792899
36,1020,-21,-17.8802083333333
36,1021,-39,-17.8802083333333
36,1022,-44,-17.8802083333333
36,1023,-91,-47.8322580645161
36,1024,3,-47.8322580645161
36,1025,-47,3.80177514792899
36,1026,-102,-47.8322580645161
36,1027,16,-47.8322580645161
36,1028,-72,78.5135135135135
36,1029,-42,-47.8322580645161
36,1030,-43,-17.8802083333333
36,1031,-44,-17.8802083333333
36,1032,-19,-47.8322580645161
36,1033,3,-17.8802083333333
36,1034,17,3.80177514792899
36,1035,32,37.7692307692308
36,1036,119,78.5135135135135
36,1037,85,207.928
36,1038,147,-83.3076923076923
36,1039,86,-25.625
36,1040,3,25.4736842105263
36,1041,-10,3.80177514792899
36,1042,8,-17.8802083333333
36,1043,-25,3.80177514792899
36,1044,33,-17.8802083333333
36,1045,13,-21.8333333333333
36,1046,-31,-21.8333333333333
36,1047,-115,-17.8802083333333
36,1048,-12,-47.8322580645161
36,1049,-110,-17.8802083333333
36,1050,-94,-47.8322580645161
36,1051,-49,-47.8322580645161
36,1052,-69,-47.8322580645161
36,1053,-17,-47.8322580645161
36,1054,-7,-17.8802083333333
36,1055,-11,3.80177514792899
36,1056,1,-17.8802083333333
36,1057,30,3.80177514792899
36,1058,107,78.5135135135135
36,1059,359,207.928
36,1060,148,181.878431372549
36,1061,-335,-243.330578512397
36,1062,-169,-86.5909090909091
36,1063,55,-47.8322580645161
36,1064,59,-10.5555555555556
36,1065,-13,-10.5555555555556
36,1066,11,-17.8802083333333
36,1067,0,-21.8333333333333
36,1068,168,119.951219512195
36,1069,373,276.340425531915
36,1070,31,-83.3076923076923
36,1071,-235,-146.193277310924
36,1072,-202,-137.131578947368
36,1073,-144,-47.8322580645161
36,1074,-86,-47.8322580645161
36,1075,-84,-47.8322580645161
36,1076,-52,-47.8322580645161
36,1077,-12,-47.8322580645161
36,1078,-10,32.4
36,1079,6,32.4
36,1080,-8,3.80177514792899
36,1081,25,3.80177514792899
36,1082,107,78.5135135135135
36,1083,167,207.928
36,1084,310,181.878431372549
36,1085,-328,-301.09375
36,1086,-160,-146.193277310924
36,1087,-60,24.7272727272727
36,1088,30,-47.8322580645161
36,1089,-36,-21.8333333333333
36,1090,1,-17.8802083333333
36,1091,56,3.80177514792899
36,1092,123,91.6181818181818
36,1093,442,235.685714285714
36,1094,-28,-301.09375
36,1095,-162,-162.504132231405
36,1096,-105,-137.131578947368
36,1097,-112,-47.8322580645161
36,1098,-67,-47.8322580645161
36,1099,-118,-47.8322580645161
36,1100,-55,-47.8322580645161
36,1101,-6,-47.8322580645161
36,1102,-24,3.80177514792899
36,1103,4,-17.8802083333333
36,1104,2,3.80177514792899
36,1105,30,3.80177514792899
36,1106,154,78.5135135135135
36,1107,311,207.928
36,1108,208,-83.3076923076923
36,1109,-361,-243.330578512397
36,1110,-154,-146.193277310924
36,1111,48,-47.8322580645161
36,1112,88,-10.5555555555556
36,1113,-79,-10.5555555555556
36,1114,65,-47.8322580645161
36,1115,-39,-121.166666666667
36,1116,111,119.951219512195
36,1117,465,276.340425531915
36,1118,-113,-10.5555555555556
36,1119,-73,-146.193277310924
36,1120,-223,-137.131578947368
36,1121,-52,-47.8322580645161
36,1122,-158,-47.8322580645161
36,1123,-85,-47.8322580645161
36,1124,-105,-47.8322580645161
36,1125,-27,-47.8322580645161
36,1126,-12,-17.8802083333333
36,1127,-4,32.4
36,1128,1,3.80177514792899
36,1129,34,3.80177514792899
36,1130,141,193.8
36,1131,325,207.928
36,1132,213,-83.3076923076923
36,1133,-362,-243.330578512397
36,1134,-178,-146.193277310924
36,1135,49,-47.8322580645161
36,1136,37,-10.5555555555556
36,1137,19,-21.8333333333333
36,1138,14,-21.8333333333333
36,1139,26,-21.8333333333333
36,1140,114,119.951219512195
36,1141,429,276.340425531915
36,1142,-44,-10.5555555555556
36,1143,-244,-146.193277310924
36,1144,-144,-137.131578947368
36,1145,-98,-47.8322580645161
36,1146,-95,-47.8322580645161
36,1147,-70,-47.8322580645161
36,1148,-78,-47.8322580645161
36,1149,-43,-47.8322580645161
36,1150,-36,32.4
36,1151,-10,-17.8802083333333
36,1152,9,-17.8802083333333
36,1153,19,3.80177514792899
36,1154,118,78.5135135135135
36,1155,279,207.928
36,1156,223,-83.3076923076923
36,1157,-287,-146.193277310924
36,1158,-150,-146.193277310924
36,1159,70,24.7272727272727
36,1160,117,-10.5555555555556
36,1161,-10,-10.5555555555556
36,1162,-17,-162.504132231405
36,1163,1,-17.8802083333333
36,1164,181,119.951219512195
36,1165,265,276.340425531915
36,1166,-130,-83.3076923076923
36,1167,-226,-162.504132231405
36,1168,-82,-137.131578947368
36,1169,-52,-47.8322580645161
36,1170,-12,-47.8322580645161
36,1171,-99,-17.8802083333333
36,1172,-85,-47.8322580645161
36,1173,-42,-47.8322580645161
36,1174,-28,32.4
36,1175,-40,-17.8802083333333
36,1176,-19,-17.8802083333333
36,1177,15,-17.8802083333333
36,1178,24,78.5135135135135
36,1179,31,78.5135135135135
36,1180,126,78.5135135135135
36,1181,163,-25.625
36,1182,68,25.4736842105263
36,1183,131,-146.193277310924
36,1184,37,-7.91666666666667
36,1185,14,25.4736842105263
36,1186,-44,37.7692307692308
36,1187,10,-47.8322580645161
36,1188,-41,3.80177514792899
36,1189,51,-17.8802083333333
36,1190,-22,-10.5555555555556
36,1191,-110,-17.8802083333333
36,1192,-109,-47.8322580645161
36,1193,-62,-47.8322580645161
36,1194,-10,-47.8322580645161
36,1195,-97,-17.8802083333333
36,1196,-35,-47.8322580645161
36,1197,-60,-17.8802083333333
36,1198,-14,-47.8322580645161
36,1199,-46,-17.8802083333333
36,1200,-10,-47.8322580645161
36,1201,-1,-17.8802083333333
36,1202,6,3.80177514792899
36,1203,25,3.80177514792899
36,1204,71,78.5135135135135
36,1205,155,181.878431372549
36,1206,162,207.928
36,1207,110,25.4736842105263
36,1208,69,-146.193277310924
36,1209,-1,-7.91666666666667
36,1210,-32,3.80177514792899
36,1211,-119,-17.8802083333333
36,1212,117,-47.8322580645161
36,1213,13,-10.5555555555556
36,1214,-80,-83.3076923076923
36,1215,-123,-47.8322580645161
36,1216,-88,-47.8322580645161
36,1217,-56,-47.8322580645161
36,1218,-93,-47.8322580645161
36,1219,-45,-47.8322580645161
36,1220,-68,-47.8322580645161
36,1221,-26,-47.8322580645161
36,1222,-5,-17.8802083333333
36,1223,-5,3.80177514792899
36,1224,5,3.80177514792899
36,1225,14,3.80177514792899
36,1226,14,78.5135135135135
36,1227,108,78.5135135135135
36,1228,329,181.878431372549
36,1229,-224,-25.625
36,1230,-159,-146.193277310924
36,1231,30,24.7272727272727
36,1232,47,37.7692307692308
36,1233,57,-10.5555555555556
36,1234,-6,-121.166666666667
36,1235,18,3.80177514792899
36,1236,95,119.951219512195
36,1237,391,276.340425531915
36,1238,-81,-10.5555555555556
36,1239,-179,-162.504132231405
36,1240,-101,-137.131578947368
36,1241,-89,-47.8322580645161
36,1242,-109,-47.8322580645161
36,1243,-90,-47.8322580645161
36,1244,-39,-47.8322580645161
36,1245,-21,-17.8802083333333
36,1246,1,-17.8802083333333
36,1247,-7,3.80177514792899
36,1248,2,3.80177514792899
36,1249,27,3.80177514792899
36,1250,124,78.5135135135135
36,1251,319,207.928
36,1252,193,-83.3076923076923
36,1253,-345,-243.330578512397
36,1254,-148,-146.193277310924
36,1255,50,-47.8322580645161
36,1256,62,-10.5555555555556
36,1257,-20,-10.5555555555556
36,1258,-45,-17.8802083333333
36,1259,32,-47.8322580645161
36,1260,75,119.951219512195
36,1261,477,276.340425531915
36,1262,-16,-121.166666666667
36,1263,-281,-162.504132231405
36,1264,-56,-137.131578947368
36,1265,-182,-47.8322580645161
36,1266,15,-47.8322580645161
36,1267,-166,-21.8333333333333
36,1268,-72,-47.8322580645161
36,1269,-26,-47.8322580645161
36,1270,-21,119.951219512195
36,1271,2,-17.8802083333333
36,1272,-1,3.80177514792899
36,1273,32,3.80177514792899
36,1274,126,37.7692307692308
36,1275,299,207.928
36,1276,179,-83.3076923076923
36,1277,-327,-243.330578512397
36,1278,-149,-146.193277310924
36,1279,21,-47.8322580645161
36,1280,-8,37.7692307692308
36,1281,31,3.80177514792899
36,1282,-21,-21.8333333333333
36,1283,-11,-17.8802083333333
36,1284,156,32.4
36,1285,356,276.340425531915
36,1286,-19,25.4736842105263
36,1287,-133,-162.504132231405
36,1288,-132,-137.131578947368
36,1289,-63,-47.8322580645161
36,1290,-87,-47.8322580645161
36,1291,-134,-47.8322580645161
36,1292,-54,-47.8322580645161
36,1293,-51,-47.8322580645161
36,1294,0,-47.8322580645161
36,1295,-7,3.80177514792899
36,1296,1,3.80177514792899
36,1297,28,3.80177514792899
36,1298,110,78.5135135135135
36,1299,313,207.928
36,1300,127,207.928
36,1301,-334,-243.330578512397
36,1302,-106,-86.5909090909091
36,1303,11,-47.8322580645161
36,1304,54,37.7692307692308
36,1305,-43,-10.5555555555556
36,1306,4,-17.8802083333333
36,1307,18,3.80177514792899
36,1308,126,119.951219512195
36,1309,295,235.685714285714
36,1310,25,-83.3076923076923
36,1311,-141,-162.504132231405
36,1312,-63,-137.131578947368
36,1313,-125,-47.8322580645161
36,1314,-68,-47.8322580645161
36,1315,-97,-47.8322580645161
36,1316,-53,-47.8322580645161
36,1317,-62,-47.8322580645161
36,1318,-19,-47.8322580645161
36,1319,-5,-17.8802083333333
36,1320,3,3.80177514792899
36,1321,28,3.80177514792899
36,1322,84,78.5135135135135
36,1323,237,207.928
36,1324,254,207.928
36,1325,-280,-243.330578512397
36,1326,-148,-146.193277310924
36,1327,51,24.7272727272727
36,1328,18,-10.5555555555556
36,1329,46,-21.8333333333333
36,1330,-37,-21.8333333333333
36,1331,21,-17.8802083333333
36,1332,96,119.951219512195
36,1333,266,276.340425531915
36,1334,-141,-10.5555555555556
36,1335,-143,-162.504132231405
36,1336,-160,24.7272727272727
36,1337,15,-47.8322580645161
36,1338,-20,78.5135135135135
36,1339,-23,-17.8802083333333
36,1340,-58,-17.8802083333333
36,1341,7,-47.8322580645161
36,1342,-30,3.80177514792899
36,1343,-51,-17.8802083333333
36,1344,-23,-47.8322580645161
36,1345,-7,-17.8802083333333
36,1346,35,3.80177514792899
36,1347,31,78.5135135135135
36,1348,89,78.5135135135135
36,1349,165,181.878431372549
36,1350,162,-25.625
36,1351,22,-146.193277310924
36,1352,86,-146.193277310924
36,1353,-38,-7.91666666666667
36,1354,45,-17.8802083333333
36,1355,-126,-21.8333333333333
36,1356,30,-47.8322580645161
36,1357,17,-21.8333333333333
36,1358,-49,37.7692307692308
36,1359,-56,-47.8322580645161
36,1360,-39,-47.8322580645161
36,1361,-64,-17.8802083333333
36,1362,-43,-47.8322580645161
36,1363,-54,-17.8802083333333
36,1364,-62,-47.8322580645161
36,1365,-36,-47.8322580645161
36,1366,-13,-17.8802083333333
36,1367,-54,-17.8802083333333
36,1368,-47,-47.8322580645161
36,1369,-5,-47.8322580645161
36,1370,17,3.80177514792899
36,1371,46,78.5135135135135
36,1372,70,78.5135135135135
36,1373,91,181.878431372549
36,1374,220,91.6181818181818
36,1375,54,-25.625
36,1376,50,-146.193277310924
36,1377,29,-7.91666666666667
36,1378,-34,-21.8333333333333
36,1379,-64,-17.8802083333333
36,1380,-26,-47.8322580645161
36,1381,71,-17.8802083333333
36,1382,2,-10.5555555555556
36,1383,-111,3.80177514792899
36,1384,-91,-47.8322580645161
36,1385,-79,-47.8322580645161
36,1386,-75,-47.8322580645161
36,1387,-91,-47.8322580645161
36,1388,-19,-47.8322580645161
36,1389,-37,-17.8802083333333
36,1390,-17,-17.8802083333333
36,1391,-9,-17.8802083333333
36,1392,-1,3.80177514792899
36,1393,39,3.80177514792899
36,1394,115,78.5135135135135
36,1395,327,181.878431372549
36,1396,123,207.928
36,1397,-340,-243.330578512397
36,1398,-84,-86.5909090909091
36,1399,-3,-47.8322580645161
36,1400,89,3.80177514792899
36,1401,-10,-10.5555555555556
36,1402,-9,-17.8802083333333
36,1403,-18,3.80177514792899
36,1404,181,119.951219512195
36,1405,419,235.685714285714
36,1406,-42,-83.3076923076923
36,1407,-209,-162.504132231405
36,1408,-107,-137.131578947368
36,1409,-144,-47.8322580645161
36,1410,-144,-47.8322580645161
36,1411,-84,-47.8322580645161
36,1412,-66,-47.8322580645161
36,1413,-7,-47.8322580645161
36,1414,-21,32.4
36,1415,0,-17.8802083333333
36,1416,1,3.80177514792899
36,1417,29,3.80177514792899
36,1418,149,193.8
36,1419,364,207.928
36,1420,104,-83.3076923076923
36,1421,-328,-243.330578512397
36,1422,-138,-137.131578947368
36,1423,45,-47.8322580645161
36,1424,73,37.7692307692308
36,1425,-2,-10.5555555555556
36,1426,-39,3.80177514792899
36,1427,50,-17.8802083333333
36,1428,99,91.6181818181818
36,1429,484,276.340425531915
36,1430,-76,-121.166666666667
36,1431,-212,-162.504132231405
36,1432,-107,-137.131578947368
36,1433,-177,-47.8322580645161
36,1434,-83,-47.8322580645161
36,1435,-114,-47.8322580645161
36,1436,-77,-47.8322580645161
36,1437,-31,-47.8322580645161
36,1438,-9,32.4
36,1439,-6,3.80177514792899
36,1440,3,3.80177514792899
36,1441,25,3.80177514792899
36,1442,164,78.5135135135135
36,1443,327,207.928
36,1444,160,-83.3076923076923
36,1445,-405,-243.330578512397
36,1446,-110,-86.5909090909091
36,1447,37,-47.8322580645161
36,1448,113,37.7692307692308
36,1449,-1,-10.5555555555556
36,1450,-51,3.80177514792899
36,1451,-21,-47.8322580645161
36,1452,143,119.951219512195
36,1453,451,276.340425531915
36,1454,-39,-83.3076923076923
36,1455,-161,-162.504132231405
36,1456,-198,-137.131578947368
36,1457,-78,-47.8322580645161
36,1458,-70,-47.8322580645161
36,1459,-138,-47.8322580645161
36,1460,-105,-47.8322580645161
36,1461,-29,-47.8322580645161
36,1462,-12,-17.8802083333333
36,1463,-6,32.4
36,1464,4,3.80177514792899
36,1465,36,3.80177514792899
36,1466,146,78.5135135135135
36,1467,315,207.928
36,1468,109,-83.3076923076923
36,1469,-266,-243.330578512397
36,1470,-167,-137.131578947368
36,1471,27,-47.8322580645161
36,1472,65,-21.8333333333333
36,1473,-40,-10.5555555555556
36,1474,18,-17.8802083333333
36,1475,-35,-21.8333333333333
36,1476,168,119.951219512195
36,1477,318,276.340425531915
36,1478,-8,-83.3076923076923
36,1479,-126,-146.193277310924
36,1480,-101,-137.131578947368
36,1481,-72,-47.8322580645161
36,1482,-124,-47.8322580645161
36,1483,-103,-47.8322580645161
36,1484,-57,-47.8322580645161
36,1485,-72,-47.8322580645161
36,1486,-24,-47.8322580645161
36,1487,-10,-17.8802083333333
36,1488,2,-17.8802083333333
36,1489,35,3.80177514792899
36,1490,118,78.5135135135135
36,1491,217,207.928
36,1492,244,-83.3076923076923
36,1493,-324,-243.330578512397
36,1494,-129,-146.193277310924
36,1495,17,24.7272727272727
36,1496,38,-21.8333333333333
36,1497,13,-21.8333333333333
36,1498,-6,-21.8333333333333
36,1499,-3,3.80177514792899
36,1500,121,119.951219512195
36,1501,188,235.685714285714
36,1502,-75,25.4736842105263
36,1503,-101,-162.504132231405
36,1504,-55,-47.8322580645161
36,1505,-72,-47.8322580645161
36,1506,-73,-47.8322580645161
36,1507,-115,-47.8322580645161
36,1508,21,-47.8322580645161
36,1509,-11,37.7692307692308
36,1510,3,-17.8802083333333
36,1511,-38,3.80177514792899
36,1512,-5,-17.8802083333333
36,1513,-8,3.80177514792899
36,1514,32,3.80177514792899
36,1515,50,78.5135135135135
36,1516,102,153.731707317073
36,1517,81,-121.166666666667
36,1518,129,91.6181818181818
36,1519,48,-25.625
36,1520,19,25.4736842105263
36,1521,-43,78.5135135135135
36,1522,-19,-17.8802083333333
36,1523,-5,-17.8802083333333
36,1524,-31,3.80177514792899
36,1525,-11,-17.8802083333333
36,1526,-23,-17.8802083333333
36,1527,35,-17.8802083333333
36,1528,-82,37.7692307692308
36,1529,-79,-47.8322580645161
36,1530,-41,-47.8322580645161
36,1531,-20,-17.8802083333333
36,1532,-3,-17.8802083333333
36,1533,-56,3.80177514792899
36,1534,-3,-47.8322580645161
36,1535,-57,3.80177514792899
36,1536,-29,-47.8322580645161
36,1537,6,-17.8802083333333
36,1538,17,3.80177514792899
36,1539,23,78.5135135135135
36,1540,92,37.7692307692308
36,1541,77,128.913043478261
36,1542,147,91.6181818181818
36,1543,11,-25.625
36,1544,56,-86.5909090909091
36,1545,-13,-7.91666666666667
36,1546,24,-17.8802083333333
36,1547,-99,-21.8333333333333
36,1548,-32,-47.8322580645161
36,1549,100,-17.8802083333333
36,1550,-43,-10.5555555555556
36,1551,12,-17.8802083333333
36,1552,-50,37.7692307692308
36,1553,-74,-47.8322580645161
36,1554,-107,-47.8322580645161
36,1555,-41,-47.8322580645161
36,1556,-67,-17.8802083333333
36,1557,-26,-47.8322580645161
36,1558,-2,-17.8802083333333
36,1559,-10,3.80177514792899
36,1560,7,-17.8802083333333
36,1561,28,3.80177514792899
36,1562,96,78.5135135135135
36,1563,262,207.928
36,1564,170,181.878431372549
36,1565,-273,-146.193277310924
36,1566,-121,-146.193277310924
36,1567,27,-47.8322580645161
36,1568,56,37.7692307692308
36,1569,-21,-10.5555555555556
36,1570,-6,-17.8802083333333
36,1571,4,3.80177514792899
36,1572,131,119.951219512195
36,1573,382,276.340425531915
36,1574,-17,-83.3076923076923
36,1575,-149,-162.504132231405
36,1576,-186,-137.131578947368
36,1577,-137,-47.8322580645161
36,1578,-70,-47.8322580645161
36,1579,-86,-47.8322580645161
36,1580,-49,-47.8322580645161
36,1581,-39,-47.8322580645161
36,1582,-4,-17.8802083333333
36,1583,-8,3.80177514792899
36,1584,4,3.80177514792899
36,1585,29,3.80177514792899
36,1586,119,78.5135135135135
36,1587,329,207.928
36,1588,163,-83.3076923076923
36,1589,-374,-243.330578512397
36,1590,-63,-146.193277310924
36,1591,8,-47.8322580645161
36,1592,55,3.80177514792899
36,1593,11,-10.5555555555556
36,1594,27,-21.8333333333333
36,1595,91,-21.8333333333333
36,1596,126,91.6181818181818
36,1597,195,235.685714285714
36,1598,-95,25.4736842105263
36,1599,-130,-146.193277310924
36,1600,-121,-47.8322580645161
36,1601,-180,-47.8322580645161
36,1602,-19,-47.8322580645161
36,1603,-6,-17.8802083333333
36,1604,-12,3.80177514792899
36,1605,-36,-17.8802083333333
36,1606,-30,-17.8802083333333
36,1607,-61,-17.8802083333333
36,1608,-16,-47.8322580645161
36,1609,3,-17.8802083333333
36,1610,13,3.80177514792899
36,1611,40,37.7692307692308
36,1612,81,78.5135135135135
36,1613,140,181.878431372549
36,1614,154,-25.625
36,1615,38,25.4736842105263
36,1616,9,25.4736842105263
36,1617,5,3.80177514792899
36,1618,48,3.80177514792899
36,1619,-93,-10.5555555555556
36,1620,-65,-47.8322580645161
36,1621,25,-47.8322580645161
36,1622,16,-21.8333333333333
36,1623,2,37.7692307692308
36,1624,119,3.80177514792899
36,1625,33,-10.5555555555556
36,1626,-82,25.4736842105263
36,1627,-319,-47.8322580645161
36,1628,-95,-47.8322580645161
36,1629,-58,-47.8322580645161
36,1630,-12,-47.8322580645161
36,1631,-11,-17.8802083333333
36,1632,0,-17.8802083333333
36,1633,22,3.80177514792899
36,1634,104,32.4
36,1635,210,235.685714285714
36,1636,207,207.928
36,1637,-257,-243.330578512397
36,1638,-107,-146.193277310924
36,1639,58,-47.8322580645161
36,1640,32,-10.5555555555556
36,1641,34,-21.8333333333333
36,1642,-69,-21.8333333333333
36,1643,13,-47.8322580645161
36,1644,179,119.951219512195
36,1645,256,276.340425531915
36,1646,-82,-146.193277310924
36,1647,-104,-162.504132231405
36,1648,-182,-137.131578947368
36,1649,2,-47.8322580645161
36,1650,-98,3.80177514792899
36,1651,-94,-47.8322580645161
36,1652,-29,-47.8322580645161
36,1653,-73,-17.8802083333333
36,1654,-12,-47.8322580645161
36,1655,-10,-17.8802083333333
36,1656,-1,-17.8802083333333
36,1657,29,3.80177514792899
36,1658,96,78.5135135135135
36,1659,222,181.878431372549
36,1660,232,207.928
36,1661,-281,-243.330578512397
36,1662,-94,-146.193277310924
36,1663,23,24.7272727272727
36,1664,98,37.7692307692308
36,1665,-38,-10.5555555555556
36,1666,-18,-17.8802083333333
36,1667,10,-17.8802083333333
36,1668,84,119.951219512195
36,1669,207,276.340425531915
36,1670,-16,-10.5555555555556
36,1671,-142,-162.504132231405
36,1672,-82,-47.8322580645161
36,1673,-36,-47.8322580645161
36,1674,-12,-17.8802083333333
36,1675,-124,-17.8802083333333
36,1676,-14,-47.8322580645161
36,1677,-79,-17.8802083333333
36,1678,-13,-47.8322580645161
36,1679,-27,-17.8802083333333
36,1680,-15,-17.8802083333333
36,1681,-2,-17.8802083333333
36,1682,17,3.80177514792899
36,1683,40,78.5135135135135
36,1684,81,78.5135135135135
36,1685,104,181.878431372549
36,1686,69,91.6181818181818
36,1687,42,91.6181818181818
36,1688,-25,78.5135135135135
36,1689,18,-17.8802083333333
36,1690,-52,-21.8333333333333
36,1691,-2,-47.8322580645161
36,1692,-12,3.80177514792899
36,1693,-15,-17.8802083333333
36,1694,-2,-17.8802083333333
36,1695,10,3.80177514792899
36,1696,-11,3.80177514792899
36,1697,-75,-17.8802083333333
36,1698,19,-47.8322580645161
36,1699,-72,37.7692307692308
36,1700,-1,-47.8322580645161
36,1701,-23,3.80177514792899
36,1702,-54,-17.8802083333333
36,1703,-35,-47.8322580645161
36,1704,-22,-17.8802083333333
36,1705,-7,-17.8802083333333
36,1706,15,3.80177514792899
36,1707,31,78.5135135135135
36,1708,78,37.7692307692308
36,1709,112,207.928
36,1710,77,91.6181818181818
36,1711,70,91.6181818181818
36,1712,-13,203.8
36,1713,-39,-17.8802083333333
36,1714,-25,-17.8802083333333
36,1715,-14,-17.8802083333333
36,1716,-7,-17.8802083333333
36,1717,-21,3.80177514792899
36,1718,-17,-17.8802083333333
36,1719,-3,-17.8802083333333
36,1720,35,3.80177514792899
36,1721,-78,78.5135135135135
36,1722,-85,-47.8322580645161
36,1723,1,-47.8322580645161
36,1724,-84,3.80177514792899
36,1725,-21,-47.8322580645161
36,1726,-13,-17.8802083333333
36,1727,0,-17.8802083333333
36,1728,-3,3.80177514792899
36,1729,26,3.80177514792899
36,1730,64,78.5135135135135
36,1731,138,153.731707317073
36,1732,225,181.878431372549
36,1733,-92,-200.426229508197
36,1734,-188,-146.193277310924
36,1735,41,-137.131578947368
36,1736,50,37.7692307692308
36,1737,-11,-10.5555555555556
36,1738,-13,-17.8802083333333
36,1739,38,-17.8802083333333
36,1740,133,37.7692307692308
36,1741,436,207.928
36,1742,23,-83.3076923076923
36,1743,-241,-162.504132231405
36,1744,-184,-137.131578947368
36,1745,-116,-47.8322580645161
36,1746,-107,-47.8322580645161
36,1747,-93,-47.8322580645161
36,1748,-62,-47.8322580645161
36,1749,-54,-47.8322580645161
36,1750,1,-47.8322580645161
36,1751,-13,3.80177514792899
36,1752,1,-17.8802083333333
36,1753,38,3.80177514792899
36,1754,145,78.5135135135135
36,1755,333,207.928
36,1756,129,-83.3076923076923
36,1757,-318,-243.330578512397
36,1758,-141,-86.5909090909091
36,1759,59,-47.8322580645161
36,1760,23,-10.5555555555556
36,1761,8,-21.8333333333333
36,1762,-38,3.80177514792899
36,1763,23,-17.8802083333333
36,1764,170,119.951219512195
36,1765,437,276.340425531915
36,1766,-53,-146.193277310924
36,1767,-405,-162.504132231405
36,1768,-330,-137.131578947368
36,1769,6,-47.8322580645161
36,1770,49,3.80177514792899
36,1771,-36,-10.5555555555556
36,1772,-59,-17.8802083333333
36,1773,-30,-47.8322580645161
36,1774,-9,119.951219512195
36,1775,0,32.4
36,1776,2,3.80177514792899
36,1777,34,3.80177514792899
36,1778,144,37.7692307692308
36,1779,312,207.928
36,1780,177,-83.3076923076923
36,1781,-346,-243.330578512397
36,1782,-133,-146.193277310924
36,1783,34,-47.8322580645161
36,1784,63,-21.8333333333333
36,1785,-19,-10.5555555555556
36,1786,-32,-17.8802083333333
36,1787,35,-17.8802083333333
36,1788,135,119.951219512195
36,1789,419,276.340425531915
36,1790,-16,-83.3076923076923
36,1791,-181,-162.504132231405
36,1792,-150,-137.131578947368
36,1793,-92,-47.8322580645161
36,1794,-147,-47.8322580645161
36,1795,-92,-47.8322580645161
36,1796,-96,-47.8322580645161
36,1797,-35,-47.8322580645161
36,1798,-12,-17.8802083333333
36,1799,1,-17.8802083333333
36,1800,-5,3.80177514792899
36,1801,39,3.80177514792899
36,1802,134,193.8
36,1803,334,207.928
36,1804,190,-83.3076923076923
36,1805,-375,-243.330578512397
36,1806,-113,-146.193277310924
36,1807,1,-47.8322580645161
36,1808,77,3.80177514792899
36,1809,-15,-10.5555555555556
36,1810,-68,-17.8802083333333
36,1811,62,-47.8322580645161
36,1812,168,91.6181818181818
36,1813,356,235.685714285714
36,1814,30,-301.09375
36,1815,-196,-243.330578512397
36,1816,-115,-137.131578947368
36,1817,-141,-47.8322580645161
36,1818,-55,-47.8322580645161
36,1819,-107,-47.8322580645161
36,1820,-116,-47.8322580645161
36,1821,-36,-47.8322580645161
36,1822,-42,32.4
36,1823,-8,-17.8802083333333
36,1824,2,3.80177514792899
36,1825,23,3.80177514792899
36,1826,93,78.5135135135135
36,1827,253,207.928
36,1828,333,181.878431372549
36,1829,-299,-301.09375
36,1830,-146,-146.193277310924
36,1831,20,24.7272727272727
36,1832,91,37.7692307692308
36,1833,-5,-10.5555555555556
36,1834,-5,3.80177514792899
36,1835,-16,3.80177514792899
36,1836,139,119.951219512195
36,1837,343,276.340425531915
36,1838,-204,-83.3076923076923
36,1839,-143,-162.504132231405
36,1840,-99,24.7272727272727
36,1841,-90,-47.8322580645161
36,1842,-36,-47.8322580645161
36,1843,-51,-17.8802083333333
36,1844,-21,-47.8322580645161
36,1845,-73,32.4
36,1846,-17,-47.8322580645161
36,1847,-61,-17.8802083333333
36,1848,-31,-47.8322580645161
36,1849,-4,-17.8802083333333
36,1850,30,3.80177514792899
36,1851,13,78.5135135135135
36,1852,103,78.5135135135135
36,1853,131,181.878431372549
36,1854,119,-25.625
36,1855,38,25.4736842105263
36,1856,60,25.4736842105263
36,1857,92,-7.91666666666667
36,1858,41,-7.91666666666667
36,1859,-72,-21.8333333333333
36,1860,6,-47.8322580645161
36,1861,-108,3.80177514792899
36,1862,-107,-47.8322580645161
36,1863,80,-47.8322580645161
36,1864,-75,-10.5555555555556
36,1865,-87,-47.8322580645161
36,1866,-44,-47.8322580645161
36,1867,-14,-47.8322580645161
36,1868,-24,-17.8802083333333
36,1869,-19,-17.8802083333333
36,1870,-53,-17.8802083333333
36,1871,-58,-47.8322580645161
36,1872,-38,-47.8322580645161
36,1873,-10,-17.8802083333333
36,1874,6,-17.8802083333333
36,1875,32,3.80177514792899
36,1876,86,78.5135135135135
36,1877,88,207.928
36,1878,161,207.928
36,1879,69,-25.625
36,1880,38,-146.193277310924
36,1881,-9,78.5135135135135
36,1882,-4,3.80177514792899
36,1883,13,3.80177514792899
36,1884,6,-21.8333333333333
36,1885,-59,3.80177514792899
36,1886,-124,-47.8322580645161
36,1887,0,-47.8322580645161
36,1888,-18,3.80177514792899
36,1889,-71,-17.8802083333333
36,1890,-93,-47.8322580645161
36,1891,-39,-47.8322580645161
36,1892,-48,-17.8802083333333
36,1893,-32,-47.8322580645161
36,1894,4,-17.8802083333333
36,1895,-9,3.80177514792899
36,1896,6,3.80177514792899
36,1897,38,3.80177514792899
36,1898,90,78.5135135135135
36,1899,343,207.928
36,1900,184,181.878431372549
36,1901,-319,-146.193277310924
36,1902,-162,-146.193277310924
36,1903,-4,-47.8322580645161
36,1904,55,3.80177514792899
36,1905,2,-10.5555555555556
36,1906,-27,3.80177514792899
36,1907,25,-17.8802083333333
36,1908,149,119.951219512195
36,1909,369,235.685714285714
36,1910,39,-83.3076923076923
36,1911,-199,-243.330578512397
36,1912,-141,-137.131578947368
36,1913,-126,-47.8322580645161
36,1914,-44,-47.8322580645161
36,1915,-118,-47.8322580645161
36,1916,-113,-47.8322580645161
36,1917,-28,-47.8322580645161
36,1918,-18,32.4
36,1919,-4,-17.8802083333333
36,1920,4,3.80177514792899
36,1921,31,3.80177514792899
36,1922,175,78.5135135135135
36,1923,313,207.928
36,1924,135,-83.3076923076923
36,1925,-341,-243.330578512397
36,1926,-161,-86.5909090909091
36,1927,47,-47.8322580645161
36,1928,48,-10.5555555555556
36,1929,-33,-10.5555555555556
36,1930,-7,-17.8802083333333
36,1931,30,3.80177514792899
36,1932,137,119.951219512195
36,1933,389,276.340425531915
36,1934,2,-83.3076923076923
36,1935,-225,-162.504132231405
36,1936,-120,-137.131578947368
36,1937,-94,-47.8322580645161
36,1938,-89,-47.8322580645161
36,1939,-83,-47.8322580645161
36,1940,-108,-47.8322580645161
36,1941,-37,-47.8322580645161
36,1942,-8,32.4
36,1943,-4,3.80177514792899
36,1944,2,3.80177514792899
36,1945,40,3.80177514792899
36,1946,116,78.5135135135135
36,1947,333,207.928
36,1948,184,-83.3076923076923
36,1949,-382,-243.330578512397
36,1950,-159,-146.193277310924
36,1951,45,-47.8322580645161
36,1952,19,-21.8333333333333
36,1953,1,-21.8333333333333
36,1954,-33,3.80177514792899
36,1955,24,-17.8802083333333
36,1956,30,119.951219512195
36,1957,146,193.8
36,1958,273,-10.5555555555556
36,1959,-127,-83.3076923076923
36,1960,-150,-146.193277310924
36,1961,-47,-137.131578947368
36,1962,-31,-47.8322580645161
36,1963,-157,-17.8802083333333
36,1964,-65,-47.8322580645161
36,1965,-41,-47.8322580645161
36,1966,-18,-17.8802083333333
36,1967,-2,-17.8802083333333
36,1968,3,3.80177514792899
36,1969,32,3.80177514792899
36,1970,112,78.5135135135135
36,1971,321,207.928
36,1972,184,207.928
36,1973,-339,-243.330578512397
36,1974,-120,-146.193277310924
36,1975,18,-47.8322580645161
36,1976,58,37.7692307692308
36,1977,-20,-10.5555555555556
36,1978,-57,-17.8802083333333
36,1979,95,-47.8322580645161
36,1980,66,91.6181818181818
36,1981,413,235.685714285714
36,1982,6,-121.166666666667
36,1983,-244,-162.504132231405
36,1984,-28,-137.131578947368
36,1985,-173,-17.8802083333333
36,1986,-264,-47.8322580645161
36,1987,-3,-47.8322580645161
36,1988,-31,3.80177514792899
36,1989,-23,-17.8802083333333
36,1990,8,32.4
36,1991,17,3.80177514792899
36,1992,-27,78.5135135135135
36,1993,33,32.4
36,1994,84,193.8
36,1995,234,91.6181818181818
36,1996,331,181.878431372549
36,1997,-318,-301.09375
36,1998,-140,-146.193277310924
36,1999,-21,24.7272727272727
36,2000,62,-17.8802083333333
36,2001,-118,-10.5555555555556
36,2002,73,-47.8322580645161
36,2003,-13,-121.166666666667
36,2004,220,119.951219512195
36,2005,279,235.685714285714
36,2006,-93,-83.3076923076923
36,2007,-220,-146.193277310924
36,2008,-151,-137.131578947368
36,2009,-129,-47.8322580645161
36,2010,13,-47.8322580645161
36,2011,31,78.5135135135135
36,2012,-63,-21.8333333333333
36,2013,-31,-47.8322580645161
36,2014,-12,119.951219512195
36,2015,-35,-17.8802083333333
36,2016,-9,-17.8802083333333
36,2017,1,3.80177514792899
36,2018,-2,3.80177514792899
36,2019,22,3.80177514792899
36,2020,75,78.5135135135135
36,2021,95,181.878431372549
36,2022,61,181.878431372549
36,2023,37,91.6181818181818
36,2024,152,78.5135135135135
36,2025,-103,-7.91666666666667
36,2026,-11,-86.5909090909091
36,2027,37,-17.8802083333333
36,2028,-54,-21.8333333333333
36,2029,-85,-47.8322580645161
36,2030,-64,-47.8322580645161
36,2031,61,-47.8322580645161
36,2032,-24,153.731707317073
36,2033,-51,-17.8802083333333
36,2034,17,-47.8322580645161
36,2035,-31,37.7692307692308
36,2036,-36,-17.8802083333333
36,2037,17,-17.8802083333333
36,2038,-8,78.5135135135135
36,2039,-79,3.80177514792899
36,2040,-27,-47.8322580645161
36,2041,-10,-17.8802083333333
36,2042,13,-17.8802083333333
36,2043,19,78.5135135135135
36,2044,115,78.5135135135135
36,2045,105,181.878431372549
36,2046,121,91.6181818181818
36,2047,126,91.6181818181818
36,2048,-1,25.4736842105263
36,2049,122,-86.5909090909091
36,2050,-10,-7.91666666666667
36,2051,8,-86.5909090909091
36,2052,4,3.80177514792899
36,2053,-72,3.80177514792899
36,2054,-41,-47.8322580645161
36,2055,7,-17.8802083333333
36,2056,-144,3.80177514792899
36,2057,-33,-47.8322580645161
36,2058,-154,-17.8802083333333
36,2059,-68,-47.8322580645161
36,2060,-76,-47.8322580645161
36,2061,-20,-47.8322580645161
36,2062,-10,-17.8802083333333
36,2063,-15,-17.8802083333333
36,2064,6,-17.8802083333333
36,2065,43,3.80177514792899
36,2066,106,193.8
36,2067,264,207.928
36,2068,317,181.878431372549
36,2069,-393,-146.193277310924
36,2070,-145,-146.193277310924
36,2071,-2,24.7272727272727
36,2072,116,3.80177514792899
36,2073,-74,-10.5555555555556
36,2074,31,-83.3076923076923
36,2075,10,-21.8333333333333
36,2076,176,119.951219512195
36,2077,390,235.685714285714
36,2078,-106,-83.3076923076923
36,2079,-159,-146.193277310924
36,2080,-179,-137.131578947368
36,2081,-107,-47.8322580645161
36,2082,-87,-47.8322580645161
36,2083,-95,-47.8322580645161
36,2084,-50,-47.8322580645161
36,2085,-47,-47.8322580645161
36,2086,-1,-47.8322580645161
36,2087,-10,3.80177514792899
36,2088,0,-17.8802083333333
36,2089,44,3.80177514792899
36,2090,140,78.5135135135135
36,2091,326,207.928
36,2092,227,-83.3076923076923
36,2093,-404,-243.330578512397
36,2094,-121,-146.193277310924
36,2095,-17,24.7272727272727
36,2096,28,-17.8802083333333
36,2097,44,-21.8333333333333
36,2098,-29,-21.8333333333333
36,2099,41,-17.8802083333333
36,2100,170,119.951219512195
36,2101,414,235.685714285714
36,2102,8,-146.193277310924
36,2103,-245,-162.504132231405
36,2104,-109,-137.131578947368
36,2105,-145,-47.8322580645161
36,2106,-109,-47.8322580645161
36,2107,-77,-47.8322580645161
36,2108,-126,-47.8322580645161
36,2109,-38,-47.8322580645161
36,2110,-16,32.4
36,2111,0,-17.8802083333333
36,2112,-8,3.80177514792899
36,2113,55,3.80177514792899
36,2114,131,153.731707317073
36,2115,317,207.928
36,2116,281,-301.09375
36,2117,-446,-301.09375
36,2118,-111,-146.193277310924
36,2119,50,24.7272727272727
36,2120,29,-10.5555555555556
36,2121,2,-21.8333333333333
36,2122,-65,3.80177514792899
36,2123,70,-47.8322580645161
36,2124,167,91.6181818181818
36,2125,429,276.340425531915
36,2126,-22,-301.09375
36,2127,-193,-162.504132231405
36,2128,-131,-137.131578947368
36,2129,-170,-47.8322580645161
36,2130,-119,-47.8322580645161
36,2131,-39,-47.8322580645161
36,2132,-147,-17.8802083333333
36,2133,-63,-47.8322580645161
36,2134,-8,-47.8322580645161
36,2135,-13,3.80177514792899
36,2136,-4,-17.8802083333333
36,2137,38,3.80177514792899
36,2138,139,78.5135135135135
36,2139,314,207.928
36,2140,234,-83.3076923076923
36,2141,-385,-243.330578512397
36,2142,-122,-146.193277310924
36,2143,-10,24.7272727272727
36,2144,67,-17.8802083333333
36,2145,-37,-10.5555555555556
36,2146,-29,-17.8802083333333
36,2147,25,-17.8802083333333
36,2148,136,119.951219512195
36,2149,364,235.685714285714
36,2150,-50,-83.3076923076923
36,2151,-74,-162.504132231405
36,2152,-168,-137.131578947368
36,2153,-175,-47.8322580645161
36,2154,-37,-47.8322580645161
36,2155,-89,-17.8802083333333
36,2156,-48,-47.8322580645161
36,2157,-43,-47.8322580645161
36,2158,-28,-17.8802083333333
36,2159,-14,-17.8802083333333
36,2160,-4,-17.8802083333333
36,2161,29,3.80177514792899
36,2162,102,78.5135135135135
36,2163,271,207.928
36,2164,266,207.928
36,2165,-313,-301.09375
36,2166,-132,-146.193277310924
36,2167,20,24.7272727272727
36,2168,48,37.7692307692308
36,2169,15,-10.5555555555556
36,2170,12,-21.8333333333333
36,2171,-3,-21.8333333333333
36,2172,176,119.951219512195
36,2173,200,276.340425531915
36,2174,-77,-146.193277310924
36,2175,-106,-146.193277310924
36,2176,-162,-47.8322580645161
36,2177,-94,-47.8322580645161
36,2178,-61,-47.8322580645161
36,2179,-10,-47.8322580645161
36,2180,2,-17.8802083333333
36,2181,-111,3.80177514792899
36,2182,10,-47.8322580645161
36,2183,-47,3.80177514792899
36,2184,-32,-47.8322580645161
36,2185,3,-17.8802083333333
36,2186,36,3.80177514792899
36,2187,26,78.5135135135135
36,2188,87,37.7692307692308
36,2189,174,-121.166666666667
36,2190,58,-25.625
36,2191,62,-146.193277310924
36,2192,30,-7.91666666666667
36,2193,11,-21.8333333333333
36,2194,-4,37.7692307692308
36,2195,3,3.80177514792899
36,2196,-10,3.80177514792899
36,2197,-8,-17.8802083333333
36,2198,2,3.80177514792899
36,2199,-143,3.80177514792899
36,2200,-105,-47.8322580645161
36,2201,67,-47.8322580645161
36,2202,-24,128.913043478261
36,2203,-68,-17.8802083333333
36,2204,-20,-47.8322580645161
36,2205,-30,-17.8802083333333
36,2206,-46,-17.8802083333333
36,2207,-57,-47.8322580645161
36,2208,-42,-47.8322580645161
36,2209,4,-17.8802083333333
36,2210,1,3.80177514792899
36,2211,22,3.80177514792899
36,2212,87,78.5135135135135
36,2213,99,207.928
36,2214,155,207.928
36,2215,128,-25.625
36,2216,2,25.4736842105263
36,2217,-28,-86.5909090909091
36,2218,39,-17.8802083333333
36,2219,-21,-21.8333333333333
36,2220,20,-17.8802083333333
36,2221,10,-21.8333333333333
36,2222,-112,3.80177514792899
36,2223,24,-47.8322580645161
36,2224,-140,37.7692307692308
36,2225,-32,-47.8322580645161
36,2226,-123,-17.8802083333333
36,2227,-48,-47.8322580645161
36,2228,-42,-47.8322580645161
36,2229,-39,-17.8802083333333
36,2230,-11,-17.8802083333333
36,2231,-5,-17.8802083333333
36,2232,2,3.80177514792899
36,2233,42,3.80177514792899
36,2234,114,78.5135135135135
36,2235,308,207.928
36,2236,282,207.928
36,2237,-458,-301.09375
36,2238,-104,-146.193277310924
36,2239,26,24.7272727272727
36,2240,63,-21.8333333333333
36,2241,-52,-10.5555555555556
36,2242,28,-47.8322580645161
36,2243,-18,-21.8333333333333
36,2244,189,119.951219512195
36,2245,402,276.340425531915
36,2246,-15,-83.3076923076923
36,2247,-147,-146.193277310924
36,2248,-203,-137.131578947368
36,2249,-140,-47.8322580645161
36,2250,-92,-47.8322580645161
36,2251,-80,-47.8322580645161
36,2252,-112,-47.8322580645161
36,2253,-17,-47.8322580645161
36,2254,-13,-17.8802083333333
36,2255,-2,32.4
36,2256,0,3.80177514792899
36,2257,39,3.80177514792899
36,2258,149,78.5135135135135
36,2259,319,207.928
36,2260,247,-83.3076923076923
36,2261,-427,-243.330578512397
36,2262,-106,-146.193277310924
36,2263,-3,24.7272727272727
36,2264,24,3.80177514792899
36,2265,40,-21.8333333333333
36,2266,-28,-21.8333333333333
36,2267,-116,-17.8802083333333
36,2268,258,-47.8322580645161
36,2269,418,235.685714285714
36,2270,37,-146.193277310924
36,2271,-243,-243.330578512397
36,2272,-162,-137.131578947368
36,2273,-100,-47.8322580645161
36,2274,-95,-47.8322580645161
36,2275,-110,-47.8322580645161
36,2276,-100,-47.8322580645161
36,2277,-14,-47.8322580645161
36,2278,-20,32.4
36,2279,-6,-17.8802083333333
36,2280,-3,3.80177514792899
36,2281,45,3.80177514792899
36,2282,136,78.5135135135135
36,2283,302,207.928
36,2284,194,-83.3076923076923
36,2285,-331,-243.330578512397
36,2286,-114,-146.193277310924
36,2287,-2,-47.8322580645161
36,2288,50,3.80177514792899
36,2289,-4,-10.5555555555556
36,2290,-17,3.80177514792899
36,2291,32,-17.8802083333333
36,2292,184,119.951219512195
36,2293,358,235.685714285714
36,2294,54,-83.3076923076923
36,2295,-239,-243.330578512397
36,2296,-139,-137.131578947368
36,2297,-193,-47.8322580645161
36,2298,-32,-47.8322580645161
36,2299,-136,-17.8802083333333
36,2300,-89,-47.8322580645161
36,2301,-21,-47.8322580645161
36,2302,-31,32.4
36,2303,-5,-17.8802083333333
36,2304,3,32.4
36,2305,32,3.80177514792899
36,2306,142,78.5135135135135
36,2307,290,207.928
36,2308,266,-83.3076923076923
36,2309,-396,-301.09375
36,2310,-162,-146.193277310924
36,2311,45,24.7272727272727
36,2312,60,37.7692307692308
36,2313,24,-10.5555555555556
36,2314,-85,-21.8333333333333
36,2315,45,-47.8322580645161
36,2316,136,119.951219512195
36,2317,459,276.340425531915
36,2318,-98,25.4736842105263
36,2319,-160,-162.504132231405
36,2320,-180,-137.131578947368
36,2321,-85,-47.8322580645161
36,2322,-80,-47.8322580645161
36,2323,-85,-47.8322580645161
36,2324,-106,-47.8322580645161
36,2325,-28,-47.8322580645161
36,2326,-29,-17.8802083333333
36,2327,-8,-17.8802083333333
36,2328,6,3.80177514792899
36,2329,25,3.80177514792899
36,2330,126,78.5135135135135
36,2331,258,207.928
36,2332,247,-83.3076923076923
36,2333,-272,-146.193277310924
36,2334,-147,-146.193277310924
36,2335,14,24.7272727272727
36,2336,75,37.7692307692308
36,2337,7,-10.5555555555556
36,2338,-14,3.80177514792899
36,2339,49,-17.8802083333333
36,2340,112,91.6181818181818
36,2341,249,235.685714285714
36,2342,-70,-7.91666666666667
36,2343,-202,-162.504132231405
36,2344,-80,-137.131578947368
36,2345,-111,-47.8322580645161
36,2346,-76,-47.8322580645161
36,2347,-6,-47.8322580645161
36,2348,-35,3.80177514792899
36,2349,-39,-17.8802083333333
36,2350,-38,32.4
36,2351,-54,-17.8802083333333
36,2352,-17,-47.8322580645161
36,2353,4,-17.8802083333333
36,2354,32,3.80177514792899
36,2355,18,37.7692307692308
36,2356,114,78.5135135135135
36,2357,97,207.928
36,2358,118,91.6181818181818
36,2359,74,91.6181818181818
36,2360,77,25.4736842105263
36,2361,-20,-7.91666666666667
36,2362,-55,-17.8802083333333
36,2363,17,-47.8322580645161
36,2364,-39,-21.8333333333333
36,2365,42,-17.8802083333333
36,2366,-2,-21.8333333333333
36,2367,-93,3.80177514792899
36,2368,-85,-47.8322580645161
36,2369,-23,-47.8322580645161
36,2370,-20,-17.8802083333333
36,2371,-47,-17.8802083333333
36,2372,-69,-47.8322580645161
36,2373,-66,-47.8322580645161
36,2374,-14,-47.8322580645161
36,2375,-32,-17.8802083333333
36,2376,-27,-17.8802083333333
36,2377,5,-17.8802083333333
36,2378,0,3.80177514792899
36,2379,49,3.80177514792899
36,2380,40,153.731707317073
36,2381,121,78.5135135135135
36,2382,135,181.878431372549
36,2383,73,-83.3076923076923
36,2384,54,25.4736842105263
36,2385,32,-7.91666666666667
36,2386,3,-21.8333333333333
36,2387,-76,3.80177514792899
36,2388,-29,-47.8322580645161
36,2389,-39,-17.8802083333333
36,2390,-153,-17.8802083333333
36,2391,-44,-47.8322580645161
36,2392,8,-47.8322580645161
36,2393,15,3.80177514792899
36,2394,-51,37.7692307692308
36,2395,-70,-47.8322580645161
36,2396,-54,-47.8322580645161
36,2397,-22,-47.8322580645161
36,2398,-6,-17.8802083333333
36,2399,0,3.80177514792899
36,2400,6,3.80177514792899
36,2401,14,3.80177514792899
36,2402,116,78.5135135135135
36,2403,266,207.928
36,2404,198,-83.3076923076923
36,2405,-329,-146.193277310924
36,2406,-63,-146.193277310924
36,2407,47,-47.8322580645161
36,2408,25,-10.5555555555556
36,2409,4,-21.8333333333333
36,2410,-2,3.80177514792899
36,2411,-13,3.80177514792899
36,2412,177,119.951219512195
36,2413,407,276.340425531915
36,2414,-15,-83.3076923076923
36,2415,-203,-162.504132231405
36,2416,-183,-137.131578947368
36,2417,-140,-47.8322580645161
36,2418,-110,-47.8322580645161
36,2419,-94,-47.8322580645161
36,2420,-66,-47.8322580645161
36,2421,-29,-47.8322580645161
36,2422,-5,32.4
36,2423,-7,3.80177514792899
36,2424,3,3.80177514792899
36,2425,27,3.80177514792899
36,2426,143,78.5135135135135
36,2427,323,207.928
36,2428,203,-83.3076923076923
36,2429,-378,-243.330578512397
36,2430,-77,-146.193277310924
36,2431,-36,-47.8322580645161
36,2432,69,-17.8802083333333
36,2433,-30,-10.5555555555556
36,2434,8,-17.8802083333333
36,2435,45,3.80177514792899
36,2436,139,119.951219512195
36,2437,423,235.685714285714
36,2438,-54,-83.3076923076923
36,2439,-204,-146.193277310924
36,2440,-162,-137.131578947368
36,2441,-131,-47.8322580645161
36,2442,-93,-47.8322580645161
36,2443,-86,-47.8322580645161
36,2444,-80,-47.8322580645161
36,2445,-35,-47.8322580645161
36,2446,-17,32.4
36,2447,1,-17.8802083333333
36,2448,0,3.80177514792899
36,2449,36,3.80177514792899
36,2450,130,78.5135135135135
36,2451,309,207.928
36,2452,255,-83.3076923076923
36,2453,-396,-243.330578512397
36,2454,-127,-146.193277310924
36,2455,25,24.7272727272727
36,2456,41,-21.8333333333333
36,2457,33,-21.8333333333333
36,2458,-77,-21.8333333333333
36,2459,42,-47.8322580645161
36,2460,163,119.951219512195
36,2461,417,276.340425531915
36,2462,4,-146.193277310924
36,2463,-176,-162.504132231405
36,2464,-186,-137.131578947368
36,2465,-119,-47.8322580645161
36,2466,-148,-47.8322580645161
36,2467,-97,-47.8322580645161
36,2468,-69,-47.8322580645161
36,2469,-39,-47.8322580645161
36,2470,-14,-17.8802083333333
36,2471,-8,-17.8802083333333
36,2472,4,3.80177514792899
36,2473,31,3.80177514792899
36,2474,126,193.8
36,2475,308,207.928
36,2476,223,-83.3076923076923
36,2477,-345,-243.330578512397
36,2478,-148,-146.193277310924
36,2479,55,24.7272727272727
36,2480,17,-10.5555555555556
36,2481,4,-21.8333333333333
36,2482,-34,3.80177514792899
36,2483,20,-17.8802083333333
36,2484,150,119.951219512195
36,2485,393,276.340425531915
36,2486,1,-83.3076923076923
36,2487,-188,-162.504132231405
36,2488,-145,-137.131578947368
36,2489,-142,-47.8322580645161
36,2490,-77,-47.8322580645161
36,2491,-103,-47.8322580645161
36,2492,-71,-47.8322580645161
36,2493,-44,-47.8322580645161
36,2494,-21,-47.8322580645161
36,2495,-11,-17.8802083333333
36,2496,-2,-17.8802083333333
36,2497,26,3.80177514792899
36,2498,11,78.5135135135135
36,2499,89,78.5135135135135
36,2500,-14,207.928
36,2501,101,-17.8802083333333
36,2502,-27,91.6181818181818
36,2503,58,-17.8802083333333
36,2504,64,-7.91666666666667
36,2505,-25,-10.5555555555556
36,2506,17,-17.8802083333333
36,2507,17,37.7692307692308
36,2508,143,78.5135135135135
36,2509,263,181.878431372549
36,2510,-90,-83.3076923076923
36,2511,-148,-146.193277310924
36,2512,-122,-137.131578947368
36,2513,-84,-47.8322580645161
36,2514,-68,-47.8322580645161
36,2515,-26,-47.8322580645161
36,2516,-12,-17.8802083333333
36,2517,-64,-17.8802083333333
36,2518,-31,-47.8322580645161
36,2519,-64,-17.8802083333333
36,2520,-11,-47.8322580645161
36,2521,1,-17.8802083333333
36,2522,12,3.80177514792899
36,2523,39,78.5135135135135
36,2524,100,78.5135135135135
36,2525,109,181.878431372549
36,2526,136,91.6181818181818
36,2527,92,-25.625
36,2528,47,25.4736842105263
36,2529,23,-7.91666666666667
36,2530,-31,-21.8333333333333
36,2531,24,-17.8802083333333
36,2532,-31,-21.8333333333333
36,2533,-19,-17.8802083333333
36,2534,-212,-17.8802083333333
36,2535,-25,-47.8322580645161
36,2536,-115,-17.8802083333333
36,2537,-32,-47.8322580645161
36,2538,40,-17.8802083333333
36,2539,-5,37.7692307692308
36,2540,-43,3.80177514792899
36,2541,-7,32.4
36,2542,-27,3.80177514792899
36,2543,-38,-17.8802083333333
36,2544,-38,-17.8802083333333
36,2545,0,-17.8802083333333
36,2546,6,3.80177514792899
36,2547,23,3.80177514792899
36,2548,80,78.5135135135135
36,2549,98,181.878431372549
36,2550,111,207.928
36,2551,121,91.6181818181818
36,2552,56,-7.91666666666667
36,2553,38,25.4736842105263
36,2554,36,37.7692307692308
36,2555,-2,-21.8333333333333
36,2556,-64,3.80177514792899
36,2557,-8,-47.8322580645161
36,2558,-14,3.80177514792899
36,2559,-26,-17.8802083333333
36,2560,-165,-17.8802083333333
36,2561,-80,-47.8322580645161
36,2562,-39,-47.8322580645161
36,2563,-71,-17.8802083333333
36,2564,-63,-47.8322580645161
36,2565,-33,-47.8322580645161
36,2566,-5,-17.8802083333333
36,2567,-3,3.80177514792899
36,2568,5,3.80177514792899
36,2569,25,3.80177514792899
36,2570,123,78.5135135135135
36,2571,277,207.928
36,2572,237,-83.3076923076923
36,2573,-368,-243.330578512397
36,2574,-106,-146.193277310924
36,2575,46,24.7272727272727
36,2576,31,37.7692307692308
36,2577,-22,-21.8333333333333
36,2578,-6,-17.8802083333333
36,2579,26,3.80177514792899
36,2580,190,119.951219512195
36,2581,354,276.340425531915
36,2582,-6,-83.3076923076923
36,2583,-257,-162.504132231405
36,2584,-123,-137.131578947368
36,2585,-142,-47.8322580645161
36,2586,-98,-47.8322580645161
36,2587,-64,-47.8322580645161
36,2588,-68,-47.8322580645161
36,2589,-33,-47.8322580645161
36,2590,-16,32.4
36,2591,-8,-17.8802083333333
36,2592,2,3.80177514792899
36,2593,31,3.80177514792899
36,2594,28,78.5135135135135
36,2595,115,78.5135135135135
36,2596,439,181.878431372549
36,2597,-216,-25.625
36,2598,-194,-146.193277310924
36,2599,-12,24.7272727272727
36,2600,104,-17.8802083333333
36,2601,-14,-10.5555555555556
36,2602,-31,-17.8802083333333
36,2603,28,-17.8802083333333
36,2604,175,119.951219512195
36,2605,354,235.685714285714
36,2606,42,-83.3076923076923
36,2607,-227,-243.330578512397
36,2608,-191,-137.131578947368
36,2609,-128,-47.8322580645161
36,2610,-119,-47.8322580645161
36,2611,-22,-47.8322580645161
36,2612,-107,-17.8802083333333
36,2613,-23,-47.8322580645161
36,2614,-29,32.4
36,2615,3,32.4
36,2616,-7,3.80177514792899
36,2617,35,3.80177514792899
36,2618,133,78.5135135135135
36,2619,320,207.928
36,2620,190,-83.3076923076923
36,2621,-315,-243.330578512397
36,2622,-134,-146.193277310924
36,2623,2,-47.8322580645161
36,2624,72,3.80177514792899
36,2625,-13,-10.5555555555556
36,2626,-39,-17.8802083333333
36,2627,11,-17.8802083333333
36,2628,165,119.951219512195
36,2629,420,235.685714285714
36,2630,-3,-83.3076923076923
36,2631,-199,-162.504132231405
36,2632,-222,-137.131578947368
36,2633,-112,-47.8322580645161
36,2634,-89,-47.8322580645161
36,2635,-88,-47.8322580645161
36,2636,-62,-47.8322580645161
36,2637,-55,-47.8322580645161
36,2638,-6,-47.8322580645161
36,2639,-11,32.4
36,2640,1,-17.8802083333333
36,2641,32,3.80177514792899
36,2642,128,78.5135135135135
36,2643,299,207.928
36,2644,218,-83.3076923076923
36,2645,-345,-243.330578512397
36,2646,-138,-146.193277310924
36,2647,75,-47.8322580645161
36,2648,69,-10.5555555555556
36,2649,-43,-10.5555555555556
36,2650,-52,-17.8802083333333
36,2651,12,-47.8322580645161
36,2652,159,119.951219512195
36,2653,478,276.340425531915
36,2654,-65,-83.3076923076923
36,2655,-155,-162.504132231405
36,2656,-163,-137.131578947368
36,2657,-158,-47.8322580645161
36,2658,-102,-47.8322580645161
36,2659,-28,-47.8322580645161
36,2660,-138,-17.8802083333333
36,2661,-34,-47.8322580645161
36,2662,-35,-17.8802083333333
36,2663,-13,-17.8802083333333
36,2664,3,-17.8802083333333
36,2665,27,3.80177514792899
36,2666,121,78.5135135135135
36,2667,222,207.928
36,2668,289,-83.3076923076923
36,2669,-290,-301.09375
36,2670,-147,-146.193277310924
36,2671,72,24.7272727272727
36,2672,62,-10.5555555555556
36,2673,-8,-10.5555555555556
36,2674,-29,3.80177514792899
36,2675,55,-17.8802083333333
36,2676,105,91.6181818181818
36,2677,303,276.340425531915
36,2678,-122,-121.166666666667
36,2679,-178,-162.504132231405
36,2680,-132,-137.131578947368
36,2681,-104,-47.8322580645161
36,2682,-42,-47.8322580645161
36,2683,-92,-17.8802083333333
36,2684,-16,-47.8322580645161
36,2685,-13,-17.8802083333333
36,2686,-49,-17.8802083333333
36,2687,-13,-47.8322580645161
36,2688,-17,-17.8802083333333
36,2689,-4,-17.8802083333333
36,2690,18,3.80177514792899
36,2691,37,78.5135135135135
36,2692,125,78.5135135135135
36,2693,103,207.928
36,2694,188,-83.3076923076923
36,2695,56,-25.625
36,2696,118,-146.193277310924
36,2697,-10,-7.91666666666667
36,2698,-46,-86.5909090909091
36,2699,-2,-47.8322580645161
36,2700,45,3.80177514792899
36,2701,-6,-21.8333333333333
36,2702,-81,3.80177514792899
36,2703,-66,-47.8322580645161
36,2704,-147,-47.8322580645161
36,2705,-3,-47.8322580645161
36,2706,-77,3.80177514792899
36,2707,-26,-47.8322580645161
36,2708,-48,-17.8802083333333
36,2709,-56,-47.8322580645161
36,2710,-12,-47.8322580645161
36,2711,-64,-17.8802083333333
36,2712,-29,-47.8322580645161
36,2713,-15,-17.8802083333333
36,2714,9,-17.8802083333333
36,2715,21,3.80177514792899
36,2716,83,78.5135135135135
36,2717,146,181.878431372549
36,2718,155,-25.625
36,2719,-153,25.4736842105263
36,2720,26,-86.5909090909091
36,2721,-136,78.5135135135135
36,2722,-13,-47.8322580645161
36,2723,127,-17.8802083333333
36,2724,80,-10.5555555555556
36,2725,-13,25.4736842105263
36,2726,34,-17.8802083333333
36,2727,-36,193.8
36,2728,-67,-17.8802083333333
36,2729,-84,-47.8322580645161
36,2730,-134,-47.8322580645161
36,2731,-10,-47.8322580645161
36,2732,-20,-17.8802083333333
36,2733,-16,-17.8802083333333
36,2734,-5,-17.8802083333333
36,2735,-2,3.80177514792899
36,2736,4,3.80177514792899
36,2737,30,3.80177514792899
36,2738,124,193.8
36,2739,281,99.9
36,2740,213,-83.3076923076923
36,2741,-298,-243.330578512397
36,2742,-164,-146.193277310924
36,2743,48,-47.8322580645161
36,2744,41,-10.5555555555556
36,2745,9,-21.8333333333333
36,2746,-16,3.80177514792899
36,2747,34,-17.8802083333333
36,2748,151,119.951219512195
36,2749,433,276.340425531915
36,2750,-78,25.4736842105263
36,2751,-516,-162.504132231405
36,2752,-38,-137.131578947368
36,2753,-16,-17.8802083333333
36,2754,-84,-17.8802083333333
36,2755,-59,-47.8322580645161
36,2756,-43,-47.8322580645161
36,2757,-26,-17.8802083333333
36,2758,-25,32.4
36,2759,-5,-17.8802083333333
36,2760,1,3.80177514792899
36,2761,30,3.80177514792899
36,2762,135,78.5135135135135
36,2763,350,207.928
36,2764,204,-83.3076923076923
36,2765,-395,-243.330578512397
36,2766,-150,-146.193277310924
36,2767,78,-47.8322580645161
36,2768,49,-10.5555555555556
36,2769,26,-10.5555555555556
36,2770,-29,-21.8333333333333
36,2771,0,-17.8802083333333
36,2772,165,119.951219512195
36,2773,411,276.340425531915
36,2774,-253,-146.193277310924
36,2775,-149,-162.504132231405
36,2776,-118,24.7272727272727
36,2777,-78,-47.8322580645161
36,2778,-48,-47.8322580645161
36,2779,-96,-47.8322580645161
36,2780,-81,-47.8322580645161
36,2781,-34,-47.8322580645161
36,2782,-4,-17.8802083333333
36,2783,-10,3.80177514792899
36,2784,1,-17.8802083333333
36,2785,32,3.80177514792899
36,2786,147,78.5135135135135
36,2787,366,207.928
36,2788,187,-83.3076923076923
36,2789,-364,-243.330578512397
36,2790,-151,-146.193277310924
36,2791,42,-47.8322580645161
36,2792,45,37.7692307692308
36,2793,4,-21.8333333333333
36,2794,-50,3.80177514792899
36,2795,50,-47.8322580645161
36,2796,144,91.6181818181818
36,2797,323,276.340425531915
36,2798,-100,-301.09375
36,2799,-103,-162.504132231405
36,2800,-189,-137.131578947368
36,2801,-40,-47.8322580645161
36,2802,-70,-17.8802083333333
36,2803,-141,-47.8322580645161
36,2804,-80,-47.8322580645161
36,2805,-35,-47.8322580645161
36,2806,-5,-17.8802083333333
36,2807,-11,3.80177514792899
36,2808,-3,-17.8802083333333
36,2809,31,3.80177514792899
36,2810,155,78.5135135135135
36,2811,289,207.928
36,2812,226,-83.3076923076923
36,2813,-295,-243.330578512397
36,2814,-179,-146.193277310924
36,2815,45,24.7272727272727
36,2816,54,37.7692307692308
36,2817,14,-10.5555555555556
36,2818,-41,-21.8333333333333
36,2819,0,-17.8802083333333
36,2820,160,119.951219512195
36,2821,355,276.340425531915
36,2822,121,25.4736842105263
36,2823,-308,-243.330578512397
36,2824,-159,-162.504132231405
36,2825,-145,-47.8322580645161
36,2826,-131,-47.8322580645161
36,2827,-41,-47.8322580645161
36,2828,-46,-17.8802083333333
36,2829,-69,-47.8322580645161
36,2830,-26,-47.8322580645161
36,2831,-8,-17.8802083333333
36,2832,0,3.80177514792899
36,2833,30,3.80177514792899
36,2834,113,193.8
36,2835,274,207.928
36,2836,319,207.928
36,2837,-355,-301.09375
36,2838,-127,-146.193277310924
36,2839,19,24.7272727272727
36,2840,90,37.7692307692308
36,2841,-20,-10.5555555555556
36,2842,-13,-17.8802083333333
36,2843,12,-17.8802083333333
36,2844,165,119.951219512195
36,2845,297,235.685714285714
36,2846,-76,-83.3076923076923
36,2847,-200,-162.504132231405
36,2848,-173,-137.131578947368
36,2849,-57,-47.8322580645161
36,2850,-55,-47.8322580645161
36,2851,-73,-47.8322580645161
36,2852,-43,-47.8322580645161
36,2853,-20,-17.8802083333333
36,2854,-36,32.4
36,2855,-41,-17.8802083333333
36,2856,-26,-17.8802083333333
36,2857,2,-17.8802083333333
36,2858,16,3.80177514792899
36,2859,72,78.5135135135135
36,2860,60,181.878431372549
36,2861,126,153.731707317073
36,2862,154,-25.625
36,2863,15,25.4736842105263
36,2864,127,-86.5909090909091
36,2865,-67,-7.91666666666667
36,2866,-35,-86.5909090909091
36,2867,-249,-17.8802083333333
36,2868,201,-47.8322580645161
36,2869,-31,-10.5555555555556
36,2870,-20,-83.3076923076923
36,2871,-29,-17.8802083333333
36,2872,-113,-17.8802083333333
36,2873,-33,-47.8322580645161
36,2874,-26,32.4
36,2875,-24,-17.8802083333333
36,2876,-24,-17.8802083333333
36,2877,0,-17.8802083333333
36,2878,-18,3.80177514792899
36,2879,-63,-17.8802083333333
36,2880,-37,-47.8322580645161
36,2881,0,-17.8802083333333
36,2882,5,3.80177514792899
36,2883,13,3.80177514792899
36,2884,99,78.5135135135135
36,2885,130,181.878431372549
36,2886,122,207.928
36,2887,97,-200.426229508197
36,2888,144,25.4736842105263
36,2889,-85,-7.91666666666667
36,2890,-164,-86.5909090909091
36,2891,14,-47.8322580645161
36,2892,-218,-21.8333333333333
36,2893,60,-47.8322580645161
36,2894,31,-10.5555555555556
36,2895,28,-21.8333333333333
36,2896,-81,37.7692307692308
36,2897,-45,-47.8322580645161
36,2898,-52,-47.8322580645161
36,2899,-34,-47.8322580645161
36,2900,-48,-17.8802083333333
36,2901,-25,-47.8322580645161
36,2902,1,-17.8802083333333
36,2903,-4,3.80177514792899
36,2904,8,3.80177514792899
36,2905,24,3.80177514792899
36,2906,109,78.5135135135135
36,2907,288,207.928
36,2908,266,-25.625
36,2909,-357,-146.193277310924
36,2910,-136,-146.193277310924
36,2911,23,24.7272727272727
36,2912,54,37.7692307692308
36,2913,5,-10.5555555555556
36,2914,-42,3.80177514792899
36,2915,36,-17.8802083333333
36,2916,162,119.951219512195
36,2917,401,276.340425531915
36,2918,-11,-83.3076923076923
36,2919,-261,-162.504132231405
36,2920,-157,-137.131578947368
36,2921,-138,-47.8322580645161
36,2922,-117,-47.8322580645161
36,2923,-47,-47.8322580645161
36,2924,-76,-47.8322580645161
36,2925,-17,-47.8322580645161
36,2926,-6,32.4
36,2927,-11,3.80177514792899
36,2928,4,-17.8802083333333
36,2929,34,3.80177514792899
36,2930,105,78.5135135135135
36,2931,122,207.928
36,2932,424,181.878431372549
36,2933,-298,-301.09375
36,2934,-191,-146.193277310924
36,2935,14,24.7272727272727
36,2936,79,-21.8333333333333
36,2937,-9,-10.5555555555556
36,2938,-37,3.80177514792899
36,2939,66,-17.8802083333333
36,2940,163,91.6181818181818
36,2941,384,235.685714285714
36,2942,-46,-301.09375
36,2943,-221,-162.504132231405
36,2944,-162,-137.131578947368
36,2945,-121,-47.8322580645161
36,2946,-98,-47.8322580645161
36,2947,-107,-47.8322580645161
36,2948,-62,-47.8322580645161
36,2949,-33,-47.8322580645161
36,2950,-8,32.4
36,2951,3,3.80177514792899
36,2952,1,3.80177514792899
36,2953,30,3.80177514792899
36,2954,141,78.5135135135135
36,2955,373,207.928
36,2956,254,-83.3076923076923
36,2957,-460,-243.330578512397
36,2958,-170,-146.193277310924
36,2959,75,24.7272727272727
36,2960,107,-10.5555555555556
36,2961,-60,-10.5555555555556
36,2962,1,-47.8322580645161
36,2963,37,3.80177514792899
36,2964,155,119.951219512195
36,2965,377,276.340425531915
36,2966,-58,-83.3076923076923
36,2967,-169,-162.504132231405
36,2968,-216,-137.131578947368
36,2969,-114,-47.8322580645161
36,2970,-78,-47.8322580645161
36,2971,-78,-47.8322580645161
36,2972,-92,-47.8322580645161
36,2973,-42,-47.8322580645161
36,2974,-6,-17.8802083333333
36,2975,-12,32.4
36,2976,3,-17.8802083333333
36,2977,27,3.80177514792899
36,2978,128,78.5135135135135
36,2979,369,207.928
36,2980,222,-83.3076923076923
36,2981,-358,-243.330578512397
36,2982,-162,-146.193277310924
36,2983,42,24.7272727272727
36,2984,18,37.7692307692308
36,2985,-4,-21.8333333333333
36,2986,-17,3.80177514792899
36,2987,65,-17.8802083333333
36,2988,144,91.6181818181818
36,2989,362,276.340425531915
36,2990,9,-301.09375
36,2991,-243,-162.504132231405
36,2992,-139,-137.131578947368
36,2993,-164,-47.8322580645161
36,2994,-16,-47.8322580645161
36,2995,-139,-17.8802083333333
36,2996,-70,-47.8322580645161
36,2997,-50,-47.8322580645161
36,2998,-12,-47.8322580645161
36,2999,-15,-17.8802083333333
36,3000,2,-17.8802083333333
36,3001,22,3.80177514792899
36,3002,79,78.5135135135135
36,3003,313,207.928
36,3004,269,207.928
36,3005,-292,-301.09375
36,3006,-142,-146.193277310924
36,3007,53,24.7272727272727
36,3008,101,-10.5555555555556
36,3009,-42,-10.5555555555556
36,3010,68,-17.8802083333333
36,3011,90,-121.166666666667
36,3012,2,91.6181818181818
36,3013,89,3.80177514792899
36,3014,-71,-121.166666666667
36,3015,-94,-47.8322580645161
36,3016,-96,-47.8322580645161
36,3017,-53,-47.8322580645161
36,3018,-26,-47.8322580645161
36,3019,-103,-17.8802083333333
36,3020,-6,-47.8322580645161
36,3021,-89,3.80177514792899
36,3022,-10,-47.8322580645161
36,3023,-34,-17.8802083333333
36,3024,-23,-17.8802083333333
36,3025,10,-17.8802083333333
36,3026,14,3.80177514792899
36,3027,30,78.5135135135135
36,3028,96,37.7692307692308
36,3029,75,91.6181818181818
36,3030,180,91.6181818181818
36,3031,75,-25.625
36,3032,-21,-146.193277310924
36,3033,33,-17.8802083333333
36,3034,10,37.7692307692308
36,3035,49,3.80177514792899
36,3036,-101,-7.91666666666667
36,3037,1,-47.8322580645161
36,3038,-21,3.80177514792899
36,3039,-50,-17.8802083333333
36,3040,-185,-47.8322580645161
36,3041,-103,-47.8322580645161
36,3042,-26,-47.8322580645161
36,3043,67,-17.8802083333333
36,3044,-46,128.913043478261
36,3045,-26,-47.8322580645161
36,3046,11,-17.8802083333333
36,3047,-42,78.5135135135135
36,3048,-20,-17.8802083333333
36,3049,-10,-17.8802083333333
36,3050,3,-17.8802083333333
36,3051,27,3.80177514792899
36,3052,87,78.5135135135135
36,3053,103,-10.5555555555556
36,3054,156,207.928
36,3055,101,-25.625
36,3056,56,25.4736842105263
36,3057,-52,-7.91666666666667
36,3058,-36,-47.8322580645161
36,3059,-102,-17.8802083333333
36,3060,119,-47.8322580645161
36,3061,29,-10.5555555555556
36,3062,-3,-83.3076923076923
36,3063,-208,3.80177514792899
36,3064,-188,-47.8322580645161
36,3065,67,-47.8322580645161
36,3066,-5,153.731707317073
36,3067,-43,3.80177514792899
36,3068,-19,-17.8802083333333
36,3069,-49,-17.8802083333333
36,3070,-15,-47.8322580645161
36,3071,-12,-17.8802083333333
36,3072,-17,-17.8802083333333
36,3073,-7,-17.8802083333333
36,3074,11,3.80177514792899
36,3075,28,78.5135135135135
36,3076,84,78.5135135135135
36,3077,102,181.878431372549
36,3078,130,91.6181818181818
36,3079,100,-25.625
36,3080,84,25.4736842105263
36,3081,23,-7.91666666666667
36,3082,-54,37.7692307692308
36,3083,-63,-47.8322580645161
36,3084,51,-47.8322580645161
36,3085,-2,-10.5555555555556
36,3086,-16,3.80177514792899
36,3087,-108,-17.8802083333333
36,3088,-113,-47.8322580645161
36,3089,-77,-47.8322580645161
36,3090,-63,-47.8322580645161
36,3091,-51,-47.8322580645161
36,3092,-41,-47.8322580645161
36,3093,-5,-17.8802083333333
36,3094,-19,3.80177514792899
36,3095,5,-17.8802083333333
36,3096,-2,3.80177514792899
36,3097,30,3.80177514792899
36,3098,134,78.5135135135135
36,3099,321,207.928
36,3100,139,-83.3076923076923
36,3101,-309,-243.330578512397
36,3102,-151,-86.5909090909091
36,3103,26,-47.8322580645161
36,3104,89,37.7692307692308
36,3105,-12,-10.5555555555556
36,3106,-1,-17.8802083333333
36,3107,18,3.80177514792899
36,3108,166,119.951219512195
36,3109,398,276.340425531915
36,3110,-17,-83.3076923076923
36,3111,-287,-162.504132231405
36,3112,-167,-137.131578947368
36,3113,-117,-47.8322580645161
36,3114,-89,-47.8322580645161
36,3115,-84,-47.8322580645161
36,3116,-58,-47.8322580645161
36,3117,-24,-47.8322580645161
36,3118,-4,32.4
36,3119,-5,3.80177514792899
36,3120,1,3.80177514792899
36,3121,35,3.80177514792899
36,3122,170,78.5135135135135
36,3123,290,207.928
36,3124,225,-83.3076923076923
36,3125,-435,-243.330578512397
36,3126,-55,-146.193277310924
36,3127,-18,24.7272727272727
36,3128,49,-17.8802083333333
36,3129,-32,-10.5555555555556
36,3130,-23,-17.8802083333333
36,3131,34,-17.8802083333333
36,3132,185,119.951219512195
36,3133,433,235.685714285714
36,3134,-24,-83.3076923076923
36,3135,-177,-162.504132231405
36,3136,-250,-137.131578947368
36,3137,-116,-47.8322580645161
36,3138,-77,-47.8322580645161
36,3139,-69,-47.8322580645161
36,3140,-85,-47.8322580645161
36,3141,-47,-47.8322580645161
36,3142,-10,-47.8322580645161
36,3143,1,32.4
36,3144,-1,3.80177514792899
36,3145,30,3.80177514792899
36,3146,162,78.5135135135135
36,3147,282,207.928
36,3148,164,-83.3076923076923
36,3149,-523,-243.330578512397
36,3150,-74,-146.193277310924
36,3151,13,-47.8322580645161
36,3152,75,37.7692307692308
36,3153,54,-10.5555555555556
36,3154,25,-10.5555555555556
36,3155,54,-21.8333333333333
36,3156,146,91.6181818181818
36,3157,392,235.685714285714
36,3158,27,25.4736842105263
36,3159,-277,-146.193277310924
36,3160,-152,-137.131578947368
36,3161,-134,-47.8322580645161
36,3162,-55,-47.8322580645161
36,3163,-48,-47.8322580645161
36,3164,-73,-47.8322580645161
36,3165,-67,-47.8322580645161
36,3166,-18,-47.8322580645161
36,3167,-2,-17.8802083333333
36,3168,-1,3.80177514792899
36,3169,32,3.80177514792899
36,3170,100,78.5135135135135
36,3171,346,207.928
36,3172,233,207.928
36,3173,-375,-243.330578512397
36,3174,-120,-146.193277310924
36,3175,72,24.7272727272727
36,3176,27,-10.5555555555556
36,3177,31,-21.8333333333333
36,3178,-101,-21.8333333333333
36,3179,78,-47.8322580645161
36,3180,139,91.6181818181818
36,3181,302,276.340425531915
36,3182,20,25.4736842105263
36,3183,-224,-162.504132231405
36,3184,-177,-137.131578947368
36,3185,-90,-47.8322580645161
36,3186,-2,-47.8322580645161
36,3187,-51,3.80177514792899
36,3188,-98,-47.8322580645161
36,3189,-33,-47.8322580645161
36,3190,-40,32.4
36,3191,-34,-17.8802083333333
36,3192,-32,-17.8802083333333
36,3193,4,-17.8802083333333
36,3194,19,3.80177514792899
36,3195,48,78.5135135135135
36,3196,148,153.731707317073
36,3197,118,207.928
36,3198,74,-200.426229508197
36,3199,156,25.4736842105263
36,3200,116,-7.91666666666667
36,3201,-26,25.4736842105263
36,3202,-42,-86.5909090909091
36,3203,-114,-17.8802083333333
36,3204,-398,-47.8322580645161
36,3205,57,-47.8322580645161
36,3206,-4,-10.5555555555556
36,3207,48,3.80177514792899
36,3208,-21,153.731707317073
36,3209,-13,-17.8802083333333
36,3210,13,-17.8802083333333
36,3211,-61,119.951219512195
36,3212,-9,-47.8322580645161
36,3213,0,3.80177514792899
36,3214,-28,3.80177514792899
36,3215,-50,-17.8802083333333
36,3216,-18,-47.8322580645161
36,3217,27,-17.8802083333333
36,3218,-20,37.7692307692308
36,3219,35,-17.8802083333333
36,3220,100,78.5135135135135
36,3221,129,91.6181818181818
36,3222,196,207.928
36,3223,90,-200.426229508197
36,3224,172,-146.193277310924
36,3225,-28,-25.625
36,3226,-82,-146.193277310924
36,3227,49,-47.8322580645161
36,3228,5,-10.5555555555556
36,3229,-30,3.80177514792899
36,3230,-111,-17.8802083333333
36,3231,-64,-47.8322580645161
36,3232,-140,-47.8322580645161
36,3233,-150,-47.8322580645161
36,3234,-17,-47.8322580645161
36,3235,-97,-17.8802083333333
36,3236,-51,-47.8322580645161
36,3237,-23,-47.8322580645161
36,3238,-1,-17.8802083333333
36,3239,-5,3.80177514792899
36,3240,-7,3.80177514792899
36,3241,35,3.80177514792899
36,3242,140,78.5135135135135
36,3243,267,207.928
36,3244,283,-83.3076923076923
36,3245,-369,-301.09375
36,3246,-151,-146.193277310924
36,3247,26,24.7272727272727
36,3248,96,78.5135135135135
36,3249,-9,-10.5555555555556
36,3250,17,3.80177514792899
36,3251,6,-21.8333333333333
36,3252,142,119.951219512195
36,3253,383,276.340425531915
36,3254,97,-83.3076923076923
36,3255,-335,-146.193277310924
36,3256,-243,-137.131578947368
36,3257,-105,-47.8322580645161
36,3258,-126,-47.8322580645161
36,3259,-66,-47.8322580645161
36,3260,-61,-47.8322580645161
36,3261,-22,-47.8322580645161
36,3262,-4,32.4
36,3263,2,32.4
36,3264,1,3.80177514792899
36,3265,35,3.80177514792899
36,3266,167,78.5135135135135
36,3267,385,207.928
36,3268,154,-83.3076923076923
36,3269,-392,-243.330578512397
36,3270,-162,-86.5909090909091
36,3271,51,-47.8322580645161
36,3272,69,-10.5555555555556
36,3273,12,-10.5555555555556
36,3274,-73,-21.8333333333333
36,3275,71,-47.8322580645161
36,3276,210,91.6181818181818
36,3277,434,276.340425531915
36,3278,-93,-146.193277310924
36,3279,-281,-162.504132231405
36,3280,-135,-137.131578947368
36,3281,-151,-47.8322580645161
36,3282,-94,-47.8322580645161
36,3283,-107,-47.8322580645161
36,3284,-60,-47.8322580645161
36,3285,-28,-47.8322580645161
36,3286,-10,32.4
36,3287,-4,-17.8802083333333
36,3288,-2,3.80177514792899
36,3289,43,3.80177514792899
36,3290,157,78.5135135135135
36,3291,352,207.928
36,3292,213,-83.3076923076923
36,3293,-442,-243.330578512397
36,3294,-123,-146.193277310924
36,3295,27,-47.8322580645161
36,3296,120,-21.8333333333333
36,3297,-29,-10.5555555555556
36,3298,-45,-83.3076923076923
36,3299,40,-47.8322580645161
36,3300,191,119.951219512195
36,3301,416,276.340425531915
36,3302,52,-83.3076923076923
36,3303,-342,-243.330578512397
36,3304,-165,-137.131578947368
36,3305,-164,-47.8322580645161
36,3306,-94,-47.8322580645161
36,3307,-85,-47.8322580645161
36,3308,-70,-47.8322580645161
36,3309,-29,-47.8322580645161
36,3310,-19,32.4
36,3311,2,-17.8802083333333
36,3312,-5,3.80177514792899
36,3313,51,3.80177514792899
36,3314,138,153.731707317073
36,3315,376,207.928
36,3316,187,-301.09375
36,3317,-420,-243.330578512397
36,3318,-126,-146.193277310924
36,3319,42,-47.8322580645161
36,3320,43,-21.8333333333333
36,3321,-14,-21.8333333333333
36,3322,-9,-17.8802083333333
36,3323,78,3.80177514792899
36,3324,139,91.6181818181818
36,3325,393,276.340425531915
36,3326,-32,-301.09375
36,3327,-178,-162.504132231405
36,3328,-211,-137.131578947368
36,3329,-146,-47.8322580645161
36,3330,-66,-47.8322580645161
36,3331,-81,-47.8322580645161
36,3332,-83,-47.8322580645161
36,3333,-46,-47.8322580645161
36,3334,-11,-47.8322580645161
36,3335,-16,32.4
36,3336,-2,-17.8802083333333
36,3337,29,3.80177514792899
36,3338,111,78.5135135135135
36,3339,302,207.928
36,3340,312,207.928
36,3341,-419,-301.09375
36,3342,-101,-146.193277310924
36,3343,34,24.7272727272727
36,3344,129,37.7692307692308
36,3345,-1,-10.5555555555556
36,3346,-37,-83.3076923076923
36,3347,-4,-17.8802083333333
36,3348,196,119.951219512195
36,3349,331,276.340425531915
36,3350,-86,-83.3076923076923
36,3351,-229,-162.504132231405
36,3352,-175,-137.131578947368
36,3353,-92,-47.8322580645161
36,3354,-83,-47.8322580645161
36,3355,-34,-47.8322580645161
36,3356,12,-17.8802083333333
36,3357,-98,37.7692307692308
36,3358,-16,-47.8322580645161
36,3359,-56,-17.8802083333333
36,3360,-31,-47.8322580645161
36,3361,10,-17.8802083333333
36,3362,17,3.80177514792899
36,3363,40,78.5135135135135
36,3364,139,37.7692307692308
36,3365,130,-25.625
36,3366,100,25.4736842105263
36,3367,185,25.4736842105263
36,3368,79,-7.91666666666667
36,3369,-2,-146.193277310924
36,3370,11,3.80177514792899
36,3371,-61,-21.8333333333333
36,3372,129,-47.8322580645161
36,3373,-54,-10.5555555555556
36,3374,-115,-83.3076923076923
36,3375,-136,-47.8322580645161
36,3376,-148,-47.8322580645161
36,3377,-34,-47.8322580645161
36,3378,-17,-17.8802083333333
36,3379,-50,-17.8802083333333
36,3380,-78,-47.8322580645161
36,3381,-34,-47.8322580645161
36,3382,-28,-17.8802083333333
36,3383,-41,-17.8802083333333
36,3384,-40,-17.8802083333333
36,3385,5,-17.8802083333333
36,3386,22,3.80177514792899
36,3387,36,78.5135135135135
36,3388,57,78.5135135135135
36,3389,168,153.731707317073
36,3390,194,-25.625
36,3391,69,-146.193277310924
36,3392,97,-146.193277310924
36,3393,38,-7.91666666666667
36,3394,-59,-21.8333333333333
36,3395,-78,-47.8322580645161
36,3396,39,-47.8322580645161
36,3397,-26,-21.8333333333333
36,3398,-89,-17.8802083333333
36,3399,-78,-47.8322580645161
36,3400,-79,-47.8322580645161
36,3401,-133,-47.8322580645161
36,3402,-64,-47.8322580645161
36,3403,-33,-47.8322580645161
36,3404,-49,-17.8802083333333
36,3405,-24,-47.8322580645161
36,3406,-8,-17.8802083333333
36,3407,-6,3.80177514792899
36,3408,4,3.80177514792899
36,3409,34,3.80177514792899
36,3410,119,78.5135135135135
36,3411,328,207.928
36,3412,191,-83.3076923076923
36,3413,-384,-243.330578512397
36,3414,-97,-146.193277310924
36,3415,50,-47.8322580645161
36,3416,43,-10.5555555555556
36,3417,48,-21.8333333333333
36,3418,-11,-121.166666666667
36,3419,6,-17.8802083333333
36,3420,115,119.951219512195
36,3421,389,276.340425531915
36,3422,-68,-10.5555555555556
36,3423,-288,-162.504132231405
36,3424,-146,-137.131578947368
36,3425,-107,-47.8322580645161
36,3426,-104,-47.8322580645161
36,3427,-59,-47.8322580645161
36,3428,-57,-47.8322580645161
36,3429,-8,-47.8322580645161
36,3430,-1,32.4
36,3431,2,3.80177514792899
36,3432,1,3.80177514792899
36,3433,41,3.80177514792899
36,3434,119,78.5135135135135
36,3435,189,207.928
36,3436,316,-83.3076923076923
36,3437,-379,-301.09375
36,3438,-133,-146.193277310924
36,3439,-9,24.7272727272727
36,3440,-63,3.80177514792899
36,3441,26,-47.8322580645161
36,3442,29,-21.8333333333333
36,3443,-107,-21.8333333333333
36,3444,105,-47.8322580645161
36,3445,197,235.685714285714
36,3446,-57,-25.625
36,3447,43,-146.193277310924
36,3448,-34,78.5135135135135
36,3449,-83,-17.8802083333333
36,3450,-56,-47.8322580645161
36,3451,-73,-47.8322580645161
36,3452,-52,-47.8322580645161
36,3453,-14,-47.8322580645161
36,3454,-9,-17.8802083333333
36,3455,2,3.80177514792899
36,3456,5,3.80177514792899
36,3457,46,3.80177514792899
36,3458,116,78.5135135135135
36,3459,373,207.928
36,3460,252,-301.09375
36,3461,-435,-243.330578512397
36,3462,-170,-146.193277310924
36,3463,55,24.7272727272727
36,3464,66,-10.5555555555556
36,3465,-24,-10.5555555555556
36,3466,-3,-17.8802083333333
36,3467,25,3.80177514792899
36,3468,155,119.951219512195
36,3469,420,276.340425531915
36,3470,6,-83.3076923076923
36,3471,-281,-162.504132231405
36,3472,-202,-137.131578947368
36,3473,-60,-47.8322580645161
36,3474,-120,-47.8322580645161
36,3475,-106,-47.8322580645161
36,3476,-65,-47.8322580645161
36,3477,-40,-47.8322580645161
36,3478,-7,32.4
36,3479,-5,32.4
36,3480,0,3.80177514792899
36,3481,50,3.80177514792899
36,3482,114,153.731707317073
36,3483,364,207.928
36,3484,256,207.928
36,3485,-435,-243.330578512397
36,3486,-165,-146.193277310924
36,3487,53,24.7272727272727
36,3488,47,-10.5555555555556
36,3489,46,-10.5555555555556
36,3490,-38,-21.8333333333333
36,3491,-7,-17.8802083333333
36,3492,166,119.951219512195
36,3493,519,276.340425531915
36,3494,-76,-146.193277310924
36,3495,-297,-162.504132231405
36,3496,-186,-137.131578947368
36,3497,-143,-47.8322580645161
36,3498,13,-47.8322580645161
36,3499,-133,78.5135135135135
36,3500,-88,-47.8322580645161
36,3501,-17,-47.8322580645161
36,3502,-35,119.951219512195
36,3503,-2,-17.8802083333333
36,3504,-2,3.80177514792899
36,3505,39,3.80177514792899
36,3506,116,37.7692307692308
36,3507,338,207.928
36,3508,254,-83.3076923076923
36,3509,-374,-243.330578512397
36,3510,-158,-146.193277310924
36,3511,96,24.7272727272727
36,3512,68,-10.5555555555556
36,3513,32,-10.5555555555556
36,3514,-9,-21.8333333333333
36,3515,11,3.80177514792899
36,3516,144,119.951219512195
36,3517,279,276.340425531915
36,3518,-41,25.4736842105263
36,3519,-217,-162.504132231405
36,3520,-219,-137.131578947368
36,3521,-57,-47.8322580645161
36,3522,-17,-47.8322580645161
36,3523,-109,-17.8802083333333
36,3524,-14,-47.8322580645161
36,3525,-48,-17.8802083333333
36,3526,-41,-47.8322580645161
36,3527,-38,32.4
36,3528,-30,-17.8802083333333
36,3529,2,-17.8802083333333
36,3530,24,3.80177514792899
36,3531,36,78.5135135135135
36,3532,141,78.5135135135135
36,3533,159,207.928
36,3534,97,-83.3076923076923
36,3535,152,25.4736842105263
36,3536,62,-7.91666666666667
36,3537,19,25.4736842105263
36,3538,-53,-21.8333333333333
36,3539,96,-47.8322580645161
36,3540,-70,-10.5555555555556
36,3541,-34,-47.8322580645161
36,3542,-48,-17.8802083333333
36,3543,-191,-47.8322580645161
36,3544,-82,-47.8322580645161
36,3545,-64,-47.8322580645161
36,3546,-22,-47.8322580645161
36,3547,-68,-17.8802083333333
36,3548,9,-47.8322580645161
36,3549,-38,3.80177514792899
36,3550,-47,32.4
36,3551,-41,-47.8322580645161
36,3552,-44,-17.8802083333333
36,3553,-4,-47.8322580645161
36,3554,10,3.80177514792899
36,3555,41,3.80177514792899
36,3556,118,37.7692307692308
36,3557,101,207.928
36,3558,213,-83.3076923076923
36,3559,81,-25.625
36,3560,206,-146.193277310924
36,3561,-74,-7.91666666666667
36,3562,-36,-146.193277310924
36,3563,-26,-17.8802083333333
36,3564,51,-17.8802083333333
36,3565,32,-10.5555555555556
36,3566,-183,-21.8333333333333
36,3567,-127,-47.8322580645161
36,3568,-161,-47.8322580645161
36,3569,-56,-47.8322580645161
36,3570,-58,-47.8322580645161
36,3571,-38,-47.8322580645161
36,3572,-36,-17.8802083333333
36,3573,-46,-17.8802083333333
36,3574,-10,-47.8322580645161
36,3575,-3,-17.8802083333333
36,3576,3,3.80177514792899
36,3577,29,3.80177514792899
36,3578,131,78.5135135135135
36,3579,362,181.878431372549
36,3580,220,-83.3076923076923
36,3581,-422,-243.330578512397
36,3582,-130,-146.193277310924
36,3583,40,24.7272727272727
36,3584,104,37.7692307692308
36,3585,-14,-10.5555555555556
36,3586,-25,-17.8802083333333
36,3587,-3,-17.8802083333333
36,3588,216,119.951219512195
36,3589,382,276.340425531915
36,3590,-45,-83.3076923076923
36,3591,-263,-162.504132231405
36,3592,-158,-137.131578947368
36,3593,-176,-47.8322580645161
36,3594,-84,-47.8322580645161
36,3595,-78,-47.8322580645161
36,3596,-30,-47.8322580645161
36,3597,-51,-17.8802083333333
36,3598,1,-47.8322580645161
36,3599,-9,3.80177514792899
36,3600,4,3.80177514792899
36,3601,38,3.80177514792899
36,3602,147,78.5135135135135
36,3603,362,181.878431372549
36,3604,249,-83.3076923076923
36,3605,-396,-243.330578512397
36,3606,-239,-146.193277310924
36,3607,48,24.7272727272727
36,3608,84,-10.5555555555556
36,3609,3,-10.5555555555556
36,3610,-12,3.80177514792899
36,3611,10,-17.8802083333333
36,3612,192,119.951219512195
36,3613,472,276.340425531915
36,3614,-145,-83.3076923076923
36,3615,-283,-162.504132231405
36,3616,-114,24.7272727272727
36,3617,-128,-47.8322580645161
36,3618,-109,-47.8322580645161
36,3619,-90,-47.8322580645161
36,3620,-58,-47.8322580645161
36,3621,-11,-47.8322580645161
36,3622,-12,32.4
36,3623,-7,-17.8802083333333
36,3624,4,3.80177514792899
36,3625,22,3.80177514792899
36,3626,146,78.5135135135135
36,3627,350,207.928
36,3628,306,-83.3076923076923
36,3629,-504,-301.09375
36,3630,-149,-146.193277310924
36,3631,42,24.7272727272727
36,3632,89,37.7692307692308
36,3633,24,-10.5555555555556
36,3634,-63,-21.8333333333333
36,3635,23,-47.8322580645161
36,3636,168,119.951219512195
36,3637,485,276.340425531915
36,3638,-69,-146.193277310924
36,3639,-257,-162.504132231405
36,3640,-193,-137.131578947368
36,3641,-74,-47.8322580645161
36,3642,-145,-47.8322580645161
36,3643,-100,-47.8322580645161
36,3644,-50,-47.8322580645161
36,3645,-44,-47.8322580645161
36,3646,-5,-47.8322580645161
36,3647,-9,32.4
36,3648,1,3.80177514792899
36,3649,58,3.80177514792899
36,3650,103,153.731707317073
36,3651,389,207.928
36,3652,236,207.928
36,3653,-459,-243.330578512397
36,3654,-127,-146.193277310924
36,3655,86,24.7272727272727
36,3656,41,-10.5555555555556
36,3657,-9,-21.8333333333333
36,3658,-68,3.80177514792899
36,3659,38,-47.8322580645161
36,3660,176,119.951219512195
36,3661,433,276.340425531915
36,3662,-6,-83.3076923076923
36,3663,-340,-162.504132231405
36,3664,-102,-137.131578947368
36,3665,-204,-47.8322580645161
36,3666,-206,-47.8322580645161
36,3667,-2,-47.8322580645161
36,3668,-28,3.80177514792899
36,3669,-4,-17.8802083333333
36,3670,-3,32.4
36,3671,-3,3.80177514792899
36,3672,5,32.4
36,3673,26,32.4
36,3674,100,193.8
36,3675,256,99.9
36,3676,311,181.878431372549
36,3677,-279,-301.09375
36,3678,-181,-146.193277310924
36,3679,116,24.7272727272727
36,3680,19,-10.5555555555556
36,3681,30,-86.5909090909091
36,3682,-11,-21.8333333333333
36,3683,-7,-17.8802083333333
36,3684,110,119.951219512195
36,3685,306,276.340425531915
36,3686,-141,-10.5555555555556
36,3687,-159,-162.504132231405
36,3688,-172,24.7272727272727
36,3689,-99,-47.8322580645161
36,3690,-17,-47.8322580645161
36,3691,-30,-17.8802083333333
36,3692,-41,-17.8802083333333
36,3693,-48,-17.8802083333333
36,3694,-9,-47.8322580645161
36,3695,-63,3.80177514792899
36,3696,-15,-47.8322580645161
36,3697,1,-17.8802083333333
36,3698,22,3.80177514792899
36,3699,36,78.5135135135135
36,3700,138,78.5135135135135
36,3701,121,181.878431372549
36,3702,140,-83.3076923076923
36,3703,191,25.4736842105263
36,3704,19,25.4736842105263
36,3705,4,-146.193277310924
36,3706,64,3.80177514792899
36,3707,-23,-10.5555555555556
36,3708,-5,-17.8802083333333
36,3709,-10,3.80177514792899
36,3710,-118,-17.8802083333333
36,3711,-124,-47.8322580645161
36,3712,-155,-47.8322580645161
36,3713,-23,-47.8322580645161
36,3714,-71,-17.8802083333333
36,3715,-25,-47.8322580645161
36,3716,-49,-17.8802083333333
36,3717,-31,-47.8322580645161
36,3718,-24,-17.8802083333333
36,3719,-34,-17.8802083333333
36,3720,-51,-17.8802083333333
36,3721,3,-47.8322580645161
36,3722,12,3.80177514792899
36,3723,35,78.5135135135135
36,3724,87,78.5135135135135
36,3725,141,181.878431372549
36,3726,194,-25.625
36,3727,112,25.4736842105263
36,3728,89,-146.193277310924
36,3729,-86,-7.91666666666667
36,3730,18,-47.8322580645161
36,3731,37,-21.8333333333333
36,3732,-1,-21.8333333333333
36,3733,-73,3.80177514792899
36,3734,-174,-47.8322580645161
36,3735,-144,-47.8322580645161
36,3736,-63,-47.8322580645161
36,3737,-71,-47.8322580645161
36,3738,-32,-47.8322580645161
36,3739,-34,-17.8802083333333
36,3740,-12,-17.8802083333333
36,3741,-27,-17.8802083333333
36,3742,-6,-17.8802083333333
36,3743,-5,3.80177514792899
36,3744,3,3.80177514792899
36,3745,26,3.80177514792899
36,3746,119,78.5135135135135
36,3747,328,181.878431372549
36,3748,301,-83.3076923076923
36,3749,-444,-301.09375
36,3750,-161,-146.193277310924
36,3751,93,24.7272727272727
36,3752,51,-10.5555555555556
36,3753,-18,-10.5555555555556
36,3754,-61,-17.8802083333333
36,3755,85,-47.8322580645161
36,3756,130,91.6181818181818
36,3757,397,276.340425531915
36,3758,-243,-301.09375
36,3759,-97,-162.504132231405
36,3760,-254,24.7272727272727
36,3761,-44,-47.8322580645161
36,3762,-11,-47.8322580645161
36,3763,-102,-17.8802083333333
36,3764,-74,-47.8322580645161
36,3765,-20,-47.8322580645161
36,3766,-9,-17.8802083333333
36,3767,3,32.4
36,3768,5,3.80177514792899
36,3769,33,3.80177514792899
36,3770,136,78.5135135135135
36,3771,81,207.928
36,3772,-126,-83.3076923076923
36,3773,-48,-47.8322580645161
36,3774,-41,-47.8322580645161
36,3775,54,-17.8802083333333
36,3776,5,-10.5555555555556
36,3777,50,3.80177514792899
36,3778,9,-121.166666666667
36,3779,46,3.80177514792899
36,3780,165,78.5135135135135
36,3781,341,-25.625
36,3782,-28,-146.193277310924
36,3783,-292,-146.193277310924
36,3784,-89,-137.131578947368
36,3785,-17,-47.8322580645161
36,3786,-49,-17.8802083333333
36,3787,-142,-47.8322580645161
36,3788,-46,-47.8322580645161
36,3789,-33,-47.8322580645161
36,3790,-10,32.4
36,3791,-2,-17.8802083333333
36,3792,4,3.80177514792899
36,3793,23,3.80177514792899
36,3794,143,78.5135135135135
36,3795,338,207.928
36,3796,294,-83.3076923076923
36,3797,-447,-301.09375
36,3798,-187,-146.193277310924
36,3799,55,24.7272727272727
36,3800,128,-10.5555555555556
36,3801,-79,-10.5555555555556
36,3802,-28,-162.504132231405
36,3803,68,-17.8802083333333
36,3804,159,91.6181818181818
36,3805,439,276.340425531915
36,3806,-107,-301.09375
36,3807,-217,-162.504132231405
36,3808,-96,-137.131578947368
36,3809,-288,-47.8322580645161
36,3810,32,-47.8322580645161
36,3811,-21,-21.8333333333333
36,3812,-144,-17.8802083333333
36,3813,-51,-47.8322580645161
36,3814,-12,-47.8322580645161
36,3815,-2,-17.8802083333333
36,3816,-1,32.4
36,3817,29,3.80177514792899
36,3818,94,37.7692307692308
36,3819,258,207.928
36,3820,347,207.928
36,3821,-379,-301.09375
36,3822,-182,-146.193277310924
36,3823,37,24.7272727272727
36,3824,74,37.7692307692308
36,3825,6,-10.5555555555556
36,3826,-27,3.80177514792899
36,3827,58,-17.8802083333333
36,3828,172,91.6181818181818
36,3829,404,276.340425531915
36,3830,-14,-146.193277310924
36,3831,-353,-162.504132231405
36,3832,-93,-137.131578947368
36,3833,-120,-47.8322580645161
36,3834,-89,-47.8322580645161
36,3835,-77,-47.8322580645161
36,3836,-53,-47.8322580645161
36,3837,-56,-47.8322580645161
36,3838,-35,-47.8322580645161
36,3839,5,-17.8802083333333
36,3840,-5,3.80177514792899
36,3841,30,3.80177514792899
36,3842,96,78.5135135135135
36,3843,291,207.928
36,3844,357,207.928
36,3845,-401,-301.09375
36,3846,-124,-146.193277310924
36,3847,44,24.7272727272727
36,3848,164,37.7692307692308
36,3849,-44,-10.5555555555556
36,3850,-24,-83.3076923076923
36,3851,70,-17.8802083333333
36,3852,164,91.6181818181818
36,3853,266,276.340425531915
36,3854,-139,-301.09375
36,3855,-261,-162.504132231405
36,3856,-128,24.7272727272727
36,3857,-105,-47.8322580645161
36,3858,-3,-47.8322580645161
36,3859,-93,3.80177514792899
36,3860,20,-47.8322580645161
36,3861,-50,37.7692307692308
36,3862,-66,-47.8322580645161
36,3863,-19,-47.8322580645161
36,3864,-45,-17.8802083333333
36,3865,-1,-47.8322580645161
36,3866,20,3.80177514792899
36,3867,54,78.5135135135135
36,3868,122,153.731707317073
36,3869,189,207.928
36,3870,144,-200.426229508197
36,3871,108,-146.193277310924
36,3872,96,25.4736842105263
36,3873,-33,-7.91666666666667
36,3874,-134,-17.8802083333333
36,3875,44,-47.8322580645161
36,3876,39,-21.8333333333333
36,3877,-49,-21.8333333333333
36,3878,-115,-47.8322580645161
36,3879,-154,-47.8322580645161
36,3880,-94,-47.8322580645161
36,3881,-32,-47.8322580645161
36,3882,-30,-17.8802083333333
36,3883,-6,-17.8802083333333
36,3884,-52,3.80177514792899
36,3885,-18,-47.8322580645161
36,3886,-35,-17.8802083333333
36,3887,-52,-17.8802083333333
36,3888,-11,-47.8322580645161
36,3889,-1,-17.8802083333333
36,3890,13,3.80177514792899
36,3891,12,37.7692307692308
36,3892,27,78.5135135135135
36,3893,24,78.5135135135135
36,3894,99,78.5135135135135
36,3895,151,91.6181818181818
36,3896,56,128.913043478261
36,3897,-72,25.4736842105263
36,3898,-6,-47.8322580645161
36,3899,-8,3.80177514792899
36,3900,27,3.80177514792899
36,3901,-176,-21.8333333333333
36,3902,-51,-47.8322580645161
36,3903,8,-47.8322580645161
36,3904,2,3.80177514792899
36,3905,-3,3.80177514792899
36,3906,-34,3.80177514792899
36,3907,1,-17.8802083333333
36,3908,-29,3.80177514792899
36,3909,-14,-17.8802083333333
36,3910,-22,-17.8802083333333
36,3911,-5,-17.8802083333333
36,3912,-3,3.80177514792899
36,3913,12,3.80177514792899
36,3914,40,78.5135135135135
36,3915,95,37.7692307692308
36,3916,243,181.878431372549
36,3917,-65,-25.625
36,3918,-34,-146.193277310924
36,3919,10,-17.8802083333333
36,3920,33,3.80177514792899
36,3921,64,-21.8333333333333
36,3922,15,-10.5555555555556
36,3923,-50,-21.8333333333333
36,3924,7,-47.8322580645161
36,3925,120,3.80177514792899
36,3926,-41,-10.5555555555556
36,3927,-85,-86.5909090909091
36,3928,-144,-47.8322580645161
36,3929,-76,-47.8322580645161
36,3930,-44,-47.8322580645161
36,3931,-38,-47.8322580645161
36,3932,-38,-17.8802083333333
36,3933,-18,-17.8802083333333
36,3934,-6,-17.8802083333333
36,3935,-4,3.80177514792899
36,3936,4,3.80177514792899
36,3937,12,3.80177514792899
36,3938,124,78.5135135135135
36,3939,219,207.928
36,3940,351,-83.3076923076923
36,3941,-331,-301.09375
36,3942,-218,-146.193277310924
36,3943,29,24.7272727272727
36,3944,67,37.7692307692308
36,3945,-22,-10.5555555555556
36,3946,6,-17.8802083333333
36,3947,10,3.80177514792899
36,3948,170,119.951219512195
36,3949,382,276.340425531915
36,3950,-22,-83.3076923076923
36,3951,-270,-146.193277310924
36,3952,-154,-137.131578947368
36,3953,-135,-47.8322580645161
36,3954,-63,-47.8322580645161
36,3955,-78,-47.8322580645161
36,3956,-51,-47.8322580645161
36,3957,-25,-47.8322580645161
36,3958,0,32.4
36,3959,-2,3.80177514792899
36,3960,0,3.80177514792899
36,3961,34,3.80177514792899
36,3962,135,78.5135135135135
36,3963,332,207.928
36,3964,332,-83.3076923076923
36,3965,-473,-301.09375
36,3966,-149,-146.193277310924
36,3967,74,24.7272727272727
36,3968,99,-10.5555555555556
36,3969,-93,-10.5555555555556
36,3970,-26,-47.8322580645161
36,3971,48,-17.8802083333333
36,3972,247,91.6181818181818
36,3973,382,276.340425531915
36,3974,-104,-301.09375
36,3975,-278,-162.504132231405
36,3976,-174,-137.131578947368
36,3977,-123,-47.8322580645161
36,3978,-72,-47.8322580645161
36,3979,-61,-47.8322580645161
36,3980,-94,-47.8322580645161
36,3981,-31,-47.8322580645161
36,3982,0,32.4
36,3983,-8,3.80177514792899
36,3984,7,3.80177514792899
36,3985,32,3.80177514792899
36,3986,117,78.5135135135135
36,3987,319,207.928
36,3988,320,-83.3076923076923
36,3989,-443,-146.193277310924
36,3990,-151,-146.193277310924
36,3991,47,24.7272727272727
36,3992,75,-10.5555555555556
36,3993,-35,-10.5555555555556
36,3994,57,-17.8802083333333
36,3995,112,-121.166666666667
36,3996,21,91.6181818181818
36,3997,346,193.8
36,3998,-135,-121.166666666667
36,3999,51,-146.193277310924
36,4000,-328,203.8
36,4001,-155,-47.8322580645161
36,4002,-83,-47.8322580645161
36,4003,9,-47.8322580645161
36,4004,-118,3.80177514792899
36,4005,-31,-47.8322580645161
36,4006,-21,-17.8802083333333
36,4007,-10,119.951219512195
36,4008,2,-17.8802083333333
36,4009,27,3.80177514792899
36,4010,108,78.5135135135135
36,4011,249,207.928
36,4012,353,181.878431372549
36,4013,-345,-301.09375
36,4014,-125,-146.193277310924
36,4015,38,24.7272727272727
36,4016,74,37.7692307692308
36,4017,-6,-10.5555555555556
36,4018,-10,3.80177514792899
36,4019,84,-17.8802083333333
36,4020,65,91.6181818181818
36,4021,317,276.340425531915
36,4022,-195,-121.166666666667
36,4023,-149,-162.504132231405
36,4024,-185,24.7272727272727
36,4025,-118,-47.8322580645161
36,4026,-30,-47.8322580645161
36,4027,-60,-17.8802083333333
36,4028,149,-47.8322580645161
36,4029,-103,207.928
36,4030,-79,-83.3076923076923
36,4031,-52,-47.8322580645161
36,4032,-4,-47.8322580645161
36,4033,0,3.80177514792899
36,4034,17,3.80177514792899
36,4035,42,78.5135135135135
36,4036,104,37.7692307692308
36,4037,92,207.928
36,4038,81,91.6181818181818
36,4039,180,91.6181818181818
36,4040,46,-7.91666666666667
36,4041,97,-146.193277310924
36,4042,-73,-7.91666666666667
36,4043,18,-47.8322580645161
36,4044,22,-21.8333333333333
36,4045,-109,-21.8333333333333
36,4046,-55,-47.8322580645161
36,4047,-141,-47.8322580645161
36,4048,-77,-47.8322580645161
36,4049,-51,-47.8322580645161
36,4050,-15,-47.8322580645161
36,4051,-64,-17.8802083333333
36,4052,-14,-47.8322580645161
36,4053,1,-17.8802083333333
36,4054,-46,3.80177514792899
36,4055,-38,-47.8322580645161
36,4056,-16,-17.8802083333333
36,4057,-1,-17.8802083333333
36,4058,13,3.80177514792899
36,4059,27,78.5135135135135
36,4060,81,78.5135135135135
36,4061,91,207.928
36,4062,205,91.6181818181818
36,4063,66,-25.625
36,4064,68,-146.193277310924
36,4065,57,-7.91666666666667
36,4066,-2,-7.91666666666667
36,4067,-49,3.80177514792899
36,4068,13,-47.8322580645161
36,4069,-42,-21.8333333333333
36,4070,-86,-17.8802083333333
36,4071,-117,-47.8322580645161
36,4072,-90,-47.8322580645161
36,4073,-50,-47.8322580645161
36,4074,-71,-47.8322580645161
36,4075,-20,-47.8322580645161
36,4076,-57,-17.8802083333333
36,4077,-19,-47.8322580645161
36,4078,-23,-17.8802083333333
36,4079,-2,-17.8802083333333
36,4080,6,3.80177514792899
36,4081,30,3.80177514792899
36,4082,107,78.5135135135135
36,4083,329,207.928
36,4084,261,181.878431372549
36,4085,-378,-146.193277310924
36,4086,-191,-146.193277310924
36,4087,95,24.7272727272727
36,4088,21,-10.5555555555556
36,4089,-138,-21.8333333333333
36,4090,39,-47.8322580645161
36,4091,75,-21.8333333333333
36,4092,187,91.6181818181818
36,4093,319,276.340425531915
36,4094,-174,-301.09375
36,4095,-353,-146.193277310924
36,4096,17,24.7272727272727
36,4097,-50,193.8
36,4098,-80,-47.8322580645161
36,4099,-45,-47.8322580645161
36,4100,-33,-47.8322580645161
36,4101,-35,-17.8802083333333
36,4102,-10,32.4
36,4103,-1,-17.8802083333333
36,4104,5,3.80177514792899
36,4105,45,3.80177514792899
36,4106,120,78.5135135135135
36,4107,353,181.878431372549
36,4108,310,-83.3076923076923
36,4109,-480,-301.09375
36,4110,-133,-146.193277310924
36,4111,6,24.7272727272727
36,4112,97,3.80177514792899
36,4113,3,-10.5555555555556
36,4114,-20,3.80177514792899
36,4115,38,-17.8802083333333
36,4116,100,119.951219512195
36,4117,497,235.685714285714
36,4118,-105,-121.166666666667
36,4119,-307,-162.504132231405
36,4120,-99,-137.131578947368
36,4121,-237,-47.8322580645161
36,4122,-14,-47.8322580645161
36,4123,18,-17.8802083333333
36,4124,-150,-21.8333333333333
36,4125,-32,-47.8322580645161
36,4126,-1,32.4
36,4127,-9,3.80177514792899
36,4128,-3,32.4
36,4129,37,3.80177514792899
36,4130,137,78.5135135135135
36,4131,286,207.928
36,4132,353,-83.3076923076923
36,4133,-435,-301.09375
36,4134,-154,-146.193277310924
36,4135,6,24.7272727272727
36,4136,98,3.80177514792899
36,4137,-22,-10.5555555555556
36,4138,-40,-17.8802083333333
36,4139,31,-17.8802083333333
36,4140,165,119.951219512195
36,4141,422,235.685714285714
36,4142,-4,-83.3076923076923
36,4143,-368,-162.504132231405
36,4144,-102,-137.131578947368
36,4145,-85,-47.8322580645161
36,4146,-114,-47.8322580645161
36,4147,-116,-47.8322580645161
36,4148,-42,-47.8322580645161
36,4149,-43,-17.8802083333333
36,4150,0,32.4
36,4151,-9,3.80177514792899
36,4152,0,3.80177514792899
36,4153,37,3.80177514792899
36,4154,111,78.5135135135135
36,4155,355,207.928
36,4156,326,207.928
36,4157,-447,-301.09375
36,4158,-169,-146.193277310924
36,4159,50,24.7272727272727
36,4160,109,-10.5555555555556
36,4161,-45,-10.5555555555556
36,4162,-47,-47.8322580645161
36,4163,68,-47.8322580645161
36,4164,97,91.6181818181818
36,4165,440,276.340425531915
36,4166,-102,-121.166666666667
36,4167,-275,-162.504132231405
36,4168,-126,-137.131578947368
36,4169,-104,-47.8322580645161
36,4170,-54,-47.8322580645161
36,4171,-112,-47.8322580645161
36,4172,-61,-47.8322580645161
36,4173,-40,-47.8322580645161
36,4174,-6,32.4
36,4175,-5,3.80177514792899
36,4176,1,3.80177514792899
36,4177,30,3.80177514792899
36,4178,95,78.5135135135135
36,4179,23,207.928
36,4180,313,78.5135135135135
36,4181,-78,-25.625
36,4182,-165,-146.193277310924
36,4183,28,-137.131578947368
36,4184,80,37.7692307692308
36,4185,43,-10.5555555555556
36,4186,-10,37.7692307692308
36,4187,30,-17.8802083333333
36,4188,170,37.7692307692308
36,4189,-140,-25.625
36,4190,-192,-146.193277310924
36,4191,-1,-47.8322580645161
36,4192,-3,3.80177514792899
36,4193,-23,3.80177514792899
36,4194,-16,-17.8802083333333
36,4195,-59,-17.8802083333333
36,4196,-8,-47.8322580645161
36,4197,-28,32.4
36,4198,-17,-17.8802083333333
36,4199,-49,-17.8802083333333
36,4200,-11,-47.8322580645161
36,4201,-5,-17.8802083333333
36,4202,18,3.80177514792899
36,4203,34,78.5135135135135
36,4204,128,78.5135135135135
36,4205,170,181.878431372549
36,4206,60,-83.3076923076923
36,4207,189,-146.193277310924
36,4208,91,-25.625
36,4209,11,-146.193277310924
36,4210,-3,-21.8333333333333
36,4211,0,3.80177514792899
36,4212,-20,3.80177514792899
36,4213,40,-17.8802083333333
36,4214,-210,-21.8333333333333
36,4215,-176,-47.8322580645161
36,4216,-86,-47.8322580645161
36,4217,37,-47.8322580645161
36,4218,-94,37.7692307692308
36,4219,-39,-47.8322580645161
36,4220,-9,-17.8802083333333
36,4221,-37,119.951219512195
36,4222,15,-17.8802083333333
36,4223,-91,193.8
36,4224,-20,-47.8322580645161
36,4225,-11,-17.8802083333333
36,4226,16,-17.8802083333333
36,4227,30,78.5135135135135
36,4228,87,78.5135135135135
36,4229,126,-10.5555555555556
36,4230,174,-25.625
36,4231,104,25.4736842105263
36,4232,128,-146.193277310924
36,4233,-49,-7.91666666666667
36,4234,14,-86.5909090909091
36,4235,-17,-21.8333333333333
36,4236,-32,-17.8802083333333
36,4237,-100,-17.8802083333333
36,4238,-78,-47.8322580645161
36,4239,-147,-47.8322580645161
36,4240,-71,-47.8322580645161
36,4241,-29,-47.8322580645161
36,4242,-53,-17.8802083333333
36,4243,-47,-47.8322580645161
36,4244,-35,-47.8322580645161
36,4245,-20,-17.8802083333333
36,4246,-6,-17.8802083333333
36,4247,1,3.80177514792899
36,4248,1,3.80177514792899
36,4249,39,3.80177514792899
36,4250,98,78.5135135135135
36,4251,308,181.878431372549
36,4252,276,181.878431372549
36,4253,-368,-301.09375
36,4254,-148,-146.193277310924
36,4255,-1,24.7272727272727
36,4256,72,3.80177514792899
36,4257,32,-10.5555555555556
36,4258,-33,-21.8333333333333
36,4259,14,-17.8802083333333
36,4260,228,119.951219512195
36,4261,398,235.685714285714
36,4262,-136,-146.193277310924
36,4263,-272,-162.504132231405
36,4264,-111,24.7272727272727
36,4265,-229,-47.8322580645161
36,4266,9,-47.8322580645161
36,4267,-20,3.80177514792899
36,4268,-126,-17.8802083333333
36,4269,-20,-47.8322580645161
36,4270,-10,119.951219512195
36,4271,-6,-17.8802083333333
36,4272,6,32.4
36,4273,43,3.80177514792899
36,4274,108,37.7692307692308
36,4275,373,207.928
36,4276,230,181.878431372549
36,4277,-427,-146.193277310924
36,4278,-113,-146.193277310924
36,4279,32,24.7272727272727
36,4280,125,-21.8333333333333
36,4281,-75,-10.5555555555556
36,4282,-7,-83.3076923076923
36,4283,50,3.80177514792899
36,4284,195,91.6181818181818
36,4285,397,276.340425531915
36,4286,-112,-301.09375
36,4287,-344,-162.504132231405
36,4288,-103,-137.131578947368
36,4289,-84,-47.8322580645161
36,4290,-101,-47.8322580645161
36,4291,-83,-47.8322580645161
36,4292,-65,-47.8322580645161
36,4293,-19,-47.8322580645161
36,4294,-21,32.4
36,4295,-2,-17.8802083333333
36,4296,2,3.80177514792899
36,4297,47,3.80177514792899
36,4298,120,153.731707317073
36,4299,353,207.928
36,4300,275,-301.09375
36,4301,-428,-301.09375
36,4302,-202,-146.193277310924
36,4303,65,24.7272727272727
36,4304,80,-10.5555555555556
36,4305,-10,-10.5555555555556
36,4306,-5,-17.8802083333333
36,4307,7,3.80177514792899
36,4308,224,119.951219512195
36,4309,431,276.340425531915
36,4310,-105,-83.3076923076923
36,4311,-286,-162.504132231405
36,4312,-131,-137.131578947368
36,4313,-128,-47.8322580645161
36,4314,-75,-47.8322580645161
36,4315,-115,-47.8322580645161
36,4316,-47,-47.8322580645161
36,4317,-48,-47.8322580645161
36,4318,-10,-47.8322580645161
36,4319,-10,-17.8802083333333
36,4320,-3,-17.8802083333333
36,4321,50,3.80177514792899
36,4322,116,153.731707317073
36,4323,324,207.928
36,4324,284,-301.09375
36,4325,-436,-301.09375
36,4326,-118,-146.193277310924
36,4327,13,24.7272727272727
36,4328,81,-21.8333333333333
36,4329,-6,-10.5555555555556
36,4330,-28,3.80177514792899
36,4331,20,-17.8802083333333
36,4332,194,119.951219512195
36,4333,387,235.685714285714
36,4334,-77,-83.3076923076923
36,4335,-267,-162.504132231405
36,4336,-195,-137.131578947368
36,4337,-76,-47.8322580645161
36,4338,-64,-47.8322580645161
36,4339,-72,-47.8322580645161
36,4340,-64,-47.8322580645161
36,4341,-35,-47.8322580645161
36,4342,-17,32.4
37,1,103,41.5748031496063
37,2,56,176.58
37,3,77,90.7755102040816
37,4,67,90.7755102040816
37,5,23,-48.35
37,6,8,41.5748031496063
37,7,51,-7.23993558776167
37,8,-32,-4.38888888888889
37,9,-32,-7.23993558776167
37,10,-54,-7.23993558776167
37,11,-232,-48.7777777777778
37,12,49,-48.7777777777778
37,13,-37,-4.38888888888889
37,14,-18,-48.7777777777778
37,15,-1,-7.23993558776167
37,16,-41,-7.23993558776167
37,17,-6,-11.7608695652174
37,18,6,-0.6
37,19,-2,-7.23993558776167
37,20,-24,-7.23993558776167
37,21,-12,-7.23993558776167
37,22,2,-7.23993558776167
37,23,1,-7.23993558776167
37,24,20,-7.23993558776167
37,25,80,41.5748031496063
37,26,78,137.52380952381
37,27,195,176.58
37,28,31,-39.0769230769231
37,29,173,-151.777777777778
37,30,11,-48.35
37,31,58,1.16666666666667
37,32,-50,-48.35
37,33,-16,-48.7777777777778
37,34,-65,-7.23993558776167
37,35,-35,-48.7777777777778
37,36,-112,-7.23993558776167
37,37,-132,-48.7777777777778
37,38,-39,-125.923076923077
37,39,-96,-48.7777777777778
37,40,-26,-48.7777777777778
37,41,-34,-7.23993558776167
37,42,-24,-7.23993558776167
37,43,-16,-7.23993558776167
37,44,-4,-7.23993558776167
37,45,-2,-7.23993558776167
37,46,18,-7.23993558776167
37,47,103,78.2359550561798
37,48,226,176.58
37,49,247,176.58
37,50,-328,-233.490909090909
37,51,-111,-151.777777777778
37,52,6,29
37,53,62,-7.23993558776167
37,54,22,-4.38888888888889
37,55,-29,-15.6333333333333
37,56,13,-7.23993558776167
37,57,116,119
37,58,336,232.743243243243
37,59,-19,1.16666666666667
37,60,-193,-174.713043478261
37,61,-162,-137.025974025974
37,62,-88,-93.7692307692308
37,63,-87,-48.7777777777778
37,64,-74,-48.7777777777778
37,65,-25,-48.7777777777778
37,66,-14,-7.23993558776167
37,67,-13,-0.6
37,68,-5,-7.23993558776167
37,69,5,-7.23993558776167
37,70,9,-7.23993558776167
37,71,9,78.2359550561798
37,72,143,78.2359550561798
37,73,388,176.58
37,74,-208,-116.1
37,75,-175,-151.777777777778
37,76,55,29
37,77,40,-4.38888888888889
37,78,-20,41.5748031496063
37,79,-45,-7.23993558776167
37,80,30,-11.7608695652174
37,81,120,119
37,82,327,275.989130434783
37,83,62,-116.1
37,84,-256,-233.490909090909
37,85,-152,-137.025974025974
37,86,-53,-93.7692307692308
37,87,-71,-48.7777777777778
37,88,-116,-48.7777777777778
37,89,-48,-48.7777777777778
37,90,-32,-11.7608695652174
37,91,1,-0.6
37,92,-10,-7.23993558776167
37,93,-2,-7.23993558776167
37,94,29,-7.23993558776167
37,95,87,78.2359550561798
37,96,238,207.752
37,97,308,176.58
37,98,-351,-301.09375
37,99,-140,-151.777777777778
37,100,9,29
37,101,61,41.5748031496063
37,102,-17,-4.38888888888889
37,103,12,-7.23993558776167
37,104,16,-15.6333333333333
37,105,111,119
37,106,362,232.743243243243
37,107,84,-4.38888888888889
37,108,-309,-151.777777777778
37,109,-166,-137.025974025974
37,110,-99,-93.7692307692308
37,111,-66,-48.7777777777778
37,112,-75,-48.7777777777778
37,113,-8,-48.7777777777778
37,114,-66,-7.23993558776167
37,115,-7,-11.7608695652174
37,116,-11,-7.23993558776167
37,117,-4,-7.23993558776167
37,118,19,-7.23993558776167
37,119,115,78.2359550561798
37,120,248,176.58
37,121,243,207.752
37,122,-323,-233.490909090909
37,123,-136,-151.777777777778
37,124,33,29
37,125,100,41.5748031496063
37,126,-36,-4.38888888888889
37,127,-61,-48.7777777777778
37,128,79,-11.7608695652174
37,129,87,90.7755102040816
37,130,334,275.989130434783
37,131,2,-105.285714285714
37,132,-184,-174.713043478261
37,133,-102,-137.025974025974
37,134,-121,-93.7692307692308
37,135,-53,-48.7777777777778
37,136,-125,-48.7777777777778
37,137,-32,-48.7777777777778
37,138,-41,-7.23993558776167
37,139,-37,-11.7608695652174
37,140,3,-11.7608695652174
37,141,-10,-7.23993558776167
37,142,20,-7.23993558776167
37,143,111,78.2359550561798
37,144,221,176.58
37,145,262,207.752
37,146,-324,-233.490909090909
37,147,-95,-151.777777777778
37,148,59,29
37,149,-87,-4.38888888888889
37,150,107,-48.7777777777778
37,151,-36,-105.285714285714
37,152,101,-11.7608695652174
37,153,97,207.752
37,154,203,275.989130434783
37,155,-2,42.75
37,156,-189,-174.713043478261
37,157,-139,-48.7777777777778
37,158,-78,12.9310344827586
37,159,-3,-48.7777777777778
37,160,24,-7.23993558776167
37,161,-103,-15.6333333333333
37,162,-46,-11.7608695652174
37,163,-32,-11.7608695652174
37,164,-43,-7.23993558776167
37,165,-23,-48.7777777777778
37,166,13,-7.23993558776167
37,167,20,41.5748031496063
37,168,45,41.5748031496063
37,169,110,78.2359550561798
37,170,87,90.7755102040816
37,171,148,90.7755102040816
37,172,143,-39.0769230769231
37,173,-25,1.16666666666667
37,174,-26,-99.6511627906977
37,175,-96,-7.23993558776167
37,176,113,-48.7777777777778
37,177,-1,-4.38888888888889
37,178,-38,-7.23993558776167
37,179,-68,-48.7777777777778
37,180,-29,-125.923076923077
37,181,-96,-7.23993558776167
37,182,-40,-48.7777777777778
37,183,-52,-48.7777777777778
37,184,-68,-48.7777777777778
37,185,-15,-11.7608695652174
37,186,-13,-7.23993558776167
37,187,-28,-7.23993558776167
37,188,-65,-7.23993558776167
37,189,-12,-48.7777777777778
37,190,-5,-7.23993558776167
37,191,6,-7.23993558776167
37,192,19,-7.23993558776167
37,193,78,41.5748031496063
37,194,77,176.58
37,195,142,207.752
37,196,81,-39.0769230769231
37,197,144,1.16666666666667
37,198,7,42.75
37,199,-47,-99.6511627906977
37,200,53,-48.7777777777778
37,201,-27,-4.38888888888889
37,202,-33,-7.23993558776167
37,203,-48,-7.23993558776167
37,204,-80,-125.923076923077
37,205,-107,-48.7777777777778
37,206,-73,-125.923076923077
37,207,-46,-48.7777777777778
37,208,-55,-48.7777777777778
37,209,-68,-48.7777777777778
37,210,-25,-11.7608695652174
37,211,-3,-7.23993558776167
37,212,-1,-7.23993558776167
37,213,-3,-7.23993558776167
37,214,21,-7.23993558776167
37,215,119,78.2359550561798
37,216,243,207.752
37,217,254,-116.1
37,218,-289,-233.490909090909
37,219,-160,-151.777777777778
37,220,23,29
37,221,50,41.5748031496063
37,222,9,-4.38888888888889
37,223,-33,-15.6333333333333
37,224,23,-7.23993558776167
37,225,126,119
37,226,381,275.989130434783
37,227,-89,1.16666666666667
37,228,-134,-174.713043478261
37,229,-223,-137.025974025974
37,230,-76,-93.7692307692308
37,231,-74,12.9310344827586
37,232,-60,-48.7777777777778
37,233,-75,-11.7608695652174
37,234,-29,-11.7608695652174
37,235,7,-7.23993558776167
37,236,-10,-0.6
37,237,-1,-7.23993558776167
37,238,15,-7.23993558776167
37,239,145,78.2359550561798
37,240,298,207.752
37,241,178,-116.1
37,242,-346,-233.490909090909
37,243,-138,-99.6511627906977
37,244,60,-93.7692307692308
37,245,46,-4.38888888888889
37,246,-44,-4.38888888888889
37,247,-148,-48.7777777777778
37,248,63,-11.7608695652174
37,249,255,90.7755102040816
37,250,328,275.989130434783
37,251,-7,-301.09375
37,252,-252,-174.713043478261
37,253,-156,-137.025974025974
37,254,-79,-93.7692307692308
37,255,-76,-48.7777777777778
37,256,-84,-48.7777777777778
37,257,-28,-48.7777777777778
37,258,-21,-7.23993558776167
37,259,-13,-0.6
37,260,1,-7.23993558776167
37,261,3,-7.23993558776167
37,262,23,-7.23993558776167
37,263,98,78.2359550561798
37,264,292,176.58
37,265,204,241.466666666667
37,266,-297,-233.490909090909
37,267,-172,-151.777777777778
37,268,48,-93.7692307692308
37,269,79,-4.38888888888889
37,270,-14,-4.38888888888889
37,271,-23,-7.23993558776167
37,272,16,-7.23993558776167
37,273,98,119
37,274,348,275.989130434783
37,275,-333,-4.38888888888889
37,276,-274,-174.713043478261
37,277,-47,29
37,278,-17,-93.7692307692308
37,279,33,-7.23993558776167
37,280,-12,-15.6333333333333
37,281,-22,-7.23993558776167
37,282,-22,-0.6
37,283,-8,119
37,284,0,-7.23993558776167
37,285,-1,-7.23993558776167
37,286,22,-7.23993558776167
37,287,115,41.5748031496063
37,288,262,176.58
37,289,229,241.466666666667
37,290,-269,-233.490909090909
37,291,-207,-151.777777777778
37,292,102,-93.7692307692308
37,293,16,-4.38888888888889
37,294,46,-15.6333333333333
37,295,-71,-105.285714285714
37,296,24,-11.7608695652174
37,297,150,119
37,298,311,275.989130434783
37,299,38,1.16666666666667
37,300,-217,-174.713043478261
37,301,-179,-137.025974025974
37,302,-144,-93.7692307692308
37,303,2,12.9310344827586
37,304,-97,-7.23993558776167
37,305,-71,-48.7777777777778
37,306,-18,-11.7608695652174
37,307,-15,119
37,308,-18,-7.23993558776167
37,309,-4,-7.23993558776167
37,310,17,-7.23993558776167
37,311,109,41.5748031496063
37,312,216,207.752
37,313,269,176.58
37,314,-298,-301.09375
37,315,-112,-151.777777777778
37,316,81,29
37,317,57,-4.38888888888889
37,318,15,-4.38888888888889
37,319,-29,-15.6333333333333
37,320,105,-7.23993558776167
37,321,86,90.7755102040816
37,322,254,275.989130434783
37,323,-183,-48.35
37,324,-93,-174.713043478261
37,325,-162,29
37,326,-71,-93.7692307692308
37,327,-36,-48.7777777777778
37,328,-54,-48.7777777777778
37,329,-44,-11.7608695652174
37,330,-43,-11.7608695652174
37,331,-37,-11.7608695652174
37,332,-22,-11.7608695652174
37,333,-25,-7.23993558776167
37,334,4,-7.23993558776167
37,335,20,-7.23993558776167
37,336,34,78.2359550561798
37,337,111,78.2359550561798
37,338,157,207.752
37,339,76,-39.0769230769231
37,340,111,1.16666666666667
37,341,37,-48.35
37,342,100,41.5748031496063
37,343,-44,-48.35
37,344,-25,-48.7777777777778
37,345,1,-7.23993558776167
37,346,-15,-7.23993558776167
37,347,-30,-7.23993558776167
37,348,-107,-7.23993558776167
37,349,-152,-48.7777777777778
37,350,-57,-48.7777777777778
37,351,44,-48.7777777777778
37,352,-98,78.2359550561798
37,353,-78,-48.7777777777778
37,354,-4,-11.7608695652174
37,355,-12,-7.23993558776167
37,356,-54,-7.23993558776167
37,357,-19,-48.7777777777778
37,358,3,-7.23993558776167
37,359,9,-7.23993558776167
37,360,39,78.2359550561798
37,361,96,78.2359550561798
37,362,66,176.58
37,363,128,90.7755102040816
37,364,78,-39.0769230769231
37,365,103,1.16666666666667
37,366,71,-48.35
37,367,-50,-48.35
37,368,-53,-48.7777777777778
37,369,65,-48.7777777777778
37,370,-86,-4.38888888888889
37,371,-89,-48.7777777777778
37,372,-50,-125.923076923077
37,373,-109,-48.7777777777778
37,374,-61,-48.7777777777778
37,375,-38,-48.7777777777778
37,376,-57,-11.7608695652174
37,377,-39,-11.7608695652174
37,378,-24,-48.7777777777778
37,379,-9,-7.23993558776167
37,380,0,-7.23993558776167
37,381,4,-7.23993558776167
37,382,20,-7.23993558776167
37,383,39,78.2359550561798
37,384,10,78.2359550561798
37,385,81,78.2359550561798
37,386,-46,90.7755102040816
37,387,-51,-48.7777777777778
37,388,20,-48.7777777777778
37,389,106,41.5748031496063
37,390,-9,-4.38888888888889
37,391,-5,-7.23993558776167
37,392,25,-7.23993558776167
37,393,-85,41.5748031496063
37,394,118,-48.7777777777778
37,395,71,-105.285714285714
37,396,4,-116.1
37,397,-115,-7.23993558776167
37,398,-37,-48.7777777777778
37,399,-23,-11.7608695652174
37,400,-54,-7.23993558776167
37,401,-43,-48.7777777777778
37,402,-13,-48.7777777777778
37,403,-15,-7.23993558776167
37,404,2,-7.23993558776167
37,405,-1,-7.23993558776167
37,406,3,-7.23993558776167
37,407,16,-7.23993558776167
37,408,68,78.2359550561798
37,409,317,153.345238095238
37,410,-54,241.466666666667
37,411,-184,-174.713043478261
37,412,53,-137.025974025974
37,413,40,-4.38888888888889
37,414,-25,41.5748031496063
37,415,-55,-7.23993558776167
37,416,72,-48.7777777777778
37,417,118,90.7755102040816
37,418,304,207.752
37,419,55,-301.09375
37,420,-221,-174.713043478261
37,421,-249,-137.025974025974
37,422,-154,-93.7692307692308
37,423,-26,12.9310344827586
37,424,-12,-7.23993558776167
37,425,-32,-7.23993558776167
37,426,-18,-7.23993558776167
37,427,-2,-0.6
37,428,-13,119
37,429,-2,-7.23993558776167
37,430,34,-7.23993558776167
37,431,120,78.2359550561798
37,432,282,176.58
37,433,210,-116.1
37,434,-303,-233.490909090909
37,435,-155,-151.777777777778
37,436,75,-93.7692307692308
37,437,63,-4.38888888888889
37,438,20,-4.38888888888889
37,439,-87,-15.6333333333333
37,440,11,-11.7608695652174
37,441,172,119
37,442,427,275.989130434783
37,443,-27,1.16666666666667
37,444,-256,-174.713043478261
37,445,-131,-137.025974025974
37,446,-66,-93.7692307692308
37,447,-107,-48.7777777777778
37,448,-153,-48.7777777777778
37,449,-54,-48.7777777777778
37,450,-51,-11.7608695652174
37,451,-12,-11.7608695652174
37,452,-13,-7.23993558776167
37,453,13,-7.23993558776167
37,454,19,78.2359550561798
37,455,124,78.2359550561798
37,456,315,207.752
37,457,160,-116.1
37,458,-288,-151.777777777778
37,459,-141,-99.6511627906977
37,460,74,-93.7692307692308
37,461,69,-4.38888888888889
37,462,-21,-4.38888888888889
37,463,-57,-7.23993558776167
37,464,46,-11.7608695652174
37,465,114,90.7755102040816
37,466,422,275.989130434783
37,467,16,-105.285714285714
37,468,-331,-174.713043478261
37,469,-91,-137.025974025974
37,470,-147,-93.7692307692308
37,471,-48,-48.7777777777778
37,472,-85,-48.7777777777778
37,473,-96,-48.7777777777778
37,474,-21,-11.7608695652174
37,475,-28,-0.6
37,476,-7,-7.23993558776167
37,477,-3,-7.23993558776167
37,478,23,-7.23993558776167
37,479,148,78.2359550561798
37,480,333,207.752
37,481,230,-116.1
37,482,-384,-233.490909090909
37,483,-106,-151.777777777778
37,484,79,-93.7692307692308
37,485,26,-4.38888888888889
37,486,35,-15.6333333333333
37,487,-45,-15.6333333333333
37,488,41,-11.7608695652174
37,489,177,119
37,490,244,275.989130434783
37,491,-143,1.16666666666667
37,492,-186,-174.713043478261
37,493,-146,-137.025974025974
37,494,-79,12.9310344827586
37,495,-7,-48.7777777777778
37,496,-77,-7.23993558776167
37,497,-26,-11.7608695652174
37,498,-44,-7.23993558776167
37,499,-35,-11.7608695652174
37,500,-36,-7.23993558776167
37,501,-19,-48.7777777777778
37,502,-2,-7.23993558776167
37,503,38,-7.23993558776167
37,504,45,78.2359550561798
37,505,100,78.2359550561798
37,506,97,176.58
37,507,160,90.7755102040816
37,508,134,-39.0769230769231
37,509,56,1.16666666666667
37,510,62,1.16666666666667
37,511,26,-48.35
37,512,-58,-15.6333333333333
37,513,-30,-48.7777777777778
37,514,-16,-7.23993558776167
37,515,19,-7.23993558776167
37,516,-213,-15.6333333333333
37,517,-117,-125.923076923077
37,518,-56,12.9310344827586
37,519,79,-48.7777777777778
37,520,-99,176.58
37,521,-69,-48.7777777777778
37,522,-40,-11.7608695652174
37,523,-32,-11.7608695652174
37,524,-32,-7.23993558776167
37,525,-50,-7.23993558776167
37,526,-8,-11.7608695652174
37,527,17,-7.23993558776167
37,528,65,78.2359550561798
37,529,81,153.345238095238
37,530,142,176.58
37,531,119,-39.0769230769231
37,532,149,1.16666666666667
37,533,56,1.16666666666667
37,534,-30,1.16666666666667
37,535,-64,-7.23993558776167
37,536,-41,-48.7777777777778
37,537,75,-48.7777777777778
37,538,-28,-4.38888888888889
37,539,-75,-7.23993558776167
37,540,-72,-125.923076923077
37,541,-128,-125.923076923077
37,542,-41,-48.7777777777778
37,543,-88,-48.7777777777778
37,544,-59,-48.7777777777778
37,545,-46,-11.7608695652174
37,546,-25,-11.7608695652174
37,547,-4,-7.23993558776167
37,548,-9,-7.23993558776167
37,549,5,-7.23993558776167
37,550,8,-7.23993558776167
37,551,64,-7.23993558776167
37,552,74,153.345238095238
37,553,117,176.58
37,554,-84,90.7755102040816
37,555,-87,-99.6511627906977
37,556,7,-48.7777777777778
37,557,64,-7.23993558776167
37,558,14,-4.38888888888889
37,559,-4,-15.6333333333333
37,560,45,-7.23993558776167
37,561,90,41.5748031496063
37,562,193,90.7755102040816
37,563,22,-48.35
37,564,-82,-174.713043478261
37,565,-112,-48.7777777777778
37,566,-95,-48.7777777777778
37,567,-99,-48.7777777777778
37,568,-45,-48.7777777777778
37,569,-61,-48.7777777777778
37,570,-9,-11.7608695652174
37,571,-16,-7.23993558776167
37,572,-6,-7.23993558776167
37,573,2,-7.23993558776167
37,574,10,-7.23993558776167
37,575,120,78.2359550561798
37,576,187,207.752
37,577,266,-116.1
37,578,-257,-301.09375
37,579,-133,-151.777777777778
37,580,-11,29
37,581,65,-7.23993558776167
37,582,-11,-4.38888888888889
37,583,-21,-7.23993558776167
37,584,23,-7.23993558776167
37,585,141,119
37,586,399,232.743243243243
37,587,0,-116.1
37,588,-421,-174.713043478261
37,589,9,-137.025974025974
37,590,-112,41.5748031496063
37,591,-87,-48.7777777777778
37,592,-69,-48.7777777777778
37,593,-58,-48.7777777777778
37,594,-15,-11.7608695652174
37,595,-20,-0.6
37,596,-7,-7.23993558776167
37,597,-2,-7.23993558776167
37,598,32,-7.23993558776167
37,599,125,78.2359550561798
37,600,308,207.752
37,601,251,-116.1
37,602,-422,-233.490909090909
37,603,-106,-151.777777777778
37,604,6,29
37,605,51,-7.23993558776167
37,606,22,-4.38888888888889
37,607,-22,-15.6333333333333
37,608,9,-7.23993558776167
37,609,21,119
37,610,7,178.25
37,611,42,-7.23993558776167
37,612,49,-15.6333333333333
37,613,-81,137.52380952381
37,614,-50,-48.7777777777778
37,615,-86,-48.7777777777778
37,616,-53,-48.7777777777778
37,617,-50,-48.7777777777778
37,618,-26,-48.7777777777778
37,619,-14,-7.23993558776167
37,620,-12,-7.23993558776167
37,621,1,-7.23993558776167
37,622,25,-7.23993558776167
37,623,126,78.2359550561798
37,624,259,207.752
37,625,277,-116.1
37,626,-391,-301.09375
37,627,-116,-151.777777777778
37,628,36,29
37,629,68,41.5748031496063
37,630,13,-4.38888888888889
37,631,-50,-15.6333333333333
37,632,39,-11.7608695652174
37,633,99,119
37,634,408,275.989130434783
37,635,-46,-48.35
37,636,-260,-174.713043478261
37,637,-94,-137.025974025974
37,638,-113,-93.7692307692308
37,639,-42,-48.7777777777778
37,640,-76,-48.7777777777778
37,641,-94,-48.7777777777778
37,642,-31,-11.7608695652174
37,643,-19,-0.6
37,644,-9,-7.23993558776167
37,645,-5,-7.23993558776167
37,646,21,-7.23993558776167
37,647,83,78.2359550561798
37,648,246,207.752
37,649,224,241.466666666667
37,650,-243,-233.490909090909
37,651,-108,-151.777777777778
37,652,51,-93.7692307692308
37,653,38,-4.38888888888889
37,654,12,-15.6333333333333
37,655,34,-15.6333333333333
37,656,99,-15.6333333333333
37,657,118,90.7755102040816
37,658,69,275.989130434783
37,659,-131,1.16666666666667
37,660,-118,-48.7777777777778
37,661,-54,-48.7777777777778
37,662,-95,-48.7777777777778
37,663,-43,-48.7777777777778
37,664,-46,-48.7777777777778
37,665,-50,-11.7608695652174
37,666,-34,-11.7608695652174
37,667,-18,-7.23993558776167
37,668,-33,-7.23993558776167
37,669,-29,-7.23993558776167
37,670,8,-7.23993558776167
37,671,21,-7.23993558776167
37,672,23,78.2359550561798
37,673,87,78.2359550561798
37,674,148,90.7755102040816
37,675,148,-39.0769230769231
37,676,83,1.16666666666667
37,677,9,1.16666666666667
37,678,10,41.5748031496063
37,679,25,41.5748031496063
37,680,-51,-15.6333333333333
37,681,-9,-48.7777777777778
37,682,-42,-7.23993558776167
37,683,-47,-125.923076923077
37,684,-42,-125.923076923077
37,685,-118,-48.7777777777778
37,686,-4,-48.7777777777778
37,687,-47,-7.23993558776167
37,688,-54,-48.7777777777778
37,689,-13,-48.7777777777778
37,690,-59,-7.23993558776167
37,691,-17,-11.7608695652174
37,692,-25,-7.23993558776167
37,693,-25,-7.23993558776167
37,694,-4,-7.23993558776167
37,695,15,-7.23993558776167
37,696,30,78.2359550561798
37,697,99,41.5748031496063
37,698,119,176.58
37,699,154,90.7755102040816
37,700,95,1.16666666666667
37,701,51,1.16666666666667
37,702,-72,-48.35
37,703,49,-48.7777777777778
37,704,-12,-48.35
37,705,-34,-7.23993558776167
37,706,21,-7.23993558776167
37,707,-4,-15.6333333333333
37,708,-76,-7.23993558776167
37,709,-50,-48.7777777777778
37,710,-249,-48.7777777777778
37,711,-84,-48.7777777777778
37,712,37,12.9310344827586
37,713,-31,78.2359550561798
37,714,-6,-7.23993558776167
37,715,-11,-7.23993558776167
37,716,-30,-7.23993558776167
37,717,-12,-0.6
37,718,3,-7.23993558776167
37,719,11,-7.23993558776167
37,720,47,41.5748031496063
37,721,88,153.345238095238
37,722,108,176.58
37,723,101,90.7755102040816
37,724,112,90.7755102040816
37,725,49,42.75
37,726,31,-48.35
37,727,-91,-15.6333333333333
37,728,-5,-48.7777777777778
37,729,41,-7.23993558776167
37,730,-96,-15.6333333333333
37,731,-22,-48.7777777777778
37,732,12,-7.23993558776167
37,733,-78,41.5748031496063
37,734,-70,-48.7777777777778
37,735,-90,-48.7777777777778
37,736,-75,-11.7608695652174
37,737,-37,-48.7777777777778
37,738,-31,-48.7777777777778
37,739,-6,-7.23993558776167
37,740,-5,-7.23993558776167
37,741,2,-7.23993558776167
37,742,28,-7.23993558776167
37,743,121,78.2359550561798
37,744,296,207.752
37,745,184,-116.1
37,746,-377,-233.490909090909
37,747,-74,-99.6511627906977
37,748,14,-93.7692307692308
37,749,40,41.5748031496063
37,750,2,-15.6333333333333
37,751,-1,-7.23993558776167
37,752,18,-7.23993558776167
37,753,137,119
37,754,388,232.743243243243
37,755,-71,-116.1
37,756,-184,-174.713043478261
37,757,-322,-137.025974025974
37,758,-133,-93.7692307692308
37,759,-16,12.9310344827586
37,760,-5,-7.23993558776167
37,761,-14,-7.23993558776167
37,762,-32,-7.23993558776167
37,763,1,-7.23993558776167
37,764,0,119
37,765,1,-7.23993558776167
37,766,35,-7.23993558776167
37,767,103,41.5748031496063
37,768,339,176.58
37,769,188,241.466666666667
37,770,-366,-233.490909090909
37,771,-128,-99.6511627906977
37,772,31,-93.7692307692308
37,773,45,-15.6333333333333
37,774,36,-15.6333333333333
37,775,-37,-15.6333333333333
37,776,23,-11.7608695652174
37,777,123,119
37,778,441,275.989130434783
37,779,-43,1.16666666666667
37,780,-240,-174.713043478261
37,781,-125,-137.025974025974
37,782,-127,-93.7692307692308
37,783,-87,-48.7777777777778
37,784,-57,-48.7777777777778
37,785,-99,-48.7777777777778
37,786,-35,-11.7608695652174
37,787,-12,-0.6
37,788,-6,-7.23993558776167
37,789,0,-7.23993558776167
37,790,25,-7.23993558776167
37,791,145,78.2359550561798
37,792,329,207.752
37,793,186,-116.1
37,794,-382,-233.490909090909
37,795,-91,-99.6511627906977
37,796,-2,-93.7692307692308
37,797,74,-7.23993558776167
37,798,1,-4.38888888888889
37,799,-39,-7.23993558776167
37,800,36,-11.7608695652174
37,801,197,119
37,802,340,232.743243243243
37,803,-42,-116.1
37,804,-194,-174.713043478261
37,805,-112,-137.025974025974
37,806,-120,-93.7692307692308
37,807,-95,-48.7777777777778
37,808,-124,-48.7777777777778
37,809,-54,-48.7777777777778
37,810,-52,-11.7608695652174
37,811,-18,-11.7608695652174
37,812,-12,-7.23993558776167
37,813,2,-7.23993558776167
37,814,39,-7.23993558776167
37,815,96,78.2359550561798
37,816,261,207.752
37,817,292,207.752
37,818,-396,-301.09375
37,819,-94,-151.777777777778
37,820,31,29
37,821,75,-15.6333333333333
37,822,6,-4.38888888888889
37,823,-62,-7.23993558776167
37,824,4,-11.7608695652174
37,825,-36,119
37,826,5,-125.923076923077
37,827,-117,-7.23993558776167
37,828,-65,-48.7777777777778
37,829,-6,-48.7777777777778
37,830,46,-7.23993558776167
37,831,-62,137.52380952381
37,832,50,-48.7777777777778
37,833,13,-105.285714285714
37,834,-10,41.5748031496063
37,835,-35,-7.23993558776167
37,836,-15,-7.23993558776167
37,837,-13,-7.23993558776167
37,838,-1,-7.23993558776167
37,839,24,-7.23993558776167
37,840,50,41.5748031496063
37,841,124,153.345238095238
37,842,122,176.58
37,843,161,-233.490909090909
37,844,43,1.16666666666667
37,845,132,1.16666666666667
37,846,11,-48.35
37,847,-32,1.16666666666667
37,848,55,-7.23993558776167
37,849,-58,-4.38888888888889
37,850,-58,-125.923076923077
37,851,-74,-125.923076923077
37,852,42,-125.923076923077
37,853,-155,41.5748031496063
37,854,-83,-125.923076923077
37,855,-88,-48.7777777777778
37,856,10,-48.7777777777778
37,857,-69,78.2359550561798
37,858,-48,-48.7777777777778
37,859,-32,-11.7608695652174
37,860,-39,-7.23993558776167
37,861,-37,-11.7608695652174
37,862,-1,-48.7777777777778
37,863,10,-7.23993558776167
37,864,13,41.5748031496063
37,865,105,78.2359550561798
37,866,160,176.58
37,867,104,-39.0769230769231
37,868,107,1.16666666666667
37,869,173,42.75
37,870,2,42.75
37,871,-8,-99.6511627906977
37,872,-34,-7.23993558776167
37,873,18,-7.23993558776167
37,874,-84,-15.6333333333333
37,875,-82,-125.923076923077
37,876,-43,-48.7777777777778
37,877,-139,-48.7777777777778
37,878,-68,-125.923076923077
37,879,-20,-48.7777777777778
37,880,-118,-7.23993558776167
37,881,-59,-11.7608695652174
37,882,-35,-48.7777777777778
37,883,-3,-7.23993558776167
37,884,-6,-7.23993558776167
37,885,3,-7.23993558776167
37,886,27,-7.23993558776167
37,887,104,41.5748031496063
37,888,378,207.752
37,889,148,241.466666666667
37,890,-383,-233.490909090909
37,891,-95,-99.6511627906977
37,892,52,-93.7692307692308
37,893,43,-4.38888888888889
37,894,-8,-15.6333333333333
37,895,-4,-7.23993558776167
37,896,22,-7.23993558776167
37,897,156,119
37,898,386,275.989130434783
37,899,-12,-116.1
37,900,-177,-174.713043478261
37,901,-184,-137.025974025974
37,902,-196,-93.7692307692308
37,903,-97,12.9310344827586
37,904,-82,12.9310344827586
37,905,-52,-48.7777777777778
37,906,-14,-11.7608695652174
37,907,-12,-7.23993558776167
37,908,-3,-7.23993558776167
37,909,0,-0.6
37,910,31,-7.23993558776167
37,911,148,78.2359550561798
37,912,385,207.752
37,913,141,-116.1
37,914,-375,-233.490909090909
37,915,-159,-99.6511627906977
37,916,51,-93.7692307692308
37,917,20,-4.38888888888889
37,918,20,-15.6333333333333
37,919,9,-15.6333333333333
37,920,-4,-15.6333333333333
37,921,201,119
37,922,377,275.989130434783
37,923,-60,-151.777777777778
37,924,-277,-151.777777777778
37,925,-98,-137.025974025974
37,926,-132,-93.7692307692308
37,927,-90,-48.7777777777778
37,928,-80,-48.7777777777778
37,929,-64,-48.7777777777778
37,930,-22,-11.7608695652174
37,931,-16,-0.6
37,932,-3,-7.23993558776167
37,933,2,-7.23993558776167
37,934,28,-7.23993558776167
37,935,134,78.2359550561798
37,936,375,207.752
37,937,121,-116.1
37,938,-365,-233.490909090909
37,939,-100,-99.6511627906977
37,940,23,-93.7692307692308
37,941,89,41.5748031496063
37,942,-12,-4.38888888888889
37,943,-1,-7.23993558776167
37,944,-2,-7.23993558776167
37,945,152,119
37,946,272,275.989130434783
37,947,58,-116.1
37,948,-244,-233.490909090909
37,949,-130,-137.025974025974
37,950,-110,-93.7692307692308
37,951,-50,-48.7777777777778
37,952,-125,-48.7777777777778
37,953,-64,-48.7777777777778
37,954,-37,-11.7608695652174
37,955,-10,-11.7608695652174
37,956,-7,-7.23993558776167
37,957,1,-7.23993558776167
37,958,28,-7.23993558776167
37,959,136,78.2359550561798
37,960,356,207.752
37,961,155,-116.1
37,962,-344,-233.490909090909
37,963,-127,-99.6511627906977
37,964,27,-93.7692307692308
37,965,99,41.5748031496063
37,966,-21,-4.38888888888889
37,967,-50,-7.23993558776167
37,968,68,-11.7608695652174
37,969,133,90.7755102040816
37,970,403,275.989130434783
37,971,-56,-301.09375
37,972,-211,-174.713043478261
37,973,-124,-137.025974025974
37,974,-165,-93.7692307692308
37,975,-85,-48.7777777777778
37,976,-51,-48.7777777777778
37,977,-100,-48.7777777777778
37,978,-48,-11.7608695652174
37,979,-10,-11.7608695652174
37,980,-11,-7.23993558776167
37,981,2,-7.23993558776167
37,982,19,-7.23993558776167
37,983,110,78.2359550561798
37,984,289,207.752
37,985,272,207.752
37,986,-318,-301.09375
37,987,-133,-151.777777777778
37,988,15,29
37,989,105,41.5748031496063
37,990,47,-4.38888888888889
37,991,-43,-4.38888888888889
37,992,24,-11.7608695652174
37,993,126,119
37,994,270,232.743243243243
37,995,-70,1.16666666666667
37,996,-168,-174.713043478261
37,997,-147,-137.025974025974
37,998,-69,-93.7692307692308
37,999,-48,-48.7777777777778
37,1000,-76,-48.7777777777778
37,1001,-9,-11.7608695652174
37,1002,-83,-7.23993558776167
37,1003,-34,-11.7608695652174
37,1004,-49,-7.23993558776167
37,1005,-32,-48.7777777777778
37,1006,11,-7.23993558776167
37,1007,61,78.2359550561798
37,1008,7,153.345238095238
37,1009,157,-7.23993558776167
37,1010,96,-39.0769230769231
37,1011,126,1.16666666666667
37,1012,103,176.58
37,1013,-38,1.16666666666667
37,1014,54,-48.7777777777778
37,1015,8,-48.35
37,1016,-38,-7.23993558776167
37,1017,-21,-48.7777777777778
37,1018,-39,-7.23993558776167
37,1019,-44,-48.7777777777778
37,1020,-91,-125.923076923077
37,1021,3,-48.7777777777778
37,1022,-47,-7.23993558776167
37,1023,-102,-48.7777777777778
37,1024,16,-48.7777777777778
37,1025,-72,41.5748031496063
37,1026,-42,-11.7608695652174
37,1027,-43,-48.7777777777778
37,1028,-44,-48.7777777777778
37,1029,-19,-11.7608695652174
37,1030,3,-7.23993558776167
37,1031,17,-7.23993558776167
37,1032,32,41.5748031496063
37,1033,119,78.2359550561798
37,1034,85,207.752
37,1035,147,-116.1
37,1036,86,-39.0769230769231
37,1037,3,1.16666666666667
37,1038,-10,-7.23993558776167
37,1039,8,-7.23993558776167
37,1040,-25,-7.23993558776167
37,1041,33,-7.23993558776167
37,1042,13,-15.6333333333333
37,1043,-31,-15.6333333333333
37,1044,-115,-7.23993558776167
37,1045,-12,-48.7777777777778
37,1046,-110,-7.23993558776167
37,1047,-94,-48.7777777777778
37,1048,-49,-48.7777777777778
37,1049,-69,-48.7777777777778
37,1050,-17,-11.7608695652174
37,1051,-7,-7.23993558776167
37,1052,-11,-7.23993558776167
37,1053,1,-7.23993558776167
37,1054,30,-7.23993558776167
37,1055,107,78.2359550561798
37,1056,359,207.752
37,1057,148,241.466666666667
37,1058,-335,-233.490909090909
37,1059,-169,-99.6511627906977
37,1060,55,-93.7692307692308
37,1061,59,-4.38888888888889
37,1062,-13,-4.38888888888889
37,1063,11,-7.23993558776167
37,1064,0,-15.6333333333333
37,1065,168,119
37,1066,373,275.989130434783
37,1067,31,-116.1
37,1068,-235,-151.777777777778
37,1069,-202,-137.025974025974
37,1070,-144,-93.7692307692308
37,1071,-86,12.9310344827586
37,1072,-84,-48.7777777777778
37,1073,-52,-48.7777777777778
37,1074,-12,-11.7608695652174
37,1075,-10,-0.6
37,1076,6,-0.6
37,1077,-8,-7.23993558776167
37,1078,25,-7.23993558776167
37,1079,107,78.2359550561798
37,1080,167,207.752
37,1081,310,176.58
37,1082,-328,-301.09375
37,1083,-160,-151.777777777778
37,1084,-60,29
37,1085,30,-93.7692307692308
37,1086,-36,-15.6333333333333
37,1087,1,-48.7777777777778
37,1088,56,-7.23993558776167
37,1089,123,90.7755102040816
37,1090,442,232.743243243243
37,1091,-28,-301.09375
37,1092,-162,-174.713043478261
37,1093,-105,-137.025974025974
37,1094,-112,-93.7692307692308
37,1095,-67,-48.7777777777778
37,1096,-118,-48.7777777777778
37,1097,-55,-48.7777777777778
37,1098,-6,-11.7608695652174
37,1099,-24,-7.23993558776167
37,1100,4,-7.23993558776167
37,1101,2,-7.23993558776167
37,1102,30,-7.23993558776167
37,1103,154,78.2359550561798
37,1104,311,207.752
37,1105,208,-116.1
37,1106,-361,-233.490909090909
37,1107,-154,-151.777777777778
37,1108,48,-93.7692307692308
37,1109,88,-4.38888888888889
37,1110,-79,-4.38888888888889
37,1111,65,-48.7777777777778
37,1112,-39,-105.285714285714
37,1113,111,-11.7608695652174
37,1114,465,275.989130434783
37,1115,-113,-4.38888888888889
37,1116,-73,-151.777777777778
37,1117,-223,-137.025974025974
37,1118,-52,-93.7692307692308
37,1119,-158,12.9310344827586
37,1120,-85,-48.7777777777778
37,1121,-105,-11.7608695652174
37,1122,-27,-11.7608695652174
37,1123,-12,-7.23993558776167
37,1124,-4,-0.6
37,1125,1,-7.23993558776167
37,1126,34,-7.23993558776167
37,1127,141,78.2359550561798
37,1128,325,207.752
37,1129,213,-116.1
37,1130,-362,-233.490909090909
37,1131,-178,-151.777777777778
37,1132,49,-93.7692307692308
37,1133,37,-4.38888888888889
37,1134,19,-15.6333333333333
37,1135,14,-15.6333333333333
37,1136,26,-15.6333333333333
37,1137,114,119
37,1138,429,275.989130434783
37,1139,-44,-48.35
37,1140,-244,-151.777777777778
37,1141,-144,-137.025974025974
37,1142,-98,-93.7692307692308
37,1143,-95,-48.7777777777778
37,1144,-70,-48.7777777777778
37,1145,-78,-48.7777777777778
37,1146,-43,-11.7608695652174
37,1147,-36,-11.7608695652174
37,1148,-10,-11.7608695652174
37,1149,9,-7.23993558776167
37,1150,19,78.2359550561798
37,1151,118,78.2359550561798
37,1152,279,207.752
37,1153,223,-116.1
37,1154,-287,-151.777777777778
37,1155,-150,-151.777777777778
37,1156,70,-93.7692307692308
37,1157,117,-4.38888888888889
37,1158,-10,-4.38888888888889
37,1159,-17,-113.260869565217
37,1160,1,-7.23993558776167
37,1161,181,119
37,1162,265,275.989130434783
37,1163,-130,-116.1
37,1164,-226,-174.713043478261
37,1165,-82,-137.025974025974
37,1166,-52,-93.7692307692308
37,1167,-12,-48.7777777777778
37,1168,-99,-7.23993558776167
37,1169,-85,-11.7608695652174
37,1170,-42,-11.7608695652174
37,1171,-28,-11.7608695652174
37,1172,-40,-7.23993558776167
37,1173,-19,-48.7777777777778
37,1174,15,-7.23993558776167
37,1175,24,41.5748031496063
37,1176,31,78.2359550561798
37,1177,126,78.2359550561798
37,1178,163,-39.0769230769231
37,1179,68,1.16666666666667
37,1180,131,1.16666666666667
37,1181,37,-48.35
37,1182,14,1.16666666666667
37,1183,-44,41.5748031496063
37,1184,10,-48.7777777777778
37,1185,-41,-15.6333333333333
37,1186,51,-125.923076923077
37,1187,-22,-4.38888888888889
37,1188,-110,-7.23993558776167
37,1189,-109,-125.923076923077
37,1190,-62,-48.7777777777778
37,1191,-10,-48.7777777777778
37,1192,-97,-7.23993558776167
37,1193,-35,-48.7777777777778
37,1194,-60,-7.23993558776167
37,1195,-14,-11.7608695652174
37,1196,-46,-7.23993558776167
37,1197,-10,-48.7777777777778
37,1198,-1,-7.23993558776167
37,1199,6,-7.23993558776167
37,1200,25,-7.23993558776167
37,1201,71,78.2359550561798
37,1202,155,176.58
37,1203,162,207.752
37,1204,110,1.16666666666667
37,1205,69,1.16666666666667
37,1206,-1,-48.35
37,1207,-32,-7.23993558776167
37,1208,-119,-7.23993558776167
37,1209,117,-48.7777777777778
37,1210,13,-4.38888888888889
37,1211,-80,-113.260869565217
37,1212,-123,-125.923076923077
37,1213,-88,-48.7777777777778
37,1214,-56,-11.7608695652174
37,1215,-93,-48.7777777777778
37,1216,-45,-48.7777777777778
37,1217,-68,-11.7608695652174
37,1218,-26,-11.7608695652174
37,1219,-5,-7.23993558776167
37,1220,-5,-7.23993558776167
37,1221,5,-7.23993558776167
37,1222,14,-7.23993558776167
37,1223,14,78.2359550561798
37,1224,108,78.2359550561798
37,1225,329,176.58
37,1226,-224,-39.0769230769231
37,1227,-159,-151.777777777778
37,1228,30,29
37,1229,47,41.5748031496063
37,1230,57,-4.38888888888889
37,1231,-6,-105.285714285714
37,1232,18,-7.23993558776167
37,1233,95,119
37,1234,391,275.989130434783
37,1235,-81,-4.38888888888889
37,1236,-179,-174.713043478261
37,1237,-101,-137.025974025974
37,1238,-89,-93.7692307692308
37,1239,-109,-48.7777777777778
37,1240,-90,-48.7777777777778
37,1241,-39,-11.7608695652174
37,1242,-21,-11.7608695652174
37,1243,1,-7.23993558776167
37,1244,-7,-7.23993558776167
37,1245,2,-7.23993558776167
37,1246,27,-7.23993558776167
37,1247,124,78.2359550561798
37,1248,319,207.752
37,1249,193,-116.1
37,1250,-345,-233.490909090909
37,1251,-148,-151.777777777778
37,1252,50,-93.7692307692308
37,1253,62,-4.38888888888889
37,1254,-20,-4.38888888888889
37,1255,-45,-7.23993558776167
37,1256,32,-11.7608695652174
37,1257,75,119
37,1258,477,275.989130434783
37,1259,-16,-105.285714285714
37,1260,-281,-174.713043478261
37,1261,-56,-137.025974025974
37,1262,-182,-93.7692307692308
37,1263,15,-48.7777777777778
37,1264,-166,-15.6333333333333
37,1265,-72,-48.7777777777778
37,1266,-26,-11.7608695652174
37,1267,-21,119
37,1268,2,-7.23993558776167
37,1269,-1,-7.23993558776167
37,1270,32,-7.23993558776167
37,1271,126,41.5748031496063
37,1272,299,207.752
37,1273,179,-116.1
37,1274,-327,-233.490909090909
37,1275,-149,-99.6511627906977
37,1276,21,-93.7692307692308
37,1277,-8,41.5748031496063
37,1278,31,-7.23993558776167
37,1279,-21,-15.6333333333333
37,1280,-11,-7.23993558776167
37,1281,156,119
37,1282,356,232.743243243243
37,1283,-19,1.16666666666667
37,1284,-133,-174.713043478261
37,1285,-132,-137.025974025974
37,1286,-63,-93.7692307692308
37,1287,-87,-48.7777777777778
37,1288,-134,-48.7777777777778
37,1289,-54,-48.7777777777778
37,1290,-51,-11.7608695652174
37,1291,0,-11.7608695652174
37,1292,-7,-7.23993558776167
37,1293,1,-7.23993558776167
37,1294,28,-7.23993558776167
37,1295,110,78.2359550561798
37,1296,313,207.752
37,1297,127,207.752
37,1298,-334,-233.490909090909
37,1299,-106,-99.6511627906977
37,1300,11,-93.7692307692308
37,1301,54,41.5748031496063
37,1302,-43,-4.38888888888889
37,1303,4,-48.7777777777778
37,1304,18,-7.23993558776167
37,1305,126,119
37,1306,295,232.743243243243
37,1307,25,-116.1
37,1308,-141,-174.713043478261
37,1309,-63,-137.025974025974
37,1310,-125,-93.7692307692308
37,1311,-68,-48.7777777777778
37,1312,-97,-48.7777777777778
37,1313,-53,-48.7777777777778
37,1314,-62,-11.7608695652174
37,1315,-19,-125.923076923077
37,1316,-5,-7.23993558776167
37,1317,3,-7.23993558776167
37,1318,28,-7.23993558776167
37,1319,84,78.2359550561798
37,1320,237,207.752
37,1321,254,207.752
37,1322,-280,-233.490909090909
37,1323,-148,-151.777777777778
37,1324,51,29
37,1325,18,-4.38888888888889
37,1326,46,-15.6333333333333
37,1327,-37,-105.285714285714
37,1328,21,-11.7608695652174
37,1329,96,119
37,1330,266,275.989130434783
37,1331,-141,-4.38888888888889
37,1332,-143,-174.713043478261
37,1333,-160,-137.025974025974
37,1334,15,-93.7692307692308
37,1335,-20,78.2359550561798
37,1336,-23,-7.23993558776167
37,1337,-58,-7.23993558776167
37,1338,7,-11.7608695652174
37,1339,-30,-7.23993558776167
37,1340,-51,-7.23993558776167
37,1341,-23,-48.7777777777778
37,1342,-7,-7.23993558776167
37,1343,35,-7.23993558776167
37,1344,31,41.5748031496063
37,1345,89,78.2359550561798
37,1346,165,176.58
37,1347,162,-39.0769230769231
37,1348,22,1.16666666666667
37,1349,86,1.16666666666667
37,1350,-38,-48.35
37,1351,45,-48.7777777777778
37,1352,-126,-15.6333333333333
37,1353,30,-48.7777777777778
37,1354,17,-15.6333333333333
37,1355,-49,178.25
37,1356,-56,-125.923076923077
37,1357,-39,-48.7777777777778
37,1358,-64,-11.7608695652174
37,1359,-43,-48.7777777777778
37,1360,-54,-48.7777777777778
37,1361,-62,-48.7777777777778
37,1362,-36,-48.7777777777778
37,1363,-13,-48.7777777777778
37,1364,-54,-7.23993558776167
37,1365,-47,-48.7777777777778
37,1366,-5,-48.7777777777778
37,1367,17,-7.23993558776167
37,1368,46,78.2359550561798
37,1369,70,153.345238095238
37,1370,91,176.58
37,1371,220,90.7755102040816
37,1372,54,-39.0769230769231
37,1373,50,-151.777777777778
37,1374,29,-48.35
37,1375,-34,-15.6333333333333
37,1376,-64,-7.23993558776167
37,1377,-26,-48.7777777777778
37,1378,71,-7.23993558776167
37,1379,2,-4.38888888888889
37,1380,-111,-7.23993558776167
37,1381,-91,-48.7777777777778
37,1382,-79,-48.7777777777778
37,1383,-75,-48.7777777777778
37,1384,-91,-48.7777777777778
37,1385,-19,-48.7777777777778
37,1386,-37,-7.23993558776167
37,1387,-17,-11.7608695652174
37,1388,-9,-7.23993558776167
37,1389,-1,-7.23993558776167
37,1390,39,-7.23993558776167
37,1391,115,78.2359550561798
37,1392,327,176.58
37,1393,123,207.752
37,1394,-340,-233.490909090909
37,1395,-84,-99.6511627906977
37,1396,-3,-93.7692307692308
37,1397,89,-7.23993558776167
37,1398,-10,-4.38888888888889
37,1399,-9,-7.23993558776167
37,1400,-18,-7.23993558776167
37,1401,181,119
37,1402,419,232.743243243243
37,1403,-42,-116.1
37,1404,-209,-174.713043478261
37,1405,-107,-137.025974025974
37,1406,-144,-93.7692307692308
37,1407,-144,-48.7777777777778
37,1408,-84,-48.7777777777778
37,1409,-66,-48.7777777777778
37,1410,-7,-11.7608695652174
37,1411,-21,-0.6
37,1412,0,-7.23993558776167
37,1413,1,-7.23993558776167
37,1414,29,-7.23993558776167
37,1415,149,78.2359550561798
37,1416,364,207.752
37,1417,104,-116.1
37,1418,-328,-233.490909090909
37,1419,-138,-137.025974025974
37,1420,45,-93.7692307692308
37,1421,73,41.5748031496063
37,1422,-2,-4.38888888888889
37,1423,-39,-7.23993558776167
37,1424,50,-11.7608695652174
37,1425,99,90.7755102040816
37,1426,484,275.989130434783
37,1427,-76,-105.285714285714
37,1428,-212,-174.713043478261
37,1429,-107,-137.025974025974
37,1430,-177,-93.7692307692308
37,1431,-83,-48.7777777777778
37,1432,-114,12.9310344827586
37,1433,-77,-11.7608695652174
37,1434,-31,-11.7608695652174
37,1435,-9,-0.6
37,1436,-6,-7.23993558776167
37,1437,3,-7.23993558776167
37,1438,25,-7.23993558776167
37,1439,164,78.2359550561798
37,1440,327,207.752
37,1441,160,-116.1
37,1442,-405,-233.490909090909
37,1443,-110,-99.6511627906977
37,1444,37,-93.7692307692308
37,1445,113,41.5748031496063
37,1446,-1,-4.38888888888889
37,1447,-51,-7.23993558776167
37,1448,-21,-11.7608695652174
37,1449,143,119
37,1450,451,275.989130434783
37,1451,-39,-116.1
37,1452,-161,-174.713043478261
37,1453,-198,-137.025974025974
37,1454,-78,-93.7692307692308
37,1455,-70,12.9310344827586
37,1456,-138,-48.7777777777778
37,1457,-105,-48.7777777777778
37,1458,-29,-11.7608695652174
37,1459,-12,-7.23993558776167
37,1460,-6,-0.6
37,1461,4,-7.23993558776167
37,1462,36,-7.23993558776167
37,1463,146,78.2359550561798
37,1464,315,207.752
37,1465,109,-116.1
37,1466,-266,-233.490909090909
37,1467,-167,-137.025974025974
37,1468,27,-93.7692307692308
37,1469,65,-15.6333333333333
37,1470,-40,-4.38888888888889
37,1471,18,-48.7777777777778
37,1472,-35,-15.6333333333333
37,1473,168,119
37,1474,318,275.989130434783
37,1475,-8,-116.1
37,1476,-126,-151.777777777778
37,1477,-101,-137.025974025974
37,1478,-72,-93.7692307692308
37,1479,-124,-48.7777777777778
37,1480,-103,-48.7777777777778
37,1481,-57,-48.7777777777778
37,1482,-72,-11.7608695652174
37,1483,-24,-11.7608695652174
37,1484,-10,-7.23993558776167
37,1485,2,-7.23993558776167
37,1486,35,-7.23993558776167
37,1487,118,78.2359550561798
37,1488,217,207.752
37,1489,244,-116.1
37,1490,-324,-233.490909090909
37,1491,-129,-151.777777777778
37,1492,17,29
37,1493,38,-15.6333333333333
37,1494,13,-15.6333333333333
37,1495,-6,-15.6333333333333
37,1496,-3,-7.23993558776167
37,1497,121,119
37,1498,188,232.743243243243
37,1499,-75,1.16666666666667
37,1500,-101,-113.260869565217
37,1501,-55,-48.7777777777778
37,1502,-72,-48.7777777777778
37,1503,-73,-48.7777777777778
37,1504,-115,-48.7777777777778
37,1505,21,-11.7608695652174
37,1506,-11,41.5748031496063
37,1507,3,-7.23993558776167
37,1508,-38,-7.23993558776167
37,1509,-5,-11.7608695652174
37,1510,-8,-7.23993558776167
37,1511,32,-7.23993558776167
37,1512,50,78.2359550561798
37,1513,102,153.345238095238
37,1514,81,-105.285714285714
37,1515,129,90.7755102040816
37,1516,48,-39.0769230769231
37,1517,19,1.16666666666667
37,1518,-43,41.5748031496063
37,1519,-19,-48.7777777777778
37,1520,-5,-7.23993558776167
37,1521,-31,-7.23993558776167
37,1522,-11,-7.23993558776167
37,1523,-23,-7.23993558776167
37,1524,35,-7.23993558776167
37,1525,-82,41.5748031496063
37,1526,-79,-48.7777777777778
37,1527,-41,-48.7777777777778
37,1528,-20,-48.7777777777778
37,1529,-3,-7.23993558776167
37,1530,-56,-7.23993558776167
37,1531,-3,-11.7608695652174
37,1532,-57,-7.23993558776167
37,1533,-29,-48.7777777777778
37,1534,6,-7.23993558776167
37,1535,17,-7.23993558776167
37,1536,23,41.5748031496063
37,1537,92,41.5748031496063
37,1538,77,137.52380952381
37,1539,147,90.7755102040816
37,1540,11,-39.0769230769231
37,1541,56,1.16666666666667
37,1542,-13,-48.35
37,1543,24,-7.23993558776167
37,1544,-99,-15.6333333333333
37,1545,-32,-48.7777777777778
37,1546,100,-7.23993558776167
37,1547,-43,-4.38888888888889
37,1548,12,-125.923076923077
37,1549,-50,41.5748031496063
37,1550,-74,-11.7608695652174
37,1551,-107,-48.7777777777778
37,1552,-41,-48.7777777777778
37,1553,-67,-48.7777777777778
37,1554,-26,-48.7777777777778
37,1555,-2,-7.23993558776167
37,1556,-10,-7.23993558776167
37,1557,7,-7.23993558776167
37,1558,28,-7.23993558776167
37,1559,96,78.2359550561798
37,1560,262,207.752
37,1561,170,241.466666666667
37,1562,-273,-151.777777777778
37,1563,-121,-99.6511627906977
37,1564,27,-93.7692307692308
37,1565,56,41.5748031496063
37,1566,-21,-4.38888888888889
37,1567,-6,-7.23993558776167
37,1568,4,-7.23993558776167
37,1569,131,119
37,1570,382,275.989130434783
37,1571,-17,-116.1
37,1572,-149,-174.713043478261
37,1573,-186,-137.025974025974
37,1574,-137,-93.7692307692308
37,1575,-70,12.9310344827586
37,1576,-86,-48.7777777777778
37,1577,-49,-48.7777777777778
37,1578,-39,-11.7608695652174
37,1579,-4,-11.7608695652174
37,1580,-8,-7.23993558776167
37,1581,4,-7.23993558776167
37,1582,29,-7.23993558776167
37,1583,119,78.2359550561798
37,1584,329,207.752
37,1585,163,-116.1
37,1586,-374,-233.490909090909
37,1587,-63,-99.6511627906977
37,1588,8,-93.7692307692308
37,1589,55,-7.23993558776167
37,1590,11,-4.38888888888889
37,1591,27,-15.6333333333333
37,1592,91,-15.6333333333333
37,1593,126,90.7755102040816
37,1594,195,232.743243243243
37,1595,-95,1.16666666666667
37,1596,-130,-151.777777777778
37,1597,-121,-48.7777777777778
37,1598,-180,-48.7777777777778
37,1599,-19,-48.7777777777778
37,1600,-6,-7.23993558776167
37,1601,-12,-7.23993558776167
37,1602,-36,-7.23993558776167
37,1603,-30,-11.7608695652174
37,1604,-61,-7.23993558776167
37,1605,-16,-48.7777777777778
37,1606,3,-7.23993558776167
37,1607,13,-7.23993558776167
37,1608,40,41.5748031496063
37,1609,81,41.5748031496063
37,1610,140,176.58
37,1611,154,-39.0769230769231
37,1612,38,1.16666666666667
37,1613,9,1.16666666666667
37,1614,5,41.5748031496063
37,1615,48,-7.23993558776167
37,1616,-93,-4.38888888888889
37,1617,-65,-48.7777777777778
37,1618,25,-48.7777777777778
37,1619,16,-15.6333333333333
37,1620,2,178.25
37,1621,119,-7.23993558776167
37,1622,33,137.52380952381
37,1623,-82,1.16666666666667
37,1624,-319,-48.7777777777778
37,1625,-95,-48.7777777777778
37,1626,-58,12.9310344827586
37,1627,-12,-48.7777777777778
37,1628,-11,-7.23993558776167
37,1629,0,-7.23993558776167
37,1630,22,-7.23993558776167
37,1631,104,119
37,1632,210,232.743243243243
37,1633,207,207.752
37,1634,-257,-233.490909090909
37,1635,-107,-151.777777777778
37,1636,58,12.9310344827586
37,1637,32,-4.38888888888889
37,1638,34,-15.6333333333333
37,1639,-69,-15.6333333333333
37,1640,13,-11.7608695652174
37,1641,179,119
37,1642,256,275.989130434783
37,1643,-82,1.16666666666667
37,1644,-104,-174.713043478261
37,1645,-182,-137.025974025974
37,1646,2,-93.7692307692308
37,1647,-98,-7.23993558776167
37,1648,-94,-48.7777777777778
37,1649,-29,-11.7608695652174
37,1650,-73,-7.23993558776167
37,1651,-12,-11.7608695652174
37,1652,-10,-7.23993558776167
37,1653,-1,-7.23993558776167
37,1654,29,-7.23993558776167
37,1655,96,78.2359550561798
37,1656,222,176.58
37,1657,232,207.752
37,1658,-281,-233.490909090909
37,1659,-94,-151.777777777778
37,1660,23,29
37,1661,98,41.5748031496063
37,1662,-38,-4.38888888888889
37,1663,-18,-48.7777777777778
37,1664,10,-7.23993558776167
37,1665,84,119
37,1666,207,275.989130434783
37,1667,-16,-4.38888888888889
37,1668,-142,-174.713043478261
37,1669,-82,-48.7777777777778
37,1670,-36,-48.7777777777778
37,1671,-12,-48.7777777777778
37,1672,-124,-7.23993558776167
37,1673,-14,-48.7777777777778
37,1674,-79,-7.23993558776167
37,1675,-13,-11.7608695652174
37,1676,-27,-7.23993558776167
37,1677,-15,-7.23993558776167
37,1678,-2,-7.23993558776167
37,1679,17,-7.23993558776167
37,1680,40,78.2359550561798
37,1681,81,41.5748031496063
37,1682,104,176.58
37,1683,69,90.7755102040816
37,1684,42,90.7755102040816
37,1685,-25,41.5748031496063
37,1686,18,-7.23993558776167
37,1687,-52,-15.6333333333333
37,1688,-2,-48.7777777777778
37,1689,-12,-7.23993558776167
37,1690,-15,-7.23993558776167
37,1691,-2,-7.23993558776167
37,1692,10,-7.23993558776167
37,1693,-11,78.2359550561798
37,1694,-75,-7.23993558776167
37,1695,19,-48.7777777777778
37,1696,-72,41.5748031496063
37,1697,-1,-48.7777777777778
37,1698,-23,-7.23993558776167
37,1699,-54,-7.23993558776167
37,1700,-35,-11.7608695652174
37,1701,-22,-7.23993558776167
37,1702,-7,-7.23993558776167
37,1703,15,-7.23993558776167
37,1704,31,78.2359550561798
37,1705,78,41.5748031496063
37,1706,112,207.752
37,1707,77,90.7755102040816
37,1708,70,90.7755102040816
37,1709,-13,192.636363636364
37,1710,-39,-7.23993558776167
37,1711,-25,-48.7777777777778
37,1712,-14,-7.23993558776167
37,1713,-7,-7.23993558776167
37,1714,-21,-7.23993558776167
37,1715,-17,-7.23993558776167
37,1716,-3,-7.23993558776167
37,1717,35,-7.23993558776167
37,1718,-78,78.2359550561798
37,1719,-85,-48.7777777777778
37,1720,1,-48.7777777777778
37,1721,-84,-7.23993558776167
37,1722,-21,-48.7777777777778
37,1723,-13,-7.23993558776167
37,1724,0,-7.23993558776167
37,1725,-3,-7.23993558776167
37,1726,26,-7.23993558776167
37,1727,64,78.2359550561798
37,1728,138,153.345238095238
37,1729,225,176.58
37,1730,-92,-233.490909090909
37,1731,-188,-151.777777777778
37,1732,41,-48.7777777777778
37,1733,50,41.5748031496063
37,1734,-11,-4.38888888888889
37,1735,-13,-7.23993558776167
37,1736,38,-7.23993558776167
37,1737,133,41.5748031496063
37,1738,436,207.752
37,1739,23,-116.1
37,1740,-241,-174.713043478261
37,1741,-184,-137.025974025974
37,1742,-116,-93.7692307692308
37,1743,-107,12.9310344827586
37,1744,-93,-48.7777777777778
37,1745,-62,-48.7777777777778
37,1746,-54,-11.7608695652174
37,1747,1,-11.7608695652174
37,1748,-13,-7.23993558776167
37,1749,1,-7.23993558776167
37,1750,38,-7.23993558776167
37,1751,145,78.2359550561798
37,1752,333,207.752
37,1753,129,-116.1
37,1754,-318,-233.490909090909
37,1755,-141,-99.6511627906977
37,1756,59,-93.7692307692308
37,1757,23,-4.38888888888889
37,1758,8,-15.6333333333333
37,1759,-38,-7.23993558776167
37,1760,23,-11.7608695652174
37,1761,170,119
37,1762,437,275.989130434783
37,1763,-53,1.16666666666667
37,1764,-405,-174.713043478261
37,1765,-330,-137.025974025974
37,1766,6,-93.7692307692308
37,1767,49,-7.23993558776167
37,1768,-36,-4.38888888888889
37,1769,-59,-48.7777777777778
37,1770,-30,-11.7608695652174
37,1771,-9,119
37,1772,0,-0.6
37,1773,2,-7.23993558776167
37,1774,34,-7.23993558776167
37,1775,144,41.5748031496063
37,1776,312,207.752
37,1777,177,-116.1
37,1778,-346,-233.490909090909
37,1779,-133,-99.6511627906977
37,1780,34,-93.7692307692308
37,1781,63,-15.6333333333333
37,1782,-19,-4.38888888888889
37,1783,-32,-7.23993558776167
37,1784,35,-7.23993558776167
37,1785,135,119
37,1786,419,275.989130434783
37,1787,-16,-116.1
37,1788,-181,-174.713043478261
37,1789,-150,-137.025974025974
37,1790,-92,-93.7692307692308
37,1791,-147,-48.7777777777778
37,1792,-92,-48.7777777777778
37,1793,-96,-48.7777777777778
37,1794,-35,-11.7608695652174
37,1795,-12,-7.23993558776167
37,1796,1,-7.23993558776167
37,1797,-5,-7.23993558776167
37,1798,39,-7.23993558776167
37,1799,134,78.2359550561798
37,1800,334,207.752
37,1801,190,-116.1
37,1802,-375,-233.490909090909
37,1803,-113,-151.777777777778
37,1804,1,-93.7692307692308
37,1805,77,-7.23993558776167
37,1806,-15,-4.38888888888889
37,1807,-68,-7.23993558776167
37,1808,62,-11.7608695652174
37,1809,168,90.7755102040816
37,1810,356,232.743243243243
37,1811,30,-301.09375
37,1812,-196,-174.713043478261
37,1813,-115,-137.025974025974
37,1814,-141,-93.7692307692308
37,1815,-55,-48.7777777777778
37,1816,-107,-48.7777777777778
37,1817,-116,-48.7777777777778
37,1818,-36,-11.7608695652174
37,1819,-42,-11.7608695652174
37,1820,-8,-11.7608695652174
37,1821,2,-7.23993558776167
37,1822,23,-7.23993558776167
37,1823,93,78.2359550561798
37,1824,253,207.752
37,1825,333,241.466666666667
37,1826,-299,-301.09375
37,1827,-146,-151.777777777778
37,1828,20,29
37,1829,91,41.5748031496063
37,1830,-5,-4.38888888888889
37,1831,-5,-7.23993558776167
37,1832,-16,-7.23993558776167
37,1833,139,119
37,1834,343,232.743243243243
37,1835,-204,-116.1
37,1836,-143,-174.713043478261
37,1837,-99,29
37,1838,-90,-93.7692307692308
37,1839,-36,-48.7777777777778
37,1840,-51,-48.7777777777778
37,1841,-21,-11.7608695652174
37,1842,-73,-0.6
37,1843,-17,-11.7608695652174
37,1844,-61,-7.23993558776167
37,1845,-31,-48.7777777777778
37,1846,-4,-7.23993558776167
37,1847,30,-7.23993558776167
37,1848,13,78.2359550561798
37,1849,103,41.5748031496063
37,1850,131,176.58
37,1851,119,-39.0769230769231
37,1852,38,1.16666666666667
37,1853,60,1.16666666666667
37,1854,92,42.75
37,1855,41,-48.35
37,1856,-72,-15.6333333333333
37,1857,6,-48.7777777777778
37,1858,-108,-7.23993558776167
37,1859,-107,-125.923076923077
37,1860,80,-125.923076923077
37,1861,-75,-4.38888888888889
37,1862,-87,-11.7608695652174
37,1863,-44,-48.7777777777778
37,1864,-14,-11.7608695652174
37,1865,-24,-7.23993558776167
37,1866,-19,-7.23993558776167
37,1867,-53,-7.23993558776167
37,1868,-58,-11.7608695652174
37,1869,-38,-48.7777777777778
37,1870,-10,-48.7777777777778
37,1871,6,-7.23993558776167
37,1872,32,-7.23993558776167
37,1873,86,78.2359550561798
37,1874,88,207.752
37,1875,161,207.752
37,1876,69,-39.0769230769231
37,1877,38,1.16666666666667
37,1878,-9,41.5748031496063
37,1879,-4,-7.23993558776167
37,1880,13,-7.23993558776167
37,1881,6,-15.6333333333333
37,1882,-59,-7.23993558776167
37,1883,-124,-48.7777777777778
37,1884,0,-125.923076923077
37,1885,-18,-7.23993558776167
37,1886,-71,-7.23993558776167
37,1887,-93,-48.7777777777778
37,1888,-39,-48.7777777777778
37,1889,-48,-11.7608695652174
37,1890,-32,-48.7777777777778
37,1891,4,-7.23993558776167
37,1892,-9,-7.23993558776167
37,1893,6,-7.23993558776167
37,1894,38,-7.23993558776167
37,1895,90,78.2359550561798
37,1896,343,207.752
37,1897,184,241.466666666667
37,1898,-319,-151.777777777778
37,1899,-162,-99.6511627906977
37,1900,-4,-93.7692307692308
37,1901,55,-7.23993558776167
37,1902,2,-4.38888888888889
37,1903,-27,-7.23993558776167
37,1904,25,-7.23993558776167
37,1905,149,119
37,1906,369,232.743243243243
37,1907,39,-116.1
37,1908,-199,-174.713043478261
37,1909,-141,-137.025974025974
37,1910,-126,-93.7692307692308
37,1911,-44,-48.7777777777778
37,1912,-118,-48.7777777777778
37,1913,-113,-48.7777777777778
37,1914,-28,-11.7608695652174
37,1915,-18,-0.6
37,1916,-4,-7.23993558776167
37,1917,4,-7.23993558776167
37,1918,31,-7.23993558776167
37,1919,175,78.2359550561798
37,1920,313,207.752
37,1921,135,-116.1
37,1922,-341,-233.490909090909
37,1923,-161,-99.6511627906977
37,1924,47,-93.7692307692308
37,1925,48,-4.38888888888889
37,1926,-33,-4.38888888888889
37,1927,-7,-7.23993558776167
37,1928,30,-7.23993558776167
37,1929,137,119
37,1930,389,275.989130434783
37,1931,2,-116.1
37,1932,-225,-174.713043478261
37,1933,-120,-137.025974025974
37,1934,-94,-93.7692307692308
37,1935,-89,-48.7777777777778
37,1936,-83,-48.7777777777778
37,1937,-108,-48.7777777777778
37,1938,-37,-11.7608695652174
37,1939,-8,-11.7608695652174
37,1940,-4,-7.23993558776167
37,1941,2,-7.23993558776167
37,1942,40,-7.23993558776167
37,1943,116,78.2359550561798
37,1944,333,207.752
37,1945,184,-116.1
37,1946,-382,-233.490909090909
37,1947,-159,-99.6511627906977
37,1948,45,-93.7692307692308
37,1949,19,-15.6333333333333
37,1950,1,-15.6333333333333
37,1951,-33,-7.23993558776167
37,1952,24,-7.23993558776167
37,1953,30,119
37,1954,146,178.25
37,1955,273,-4.38888888888889
37,1956,-127,-116.1
37,1957,-150,-151.777777777778
37,1958,-47,-137.025974025974
37,1959,-31,-93.7692307692308
37,1960,-157,-7.23993558776167
37,1961,-65,-48.7777777777778
37,1962,-41,-11.7608695652174
37,1963,-18,-11.7608695652174
37,1964,-2,-7.23993558776167
37,1965,3,-7.23993558776167
37,1966,32,-7.23993558776167
37,1967,112,78.2359550561798
37,1968,321,207.752
37,1969,184,207.752
37,1970,-339,-233.490909090909
37,1971,-120,-99.6511627906977
37,1972,18,-93.7692307692308
37,1973,58,41.5748031496063
37,1974,-20,-4.38888888888889
37,1975,-57,-7.23993558776167
37,1976,95,-11.7608695652174
37,1977,66,90.7755102040816
37,1978,413,232.743243243243
37,1979,6,-105.285714285714
37,1980,-244,-174.713043478261
37,1981,-28,-137.025974025974
37,1982,-173,-7.23993558776167
37,1983,-264,-48.7777777777778
37,1984,-3,-48.7777777777778
37,1985,-31,-7.23993558776167
37,1986,-23,-7.23993558776167
37,1987,8,-0.6
37,1988,17,-7.23993558776167
37,1989,-27,78.2359550561798
37,1990,33,-0.6
37,1991,84,78.2359550561798
37,1992,234,90.7755102040816
37,1993,331,176.58
37,1994,-318,-301.09375
37,1995,-140,-151.777777777778
37,1996,-21,29
37,1997,62,-7.23993558776167
37,1998,-118,-4.38888888888889
37,1999,73,-48.7777777777778
37,2000,-13,-105.285714285714
37,2001,220,119
37,2002,279,232.743243243243
37,2003,-93,-116.1
37,2004,-220,-151.777777777778
37,2005,-151,-137.025974025974
37,2006,-129,-93.7692307692308
37,2007,13,-48.7777777777778
37,2008,31,-15.6333333333333
37,2009,-63,-15.6333333333333
37,2010,-31,-11.7608695652174
37,2011,-12,119
37,2012,-35,-7.23993558776167
37,2013,-9,-7.23993558776167
37,2014,1,-7.23993558776167
37,2015,-2,-7.23993558776167
37,2016,22,-7.23993558776167
37,2017,75,78.2359550561798
37,2018,95,176.58
37,2019,61,176.58
37,2020,37,90.7755102040816
37,2021,152,41.5748031496063
37,2022,-103,-48.35
37,2023,-11,-99.6511627906977
37,2024,37,-7.23993558776167
37,2025,-54,-15.6333333333333
37,2026,-85,-48.7777777777778
37,2027,-64,-48.7777777777778
37,2028,61,-11.7608695652174
37,2029,-24,153.345238095238
37,2030,-51,-7.23993558776167
37,2031,17,-48.7777777777778
37,2032,-31,41.5748031496063
37,2033,-36,-7.23993558776167
37,2034,17,-48.7777777777778
37,2035,-8,-15.6333333333333
37,2036,-79,-7.23993558776167
37,2037,-27,-48.7777777777778
37,2038,-10,-7.23993558776167
37,2039,13,-7.23993558776167
37,2040,19,78.2359550561798
37,2041,115,78.2359550561798
37,2042,105,176.58
37,2043,121,90.7755102040816
37,2044,126,90.7755102040816
37,2045,-1,1.16666666666667
37,2046,122,-99.6511627906977
37,2047,-10,-48.35
37,2048,8,-99.6511627906977
37,2049,4,-7.23993558776167
37,2050,-72,-7.23993558776167
37,2051,-41,-48.7777777777778
37,2052,7,-125.923076923077
37,2053,-144,-7.23993558776167
37,2054,-33,-48.7777777777778
37,2055,-154,-7.23993558776167
37,2056,-68,-11.7608695652174
37,2057,-76,-48.7777777777778
37,2058,-20,-48.7777777777778
37,2059,-10,-7.23993558776167
37,2060,-15,-7.23993558776167
37,2061,6,-7.23993558776167
37,2062,43,-7.23993558776167
37,2063,106,78.2359550561798
37,2064,264,207.752
37,2065,317,241.466666666667
37,2066,-393,-151.777777777778
37,2067,-145,-151.777777777778
37,2068,-2,29
37,2069,116,-7.23993558776167
37,2070,-74,-4.38888888888889
37,2071,31,-113.260869565217
37,2072,10,-15.6333333333333
37,2073,176,119
37,2074,390,232.743243243243
37,2075,-106,-116.1
37,2076,-159,-151.777777777778
37,2077,-179,-137.025974025974
37,2078,-107,-93.7692307692308
37,2079,-87,12.9310344827586
37,2080,-95,-48.7777777777778
37,2081,-50,-11.7608695652174
37,2082,-47,-11.7608695652174
37,2083,-1,-11.7608695652174
37,2084,-10,-7.23993558776167
37,2085,0,-7.23993558776167
37,2086,44,-7.23993558776167
37,2087,140,78.2359550561798
37,2088,326,207.752
37,2089,227,-116.1
37,2090,-404,-233.490909090909
37,2091,-121,-151.777777777778
37,2092,-17,-93.7692307692308
37,2093,28,-7.23993558776167
37,2094,44,-15.6333333333333
37,2095,-29,-15.6333333333333
37,2096,41,-7.23993558776167
37,2097,170,119
37,2098,414,232.743243243243
37,2099,8,1.16666666666667
37,2100,-245,-174.713043478261
37,2101,-109,-137.025974025974
37,2102,-145,-93.7692307692308
37,2103,-109,-48.7777777777778
37,2104,-77,-48.7777777777778
37,2105,-126,-48.7777777777778
37,2106,-38,-11.7608695652174
37,2107,-16,-11.7608695652174
37,2108,0,-7.23993558776167
37,2109,-8,-7.23993558776167
37,2110,55,-7.23993558776167
37,2111,131,153.345238095238
37,2112,317,207.752
37,2113,281,-301.09375
37,2114,-446,-301.09375
37,2115,-111,-151.777777777778
37,2116,50,29
37,2117,29,-4.38888888888889
37,2118,2,-15.6333333333333
37,2119,-65,-7.23993558776167
37,2120,70,-11.7608695652174
37,2121,167,90.7755102040816
37,2122,429,275.989130434783
37,2123,-22,-301.09375
37,2124,-193,-174.713043478261
37,2125,-131,-137.025974025974
37,2126,-170,-93.7692307692308
37,2127,-119,-48.7777777777778
37,2128,-39,-48.7777777777778
37,2129,-147,-48.7777777777778
37,2130,-63,-11.7608695652174
37,2131,-8,-11.7608695652174
37,2132,-13,-7.23993558776167
37,2133,-4,-7.23993558776167
37,2134,38,-7.23993558776167
37,2135,139,78.2359550561798
37,2136,314,207.752
37,2137,234,-116.1
37,2138,-385,-233.490909090909
37,2139,-122,-151.777777777778
37,2140,-10,29
37,2141,67,-7.23993558776167
37,2142,-37,-4.38888888888889
37,2143,-29,-48.7777777777778
37,2144,25,-7.23993558776167
37,2145,136,119
37,2146,364,232.743243243243
37,2147,-50,-116.1
37,2148,-74,-174.713043478261
37,2149,-168,-137.025974025974
37,2150,-175,-93.7692307692308
37,2151,-37,-48.7777777777778
37,2152,-89,-48.7777777777778
37,2153,-48,-48.7777777777778
37,2154,-43,-11.7608695652174
37,2155,-28,-11.7608695652174
37,2156,-14,-7.23993558776167
37,2157,-4,-7.23993558776167
37,2158,29,-7.23993558776167
37,2159,102,78.2359550561798
37,2160,271,207.752
37,2161,266,207.752
37,2162,-313,-301.09375
37,2163,-132,-151.777777777778
37,2164,20,29
37,2165,48,41.5748031496063
37,2166,15,-4.38888888888889
37,2167,12,-15.6333333333333
37,2168,-3,-15.6333333333333
37,2169,176,119
37,2170,200,232.743243243243
37,2171,-77,1.16666666666667
37,2172,-106,-151.777777777778
37,2173,-162,-48.7777777777778
37,2174,-94,-48.7777777777778
37,2175,-61,-48.7777777777778
37,2176,-10,-48.7777777777778
37,2177,2,-7.23993558776167
37,2178,-111,-7.23993558776167
37,2179,10,-11.7608695652174
37,2180,-47,78.2359550561798
37,2181,-32,-48.7777777777778
37,2182,3,-7.23993558776167
37,2183,36,-7.23993558776167
37,2184,26,41.5748031496063
37,2185,87,41.5748031496063
37,2186,174,-105.285714285714
37,2187,58,-39.0769230769231
37,2188,62,1.16666666666667
37,2189,30,-48.35
37,2190,11,-15.6333333333333
37,2191,-4,41.5748031496063
37,2192,3,-7.23993558776167
37,2193,-10,-7.23993558776167
37,2194,-8,-7.23993558776167
37,2195,2,-7.23993558776167
37,2196,-143,-7.23993558776167
37,2197,-105,-48.7777777777778
37,2198,67,-48.7777777777778
37,2199,-24,137.52380952381
37,2200,-68,-7.23993558776167
37,2201,-20,-48.7777777777778
37,2202,-30,-7.23993558776167
37,2203,-46,-7.23993558776167
37,2204,-57,-48.7777777777778
37,2205,-42,-48.7777777777778
37,2206,4,-11.7608695652174
37,2207,1,-7.23993558776167
37,2208,22,-7.23993558776167
37,2209,87,41.5748031496063
37,2210,99,207.752
37,2211,155,207.752
37,2212,128,-39.0769230769231
37,2213,2,1.16666666666667
37,2214,-28,-99.6511627906977
37,2215,39,-7.23993558776167
37,2216,-21,-15.6333333333333
37,2217,20,-7.23993558776167
37,2218,10,-15.6333333333333
37,2219,-112,-15.6333333333333
37,2220,24,-125.923076923077
37,2221,-140,41.5748031496063
37,2222,-32,-48.7777777777778
37,2223,-123,-7.23993558776167
37,2224,-48,-48.7777777777778
37,2225,-42,-11.7608695652174
37,2226,-39,-48.7777777777778
37,2227,-11,-11.7608695652174
37,2228,-5,-7.23993558776167
37,2229,2,-7.23993558776167
37,2230,42,-7.23993558776167
37,2231,114,78.2359550561798
37,2232,308,207.752
37,2233,282,207.752
37,2234,-458,-301.09375
37,2235,-104,-151.777777777778
37,2236,26,29
37,2237,63,-15.6333333333333
37,2238,-52,-4.38888888888889
37,2239,28,-48.7777777777778
37,2240,-18,-15.6333333333333
37,2241,189,119
37,2242,402,275.989130434783
37,2243,-15,-116.1
37,2244,-147,-151.777777777778
37,2245,-203,-137.025974025974
37,2246,-140,-93.7692307692308
37,2247,-92,12.9310344827586
37,2248,-80,-48.7777777777778
37,2249,-112,-48.7777777777778
37,2250,-17,-11.7608695652174
37,2251,-13,-7.23993558776167
37,2252,-2,-0.6
37,2253,0,-7.23993558776167
37,2254,39,-7.23993558776167
37,2255,149,78.2359550561798
37,2256,319,207.752
37,2257,247,-116.1
37,2258,-427,-233.490909090909
37,2259,-106,-151.777777777778
37,2260,-3,29
37,2261,24,-7.23993558776167
37,2262,40,-15.6333333333333
37,2263,-28,-15.6333333333333
37,2264,-116,-7.23993558776167
37,2265,258,-11.7608695652174
37,2266,418,232.743243243243
37,2267,37,-151.777777777778
37,2268,-243,-174.713043478261
37,2269,-162,-137.025974025974
37,2270,-100,-93.7692307692308
37,2271,-95,-48.7777777777778
37,2272,-110,-48.7777777777778
37,2273,-100,-48.7777777777778
37,2274,-14,-11.7608695652174
37,2275,-20,-0.6
37,2276,-6,-7.23993558776167
37,2277,-3,-7.23993558776167
37,2278,45,-7.23993558776167
37,2279,136,78.2359550561798
37,2280,302,207.752
37,2281,194,-116.1
37,2282,-331,-233.490909090909
37,2283,-114,-151.777777777778
37,2284,-2,-93.7692307692308
37,2285,50,-7.23993558776167
37,2286,-4,-4.38888888888889
37,2287,-17,-7.23993558776167
37,2288,32,-7.23993558776167
37,2289,184,119
37,2290,358,232.743243243243
37,2291,54,-116.1
37,2292,-239,-174.713043478261
37,2293,-139,-137.025974025974
37,2294,-193,-93.7692307692308
37,2295,-32,-48.7777777777778
37,2296,-136,-7.23993558776167
37,2297,-89,-48.7777777777778
37,2298,-21,-11.7608695652174
37,2299,-31,-0.6
37,2300,-5,-7.23993558776167
37,2301,3,-0.6
37,2302,32,-7.23993558776167
37,2303,142,78.2359550561798
37,2304,290,207.752
37,2305,266,-116.1
37,2306,-396,-301.09375
37,2307,-162,-151.777777777778
37,2308,45,29
37,2309,60,41.5748031496063
37,2310,24,-4.38888888888889
37,2311,-85,-15.6333333333333
37,2312,45,-11.7608695652174
37,2313,136,119
37,2314,459,275.989130434783
37,2315,-98,1.16666666666667
37,2316,-160,-174.713043478261
37,2317,-180,-137.025974025974
37,2318,-85,-93.7692307692308
37,2319,-80,12.9310344827586
37,2320,-85,-48.7777777777778
37,2321,-106,-11.7608695652174
37,2322,-28,-11.7608695652174
37,2323,-29,-7.23993558776167
37,2324,-8,-7.23993558776167
37,2325,6,-7.23993558776167
37,2326,25,-7.23993558776167
37,2327,126,78.2359550561798
37,2328,258,207.752
37,2329,247,-116.1
37,2330,-272,-151.777777777778
37,2331,-147,-151.777777777778
37,2332,14,29
37,2333,75,41.5748031496063
37,2334,7,-4.38888888888889
37,2335,-14,-7.23993558776167
37,2336,49,-7.23993558776167
37,2337,112,90.7755102040816
37,2338,249,232.743243243243
37,2339,-70,-48.35
37,2340,-202,-174.713043478261
37,2341,-80,-137.025974025974
37,2342,-111,-93.7692307692308
37,2343,-76,-48.7777777777778
37,2344,-6,-48.7777777777778
37,2345,-35,-7.23993558776167
37,2346,-39,-7.23993558776167
37,2347,-38,-11.7608695652174
37,2348,-54,-11.7608695652174
37,2349,-17,-11.7608695652174
37,2350,4,-7.23993558776167
37,2351,32,-7.23993558776167
37,2352,18,41.5748031496063
37,2353,114,78.2359550561798
37,2354,97,207.752
37,2355,118,90.7755102040816
37,2356,74,90.7755102040816
37,2357,77,1.16666666666667
37,2358,-20,42.75
37,2359,-55,-7.23993558776167
37,2360,17,-48.7777777777778
37,2361,-39,-15.6333333333333
37,2362,42,-125.923076923077
37,2363,-2,-15.6333333333333
37,2364,-93,-7.23993558776167
37,2365,-85,-48.7777777777778
37,2366,-23,-48.7777777777778
37,2367,-20,-7.23993558776167
37,2368,-47,-7.23993558776167
37,2369,-69,-48.7777777777778
37,2370,-66,-11.7608695652174
37,2371,-14,-11.7608695652174
37,2372,-32,-7.23993558776167
37,2373,-27,-7.23993558776167
37,2374,5,-7.23993558776167
37,2375,0,-7.23993558776167
37,2376,49,-7.23993558776167
37,2377,40,153.345238095238
37,2378,121,78.2359550561798
37,2379,135,176.58
37,2380,73,-116.1
37,2381,54,1.16666666666667
37,2382,32,-48.35
37,2383,3,-15.6333333333333
37,2384,-76,-7.23993558776167
37,2385,-29,-48.7777777777778
37,2386,-39,-7.23993558776167
37,2387,-153,-125.923076923077
37,2388,-44,-125.923076923077
37,2389,8,-48.7777777777778
37,2390,15,-7.23993558776167
37,2391,-51,41.5748031496063
37,2392,-70,-48.7777777777778
37,2393,-54,-11.7608695652174
37,2394,-22,-48.7777777777778
37,2395,-6,-7.23993558776167
37,2396,0,-7.23993558776167
37,2397,6,-7.23993558776167
37,2398,14,-7.23993558776167
37,2399,116,78.2359550561798
37,2400,266,207.752
37,2401,198,-116.1
37,2402,-329,-151.777777777778
37,2403,-63,-151.777777777778
37,2404,47,-93.7692307692308
37,2405,25,-4.38888888888889
37,2406,4,-15.6333333333333
37,2407,-2,-7.23993558776167
37,2408,-13,-7.23993558776167
37,2409,177,119
37,2410,407,275.989130434783
37,2411,-15,-116.1
37,2412,-203,-174.713043478261
37,2413,-183,-137.025974025974
37,2414,-140,-93.7692307692308
37,2415,-110,12.9310344827586
37,2416,-94,-48.7777777777778
37,2417,-66,-48.7777777777778
37,2418,-29,-11.7608695652174
37,2419,-5,-0.6
37,2420,-7,-7.23993558776167
37,2421,3,-7.23993558776167
37,2422,27,-7.23993558776167
37,2423,143,78.2359550561798
37,2424,323,207.752
37,2425,203,-116.1
37,2426,-378,-233.490909090909
37,2427,-77,-151.777777777778
37,2428,-36,-93.7692307692308
37,2429,69,-48.7777777777778
37,2430,-30,-4.38888888888889
37,2431,8,-7.23993558776167
37,2432,45,-7.23993558776167
37,2433,139,119
37,2434,423,232.743243243243
37,2435,-54,-116.1
37,2436,-204,-151.777777777778
37,2437,-162,-137.025974025974
37,2438,-131,-93.7692307692308
37,2439,-93,-48.7777777777778
37,2440,-86,-48.7777777777778
37,2441,-80,-48.7777777777778
37,2442,-35,-11.7608695652174
37,2443,-17,-0.6
37,2444,1,-7.23993558776167
37,2445,0,-7.23993558776167
37,2446,36,-7.23993558776167
37,2447,130,78.2359550561798
37,2448,309,207.752
37,2449,255,-116.1
37,2450,-396,-233.490909090909
37,2451,-127,-151.777777777778
37,2452,25,29
37,2453,41,-15.6333333333333
37,2454,33,-15.6333333333333
37,2455,-77,-15.6333333333333
37,2456,42,-11.7608695652174
37,2457,163,119
37,2458,417,275.989130434783
37,2459,4,1.16666666666667
37,2460,-176,-174.713043478261
37,2461,-186,-137.025974025974
37,2462,-119,-93.7692307692308
37,2463,-148,12.9310344827586
37,2464,-97,-48.7777777777778
37,2465,-69,-48.7777777777778
37,2466,-39,-11.7608695652174
37,2467,-14,-11.7608695652174
37,2468,-8,-7.23993558776167
37,2469,4,-7.23993558776167
37,2470,31,-7.23993558776167
37,2471,126,78.2359550561798
37,2472,308,207.752
37,2473,223,-116.1
37,2474,-345,-233.490909090909
37,2475,-148,-151.777777777778
37,2476,55,-93.7692307692308
37,2477,17,-4.38888888888889
37,2478,4,-15.6333333333333
37,2479,-34,-7.23993558776167
37,2480,20,-7.23993558776167
37,2481,150,119
37,2482,393,275.989130434783
37,2483,1,-116.1
37,2484,-188,-174.713043478261
37,2485,-145,-137.025974025974
37,2486,-142,-93.7692307692308
37,2487,-77,-48.7777777777778
37,2488,-103,-48.7777777777778
37,2489,-71,-48.7777777777778
37,2490,-44,-11.7608695652174
37,2491,-21,-11.7608695652174
37,2492,-11,-7.23993558776167
37,2493,-2,-7.23993558776167
37,2494,26,-7.23993558776167
37,2495,11,78.2359550561798
37,2496,89,78.2359550561798
37,2497,-14,207.752
37,2498,101,-7.23993558776167
37,2499,-27,90.7755102040816
37,2500,58,-7.23993558776167
37,2501,64,42.75
37,2502,-25,-4.38888888888889
37,2503,17,-7.23993558776167
37,2504,17,41.5748031496063
37,2505,143,-15.6333333333333
37,2506,263,176.58
37,2507,-90,-116.1
37,2508,-148,-151.777777777778
37,2509,-122,-137.025974025974
37,2510,-84,-93.7692307692308
37,2511,-68,-48.7777777777778
37,2512,-26,-48.7777777777778
37,2513,-12,-7.23993558776167
37,2514,-64,-7.23993558776167
37,2515,-31,-11.7608695652174
37,2516,-64,-7.23993558776167
37,2517,-11,-11.7608695652174
37,2518,1,-7.23993558776167
37,2519,12,-7.23993558776167
37,2520,39,78.2359550561798
37,2521,100,41.5748031496063
37,2522,109,176.58
37,2523,136,90.7755102040816
37,2524,92,-39.0769230769231
37,2525,47,1.16666666666667
37,2526,23,-48.35
37,2527,-31,-15.6333333333333
37,2528,24,-7.23993558776167
37,2529,-31,-15.6333333333333
37,2530,-19,-7.23993558776167
37,2531,-212,-7.23993558776167
37,2532,-25,-125.923076923077
37,2533,-115,-7.23993558776167
37,2534,-32,-48.7777777777778
37,2535,40,-7.23993558776167
37,2536,-5,41.5748031496063
37,2537,-43,-7.23993558776167
37,2538,-7,-48.7777777777778
37,2539,-27,-7.23993558776167
37,2540,-38,-7.23993558776167
37,2541,-38,-48.7777777777778
37,2542,0,-48.7777777777778
37,2543,6,-7.23993558776167
37,2544,23,-7.23993558776167
37,2545,80,78.2359550561798
37,2546,98,176.58
37,2547,111,207.752
37,2548,121,90.7755102040816
37,2549,56,42.75
37,2550,38,1.16666666666667
37,2551,36,41.5748031496063
37,2552,-2,-15.6333333333333
37,2553,-64,-7.23993558776167
37,2554,-8,-48.7777777777778
37,2555,-14,-7.23993558776167
37,2556,-26,-7.23993558776167
37,2557,-165,-7.23993558776167
37,2558,-80,-48.7777777777778
37,2559,-39,-48.7777777777778
37,2560,-71,-48.7777777777778
37,2561,-63,-48.7777777777778
37,2562,-33,-48.7777777777778
37,2563,-5,-7.23993558776167
37,2564,-3,-7.23993558776167
37,2565,5,-7.23993558776167
37,2566,25,-7.23993558776167
37,2567,123,78.2359550561798
37,2568,277,207.752
37,2569,237,-116.1
37,2570,-368,-233.490909090909
37,2571,-106,-151.777777777778
37,2572,46,29
37,2573,31,-4.38888888888889
37,2574,-22,-15.6333333333333
37,2575,-6,-7.23993558776167
37,2576,26,-7.23993558776167
37,2577,190,119
37,2578,354,275.989130434783
37,2579,-6,-116.1
37,2580,-257,-174.713043478261
37,2581,-123,-137.025974025974
37,2582,-142,-93.7692307692308
37,2583,-98,-48.7777777777778
37,2584,-64,-48.7777777777778
37,2585,-68,-48.7777777777778
37,2586,-33,-11.7608695652174
37,2587,-16,-0.6
37,2588,-8,-7.23993558776167
37,2589,2,-7.23993558776167
37,2590,31,-7.23993558776167
37,2591,28,78.2359550561798
37,2592,115,78.2359550561798
37,2593,439,176.58
37,2594,-216,-39.0769230769231
37,2595,-194,-151.777777777778
37,2596,-12,29
37,2597,104,-7.23993558776167
37,2598,-14,-4.38888888888889
37,2599,-31,-7.23993558776167
37,2600,28,-7.23993558776167
37,2601,175,119
37,2602,354,232.743243243243
37,2603,42,-116.1
37,2604,-227,-174.713043478261
37,2605,-191,-137.025974025974
37,2606,-128,-93.7692307692308
37,2607,-119,12.9310344827586
37,2608,-22,-48.7777777777778
37,2609,-107,-7.23993558776167
37,2610,-23,-11.7608695652174
37,2611,-29,-0.6
37,2612,3,-0.6
37,2613,-7,-7.23993558776167
37,2614,35,-7.23993558776167
37,2615,133,78.2359550561798
37,2616,320,207.752
37,2617,190,-116.1
37,2618,-315,-233.490909090909
37,2619,-134,-151.777777777778
37,2620,2,-93.7692307692308
37,2621,72,-7.23993558776167
37,2622,-13,-4.38888888888889
37,2623,-39,-7.23993558776167
37,2624,11,-11.7608695652174
37,2625,165,119
37,2626,420,232.743243243243
37,2627,-3,-116.1
37,2628,-199,-174.713043478261
37,2629,-222,-137.025974025974
37,2630,-112,-93.7692307692308
37,2631,-89,12.9310344827586
37,2632,-88,-48.7777777777778
37,2633,-62,-48.7777777777778
37,2634,-55,-11.7608695652174
37,2635,-6,-11.7608695652174
37,2636,-11,-0.6
37,2637,1,-7.23993558776167
37,2638,32,-7.23993558776167
37,2639,128,78.2359550561798
37,2640,299,207.752
37,2641,218,-116.1
37,2642,-345,-233.490909090909
37,2643,-138,-151.777777777778
37,2644,75,-93.7692307692308
37,2645,69,-4.38888888888889
37,2646,-43,-4.38888888888889
37,2647,-52,-48.7777777777778
37,2648,12,-11.7608695652174
37,2649,159,119
37,2650,478,275.989130434783
37,2651,-65,-116.1
37,2652,-155,-174.713043478261
37,2653,-163,-137.025974025974
37,2654,-158,-93.7692307692308
37,2655,-102,-48.7777777777778
37,2656,-28,-48.7777777777778
37,2657,-138,-7.23993558776167
37,2658,-34,-11.7608695652174
37,2659,-35,-7.23993558776167
37,2660,-13,-7.23993558776167
37,2661,3,-7.23993558776167
37,2662,27,-7.23993558776167
37,2663,121,78.2359550561798
37,2664,222,207.752
37,2665,289,-116.1
37,2666,-290,-301.09375
37,2667,-147,-151.777777777778
37,2668,72,29
37,2669,62,-4.38888888888889
37,2670,-8,-4.38888888888889
37,2671,-29,-7.23993558776167
37,2672,55,-7.23993558776167
37,2673,105,90.7755102040816
37,2674,303,275.989130434783
37,2675,-122,-105.285714285714
37,2676,-178,-174.713043478261
37,2677,-132,-137.025974025974
37,2678,-104,-93.7692307692308
37,2679,-42,-48.7777777777778
37,2680,-92,-48.7777777777778
37,2681,-16,-11.7608695652174
37,2682,-13,-7.23993558776167
37,2683,-49,-7.23993558776167
37,2684,-13,-11.7608695652174
37,2685,-17,-7.23993558776167
37,2686,-4,-7.23993558776167
37,2687,18,-7.23993558776167
37,2688,37,78.2359550561798
37,2689,125,41.5748031496063
37,2690,103,207.752
37,2691,188,-116.1
37,2692,56,-39.0769230769231
37,2693,118,1.16666666666667
37,2694,-10,-48.35
37,2695,-46,-99.6511627906977
37,2696,-2,-48.7777777777778
37,2697,45,-7.23993558776167
37,2698,-6,-15.6333333333333
37,2699,-81,-7.23993558776167
37,2700,-66,-125.923076923077
37,2701,-147,-48.7777777777778
37,2702,-3,-125.923076923077
37,2703,-77,-7.23993558776167
37,2704,-26,-48.7777777777778
37,2705,-48,-7.23993558776167
37,2706,-56,-48.7777777777778
37,2707,-12,-11.7608695652174
37,2708,-64,-7.23993558776167
37,2709,-29,-11.7608695652174
37,2710,-15,-7.23993558776167
37,2711,9,-7.23993558776167
37,2712,21,78.2359550561798
37,2713,83,78.2359550561798
37,2714,146,176.58
37,2715,155,-39.0769230769231
37,2716,-153,1.16666666666667
37,2717,26,-99.6511627906977
37,2718,-136,41.5748031496063
37,2719,-13,-48.7777777777778
37,2720,127,-7.23993558776167
37,2721,80,-4.38888888888889
37,2722,-13,1.16666666666667
37,2723,34,-7.23993558776167
37,2724,-36,178.25
37,2725,-67,-48.7777777777778
37,2726,-84,-48.7777777777778
37,2727,-134,-48.7777777777778
37,2728,-10,-48.7777777777778
37,2729,-20,-7.23993558776167
37,2730,-16,-7.23993558776167
37,2731,-5,-7.23993558776167
37,2732,-2,-7.23993558776167
37,2733,4,-7.23993558776167
37,2734,30,-7.23993558776167
37,2735,124,78.2359550561798
37,2736,281,176.58
37,2737,213,-116.1
37,2738,-298,-233.490909090909
37,2739,-164,-151.777777777778
37,2740,48,-93.7692307692308
37,2741,41,-4.38888888888889
37,2742,9,-15.6333333333333
37,2743,-16,-15.6333333333333
37,2744,34,-7.23993558776167
37,2745,151,119
37,2746,433,275.989130434783
37,2747,-78,1.16666666666667
37,2748,-516,-174.713043478261
37,2749,-38,-137.025974025974
37,2750,-16,-93.7692307692308
37,2751,-84,-7.23993558776167
37,2752,-59,-48.7777777777778
37,2753,-43,-11.7608695652174
37,2754,-26,-11.7608695652174
37,2755,-25,-0.6
37,2756,-5,-7.23993558776167
37,2757,1,-7.23993558776167
37,2758,30,-7.23993558776167
37,2759,135,78.2359550561798
37,2760,350,207.752
37,2761,204,-116.1
37,2762,-395,-233.490909090909
37,2763,-150,-151.777777777778
37,2764,78,-93.7692307692308
37,2765,49,-4.38888888888889
37,2766,26,-4.38888888888889
37,2767,-29,-15.6333333333333
37,2768,0,-7.23993558776167
37,2769,165,119
37,2770,411,275.989130434783
37,2771,-253,1.16666666666667
37,2772,-149,-174.713043478261
37,2773,-118,29
37,2774,-78,-93.7692307692308
37,2775,-48,-48.7777777777778
37,2776,-96,-48.7777777777778
37,2777,-81,-11.7608695652174
37,2778,-34,-11.7608695652174
37,2779,-4,-7.23993558776167
37,2780,-10,-7.23993558776167
37,2781,1,-7.23993558776167
37,2782,32,-7.23993558776167
37,2783,147,78.2359550561798
37,2784,366,207.752
37,2785,187,-116.1
37,2786,-364,-233.490909090909
37,2787,-151,-99.6511627906977
37,2788,42,-93.7692307692308
37,2789,45,41.5748031496063
37,2790,4,-15.6333333333333
37,2791,-50,-7.23993558776167
37,2792,50,-11.7608695652174
37,2793,144,90.7755102040816
37,2794,323,275.989130434783
37,2795,-100,-301.09375
37,2796,-103,-174.713043478261
37,2797,-189,-137.025974025974
37,2798,-40,-93.7692307692308
37,2799,-70,12.9310344827586
37,2800,-141,-48.7777777777778
37,2801,-80,-11.7608695652174
37,2802,-35,-11.7608695652174
37,2803,-5,-7.23993558776167
37,2804,-11,-7.23993558776167
37,2805,-3,-7.23993558776167
37,2806,31,-7.23993558776167
37,2807,155,78.2359550561798
37,2808,289,207.752
37,2809,226,-116.1
37,2810,-295,-233.490909090909
37,2811,-179,-151.777777777778
37,2812,45,-93.7692307692308
37,2813,54,41.5748031496063
37,2814,14,-4.38888888888889
37,2815,-41,-15.6333333333333
37,2816,0,-11.7608695652174
37,2817,160,119
37,2818,355,275.989130434783
37,2819,121,1.16666666666667
37,2820,-308,-233.490909090909
37,2821,-159,-113.260869565217
37,2822,-145,-93.7692307692308
37,2823,-131,-48.7777777777778
37,2824,-41,-48.7777777777778
37,2825,-46,-48.7777777777778
37,2826,-69,-11.7608695652174
37,2827,-26,-11.7608695652174
37,2828,-8,-7.23993558776167
37,2829,0,-7.23993558776167
37,2830,30,-7.23993558776167
37,2831,113,78.2359550561798
37,2832,274,207.752
37,2833,319,207.752
37,2834,-355,-301.09375
37,2835,-127,-151.777777777778
37,2836,19,29
37,2837,90,41.5748031496063
37,2838,-20,-4.38888888888889
37,2839,-13,-7.23993558776167
37,2840,12,-7.23993558776167
37,2841,165,119
37,2842,297,232.743243243243
37,2843,-76,-116.1
37,2844,-200,-174.713043478261
37,2845,-173,-137.025974025974
37,2846,-57,-93.7692307692308
37,2847,-55,-48.7777777777778
37,2848,-73,-48.7777777777778
37,2849,-43,-11.7608695652174
37,2850,-20,-11.7608695652174
37,2851,-36,-0.6
37,2852,-41,-48.7777777777778
37,2853,-26,-48.7777777777778
37,2854,2,-7.23993558776167
37,2855,16,-7.23993558776167
37,2856,72,78.2359550561798
37,2857,60,176.58
37,2858,126,153.345238095238
37,2859,154,-39.0769230769231
37,2860,15,1.16666666666667
37,2861,127,1.16666666666667
37,2862,-67,-48.35
37,2863,-35,-99.6511627906977
37,2864,-249,-7.23993558776167
37,2865,201,-48.7777777777778
37,2866,-31,-4.38888888888889
37,2867,-20,-174.713043478261
37,2868,-29,-7.23993558776167
37,2869,-113,-7.23993558776167
37,2870,-33,-11.7608695652174
37,2871,-26,-0.6
37,2872,-24,-7.23993558776167
37,2873,-24,-7.23993558776167
37,2874,0,-7.23993558776167
37,2875,-18,-7.23993558776167
37,2876,-63,-7.23993558776167
37,2877,-37,-48.7777777777778
37,2878,0,-48.7777777777778
37,2879,5,-7.23993558776167
37,2880,13,-7.23993558776167
37,2881,99,78.2359550561798
37,2882,130,176.58
37,2883,122,207.752
37,2884,97,-233.490909090909
37,2885,144,1.16666666666667
37,2886,-85,42.75
37,2887,-164,-99.6511627906977
37,2888,14,-48.7777777777778
37,2889,-218,-15.6333333333333
37,2890,60,-48.7777777777778
37,2891,31,-4.38888888888889
37,2892,28,-15.6333333333333
37,2893,-81,41.5748031496063
37,2894,-45,-125.923076923077
37,2895,-52,-11.7608695652174
37,2896,-34,-48.7777777777778
37,2897,-48,-7.23993558776167
37,2898,-25,-48.7777777777778
37,2899,1,-7.23993558776167
37,2900,-4,-7.23993558776167
37,2901,8,-7.23993558776167
37,2902,24,-7.23993558776167
37,2903,109,78.2359550561798
37,2904,288,207.752
37,2905,266,-39.0769230769231
37,2906,-357,-151.777777777778
37,2907,-136,-151.777777777778
37,2908,23,29
37,2909,54,41.5748031496063
37,2910,5,-4.38888888888889
37,2911,-42,-7.23993558776167
37,2912,36,-11.7608695652174
37,2913,162,119
37,2914,401,275.989130434783
37,2915,-11,-116.1
37,2916,-261,-174.713043478261
37,2917,-157,-137.025974025974
37,2918,-138,-93.7692307692308
37,2919,-117,-48.7777777777778
37,2920,-47,-48.7777777777778
37,2921,-76,-48.7777777777778
37,2922,-17,-11.7608695652174
37,2923,-6,-0.6
37,2924,-11,-7.23993558776167
37,2925,4,-7.23993558776167
37,2926,34,-7.23993558776167
37,2927,105,78.2359550561798
37,2928,122,207.752
37,2929,424,176.58
37,2930,-298,-301.09375
37,2931,-191,-151.777777777778
37,2932,14,29
37,2933,79,-15.6333333333333
37,2934,-9,-4.38888888888889
37,2935,-37,-7.23993558776167
37,2936,66,-11.7608695652174
37,2937,163,90.7755102040816
37,2938,384,232.743243243243
37,2939,-46,-301.09375
37,2940,-221,-174.713043478261
37,2941,-162,-137.025974025974
37,2942,-121,-93.7692307692308
37,2943,-98,-48.7777777777778
37,2944,-107,-48.7777777777778
37,2945,-62,-48.7777777777778
37,2946,-33,-11.7608695652174
37,2947,-8,-0.6
37,2948,3,-7.23993558776167
37,2949,1,-7.23993558776167
37,2950,30,-7.23993558776167
37,2951,141,78.2359550561798
37,2952,373,207.752
37,2953,254,-116.1
37,2954,-460,-233.490909090909
37,2955,-170,-151.777777777778
37,2956,75,29
37,2957,107,-4.38888888888889
37,2958,-60,-4.38888888888889
37,2959,1,-48.7777777777778
37,2960,37,-7.23993558776167
37,2961,155,119
37,2962,377,275.989130434783
37,2963,-58,-116.1
37,2964,-169,-174.713043478261
37,2965,-216,-137.025974025974
37,2966,-114,-93.7692307692308
37,2967,-78,12.9310344827586
37,2968,-78,-48.7777777777778
37,2969,-92,-48.7777777777778
37,2970,-42,-11.7608695652174
37,2971,-6,-11.7608695652174
37,2972,-12,-0.6
37,2973,3,-7.23993558776167
37,2974,27,-7.23993558776167
37,2975,128,78.2359550561798
37,2976,369,207.752
37,2977,222,-116.1
37,2978,-358,-233.490909090909
37,2979,-162,-151.777777777778
37,2980,42,-93.7692307692308
37,2981,18,41.5748031496063
37,2982,-4,-15.6333333333333
37,2983,-17,-7.23993558776167
37,2984,65,-7.23993558776167
37,2985,144,90.7755102040816
37,2986,362,275.989130434783
37,2987,9,-301.09375
37,2988,-243,-174.713043478261
37,2989,-139,-137.025974025974
37,2990,-164,-93.7692307692308
37,2991,-16,-48.7777777777778
37,2992,-139,-7.23993558776167
37,2993,-70,-48.7777777777778
37,2994,-50,-11.7608695652174
37,2995,-12,-11.7608695652174
37,2996,-15,-7.23993558776167
37,2997,2,-7.23993558776167
37,2998,22,-7.23993558776167
37,2999,79,41.5748031496063
37,3000,313,207.752
37,3001,269,207.752
37,3002,-292,-301.09375
37,3003,-142,-151.777777777778
37,3004,53,29
37,3005,101,-4.38888888888889
37,3006,-42,-4.38888888888889
37,3007,68,-48.7777777777778
37,3008,90,-105.285714285714
37,3009,2,90.7755102040816
37,3010,89,-7.23993558776167
37,3011,-71,-105.285714285714
37,3012,-94,-48.7777777777778
37,3013,-96,-48.7777777777778
37,3014,-53,-48.7777777777778
37,3015,-26,-48.7777777777778
37,3016,-103,-7.23993558776167
37,3017,-6,-11.7608695652174
37,3018,-89,-7.23993558776167
37,3019,-10,-11.7608695652174
37,3020,-34,-7.23993558776167
37,3021,-23,-7.23993558776167
37,3022,10,-7.23993558776167
37,3023,14,78.2359550561798
37,3024,30,78.2359550561798
37,3025,96,41.5748031496063
37,3026,75,90.7755102040816
37,3027,180,90.7755102040816
37,3028,75,-39.0769230769231
37,3029,-21,1.16666666666667
37,3030,33,-7.23993558776167
37,3031,10,41.5748031496063
37,3032,49,-15.6333333333333
37,3033,-101,-48.35
37,3034,1,-48.7777777777778
37,3035,-21,-7.23993558776167
37,3036,-50,-7.23993558776167
37,3037,-185,-48.7777777777778
37,3038,-103,-48.7777777777778
37,3039,-26,12.9310344827586
37,3040,67,-7.23993558776167
37,3041,-46,137.52380952381
37,3042,-26,-48.7777777777778
37,3043,11,-7.23993558776167
37,3044,-42,78.2359550561798
37,3045,-20,-48.7777777777778
37,3046,-10,-7.23993558776167
37,3047,3,-7.23993558776167
37,3048,27,-7.23993558776167
37,3049,87,78.2359550561798
37,3050,103,137.52380952381
37,3051,156,207.752
37,3052,101,-39.0769230769231
37,3053,56,1.16666666666667
37,3054,-52,-48.35
37,3055,-36,-48.7777777777778
37,3056,-102,-48.7777777777778
37,3057,119,-48.7777777777778
37,3058,29,-4.38888888888889
37,3059,-3,-113.260869565217
37,3060,-208,-7.23993558776167
37,3061,-188,-48.7777777777778
37,3062,67,12.9310344827586
37,3063,-5,153.345238095238
37,3064,-43,-7.23993558776167
37,3065,-19,-48.7777777777778
37,3066,-49,-7.23993558776167
37,3067,-15,-11.7608695652174
37,3068,-12,-7.23993558776167
37,3069,-17,-7.23993558776167
37,3070,-7,-7.23993558776167
37,3071,11,-7.23993558776167
37,3072,28,78.2359550561798
37,3073,84,41.5748031496063
37,3074,102,176.58
37,3075,130,90.7755102040816
37,3076,100,-39.0769230769231
37,3077,84,1.16666666666667
37,3078,23,-48.35
37,3079,-54,41.5748031496063
37,3080,-63,-48.7777777777778
37,3081,51,-48.7777777777778
37,3082,-2,-4.38888888888889
37,3083,-16,-7.23993558776167
37,3084,-108,-7.23993558776167
37,3085,-113,-48.7777777777778
37,3086,-77,-48.7777777777778
37,3087,-63,-48.7777777777778
37,3088,-51,-48.7777777777778
37,3089,-41,-48.7777777777778
37,3090,-5,-11.7608695652174
37,3091,-19,-7.23993558776167
37,3092,5,-7.23993558776167
37,3093,-2,-7.23993558776167
37,3094,30,-7.23993558776167
37,3095,134,78.2359550561798
37,3096,321,207.752
37,3097,139,-116.1
37,3098,-309,-233.490909090909
37,3099,-151,-99.6511627906977
37,3100,26,-93.7692307692308
37,3101,89,41.5748031496063
37,3102,-12,-4.38888888888889
37,3103,-1,-7.23993558776167
37,3104,18,-7.23993558776167
37,3105,166,119
37,3106,398,275.989130434783
37,3107,-17,-116.1
37,3108,-287,-174.713043478261
37,3109,-167,-137.025974025974
37,3110,-117,-93.7692307692308
37,3111,-89,-48.7777777777778
37,3112,-84,-48.7777777777778
37,3113,-58,-48.7777777777778
37,3114,-24,-11.7608695652174
37,3115,-4,-0.6
37,3116,-5,-7.23993558776167
37,3117,1,-7.23993558776167
37,3118,35,-7.23993558776167
37,3119,170,78.2359550561798
37,3120,290,207.752
37,3121,225,-116.1
37,3122,-435,-233.490909090909
37,3123,-55,-151.777777777778
37,3124,-18,-93.7692307692308
37,3125,49,-7.23993558776167
37,3126,-32,-4.38888888888889
37,3127,-23,-7.23993558776167
37,3128,34,-7.23993558776167
37,3129,185,119
37,3130,433,232.743243243243
37,3131,-24,-116.1
37,3132,-177,-174.713043478261
37,3133,-250,-137.025974025974
37,3134,-116,-93.7692307692308
37,3135,-77,12.9310344827586
37,3136,-69,-48.7777777777778
37,3137,-85,-48.7777777777778
37,3138,-47,-11.7608695652174
37,3139,-10,-11.7608695652174
37,3140,1,-0.6
37,3141,-1,-7.23993558776167
37,3142,30,-7.23993558776167
37,3143,162,78.2359550561798
37,3144,282,207.752
37,3145,164,-116.1
37,3146,-523,-233.490909090909
37,3147,-74,-99.6511627906977
37,3148,13,-93.7692307692308
37,3149,75,41.5748031496063
37,3150,54,-4.38888888888889
37,3151,25,-4.38888888888889
37,3152,54,-15.6333333333333
37,3153,146,90.7755102040816
37,3154,392,232.743243243243
37,3155,27,1.16666666666667
37,3156,-277,-151.777777777778
37,3157,-152,-137.025974025974
37,3158,-134,-93.7692307692308
37,3159,-55,-48.7777777777778
37,3160,-48,-48.7777777777778
37,3161,-73,-48.7777777777778
37,3162,-67,-11.7608695652174
37,3163,-18,-11.7608695652174
37,3164,-2,-7.23993558776167
37,3165,-1,-7.23993558776167
37,3166,32,-7.23993558776167
37,3167,100,78.2359550561798
37,3168,346,207.752
37,3169,233,207.752
37,3170,-375,-233.490909090909
37,3171,-120,-151.777777777778
37,3172,72,29
37,3173,27,-4.38888888888889
37,3174,31,-15.6333333333333
37,3175,-101,-15.6333333333333
37,3176,78,-11.7608695652174
37,3177,139,90.7755102040816
37,3178,302,275.989130434783
37,3179,20,1.16666666666667
37,3180,-224,-174.713043478261
37,3181,-177,-137.025974025974
37,3182,-90,-93.7692307692308
37,3183,-2,12.9310344827586
37,3184,-51,-7.23993558776167
37,3185,-98,-48.7777777777778
37,3186,-33,-11.7608695652174
37,3187,-40,119
37,3188,-34,-11.7608695652174
37,3189,-32,-7.23993558776167
37,3190,4,-7.23993558776167
37,3191,19,-7.23993558776167
37,3192,48,78.2359550561798
37,3193,148,153.345238095238
37,3194,118,207.752
37,3195,74,-116.1
37,3196,156,1.16666666666667
37,3197,116,42.75
37,3198,-26,1.16666666666667
37,3199,-42,-99.6511627906977
37,3200,-114,-48.7777777777778
37,3201,-398,-48.7777777777778
37,3202,57,-125.923076923077
37,3203,-4,-4.38888888888889
37,3204,48,-7.23993558776167
37,3205,-21,153.345238095238
37,3206,-13,-7.23993558776167
37,3207,13,-7.23993558776167
37,3208,-61,119
37,3209,-9,-48.7777777777778
37,3210,0,-7.23993558776167
37,3211,-28,-7.23993558776167
37,3212,-50,-7.23993558776167
37,3213,-18,-48.7777777777778
37,3214,27,-7.23993558776167
37,3215,-20,41.5748031496063
37,3216,35,-7.23993558776167
37,3217,100,41.5748031496063
37,3218,129,90.7755102040816
37,3219,196,207.752
37,3220,90,-233.490909090909
37,3221,172,-151.777777777778
37,3222,-28,-39.0769230769231
37,3223,-82,-99.6511627906977
37,3224,49,-48.7777777777778
37,3225,5,-4.38888888888889
37,3226,-30,-7.23993558776167
37,3227,-111,-7.23993558776167
37,3228,-64,-125.923076923077
37,3229,-140,-11.7608695652174
37,3230,-150,-125.923076923077
37,3231,-17,-48.7777777777778
37,3232,-97,-7.23993558776167
37,3233,-51,-11.7608695652174
37,3234,-23,-48.7777777777778
37,3235,-1,-7.23993558776167
37,3236,-5,-7.23993558776167
37,3237,-7,-7.23993558776167
37,3238,35,-7.23993558776167
37,3239,140,41.5748031496063
37,3240,267,207.752
37,3241,283,-116.1
37,3242,-369,-301.09375
37,3243,-151,-151.777777777778
37,3244,26,29
37,3245,96,-15.6333333333333
37,3246,-9,-4.38888888888889
37,3247,17,-7.23993558776167
37,3248,6,-15.6333333333333
37,3249,142,119
37,3250,383,275.989130434783
37,3251,97,-116.1
37,3252,-335,-151.777777777778
37,3253,-243,-137.025974025974
37,3254,-105,-93.7692307692308
37,3255,-126,12.9310344827586
37,3256,-66,-48.7777777777778
37,3257,-61,-48.7777777777778
37,3258,-22,-11.7608695652174
37,3259,-4,-0.6
37,3260,2,-0.6
37,3261,1,-7.23993558776167
37,3262,35,-7.23993558776167
37,3263,167,78.2359550561798
37,3264,385,207.752
37,3265,154,-116.1
37,3266,-392,-233.490909090909
37,3267,-162,-99.6511627906977
37,3268,51,-93.7692307692308
37,3269,69,-4.38888888888889
37,3270,12,-4.38888888888889
37,3271,-73,-15.6333333333333
37,3272,71,-11.7608695652174
37,3273,210,90.7755102040816
37,3274,434,275.989130434783
37,3275,-93,-151.777777777778
37,3276,-281,-174.713043478261
37,3277,-135,-137.025974025974
37,3278,-151,-93.7692307692308
37,3279,-94,-48.7777777777778
37,3280,-107,-48.7777777777778
37,3281,-60,-11.7608695652174
37,3282,-28,-11.7608695652174
37,3283,-10,-0.6
37,3284,-4,-7.23993558776167
37,3285,-2,-7.23993558776167
37,3286,43,-7.23993558776167
37,3287,157,78.2359550561798
37,3288,352,207.752
37,3289,213,-116.1
37,3290,-442,-233.490909090909
37,3291,-123,-151.777777777778
37,3292,27,-93.7692307692308
37,3293,120,-15.6333333333333
37,3294,-29,-4.38888888888889
37,3295,-45,-113.260869565217
37,3296,40,-11.7608695652174
37,3297,191,119
37,3298,416,275.989130434783
37,3299,52,-116.1
37,3300,-342,-174.713043478261
37,3301,-165,-137.025974025974
37,3302,-164,-93.7692307692308
37,3303,-94,-48.7777777777778
37,3304,-85,-48.7777777777778
37,3305,-70,-48.7777777777778
37,3306,-29,-11.7608695652174
37,3307,-19,-0.6
37,3308,2,-7.23993558776167
37,3309,-5,-7.23993558776167
37,3310,51,-7.23993558776167
37,3311,138,153.345238095238
37,3312,376,207.752
37,3313,187,-301.09375
37,3314,-420,-233.490909090909
37,3315,-126,-99.6511627906977
37,3316,42,-93.7692307692308
37,3317,43,-15.6333333333333
37,3318,-14,-15.6333333333333
37,3319,-9,-7.23993558776167
37,3320,78,-7.23993558776167
37,3321,139,90.7755102040816
37,3322,393,275.989130434783
37,3323,-32,-301.09375
37,3324,-178,-174.713043478261
37,3325,-211,-137.025974025974
37,3326,-146,-93.7692307692308
37,3327,-66,12.9310344827586
37,3328,-81,-48.7777777777778
37,3329,-83,-48.7777777777778
37,3330,-46,-11.7608695652174
37,3331,-11,-11.7608695652174
37,3332,-16,-0.6
37,3333,-2,-7.23993558776167
37,3334,29,-7.23993558776167
37,3335,111,78.2359550561798
37,3336,302,207.752
37,3337,312,207.752
37,3338,-419,-301.09375
37,3339,-101,-151.777777777778
37,3340,34,29
37,3341,129,41.5748031496063
37,3342,-1,-4.38888888888889
37,3343,-37,-113.260869565217
37,3344,-4,-11.7608695652174
37,3345,196,119
37,3346,331,275.989130434783
37,3347,-86,-116.1
37,3348,-229,-174.713043478261
37,3349,-175,-137.025974025974
37,3350,-92,-93.7692307692308
37,3351,-83,-48.7777777777778
37,3352,-34,-48.7777777777778
37,3353,12,-7.23993558776167
37,3354,-98,178.25
37,3355,-16,-11.7608695652174
37,3356,-56,-7.23993558776167
37,3357,-31,-11.7608695652174
37,3358,10,-7.23993558776167
37,3359,17,78.2359550561798
37,3360,40,78.2359550561798
37,3361,139,41.5748031496063
37,3362,130,-39.0769230769231
37,3363,100,1.16666666666667
37,3364,185,1.16666666666667
37,3365,79,42.75
37,3366,-2,1.16666666666667
37,3367,11,-7.23993558776167
37,3368,-61,-15.6333333333333
37,3369,129,-48.7777777777778
37,3370,-54,-4.38888888888889
37,3371,-115,-113.260869565217
37,3372,-136,-48.7777777777778
37,3373,-148,-125.923076923077
37,3374,-34,-48.7777777777778
37,3375,-17,-7.23993558776167
37,3376,-50,-7.23993558776167
37,3377,-78,-11.7608695652174
37,3378,-34,-11.7608695652174
37,3379,-28,-7.23993558776167
37,3380,-41,-7.23993558776167
37,3381,-40,-48.7777777777778
37,3382,5,-48.7777777777778
37,3383,22,-7.23993558776167
37,3384,36,78.2359550561798
37,3385,57,78.2359550561798
37,3386,168,153.345238095238
37,3387,194,-39.0769230769231
37,3388,69,1.16666666666667
37,3389,97,-151.777777777778
37,3390,38,-48.35
37,3391,-59,-15.6333333333333
37,3392,-78,-48.7777777777778
37,3393,39,-48.7777777777778
37,3394,-26,-15.6333333333333
37,3395,-89,-7.23993558776167
37,3396,-78,-125.923076923077
37,3397,-79,-48.7777777777778
37,3398,-133,-11.7608695652174
37,3399,-64,-48.7777777777778
37,3400,-33,-48.7777777777778
37,3401,-49,-7.23993558776167
37,3402,-24,-11.7608695652174
37,3403,-8,-7.23993558776167
37,3404,-6,-7.23993558776167
37,3405,4,-7.23993558776167
37,3406,34,-7.23993558776167
37,3407,119,78.2359550561798
37,3408,328,207.752
37,3409,191,-116.1
37,3410,-384,-233.490909090909
37,3411,-97,-151.777777777778
37,3412,50,-93.7692307692308
37,3413,43,-4.38888888888889
37,3414,48,-15.6333333333333
37,3415,-11,-105.285714285714
37,3416,6,-7.23993558776167
37,3417,115,119
37,3418,389,275.989130434783
37,3419,-68,-4.38888888888889
37,3420,-288,-174.713043478261
37,3421,-146,-137.025974025974
37,3422,-107,-93.7692307692308
37,3423,-104,-48.7777777777778
37,3424,-59,-48.7777777777778
37,3425,-57,-11.7608695652174
37,3426,-8,-11.7608695652174
37,3427,-1,-0.6
37,3428,2,-7.23993558776167
37,3429,1,-7.23993558776167
37,3430,41,-7.23993558776167
37,3431,119,78.2359550561798
37,3432,189,207.752
37,3433,316,-116.1
37,3434,-379,-301.09375
37,3435,-133,-151.777777777778
37,3436,-9,29
37,3437,-63,-7.23993558776167
37,3438,26,-48.7777777777778
37,3439,29,-15.6333333333333
37,3440,-107,-15.6333333333333
37,3441,105,-11.7608695652174
37,3442,197,232.743243243243
37,3443,-57,-39.0769230769231
37,3444,43,-151.777777777778
37,3445,-34,78.2359550561798
37,3446,-83,-7.23993558776167
37,3447,-56,-48.7777777777778
37,3448,-73,-48.7777777777778
37,3449,-52,-48.7777777777778
37,3450,-14,-48.7777777777778
37,3451,-9,-7.23993558776167
37,3452,2,-7.23993558776167
37,3453,5,-7.23993558776167
37,3454,46,-7.23993558776167
37,3455,116,153.345238095238
37,3456,373,207.752
37,3457,252,-116.1
37,3458,-435,-233.490909090909
37,3459,-170,-151.777777777778
37,3460,55,29
37,3461,66,-4.38888888888889
37,3462,-24,-4.38888888888889
37,3463,-3,-7.23993558776167
37,3464,25,-7.23993558776167
37,3465,155,119
37,3466,420,275.989130434783
37,3467,6,-116.1
37,3468,-281,-174.713043478261
37,3469,-202,-137.025974025974
37,3470,-60,-93.7692307692308
37,3471,-120,12.9310344827586
37,3472,-106,-48.7777777777778
37,3473,-65,-48.7777777777778
37,3474,-40,-11.7608695652174
37,3475,-7,-11.7608695652174
37,3476,-5,-0.6
37,3477,0,-7.23993558776167
37,3478,50,-7.23993558776167
37,3479,114,153.345238095238
37,3480,364,207.752
37,3481,256,207.752
37,3482,-435,-233.490909090909
37,3483,-165,-151.777777777778
37,3484,53,29
37,3485,47,-4.38888888888889
37,3486,46,-4.38888888888889
37,3487,-38,-105.285714285714
37,3488,-7,-11.7608695652174
37,3489,166,119
37,3490,519,275.989130434783
37,3491,-76,1.16666666666667
37,3492,-297,-174.713043478261
37,3493,-186,-137.025974025974
37,3494,-143,-93.7692307692308
37,3495,13,12.9310344827586
37,3496,-133,-15.6333333333333
37,3497,-88,-11.7608695652174
37,3498,-17,-11.7608695652174
37,3499,-35,119
37,3500,-2,-7.23993558776167
37,3501,-2,-7.23993558776167
37,3502,39,-7.23993558776167
37,3503,116,41.5748031496063
37,3504,338,207.752
37,3505,254,-116.1
37,3506,-374,-233.490909090909
37,3507,-158,-151.777777777778
37,3508,96,29
37,3509,68,-4.38888888888889
37,3510,32,-4.38888888888889
37,3511,-9,-15.6333333333333
37,3512,11,-7.23993558776167
37,3513,144,119
37,3514,279,275.989130434783
37,3515,-41,1.16666666666667
37,3516,-217,-174.713043478261
37,3517,-219,-137.025974025974
37,3518,-57,-93.7692307692308
37,3519,-17,12.9310344827586
37,3520,-109,-7.23993558776167
37,3521,-14,-48.7777777777778
37,3522,-48,-7.23993558776167
37,3523,-41,-11.7608695652174
37,3524,-38,-48.7777777777778
37,3525,-30,-48.7777777777778
37,3526,2,-7.23993558776167
37,3527,24,-7.23993558776167
37,3528,36,78.2359550561798
37,3529,141,41.5748031496063
37,3530,159,207.752
37,3531,97,-116.1
37,3532,152,1.16666666666667
37,3533,62,-48.35
37,3534,19,1.16666666666667
37,3535,-53,-15.6333333333333
37,3536,96,-48.7777777777778
37,3537,-70,-4.38888888888889
37,3538,-34,-125.923076923077
37,3539,-48,-7.23993558776167
37,3540,-191,-48.7777777777778
37,3541,-82,-125.923076923077
37,3542,-64,12.9310344827586
37,3543,-22,-11.7608695652174
37,3544,-68,-7.23993558776167
37,3545,9,-48.7777777777778
37,3546,-38,78.2359550561798
37,3547,-47,-11.7608695652174
37,3548,-41,-48.7777777777778
37,3549,-44,-48.7777777777778
37,3550,-4,-11.7608695652174
37,3551,10,-7.23993558776167
37,3552,41,78.2359550561798
37,3553,118,41.5748031496063
37,3554,101,207.752
37,3555,213,-116.1
37,3556,81,-39.0769230769231
37,3557,206,-151.777777777778
37,3558,-74,-48.35
37,3559,-36,-151.777777777778
37,3560,-26,-48.7777777777778
37,3561,51,-7.23993558776167
37,3562,32,-4.38888888888889
37,3563,-183,-15.6333333333333
37,3564,-127,-11.7608695652174
37,3565,-161,12.9310344827586
37,3566,-56,-125.923076923077
37,3567,-58,-48.7777777777778
37,3568,-38,-48.7777777777778
37,3569,-36,-11.7608695652174
37,3570,-46,-11.7608695652174
37,3571,-10,-11.7608695652174
37,3572,-3,-7.23993558776167
37,3573,3,-7.23993558776167
37,3574,29,-7.23993558776167
37,3575,131,78.2359550561798
37,3576,362,176.58
37,3577,220,-116.1
37,3578,-422,-233.490909090909
37,3579,-130,-151.777777777778
37,3580,40,-93.7692307692308
37,3581,104,41.5748031496063
37,3582,-14,-4.38888888888889
37,3583,-25,-7.23993558776167
37,3584,-3,-7.23993558776167
37,3585,216,119
37,3586,382,275.989130434783
37,3587,-45,-116.1
37,3588,-263,-174.713043478261
37,3589,-158,-137.025974025974
37,3590,-176,-93.7692307692308
37,3591,-84,-48.7777777777778
37,3592,-78,12.9310344827586
37,3593,-30,-48.7777777777778
37,3594,-51,-7.23993558776167
37,3595,1,-11.7608695652174
37,3596,-9,-7.23993558776167
37,3597,4,-7.23993558776167
37,3598,38,-7.23993558776167
37,3599,147,78.2359550561798
37,3600,362,176.58
37,3601,249,-116.1
37,3602,-396,-233.490909090909
37,3603,-239,-151.777777777778
37,3604,48,29
37,3605,84,-4.38888888888889
37,3606,3,-4.38888888888889
37,3607,-12,-7.23993558776167
37,3608,10,-7.23993558776167
37,3609,192,119
37,3610,472,275.989130434783
37,3611,-145,-116.1
37,3612,-283,-174.713043478261
37,3613,-114,-137.025974025974
37,3614,-128,-93.7692307692308
37,3615,-109,-48.7777777777778
37,3616,-90,-48.7777777777778
37,3617,-58,-11.7608695652174
37,3618,-11,-11.7608695652174
37,3619,-12,-0.6
37,3620,-7,-7.23993558776167
37,3621,4,-7.23993558776167
37,3622,22,-7.23993558776167
37,3623,146,78.2359550561798
37,3624,350,207.752
37,3625,306,-116.1
37,3626,-504,-301.09375
37,3627,-149,-151.777777777778
37,3628,42,29
37,3629,89,41.5748031496063
37,3630,24,-4.38888888888889
37,3631,-63,-15.6333333333333
37,3632,23,-11.7608695652174
37,3633,168,119
37,3634,485,275.989130434783
37,3635,-69,1.16666666666667
37,3636,-257,-174.713043478261
37,3637,-193,-137.025974025974
37,3638,-74,-93.7692307692308
37,3639,-145,12.9310344827586
37,3640,-100,-48.7777777777778
37,3641,-50,-11.7608695652174
37,3642,-44,-11.7608695652174
37,3643,-5,-11.7608695652174
37,3644,-9,-0.6
37,3645,1,-7.23993558776167
37,3646,58,-7.23993558776167
37,3647,103,153.345238095238
37,3648,389,207.752
37,3649,236,207.752
37,3650,-459,-233.490909090909
37,3651,-127,-151.777777777778
37,3652,86,29
37,3653,41,-4.38888888888889
37,3654,-9,-15.6333333333333
37,3655,-68,-7.23993558776167
37,3656,38,-11.7608695652174
37,3657,176,119
37,3658,433,275.989130434783
37,3659,-6,-116.1
37,3660,-340,-174.713043478261
37,3661,-102,-137.025974025974
37,3662,-204,-93.7692307692308
37,3663,-206,-48.7777777777778
37,3664,-2,12.9310344827586
37,3665,-28,-7.23993558776167
37,3666,-4,-7.23993558776167
37,3667,-3,-0.6
37,3668,-3,-7.23993558776167
37,3669,5,-0.6
37,3670,26,119
37,3671,100,78.2359550561798
37,3672,256,176.58
37,3673,311,241.466666666667
37,3674,-279,-301.09375
37,3675,-181,-151.777777777778
37,3676,116,29
37,3677,19,-4.38888888888889
37,3678,30,1.16666666666667
37,3679,-11,-15.6333333333333
37,3680,-7,-7.23993558776167
37,3681,110,119
37,3682,306,275.989130434783
37,3683,-141,-4.38888888888889
37,3684,-159,-174.713043478261
37,3685,-172,-137.025974025974
37,3686,-99,-93.7692307692308
37,3687,-17,-48.7777777777778
37,3688,-30,-7.23993558776167
37,3689,-41,-7.23993558776167
37,3690,-48,-11.7608695652174
37,3691,-9,-11.7608695652174
37,3692,-63,-7.23993558776167
37,3693,-15,-48.7777777777778
37,3694,1,-7.23993558776167
37,3695,22,-7.23993558776167
37,3696,36,78.2359550561798
37,3697,138,78.2359550561798
37,3698,121,176.58
37,3699,140,-116.1
37,3700,191,1.16666666666667
37,3701,19,1.16666666666667
37,3702,4,-151.777777777778
37,3703,64,-7.23993558776167
37,3704,-23,-4.38888888888889
37,3705,-5,-7.23993558776167
37,3706,-10,-7.23993558776167
37,3707,-118,-7.23993558776167
37,3708,-124,-125.923076923077
37,3709,-155,-125.923076923077
37,3710,-23,-48.7777777777778
37,3711,-71,-7.23993558776167
37,3712,-25,-48.7777777777778
37,3713,-49,-7.23993558776167
37,3714,-31,-11.7608695652174
37,3715,-24,-7.23993558776167
37,3716,-34,-7.23993558776167
37,3717,-51,-7.23993558776167
37,3718,3,-48.7777777777778
37,3719,12,-7.23993558776167
37,3720,35,78.2359550561798
37,3721,87,78.2359550561798
37,3722,141,176.58
37,3723,194,-39.0769230769231
37,3724,112,1.16666666666667
37,3725,89,-151.777777777778
37,3726,-86,-48.35
37,3727,18,-48.7777777777778
37,3728,37,-15.6333333333333
37,3729,-1,-15.6333333333333
37,3730,-73,-7.23993558776167
37,3731,-174,-125.923076923077
37,3732,-144,-11.7608695652174
37,3733,-63,-48.7777777777778
37,3734,-71,-48.7777777777778
37,3735,-32,-48.7777777777778
37,3736,-34,-7.23993558776167
37,3737,-12,-7.23993558776167
37,3738,-27,-7.23993558776167
37,3739,-6,-7.23993558776167
37,3740,-5,-7.23993558776167
37,3741,3,-7.23993558776167
37,3742,26,-7.23993558776167
37,3743,119,78.2359550561798
37,3744,328,176.58
37,3745,301,-116.1
37,3746,-444,-301.09375
37,3747,-161,-151.777777777778
37,3748,93,29
37,3749,51,-4.38888888888889
37,3750,-18,-4.38888888888889
37,3751,-61,-7.23993558776167
37,3752,85,-11.7608695652174
37,3753,130,90.7755102040816
37,3754,397,275.989130434783
37,3755,-243,-301.09375
37,3756,-97,-174.713043478261
37,3757,-254,29
37,3758,-44,-93.7692307692308
37,3759,-11,12.9310344827586
37,3760,-102,-7.23993558776167
37,3761,-74,-11.7608695652174
37,3762,-20,-11.7608695652174
37,3763,-9,-7.23993558776167
37,3764,3,-0.6
37,3765,5,-7.23993558776167
37,3766,33,-7.23993558776167
37,3767,136,41.5748031496063
37,3768,81,207.752
37,3769,-126,-116.1
37,3770,-48,-48.7777777777778
37,3771,-41,-48.7777777777778
37,3772,54,-48.7777777777778
37,3773,5,-4.38888888888889
37,3774,50,-7.23993558776167
37,3775,9,-105.285714285714
37,3776,46,41.5748031496063
37,3777,165,153.345238095238
37,3778,341,-39.0769230769231
37,3779,-28,1.16666666666667
37,3780,-292,-151.777777777778
37,3781,-89,-137.025974025974
37,3782,-17,-93.7692307692308
37,3783,-49,-7.23993558776167
37,3784,-142,-48.7777777777778
37,3785,-46,-48.7777777777778
37,3786,-33,-11.7608695652174
37,3787,-10,-0.6
37,3788,-2,-7.23993558776167
37,3789,4,-7.23993558776167
37,3790,23,-7.23993558776167
37,3791,143,78.2359550561798
37,3792,338,207.752
37,3793,294,-116.1
37,3794,-447,-301.09375
37,3795,-187,-151.777777777778
37,3796,55,29
37,3797,128,-4.38888888888889
37,3798,-79,-4.38888888888889
37,3799,-28,-113.260869565217
37,3800,68,-7.23993558776167
37,3801,159,90.7755102040816
37,3802,439,275.989130434783
37,3803,-107,-301.09375
37,3804,-217,-174.713043478261
37,3805,-96,-137.025974025974
37,3806,-288,-93.7692307692308
37,3807,32,-48.7777777777778
37,3808,-21,-15.6333333333333
37,3809,-144,-7.23993558776167
37,3810,-51,-11.7608695652174
37,3811,-12,-11.7608695652174
37,3812,-2,-7.23993558776167
37,3813,-1,-0.6
37,3814,29,-7.23993558776167
37,3815,94,41.5748031496063
37,3816,258,207.752
37,3817,347,207.752
37,3818,-379,-301.09375
37,3819,-182,-151.777777777778
37,3820,37,29
37,3821,74,41.5748031496063
37,3822,6,-4.38888888888889
37,3823,-27,-7.23993558776167
37,3824,58,-7.23993558776167
37,3825,172,90.7755102040816
37,3826,404,275.989130434783
37,3827,-14,1.16666666666667
37,3828,-353,-174.713043478261
37,3829,-93,-137.025974025974
37,3830,-120,-93.7692307692308
37,3831,-89,-48.7777777777778
37,3832,-77,-48.7777777777778
37,3833,-53,-48.7777777777778
37,3834,-56,-11.7608695652174
37,3835,-35,-11.7608695652174
37,3836,5,-7.23993558776167
37,3837,-5,-7.23993558776167
37,3838,30,-7.23993558776167
37,3839,96,78.2359550561798
37,3840,291,207.752
37,3841,357,207.752
37,3842,-401,-301.09375
37,3843,-124,-151.777777777778
37,3844,44,29
37,3845,164,41.5748031496063
37,3846,-44,-4.38888888888889
37,3847,-24,-113.260869565217
37,3848,70,-7.23993558776167
37,3849,164,90.7755102040816
37,3850,266,275.989130434783
37,3851,-139,-301.09375
37,3852,-261,-174.713043478261
37,3853,-128,-137.025974025974
37,3854,-105,-93.7692307692308
37,3855,-3,-48.7777777777778
37,3856,-93,-7.23993558776167
37,3857,20,-11.7608695652174
37,3858,-50,178.25
37,3859,-66,-11.7608695652174
37,3860,-19,-11.7608695652174
37,3861,-45,-7.23993558776167
37,3862,-1,-11.7608695652174
37,3863,20,-7.23993558776167
37,3864,54,78.2359550561798
37,3865,122,153.345238095238
37,3866,189,207.752
37,3867,144,-233.490909090909
37,3868,108,-151.777777777778
37,3869,96,1.16666666666667
37,3870,-33,-48.35
37,3871,-134,-7.23993558776167
37,3872,44,-48.7777777777778
37,3873,39,-15.6333333333333
37,3874,-49,-15.6333333333333
37,3875,-115,-125.923076923077
37,3876,-154,-125.923076923077
37,3877,-94,-11.7608695652174
37,3878,-32,-48.7777777777778
37,3879,-30,-7.23993558776167
37,3880,-6,-7.23993558776167
37,3881,-52,-7.23993558776167
37,3882,-18,-11.7608695652174
37,3883,-35,-7.23993558776167
37,3884,-52,-7.23993558776167
37,3885,-11,-48.7777777777778
37,3886,-1,-7.23993558776167
37,3887,13,-7.23993558776167
37,3888,12,41.5748031496063
37,3889,27,78.2359550561798
37,3890,24,41.5748031496063
37,3891,99,78.2359550561798
37,3892,151,90.7755102040816
37,3893,56,-4.38888888888889
37,3894,-72,1.16666666666667
37,3895,-6,-48.7777777777778
37,3896,-8,-7.23993558776167
37,3897,27,-7.23993558776167
37,3898,-176,-15.6333333333333
37,3899,-51,-48.7777777777778
37,3900,8,12.9310344827586
37,3901,2,-7.23993558776167
37,3902,-3,-7.23993558776167
37,3903,-34,-7.23993558776167
37,3904,1,-7.23993558776167
37,3905,-29,-7.23993558776167
37,3906,-14,-7.23993558776167
37,3907,-22,-7.23993558776167
37,3908,-5,-7.23993558776167
37,3909,-3,-7.23993558776167
37,3910,12,-7.23993558776167
37,3911,40,78.2359550561798
37,3912,95,41.5748031496063
37,3913,243,176.58
37,3914,-65,-39.0769230769231
37,3915,-34,-151.777777777778
37,3916,10,-7.23993558776167
37,3917,33,41.5748031496063
37,3918,64,-15.6333333333333
37,3919,15,-4.38888888888889
37,3920,-50,-15.6333333333333
37,3921,7,-48.7777777777778
37,3922,120,-7.23993558776167
37,3923,-41,-4.38888888888889
37,3924,-85,-99.6511627906977
37,3925,-144,-48.7777777777778
37,3926,-76,-48.7777777777778
37,3927,-44,-48.7777777777778
37,3928,-38,-48.7777777777778
37,3929,-38,-48.7777777777778
37,3930,-18,-11.7608695652174
37,3931,-6,-7.23993558776167
37,3932,-4,-7.23993558776167
37,3933,4,-7.23993558776167
37,3934,12,-7.23993558776167
37,3935,124,78.2359550561798
37,3936,219,207.752
37,3937,351,-116.1
37,3938,-331,-301.09375
37,3939,-218,-151.777777777778
37,3940,29,29
37,3941,67,41.5748031496063
37,3942,-22,-4.38888888888889
37,3943,6,-7.23993558776167
37,3944,10,-7.23993558776167
37,3945,170,119
37,3946,382,275.989130434783
37,3947,-22,-116.1
37,3948,-270,-151.777777777778
37,3949,-154,-137.025974025974
37,3950,-135,-93.7692307692308
37,3951,-63,-48.7777777777778
37,3952,-78,-48.7777777777778
37,3953,-51,-48.7777777777778
37,3954,-25,-11.7608695652174
37,3955,0,-0.6
37,3956,-2,-7.23993558776167
37,3957,0,-7.23993558776167
37,3958,34,-7.23993558776167
37,3959,135,78.2359550561798
37,3960,332,207.752
37,3961,332,-116.1
37,3962,-473,-301.09375
37,3963,-149,-151.777777777778
37,3964,74,29
37,3965,99,-4.38888888888889
37,3966,-93,-4.38888888888889
37,3967,-26,-48.7777777777778
37,3968,48,-7.23993558776167
37,3969,247,90.7755102040816
37,3970,382,275.989130434783
37,3971,-104,-116.1
37,3972,-278,-174.713043478261
37,3973,-174,-137.025974025974
37,3974,-123,-93.7692307692308
37,3975,-72,-48.7777777777778
37,3976,-61,-48.7777777777778
37,3977,-94,-11.7608695652174
37,3978,-31,-11.7608695652174
37,3979,0,-0.6
37,3980,-8,-7.23993558776167
37,3981,7,-7.23993558776167
37,3982,32,-7.23993558776167
37,3983,117,78.2359550561798
37,3984,319,207.752
37,3985,320,-116.1
37,3986,-443,-151.777777777778
37,3987,-151,-151.777777777778
37,3988,47,29
37,3989,75,-4.38888888888889
37,3990,-35,-4.38888888888889
37,3991,57,-7.23993558776167
37,3992,112,-105.285714285714
37,3993,21,90.7755102040816
37,3994,346,178.25
37,3995,-135,-105.285714285714
37,3996,51,-151.777777777778
37,3997,-328,192.636363636364
37,3998,-155,-93.7692307692308
37,3999,-83,12.9310344827586
37,4000,9,-48.7777777777778
37,4001,-118,-15.6333333333333
37,4002,-31,-48.7777777777778
37,4003,-21,-7.23993558776167
37,4004,-10,119
37,4005,2,-7.23993558776167
37,4006,27,-7.23993558776167
37,4007,108,78.2359550561798
37,4008,249,207.752
37,4009,353,241.466666666667
37,4010,-345,-301.09375
37,4011,-125,-151.777777777778
37,4012,38,29
37,4013,74,41.5748031496063
37,4014,-6,-4.38888888888889
37,4015,-10,-7.23993558776167
37,4016,84,-7.23993558776167
37,4017,65,90.7755102040816
37,4018,317,275.989130434783
37,4019,-195,-105.285714285714
37,4020,-149,-174.713043478261
37,4021,-185,29
37,4022,-118,-93.7692307692308
37,4023,-30,12.9310344827586
37,4024,-60,-7.23993558776167
37,4025,149,-11.7608695652174
37,4026,-103,207.752
37,4027,-79,-113.260869565217
37,4028,-52,-11.7608695652174
37,4029,-4,-48.7777777777778
37,4030,0,-7.23993558776167
37,4031,17,-7.23993558776167
37,4032,42,-15.6333333333333
37,4033,104,41.5748031496063
37,4034,92,207.752
37,4035,81,90.7755102040816
37,4036,180,90.7755102040816
37,4037,46,42.75
37,4038,97,1.16666666666667
37,4039,-73,-48.35
37,4040,18,-48.7777777777778
37,4041,22,-15.6333333333333
37,4042,-109,-15.6333333333333
37,4043,-55,-48.7777777777778
37,4044,-141,-48.7777777777778
37,4045,-77,-11.7608695652174
37,4046,-51,-48.7777777777778
37,4047,-15,-48.7777777777778
37,4048,-64,-7.23993558776167
37,4049,-14,-48.7777777777778
37,4050,1,-7.23993558776167
37,4051,-46,-7.23993558776167
37,4052,-38,-48.7777777777778
37,4053,-16,-48.7777777777778
37,4054,-1,-7.23993558776167
37,4055,13,-7.23993558776167
37,4056,27,78.2359550561798
37,4057,81,41.5748031496063
37,4058,91,207.752
37,4059,205,90.7755102040816
37,4060,66,-39.0769230769231
37,4061,68,-151.777777777778
37,4062,57,-48.35
37,4063,-2,-48.35
37,4064,-49,-7.23993558776167
37,4065,13,-48.7777777777778
37,4066,-42,-15.6333333333333
37,4067,-86,-48.7777777777778
37,4068,-117,-125.923076923077
37,4069,-90,-48.7777777777778
37,4070,-50,-48.7777777777778
37,4071,-71,-48.7777777777778
37,4072,-20,-48.7777777777778
37,4073,-57,-7.23993558776167
37,4074,-19,-11.7608695652174
37,4075,-23,-7.23993558776167
37,4076,-2,-7.23993558776167
37,4077,6,-7.23993558776167
37,4078,30,-7.23993558776167
37,4079,107,78.2359550561798
37,4080,329,207.752
37,4081,261,241.466666666667
37,4082,-378,-151.777777777778
37,4083,-191,-151.777777777778
37,4084,95,29
37,4085,21,-4.38888888888889
37,4086,-138,-15.6333333333333
37,4087,39,-48.7777777777778
37,4088,75,-15.6333333333333
37,4089,187,90.7755102040816
37,4090,319,275.989130434783
37,4091,-174,-301.09375
37,4092,-353,-151.777777777778
37,4093,17,29
37,4094,-50,-15.6333333333333
37,4095,-80,-48.7777777777778
37,4096,-45,-48.7777777777778
37,4097,-33,-11.7608695652174
37,4098,-35,-7.23993558776167
37,4099,-10,-0.6
37,4100,-1,-7.23993558776167
37,4101,5,-7.23993558776167
37,4102,45,-7.23993558776167
37,4103,120,78.2359550561798
37,4104,353,176.58
37,4105,310,-116.1
37,4106,-480,-301.09375
37,4107,-133,-151.777777777778
37,4108,6,29
37,4109,97,-7.23993558776167
37,4110,3,-4.38888888888889
37,4111,-20,-7.23993558776167
37,4112,38,-7.23993558776167
37,4113,100,119
37,4114,497,232.743243243243
37,4115,-105,-105.285714285714
37,4116,-307,-174.713043478261
37,4117,-99,-137.025974025974
37,4118,-237,-93.7692307692308
37,4119,-14,-48.7777777777778
37,4120,18,-7.23993558776167
37,4121,-150,-15.6333333333333
37,4122,-32,-11.7608695652174
37,4123,-1,119
37,4124,-9,-7.23993558776167
37,4125,-3,-0.6
37,4126,37,-7.23993558776167
37,4127,137,41.5748031496063
37,4128,286,207.752
37,4129,353,-116.1
37,4130,-435,-301.09375
37,4131,-154,-151.777777777778
37,4132,6,29
37,4133,98,-7.23993558776167
37,4134,-22,-4.38888888888889
37,4135,-40,-7.23993558776167
37,4136,31,-11.7608695652174
37,4137,165,119
37,4138,422,232.743243243243
37,4139,-4,-116.1
37,4140,-368,-174.713043478261
37,4141,-102,-137.025974025974
37,4142,-85,-93.7692307692308
37,4143,-114,-48.7777777777778
37,4144,-116,-48.7777777777778
37,4145,-42,-48.7777777777778
37,4146,-43,-11.7608695652174
37,4147,0,-11.7608695652174
37,4148,-9,-7.23993558776167
37,4149,0,-7.23993558776167
37,4150,37,-7.23993558776167
37,4151,111,78.2359550561798
37,4152,355,207.752
37,4153,326,207.752
37,4154,-447,-301.09375
37,4155,-169,-151.777777777778
37,4156,50,29
37,4157,109,-4.38888888888889
37,4158,-45,-4.38888888888889
37,4159,-47,-48.7777777777778
37,4160,68,-11.7608695652174
37,4161,97,90.7755102040816
37,4162,440,275.989130434783
37,4163,-102,-105.285714285714
37,4164,-275,-174.713043478261
37,4165,-126,-137.025974025974
37,4166,-104,-93.7692307692308
37,4167,-54,-48.7777777777778
37,4168,-112,-48.7777777777778
37,4169,-61,-11.7608695652174
37,4170,-40,-11.7608695652174
37,4171,-6,-11.7608695652174
37,4172,-5,-7.23993558776167
37,4173,1,-7.23993558776167
37,4174,30,-7.23993558776167
37,4175,95,78.2359550561798
37,4176,23,207.752
37,4177,313,78.2359550561798
37,4178,-78,-39.0769230769231
37,4179,-165,-151.777777777778
37,4180,28,-137.025974025974
37,4181,80,41.5748031496063
37,4182,43,-4.38888888888889
37,4183,-10,41.5748031496063
37,4184,30,-7.23993558776167
37,4185,170,41.5748031496063
37,4186,-140,-39.0769230769231
37,4187,-192,-99.6511627906977
37,4188,-1,-48.7777777777778
37,4189,-3,-7.23993558776167
37,4190,-23,-7.23993558776167
37,4191,-16,-7.23993558776167
37,4192,-59,-7.23993558776167
37,4193,-8,-11.7608695652174
37,4194,-28,-0.6
37,4195,-17,-7.23993558776167
37,4196,-49,-7.23993558776167
37,4197,-11,-48.7777777777778
37,4198,-5,-7.23993558776167
37,4199,18,-7.23993558776167
37,4200,34,78.2359550561798
37,4201,128,41.5748031496063
37,4202,170,176.58
37,4203,60,-116.1
37,4204,189,1.16666666666667
37,4205,91,-39.0769230769231
37,4206,11,-151.777777777778
37,4207,-3,-15.6333333333333
37,4208,0,-7.23993558776167
37,4209,-20,-7.23993558776167
37,4210,40,-7.23993558776167
37,4211,-210,-15.6333333333333
37,4212,-176,-48.7777777777778
37,4213,-86,12.9310344827586
37,4214,37,12.9310344827586
37,4215,-94,41.5748031496063
37,4216,-39,-48.7777777777778
37,4217,-9,-11.7608695652174
37,4218,-37,119
37,4219,15,-11.7608695652174
37,4220,-91,78.2359550561798
37,4221,-20,-11.7608695652174
37,4222,-11,-7.23993558776167
37,4223,16,-7.23993558776167
37,4224,30,78.2359550561798
37,4225,87,41.5748031496063
37,4226,126,137.52380952381
37,4227,174,-39.0769230769231
37,4228,104,1.16666666666667
37,4229,128,1.16666666666667
37,4230,-49,-48.35
37,4231,14,-99.6511627906977
37,4232,-17,-15.6333333333333
37,4233,-32,-7.23993558776167
37,4234,-100,-7.23993558776167
37,4235,-78,-125.923076923077
37,4236,-147,-125.923076923077
37,4237,-71,-48.7777777777778
37,4238,-29,-125.923076923077
37,4239,-53,-7.23993558776167
37,4240,-47,-11.7608695652174
37,4241,-35,-11.7608695652174
37,4242,-20,-7.23993558776167
37,4243,-6,-7.23993558776167
37,4244,1,-7.23993558776167
37,4245,1,-7.23993558776167
37,4246,39,-7.23993558776167
37,4247,98,78.2359550561798
37,4248,308,176.58
37,4249,276,241.466666666667
37,4250,-368,-301.09375
37,4251,-148,-151.777777777778
37,4252,-1,29
37,4253,72,-7.23993558776167
37,4254,32,-4.38888888888889
37,4255,-33,-15.6333333333333
37,4256,14,-7.23993558776167
37,4257,228,119
37,4258,398,232.743243243243
37,4259,-136,-151.777777777778
37,4260,-272,-174.713043478261
37,4261,-111,-137.025974025974
37,4262,-229,-93.7692307692308
37,4263,9,-48.7777777777778
37,4264,-20,-15.6333333333333
37,4265,-126,-7.23993558776167
37,4266,-20,-11.7608695652174
37,4267,-10,119
37,4268,-6,-7.23993558776167
37,4269,6,-0.6
37,4270,43,-7.23993558776167
37,4271,108,41.5748031496063
37,4272,373,207.752
37,4273,230,241.466666666667
37,4274,-427,-151.777777777778
37,4275,-113,-151.777777777778
37,4276,32,-93.7692307692308
37,4277,125,-15.6333333333333
37,4278,-75,-4.38888888888889
37,4279,-7,-113.260869565217
37,4280,50,-7.23993558776167
37,4281,195,90.7755102040816
37,4282,397,275.989130434783
37,4283,-112,-301.09375
37,4284,-344,-174.713043478261
37,4285,-103,-137.025974025974
37,4286,-84,-93.7692307692308
37,4287,-101,-48.7777777777778
37,4288,-83,-48.7777777777778
37,4289,-65,-11.7608695652174
37,4290,-19,-11.7608695652174
37,4291,-21,-0.6
37,4292,-2,-7.23993558776167
37,4293,2,-7.23993558776167
37,4294,47,-7.23993558776167
37,4295,120,153.345238095238
37,4296,353,207.752
37,4297,275,-116.1
37,4298,-428,-301.09375
37,4299,-202,-151.777777777778
37,4300,65,29
37,4301,80,-4.38888888888889
37,4302,-10,-4.38888888888889
37,4303,-5,-7.23993558776167
37,4304,7,-7.23993558776167
37,4305,224,119
37,4306,431,275.989130434783
37,4307,-105,-116.1
37,4308,-286,-174.713043478261
37,4309,-131,-137.025974025974
37,4310,-128,-93.7692307692308
37,4311,-75,-48.7777777777778
37,4312,-115,-48.7777777777778
37,4313,-47,-11.7608695652174
37,4314,-48,-11.7608695652174
37,4315,-10,-11.7608695652174
37,4316,-10,-7.23993558776167
37,4317,-3,-7.23993558776167
37,4318,50,-7.23993558776167
37,4319,116,153.345238095238
37,4320,324,207.752
37,4321,284,-301.09375
37,4322,-436,-301.09375
37,4323,-118,-151.777777777778
37,4324,13,29
37,4325,81,-15.6333333333333
37,4326,-6,-4.38888888888889
37,4327,-28,-7.23993558776167
37,4328,20,-7.23993558776167
37,4329,194,119
37,4330,387,232.743243243243
37,4331,-77,-116.1
37,4332,-267,-174.713043478261
37,4333,-195,-137.025974025974
37,4334,-76,-93.7692307692308
37,4335,-64,12.9310344827586
37,4336,-72,-48.7777777777778
37,4337,-64,-11.7608695652174
37,4338,-35,-11.7608695652174
37,4339,-17,-0.6
37,4340,-6,-0.6
37,4341,-8,-7.23993558776167
37,4342,45,-7.23993558776167
38,1,-309,-157.092105263158
38,2,-166,-145.4
38,3,-99,5.63157894736842
38,4,-66,-51.9710610932476
38,5,-75,-51.9710610932476
38,6,-8,-51.9710610932476
38,7,-66,-8.40432612312812
38,8,-7,-14.2142857142857
38,9,-11,-8.40432612312812
38,10,-4,-8.40432612312812
38,11,19,-8.40432612312812
38,12,115,76.3193277310924
38,13,248,224.674418604651
38,14,243,189.586092715232
38,15,-323,-288.8
38,16,-136,-157.092105263158
38,17,33,29.1818181818182
38,18,100,33.620253164557
38,19,-36,-15.0909090909091
38,20,-61,-8.40432612312812
38,21,79,-14.2142857142857
38,22,87,82.2857142857143
38,23,334,278.134146341463
38,24,2,-103.090909090909
38,25,-184,-162.01724137931
38,26,-102,-145.4
38,27,-121,-51.9710610932476
38,28,-53,-51.9710610932476
38,29,-125,-51.9710610932476
38,30,-32,-51.9710610932476
38,31,-41,-8.40432612312812
38,32,-37,-14.2142857142857
38,33,3,-14.2142857142857
38,34,-10,-8.40432612312812
38,35,20,-8.40432612312812
38,36,111,76.3193277310924
38,37,221,224.674418604651
38,38,262,189.586092715232
38,39,-324,-288.8
38,40,-95,-157.092105263158
38,41,59,29.1818181818182
38,42,-87,-15.0909090909091
38,43,107,-51.9710610932476
38,44,-36,-103.090909090909
38,45,101,-8.40432612312812
38,46,97,189.586092715232
38,47,203,278.134146341463
38,48,-2,-103.090909090909
38,49,-189,-138.2
38,50,-139,-51.9710610932476
38,51,-78,-51.9710610932476
38,52,-3,-51.9710610932476
38,53,24,-8.40432612312812
38,54,-103,-17.1967213114754
38,55,-46,-14.2142857142857
38,56,-32,-14.2142857142857
38,57,-43,-8.40432612312812
38,58,-23,-51.9710610932476
38,59,13,-8.40432612312812
38,60,20,33.620253164557
38,61,45,33.620253164557
38,62,110,76.3193277310924
38,63,87,82.2857142857143
38,64,148,82.2857142857143
38,65,143,-73.8
38,66,-25,-18.6551724137931
38,67,-26,-18.6551724137931
38,68,-96,-8.40432612312812
38,69,113,-51.9710610932476
38,70,-1,-15.0909090909091
38,71,-38,-8.40432612312812
38,72,-68,-51.9710610932476
38,73,-29,-122.714285714286
38,74,-96,121.368932038835
38,75,-40,-51.9710610932476
38,76,-52,-51.9710610932476
38,77,-68,-51.9710610932476
38,78,-15,-51.9710610932476
38,79,-13,-8.40432612312812
38,80,-28,-8.40432612312812
38,81,-65,-8.40432612312812
38,82,-12,-51.9710610932476
38,83,-5,-8.40432612312812
38,84,6,-8.40432612312812
38,85,19,-8.40432612312812
38,86,78,76.3193277310924
38,87,77,189.586092715232
38,88,142,189.586092715232
38,89,81,-73.8
38,90,144,-18.6551724137931
38,91,7,-103.090909090909
38,92,-47,-18.6551724137931
38,93,53,-51.9710610932476
38,94,-27,-15.0909090909091
38,95,-33,-8.40432612312812
38,96,-48,-8.40432612312812
38,97,-80,-122.714285714286
38,98,-107,-51.9710610932476
38,99,-73,-122.714285714286
38,100,-46,-51.9710610932476
38,101,-55,-51.9710610932476
38,102,-68,-51.9710610932476
38,103,-25,-14.2142857142857
38,104,-3,-8.40432612312812
38,105,-1,-8.40432612312812
38,106,-3,-8.40432612312812
38,107,21,-8.40432612312812
38,108,119,76.3193277310924
38,109,243,189.586092715232
38,110,254,-212.821428571429
38,111,-289,-288.8
38,112,-160,-157.092105263158
38,113,23,29.1818181818182
38,114,50,33.620253164557
38,115,9,-15.0909090909091
38,116,-33,-17.1967213114754
38,117,23,-8.40432612312812
38,118,126,121.368932038835
38,119,381,278.134146341463
38,120,-89,-18.6551724137931
38,121,-134,-162.01724137931
38,122,-223,-145.4
38,123,-76,-51.9710610932476
38,124,-74,5.63157894736842
38,125,-60,-51.9710610932476
38,126,-75,-14.2142857142857
38,127,-29,-14.2142857142857
38,128,7,8
38,129,-10,-8.40432612312812
38,130,-1,-8.40432612312812
38,131,15,-8.40432612312812
38,132,145,76.3193277310924
38,133,298,189.586092715232
38,134,178,-212.821428571429
38,135,-346,-222.166666666667
38,136,-138,-110.883333333333
38,137,60,5.63157894736842
38,138,46,-15.0909090909091
38,139,-44,-15.0909090909091
38,140,-148,-51.9710610932476
38,141,63,-14.2142857142857
38,142,255,82.2857142857143
38,143,328,278.134146341463
38,144,-7,-44.5384615384615
38,145,-252,-162.01724137931
38,146,-156,-145.4
38,147,-79,5.63157894736842
38,148,-76,-51.9710610932476
38,149,-84,-51.9710610932476
38,150,-28,-51.9710610932476
38,151,-21,8
38,152,-13,8
38,153,1,-8.40432612312812
38,154,3,-8.40432612312812
38,155,23,-8.40432612312812
38,156,98,76.3193277310924
38,157,292,224.674418604651
38,158,204,189.586092715232
38,159,-297,-288.8
38,160,-172,-110.883333333333
38,161,48,5.63157894736842
38,162,79,-15.0909090909091
38,163,-14,-15.0909090909091
38,164,-23,-8.40432612312812
38,165,16,-8.40432612312812
38,166,98,121.368932038835
38,167,348,278.134146341463
38,168,-333,-15.0909090909091
38,169,-274,-162.01724137931
38,170,-47,29.1818181818182
38,171,-17,5.63157894736842
38,172,33,-8.40432612312812
38,173,-12,-17.1967213114754
38,174,-22,-8.40432612312812
38,175,-22,-8.40432612312812
38,176,-8,121.368932038835
38,177,0,-8.40432612312812
38,178,-1,-8.40432612312812
38,179,22,-8.40432612312812
38,180,115,33.620253164557
38,181,262,189.586092715232
38,182,229,189.586092715232
38,183,-269,-288.8
38,184,-207,-157.092105263158
38,185,102,5.63157894736842
38,186,16,-15.0909090909091
38,187,46,-17.1967213114754
38,188,-71,0.517241379310345
38,189,24,-14.2142857142857
38,190,150,121.368932038835
38,191,311,278.134146341463
38,192,38,-18.6551724137931
38,193,-217,-222.166666666667
38,194,-179,-145.4
38,195,-144,5.63157894736842
38,196,2,-51.9710610932476
38,197,-97,-8.40432612312812
38,198,-71,-51.9710610932476
38,199,-18,-14.2142857142857
38,200,-15,121.368932038835
38,201,-18,-8.40432612312812
38,202,-4,-8.40432612312812
38,203,17,-8.40432612312812
38,204,109,33.620253164557
38,205,216,224.674418604651
38,206,269,189.586092715232
38,207,-298,-288.8
38,208,-112,-157.092105263158
38,209,81,29.1818181818182
38,210,57,-15.0909090909091
38,211,15,-15.0909090909091
38,212,-29,-17.1967213114754
38,213,105,-8.40432612312812
38,214,86,82.2857142857143
38,215,254,278.134146341463
38,216,-183,-103.090909090909
38,217,-93,-162.01724137931
38,218,-162,-145.4
38,219,-71,-51.9710610932476
38,220,-36,-51.9710610932476
38,221,-54,-8.40432612312812
38,222,-44,-14.2142857142857
38,223,-43,-14.2142857142857
38,224,-37,-14.2142857142857
38,225,-22,-14.2142857142857
38,226,-25,-8.40432612312812
38,227,4,-8.40432612312812
38,228,20,-8.40432612312812
38,229,34,76.3193277310924
38,230,111,76.3193277310924
38,231,157,189.586092715232
38,232,76,-73.8
38,233,111,-110.883333333333
38,234,37,-103.090909090909
38,235,100,33.620253164557
38,236,-44,-103.090909090909
38,237,-25,-51.9710610932476
38,238,1,-8.40432612312812
38,239,-15,-8.40432612312812
38,240,-30,8
38,241,-107,-8.40432612312812
38,242,-152,-51.9710610932476
38,243,-57,-51.9710610932476
38,244,44,-51.9710610932476
38,245,-98,76.3193277310924
38,246,-78,-51.9710610932476
38,247,-4,-14.2142857142857
38,248,-12,-8.40432612312812
38,249,-54,-8.40432612312812
38,250,-19,-51.9710610932476
38,251,3,-8.40432612312812
38,252,9,-8.40432612312812
38,253,39,76.3193277310924
38,254,96,76.3193277310924
38,255,66,189.586092715232
38,256,128,82.2857142857143
38,257,78,-73.8
38,258,103,-18.6551724137931
38,259,71,-103.090909090909
38,260,-50,0.517241379310345
38,261,-53,-51.9710610932476
38,262,65,-51.9710610932476
38,263,-86,-15.0909090909091
38,264,-89,-51.9710610932476
38,265,-50,-122.714285714286
38,266,-109,-51.9710610932476
38,267,-61,-51.9710610932476
38,268,-38,-51.9710610932476
38,269,-57,-14.2142857142857
38,270,-39,-14.2142857142857
38,271,-24,-51.9710610932476
38,272,-9,-8.40432612312812
38,273,0,-8.40432612312812
38,274,4,-8.40432612312812
38,275,20,-8.40432612312812
38,276,39,76.3193277310924
38,277,10,76.3193277310924
38,278,81,76.3193277310924
38,279,-46,82.2857142857143
38,280,-51,-51.9710610932476
38,281,20,-51.9710610932476
38,282,106,33.620253164557
38,283,-9,-15.0909090909091
38,284,-5,-8.40432612312812
38,285,25,-8.40432612312812
38,286,-85,33.620253164557
38,287,118,-51.9710610932476
38,288,71,-15.0909090909091
38,289,4,-222.166666666667
38,290,-115,-8.40432612312812
38,291,-37,-51.9710610932476
38,292,-23,-14.2142857142857
38,293,-54,-8.40432612312812
38,294,-43,-51.9710610932476
38,295,-13,-51.9710610932476
38,296,-15,-8.40432612312812
38,297,2,-8.40432612312812
38,298,-1,-8.40432612312812
38,299,3,-8.40432612312812
38,300,16,-8.40432612312812
38,301,68,76.3193277310924
38,302,317,143.878787878788
38,303,-54,189.586092715232
38,304,-184,-138.2
38,305,53,-145.4
38,306,40,-15.0909090909091
38,307,-25,33.620253164557
38,308,-55,-8.40432612312812
38,309,72,-51.9710610932476
38,310,118,82.2857142857143
38,311,304,189.586092715232
38,312,55,-222.166666666667
38,313,-221,-222.166666666667
38,314,-249,-145.4
38,315,-154,5.63157894736842
38,316,-26,5.63157894736842
38,317,-12,-8.40432612312812
38,318,-32,-8.40432612312812
38,319,-18,-8.40432612312812
38,320,-2,8
38,321,-13,-8.40432612312812
38,322,-2,-8.40432612312812
38,323,34,-8.40432612312812
38,324,120,76.3193277310924
38,325,282,189.586092715232
38,326,210,-212.821428571429
38,327,-303,-288.8
38,328,-155,-110.883333333333
38,329,75,5.63157894736842
38,330,63,-15.0909090909091
38,331,20,-15.0909090909091
38,332,-87,-17.1967213114754
38,333,11,-14.2142857142857
38,334,172,121.368932038835
38,335,427,278.134146341463
38,336,-27,-110.883333333333
38,337,-256,-162.01724137931
38,338,-131,-145.4
38,339,-66,5.63157894736842
38,340,-107,-51.9710610932476
38,341,-153,-51.9710610932476
38,342,-54,-51.9710610932476
38,343,-51,-14.2142857142857
38,344,-12,-14.2142857142857
38,345,-13,-8.40432612312812
38,346,13,-8.40432612312812
38,347,19,76.3193277310924
38,348,124,76.3193277310924
38,349,315,224.674418604651
38,350,160,-212.821428571429
38,351,-288,-157.092105263158
38,352,-141,-110.883333333333
38,353,74,5.63157894736842
38,354,69,-15.0909090909091
38,355,-21,-15.0909090909091
38,356,-57,-8.40432612312812
38,357,46,-14.2142857142857
38,358,114,82.2857142857143
38,359,422,278.134146341463
38,360,16,-103.090909090909
38,361,-331,-162.01724137931
38,362,-91,-145.4
38,363,-147,5.63157894736842
38,364,-48,-51.9710610932476
38,365,-85,-51.9710610932476
38,366,-96,-51.9710610932476
38,367,-21,-14.2142857142857
38,368,-28,8
38,369,-7,-8.40432612312812
38,370,-3,-8.40432612312812
38,371,23,-8.40432612312812
38,372,148,76.3193277310924
38,373,333,224.674418604651
38,374,230,-212.821428571429
38,375,-384,-288.8
38,376,-106,-157.092105263158
38,377,79,5.63157894736842
38,378,26,-15.0909090909091
38,379,35,-17.1967213114754
38,380,-45,-17.1967213114754
38,381,41,-14.2142857142857
38,382,177,121.368932038835
38,383,244,278.134146341463
38,384,-143,-110.883333333333
38,385,-186,-162.01724137931
38,386,-146,-145.4
38,387,-79,-51.9710610932476
38,388,-7,-51.9710610932476
38,389,-77,-8.40432612312812
38,390,-26,-14.2142857142857
38,391,-44,8
38,392,-35,-14.2142857142857
38,393,-36,-8.40432612312812
38,394,-19,-8.40432612312812
38,395,-2,-8.40432612312812
38,396,38,-8.40432612312812
38,397,45,76.3193277310924
38,398,100,76.3193277310924
38,399,97,189.586092715232
38,400,160,82.2857142857143
38,401,134,-73.8
38,402,56,-110.883333333333
38,403,62,-18.6551724137931
38,404,26,0.517241379310345
38,405,-58,-17.1967213114754
38,406,-30,-51.9710610932476
38,407,-16,-8.40432612312812
38,408,19,-8.40432612312812
38,409,-213,8
38,410,-117,-122.714285714286
38,411,-56,5.63157894736842
38,412,79,-51.9710610932476
38,413,-99,189.586092715232
38,414,-69,-51.9710610932476
38,415,-40,-14.2142857142857
38,416,-32,-14.2142857142857
38,417,-32,-8.40432612312812
38,418,-50,-8.40432612312812
38,419,-8,-14.2142857142857
38,420,17,-8.40432612312812
38,421,65,76.3193277310924
38,422,81,143.878787878788
38,423,142,189.586092715232
38,424,119,-73.8
38,425,149,-18.6551724137931
38,426,56,-18.6551724137931
38,427,-30,-18.6551724137931
38,428,-64,-8.40432612312812
38,429,-41,-51.9710610932476
38,430,75,-51.9710610932476
38,431,-28,-15.0909090909091
38,432,-75,8
38,433,-72,-122.714285714286
38,434,-128,-122.714285714286
38,435,-41,-51.9710610932476
38,436,-88,-51.9710610932476
38,437,-59,-51.9710610932476
38,438,-46,-14.2142857142857
38,439,-25,-14.2142857142857
38,440,-4,-8.40432612312812
38,441,-9,-8.40432612312812
38,442,5,-8.40432612312812
38,443,8,-8.40432612312812
38,444,64,-8.40432612312812
38,445,74,143.878787878788
38,446,117,189.586092715232
38,447,-84,189.586092715232
38,448,-87,-18.6551724137931
38,449,7,-51.9710610932476
38,450,64,-8.40432612312812
38,451,14,-15.0909090909091
38,452,-4,-17.1967213114754
38,453,45,-8.40432612312812
38,454,90,33.620253164557
38,455,193,224.674418604651
38,456,22,-103.090909090909
38,457,-82,-162.01724137931
38,458,-112,-51.9710610932476
38,459,-95,-51.9710610932476
38,460,-99,-51.9710610932476
38,461,-45,-51.9710610932476
38,462,-61,-51.9710610932476
38,463,-9,-14.2142857142857
38,464,-16,8
38,465,-6,-8.40432612312812
38,466,2,-8.40432612312812
38,467,10,-8.40432612312812
38,468,120,76.3193277310924
38,469,187,189.586092715232
38,470,266,-135.333333333333
38,471,-257,-288.8
38,472,-133,-157.092105263158
38,473,-11,29.1818181818182
38,474,65,-8.40432612312812
38,475,-11,-15.0909090909091
38,476,-21,-8.40432612312812
38,477,23,-8.40432612312812
38,478,141,121.368932038835
38,479,399,278.134146341463
38,480,0,-212.821428571429
38,481,-421,-162.01724137931
38,482,9,-145.4
38,483,-112,76.3193277310924
38,484,-87,-51.9710610932476
38,485,-69,-51.9710610932476
38,486,-58,-51.9710610932476
38,487,-15,-14.2142857142857
38,488,-20,8
38,489,-7,-8.40432612312812
38,490,-2,-8.40432612312812
38,491,32,-8.40432612312812
38,492,125,76.3193277310924
38,493,308,189.586092715232
38,494,251,-212.821428571429
38,495,-422,-288.8
38,496,-106,-157.092105263158
38,497,6,29.1818181818182
38,498,51,-8.40432612312812
38,499,22,-15.0909090909091
38,500,-22,-17.1967213114754
38,501,9,-8.40432612312812
38,502,21,121.368932038835
38,503,7,121.368932038835
38,504,42,-8.40432612312812
38,505,49,-17.1967213114754
38,506,-81,115
38,507,-50,-51.9710610932476
38,508,-86,-51.9710610932476
38,509,-53,-51.9710610932476
38,510,-50,-51.9710610932476
38,511,-26,-51.9710610932476
38,512,-14,-8.40432612312812
38,513,-12,-8.40432612312812
38,514,1,-8.40432612312812
38,515,25,-8.40432612312812
38,516,126,76.3193277310924
38,517,259,189.586092715232
38,518,277,-212.821428571429
38,519,-391,-288.8
38,520,-116,-157.092105263158
38,521,36,29.1818181818182
38,522,68,33.620253164557
38,523,13,-15.0909090909091
38,524,-50,-17.1967213114754
38,525,39,-14.2142857142857
38,526,99,121.368932038835
38,527,408,278.134146341463
38,528,-46,-103.090909090909
38,529,-260,-162.01724137931
38,530,-94,-145.4
38,531,-113,5.63157894736842
38,532,-42,-51.9710610932476
38,533,-76,-51.9710610932476
38,534,-94,-51.9710610932476
38,535,-31,-14.2142857142857
38,536,-19,8
38,537,-9,-8.40432612312812
38,538,-5,-8.40432612312812
38,539,21,-8.40432612312812
38,540,83,76.3193277310924
38,541,246,224.674418604651
38,542,224,224.674418604651
38,543,-243,-288.8
38,544,-108,-157.092105263158
38,545,51,5.63157894736842
38,546,38,-15.0909090909091
38,547,12,-17.1967213114754
38,548,34,-17.1967213114754
38,549,99,-17.1967213114754
38,550,118,82.2857142857143
38,551,69,224.674418604651
38,552,-131,-18.6551724137931
38,553,-118,-51.9710610932476
38,554,-54,-51.9710610932476
38,555,-95,-51.9710610932476
38,556,-43,-51.9710610932476
38,557,-46,-51.9710610932476
38,558,-50,-14.2142857142857
38,559,-34,-14.2142857142857
38,560,-18,-8.40432612312812
38,561,-33,-8.40432612312812
38,562,-29,-8.40432612312812
38,563,8,-8.40432612312812
38,564,21,-8.40432612312812
38,565,23,76.3193277310924
38,566,87,76.3193277310924
38,567,148,189.586092715232
38,568,148,-73.8
38,569,83,-18.6551724137931
38,570,9,-18.6551724137931
38,571,10,33.620253164557
38,572,25,33.620253164557
38,573,-51,-17.1967213114754
38,574,-9,-51.9710610932476
38,575,-42,-8.40432612312812
38,576,-47,-122.714285714286
38,577,-42,-122.714285714286
38,578,-118,-51.9710610932476
38,579,-4,-51.9710610932476
38,580,-47,-8.40432612312812
38,581,-54,-51.9710610932476
38,582,-13,-51.9710610932476
38,583,-59,-8.40432612312812
38,584,-17,-14.2142857142857
38,585,-25,-8.40432612312812
38,586,-25,-8.40432612312812
38,587,-4,-8.40432612312812
38,588,15,-8.40432612312812
38,589,30,76.3193277310924
38,590,99,76.3193277310924
38,591,119,189.586092715232
38,592,154,-73.8
38,593,95,-18.6551724137931
38,594,51,-18.6551724137931
38,595,-72,0.517241379310345
38,596,49,-51.9710610932476
38,597,-12,0.517241379310345
38,598,-34,-8.40432612312812
38,599,21,-8.40432612312812
38,600,-4,-17.1967213114754
38,601,-76,8
38,602,-50,-51.9710610932476
38,603,-249,-51.9710610932476
38,604,-84,-51.9710610932476
38,605,37,5.63157894736842
38,606,-31,76.3193277310924
38,607,-6,-8.40432612312812
38,608,-11,-8.40432612312812
38,609,-30,-8.40432612312812
38,610,-12,-8.40432612312812
38,611,3,-8.40432612312812
38,612,11,-8.40432612312812
38,613,47,33.620253164557
38,614,88,143.878787878788
38,615,108,189.586092715232
38,616,101,82.2857142857143
38,617,112,82.2857142857143
38,618,49,-103.090909090909
38,619,31,0.517241379310345
38,620,-91,-17.1967213114754
38,621,-5,-51.9710610932476
38,622,41,-8.40432612312812
38,623,-96,-17.1967213114754
38,624,-22,-51.9710610932476
38,625,12,-8.40432612312812
38,626,-78,33.620253164557
38,627,-70,-51.9710610932476
38,628,-90,-51.9710610932476
38,629,-75,-14.2142857142857
38,630,-37,-51.9710610932476
38,631,-31,-51.9710610932476
38,632,-6,-8.40432612312812
38,633,-5,-8.40432612312812
38,634,2,-8.40432612312812
38,635,28,-8.40432612312812
38,636,121,76.3193277310924
38,637,296,224.674418604651
38,638,184,-212.821428571429
38,639,-377,-227.16
38,640,-74,-110.883333333333
38,641,14,5.63157894736842
38,642,40,33.620253164557
38,643,2,-17.1967213114754
38,644,-1,-8.40432612312812
38,645,18,-8.40432612312812
38,646,137,121.368932038835
38,647,388,278.134146341463
38,648,-71,-44.5384615384615
38,649,-184,-162.01724137931
38,650,-322,-145.4
38,651,-133,-51.9710610932476
38,652,-16,5.63157894736842
38,653,-5,-8.40432612312812
38,654,-14,-8.40432612312812
38,655,-32,-8.40432612312812
38,656,1,8
38,657,0,-8.40432612312812
38,658,1,-8.40432612312812
38,659,35,-8.40432612312812
38,660,103,76.3193277310924
38,661,339,189.586092715232
38,662,188,189.586092715232
38,663,-366,-227.16
38,664,-128,-110.883333333333
38,665,31,5.63157894736842
38,666,45,-17.1967213114754
38,667,36,-17.1967213114754
38,668,-37,-17.1967213114754
38,669,23,-14.2142857142857
38,670,123,121.368932038835
38,671,441,278.134146341463
38,672,-43,-18.6551724137931
38,673,-240,-162.01724137931
38,674,-125,-145.4
38,675,-127,5.63157894736842
38,676,-87,-51.9710610932476
38,677,-57,-51.9710610932476
38,678,-99,-51.9710610932476
38,679,-35,-14.2142857142857
38,680,-12,8
38,681,-6,-8.40432612312812
38,682,0,-8.40432612312812
38,683,25,-8.40432612312812
38,684,145,76.3193277310924
38,685,329,189.586092715232
38,686,186,-212.821428571429
38,687,-382,-227.16
38,688,-91,-110.883333333333
38,689,-2,5.63157894736842
38,690,74,-8.40432612312812
38,691,1,-15.0909090909091
38,692,-39,-8.40432612312812
38,693,36,-14.2142857142857
38,694,197,121.368932038835
38,695,340,278.134146341463
38,696,-42,-288.8
38,697,-194,-162.01724137931
38,698,-112,-145.4
38,699,-120,-51.9710610932476
38,700,-95,-51.9710610932476
38,701,-124,-51.9710610932476
38,702,-54,-51.9710610932476
38,703,-52,-14.2142857142857
38,704,-18,-14.2142857142857
38,705,-12,-8.40432612312812
38,706,2,-8.40432612312812
38,707,39,-8.40432612312812
38,708,96,76.3193277310924
38,709,261,224.674418604651
38,710,292,189.586092715232
38,711,-396,-288.8
38,712,-94,-157.092105263158
38,713,31,29.1818181818182
38,714,75,-17.1967213114754
38,715,6,-15.0909090909091
38,716,-62,-8.40432612312812
38,717,4,-14.2142857142857
38,718,-36,121.368932038835
38,719,5,121.368932038835
38,720,-117,-8.40432612312812
38,721,-65,-51.9710610932476
38,722,-6,-51.9710610932476
38,723,46,-8.40432612312812
38,724,-62,115
38,725,50,-51.9710610932476
38,726,13,0.517241379310345
38,727,-10,33.620253164557
38,728,-35,-8.40432612312812
38,729,-15,-8.40432612312812
38,730,-13,-8.40432612312812
38,731,-1,-8.40432612312812
38,732,24,-8.40432612312812
38,733,50,33.620253164557
38,734,124,143.878787878788
38,735,122,189.586092715232
38,736,161,-135.333333333333
38,737,43,-18.6551724137931
38,738,132,-110.883333333333
38,739,11,-103.090909090909
38,740,-32,-18.6551724137931
38,741,55,-8.40432612312812
38,742,-58,-15.0909090909091
38,743,-58,-122.714285714286
38,744,-74,-122.714285714286
38,745,42,-122.714285714286
38,746,-155,33.620253164557
38,747,-83,-122.714285714286
38,748,-88,-51.9710610932476
38,749,10,-51.9710610932476
38,750,-69,76.3193277310924
38,751,-48,-51.9710610932476
38,752,-32,-14.2142857142857
38,753,-39,-8.40432612312812
38,754,-37,-14.2142857142857
38,755,-1,-51.9710610932476
38,756,10,-8.40432612312812
38,757,13,33.620253164557
38,758,105,76.3193277310924
38,759,160,189.586092715232
38,760,104,-73.8
38,761,107,-110.883333333333
38,762,173,-103.090909090909
38,763,2,-103.090909090909
38,764,-8,-110.883333333333
38,765,-34,-8.40432612312812
38,766,18,-8.40432612312812
38,767,-84,-17.1967213114754
38,768,-82,-122.714285714286
38,769,-43,-51.9710610932476
38,770,-139,-51.9710610932476
38,771,-68,-122.714285714286
38,772,-20,-51.9710610932476
38,773,-118,-8.40432612312812
38,774,-59,-14.2142857142857
38,775,-35,-51.9710610932476
38,776,-3,-8.40432612312812
38,777,-6,-8.40432612312812
38,778,3,-8.40432612312812
38,779,27,-8.40432612312812
38,780,104,76.3193277310924
38,781,378,224.674418604651
38,782,148,189.586092715232
38,783,-383,-227.16
38,784,-95,-18.6551724137931
38,785,52,5.63157894736842
38,786,43,-15.0909090909091
38,787,-8,-17.1967213114754
38,788,-4,-8.40432612312812
38,789,22,-8.40432612312812
38,790,156,121.368932038835
38,791,386,278.134146341463
38,792,-12,-44.5384615384615
38,793,-177,-162.01724137931
38,794,-184,-145.4
38,795,-196,-51.9710610932476
38,796,-97,-51.9710610932476
38,797,-82,-51.9710610932476
38,798,-52,-51.9710610932476
38,799,-14,-14.2142857142857
38,800,-12,8
38,801,-3,-8.40432612312812
38,802,0,-8.40432612312812
38,803,31,-8.40432612312812
38,804,148,76.3193277310924
38,805,385,224.674418604651
38,806,141,-212.821428571429
38,807,-375,-227.16
38,808,-159,-18.6551724137931
38,809,51,5.63157894736842
38,810,20,-15.0909090909091
38,811,20,-17.1967213114754
38,812,9,-17.1967213114754
38,813,-4,121.368932038835
38,814,201,121.368932038835
38,815,377,278.134146341463
38,816,-60,-110.883333333333
38,817,-277,-157.092105263158
38,818,-98,-145.4
38,819,-132,5.63157894736842
38,820,-90,-51.9710610932476
38,821,-80,-51.9710610932476
38,822,-64,-51.9710610932476
38,823,-22,-14.2142857142857
38,824,-16,8
38,825,-3,-8.40432612312812
38,826,2,-8.40432612312812
38,827,28,-8.40432612312812
38,828,134,76.3193277310924
38,829,375,224.674418604651
38,830,121,-212.821428571429
38,831,-365,-227.16
38,832,-100,-18.6551724137931
38,833,23,5.63157894736842
38,834,89,33.620253164557
38,835,-12,-15.0909090909091
38,836,-1,-8.40432612312812
38,837,-2,-8.40432612312812
38,838,152,121.368932038835
38,839,272,278.134146341463
38,840,58,-44.5384615384615
38,841,-244,-222.166666666667
38,842,-130,-145.4
38,843,-110,5.63157894736842
38,844,-50,-51.9710610932476
38,845,-125,-51.9710610932476
38,846,-64,-51.9710610932476
38,847,-37,-14.2142857142857
38,848,-10,-14.2142857142857
38,849,-7,-8.40432612312812
38,850,1,-8.40432612312812
38,851,28,-8.40432612312812
38,852,136,76.3193277310924
38,853,356,224.674418604651
38,854,155,-212.821428571429
38,855,-344,-227.16
38,856,-127,-110.883333333333
38,857,27,5.63157894736842
38,858,99,33.620253164557
38,859,-21,-15.0909090909091
38,860,-50,-8.40432612312812
38,861,68,-14.2142857142857
38,862,133,82.2857142857143
38,863,403,278.134146341463
38,864,-56,-44.5384615384615
38,865,-211,-162.01724137931
38,866,-124,-145.4
38,867,-165,5.63157894736842
38,868,-85,-51.9710610932476
38,869,-51,-51.9710610932476
38,870,-100,-51.9710610932476
38,871,-48,-14.2142857142857
38,872,-10,-14.2142857142857
38,873,-11,-8.40432612312812
38,874,2,-8.40432612312812
38,875,19,-8.40432612312812
38,876,110,76.3193277310924
38,877,289,189.586092715232
38,878,272,224.674418604651
38,879,-318,-288.8
38,880,-133,-157.092105263158
38,881,15,29.1818181818182
38,882,105,33.620253164557
38,883,47,-15.0909090909091
38,884,-43,-15.0909090909091
38,885,24,-14.2142857142857
38,886,126,121.368932038835
38,887,270,278.134146341463
38,888,-70,-18.6551724137931
38,889,-168,-162.01724137931
38,890,-147,-145.4
38,891,-69,-51.9710610932476
38,892,-48,-51.9710610932476
38,893,-76,-51.9710610932476
38,894,-9,-51.9710610932476
38,895,-83,-8.40432612312812
38,896,-34,-14.2142857142857
38,897,-49,-8.40432612312812
38,898,-32,-51.9710610932476
38,899,11,-8.40432612312812
38,900,61,76.3193277310924
38,901,7,224.674418604651
38,902,157,-8.40432612312812
38,903,96,224.674418604651
38,904,126,-110.883333333333
38,905,103,189.586092715232
38,906,-38,-18.6551724137931
38,907,54,-51.9710610932476
38,908,8,0.517241379310345
38,909,-38,-8.40432612312812
38,910,-21,-51.9710610932476
38,911,-39,121.368932038835
38,912,-44,-51.9710610932476
38,913,-91,-122.714285714286
38,914,3,-51.9710610932476
38,915,-47,-8.40432612312812
38,916,-102,-51.9710610932476
38,917,16,-51.9710610932476
38,918,-72,76.3193277310924
38,919,-42,-14.2142857142857
38,920,-43,-51.9710610932476
38,921,-44,-51.9710610932476
38,922,-19,-14.2142857142857
38,923,3,-8.40432612312812
38,924,17,-8.40432612312812
38,925,32,33.620253164557
38,926,119,76.3193277310924
38,927,85,189.586092715232
38,928,147,-135.333333333333
38,929,86,-73.8
38,930,3,-18.6551724137931
38,931,-10,-8.40432612312812
38,932,8,-8.40432612312812
38,933,-25,-8.40432612312812
38,934,33,-8.40432612312812
38,935,13,-17.1967213114754
38,936,-31,-17.1967213114754
38,937,-115,8
38,938,-12,-51.9710610932476
38,939,-110,-8.40432612312812
38,940,-94,-51.9710610932476
38,941,-49,-51.9710610932476
38,942,-69,-51.9710610932476
38,943,-17,-14.2142857142857
38,944,-7,-8.40432612312812
38,945,-11,-8.40432612312812
38,946,1,-8.40432612312812
38,947,30,-8.40432612312812
38,948,107,76.3193277310924
38,949,359,189.586092715232
38,950,148,189.586092715232
38,951,-335,-227.16
38,952,-169,-18.6551724137931
38,953,55,5.63157894736842
38,954,59,-15.0909090909091
38,955,-13,-15.0909090909091
38,956,11,-8.40432612312812
38,957,0,-17.1967213114754
38,958,168,121.368932038835
38,959,373,278.134146341463
38,960,31,-44.5384615384615
38,961,-235,-157.092105263158
38,962,-202,-145.4
38,963,-144,5.63157894736842
38,964,-86,5.63157894736842
38,965,-84,-51.9710610932476
38,966,-52,-51.9710610932476
38,967,-12,-14.2142857142857
38,968,-10,8
38,969,6,-8.40432612312812
38,970,-8,-8.40432612312812
38,971,25,-8.40432612312812
38,972,107,76.3193277310924
38,973,167,224.674418604651
38,974,310,189.586092715232
38,975,-328,-212.821428571429
38,976,-160,-157.092105263158
38,977,-60,29.1818181818182
38,978,30,-51.9710610932476
38,979,-36,-17.1967213114754
38,980,1,-8.40432612312812
38,981,56,-8.40432612312812
38,982,123,82.2857142857143
38,983,442,278.134146341463
38,984,-28,-212.821428571429
38,985,-162,-162.01724137931
38,986,-105,-145.4
38,987,-112,-51.9710610932476
38,988,-67,-51.9710610932476
38,989,-118,-51.9710610932476
38,990,-55,-51.9710610932476
38,991,-6,-14.2142857142857
38,992,-24,8
38,993,4,-8.40432612312812
38,994,2,-8.40432612312812
38,995,30,-8.40432612312812
38,996,154,76.3193277310924
38,997,311,224.674418604651
38,998,208,-212.821428571429
38,999,-361,-288.8
38,1000,-154,-110.883333333333
38,1001,48,5.63157894736842
38,1002,88,-15.0909090909091
38,1003,-79,-15.0909090909091
38,1004,65,-51.9710610932476
38,1005,-39,0.517241379310345
38,1006,111,-14.2142857142857
38,1007,465,278.134146341463
38,1008,-113,-15.0909090909091
38,1009,-73,-157.092105263158
38,1010,-223,-145.4
38,1011,-52,-51.9710610932476
38,1012,-158,5.63157894736842
38,1013,-85,-51.9710610932476
38,1014,-105,-14.2142857142857
38,1015,-27,-14.2142857142857
38,1016,-12,8
38,1017,-4,-8.40432612312812
38,1018,1,-8.40432612312812
38,1019,34,-8.40432612312812
38,1020,141,76.3193277310924
38,1021,325,224.674418604651
38,1022,213,-212.821428571429
38,1023,-362,-288.8
38,1024,-178,-110.883333333333
38,1025,49,5.63157894736842
38,1026,37,-15.0909090909091
38,1027,19,-17.1967213114754
38,1028,14,-17.1967213114754
38,1029,26,121.368932038835
38,1030,114,121.368932038835
38,1031,429,278.134146341463
38,1032,-44,-15.0909090909091
38,1033,-244,-157.092105263158
38,1034,-144,-145.4
38,1035,-98,5.63157894736842
38,1036,-95,-51.9710610932476
38,1037,-70,-51.9710610932476
38,1038,-78,-51.9710610932476
38,1039,-43,-14.2142857142857
38,1040,-36,-14.2142857142857
38,1041,-10,-8.40432612312812
38,1042,9,-8.40432612312812
38,1043,19,76.3193277310924
38,1044,118,76.3193277310924
38,1045,279,189.586092715232
38,1046,223,-212.821428571429
38,1047,-287,-157.092105263158
38,1048,-150,-157.092105263158
38,1049,70,5.63157894736842
38,1050,117,-15.0909090909091
38,1051,-10,-15.0909090909091
38,1052,-17,-162.01724137931
38,1053,1,-8.40432612312812
38,1054,181,121.368932038835
38,1055,265,278.134146341463
38,1056,-130,-44.5384615384615
38,1057,-226,-162.01724137931
38,1058,-82,-145.4
38,1059,-52,5.63157894736842
38,1060,-12,-51.9710610932476
38,1061,-99,-8.40432612312812
38,1062,-85,-14.2142857142857
38,1063,-42,-14.2142857142857
38,1064,-28,-14.2142857142857
38,1065,-40,-8.40432612312812
38,1066,-19,-51.9710610932476
38,1067,15,-8.40432612312812
38,1068,24,76.3193277310924
38,1069,31,76.3193277310924
38,1070,126,76.3193277310924
38,1071,163,-73.8
38,1072,68,-18.6551724137931
38,1073,131,-110.883333333333
38,1074,37,-103.090909090909
38,1075,14,-18.6551724137931
38,1076,-44,33.620253164557
38,1077,10,-51.9710610932476
38,1078,-41,-17.1967213114754
38,1079,51,-122.714285714286
38,1080,-22,-15.0909090909091
38,1081,-110,-8.40432612312812
38,1082,-109,-122.714285714286
38,1083,-62,-51.9710610932476
38,1084,-10,-51.9710610932476
38,1085,-97,-8.40432612312812
38,1086,-35,-51.9710610932476
38,1087,-60,-8.40432612312812
38,1088,-14,-14.2142857142857
38,1089,-46,-8.40432612312812
38,1090,-10,-51.9710610932476
38,1091,-1,-8.40432612312812
38,1092,6,-8.40432612312812
38,1093,25,-8.40432612312812
38,1094,71,76.3193277310924
38,1095,155,143.878787878788
38,1096,162,189.586092715232
38,1097,110,-110.883333333333
38,1098,69,-110.883333333333
38,1099,-1,0.517241379310345
38,1100,-32,-8.40432612312812
38,1101,-119,-8.40432612312812
38,1102,117,-51.9710610932476
38,1103,13,-15.0909090909091
38,1104,-80,-162.01724137931
38,1105,-123,-122.714285714286
38,1106,-88,-51.9710610932476
38,1107,-56,-14.2142857142857
38,1108,-93,-51.9710610932476
38,1109,-45,-51.9710610932476
38,1110,-68,-14.2142857142857
38,1111,-26,-14.2142857142857
38,1112,-5,-8.40432612312812
38,1113,-5,-8.40432612312812
38,1114,5,-8.40432612312812
38,1115,14,-8.40432612312812
38,1116,14,76.3193277310924
38,1117,108,76.3193277310924
38,1118,329,189.586092715232
38,1119,-224,-73.8
38,1120,-159,-157.092105263158
38,1121,30,29.1818181818182
38,1122,47,33.620253164557
38,1123,57,-15.0909090909091
38,1124,-6,0.517241379310345
38,1125,18,-8.40432612312812
38,1126,95,33.620253164557
38,1127,391,224.674418604651
38,1128,-81,-15.0909090909091
38,1129,-179,-162.01724137931
38,1130,-101,-145.4
38,1131,-89,-51.9710610932476
38,1132,-109,-51.9710610932476
38,1133,-90,-51.9710610932476
38,1134,-39,-14.2142857142857
38,1135,-21,-14.2142857142857
38,1136,1,8
38,1137,-7,-8.40432612312812
38,1138,2,-8.40432612312812
38,1139,27,-8.40432612312812
38,1140,124,76.3193277310924
38,1141,319,224.674418604651
38,1142,193,-212.821428571429
38,1143,-345,-288.8
38,1144,-148,-110.883333333333
38,1145,50,5.63157894736842
38,1146,62,-15.0909090909091
38,1147,-20,-15.0909090909091
38,1148,-45,-8.40432612312812
38,1149,32,-14.2142857142857
38,1150,75,121.368932038835
38,1151,477,278.134146341463
38,1152,-16,-103.090909090909
38,1153,-281,-162.01724137931
38,1154,-56,-145.4
38,1155,-182,5.63157894736842
38,1156,15,-51.9710610932476
38,1157,-166,-17.1967213114754
38,1158,-72,-51.9710610932476
38,1159,-26,-14.2142857142857
38,1160,-21,121.368932038835
38,1161,2,-8.40432612312812
38,1162,-1,-8.40432612312812
38,1163,32,-8.40432612312812
38,1164,126,33.620253164557
38,1165,299,224.674418604651
38,1166,179,-212.821428571429
38,1167,-327,-227.16
38,1168,-149,-110.883333333333
38,1169,21,5.63157894736842
38,1170,-8,33.620253164557
38,1171,31,-8.40432612312812
38,1172,-21,-17.1967213114754
38,1173,-11,-8.40432612312812
38,1174,156,8
38,1175,356,278.134146341463
38,1176,-19,-110.883333333333
38,1177,-133,-138.2
38,1178,-132,-145.4
38,1179,-63,-51.9710610932476
38,1180,-87,-51.9710610932476
38,1181,-134,-51.9710610932476
38,1182,-54,-51.9710610932476
38,1183,-51,-14.2142857142857
38,1184,0,-14.2142857142857
38,1185,-7,-8.40432612312812
38,1186,1,-8.40432612312812
38,1187,28,-8.40432612312812
38,1188,110,76.3193277310924
38,1189,313,224.674418604651
38,1190,127,189.586092715232
38,1191,-334,-227.16
38,1192,-106,-18.6551724137931
38,1193,11,5.63157894736842
38,1194,54,33.620253164557
38,1195,-43,-15.0909090909091
38,1196,4,-51.9710610932476
38,1197,18,-8.40432612312812
38,1198,126,121.368932038835
38,1199,295,278.134146341463
38,1200,25,-44.5384615384615
38,1201,-141,-162.01724137931
38,1202,-63,-145.4
38,1203,-125,-51.9710610932476
38,1204,-68,-51.9710610932476
38,1205,-97,-51.9710610932476
38,1206,-53,-51.9710610932476
38,1207,-62,-14.2142857142857
38,1208,-19,-122.714285714286
38,1209,-5,-8.40432612312812
38,1210,3,-8.40432612312812
38,1211,28,-8.40432612312812
38,1212,84,76.3193277310924
38,1213,237,224.674418604651
38,1214,254,189.586092715232
38,1215,-280,-288.8
38,1216,-148,-157.092105263158
38,1217,51,29.1818181818182
38,1218,18,-15.0909090909091
38,1219,46,-17.1967213114754
38,1220,-37,0.517241379310345
38,1221,21,-14.2142857142857
38,1222,96,121.368932038835
38,1223,266,278.134146341463
38,1224,-141,-15.0909090909091
38,1225,-143,-162.01724137931
38,1226,-160,-145.4
38,1227,15,-51.9710610932476
38,1228,-20,76.3193277310924
38,1229,-23,-8.40432612312812
38,1230,-58,-8.40432612312812
38,1231,7,-14.2142857142857
38,1232,-30,8
38,1233,-51,-8.40432612312812
38,1234,-23,-51.9710610932476
38,1235,-7,-8.40432612312812
38,1236,35,-8.40432612312812
38,1237,31,76.3193277310924
38,1238,89,76.3193277310924
38,1239,165,189.586092715232
38,1240,162,-73.8
38,1241,22,-110.883333333333
38,1242,86,-110.883333333333
38,1243,-38,0.517241379310345
38,1244,45,-51.9710610932476
38,1245,-126,-17.1967213114754
38,1246,30,-51.9710610932476
38,1247,17,-17.1967213114754
38,1248,-49,121.368932038835
38,1249,-56,-122.714285714286
38,1250,-39,-51.9710610932476
38,1251,-64,-14.2142857142857
38,1252,-43,-51.9710610932476
38,1253,-54,-51.9710610932476
38,1254,-62,-51.9710610932476
38,1255,-36,-51.9710610932476
38,1256,-13,-8.40432612312812
38,1257,-54,-8.40432612312812
38,1258,-47,-51.9710610932476
38,1259,-5,-51.9710610932476
38,1260,17,-8.40432612312812
38,1261,46,76.3193277310924
38,1262,70,143.878787878788
38,1263,91,143.878787878788
38,1264,220,82.2857142857143
38,1265,54,-73.8
38,1266,50,-110.883333333333
38,1267,29,0.517241379310345
38,1268,-34,-17.1967213114754
38,1269,-64,-8.40432612312812
38,1270,-26,-51.9710610932476
38,1271,71,-8.40432612312812
38,1272,2,-15.0909090909091
38,1273,-111,8
38,1274,-91,-51.9710610932476
38,1275,-79,-51.9710610932476
38,1276,-75,-51.9710610932476
38,1277,-91,-51.9710610932476
38,1278,-19,-51.9710610932476
38,1279,-37,-8.40432612312812
38,1280,-17,-14.2142857142857
38,1281,-9,-8.40432612312812
38,1282,-1,-8.40432612312812
38,1283,39,-8.40432612312812
38,1284,115,76.3193277310924
38,1285,327,224.674418604651
38,1286,123,189.586092715232
38,1287,-340,-227.16
38,1288,-84,-18.6551724137931
38,1289,-3,5.63157894736842
38,1290,89,-8.40432612312812
38,1291,-10,-15.0909090909091
38,1292,-9,-8.40432612312812
38,1293,-18,-8.40432612312812
38,1294,181,121.368932038835
38,1295,419,278.134146341463
38,1296,-42,-288.8
38,1297,-209,-162.01724137931
38,1298,-107,-145.4
38,1299,-144,5.63157894736842
38,1300,-144,-51.9710610932476
38,1301,-84,-51.9710610932476
38,1302,-66,-51.9710610932476
38,1303,-7,-14.2142857142857
38,1304,-21,8
38,1305,0,-8.40432612312812
38,1306,1,-8.40432612312812
38,1307,29,-8.40432612312812
38,1308,149,76.3193277310924
38,1309,364,224.674418604651
38,1310,104,-212.821428571429
38,1311,-328,-227.16
38,1312,-138,-145.4
38,1313,45,5.63157894736842
38,1314,73,33.620253164557
38,1315,-2,-15.0909090909091
38,1316,-39,-8.40432612312812
38,1317,50,-14.2142857142857
38,1318,99,82.2857142857143
38,1319,484,278.134146341463
38,1320,-76,-103.090909090909
38,1321,-212,-162.01724137931
38,1322,-107,-145.4
38,1323,-177,5.63157894736842
38,1324,-83,-51.9710610932476
38,1325,-114,-51.9710610932476
38,1326,-77,-14.2142857142857
38,1327,-31,-14.2142857142857
38,1328,-9,8
38,1329,-6,-8.40432612312812
38,1330,3,-8.40432612312812
38,1331,25,-8.40432612312812
38,1332,164,76.3193277310924
38,1333,327,224.674418604651
38,1334,160,-212.821428571429
38,1335,-405,-227.16
38,1336,-110,-110.883333333333
38,1337,37,5.63157894736842
38,1338,113,33.620253164557
38,1339,-1,-15.0909090909091
38,1340,-51,-8.40432612312812
38,1341,-21,-14.2142857142857
38,1342,143,121.368932038835
38,1343,451,278.134146341463
38,1344,-39,-44.5384615384615
38,1345,-161,-162.01724137931
38,1346,-198,-145.4
38,1347,-78,-51.9710610932476
38,1348,-70,-51.9710610932476
38,1349,-138,-51.9710610932476
38,1350,-105,-51.9710610932476
38,1351,-29,-14.2142857142857
38,1352,-12,8
38,1353,-6,-8.40432612312812
38,1354,4,-8.40432612312812
38,1355,36,-8.40432612312812
38,1356,146,76.3193277310924
38,1357,315,224.674418604651
38,1358,109,-212.821428571429
38,1359,-266,-227.16
38,1360,-167,-145.4
38,1361,27,5.63157894736842
38,1362,65,-17.1967213114754
38,1363,-40,-15.0909090909091
38,1364,18,-51.9710610932476
38,1365,-35,121.368932038835
38,1366,168,121.368932038835
38,1367,318,278.134146341463
38,1368,-8,-44.5384615384615
38,1369,-126,-157.092105263158
38,1370,-101,-145.4
38,1371,-72,-51.9710610932476
38,1372,-124,-51.9710610932476
38,1373,-103,-51.9710610932476
38,1374,-57,-51.9710610932476
38,1375,-72,-14.2142857142857
38,1376,-24,-14.2142857142857
38,1377,-10,-8.40432612312812
38,1378,2,-8.40432612312812
38,1379,35,-8.40432612312812
38,1380,118,76.3193277310924
38,1381,217,224.674418604651
38,1382,244,-212.821428571429
38,1383,-324,-288.8
38,1384,-129,-157.092105263158
38,1385,17,29.1818181818182
38,1386,38,-17.1967213114754
38,1387,13,-17.1967213114754
38,1388,-6,-17.1967213114754
38,1389,-3,-8.40432612312812
38,1390,121,121.368932038835
38,1391,188,278.134146341463
38,1392,-75,-18.6551724137931
38,1393,-101,-162.01724137931
38,1394,-55,-51.9710610932476
38,1395,-72,-51.9710610932476
38,1396,-73,-51.9710610932476
38,1397,-115,-51.9710610932476
38,1398,21,-14.2142857142857
38,1399,-11,33.620253164557
38,1400,3,8
38,1401,-38,-8.40432612312812
38,1402,-5,-14.2142857142857
38,1403,-8,-8.40432612312812
38,1404,32,-8.40432612312812
38,1405,50,76.3193277310924
38,1406,102,143.878787878788
38,1407,81,-103.090909090909
38,1408,129,82.2857142857143
38,1409,48,-73.8
38,1410,19,-18.6551724137931
38,1411,-43,76.3193277310924
38,1412,-19,-51.9710610932476
38,1413,-5,-8.40432612312812
38,1414,-31,-8.40432612312812
38,1415,-11,-8.40432612312812
38,1416,-23,-8.40432612312812
38,1417,35,-8.40432612312812
38,1418,-82,33.620253164557
38,1419,-79,-51.9710610932476
38,1420,-41,-51.9710610932476
38,1421,-20,-51.9710610932476
38,1422,-3,-8.40432612312812
38,1423,-56,-8.40432612312812
38,1424,-3,-14.2142857142857
38,1425,-57,-8.40432612312812
38,1426,-29,-51.9710610932476
38,1427,6,-8.40432612312812
38,1428,17,-8.40432612312812
38,1429,23,76.3193277310924
38,1430,92,33.620253164557
38,1431,77,115
38,1432,147,82.2857142857143
38,1433,11,-73.8
38,1434,56,-18.6551724137931
38,1435,-13,0.517241379310345
38,1436,24,-8.40432612312812
38,1437,-99,-17.1967213114754
38,1438,-32,-51.9710610932476
38,1439,100,-8.40432612312812
38,1440,-43,-15.0909090909091
38,1441,12,-122.714285714286
38,1442,-50,33.620253164557
38,1443,-74,-14.2142857142857
38,1444,-107,-51.9710610932476
38,1445,-41,-51.9710610932476
38,1446,-67,-51.9710610932476
38,1447,-26,-51.9710610932476
38,1448,-2,-8.40432612312812
38,1449,-10,-8.40432612312812
38,1450,7,-8.40432612312812
38,1451,28,-8.40432612312812
38,1452,96,76.3193277310924
38,1453,262,189.586092715232
38,1454,170,189.586092715232
38,1455,-273,-157.092105263158
38,1456,-121,-110.883333333333
38,1457,27,5.63157894736842
38,1458,56,33.620253164557
38,1459,-21,-15.0909090909091
38,1460,-6,-8.40432612312812
38,1461,4,-8.40432612312812
38,1462,131,121.368932038835
38,1463,382,278.134146341463
38,1464,-17,-44.5384615384615
38,1465,-149,-162.01724137931
38,1466,-186,-145.4
38,1467,-137,-51.9710610932476
38,1468,-70,-51.9710610932476
38,1469,-86,-51.9710610932476
38,1470,-49,-51.9710610932476
38,1471,-39,-14.2142857142857
38,1472,-4,-14.2142857142857
38,1473,-8,-8.40432612312812
38,1474,4,-8.40432612312812
38,1475,29,-8.40432612312812
38,1476,119,76.3193277310924
38,1477,329,224.674418604651
38,1478,163,-212.821428571429
38,1479,-374,-227.16
38,1480,-63,-110.883333333333
38,1481,8,5.63157894736842
38,1482,55,-8.40432612312812
38,1483,11,-15.0909090909091
38,1484,27,-17.1967213114754
38,1485,91,-17.1967213114754
38,1486,126,82.2857142857143
38,1487,195,278.134146341463
38,1488,-95,-18.6551724137931
38,1489,-130,-110.883333333333
38,1490,-121,-51.9710610932476
38,1491,-180,-51.9710610932476
38,1492,-19,-51.9710610932476
38,1493,-6,-8.40432612312812
38,1494,-12,-8.40432612312812
38,1495,-36,-8.40432612312812
38,1496,-30,8
38,1497,-61,-8.40432612312812
38,1498,-16,-51.9710610932476
38,1499,3,-8.40432612312812
38,1500,13,-8.40432612312812
38,1501,40,76.3193277310924
38,1502,81,76.3193277310924
38,1503,140,189.586092715232
38,1504,154,-73.8
38,1505,38,-18.6551724137931
38,1506,9,-18.6551724137931
38,1507,5,33.620253164557
38,1508,48,-8.40432612312812
38,1509,-93,-15.0909090909091
38,1510,-65,-51.9710610932476
38,1511,25,-51.9710610932476
38,1512,16,121.368932038835
38,1513,2,8
38,1514,119,-8.40432612312812
38,1515,33,115
38,1516,-82,-18.6551724137931
38,1517,-319,-51.9710610932476
38,1518,-95,-51.9710610932476
38,1519,-58,5.63157894736842
38,1520,-12,-51.9710610932476
38,1521,-11,-8.40432612312812
38,1522,0,-8.40432612312812
38,1523,22,-8.40432612312812
38,1524,104,76.3193277310924
38,1525,210,278.134146341463
38,1526,207,224.674418604651
38,1527,-257,-288.8
38,1528,-107,-110.883333333333
38,1529,58,5.63157894736842
38,1530,32,-15.0909090909091
38,1531,34,-17.1967213114754
38,1532,-69,-17.1967213114754
38,1533,13,-14.2142857142857
38,1534,179,121.368932038835
38,1535,256,278.134146341463
38,1536,-82,-110.883333333333
38,1537,-104,-162.01724137931
38,1538,-182,-145.4
38,1539,2,-51.9710610932476
38,1540,-98,-8.40432612312812
38,1541,-94,-51.9710610932476
38,1542,-29,-14.2142857142857
38,1543,-73,121.368932038835
38,1544,-12,-14.2142857142857
38,1545,-10,-8.40432612312812
38,1546,-1,-8.40432612312812
38,1547,29,-8.40432612312812
38,1548,96,76.3193277310924
38,1549,222,224.674418604651
38,1550,232,189.586092715232
38,1551,-281,-288.8
38,1552,-94,-157.092105263158
38,1553,23,5.63157894736842
38,1554,98,33.620253164557
38,1555,-38,-15.0909090909091
38,1556,-18,-51.9710610932476
38,1557,10,-8.40432612312812
38,1558,84,121.368932038835
38,1559,207,278.134146341463
38,1560,-16,-15.0909090909091
38,1561,-142,-162.01724137931
38,1562,-82,-51.9710610932476
38,1563,-36,-51.9710610932476
38,1564,-12,-8.40432612312812
38,1565,-124,-8.40432612312812
38,1566,-14,-51.9710610932476
38,1567,-79,-8.40432612312812
38,1568,-13,-14.2142857142857
38,1569,-27,-8.40432612312812
38,1570,-15,-8.40432612312812
38,1571,-2,-8.40432612312812
38,1572,17,-8.40432612312812
38,1573,40,76.3193277310924
38,1574,81,76.3193277310924
38,1575,104,224.674418604651
38,1576,69,82.2857142857143
38,1577,42,82.2857142857143
38,1578,-25,76.3193277310924
38,1579,18,-8.40432612312812
38,1580,-52,-17.1967213114754
38,1581,-2,-51.9710610932476
38,1582,-12,-8.40432612312812
38,1583,-15,-8.40432612312812
38,1584,-2,-8.40432612312812
38,1585,10,-8.40432612312812
38,1586,-11,76.3193277310924
38,1587,-75,-8.40432612312812
38,1588,19,-51.9710610932476
38,1589,-72,33.620253164557
38,1590,-1,-51.9710610932476
38,1591,-23,-8.40432612312812
38,1592,-54,-8.40432612312812
38,1593,-35,-14.2142857142857
38,1594,-22,-8.40432612312812
38,1595,-7,-8.40432612312812
38,1596,15,-8.40432612312812
38,1597,31,76.3193277310924
38,1598,78,33.620253164557
38,1599,112,189.586092715232
38,1600,77,82.2857142857143
38,1601,70,82.2857142857143
38,1602,-13,82.2857142857143
38,1603,-39,-8.40432612312812
38,1604,-25,-51.9710610932476
38,1605,-14,-8.40432612312812
38,1606,-7,-8.40432612312812
38,1607,-21,-8.40432612312812
38,1608,-17,-8.40432612312812
38,1609,-3,-8.40432612312812
38,1610,35,-8.40432612312812
38,1611,-78,76.3193277310924
38,1612,-85,-51.9710610932476
38,1613,1,-51.9710610932476
38,1614,-84,-8.40432612312812
38,1615,-21,-51.9710610932476
38,1616,-13,-8.40432612312812
38,1617,0,-8.40432612312812
38,1618,-3,-8.40432612312812
38,1619,26,-8.40432612312812
38,1620,64,76.3193277310924
38,1621,138,143.878787878788
38,1622,225,224.674418604651
38,1623,-92,-212.821428571429
38,1624,-188,-157.092105263158
38,1625,41,-51.9710610932476
38,1626,50,33.620253164557
38,1627,-11,-15.0909090909091
38,1628,-13,-8.40432612312812
38,1629,38,-8.40432612312812
38,1630,133,33.620253164557
38,1631,436,224.674418604651
38,1632,23,-222.166666666667
38,1633,-241,-162.01724137931
38,1634,-184,-145.4
38,1635,-116,5.63157894736842
38,1636,-107,-51.9710610932476
38,1637,-93,-51.9710610932476
38,1638,-62,-51.9710610932476
38,1639,-54,-14.2142857142857
38,1640,1,-14.2142857142857
38,1641,-13,-8.40432612312812
38,1642,1,-8.40432612312812
38,1643,38,-8.40432612312812
38,1644,145,76.3193277310924
38,1645,333,224.674418604651
38,1646,129,-212.821428571429
38,1647,-318,-227.16
38,1648,-141,-18.6551724137931
38,1649,59,5.63157894736842
38,1650,23,-15.0909090909091
38,1651,8,-17.1967213114754
38,1652,-38,-8.40432612312812
38,1653,23,-14.2142857142857
38,1654,170,121.368932038835
38,1655,437,278.134146341463
38,1656,-53,-110.883333333333
38,1657,-405,-162.01724137931
38,1658,-330,-145.4
38,1659,6,5.63157894736842
38,1660,49,-8.40432612312812
38,1661,-36,-15.0909090909091
38,1662,-59,-8.40432612312812
38,1663,-30,-14.2142857142857
38,1664,-9,121.368932038835
38,1665,0,-8.40432612312812
38,1666,2,-8.40432612312812
38,1667,34,-8.40432612312812
38,1668,144,33.620253164557
38,1669,312,189.586092715232
38,1670,177,-212.821428571429
38,1671,-346,-227.16
38,1672,-133,-110.883333333333
38,1673,34,5.63157894736842
38,1674,63,-17.1967213114754
38,1675,-19,-15.0909090909091
38,1676,-32,-8.40432612312812
38,1677,35,121.368932038835
38,1678,135,121.368932038835
38,1679,419,278.134146341463
38,1680,-16,-44.5384615384615
38,1681,-181,-162.01724137931
38,1682,-150,-145.4
38,1683,-92,-51.9710610932476
38,1684,-147,-51.9710610932476
38,1685,-92,-51.9710610932476
38,1686,-96,-51.9710610932476
38,1687,-35,-14.2142857142857
38,1688,-12,8
38,1689,1,-8.40432612312812
38,1690,-5,-8.40432612312812
38,1691,39,-8.40432612312812
38,1692,134,76.3193277310924
38,1693,334,224.674418604651
38,1694,190,-212.821428571429
38,1695,-375,-288.8
38,1696,-113,-110.883333333333
38,1697,1,5.63157894736842
38,1698,77,-8.40432612312812
38,1699,-15,-15.0909090909091
38,1700,-68,-8.40432612312812
38,1701,62,-14.2142857142857
38,1702,168,82.2857142857143
38,1703,356,278.134146341463
38,1704,30,-288.8
38,1705,-196,-222.166666666667
38,1706,-115,-145.4
38,1707,-141,-51.9710610932476
38,1708,-55,-51.9710610932476
38,1709,-107,-51.9710610932476
38,1710,-116,-51.9710610932476
38,1711,-36,-14.2142857142857
38,1712,-42,8
38,1713,-8,-14.2142857142857
38,1714,2,-8.40432612312812
38,1715,23,-8.40432612312812
38,1716,93,76.3193277310924
38,1717,253,224.674418604651
38,1718,333,224.674418604651
38,1719,-299,-288.8
38,1720,-146,-157.092105263158
38,1721,20,29.1818181818182
38,1722,91,33.620253164557
38,1723,-5,-15.0909090909091
38,1724,-5,-8.40432612312812
38,1725,-16,-8.40432612312812
38,1726,139,121.368932038835
38,1727,343,278.134146341463
38,1728,-204,-44.5384615384615
38,1729,-143,-162.01724137931
38,1730,-99,29.1818181818182
38,1731,-90,-51.9710610932476
38,1732,-36,-51.9710610932476
38,1733,-51,-8.40432612312812
38,1734,-21,-14.2142857142857
38,1735,-73,8
38,1736,-17,-14.2142857142857
38,1737,-61,-8.40432612312812
38,1738,-31,-51.9710610932476
38,1739,-4,-8.40432612312812
38,1740,30,-8.40432612312812
38,1741,13,76.3193277310924
38,1742,103,76.3193277310924
38,1743,131,189.586092715232
38,1744,119,-73.8
38,1745,38,-18.6551724137931
38,1746,60,-18.6551724137931
38,1747,92,0.517241379310345
38,1748,41,0.517241379310345
38,1749,-72,-17.1967213114754
38,1750,6,-51.9710610932476
38,1751,-108,-8.40432612312812
38,1752,-107,-122.714285714286
38,1753,80,-122.714285714286
38,1754,-75,-15.0909090909091
38,1755,-87,-14.2142857142857
38,1756,-44,-51.9710610932476
38,1757,-14,-14.2142857142857
38,1758,-24,-8.40432612312812
38,1759,-19,-8.40432612312812
38,1760,-53,-8.40432612312812
38,1761,-58,-14.2142857142857
38,1762,-38,-51.9710610932476
38,1763,-10,-51.9710610932476
38,1764,6,-8.40432612312812
38,1765,32,-8.40432612312812
38,1766,86,76.3193277310924
38,1767,88,189.586092715232
38,1768,161,189.586092715232
38,1769,69,-73.8
38,1770,38,-110.883333333333
38,1771,-9,76.3193277310924
38,1772,-4,-8.40432612312812
38,1773,13,-8.40432612312812
38,1774,6,-17.1967213114754
38,1775,-59,-8.40432612312812
38,1776,-124,-51.9710610932476
38,1777,0,-122.714285714286
38,1778,-18,-8.40432612312812
38,1779,-71,-8.40432612312812
38,1780,-93,-51.9710610932476
38,1781,-39,-51.9710610932476
38,1782,-48,-14.2142857142857
38,1783,-32,-51.9710610932476
38,1784,4,-8.40432612312812
38,1785,-9,-8.40432612312812
38,1786,6,-8.40432612312812
38,1787,38,-8.40432612312812
38,1788,90,76.3193277310924
38,1789,343,189.586092715232
38,1790,184,189.586092715232
38,1791,-319,-157.092105263158
38,1792,-162,-110.883333333333
38,1793,-4,5.63157894736842
38,1794,55,-8.40432612312812
38,1795,2,-15.0909090909091
38,1796,-27,-8.40432612312812
38,1797,25,-8.40432612312812
38,1798,149,121.368932038835
38,1799,369,278.134146341463
38,1800,39,-212.821428571429
38,1801,-199,-222.166666666667
38,1802,-141,-145.4
38,1803,-126,5.63157894736842
38,1804,-44,-51.9710610932476
38,1805,-118,-51.9710610932476
38,1806,-113,-51.9710610932476
38,1807,-28,-14.2142857142857
38,1808,-18,8
38,1809,-4,-8.40432612312812
38,1810,4,-8.40432612312812
38,1811,31,-8.40432612312812
38,1812,175,76.3193277310924
38,1813,313,224.674418604651
38,1814,135,-288.8
38,1815,-341,-227.16
38,1816,-161,-18.6551724137931
38,1817,47,5.63157894736842
38,1818,48,-15.0909090909091
38,1819,-33,-15.0909090909091
38,1820,-7,-8.40432612312812
38,1821,30,121.368932038835
38,1822,137,121.368932038835
38,1823,389,278.134146341463
38,1824,2,-44.5384615384615
38,1825,-225,-162.01724137931
38,1826,-120,-145.4
38,1827,-94,5.63157894736842
38,1828,-89,-51.9710610932476
38,1829,-83,-51.9710610932476
38,1830,-108,-51.9710610932476
38,1831,-37,-14.2142857142857
38,1832,-8,-14.2142857142857
38,1833,-4,-8.40432612312812
38,1834,2,-8.40432612312812
38,1835,40,-8.40432612312812
38,1836,116,76.3193277310924
38,1837,333,224.674418604651
38,1838,184,224.674418604651
38,1839,-382,-227.16
38,1840,-159,-110.883333333333
38,1841,45,5.63157894736842
38,1842,19,-17.1967213114754
38,1843,1,-17.1967213114754
38,1844,-33,-8.40432612312812
38,1845,24,-8.40432612312812
38,1846,30,121.368932038835
38,1847,146,121.368932038835
38,1848,273,-15.0909090909091
38,1849,-127,-222.166666666667
38,1850,-150,-157.092105263158
38,1851,-47,-145.4
38,1852,-31,-51.9710610932476
38,1853,-157,-8.40432612312812
38,1854,-65,-51.9710610932476
38,1855,-41,-14.2142857142857
38,1856,-18,-14.2142857142857
38,1857,-2,8
38,1858,3,-8.40432612312812
38,1859,32,-8.40432612312812
38,1860,112,76.3193277310924
38,1861,321,224.674418604651
38,1862,184,189.586092715232
38,1863,-339,-227.16
38,1864,-120,-110.883333333333
38,1865,18,5.63157894736842
38,1866,58,33.620253164557
38,1867,-20,-15.0909090909091
38,1868,-57,-8.40432612312812
38,1869,95,-14.2142857142857
38,1870,66,82.2857142857143
38,1871,413,278.134146341463
38,1872,6,-103.090909090909
38,1873,-244,-162.01724137931
38,1874,-28,-145.4
38,1875,-173,-8.40432612312812
38,1876,-264,-51.9710610932476
38,1877,-3,-51.9710610932476
38,1878,-31,-8.40432612312812
38,1879,-23,-8.40432612312812
38,1880,8,8
38,1881,17,-8.40432612312812
38,1882,-27,76.3193277310924
38,1883,33,-8.40432612312812
38,1884,84,76.3193277310924
38,1885,234,82.2857142857143
38,1886,331,189.586092715232
38,1887,-318,-222.166666666667
38,1888,-140,-157.092105263158
38,1889,-21,29.1818181818182
38,1890,62,-8.40432612312812
38,1891,-118,-15.0909090909091
38,1892,73,-51.9710610932476
38,1893,-13,0.517241379310345
38,1894,220,121.368932038835
38,1895,279,278.134146341463
38,1896,-93,-288.8
38,1897,-220,-157.092105263158
38,1898,-151,-145.4
38,1899,-129,5.63157894736842
38,1900,13,-51.9710610932476
38,1901,31,76.3193277310924
38,1902,-63,-17.1967213114754
38,1903,-31,-14.2142857142857
38,1904,-12,121.368932038835
38,1905,-35,-8.40432612312812
38,1906,-9,-8.40432612312812
38,1907,1,-8.40432612312812
38,1908,-2,-8.40432612312812
38,1909,22,-8.40432612312812
38,1910,75,76.3193277310924
38,1911,95,189.586092715232
38,1912,61,189.586092715232
38,1913,37,82.2857142857143
38,1914,152,76.3193277310924
38,1915,-103,-103.090909090909
38,1916,-11,-18.6551724137931
38,1917,37,-8.40432612312812
38,1918,-54,-17.1967213114754
38,1919,-85,-51.9710610932476
38,1920,-64,-51.9710610932476
38,1921,61,-14.2142857142857
38,1922,-24,143.878787878788
38,1923,-51,8
38,1924,17,-51.9710610932476
38,1925,-31,33.620253164557
38,1926,-36,-8.40432612312812
38,1927,17,-8.40432612312812
38,1928,-8,76.3193277310924
38,1929,-79,-8.40432612312812
38,1930,-27,-51.9710610932476
38,1931,-10,-8.40432612312812
38,1932,13,-8.40432612312812
38,1933,19,76.3193277310924
38,1934,115,76.3193277310924
38,1935,105,189.586092715232
38,1936,121,82.2857142857143
38,1937,126,224.674418604651
38,1938,-1,-18.6551724137931
38,1939,122,-18.6551724137931
38,1940,-10,-103.090909090909
38,1941,8,-18.6551724137931
38,1942,4,-8.40432612312812
38,1943,-72,-8.40432612312812
38,1944,-41,-51.9710610932476
38,1945,7,-122.714285714286
38,1946,-144,-8.40432612312812
38,1947,-33,-51.9710610932476
38,1948,-154,-8.40432612312812
38,1949,-68,-14.2142857142857
38,1950,-76,-51.9710610932476
38,1951,-20,-51.9710610932476
38,1952,-10,-8.40432612312812
38,1953,-15,-8.40432612312812
38,1954,6,-8.40432612312812
38,1955,43,-8.40432612312812
38,1956,106,76.3193277310924
38,1957,264,189.586092715232
38,1958,317,224.674418604651
38,1959,-393,-157.092105263158
38,1960,-145,-157.092105263158
38,1961,-2,29.1818181818182
38,1962,116,-8.40432612312812
38,1963,-74,-15.0909090909091
38,1964,31,-51.9710610932476
38,1965,10,-17.1967213114754
38,1966,176,121.368932038835
38,1967,390,278.134146341463
38,1968,-106,-288.8
38,1969,-159,-157.092105263158
38,1970,-179,-145.4
38,1971,-107,-122.714285714286
38,1972,-87,-51.9710610932476
38,1973,-95,-51.9710610932476
38,1974,-50,-14.2142857142857
38,1975,-47,-14.2142857142857
38,1976,-1,-14.2142857142857
38,1977,-10,-8.40432612312812
38,1978,0,-8.40432612312812
38,1979,44,-8.40432612312812
38,1980,140,76.3193277310924
38,1981,326,224.674418604651
38,1982,227,-212.821428571429
38,1983,-404,-288.8
38,1984,-121,-157.092105263158
38,1985,-17,5.63157894736842
38,1986,28,-8.40432612312812
38,1987,44,-17.1967213114754
38,1988,-29,-17.1967213114754
38,1989,41,8
38,1990,170,121.368932038835
38,1991,414,278.134146341463
38,1992,8,-110.883333333333
38,1993,-245,-162.01724137931
38,1994,-109,-145.4
38,1995,-145,5.63157894736842
38,1996,-109,-51.9710610932476
38,1997,-77,-51.9710610932476
38,1998,-126,-51.9710610932476
38,1999,-38,-14.2142857142857
38,2000,-16,-14.2142857142857
38,2001,0,-8.40432612312812
38,2002,-8,-8.40432612312812
38,2003,55,-8.40432612312812
38,2004,131,224.674418604651
38,2005,317,224.674418604651
38,2006,281,-212.821428571429
38,2007,-446,-288.8
38,2008,-111,-157.092105263158
38,2009,50,29.1818181818182
38,2010,29,-15.0909090909091
38,2011,2,-17.1967213114754
38,2012,-65,-8.40432612312812
38,2013,70,-14.2142857142857
38,2014,167,82.2857142857143
38,2015,429,278.134146341463
38,2016,-22,-44.5384615384615
38,2017,-193,-162.01724137931
38,2018,-131,-145.4
38,2019,-170,-51.9710610932476
38,2020,-119,-51.9710610932476
38,2021,-39,-51.9710610932476
38,2022,-147,-51.9710610932476
38,2023,-63,-14.2142857142857
38,2024,-8,-14.2142857142857
38,2025,-13,-8.40432612312812
38,2026,-4,-8.40432612312812
38,2027,38,-8.40432612312812
38,2028,139,76.3193277310924
38,2029,314,189.586092715232
38,2030,234,-212.821428571429
38,2031,-385,-288.8
38,2032,-122,-157.092105263158
38,2033,-10,5.63157894736842
38,2034,67,-8.40432612312812
38,2035,-37,-15.0909090909091
38,2036,-29,-51.9710610932476
38,2037,25,8
38,2038,136,121.368932038835
38,2039,364,278.134146341463
38,2040,-50,-212.821428571429
38,2041,-74,-162.01724137931
38,2042,-168,-145.4
38,2043,-175,-51.9710610932476
38,2044,-37,-51.9710610932476
38,2045,-89,-51.9710610932476
38,2046,-48,-51.9710610932476
38,2047,-43,-14.2142857142857
38,2048,-28,-14.2142857142857
38,2049,-14,-8.40432612312812
38,2050,-4,-8.40432612312812
38,2051,29,-8.40432612312812
38,2052,102,76.3193277310924
38,2053,271,224.674418604651
38,2054,266,189.586092715232
38,2055,-313,-288.8
38,2056,-132,-157.092105263158
38,2057,20,29.1818181818182
38,2058,48,33.620253164557
38,2059,15,-15.0909090909091
38,2060,12,-17.1967213114754
38,2061,-3,-17.1967213114754
38,2062,176,121.368932038835
38,2063,200,278.134146341463
38,2064,-77,-110.883333333333
38,2065,-106,-110.883333333333
38,2066,-162,-51.9710610932476
38,2067,-94,-51.9710610932476
38,2068,-61,-51.9710610932476
38,2069,-10,-51.9710610932476
38,2070,2,-8.40432612312812
38,2071,-111,8
38,2072,10,-14.2142857142857
38,2073,-47,76.3193277310924
38,2074,-32,-51.9710610932476
38,2075,3,-8.40432612312812
38,2076,36,-8.40432612312812
38,2077,26,76.3193277310924
38,2078,87,33.620253164557
38,2079,174,0.517241379310345
38,2080,58,-73.8
38,2081,62,-110.883333333333
38,2082,30,0.517241379310345
38,2083,11,-17.1967213114754
38,2084,-4,33.620253164557
38,2085,3,-8.40432612312812
38,2086,-10,-8.40432612312812
38,2087,-8,-8.40432612312812
38,2088,2,121.368932038835
38,2089,-143,-8.40432612312812
38,2090,-105,-51.9710610932476
38,2091,67,-51.9710610932476
38,2092,-24,115
38,2093,-68,-8.40432612312812
38,2094,-20,-51.9710610932476
38,2095,-30,-8.40432612312812
38,2096,-46,-8.40432612312812
38,2097,-57,-51.9710610932476
38,2098,-42,-51.9710610932476
38,2099,4,-51.9710610932476
38,2100,1,-8.40432612312812
38,2101,22,-8.40432612312812
38,2102,87,76.3193277310924
38,2103,99,189.586092715232
38,2104,155,189.586092715232
38,2105,128,-73.8
38,2106,2,-110.883333333333
38,2107,-28,-18.6551724137931
38,2108,39,-8.40432612312812
38,2109,-21,-17.1967213114754
38,2110,20,-8.40432612312812
38,2111,10,-17.1967213114754
38,2112,-112,-17.1967213114754
38,2113,24,-122.714285714286
38,2114,-140,33.620253164557
38,2115,-32,-51.9710610932476
38,2116,-123,-8.40432612312812
38,2117,-48,-51.9710610932476
38,2118,-42,-14.2142857142857
38,2119,-39,-51.9710610932476
38,2120,-11,-14.2142857142857
38,2121,-5,-8.40432612312812
38,2122,2,-8.40432612312812
38,2123,42,-8.40432612312812
38,2124,114,76.3193277310924
38,2125,308,189.586092715232
38,2126,282,189.586092715232
38,2127,-458,-288.8
38,2128,-104,-157.092105263158
38,2129,26,29.1818181818182
38,2130,63,-17.1967213114754
38,2131,-52,-15.0909090909091
38,2132,28,-51.9710610932476
38,2133,-18,-17.1967213114754
38,2134,189,121.368932038835
38,2135,402,278.134146341463
38,2136,-15,-44.5384615384615
38,2137,-147,-157.092105263158
38,2138,-203,-145.4
38,2139,-140,-51.9710610932476
38,2140,-92,5.63157894736842
38,2141,-80,-51.9710610932476
38,2142,-112,-51.9710610932476
38,2143,-17,-14.2142857142857
38,2144,-13,8
38,2145,-2,-8.40432612312812
38,2146,0,-8.40432612312812
38,2147,39,-8.40432612312812
38,2148,149,76.3193277310924
38,2149,319,224.674418604651
38,2150,247,-212.821428571429
38,2151,-427,-288.8
38,2152,-106,-157.092105263158
38,2153,-3,29.1818181818182
38,2154,24,-8.40432612312812
38,2155,40,-17.1967213114754
38,2156,-28,-17.1967213114754
38,2157,-116,121.368932038835
38,2158,258,-14.2142857142857
38,2159,418,278.134146341463
38,2160,37,-157.092105263158
38,2161,-243,-222.166666666667
38,2162,-162,-145.4
38,2163,-100,5.63157894736842
38,2164,-95,-51.9710610932476
38,2165,-110,-51.9710610932476
38,2166,-100,-51.9710610932476
38,2167,-14,-14.2142857142857
38,2168,-20,8
38,2169,-6,-8.40432612312812
38,2170,-3,-8.40432612312812
38,2171,45,-8.40432612312812
38,2172,136,76.3193277310924
38,2173,302,224.674418604651
38,2174,194,-212.821428571429
38,2175,-331,-288.8
38,2176,-114,-110.883333333333
38,2177,-2,5.63157894736842
38,2178,50,-8.40432612312812
38,2179,-4,-15.0909090909091
38,2180,-17,-8.40432612312812
38,2181,32,-8.40432612312812
38,2182,184,121.368932038835
38,2183,358,278.134146341463
38,2184,54,-288.8
38,2185,-239,-222.166666666667
38,2186,-139,-145.4
38,2187,-193,5.63157894736842
38,2188,-32,-51.9710610932476
38,2189,-136,-8.40432612312812
38,2190,-89,-51.9710610932476
38,2191,-21,-14.2142857142857
38,2192,-31,8
38,2193,-5,-8.40432612312812
38,2194,3,-8.40432612312812
38,2195,32,-8.40432612312812
38,2196,142,76.3193277310924
38,2197,290,224.674418604651
38,2198,266,-212.821428571429
38,2199,-396,-288.8
38,2200,-162,-157.092105263158
38,2201,45,29.1818181818182
38,2202,60,33.620253164557
38,2203,24,-15.0909090909091
38,2204,-85,-17.1967213114754
38,2205,45,-14.2142857142857
38,2206,136,121.368932038835
38,2207,459,278.134146341463
38,2208,-98,-18.6551724137931
38,2209,-160,-162.01724137931
38,2210,-180,-145.4
38,2211,-85,-51.9710610932476
38,2212,-80,-51.9710610932476
38,2213,-85,-51.9710610932476
38,2214,-106,-14.2142857142857
38,2215,-28,-14.2142857142857
38,2216,-29,8
38,2217,-8,-8.40432612312812
38,2218,6,-8.40432612312812
38,2219,25,-8.40432612312812
38,2220,126,76.3193277310924
38,2221,258,224.674418604651
38,2222,247,-212.821428571429
38,2223,-272,-157.092105263158
38,2224,-147,-157.092105263158
38,2225,14,29.1818181818182
38,2226,75,33.620253164557
38,2227,7,-15.0909090909091
38,2228,-14,-8.40432612312812
38,2229,49,-8.40432612312812
38,2230,112,82.2857142857143
38,2231,249,278.134146341463
38,2232,-70,-103.090909090909
38,2233,-202,-162.01724137931
38,2234,-80,-145.4
38,2235,-111,5.63157894736842
38,2236,-76,-51.9710610932476
38,2237,-6,-51.9710610932476
38,2238,-35,-8.40432612312812
38,2239,-39,-8.40432612312812
38,2240,-38,-14.2142857142857
38,2241,-54,-14.2142857142857
38,2242,-17,-14.2142857142857
38,2243,4,-8.40432612312812
38,2244,32,-8.40432612312812
38,2245,18,76.3193277310924
38,2246,114,76.3193277310924
38,2247,97,189.586092715232
38,2248,118,82.2857142857143
38,2249,74,-73.8
38,2250,77,-18.6551724137931
38,2251,-20,0.517241379310345
38,2252,-55,-8.40432612312812
38,2253,17,-51.9710610932476
38,2254,-39,-17.1967213114754
38,2255,42,-51.9710610932476
38,2256,-2,-17.1967213114754
38,2257,-93,-8.40432612312812
38,2258,-85,-51.9710610932476
38,2259,-23,-51.9710610932476
38,2260,-20,-8.40432612312812
38,2261,-47,-8.40432612312812
38,2262,-69,-51.9710610932476
38,2263,-66,-14.2142857142857
38,2264,-14,-14.2142857142857
38,2265,-32,-8.40432612312812
38,2266,-27,-8.40432612312812
38,2267,5,-8.40432612312812
38,2268,0,-8.40432612312812
38,2269,49,-8.40432612312812
38,2270,40,143.878787878788
38,2271,121,76.3193277310924
38,2272,135,189.586092715232
38,2273,73,-135.333333333333
38,2274,54,-18.6551724137931
38,2275,32,0.517241379310345
38,2276,3,-17.1967213114754
38,2277,-76,-8.40432612312812
38,2278,-29,-51.9710610932476
38,2279,-39,-8.40432612312812
38,2280,-153,-122.714285714286
38,2281,-44,-122.714285714286
38,2282,8,-51.9710610932476
38,2283,15,-8.40432612312812
38,2284,-51,33.620253164557
38,2285,-70,-51.9710610932476
38,2286,-54,-14.2142857142857
38,2287,-22,-51.9710610932476
38,2288,-6,-8.40432612312812
38,2289,0,-8.40432612312812
38,2290,6,-8.40432612312812
38,2291,14,-8.40432612312812
38,2292,116,76.3193277310924
38,2293,266,189.586092715232
38,2294,198,189.586092715232
38,2295,-329,-157.092105263158
38,2296,-63,-110.883333333333
38,2297,47,5.63157894736842
38,2298,25,-15.0909090909091
38,2299,4,-17.1967213114754
38,2300,-2,-8.40432612312812
38,2301,-13,-8.40432612312812
38,2302,177,121.368932038835
38,2303,407,278.134146341463
38,2304,-15,-44.5384615384615
38,2305,-203,-162.01724137931
38,2306,-183,-145.4
38,2307,-140,5.63157894736842
38,2308,-110,-51.9710610932476
38,2309,-94,-51.9710610932476
38,2310,-66,-51.9710610932476
38,2311,-29,-14.2142857142857
38,2312,-5,8
38,2313,-7,-8.40432612312812
38,2314,3,-8.40432612312812
38,2315,27,-8.40432612312812
38,2316,143,76.3193277310924
38,2317,323,224.674418604651
38,2318,203,-212.821428571429
38,2319,-378,-288.8
38,2320,-77,-110.883333333333
38,2321,-36,5.63157894736842
38,2322,69,-8.40432612312812
38,2323,-30,-15.0909090909091
38,2324,8,-8.40432612312812
38,2325,45,8
38,2326,139,121.368932038835
38,2327,423,278.134146341463
38,2328,-54,-212.821428571429
38,2329,-204,-157.092105263158
38,2330,-162,-145.4
38,2331,-131,5.63157894736842
38,2332,-93,-51.9710610932476
38,2333,-86,-51.9710610932476
38,2334,-80,-51.9710610932476
38,2335,-35,-14.2142857142857
38,2336,-17,8
38,2337,1,-8.40432612312812
38,2338,0,-8.40432612312812
38,2339,36,-8.40432612312812
38,2340,130,76.3193277310924
38,2341,309,224.674418604651
38,2342,255,-212.821428571429
38,2343,-396,-288.8
38,2344,-127,-157.092105263158
38,2345,25,29.1818181818182
38,2346,41,-17.1967213114754
38,2347,33,-17.1967213114754
38,2348,-77,-17.1967213114754
38,2349,42,-14.2142857142857
38,2350,163,121.368932038835
38,2351,417,278.134146341463
38,2352,4,-110.883333333333
38,2353,-176,-162.01724137931
38,2354,-186,-145.4
38,2355,-119,-51.9710610932476
38,2356,-148,-51.9710610932476
38,2357,-97,-51.9710610932476
38,2358,-69,-51.9710610932476
38,2359,-39,-14.2142857142857
38,2360,-14,-14.2142857142857
38,2361,-8,-8.40432612312812
38,2362,4,-8.40432612312812
38,2363,31,-8.40432612312812
38,2364,126,76.3193277310924
38,2365,308,224.674418604651
38,2366,223,-212.821428571429
38,2367,-345,-288.8
38,2368,-148,-157.092105263158
38,2369,55,5.63157894736842
38,2370,17,-15.0909090909091
38,2371,4,-17.1967213114754
38,2372,-34,-8.40432612312812
38,2373,20,-8.40432612312812
38,2374,150,121.368932038835
38,2375,393,278.134146341463
38,2376,1,-44.5384615384615
38,2377,-188,-162.01724137931
38,2378,-145,-145.4
38,2379,-142,-51.9710610932476
38,2380,-77,-51.9710610932476
38,2381,-103,-51.9710610932476
38,2382,-71,-51.9710610932476
38,2383,-44,-14.2142857142857
38,2384,-21,-14.2142857142857
38,2385,-11,-8.40432612312812
38,2386,-2,-8.40432612312812
38,2387,26,-8.40432612312812
38,2388,11,76.3193277310924
38,2389,89,76.3193277310924
38,2390,-14,189.586092715232
38,2391,101,-8.40432612312812
38,2392,-27,82.2857142857143
38,2393,58,-8.40432612312812
38,2394,64,0.517241379310345
38,2395,-25,-15.0909090909091
38,2396,17,-8.40432612312812
38,2397,17,33.620253164557
38,2398,143,76.3193277310924
38,2399,263,189.586092715232
38,2400,-90,-222.166666666667
38,2401,-148,-157.092105263158
38,2402,-122,-145.4
38,2403,-84,-51.9710610932476
38,2404,-68,-51.9710610932476
38,2405,-26,-51.9710610932476
38,2406,-12,-8.40432612312812
38,2407,-64,8
38,2408,-31,-14.2142857142857
38,2409,-64,-8.40432612312812
38,2410,-11,-51.9710610932476
38,2411,1,-8.40432612312812
38,2412,12,-8.40432612312812
38,2413,39,76.3193277310924
38,2414,100,76.3193277310924
38,2415,109,189.586092715232
38,2416,136,82.2857142857143
38,2417,92,-73.8
38,2418,47,-18.6551724137931
38,2419,23,0.517241379310345
38,2420,-31,-17.1967213114754
38,2421,24,-8.40432612312812
38,2422,-31,-17.1967213114754
38,2423,-19,-8.40432612312812
38,2424,-212,-8.40432612312812
38,2425,-25,-122.714285714286
38,2426,-115,-8.40432612312812
38,2427,-32,-51.9710610932476
38,2428,40,-8.40432612312812
38,2429,-5,33.620253164557
38,2430,-43,-8.40432612312812
38,2431,-7,-51.9710610932476
38,2432,-27,-8.40432612312812
38,2433,-38,-8.40432612312812
38,2434,-38,-51.9710610932476
38,2435,0,-51.9710610932476
38,2436,6,-8.40432612312812
38,2437,23,-8.40432612312812
38,2438,80,76.3193277310924
38,2439,98,189.586092715232
38,2440,111,189.586092715232
38,2441,121,82.2857142857143
38,2442,56,-103.090909090909
38,2443,38,-18.6551724137931
38,2444,36,33.620253164557
38,2445,-2,-17.1967213114754
38,2446,-64,-8.40432612312812
38,2447,-8,-51.9710610932476
38,2448,-14,-8.40432612312812
38,2449,-26,-8.40432612312812
38,2450,-165,-8.40432612312812
38,2451,-80,-51.9710610932476
38,2452,-39,-51.9710610932476
38,2453,-71,-51.9710610932476
38,2454,-63,-51.9710610932476
38,2455,-33,-51.9710610932476
38,2456,-5,-8.40432612312812
38,2457,-3,-8.40432612312812
38,2458,5,-8.40432612312812
38,2459,25,-8.40432612312812
38,2460,123,76.3193277310924
38,2461,277,189.586092715232
38,2462,237,-212.821428571429
38,2463,-368,-288.8
38,2464,-106,-157.092105263158
38,2465,46,29.1818181818182
38,2466,31,-15.0909090909091
38,2467,-22,-17.1967213114754
38,2468,-6,-8.40432612312812
38,2469,26,-8.40432612312812
38,2470,190,121.368932038835
38,2471,354,278.134146341463
38,2472,-6,-44.5384615384615
38,2473,-257,-162.01724137931
38,2474,-123,-145.4
38,2475,-142,5.63157894736842
38,2476,-98,-51.9710610932476
38,2477,-64,-51.9710610932476
38,2478,-68,-51.9710610932476
38,2479,-33,-14.2142857142857
38,2480,-16,8
38,2481,-8,-8.40432612312812
38,2482,2,-8.40432612312812
38,2483,31,-8.40432612312812
38,2484,28,76.3193277310924
38,2485,115,76.3193277310924
38,2486,439,189.586092715232
38,2487,-216,-73.8
38,2488,-194,-157.092105263158
38,2489,-12,29.1818181818182
38,2490,104,-8.40432612312812
38,2491,-14,-15.0909090909091
38,2492,-31,-8.40432612312812
38,2493,28,-8.40432612312812
38,2494,175,33.620253164557
38,2495,354,224.674418604651
38,2496,42,-288.8
38,2497,-227,-222.166666666667
38,2498,-191,-145.4
38,2499,-128,5.63157894736842
38,2500,-119,-51.9710610932476
38,2501,-22,-51.9710610932476
38,2502,-107,-8.40432612312812
38,2503,-23,-14.2142857142857
38,2504,-29,8
38,2505,3,-8.40432612312812
38,2506,-7,-8.40432612312812
38,2507,35,-8.40432612312812
38,2508,133,76.3193277310924
38,2509,320,189.586092715232
38,2510,190,-212.821428571429
38,2511,-315,-288.8
38,2512,-134,-110.883333333333
38,2513,2,5.63157894736842
38,2514,72,-8.40432612312812
38,2515,-13,-15.0909090909091
38,2516,-39,-8.40432612312812
38,2517,11,-14.2142857142857
38,2518,165,121.368932038835
38,2519,420,278.134146341463
38,2520,-3,-212.821428571429
38,2521,-199,-162.01724137931
38,2522,-222,-145.4
38,2523,-112,5.63157894736842
38,2524,-89,5.63157894736842
38,2525,-88,-51.9710610932476
38,2526,-62,-51.9710610932476
38,2527,-55,-14.2142857142857
38,2528,-6,-14.2142857142857
38,2529,-11,-8.40432612312812
38,2530,1,-8.40432612312812
38,2531,32,-8.40432612312812
38,2532,128,76.3193277310924
38,2533,299,224.674418604651
38,2534,218,-212.821428571429
38,2535,-345,-288.8
38,2536,-138,-110.883333333333
38,2537,75,5.63157894736842
38,2538,69,-15.0909090909091
38,2539,-43,-15.0909090909091
38,2540,-52,-51.9710610932476
38,2541,12,-14.2142857142857
38,2542,159,121.368932038835
38,2543,478,278.134146341463
38,2544,-65,-44.5384615384615
38,2545,-155,-162.01724137931
38,2546,-163,-145.4
38,2547,-158,-51.9710610932476
38,2548,-102,-51.9710610932476
38,2549,-28,-51.9710610932476
38,2550,-138,-8.40432612312812
38,2551,-34,-14.2142857142857
38,2552,-35,8
38,2553,-13,-8.40432612312812
38,2554,3,-8.40432612312812
38,2555,27,-8.40432612312812
38,2556,121,76.3193277310924
38,2557,222,189.586092715232
38,2558,289,-212.821428571429
38,2559,-290,-288.8
38,2560,-147,-157.092105263158
38,2561,72,29.1818181818182
38,2562,62,-15.0909090909091
38,2563,-8,-15.0909090909091
38,2564,-29,-8.40432612312812
38,2565,55,-8.40432612312812
38,2566,105,82.2857142857143
38,2567,303,278.134146341463
38,2568,-122,-103.090909090909
38,2569,-178,-162.01724137931
38,2570,-132,-145.4
38,2571,-104,-51.9710610932476
38,2572,-42,-51.9710610932476
38,2573,-92,-51.9710610932476
38,2574,-16,-14.2142857142857
38,2575,-13,-8.40432612312812
38,2576,-49,8
38,2577,-13,-14.2142857142857
38,2578,-17,-8.40432612312812
38,2579,-4,-8.40432612312812
38,2580,18,-8.40432612312812
38,2581,37,76.3193277310924
38,2582,125,76.3193277310924
38,2583,103,189.586092715232
38,2584,188,-135.333333333333
38,2585,56,-73.8
38,2586,118,-110.883333333333
38,2587,-10,-103.090909090909
38,2588,-46,-18.6551724137931
38,2589,-2,-51.9710610932476
38,2590,45,-8.40432612312812
38,2591,-6,-17.1967213114754
38,2592,-81,-8.40432612312812
38,2593,-66,-122.714285714286
38,2594,-147,-51.9710610932476
38,2595,-3,-122.714285714286
38,2596,-77,-8.40432612312812
38,2597,-26,-51.9710610932476
38,2598,-48,-8.40432612312812
38,2599,-56,-51.9710610932476
38,2600,-12,-14.2142857142857
38,2601,-64,-8.40432612312812
38,2602,-29,-14.2142857142857
38,2603,-15,-8.40432612312812
38,2604,9,-8.40432612312812
38,2605,21,76.3193277310924
38,2606,83,76.3193277310924
38,2607,146,189.586092715232
38,2608,155,-73.8
38,2609,-153,-18.6551724137931
38,2610,26,-110.883333333333
38,2611,-136,76.3193277310924
38,2612,-13,-51.9710610932476
38,2613,127,-8.40432612312812
38,2614,80,-15.0909090909091
38,2615,-13,-18.6551724137931
38,2616,34,8
38,2617,-36,121.368932038835
38,2618,-67,-8.40432612312812
38,2619,-84,-51.9710610932476
38,2620,-134,-51.9710610932476
38,2621,-10,-51.9710610932476
38,2622,-20,-8.40432612312812
38,2623,-16,-8.40432612312812
38,2624,-5,-8.40432612312812
38,2625,-2,-8.40432612312812
38,2626,4,-8.40432612312812
38,2627,30,-8.40432612312812
38,2628,124,76.3193277310924
38,2629,281,189.586092715232
38,2630,213,-212.821428571429
38,2631,-298,-288.8
38,2632,-164,-110.883333333333
38,2633,48,5.63157894736842
38,2634,41,-15.0909090909091
38,2635,9,-17.1967213114754
38,2636,-16,-17.1967213114754
38,2637,34,-8.40432612312812
38,2638,151,121.368932038835
38,2639,433,278.134146341463
38,2640,-78,-18.6551724137931
38,2641,-516,-162.01724137931
38,2642,-38,-145.4
38,2643,-16,5.63157894736842
38,2644,-84,-8.40432612312812
38,2645,-59,-51.9710610932476
38,2646,-43,-14.2142857142857
38,2647,-26,-14.2142857142857
38,2648,-25,8
38,2649,-5,-8.40432612312812
38,2650,1,-8.40432612312812
38,2651,30,-8.40432612312812
38,2652,135,76.3193277310924
38,2653,350,189.586092715232
38,2654,204,-212.821428571429
38,2655,-395,-288.8
38,2656,-150,-110.883333333333
38,2657,78,5.63157894736842
38,2658,49,-15.0909090909091
38,2659,26,-15.0909090909091
38,2660,-29,-17.1967213114754
38,2661,0,-8.40432612312812
38,2662,165,121.368932038835
38,2663,411,278.134146341463
38,2664,-253,-110.883333333333
38,2665,-149,-162.01724137931
38,2666,-118,29.1818181818182
38,2667,-78,-51.9710610932476
38,2668,-48,-51.9710610932476
38,2669,-96,-51.9710610932476
38,2670,-81,-14.2142857142857
38,2671,-34,-14.2142857142857
38,2672,-4,8
38,2673,-10,-8.40432612312812
38,2674,1,-8.40432612312812
38,2675,32,-8.40432612312812
38,2676,147,76.3193277310924
38,2677,366,224.674418604651
38,2678,187,-212.821428571429
38,2679,-364,-227.16
38,2680,-151,-110.883333333333
38,2681,42,5.63157894736842
38,2682,45,33.620253164557
38,2683,4,-17.1967213114754
38,2684,-50,-8.40432612312812
38,2685,50,-14.2142857142857
38,2686,144,82.2857142857143
38,2687,323,278.134146341463
38,2688,-100,-44.5384615384615
38,2689,-103,-162.01724137931
38,2690,-189,-145.4
38,2691,-40,-51.9710610932476
38,2692,-70,-51.9710610932476
38,2693,-141,-51.9710610932476
38,2694,-80,-14.2142857142857
38,2695,-35,-14.2142857142857
38,2696,-5,8
38,2697,-11,-8.40432612312812
38,2698,-3,-8.40432612312812
38,2699,31,-8.40432612312812
38,2700,155,76.3193277310924
38,2701,289,224.674418604651
38,2702,226,-212.821428571429
38,2703,-295,-288.8
38,2704,-179,-157.092105263158
38,2705,45,5.63157894736842
38,2706,54,33.620253164557
38,2707,14,-15.0909090909091
38,2708,-41,-17.1967213114754
38,2709,0,-14.2142857142857
38,2710,160,121.368932038835
38,2711,355,278.134146341463
38,2712,121,-110.883333333333
38,2713,-308,-222.166666666667
38,2714,-159,-162.01724137931
38,2715,-145,5.63157894736842
38,2716,-131,-51.9710610932476
38,2717,-41,-51.9710610932476
38,2718,-46,-51.9710610932476
38,2719,-69,-14.2142857142857
38,2720,-26,-14.2142857142857
38,2721,-8,-8.40432612312812
38,2722,0,-8.40432612312812
38,2723,30,-8.40432612312812
38,2724,113,76.3193277310924
38,2725,274,189.586092715232
38,2726,319,189.586092715232
38,2727,-355,-288.8
38,2728,-127,-157.092105263158
38,2729,19,29.1818181818182
38,2730,90,33.620253164557
38,2731,-20,-15.0909090909091
38,2732,-13,-8.40432612312812
38,2733,12,-8.40432612312812
38,2734,165,121.368932038835
38,2735,297,278.134146341463
38,2736,-76,-44.5384615384615
38,2737,-200,-162.01724137931
38,2738,-173,-145.4
38,2739,-57,5.63157894736842
38,2740,-55,-51.9710610932476
38,2741,-73,-51.9710610932476
38,2742,-43,-14.2142857142857
38,2743,-20,-14.2142857142857
38,2744,-36,8
38,2745,-41,-8.40432612312812
38,2746,-26,-51.9710610932476
38,2747,2,-8.40432612312812
38,2748,16,-8.40432612312812
38,2749,72,76.3193277310924
38,2750,60,143.878787878788
38,2751,126,143.878787878788
38,2752,154,-73.8
38,2753,15,-18.6551724137931
38,2754,127,-18.6551724137931
38,2755,-67,-103.090909090909
38,2756,-35,-18.6551724137931
38,2757,-249,-8.40432612312812
38,2758,201,-51.9710610932476
38,2759,-31,-15.0909090909091
38,2760,-20,-162.01724137931
38,2761,-29,8
38,2762,-113,-8.40432612312812
38,2763,-33,-14.2142857142857
38,2764,-26,-8.40432612312812
38,2765,-24,-8.40432612312812
38,2766,-24,-8.40432612312812
38,2767,0,8
38,2768,-18,-8.40432612312812
38,2769,-63,-8.40432612312812
38,2770,-37,-51.9710610932476
38,2771,0,-51.9710610932476
38,2772,5,-8.40432612312812
38,2773,13,-8.40432612312812
38,2774,99,76.3193277310924
38,2775,130,189.586092715232
38,2776,122,189.586092715232
38,2777,97,-227.16
38,2778,144,-18.6551724137931
38,2779,-85,-103.090909090909
38,2780,-164,-18.6551724137931
38,2781,14,-51.9710610932476
38,2782,-218,-17.1967213114754
38,2783,60,-51.9710610932476
38,2784,31,-15.0909090909091
38,2785,28,-17.1967213114754
38,2786,-81,33.620253164557
38,2787,-45,-122.714285714286
38,2788,-52,-14.2142857142857
38,2789,-34,-51.9710610932476
38,2790,-48,-8.40432612312812
38,2791,-25,-51.9710610932476
38,2792,1,-8.40432612312812
38,2793,-4,-8.40432612312812
38,2794,8,-8.40432612312812
38,2795,24,-8.40432612312812
38,2796,109,76.3193277310924
38,2797,288,189.586092715232
38,2798,266,189.586092715232
38,2799,-357,-157.092105263158
38,2800,-136,-157.092105263158
38,2801,23,29.1818181818182
38,2802,54,33.620253164557
38,2803,5,-15.0909090909091
38,2804,-42,-8.40432612312812
38,2805,36,-14.2142857142857
38,2806,162,121.368932038835
38,2807,401,278.134146341463
38,2808,-11,-44.5384615384615
38,2809,-261,-162.01724137931
38,2810,-157,-145.4
38,2811,-138,5.63157894736842
38,2812,-117,-51.9710610932476
38,2813,-47,-51.9710610932476
38,2814,-76,-51.9710610932476
38,2815,-17,-14.2142857142857
38,2816,-6,8
38,2817,-11,-8.40432612312812
38,2818,4,-8.40432612312812
38,2819,34,-8.40432612312812
38,2820,105,76.3193277310924
38,2821,122,189.586092715232
38,2822,424,224.674418604651
38,2823,-298,-212.821428571429
38,2824,-191,-157.092105263158
38,2825,14,29.1818181818182
38,2826,79,-17.1967213114754
38,2827,-9,-15.0909090909091
38,2828,-37,-8.40432612312812
38,2829,66,-14.2142857142857
38,2830,163,82.2857142857143
38,2831,384,278.134146341463
38,2832,-46,-44.5384615384615
38,2833,-221,-162.01724137931
38,2834,-162,-145.4
38,2835,-121,5.63157894736842
38,2836,-98,-51.9710610932476
38,2837,-107,-51.9710610932476
38,2838,-62,-51.9710610932476
38,2839,-33,-14.2142857142857
38,2840,-8,8
38,2841,3,-8.40432612312812
38,2842,1,-8.40432612312812
38,2843,30,-8.40432612312812
38,2844,141,76.3193277310924
38,2845,373,224.674418604651
38,2846,254,-212.821428571429
38,2847,-460,-288.8
38,2848,-170,-157.092105263158
38,2849,75,29.1818181818182
38,2850,107,-15.0909090909091
38,2851,-60,-15.0909090909091
38,2852,1,-51.9710610932476
38,2853,37,121.368932038835
38,2854,155,121.368932038835
38,2855,377,278.134146341463
38,2856,-58,-44.5384615384615
38,2857,-169,-162.01724137931
38,2858,-216,-145.4
38,2859,-114,-51.9710610932476
38,2860,-78,5.63157894736842
38,2861,-78,-51.9710610932476
38,2862,-92,-51.9710610932476
38,2863,-42,-14.2142857142857
38,2864,-6,-14.2142857142857
38,2865,-12,-8.40432612312812
38,2866,3,-8.40432612312812
38,2867,27,-8.40432612312812
38,2868,128,76.3193277310924
38,2869,369,224.674418604651
38,2870,222,-212.821428571429
38,2871,-358,-288.8
38,2872,-162,-110.883333333333
38,2873,42,5.63157894736842
38,2874,18,33.620253164557
38,2875,-4,-17.1967213114754
38,2876,-17,-8.40432612312812
38,2877,65,-8.40432612312812
38,2878,144,82.2857142857143
38,2879,362,278.134146341463
38,2880,9,-44.5384615384615
38,2881,-243,-162.01724137931
38,2882,-139,-145.4
38,2883,-164,5.63157894736842
38,2884,-16,-51.9710610932476
38,2885,-139,-8.40432612312812
38,2886,-70,-51.9710610932476
38,2887,-50,-14.2142857142857
38,2888,-12,-14.2142857142857
38,2889,-15,-8.40432612312812
38,2890,2,-8.40432612312812
38,2891,22,-8.40432612312812
38,2892,79,76.3193277310924
38,2893,313,224.674418604651
38,2894,269,189.586092715232
38,2895,-292,-288.8
38,2896,-142,-157.092105263158
38,2897,53,29.1818181818182
38,2898,101,-15.0909090909091
38,2899,-42,-15.0909090909091
38,2900,68,-51.9710610932476
38,2901,90,0.517241379310345
38,2902,2,82.2857142857143
38,2903,89,8
38,2904,-71,0.517241379310345
38,2905,-94,-51.9710610932476
38,2906,-96,-51.9710610932476
38,2907,-53,-51.9710610932476
38,2908,-26,-51.9710610932476
38,2909,-103,-8.40432612312812
38,2910,-6,-14.2142857142857
38,2911,-89,-8.40432612312812
38,2912,-10,-14.2142857142857
38,2913,-34,-8.40432612312812
38,2914,-23,-8.40432612312812
38,2915,10,-8.40432612312812
38,2916,14,76.3193277310924
38,2917,30,76.3193277310924
38,2918,96,76.3193277310924
38,2919,75,224.674418604651
38,2920,180,82.2857142857143
38,2921,75,-73.8
38,2922,-21,-110.883333333333
38,2923,33,-8.40432612312812
38,2924,10,33.620253164557
38,2925,49,-17.1967213114754
38,2926,-101,0.517241379310345
38,2927,1,-51.9710610932476
38,2928,-21,-8.40432612312812
38,2929,-50,121.368932038835
38,2930,-185,-51.9710610932476
38,2931,-103,-51.9710610932476
38,2932,-26,-14.2142857142857
38,2933,67,-8.40432612312812
38,2934,-46,115
38,2935,-26,-51.9710610932476
38,2936,11,-8.40432612312812
38,2937,-42,76.3193277310924
38,2938,-20,-51.9710610932476
38,2939,-10,-8.40432612312812
38,2940,3,-8.40432612312812
38,2941,27,-8.40432612312812
38,2942,87,76.3193277310924
38,2943,103,115
38,2944,156,189.586092715232
38,2945,101,-73.8
38,2946,56,-110.883333333333
38,2947,-52,0.517241379310345
38,2948,-36,-51.9710610932476
38,2949,-102,-8.40432612312812
38,2950,119,-51.9710610932476
38,2951,29,-15.0909090909091
38,2952,-3,-162.01724137931
38,2953,-208,8
38,2954,-188,-51.9710610932476
38,2955,67,5.63157894736842
38,2956,-5,143.878787878788
38,2957,-43,-8.40432612312812
38,2958,-19,-51.9710610932476
38,2959,-49,-8.40432612312812
38,2960,-15,-14.2142857142857
38,2961,-12,-8.40432612312812
38,2962,-17,-8.40432612312812
38,2963,-7,-8.40432612312812
38,2964,11,-8.40432612312812
38,2965,28,76.3193277310924
38,2966,84,76.3193277310924
38,2967,102,189.586092715232
38,2968,130,82.2857142857143
38,2969,100,-73.8
38,2970,84,-18.6551724137931
38,2971,23,0.517241379310345
38,2972,-54,33.620253164557
38,2973,-63,-51.9710610932476
38,2974,51,-51.9710610932476
38,2975,-2,-15.0909090909091
38,2976,-16,-8.40432612312812
38,2977,-108,-8.40432612312812
38,2978,-113,-51.9710610932476
38,2979,-77,-51.9710610932476
38,2980,-63,-51.9710610932476
38,2981,-51,-51.9710610932476
38,2982,-41,-51.9710610932476
38,2983,-5,-14.2142857142857
38,2984,-19,-8.40432612312812
38,2985,5,-8.40432612312812
38,2986,-2,-8.40432612312812
38,2987,30,-8.40432612312812
38,2988,134,76.3193277310924
38,2989,321,189.586092715232
38,2990,139,-212.821428571429
38,2991,-309,-227.16
38,2992,-151,-18.6551724137931
38,2993,26,5.63157894736842
38,2994,89,33.620253164557
38,2995,-12,-15.0909090909091
38,2996,-1,-8.40432612312812
38,2997,18,-8.40432612312812
38,2998,166,121.368932038835
38,2999,398,278.134146341463
38,3000,-17,-44.5384615384615
38,3001,-287,-162.01724137931
38,3002,-167,-145.4
38,3003,-117,5.63157894736842
38,3004,-89,-51.9710610932476
38,3005,-84,-51.9710610932476
38,3006,-58,-51.9710610932476
38,3007,-24,-14.2142857142857
38,3008,-4,8
38,3009,-5,-8.40432612312812
38,3010,1,-8.40432612312812
38,3011,35,-8.40432612312812
38,3012,170,76.3193277310924
38,3013,290,224.674418604651
38,3014,225,-288.8
38,3015,-435,-288.8
38,3016,-55,-157.092105263158
38,3017,-18,5.63157894736842
38,3018,49,-8.40432612312812
38,3019,-32,-15.0909090909091
38,3020,-23,-8.40432612312812
38,3021,34,8
38,3022,185,121.368932038835
38,3023,433,278.134146341463
38,3024,-24,-288.8
38,3025,-177,-162.01724137931
38,3026,-250,-145.4
38,3027,-116,-51.9710610932476
38,3028,-77,5.63157894736842
38,3029,-69,-51.9710610932476
38,3030,-85,-51.9710610932476
38,3031,-47,-14.2142857142857
38,3032,-10,-14.2142857142857
38,3033,1,-8.40432612312812
38,3034,-1,-8.40432612312812
38,3035,30,-8.40432612312812
38,3036,162,76.3193277310924
38,3037,282,189.586092715232
38,3038,164,-212.821428571429
38,3039,-523,-227.16
38,3040,-74,-110.883333333333
38,3041,13,5.63157894736842
38,3042,75,33.620253164557
38,3043,54,-15.0909090909091
38,3044,25,-15.0909090909091
38,3045,54,121.368932038835
38,3046,146,82.2857142857143
38,3047,392,278.134146341463
38,3048,27,-18.6551724137931
38,3049,-277,-157.092105263158
38,3050,-152,-145.4
38,3051,-134,5.63157894736842
38,3052,-55,-51.9710610932476
38,3053,-48,-51.9710610932476
38,3054,-73,-51.9710610932476
38,3055,-67,-14.2142857142857
38,3056,-18,-14.2142857142857
38,3057,-2,-8.40432612312812
38,3058,-1,-8.40432612312812
38,3059,32,-8.40432612312812
38,3060,100,76.3193277310924
38,3061,346,189.586092715232
38,3062,233,189.586092715232
38,3063,-375,-288.8
38,3064,-120,-157.092105263158
38,3065,72,5.63157894736842
38,3066,27,-15.0909090909091
38,3067,31,-17.1967213114754
38,3068,-101,-17.1967213114754
38,3069,78,-14.2142857142857
38,3070,139,82.2857142857143
38,3071,302,278.134146341463
38,3072,20,-18.6551724137931
38,3073,-224,-162.01724137931
38,3074,-177,-145.4
38,3075,-90,5.63157894736842
38,3076,-2,-51.9710610932476
38,3077,-51,-8.40432612312812
38,3078,-98,-51.9710610932476
38,3079,-33,-14.2142857142857
38,3080,-40,121.368932038835
38,3081,-34,-14.2142857142857
38,3082,-32,-8.40432612312812
38,3083,4,-8.40432612312812
38,3084,19,-8.40432612312812
38,3085,48,76.3193277310924
38,3086,148,224.674418604651
38,3087,118,189.586092715232
38,3088,74,-135.333333333333
38,3089,156,-18.6551724137931
38,3090,116,-103.090909090909
38,3091,-26,-110.883333333333
38,3092,-42,-8.40432612312812
38,3093,-114,-51.9710610932476
38,3094,-398,-51.9710610932476
38,3095,57,-122.714285714286
38,3096,-4,-15.0909090909091
38,3097,48,-8.40432612312812
38,3098,-21,143.878787878788
38,3099,-13,-8.40432612312812
38,3100,13,-8.40432612312812
38,3101,-61,76.3193277310924
38,3102,-9,-51.9710610932476
38,3103,0,-8.40432612312812
38,3104,-28,-8.40432612312812
38,3105,-50,-8.40432612312812
38,3106,-18,-51.9710610932476
38,3107,27,-8.40432612312812
38,3108,-20,33.620253164557
38,3109,35,-8.40432612312812
38,3110,100,76.3193277310924
38,3111,129,82.2857142857143
38,3112,196,189.586092715232
38,3113,90,-212.821428571429
38,3114,172,-110.883333333333
38,3115,-28,-73.8
38,3116,-82,-110.883333333333
38,3117,49,-51.9710610932476
38,3118,5,-15.0909090909091
38,3119,-30,-8.40432612312812
38,3120,-111,-8.40432612312812
38,3121,-64,-122.714285714286
38,3122,-140,-14.2142857142857
38,3123,-150,-122.714285714286
38,3124,-17,-51.9710610932476
38,3125,-97,-8.40432612312812
38,3126,-51,-14.2142857142857
38,3127,-23,-51.9710610932476
38,3128,-1,-8.40432612312812
38,3129,-5,-8.40432612312812
38,3130,-7,-8.40432612312812
38,3131,35,-8.40432612312812
38,3132,140,76.3193277310924
38,3133,267,224.674418604651
38,3134,283,-212.821428571429
38,3135,-369,-288.8
38,3136,-151,-157.092105263158
38,3137,26,29.1818181818182
38,3138,96,76.3193277310924
38,3139,-9,-15.0909090909091
38,3140,17,-8.40432612312812
38,3141,6,121.368932038835
38,3142,142,121.368932038835
38,3143,383,278.134146341463
38,3144,97,-44.5384615384615
38,3145,-335,-157.092105263158
38,3146,-243,-145.4
38,3147,-105,5.63157894736842
38,3148,-126,5.63157894736842
38,3149,-66,-51.9710610932476
38,3150,-61,-51.9710610932476
38,3151,-22,-14.2142857142857
38,3152,-4,8
38,3153,2,-8.40432612312812
38,3154,1,-8.40432612312812
38,3155,35,-8.40432612312812
38,3156,167,76.3193277310924
38,3157,385,189.586092715232
38,3158,154,-212.821428571429
38,3159,-392,-227.16
38,3160,-162,-18.6551724137931
38,3161,51,5.63157894736842
38,3162,69,-15.0909090909091
38,3163,12,-15.0909090909091
38,3164,-73,-17.1967213114754
38,3165,71,-14.2142857142857
38,3166,210,82.2857142857143
38,3167,434,278.134146341463
38,3168,-93,-110.883333333333
38,3169,-281,-162.01724137931
38,3170,-135,-145.4
38,3171,-151,5.63157894736842
38,3172,-94,-51.9710610932476
38,3173,-107,-51.9710610932476
38,3174,-60,-14.2142857142857
38,3175,-28,-14.2142857142857
38,3176,-10,8
38,3177,-4,-8.40432612312812
38,3178,-2,-8.40432612312812
38,3179,43,-8.40432612312812
38,3180,157,76.3193277310924
38,3181,352,224.674418604651
38,3182,213,-212.821428571429
38,3183,-442,-288.8
38,3184,-123,-110.883333333333
38,3185,27,5.63157894736842
38,3186,120,-17.1967213114754
38,3187,-29,-15.0909090909091
38,3188,-45,-162.01724137931
38,3189,40,-14.2142857142857
38,3190,191,121.368932038835
38,3191,416,278.134146341463
38,3192,52,-44.5384615384615
38,3193,-342,-222.166666666667
38,3194,-165,-145.4
38,3195,-164,5.63157894736842
38,3196,-94,-51.9710610932476
38,3197,-85,-51.9710610932476
38,3198,-70,-51.9710610932476
38,3199,-29,-14.2142857142857
38,3200,-19,8
38,3201,2,-8.40432612312812
38,3202,-5,-8.40432612312812
38,3203,51,-8.40432612312812
38,3204,138,224.674418604651
38,3205,376,224.674418604651
38,3206,187,-212.821428571429
38,3207,-420,-227.16
38,3208,-126,-110.883333333333
38,3209,42,5.63157894736842
38,3210,43,76.3193277310924
38,3211,-14,-17.1967213114754
38,3212,-9,-8.40432612312812
38,3213,78,-8.40432612312812
38,3214,139,82.2857142857143
38,3215,393,278.134146341463
38,3216,-32,-44.5384615384615
38,3217,-178,-162.01724137931
38,3218,-211,-145.4
38,3219,-146,-51.9710610932476
38,3220,-66,5.63157894736842
38,3221,-81,-51.9710610932476
38,3222,-83,-51.9710610932476
38,3223,-46,-14.2142857142857
38,3224,-11,-14.2142857142857
38,3225,-16,-8.40432612312812
38,3226,-2,-8.40432612312812
38,3227,29,-8.40432612312812
38,3228,111,76.3193277310924
38,3229,302,224.674418604651
38,3230,312,224.674418604651
38,3231,-419,-288.8
38,3232,-101,-157.092105263158
38,3233,34,29.1818181818182
38,3234,129,33.620253164557
38,3235,-1,-15.0909090909091
38,3236,-37,-162.01724137931
38,3237,-4,-14.2142857142857
38,3238,196,121.368932038835
38,3239,331,278.134146341463
38,3240,-86,-44.5384615384615
38,3241,-229,-162.01724137931
38,3242,-175,-145.4
38,3243,-92,5.63157894736842
38,3244,-83,-51.9710610932476
38,3245,-34,-51.9710610932476
38,3246,12,-8.40432612312812
38,3247,-98,8
38,3248,-16,-14.2142857142857
38,3249,-56,-8.40432612312812
38,3250,-31,-14.2142857142857
38,3251,10,-8.40432612312812
38,3252,17,76.3193277310924
38,3253,40,76.3193277310924
38,3254,139,33.620253164557
38,3255,130,224.674418604651
38,3256,100,-18.6551724137931
38,3257,185,-18.6551724137931
38,3258,79,-103.090909090909
38,3259,-2,-110.883333333333
38,3260,11,-8.40432612312812
38,3261,-61,-17.1967213114754
38,3262,129,-51.9710610932476
38,3263,-54,-15.0909090909091
38,3264,-115,-162.01724137931
38,3265,-136,-51.9710610932476
38,3266,-148,-122.714285714286
38,3267,-34,-51.9710610932476
38,3268,-17,-8.40432612312812
38,3269,-50,-8.40432612312812
38,3270,-78,-14.2142857142857
38,3271,-34,-14.2142857142857
38,3272,-28,-8.40432612312812
38,3273,-41,-8.40432612312812
38,3274,-40,-51.9710610932476
38,3275,5,-51.9710610932476
38,3276,22,-8.40432612312812
38,3277,36,76.3193277310924
38,3278,57,76.3193277310924
38,3279,168,143.878787878788
38,3280,194,-73.8
38,3281,69,-110.883333333333
38,3282,97,-110.883333333333
38,3283,38,-103.090909090909
38,3284,-59,-17.1967213114754
38,3285,-78,-51.9710610932476
38,3286,39,-51.9710610932476
38,3287,-26,-17.1967213114754
38,3288,-89,8
38,3289,-78,-122.714285714286
38,3290,-79,-51.9710610932476
38,3291,-133,-14.2142857142857
38,3292,-64,-51.9710610932476
38,3293,-33,-51.9710610932476
38,3294,-49,-8.40432612312812
38,3295,-24,-14.2142857142857
38,3296,-8,-8.40432612312812
38,3297,-6,-8.40432612312812
38,3298,4,-8.40432612312812
38,3299,34,-8.40432612312812
38,3300,119,76.3193277310924
38,3301,328,189.586092715232
38,3302,191,-212.821428571429
38,3303,-384,-288.8
38,3304,-97,-110.883333333333
38,3305,50,5.63157894736842
38,3306,43,-15.0909090909091
38,3307,48,-17.1967213114754
38,3308,-11,0.517241379310345
38,3309,6,-8.40432612312812
38,3310,115,121.368932038835
38,3311,389,278.134146341463
38,3312,-68,-15.0909090909091
38,3313,-288,-162.01724137931
38,3314,-146,-145.4
38,3315,-107,5.63157894736842
38,3316,-104,-51.9710610932476
38,3317,-59,-51.9710610932476
38,3318,-57,-51.9710610932476
38,3319,-8,-14.2142857142857
38,3320,-1,8
38,3321,2,-8.40432612312812
38,3322,1,-8.40432612312812
38,3323,41,-8.40432612312812
38,3324,119,76.3193277310924
38,3325,189,189.586092715232
38,3326,316,-135.333333333333
38,3327,-379,-288.8
38,3328,-133,-157.092105263158
38,3329,-9,29.1818181818182
38,3330,-63,-8.40432612312812
38,3331,26,-51.9710610932476
38,3332,29,-17.1967213114754
38,3333,-107,-17.1967213114754
38,3334,105,-14.2142857142857
38,3335,197,278.134146341463
38,3336,-57,224.674418604651
38,3337,43,-110.883333333333
38,3338,-34,76.3193277310924
38,3339,-83,-8.40432612312812
38,3340,-56,-51.9710610932476
38,3341,-73,-51.9710610932476
38,3342,-52,-51.9710610932476
38,3343,-14,-51.9710610932476
38,3344,-9,8
38,3345,2,-8.40432612312812
38,3346,5,-8.40432612312812
38,3347,46,-8.40432612312812
38,3348,116,143.878787878788
38,3349,373,189.586092715232
38,3350,252,189.586092715232
38,3351,-435,-288.8
38,3352,-170,-157.092105263158
38,3353,55,29.1818181818182
38,3354,66,-15.0909090909091
38,3355,-24,-15.0909090909091
38,3356,-3,-8.40432612312812
38,3357,25,-8.40432612312812
38,3358,155,121.368932038835
38,3359,420,278.134146341463
38,3360,6,-44.5384615384615
38,3361,-281,-162.01724137931
38,3362,-202,-145.4
38,3363,-60,5.63157894736842
38,3364,-120,5.63157894736842
38,3365,-106,-51.9710610932476
38,3366,-65,-51.9710610932476
38,3367,-40,-14.2142857142857
38,3368,-7,-14.2142857142857
38,3369,-5,-8.40432612312812
38,3370,0,-8.40432612312812
38,3371,50,-8.40432612312812
38,3372,114,224.674418604651
38,3373,364,224.674418604651
38,3374,256,189.586092715232
38,3375,-435,-288.8
38,3376,-165,-157.092105263158
38,3377,53,29.1818181818182
38,3378,47,-15.0909090909091
38,3379,46,-15.0909090909091
38,3380,-38,0.517241379310345
38,3381,-7,-14.2142857142857
38,3382,166,121.368932038835
38,3383,519,278.134146341463
38,3384,-76,-110.883333333333
38,3385,-297,-162.01724137931
38,3386,-186,-145.4
38,3387,-143,5.63157894736842
38,3388,13,-51.9710610932476
38,3389,-133,76.3193277310924
38,3390,-88,-14.2142857142857
38,3391,-17,-14.2142857142857
38,3392,-35,121.368932038835
38,3393,-2,-8.40432612312812
38,3394,-2,-8.40432612312812
38,3395,39,-8.40432612312812
38,3396,116,33.620253164557
38,3397,338,224.674418604651
38,3398,254,224.674418604651
38,3399,-374,-288.8
38,3400,-158,-157.092105263158
38,3401,96,29.1818181818182
38,3402,68,-15.0909090909091
38,3403,32,-15.0909090909091
38,3404,-9,-17.1967213114754
38,3405,11,-8.40432612312812
38,3406,144,121.368932038835
38,3407,279,278.134146341463
38,3408,-41,-18.6551724137931
38,3409,-217,-162.01724137931
38,3410,-219,-145.4
38,3411,-57,5.63157894736842
38,3412,-17,5.63157894736842
38,3413,-109,-8.40432612312812
38,3414,-14,-51.9710610932476
38,3415,-48,8
38,3416,-41,-14.2142857142857
38,3417,-38,-51.9710610932476
38,3418,-30,-51.9710610932476
38,3419,2,-8.40432612312812
38,3420,24,-8.40432612312812
38,3421,36,76.3193277310924
38,3422,141,76.3193277310924
38,3423,159,189.586092715232
38,3424,97,-135.333333333333
38,3425,152,-110.883333333333
38,3426,62,-103.090909090909
38,3427,19,-18.6551724137931
38,3428,-53,-17.1967213114754
38,3429,96,-51.9710610932476
38,3430,-70,-15.0909090909091
38,3431,-34,-122.714285714286
38,3432,-48,8
38,3433,-191,-51.9710610932476
38,3434,-82,-122.714285714286
38,3435,-64,-51.9710610932476
38,3436,-22,-51.9710610932476
38,3437,-68,-8.40432612312812
38,3438,9,-51.9710610932476
38,3439,-38,76.3193277310924
38,3440,-47,-14.2142857142857
38,3441,-41,-51.9710610932476
38,3442,-44,-51.9710610932476
38,3443,-4,-51.9710610932476
38,3444,10,-8.40432612312812
38,3445,41,76.3193277310924
38,3446,118,33.620253164557
38,3447,101,189.586092715232
38,3448,213,-135.333333333333
38,3449,81,-73.8
38,3450,206,-110.883333333333
38,3451,-74,-103.090909090909
38,3452,-36,-110.883333333333
38,3453,-26,-8.40432612312812
38,3454,51,-8.40432612312812
38,3455,32,-15.0909090909091
38,3456,-183,-17.1967213114754
38,3457,-127,-14.2142857142857
38,3458,-161,-51.9710610932476
38,3459,-56,-122.714285714286
38,3460,-58,-51.9710610932476
38,3461,-38,-51.9710610932476
38,3462,-36,-14.2142857142857
38,3463,-46,-8.40432612312812
38,3464,-10,-14.2142857142857
38,3465,-3,-8.40432612312812
38,3466,3,-8.40432612312812
38,3467,29,-8.40432612312812
38,3468,131,76.3193277310924
38,3469,362,189.586092715232
38,3470,220,-212.821428571429
38,3471,-422,-288.8
38,3472,-130,-110.883333333333
38,3473,40,5.63157894736842
38,3474,104,33.620253164557
38,3475,-14,-15.0909090909091
38,3476,-25,-8.40432612312812
38,3477,-3,-8.40432612312812
38,3478,216,121.368932038835
38,3479,382,278.134146341463
38,3480,-45,-44.5384615384615
38,3481,-263,-162.01724137931
38,3482,-158,-145.4
38,3483,-176,5.63157894736842
38,3484,-84,-51.9710610932476
38,3485,-78,-51.9710610932476
38,3486,-30,-51.9710610932476
38,3487,-51,8
38,3488,1,-14.2142857142857
38,3489,-9,-8.40432612312812
38,3490,4,-8.40432612312812
38,3491,38,-8.40432612312812
38,3492,147,76.3193277310924
38,3493,362,224.674418604651
38,3494,249,-212.821428571429
38,3495,-396,-288.8
38,3496,-239,-157.092105263158
38,3497,48,29.1818181818182
38,3498,84,-15.0909090909091
38,3499,3,-15.0909090909091
38,3500,-12,-8.40432612312812
38,3501,10,121.368932038835
38,3502,192,121.368932038835
38,3503,472,278.134146341463
38,3504,-145,-44.5384615384615
38,3505,-283,-44.5384615384615
38,3506,-114,-145.4
38,3507,-128,5.63157894736842
38,3508,-109,-51.9710610932476
38,3509,-90,-51.9710610932476
38,3510,-58,-14.2142857142857
38,3511,-11,-14.2142857142857
38,3512,-12,8
38,3513,-7,-8.40432612312812
38,3514,4,-8.40432612312812
38,3515,22,-8.40432612312812
38,3516,146,76.3193277310924
38,3517,350,224.674418604651
38,3518,306,-212.821428571429
38,3519,-504,-288.8
38,3520,-149,-157.092105263158
38,3521,42,29.1818181818182
38,3522,89,33.620253164557
38,3523,24,-15.0909090909091
38,3524,-63,-17.1967213114754
38,3525,23,-14.2142857142857
38,3526,168,121.368932038835
38,3527,485,278.134146341463
38,3528,-69,-110.883333333333
38,3529,-257,-162.01724137931
38,3530,-193,-145.4
38,3531,-74,5.63157894736842
38,3532,-145,-51.9710610932476
38,3533,-100,-51.9710610932476
38,3534,-50,-51.9710610932476
38,3535,-44,-14.2142857142857
38,3536,-5,-14.2142857142857
38,3537,-9,-8.40432612312812
38,3538,1,-8.40432612312812
38,3539,58,-8.40432612312812
38,3540,103,224.674418604651
38,3541,389,224.674418604651
38,3542,236,189.586092715232
38,3543,-459,-288.8
38,3544,-127,-157.092105263158
38,3545,86,5.63157894736842
38,3546,41,-15.0909090909091
38,3547,-9,-17.1967213114754
38,3548,-68,-8.40432612312812
38,3549,38,-14.2142857142857
38,3550,176,121.368932038835
38,3551,433,278.134146341463
38,3552,-6,-44.5384615384615
38,3553,-340,-162.01724137931
38,3554,-102,-145.4
38,3555,-204,5.63157894736842
38,3556,-206,-51.9710610932476
38,3557,-2,5.63157894736842
38,3558,-28,-8.40432612312812
38,3559,-4,8
38,3560,-3,8
38,3561,-3,-8.40432612312812
38,3562,5,-8.40432612312812
38,3563,26,-8.40432612312812
38,3564,100,76.3193277310924
38,3565,256,189.586092715232
38,3566,311,189.586092715232
38,3567,-279,-288.8
38,3568,-181,-157.092105263158
38,3569,116,29.1818181818182
38,3570,19,-15.0909090909091
38,3571,30,-17.1967213114754
38,3572,-11,-17.1967213114754
38,3573,-7,-8.40432612312812
38,3574,110,121.368932038835
38,3575,306,278.134146341463
38,3576,-141,-15.0909090909091
38,3577,-159,-162.01724137931
38,3578,-172,-145.4
38,3579,-99,-51.9710610932476
38,3580,-17,-51.9710610932476
38,3581,-30,-8.40432612312812
38,3582,-41,-8.40432612312812
38,3583,-48,-14.2142857142857
38,3584,-9,-14.2142857142857
38,3585,-63,-8.40432612312812
38,3586,-15,-51.9710610932476
38,3587,1,-8.40432612312812
38,3588,22,-8.40432612312812
38,3589,36,76.3193277310924
38,3590,138,76.3193277310924
38,3591,121,189.586092715232
38,3592,140,-135.333333333333
38,3593,191,-18.6551724137931
38,3594,19,-18.6551724137931
38,3595,4,-110.883333333333
38,3596,64,-8.40432612312812
38,3597,-23,-15.0909090909091
38,3598,-5,-8.40432612312812
38,3599,-10,-8.40432612312812
38,3600,-118,-8.40432612312812
38,3601,-124,-122.714285714286
38,3602,-155,-122.714285714286
38,3603,-23,-51.9710610932476
38,3604,-71,-8.40432612312812
38,3605,-25,-51.9710610932476
38,3606,-49,-8.40432612312812
38,3607,-31,-14.2142857142857
38,3608,-24,-8.40432612312812
38,3609,-34,-8.40432612312812
38,3610,-51,-8.40432612312812
38,3611,3,-51.9710610932476
38,3612,12,-8.40432612312812
38,3613,35,76.3193277310924
38,3614,87,76.3193277310924
38,3615,141,189.586092715232
38,3616,194,-73.8
38,3617,112,-18.6551724137931
38,3618,89,-110.883333333333
38,3619,-86,0.517241379310345
38,3620,18,-51.9710610932476
38,3621,37,-17.1967213114754
38,3622,-1,-17.1967213114754
38,3623,-73,-8.40432612312812
38,3624,-174,-122.714285714286
38,3625,-144,-14.2142857142857
38,3626,-63,-51.9710610932476
38,3627,-71,-51.9710610932476
38,3628,-32,-51.9710610932476
38,3629,-34,-8.40432612312812
38,3630,-12,-8.40432612312812
38,3631,-27,-8.40432612312812
38,3632,-6,-8.40432612312812
38,3633,-5,-8.40432612312812
38,3634,3,-8.40432612312812
38,3635,26,-8.40432612312812
38,3636,119,76.3193277310924
38,3637,328,189.586092715232
38,3638,301,-212.821428571429
38,3639,-444,-288.8
38,3640,-161,-157.092105263158
38,3641,93,29.1818181818182
38,3642,51,-15.0909090909091
38,3643,-18,-15.0909090909091
38,3644,-61,-8.40432612312812
38,3645,85,-14.2142857142857
38,3646,130,82.2857142857143
38,3647,397,278.134146341463
38,3648,-243,-44.5384615384615
38,3649,-97,-162.01724137931
38,3650,-254,29.1818181818182
38,3651,-44,-51.9710610932476
38,3652,-11,5.63157894736842
38,3653,-102,-8.40432612312812
38,3654,-74,-14.2142857142857
38,3655,-20,-14.2142857142857
38,3656,-9,8
38,3657,3,-8.40432612312812
38,3658,5,-8.40432612312812
38,3659,33,-8.40432612312812
38,3660,136,76.3193277310924
38,3661,81,224.674418604651
38,3662,-126,-135.333333333333
38,3663,-48,-51.9710610932476
38,3664,-41,-51.9710610932476
38,3665,54,-51.9710610932476
38,3666,5,-15.0909090909091
38,3667,50,-8.40432612312812
38,3668,9,0.517241379310345
38,3669,46,33.620253164557
38,3670,165,224.674418604651
38,3671,341,-73.8
38,3672,-28,-110.883333333333
38,3673,-292,-157.092105263158
38,3674,-89,-145.4
38,3675,-17,5.63157894736842
38,3676,-49,-8.40432612312812
38,3677,-142,-51.9710610932476
38,3678,-46,-51.9710610932476
38,3679,-33,-14.2142857142857
38,3680,-10,8
38,3681,-2,-8.40432612312812
38,3682,4,-8.40432612312812
38,3683,23,-8.40432612312812
38,3684,143,76.3193277310924
38,3685,338,224.674418604651
38,3686,294,-212.821428571429
38,3687,-447,-288.8
38,3688,-187,-157.092105263158
38,3689,55,29.1818181818182
38,3690,128,-15.0909090909091
38,3691,-79,-15.0909090909091
38,3692,-28,-162.01724137931
38,3693,68,121.368932038835
38,3694,159,82.2857142857143
38,3695,439,278.134146341463
38,3696,-107,-44.5384615384615
38,3697,-217,-162.01724137931
38,3698,-96,-145.4
38,3699,-288,5.63157894736842
38,3700,32,-51.9710610932476
38,3701,-21,-17.1967213114754
38,3702,-144,-8.40432612312812
38,3703,-51,-14.2142857142857
38,3704,-12,-14.2142857142857
38,3705,-2,-8.40432612312812
38,3706,-1,-8.40432612312812
38,3707,29,-8.40432612312812
38,3708,94,33.620253164557
38,3709,258,189.586092715232
38,3710,347,224.674418604651
38,3711,-379,-288.8
38,3712,-182,-157.092105263158
38,3713,37,29.1818181818182
38,3714,74,33.620253164557
38,3715,6,-15.0909090909091
38,3716,-27,-8.40432612312812
38,3717,58,-8.40432612312812
38,3718,172,82.2857142857143
38,3719,404,278.134146341463
38,3720,-14,-110.883333333333
38,3721,-353,-162.01724137931
38,3722,-93,-145.4
38,3723,-120,5.63157894736842
38,3724,-89,-51.9710610932476
38,3725,-77,-51.9710610932476
38,3726,-53,-51.9710610932476
38,3727,-56,-14.2142857142857
38,3728,-35,-14.2142857142857
38,3729,5,-8.40432612312812
38,3730,-5,-8.40432612312812
38,3731,30,-8.40432612312812
38,3732,96,76.3193277310924
38,3733,291,224.674418604651
38,3734,357,189.586092715232
38,3735,-401,-288.8
38,3736,-124,-157.092105263158
38,3737,44,29.1818181818182
38,3738,164,76.3193277310924
38,3739,-44,-15.0909090909091
38,3740,-24,-162.01724137931
38,3741,70,-8.40432612312812
38,3742,164,82.2857142857143
38,3743,266,278.134146341463
38,3744,-139,-44.5384615384615
38,3745,-261,-162.01724137931
38,3746,-128,-145.4
38,3747,-105,5.63157894736842
38,3748,-3,-51.9710610932476
38,3749,-93,-8.40432612312812
38,3750,20,-14.2142857142857
38,3751,-50,8
38,3752,-66,-14.2142857142857
38,3753,-19,-14.2142857142857
38,3754,-45,-8.40432612312812
38,3755,-1,-14.2142857142857
38,3756,20,-8.40432612312812
38,3757,54,76.3193277310924
38,3758,122,143.878787878788
38,3759,189,189.586092715232
38,3760,144,-135.333333333333
38,3761,108,-110.883333333333
38,3762,96,-18.6551724137931
38,3763,-33,-103.090909090909
38,3764,-134,-8.40432612312812
38,3765,44,-51.9710610932476
38,3766,39,-17.1967213114754
38,3767,-49,-17.1967213114754
38,3768,-115,-122.714285714286
38,3769,-154,-122.714285714286
38,3770,-94,-14.2142857142857
38,3771,-32,-51.9710610932476
38,3772,-30,-8.40432612312812
38,3773,-6,-8.40432612312812
38,3774,-52,-8.40432612312812
38,3775,-18,-14.2142857142857
38,3776,-35,-8.40432612312812
38,3777,-52,-8.40432612312812
38,3778,-11,-51.9710610932476
38,3779,-1,-8.40432612312812
38,3780,13,-8.40432612312812
38,3781,12,76.3193277310924
38,3782,27,76.3193277310924
38,3783,24,76.3193277310924
38,3784,99,76.3193277310924
38,3785,151,82.2857142857143
38,3786,56,-15.0909090909091
38,3787,-72,-18.6551724137931
38,3788,-6,-51.9710610932476
38,3789,-8,-8.40432612312812
38,3790,27,-8.40432612312812
38,3791,-176,-17.1967213114754
38,3792,-51,-51.9710610932476
38,3793,8,-14.2142857142857
38,3794,2,121.368932038835
38,3795,-3,-8.40432612312812
38,3796,-34,-8.40432612312812
38,3797,1,-8.40432612312812
38,3798,-29,-8.40432612312812
38,3799,-14,-8.40432612312812
38,3800,-22,-8.40432612312812
38,3801,-5,-8.40432612312812
38,3802,-3,-8.40432612312812
38,3803,12,-8.40432612312812
38,3804,40,76.3193277310924
38,3805,95,33.620253164557
38,3806,243,189.586092715232
38,3807,-65,-73.8
38,3808,-34,-157.092105263158
38,3809,10,-8.40432612312812
38,3810,33,33.620253164557
38,3811,64,-17.1967213114754
38,3812,15,-15.0909090909091
38,3813,-50,-17.1967213114754
38,3814,7,-51.9710610932476
38,3815,120,121.368932038835
38,3816,-41,-15.0909090909091
38,3817,-85,-18.6551724137931
38,3818,-144,-51.9710610932476
38,3819,-76,-51.9710610932476
38,3820,-44,-51.9710610932476
38,3821,-38,-51.9710610932476
38,3822,-38,-51.9710610932476
38,3823,-18,-14.2142857142857
38,3824,-6,-8.40432612312812
38,3825,-4,-8.40432612312812
38,3826,4,-8.40432612312812
38,3827,12,-8.40432612312812
38,3828,124,76.3193277310924
38,3829,219,189.586092715232
38,3830,351,-212.821428571429
38,3831,-331,-288.8
38,3832,-218,-157.092105263158
38,3833,29,29.1818181818182
38,3834,67,33.620253164557
38,3835,-22,-15.0909090909091
38,3836,6,-8.40432612312812
38,3837,10,-8.40432612312812
38,3838,170,121.368932038835
38,3839,382,278.134146341463
38,3840,-22,-44.5384615384615
38,3841,-270,-157.092105263158
38,3842,-154,-145.4
38,3843,-135,5.63157894736842
38,3844,-63,-51.9710610932476
38,3845,-78,-51.9710610932476
38,3846,-51,-51.9710610932476
38,3847,-25,-14.2142857142857
38,3848,0,8
38,3849,-2,-8.40432612312812
38,3850,0,-8.40432612312812
38,3851,34,-8.40432612312812
38,3852,135,76.3193277310924
38,3853,332,224.674418604651
38,3854,332,-212.821428571429
38,3855,-473,-288.8
38,3856,-149,-157.092105263158
38,3857,74,29.1818181818182
38,3858,99,-15.0909090909091
38,3859,-93,-15.0909090909091
38,3860,-26,-51.9710610932476
38,3861,48,-8.40432612312812
38,3862,247,82.2857142857143
38,3863,382,278.134146341463
38,3864,-104,-44.5384615384615
38,3865,-278,-162.01724137931
38,3866,-174,-145.4
38,3867,-123,5.63157894736842
38,3868,-72,-51.9710610932476
38,3869,-61,-51.9710610932476
38,3870,-94,-14.2142857142857
38,3871,-31,-14.2142857142857
38,3872,0,8
38,3873,-8,-8.40432612312812
38,3874,7,-8.40432612312812
38,3875,32,-8.40432612312812
38,3876,117,76.3193277310924
38,3877,319,189.586092715232
38,3878,320,-212.821428571429
38,3879,-443,-157.092105263158
38,3880,-151,-157.092105263158
38,3881,47,29.1818181818182
38,3882,75,-15.0909090909091
38,3883,-35,-15.0909090909091
38,3884,57,-8.40432612312812
38,3885,112,0.517241379310345
38,3886,21,82.2857142857143
38,3887,346,8
38,3888,-135,-103.090909090909
38,3889,51,-157.092105263158
38,3890,-328,82.2857142857143
38,3891,-155,-51.9710610932476
38,3892,-83,5.63157894736842
38,3893,9,-51.9710610932476
38,3894,-118,-17.1967213114754
38,3895,-31,-51.9710610932476
38,3896,-21,8
38,3897,-10,-8.40432612312812
38,3898,2,-8.40432612312812
38,3899,27,-8.40432612312812
38,3900,108,76.3193277310924
38,3901,249,189.586092715232
38,3902,353,224.674418604651
38,3903,-345,-288.8
38,3904,-125,-157.092105263158
38,3905,38,29.1818181818182
38,3906,74,33.620253164557
38,3907,-6,-15.0909090909091
38,3908,-10,-8.40432612312812
38,3909,84,-8.40432612312812
38,3910,65,82.2857142857143
38,3911,317,278.134146341463
38,3912,-195,-103.090909090909
38,3913,-149,-162.01724137931
38,3914,-185,29.1818181818182
38,3915,-118,-51.9710610932476
38,3916,-30,-51.9710610932476
38,3917,-60,-8.40432612312812
38,3918,149,-14.2142857142857
38,3919,-103,189.586092715232
38,3920,-79,-135.333333333333
38,3921,-52,-14.2142857142857
38,3922,-4,-51.9710610932476
38,3923,0,-8.40432612312812
38,3924,17,-8.40432612312812
38,3925,42,76.3193277310924
38,3926,104,33.620253164557
38,3927,92,224.674418604651
38,3928,81,224.674418604651
38,3929,180,82.2857142857143
38,3930,46,-103.090909090909
38,3931,97,-110.883333333333
38,3932,-73,-103.090909090909
38,3933,18,-51.9710610932476
38,3934,22,-17.1967213114754
38,3935,-109,-17.1967213114754
38,3936,-55,-51.9710610932476
38,3937,-141,-51.9710610932476
38,3938,-77,-14.2142857142857
38,3939,-51,-51.9710610932476
38,3940,-15,-51.9710610932476
38,3941,-64,-8.40432612312812
38,3942,-14,-51.9710610932476
38,3943,1,-8.40432612312812
38,3944,-46,-8.40432612312812
38,3945,-38,-51.9710610932476
38,3946,-16,-51.9710610932476
38,3947,-1,-8.40432612312812
38,3948,13,-8.40432612312812
38,3949,27,76.3193277310924
38,3950,81,76.3193277310924
38,3951,91,189.586092715232
38,3952,205,82.2857142857143
38,3953,66,-73.8
38,3954,68,-110.883333333333
38,3955,57,0.517241379310345
38,3956,-2,0.517241379310345
38,3957,-49,-8.40432612312812
38,3958,13,-51.9710610932476
38,3959,-42,-17.1967213114754
38,3960,-86,-51.9710610932476
38,3961,-117,-122.714285714286
38,3962,-90,-51.9710610932476
38,3963,-50,-51.9710610932476
38,3964,-71,-51.9710610932476
38,3965,-20,-51.9710610932476
38,3966,-57,-8.40432612312812
38,3967,-19,-14.2142857142857
38,3968,-23,-8.40432612312812
38,3969,-2,-8.40432612312812
38,3970,6,-8.40432612312812
38,3971,30,-8.40432612312812
38,3972,107,76.3193277310924
38,3973,329,189.586092715232
38,3974,261,189.586092715232
38,3975,-378,-157.092105263158
38,3976,-191,-157.092105263158
38,3977,95,29.1818181818182
38,3978,21,-15.0909090909091
38,3979,-138,-17.1967213114754
38,3980,39,-51.9710610932476
38,3981,75,-17.1967213114754
38,3982,187,82.2857142857143
38,3983,319,278.134146341463
38,3984,-174,-44.5384615384615
38,3985,-353,-157.092105263158
38,3986,17,-145.4
38,3987,-50,76.3193277310924
38,3988,-80,-51.9710610932476
38,3989,-45,-51.9710610932476
38,3990,-33,-14.2142857142857
38,3991,-35,8
38,3992,-10,8
38,3993,-1,-8.40432612312812
38,3994,5,-8.40432612312812
38,3995,45,-8.40432612312812
38,3996,120,76.3193277310924
38,3997,353,189.586092715232
38,3998,310,-212.821428571429
38,3999,-480,-288.8
38,4000,-133,-157.092105263158
38,4001,6,29.1818181818182
38,4002,97,-8.40432612312812
38,4003,3,-15.0909090909091
38,4004,-20,-8.40432612312812
38,4005,38,-8.40432612312812
38,4006,100,121.368932038835
38,4007,497,278.134146341463
38,4008,-105,-103.090909090909
38,4009,-307,-162.01724137931
38,4010,-99,-145.4
38,4011,-237,5.63157894736842
38,4012,-14,-51.9710610932476
38,4013,18,-8.40432612312812
38,4014,-150,-17.1967213114754
38,4015,-32,-14.2142857142857
38,4016,-1,8
38,4017,-9,-8.40432612312812
38,4018,-3,-8.40432612312812
38,4019,37,-8.40432612312812
38,4020,137,76.3193277310924
38,4021,286,189.586092715232
38,4022,353,-212.821428571429
38,4023,-435,-288.8
38,4024,-154,-157.092105263158
38,4025,6,29.1818181818182
38,4026,98,-8.40432612312812
38,4027,-22,-15.0909090909091
38,4028,-40,-8.40432612312812
38,4029,31,-14.2142857142857
38,4030,165,121.368932038835
38,4031,422,278.134146341463
38,4032,-4,-44.5384615384615
38,4033,-368,-162.01724137931
38,4034,-102,-145.4
38,4035,-85,5.63157894736842
38,4036,-114,-51.9710610932476
38,4037,-116,-51.9710610932476
38,4038,-42,-51.9710610932476
38,4039,-43,-14.2142857142857
38,4040,0,-14.2142857142857
38,4041,-9,-8.40432612312812
38,4042,0,-8.40432612312812
38,4043,37,-8.40432612312812
38,4044,111,76.3193277310924
38,4045,355,224.674418604651
38,4046,326,189.586092715232
38,4047,-447,-288.8
38,4048,-169,-157.092105263158
38,4049,50,29.1818181818182
38,4050,109,-15.0909090909091
38,4051,-45,-15.0909090909091
38,4052,-47,-51.9710610932476
38,4053,68,-14.2142857142857
38,4054,97,82.2857142857143
38,4055,440,278.134146341463
38,4056,-102,-103.090909090909
38,4057,-275,-162.01724137931
38,4058,-126,-145.4
38,4059,-104,5.63157894736842
38,4060,-54,-51.9710610932476
38,4061,-112,-51.9710610932476
38,4062,-61,-14.2142857142857
38,4063,-40,-14.2142857142857
38,4064,-6,-14.2142857142857
38,4065,-5,-8.40432612312812
38,4066,1,-8.40432612312812
38,4067,30,-8.40432612312812
38,4068,95,76.3193277310924
38,4069,23,224.674418604651
38,4070,313,76.3193277310924
38,4071,-78,-73.8
38,4072,-165,-157.092105263158
38,4073,28,-145.4
38,4074,80,33.620253164557
38,4075,43,-15.0909090909091
38,4076,-10,33.620253164557
38,4077,30,-8.40432612312812
38,4078,170,33.620253164557
38,4079,-140,224.674418604651
38,4080,-192,-110.883333333333
38,4081,-1,-51.9710610932476
38,4082,-3,-8.40432612312812
38,4083,-23,-8.40432612312812
38,4084,-16,-8.40432612312812
38,4085,-59,-8.40432612312812
38,4086,-8,-14.2142857142857
38,4087,-28,8
38,4088,-17,-8.40432612312812
38,4089,-49,-8.40432612312812
38,4090,-11,-51.9710610932476
38,4091,-5,-8.40432612312812
38,4092,18,-8.40432612312812
38,4093,34,76.3193277310924
38,4094,128,76.3193277310924
38,4095,170,189.586092715232
38,4096,60,-135.333333333333
38,4097,189,-110.883333333333
38,4098,91,-73.8
38,4099,11,-110.883333333333
38,4100,-3,-17.1967213114754
38,4101,0,-8.40432612312812
38,4102,-20,-8.40432612312812
38,4103,40,-8.40432612312812
38,4104,-210,121.368932038835
38,4105,-176,-51.9710610932476
38,4106,-86,5.63157894736842
38,4107,37,-51.9710610932476
38,4108,-94,33.620253164557
38,4109,-39,-51.9710610932476
38,4110,-9,-14.2142857142857
38,4111,-37,-8.40432612312812
38,4112,15,-14.2142857142857
38,4113,-91,76.3193277310924
38,4114,-20,-14.2142857142857
38,4115,-11,-8.40432612312812
38,4116,16,-8.40432612312812
38,4117,30,76.3193277310924
38,4118,87,76.3193277310924
38,4119,126,115
38,4120,174,-73.8
38,4121,104,-18.6551724137931
38,4122,128,-110.883333333333
38,4123,-49,-103.090909090909
38,4124,14,-18.6551724137931
38,4125,-17,-17.1967213114754
38,4126,-32,-8.40432612312812
38,4127,-100,-8.40432612312812
38,4128,-78,-122.714285714286
38,4129,-147,-122.714285714286
38,4130,-71,-51.9710610932476
38,4131,-29,-122.714285714286
38,4132,-53,-8.40432612312812
38,4133,-47,-14.2142857142857
38,4134,-35,-14.2142857142857
38,4135,-20,-8.40432612312812
38,4136,-6,-8.40432612312812
38,4137,1,-8.40432612312812
38,4138,1,-8.40432612312812
38,4139,39,-8.40432612312812
38,4140,98,76.3193277310924
38,4141,308,189.586092715232
38,4142,276,189.586092715232
38,4143,-368,-288.8
38,4144,-148,-157.092105263158
38,4145,-1,29.1818181818182
38,4146,72,-8.40432612312812
38,4147,32,-15.0909090909091
38,4148,-33,-17.1967213114754
38,4149,14,-8.40432612312812
38,4150,228,121.368932038835
38,4151,398,278.134146341463
38,4152,-136,-157.092105263158
38,4153,-272,-162.01724137931
38,4154,-111,-145.4
38,4155,-229,5.63157894736842
38,4156,9,-51.9710610932476
38,4157,-20,-17.1967213114754
38,4158,-126,-8.40432612312812
38,4159,-20,-14.2142857142857
38,4160,-10,121.368932038835
38,4161,-6,-8.40432612312812
38,4162,6,-8.40432612312812
38,4163,43,-8.40432612312812
38,4164,108,33.620253164557
38,4165,373,189.586092715232
38,4166,230,224.674418604651
38,4167,-427,-157.092105263158
38,4168,-113,-157.092105263158
38,4169,32,5.63157894736842
38,4170,125,-17.1967213114754
38,4171,-75,-15.0909090909091
38,4172,-7,-162.01724137931
38,4173,50,-8.40432612312812
38,4174,195,82.2857142857143
38,4175,397,278.134146341463
38,4176,-112,-44.5384615384615
38,4177,-344,-162.01724137931
38,4178,-103,-145.4
38,4179,-84,5.63157894736842
38,4180,-101,-51.9710610932476
38,4181,-83,-51.9710610932476
38,4182,-65,-14.2142857142857
38,4183,-19,-14.2142857142857
38,4184,-21,8
38,4185,-2,-8.40432612312812
38,4186,2,-8.40432612312812
38,4187,47,-8.40432612312812
38,4188,120,224.674418604651
38,4189,353,224.674418604651
38,4190,275,-212.821428571429
38,4191,-428,-288.8
38,4192,-202,-157.092105263158
38,4193,65,29.1818181818182
38,4194,80,-15.0909090909091
38,4195,-10,-15.0909090909091
38,4196,-5,-8.40432612312812
38,4197,7,-8.40432612312812
38,4198,224,121.368932038835
38,4199,431,278.134146341463
38,4200,-105,-44.5384615384615
38,4201,-286,-162.01724137931
38,4202,-131,-145.4
38,4203,-128,5.63157894736842
38,4204,-75,-51.9710610932476
38,4205,-115,-51.9710610932476
38,4206,-47,-14.2142857142857
38,4207,-48,-14.2142857142857
38,4208,-10,-14.2142857142857
38,4209,-10,-8.40432612312812
38,4210,-3,-8.40432612312812
38,4211,50,-8.40432612312812
38,4212,116,224.674418604651
38,4213,324,224.674418604651
38,4214,284,189.586092715232
38,4215,-436,-288.8
38,4216,-118,-157.092105263158
38,4217,13,29.1818181818182
38,4218,81,-17.1967213114754
38,4219,-6,-15.0909090909091
38,4220,-28,-8.40432612312812
38,4221,20,-8.40432612312812
38,4222,194,121.368932038835
38,4223,387,278.134146341463
38,4224,-77,-44.5384615384615
38,4225,-267,-162.01724137931
38,4226,-195,-145.4
38,4227,-76,5.63157894736842
38,4228,-64,-51.9710610932476
38,4229,-72,-51.9710610932476
38,4230,-64,-14.2142857142857
38,4231,-35,-14.2142857142857
38,4232,-17,8
38,4233,-6,-8.40432612312812
38,4234,-8,-8.40432612312812
38,4235,45,-8.40432612312812
38,4236,94,76.3193277310924
38,4237,277,189.586092715232
38,4238,313,189.586092715232
38,4239,-331,-288.8
38,4240,-206,-157.092105263158
38,4241,93,29.1818181818182
38,4242,102,-15.0909090909091
38,4243,-55,-15.0909090909091
38,4244,14,-51.9710610932476
38,4245,97,-17.1967213114754
38,4246,134,82.2857142857143
38,4247,235,278.134146341463
38,4248,-152,-44.5384615384615
38,4249,-194,-157.092105263158
38,4250,-160,-51.9710610932476
38,4251,-19,-51.9710610932476
38,4252,-75,-8.40432612312812
38,4253,-39,-51.9710610932476
38,4254,-36,-14.2142857142857
38,4255,4,-8.40432612312812
38,4256,-56,8
38,4257,-64,-51.9710610932476
38,4258,-13,-14.2142857142857
38,4259,-4,-8.40432612312812
38,4260,22,-8.40432612312812
38,4261,55,76.3193277310924
38,4262,127,115
38,4263,115,189.586092715232
38,4264,151,-135.333333333333
38,4265,106,-73.8
38,4266,83,-18.6551724137931
38,4267,92,0.517241379310345
38,4268,-10,0.517241379310345
38,4269,-39,-8.40432612312812
38,4270,-99,-51.9710610932476
38,4271,6,-122.714285714286
38,4272,-162,-8.40432612312812
38,4273,-156,-122.714285714286
38,4274,-4,-51.9710610932476
38,4275,-87,-8.40432612312812
38,4276,-52,-14.2142857142857
38,4277,10,-51.9710610932476
38,4278,-50,76.3193277310924
38,4279,16,-14.2142857142857
38,4280,-17,76.3193277310924
38,4281,-37,-8.40432612312812
38,4282,-59,-51.9710610932476
38,4283,8,-51.9710610932476
38,4284,11,-8.40432612312812
38,4285,26,33.620253164557
38,4286,108,76.3193277310924
38,4287,157,189.586092715232
38,4288,104,-73.8
38,4289,28,-110.883333333333
38,4290,29,76.3193277310924
38,4291,-100,33.620253164557
38,4292,11,-51.9710610932476
38,4293,-101,-17.1967213114754
38,4294,-8,-51.9710610932476
38,4295,-68,-8.40432612312812
38,4296,-71,-122.714285714286
38,4297,-100,-14.2142857142857
38,4298,1,-51.9710610932476
38,4299,-9,-8.40432612312812
38,4300,-9,-8.40432612312812
38,4301,-23,-8.40432612312812
38,4302,8,-8.40432612312812
38,4303,94,-8.40432612312812
38,4304,10,189.586092715232
38,4305,-2,76.3193277310924
38,4306,-26,-8.40432612312812
38,4307,26,-8.40432612312812
38,4308,19,76.3193277310924
38,4309,-28,76.3193277310924
38,4310,-34,-8.40432612312812
38,4311,-17,-8.40432612312812
38,4312,2,-8.40432612312812
38,4313,-27,-8.40432612312812
38,4314,-23,-8.40432612312812
38,4315,-8,-8.40432612312812
38,4316,-1,-8.40432612312812
38,4317,-4,-8.40432612312812
38,4318,2,-8.40432612312812
38,4319,19,-8.40432612312812
38,4320,92,33.620253164557
38,4321,221,189.586092715232
38,4322,284,189.586092715232
38,4323,-324,-288.8
38,4324,-129,-157.092105263158
38,4325,21,29.1818181818182
38,4326,52,33.620253164557
38,4327,-28,-15.0909090909091
38,4328,11,-8.40432612312812
38,4329,6,-17.1967213114754
38,4330,194,121.368932038835
38,4331,299,278.134146341463
38,4332,-139,-44.5384615384615
38,4333,-174,-157.092105263158
38,4334,-142,-145.4
38,4335,-76,-51.9710610932476
38,4336,-27,-51.9710610932476
38,4337,-64,-8.40432612312812
38,4338,-41,-14.2142857142857
38,4339,-30,-14.2142857142857
38,4340,-10,8
38,4341,-5,-8.40432612312812
38,4342,-5,-8.40432612312812
39,1,334,299.305555555556
39,2,2,-128.266666666667
39,3,-184,-159.436507936508
39,4,-102,-140.909090909091
39,5,-121,-52.6217948717949
39,6,-53,-52.6217948717949
39,7,-125,-52.6217948717949
39,8,-32,-52.6217948717949
39,9,-41,-12.4032258064516
39,10,-37,-4.38181818181818
39,11,3,-4.38181818181818
39,12,-10,-0.374358974358974
39,13,20,-0.374358974358974
39,14,111,87.4859813084112
39,15,221,192.246031746032
39,16,262,112
39,17,-324,-244.666666666667
39,18,-95,-148.787610619469
39,19,59,30.0714285714286
39,20,-87,5.80434782608696
39,21,107,-52.6217948717949
39,22,-36,-128.266666666667
39,23,101,-4.38181818181818
39,24,97,192.246031746032
39,25,203,299.305555555556
39,26,-2,134.090909090909
39,27,-189,-159.436507936508
39,28,-139,-52.6217948717949
39,29,-78,-52.6217948717949
39,30,-3,-52.6217948717949
39,31,24,-103.5
39,32,-103,-34.1702127659574
39,33,-46,-4.38181818181818
39,34,-32,-4.38181818181818
39,35,-43,115.122950819672
39,36,-23,-52.6217948717949
39,37,13,-0.374358974358974
39,38,20,43.8474576271186
39,39,45,12.527027027027
39,40,110,87.4859813084112
39,41,87,74.5641025641026
39,42,148,104.75
39,43,143,-27.9333333333333
39,44,-25,-4.48
39,45,-26,-103.12
39,46,-96,-0.374358974358974
39,47,113,-52.6217948717949
39,48,-1,5.80434782608696
39,49,-38,-12.4032258064516
39,50,-68,-52.6217948717949
39,51,-29,-118.8
39,52,-96,-0.374358974358974
39,53,-40,-52.6217948717949
39,54,-52,-52.6217948717949
39,55,-68,-52.6217948717949
39,56,-15,-118.8
39,57,-13,-0.374358974358974
39,58,-28,-0.374358974358974
39,59,-65,-0.374358974358974
39,60,-12,-52.6217948717949
39,61,-5,-0.374358974358974
39,62,6,-0.374358974358974
39,63,19,-0.374358974358974
39,64,78,87.4859813084112
39,65,77,192.246031746032
39,66,142,192.246031746032
39,67,81,-27.9333333333333
39,68,144,-4.48
39,69,7,-18.741935483871
39,70,-47,-4.48
39,71,53,-52.6217948717949
39,72,-27,5.80434782608696
39,73,-33,-103.5
39,74,-48,-103.5
39,75,-80,-118.8
39,76,-107,-52.6217948717949
39,77,-73,-118.8
39,78,-46,-52.6217948717949
39,79,-55,-52.6217948717949
39,80,-68,-52.6217948717949
39,81,-25,-4.38181818181818
39,82,-3,-0.374358974358974
39,83,-1,-0.374358974358974
39,84,-3,-0.374358974358974
39,85,21,-0.374358974358974
39,86,119,87.4859813084112
39,87,243,192.246031746032
39,88,254,-111.2
39,89,-289,-244.666666666667
39,90,-160,-148.787610619469
39,91,23,30.0714285714286
39,92,50,43.8474576271186
39,93,9,5.80434782608696
39,94,-33,-34.1702127659574
39,95,23,-12.4032258064516
39,96,126,115.122950819672
39,97,381,299.305555555556
39,98,-89,-4.48
39,99,-134,-159.436507936508
39,100,-223,-140.909090909091
39,101,-76,-52.6217948717949
39,102,-74,3.4
39,103,-60,-52.6217948717949
39,104,-75,-4.38181818181818
39,105,-29,-4.38181818181818
39,106,7,-9.21212121212121
39,107,-10,-9.21212121212121
39,108,-1,-0.374358974358974
39,109,15,-0.374358974358974
39,110,145,87.4859813084112
39,111,298,192.246031746032
39,112,178,-111.2
39,113,-346,-244.666666666667
39,114,-138,-148.787610619469
39,115,60,3.4
39,116,46,5.80434782608696
39,117,-44,12.527027027027
39,118,-148,-52.6217948717949
39,119,63,-4.38181818181818
39,120,255,104.75
39,121,328,299.305555555556
39,122,-7,-302.606060606061
39,123,-252,-159.436507936508
39,124,-156,-140.909090909091
39,125,-79,3.4
39,126,-76,-52.6217948717949
39,127,-84,-52.6217948717949
39,128,-28,-52.6217948717949
39,129,-21,-12.4032258064516
39,130,-13,-9.21212121212121
39,131,1,-9.21212121212121
39,132,3,-0.374358974358974
39,133,23,-0.374358974358974
39,134,98,87.4859813084112
39,135,292,192.246031746032
39,136,204,192.246031746032
39,137,-297,-244.666666666667
39,138,-172,-148.787610619469
39,139,48,3.4
39,140,79,5.80434782608696
39,141,-14,5.80434782608696
39,142,-23,-12.4032258064516
39,143,16,-12.4032258064516
39,144,98,115.122950819672
39,145,348,299.305555555556
39,146,-333,-72.3846153846154
39,147,-274,-159.436507936508
39,148,-47,30.0714285714286
39,149,-17,3.4
39,150,33,-0.374358974358974
39,151,-12,12.527027027027
39,152,-22,-12.4032258064516
39,153,-22,115.122950819672
39,154,-8,115.122950819672
39,155,0,-0.374358974358974
39,156,-1,-0.374358974358974
39,157,22,-0.374358974358974
39,158,115,12.527027027027
39,159,262,192.246031746032
39,160,229,192.246031746032
39,161,-269,-244.666666666667
39,162,-207,-148.787610619469
39,163,102,3.4
39,164,16,5.80434782608696
39,165,46,12.527027027027
39,166,-71,-34.1702127659574
39,167,24,-4.38181818181818
39,168,150,115.122950819672
39,169,311,248.4921875
39,170,38,-4.48
39,171,-217,-244.666666666667
39,172,-179,-140.909090909091
39,173,-144,3.4
39,174,2,-52.6217948717949
39,175,-97,-0.374358974358974
39,176,-71,-52.6217948717949
39,177,-18,-4.38181818181818
39,178,-15,115.122950819672
39,179,-18,-9.21212121212121
39,180,-4,-9.21212121212121
39,181,17,-0.374358974358974
39,182,109,12.527027027027
39,183,216,192.246031746032
39,184,269,192.246031746032
39,185,-298,-302.606060606061
39,186,-112,-148.787610619469
39,187,81,30.0714285714286
39,188,57,5.80434782608696
39,189,15,-72.3846153846154
39,190,-29,-34.1702127659574
39,191,105,-12.4032258064516
39,192,86,104.75
39,193,254,299.305555555556
39,194,-183,-18.741935483871
39,195,-93,-159.436507936508
39,196,-162,30.0714285714286
39,197,-71,-52.6217948717949
39,198,-36,-52.6217948717949
39,199,-54,-52.6217948717949
39,200,-44,-4.38181818181818
39,201,-43,-4.38181818181818
39,202,-37,-4.38181818181818
39,203,-22,-4.38181818181818
39,204,-25,-0.374358974358974
39,205,4,-0.374358974358974
39,206,20,-0.374358974358974
39,207,34,87.4859813084112
39,208,111,87.4859813084112
39,209,157,192.246031746032
39,210,76,-27.9333333333333
39,211,111,-4.48
39,212,37,-18.741935483871
39,213,100,12.527027027027
39,214,-44,-18.741935483871
39,215,-25,-52.6217948717949
39,216,1,-103.5
39,217,-15,-103.5
39,218,-30,-103.5
39,219,-107,-12.4032258064516
39,220,-152,-52.6217948717949
39,221,-57,-52.6217948717949
39,222,44,-52.6217948717949
39,223,-98,43.8474576271186
39,224,-78,-52.6217948717949
39,225,-4,-4.38181818181818
39,226,-12,-0.374358974358974
39,227,-54,-9.21212121212121
39,228,-19,-52.6217948717949
39,229,3,-0.374358974358974
39,230,9,-14.4166666666667
39,231,39,87.4859813084112
39,232,96,87.4859813084112
39,233,66,192.246031746032
39,234,128,104.75
39,235,78,-27.9333333333333
39,236,103,-4.48
39,237,71,-18.741935483871
39,238,-50,-18.741935483871
39,239,-53,-52.6217948717949
39,240,65,-52.6217948717949
39,241,-86,5.80434782608696
39,242,-89,-52.6217948717949
39,243,-50,-118.8
39,244,-109,-52.6217948717949
39,245,-61,-52.6217948717949
39,246,-38,-52.6217948717949
39,247,-57,-4.38181818181818
39,248,-39,-4.38181818181818
39,249,-24,-52.6217948717949
39,250,-9,-0.374358974358974
39,251,0,-0.374358974358974
39,252,4,-0.374358974358974
39,253,20,-0.374358974358974
39,254,39,87.4859813084112
39,255,10,87.4859813084112
39,256,81,87.4859813084112
39,257,-46,74.5641025641026
39,258,-51,-52.6217948717949
39,259,20,-52.6217948717949
39,260,106,12.527027027027
39,261,-9,5.80434782608696
39,262,-5,-12.4032258064516
39,263,25,-0.374358974358974
39,264,-85,-34.1702127659574
39,265,118,-52.6217948717949
39,266,71,5.80434782608696
39,267,4,-111.2
39,268,-115,-103.5
39,269,-37,-52.6217948717949
39,270,-23,-4.38181818181818
39,271,-54,-14.4166666666667
39,272,-43,-52.6217948717949
39,273,-13,-52.6217948717949
39,274,-15,-12.4032258064516
39,275,2,-0.374358974358974
39,276,-1,-0.374358974358974
39,277,3,-0.374358974358974
39,278,16,-0.374358974358974
39,279,68,87.4859813084112
39,280,317,142.811764705882
39,281,-54,192.246031746032
39,282,-184,-159.436507936508
39,283,53,-140.909090909091
39,284,40,5.80434782608696
39,285,-25,12.527027027027
39,286,-55,-0.374358974358974
39,287,72,-52.6217948717949
39,288,118,104.75
39,289,304,192.246031746032
39,290,55,-302.606060606061
39,291,-221,-244.666666666667
39,292,-249,-140.909090909091
39,293,-154,3.4
39,294,-26,3.4
39,295,-12,-103.5
39,296,-32,-12.4032258064516
39,297,-18,-12.4032258064516
39,298,-2,115.122950819672
39,299,-13,115.122950819672
39,300,-2,115.122950819672
39,301,34,-0.374358974358974
39,302,120,87.4859813084112
39,303,282,192.246031746032
39,304,210,-111.2
39,305,-303,-244.666666666667
39,306,-155,-148.787610619469
39,307,75,3.4
39,308,63,5.80434782608696
39,309,20,-72.3846153846154
39,310,-87,-34.1702127659574
39,311,11,-4.38181818181818
39,312,172,115.122950819672
39,313,427,299.305555555556
39,314,-27,-4.48
39,315,-256,-159.436507936508
39,316,-131,-140.909090909091
39,317,-66,3.4
39,318,-107,-52.6217948717949
39,319,-153,-52.6217948717949
39,320,-54,-52.6217948717949
39,321,-51,-4.38181818181818
39,322,-12,-4.38181818181818
39,323,-13,-9.21212121212121
39,324,13,-0.374358974358974
39,325,19,87.4859813084112
39,326,124,115.122950819672
39,327,315,192.246031746032
39,328,160,-111.2
39,329,-288,-148.787610619469
39,330,-141,-103.12
39,331,74,3.4
39,332,69,5.80434782608696
39,333,-21,-72.3846153846154
39,334,-57,-12.4032258064516
39,335,46,-4.38181818181818
39,336,114,115.122950819672
39,337,422,299.305555555556
39,338,16,-128.266666666667
39,339,-331,-159.436507936508
39,340,-91,-140.909090909091
39,341,-147,3.4
39,342,-48,-52.6217948717949
39,343,-85,-52.6217948717949
39,344,-96,-52.6217948717949
39,345,-21,-4.38181818181818
39,346,-28,-9.21212121212121
39,347,-7,-0.374358974358974
39,348,-3,-9.21212121212121
39,349,23,-0.374358974358974
39,350,148,87.4859813084112
39,351,333,192.246031746032
39,352,230,-111.2
39,353,-384,-244.666666666667
39,354,-106,-148.787610619469
39,355,79,3.4
39,356,26,5.80434782608696
39,357,35,12.527027027027
39,358,-45,-34.1702127659574
39,359,41,-4.38181818181818
39,360,177,115.122950819672
39,361,244,299.305555555556
39,362,-143,-148.787610619469
39,363,-186,-159.436507936508
39,364,-146,-140.909090909091
39,365,-79,-52.6217948717949
39,366,-7,-52.6217948717949
39,367,-77,-12.4032258064516
39,368,-26,-4.38181818181818
39,369,-44,-9.21212121212121
39,370,-35,-4.38181818181818
39,371,-36,-9.21212121212121
39,372,-19,-52.6217948717949
39,373,-2,-0.374358974358974
39,374,38,-0.374358974358974
39,375,45,87.4859813084112
39,376,100,87.4859813084112
39,377,97,192.246031746032
39,378,160,104.75
39,379,134,-27.9333333333333
39,380,56,-4.48
39,381,62,-4.48
39,382,26,-18.741935483871
39,383,-58,-34.1702127659574
39,384,-30,-52.6217948717949
39,385,-16,-103.5
39,386,19,-103.5
39,387,-213,-34.1702127659574
39,388,-117,-118.8
39,389,-56,3.4
39,390,79,-52.6217948717949
39,391,-99,192.246031746032
39,392,-69,-52.6217948717949
39,393,-40,-4.38181818181818
39,394,-32,-4.38181818181818
39,395,-32,-0.374358974358974
39,396,-50,-0.374358974358974
39,397,-8,-4.38181818181818
39,398,17,-12.4032258064516
39,399,65,87.4859813084112
39,400,81,142.811764705882
39,401,142,192.246031746032
39,402,119,-27.9333333333333
39,403,149,-4.48
39,404,56,-4.48
39,405,-30,-4.48
39,406,-64,-0.374358974358974
39,407,-41,-52.6217948717949
39,408,75,-52.6217948717949
39,409,-28,5.80434782608696
39,410,-75,-12.4032258064516
39,411,-72,-118.8
39,412,-128,-118.8
39,413,-41,-52.6217948717949
39,414,-88,-52.6217948717949
39,415,-59,-52.6217948717949
39,416,-46,-4.38181818181818
39,417,-25,-4.38181818181818
39,418,-4,-0.374358974358974
39,419,-9,-9.21212121212121
39,420,5,-0.374358974358974
39,421,8,-0.374358974358974
39,422,64,-0.374358974358974
39,423,74,142.811764705882
39,424,117,192.246031746032
39,425,-84,74.5641025641026
39,426,-87,-103.12
39,427,7,-52.6217948717949
39,428,64,-0.374358974358974
39,429,14,5.80434782608696
39,430,-4,-34.1702127659574
39,431,45,-12.4032258064516
39,432,90,-34.1702127659574
39,433,193,206.833333333333
39,434,22,-18.741935483871
39,435,-82,-159.436507936508
39,436,-112,-52.6217948717949
39,437,-95,-52.6217948717949
39,438,-99,-52.6217948717949
39,439,-45,-52.6217948717949
39,440,-61,-52.6217948717949
39,441,-9,-4.38181818181818
39,442,-16,-0.374358974358974
39,443,-6,-0.374358974358974
39,444,2,-0.374358974358974
39,445,10,-0.374358974358974
39,446,120,87.4859813084112
39,447,187,192.246031746032
39,448,266,-111.2
39,449,-257,-302.606060606061
39,450,-133,-148.787610619469
39,451,-11,30.0714285714286
39,452,65,-0.374358974358974
39,453,-11,5.80434782608696
39,454,-21,-12.4032258064516
39,455,23,-12.4032258064516
39,456,141,115.122950819672
39,457,399,248.4921875
39,458,0,-111.2
39,459,-421,-159.436507936508
39,460,9,-140.909090909091
39,461,-112,87.4859813084112
39,462,-87,-52.6217948717949
39,463,-69,-52.6217948717949
39,464,-58,-52.6217948717949
39,465,-15,-4.38181818181818
39,466,-20,-9.21212121212121
39,467,-7,-0.374358974358974
39,468,-2,-0.374358974358974
39,469,32,-0.374358974358974
39,470,125,87.4859813084112
39,471,308,192.246031746032
39,472,251,-111.2
39,473,-422,-244.666666666667
39,474,-106,-148.787610619469
39,475,6,30.0714285714286
39,476,51,-0.374358974358974
39,477,22,5.80434782608696
39,478,-22,-34.1702127659574
39,479,9,-12.4032258064516
39,480,21,115.122950819672
39,481,7,87.4859813084112
39,482,42,-0.374358974358974
39,483,49,12.527027027027
39,484,-81,134.090909090909
39,485,-50,-52.6217948717949
39,486,-86,-52.6217948717949
39,487,-53,-52.6217948717949
39,488,-50,-52.6217948717949
39,489,-26,-52.6217948717949
39,490,-14,-12.4032258064516
39,491,-12,-12.4032258064516
39,492,1,-0.374358974358974
39,493,25,-0.374358974358974
39,494,126,87.4859813084112
39,495,259,192.246031746032
39,496,277,-111.2
39,497,-391,-302.606060606061
39,498,-116,-148.787610619469
39,499,36,30.0714285714286
39,500,68,43.8474576271186
39,501,13,5.80434782608696
39,502,-50,-34.1702127659574
39,503,39,-4.38181818181818
39,504,99,115.122950819672
39,505,408,299.305555555556
39,506,-46,-18.741935483871
39,507,-260,-159.436507936508
39,508,-94,-140.909090909091
39,509,-113,3.4
39,510,-42,-52.6217948717949
39,511,-76,-52.6217948717949
39,512,-94,-52.6217948717949
39,513,-31,-4.38181818181818
39,514,-19,-9.21212121212121
39,515,-9,-0.374358974358974
39,516,-5,-0.374358974358974
39,517,21,-0.374358974358974
39,518,83,87.4859813084112
39,519,246,192.246031746032
39,520,224,192.246031746032
39,521,-243,-244.666666666667
39,522,-108,-148.787610619469
39,523,51,3.4
39,524,38,5.80434782608696
39,525,12,12.527027027027
39,526,34,-34.1702127659574
39,527,99,-34.1702127659574
39,528,118,104.75
39,529,69,248.4921875
39,530,-131,-4.48
39,531,-118,-52.6217948717949
39,532,-54,-52.6217948717949
39,533,-95,-52.6217948717949
39,534,-43,-52.6217948717949
39,535,-46,-52.6217948717949
39,536,-50,-4.38181818181818
39,537,-34,-4.38181818181818
39,538,-18,-0.374358974358974
39,539,-33,-0.374358974358974
39,540,-29,-0.374358974358974
39,541,8,-0.374358974358974
39,542,21,-0.374358974358974
39,543,23,87.4859813084112
39,544,87,87.4859813084112
39,545,148,74.5641025641026
39,546,148,-27.9333333333333
39,547,83,-4.48
39,548,9,-4.48
39,549,10,12.527027027027
39,550,25,12.527027027027
39,551,-51,12.527027027027
39,552,-9,-52.6217948717949
39,553,-42,-103.5
39,554,-47,-118.8
39,555,-42,-118.8
39,556,-118,-52.6217948717949
39,557,-4,-52.6217948717949
39,558,-47,-12.4032258064516
39,559,-54,-52.6217948717949
39,560,-13,-52.6217948717949
39,561,-59,-0.374358974358974
39,562,-17,-4.38181818181818
39,563,-25,-0.374358974358974
39,564,-25,-0.374358974358974
39,565,-4,-0.374358974358974
39,566,15,-0.374358974358974
39,567,30,87.4859813084112
39,568,99,87.4859813084112
39,569,119,192.246031746032
39,570,154,74.5641025641026
39,571,95,-4.48
39,572,51,-4.48
39,573,-72,-18.741935483871
39,574,49,-52.6217948717949
39,575,-12,-18.741935483871
39,576,-34,-103.5
39,577,21,-103.5
39,578,-4,-34.1702127659574
39,579,-76,-103.5
39,580,-50,-52.6217948717949
39,581,-249,-52.6217948717949
39,582,-84,-52.6217948717949
39,583,37,3.4
39,584,-31,43.8474576271186
39,585,-6,-0.374358974358974
39,586,-11,-0.374358974358974
39,587,-30,-0.374358974358974
39,588,-12,115.122950819672
39,589,3,-0.374358974358974
39,590,11,-0.374358974358974
39,591,47,-34.1702127659574
39,592,88,87.4859813084112
39,593,108,192.246031746032
39,594,101,74.5641025641026
39,595,112,74.5641025641026
39,596,49,-18.741935483871
39,597,31,-18.741935483871
39,598,-91,12.527027027027
39,599,-5,-52.6217948717949
39,600,41,-103.5
39,601,-96,-34.1702127659574
39,602,-22,-52.6217948717949
39,603,12,-12.4032258064516
39,604,-78,-34.1702127659574
39,605,-70,-52.6217948717949
39,606,-90,-52.6217948717949
39,607,-75,-4.38181818181818
39,608,-37,-52.6217948717949
39,609,-31,-52.6217948717949
39,610,-6,-0.374358974358974
39,611,-5,-0.374358974358974
39,612,2,-0.374358974358974
39,613,28,-0.374358974358974
39,614,121,87.4859813084112
39,615,296,192.246031746032
39,616,184,-111.2
39,617,-377,-244.666666666667
39,618,-74,-148.787610619469
39,619,14,3.4
39,620,40,12.527027027027
39,621,2,12.527027027027
39,622,-1,-12.4032258064516
39,623,18,-12.4032258064516
39,624,137,115.122950819672
39,625,388,299.305555555556
39,626,-71,-111.2
39,627,-184,-159.436507936508
39,628,-322,-140.909090909091
39,629,-133,-52.6217948717949
39,630,-16,3.4
39,631,-5,-0.374358974358974
39,632,-14,-12.4032258064516
39,633,-32,-12.4032258064516
39,634,1,115.122950819672
39,635,0,115.122950819672
39,636,1,115.122950819672
39,637,35,-0.374358974358974
39,638,103,87.4859813084112
39,639,339,192.246031746032
39,640,188,192.246031746032
39,641,-366,-244.666666666667
39,642,-128,-148.787610619469
39,643,31,3.4
39,644,45,43.8474576271186
39,645,36,-34.1702127659574
39,646,-37,-34.1702127659574
39,647,23,-4.38181818181818
39,648,123,115.122950819672
39,649,441,299.305555555556
39,650,-43,-4.48
39,651,-240,-159.436507936508
39,652,-125,-140.909090909091
39,653,-127,3.4
39,654,-87,-52.6217948717949
39,655,-57,-52.6217948717949
39,656,-99,-52.6217948717949
39,657,-35,-4.38181818181818
39,658,-12,-9.21212121212121
39,659,-6,-0.374358974358974
39,660,0,-9.21212121212121
39,661,25,-0.374358974358974
39,662,145,87.4859813084112
39,663,329,192.246031746032
39,664,186,-111.2
39,665,-382,-244.666666666667
39,666,-91,-148.787610619469
39,667,-2,3.4
39,668,74,-0.374358974358974
39,669,1,5.80434782608696
39,670,-39,-12.4032258064516
39,671,36,-4.38181818181818
39,672,197,115.122950819672
39,673,340,299.305555555556
39,674,-42,-111.2
39,675,-194,-159.436507936508
39,676,-112,-140.909090909091
39,677,-120,-52.6217948717949
39,678,-95,-52.6217948717949
39,679,-124,-52.6217948717949
39,680,-54,-52.6217948717949
39,681,-52,-4.38181818181818
39,682,-18,-4.38181818181818
39,683,-12,-0.374358974358974
39,684,2,-0.374358974358974
39,685,39,-0.374358974358974
39,686,96,87.4859813084112
39,687,261,192.246031746032
39,688,292,112
39,689,-396,-302.606060606061
39,690,-94,-148.787610619469
39,691,31,30.0714285714286
39,692,75,12.527027027027
39,693,6,5.80434782608696
39,694,-62,-12.4032258064516
39,695,4,-4.38181818181818
39,696,-36,115.122950819672
39,697,5,-118.8
39,698,-117,-0.374358974358974
39,699,-65,-52.6217948717949
39,700,-6,-52.6217948717949
39,701,46,-0.374358974358974
39,702,-62,43.8474576271186
39,703,50,-52.6217948717949
39,704,13,134.090909090909
39,705,-10,12.527027027027
39,706,-35,-0.374358974358974
39,707,-15,-0.374358974358974
39,708,-13,-0.374358974358974
39,709,-1,-14.4166666666667
39,710,24,-0.374358974358974
39,711,50,-34.1702127659574
39,712,124,142.811764705882
39,713,122,192.246031746032
39,714,161,-203.290909090909
39,715,43,-4.48
39,716,132,-4.48
39,717,11,-18.741935483871
39,718,-32,-4.48
39,719,55,-14.4166666666667
39,720,-58,5.80434782608696
39,721,-58,-118.8
39,722,-74,-118.8
39,723,42,-118.8
39,724,-155,-34.1702127659574
39,725,-83,-118.8
39,726,-88,-52.6217948717949
39,727,10,-52.6217948717949
39,728,-69,87.4859813084112
39,729,-48,-52.6217948717949
39,730,-32,-4.38181818181818
39,731,-39,115.122950819672
39,732,-37,-4.38181818181818
39,733,-1,-52.6217948717949
39,734,10,-0.374358974358974
39,735,13,12.527027027027
39,736,105,87.4859813084112
39,737,160,192.246031746032
39,738,104,104.75
39,739,107,-4.48
39,740,173,-18.741935483871
39,741,2,-18.741935483871
39,742,-8,-103.12
39,743,-34,-0.374358974358974
39,744,18,-103.5
39,745,-84,-34.1702127659574
39,746,-82,-118.8
39,747,-43,-52.6217948717949
39,748,-139,-52.6217948717949
39,749,-68,-118.8
39,750,-20,-52.6217948717949
39,751,-118,-0.374358974358974
39,752,-59,-4.38181818181818
39,753,-35,-52.6217948717949
39,754,-3,-0.374358974358974
39,755,-6,-9.21212121212121
39,756,3,-0.374358974358974
39,757,27,-0.374358974358974
39,758,104,87.4859813084112
39,759,378,192.246031746032
39,760,148,192.246031746032
39,761,-383,-244.666666666667
39,762,-95,-103.12
39,763,52,3.4
39,764,43,5.80434782608696
39,765,-8,12.527027027027
39,766,-4,-12.4032258064516
39,767,22,-12.4032258064516
39,768,156,115.122950819672
39,769,386,299.305555555556
39,770,-12,-111.2
39,771,-177,-159.436507936508
39,772,-184,-140.909090909091
39,773,-196,-52.6217948717949
39,774,-97,-52.6217948717949
39,775,-82,-52.6217948717949
39,776,-52,-52.6217948717949
39,777,-14,-4.38181818181818
39,778,-12,-9.21212121212121
39,779,-3,-9.21212121212121
39,780,0,-9.21212121212121
39,781,31,-0.374358974358974
39,782,148,87.4859813084112
39,783,385,192.246031746032
39,784,141,-111.2
39,785,-375,-244.666666666667
39,786,-159,-103.12
39,787,51,3.4
39,788,20,5.80434782608696
39,789,20,12.527027027027
39,790,9,-34.1702127659574
39,791,-4,-34.1702127659574
39,792,201,115.122950819672
39,793,377,299.305555555556
39,794,-60,-148.787610619469
39,795,-277,-148.787610619469
39,796,-98,-140.909090909091
39,797,-132,3.4
39,798,-90,-52.6217948717949
39,799,-80,-52.6217948717949
39,800,-64,-52.6217948717949
39,801,-22,-4.38181818181818
39,802,-16,-9.21212121212121
39,803,-3,-0.374358974358974
39,804,2,-9.21212121212121
39,805,28,-0.374358974358974
39,806,134,87.4859813084112
39,807,375,192.246031746032
39,808,121,-111.2
39,809,-365,-244.666666666667
39,810,-100,-103.12
39,811,23,3.4
39,812,89,12.527027027027
39,813,-12,5.80434782608696
39,814,-1,-12.4032258064516
39,815,-2,-12.4032258064516
39,816,152,115.122950819672
39,817,272,299.305555555556
39,818,58,-111.2
39,819,-244,-244.666666666667
39,820,-130,-140.909090909091
39,821,-110,3.4
39,822,-50,-52.6217948717949
39,823,-125,-52.6217948717949
39,824,-64,-52.6217948717949
39,825,-37,-4.38181818181818
39,826,-10,-4.38181818181818
39,827,-7,-9.21212121212121
39,828,1,-0.374358974358974
39,829,28,-0.374358974358974
39,830,136,87.4859813084112
39,831,356,192.246031746032
39,832,155,-111.2
39,833,-344,-244.666666666667
39,834,-127,-103.12
39,835,27,3.4
39,836,99,43.8474576271186
39,837,-21,5.80434782608696
39,838,-50,-12.4032258064516
39,839,68,-4.38181818181818
39,840,133,104.75
39,841,403,299.305555555556
39,842,-56,-302.606060606061
39,843,-211,-159.436507936508
39,844,-124,-140.909090909091
39,845,-165,3.4
39,846,-85,-52.6217948717949
39,847,-51,-52.6217948717949
39,848,-100,-52.6217948717949
39,849,-48,-4.38181818181818
39,850,-10,-4.38181818181818
39,851,-11,-0.374358974358974
39,852,2,-9.21212121212121
39,853,19,-0.374358974358974
39,854,110,87.4859813084112
39,855,289,192.246031746032
39,856,272,192.246031746032
39,857,-318,-302.606060606061
39,858,-133,-148.787610619469
39,859,15,30.0714285714286
39,860,105,12.527027027027
39,861,47,5.80434782608696
39,862,-43,-34.1702127659574
39,863,24,-4.38181818181818
39,864,126,115.122950819672
39,865,270,299.305555555556
39,866,-70,-4.48
39,867,-168,-159.436507936508
39,868,-147,-140.909090909091
39,869,-69,-52.6217948717949
39,870,-48,-52.6217948717949
39,871,-76,-52.6217948717949
39,872,-9,-52.6217948717949
39,873,-83,-12.4032258064516
39,874,-34,-4.38181818181818
39,875,-49,-9.21212121212121
39,876,-32,-52.6217948717949
39,877,11,-0.374358974358974
39,878,61,87.4859813084112
39,879,7,142.811764705882
39,880,157,-0.374358974358974
39,881,96,-27.9333333333333
39,882,126,-4.48
39,883,103,-27.9333333333333
39,884,-38,-4.48
39,885,54,-52.6217948717949
39,886,8,-18.741935483871
39,887,-38,-0.374358974358974
39,888,-21,-52.6217948717949
39,889,-39,-12.4032258064516
39,890,-44,-52.6217948717949
39,891,-91,-118.8
39,892,3,-52.6217948717949
39,893,-47,-12.4032258064516
39,894,-102,-52.6217948717949
39,895,16,-52.6217948717949
39,896,-72,87.4859813084112
39,897,-42,-4.38181818181818
39,898,-43,-52.6217948717949
39,899,-44,-52.6217948717949
39,900,-19,-4.38181818181818
39,901,3,-0.374358974358974
39,902,17,-0.374358974358974
39,903,32,12.527027027027
39,904,119,87.4859813084112
39,905,85,192.246031746032
39,906,147,-111.2
39,907,86,-27.9333333333333
39,908,3,-4.48
39,909,-10,-0.374358974358974
39,910,8,-0.374358974358974
39,911,-25,-14.4166666666667
39,912,33,-103.5
39,913,13,-34.1702127659574
39,914,-31,-34.1702127659574
39,915,-115,-103.5
39,916,-12,-52.6217948717949
39,917,-110,-0.374358974358974
39,918,-94,-52.6217948717949
39,919,-49,-52.6217948717949
39,920,-69,-52.6217948717949
39,921,-17,-4.38181818181818
39,922,-7,-0.374358974358974
39,923,-11,-0.374358974358974
39,924,1,-0.374358974358974
39,925,30,-0.374358974358974
39,926,107,87.4859813084112
39,927,359,192.246031746032
39,928,148,192.246031746032
39,929,-335,-244.666666666667
39,930,-169,-103.12
39,931,55,3.4
39,932,59,5.80434782608696
39,933,-13,5.80434782608696
39,934,11,-12.4032258064516
39,935,0,-34.1702127659574
39,936,168,115.122950819672
39,937,373,299.305555555556
39,938,31,-111.2
39,939,-235,-148.787610619469
39,940,-202,-140.909090909091
39,941,-144,3.4
39,942,-86,3.4
39,943,-84,-52.6217948717949
39,944,-52,-52.6217948717949
39,945,-12,-4.38181818181818
39,946,-10,-9.21212121212121
39,947,6,-9.21212121212121
39,948,-8,-9.21212121212121
39,949,25,-0.374358974358974
39,950,107,87.4859813084112
39,951,167,192.246031746032
39,952,310,192.246031746032
39,953,-328,-302.606060606061
39,954,-160,-148.787610619469
39,955,-60,30.0714285714286
39,956,30,-52.6217948717949
39,957,-36,12.527027027027
39,958,1,-52.6217948717949
39,959,56,-12.4032258064516
39,960,123,104.75
39,961,442,299.305555555556
39,962,-28,-302.606060606061
39,963,-162,-159.436507936508
39,964,-105,-140.909090909091
39,965,-112,-52.6217948717949
39,966,-67,-52.6217948717949
39,967,-118,-52.6217948717949
39,968,-55,-52.6217948717949
39,969,-6,-4.38181818181818
39,970,-24,-9.21212121212121
39,971,4,-0.374358974358974
39,972,2,-0.374358974358974
39,973,30,-0.374358974358974
39,974,154,87.4859813084112
39,975,311,192.246031746032
39,976,208,-111.2
39,977,-361,-244.666666666667
39,978,-154,-148.787610619469
39,979,48,3.4
39,980,88,5.80434782608696
39,981,-79,5.80434782608696
39,982,65,-52.6217948717949
39,983,-39,134.090909090909
39,984,111,-4.38181818181818
39,985,465,299.305555555556
39,986,-113,-72.3846153846154
39,987,-73,-148.787610619469
39,988,-223,-140.909090909091
39,989,-52,-52.6217948717949
39,990,-158,3.4
39,991,-85,-52.6217948717949
39,992,-105,-4.38181818181818
39,993,-27,-4.38181818181818
39,994,-12,-0.374358974358974
39,995,-4,-9.21212121212121
39,996,1,-0.374358974358974
39,997,34,115.122950819672
39,998,141,87.4859813084112
39,999,325,112
39,1000,213,-111.2
39,1001,-362,-244.666666666667
39,1002,-178,-148.787610619469
39,1003,49,3.4
39,1004,37,5.80434782608696
39,1005,19,12.527027027027
39,1006,14,-34.1702127659574
39,1007,26,-34.1702127659574
39,1008,114,115.122950819672
39,1009,429,299.305555555556
39,1010,-44,-72.3846153846154
39,1011,-244,-148.787610619469
39,1012,-144,-140.909090909091
39,1013,-98,3.4
39,1014,-95,-52.6217948717949
39,1015,-70,-52.6217948717949
39,1016,-78,-52.6217948717949
39,1017,-43,-4.38181818181818
39,1018,-36,-4.38181818181818
39,1019,-10,-4.38181818181818
39,1020,9,-0.374358974358974
39,1021,19,87.4859813084112
39,1022,118,87.4859813084112
39,1023,279,192.246031746032
39,1024,223,-111.2
39,1025,-287,-148.787610619469
39,1026,-150,-148.787610619469
39,1027,70,3.4
39,1028,117,5.80434782608696
39,1029,-10,-72.3846153846154
39,1030,-17,-159.436507936508
39,1031,1,-12.4032258064516
39,1032,181,115.122950819672
39,1033,265,299.305555555556
39,1034,-130,-111.2
39,1035,-226,-159.436507936508
39,1036,-82,-140.909090909091
39,1037,-52,3.4
39,1038,-12,-52.6217948717949
39,1039,-99,-0.374358974358974
39,1040,-85,-4.38181818181818
39,1041,-42,-4.38181818181818
39,1042,-28,-4.38181818181818
39,1043,-40,-0.374358974358974
39,1044,-19,-52.6217948717949
39,1045,15,-0.374358974358974
39,1046,24,87.4859813084112
39,1047,31,87.4859813084112
39,1048,126,87.4859813084112
39,1049,163,-27.9333333333333
39,1050,68,-4.48
39,1051,131,-4.48
39,1052,37,-18.741935483871
39,1053,14,-4.48
39,1054,-44,12.527027027027
39,1055,10,-52.6217948717949
39,1056,-41,-34.1702127659574
39,1057,51,-118.8
39,1058,-22,5.80434782608696
39,1059,-110,-12.4032258064516
39,1060,-109,-118.8
39,1061,-62,-52.6217948717949
39,1062,-10,-52.6217948717949
39,1063,-97,-0.374358974358974
39,1064,-35,-52.6217948717949
39,1065,-60,-12.4032258064516
39,1066,-14,-4.38181818181818
39,1067,-46,-0.374358974358974
39,1068,-10,-52.6217948717949
39,1069,-1,-0.374358974358974
39,1070,6,-0.374358974358974
39,1071,25,-0.374358974358974
39,1072,71,87.4859813084112
39,1073,155,192.246031746032
39,1074,162,192.246031746032
39,1075,110,-4.48
39,1076,69,-4.48
39,1077,-1,-18.741935483871
39,1078,-32,-0.374358974358974
39,1079,-119,-14.4166666666667
39,1080,117,-52.6217948717949
39,1081,13,5.80434782608696
39,1082,-80,-159.436507936508
39,1083,-123,-118.8
39,1084,-88,-52.6217948717949
39,1085,-56,-4.38181818181818
39,1086,-93,-52.6217948717949
39,1087,-45,-52.6217948717949
39,1088,-68,-4.38181818181818
39,1089,-26,-4.38181818181818
39,1090,-5,-0.374358974358974
39,1091,-5,-0.374358974358974
39,1092,5,-0.374358974358974
39,1093,14,-0.374358974358974
39,1094,14,87.4859813084112
39,1095,108,87.4859813084112
39,1096,329,192.246031746032
39,1097,-224,-27.9333333333333
39,1098,-159,-148.787610619469
39,1099,30,30.0714285714286
39,1100,47,12.527027027027
39,1101,57,12.527027027027
39,1102,-6,5.80434782608696
39,1103,18,-12.4032258064516
39,1104,95,115.122950819672
39,1105,391,248.4921875
39,1106,-81,-72.3846153846154
39,1107,-179,-159.436507936508
39,1108,-101,-140.909090909091
39,1109,-89,-52.6217948717949
39,1110,-109,-52.6217948717949
39,1111,-90,-52.6217948717949
39,1112,-39,-4.38181818181818
39,1113,-21,-4.38181818181818
39,1114,1,-9.21212121212121
39,1115,-7,-0.374358974358974
39,1116,2,-0.374358974358974
39,1117,27,-0.374358974358974
39,1118,124,87.4859813084112
39,1119,319,192.246031746032
39,1120,193,-111.2
39,1121,-345,-244.666666666667
39,1122,-148,-148.787610619469
39,1123,50,3.4
39,1124,62,5.80434782608696
39,1125,-20,5.80434782608696
39,1126,-45,-12.4032258064516
39,1127,32,-4.38181818181818
39,1128,75,115.122950819672
39,1129,477,299.305555555556
39,1130,-16,-128.266666666667
39,1131,-281,-159.436507936508
39,1132,-56,-140.909090909091
39,1133,-182,3.4
39,1134,15,-52.6217948717949
39,1135,-166,12.527027027027
39,1136,-72,-52.6217948717949
39,1137,-26,-4.38181818181818
39,1138,-21,115.122950819672
39,1139,2,-0.374358974358974
39,1140,-1,-9.21212121212121
39,1141,32,-0.374358974358974
39,1142,126,115.122950819672
39,1143,299,192.246031746032
39,1144,179,-111.2
39,1145,-327,-244.666666666667
39,1146,-149,-148.787610619469
39,1147,21,3.4
39,1148,-8,43.8474576271186
39,1149,31,-14.4166666666667
39,1150,-21,-34.1702127659574
39,1151,-11,-12.4032258064516
39,1152,156,115.122950819672
39,1153,356,299.305555555556
39,1154,-19,-4.48
39,1155,-133,-159.436507936508
39,1156,-132,-140.909090909091
39,1157,-63,-52.6217948717949
39,1158,-87,-52.6217948717949
39,1159,-134,-52.6217948717949
39,1160,-54,-52.6217948717949
39,1161,-51,-4.38181818181818
39,1162,0,-4.38181818181818
39,1163,-7,-9.21212121212121
39,1164,1,-0.374358974358974
39,1165,28,-0.374358974358974
39,1166,110,115.122950819672
39,1167,313,192.246031746032
39,1168,127,112
39,1169,-334,-244.666666666667
39,1170,-106,-103.12
39,1171,11,3.4
39,1172,54,43.8474576271186
39,1173,-43,5.80434782608696
39,1174,4,-52.6217948717949
39,1175,18,-12.4032258064516
39,1176,126,115.122950819672
39,1177,295,299.305555555556
39,1178,25,-111.2
39,1179,-141,-159.436507936508
39,1180,-63,-140.909090909091
39,1181,-125,-52.6217948717949
39,1182,-68,-52.6217948717949
39,1183,-97,-52.6217948717949
39,1184,-53,-52.6217948717949
39,1185,-62,-4.38181818181818
39,1186,-19,-118.8
39,1187,-5,-0.374358974358974
39,1188,3,-0.374358974358974
39,1189,28,-0.374358974358974
39,1190,84,87.4859813084112
39,1191,237,192.246031746032
39,1192,254,192.246031746032
39,1193,-280,-244.666666666667
39,1194,-148,-148.787610619469
39,1195,51,30.0714285714286
39,1196,18,5.80434782608696
39,1197,46,12.527027027027
39,1198,-37,-34.1702127659574
39,1199,21,-4.38181818181818
39,1200,96,115.122950819672
39,1201,266,248.4921875
39,1202,-141,-72.3846153846154
39,1203,-143,-159.436507936508
39,1204,-160,-140.909090909091
39,1205,15,-52.6217948717949
39,1206,-20,43.8474576271186
39,1207,-23,-0.374358974358974
39,1208,-58,-12.4032258064516
39,1209,7,-4.38181818181818
39,1210,-30,115.122950819672
39,1211,-51,115.122950819672
39,1212,-23,-52.6217948717949
39,1213,-7,-0.374358974358974
39,1214,35,-0.374358974358974
39,1215,31,87.4859813084112
39,1216,89,43.8474576271186
39,1217,165,192.246031746032
39,1218,162,104.75
39,1219,22,-4.48
39,1220,86,-4.48
39,1221,-38,-18.741935483871
39,1222,45,-52.6217948717949
39,1223,-126,12.527027027027
39,1224,30,-52.6217948717949
39,1225,17,-34.1702127659574
39,1226,-49,-34.1702127659574
39,1227,-56,-118.8
39,1228,-39,-52.6217948717949
39,1229,-64,-4.38181818181818
39,1230,-43,-52.6217948717949
39,1231,-54,-52.6217948717949
39,1232,-62,-52.6217948717949
39,1233,-36,-52.6217948717949
39,1234,-13,-52.6217948717949
39,1235,-54,-0.374358974358974
39,1236,-47,-52.6217948717949
39,1237,-5,-52.6217948717949
39,1238,17,-0.374358974358974
39,1239,46,87.4859813084112
39,1240,70,87.4859813084112
39,1241,91,192.246031746032
39,1242,220,104.75
39,1243,54,104.75
39,1244,50,-148.787610619469
39,1245,29,-18.741935483871
39,1246,-34,12.527027027027
39,1247,-64,-14.4166666666667
39,1248,-26,-52.6217948717949
39,1249,71,-103.5
39,1250,2,5.80434782608696
39,1251,-111,-12.4032258064516
39,1252,-91,-52.6217948717949
39,1253,-79,-52.6217948717949
39,1254,-75,-52.6217948717949
39,1255,-91,-52.6217948717949
39,1256,-19,-52.6217948717949
39,1257,-37,-12.4032258064516
39,1258,-17,-4.38181818181818
39,1259,-9,-0.374358974358974
39,1260,-1,-0.374358974358974
39,1261,39,-0.374358974358974
39,1262,115,87.4859813084112
39,1263,327,192.246031746032
39,1264,123,192.246031746032
39,1265,-340,-244.666666666667
39,1266,-84,-103.12
39,1267,-3,3.4
39,1268,89,-0.374358974358974
39,1269,-10,5.80434782608696
39,1270,-9,-12.4032258064516
39,1271,-18,-12.4032258064516
39,1272,181,115.122950819672
39,1273,419,299.305555555556
39,1274,-42,-111.2
39,1275,-209,-159.436507936508
39,1276,-107,-140.909090909091
39,1277,-144,3.4
39,1278,-144,-52.6217948717949
39,1279,-84,-52.6217948717949
39,1280,-66,-52.6217948717949
39,1281,-7,-4.38181818181818
39,1282,-21,-9.21212121212121
39,1283,0,-0.374358974358974
39,1284,1,-9.21212121212121
39,1285,29,115.122950819672
39,1286,149,87.4859813084112
39,1287,364,112
39,1288,104,-111.2
39,1289,-328,-244.666666666667
39,1290,-138,-140.909090909091
39,1291,45,3.4
39,1292,73,43.8474576271186
39,1293,-2,5.80434782608696
39,1294,-39,-12.4032258064516
39,1295,50,-4.38181818181818
39,1296,99,104.75
39,1297,484,299.305555555556
39,1298,-76,-128.266666666667
39,1299,-212,-159.436507936508
39,1300,-107,-140.909090909091
39,1301,-177,3.4
39,1302,-83,-52.6217948717949
39,1303,-114,-52.6217948717949
39,1304,-77,-4.38181818181818
39,1305,-31,-4.38181818181818
39,1306,-9,-9.21212121212121
39,1307,-6,-0.374358974358974
39,1308,3,-9.21212121212121
39,1309,25,-0.374358974358974
39,1310,164,87.4859813084112
39,1311,327,192.246031746032
39,1312,160,-111.2
39,1313,-405,-244.666666666667
39,1314,-110,-103.12
39,1315,37,3.4
39,1316,113,12.527027027027
39,1317,-1,5.80434782608696
39,1318,-51,-12.4032258064516
39,1319,-21,-4.38181818181818
39,1320,143,115.122950819672
39,1321,451,299.305555555556
39,1322,-39,-111.2
39,1323,-161,-159.436507936508
39,1324,-198,-140.909090909091
39,1325,-78,-118.8
39,1326,-70,-52.6217948717949
39,1327,-138,-52.6217948717949
39,1328,-105,-52.6217948717949
39,1329,-29,-4.38181818181818
39,1330,-12,-9.21212121212121
39,1331,-6,-9.21212121212121
39,1332,4,-0.374358974358974
39,1333,36,-0.374358974358974
39,1334,146,115.122950819672
39,1335,315,192.246031746032
39,1336,109,-111.2
39,1337,-266,-244.666666666667
39,1338,-167,-140.909090909091
39,1339,27,3.4
39,1340,65,12.527027027027
39,1341,-40,5.80434782608696
39,1342,18,-52.6217948717949
39,1343,-35,-34.1702127659574
39,1344,168,115.122950819672
39,1345,318,248.4921875
39,1346,-8,-111.2
39,1347,-126,-148.787610619469
39,1348,-101,-140.909090909091
39,1349,-72,-52.6217948717949
39,1350,-124,-52.6217948717949
39,1351,-103,-52.6217948717949
39,1352,-57,-52.6217948717949
39,1353,-72,-4.38181818181818
39,1354,-24,-4.38181818181818
39,1355,-10,-0.374358974358974
39,1356,2,-0.374358974358974
39,1357,35,-0.374358974358974
39,1358,118,87.4859813084112
39,1359,217,112
39,1360,244,-111.2
39,1361,-324,-244.666666666667
39,1362,-129,-148.787610619469
39,1363,17,30.0714285714286
39,1364,38,12.527027027027
39,1365,13,-34.1702127659574
39,1366,-6,-34.1702127659574
39,1367,-3,-12.4032258064516
39,1368,121,115.122950819672
39,1369,188,299.305555555556
39,1370,-75,-4.48
39,1371,-101,-159.436507936508
39,1372,-55,-52.6217948717949
39,1373,-72,-52.6217948717949
39,1374,-73,-52.6217948717949
39,1375,-115,-52.6217948717949
39,1376,21,-4.38181818181818
39,1377,-11,-34.1702127659574
39,1378,3,-0.374358974358974
39,1379,-38,-0.374358974358974
39,1380,-5,-4.38181818181818
39,1381,-8,-0.374358974358974
39,1382,32,-0.374358974358974
39,1383,50,43.8474576271186
39,1384,102,142.811764705882
39,1385,81,134.090909090909
39,1386,129,104.75
39,1387,48,-27.9333333333333
39,1388,19,-4.48
39,1389,-43,43.8474576271186
39,1390,-19,-52.6217948717949
39,1391,-5,-14.4166666666667
39,1392,-31,-103.5
39,1393,-11,-103.5
39,1394,-23,-12.4032258064516
39,1395,35,-12.4032258064516
39,1396,-82,12.527027027027
39,1397,-79,-52.6217948717949
39,1398,-41,-52.6217948717949
39,1399,-20,-52.6217948717949
39,1400,-3,-0.374358974358974
39,1401,-56,-0.374358974358974
39,1402,-3,-4.38181818181818
39,1403,-57,-12.4032258064516
39,1404,-29,-52.6217948717949
39,1405,6,-0.374358974358974
39,1406,17,-0.374358974358974
39,1407,23,87.4859813084112
39,1408,92,87.4859813084112
39,1409,77,134.090909090909
39,1410,147,104.75
39,1411,11,-27.9333333333333
39,1412,56,-4.48
39,1413,-13,-18.741935483871
39,1414,24,-0.374358974358974
39,1415,-99,12.527027027027
39,1416,-32,-52.6217948717949
39,1417,100,-103.5
39,1418,-43,5.80434782608696
39,1419,12,-118.8
39,1420,-50,-34.1702127659574
39,1421,-74,-4.38181818181818
39,1422,-107,-52.6217948717949
39,1423,-41,-52.6217948717949
39,1424,-67,-52.6217948717949
39,1425,-26,-52.6217948717949
39,1426,-2,-0.374358974358974
39,1427,-10,-0.374358974358974
39,1428,7,-0.374358974358974
39,1429,28,-0.374358974358974
39,1430,96,87.4859813084112
39,1431,262,192.246031746032
39,1432,170,-27.9333333333333
39,1433,-273,-148.787610619469
39,1434,-121,-103.12
39,1435,27,3.4
39,1436,56,12.527027027027
39,1437,-21,5.80434782608696
39,1438,-6,-12.4032258064516
39,1439,4,-12.4032258064516
39,1440,131,115.122950819672
39,1441,382,248.4921875
39,1442,-17,-111.2
39,1443,-149,-159.436507936508
39,1444,-186,-140.909090909091
39,1445,-137,-52.6217948717949
39,1446,-70,-52.6217948717949
39,1447,-86,-52.6217948717949
39,1448,-49,-52.6217948717949
39,1449,-39,-4.38181818181818
39,1450,-4,-4.38181818181818
39,1451,-8,-9.21212121212121
39,1452,4,-9.21212121212121
39,1453,29,-0.374358974358974
39,1454,119,87.4859813084112
39,1455,329,192.246031746032
39,1456,163,-111.2
39,1457,-374,-244.666666666667
39,1458,-63,-103.12
39,1459,8,3.4
39,1460,55,-0.374358974358974
39,1461,11,5.80434782608696
39,1462,27,-34.1702127659574
39,1463,91,-34.1702127659574
39,1464,126,104.75
39,1465,195,299.305555555556
39,1466,-95,-4.48
39,1467,-130,-148.787610619469
39,1468,-121,-52.6217948717949
39,1469,-180,-52.6217948717949
39,1470,-19,-52.6217948717949
39,1471,-6,-12.4032258064516
39,1472,-12,-12.4032258064516
39,1473,-36,-12.4032258064516
39,1474,-30,-4.38181818181818
39,1475,-61,-0.374358974358974
39,1476,-16,-52.6217948717949
39,1477,3,-0.374358974358974
39,1478,13,-0.374358974358974
39,1479,40,87.4859813084112
39,1480,81,87.4859813084112
39,1481,140,192.246031746032
39,1482,154,104.75
39,1483,38,-4.48
39,1484,9,-4.48
39,1485,5,12.527027027027
39,1486,48,-0.374358974358974
39,1487,-93,5.80434782608696
39,1488,-65,-52.6217948717949
39,1489,25,-52.6217948717949
39,1490,16,-34.1702127659574
39,1491,2,-34.1702127659574
39,1492,119,-0.374358974358974
39,1493,33,134.090909090909
39,1494,-82,-4.48
39,1495,-319,-52.6217948717949
39,1496,-95,-52.6217948717949
39,1497,-58,3.4
39,1498,-12,-52.6217948717949
39,1499,-11,-0.374358974358974
39,1500,0,-12.4032258064516
39,1501,22,-12.4032258064516
39,1502,104,115.122950819672
39,1503,210,299.305555555556
39,1504,207,112
39,1505,-257,-244.666666666667
39,1506,-107,-148.787610619469
39,1507,58,3.4
39,1508,32,5.80434782608696
39,1509,34,12.527027027027
39,1510,-69,-34.1702127659574
39,1511,13,-4.38181818181818
39,1512,179,115.122950819672
39,1513,256,248.4921875
39,1514,-82,-148.787610619469
39,1515,-104,-159.436507936508
39,1516,-182,-140.909090909091
39,1517,2,-52.6217948717949
39,1518,-98,-0.374358974358974
39,1519,-94,-52.6217948717949
39,1520,-29,-4.38181818181818
39,1521,-73,-12.4032258064516
39,1522,-12,-4.38181818181818
39,1523,-10,-9.21212121212121
39,1524,-1,-0.374358974358974
39,1525,29,-0.374358974358974
39,1526,96,87.4859813084112
39,1527,222,192.246031746032
39,1528,232,192.246031746032
39,1529,-281,-244.666666666667
39,1530,-94,-148.787610619469
39,1531,23,30.0714285714286
39,1532,98,43.8474576271186
39,1533,-38,5.80434782608696
39,1534,-18,-52.6217948717949
39,1535,10,-12.4032258064516
39,1536,84,115.122950819672
39,1537,207,248.4921875
39,1538,-16,-72.3846153846154
39,1539,-142,-159.436507936508
39,1540,-82,-52.6217948717949
39,1541,-36,-52.6217948717949
39,1542,-12,-52.6217948717949
39,1543,-124,-0.374358974358974
39,1544,-14,-52.6217948717949
39,1545,-79,-12.4032258064516
39,1546,-13,-4.38181818181818
39,1547,-27,-0.374358974358974
39,1548,-15,-0.374358974358974
39,1549,-2,-0.374358974358974
39,1550,17,-0.374358974358974
39,1551,40,87.4859813084112
39,1552,81,87.4859813084112
39,1553,104,192.246031746032
39,1554,69,74.5641025641026
39,1555,42,74.5641025641026
39,1556,-25,43.8474576271186
39,1557,18,-0.374358974358974
39,1558,-52,12.527027027027
39,1559,-2,-52.6217948717949
39,1560,-12,-103.5
39,1561,-15,-12.4032258064516
39,1562,-2,-103.5
39,1563,10,-12.4032258064516
39,1564,-11,43.8474576271186
39,1565,-75,-0.374358974358974
39,1566,19,-52.6217948717949
39,1567,-72,87.4859813084112
39,1568,-1,-52.6217948717949
39,1569,-23,-0.374358974358974
39,1570,-54,-0.374358974358974
39,1571,-35,-4.38181818181818
39,1572,-22,-0.374358974358974
39,1573,-7,-0.374358974358974
39,1574,15,-0.374358974358974
39,1575,31,43.8474576271186
39,1576,78,87.4859813084112
39,1577,112,192.246031746032
39,1578,77,104.75
39,1579,70,74.5641025641026
39,1580,-13,74.5641025641026
39,1581,-39,-0.374358974358974
39,1582,-25,-52.6217948717949
39,1583,-14,-14.4166666666667
39,1584,-7,-103.5
39,1585,-21,-12.4032258064516
39,1586,-17,-12.4032258064516
39,1587,-3,-12.4032258064516
39,1588,35,-0.374358974358974
39,1589,-78,87.4859813084112
39,1590,-85,-52.6217948717949
39,1591,1,-52.6217948717949
39,1592,-84,-0.374358974358974
39,1593,-21,-52.6217948717949
39,1594,-13,-0.374358974358974
39,1595,0,-0.374358974358974
39,1596,-3,-14.4166666666667
39,1597,26,-0.374358974358974
39,1598,64,43.8474576271186
39,1599,138,142.811764705882
39,1600,225,192.246031746032
39,1601,-92,-203.290909090909
39,1602,-188,-148.787610619469
39,1603,41,-52.6217948717949
39,1604,50,43.8474576271186
39,1605,-11,5.80434782608696
39,1606,-13,-12.4032258064516
39,1607,38,-12.4032258064516
39,1608,133,-34.1702127659574
39,1609,436,192.246031746032
39,1610,23,-111.2
39,1611,-241,-159.436507936508
39,1612,-184,-140.909090909091
39,1613,-116,3.4
39,1614,-107,-52.6217948717949
39,1615,-93,-52.6217948717949
39,1616,-62,-52.6217948717949
39,1617,-54,-4.38181818181818
39,1618,1,-4.38181818181818
39,1619,-13,-9.21212121212121
39,1620,1,-0.374358974358974
39,1621,38,-0.374358974358974
39,1622,145,87.4859813084112
39,1623,333,192.246031746032
39,1624,129,-111.2
39,1625,-318,-244.666666666667
39,1626,-141,-103.12
39,1627,59,3.4
39,1628,23,5.80434782608696
39,1629,8,-34.1702127659574
39,1630,-38,-12.4032258064516
39,1631,23,-4.38181818181818
39,1632,170,115.122950819672
39,1633,437,299.305555555556
39,1634,-53,-4.48
39,1635,-405,-159.436507936508
39,1636,-330,-140.909090909091
39,1637,6,3.4
39,1638,49,-0.374358974358974
39,1639,-36,5.80434782608696
39,1640,-59,-52.6217948717949
39,1641,-30,-4.38181818181818
39,1642,-9,115.122950819672
39,1643,0,115.122950819672
39,1644,2,-0.374358974358974
39,1645,34,-0.374358974358974
39,1646,144,-34.1702127659574
39,1647,312,192.246031746032
39,1648,177,-111.2
39,1649,-346,-244.666666666667
39,1650,-133,-148.787610619469
39,1651,34,3.4
39,1652,63,12.527027027027
39,1653,-19,5.80434782608696
39,1654,-32,-12.4032258064516
39,1655,35,-12.4032258064516
39,1656,135,115.122950819672
39,1657,419,299.305555555556
39,1658,-16,-111.2
39,1659,-181,-159.436507936508
39,1660,-150,-140.909090909091
39,1661,-92,-52.6217948717949
39,1662,-147,-52.6217948717949
39,1663,-92,-52.6217948717949
39,1664,-96,-52.6217948717949
39,1665,-35,-4.38181818181818
39,1666,-12,-9.21212121212121
39,1667,1,-9.21212121212121
39,1668,-5,-0.374358974358974
39,1669,39,115.122950819672
39,1670,134,87.4859813084112
39,1671,334,112
39,1672,190,-111.2
39,1673,-375,-244.666666666667
39,1674,-113,-148.787610619469
39,1675,1,3.4
39,1676,77,-0.374358974358974
39,1677,-15,5.80434782608696
39,1678,-68,-12.4032258064516
39,1679,62,-4.38181818181818
39,1680,168,104.75
39,1681,356,299.305555555556
39,1682,30,-302.606060606061
39,1683,-196,-244.666666666667
39,1684,-115,-140.909090909091
39,1685,-141,-52.6217948717949
39,1686,-55,-52.6217948717949
39,1687,-107,-52.6217948717949
39,1688,-116,-52.6217948717949
39,1689,-36,-4.38181818181818
39,1690,-42,-4.38181818181818
39,1691,-8,-4.38181818181818
39,1692,2,-9.21212121212121
39,1693,23,-0.374358974358974
39,1694,93,87.4859813084112
39,1695,253,192.246031746032
39,1696,333,192.246031746032
39,1697,-299,-302.606060606061
39,1698,-146,-148.787610619469
39,1699,20,30.0714285714286
39,1700,91,12.527027027027
39,1701,-5,5.80434782608696
39,1702,-5,-12.4032258064516
39,1703,-16,-12.4032258064516
39,1704,139,115.122950819672
39,1705,343,299.305555555556
39,1706,-204,-111.2
39,1707,-143,-159.436507936508
39,1708,-99,30.0714285714286
39,1709,-90,-52.6217948717949
39,1710,-36,-52.6217948717949
39,1711,-51,-52.6217948717949
39,1712,-21,-4.38181818181818
39,1713,-73,-9.21212121212121
39,1714,-17,-4.38181818181818
39,1715,-61,-0.374358974358974
39,1716,-31,-52.6217948717949
39,1717,-4,-0.374358974358974
39,1718,30,-0.374358974358974
39,1719,13,87.4859813084112
39,1720,103,87.4859813084112
39,1721,131,192.246031746032
39,1722,119,104.75
39,1723,38,-4.48
39,1724,60,-4.48
39,1725,92,-18.741935483871
39,1726,41,-18.741935483871
39,1727,-72,12.527027027027
39,1728,6,-52.6217948717949
39,1729,-108,-103.5
39,1730,-107,-118.8
39,1731,80,-118.8
39,1732,-75,5.80434782608696
39,1733,-87,-4.38181818181818
39,1734,-44,-52.6217948717949
39,1735,-14,-4.38181818181818
39,1736,-24,-0.374358974358974
39,1737,-19,-0.374358974358974
39,1738,-53,-0.374358974358974
39,1739,-58,-4.38181818181818
39,1740,-38,-52.6217948717949
39,1741,-10,-52.6217948717949
39,1742,6,-0.374358974358974
39,1743,32,-0.374358974358974
39,1744,86,87.4859813084112
39,1745,88,192.246031746032
39,1746,161,192.246031746032
39,1747,69,104.75
39,1748,38,-4.48
39,1749,-9,43.8474576271186
39,1750,-4,-0.374358974358974
39,1751,13,-14.4166666666667
39,1752,6,-34.1702127659574
39,1753,-59,-103.5
39,1754,-124,-52.6217948717949
39,1755,0,-118.8
39,1756,-18,-14.4166666666667
39,1757,-71,-0.374358974358974
39,1758,-93,-52.6217948717949
39,1759,-39,-52.6217948717949
39,1760,-48,-4.38181818181818
39,1761,-32,-52.6217948717949
39,1762,4,-0.374358974358974
39,1763,-9,-0.374358974358974
39,1764,6,-0.374358974358974
39,1765,38,-0.374358974358974
39,1766,90,87.4859813084112
39,1767,343,192.246031746032
39,1768,184,192.246031746032
39,1769,-319,-148.787610619469
39,1770,-162,-148.787610619469
39,1771,-4,3.4
39,1772,55,-0.374358974358974
39,1773,2,5.80434782608696
39,1774,-27,-12.4032258064516
39,1775,25,-12.4032258064516
39,1776,149,115.122950819672
39,1777,369,299.305555555556
39,1778,39,-111.2
39,1779,-199,-244.666666666667
39,1780,-141,-140.909090909091
39,1781,-126,-52.6217948717949
39,1782,-44,-52.6217948717949
39,1783,-118,-52.6217948717949
39,1784,-113,-52.6217948717949
39,1785,-28,-4.38181818181818
39,1786,-18,-9.21212121212121
39,1787,-4,-9.21212121212121
39,1788,4,-9.21212121212121
39,1789,31,-0.374358974358974
39,1790,175,87.4859813084112
39,1791,313,192.246031746032
39,1792,135,-111.2
39,1793,-341,-244.666666666667
39,1794,-161,-103.12
39,1795,47,3.4
39,1796,48,12.527027027027
39,1797,-33,5.80434782608696
39,1798,-7,-12.4032258064516
39,1799,30,-12.4032258064516
39,1800,137,115.122950819672
39,1801,389,299.305555555556
39,1802,2,-111.2
39,1803,-225,-159.436507936508
39,1804,-120,-140.909090909091
39,1805,-94,3.4
39,1806,-89,-52.6217948717949
39,1807,-83,-52.6217948717949
39,1808,-108,-52.6217948717949
39,1809,-37,-4.38181818181818
39,1810,-8,-4.38181818181818
39,1811,-4,-0.374358974358974
39,1812,2,-0.374358974358974
39,1813,40,-0.374358974358974
39,1814,116,87.4859813084112
39,1815,333,192.246031746032
39,1816,184,-111.2
39,1817,-382,-244.666666666667
39,1818,-159,-148.787610619469
39,1819,45,3.4
39,1820,19,12.527027027027
39,1821,1,-34.1702127659574
39,1822,-33,-12.4032258064516
39,1823,24,-12.4032258064516
39,1824,30,115.122950819672
39,1825,146,115.122950819672
39,1826,273,5.80434782608696
39,1827,-127,-111.2
39,1828,-150,-148.787610619469
39,1829,-47,-140.909090909091
39,1830,-31,-52.6217948717949
39,1831,-157,-0.374358974358974
39,1832,-65,-52.6217948717949
39,1833,-41,-4.38181818181818
39,1834,-18,-4.38181818181818
39,1835,-2,-9.21212121212121
39,1836,3,-0.374358974358974
39,1837,32,-0.374358974358974
39,1838,112,115.122950819672
39,1839,321,192.246031746032
39,1840,184,112
39,1841,-339,-244.666666666667
39,1842,-120,-148.787610619469
39,1843,18,3.4
39,1844,58,12.527027027027
39,1845,-20,5.80434782608696
39,1846,-57,-12.4032258064516
39,1847,95,-4.38181818181818
39,1848,66,104.75
39,1849,413,299.305555555556
39,1850,6,-128.266666666667
39,1851,-244,-159.436507936508
39,1852,-28,-140.909090909091
39,1853,-173,-0.374358974358974
39,1854,-264,-52.6217948717949
39,1855,-3,-52.6217948717949
39,1856,-31,-12.4032258064516
39,1857,-23,-12.4032258064516
39,1858,8,-9.21212121212121
39,1859,17,-0.374358974358974
39,1860,-27,115.122950819672
39,1861,33,115.122950819672
39,1862,84,87.4859813084112
39,1863,234,74.5641025641026
39,1864,331,192.246031746032
39,1865,-318,-302.606060606061
39,1866,-140,-148.787610619469
39,1867,-21,30.0714285714286
39,1868,62,-0.374358974358974
39,1869,-118,5.80434782608696
39,1870,73,-52.6217948717949
39,1871,-13,134.090909090909
39,1872,220,115.122950819672
39,1873,279,299.305555555556
39,1874,-93,-111.2
39,1875,-220,-148.787610619469
39,1876,-151,-140.909090909091
39,1877,-129,3.4
39,1878,13,-52.6217948717949
39,1879,31,43.8474576271186
39,1880,-63,-34.1702127659574
39,1881,-31,-4.38181818181818
39,1882,-12,115.122950819672
39,1883,-35,115.122950819672
39,1884,-9,-9.21212121212121
39,1885,1,-0.374358974358974
39,1886,-2,-0.374358974358974
39,1887,22,-12.4032258064516
39,1888,75,87.4859813084112
39,1889,95,192.246031746032
39,1890,61,192.246031746032
39,1891,37,74.5641025641026
39,1892,152,43.8474576271186
39,1893,-103,-18.741935483871
39,1894,-11,-103.12
39,1895,37,-0.374358974358974
39,1896,-54,-34.1702127659574
39,1897,-85,-52.6217948717949
39,1898,-64,-52.6217948717949
39,1899,61,-4.38181818181818
39,1900,-24,142.811764705882
39,1901,-51,-0.374358974358974
39,1902,17,-52.6217948717949
39,1903,-31,-34.1702127659574
39,1904,-36,-0.374358974358974
39,1905,17,-52.6217948717949
39,1906,-8,43.8474576271186
39,1907,-79,-14.4166666666667
39,1908,-27,-52.6217948717949
39,1909,-10,-0.374358974358974
39,1910,13,-0.374358974358974
39,1911,19,87.4859813084112
39,1912,115,43.8474576271186
39,1913,105,192.246031746032
39,1914,121,104.75
39,1915,126,74.5641025641026
39,1916,-1,-4.48
39,1917,122,-103.12
39,1918,-10,-18.741935483871
39,1919,8,-103.12
39,1920,4,-103.5
39,1921,-72,-103.5
39,1922,-41,-52.6217948717949
39,1923,7,-118.8
39,1924,-144,-0.374358974358974
39,1925,-33,-52.6217948717949
39,1926,-154,-0.374358974358974
39,1927,-68,-4.38181818181818
39,1928,-76,-52.6217948717949
39,1929,-20,-52.6217948717949
39,1930,-10,-0.374358974358974
39,1931,-15,-9.21212121212121
39,1932,6,-0.374358974358974
39,1933,43,115.122950819672
39,1934,106,87.4859813084112
39,1935,264,112
39,1936,317,192.246031746032
39,1937,-393,-148.787610619469
39,1938,-145,-148.787610619469
39,1939,-2,30.0714285714286
39,1940,116,-0.374358974358974
39,1941,-74,5.80434782608696
39,1942,31,-159.436507936508
39,1943,10,-34.1702127659574
39,1944,176,115.122950819672
39,1945,390,299.305555555556
39,1946,-106,-111.2
39,1947,-159,-148.787610619469
39,1948,-179,-140.909090909091
39,1949,-107,-118.8
39,1950,-87,-52.6217948717949
39,1951,-95,-52.6217948717949
39,1952,-50,-4.38181818181818
39,1953,-47,-4.38181818181818
39,1954,-1,-4.38181818181818
39,1955,-10,-9.21212121212121
39,1956,0,-0.374358974358974
39,1957,44,-0.374358974358974
39,1958,140,87.4859813084112
39,1959,326,192.246031746032
39,1960,227,-111.2
39,1961,-404,-244.666666666667
39,1962,-121,-148.787610619469
39,1963,-17,3.4
39,1964,28,-0.374358974358974
39,1965,44,-34.1702127659574
39,1966,-29,-34.1702127659574
39,1967,41,-12.4032258064516
39,1968,170,115.122950819672
39,1969,414,299.305555555556
39,1970,8,-4.48
39,1971,-245,-159.436507936508
39,1972,-109,-140.909090909091
39,1973,-145,3.4
39,1974,-109,-52.6217948717949
39,1975,-77,-52.6217948717949
39,1976,-126,-52.6217948717949
39,1977,-38,-4.38181818181818
39,1978,-16,-4.38181818181818
39,1979,0,-0.374358974358974
39,1980,-8,-9.21212121212121
39,1981,55,-0.374358974358974
39,1982,131,142.811764705882
39,1983,317,192.246031746032
39,1984,281,-302.606060606061
39,1985,-446,-302.606060606061
39,1986,-111,-148.787610619469
39,1987,50,30.0714285714286
39,1988,29,5.80434782608696
39,1989,2,-34.1702127659574
39,1990,-65,-12.4032258064516
39,1991,70,-4.38181818181818
39,1992,167,104.75
39,1993,429,299.305555555556
39,1994,-22,-302.606060606061
39,1995,-193,-159.436507936508
39,1996,-131,-140.909090909091
39,1997,-170,-52.6217948717949
39,1998,-119,-52.6217948717949
39,1999,-39,-52.6217948717949
39,2000,-147,-52.6217948717949
39,2001,-63,-4.38181818181818
39,2002,-8,-4.38181818181818
39,2003,-13,-9.21212121212121
39,2004,-4,-9.21212121212121
39,2005,38,-0.374358974358974
39,2006,139,87.4859813084112
39,2007,314,112
39,2008,234,-111.2
39,2009,-385,-244.666666666667
39,2010,-122,-148.787610619469
39,2011,-10,30.0714285714286
39,2012,67,-0.374358974358974
39,2013,-37,5.80434782608696
39,2014,-29,-52.6217948717949
39,2015,25,-12.4032258064516
39,2016,136,115.122950819672
39,2017,364,299.305555555556
39,2018,-50,-111.2
39,2019,-74,-159.436507936508
39,2020,-168,-140.909090909091
39,2021,-175,-52.6217948717949
39,2022,-37,-52.6217948717949
39,2023,-89,-52.6217948717949
39,2024,-48,-52.6217948717949
39,2025,-43,-4.38181818181818
39,2026,-28,-4.38181818181818
39,2027,-14,-9.21212121212121
39,2028,-4,-9.21212121212121
39,2029,29,-0.374358974358974
39,2030,102,87.4859813084112
39,2031,271,192.246031746032
39,2032,266,192.246031746032
39,2033,-313,-302.606060606061
39,2034,-132,-148.787610619469
39,2035,20,30.0714285714286
39,2036,48,43.8474576271186
39,2037,15,5.80434782608696
39,2038,12,-34.1702127659574
39,2039,-3,-34.1702127659574
39,2040,176,115.122950819672
39,2041,200,299.305555555556
39,2042,-77,-148.787610619469
39,2043,-106,-148.787610619469
39,2044,-162,-52.6217948717949
39,2045,-94,-52.6217948717949
39,2046,-61,-52.6217948717949
39,2047,-10,-52.6217948717949
39,2048,2,-12.4032258064516
39,2049,-111,-12.4032258064516
39,2050,10,-4.38181818181818
39,2051,-47,115.122950819672
39,2052,-32,-52.6217948717949
39,2053,3,-0.374358974358974
39,2054,36,-0.374358974358974
39,2055,26,43.8474576271186
39,2056,87,12.527027027027
39,2057,174,134.090909090909
39,2058,58,104.75
39,2059,62,-4.48
39,2060,30,-18.741935483871
39,2061,11,12.527027027027
39,2062,-4,-34.1702127659574
39,2063,3,-14.4166666666667
39,2064,-10,-103.5
39,2065,-8,-103.5
39,2066,2,-14.4166666666667
39,2067,-143,-14.4166666666667
39,2068,-105,-52.6217948717949
39,2069,67,-52.6217948717949
39,2070,-24,134.090909090909
39,2071,-68,-0.374358974358974
39,2072,-20,-52.6217948717949
39,2073,-30,-0.374358974358974
39,2074,-46,115.122950819672
39,2075,-57,-52.6217948717949
39,2076,-42,-52.6217948717949
39,2077,4,-52.6217948717949
39,2078,1,-0.374358974358974
39,2079,22,-0.374358974358974
39,2080,87,87.4859813084112
39,2081,99,192.246031746032
39,2082,155,192.246031746032
39,2083,128,206.833333333333
39,2084,2,-4.48
39,2085,-28,-103.12
39,2086,39,-0.374358974358974
39,2087,-21,12.527027027027
39,2088,20,-103.5
39,2089,10,-34.1702127659574
39,2090,-112,-34.1702127659574
39,2091,24,-118.8
39,2092,-140,12.527027027027
39,2093,-32,-52.6217948717949
39,2094,-123,-14.4166666666667
39,2095,-48,-52.6217948717949
39,2096,-42,-4.38181818181818
39,2097,-39,-52.6217948717949
39,2098,-11,-4.38181818181818
39,2099,-5,-9.21212121212121
39,2100,2,-0.374358974358974
39,2101,42,-0.374358974358974
39,2102,114,87.4859813084112
39,2103,308,112
39,2104,282,192.246031746032
39,2105,-458,-302.606060606061
39,2106,-104,-148.787610619469
39,2107,26,30.0714285714286
39,2108,63,12.527027027027
39,2109,-52,5.80434782608696
39,2110,28,-52.6217948717949
39,2111,-18,-34.1702127659574
39,2112,189,115.122950819672
39,2113,402,299.305555555556
39,2114,-15,-111.2
39,2115,-147,-148.787610619469
39,2116,-203,-140.909090909091
39,2117,-140,-52.6217948717949
39,2118,-92,3.4
39,2119,-80,-52.6217948717949
39,2120,-112,-52.6217948717949
39,2121,-17,-4.38181818181818
39,2122,-13,-9.21212121212121
39,2123,-2,-9.21212121212121
39,2124,0,-9.21212121212121
39,2125,39,-0.374358974358974
39,2126,149,87.4859813084112
39,2127,319,192.246031746032
39,2128,247,-111.2
39,2129,-427,-244.666666666667
39,2130,-106,-148.787610619469
39,2131,-3,30.0714285714286
39,2132,24,-0.374358974358974
39,2133,40,-34.1702127659574
39,2134,-28,-34.1702127659574
39,2135,-116,-12.4032258064516
39,2136,258,-4.38181818181818
39,2137,418,299.305555555556
39,2138,37,-148.787610619469
39,2139,-243,-244.666666666667
39,2140,-162,-140.909090909091
39,2141,-100,-4.38181818181818
39,2142,-95,-52.6217948717949
39,2143,-110,-52.6217948717949
39,2144,-100,-52.6217948717949
39,2145,-14,-4.38181818181818
39,2146,-20,-9.21212121212121
39,2147,-6,-9.21212121212121
39,2148,-3,-0.374358974358974
39,2149,45,-0.374358974358974
39,2150,136,87.4859813084112
39,2151,302,192.246031746032
39,2152,194,-111.2
39,2153,-331,-244.666666666667
39,2154,-114,-148.787610619469
39,2155,-2,3.4
39,2156,50,-0.374358974358974
39,2157,-4,5.80434782608696
39,2158,-17,-12.4032258064516
39,2159,32,-12.4032258064516
39,2160,184,115.122950819672
39,2161,358,299.305555555556
39,2162,54,-111.2
39,2163,-239,-244.666666666667
39,2164,-139,-140.909090909091
39,2165,-193,3.4
39,2166,-32,-52.6217948717949
39,2167,-136,-14.4166666666667
39,2168,-89,-52.6217948717949
39,2169,-21,-4.38181818181818
39,2170,-31,115.122950819672
39,2171,-5,-9.21212121212121
39,2172,3,-9.21212121212121
39,2173,32,-0.374358974358974
39,2174,142,115.122950819672
39,2175,290,192.246031746032
39,2176,266,-111.2
39,2177,-396,-302.606060606061
39,2178,-162,-148.787610619469
39,2179,45,30.0714285714286
39,2180,60,12.527027027027
39,2181,24,5.80434782608696
39,2182,-85,-34.1702127659574
39,2183,45,-4.38181818181818
39,2184,136,115.122950819672
39,2185,459,299.305555555556
39,2186,-98,-4.48
39,2187,-160,-159.436507936508
39,2188,-180,-140.909090909091
39,2189,-85,-52.6217948717949
39,2190,-80,-52.6217948717949
39,2191,-85,-52.6217948717949
39,2192,-106,-4.38181818181818
39,2193,-28,-4.38181818181818
39,2194,-29,-9.21212121212121
39,2195,-8,-9.21212121212121
39,2196,6,-0.374358974358974
39,2197,25,-0.374358974358974
39,2198,126,87.4859813084112
39,2199,258,192.246031746032
39,2200,247,-111.2
39,2201,-272,-148.787610619469
39,2202,-147,-148.787610619469
39,2203,14,30.0714285714286
39,2204,75,12.527027027027
39,2205,7,5.80434782608696
39,2206,-14,-12.4032258064516
39,2207,49,-12.4032258064516
39,2208,112,104.75
39,2209,249,248.4921875
39,2210,-70,-18.741935483871
39,2211,-202,-159.436507936508
39,2212,-80,-140.909090909091
39,2213,-111,3.4
39,2214,-76,-52.6217948717949
39,2215,-6,-52.6217948717949
39,2216,-35,-12.4032258064516
39,2217,-39,-12.4032258064516
39,2218,-38,-4.38181818181818
39,2219,-54,-4.38181818181818
39,2220,-17,-4.38181818181818
39,2221,4,-0.374358974358974
39,2222,32,-0.374358974358974
39,2223,18,87.4859813084112
39,2224,114,87.4859813084112
39,2225,97,192.246031746032
39,2226,118,104.75
39,2227,74,74.5641025641026
39,2228,77,-4.48
39,2229,-20,-18.741935483871
39,2230,-55,-14.4166666666667
39,2231,17,-52.6217948717949
39,2232,-39,-34.1702127659574
39,2233,42,-118.8
39,2234,-2,-34.1702127659574
39,2235,-93,-12.4032258064516
39,2236,-85,-52.6217948717949
39,2237,-23,-52.6217948717949
39,2238,-20,-0.374358974358974
39,2239,-47,-0.374358974358974
39,2240,-69,-52.6217948717949
39,2241,-66,-4.38181818181818
39,2242,-14,-4.38181818181818
39,2243,-32,-0.374358974358974
39,2244,-27,-0.374358974358974
39,2245,5,-0.374358974358974
39,2246,0,-0.374358974358974
39,2247,49,-0.374358974358974
39,2248,40,142.811764705882
39,2249,121,87.4859813084112
39,2250,135,192.246031746032
39,2251,73,-111.2
39,2252,54,-4.48
39,2253,32,-18.741935483871
39,2254,3,43.8474576271186
39,2255,-76,-14.4166666666667
39,2256,-29,-52.6217948717949
39,2257,-39,-103.5
39,2258,-153,-118.8
39,2259,-44,-118.8
39,2260,8,-52.6217948717949
39,2261,15,-12.4032258064516
39,2262,-51,12.527027027027
39,2263,-70,-52.6217948717949
39,2264,-54,-4.38181818181818
39,2265,-22,-52.6217948717949
39,2266,-6,-0.374358974358974
39,2267,0,-0.374358974358974
39,2268,6,-0.374358974358974
39,2269,14,-0.374358974358974
39,2270,116,87.4859813084112
39,2271,266,192.246031746032
39,2272,198,-111.2
39,2273,-329,-148.787610619469
39,2274,-63,-148.787610619469
39,2275,47,3.4
39,2276,25,12.527027027027
39,2277,4,12.527027027027
39,2278,-2,-12.4032258064516
39,2279,-13,-12.4032258064516
39,2280,177,115.122950819672
39,2281,407,299.305555555556
39,2282,-15,-111.2
39,2283,-203,-159.436507936508
39,2284,-183,-140.909090909091
39,2285,-140,3.4
39,2286,-110,-52.6217948717949
39,2287,-94,-52.6217948717949
39,2288,-66,-52.6217948717949
39,2289,-29,-4.38181818181818
39,2290,-5,-9.21212121212121
39,2291,-7,-9.21212121212121
39,2292,3,-9.21212121212121
39,2293,27,-0.374358974358974
39,2294,143,87.4859813084112
39,2295,323,192.246031746032
39,2296,203,-111.2
39,2297,-378,-244.666666666667
39,2298,-77,-148.787610619469
39,2299,-36,3.4
39,2300,69,-52.6217948717949
39,2301,-30,5.80434782608696
39,2302,8,-12.4032258064516
39,2303,45,-12.4032258064516
39,2304,139,115.122950819672
39,2305,423,299.305555555556
39,2306,-54,-111.2
39,2307,-204,-148.787610619469
39,2308,-162,-140.909090909091
39,2309,-131,3.4
39,2310,-93,-52.6217948717949
39,2311,-86,-52.6217948717949
39,2312,-80,-52.6217948717949
39,2313,-35,-4.38181818181818
39,2314,-17,-9.21212121212121
39,2315,1,-9.21212121212121
39,2316,0,-9.21212121212121
39,2317,36,-0.374358974358974
39,2318,130,87.4859813084112
39,2319,309,192.246031746032
39,2320,255,-111.2
39,2321,-396,-244.666666666667
39,2322,-127,-148.787610619469
39,2323,25,30.0714285714286
39,2324,41,43.8474576271186
39,2325,33,-34.1702127659574
39,2326,-77,-34.1702127659574
39,2327,42,-4.38181818181818
39,2328,163,115.122950819672
39,2329,417,299.305555555556
39,2330,4,-4.48
39,2331,-176,-159.436507936508
39,2332,-186,-140.909090909091
39,2333,-119,-52.6217948717949
39,2334,-148,-52.6217948717949
39,2335,-97,-52.6217948717949
39,2336,-69,-52.6217948717949
39,2337,-39,-4.38181818181818
39,2338,-14,-4.38181818181818
39,2339,-8,-9.21212121212121
39,2340,4,-0.374358974358974
39,2341,31,-9.21212121212121
39,2342,126,87.4859813084112
39,2343,308,112
39,2344,223,-111.2
39,2345,-345,-244.666666666667
39,2346,-148,-148.787610619469
39,2347,55,3.4
39,2348,17,5.80434782608696
39,2349,4,12.527027027027
39,2350,-34,-12.4032258064516
39,2351,20,-12.4032258064516
39,2352,150,115.122950819672
39,2353,393,299.305555555556
39,2354,1,-111.2
39,2355,-188,-159.436507936508
39,2356,-145,-140.909090909091
39,2357,-142,-52.6217948717949
39,2358,-77,-52.6217948717949
39,2359,-103,-52.6217948717949
39,2360,-71,-52.6217948717949
39,2361,-44,-4.38181818181818
39,2362,-21,-4.38181818181818
39,2363,-11,-9.21212121212121
39,2364,-2,-9.21212121212121
39,2365,26,-0.374358974358974
39,2366,11,87.4859813084112
39,2367,89,87.4859813084112
39,2368,-14,192.246031746032
39,2369,101,-0.374358974358974
39,2370,-27,74.5641025641026
39,2371,58,-0.374358974358974
39,2372,64,-18.741935483871
39,2373,-25,5.80434782608696
39,2374,17,-0.374358974358974
39,2375,17,-34.1702127659574
39,2376,143,43.8474576271186
39,2377,263,192.246031746032
39,2378,-90,-111.2
39,2379,-148,-148.787610619469
39,2380,-122,-140.909090909091
39,2381,-84,-52.6217948717949
39,2382,-68,-52.6217948717949
39,2383,-26,-52.6217948717949
39,2384,-12,-12.4032258064516
39,2385,-64,-12.4032258064516
39,2386,-31,-4.38181818181818
39,2387,-64,-0.374358974358974
39,2388,-11,-52.6217948717949
39,2389,1,-0.374358974358974
39,2390,12,-0.374358974358974
39,2391,39,87.4859813084112
39,2392,100,87.4859813084112
39,2393,109,192.246031746032
39,2394,136,104.75
39,2395,92,-27.9333333333333
39,2396,47,-4.48
39,2397,23,43.8474576271186
39,2398,-31,12.527027027027
39,2399,24,-14.4166666666667
39,2400,-31,-34.1702127659574
39,2401,-19,-103.5
39,2402,-212,-103.5
39,2403,-25,-118.8
39,2404,-115,-14.4166666666667
39,2405,-32,-52.6217948717949
39,2406,40,-0.374358974358974
39,2407,-5,12.527027027027
39,2408,-43,-0.374358974358974
39,2409,-7,-52.6217948717949
39,2410,-27,-0.374358974358974
39,2411,-38,-0.374358974358974
39,2412,-38,-52.6217948717949
39,2413,0,-52.6217948717949
39,2414,6,-14.4166666666667
39,2415,23,-0.374358974358974
39,2416,80,87.4859813084112
39,2417,98,192.246031746032
39,2418,111,192.246031746032
39,2419,121,104.75
39,2420,56,-18.741935483871
39,2421,38,-4.48
39,2422,36,12.527027027027
39,2423,-2,12.527027027027
39,2424,-64,-103.5
39,2425,-8,-52.6217948717949
39,2426,-14,-103.5
39,2427,-26,-103.5
39,2428,-165,-14.4166666666667
39,2429,-80,-52.6217948717949
39,2430,-39,-52.6217948717949
39,2431,-71,-52.6217948717949
39,2432,-63,-52.6217948717949
39,2433,-33,-52.6217948717949
39,2434,-5,-0.374358974358974
39,2435,-3,-9.21212121212121
39,2436,5,-0.374358974358974
39,2437,25,-0.374358974358974
39,2438,123,87.4859813084112
39,2439,277,192.246031746032
39,2440,237,-111.2
39,2441,-368,-244.666666666667
39,2442,-106,-148.787610619469
39,2443,46,30.0714285714286
39,2444,31,12.527027027027
39,2445,-22,12.527027027027
39,2446,-6,-12.4032258064516
39,2447,26,-12.4032258064516
39,2448,190,115.122950819672
39,2449,354,299.305555555556
39,2450,-6,-111.2
39,2451,-257,-159.436507936508
39,2452,-123,-140.909090909091
39,2453,-142,3.4
39,2454,-98,-52.6217948717949
39,2455,-64,-52.6217948717949
39,2456,-68,-52.6217948717949
39,2457,-33,-4.38181818181818
39,2458,-16,-9.21212121212121
39,2459,-8,-0.374358974358974
39,2460,2,-9.21212121212121
39,2461,31,-0.374358974358974
39,2462,28,87.4859813084112
39,2463,115,87.4859813084112
39,2464,439,192.246031746032
39,2465,-216,-27.9333333333333
39,2466,-194,-148.787610619469
39,2467,-12,30.0714285714286
39,2468,104,-0.374358974358974
39,2469,-14,5.80434782608696
39,2470,-31,-12.4032258064516
39,2471,28,-12.4032258064516
39,2472,175,115.122950819672
39,2473,354,248.4921875
39,2474,42,-111.2
39,2475,-227,-244.666666666667
39,2476,-191,-140.909090909091
39,2477,-128,3.4
39,2478,-119,-52.6217948717949
39,2479,-22,-52.6217948717949
39,2480,-107,-12.4032258064516
39,2481,-23,-4.38181818181818
39,2482,-29,-9.21212121212121
39,2483,3,115.122950819672
39,2484,-7,-9.21212121212121
39,2485,35,-0.374358974358974
39,2486,133,87.4859813084112
39,2487,320,112
39,2488,190,-111.2
39,2489,-315,-244.666666666667
39,2490,-134,-148.787610619469
39,2491,2,3.4
39,2492,72,-0.374358974358974
39,2493,-13,5.80434782608696
39,2494,-39,-12.4032258064516
39,2495,11,-4.38181818181818
39,2496,165,115.122950819672
39,2497,420,299.305555555556
39,2498,-3,-111.2
39,2499,-199,-159.436507936508
39,2500,-222,-140.909090909091
39,2501,-112,-52.6217948717949
39,2502,-89,3.4
39,2503,-88,-52.6217948717949
39,2504,-62,-52.6217948717949
39,2505,-55,-4.38181818181818
39,2506,-6,-4.38181818181818
39,2507,-11,-9.21212121212121
39,2508,1,-0.374358974358974
39,2509,32,-0.374358974358974
39,2510,128,87.4859813084112
39,2511,299,192.246031746032
39,2512,218,-111.2
39,2513,-345,-244.666666666667
39,2514,-138,-148.787610619469
39,2515,75,3.4
39,2516,69,5.80434782608696
39,2517,-43,-72.3846153846154
39,2518,-52,-52.6217948717949
39,2519,12,-4.38181818181818
39,2520,159,115.122950819672
39,2521,478,299.305555555556
39,2522,-65,-111.2
39,2523,-155,-159.436507936508
39,2524,-163,-140.909090909091
39,2525,-158,-52.6217948717949
39,2526,-102,-52.6217948717949
39,2527,-28,-52.6217948717949
39,2528,-138,-12.4032258064516
39,2529,-34,-4.38181818181818
39,2530,-35,-9.21212121212121
39,2531,-13,115.122950819672
39,2532,3,-9.21212121212121
39,2533,27,-0.374358974358974
39,2534,121,87.4859813084112
39,2535,222,192.246031746032
39,2536,289,-111.2
39,2537,-290,-302.606060606061
39,2538,-147,-148.787610619469
39,2539,72,30.0714285714286
39,2540,62,5.80434782608696
39,2541,-8,-72.3846153846154
39,2542,-29,-12.4032258064516
39,2543,55,-12.4032258064516
39,2544,105,104.75
39,2545,303,299.305555555556
39,2546,-122,-128.266666666667
39,2547,-178,-159.436507936508
39,2548,-132,-140.909090909091
39,2549,-104,-52.6217948717949
39,2550,-42,-52.6217948717949
39,2551,-92,-52.6217948717949
39,2552,-16,-4.38181818181818
39,2553,-13,-12.4032258064516
39,2554,-49,-9.21212121212121
39,2555,-13,-4.38181818181818
39,2556,-17,-0.374358974358974
39,2557,-4,-0.374358974358974
39,2558,18,-0.374358974358974
39,2559,37,87.4859813084112
39,2560,125,87.4859813084112
39,2561,103,192.246031746032
39,2562,188,-111.2
39,2563,56,-27.9333333333333
39,2564,118,-148.787610619469
39,2565,-10,-18.741935483871
39,2566,-46,-103.12
39,2567,-2,-52.6217948717949
39,2568,45,-103.5
39,2569,-6,-34.1702127659574
39,2570,-81,-12.4032258064516
39,2571,-66,-118.8
39,2572,-147,-52.6217948717949
39,2573,-3,-118.8
39,2574,-77,-0.374358974358974
39,2575,-26,-52.6217948717949
39,2576,-48,-12.4032258064516
39,2577,-56,-52.6217948717949
39,2578,-12,-4.38181818181818
39,2579,-64,115.122950819672
39,2580,-29,-4.38181818181818
39,2581,-15,-0.374358974358974
39,2582,9,-0.374358974358974
39,2583,21,87.4859813084112
39,2584,83,87.4859813084112
39,2585,146,192.246031746032
39,2586,155,104.75
39,2587,-153,-4.48
39,2588,26,-103.12
39,2589,-136,43.8474576271186
39,2590,-13,-52.6217948717949
39,2591,127,-0.374358974358974
39,2592,80,5.80434782608696
39,2593,-13,-4.48
39,2594,34,115.122950819672
39,2595,-36,43.8474576271186
39,2596,-67,-52.6217948717949
39,2597,-84,-52.6217948717949
39,2598,-134,-52.6217948717949
39,2599,-10,-52.6217948717949
39,2600,-20,-12.4032258064516
39,2601,-16,-0.374358974358974
39,2602,-5,-12.4032258064516
39,2603,-2,-0.374358974358974
39,2604,4,-0.374358974358974
39,2605,30,115.122950819672
39,2606,124,87.4859813084112
39,2607,281,112
39,2608,213,-111.2
39,2609,-298,-244.666666666667
39,2610,-164,-148.787610619469
39,2611,48,3.4
39,2612,41,5.80434782608696
39,2613,9,12.527027027027
39,2614,-16,-34.1702127659574
39,2615,34,-12.4032258064516
39,2616,151,115.122950819672
39,2617,433,299.305555555556
39,2618,-78,-4.48
39,2619,-516,-159.436507936508
39,2620,-38,-140.909090909091
39,2621,-16,3.4
39,2622,-84,-0.374358974358974
39,2623,-59,-52.6217948717949
39,2624,-43,-4.38181818181818
39,2625,-26,-4.38181818181818
39,2626,-25,-9.21212121212121
39,2627,-5,-0.374358974358974
39,2628,1,-0.374358974358974
39,2629,30,-0.374358974358974
39,2630,135,87.4859813084112
39,2631,350,192.246031746032
39,2632,204,-111.2
39,2633,-395,-244.666666666667
39,2634,-150,-148.787610619469
39,2635,78,3.4
39,2636,49,5.80434782608696
39,2637,26,-72.3846153846154
39,2638,-29,-34.1702127659574
39,2639,0,-12.4032258064516
39,2640,165,115.122950819672
39,2641,411,299.305555555556
39,2642,-253,-4.48
39,2643,-149,-159.436507936508
39,2644,-118,30.0714285714286
39,2645,-78,-52.6217948717949
39,2646,-48,-52.6217948717949
39,2647,-96,-52.6217948717949
39,2648,-81,-4.38181818181818
39,2649,-34,-4.38181818181818
39,2650,-4,-9.21212121212121
39,2651,-10,-0.374358974358974
39,2652,1,-0.374358974358974
39,2653,32,-0.374358974358974
39,2654,147,87.4859813084112
39,2655,366,192.246031746032
39,2656,187,-111.2
39,2657,-364,-244.666666666667
39,2658,-151,-148.787610619469
39,2659,42,3.4
39,2660,45,43.8474576271186
39,2661,4,12.527027027027
39,2662,-50,-12.4032258064516
39,2663,50,-4.38181818181818
39,2664,144,104.75
39,2665,323,299.305555555556
39,2666,-100,-302.606060606061
39,2667,-103,-159.436507936508
39,2668,-189,-140.909090909091
39,2669,-40,-52.6217948717949
39,2670,-70,-52.6217948717949
39,2671,-141,-52.6217948717949
39,2672,-80,-4.38181818181818
39,2673,-35,-4.38181818181818
39,2674,-5,-0.374358974358974
39,2675,-11,-9.21212121212121
39,2676,-3,-0.374358974358974
39,2677,31,-0.374358974358974
39,2678,155,115.122950819672
39,2679,289,192.246031746032
39,2680,226,-111.2
39,2681,-295,-244.666666666667
39,2682,-179,-148.787610619469
39,2683,45,3.4
39,2684,54,43.8474576271186
39,2685,14,5.80434782608696
39,2686,-41,-34.1702127659574
39,2687,0,-4.38181818181818
39,2688,160,115.122950819672
39,2689,355,299.305555555556
39,2690,121,-4.48
39,2691,-308,-244.666666666667
39,2692,-159,-159.436507936508
39,2693,-145,3.4
39,2694,-131,-52.6217948717949
39,2695,-41,-52.6217948717949
39,2696,-46,-52.6217948717949
39,2697,-69,-4.38181818181818
39,2698,-26,-4.38181818181818
39,2699,-8,-9.21212121212121
39,2700,0,-9.21212121212121
39,2701,30,-9.21212121212121
39,2702,113,87.4859813084112
39,2703,274,112
39,2704,319,192.246031746032
39,2705,-355,-302.606060606061
39,2706,-127,-148.787610619469
39,2707,19,30.0714285714286
39,2708,90,43.8474576271186
39,2709,-20,5.80434782608696
39,2710,-13,-12.4032258064516
39,2711,12,-12.4032258064516
39,2712,165,115.122950819672
39,2713,297,299.305555555556
39,2714,-76,-111.2
39,2715,-200,-159.436507936508
39,2716,-173,-140.909090909091
39,2717,-57,-52.6217948717949
39,2718,-55,-52.6217948717949
39,2719,-73,-52.6217948717949
39,2720,-43,-4.38181818181818
39,2721,-20,-4.38181818181818
39,2722,-36,-9.21212121212121
39,2723,-41,-52.6217948717949
39,2724,-26,-52.6217948717949
39,2725,2,-0.374358974358974
39,2726,16,-0.374358974358974
39,2727,72,87.4859813084112
39,2728,60,192.246031746032
39,2729,126,142.811764705882
39,2730,154,104.75
39,2731,15,-4.48
39,2732,127,-4.48
39,2733,-67,-18.741935483871
39,2734,-35,-103.12
39,2735,-249,-103.5
39,2736,201,-52.6217948717949
39,2737,-31,5.80434782608696
39,2738,-20,-159.436507936508
39,2739,-29,-0.374358974358974
39,2740,-113,-12.4032258064516
39,2741,-33,-4.38181818181818
39,2742,-26,115.122950819672
39,2743,-24,-0.374358974358974
39,2744,-24,-12.4032258064516
39,2745,0,-0.374358974358974
39,2746,-18,-0.374358974358974
39,2747,-63,-0.374358974358974
39,2748,-37,-52.6217948717949
39,2749,0,-52.6217948717949
39,2750,5,-0.374358974358974
39,2751,13,-0.374358974358974
39,2752,99,43.8474576271186
39,2753,130,192.246031746032
39,2754,122,192.246031746032
39,2755,97,-203.290909090909
39,2756,144,-4.48
39,2757,-85,-18.741935483871
39,2758,-164,-103.12
39,2759,14,-52.6217948717949
39,2760,-218,-34.1702127659574
39,2761,60,-52.6217948717949
39,2762,31,5.80434782608696
39,2763,28,-34.1702127659574
39,2764,-81,-34.1702127659574
39,2765,-45,-118.8
39,2766,-52,-4.38181818181818
39,2767,-34,-52.6217948717949
39,2768,-48,-0.374358974358974
39,2769,-25,-52.6217948717949
39,2770,1,-12.4032258064516
39,2771,-4,-12.4032258064516
39,2772,8,-0.374358974358974
39,2773,24,-0.374358974358974
39,2774,109,87.4859813084112
39,2775,288,192.246031746032
39,2776,266,-27.9333333333333
39,2777,-357,-148.787610619469
39,2778,-136,-148.787610619469
39,2779,23,30.0714285714286
39,2780,54,12.527027027027
39,2781,5,5.80434782608696
39,2782,-42,-12.4032258064516
39,2783,36,-4.38181818181818
39,2784,162,115.122950819672
39,2785,401,299.305555555556
39,2786,-11,-111.2
39,2787,-261,-159.436507936508
39,2788,-157,-140.909090909091
39,2789,-138,3.4
39,2790,-117,-52.6217948717949
39,2791,-47,-52.6217948717949
39,2792,-76,-52.6217948717949
39,2793,-17,-4.38181818181818
39,2794,-6,-9.21212121212121
39,2795,-11,-9.21212121212121
39,2796,4,-9.21212121212121
39,2797,34,-0.374358974358974
39,2798,105,87.4859813084112
39,2799,122,192.246031746032
39,2800,424,192.246031746032
39,2801,-298,-302.606060606061
39,2802,-191,-148.787610619469
39,2803,14,30.0714285714286
39,2804,79,12.527027027027
39,2805,-9,5.80434782608696
39,2806,-37,-12.4032258064516
39,2807,66,-4.38181818181818
39,2808,163,104.75
39,2809,384,299.305555555556
39,2810,-46,-302.606060606061
39,2811,-221,-159.436507936508
39,2812,-162,-140.909090909091
39,2813,-121,3.4
39,2814,-98,-52.6217948717949
39,2815,-107,-52.6217948717949
39,2816,-62,-52.6217948717949
39,2817,-33,-4.38181818181818
39,2818,-8,-9.21212121212121
39,2819,3,-9.21212121212121
39,2820,1,-0.374358974358974
39,2821,30,-0.374358974358974
39,2822,141,87.4859813084112
39,2823,373,192.246031746032
39,2824,254,-111.2
39,2825,-460,-244.666666666667
39,2826,-170,-148.787610619469
39,2827,75,30.0714285714286
39,2828,107,5.80434782608696
39,2829,-60,-72.3846153846154
39,2830,1,-52.6217948717949
39,2831,37,-12.4032258064516
39,2832,155,115.122950819672
39,2833,377,299.305555555556
39,2834,-58,-111.2
39,2835,-169,-159.436507936508
39,2836,-216,-140.909090909091
39,2837,-114,-52.6217948717949
39,2838,-78,3.4
39,2839,-78,-52.6217948717949
39,2840,-92,-52.6217948717949
39,2841,-42,-4.38181818181818
39,2842,-6,-4.38181818181818
39,2843,-12,-9.21212121212121
39,2844,3,-0.374358974358974
39,2845,27,-0.374358974358974
39,2846,128,87.4859813084112
39,2847,369,192.246031746032
39,2848,222,-111.2
39,2849,-358,-244.666666666667
39,2850,-162,-148.787610619469
39,2851,42,3.4
39,2852,18,12.527027027027
39,2853,-4,12.527027027027
39,2854,-17,-12.4032258064516
39,2855,65,-12.4032258064516
39,2856,144,104.75
39,2857,362,299.305555555556
39,2858,9,-302.606060606061
39,2859,-243,-159.436507936508
39,2860,-139,-140.909090909091
39,2861,-164,3.4
39,2862,-16,-52.6217948717949
39,2863,-139,-14.4166666666667
39,2864,-70,-52.6217948717949
39,2865,-50,-4.38181818181818
39,2866,-12,-4.38181818181818
39,2867,-15,-9.21212121212121
39,2868,2,-9.21212121212121
39,2869,22,-0.374358974358974
39,2870,79,115.122950819672
39,2871,313,192.246031746032
39,2872,269,112
39,2873,-292,-302.606060606061
39,2874,-142,-148.787610619469
39,2875,53,30.0714285714286
39,2876,101,5.80434782608696
39,2877,-42,5.80434782608696
39,2878,68,-52.6217948717949
39,2879,90,134.090909090909
39,2880,2,104.75
39,2881,89,-9.21212121212121
39,2882,-71,-128.266666666667
39,2883,-94,-52.6217948717949
39,2884,-96,-52.6217948717949
39,2885,-53,-52.6217948717949
39,2886,-26,-52.6217948717949
39,2887,-103,-12.4032258064516
39,2888,-6,-4.38181818181818
39,2889,-89,-12.4032258064516
39,2890,-10,-4.38181818181818
39,2891,-34,-0.374358974358974
39,2892,-23,-0.374358974358974
39,2893,10,-0.374358974358974
39,2894,14,87.4859813084112
39,2895,30,87.4859813084112
39,2896,96,87.4859813084112
39,2897,75,74.5641025641026
39,2898,180,74.5641025641026
39,2899,75,-27.9333333333333
39,2900,-21,-148.787610619469
39,2901,33,-0.374358974358974
39,2902,10,12.527027027027
39,2903,49,12.527027027027
39,2904,-101,-18.741935483871
39,2905,1,-52.6217948717949
39,2906,-21,-103.5
39,2907,-50,-103.5
39,2908,-185,-52.6217948717949
39,2909,-103,-52.6217948717949
39,2910,-26,-4.38181818181818
39,2911,67,-12.4032258064516
39,2912,-46,134.090909090909
39,2913,-26,-52.6217948717949
39,2914,11,-0.374358974358974
39,2915,-42,115.122950819672
39,2916,-20,-52.6217948717949
39,2917,-10,-0.374358974358974
39,2918,3,-0.374358974358974
39,2919,27,-103.5
39,2920,87,87.4859813084112
39,2921,103,134.090909090909
39,2922,156,192.246031746032
39,2923,101,-27.9333333333333
39,2924,56,-4.48
39,2925,-52,-18.741935483871
39,2926,-36,-52.6217948717949
39,2927,-102,-52.6217948717949
39,2928,119,-52.6217948717949
39,2929,29,5.80434782608696
39,2930,-3,-159.436507936508
39,2931,-208,-12.4032258064516
39,2932,-188,-52.6217948717949
39,2933,67,-4.38181818181818
39,2934,-5,142.811764705882
39,2935,-43,-0.374358974358974
39,2936,-19,-52.6217948717949
39,2937,-49,-12.4032258064516
39,2938,-15,-4.38181818181818
39,2939,-12,-9.21212121212121
39,2940,-17,-0.374358974358974
39,2941,-7,-12.4032258064516
39,2942,11,-0.374358974358974
39,2943,28,87.4859813084112
39,2944,84,87.4859813084112
39,2945,102,192.246031746032
39,2946,130,74.5641025641026
39,2947,100,-27.9333333333333
39,2948,84,-4.48
39,2949,23,-18.741935483871
39,2950,-54,12.527027027027
39,2951,-63,-52.6217948717949
39,2952,51,-52.6217948717949
39,2953,-2,5.80434782608696
39,2954,-16,-103.5
39,2955,-108,-12.4032258064516
39,2956,-113,-52.6217948717949
39,2957,-77,-52.6217948717949
39,2958,-63,-52.6217948717949
39,2959,-51,-52.6217948717949
39,2960,-41,-52.6217948717949
39,2961,-5,-4.38181818181818
39,2962,-19,-0.374358974358974
39,2963,5,-0.374358974358974
39,2964,-2,-0.374358974358974
39,2965,30,-0.374358974358974
39,2966,134,87.4859813084112
39,2967,321,192.246031746032
39,2968,139,-111.2
39,2969,-309,-244.666666666667
39,2970,-151,-103.12
39,2971,26,3.4
39,2972,89,43.8474576271186
39,2973,-12,5.80434782608696
39,2974,-1,-12.4032258064516
39,2975,18,-12.4032258064516
39,2976,166,115.122950819672
39,2977,398,299.305555555556
39,2978,-17,-111.2
39,2979,-287,-159.436507936508
39,2980,-167,-140.909090909091
39,2981,-117,3.4
39,2982,-89,-52.6217948717949
39,2983,-84,-52.6217948717949
39,2984,-58,-52.6217948717949
39,2985,-24,-4.38181818181818
39,2986,-4,-9.21212121212121
39,2987,-5,-9.21212121212121
39,2988,1,-0.374358974358974
39,2989,35,-0.374358974358974
39,2990,170,87.4859813084112
39,2991,290,192.246031746032
39,2992,225,-111.2
39,2993,-435,-244.666666666667
39,2994,-55,-148.787610619469
39,2995,-18,3.4
39,2996,49,-0.374358974358974
39,2997,-32,5.80434782608696
39,2998,-23,-12.4032258064516
39,2999,34,-12.4032258064516
39,3000,185,115.122950819672
39,3001,433,299.305555555556
39,3002,-24,-111.2
39,3003,-177,-159.436507936508
39,3004,-250,-140.909090909091
39,3005,-116,-52.6217948717949
39,3006,-77,3.4
39,3007,-69,-52.6217948717949
39,3008,-85,-52.6217948717949
39,3009,-47,-4.38181818181818
39,3010,-10,-4.38181818181818
39,3011,1,-9.21212121212121
39,3012,-1,-0.374358974358974
39,3013,30,-0.374358974358974
39,3014,162,87.4859813084112
39,3015,282,192.246031746032
39,3016,164,-111.2
39,3017,-523,-244.666666666667
39,3018,-74,-103.12
39,3019,13,3.4
39,3020,75,43.8474576271186
39,3021,54,5.80434782608696
39,3022,25,-72.3846153846154
39,3023,54,-34.1702127659574
39,3024,146,104.75
39,3025,392,299.305555555556
39,3026,27,-4.48
39,3027,-277,-148.787610619469
39,3028,-152,-140.909090909091
39,3029,-134,3.4
39,3030,-55,-52.6217948717949
39,3031,-48,-52.6217948717949
39,3032,-73,-52.6217948717949
39,3033,-67,-4.38181818181818
39,3034,-18,-4.38181818181818
39,3035,-2,-9.21212121212121
39,3036,-1,-9.21212121212121
39,3037,32,-0.374358974358974
39,3038,100,87.4859813084112
39,3039,346,192.246031746032
39,3040,233,192.246031746032
39,3041,-375,-244.666666666667
39,3042,-120,-148.787610619469
39,3043,72,30.0714285714286
39,3044,27,5.80434782608696
39,3045,31,12.527027027027
39,3046,-101,-34.1702127659574
39,3047,78,-4.38181818181818
39,3048,139,104.75
39,3049,302,299.305555555556
39,3050,20,-4.48
39,3051,-224,-159.436507936508
39,3052,-177,-140.909090909091
39,3053,-90,3.4
39,3054,-2,-52.6217948717949
39,3055,-51,-103.5
39,3056,-98,-52.6217948717949
39,3057,-33,-4.38181818181818
39,3058,-40,115.122950819672
39,3059,-34,-4.38181818181818
39,3060,-32,-0.374358974358974
39,3061,4,-0.374358974358974
39,3062,19,-0.374358974358974
39,3063,48,87.4859813084112
39,3064,148,142.811764705882
39,3065,118,192.246031746032
39,3066,74,-111.2
39,3067,156,-4.48
39,3068,116,-18.741935483871
39,3069,-26,-4.48
39,3070,-42,-103.12
39,3071,-114,-52.6217948717949
39,3072,-398,-52.6217948717949
39,3073,57,-118.8
39,3074,-4,5.80434782608696
39,3075,48,-12.4032258064516
39,3076,-21,142.811764705882
39,3077,-13,-0.374358974358974
39,3078,13,-0.374358974358974
39,3079,-61,115.122950819672
39,3080,-9,-52.6217948717949
39,3081,0,-12.4032258064516
39,3082,-28,-0.374358974358974
39,3083,-50,-14.4166666666667
39,3084,-18,-52.6217948717949
39,3085,27,-0.374358974358974
39,3086,-20,12.527027027027
39,3087,35,-0.374358974358974
39,3088,100,43.8474576271186
39,3089,129,74.5641025641026
39,3090,196,192.246031746032
39,3091,90,-203.290909090909
39,3092,172,-148.787610619469
39,3093,-28,-27.9333333333333
39,3094,-82,-103.12
39,3095,49,-52.6217948717949
39,3096,5,5.80434782608696
39,3097,-30,-103.5
39,3098,-111,-12.4032258064516
39,3099,-64,-118.8
39,3100,-140,-4.38181818181818
39,3101,-150,-118.8
39,3102,-17,-52.6217948717949
39,3103,-97,-12.4032258064516
39,3104,-51,-4.38181818181818
39,3105,-23,-52.6217948717949
39,3106,-1,-0.374358974358974
39,3107,-5,-9.21212121212121
39,3108,-7,-9.21212121212121
39,3109,35,-0.374358974358974
39,3110,140,87.4859813084112
39,3111,267,192.246031746032
39,3112,283,-111.2
39,3113,-369,-302.606060606061
39,3114,-151,-148.787610619469
39,3115,26,30.0714285714286
39,3116,96,43.8474576271186
39,3117,-9,5.80434782608696
39,3118,17,-12.4032258064516
39,3119,6,-34.1702127659574
39,3120,142,115.122950819672
39,3121,383,299.305555555556
39,3122,97,-111.2
39,3123,-335,-148.787610619469
39,3124,-243,-140.909090909091
39,3125,-105,3.4
39,3126,-126,3.4
39,3127,-66,-52.6217948717949
39,3128,-61,-52.6217948717949
39,3129,-22,-4.38181818181818
39,3130,-4,-9.21212121212121
39,3131,2,-9.21212121212121
39,3132,1,-0.374358974358974
39,3133,35,115.122950819672
39,3134,167,87.4859813084112
39,3135,385,112
39,3136,154,-111.2
39,3137,-392,-244.666666666667
39,3138,-162,-103.12
39,3139,51,3.4
39,3140,69,5.80434782608696
39,3141,12,5.80434782608696
39,3142,-73,-34.1702127659574
39,3143,71,-4.38181818181818
39,3144,210,104.75
39,3145,434,299.305555555556
39,3146,-93,-148.787610619469
39,3147,-281,-159.436507936508
39,3148,-135,-140.909090909091
39,3149,-151,3.4
39,3150,-94,-52.6217948717949
39,3151,-107,-52.6217948717949
39,3152,-60,-4.38181818181818
39,3153,-28,-4.38181818181818
39,3154,-10,-9.21212121212121
39,3155,-4,-9.21212121212121
39,3156,-2,-9.21212121212121
39,3157,43,-0.374358974358974
39,3158,157,87.4859813084112
39,3159,352,192.246031746032
39,3160,213,-111.2
39,3161,-442,-244.666666666667
39,3162,-123,-148.787610619469
39,3163,27,3.4
39,3164,120,43.8474576271186
39,3165,-29,5.80434782608696
39,3166,-45,-159.436507936508
39,3167,40,-4.38181818181818
39,3168,191,115.122950819672
39,3169,416,299.305555555556
39,3170,52,-111.2
39,3171,-342,-244.666666666667
39,3172,-165,-140.909090909091
39,3173,-164,3.4
39,3174,-94,-52.6217948717949
39,3175,-85,-52.6217948717949
39,3176,-70,-52.6217948717949
39,3177,-29,-4.38181818181818
39,3178,-19,-9.21212121212121
39,3179,2,-9.21212121212121
39,3180,-5,-9.21212121212121
39,3181,51,-0.374358974358974
39,3182,138,142.811764705882
39,3183,376,192.246031746032
39,3184,187,-302.606060606061
39,3185,-420,-244.666666666667
39,3186,-126,-148.787610619469
39,3187,42,3.4
39,3188,43,43.8474576271186
39,3189,-14,-34.1702127659574
39,3190,-9,-12.4032258064516
39,3191,78,-12.4032258064516
39,3192,139,104.75
39,3193,393,299.305555555556
39,3194,-32,-302.606060606061
39,3195,-178,-159.436507936508
39,3196,-211,-140.909090909091
39,3197,-146,-52.6217948717949
39,3198,-66,3.4
39,3199,-81,-52.6217948717949
39,3200,-83,-52.6217948717949
39,3201,-46,-4.38181818181818
39,3202,-11,-4.38181818181818
39,3203,-16,-9.21212121212121
39,3204,-2,-9.21212121212121
39,3205,29,-0.374358974358974
39,3206,111,87.4859813084112
39,3207,302,192.246031746032
39,3208,312,192.246031746032
39,3209,-419,-302.606060606061
39,3210,-101,-148.787610619469
39,3211,34,30.0714285714286
39,3212,129,43.8474576271186
39,3213,-1,5.80434782608696
39,3214,-37,-159.436507936508
39,3215,-4,-4.38181818181818
39,3216,196,115.122950819672
39,3217,331,299.305555555556
39,3218,-86,-111.2
39,3219,-229,-159.436507936508
39,3220,-175,-140.909090909091
39,3221,-92,3.4
39,3222,-83,-52.6217948717949
39,3223,-34,-52.6217948717949
39,3224,12,-12.4032258064516
39,3225,-98,-34.1702127659574
39,3226,-16,-4.38181818181818
39,3227,-56,115.122950819672
39,3228,-31,-4.38181818181818
39,3229,10,-0.374358974358974
39,3230,17,87.4859813084112
39,3231,40,43.8474576271186
39,3232,139,12.527027027027
39,3233,130,-27.9333333333333
39,3234,100,-4.48
39,3235,185,-4.48
39,3236,79,-18.741935483871
39,3237,-2,-148.787610619469
39,3238,11,-0.374358974358974
39,3239,-61,-34.1702127659574
39,3240,129,-52.6217948717949
39,3241,-54,5.80434782608696
39,3242,-115,-159.436507936508
39,3243,-136,-52.6217948717949
39,3244,-148,-118.8
39,3245,-34,-52.6217948717949
39,3246,-17,-0.374358974358974
39,3247,-50,-0.374358974358974
39,3248,-78,-4.38181818181818
39,3249,-34,-4.38181818181818
39,3250,-28,115.122950819672
39,3251,-41,-9.21212121212121
39,3252,-40,-52.6217948717949
39,3253,5,-52.6217948717949
39,3254,22,-0.374358974358974
39,3255,36,87.4859813084112
39,3256,57,87.4859813084112
39,3257,168,142.811764705882
39,3258,194,104.75
39,3259,69,-4.48
39,3260,97,-148.787610619469
39,3261,38,-18.741935483871
39,3262,-59,12.527027027027
39,3263,-78,-52.6217948717949
39,3264,39,-52.6217948717949
39,3265,-26,-34.1702127659574
39,3266,-89,-103.5
39,3267,-78,-118.8
39,3268,-79,-52.6217948717949
39,3269,-133,-4.38181818181818
39,3270,-64,-52.6217948717949
39,3271,-33,-52.6217948717949
39,3272,-49,-12.4032258064516
39,3273,-24,-4.38181818181818
39,3274,-8,-0.374358974358974
39,3275,-6,-0.374358974358974
39,3276,4,-9.21212121212121
39,3277,34,-0.374358974358974
39,3278,119,87.4859813084112
39,3279,328,192.246031746032
39,3280,191,-111.2
39,3281,-384,-244.666666666667
39,3282,-97,-148.787610619469
39,3283,50,3.4
39,3284,43,5.80434782608696
39,3285,48,12.527027027027
39,3286,-11,-128.266666666667
39,3287,6,-12.4032258064516
39,3288,115,115.122950819672
39,3289,389,299.305555555556
39,3290,-68,-72.3846153846154
39,3291,-288,-159.436507936508
39,3292,-146,-140.909090909091
39,3293,-107,3.4
39,3294,-104,-52.6217948717949
39,3295,-59,-52.6217948717949
39,3296,-57,-52.6217948717949
39,3297,-8,-4.38181818181818
39,3298,-1,-9.21212121212121
39,3299,2,-9.21212121212121
39,3300,1,-0.374358974358974
39,3301,41,-0.374358974358974
39,3302,119,87.4859813084112
39,3303,189,192.246031746032
39,3304,316,-111.2
39,3305,-379,-302.606060606061
39,3306,-133,-148.787610619469
39,3307,-9,30.0714285714286
39,3308,-63,-0.374358974358974
39,3309,26,-52.6217948717949
39,3310,29,-34.1702127659574
39,3311,-107,-34.1702127659574
39,3312,105,-4.38181818181818
39,3313,197,299.305555555556
39,3314,-57,-27.9333333333333
39,3315,43,-148.787610619469
39,3316,-34,43.8474576271186
39,3317,-83,-14.4166666666667
39,3318,-56,-52.6217948717949
39,3319,-73,-52.6217948717949
39,3320,-52,-52.6217948717949
39,3321,-14,-52.6217948717949
39,3322,-9,-0.374358974358974
39,3323,2,-12.4032258064516
39,3324,5,-0.374358974358974
39,3325,46,-0.374358974358974
39,3326,116,87.4859813084112
39,3327,373,192.246031746032
39,3328,252,-111.2
39,3329,-435,-244.666666666667
39,3330,-170,-148.787610619469
39,3331,55,30.0714285714286
39,3332,66,5.80434782608696
39,3333,-24,5.80434782608696
39,3334,-3,-12.4032258064516
39,3335,25,-12.4032258064516
39,3336,155,115.122950819672
39,3337,420,299.305555555556
39,3338,6,-111.2
39,3339,-281,-159.436507936508
39,3340,-202,-140.909090909091
39,3341,-60,3.4
39,3342,-120,3.4
39,3343,-106,-52.6217948717949
39,3344,-65,-52.6217948717949
39,3345,-40,-4.38181818181818
39,3346,-7,-4.38181818181818
39,3347,-5,-9.21212121212121
39,3348,0,-0.374358974358974
39,3349,50,-0.374358974358974
39,3350,114,142.811764705882
39,3351,364,112
39,3352,256,192.246031746032
39,3353,-435,-244.666666666667
39,3354,-165,-148.787610619469
39,3355,53,30.0714285714286
39,3356,47,5.80434782608696
39,3357,46,-34.1702127659574
39,3358,-38,-34.1702127659574
39,3359,-7,-4.38181818181818
39,3360,166,115.122950819672
39,3361,519,299.305555555556
39,3362,-76,-4.48
39,3363,-297,-159.436507936508
39,3364,-186,-140.909090909091
39,3365,-143,3.4
39,3366,13,-52.6217948717949
39,3367,-133,43.8474576271186
39,3368,-88,-4.38181818181818
39,3369,-17,-4.38181818181818
39,3370,-35,115.122950819672
39,3371,-2,-9.21212121212121
39,3372,-2,-9.21212121212121
39,3373,39,-0.374358974358974
39,3374,116,115.122950819672
39,3375,338,192.246031746032
39,3376,254,-111.2
39,3377,-374,-244.666666666667
39,3378,-158,-148.787610619469
39,3379,96,30.0714285714286
39,3380,68,5.80434782608696
39,3381,32,-72.3846153846154
39,3382,-9,-34.1702127659574
39,3383,11,-12.4032258064516
39,3384,144,115.122950819672
39,3385,279,299.305555555556
39,3386,-41,-4.48
39,3387,-217,-159.436507936508
39,3388,-219,-140.909090909091
39,3389,-57,3.4
39,3390,-17,3.4
39,3391,-109,-0.374358974358974
39,3392,-14,-52.6217948717949
39,3393,-48,-12.4032258064516
39,3394,-41,-4.38181818181818
39,3395,-38,-52.6217948717949
39,3396,-30,-52.6217948717949
39,3397,2,-0.374358974358974
39,3398,24,-0.374358974358974
39,3399,36,87.4859813084112
39,3400,141,87.4859813084112
39,3401,159,192.246031746032
39,3402,97,-111.2
39,3403,152,-4.48
39,3404,62,-18.741935483871
39,3405,19,-4.48
39,3406,-53,12.527027027027
39,3407,96,-52.6217948717949
39,3408,-70,5.80434782608696
39,3409,-34,-118.8
39,3410,-48,-103.5
39,3411,-191,-52.6217948717949
39,3412,-82,-118.8
39,3413,-64,-52.6217948717949
39,3414,-22,-52.6217948717949
39,3415,-68,-12.4032258064516
39,3416,9,-52.6217948717949
39,3417,-38,87.4859813084112
39,3418,-47,-4.38181818181818
39,3419,-41,-52.6217948717949
39,3420,-44,-52.6217948717949
39,3421,-4,-52.6217948717949
39,3422,10,-0.374358974358974
39,3423,41,43.8474576271186
39,3424,118,12.527027027027
39,3425,101,192.246031746032
39,3426,213,-111.2
39,3427,81,104.75
39,3428,206,-148.787610619469
39,3429,-74,-18.741935483871
39,3430,-36,-148.787610619469
39,3431,-26,-52.6217948717949
39,3432,51,-103.5
39,3433,32,5.80434782608696
39,3434,-183,-34.1702127659574
39,3435,-127,-4.38181818181818
39,3436,-161,-52.6217948717949
39,3437,-56,-118.8
39,3438,-58,-52.6217948717949
39,3439,-38,-52.6217948717949
39,3440,-36,-4.38181818181818
39,3441,-46,-4.38181818181818
39,3442,-10,-4.38181818181818
39,3443,-3,-9.21212121212121
39,3444,3,-0.374358974358974
39,3445,29,-0.374358974358974
39,3446,131,87.4859813084112
39,3447,362,192.246031746032
39,3448,220,-111.2
39,3449,-422,-244.666666666667
39,3450,-130,-148.787610619469
39,3451,40,3.4
39,3452,104,12.527027027027
39,3453,-14,5.80434782608696
39,3454,-25,-12.4032258064516
39,3455,-3,-12.4032258064516
39,3456,216,115.122950819672
39,3457,382,299.305555555556
39,3458,-45,-111.2
39,3459,-263,-159.436507936508
39,3460,-158,-140.909090909091
39,3461,-176,3.4
39,3462,-84,-52.6217948717949
39,3463,-78,-52.6217948717949
39,3464,-30,-52.6217948717949
39,3465,-51,-12.4032258064516
39,3466,1,-4.38181818181818
39,3467,-9,-9.21212121212121
39,3468,4,115.122950819672
39,3469,38,-0.374358974358974
39,3470,147,87.4859813084112
39,3471,362,192.246031746032
39,3472,249,-111.2
39,3473,-396,-244.666666666667
39,3474,-239,-148.787610619469
39,3475,48,30.0714285714286
39,3476,84,5.80434782608696
39,3477,3,5.80434782608696
39,3478,-12,-12.4032258064516
39,3479,10,-12.4032258064516
39,3480,192,115.122950819672
39,3481,472,299.305555555556
39,3482,-145,-111.2
39,3483,-283,-159.436507936508
39,3484,-114,-140.909090909091
39,3485,-128,3.4
39,3486,-109,-52.6217948717949
39,3487,-90,-52.6217948717949
39,3488,-58,-4.38181818181818
39,3489,-11,-4.38181818181818
39,3490,-12,-9.21212121212121
39,3491,-7,-0.374358974358974
39,3492,4,-9.21212121212121
39,3493,22,-0.374358974358974
39,3494,146,87.4859813084112
39,3495,350,192.246031746032
39,3496,306,-111.2
39,3497,-504,-302.606060606061
39,3498,-149,-148.787610619469
39,3499,42,30.0714285714286
39,3500,89,12.527027027027
39,3501,24,5.80434782608696
39,3502,-63,-34.1702127659574
39,3503,23,-4.38181818181818
39,3504,168,115.122950819672
39,3505,485,299.305555555556
39,3506,-69,-4.48
39,3507,-257,-159.436507936508
39,3508,-193,-140.909090909091
39,3509,-74,3.4
39,3510,-145,-52.6217948717949
39,3511,-100,-52.6217948717949
39,3512,-50,-52.6217948717949
39,3513,-44,-4.38181818181818
39,3514,-5,-4.38181818181818
39,3515,-9,-9.21212121212121
39,3516,1,-0.374358974358974
39,3517,58,-9.21212121212121
39,3518,103,142.811764705882
39,3519,389,112
39,3520,236,192.246031746032
39,3521,-459,-244.666666666667
39,3522,-127,-148.787610619469
39,3523,86,30.0714285714286
39,3524,41,5.80434782608696
39,3525,-9,-34.1702127659574
39,3526,-68,-12.4032258064516
39,3527,38,-4.38181818181818
39,3528,176,115.122950819672
39,3529,433,299.305555555556
39,3530,-6,-111.2
39,3531,-340,-159.436507936508
39,3532,-102,-140.909090909091
39,3533,-204,3.4
39,3534,-206,-52.6217948717949
39,3535,-2,3.4
39,3536,-28,-12.4032258064516
39,3537,-4,-12.4032258064516
39,3538,-3,-9.21212121212121
39,3539,-3,-0.374358974358974
39,3540,5,115.122950819672
39,3541,26,115.122950819672
39,3542,100,43.8474576271186
39,3543,256,112
39,3544,311,192.246031746032
39,3545,-279,-302.606060606061
39,3546,-181,-148.787610619469
39,3547,116,30.0714285714286
39,3548,19,5.80434782608696
39,3549,30,-4.48
39,3550,-11,-34.1702127659574
39,3551,-7,-12.4032258064516
39,3552,110,115.122950819672
39,3553,306,248.4921875
39,3554,-141,-72.3846153846154
39,3555,-159,-159.436507936508
39,3556,-172,-140.909090909091
39,3557,-99,-52.6217948717949
39,3558,-17,-52.6217948717949
39,3559,-30,-0.374358974358974
39,3560,-41,-12.4032258064516
39,3561,-48,-4.38181818181818
39,3562,-9,-4.38181818181818
39,3563,-63,115.122950819672
39,3564,-15,-52.6217948717949
39,3565,1,-0.374358974358974
39,3566,22,-0.374358974358974
39,3567,36,87.4859813084112
39,3568,138,87.4859813084112
39,3569,121,192.246031746032
39,3570,140,-111.2
39,3571,191,-4.48
39,3572,19,-4.48
39,3573,4,-148.787610619469
39,3574,64,-0.374358974358974
39,3575,-23,5.80434782608696
39,3576,-5,-103.5
39,3577,-10,-103.5
39,3578,-118,-103.5
39,3579,-124,-118.8
39,3580,-155,-118.8
39,3581,-23,-52.6217948717949
39,3582,-71,-12.4032258064516
39,3583,-25,-52.6217948717949
39,3584,-49,-0.374358974358974
39,3585,-31,-4.38181818181818
39,3586,-24,-0.374358974358974
39,3587,-34,115.122950819672
39,3588,-51,-0.374358974358974
39,3589,3,-52.6217948717949
39,3590,12,-0.374358974358974
39,3591,35,87.4859813084112
39,3592,87,87.4859813084112
39,3593,141,192.246031746032
39,3594,194,-27.9333333333333
39,3595,112,-4.48
39,3596,89,-148.787610619469
39,3597,-86,-18.741935483871
39,3598,18,-52.6217948717949
39,3599,37,-34.1702127659574
39,3600,-1,-34.1702127659574
39,3601,-73,-103.5
39,3602,-174,-118.8
39,3603,-144,-4.38181818181818
39,3604,-63,-52.6217948717949
39,3605,-71,-52.6217948717949
39,3606,-32,-52.6217948717949
39,3607,-34,-12.4032258064516
39,3608,-12,-0.374358974358974
39,3609,-27,-9.21212121212121
39,3610,-6,115.122950819672
39,3611,-5,-0.374358974358974
39,3612,3,-0.374358974358974
39,3613,26,-0.374358974358974
39,3614,119,87.4859813084112
39,3615,328,192.246031746032
39,3616,301,-111.2
39,3617,-444,-302.606060606061
39,3618,-161,-148.787610619469
39,3619,93,30.0714285714286
39,3620,51,5.80434782608696
39,3621,-18,-72.3846153846154
39,3622,-61,-12.4032258064516
39,3623,85,-4.38181818181818
39,3624,130,104.75
39,3625,397,299.305555555556
39,3626,-243,-302.606060606061
39,3627,-97,-159.436507936508
39,3628,-254,30.0714285714286
39,3629,-44,-52.6217948717949
39,3630,-11,3.4
39,3631,-102,-12.4032258064516
39,3632,-74,-4.38181818181818
39,3633,-20,-4.38181818181818
39,3634,-9,-0.374358974358974
39,3635,3,-9.21212121212121
39,3636,5,-0.374358974358974
39,3637,33,-0.374358974358974
39,3638,136,87.4859813084112
39,3639,81,192.246031746032
39,3640,-126,-111.2
39,3641,-48,-52.6217948717949
39,3642,-41,-52.6217948717949
39,3643,54,-52.6217948717949
39,3644,5,5.80434782608696
39,3645,50,-12.4032258064516
39,3646,9,134.090909090909
39,3647,46,115.122950819672
39,3648,165,87.4859813084112
39,3649,341,206.833333333333
39,3650,-28,-4.48
39,3651,-292,-148.787610619469
39,3652,-89,-140.909090909091
39,3653,-17,3.4
39,3654,-49,-0.374358974358974
39,3655,-142,-52.6217948717949
39,3656,-46,-52.6217948717949
39,3657,-33,-4.38181818181818
39,3658,-10,-9.21212121212121
39,3659,-2,-0.374358974358974
39,3660,4,-0.374358974358974
39,3661,23,-0.374358974358974
39,3662,143,115.122950819672
39,3663,338,192.246031746032
39,3664,294,-111.2
39,3665,-447,-302.606060606061
39,3666,-187,-148.787610619469
39,3667,55,30.0714285714286
39,3668,128,5.80434782608696
39,3669,-79,5.80434782608696
39,3670,-28,-159.436507936508
39,3671,68,-12.4032258064516
39,3672,159,104.75
39,3673,439,299.305555555556
39,3674,-107,-302.606060606061
39,3675,-217,-159.436507936508
39,3676,-96,-140.909090909091
39,3677,-288,3.4
39,3678,32,-52.6217948717949
39,3679,-21,-34.1702127659574
39,3680,-144,-12.4032258064516
39,3681,-51,-4.38181818181818
39,3682,-12,-4.38181818181818
39,3683,-2,-0.374358974358974
39,3684,-1,-9.21212121212121
39,3685,29,-0.374358974358974
39,3686,94,12.527027027027
39,3687,258,192.246031746032
39,3688,347,192.246031746032
39,3689,-379,-302.606060606061
39,3690,-182,-148.787610619469
39,3691,37,30.0714285714286
39,3692,74,43.8474576271186
39,3693,6,5.80434782608696
39,3694,-27,-12.4032258064516
39,3695,58,-12.4032258064516
39,3696,172,104.75
39,3697,404,299.305555555556
39,3698,-14,-4.48
39,3699,-353,-159.436507936508
39,3700,-93,-140.909090909091
39,3701,-120,3.4
39,3702,-89,-52.6217948717949
39,3703,-77,-52.6217948717949
39,3704,-53,-52.6217948717949
39,3705,-56,-4.38181818181818
39,3706,-35,-4.38181818181818
39,3707,5,-0.374358974358974
39,3708,-5,-0.374358974358974
39,3709,30,-0.374358974358974
39,3710,96,87.4859813084112
39,3711,291,192.246031746032
39,3712,357,192.246031746032
39,3713,-401,-302.606060606061
39,3714,-124,-148.787610619469
39,3715,44,30.0714285714286
39,3716,164,43.8474576271186
39,3717,-44,5.80434782608696
39,3718,-24,-159.436507936508
39,3719,70,-12.4032258064516
39,3720,164,104.75
39,3721,266,299.305555555556
39,3722,-139,-302.606060606061
39,3723,-261,-159.436507936508
39,3724,-128,-140.909090909091
39,3725,-105,3.4
39,3726,-3,-52.6217948717949
39,3727,-93,-12.4032258064516
39,3728,20,-4.38181818181818
39,3729,-50,-9.21212121212121
39,3730,-66,-4.38181818181818
39,3731,-19,-4.38181818181818
39,3732,-45,-0.374358974358974
39,3733,-1,-4.38181818181818
39,3734,20,-0.374358974358974
39,3735,54,43.8474576271186
39,3736,122,142.811764705882
39,3737,189,192.246031746032
39,3738,144,-203.290909090909
39,3739,108,-148.787610619469
39,3740,96,-4.48
39,3741,-33,-18.741935483871
39,3742,-134,-0.374358974358974
39,3743,44,-52.6217948717949
39,3744,39,-34.1702127659574
39,3745,-49,-34.1702127659574
39,3746,-115,-118.8
39,3747,-154,-118.8
39,3748,-94,-4.38181818181818
39,3749,-32,-52.6217948717949
39,3750,-30,-0.374358974358974
39,3751,-6,-12.4032258064516
39,3752,-52,-12.4032258064516
39,3753,-18,-4.38181818181818
39,3754,-35,115.122950819672
39,3755,-52,-0.374358974358974
39,3756,-11,-52.6217948717949
39,3757,-1,-0.374358974358974
39,3758,13,-0.374358974358974
39,3759,12,87.4859813084112
39,3760,27,87.4859813084112
39,3761,24,87.4859813084112
39,3762,99,87.4859813084112
39,3763,151,74.5641025641026
39,3764,56,-72.3846153846154
39,3765,-72,-4.48
39,3766,-6,-52.6217948717949
39,3767,-8,-0.374358974358974
39,3768,27,-14.4166666666667
39,3769,-176,12.527027027027
39,3770,-51,-52.6217948717949
39,3771,8,-4.38181818181818
39,3772,2,-12.4032258064516
39,3773,-3,-0.374358974358974
39,3774,-34,-0.374358974358974
39,3775,1,-0.374358974358974
39,3776,-29,115.122950819672
39,3777,-14,-0.374358974358974
39,3778,-22,-0.374358974358974
39,3779,-5,-0.374358974358974
39,3780,-3,-0.374358974358974
39,3781,12,-0.374358974358974
39,3782,40,43.8474576271186
39,3783,95,87.4859813084112
39,3784,243,192.246031746032
39,3785,-65,-27.9333333333333
39,3786,-34,-148.787610619469
39,3787,10,-0.374358974358974
39,3788,33,43.8474576271186
39,3789,64,12.527027027027
39,3790,15,5.80434782608696
39,3791,-50,-34.1702127659574
39,3792,7,-52.6217948717949
39,3793,120,-0.374358974358974
39,3794,-41,5.80434782608696
39,3795,-85,-103.12
39,3796,-144,-52.6217948717949
39,3797,-76,-52.6217948717949
39,3798,-44,-52.6217948717949
39,3799,-38,-52.6217948717949
39,3800,-38,-52.6217948717949
39,3801,-18,-4.38181818181818
39,3802,-6,-0.374358974358974
39,3803,-4,-9.21212121212121
39,3804,4,-0.374358974358974
39,3805,12,-0.374358974358974
39,3806,124,87.4859813084112
39,3807,219,192.246031746032
39,3808,351,-111.2
39,3809,-331,-302.606060606061
39,3810,-218,-148.787610619469
39,3811,29,30.0714285714286
39,3812,67,12.527027027027
39,3813,-22,5.80434782608696
39,3814,6,-12.4032258064516
39,3815,10,-12.4032258064516
39,3816,170,115.122950819672
39,3817,382,299.305555555556
39,3818,-22,-111.2
39,3819,-270,-148.787610619469
39,3820,-154,-140.909090909091
39,3821,-135,3.4
39,3822,-63,-52.6217948717949
39,3823,-78,-52.6217948717949
39,3824,-51,-52.6217948717949
39,3825,-25,-4.38181818181818
39,3826,0,-9.21212121212121
39,3827,-2,-9.21212121212121
39,3828,0,-9.21212121212121
39,3829,34,-0.374358974358974
39,3830,135,87.4859813084112
39,3831,332,192.246031746032
39,3832,332,-111.2
39,3833,-473,-302.606060606061
39,3834,-149,-148.787610619469
39,3835,74,30.0714285714286
39,3836,99,5.80434782608696
39,3837,-93,-72.3846153846154
39,3838,-26,-52.6217948717949
39,3839,48,-12.4032258064516
39,3840,247,104.75
39,3841,382,299.305555555556
39,3842,-104,-111.2
39,3843,-278,-159.436507936508
39,3844,-174,-140.909090909091
39,3845,-123,3.4
39,3846,-72,-52.6217948717949
39,3847,-61,-52.6217948717949
39,3848,-94,-4.38181818181818
39,3849,-31,-4.38181818181818
39,3850,0,-9.21212121212121
39,3851,-8,-9.21212121212121
39,3852,7,-0.374358974358974
39,3853,32,-0.374358974358974
39,3854,117,87.4859813084112
39,3855,319,192.246031746032
39,3856,320,-111.2
39,3857,-443,-148.787610619469
39,3858,-151,-148.787610619469
39,3859,47,30.0714285714286
39,3860,75,12.527027027027
39,3861,-35,5.80434782608696
39,3862,57,-12.4032258064516
39,3863,112,134.090909090909
39,3864,21,104.75
39,3865,346,115.122950819672
39,3866,-135,-128.266666666667
39,3867,51,-148.787610619469
39,3868,-328,206.833333333333
39,3869,-155,-52.6217948717949
39,3870,-83,3.4
39,3871,9,-52.6217948717949
39,3872,-118,12.527027027027
39,3873,-31,-52.6217948717949
39,3874,-21,-0.374358974358974
39,3875,-10,115.122950819672
39,3876,2,-9.21212121212121
39,3877,27,-0.374358974358974
39,3878,108,43.8474576271186
39,3879,249,192.246031746032
39,3880,353,192.246031746032
39,3881,-345,-302.606060606061
39,3882,-125,-148.787610619469
39,3883,38,30.0714285714286
39,3884,74,12.527027027027
39,3885,-6,5.80434782608696
39,3886,-10,-12.4032258064516
39,3887,84,-12.4032258064516
39,3888,65,104.75
39,3889,317,299.305555555556
39,3890,-195,-128.266666666667
39,3891,-149,-159.436507936508
39,3892,-185,30.0714285714286
39,3893,-118,-52.6217948717949
39,3894,-30,-52.6217948717949
39,3895,-60,-12.4032258064516
39,3896,149,-4.38181818181818
39,3897,-103,192.246031746032
39,3898,-79,-159.436507936508
39,3899,-52,-4.38181818181818
39,3900,-4,-52.6217948717949
39,3901,0,-0.374358974358974
39,3902,17,-0.374358974358974
39,3903,42,43.8474576271186
39,3904,104,-34.1702127659574
39,3905,92,192.246031746032
39,3906,81,104.75
39,3907,180,74.5641025641026
39,3908,46,-18.741935483871
39,3909,97,-148.787610619469
39,3910,-73,-18.741935483871
39,3911,18,-52.6217948717949
39,3912,22,-34.1702127659574
39,3913,-109,-34.1702127659574
39,3914,-55,-52.6217948717949
39,3915,-141,-52.6217948717949
39,3916,-77,-4.38181818181818
39,3917,-51,-52.6217948717949
39,3918,-15,-52.6217948717949
39,3919,-64,-0.374358974358974
39,3920,-14,-52.6217948717949
39,3921,1,-0.374358974358974
39,3922,-46,115.122950819672
39,3923,-38,-52.6217948717949
39,3924,-16,-52.6217948717949
39,3925,-1,-0.374358974358974
39,3926,13,-0.374358974358974
39,3927,27,87.4859813084112
39,3928,81,43.8474576271186
39,3929,91,192.246031746032
39,3930,205,104.75
39,3931,66,-27.9333333333333
39,3932,68,-148.787610619469
39,3933,57,-18.741935483871
39,3934,-2,-18.741935483871
39,3935,-49,-14.4166666666667
39,3936,13,-52.6217948717949
39,3937,-42,-34.1702127659574
39,3938,-86,-52.6217948717949
39,3939,-117,-118.8
39,3940,-90,-52.6217948717949
39,3941,-50,-52.6217948717949
39,3942,-71,-52.6217948717949
39,3943,-20,-52.6217948717949
39,3944,-57,-0.374358974358974
39,3945,-19,-4.38181818181818
39,3946,-23,-0.374358974358974
39,3947,-2,-0.374358974358974
39,3948,6,-0.374358974358974
39,3949,30,-0.374358974358974
39,3950,107,87.4859813084112
39,3951,329,192.246031746032
39,3952,261,192.246031746032
39,3953,-378,-148.787610619469
39,3954,-191,-148.787610619469
39,3955,95,30.0714285714286
39,3956,21,5.80434782608696
39,3957,-138,12.527027027027
39,3958,39,-52.6217948717949
39,3959,75,-34.1702127659574
39,3960,187,104.75
39,3961,319,299.305555555556
39,3962,-174,-302.606060606061
39,3963,-353,-148.787610619469
39,3964,17,-140.909090909091
39,3965,-50,43.8474576271186
39,3966,-80,-52.6217948717949
39,3967,-45,-52.6217948717949
39,3968,-33,-4.38181818181818
39,3969,-35,-9.21212121212121
39,3970,-10,-9.21212121212121
39,3971,-1,-0.374358974358974
39,3972,5,-0.374358974358974
39,3973,45,-0.374358974358974
39,3974,120,87.4859813084112
39,3975,353,192.246031746032
39,3976,310,-111.2
39,3977,-480,-302.606060606061
39,3978,-133,-148.787610619469
39,3979,6,30.0714285714286
39,3980,97,-0.374358974358974
39,3981,3,5.80434782608696
39,3982,-20,-12.4032258064516
39,3983,38,-12.4032258064516
39,3984,100,115.122950819672
39,3985,497,299.305555555556
39,3986,-105,-128.266666666667
39,3987,-307,-159.436507936508
39,3988,-99,-140.909090909091
39,3989,-237,3.4
39,3990,-14,-52.6217948717949
39,3991,18,-12.4032258064516
39,3992,-150,-34.1702127659574
39,3993,-32,-4.38181818181818
39,3994,-1,115.122950819672
39,3995,-9,-0.374358974358974
39,3996,-3,-9.21212121212121
39,3997,37,-0.374358974358974
39,3998,137,43.8474576271186
39,3999,286,192.246031746032
39,4000,353,-111.2
39,4001,-435,-302.606060606061
39,4002,-154,-148.787610619469
39,4003,6,30.0714285714286
39,4004,98,-0.374358974358974
39,4005,-22,5.80434782608696
39,4006,-40,-12.4032258064516
39,4007,31,-4.38181818181818
39,4008,165,115.122950819672
39,4009,422,299.305555555556
39,4010,-4,-111.2
39,4011,-368,-159.436507936508
39,4012,-102,-140.909090909091
39,4013,-85,3.4
39,4014,-114,-52.6217948717949
39,4015,-116,-52.6217948717949
39,4016,-42,-52.6217948717949
39,4017,-43,-4.38181818181818
39,4018,0,-4.38181818181818
39,4019,-9,-0.374358974358974
39,4020,0,-0.374358974358974
39,4021,37,-0.374358974358974
39,4022,111,87.4859813084112
39,4023,355,192.246031746032
39,4024,326,192.246031746032
39,4025,-447,-302.606060606061
39,4026,-169,-148.787610619469
39,4027,50,30.0714285714286
39,4028,109,5.80434782608696
39,4029,-45,5.80434782608696
39,4030,-47,-52.6217948717949
39,4031,68,-4.38181818181818
39,4032,97,104.75
39,4033,440,299.305555555556
39,4034,-102,-128.266666666667
39,4035,-275,-159.436507936508
39,4036,-126,-140.909090909091
39,4037,-104,3.4
39,4038,-54,-52.6217948717949
39,4039,-112,-52.6217948717949
39,4040,-61,-4.38181818181818
39,4041,-40,-4.38181818181818
39,4042,-6,-4.38181818181818
39,4043,-5,-9.21212121212121
39,4044,1,-0.374358974358974
39,4045,30,-0.374358974358974
39,4046,95,87.4859813084112
39,4047,23,192.246031746032
39,4048,313,87.4859813084112
39,4049,-78,-27.9333333333333
39,4050,-165,-148.787610619469
39,4051,28,-140.909090909091
39,4052,80,43.8474576271186
39,4053,43,5.80434782608696
39,4054,-10,-34.1702127659574
39,4055,30,-0.374358974358974
39,4056,170,-34.1702127659574
39,4057,-140,206.833333333333
39,4058,-192,-103.12
39,4059,-1,-52.6217948717949
39,4060,-3,-103.5
39,4061,-23,-14.4166666666667
39,4062,-16,-0.374358974358974
39,4063,-59,-12.4032258064516
39,4064,-8,-4.38181818181818
39,4065,-28,115.122950819672
39,4066,-17,-0.374358974358974
39,4067,-49,-0.374358974358974
39,4068,-11,-52.6217948717949
39,4069,-5,-0.374358974358974
39,4070,18,-0.374358974358974
39,4071,34,87.4859813084112
39,4072,128,87.4859813084112
39,4073,170,192.246031746032
39,4074,60,-111.2
39,4075,189,-4.48
39,4076,91,-27.9333333333333
39,4077,11,-148.787610619469
39,4078,-3,12.527027027027
39,4079,0,-14.4166666666667
39,4080,-20,-103.5
39,4081,40,-103.5
39,4082,-210,-34.1702127659574
39,4083,-176,-52.6217948717949
39,4084,-86,3.4
39,4085,37,-52.6217948717949
39,4086,-94,43.8474576271186
39,4087,-39,-52.6217948717949
39,4088,-9,-4.38181818181818
39,4089,-37,115.122950819672
39,4090,15,-4.38181818181818
39,4091,-91,87.4859813084112
39,4092,-20,-4.38181818181818
39,4093,-11,-12.4032258064516
39,4094,16,-0.374358974358974
39,4095,30,87.4859813084112
39,4096,87,87.4859813084112
39,4097,126,134.090909090909
39,4098,174,104.75
39,4099,104,-4.48
39,4100,128,-4.48
39,4101,-49,-18.741935483871
39,4102,14,-103.12
39,4103,-17,12.527027027027
39,4104,-32,-103.5
39,4105,-100,-103.5
39,4106,-78,-118.8
39,4107,-147,-118.8
39,4108,-71,-52.6217948717949
39,4109,-29,-118.8
39,4110,-53,-0.374358974358974
39,4111,-47,-4.38181818181818
39,4112,-35,-4.38181818181818
39,4113,-20,-0.374358974358974
39,4114,-6,-9.21212121212121
39,4115,1,-0.374358974358974
39,4116,1,-0.374358974358974
39,4117,39,-0.374358974358974
39,4118,98,87.4859813084112
39,4119,308,192.246031746032
39,4120,276,192.246031746032
39,4121,-368,-302.606060606061
39,4122,-148,-148.787610619469
39,4123,-1,30.0714285714286
39,4124,72,-0.374358974358974
39,4125,32,5.80434782608696
39,4126,-33,-34.1702127659574
39,4127,14,-12.4032258064516
39,4128,228,115.122950819672
39,4129,398,299.305555555556
39,4130,-136,-148.787610619469
39,4131,-272,-159.436507936508
39,4132,-111,-140.909090909091
39,4133,-229,3.4
39,4134,9,-52.6217948717949
39,4135,-20,12.527027027027
39,4136,-126,-12.4032258064516
39,4137,-20,-4.38181818181818
39,4138,-10,115.122950819672
39,4139,-6,-0.374358974358974
39,4140,6,-9.21212121212121
39,4141,43,-0.374358974358974
39,4142,108,12.527027027027
39,4143,373,192.246031746032
39,4144,230,192.246031746032
39,4145,-427,-148.787610619469
39,4146,-113,-148.787610619469
39,4147,32,3.4
39,4148,125,12.527027027027
39,4149,-75,5.80434782608696
39,4150,-7,-159.436507936508
39,4151,50,-12.4032258064516
39,4152,195,104.75
39,4153,397,299.305555555556
39,4154,-112,-302.606060606061
39,4155,-344,-159.436507936508
39,4156,-103,-140.909090909091
39,4157,-84,3.4
39,4158,-101,-52.6217948717949
39,4159,-83,-52.6217948717949
39,4160,-65,-4.38181818181818
39,4161,-19,-4.38181818181818
39,4162,-21,-9.21212121212121
39,4163,-2,-0.374358974358974
39,4164,2,-0.374358974358974
39,4165,47,-0.374358974358974
39,4166,120,87.4859813084112
39,4167,353,192.246031746032
39,4168,275,-111.2
39,4169,-428,-302.606060606061
39,4170,-202,-148.787610619469
39,4171,65,30.0714285714286
39,4172,80,5.80434782608696
39,4173,-10,5.80434782608696
39,4174,-5,-12.4032258064516
39,4175,7,-12.4032258064516
39,4176,224,115.122950819672
39,4177,431,299.305555555556
39,4178,-105,-111.2
39,4179,-286,-159.436507936508
39,4180,-131,-140.909090909091
39,4181,-128,3.4
39,4182,-75,-52.6217948717949
39,4183,-115,-52.6217948717949
39,4184,-47,-4.38181818181818
39,4185,-48,-4.38181818181818
39,4186,-10,-4.38181818181818
39,4187,-10,-9.21212121212121
39,4188,-3,-9.21212121212121
39,4189,50,-0.374358974358974
39,4190,116,142.811764705882
39,4191,324,192.246031746032
39,4192,284,-302.606060606061
39,4193,-436,-302.606060606061
39,4194,-118,-148.787610619469
39,4195,13,30.0714285714286
39,4196,81,43.8474576271186
39,4197,-6,5.80434782608696
39,4198,-28,-12.4032258064516
39,4199,20,-12.4032258064516
39,4200,194,115.122950819672
39,4201,387,299.305555555556
39,4202,-77,-111.2
39,4203,-267,-159.436507936508
39,4204,-195,-140.909090909091
39,4205,-76,3.4
39,4206,-64,-52.6217948717949
39,4207,-72,-52.6217948717949
39,4208,-64,-4.38181818181818
39,4209,-35,-4.38181818181818
39,4210,-17,-9.21212121212121
39,4211,-6,-9.21212121212121
39,4212,-8,-0.374358974358974
39,4213,45,-0.374358974358974
39,4214,94,87.4859813084112
39,4215,277,192.246031746032
39,4216,313,192.246031746032
39,4217,-331,-302.606060606061
39,4218,-206,-148.787610619469
39,4219,93,30.0714285714286
39,4220,102,5.80434782608696
39,4221,-55,-72.3846153846154
39,4222,14,-52.6217948717949
39,4223,97,-34.1702127659574
39,4224,134,104.75
39,4225,235,299.305555555556
39,4226,-152,-203.290909090909
39,4227,-194,-148.787610619469
39,4228,-160,-140.909090909091
39,4229,-19,-52.6217948717949
39,4230,-75,-0.374358974358974
39,4231,-39,-52.6217948717949
39,4232,-36,-4.38181818181818
39,4233,4,-4.38181818181818
39,4234,-56,-9.21212121212121
39,4235,-64,-52.6217948717949
39,4236,-13,-4.38181818181818
39,4237,-4,-0.374358974358974
39,4238,22,-0.374358974358974
39,4239,55,87.4859813084112
39,4240,127,134.090909090909
39,4241,115,192.246031746032
39,4242,151,-203.290909090909
39,4243,106,-27.9333333333333
39,4244,83,-4.48
39,4245,92,-18.741935483871
39,4246,-10,-18.741935483871
39,4247,-39,-14.4166666666667
39,4248,-99,-52.6217948717949
39,4249,6,-118.8
39,4250,-162,-103.5
39,4251,-156,-118.8
39,4252,-4,-52.6217948717949
39,4253,-87,-12.4032258064516
39,4254,-52,-4.38181818181818
39,4255,10,-52.6217948717949
39,4256,-50,43.8474576271186
39,4257,16,-4.38181818181818
39,4258,-17,-9.21212121212121
39,4259,-37,-0.374358974358974
39,4260,-59,-52.6217948717949
39,4261,8,-52.6217948717949
39,4262,11,-0.374358974358974
39,4263,26,12.527027027027
39,4264,108,43.8474576271186
39,4265,157,74.5641025641026
39,4266,104,104.75
39,4267,28,-4.48
39,4268,29,43.8474576271186
39,4269,-100,12.527027027027
39,4270,11,-52.6217948717949
39,4271,-101,12.527027027027
39,4272,-8,-52.6217948717949
39,4273,-68,-103.5
39,4274,-71,-118.8
39,4275,-100,-4.38181818181818
39,4276,1,-52.6217948717949
39,4277,-9,-0.374358974358974
39,4278,-9,-0.374358974358974
39,4279,-23,-0.374358974358974
39,4280,8,-0.374358974358974
39,4281,94,-0.374358974358974
39,4282,10,192.246031746032
39,4283,-2,43.8474576271186
39,4284,-26,-0.374358974358974
39,4285,26,-0.374358974358974
39,4286,19,87.4859813084112
39,4287,-28,43.8474576271186
39,4288,-34,-0.374358974358974
39,4289,-17,-12.4032258064516
39,4290,2,-0.374358974358974
39,4291,-27,-0.374358974358974
39,4292,-23,-0.374358974358974
39,4293,-8,-12.4032258064516
39,4294,-1,-0.374358974358974
39,4295,-4,-0.374358974358974
39,4296,2,-0.374358974358974
39,4297,19,-0.374358974358974
39,4298,92,12.527027027027
39,4299,221,192.246031746032
39,4300,284,192.246031746032
39,4301,-324,-302.606060606061
39,4302,-129,-148.787610619469
39,4303,21,30.0714285714286
39,4304,52,12.527027027027
39,4305,-28,5.80434782608696
39,4306,11,-12.4032258064516
39,4307,6,-34.1702127659574
39,4308,194,115.122950819672
39,4309,299,299.305555555556
39,4310,-139,-111.2
39,4311,-174,-148.787610619469
39,4312,-142,-140.909090909091
39,4313,-76,-52.6217948717949
39,4314,-27,-52.6217948717949
39,4315,-64,-0.374358974358974
39,4316,-41,-4.38181818181818
39,4317,-30,-4.38181818181818
39,4318,-10,115.122950819672
39,4319,-5,-9.21212121212121
39,4320,-5,-0.374358974358974
39,4321,30,-0.374358974358974
39,4322,108,87.4859813084112
39,4323,272,192.246031746032
39,4324,260,192.246031746032
39,4325,-349,-244.666666666667
39,4326,-185,-148.787610619469
39,4327,24,30.0714285714286
39,4328,51,43.8474576271186
39,4329,27,5.80434782608696
39,4330,-63,-34.1702127659574
39,4331,29,-4.38181818181818
39,4332,130,115.122950819672
39,4333,345,299.305555555556
39,4334,-11,-4.48
39,4335,-226,-159.436507936508
39,4336,-156,-140.909090909091
39,4337,-29,3.4
39,4338,-65,-0.374358974358974
39,4339,-82,-52.6217948717949
39,4340,-70,-52.6217948717949
39,4341,-26,-4.38181818181818
39,4342,-14,-9.21212121212121
40,1,381,297.684210526316
40,2,-89,28.1666666666667
40,3,-134,-171.64
40,4,-223,-138.952380952381
40,5,-76,-63.7428571428571
40,6,-74,-5.82758620689655
40,7,-60,-27.0927835051546
40,8,-75,-27.0927835051546
40,9,-29,-27.0927835051546
40,10,7,-16.1671554252199
40,11,-10,4.4
40,12,-1,1.04779411764706
40,13,15,1.04779411764706
40,14,145,70.2695652173913
40,15,298,210.246031746032
40,16,178,-82.9444444444444
40,17,-346,-229.64375
40,18,-138,-141.052631578947
40,19,60,-5.82758620689655
40,20,46,-20.2888888888889
40,21,-44,-11.3893805309735
40,22,-148,-27.0927835051546
40,23,63,-27.0927835051546
40,24,255,90.8444444444444
40,25,328,297.684210526316
40,26,-7,-290.529411764706
40,27,-252,-171.64
40,28,-156,-138.952380952381
40,29,-79,-5.82758620689655
40,30,-76,-63.7428571428571
40,31,-84,-63.7428571428571
40,32,-28,-27.0927835051546
40,33,-21,-16.1671554252199
40,34,-13,4.4
40,35,1,-16.1671554252199
40,36,3,-16.1671554252199
40,37,23,1.04779411764706
40,38,98,70.2695652173913
40,39,292,180.199233716475
40,40,204,180.199233716475
40,41,-297,-229.64375
40,42,-172,-141.052631578947
40,43,48,-5.82758620689655
40,44,79,-20.2888888888889
40,45,-14,-20.2888888888889
40,46,-23,1.04779411764706
40,47,16,-16.1671554252199
40,48,98,121.372093023256
40,49,348,297.684210526316
40,50,-333,-20.2888888888889
40,51,-274,-171.64
40,52,-47,-138.952380952381
40,53,-17,-5.82758620689655
40,54,33,-16.1671554252199
40,55,-12,-11.3893805309735
40,56,-22,1.04779411764706
40,57,-22,4.4
40,58,-8,121.372093023256
40,59,0,-16.1671554252199
40,60,-1,1.04779411764706
40,61,22,1.04779411764706
40,62,115,-11.3893805309735
40,63,262,180.199233716475
40,64,229,180.199233716475
40,65,-269,-229.64375
40,66,-207,-141.052631578947
40,67,102,-5.82758620689655
40,68,16,-20.2888888888889
40,69,46,46.12
40,70,-71,-11.3893805309735
40,71,24,-27.0927835051546
40,72,150,121.372093023256
40,73,311,248.196850393701
40,74,38,28.1666666666667
40,75,-217,-229.64375
40,76,-179,-138.952380952381
40,77,-144,-5.82758620689655
40,78,2,-63.7428571428571
40,79,-97,-16.1671554252199
40,80,-71,-27.0927835051546
40,81,-18,-27.0927835051546
40,82,-15,121.372093023256
40,83,-18,-16.1671554252199
40,84,-4,-16.1671554252199
40,85,17,-16.1671554252199
40,86,109,75.3529411764706
40,87,216,210.246031746032
40,88,269,180.199233716475
40,89,-298,-290.529411764706
40,90,-112,-141.052631578947
40,91,81,-138.952380952381
40,92,57,-20.2888888888889
40,93,15,-20.2888888888889
40,94,-29,-11.3893805309735
40,95,105,1.04779411764706
40,96,86,90.8444444444444
40,97,254,297.684210526316
40,98,-183,7.76666666666667
40,99,-93,-171.64
40,100,-162,-138.952380952381
40,101,-71,-63.7428571428571
40,102,-36,-63.7428571428571
40,103,-54,-27.0927835051546
40,104,-44,-27.0927835051546
40,105,-43,-27.0927835051546
40,106,-37,-27.0927835051546
40,107,-22,-63.7428571428571
40,108,-25,-16.1671554252199
40,109,4,-16.1671554252199
40,110,20,-16.1671554252199
40,111,34,70.2695652173913
40,112,111,70.2695652173913
40,113,157,210.246031746032
40,114,76,-34.8181818181818
40,115,111,28.1666666666667
40,116,37,7.76666666666667
40,117,100,-11.3893805309735
40,118,-44,-94.3
40,119,-25,-63.7428571428571
40,120,1,-16.1671554252199
40,121,-15,-16.1671554252199
40,122,-30,89.7
40,123,-107,-16.1671554252199
40,124,-152,-63.7428571428571
40,125,-57,-63.7428571428571
40,126,44,-63.7428571428571
40,127,-98,70.2695652173913
40,128,-78,-27.0927835051546
40,129,-4,-27.0927835051546
40,130,-12,-16.1671554252199
40,131,-54,1.04779411764706
40,132,-19,-27.0927835051546
40,133,3,-16.1671554252199
40,134,9,-16.1671554252199
40,135,39,1.04779411764706
40,136,96,70.2695652173913
40,137,66,180.199233716475
40,138,128,90.8444444444444
40,139,78,90.8444444444444
40,140,103,28.1666666666667
40,141,71,-94.3
40,142,-50,7.76666666666667
40,143,-53,-63.7428571428571
40,144,65,-63.7428571428571
40,145,-86,-20.2888888888889
40,146,-89,-63.7428571428571
40,147,-50,-63.7428571428571
40,148,-109,-63.7428571428571
40,149,-61,-63.7428571428571
40,150,-38,-27.0927835051546
40,151,-57,-27.0927835051546
40,152,-39,-63.7428571428571
40,153,-24,-27.0927835051546
40,154,-9,-16.1671554252199
40,155,0,-16.1671554252199
40,156,4,1.04779411764706
40,157,20,1.04779411764706
40,158,39,70.2695652173913
40,159,10,70.2695652173913
40,160,81,70.2695652173913
40,161,-46,-34.8181818181818
40,162,-51,-63.7428571428571
40,163,20,-63.7428571428571
40,164,106,-11.3893805309735
40,165,-9,-20.2888888888889
40,166,-5,1.04779411764706
40,167,25,1.04779411764706
40,168,-85,75.3529411764706
40,169,118,-63.7428571428571
40,170,71,-20.2888888888889
40,171,4,149.758620689655
40,172,-115,1.04779411764706
40,173,-37,-27.0927835051546
40,174,-23,-63.7428571428571
40,175,-54,-16.1671554252199
40,176,-43,-63.7428571428571
40,177,-13,-27.0927835051546
40,178,-15,-16.1671554252199
40,179,2,-16.1671554252199
40,180,-1,-16.1671554252199
40,181,3,1.04779411764706
40,182,16,1.04779411764706
40,183,68,70.2695652173913
40,184,317,166.64406779661
40,185,-54,180.199233716475
40,186,-184,-171.64
40,187,53,-138.952380952381
40,188,40,-20.2888888888889
40,189,-25,46.12
40,190,-55,1.04779411764706
40,191,72,-27.0927835051546
40,192,118,90.8444444444444
40,193,304,210.246031746032
40,194,55,-102.51724137931
40,195,-221,-229.64375
40,196,-249,-138.952380952381
40,197,-154,-5.82758620689655
40,198,-26,-5.82758620689655
40,199,-12,-16.1671554252199
40,200,-32,-16.1671554252199
40,201,-18,-16.1671554252199
40,202,-2,4.4
40,203,-13,4.4
40,204,-2,1.04779411764706
40,205,34,-16.1671554252199
40,206,120,70.2695652173913
40,207,282,180.199233716475
40,208,210,-82.9444444444444
40,209,-303,-229.64375
40,210,-155,-141.052631578947
40,211,75,-5.82758620689655
40,212,63,-20.2888888888889
40,213,20,-20.2888888888889
40,214,-87,-11.3893805309735
40,215,11,-27.0927835051546
40,216,172,121.372093023256
40,217,427,297.684210526316
40,218,-27,-141.052631578947
40,219,-256,-171.64
40,220,-131,-138.952380952381
40,221,-66,-5.82758620689655
40,222,-107,-63.7428571428571
40,223,-153,-63.7428571428571
40,224,-54,-27.0927835051546
40,225,-51,-27.0927835051546
40,226,-12,-27.0927835051546
40,227,-13,-16.1671554252199
40,228,13,-16.1671554252199
40,229,19,70.2695652173913
40,230,124,70.2695652173913
40,231,315,210.246031746032
40,232,160,-82.9444444444444
40,233,-288,-141.052631578947
40,234,-141,-141.052631578947
40,235,74,-5.82758620689655
40,236,69,-20.2888888888889
40,237,-21,-20.2888888888889
40,238,-57,1.04779411764706
40,239,46,-27.0927835051546
40,240,114,121.372093023256
40,241,422,297.684210526316
40,242,16,-102.51724137931
40,243,-331,-171.64
40,244,-91,-138.952380952381
40,245,-147,-5.82758620689655
40,246,-48,-63.7428571428571
40,247,-85,-63.7428571428571
40,248,-96,-27.0927835051546
40,249,-21,-27.0927835051546
40,250,-28,4.4
40,251,-7,-16.1671554252199
40,252,-3,-16.1671554252199
40,253,23,1.04779411764706
40,254,148,70.2695652173913
40,255,333,210.246031746032
40,256,230,-82.9444444444444
40,257,-384,-229.64375
40,258,-106,-141.052631578947
40,259,79,-5.82758620689655
40,260,26,-20.2888888888889
40,261,35,-11.3893805309735
40,262,-45,-11.3893805309735
40,263,41,-27.0927835051546
40,264,177,121.372093023256
40,265,244,297.684210526316
40,266,-143,-141.052631578947
40,267,-186,-171.64
40,268,-146,-63.7428571428571
40,269,-79,-63.7428571428571
40,270,-7,-63.7428571428571
40,271,-77,-16.1671554252199
40,272,-26,-27.0927835051546
40,273,-44,-16.1671554252199
40,274,-35,-27.0927835051546
40,275,-36,-16.1671554252199
40,276,-19,-27.0927835051546
40,277,-2,-16.1671554252199
40,278,38,-16.1671554252199
40,279,45,70.2695652173913
40,280,100,70.2695652173913
40,281,97,180.199233716475
40,282,160,-34.8181818181818
40,283,134,90.8444444444444
40,284,56,-141.052631578947
40,285,62,28.1666666666667
40,286,26,-94.3
40,287,-58,-11.3893805309735
40,288,-30,-63.7428571428571
40,289,-16,-16.1671554252199
40,290,19,-16.1671554252199
40,291,-213,-11.3893805309735
40,292,-117,-63.7428571428571
40,293,-56,-5.82758620689655
40,294,79,-63.7428571428571
40,295,-99,180.199233716475
40,296,-69,-27.0927835051546
40,297,-40,-27.0927835051546
40,298,-32,-63.7428571428571
40,299,-32,-16.1671554252199
40,300,-50,-16.1671554252199
40,301,-8,-27.0927835051546
40,302,17,-16.1671554252199
40,303,65,70.2695652173913
40,304,81,166.64406779661
40,305,142,180.199233716475
40,306,119,-34.8181818181818
40,307,149,28.1666666666667
40,308,56,90.8444444444444
40,309,-30,28.1666666666667
40,310,-64,1.04779411764706
40,311,-41,-63.7428571428571
40,312,75,-63.7428571428571
40,313,-28,-20.2888888888889
40,314,-75,1.04779411764706
40,315,-72,-27.0927835051546
40,316,-128,-63.7428571428571
40,317,-41,-63.7428571428571
40,318,-88,-63.7428571428571
40,319,-59,-27.0927835051546
40,320,-46,-27.0927835051546
40,321,-25,-27.0927835051546
40,322,-4,-16.1671554252199
40,323,-9,-16.1671554252199
40,324,5,1.04779411764706
40,325,8,1.04779411764706
40,326,64,1.04779411764706
40,327,74,166.64406779661
40,328,117,180.199233716475
40,329,-84,7.76666666666667
40,330,-87,-63.7428571428571
40,331,7,-63.7428571428571
40,332,64,-16.1671554252199
40,333,14,-20.2888888888889
40,334,-4,-11.3893805309735
40,335,45,1.04779411764706
40,336,90,75.3529411764706
40,337,193,90.8444444444444
40,338,22,7.76666666666667
40,339,-82,-171.64
40,340,-112,-63.7428571428571
40,341,-95,-63.7428571428571
40,342,-99,-63.7428571428571
40,343,-45,-63.7428571428571
40,344,-61,-27.0927835051546
40,345,-9,-27.0927835051546
40,346,-16,-16.1671554252199
40,347,-6,1.04779411764706
40,348,2,-16.1671554252199
40,349,10,1.04779411764706
40,350,120,70.2695652173913
40,351,187,210.246031746032
40,352,266,-82.9444444444444
40,353,-257,-290.529411764706
40,354,-133,-141.052631578947
40,355,-11,-138.952380952381
40,356,65,-16.1671554252199
40,357,-11,-20.2888888888889
40,358,-21,1.04779411764706
40,359,23,1.04779411764706
40,360,141,121.372093023256
40,361,399,248.196850393701
40,362,0,-82.9444444444444
40,363,-421,-171.64
40,364,9,-138.952380952381
40,365,-112,-16.1671554252199
40,366,-87,-63.7428571428571
40,367,-69,-63.7428571428571
40,368,-58,-27.0927835051546
40,369,-15,-63.7428571428571
40,370,-20,4.4
40,371,-7,-16.1671554252199
40,372,-2,-16.1671554252199
40,373,32,1.04779411764706
40,374,125,70.2695652173913
40,375,308,210.246031746032
40,376,251,-82.9444444444444
40,377,-422,-290.529411764706
40,378,-106,-141.052631578947
40,379,6,-5.82758620689655
40,380,51,-16.1671554252199
40,381,22,-20.2888888888889
40,382,-22,-11.3893805309735
40,383,9,1.04779411764706
40,384,21,121.372093023256
40,385,7,179.166666666667
40,386,42,1.04779411764706
40,387,49,-11.3893805309735
40,388,-81,149.758620689655
40,389,-50,-63.7428571428571
40,390,-86,-63.7428571428571
40,391,-53,-63.7428571428571
40,392,-50,-63.7428571428571
40,393,-26,-27.0927835051546
40,394,-14,-16.1671554252199
40,395,-12,-16.1671554252199
40,396,1,-16.1671554252199
40,397,25,-16.1671554252199
40,398,126,70.2695652173913
40,399,259,210.246031746032
40,400,277,-82.9444444444444
40,401,-391,-290.529411764706
40,402,-116,-141.052631578947
40,403,36,-138.952380952381
40,404,68,46.12
40,405,13,-20.2888888888889
40,406,-50,-11.3893805309735
40,407,39,-27.0927835051546
40,408,99,121.372093023256
40,409,408,297.684210526316
40,410,-46,7.76666666666667
40,411,-260,-171.64
40,412,-94,-138.952380952381
40,413,-113,-5.82758620689655
40,414,-42,-63.7428571428571
40,415,-76,-63.7428571428571
40,416,-94,-27.0927835051546
40,417,-31,-27.0927835051546
40,418,-19,4.4
40,419,-9,-16.1671554252199
40,420,-5,-16.1671554252199
40,421,21,1.04779411764706
40,422,83,70.2695652173913
40,423,246,210.246031746032
40,424,224,180.199233716475
40,425,-243,-229.64375
40,426,-108,-141.052631578947
40,427,51,-5.82758620689655
40,428,38,-20.2888888888889
40,429,12,-11.3893805309735
40,430,34,-11.3893805309735
40,431,99,-11.3893805309735
40,432,118,90.8444444444444
40,433,69,248.196850393701
40,434,-131,7.76666666666667
40,435,-118,-63.7428571428571
40,436,-54,-63.7428571428571
40,437,-95,-63.7428571428571
40,438,-43,-63.7428571428571
40,439,-46,-27.0927835051546
40,440,-50,-27.0927835051546
40,441,-34,-63.7428571428571
40,442,-18,-16.1671554252199
40,443,-33,-16.1671554252199
40,444,-29,-16.1671554252199
40,445,8,-16.1671554252199
40,446,21,-16.1671554252199
40,447,23,70.2695652173913
40,448,87,70.2695652173913
40,449,148,-34.8181818181818
40,450,148,90.8444444444444
40,451,83,28.1666666666667
40,452,9,28.1666666666667
40,453,10,1.04779411764706
40,454,25,-11.3893805309735
40,455,-51,-11.3893805309735
40,456,-9,-63.7428571428571
40,457,-42,-16.1671554252199
40,458,-47,-63.7428571428571
40,459,-42,-63.7428571428571
40,460,-118,-63.7428571428571
40,461,-4,-63.7428571428571
40,462,-47,-16.1671554252199
40,463,-54,-63.7428571428571
40,464,-13,-63.7428571428571
40,465,-59,-16.1671554252199
40,466,-17,-63.7428571428571
40,467,-25,-16.1671554252199
40,468,-25,-16.1671554252199
40,469,-4,-16.1671554252199
40,470,15,-16.1671554252199
40,471,30,70.2695652173913
40,472,99,70.2695652173913
40,473,119,180.199233716475
40,474,154,-34.8181818181818
40,475,95,90.8444444444444
40,476,51,28.1666666666667
40,477,-72,-94.3
40,478,49,-63.7428571428571
40,479,-12,-94.3
40,480,-34,1.04779411764706
40,481,21,-16.1671554252199
40,482,-4,-11.3893805309735
40,483,-76,89.7
40,484,-50,-63.7428571428571
40,485,-249,-63.7428571428571
40,486,-84,-63.7428571428571
40,487,37,-5.82758620689655
40,488,-31,70.2695652173913
40,489,-6,1.04779411764706
40,490,-11,-16.1671554252199
40,491,-30,1.04779411764706
40,492,-12,4.4
40,493,3,-16.1671554252199
40,494,11,-16.1671554252199
40,495,47,-11.3893805309735
40,496,88,166.64406779661
40,497,108,180.199233716475
40,498,101,90.8444444444444
40,499,112,90.8444444444444
40,500,49,7.76666666666667
40,501,31,-94.3
40,502,-91,-11.3893805309735
40,503,-5,-63.7428571428571
40,504,41,-16.1671554252199
40,505,-96,-11.3893805309735
40,506,-22,-63.7428571428571
40,507,12,-16.1671554252199
40,508,-78,-11.3893805309735
40,509,-70,-63.7428571428571
40,510,-90,-27.0927835051546
40,511,-75,-63.7428571428571
40,512,-37,-63.7428571428571
40,513,-31,-27.0927835051546
40,514,-6,-16.1671554252199
40,515,-5,-16.1671554252199
40,516,2,1.04779411764706
40,517,28,1.04779411764706
40,518,121,70.2695652173913
40,519,296,210.246031746032
40,520,184,-82.9444444444444
40,521,-377,-229.64375
40,522,-74,-141.052631578947
40,523,14,-5.82758620689655
40,524,40,46.12
40,525,2,-11.3893805309735
40,526,-1,1.04779411764706
40,527,18,1.04779411764706
40,528,137,121.372093023256
40,529,388,297.684210526316
40,530,-71,-82.9444444444444
40,531,-184,-171.64
40,532,-322,-138.952380952381
40,533,-133,-63.7428571428571
40,534,-16,-5.82758620689655
40,535,-5,-16.1671554252199
40,536,-14,-16.1671554252199
40,537,-32,1.04779411764706
40,538,1,-16.1671554252199
40,539,0,4.4
40,540,1,1.04779411764706
40,541,35,1.04779411764706
40,542,103,70.2695652173913
40,543,339,180.199233716475
40,544,188,180.199233716475
40,545,-366,-229.64375
40,546,-128,-141.052631578947
40,547,31,-5.82758620689655
40,548,45,46.12
40,549,36,-11.3893805309735
40,550,-37,-11.3893805309735
40,551,23,-27.0927835051546
40,552,123,121.372093023256
40,553,441,297.684210526316
40,554,-43,28.1666666666667
40,555,-240,-171.64
40,556,-125,-138.952380952381
40,557,-127,-5.82758620689655
40,558,-87,-63.7428571428571
40,559,-57,-63.7428571428571
40,560,-99,-27.0927835051546
40,561,-35,-27.0927835051546
40,562,-12,4.4
40,563,-6,-16.1671554252199
40,564,0,-16.1671554252199
40,565,25,1.04779411764706
40,566,145,70.2695652173913
40,567,329,210.246031746032
40,568,186,-82.9444444444444
40,569,-382,-229.64375
40,570,-91,-141.052631578947
40,571,-2,-5.82758620689655
40,572,74,-16.1671554252199
40,573,1,-20.2888888888889
40,574,-39,1.04779411764706
40,575,36,-27.0927835051546
40,576,197,121.372093023256
40,577,340,297.684210526316
40,578,-42,-82.9444444444444
40,579,-194,-171.64
40,580,-112,-138.952380952381
40,581,-120,-63.7428571428571
40,582,-95,-63.7428571428571
40,583,-124,-63.7428571428571
40,584,-54,-27.0927835051546
40,585,-52,-27.0927835051546
40,586,-18,-27.0927835051546
40,587,-12,-16.1671554252199
40,588,2,-16.1671554252199
40,589,39,-16.1671554252199
40,590,96,70.2695652173913
40,591,261,210.246031746032
40,592,292,210.246031746032
40,593,-396,-290.529411764706
40,594,-94,-141.052631578947
40,595,31,-138.952380952381
40,596,75,46.12
40,597,6,-20.2888888888889
40,598,-62,1.04779411764706
40,599,4,-27.0927835051546
40,600,-36,121.372093023256
40,601,5,-63.7428571428571
40,602,-117,-16.1671554252199
40,603,-65,-63.7428571428571
40,604,-6,-63.7428571428571
40,605,46,-16.1671554252199
40,606,-62,70.2695652173913
40,607,50,-27.0927835051546
40,608,13,-102.51724137931
40,609,-10,75.3529411764706
40,610,-35,1.04779411764706
40,611,-15,1.04779411764706
40,612,-13,-16.1671554252199
40,613,-1,-16.1671554252199
40,614,24,-16.1671554252199
40,615,50,-11.3893805309735
40,616,124,106.6
40,617,122,180.199233716475
40,618,161,-229.64375
40,619,43,28.1666666666667
40,620,132,-141.052631578947
40,621,11,-94.3
40,622,-32,-90.625
40,623,55,1.04779411764706
40,624,-58,-20.2888888888889
40,625,-58,-63.7428571428571
40,626,-74,-63.7428571428571
40,627,42,-63.7428571428571
40,628,-155,-11.3893805309735
40,629,-83,-63.7428571428571
40,630,-88,-63.7428571428571
40,631,10,-27.0927835051546
40,632,-69,70.2695652173913
40,633,-48,-27.0927835051546
40,634,-32,-27.0927835051546
40,635,-39,-16.1671554252199
40,636,-37,-63.7428571428571
40,637,-1,-27.0927835051546
40,638,10,-16.1671554252199
40,639,13,75.3529411764706
40,640,105,70.2695652173913
40,641,160,180.199233716475
40,642,104,-34.8181818181818
40,643,107,-141.052631578947
40,644,173,7.76666666666667
40,645,2,-94.3
40,646,-8,-141.052631578947
40,647,-34,1.04779411764706
40,648,18,1.04779411764706
40,649,-84,-11.3893805309735
40,650,-82,-63.7428571428571
40,651,-43,-63.7428571428571
40,652,-139,-63.7428571428571
40,653,-68,-63.7428571428571
40,654,-20,-27.0927835051546
40,655,-118,-16.1671554252199
40,656,-59,-63.7428571428571
40,657,-35,-27.0927835051546
40,658,-3,-16.1671554252199
40,659,-6,-16.1671554252199
40,660,3,1.04779411764706
40,661,27,1.04779411764706
40,662,104,70.2695652173913
40,663,378,210.246031746032
40,664,148,180.199233716475
40,665,-383,-229.64375
40,666,-95,-90.625
40,667,52,-5.82758620689655
40,668,43,-20.2888888888889
40,669,-8,-11.3893805309735
40,670,-4,1.04779411764706
40,671,22,1.04779411764706
40,672,156,121.372093023256
40,673,386,297.684210526316
40,674,-12,-82.9444444444444
40,675,-177,-171.64
40,676,-184,-138.952380952381
40,677,-196,-63.7428571428571
40,678,-97,-63.7428571428571
40,679,-82,-63.7428571428571
40,680,-52,-27.0927835051546
40,681,-14,-27.0927835051546
40,682,-12,-16.1671554252199
40,683,-3,-16.1671554252199
40,684,0,4.4
40,685,31,1.04779411764706
40,686,148,70.2695652173913
40,687,385,210.246031746032
40,688,141,-82.9444444444444
40,689,-375,-229.64375
40,690,-159,-90.625
40,691,51,-5.82758620689655
40,692,20,-20.2888888888889
40,693,20,-11.3893805309735
40,694,9,-11.3893805309735
40,695,-4,1.04779411764706
40,696,201,121.372093023256
40,697,377,297.684210526316
40,698,-60,-141.052631578947
40,699,-277,-141.052631578947
40,700,-98,-138.952380952381
40,701,-132,-5.82758620689655
40,702,-90,-63.7428571428571
40,703,-80,-63.7428571428571
40,704,-64,-27.0927835051546
40,705,-22,-27.0927835051546
40,706,-16,4.4
40,707,-3,-16.1671554252199
40,708,2,-16.1671554252199
40,709,28,1.04779411764706
40,710,134,70.2695652173913
40,711,375,210.246031746032
40,712,121,-82.9444444444444
40,713,-365,-229.64375
40,714,-100,-90.625
40,715,23,-5.82758620689655
40,716,89,46.12
40,717,-12,-20.2888888888889
40,718,-1,1.04779411764706
40,719,-2,-16.1671554252199
40,720,152,121.372093023256
40,721,272,297.684210526316
40,722,58,-82.9444444444444
40,723,-244,-229.64375
40,724,-130,-138.952380952381
40,725,-110,-5.82758620689655
40,726,-50,-63.7428571428571
40,727,-125,-63.7428571428571
40,728,-64,-27.0927835051546
40,729,-37,-27.0927835051546
40,730,-10,-27.0927835051546
40,731,-7,-16.1671554252199
40,732,1,1.04779411764706
40,733,28,1.04779411764706
40,734,136,70.2695652173913
40,735,356,210.246031746032
40,736,155,-82.9444444444444
40,737,-344,-229.64375
40,738,-127,-90.625
40,739,27,-5.82758620689655
40,740,99,46.12
40,741,-21,-20.2888888888889
40,742,-50,1.04779411764706
40,743,68,-27.0927835051546
40,744,133,90.8444444444444
40,745,403,297.684210526316
40,746,-56,-290.529411764706
40,747,-211,-171.64
40,748,-124,-138.952380952381
40,749,-165,-5.82758620689655
40,750,-85,-63.7428571428571
40,751,-51,-63.7428571428571
40,752,-100,-27.0927835051546
40,753,-48,-27.0927835051546
40,754,-10,-27.0927835051546
40,755,-11,-16.1671554252199
40,756,2,1.04779411764706
40,757,19,1.04779411764706
40,758,110,70.2695652173913
40,759,289,210.246031746032
40,760,272,210.246031746032
40,761,-318,-290.529411764706
40,762,-133,-141.052631578947
40,763,15,-138.952380952381
40,764,105,46.12
40,765,47,-20.2888888888889
40,766,-43,-20.2888888888889
40,767,24,-27.0927835051546
40,768,126,121.372093023256
40,769,270,297.684210526316
40,770,-70,28.1666666666667
40,771,-168,-171.64
40,772,-147,-138.952380952381
40,773,-69,-63.7428571428571
40,774,-48,-63.7428571428571
40,775,-76,-27.0927835051546
40,776,-9,-27.0927835051546
40,777,-83,-16.1671554252199
40,778,-34,-27.0927835051546
40,779,-49,-16.1671554252199
40,780,-32,-27.0927835051546
40,781,11,-16.1671554252199
40,782,61,70.2695652173913
40,783,7,166.64406779661
40,784,157,1.04779411764706
40,785,96,90.8444444444444
40,786,126,28.1666666666667
40,787,103,180.199233716475
40,788,-38,28.1666666666667
40,789,54,-63.7428571428571
40,790,8,-94.3
40,791,-38,1.04779411764706
40,792,-21,-63.7428571428571
40,793,-39,-16.1671554252199
40,794,-44,-63.7428571428571
40,795,-91,-63.7428571428571
40,796,3,-63.7428571428571
40,797,-47,-16.1671554252199
40,798,-102,-63.7428571428571
40,799,16,-63.7428571428571
40,800,-72,70.2695652173913
40,801,-42,-63.7428571428571
40,802,-43,-63.7428571428571
40,803,-44,-27.0927835051546
40,804,-19,-63.7428571428571
40,805,3,-16.1671554252199
40,806,17,-16.1671554252199
40,807,32,75.3529411764706
40,808,119,70.2695652173913
40,809,85,210.246031746032
40,810,147,-34.8181818181818
40,811,86,-34.8181818181818
40,812,3,28.1666666666667
40,813,-10,1.04779411764706
40,814,8,1.04779411764706
40,815,-25,1.04779411764706
40,816,33,1.04779411764706
40,817,13,-11.3893805309735
40,818,-31,-11.3893805309735
40,819,-115,1.04779411764706
40,820,-12,-63.7428571428571
40,821,-110,-16.1671554252199
40,822,-94,-63.7428571428571
40,823,-49,-63.7428571428571
40,824,-69,-27.0927835051546
40,825,-17,-63.7428571428571
40,826,-7,-16.1671554252199
40,827,-11,-16.1671554252199
40,828,1,1.04779411764706
40,829,30,1.04779411764706
40,830,107,70.2695652173913
40,831,359,210.246031746032
40,832,148,180.199233716475
40,833,-335,-229.64375
40,834,-169,-90.625
40,835,55,-5.82758620689655
40,836,59,-20.2888888888889
40,837,-13,-20.2888888888889
40,838,11,1.04779411764706
40,839,0,-11.3893805309735
40,840,168,121.372093023256
40,841,373,297.684210526316
40,842,31,-82.9444444444444
40,843,-235,-141.052631578947
40,844,-202,-138.952380952381
40,845,-144,-5.82758620689655
40,846,-86,-5.82758620689655
40,847,-84,-63.7428571428571
40,848,-52,-27.0927835051546
40,849,-12,-27.0927835051546
40,850,-10,4.4
40,851,6,4.4
40,852,-8,1.04779411764706
40,853,25,1.04779411764706
40,854,107,70.2695652173913
40,855,167,210.246031746032
40,856,310,180.199233716475
40,857,-328,-290.529411764706
40,858,-160,-141.052631578947
40,859,-60,-138.952380952381
40,860,30,-63.7428571428571
40,861,-36,46.12
40,862,1,-27.0927835051546
40,863,56,-16.1671554252199
40,864,123,90.8444444444444
40,865,442,297.684210526316
40,866,-28,-290.529411764706
40,867,-162,-171.64
40,868,-105,-138.952380952381
40,869,-112,-63.7428571428571
40,870,-67,-63.7428571428571
40,871,-118,-63.7428571428571
40,872,-55,-27.0927835051546
40,873,-6,-27.0927835051546
40,874,-24,-16.1671554252199
40,875,4,1.04779411764706
40,876,2,-16.1671554252199
40,877,30,1.04779411764706
40,878,154,70.2695652173913
40,879,311,210.246031746032
40,880,208,-82.9444444444444
40,881,-361,-229.64375
40,882,-154,-141.052631578947
40,883,48,-5.82758620689655
40,884,88,-20.2888888888889
40,885,-79,-20.2888888888889
40,886,65,-27.0927835051546
40,887,-39,-102.51724137931
40,888,111,-63.7428571428571
40,889,465,297.684210526316
40,890,-113,-20.2888888888889
40,891,-73,-141.052631578947
40,892,-223,-138.952380952381
40,893,-52,-63.7428571428571
40,894,-158,-5.82758620689655
40,895,-85,-27.0927835051546
40,896,-105,-27.0927835051546
40,897,-27,-27.0927835051546
40,898,-12,-16.1671554252199
40,899,-4,4.4
40,900,1,-16.1671554252199
40,901,34,1.04779411764706
40,902,141,70.2695652173913
40,903,325,210.246031746032
40,904,213,-82.9444444444444
40,905,-362,-229.64375
40,906,-178,-141.052631578947
40,907,49,-5.82758620689655
40,908,37,-20.2888888888889
40,909,19,46.12
40,910,14,-11.3893805309735
40,911,26,-11.3893805309735
40,912,114,121.372093023256
40,913,429,297.684210526316
40,914,-44,7.76666666666667
40,915,-244,-141.052631578947
40,916,-144,-138.952380952381
40,917,-98,-5.82758620689655
40,918,-95,-63.7428571428571
40,919,-70,-63.7428571428571
40,920,-78,-27.0927835051546
40,921,-43,-27.0927835051546
40,922,-36,-27.0927835051546
40,923,-10,-27.0927835051546
40,924,9,-16.1671554252199
40,925,19,1.04779411764706
40,926,118,70.2695652173913
40,927,279,210.246031746032
40,928,223,-34.8181818181818
40,929,-287,-141.052631578947
40,930,-150,-141.052631578947
40,931,70,-5.82758620689655
40,932,117,-20.2888888888889
40,933,-10,-20.2888888888889
40,934,-17,1.04779411764706
40,935,1,1.04779411764706
40,936,181,121.372093023256
40,937,265,297.684210526316
40,938,-130,-82.9444444444444
40,939,-226,-171.64
40,940,-82,-138.952380952381
40,941,-52,-5.82758620689655
40,942,-12,-63.7428571428571
40,943,-99,-16.1671554252199
40,944,-85,-27.0927835051546
40,945,-42,-27.0927835051546
40,946,-28,-63.7428571428571
40,947,-40,-16.1671554252199
40,948,-19,-27.0927835051546
40,949,15,-16.1671554252199
40,950,24,70.2695652173913
40,951,31,70.2695652173913
40,952,126,70.2695652173913
40,953,163,-34.8181818181818
40,954,68,28.1666666666667
40,955,131,-141.052631578947
40,956,37,7.76666666666667
40,957,14,28.1666666666667
40,958,-44,-11.3893805309735
40,959,10,-63.7428571428571
40,960,-41,-11.3893805309735
40,961,51,-63.7428571428571
40,962,-22,-20.2888888888889
40,963,-110,1.04779411764706
40,964,-109,-63.7428571428571
40,965,-62,-63.7428571428571
40,966,-10,-63.7428571428571
40,967,-97,-16.1671554252199
40,968,-35,-27.0927835051546
40,969,-60,-16.1671554252199
40,970,-14,-63.7428571428571
40,971,-46,-16.1671554252199
40,972,-10,-27.0927835051546
40,973,-1,-16.1671554252199
40,974,6,1.04779411764706
40,975,25,1.04779411764706
40,976,71,70.2695652173913
40,977,155,180.199233716475
40,978,162,210.246031746032
40,979,110,28.1666666666667
40,980,69,-141.052631578947
40,981,-1,-94.3
40,982,-32,1.04779411764706
40,983,-119,1.04779411764706
40,984,117,-63.7428571428571
40,985,13,-20.2888888888889
40,986,-80,-11.3893805309735
40,987,-123,-63.7428571428571
40,988,-88,-27.0927835051546
40,989,-56,-63.7428571428571
40,990,-93,-63.7428571428571
40,991,-45,-27.0927835051546
40,992,-68,-27.0927835051546
40,993,-26,-27.0927835051546
40,994,-5,-16.1671554252199
40,995,-5,-16.1671554252199
40,996,5,1.04779411764706
40,997,14,1.04779411764706
40,998,14,70.2695652173913
40,999,108,70.2695652173913
40,1000,329,180.199233716475
40,1001,-224,149.758620689655
40,1002,-159,-141.052631578947
40,1003,30,-138.952380952381
40,1004,47,46.12
40,1005,57,-20.2888888888889
40,1006,-6,-102.51724137931
40,1007,18,1.04779411764706
40,1008,95,121.372093023256
40,1009,391,248.196850393701
40,1010,-81,-20.2888888888889
40,1011,-179,-171.64
40,1012,-101,-138.952380952381
40,1013,-89,-63.7428571428571
40,1014,-109,-63.7428571428571
40,1015,-90,-27.0927835051546
40,1016,-39,-27.0927835051546
40,1017,-21,-27.0927835051546
40,1018,1,-16.1671554252199
40,1019,-7,-16.1671554252199
40,1020,2,1.04779411764706
40,1021,27,1.04779411764706
40,1022,124,70.2695652173913
40,1023,319,210.246031746032
40,1024,193,-82.9444444444444
40,1025,-345,-229.64375
40,1026,-148,-141.052631578947
40,1027,50,-5.82758620689655
40,1028,62,-20.2888888888889
40,1029,-20,-20.2888888888889
40,1030,-45,1.04779411764706
40,1031,32,-27.0927835051546
40,1032,75,121.372093023256
40,1033,477,297.684210526316
40,1034,-16,-102.51724137931
40,1035,-281,-171.64
40,1036,-56,-138.952380952381
40,1037,-182,-5.82758620689655
40,1038,15,-63.7428571428571
40,1039,-166,-11.3893805309735
40,1040,-72,-27.0927835051546
40,1041,-26,-63.7428571428571
40,1042,-21,121.372093023256
40,1043,2,-16.1671554252199
40,1044,-1,-16.1671554252199
40,1045,32,1.04779411764706
40,1046,126,75.3529411764706
40,1047,299,210.246031746032
40,1048,179,-82.9444444444444
40,1049,-327,-229.64375
40,1050,-149,-141.052631578947
40,1051,21,-5.82758620689655
40,1052,-8,46.12
40,1053,31,1.04779411764706
40,1054,-21,-11.3893805309735
40,1055,-11,1.04779411764706
40,1056,156,4.4
40,1057,356,297.684210526316
40,1058,-19,28.1666666666667
40,1059,-133,-171.64
40,1060,-132,-138.952380952381
40,1061,-63,-63.7428571428571
40,1062,-87,-63.7428571428571
40,1063,-134,-63.7428571428571
40,1064,-54,-27.0927835051546
40,1065,-51,-27.0927835051546
40,1066,0,-63.7428571428571
40,1067,-7,-16.1671554252199
40,1068,1,1.04779411764706
40,1069,28,1.04779411764706
40,1070,110,70.2695652173913
40,1071,313,210.246031746032
40,1072,127,210.246031746032
40,1073,-334,-229.64375
40,1074,-106,-90.625
40,1075,11,-5.82758620689655
40,1076,54,46.12
40,1077,-43,-20.2888888888889
40,1078,4,-27.0927835051546
40,1079,18,-16.1671554252199
40,1080,126,121.372093023256
40,1081,295,297.684210526316
40,1082,25,-82.9444444444444
40,1083,-141,-171.64
40,1084,-63,-138.952380952381
40,1085,-125,-63.7428571428571
40,1086,-68,-63.7428571428571
40,1087,-97,-63.7428571428571
40,1088,-53,-27.0927835051546
40,1089,-62,-63.7428571428571
40,1090,-19,-27.0927835051546
40,1091,-5,-16.1671554252199
40,1092,3,-16.1671554252199
40,1093,28,1.04779411764706
40,1094,84,70.2695652173913
40,1095,237,210.246031746032
40,1096,254,210.246031746032
40,1097,-280,-290.529411764706
40,1098,-148,-141.052631578947
40,1099,51,-138.952380952381
40,1100,18,-20.2888888888889
40,1101,46,-11.3893805309735
40,1102,-37,-11.3893805309735
40,1103,21,-27.0927835051546
40,1104,96,121.372093023256
40,1105,266,248.196850393701
40,1106,-141,-20.2888888888889
40,1107,-143,-171.64
40,1108,-160,-138.952380952381
40,1109,15,-63.7428571428571
40,1110,-20,70.2695652173913
40,1111,-23,1.04779411764706
40,1112,-58,-16.1671554252199
40,1113,7,-27.0927835051546
40,1114,-30,-16.1671554252199
40,1115,-51,1.04779411764706
40,1116,-23,-63.7428571428571
40,1117,-7,-16.1671554252199
40,1118,35,-16.1671554252199
40,1119,31,70.2695652173913
40,1120,89,70.2695652173913
40,1121,165,180.199233716475
40,1122,162,90.8444444444444
40,1123,22,-141.052631578947
40,1124,86,-141.052631578947
40,1125,-38,-94.3
40,1126,45,-63.7428571428571
40,1127,-126,-11.3893805309735
40,1128,30,-63.7428571428571
40,1129,17,-11.3893805309735
40,1130,-49,-11.3893805309735
40,1131,-56,-63.7428571428571
40,1132,-39,-27.0927835051546
40,1133,-64,-63.7428571428571
40,1134,-43,-63.7428571428571
40,1135,-54,-63.7428571428571
40,1136,-62,-63.7428571428571
40,1137,-36,-63.7428571428571
40,1138,-13,-27.0927835051546
40,1139,-54,-16.1671554252199
40,1140,-47,-63.7428571428571
40,1141,-5,-63.7428571428571
40,1142,17,-16.1671554252199
40,1143,46,70.2695652173913
40,1144,70,70.2695652173913
40,1145,91,180.199233716475
40,1146,220,90.8444444444444
40,1147,54,90.8444444444444
40,1148,50,-141.052631578947
40,1149,29,-94.3
40,1150,-34,-11.3893805309735
40,1151,-64,1.04779411764706
40,1152,-26,-63.7428571428571
40,1153,71,-16.1671554252199
40,1154,2,-20.2888888888889
40,1155,-111,89.7
40,1156,-91,-27.0927835051546
40,1157,-79,-63.7428571428571
40,1158,-75,-63.7428571428571
40,1159,-91,-63.7428571428571
40,1160,-19,-27.0927835051546
40,1161,-37,-16.1671554252199
40,1162,-17,-27.0927835051546
40,1163,-9,-16.1671554252199
40,1164,-1,-16.1671554252199
40,1165,39,1.04779411764706
40,1166,115,70.2695652173913
40,1167,327,180.199233716475
40,1168,123,210.246031746032
40,1169,-340,-229.64375
40,1170,-84,-90.625
40,1171,-3,-5.82758620689655
40,1172,89,-16.1671554252199
40,1173,-10,-20.2888888888889
40,1174,-9,1.04779411764706
40,1175,-18,1.04779411764706
40,1176,181,121.372093023256
40,1177,419,297.684210526316
40,1178,-42,-82.9444444444444
40,1179,-209,-171.64
40,1180,-107,-138.952380952381
40,1181,-144,-5.82758620689655
40,1182,-144,-63.7428571428571
40,1183,-84,-63.7428571428571
40,1184,-66,-27.0927835051546
40,1185,-7,-27.0927835051546
40,1186,-21,4.4
40,1187,0,1.04779411764706
40,1188,1,-16.1671554252199
40,1189,29,1.04779411764706
40,1190,149,70.2695652173913
40,1191,364,210.246031746032
40,1192,104,-82.9444444444444
40,1193,-328,-229.64375
40,1194,-138,-138.952380952381
40,1195,45,-5.82758620689655
40,1196,73,46.12
40,1197,-2,-20.2888888888889
40,1198,-39,1.04779411764706
40,1199,50,-27.0927835051546
40,1200,99,90.8444444444444
40,1201,484,297.684210526316
40,1202,-76,-102.51724137931
40,1203,-212,-171.64
40,1204,-107,-138.952380952381
40,1205,-177,-5.82758620689655
40,1206,-83,-63.7428571428571
40,1207,-114,-27.0927835051546
40,1208,-77,-27.0927835051546
40,1209,-31,-27.0927835051546
40,1210,-9,4.4
40,1211,-6,-16.1671554252199
40,1212,3,1.04779411764706
40,1213,25,1.04779411764706
40,1214,164,70.2695652173913
40,1215,327,210.246031746032
40,1216,160,-82.9444444444444
40,1217,-405,-229.64375
40,1218,-110,-141.052631578947
40,1219,37,-5.82758620689655
40,1220,113,46.12
40,1221,-1,-20.2888888888889
40,1222,-51,1.04779411764706
40,1223,-21,-27.0927835051546
40,1224,143,121.372093023256
40,1225,451,297.684210526316
40,1226,-39,-82.9444444444444
40,1227,-161,-171.64
40,1228,-198,-138.952380952381
40,1229,-78,-63.7428571428571
40,1230,-70,-63.7428571428571
40,1231,-138,-63.7428571428571
40,1232,-105,-27.0927835051546
40,1233,-29,-27.0927835051546
40,1234,-12,-16.1671554252199
40,1235,-6,4.4
40,1236,4,-16.1671554252199
40,1237,36,1.04779411764706
40,1238,146,70.2695652173913
40,1239,315,210.246031746032
40,1240,109,-82.9444444444444
40,1241,-266,-229.64375
40,1242,-167,-138.952380952381
40,1243,27,-5.82758620689655
40,1244,65,46.12
40,1245,-40,-20.2888888888889
40,1246,18,-27.0927835051546
40,1247,-35,-11.3893805309735
40,1248,168,121.372093023256
40,1249,318,248.196850393701
40,1250,-8,-82.9444444444444
40,1251,-126,-141.052631578947
40,1252,-101,-138.952380952381
40,1253,-72,-63.7428571428571
40,1254,-124,-63.7428571428571
40,1255,-103,-63.7428571428571
40,1256,-57,-27.0927835051546
40,1257,-72,-27.0927835051546
40,1258,-24,-27.0927835051546
40,1259,-10,-16.1671554252199
40,1260,2,-16.1671554252199
40,1261,35,1.04779411764706
40,1262,118,70.2695652173913
40,1263,217,210.246031746032
40,1264,244,210.246031746032
40,1265,-324,-290.529411764706
40,1266,-129,-141.052631578947
40,1267,17,-5.82758620689655
40,1268,38,46.12
40,1269,13,-11.3893805309735
40,1270,-6,-11.3893805309735
40,1271,-3,1.04779411764706
40,1272,121,121.372093023256
40,1273,188,297.684210526316
40,1274,-75,28.1666666666667
40,1275,-101,-109.954545454545
40,1276,-55,-63.7428571428571
40,1277,-72,-63.7428571428571
40,1278,-73,-63.7428571428571
40,1279,-115,-27.0927835051546
40,1280,21,-27.0927835051546
40,1281,-11,75.3529411764706
40,1282,3,89.7
40,1283,-38,1.04779411764706
40,1284,-5,-27.0927835051546
40,1285,-8,-16.1671554252199
40,1286,32,1.04779411764706
40,1287,50,70.2695652173913
40,1288,102,106.6
40,1289,81,-102.51724137931
40,1290,129,90.8444444444444
40,1291,48,7.76666666666667
40,1292,19,28.1666666666667
40,1293,-43,70.2695652173913
40,1294,-19,-63.7428571428571
40,1295,-5,-16.1671554252199
40,1296,-31,-16.1671554252199
40,1297,-11,1.04779411764706
40,1298,-23,-16.1671554252199
40,1299,35,1.04779411764706
40,1300,-82,75.3529411764706
40,1301,-79,-63.7428571428571
40,1302,-41,-63.7428571428571
40,1303,-20,-63.7428571428571
40,1304,-3,-16.1671554252199
40,1305,-56,-16.1671554252199
40,1306,-3,-27.0927835051546
40,1307,-57,-16.1671554252199
40,1308,-29,-63.7428571428571
40,1309,6,-16.1671554252199
40,1310,17,-16.1671554252199
40,1311,23,70.2695652173913
40,1312,92,75.3529411764706
40,1313,77,149.758620689655
40,1314,147,-34.8181818181818
40,1315,11,90.8444444444444
40,1316,56,-90.625
40,1317,-13,-94.3
40,1318,24,1.04779411764706
40,1319,-99,-11.3893805309735
40,1320,-32,-63.7428571428571
40,1321,100,-16.1671554252199
40,1322,-43,-20.2888888888889
40,1323,12,-63.7428571428571
40,1324,-50,-11.3893805309735
40,1325,-74,-63.7428571428571
40,1326,-107,-63.7428571428571
40,1327,-41,-63.7428571428571
40,1328,-67,-63.7428571428571
40,1329,-26,-63.7428571428571
40,1330,-2,-16.1671554252199
40,1331,-10,-16.1671554252199
40,1332,7,1.04779411764706
40,1333,28,1.04779411764706
40,1334,96,70.2695652173913
40,1335,262,210.246031746032
40,1336,170,180.199233716475
40,1337,-273,-141.052631578947
40,1338,-121,-141.052631578947
40,1339,27,-5.82758620689655
40,1340,56,46.12
40,1341,-21,-20.2888888888889
40,1342,-6,1.04779411764706
40,1343,4,-16.1671554252199
40,1344,131,121.372093023256
40,1345,382,248.196850393701
40,1346,-17,-82.9444444444444
40,1347,-149,-171.64
40,1348,-186,-138.952380952381
40,1349,-137,-63.7428571428571
40,1350,-70,-63.7428571428571
40,1351,-86,-63.7428571428571
40,1352,-49,-27.0927835051546
40,1353,-39,-27.0927835051546
40,1354,-4,-27.0927835051546
40,1355,-8,-16.1671554252199
40,1356,4,1.04779411764706
40,1357,29,1.04779411764706
40,1358,119,70.2695652173913
40,1359,329,210.246031746032
40,1360,163,210.246031746032
40,1361,-374,-229.64375
40,1362,-63,-141.052631578947
40,1363,8,-5.82758620689655
40,1364,55,-16.1671554252199
40,1365,11,-20.2888888888889
40,1366,27,-11.3893805309735
40,1367,91,-11.3893805309735
40,1368,126,90.8444444444444
40,1369,195,297.684210526316
40,1370,-95,28.1666666666667
40,1371,-130,-141.052631578947
40,1372,-121,-63.7428571428571
40,1373,-180,-63.7428571428571
40,1374,-19,-63.7428571428571
40,1375,-6,-16.1671554252199
40,1376,-12,-16.1671554252199
40,1377,-36,1.04779411764706
40,1378,-30,-27.0927835051546
40,1379,-61,-16.1671554252199
40,1380,-16,-63.7428571428571
40,1381,3,-16.1671554252199
40,1382,13,-16.1671554252199
40,1383,40,70.2695652173913
40,1384,81,70.2695652173913
40,1385,140,180.199233716475
40,1386,154,90.8444444444444
40,1387,38,28.1666666666667
40,1388,9,28.1666666666667
40,1389,5,1.04779411764706
40,1390,48,1.04779411764706
40,1391,-93,-20.2888888888889
40,1392,-65,-63.7428571428571
40,1393,25,-63.7428571428571
40,1394,16,-11.3893805309735
40,1395,2,-11.3893805309735
40,1396,119,1.04779411764706
40,1397,33,149.758620689655
40,1398,-82,75.3529411764706
40,1399,-319,-63.7428571428571
40,1400,-95,-63.7428571428571
40,1401,-58,-5.82758620689655
40,1402,-12,-63.7428571428571
40,1403,-11,-16.1671554252199
40,1404,0,-16.1671554252199
40,1405,22,1.04779411764706
40,1406,104,4.4
40,1407,210,297.684210526316
40,1408,207,210.246031746032
40,1409,-257,-229.64375
40,1410,-107,-141.052631578947
40,1411,58,-5.82758620689655
40,1412,32,-20.2888888888889
40,1413,34,-11.3893805309735
40,1414,-69,-11.3893805309735
40,1415,13,-27.0927835051546
40,1416,179,121.372093023256
40,1417,256,248.196850393701
40,1418,-82,-141.052631578947
40,1419,-104,-171.64
40,1420,-182,-138.952380952381
40,1421,2,-63.7428571428571
40,1422,-98,-16.1671554252199
40,1423,-94,-27.0927835051546
40,1424,-29,-27.0927835051546
40,1425,-73,-16.1671554252199
40,1426,-12,-63.7428571428571
40,1427,-10,-16.1671554252199
40,1428,-1,-16.1671554252199
40,1429,29,1.04779411764706
40,1430,96,70.2695652173913
40,1431,222,180.199233716475
40,1432,232,210.246031746032
40,1433,-281,-229.64375
40,1434,-94,-141.052631578947
40,1435,23,-5.82758620689655
40,1436,98,46.12
40,1437,-38,-20.2888888888889
40,1438,-18,-27.0927835051546
40,1439,10,-16.1671554252199
40,1440,84,121.372093023256
40,1441,207,248.196850393701
40,1442,-16,-20.2888888888889
40,1443,-142,-171.64
40,1444,-82,-63.7428571428571
40,1445,-36,-63.7428571428571
40,1446,-12,-63.7428571428571
40,1447,-124,-16.1671554252199
40,1448,-14,-27.0927835051546
40,1449,-79,-16.1671554252199
40,1450,-13,-63.7428571428571
40,1451,-27,-16.1671554252199
40,1452,-15,-16.1671554252199
40,1453,-2,-16.1671554252199
40,1454,17,-16.1671554252199
40,1455,40,70.2695652173913
40,1456,81,70.2695652173913
40,1457,104,180.199233716475
40,1458,69,-34.8181818181818
40,1459,42,90.8444444444444
40,1460,-25,70.2695652173913
40,1461,18,1.04779411764706
40,1462,-52,-11.3893805309735
40,1463,-2,-63.7428571428571
40,1464,-12,-16.1671554252199
40,1465,-15,1.04779411764706
40,1466,-2,-16.1671554252199
40,1467,10,-16.1671554252199
40,1468,-11,70.2695652173913
40,1469,-75,1.04779411764706
40,1470,19,-63.7428571428571
40,1471,-72,-11.3893805309735
40,1472,-1,-63.7428571428571
40,1473,-23,-16.1671554252199
40,1474,-54,1.04779411764706
40,1475,-35,-63.7428571428571
40,1476,-22,-16.1671554252199
40,1477,-7,-16.1671554252199
40,1478,15,-16.1671554252199
40,1479,31,70.2695652173913
40,1480,78,-11.3893805309735
40,1481,112,210.246031746032
40,1482,77,90.8444444444444
40,1483,70,-34.8181818181818
40,1484,-13,90.8444444444444
40,1485,-39,1.04779411764706
40,1486,-25,-63.7428571428571
40,1487,-14,-16.1671554252199
40,1488,-7,-16.1671554252199
40,1489,-21,-16.1671554252199
40,1490,-17,1.04779411764706
40,1491,-3,-16.1671554252199
40,1492,35,-16.1671554252199
40,1493,-78,70.2695652173913
40,1494,-85,-63.7428571428571
40,1495,1,-63.7428571428571
40,1496,-84,-16.1671554252199
40,1497,-21,-63.7428571428571
40,1498,-13,-16.1671554252199
40,1499,0,-16.1671554252199
40,1500,-3,-16.1671554252199
40,1501,26,1.04779411764706
40,1502,64,70.2695652173913
40,1503,138,106.6
40,1504,225,180.199233716475
40,1505,-92,-229.64375
40,1506,-188,-141.052631578947
40,1507,41,-63.7428571428571
40,1508,50,-11.3893805309735
40,1509,-11,-20.2888888888889
40,1510,-13,1.04779411764706
40,1511,38,1.04779411764706
40,1512,133,75.3529411764706
40,1513,436,210.246031746032
40,1514,23,-82.9444444444444
40,1515,-241,-171.64
40,1516,-184,-138.952380952381
40,1517,-116,-5.82758620689655
40,1518,-107,-63.7428571428571
40,1519,-93,-63.7428571428571
40,1520,-62,-27.0927835051546
40,1521,-54,-27.0927835051546
40,1522,1,-27.0927835051546
40,1523,-13,-16.1671554252199
40,1524,1,1.04779411764706
40,1525,38,-16.1671554252199
40,1526,145,70.2695652173913
40,1527,333,210.246031746032
40,1528,129,-82.9444444444444
40,1529,-318,-229.64375
40,1530,-141,-90.625
40,1531,59,-5.82758620689655
40,1532,23,-20.2888888888889
40,1533,8,-11.3893805309735
40,1534,-38,1.04779411764706
40,1535,23,-27.0927835051546
40,1536,170,121.372093023256
40,1537,437,297.684210526316
40,1538,-53,-141.052631578947
40,1539,-405,-171.64
40,1540,-330,-138.952380952381
40,1541,6,-5.82758620689655
40,1542,49,-16.1671554252199
40,1543,-36,-20.2888888888889
40,1544,-59,-27.0927835051546
40,1545,-30,-27.0927835051546
40,1546,-9,121.372093023256
40,1547,0,4.4
40,1548,2,1.04779411764706
40,1549,34,1.04779411764706
40,1550,144,75.3529411764706
40,1551,312,210.246031746032
40,1552,177,-82.9444444444444
40,1553,-346,-229.64375
40,1554,-133,-141.052631578947
40,1555,34,-5.82758620689655
40,1556,63,46.12
40,1557,-19,-20.2888888888889
40,1558,-32,1.04779411764706
40,1559,35,-16.1671554252199
40,1560,135,121.372093023256
40,1561,419,297.684210526316
40,1562,-16,-82.9444444444444
40,1563,-181,-171.64
40,1564,-150,-138.952380952381
40,1565,-92,-63.7428571428571
40,1566,-147,-63.7428571428571
40,1567,-92,-63.7428571428571
40,1568,-96,-27.0927835051546
40,1569,-35,-27.0927835051546
40,1570,-12,-16.1671554252199
40,1571,1,-16.1671554252199
40,1572,-5,-16.1671554252199
40,1573,39,1.04779411764706
40,1574,134,70.2695652173913
40,1575,334,210.246031746032
40,1576,190,-82.9444444444444
40,1577,-375,-229.64375
40,1578,-113,-141.052631578947
40,1579,1,-5.82758620689655
40,1580,77,-16.1671554252199
40,1581,-15,-20.2888888888889
40,1582,-68,1.04779411764706
40,1583,62,-27.0927835051546
40,1584,168,90.8444444444444
40,1585,356,297.684210526316
40,1586,30,-290.529411764706
40,1587,-196,-229.64375
40,1588,-115,-138.952380952381
40,1589,-141,-63.7428571428571
40,1590,-55,-63.7428571428571
40,1591,-107,-63.7428571428571
40,1592,-116,-27.0927835051546
40,1593,-36,-27.0927835051546
40,1594,-42,-27.0927835051546
40,1595,-8,-63.7428571428571
40,1596,2,-16.1671554252199
40,1597,23,1.04779411764706
40,1598,93,70.2695652173913
40,1599,253,210.246031746032
40,1600,333,180.199233716475
40,1601,-299,-290.529411764706
40,1602,-146,-141.052631578947
40,1603,20,-138.952380952381
40,1604,91,46.12
40,1605,-5,-20.2888888888889
40,1606,-5,1.04779411764706
40,1607,-16,1.04779411764706
40,1608,139,121.372093023256
40,1609,343,297.684210526316
40,1610,-204,-82.9444444444444
40,1611,-143,-171.64
40,1612,-99,-138.952380952381
40,1613,-90,-63.7428571428571
40,1614,-36,-63.7428571428571
40,1615,-51,-27.0927835051546
40,1616,-21,-27.0927835051546
40,1617,-73,4.4
40,1618,-17,-27.0927835051546
40,1619,-61,-16.1671554252199
40,1620,-31,-63.7428571428571
40,1621,-4,-16.1671554252199
40,1622,30,-16.1671554252199
40,1623,13,70.2695652173913
40,1624,103,70.2695652173913
40,1625,131,180.199233716475
40,1626,119,-34.8181818181818
40,1627,38,28.1666666666667
40,1628,60,70.2695652173913
40,1629,92,-94.3
40,1630,41,-94.3
40,1631,-72,-11.3893805309735
40,1632,6,-63.7428571428571
40,1633,-108,-16.1671554252199
40,1634,-107,-63.7428571428571
40,1635,80,-63.7428571428571
40,1636,-75,-20.2888888888889
40,1637,-87,-63.7428571428571
40,1638,-44,-27.0927835051546
40,1639,-14,-27.0927835051546
40,1640,-24,-16.1671554252199
40,1641,-19,-16.1671554252199
40,1642,-53,-16.1671554252199
40,1643,-58,-63.7428571428571
40,1644,-38,-63.7428571428571
40,1645,-10,-63.7428571428571
40,1646,6,-16.1671554252199
40,1647,32,1.04779411764706
40,1648,86,70.2695652173913
40,1649,88,210.246031746032
40,1650,161,210.246031746032
40,1651,69,-34.8181818181818
40,1652,38,-141.052631578947
40,1653,-9,70.2695652173913
40,1654,-4,1.04779411764706
40,1655,13,1.04779411764706
40,1656,6,-11.3893805309735
40,1657,-59,1.04779411764706
40,1658,-124,-63.7428571428571
40,1659,0,-63.7428571428571
40,1660,-18,-16.1671554252199
40,1661,-71,1.04779411764706
40,1662,-93,-63.7428571428571
40,1663,-39,-27.0927835051546
40,1664,-48,-63.7428571428571
40,1665,-32,-63.7428571428571
40,1666,4,-16.1671554252199
40,1667,-9,-16.1671554252199
40,1668,6,1.04779411764706
40,1669,38,1.04779411764706
40,1670,90,70.2695652173913
40,1671,343,210.246031746032
40,1672,184,180.199233716475
40,1673,-319,-141.052631578947
40,1674,-162,-141.052631578947
40,1675,-4,-5.82758620689655
40,1676,55,-16.1671554252199
40,1677,2,-20.2888888888889
40,1678,-27,1.04779411764706
40,1679,25,1.04779411764706
40,1680,149,121.372093023256
40,1681,369,297.684210526316
40,1682,39,-82.9444444444444
40,1683,-199,-229.64375
40,1684,-141,-138.952380952381
40,1685,-126,-5.82758620689655
40,1686,-44,-63.7428571428571
40,1687,-118,-63.7428571428571
40,1688,-113,-27.0927835051546
40,1689,-28,-27.0927835051546
40,1690,-18,4.4
40,1691,-4,-16.1671554252199
40,1692,4,-16.1671554252199
40,1693,31,1.04779411764706
40,1694,175,70.2695652173913
40,1695,313,210.246031746032
40,1696,135,-82.9444444444444
40,1697,-341,-229.64375
40,1698,-161,-90.625
40,1699,47,-5.82758620689655
40,1700,48,-20.2888888888889
40,1701,-33,-20.2888888888889
40,1702,-7,1.04779411764706
40,1703,30,-16.1671554252199
40,1704,137,121.372093023256
40,1705,389,297.684210526316
40,1706,2,-82.9444444444444
40,1707,-225,-171.64
40,1708,-120,-138.952380952381
40,1709,-94,-5.82758620689655
40,1710,-89,-63.7428571428571
40,1711,-83,-63.7428571428571
40,1712,-108,-27.0927835051546
40,1713,-37,-27.0927835051546
40,1714,-8,-27.0927835051546
40,1715,-4,-16.1671554252199
40,1716,2,1.04779411764706
40,1717,40,1.04779411764706
40,1718,116,70.2695652173913
40,1719,333,210.246031746032
40,1720,184,210.246031746032
40,1721,-382,-229.64375
40,1722,-159,-141.052631578947
40,1723,45,-5.82758620689655
40,1724,19,46.12
40,1725,1,-11.3893805309735
40,1726,-33,1.04779411764706
40,1727,24,1.04779411764706
40,1728,30,121.372093023256
40,1729,146,179.166666666667
40,1730,273,-20.2888888888889
40,1731,-127,-82.9444444444444
40,1732,-150,-141.052631578947
40,1733,-47,-138.952380952381
40,1734,-31,-63.7428571428571
40,1735,-157,-16.1671554252199
40,1736,-65,-27.0927835051546
40,1737,-41,-27.0927835051546
40,1738,-18,-63.7428571428571
40,1739,-2,-16.1671554252199
40,1740,3,-16.1671554252199
40,1741,32,1.04779411764706
40,1742,112,70.2695652173913
40,1743,321,210.246031746032
40,1744,184,210.246031746032
40,1745,-339,-229.64375
40,1746,-120,-141.052631578947
40,1747,18,-5.82758620689655
40,1748,58,46.12
40,1749,-20,-20.2888888888889
40,1750,-57,1.04779411764706
40,1751,95,-27.0927835051546
40,1752,66,90.8444444444444
40,1753,413,297.684210526316
40,1754,6,-102.51724137931
40,1755,-244,-171.64
40,1756,-28,-138.952380952381
40,1757,-173,-16.1671554252199
40,1758,-264,-63.7428571428571
40,1759,-3,-63.7428571428571
40,1760,-31,-16.1671554252199
40,1761,-23,1.04779411764706
40,1762,8,4.4
40,1763,17,-16.1671554252199
40,1764,-27,70.2695652173913
40,1765,33,4.4
40,1766,84,70.2695652173913
40,1767,234,-34.8181818181818
40,1768,331,180.199233716475
40,1769,-318,-290.529411764706
40,1770,-140,-141.052631578947
40,1771,-21,-138.952380952381
40,1772,62,-16.1671554252199
40,1773,-118,-20.2888888888889
40,1774,73,-27.0927835051546
40,1775,-13,-102.51724137931
40,1776,220,121.372093023256
40,1777,279,297.684210526316
40,1778,-93,-82.9444444444444
40,1779,-220,-141.052631578947
40,1780,-151,-138.952380952381
40,1781,-129,-5.82758620689655
40,1782,13,-63.7428571428571
40,1783,31,70.2695652173913
40,1784,-63,-11.3893805309735
40,1785,-31,-27.0927835051546
40,1786,-12,121.372093023256
40,1787,-35,-16.1671554252199
40,1788,-9,-16.1671554252199
40,1789,1,-16.1671554252199
40,1790,-2,1.04779411764706
40,1791,22,1.04779411764706
40,1792,75,70.2695652173913
40,1793,95,180.199233716475
40,1794,61,180.199233716475
40,1795,37,90.8444444444444
40,1796,152,70.2695652173913
40,1797,-103,-94.3
40,1798,-11,-90.625
40,1799,37,-16.1671554252199
40,1800,-54,-11.3893805309735
40,1801,-85,-63.7428571428571
40,1802,-64,-27.0927835051546
40,1803,61,-63.7428571428571
40,1804,-24,106.6
40,1805,-51,1.04779411764706
40,1806,17,-27.0927835051546
40,1807,-31,75.3529411764706
40,1808,-36,1.04779411764706
40,1809,17,-63.7428571428571
40,1810,-8,70.2695652173913
40,1811,-79,1.04779411764706
40,1812,-27,-63.7428571428571
40,1813,-10,-16.1671554252199
40,1814,13,-16.1671554252199
40,1815,19,70.2695652173913
40,1816,115,70.2695652173913
40,1817,105,180.199233716475
40,1818,121,90.8444444444444
40,1819,126,90.8444444444444
40,1820,-1,28.1666666666667
40,1821,122,-90.625
40,1822,-10,-94.3
40,1823,8,-90.625
40,1824,4,1.04779411764706
40,1825,-72,1.04779411764706
40,1826,-41,-63.7428571428571
40,1827,7,-63.7428571428571
40,1828,-144,-16.1671554252199
40,1829,-33,-63.7428571428571
40,1830,-154,-16.1671554252199
40,1831,-68,-63.7428571428571
40,1832,-76,-63.7428571428571
40,1833,-20,-27.0927835051546
40,1834,-10,-16.1671554252199
40,1835,-15,-16.1671554252199
40,1836,6,1.04779411764706
40,1837,43,-16.1671554252199
40,1838,106,70.2695652173913
40,1839,264,210.246031746032
40,1840,317,180.199233716475
40,1841,-393,-141.052631578947
40,1842,-145,-141.052631578947
40,1843,-2,-138.952380952381
40,1844,116,-16.1671554252199
40,1845,-74,-20.2888888888889
40,1846,31,-27.0927835051546
40,1847,10,-11.3893805309735
40,1848,176,121.372093023256
40,1849,390,297.684210526316
40,1850,-106,-82.9444444444444
40,1851,-159,-141.052631578947
40,1852,-179,-138.952380952381
40,1853,-107,-63.7428571428571
40,1854,-87,-63.7428571428571
40,1855,-95,-27.0927835051546
40,1856,-50,-27.0927835051546
40,1857,-47,-27.0927835051546
40,1858,-1,-27.0927835051546
40,1859,-10,-16.1671554252199
40,1860,0,1.04779411764706
40,1861,44,1.04779411764706
40,1862,140,70.2695652173913
40,1863,326,210.246031746032
40,1864,227,-82.9444444444444
40,1865,-404,-229.64375
40,1866,-121,-141.052631578947
40,1867,-17,-5.82758620689655
40,1868,28,-16.1671554252199
40,1869,44,-11.3893805309735
40,1870,-29,-11.3893805309735
40,1871,41,1.04779411764706
40,1872,170,121.372093023256
40,1873,414,297.684210526316
40,1874,8,-141.052631578947
40,1875,-245,-171.64
40,1876,-109,-138.952380952381
40,1877,-145,-5.82758620689655
40,1878,-109,-63.7428571428571
40,1879,-77,-63.7428571428571
40,1880,-126,-27.0927835051546
40,1881,-38,-27.0927835051546
40,1882,-16,-27.0927835051546
40,1883,0,-16.1671554252199
40,1884,-8,-16.1671554252199
40,1885,55,1.04779411764706
40,1886,131,166.64406779661
40,1887,317,210.246031746032
40,1888,281,-290.529411764706
40,1889,-446,-290.529411764706
40,1890,-111,-141.052631578947
40,1891,50,-138.952380952381
40,1892,29,-20.2888888888889
40,1893,2,-11.3893805309735
40,1894,-65,1.04779411764706
40,1895,70,-27.0927835051546
40,1896,167,90.8444444444444
40,1897,429,297.684210526316
40,1898,-22,-290.529411764706
40,1899,-193,-171.64
40,1900,-131,-138.952380952381
40,1901,-170,-63.7428571428571
40,1902,-119,-63.7428571428571
40,1903,-39,-63.7428571428571
40,1904,-147,-27.0927835051546
40,1905,-63,-27.0927835051546
40,1906,-8,-27.0927835051546
40,1907,-13,-16.1671554252199
40,1908,-4,1.04779411764706
40,1909,38,-16.1671554252199
40,1910,139,70.2695652173913
40,1911,314,210.246031746032
40,1912,234,-82.9444444444444
40,1913,-385,-290.529411764706
40,1914,-122,-141.052631578947
40,1915,-10,-5.82758620689655
40,1916,67,-16.1671554252199
40,1917,-37,-20.2888888888889
40,1918,-29,-27.0927835051546
40,1919,25,-16.1671554252199
40,1920,136,121.372093023256
40,1921,364,297.684210526316
40,1922,-50,-82.9444444444444
40,1923,-74,-171.64
40,1924,-168,-138.952380952381
40,1925,-175,-63.7428571428571
40,1926,-37,-63.7428571428571
40,1927,-89,-63.7428571428571
40,1928,-48,-27.0927835051546
40,1929,-43,-27.0927835051546
40,1930,-28,-27.0927835051546
40,1931,-14,-16.1671554252199
40,1932,-4,-16.1671554252199
40,1933,29,-16.1671554252199
40,1934,102,70.2695652173913
40,1935,271,210.246031746032
40,1936,266,210.246031746032
40,1937,-313,-290.529411764706
40,1938,-132,-141.052631578947
40,1939,20,-138.952380952381
40,1940,48,70.2695652173913
40,1941,15,-20.2888888888889
40,1942,12,-11.3893805309735
40,1943,-3,-11.3893805309735
40,1944,176,121.372093023256
40,1945,200,297.684210526316
40,1946,-77,-141.052631578947
40,1947,-106,-141.052631578947
40,1948,-162,-63.7428571428571
40,1949,-94,-63.7428571428571
40,1950,-61,-63.7428571428571
40,1951,-10,-27.0927835051546
40,1952,2,-16.1671554252199
40,1953,-111,89.7
40,1954,10,-27.0927835051546
40,1955,-47,70.2695652173913
40,1956,-32,-63.7428571428571
40,1957,3,-16.1671554252199
40,1958,36,-16.1671554252199
40,1959,26,70.2695652173913
40,1960,87,75.3529411764706
40,1961,174,-102.51724137931
40,1962,58,-34.8181818181818
40,1963,62,-141.052631578947
40,1964,30,7.76666666666667
40,1965,11,-11.3893805309735
40,1966,-4,-11.3893805309735
40,1967,3,1.04779411764706
40,1968,-10,1.04779411764706
40,1969,-8,1.04779411764706
40,1970,2,89.7
40,1971,-143,1.04779411764706
40,1972,-105,-63.7428571428571
40,1973,67,-63.7428571428571
40,1974,-24,149.758620689655
40,1975,-68,1.04779411764706
40,1976,-20,-27.0927835051546
40,1977,-30,-16.1671554252199
40,1978,-46,-16.1671554252199
40,1979,-57,-63.7428571428571
40,1980,-42,-27.0927835051546
40,1981,4,-63.7428571428571
40,1982,1,-16.1671554252199
40,1983,22,1.04779411764706
40,1984,87,70.2695652173913
40,1985,99,210.246031746032
40,1986,155,210.246031746032
40,1987,128,-34.8181818181818
40,1988,2,28.1666666666667
40,1989,-28,-90.625
40,1990,39,1.04779411764706
40,1991,-21,-11.3893805309735
40,1992,20,1.04779411764706
40,1993,10,-11.3893805309735
40,1994,-112,-11.3893805309735
40,1995,24,-63.7428571428571
40,1996,-140,-11.3893805309735
40,1997,-32,-63.7428571428571
40,1998,-123,-16.1671554252199
40,1999,-48,-27.0927835051546
40,2000,-42,-63.7428571428571
40,2001,-39,-27.0927835051546
40,2002,-11,-63.7428571428571
40,2003,-5,-16.1671554252199
40,2004,2,1.04779411764706
40,2005,42,1.04779411764706
40,2006,114,70.2695652173913
40,2007,308,210.246031746032
40,2008,282,210.246031746032
40,2009,-458,-290.529411764706
40,2010,-104,-141.052631578947
40,2011,26,-138.952380952381
40,2012,63,46.12
40,2013,-52,-20.2888888888889
40,2014,28,-27.0927835051546
40,2015,-18,-11.3893805309735
40,2016,189,121.372093023256
40,2017,402,297.684210526316
40,2018,-15,-82.9444444444444
40,2019,-147,-141.052631578947
40,2020,-203,-138.952380952381
40,2021,-140,-63.7428571428571
40,2022,-92,-5.82758620689655
40,2023,-80,-63.7428571428571
40,2024,-112,-27.0927835051546
40,2025,-17,-27.0927835051546
40,2026,-13,-16.1671554252199
40,2027,-2,4.4
40,2028,0,-16.1671554252199
40,2029,39,1.04779411764706
40,2030,149,70.2695652173913
40,2031,319,210.246031746032
40,2032,247,-82.9444444444444
40,2033,-427,-290.529411764706
40,2034,-106,-141.052631578947
40,2035,-3,-5.82758620689655
40,2036,24,-16.1671554252199
40,2037,40,-11.3893805309735
40,2038,-28,-11.3893805309735
40,2039,-116,1.04779411764706
40,2040,258,-63.7428571428571
40,2041,418,297.684210526316
40,2042,37,-141.052631578947
40,2043,-243,-229.64375
40,2044,-162,-138.952380952381
40,2045,-100,-5.82758620689655
40,2046,-95,-63.7428571428571
40,2047,-110,-63.7428571428571
40,2048,-100,-27.0927835051546
40,2049,-14,-27.0927835051546
40,2050,-20,4.4
40,2051,-6,-16.1671554252199
40,2052,-3,-16.1671554252199
40,2053,45,1.04779411764706
40,2054,136,70.2695652173913
40,2055,302,210.246031746032
40,2056,194,-82.9444444444444
40,2057,-331,-229.64375
40,2058,-114,-141.052631578947
40,2059,-2,-5.82758620689655
40,2060,50,-16.1671554252199
40,2061,-4,-20.2888888888889
40,2062,-17,1.04779411764706
40,2063,32,1.04779411764706
40,2064,184,121.372093023256
40,2065,358,297.684210526316
40,2066,54,-82.9444444444444
40,2067,-239,-229.64375
40,2068,-139,-138.952380952381
40,2069,-193,-5.82758620689655
40,2070,-32,-63.7428571428571
40,2071,-136,-16.1671554252199
40,2072,-89,-27.0927835051546
40,2073,-21,-27.0927835051546
40,2074,-31,4.4
40,2075,-5,-16.1671554252199
40,2076,3,4.4
40,2077,32,1.04779411764706
40,2078,142,70.2695652173913
40,2079,290,210.246031746032
40,2080,266,-82.9444444444444
40,2081,-396,-290.529411764706
40,2082,-162,-141.052631578947
40,2083,45,-138.952380952381
40,2084,60,46.12
40,2085,24,-20.2888888888889
40,2086,-85,-11.3893805309735
40,2087,45,-27.0927835051546
40,2088,136,121.372093023256
40,2089,459,297.684210526316
40,2090,-98,28.1666666666667
40,2091,-160,-171.64
40,2092,-180,-138.952380952381
40,2093,-85,-63.7428571428571
40,2094,-80,-63.7428571428571
40,2095,-85,-27.0927835051546
40,2096,-106,-27.0927835051546
40,2097,-28,-27.0927835051546
40,2098,-29,-16.1671554252199
40,2099,-8,-16.1671554252199
40,2100,6,-16.1671554252199
40,2101,25,1.04779411764706
40,2102,126,70.2695652173913
40,2103,258,210.246031746032
40,2104,247,-82.9444444444444
40,2105,-272,-141.052631578947
40,2106,-147,-141.052631578947
40,2107,14,-5.82758620689655
40,2108,75,46.12
40,2109,7,-20.2888888888889
40,2110,-14,1.04779411764706
40,2111,49,1.04779411764706
40,2112,112,90.8444444444444
40,2113,249,248.196850393701
40,2114,-70,7.76666666666667
40,2115,-202,-171.64
40,2116,-80,-63.7428571428571
40,2117,-111,-5.82758620689655
40,2118,-76,-63.7428571428571
40,2119,-6,-27.0927835051546
40,2120,-35,-16.1671554252199
40,2121,-39,1.04779411764706
40,2122,-38,-27.0927835051546
40,2123,-54,-27.0927835051546
40,2124,-17,-63.7428571428571
40,2125,4,-16.1671554252199
40,2126,32,-16.1671554252199
40,2127,18,70.2695652173913
40,2128,114,70.2695652173913
40,2129,97,210.246031746032
40,2130,118,-34.8181818181818
40,2131,74,-34.8181818181818
40,2132,77,7.76666666666667
40,2133,-20,-94.3
40,2134,-55,1.04779411764706
40,2135,17,-63.7428571428571
40,2136,-39,-11.3893805309735
40,2137,42,-63.7428571428571
40,2138,-2,-11.3893805309735
40,2139,-93,1.04779411764706
40,2140,-85,-63.7428571428571
40,2141,-23,-63.7428571428571
40,2142,-20,-16.1671554252199
40,2143,-47,-16.1671554252199
40,2144,-69,-27.0927835051546
40,2145,-66,-27.0927835051546
40,2146,-14,-63.7428571428571
40,2147,-32,-16.1671554252199
40,2148,-27,-16.1671554252199
40,2149,5,-16.1671554252199
40,2150,0,-16.1671554252199
40,2151,49,1.04779411764706
40,2152,40,166.64406779661
40,2153,121,70.2695652173913
40,2154,135,180.199233716475
40,2155,73,-82.9444444444444
40,2156,54,28.1666666666667
40,2157,32,7.76666666666667
40,2158,3,-11.3893805309735
40,2159,-76,1.04779411764706
40,2160,-29,-63.7428571428571
40,2161,-39,-16.1671554252199
40,2162,-153,-63.7428571428571
40,2163,-44,-63.7428571428571
40,2164,8,-27.0927835051546
40,2165,15,-16.1671554252199
40,2166,-51,75.3529411764706
40,2167,-70,-27.0927835051546
40,2168,-54,-63.7428571428571
40,2169,-22,-63.7428571428571
40,2170,-6,-16.1671554252199
40,2171,0,-16.1671554252199
40,2172,6,1.04779411764706
40,2173,14,1.04779411764706
40,2174,116,70.2695652173913
40,2175,266,210.246031746032
40,2176,198,180.199233716475
40,2177,-329,-141.052631578947
40,2178,-63,-141.052631578947
40,2179,47,-5.82758620689655
40,2180,25,-20.2888888888889
40,2181,4,-11.3893805309735
40,2182,-2,1.04779411764706
40,2183,-13,1.04779411764706
40,2184,177,121.372093023256
40,2185,407,297.684210526316
40,2186,-15,-82.9444444444444
40,2187,-203,-171.64
40,2188,-183,-138.952380952381
40,2189,-140,-5.82758620689655
40,2190,-110,-63.7428571428571
40,2191,-94,-63.7428571428571
40,2192,-66,-27.0927835051546
40,2193,-29,-27.0927835051546
40,2194,-5,4.4
40,2195,-7,-16.1671554252199
40,2196,3,1.04779411764706
40,2197,27,1.04779411764706
40,2198,143,70.2695652173913
40,2199,323,210.246031746032
40,2200,203,-82.9444444444444
40,2201,-378,-229.64375
40,2202,-77,-141.052631578947
40,2203,-36,-5.82758620689655
40,2204,69,-63.7428571428571
40,2205,-30,-20.2888888888889
40,2206,8,1.04779411764706
40,2207,45,-16.1671554252199
40,2208,139,121.372093023256
40,2209,423,297.684210526316
40,2210,-54,-82.9444444444444
40,2211,-204,-141.052631578947
40,2212,-162,-138.952380952381
40,2213,-131,-5.82758620689655
40,2214,-93,-63.7428571428571
40,2215,-86,-63.7428571428571
40,2216,-80,-27.0927835051546
40,2217,-35,-27.0927835051546
40,2218,-17,4.4
40,2219,1,-16.1671554252199
40,2220,0,-16.1671554252199
40,2221,36,1.04779411764706
40,2222,130,70.2695652173913
40,2223,309,210.246031746032
40,2224,255,-82.9444444444444
40,2225,-396,-290.529411764706
40,2226,-127,-141.052631578947
40,2227,25,-138.952380952381
40,2228,41,46.12
40,2229,33,-11.3893805309735
40,2230,-77,-11.3893805309735
40,2231,42,-27.0927835051546
40,2232,163,121.372093023256
40,2233,417,297.684210526316
40,2234,4,-141.052631578947
40,2235,-176,-171.64
40,2236,-186,-138.952380952381
40,2237,-119,-63.7428571428571
40,2238,-148,-63.7428571428571
40,2239,-97,-63.7428571428571
40,2240,-69,-27.0927835051546
40,2241,-39,-27.0927835051546
40,2242,-14,-27.0927835051546
40,2243,-8,-16.1671554252199
40,2244,4,-16.1671554252199
40,2245,31,1.04779411764706
40,2246,126,70.2695652173913
40,2247,308,210.246031746032
40,2248,223,-82.9444444444444
40,2249,-345,-229.64375
40,2250,-148,-141.052631578947
40,2251,55,-5.82758620689655
40,2252,17,-20.2888888888889
40,2253,4,-11.3893805309735
40,2254,-34,1.04779411764706
40,2255,20,1.04779411764706
40,2256,150,121.372093023256
40,2257,393,297.684210526316
40,2258,1,-82.9444444444444
40,2259,-188,-171.64
40,2260,-145,-138.952380952381
40,2261,-142,-63.7428571428571
40,2262,-77,-63.7428571428571
40,2263,-103,-63.7428571428571
40,2264,-71,-27.0927835051546
40,2265,-44,-27.0927835051546
40,2266,-21,-27.0927835051546
40,2267,-11,-16.1671554252199
40,2268,-2,-16.1671554252199
40,2269,26,1.04779411764706
40,2270,11,70.2695652173913
40,2271,89,70.2695652173913
40,2272,-14,210.246031746032
40,2273,101,1.04779411764706
40,2274,-27,-34.8181818181818
40,2275,58,1.04779411764706
40,2276,64,-94.3
40,2277,-25,-20.2888888888889
40,2278,17,1.04779411764706
40,2279,17,-11.3893805309735
40,2280,143,70.2695652173913
40,2281,263,180.199233716475
40,2282,-90,-82.9444444444444
40,2283,-148,-141.052631578947
40,2284,-122,-138.952380952381
40,2285,-84,-63.7428571428571
40,2286,-68,-63.7428571428571
40,2287,-26,-27.0927835051546
40,2288,-12,-16.1671554252199
40,2289,-64,-16.1671554252199
40,2290,-31,-27.0927835051546
40,2291,-64,-16.1671554252199
40,2292,-11,-63.7428571428571
40,2293,1,-16.1671554252199
40,2294,12,1.04779411764706
40,2295,39,70.2695652173913
40,2296,100,70.2695652173913
40,2297,109,180.199233716475
40,2298,136,-34.8181818181818
40,2299,92,90.8444444444444
40,2300,47,28.1666666666667
40,2301,23,-94.3
40,2302,-31,-11.3893805309735
40,2303,24,1.04779411764706
40,2304,-31,-11.3893805309735
40,2305,-19,1.04779411764706
40,2306,-212,-16.1671554252199
40,2307,-25,-63.7428571428571
40,2308,-115,-16.1671554252199
40,2309,-32,-63.7428571428571
40,2310,40,-16.1671554252199
40,2311,-5,-11.3893805309735
40,2312,-43,1.04779411764706
40,2313,-7,-27.0927835051546
40,2314,-27,-16.1671554252199
40,2315,-38,1.04779411764706
40,2316,-38,-63.7428571428571
40,2317,0,-63.7428571428571
40,2318,6,-16.1671554252199
40,2319,23,1.04779411764706
40,2320,80,70.2695652173913
40,2321,98,180.199233716475
40,2322,111,210.246031746032
40,2323,121,90.8444444444444
40,2324,56,7.76666666666667
40,2325,38,28.1666666666667
40,2326,36,-11.3893805309735
40,2327,-2,-11.3893805309735
40,2328,-64,1.04779411764706
40,2329,-8,-63.7428571428571
40,2330,-14,-16.1671554252199
40,2331,-26,1.04779411764706
40,2332,-165,-16.1671554252199
40,2333,-80,-27.0927835051546
40,2334,-39,-63.7428571428571
40,2335,-71,-63.7428571428571
40,2336,-63,-63.7428571428571
40,2337,-33,-27.0927835051546
40,2338,-5,-16.1671554252199
40,2339,-3,-16.1671554252199
40,2340,5,1.04779411764706
40,2341,25,1.04779411764706
40,2342,123,70.2695652173913
40,2343,277,210.246031746032
40,2344,237,-82.9444444444444
40,2345,-368,-290.529411764706
40,2346,-106,-141.052631578947
40,2347,46,-5.82758620689655
40,2348,31,46.12
40,2349,-22,-11.3893805309735
40,2350,-6,1.04779411764706
40,2351,26,-16.1671554252199
40,2352,190,121.372093023256
40,2353,354,297.684210526316
40,2354,-6,-82.9444444444444
40,2355,-257,-171.64
40,2356,-123,-138.952380952381
40,2357,-142,-5.82758620689655
40,2358,-98,-63.7428571428571
40,2359,-64,-63.7428571428571
40,2360,-68,-27.0927835051546
40,2361,-33,-27.0927835051546
40,2362,-16,4.4
40,2363,-8,-16.1671554252199
40,2364,2,-16.1671554252199
40,2365,31,1.04779411764706
40,2366,28,70.2695652173913
40,2367,115,70.2695652173913
40,2368,439,180.199233716475
40,2369,-216,-34.8181818181818
40,2370,-194,-141.052631578947
40,2371,-12,-138.952380952381
40,2372,104,-16.1671554252199
40,2373,-14,-20.2888888888889
40,2374,-31,1.04779411764706
40,2375,28,-16.1671554252199
40,2376,175,121.372093023256
40,2377,354,248.196850393701
40,2378,42,-82.9444444444444
40,2379,-227,-229.64375
40,2380,-191,-138.952380952381
40,2381,-128,-5.82758620689655
40,2382,-119,-63.7428571428571
40,2383,-22,-63.7428571428571
40,2384,-107,-16.1671554252199
40,2385,-23,-27.0927835051546
40,2386,-29,4.4
40,2387,3,4.4
40,2388,-7,-16.1671554252199
40,2389,35,1.04779411764706
40,2390,133,70.2695652173913
40,2391,320,210.246031746032
40,2392,190,-82.9444444444444
40,2393,-315,-229.64375
40,2394,-134,-141.052631578947
40,2395,2,-5.82758620689655
40,2396,72,-16.1671554252199
40,2397,-13,-20.2888888888889
40,2398,-39,1.04779411764706
40,2399,11,-27.0927835051546
40,2400,165,121.372093023256
40,2401,420,297.684210526316
40,2402,-3,-82.9444444444444
40,2403,-199,-171.64
40,2404,-222,-138.952380952381
40,2405,-112,-5.82758620689655
40,2406,-89,-5.82758620689655
40,2407,-88,-63.7428571428571
40,2408,-62,-27.0927835051546
40,2409,-55,-27.0927835051546
40,2410,-6,-27.0927835051546
40,2411,-11,4.4
40,2412,1,1.04779411764706
40,2413,32,1.04779411764706
40,2414,128,70.2695652173913
40,2415,299,210.246031746032
40,2416,218,-82.9444444444444
40,2417,-345,-229.64375
40,2418,-138,-141.052631578947
40,2419,75,-5.82758620689655
40,2420,69,-20.2888888888889
40,2421,-43,-20.2888888888889
40,2422,-52,-27.0927835051546
40,2423,12,-27.0927835051546
40,2424,159,121.372093023256
40,2425,478,297.684210526316
40,2426,-65,-82.9444444444444
40,2427,-155,-171.64
40,2428,-163,-138.952380952381
40,2429,-158,-63.7428571428571
40,2430,-102,-63.7428571428571
40,2431,-28,-27.0927835051546
40,2432,-138,-16.1671554252199
40,2433,-34,-27.0927835051546
40,2434,-35,-16.1671554252199
40,2435,-13,-16.1671554252199
40,2436,3,-16.1671554252199
40,2437,27,-16.1671554252199
40,2438,121,70.2695652173913
40,2439,222,210.246031746032
40,2440,289,-82.9444444444444
40,2441,-290,-290.529411764706
40,2442,-147,-141.052631578947
40,2443,72,-138.952380952381
40,2444,62,-20.2888888888889
40,2445,-8,-20.2888888888889
40,2446,-29,1.04779411764706
40,2447,55,1.04779411764706
40,2448,105,90.8444444444444
40,2449,303,297.684210526316
40,2450,-122,-102.51724137931
40,2451,-178,-171.64
40,2452,-132,-138.952380952381
40,2453,-104,-63.7428571428571
40,2454,-42,-63.7428571428571
40,2455,-92,-27.0927835051546
40,2456,-16,-27.0927835051546
40,2457,-13,-16.1671554252199
40,2458,-49,-16.1671554252199
40,2459,-13,-63.7428571428571
40,2460,-17,-16.1671554252199
40,2461,-4,-16.1671554252199
40,2462,18,-16.1671554252199
40,2463,37,70.2695652173913
40,2464,125,70.2695652173913
40,2465,103,210.246031746032
40,2466,188,-82.9444444444444
40,2467,56,-34.8181818181818
40,2468,118,-141.052631578947
40,2469,-10,-94.3
40,2470,-46,1.04779411764706
40,2471,-2,-63.7428571428571
40,2472,45,-16.1671554252199
40,2473,-6,-11.3893805309735
40,2474,-81,1.04779411764706
40,2475,-66,-63.7428571428571
40,2476,-147,-63.7428571428571
40,2477,-3,-63.7428571428571
40,2478,-77,-16.1671554252199
40,2479,-26,-27.0927835051546
40,2480,-48,-16.1671554252199
40,2481,-56,-27.0927835051546
40,2482,-12,-63.7428571428571
40,2483,-64,-16.1671554252199
40,2484,-29,-63.7428571428571
40,2485,-15,-16.1671554252199
40,2486,9,-16.1671554252199
40,2487,21,-16.1671554252199
40,2488,83,70.2695652173913
40,2489,146,180.199233716475
40,2490,155,-34.8181818181818
40,2491,-153,28.1666666666667
40,2492,26,-90.625
40,2493,-136,70.2695652173913
40,2494,-13,-63.7428571428571
40,2495,127,-16.1671554252199
40,2496,80,-20.2888888888889
40,2497,-13,28.1666666666667
40,2498,34,1.04779411764706
40,2499,-36,179.166666666667
40,2500,-67,-63.7428571428571
40,2501,-84,-63.7428571428571
40,2502,-134,-63.7428571428571
40,2503,-10,-63.7428571428571
40,2504,-20,-16.1671554252199
40,2505,-16,1.04779411764706
40,2506,-5,-16.1671554252199
40,2507,-2,-16.1671554252199
40,2508,4,1.04779411764706
40,2509,30,1.04779411764706
40,2510,124,70.2695652173913
40,2511,281,180.199233716475
40,2512,213,-82.9444444444444
40,2513,-298,-229.64375
40,2514,-164,-141.052631578947
40,2515,48,-5.82758620689655
40,2516,41,-20.2888888888889
40,2517,9,46.12
40,2518,-16,1.04779411764706
40,2519,34,1.04779411764706
40,2520,151,121.372093023256
40,2521,433,297.684210526316
40,2522,-78,28.1666666666667
40,2523,-516,-171.64
40,2524,-38,-138.952380952381
40,2525,-16,-5.82758620689655
40,2526,-84,-16.1671554252199
40,2527,-59,-27.0927835051546
40,2528,-43,-27.0927835051546
40,2529,-26,-63.7428571428571
40,2530,-25,4.4
40,2531,-5,-16.1671554252199
40,2532,1,-16.1671554252199
40,2533,30,1.04779411764706
40,2534,135,70.2695652173913
40,2535,350,210.246031746032
40,2536,204,-82.9444444444444
40,2537,-395,-229.64375
40,2538,-150,-141.052631578947
40,2539,78,-5.82758620689655
40,2540,49,-20.2888888888889
40,2541,26,-20.2888888888889
40,2542,-29,-11.3893805309735
40,2543,0,1.04779411764706
40,2544,165,121.372093023256
40,2545,411,297.684210526316
40,2546,-253,-141.052631578947
40,2547,-149,-171.64
40,2548,-118,-138.952380952381
40,2549,-78,-63.7428571428571
40,2550,-48,-63.7428571428571
40,2551,-96,-27.0927835051546
40,2552,-81,-27.0927835051546
40,2553,-34,-27.0927835051546
40,2554,-4,-16.1671554252199
40,2555,-10,-16.1671554252199
40,2556,1,1.04779411764706
40,2557,32,1.04779411764706
40,2558,147,70.2695652173913
40,2559,366,210.246031746032
40,2560,187,-82.9444444444444
40,2561,-364,-229.64375
40,2562,-151,-141.052631578947
40,2563,42,-5.82758620689655
40,2564,45,46.12
40,2565,4,-11.3893805309735
40,2566,-50,1.04779411764706
40,2567,50,-27.0927835051546
40,2568,144,90.8444444444444
40,2569,323,297.684210526316
40,2570,-100,-290.529411764706
40,2571,-103,-171.64
40,2572,-189,-138.952380952381
40,2573,-40,-63.7428571428571
40,2574,-70,-63.7428571428571
40,2575,-141,-27.0927835051546
40,2576,-80,-27.0927835051546
40,2577,-35,-27.0927835051546
40,2578,-5,-16.1671554252199
40,2579,-11,-16.1671554252199
40,2580,-3,1.04779411764706
40,2581,31,1.04779411764706
40,2582,155,70.2695652173913
40,2583,289,210.246031746032
40,2584,226,-82.9444444444444
40,2585,-295,-229.64375
40,2586,-179,-141.052631578947
40,2587,45,-5.82758620689655
40,2588,54,46.12
40,2589,14,-20.2888888888889
40,2590,-41,-11.3893805309735
40,2591,0,-27.0927835051546
40,2592,160,121.372093023256
40,2593,355,297.684210526316
40,2594,121,-141.052631578947
40,2595,-308,-229.64375
40,2596,-159,-109.954545454545
40,2597,-145,-5.82758620689655
40,2598,-131,-63.7428571428571
40,2599,-41,-63.7428571428571
40,2600,-46,-27.0927835051546
40,2601,-69,-27.0927835051546
40,2602,-26,-27.0927835051546
40,2603,-8,-16.1671554252199
40,2604,0,-16.1671554252199
40,2605,30,1.04779411764706
40,2606,113,70.2695652173913
40,2607,274,210.246031746032
40,2608,319,210.246031746032
40,2609,-355,-290.529411764706
40,2610,-127,-141.052631578947
40,2611,19,-138.952380952381
40,2612,90,46.12
40,2613,-20,-20.2888888888889
40,2614,-13,1.04779411764706
40,2615,12,-16.1671554252199
40,2616,165,121.372093023256
40,2617,297,297.684210526316
40,2618,-76,-82.9444444444444
40,2619,-200,-171.64
40,2620,-173,-138.952380952381
40,2621,-57,-5.82758620689655
40,2622,-55,-63.7428571428571
40,2623,-73,-27.0927835051546
40,2624,-43,-27.0927835051546
40,2625,-20,-27.0927835051546
40,2626,-36,4.4
40,2627,-41,-63.7428571428571
40,2628,-26,-27.0927835051546
40,2629,2,-16.1671554252199
40,2630,16,-16.1671554252199
40,2631,72,70.2695652173913
40,2632,60,180.199233716475
40,2633,126,166.64406779661
40,2634,154,90.8444444444444
40,2635,15,28.1666666666667
40,2636,127,-90.625
40,2637,-67,7.76666666666667
40,2638,-35,-90.625
40,2639,-249,-16.1671554252199
40,2640,201,-63.7428571428571
40,2641,-31,-20.2888888888889
40,2642,-20,-171.64
40,2643,-29,-16.1671554252199
40,2644,-113,-16.1671554252199
40,2645,-33,-63.7428571428571
40,2646,-26,4.4
40,2647,-24,-16.1671554252199
40,2648,-24,-16.1671554252199
40,2649,0,-16.1671554252199
40,2650,-18,-16.1671554252199
40,2651,-63,1.04779411764706
40,2652,-37,-63.7428571428571
40,2653,0,-63.7428571428571
40,2654,5,-16.1671554252199
40,2655,13,1.04779411764706
40,2656,99,70.2695652173913
40,2657,130,180.199233716475
40,2658,122,210.246031746032
40,2659,97,-229.64375
40,2660,144,28.1666666666667
40,2661,-85,-94.3
40,2662,-164,-90.625
40,2663,14,-63.7428571428571
40,2664,-218,-11.3893805309735
40,2665,60,-63.7428571428571
40,2666,31,-20.2888888888889
40,2667,28,46.12
40,2668,-81,75.3529411764706
40,2669,-45,-27.0927835051546
40,2670,-52,-63.7428571428571
40,2671,-34,-63.7428571428571
40,2672,-48,-16.1671554252199
40,2673,-25,-27.0927835051546
40,2674,1,-16.1671554252199
40,2675,-4,-16.1671554252199
40,2676,8,1.04779411764706
40,2677,24,1.04779411764706
40,2678,109,70.2695652173913
40,2679,288,210.246031746032
40,2680,266,90.8444444444444
40,2681,-357,-141.052631578947
40,2682,-136,-141.052631578947
40,2683,23,-138.952380952381
40,2684,54,46.12
40,2685,5,-20.2888888888889
40,2686,-42,1.04779411764706
40,2687,36,-27.0927835051546
40,2688,162,121.372093023256
40,2689,401,297.684210526316
40,2690,-11,-82.9444444444444
40,2691,-261,-171.64
40,2692,-157,-138.952380952381
40,2693,-138,-5.82758620689655
40,2694,-117,-63.7428571428571
40,2695,-47,-63.7428571428571
40,2696,-76,-27.0927835051546
40,2697,-17,-27.0927835051546
40,2698,-6,4.4
40,2699,-11,-16.1671554252199
40,2700,4,1.04779411764706
40,2701,34,1.04779411764706
40,2702,105,70.2695652173913
40,2703,122,210.246031746032
40,2704,424,180.199233716475
40,2705,-298,-290.529411764706
40,2706,-191,-141.052631578947
40,2707,14,-138.952380952381
40,2708,79,46.12
40,2709,-9,-20.2888888888889
40,2710,-37,1.04779411764706
40,2711,66,-27.0927835051546
40,2712,163,90.8444444444444
40,2713,384,297.684210526316
40,2714,-46,-290.529411764706
40,2715,-221,-171.64
40,2716,-162,-138.952380952381
40,2717,-121,-5.82758620689655
40,2718,-98,-63.7428571428571
40,2719,-107,-63.7428571428571
40,2720,-62,-27.0927835051546
40,2721,-33,-27.0927835051546
40,2722,-8,4.4
40,2723,3,-16.1671554252199
40,2724,1,1.04779411764706
40,2725,30,1.04779411764706
40,2726,141,70.2695652173913
40,2727,373,210.246031746032
40,2728,254,-82.9444444444444
40,2729,-460,-290.529411764706
40,2730,-170,-141.052631578947
40,2731,75,-138.952380952381
40,2732,107,-20.2888888888889
40,2733,-60,-20.2888888888889
40,2734,1,-27.0927835051546
40,2735,37,-16.1671554252199
40,2736,155,121.372093023256
40,2737,377,297.684210526316
40,2738,-58,-82.9444444444444
40,2739,-169,-171.64
40,2740,-216,-138.952380952381
40,2741,-114,-63.7428571428571
40,2742,-78,-5.82758620689655
40,2743,-78,-63.7428571428571
40,2744,-92,-27.0927835051546
40,2745,-42,-27.0927835051546
40,2746,-6,-27.0927835051546
40,2747,-12,4.4
40,2748,3,1.04779411764706
40,2749,27,-16.1671554252199
40,2750,128,70.2695652173913
40,2751,369,210.246031746032
40,2752,222,-82.9444444444444
40,2753,-358,-229.64375
40,2754,-162,-141.052631578947
40,2755,42,-5.82758620689655
40,2756,18,46.12
40,2757,-4,46.12
40,2758,-17,1.04779411764706
40,2759,65,1.04779411764706
40,2760,144,90.8444444444444
40,2761,362,297.684210526316
40,2762,9,-290.529411764706
40,2763,-243,-171.64
40,2764,-139,-138.952380952381
40,2765,-164,-5.82758620689655
40,2766,-16,-63.7428571428571
40,2767,-139,-16.1671554252199
40,2768,-70,-27.0927835051546
40,2769,-50,-27.0927835051546
40,2770,-12,-27.0927835051546
40,2771,-15,-16.1671554252199
40,2772,2,-16.1671554252199
40,2773,22,-16.1671554252199
40,2774,79,70.2695652173913
40,2775,313,210.246031746032
40,2776,269,210.246031746032
40,2777,-292,-290.529411764706
40,2778,-142,-141.052631578947
40,2779,53,-138.952380952381
40,2780,101,-20.2888888888889
40,2781,-42,-20.2888888888889
40,2782,68,-27.0927835051546
40,2783,90,-102.51724137931
40,2784,2,90.8444444444444
40,2785,89,89.7
40,2786,-71,-102.51724137931
40,2787,-94,-63.7428571428571
40,2788,-96,-63.7428571428571
40,2789,-53,-63.7428571428571
40,2790,-26,-63.7428571428571
40,2791,-103,-16.1671554252199
40,2792,-6,-27.0927835051546
40,2793,-89,-16.1671554252199
40,2794,-10,-63.7428571428571
40,2795,-34,-16.1671554252199
40,2796,-23,1.04779411764706
40,2797,10,-16.1671554252199
40,2798,14,70.2695652173913
40,2799,30,70.2695652173913
40,2800,96,70.2695652173913
40,2801,75,189.384615384615
40,2802,180,-34.8181818181818
40,2803,75,90.8444444444444
40,2804,-21,-141.052631578947
40,2805,33,1.04779411764706
40,2806,10,-11.3893805309735
40,2807,49,-11.3893805309735
40,2808,-101,-94.3
40,2809,1,-63.7428571428571
40,2810,-21,-16.1671554252199
40,2811,-50,89.7
40,2812,-185,-63.7428571428571
40,2813,-103,-27.0927835051546
40,2814,-26,-63.7428571428571
40,2815,67,-16.1671554252199
40,2816,-46,149.758620689655
40,2817,-26,-27.0927835051546
40,2818,11,-16.1671554252199
40,2819,-42,70.2695652173913
40,2820,-20,-63.7428571428571
40,2821,-10,-16.1671554252199
40,2822,3,-16.1671554252199
40,2823,27,1.04779411764706
40,2824,87,70.2695652173913
40,2825,103,149.758620689655
40,2826,156,210.246031746032
40,2827,101,90.8444444444444
40,2828,56,28.1666666666667
40,2829,-52,-94.3
40,2830,-36,-63.7428571428571
40,2831,-102,-63.7428571428571
40,2832,119,-63.7428571428571
40,2833,29,-20.2888888888889
40,2834,-3,-11.3893805309735
40,2835,-208,89.7
40,2836,-188,-27.0927835051546
40,2837,67,-5.82758620689655
40,2838,-5,166.64406779661
40,2839,-43,1.04779411764706
40,2840,-19,-27.0927835051546
40,2841,-49,-16.1671554252199
40,2842,-15,-63.7428571428571
40,2843,-12,-16.1671554252199
40,2844,-17,-16.1671554252199
40,2845,-7,-16.1671554252199
40,2846,11,-16.1671554252199
40,2847,28,70.2695652173913
40,2848,84,70.2695652173913
40,2849,102,180.199233716475
40,2850,130,-34.8181818181818
40,2851,100,90.8444444444444
40,2852,84,28.1666666666667
40,2853,23,-94.3
40,2854,-54,-11.3893805309735
40,2855,-63,-63.7428571428571
40,2856,51,-63.7428571428571
40,2857,-2,-20.2888888888889
40,2858,-16,1.04779411764706
40,2859,-108,1.04779411764706
40,2860,-113,-63.7428571428571
40,2861,-77,-63.7428571428571
40,2862,-63,-63.7428571428571
40,2863,-51,-63.7428571428571
40,2864,-41,-27.0927835051546
40,2865,-5,-27.0927835051546
40,2866,-19,-16.1671554252199
40,2867,5,1.04779411764706
40,2868,-2,-16.1671554252199
40,2869,30,1.04779411764706
40,2870,134,70.2695652173913
40,2871,321,210.246031746032
40,2872,139,-82.9444444444444
40,2873,-309,-229.64375
40,2874,-151,-90.625
40,2875,26,-5.82758620689655
40,2876,89,46.12
40,2877,-12,-20.2888888888889
40,2878,-1,1.04779411764706
40,2879,18,-16.1671554252199
40,2880,166,121.372093023256
40,2881,398,297.684210526316
40,2882,-17,-82.9444444444444
40,2883,-287,-171.64
40,2884,-167,-138.952380952381
40,2885,-117,-5.82758620689655
40,2886,-89,-63.7428571428571
40,2887,-84,-63.7428571428571
40,2888,-58,-27.0927835051546
40,2889,-24,-27.0927835051546
40,2890,-4,4.4
40,2891,-5,-16.1671554252199
40,2892,1,1.04779411764706
40,2893,35,1.04779411764706
40,2894,170,70.2695652173913
40,2895,290,210.246031746032
40,2896,225,-82.9444444444444
40,2897,-435,-229.64375
40,2898,-55,-141.052631578947
40,2899,-18,-5.82758620689655
40,2900,49,-16.1671554252199
40,2901,-32,-20.2888888888889
40,2902,-23,1.04779411764706
40,2903,34,-16.1671554252199
40,2904,185,121.372093023256
40,2905,433,297.684210526316
40,2906,-24,-82.9444444444444
40,2907,-177,-171.64
40,2908,-250,-138.952380952381
40,2909,-116,-63.7428571428571
40,2910,-77,-5.82758620689655
40,2911,-69,-63.7428571428571
40,2912,-85,-27.0927835051546
40,2913,-47,-27.0927835051546
40,2914,-10,-27.0927835051546
40,2915,1,4.4
40,2916,-1,1.04779411764706
40,2917,30,1.04779411764706
40,2918,162,70.2695652173913
40,2919,282,210.246031746032
40,2920,164,-82.9444444444444
40,2921,-523,-229.64375
40,2922,-74,-141.052631578947
40,2923,13,-5.82758620689655
40,2924,75,46.12
40,2925,54,-20.2888888888889
40,2926,25,-20.2888888888889
40,2927,54,-11.3893805309735
40,2928,146,90.8444444444444
40,2929,392,297.684210526316
40,2930,27,28.1666666666667
40,2931,-277,-141.052631578947
40,2932,-152,-138.952380952381
40,2933,-134,-5.82758620689655
40,2934,-55,-63.7428571428571
40,2935,-48,-63.7428571428571
40,2936,-73,-27.0927835051546
40,2937,-67,-27.0927835051546
40,2938,-18,-27.0927835051546
40,2939,-2,-16.1671554252199
40,2940,-1,-16.1671554252199
40,2941,32,1.04779411764706
40,2942,100,70.2695652173913
40,2943,346,210.246031746032
40,2944,233,210.246031746032
40,2945,-375,-229.64375
40,2946,-120,-141.052631578947
40,2947,72,-5.82758620689655
40,2948,27,-20.2888888888889
40,2949,31,-11.3893805309735
40,2950,-101,-11.3893805309735
40,2951,78,-27.0927835051546
40,2952,139,90.8444444444444
40,2953,302,297.684210526316
40,2954,20,28.1666666666667
40,2955,-224,-171.64
40,2956,-177,-138.952380952381
40,2957,-90,-5.82758620689655
40,2958,-2,-63.7428571428571
40,2959,-51,-16.1671554252199
40,2960,-98,-27.0927835051546
40,2961,-33,-27.0927835051546
40,2962,-40,4.4
40,2963,-34,-63.7428571428571
40,2964,-32,-16.1671554252199
40,2965,4,-16.1671554252199
40,2966,19,-16.1671554252199
40,2967,48,70.2695652173913
40,2968,148,166.64406779661
40,2969,118,210.246031746032
40,2970,74,-229.64375
40,2971,156,-34.8181818181818
40,2972,116,7.76666666666667
40,2973,-26,28.1666666666667
40,2974,-42,1.04779411764706
40,2975,-114,-63.7428571428571
40,2976,-398,-63.7428571428571
40,2977,57,-63.7428571428571
40,2978,-4,-20.2888888888889
40,2979,48,1.04779411764706
40,2980,-21,106.6
40,2981,-13,1.04779411764706
40,2982,13,-16.1671554252199
40,2983,-61,121.372093023256
40,2984,-9,-63.7428571428571
40,2985,0,-16.1671554252199
40,2986,-28,1.04779411764706
40,2987,-50,1.04779411764706
40,2988,-18,-63.7428571428571
40,2989,27,-16.1671554252199
40,2990,-20,75.3529411764706
40,2991,35,1.04779411764706
40,2992,100,70.2695652173913
40,2993,129,90.8444444444444
40,2994,196,210.246031746032
40,2995,90,-229.64375
40,2996,172,-141.052631578947
40,2997,-28,90.8444444444444
40,2998,-82,-141.052631578947
40,2999,49,-63.7428571428571
40,3000,5,-20.2888888888889
40,3001,-30,1.04779411764706
40,3002,-111,1.04779411764706
40,3003,-64,-27.0927835051546
40,3004,-140,-63.7428571428571
40,3005,-150,-63.7428571428571
40,3006,-17,-63.7428571428571
40,3007,-97,-16.1671554252199
40,3008,-51,-27.0927835051546
40,3009,-23,-27.0927835051546
40,3010,-1,-16.1671554252199
40,3011,-5,-16.1671554252199
40,3012,-7,1.04779411764706
40,3013,35,1.04779411764706
40,3014,140,70.2695652173913
40,3015,267,210.246031746032
40,3016,283,-82.9444444444444
40,3017,-369,-290.529411764706
40,3018,-151,-141.052631578947
40,3019,26,-138.952380952381
40,3020,96,70.2695652173913
40,3021,-9,-20.2888888888889
40,3022,17,1.04779411764706
40,3023,6,-11.3893805309735
40,3024,142,121.372093023256
40,3025,383,297.684210526316
40,3026,97,-82.9444444444444
40,3027,-335,-141.052631578947
40,3028,-243,-138.952380952381
40,3029,-105,-5.82758620689655
40,3030,-126,-5.82758620689655
40,3031,-66,-63.7428571428571
40,3032,-61,-27.0927835051546
40,3033,-22,-27.0927835051546
40,3034,-4,4.4
40,3035,2,4.4
40,3036,1,1.04779411764706
40,3037,35,1.04779411764706
40,3038,167,70.2695652173913
40,3039,385,210.246031746032
40,3040,154,-82.9444444444444
40,3041,-392,-229.64375
40,3042,-162,-90.625
40,3043,51,-5.82758620689655
40,3044,69,-20.2888888888889
40,3045,12,-20.2888888888889
40,3046,-73,-11.3893805309735
40,3047,71,-27.0927835051546
40,3048,210,90.8444444444444
40,3049,434,297.684210526316
40,3050,-93,-141.052631578947
40,3051,-281,-171.64
40,3052,-135,-138.952380952381
40,3053,-151,-5.82758620689655
40,3054,-94,-63.7428571428571
40,3055,-107,-27.0927835051546
40,3056,-60,-27.0927835051546
40,3057,-28,-27.0927835051546
40,3058,-10,4.4
40,3059,-4,-16.1671554252199
40,3060,-2,1.04779411764706
40,3061,43,1.04779411764706
40,3062,157,70.2695652173913
40,3063,352,210.246031746032
40,3064,213,-82.9444444444444
40,3065,-442,-229.64375
40,3066,-123,-141.052631578947
40,3067,27,-5.82758620689655
40,3068,120,46.12
40,3069,-29,-20.2888888888889
40,3070,-45,-109.954545454545
40,3071,40,-27.0927835051546
40,3072,191,121.372093023256
40,3073,416,297.684210526316
40,3074,52,-82.9444444444444
40,3075,-342,-229.64375
40,3076,-165,-138.952380952381
40,3077,-164,-5.82758620689655
40,3078,-94,-63.7428571428571
40,3079,-85,-63.7428571428571
40,3080,-70,-27.0927835051546
40,3081,-29,-27.0927835051546
40,3082,-19,4.4
40,3083,2,-16.1671554252199
40,3084,-5,-16.1671554252199
40,3085,51,1.04779411764706
40,3086,138,166.64406779661
40,3087,376,210.246031746032
40,3088,187,-290.529411764706
40,3089,-420,-229.64375
40,3090,-126,-141.052631578947
40,3091,42,-5.82758620689655
40,3092,43,70.2695652173913
40,3093,-14,-11.3893805309735
40,3094,-9,1.04779411764706
40,3095,78,-16.1671554252199
40,3096,139,90.8444444444444
40,3097,393,297.684210526316
40,3098,-32,-290.529411764706
40,3099,-178,-171.64
40,3100,-211,-138.952380952381
40,3101,-146,-63.7428571428571
40,3102,-66,-5.82758620689655
40,3103,-81,-63.7428571428571
40,3104,-83,-27.0927835051546
40,3105,-46,-27.0927835051546
40,3106,-11,-27.0927835051546
40,3107,-16,4.4
40,3108,-2,1.04779411764706
40,3109,29,-16.1671554252199
40,3110,111,70.2695652173913
40,3111,302,210.246031746032
40,3112,312,210.246031746032
40,3113,-419,-290.529411764706
40,3114,-101,-141.052631578947
40,3115,34,-138.952380952381
40,3116,129,46.12
40,3117,-1,-20.2888888888889
40,3118,-37,-109.954545454545
40,3119,-4,-27.0927835051546
40,3120,196,121.372093023256
40,3121,331,297.684210526316
40,3122,-86,-82.9444444444444
40,3123,-229,-171.64
40,3124,-175,-138.952380952381
40,3125,-92,-5.82758620689655
40,3126,-83,-63.7428571428571
40,3127,-34,-27.0927835051546
40,3128,12,-16.1671554252199
40,3129,-98,75.3529411764706
40,3130,-16,-27.0927835051546
40,3131,-56,-16.1671554252199
40,3132,-31,-63.7428571428571
40,3133,10,-16.1671554252199
40,3134,17,70.2695652173913
40,3135,40,70.2695652173913
40,3136,139,75.3529411764706
40,3137,130,189.384615384615
40,3138,100,28.1666666666667
40,3139,185,28.1666666666667
40,3140,79,7.76666666666667
40,3141,-2,-141.052631578947
40,3142,11,1.04779411764706
40,3143,-61,-11.3893805309735
40,3144,129,-63.7428571428571
40,3145,-54,-20.2888888888889
40,3146,-115,-109.954545454545
40,3147,-136,-63.7428571428571
40,3148,-148,-63.7428571428571
40,3149,-34,-63.7428571428571
40,3150,-17,-16.1671554252199
40,3151,-50,-16.1671554252199
40,3152,-78,-27.0927835051546
40,3153,-34,-27.0927835051546
40,3154,-28,-16.1671554252199
40,3155,-41,-16.1671554252199
40,3156,-40,-63.7428571428571
40,3157,5,-27.0927835051546
40,3158,22,-16.1671554252199
40,3159,36,70.2695652173913
40,3160,57,70.2695652173913
40,3161,168,166.64406779661
40,3162,194,90.8444444444444
40,3163,69,-141.052631578947
40,3164,97,-141.052631578947
40,3165,38,7.76666666666667
40,3166,-59,-11.3893805309735
40,3167,-78,-63.7428571428571
40,3168,39,-63.7428571428571
40,3169,-26,-11.3893805309735
40,3170,-89,89.7
40,3171,-78,-63.7428571428571
40,3172,-79,-27.0927835051546
40,3173,-133,-63.7428571428571
40,3174,-64,-63.7428571428571
40,3175,-33,-27.0927835051546
40,3176,-49,-16.1671554252199
40,3177,-24,-27.0927835051546
40,3178,-8,-16.1671554252199
40,3179,-6,-16.1671554252199
40,3180,4,1.04779411764706
40,3181,34,1.04779411764706
40,3182,119,70.2695652173913
40,3183,328,210.246031746032
40,3184,191,180.199233716475
40,3185,-384,-229.64375
40,3186,-97,-141.052631578947
40,3187,50,-5.82758620689655
40,3188,43,-20.2888888888889
40,3189,48,-11.3893805309735
40,3190,-11,-102.51724137931
40,3191,6,1.04779411764706
40,3192,115,121.372093023256
40,3193,389,297.684210526316
40,3194,-68,-20.2888888888889
40,3195,-288,-171.64
40,3196,-146,-138.952380952381
40,3197,-107,-5.82758620689655
40,3198,-104,-63.7428571428571
40,3199,-59,-27.0927835051546
40,3200,-57,-27.0927835051546
40,3201,-8,-27.0927835051546
40,3202,-1,4.4
40,3203,2,1.04779411764706
40,3204,1,1.04779411764706
40,3205,41,1.04779411764706
40,3206,119,70.2695652173913
40,3207,189,210.246031746032
40,3208,316,180.199233716475
40,3209,-379,-290.529411764706
40,3210,-133,-141.052631578947
40,3211,-9,-138.952380952381
40,3212,-63,-16.1671554252199
40,3213,26,-63.7428571428571
40,3214,29,-11.3893805309735
40,3215,-107,-11.3893805309735
40,3216,105,-63.7428571428571
40,3217,197,297.684210526316
40,3218,-57,189.384615384615
40,3219,43,-141.052631578947
40,3220,-34,70.2695652173913
40,3221,-83,1.04779411764706
40,3222,-56,-63.7428571428571
40,3223,-73,-63.7428571428571
40,3224,-52,-63.7428571428571
40,3225,-14,-63.7428571428571
40,3226,-9,-16.1671554252199
40,3227,2,-16.1671554252199
40,3228,5,1.04779411764706
40,3229,46,1.04779411764706
40,3230,116,70.2695652173913
40,3231,373,210.246031746032
40,3232,252,180.199233716475
40,3233,-435,-290.529411764706
40,3234,-170,-141.052631578947
40,3235,55,-138.952380952381
40,3236,66,-20.2888888888889
40,3237,-24,-20.2888888888889
40,3238,-3,1.04779411764706
40,3239,25,-16.1671554252199
40,3240,155,121.372093023256
40,3241,420,297.684210526316
40,3242,6,-82.9444444444444
40,3243,-281,-171.64
40,3244,-202,-138.952380952381
40,3245,-60,-5.82758620689655
40,3246,-120,-5.82758620689655
40,3247,-106,-63.7428571428571
40,3248,-65,-27.0927835051546
40,3249,-40,-27.0927835051546
40,3250,-7,-63.7428571428571
40,3251,-5,4.4
40,3252,0,1.04779411764706
40,3253,50,1.04779411764706
40,3254,114,166.64406779661
40,3255,364,210.246031746032
40,3256,256,210.246031746032
40,3257,-435,-290.529411764706
40,3258,-165,-141.052631578947
40,3259,53,-138.952380952381
40,3260,47,-20.2888888888889
40,3261,46,-20.2888888888889
40,3262,-38,-11.3893805309735
40,3263,-7,-27.0927835051546
40,3264,166,121.372093023256
40,3265,519,297.684210526316
40,3266,-76,-141.052631578947
40,3267,-297,-171.64
40,3268,-186,-138.952380952381
40,3269,-143,-5.82758620689655
40,3270,13,-63.7428571428571
40,3271,-133,70.2695652173913
40,3272,-88,-27.0927835051546
40,3273,-17,-27.0927835051546
40,3274,-35,121.372093023256
40,3275,-2,-16.1671554252199
40,3276,-2,-16.1671554252199
40,3277,39,1.04779411764706
40,3278,116,75.3529411764706
40,3279,338,210.246031746032
40,3280,254,180.199233716475
40,3281,-374,-290.529411764706
40,3282,-158,-141.052631578947
40,3283,96,-138.952380952381
40,3284,68,-20.2888888888889
40,3285,32,-20.2888888888889
40,3286,-9,-11.3893805309735
40,3287,11,1.04779411764706
40,3288,144,121.372093023256
40,3289,279,297.684210526316
40,3290,-41,28.1666666666667
40,3291,-217,-171.64
40,3292,-219,-138.952380952381
40,3293,-57,-5.82758620689655
40,3294,-17,-5.82758620689655
40,3295,-109,-16.1671554252199
40,3296,-14,-27.0927835051546
40,3297,-48,-16.1671554252199
40,3298,-41,-63.7428571428571
40,3299,-38,-63.7428571428571
40,3300,-30,-27.0927835051546
40,3301,2,-16.1671554252199
40,3302,24,-16.1671554252199
40,3303,36,70.2695652173913
40,3304,141,70.2695652173913
40,3305,159,210.246031746032
40,3306,97,-82.9444444444444
40,3307,152,-141.052631578947
40,3308,62,7.76666666666667
40,3309,19,28.1666666666667
40,3310,-53,-11.3893805309735
40,3311,96,-63.7428571428571
40,3312,-70,-20.2888888888889
40,3313,-34,-63.7428571428571
40,3314,-48,-16.1671554252199
40,3315,-191,-63.7428571428571
40,3316,-82,-63.7428571428571
40,3317,-64,-27.0927835051546
40,3318,-22,-63.7428571428571
40,3319,-68,-16.1671554252199
40,3320,9,-27.0927835051546
40,3321,-38,-16.1671554252199
40,3322,-47,-27.0927835051546
40,3323,-41,-63.7428571428571
40,3324,-44,-27.0927835051546
40,3325,-4,-63.7428571428571
40,3326,10,-16.1671554252199
40,3327,41,70.2695652173913
40,3328,118,75.3529411764706
40,3329,101,210.246031746032
40,3330,213,-34.8181818181818
40,3331,81,-34.8181818181818
40,3332,206,-141.052631578947
40,3333,-74,-94.3
40,3334,-36,-141.052631578947
40,3335,-26,-63.7428571428571
40,3336,51,-16.1671554252199
40,3337,32,-20.2888888888889
40,3338,-183,-11.3893805309735
40,3339,-127,-63.7428571428571
40,3340,-161,-63.7428571428571
40,3341,-56,-63.7428571428571
40,3342,-58,-63.7428571428571
40,3343,-38,-27.0927835051546
40,3344,-36,-27.0927835051546
40,3345,-46,-27.0927835051546
40,3346,-10,-63.7428571428571
40,3347,-3,-16.1671554252199
40,3348,3,1.04779411764706
40,3349,29,1.04779411764706
40,3350,131,70.2695652173913
40,3351,362,180.199233716475
40,3352,220,-82.9444444444444
40,3353,-422,-229.64375
40,3354,-130,-141.052631578947
40,3355,40,-5.82758620689655
40,3356,104,46.12
40,3357,-14,-20.2888888888889
40,3358,-25,1.04779411764706
40,3359,-3,-16.1671554252199
40,3360,216,121.372093023256
40,3361,382,297.684210526316
40,3362,-45,-82.9444444444444
40,3363,-263,-171.64
40,3364,-158,-138.952380952381
40,3365,-176,-5.82758620689655
40,3366,-84,-63.7428571428571
40,3367,-78,-63.7428571428571
40,3368,-30,-27.0927835051546
40,3369,-51,-16.1671554252199
40,3370,1,-27.0927835051546
40,3371,-9,-16.1671554252199
40,3372,4,1.04779411764706
40,3373,38,1.04779411764706
40,3374,147,70.2695652173913
40,3375,362,180.199233716475
40,3376,249,-82.9444444444444
40,3377,-396,-290.529411764706
40,3378,-239,-141.052631578947
40,3379,48,-5.82758620689655
40,3380,84,-20.2888888888889
40,3381,3,-20.2888888888889
40,3382,-12,1.04779411764706
40,3383,10,1.04779411764706
40,3384,192,121.372093023256
40,3385,472,297.684210526316
40,3386,-145,-82.9444444444444
40,3387,-283,-171.64
40,3388,-114,-138.952380952381
40,3389,-128,-5.82758620689655
40,3390,-109,-63.7428571428571
40,3391,-90,-27.0927835051546
40,3392,-58,-27.0927835051546
40,3393,-11,-27.0927835051546
40,3394,-12,4.4
40,3395,-7,1.04779411764706
40,3396,4,-16.1671554252199
40,3397,22,1.04779411764706
40,3398,146,70.2695652173913
40,3399,350,210.246031746032
40,3400,306,-82.9444444444444
40,3401,-504,-290.529411764706
40,3402,-149,-141.052631578947
40,3403,42,-138.952380952381
40,3404,89,46.12
40,3405,24,-20.2888888888889
40,3406,-63,-11.3893805309735
40,3407,23,-27.0927835051546
40,3408,168,121.372093023256
40,3409,485,297.684210526316
40,3410,-69,-141.052631578947
40,3411,-257,-171.64
40,3412,-193,-138.952380952381
40,3413,-74,-5.82758620689655
40,3414,-145,-63.7428571428571
40,3415,-100,-27.0927835051546
40,3416,-50,-27.0927835051546
40,3417,-44,-27.0927835051546
40,3418,-5,-27.0927835051546
40,3419,-9,4.4
40,3420,1,1.04779411764706
40,3421,58,1.04779411764706
40,3422,103,166.64406779661
40,3423,389,210.246031746032
40,3424,236,210.246031746032
40,3425,-459,-290.529411764706
40,3426,-127,-141.052631578947
40,3427,86,-5.82758620689655
40,3428,41,-20.2888888888889
40,3429,-9,-11.3893805309735
40,3430,-68,1.04779411764706
40,3431,38,-27.0927835051546
40,3432,176,121.372093023256
40,3433,433,297.684210526316
40,3434,-6,-82.9444444444444
40,3435,-340,-171.64
40,3436,-102,-138.952380952381
40,3437,-204,-5.82758620689655
40,3438,-206,-63.7428571428571
40,3439,-2,-5.82758620689655
40,3440,-28,-16.1671554252199
40,3441,-4,89.7
40,3442,-3,4.4
40,3443,-3,1.04779411764706
40,3444,5,4.4
40,3445,26,4.4
40,3446,100,70.2695652173913
40,3447,256,180.199233716475
40,3448,311,-102.51724137931
40,3449,-279,-290.529411764706
40,3450,-181,-141.052631578947
40,3451,116,-138.952380952381
40,3452,19,-20.2888888888889
40,3453,30,46.12
40,3454,-11,-11.3893805309735
40,3455,-7,1.04779411764706
40,3456,110,121.372093023256
40,3457,306,248.196850393701
40,3458,-141,-20.2888888888889
40,3459,-159,-171.64
40,3460,-172,-138.952380952381
40,3461,-99,-63.7428571428571
40,3462,-17,-63.7428571428571
40,3463,-30,-16.1671554252199
40,3464,-41,-16.1671554252199
40,3465,-48,-27.0927835051546
40,3466,-9,-27.0927835051546
40,3467,-63,-16.1671554252199
40,3468,-15,-63.7428571428571
40,3469,1,-16.1671554252199
40,3470,22,-16.1671554252199
40,3471,36,70.2695652173913
40,3472,138,70.2695652173913
40,3473,121,180.199233716475
40,3474,140,-82.9444444444444
40,3475,191,28.1666666666667
40,3476,19,28.1666666666667
40,3477,4,-141.052631578947
40,3478,64,1.04779411764706
40,3479,-23,-20.2888888888889
40,3480,-5,1.04779411764706
40,3481,-10,-16.1671554252199
40,3482,-118,1.04779411764706
40,3483,-124,-63.7428571428571
40,3484,-155,-63.7428571428571
40,3485,-23,-63.7428571428571
40,3486,-71,-16.1671554252199
40,3487,-25,-27.0927835051546
40,3488,-49,-16.1671554252199
40,3489,-31,-27.0927835051546
40,3490,-24,-16.1671554252199
40,3491,-34,-16.1671554252199
40,3492,-51,-16.1671554252199
40,3493,3,-63.7428571428571
40,3494,12,-16.1671554252199
40,3495,35,70.2695652173913
40,3496,87,70.2695652173913
40,3497,141,180.199233716475
40,3498,194,90.8444444444444
40,3499,112,28.1666666666667
40,3500,89,-141.052631578947
40,3501,-86,-94.3
40,3502,18,-63.7428571428571
40,3503,37,-11.3893805309735
40,3504,-1,-11.3893805309735
40,3505,-73,1.04779411764706
40,3506,-174,-27.0927835051546
40,3507,-144,-63.7428571428571
40,3508,-63,-63.7428571428571
40,3509,-71,-63.7428571428571
40,3510,-32,-27.0927835051546
40,3511,-34,-16.1671554252199
40,3512,-12,-16.1671554252199
40,3513,-27,-16.1671554252199
40,3514,-6,-16.1671554252199
40,3515,-5,-16.1671554252199
40,3516,3,1.04779411764706
40,3517,26,1.04779411764706
40,3518,119,70.2695652173913
40,3519,328,180.199233716475
40,3520,301,180.199233716475
40,3521,-444,-290.529411764706
40,3522,-161,-141.052631578947
40,3523,93,-138.952380952381
40,3524,51,-20.2888888888889
40,3525,-18,-20.2888888888889
40,3526,-61,1.04779411764706
40,3527,85,-27.0927835051546
40,3528,130,90.8444444444444
40,3529,397,297.684210526316
40,3530,-243,-290.529411764706
40,3531,-97,-171.64
40,3532,-254,-138.952380952381
40,3533,-44,-63.7428571428571
40,3534,-11,-5.82758620689655
40,3535,-102,-16.1671554252199
40,3536,-74,-27.0927835051546
40,3537,-20,-27.0927835051546
40,3538,-9,-16.1671554252199
40,3539,3,4.4
40,3540,5,1.04779411764706
40,3541,33,1.04779411764706
40,3542,136,70.2695652173913
40,3543,81,210.246031746032
40,3544,-126,-82.9444444444444
40,3545,-48,-63.7428571428571
40,3546,-41,-63.7428571428571
40,3547,54,-63.7428571428571
40,3548,5,-20.2888888888889
40,3549,50,1.04779411764706
40,3550,9,-102.51724137931
40,3551,46,1.04779411764706
40,3552,165,70.2695652173913
40,3553,341,-34.8181818181818
40,3554,-28,-141.052631578947
40,3555,-292,-141.052631578947
40,3556,-89,-138.952380952381
40,3557,-17,-5.82758620689655
40,3558,-49,-16.1671554252199
40,3559,-142,-63.7428571428571
40,3560,-46,-27.0927835051546
40,3561,-33,-27.0927835051546
40,3562,-10,4.4
40,3563,-2,-16.1671554252199
40,3564,4,1.04779411764706
40,3565,23,1.04779411764706
40,3566,143,70.2695652173913
40,3567,338,210.246031746032
40,3568,294,-82.9444444444444
40,3569,-447,-290.529411764706
40,3570,-187,-141.052631578947
40,3571,55,-138.952380952381
40,3572,128,-20.2888888888889
40,3573,-79,-20.2888888888889
40,3574,-28,-109.954545454545
40,3575,68,-16.1671554252199
40,3576,159,90.8444444444444
40,3577,439,297.684210526316
40,3578,-107,-290.529411764706
40,3579,-217,-171.64
40,3580,-96,-138.952380952381
40,3581,-288,-5.82758620689655
40,3582,32,-63.7428571428571
40,3583,-21,-11.3893805309735
40,3584,-144,1.04779411764706
40,3585,-51,-27.0927835051546
40,3586,-12,-27.0927835051546
40,3587,-2,-16.1671554252199
40,3588,-1,4.4
40,3589,29,1.04779411764706
40,3590,94,-11.3893805309735
40,3591,258,210.246031746032
40,3592,347,210.246031746032
40,3593,-379,-290.529411764706
40,3594,-182,-141.052631578947
40,3595,37,-138.952380952381
40,3596,74,46.12
40,3597,6,-20.2888888888889
40,3598,-27,1.04779411764706
40,3599,58,1.04779411764706
40,3600,172,90.8444444444444
40,3601,404,297.684210526316
40,3602,-14,-141.052631578947
40,3603,-353,-171.64
40,3604,-93,-138.952380952381
40,3605,-120,-5.82758620689655
40,3606,-89,-63.7428571428571
40,3607,-77,-63.7428571428571
40,3608,-53,-27.0927835051546
40,3609,-56,-27.0927835051546
40,3610,-35,-27.0927835051546
40,3611,5,-16.1671554252199
40,3612,-5,-16.1671554252199
40,3613,30,1.04779411764706
40,3614,96,70.2695652173913
40,3615,291,210.246031746032
40,3616,357,210.246031746032
40,3617,-401,-290.529411764706
40,3618,-124,-141.052631578947
40,3619,44,-138.952380952381
40,3620,164,70.2695652173913
40,3621,-44,-20.2888888888889
40,3622,-24,-109.954545454545
40,3623,70,-16.1671554252199
40,3624,164,90.8444444444444
40,3625,266,297.684210526316
40,3626,-139,-290.529411764706
40,3627,-261,-171.64
40,3628,-128,-138.952380952381
40,3629,-105,-5.82758620689655
40,3630,-3,-63.7428571428571
40,3631,-93,-16.1671554252199
40,3632,20,-27.0927835051546
40,3633,-50,75.3529411764706
40,3634,-66,-27.0927835051546
40,3635,-19,-63.7428571428571
40,3636,-45,-16.1671554252199
40,3637,-1,-63.7428571428571
40,3638,20,-16.1671554252199
40,3639,54,70.2695652173913
40,3640,122,106.6
40,3641,189,210.246031746032
40,3642,144,-229.64375
40,3643,108,-141.052631578947
40,3644,96,28.1666666666667
40,3645,-33,-94.3
40,3646,-134,1.04779411764706
40,3647,44,-63.7428571428571
40,3648,39,-11.3893805309735
40,3649,-49,-11.3893805309735
40,3650,-115,-63.7428571428571
40,3651,-154,-27.0927835051546
40,3652,-94,-63.7428571428571
40,3653,-32,-63.7428571428571
40,3654,-30,-16.1671554252199
40,3655,-6,-16.1671554252199
40,3656,-52,-16.1671554252199
40,3657,-18,-27.0927835051546
40,3658,-35,-16.1671554252199
40,3659,-52,-16.1671554252199
40,3660,-11,-63.7428571428571
40,3661,-1,-16.1671554252199
40,3662,13,1.04779411764706
40,3663,12,70.2695652173913
40,3664,27,70.2695652173913
40,3665,24,70.2695652173913
40,3666,99,70.2695652173913
40,3667,151,90.8444444444444
40,3668,56,-20.2888888888889
40,3669,-72,28.1666666666667
40,3670,-6,-63.7428571428571
40,3671,-8,-16.1671554252199
40,3672,27,1.04779411764706
40,3673,-176,-11.3893805309735
40,3674,-51,-27.0927835051546
40,3675,8,-63.7428571428571
40,3676,2,-16.1671554252199
40,3677,-3,1.04779411764706
40,3678,-34,1.04779411764706
40,3679,1,1.04779411764706
40,3680,-29,-16.1671554252199
40,3681,-14,1.04779411764706
40,3682,-22,-16.1671554252199
40,3683,-5,-16.1671554252199
40,3684,-3,-16.1671554252199
40,3685,12,1.04779411764706
40,3686,40,70.2695652173913
40,3687,95,-11.3893805309735
40,3688,243,180.199233716475
40,3689,-65,90.8444444444444
40,3690,-34,-141.052631578947
40,3691,10,-16.1671554252199
40,3692,33,-11.3893805309735
40,3693,64,-11.3893805309735
40,3694,15,-20.2888888888889
40,3695,-50,-11.3893805309735
40,3696,7,-63.7428571428571
40,3697,120,-16.1671554252199
40,3698,-41,-20.2888888888889
40,3699,-85,-90.625
40,3700,-144,-63.7428571428571
40,3701,-76,-63.7428571428571
40,3702,-44,-63.7428571428571
40,3703,-38,-63.7428571428571
40,3704,-38,-27.0927835051546
40,3705,-18,-27.0927835051546
40,3706,-6,-16.1671554252199
40,3707,-4,-16.1671554252199
40,3708,4,1.04779411764706
40,3709,12,1.04779411764706
40,3710,124,70.2695652173913
40,3711,219,210.246031746032
40,3712,351,-82.9444444444444
40,3713,-331,-290.529411764706
40,3714,-218,-141.052631578947
40,3715,29,-138.952380952381
40,3716,67,46.12
40,3717,-22,-20.2888888888889
40,3718,6,1.04779411764706
40,3719,10,-16.1671554252199
40,3720,170,121.372093023256
40,3721,382,297.684210526316
40,3722,-22,-82.9444444444444
40,3723,-270,-141.052631578947
40,3724,-154,-138.952380952381
40,3725,-135,-5.82758620689655
40,3726,-63,-63.7428571428571
40,3727,-78,-63.7428571428571
40,3728,-51,-27.0927835051546
40,3729,-25,-27.0927835051546
40,3730,0,4.4
40,3731,-2,-16.1671554252199
40,3732,0,1.04779411764706
40,3733,34,1.04779411764706
40,3734,135,70.2695652173913
40,3735,332,210.246031746032
40,3736,332,-82.9444444444444
40,3737,-473,-290.529411764706
40,3738,-149,-141.052631578947
40,3739,74,-138.952380952381
40,3740,99,-20.2888888888889
40,3741,-93,-20.2888888888889
40,3742,-26,-27.0927835051546
40,3743,48,-16.1671554252199
40,3744,247,90.8444444444444
40,3745,382,297.684210526316
40,3746,-104,-290.529411764706
40,3747,-278,-171.64
40,3748,-174,-138.952380952381
40,3749,-123,-5.82758620689655
40,3750,-72,-63.7428571428571
40,3751,-61,-27.0927835051546
40,3752,-94,-27.0927835051546
40,3753,-31,-27.0927835051546
40,3754,0,4.4
40,3755,-8,-16.1671554252199
40,3756,7,1.04779411764706
40,3757,32,1.04779411764706
40,3758,117,70.2695652173913
40,3759,319,210.246031746032
40,3760,320,180.199233716475
40,3761,-443,-141.052631578947
40,3762,-151,-141.052631578947
40,3763,47,-138.952380952381
40,3764,75,-20.2888888888889
40,3765,-35,-20.2888888888889
40,3766,57,1.04779411764706
40,3767,112,-102.51724137931
40,3768,21,90.8444444444444
40,3769,346,179.166666666667
40,3770,-135,-102.51724137931
40,3771,51,-141.052631578947
40,3772,-328,90.8444444444444
40,3773,-155,-63.7428571428571
40,3774,-83,-5.82758620689655
40,3775,9,-27.0927835051546
40,3776,-118,-16.1671554252199
40,3777,-31,-27.0927835051546
40,3778,-21,-16.1671554252199
40,3779,-10,121.372093023256
40,3780,2,-16.1671554252199
40,3781,27,1.04779411764706
40,3782,108,70.2695652173913
40,3783,249,210.246031746032
40,3784,353,180.199233716475
40,3785,-345,-290.529411764706
40,3786,-125,-141.052631578947
40,3787,38,-138.952380952381
40,3788,74,46.12
40,3789,-6,-20.2888888888889
40,3790,-10,1.04779411764706
40,3791,84,1.04779411764706
40,3792,65,90.8444444444444
40,3793,317,297.684210526316
40,3794,-195,-102.51724137931
40,3795,-149,-171.64
40,3796,-185,-138.952380952381
40,3797,-118,-63.7428571428571
40,3798,-30,-63.7428571428571
40,3799,-60,-16.1671554252199
40,3800,149,-27.0927835051546
40,3801,-103,210.246031746032
40,3802,-79,-109.954545454545
40,3803,-52,-63.7428571428571
40,3804,-4,-63.7428571428571
40,3805,0,-16.1671554252199
40,3806,17,1.04779411764706
40,3807,42,70.2695652173913
40,3808,104,75.3529411764706
40,3809,92,210.246031746032
40,3810,81,-34.8181818181818
40,3811,180,7.76666666666667
40,3812,46,7.76666666666667
40,3813,97,-141.052631578947
40,3814,-73,-94.3
40,3815,18,-63.7428571428571
40,3816,22,-11.3893805309735
40,3817,-109,-11.3893805309735
40,3818,-55,-63.7428571428571
40,3819,-141,-27.0927835051546
40,3820,-77,-63.7428571428571
40,3821,-51,-63.7428571428571
40,3822,-15,-27.0927835051546
40,3823,-64,-16.1671554252199
40,3824,-14,-27.0927835051546
40,3825,1,-16.1671554252199
40,3826,-46,-16.1671554252199
40,3827,-38,-63.7428571428571
40,3828,-16,-27.0927835051546
40,3829,-1,-16.1671554252199
40,3830,13,-16.1671554252199
40,3831,27,70.2695652173913
40,3832,81,70.2695652173913
40,3833,91,210.246031746032
40,3834,205,90.8444444444444
40,3835,66,-34.8181818181818
40,3836,68,-141.052631578947
40,3837,57,-94.3
40,3838,-2,-94.3
40,3839,-49,1.04779411764706
40,3840,13,-63.7428571428571
40,3841,-42,-11.3893805309735
40,3842,-86,-63.7428571428571
40,3843,-117,-63.7428571428571
40,3844,-90,-63.7428571428571
40,3845,-50,-63.7428571428571
40,3846,-71,-63.7428571428571
40,3847,-20,-27.0927835051546
40,3848,-57,-16.1671554252199
40,3849,-19,-27.0927835051546
40,3850,-23,-16.1671554252199
40,3851,-2,-16.1671554252199
40,3852,6,-16.1671554252199
40,3853,30,1.04779411764706
40,3854,107,70.2695652173913
40,3855,329,210.246031746032
40,3856,261,180.199233716475
40,3857,-378,-141.052631578947
40,3858,-191,-141.052631578947
40,3859,95,-138.952380952381
40,3860,21,-20.2888888888889
40,3861,-138,46.12
40,3862,39,-27.0927835051546
40,3863,75,-11.3893805309735
40,3864,187,90.8444444444444
40,3865,319,297.684210526316
40,3866,-174,-290.529411764706
40,3867,-353,-141.052631578947
40,3868,17,-138.952380952381
40,3869,-50,70.2695652173913
40,3870,-80,-63.7428571428571
40,3871,-45,-27.0927835051546
40,3872,-33,-27.0927835051546
40,3873,-35,-16.1671554252199
40,3874,-10,4.4
40,3875,-1,-16.1671554252199
40,3876,5,1.04779411764706
40,3877,45,1.04779411764706
40,3878,120,70.2695652173913
40,3879,353,180.199233716475
40,3880,310,-82.9444444444444
40,3881,-480,-290.529411764706
40,3882,-133,-141.052631578947
40,3883,6,-138.952380952381
40,3884,97,-16.1671554252199
40,3885,3,-20.2888888888889
40,3886,-20,1.04779411764706
40,3887,38,1.04779411764706
40,3888,100,121.372093023256
40,3889,497,297.684210526316
40,3890,-105,-102.51724137931
40,3891,-307,-171.64
40,3892,-99,-138.952380952381
40,3893,-237,-5.82758620689655
40,3894,-14,-63.7428571428571
40,3895,18,-16.1671554252199
40,3896,-150,46.12
40,3897,-32,-27.0927835051546
40,3898,-1,4.4
40,3899,-9,-16.1671554252199
40,3900,-3,4.4
40,3901,37,1.04779411764706
40,3902,137,70.2695652173913
40,3903,286,210.246031746032
40,3904,353,-82.9444444444444
40,3905,-435,-290.529411764706
40,3906,-154,-141.052631578947
40,3907,6,-138.952380952381
40,3908,98,-16.1671554252199
40,3909,-22,-20.2888888888889
40,3910,-40,1.04779411764706
40,3911,31,-27.0927835051546
40,3912,165,121.372093023256
40,3913,422,297.684210526316
40,3914,-4,-82.9444444444444
40,3915,-368,-171.64
40,3916,-102,-138.952380952381
40,3917,-85,-5.82758620689655
40,3918,-114,-63.7428571428571
40,3919,-116,-63.7428571428571
40,3920,-42,-27.0927835051546
40,3921,-43,-27.0927835051546
40,3922,0,-27.0927835051546
40,3923,-9,-16.1671554252199
40,3924,0,1.04779411764706
40,3925,37,1.04779411764706
40,3926,111,70.2695652173913
40,3927,355,210.246031746032
40,3928,326,210.246031746032
40,3929,-447,-290.529411764706
40,3930,-169,-141.052631578947
40,3931,50,-138.952380952381
40,3932,109,-20.2888888888889
40,3933,-45,-20.2888888888889
40,3934,-47,-27.0927835051546
40,3935,68,-27.0927835051546
40,3936,97,90.8444444444444
40,3937,440,297.684210526316
40,3938,-102,-102.51724137931
40,3939,-275,-171.64
40,3940,-126,-138.952380952381
40,3941,-104,-5.82758620689655
40,3942,-54,-63.7428571428571
40,3943,-112,-27.0927835051546
40,3944,-61,-27.0927835051546
40,3945,-40,-27.0927835051546
40,3946,-6,-27.0927835051546
40,3947,-5,-16.1671554252199
40,3948,1,1.04779411764706
40,3949,30,1.04779411764706
40,3950,95,70.2695652173913
40,3951,23,210.246031746032
40,3952,313,70.2695652173913
40,3953,-78,-34.8181818181818
40,3954,-165,-141.052631578947
40,3955,28,-138.952380952381
40,3956,80,-11.3893805309735
40,3957,43,-20.2888888888889
40,3958,-10,-11.3893805309735
40,3959,30,1.04779411764706
40,3960,170,75.3529411764706
40,3961,-140,90.8444444444444
40,3962,-192,-141.052631578947
40,3963,-1,-63.7428571428571
40,3964,-3,-16.1671554252199
40,3965,-23,1.04779411764706
40,3966,-16,1.04779411764706
40,3967,-59,-16.1671554252199
40,3968,-8,-63.7428571428571
40,3969,-28,4.4
40,3970,-17,1.04779411764706
40,3971,-49,-16.1671554252199
40,3972,-11,-63.7428571428571
40,3973,-5,-16.1671554252199
40,3974,18,1.04779411764706
40,3975,34,70.2695652173913
40,3976,128,70.2695652173913
40,3977,170,180.199233716475
40,3978,60,-82.9444444444444
40,3979,189,-141.052631578947
40,3980,91,7.76666666666667
40,3981,11,-141.052631578947
40,3982,-3,-11.3893805309735
40,3983,0,1.04779411764706
40,3984,-20,1.04779411764706
40,3985,40,1.04779411764706
40,3986,-210,-11.3893805309735
40,3987,-176,-63.7428571428571
40,3988,-86,-5.82758620689655
40,3989,37,-63.7428571428571
40,3990,-94,46.12
40,3991,-39,-27.0927835051546
40,3992,-9,-27.0927835051546
40,3993,-37,121.372093023256
40,3994,15,-63.7428571428571
40,3995,-91,70.2695652173913
40,3996,-20,-63.7428571428571
40,3997,-11,-16.1671554252199
40,3998,16,-16.1671554252199
40,3999,30,70.2695652173913
40,4000,87,70.2695652173913
40,4001,126,149.758620689655
40,4002,174,90.8444444444444
40,4003,104,28.1666666666667
40,4004,128,-141.052631578947
40,4005,-49,-94.3
40,4006,14,-90.625
40,4007,-17,-11.3893805309735
40,4008,-32,1.04779411764706
40,4009,-100,-16.1671554252199
40,4010,-78,-63.7428571428571
40,4011,-147,-63.7428571428571
40,4012,-71,-63.7428571428571
40,4013,-29,-63.7428571428571
40,4014,-53,-16.1671554252199
40,4015,-47,-27.0927835051546
40,4016,-35,-27.0927835051546
40,4017,-20,-16.1671554252199
40,4018,-6,-16.1671554252199
40,4019,1,-16.1671554252199
40,4020,1,1.04779411764706
40,4021,39,1.04779411764706
40,4022,98,70.2695652173913
40,4023,308,180.199233716475
40,4024,276,180.199233716475
40,4025,-368,-290.529411764706
40,4026,-148,-141.052631578947
40,4027,-1,-138.952380952381
40,4028,72,-16.1671554252199
40,4029,32,-20.2888888888889
40,4030,-33,-11.3893805309735
40,4031,14,1.04779411764706
40,4032,228,121.372093023256
40,4033,398,297.684210526316
40,4034,-136,-141.052631578947
40,4035,-272,-171.64
40,4036,-111,-138.952380952381
40,4037,-229,-5.82758620689655
40,4038,9,-63.7428571428571
40,4039,-20,-16.1671554252199
40,4040,-126,1.04779411764706
40,4041,-20,-27.0927835051546
40,4042,-10,121.372093023256
40,4043,-6,-16.1671554252199
40,4044,6,4.4
40,4045,43,1.04779411764706
40,4046,108,-11.3893805309735
40,4047,373,210.246031746032
40,4048,230,180.199233716475
40,4049,-427,-141.052631578947
40,4050,-113,-141.052631578947
40,4051,32,-5.82758620689655
40,4052,125,46.12
40,4053,-75,-20.2888888888889
40,4054,-7,-109.954545454545
40,4055,50,-16.1671554252199
40,4056,195,90.8444444444444
40,4057,397,297.684210526316
40,4058,-112,-290.529411764706
40,4059,-344,-171.64
40,4060,-103,-138.952380952381
40,4061,-84,-5.82758620689655
40,4062,-101,-63.7428571428571
40,4063,-83,-27.0927835051546
40,4064,-65,-27.0927835051546
40,4065,-19,-27.0927835051546
40,4066,-21,4.4
40,4067,-2,-16.1671554252199
40,4068,2,-16.1671554252199
40,4069,47,1.04779411764706
40,4070,120,166.64406779661
40,4071,353,210.246031746032
40,4072,275,-290.529411764706
40,4073,-428,-290.529411764706
40,4074,-202,-141.052631578947
40,4075,65,-138.952380952381
40,4076,80,-20.2888888888889
40,4077,-10,-20.2888888888889
40,4078,-5,1.04779411764706
40,4079,7,1.04779411764706
40,4080,224,121.372093023256
40,4081,431,297.684210526316
40,4082,-105,-82.9444444444444
40,4083,-286,-171.64
40,4084,-131,-138.952380952381
40,4085,-128,-5.82758620689655
40,4086,-75,-63.7428571428571
40,4087,-115,-27.0927835051546
40,4088,-47,-27.0927835051546
40,4089,-48,-27.0927835051546
40,4090,-10,-27.0927835051546
40,4091,-10,-16.1671554252199
40,4092,-3,1.04779411764706
40,4093,50,1.04779411764706
40,4094,116,166.64406779661
40,4095,324,210.246031746032
40,4096,284,210.246031746032
40,4097,-436,-290.529411764706
40,4098,-118,-141.052631578947
40,4099,13,-138.952380952381
40,4100,81,46.12
40,4101,-6,-20.2888888888889
40,4102,-28,1.04779411764706
40,4103,20,1.04779411764706
40,4104,194,121.372093023256
40,4105,387,297.684210526316
40,4106,-77,-82.9444444444444
40,4107,-267,-171.64
40,4108,-195,-138.952380952381
40,4109,-76,-5.82758620689655
40,4110,-64,-63.7428571428571
40,4111,-72,-27.0927835051546
40,4112,-64,-27.0927835051546
40,4113,-35,-27.0927835051546
40,4114,-17,4.4
40,4115,-6,4.4
40,4116,-8,-16.1671554252199
40,4117,45,1.04779411764706
40,4118,94,70.2695652173913
40,4119,277,210.246031746032
40,4120,313,180.199233716475
40,4121,-331,-290.529411764706
40,4122,-206,-141.052631578947
40,4123,93,-138.952380952381
40,4124,102,-20.2888888888889
40,4125,-55,-20.2888888888889
40,4126,14,-27.0927835051546
40,4127,97,-11.3893805309735
40,4128,134,90.8444444444444
40,4129,235,297.684210526316
40,4130,-152,-290.529411764706
40,4131,-194,-141.052631578947
40,4132,-160,-63.7428571428571
40,4133,-19,-63.7428571428571
40,4134,-75,-16.1671554252199
40,4135,-39,-27.0927835051546
40,4136,-36,-27.0927835051546
40,4137,4,-27.0927835051546
40,4138,-56,4.4
40,4139,-64,-27.0927835051546
40,4140,-13,-63.7428571428571
40,4141,-4,-16.1671554252199
40,4142,22,-16.1671554252199
40,4143,55,70.2695652173913
40,4144,127,149.758620689655
40,4145,115,210.246031746032
40,4146,151,-229.64375
40,4147,106,-34.8181818181818
40,4148,83,28.1666666666667
40,4149,92,-94.3
40,4150,-10,-94.3
40,4151,-39,1.04779411764706
40,4152,-99,-63.7428571428571
40,4153,6,-63.7428571428571
40,4154,-162,-16.1671554252199
40,4155,-156,-63.7428571428571
40,4156,-4,-63.7428571428571
40,4157,-87,-16.1671554252199
40,4158,-52,-63.7428571428571
40,4159,10,-27.0927835051546
40,4160,-50,70.2695652173913
40,4161,16,-63.7428571428571
40,4162,-17,70.2695652173913
40,4163,-37,1.04779411764706
40,4164,-59,-63.7428571428571
40,4165,8,-63.7428571428571
40,4166,11,-16.1671554252199
40,4167,26,75.3529411764706
40,4168,108,70.2695652173913
40,4169,157,-34.8181818181818
40,4170,104,90.8444444444444
40,4171,28,28.1666666666667
40,4172,29,70.2695652173913
40,4173,-100,-11.3893805309735
40,4174,11,-63.7428571428571
40,4175,-101,-11.3893805309735
40,4176,-8,-63.7428571428571
40,4177,-68,-16.1671554252199
40,4178,-71,-27.0927835051546
40,4179,-100,-63.7428571428571
40,4180,1,-27.0927835051546
40,4181,-9,-16.1671554252199
40,4182,-9,1.04779411764706
40,4183,-23,1.04779411764706
40,4184,8,1.04779411764706
40,4185,94,-16.1671554252199
40,4186,10,210.246031746032
40,4187,-2,70.2695652173913
40,4188,-26,1.04779411764706
40,4189,26,1.04779411764706
40,4190,19,70.2695652173913
40,4191,-28,70.2695652173913
40,4192,-34,1.04779411764706
40,4193,-17,-16.1671554252199
40,4194,2,-16.1671554252199
40,4195,-27,-16.1671554252199
40,4196,-23,1.04779411764706
40,4197,-8,-16.1671554252199
40,4198,-1,-16.1671554252199
40,4199,-4,1.04779411764706
40,4200,2,1.04779411764706
40,4201,19,1.04779411764706
40,4202,92,-11.3893805309735
40,4203,221,180.199233716475
40,4204,284,180.199233716475
40,4205,-324,-290.529411764706
40,4206,-129,-141.052631578947
40,4207,21,-138.952380952381
40,4208,52,46.12
40,4209,-28,-20.2888888888889
40,4210,11,1.04779411764706
40,4211,6,-11.3893805309735
40,4212,194,121.372093023256
40,4213,299,297.684210526316
40,4214,-139,-82.9444444444444
40,4215,-174,-141.052631578947
40,4216,-142,-138.952380952381
40,4217,-76,-63.7428571428571
40,4218,-27,-63.7428571428571
40,4219,-64,-16.1671554252199
40,4220,-41,-27.0927835051546
40,4221,-30,-27.0927835051546
40,4222,-10,-16.1671554252199
40,4223,-5,-16.1671554252199
40,4224,-5,1.04779411764706
40,4225,30,1.04779411764706
40,4226,108,70.2695652173913
40,4227,272,210.246031746032
40,4228,260,180.199233716475
40,4229,-349,-290.529411764706
40,4230,-185,-141.052631578947
40,4231,24,-138.952380952381
40,4232,51,70.2695652173913
40,4233,27,-20.2888888888889
40,4234,-63,-11.3893805309735
40,4235,29,-27.0927835051546
40,4236,130,121.372093023256
40,4237,345,297.684210526316
40,4238,-11,28.1666666666667
40,4239,-226,-171.64
40,4240,-156,-138.952380952381
40,4241,-29,-5.82758620689655
40,4242,-65,-16.1671554252199
40,4243,-82,-63.7428571428571
40,4244,-70,-27.0927835051546
40,4245,-26,-27.0927835051546
40,4246,-14,4.4
40,4247,-7,-16.1671554252199
40,4248,4,-16.1671554252199
40,4249,19,1.04779411764706
40,4250,96,70.2695652173913
40,4251,235,210.246031746032
40,4252,330,180.199233716475
40,4253,-305,-290.529411764706
40,4254,-178,-141.052631578947
40,4255,17,-138.952380952381
40,4256,71,46.12
40,4257,2,-20.2888888888889
40,4258,-32,1.04779411764706
40,4259,44,1.04779411764706
40,4260,115,121.372093023256
40,4261,217,297.684210526316
40,4262,-116,-102.51724137931
40,4263,-148,-171.64
40,4264,-153,-63.7428571428571
40,4265,-65,-63.7428571428571
40,4266,-7,-63.7428571428571
40,4267,-30,-16.1671554252199
40,4268,-11,1.04779411764706
40,4269,-19,-16.1671554252199
40,4270,-43,89.7
40,4271,-18,-63.7428571428571
40,4272,-12,-16.1671554252199
40,4273,-7,-16.1671554252199
40,4274,12,-16.1671554252199
40,4275,38,70.2695652173913
40,4276,83,70.2695652173913
40,4277,77,210.246031746032
40,4278,109,90.8444444444444
40,4279,12,-34.8181818181818
40,4280,54,70.2695652173913
40,4281,55,-94.3
40,4282,6,-20.2888888888889
40,4283,-7,1.04779411764706
40,4284,-48,1.04779411764706
40,4285,10,-63.7428571428571
40,4286,-113,-11.3893805309735
40,4287,-58,-63.7428571428571
40,4288,-58,-63.7428571428571
40,4289,-15,-63.7428571428571
40,4290,-20,-16.1671554252199
40,4291,2,-16.1671554252199
40,4292,-46,-16.1671554252199
40,4293,63,-63.7428571428571
40,4294,-128,166.64406779661
40,4295,-26,-63.7428571428571
40,4296,-2,-16.1671554252199
40,4297,-4,-16.1671554252199
40,4298,11,1.04779411764706
40,4299,34,75.3529411764706
40,4300,99,70.2695652173913
40,4301,68,210.246031746032
40,4302,143,189.384615384615
40,4303,85,7.76666666666667
40,4304,59,28.1666666666667
40,4305,-11,-94.3
40,4306,16,1.04779411764706
40,4307,-60,-11.3893805309735
40,4308,-14,-63.7428571428571
40,4309,-108,-16.1671554252199
40,4310,-90,-63.7428571428571
40,4311,-10,-63.7428571428571
40,4312,-86,-16.1671554252199
40,4313,-54,-63.7428571428571
40,4314,-8,-27.0927835051546
40,4315,-26,-16.1671554252199
40,4316,-30,1.04779411764706
40,4317,-15,-16.1671554252199
40,4318,-2,-16.1671554252199
40,4319,-2,-16.1671554252199
40,4320,12,1.04779411764706
40,4321,23,70.2695652173913
40,4322,100,70.2695652173913
40,4323,322,180.199233716475
40,4324,187,90.8444444444444
40,4325,-391,-141.052631578947
40,4326,-115,-141.052631578947
40,4327,8,-5.82758620689655
40,4328,94,-16.1671554252199
40,4329,-22,-20.2888888888889
40,4330,-26,1.04779411764706
40,4331,35,-16.1671554252199
40,4332,129,121.372093023256
40,4333,278,297.684210526316
40,4334,-96,-82.9444444444444
40,4335,-170,-171.64
40,4336,-131,-138.952380952381
40,4337,-89,-63.7428571428571
40,4338,-37,-63.7428571428571
40,4339,-62,-27.0927835051546
40,4340,-34,-27.0927835051546
40,4341,-11,-16.1671554252199
40,4342,-6,-16.1671554252199
41,1,-146,-101.0625
41,2,-79,-44.14696485623
41,3,-7,-44.14696485623
41,4,-77,-8.8445945945946
41,5,-26,-0.924528301886792
41,6,-44,-8.8445945945946
41,7,-35,-0.924528301886792
41,8,-36,-8.8445945945946
41,9,-19,-44.14696485623
41,10,-2,-8.8445945945946
41,11,38,-8.8445945945946
41,12,45,76.0873015873016
41,13,100,76.0873015873016
41,14,97,211.977142857143
41,15,160,147.970588235294
41,16,134,23.0833333333333
41,17,56,13.0588235294118
41,18,62,13.0588235294118
41,19,26,-74.5333333333333
41,20,-58,-11.4741379310345
41,21,-30,-44.14696485623
41,22,-16,-8.8445945945946
41,23,19,-8.8445945945946
41,24,-213,-11.4741379310345
41,25,-117,-103.3
41,26,-56,-87.8461538461538
41,27,79,-44.14696485623
41,28,-99,211.977142857143
41,29,-69,-44.14696485623
41,30,-40,-0.924528301886792
41,31,-32,-0.924528301886792
41,32,-32,-8.8445945945946
41,33,-50,-8.8445945945946
41,34,-8,-0.924528301886792
41,35,17,-8.8445945945946
41,36,65,76.0873015873016
41,37,81,170.5
41,38,142,211.977142857143
41,39,119,23.0833333333333
41,40,149,13.0588235294118
41,41,56,23.0833333333333
41,42,-30,13.0588235294118
41,43,-64,-8.8445945945946
41,44,-41,-44.14696485623
41,45,75,-44.14696485623
41,46,-28,-8.33962264150943
41,47,-75,-8.8445945945946
41,48,-72,-103.3
41,49,-128,-103.3
41,50,-41,-44.14696485623
41,51,-88,-44.14696485623
41,52,-59,-44.14696485623
41,53,-46,-0.924528301886792
41,54,-25,-44.14696485623
41,55,-4,-8.8445945945946
41,56,-9,-8.8445945945946
41,57,5,-8.8445945945946
41,58,8,-8.8445945945946
41,59,64,-8.8445945945946
41,60,74,170.5
41,61,117,147.970588235294
41,62,-84,29.2
41,63,-87,-44.14696485623
41,64,7,-44.14696485623
41,65,64,-8.8445945945946
41,66,14,-8.33962264150943
41,67,-4,-11.4741379310345
41,68,45,-8.8445945945946
41,69,90,66.3684210526316
41,70,193,147.970588235294
41,71,22,-74.5333333333333
41,72,-82,-182.339622641509
41,73,-112,-101.0625
41,74,-95,-44.14696485623
41,75,-99,-44.14696485623
41,76,-45,-44.14696485623
41,77,-61,-44.14696485623
41,78,-9,-0.924528301886792
41,79,-16,-8.8445945945946
41,80,-6,-8.8445945945946
41,81,2,-8.8445945945946
41,82,10,-8.8445945945946
41,83,120,76.0873015873016
41,84,187,211.977142857143
41,85,266,184.185393258427
41,86,-257,-233.194690265487
41,87,-133,-152.941860465116
41,88,-11,9.5
41,89,65,-8.8445945945946
41,90,-11,-8.33962264150943
41,91,-21,-8.8445945945946
41,92,23,-8.8445945945946
41,93,141,119.553398058252
41,94,399,252.981818181818
41,95,0,-52.5
41,96,-421,-182.339622641509
41,97,9,-152.540983606557
41,98,-112,-8.8445945945946
41,99,-87,-44.14696485623
41,100,-69,-44.14696485623
41,101,-58,-44.14696485623
41,102,-15,-0.924528301886792
41,103,-20,-11.6923076923077
41,104,-7,-8.8445945945946
41,105,-2,-8.8445945945946
41,106,32,-8.8445945945946
41,107,125,76.0873015873016
41,108,308,211.977142857143
41,109,251,184.185393258427
41,110,-422,-293.950819672131
41,111,-106,-152.941860465116
41,112,6,26.1666666666667
41,113,51,-8.8445945945946
41,114,22,-8.33962264150943
41,115,-22,-11.4741379310345
41,116,9,-8.8445945945946
41,117,21,119.553398058252
41,118,7,160
41,119,42,-8.8445945945946
41,120,49,-11.4741379310345
41,121,-81,67.25
41,122,-50,-44.14696485623
41,123,-86,-44.14696485623
41,124,-53,-44.14696485623
41,125,-50,-44.14696485623
41,126,-26,-44.14696485623
41,127,-14,-8.8445945945946
41,128,-12,-8.8445945945946
41,129,1,-8.8445945945946
41,130,25,-8.8445945945946
41,131,126,76.0873015873016
41,132,259,211.977142857143
41,133,277,184.185393258427
41,134,-391,-293.950819672131
41,135,-116,-152.941860465116
41,136,36,9.5
41,137,68,-11.4741379310345
41,138,13,-8.33962264150943
41,139,-50,-11.4741379310345
41,140,39,-0.924528301886792
41,141,99,119.553398058252
41,142,408,304.8
41,143,-46,-74.5333333333333
41,144,-260,-182.339622641509
41,145,-94,-152.540983606557
41,146,-113,-87.8461538461538
41,147,-42,-44.14696485623
41,148,-76,-44.14696485623
41,149,-94,-44.14696485623
41,150,-31,-0.924528301886792
41,151,-19,-11.6923076923077
41,152,-9,-8.8445945945946
41,153,-5,-8.8445945945946
41,154,21,-8.8445945945946
41,155,83,76.0873015873016
41,156,246,211.977142857143
41,157,224,211.977142857143
41,158,-243,-293.950819672131
41,159,-108,-152.941860465116
41,160,51,26.1666666666667
41,161,38,-8.33962264150943
41,162,12,-11.4741379310345
41,163,34,-11.4741379310345
41,164,99,-11.4741379310345
41,165,118,147.970588235294
41,166,69,252.981818181818
41,167,-131,-74.5333333333333
41,168,-118,-44.14696485623
41,169,-54,-44.14696485623
41,170,-95,-44.14696485623
41,171,-43,-44.14696485623
41,172,-46,-44.14696485623
41,173,-50,-0.924528301886792
41,174,-34,-0.924528301886792
41,175,-18,-8.8445945945946
41,176,-33,-8.8445945945946
41,177,-29,-8.8445945945946
41,178,8,-8.8445945945946
41,179,21,-8.8445945945946
41,180,23,76.0873015873016
41,181,87,76.0873015873016
41,182,148,147.970588235294
41,183,148,147.970588235294
41,184,83,13.0588235294118
41,185,9,13.0588235294118
41,186,10,-8.8445945945946
41,187,25,-11.4741379310345
41,188,-51,-11.4741379310345
41,189,-9,-44.14696485623
41,190,-42,-8.8445945945946
41,191,-47,-103.3
41,192,-42,-103.3
41,193,-118,-44.14696485623
41,194,-4,-44.14696485623
41,195,-47,-8.8445945945946
41,196,-54,-44.14696485623
41,197,-13,-44.14696485623
41,198,-59,-8.8445945945946
41,199,-17,-0.924528301886792
41,200,-25,-8.8445945945946
41,201,-25,-8.8445945945946
41,202,-4,-8.8445945945946
41,203,15,-8.8445945945946
41,204,30,76.0873015873016
41,205,99,76.0873015873016
41,206,119,184.185393258427
41,207,154,147.970588235294
41,208,95,23.0833333333333
41,209,51,13.0588235294118
41,210,-72,-74.5333333333333
41,211,49,-44.14696485623
41,212,-12,-74.5333333333333
41,213,-34,-8.8445945945946
41,214,21,-8.8445945945946
41,215,-4,-11.4741379310345
41,216,-76,-8.8445945945946
41,217,-50,-44.14696485623
41,218,-249,-44.14696485623
41,219,-84,-44.14696485623
41,220,37,-87.8461538461538
41,221,-31,76.0873015873016
41,222,-6,-8.8445945945946
41,223,-11,-8.8445945945946
41,224,-30,-8.8445945945946
41,225,-12,-11.6923076923077
41,226,3,-8.8445945945946
41,227,11,-8.8445945945946
41,228,47,66.3684210526316
41,229,88,76.0873015873016
41,230,108,184.185393258427
41,231,101,23.0833333333333
41,232,112,23.0833333333333
41,233,49,29.2
41,234,31,-74.5333333333333
41,235,-91,-11.4741379310345
41,236,-5,-44.14696485623
41,237,41,-8.8445945945946
41,238,-96,-11.4741379310345
41,239,-22,-44.14696485623
41,240,12,-8.8445945945946
41,241,-78,-11.4741379310345
41,242,-70,-44.14696485623
41,243,-90,-44.14696485623
41,244,-75,-0.924528301886792
41,245,-37,-44.14696485623
41,246,-31,-44.14696485623
41,247,-6,-8.8445945945946
41,248,-5,-8.8445945945946
41,249,2,-8.8445945945946
41,250,28,-8.8445945945946
41,251,121,76.0873015873016
41,252,296,211.977142857143
41,253,184,211.977142857143
41,254,-377,-293.950819672131
41,255,-74,-108.3
41,256,14,26.1666666666667
41,257,40,-11.4741379310345
41,258,2,-11.4741379310345
41,259,-1,-8.8445945945946
41,260,18,-8.8445945945946
41,261,137,119.553398058252
41,262,388,304.8
41,263,-71,-52.5
41,264,-184,-182.339622641509
41,265,-322,-152.540983606557
41,266,-133,-44.14696485623
41,267,-16,-87.8461538461538
41,268,-5,-8.8445945945946
41,269,-14,-8.8445945945946
41,270,-32,-8.8445945945946
41,271,1,119.553398058252
41,272,0,119.553398058252
41,273,1,-8.8445945945946
41,274,35,-8.8445945945946
41,275,103,76.0873015873016
41,276,339,184.185393258427
41,277,188,211.977142857143
41,278,-366,-293.950819672131
41,279,-128,-108.3
41,280,31,26.1666666666667
41,281,45,-11.4741379310345
41,282,36,-11.4741379310345
41,283,-37,-11.4741379310345
41,284,23,-0.924528301886792
41,285,123,119.553398058252
41,286,441,304.8
41,287,-43,-99.1666666666667
41,288,-240,-182.339622641509
41,289,-125,-152.540983606557
41,290,-127,-87.8461538461538
41,291,-87,-44.14696485623
41,292,-57,-44.14696485623
41,293,-99,-44.14696485623
41,294,-35,-0.924528301886792
41,295,-12,-11.6923076923077
41,296,-6,-8.8445945945946
41,297,0,-8.8445945945946
41,298,25,-8.8445945945946
41,299,145,76.0873015873016
41,300,329,211.977142857143
41,301,186,-52.5
41,302,-382,-293.950819672131
41,303,-91,-108.3
41,304,-2,26.1666666666667
41,305,74,-8.8445945945946
41,306,1,-8.33962264150943
41,307,-39,-8.8445945945946
41,308,36,-0.924528301886792
41,309,197,119.553398058252
41,310,340,304.8
41,311,-42,-52.5
41,312,-194,-182.339622641509
41,313,-112,-152.540983606557
41,314,-120,-44.14696485623
41,315,-95,-44.14696485623
41,316,-124,-44.14696485623
41,317,-54,-44.14696485623
41,318,-52,-0.924528301886792
41,319,-18,-0.924528301886792
41,320,-12,-8.8445945945946
41,321,2,-8.8445945945946
41,322,39,-8.8445945945946
41,323,96,76.0873015873016
41,324,261,211.977142857143
41,325,292,211.977142857143
41,326,-396,-293.950819672131
41,327,-94,-152.941860465116
41,328,31,9.5
41,329,75,-11.4741379310345
41,330,6,-8.33962264150943
41,331,-62,-8.8445945945946
41,332,4,-0.924528301886792
41,333,-36,119.553398058252
41,334,5,-103.3
41,335,-117,-8.8445945945946
41,336,-65,-44.14696485623
41,337,-6,-44.14696485623
41,338,46,-8.8445945945946
41,339,-62,76.0873015873016
41,340,50,-44.14696485623
41,341,13,-129.538461538462
41,342,-10,66.3684210526316
41,343,-35,-8.8445945945946
41,344,-15,-8.8445945945946
41,345,-13,-8.8445945945946
41,346,-1,-8.8445945945946
41,347,24,-8.8445945945946
41,348,50,-11.4741379310345
41,349,124,106.5
41,350,122,211.977142857143
41,351,161,23.0833333333333
41,352,43,23.0833333333333
41,353,132,13.0588235294118
41,354,11,-74.5333333333333
41,355,-32,-108.3
41,356,55,-8.8445945945946
41,357,-58,-8.33962264150943
41,358,-58,-103.3
41,359,-74,-103.3
41,360,42,-103.3
41,361,-155,-11.4741379310345
41,362,-83,-103.3
41,363,-88,-44.14696485623
41,364,10,-44.14696485623
41,365,-69,76.0873015873016
41,366,-48,-44.14696485623
41,367,-32,-0.924528301886792
41,368,-39,-8.8445945945946
41,369,-37,-0.924528301886792
41,370,-1,-44.14696485623
41,371,10,-8.8445945945946
41,372,13,66.3684210526316
41,373,105,76.0873015873016
41,374,160,211.977142857143
41,375,104,147.970588235294
41,376,107,13.0588235294118
41,377,173,29.2
41,378,2,29.2
41,379,-8,-108.3
41,380,-34,-8.8445945945946
41,381,18,-8.8445945945946
41,382,-84,-11.4741379310345
41,383,-82,-103.3
41,384,-43,-44.14696485623
41,385,-139,-44.14696485623
41,386,-68,-103.3
41,387,-20,-44.14696485623
41,388,-118,-8.8445945945946
41,389,-59,-0.924528301886792
41,390,-35,-44.14696485623
41,391,-3,-8.8445945945946
41,392,-6,-8.8445945945946
41,393,3,-8.8445945945946
41,394,27,-8.8445945945946
41,395,104,76.0873015873016
41,396,378,211.977142857143
41,397,148,211.977142857143
41,398,-383,-293.950819672131
41,399,-95,-108.3
41,400,52,26.1666666666667
41,401,43,-8.33962264150943
41,402,-8,-11.4741379310345
41,403,-4,-8.8445945945946
41,404,22,-8.8445945945946
41,405,156,119.553398058252
41,406,386,304.8
41,407,-12,-52.5
41,408,-177,-182.339622641509
41,409,-184,-152.540983606557
41,410,-196,-44.14696485623
41,411,-97,-44.14696485623
41,412,-82,-44.14696485623
41,413,-52,-44.14696485623
41,414,-14,-0.924528301886792
41,415,-12,-11.6923076923077
41,416,-3,-11.6923076923077
41,417,0,-11.6923076923077
41,418,31,-8.8445945945946
41,419,148,76.0873015873016
41,420,385,211.977142857143
41,421,141,-52.5
41,422,-375,-293.950819672131
41,423,-159,-108.3
41,424,51,26.1666666666667
41,425,20,-8.33962264150943
41,426,20,-11.4741379310345
41,427,9,-11.4741379310345
41,428,-4,-8.8445945945946
41,429,201,119.553398058252
41,430,377,304.8
41,431,-60,-152.941860465116
41,432,-277,-182.339622641509
41,433,-98,-152.540983606557
41,434,-132,-87.8461538461538
41,435,-90,-44.14696485623
41,436,-80,-44.14696485623
41,437,-64,-44.14696485623
41,438,-22,-0.924528301886792
41,439,-16,-11.6923076923077
41,440,-3,-8.8445945945946
41,441,2,-8.8445945945946
41,442,28,-8.8445945945946
41,443,134,76.0873015873016
41,444,375,211.977142857143
41,445,121,-52.5
41,446,-365,-293.950819672131
41,447,-100,-152.540983606557
41,448,23,26.1666666666667
41,449,89,-11.4741379310345
41,450,-12,-8.33962264150943
41,451,-1,-8.8445945945946
41,452,-2,-8.8445945945946
41,453,152,119.553398058252
41,454,272,304.8
41,455,58,-52.5
41,456,-244,-182.339622641509
41,457,-130,-152.540983606557
41,458,-110,-87.8461538461538
41,459,-50,-44.14696485623
41,460,-125,-44.14696485623
41,461,-64,-44.14696485623
41,462,-37,-0.924528301886792
41,463,-10,-0.924528301886792
41,464,-7,-8.8445945945946
41,465,1,-8.8445945945946
41,466,28,-8.8445945945946
41,467,136,76.0873015873016
41,468,356,211.977142857143
41,469,155,-52.5
41,470,-344,-293.950819672131
41,471,-127,-108.3
41,472,27,26.1666666666667
41,473,99,-11.4741379310345
41,474,-21,-8.33962264150943
41,475,-50,-8.8445945945946
41,476,68,-0.924528301886792
41,477,133,106.5
41,478,403,304.8
41,479,-56,-233.194690265487
41,480,-211,-182.339622641509
41,481,-124,-152.540983606557
41,482,-165,-87.8461538461538
41,483,-85,-44.14696485623
41,484,-51,-44.14696485623
41,485,-100,-44.14696485623
41,486,-48,-0.924528301886792
41,487,-10,-0.924528301886792
41,488,-11,-8.8445945945946
41,489,2,-8.8445945945946
41,490,19,-8.8445945945946
41,491,110,76.0873015873016
41,492,289,211.977142857143
41,493,272,211.977142857143
41,494,-318,-293.950819672131
41,495,-133,-152.941860465116
41,496,15,9.5
41,497,105,-11.4741379310345
41,498,47,-8.33962264150943
41,499,-43,-11.4741379310345
41,500,24,-0.924528301886792
41,501,126,119.553398058252
41,502,270,304.8
41,503,-70,-99.1666666666667
41,504,-168,-182.339622641509
41,505,-147,-152.540983606557
41,506,-69,-44.14696485623
41,507,-48,-44.14696485623
41,508,-76,-44.14696485623
41,509,-9,-44.14696485623
41,510,-83,-8.8445945945946
41,511,-34,-0.924528301886792
41,512,-49,-8.8445945945946
41,513,-32,-44.14696485623
41,514,11,-8.8445945945946
41,515,61,76.0873015873016
41,516,7,170.5
41,517,157,-8.8445945945946
41,518,96,23.0833333333333
41,519,126,13.0588235294118
41,520,103,23.0833333333333
41,521,-38,-74.5333333333333
41,522,54,-44.14696485623
41,523,8,-74.5333333333333
41,524,-38,-8.8445945945946
41,525,-21,-44.14696485623
41,526,-39,-8.8445945945946
41,527,-44,-44.14696485623
41,528,-91,-103.3
41,529,3,-44.14696485623
41,530,-47,-8.8445945945946
41,531,-102,-44.14696485623
41,532,16,-44.14696485623
41,533,-72,76.0873015873016
41,534,-42,-0.924528301886792
41,535,-43,-44.14696485623
41,536,-44,-44.14696485623
41,537,-19,-0.924528301886792
41,538,3,-8.8445945945946
41,539,17,-8.8445945945946
41,540,32,66.3684210526316
41,541,119,76.0873015873016
41,542,85,211.977142857143
41,543,147,147.970588235294
41,544,86,23.0833333333333
41,545,3,13.0588235294118
41,546,-10,-8.8445945945946
41,547,8,-8.8445945945946
41,548,-25,-8.8445945945946
41,549,33,-8.8445945945946
41,550,13,-11.4741379310345
41,551,-31,-11.4741379310345
41,552,-115,-8.8445945945946
41,553,-12,-44.14696485623
41,554,-110,-8.8445945945946
41,555,-94,-44.14696485623
41,556,-49,-44.14696485623
41,557,-69,-44.14696485623
41,558,-17,-0.924528301886792
41,559,-7,-8.8445945945946
41,560,-11,-8.8445945945946
41,561,1,-8.8445945945946
41,562,30,-8.8445945945946
41,563,107,76.0873015873016
41,564,359,211.977142857143
41,565,148,184.185393258427
41,566,-335,-293.950819672131
41,567,-169,-108.3
41,568,55,26.1666666666667
41,569,59,-8.33962264150943
41,570,-13,-8.33962264150943
41,571,11,-8.8445945945946
41,572,0,-11.4741379310345
41,573,168,119.553398058252
41,574,373,304.8
41,575,31,-52.5
41,576,-235,-152.941860465116
41,577,-202,-152.540983606557
41,578,-144,-87.8461538461538
41,579,-86,-87.8461538461538
41,580,-84,-44.14696485623
41,581,-52,-44.14696485623
41,582,-12,-0.924528301886792
41,583,-10,-11.6923076923077
41,584,6,-11.6923076923077
41,585,-8,-8.8445945945946
41,586,25,-8.8445945945946
41,587,107,76.0873015873016
41,588,167,147.970588235294
41,589,310,184.185393258427
41,590,-328,-233.194690265487
41,591,-160,-152.941860465116
41,592,-60,9.5
41,593,30,-44.14696485623
41,594,-36,-11.4741379310345
41,595,1,-44.14696485623
41,596,56,-8.8445945945946
41,597,123,106.5
41,598,442,304.8
41,599,-28,23.0833333333333
41,600,-162,-182.339622641509
41,601,-105,-152.540983606557
41,602,-112,-44.14696485623
41,603,-67,-44.14696485623
41,604,-118,-44.14696485623
41,605,-55,-44.14696485623
41,606,-6,-0.924528301886792
41,607,-24,-8.8445945945946
41,608,4,-8.8445945945946
41,609,2,-8.8445945945946
41,610,30,-8.8445945945946
41,611,154,76.0873015873016
41,612,311,147.970588235294
41,613,208,-52.5
41,614,-361,-293.950819672131
41,615,-154,-152.941860465116
41,616,48,26.1666666666667
41,617,88,-8.33962264150943
41,618,-79,-8.33962264150943
41,619,65,-44.14696485623
41,620,-39,-129.538461538462
41,621,111,-0.924528301886792
41,622,465,304.8
41,623,-113,-99.1666666666667
41,624,-73,-152.941860465116
41,625,-223,-152.540983606557
41,626,-52,-44.14696485623
41,627,-158,-87.8461538461538
41,628,-85,-44.14696485623
41,629,-105,-0.924528301886792
41,630,-27,-0.924528301886792
41,631,-12,-8.8445945945946
41,632,-4,-11.6923076923077
41,633,1,-8.8445945945946
41,634,34,-8.8445945945946
41,635,141,76.0873015873016
41,636,325,211.977142857143
41,637,213,-52.5
41,638,-362,-293.950819672131
41,639,-178,-152.941860465116
41,640,49,26.1666666666667
41,641,37,-8.33962264150943
41,642,19,-11.4741379310345
41,643,14,-11.4741379310345
41,644,26,-11.4741379310345
41,645,114,119.553398058252
41,646,429,304.8
41,647,-44,-99.1666666666667
41,648,-244,-152.941860465116
41,649,-144,-152.540983606557
41,650,-98,-87.8461538461538
41,651,-95,-44.14696485623
41,652,-70,-44.14696485623
41,653,-78,-44.14696485623
41,654,-43,-0.924528301886792
41,655,-36,-0.924528301886792
41,656,-10,-0.924528301886792
41,657,9,-8.8445945945946
41,658,19,-8.8445945945946
41,659,118,76.0873015873016
41,660,279,211.977142857143
41,661,223,147.970588235294
41,662,-287,-293.950819672131
41,663,-150,-152.941860465116
41,664,70,26.1666666666667
41,665,117,-8.33962264150943
41,666,-10,-8.33962264150943
41,667,-17,-8.8445945945946
41,668,1,-8.8445945945946
41,669,181,119.553398058252
41,670,265,304.8
41,671,-130,-52.5
41,672,-226,-182.339622641509
41,673,-82,-152.540983606557
41,674,-52,-87.8461538461538
41,675,-12,-44.14696485623
41,676,-99,-8.8445945945946
41,677,-85,-0.924528301886792
41,678,-42,-0.924528301886792
41,679,-28,-0.924528301886792
41,680,-40,-8.8445945945946
41,681,-19,-44.14696485623
41,682,15,-8.8445945945946
41,683,24,76.0873015873016
41,684,31,76.0873015873016
41,685,126,76.0873015873016
41,686,163,147.970588235294
41,687,68,147.970588235294
41,688,131,13.0588235294118
41,689,37,-74.5333333333333
41,690,14,13.0588235294118
41,691,-44,-11.4741379310345
41,692,10,-44.14696485623
41,693,-41,-11.4741379310345
41,694,51,-103.3
41,695,-22,-8.33962264150943
41,696,-110,-8.8445945945946
41,697,-109,-103.3
41,698,-62,-44.14696485623
41,699,-10,-44.14696485623
41,700,-97,-8.8445945945946
41,701,-35,-44.14696485623
41,702,-60,-8.8445945945946
41,703,-14,-0.924528301886792
41,704,-46,-8.8445945945946
41,705,-10,-44.14696485623
41,706,-1,-8.8445945945946
41,707,6,-8.8445945945946
41,708,25,-8.8445945945946
41,709,71,76.0873015873016
41,710,155,184.185393258427
41,711,162,147.970588235294
41,712,110,-233.194690265487
41,713,69,13.0588235294118
41,714,-1,-74.5333333333333
41,715,-32,-8.8445945945946
41,716,-119,-8.8445945945946
41,717,117,-44.14696485623
41,718,13,-8.33962264150943
41,719,-80,-11.4741379310345
41,720,-123,-103.3
41,721,-88,-103.3
41,722,-56,-0.924528301886792
41,723,-93,-44.14696485623
41,724,-45,-44.14696485623
41,725,-68,-0.924528301886792
41,726,-26,-0.924528301886792
41,727,-5,-8.8445945945946
41,728,-5,-8.8445945945946
41,729,5,-8.8445945945946
41,730,14,-8.8445945945946
41,731,14,76.0873015873016
41,732,108,76.0873015873016
41,733,329,147.970588235294
41,734,-224,67.25
41,735,-159,-152.941860465116
41,736,30,9.5
41,737,47,-11.4741379310345
41,738,57,-11.4741379310345
41,739,-6,-8.33962264150943
41,740,18,-8.8445945945946
41,741,95,119.553398058252
41,742,391,252.981818181818
41,743,-81,-99.1666666666667
41,744,-179,-182.339622641509
41,745,-101,-152.540983606557
41,746,-89,-44.14696485623
41,747,-109,-44.14696485623
41,748,-90,-44.14696485623
41,749,-39,-0.924528301886792
41,750,-21,-0.924528301886792
41,751,1,-11.6923076923077
41,752,-7,-8.8445945945946
41,753,2,-8.8445945945946
41,754,27,-8.8445945945946
41,755,124,76.0873015873016
41,756,319,211.977142857143
41,757,193,184.185393258427
41,758,-345,-293.950819672131
41,759,-148,-108.3
41,760,50,26.1666666666667
41,761,62,-8.33962264150943
41,762,-20,-8.33962264150943
41,763,-45,-8.8445945945946
41,764,32,-0.924528301886792
41,765,75,119.553398058252
41,766,477,304.8
41,767,-16,-8.33962264150943
41,768,-281,-182.339622641509
41,769,-56,-152.540983606557
41,770,-182,-87.8461538461538
41,771,15,-44.14696485623
41,772,-166,-11.4741379310345
41,773,-72,-44.14696485623
41,774,-26,-0.924528301886792
41,775,-21,119.553398058252
41,776,2,-8.8445945945946
41,777,-1,-11.6923076923077
41,778,32,-8.8445945945946
41,779,126,119.553398058252
41,780,299,211.977142857143
41,781,179,184.185393258427
41,782,-327,-293.950819672131
41,783,-149,-108.3
41,784,21,26.1666666666667
41,785,-8,76.0873015873016
41,786,31,-8.8445945945946
41,787,-21,-11.4741379310345
41,788,-11,-8.8445945945946
41,789,156,119.553398058252
41,790,356,304.8
41,791,-19,13.0588235294118
41,792,-133,-182.339622641509
41,793,-132,-152.540983606557
41,794,-63,-44.14696485623
41,795,-87,-44.14696485623
41,796,-134,-44.14696485623
41,797,-54,-44.14696485623
41,798,-51,-0.924528301886792
41,799,0,-0.924528301886792
41,800,-7,-8.8445945945946
41,801,1,-8.8445945945946
41,802,28,-8.8445945945946
41,803,110,76.0873015873016
41,804,313,211.977142857143
41,805,127,211.977142857143
41,806,-334,-293.950819672131
41,807,-106,-152.540983606557
41,808,11,26.1666666666667
41,809,54,-11.4741379310345
41,810,-43,-8.33962264150943
41,811,4,-44.14696485623
41,812,18,-8.8445945945946
41,813,126,119.553398058252
41,814,295,304.8
41,815,25,-99.1666666666667
41,816,-141,-182.339622641509
41,817,-63,-152.540983606557
41,818,-125,-44.14696485623
41,819,-68,-44.14696485623
41,820,-97,-44.14696485623
41,821,-53,-44.14696485623
41,822,-62,-0.924528301886792
41,823,-19,-103.3
41,824,-5,-8.8445945945946
41,825,3,-8.8445945945946
41,826,28,-8.8445945945946
41,827,84,76.0873015873016
41,828,237,211.977142857143
41,829,254,211.977142857143
41,830,-280,-293.950819672131
41,831,-148,-152.941860465116
41,832,51,9.5
41,833,18,-8.33962264150943
41,834,46,-11.4741379310345
41,835,-37,-11.4741379310345
41,836,21,-0.924528301886792
41,837,96,119.553398058252
41,838,266,252.981818181818
41,839,-141,-99.1666666666667
41,840,-143,-182.339622641509
41,841,-160,-152.540983606557
41,842,15,-44.14696485623
41,843,-20,76.0873015873016
41,844,-23,-8.8445945945946
41,845,-58,-8.8445945945946
41,846,7,-0.924528301886792
41,847,-30,-8.8445945945946
41,848,-51,-8.8445945945946
41,849,-23,-44.14696485623
41,850,-7,-8.8445945945946
41,851,35,-8.8445945945946
41,852,31,76.0873015873016
41,853,89,76.0873015873016
41,854,165,211.977142857143
41,855,162,147.970588235294
41,856,22,13.0588235294118
41,857,86,13.0588235294118
41,858,-38,-74.5333333333333
41,859,45,-44.14696485623
41,860,-126,-11.4741379310345
41,861,30,-44.14696485623
41,862,17,-11.4741379310345
41,863,-49,-11.4741379310345
41,864,-56,-103.3
41,865,-39,-44.14696485623
41,866,-64,-0.924528301886792
41,867,-43,-44.14696485623
41,868,-54,-44.14696485623
41,869,-62,-44.14696485623
41,870,-36,-44.14696485623
41,871,-13,-44.14696485623
41,872,-54,-8.8445945945946
41,873,-47,-44.14696485623
41,874,-5,-44.14696485623
41,875,17,-8.8445945945946
41,876,46,76.0873015873016
41,877,70,76.0873015873016
41,878,91,184.185393258427
41,879,220,147.970588235294
41,880,54,23.0833333333333
41,881,50,-152.941860465116
41,882,29,-74.5333333333333
41,883,-34,-11.4741379310345
41,884,-64,-8.8445945945946
41,885,-26,-44.14696485623
41,886,71,-8.8445945945946
41,887,2,-8.33962264150943
41,888,-111,-8.8445945945946
41,889,-91,-44.14696485623
41,890,-79,-44.14696485623
41,891,-75,-44.14696485623
41,892,-91,-44.14696485623
41,893,-19,-44.14696485623
41,894,-37,-8.8445945945946
41,895,-17,-0.924528301886792
41,896,-9,-8.8445945945946
41,897,-1,-8.8445945945946
41,898,39,-8.8445945945946
41,899,115,76.0873015873016
41,900,327,184.185393258427
41,901,123,211.977142857143
41,902,-340,-293.950819672131
41,903,-84,-152.540983606557
41,904,-3,26.1666666666667
41,905,89,-8.8445945945946
41,906,-10,-8.33962264150943
41,907,-9,-8.8445945945946
41,908,-18,-8.8445945945946
41,909,181,119.553398058252
41,910,419,304.8
41,911,-42,-52.5
41,912,-209,-182.339622641509
41,913,-107,-152.540983606557
41,914,-144,-87.8461538461538
41,915,-144,-44.14696485623
41,916,-84,-44.14696485623
41,917,-66,-44.14696485623
41,918,-7,-0.924528301886792
41,919,-21,-11.6923076923077
41,920,0,-8.8445945945946
41,921,1,-8.8445945945946
41,922,29,-8.8445945945946
41,923,149,76.0873015873016
41,924,364,211.977142857143
41,925,104,-52.5
41,926,-328,-293.950819672131
41,927,-138,-152.540983606557
41,928,45,26.1666666666667
41,929,73,-11.4741379310345
41,930,-2,-8.33962264150943
41,931,-39,-8.8445945945946
41,932,50,-0.924528301886792
41,933,99,106.5
41,934,484,304.8
41,935,-76,-129.538461538462
41,936,-212,-182.339622641509
41,937,-107,-152.540983606557
41,938,-177,-87.8461538461538
41,939,-83,-44.14696485623
41,940,-114,-44.14696485623
41,941,-77,-0.924528301886792
41,942,-31,-0.924528301886792
41,943,-9,-11.6923076923077
41,944,-6,-8.8445945945946
41,945,3,-11.6923076923077
41,946,25,-8.8445945945946
41,947,164,76.0873015873016
41,948,327,211.977142857143
41,949,160,-52.5
41,950,-405,-293.950819672131
41,951,-110,-108.3
41,952,37,26.1666666666667
41,953,113,-11.4741379310345
41,954,-1,-8.33962264150943
41,955,-51,-8.8445945945946
41,956,-21,-0.924528301886792
41,957,143,119.553398058252
41,958,451,304.8
41,959,-39,-52.5
41,960,-161,-182.339622641509
41,961,-198,-152.540983606557
41,962,-78,-103.3
41,963,-70,-44.14696485623
41,964,-138,-44.14696485623
41,965,-105,-44.14696485623
41,966,-29,-0.924528301886792
41,967,-12,-8.8445945945946
41,968,-6,-11.6923076923077
41,969,4,-8.8445945945946
41,970,36,-8.8445945945946
41,971,146,76.0873015873016
41,972,315,211.977142857143
41,973,109,-52.5
41,974,-266,-293.950819672131
41,975,-167,-152.540983606557
41,976,27,26.1666666666667
41,977,65,-11.4741379310345
41,978,-40,-8.33962264150943
41,979,18,-44.14696485623
41,980,-35,-11.4741379310345
41,981,168,119.553398058252
41,982,318,252.981818181818
41,983,-8,-52.5
41,984,-126,-152.941860465116
41,985,-101,-152.540983606557
41,986,-72,-44.14696485623
41,987,-124,-44.14696485623
41,988,-103,-44.14696485623
41,989,-57,-44.14696485623
41,990,-72,-0.924528301886792
41,991,-24,-0.924528301886792
41,992,-10,-8.8445945945946
41,993,2,-8.8445945945946
41,994,35,-8.8445945945946
41,995,118,76.0873015873016
41,996,217,211.977142857143
41,997,244,211.977142857143
41,998,-324,-293.950819672131
41,999,-129,-152.941860465116
41,1000,17,26.1666666666667
41,1001,38,-11.4741379310345
41,1002,13,-11.4741379310345
41,1003,-6,-11.4741379310345
41,1004,-3,-8.8445945945946
41,1005,121,119.553398058252
41,1006,188,304.8
41,1007,-75,-99.1666666666667
41,1008,-101,-182.339622641509
41,1009,-55,-101.0625
41,1010,-72,-44.14696485623
41,1011,-73,-44.14696485623
41,1012,-115,-44.14696485623
41,1013,21,-0.924528301886792
41,1014,-11,66.3684210526316
41,1015,3,-8.8445945945946
41,1016,-38,-8.8445945945946
41,1017,-5,-0.924528301886792
41,1018,-8,-8.8445945945946
41,1019,32,-8.8445945945946
41,1020,50,76.0873015873016
41,1021,102,106.5
41,1022,81,198.222222222222
41,1023,129,23.0833333333333
41,1024,48,29.2
41,1025,19,23.0833333333333
41,1026,-43,76.0873015873016
41,1027,-19,-44.14696485623
41,1028,-5,-8.8445945945946
41,1029,-31,-8.8445945945946
41,1030,-11,-8.8445945945946
41,1031,-23,-8.8445945945946
41,1032,35,-8.8445945945946
41,1033,-82,66.3684210526316
41,1034,-79,-44.14696485623
41,1035,-41,-44.14696485623
41,1036,-20,-44.14696485623
41,1037,-3,-8.8445945945946
41,1038,-56,-8.8445945945946
41,1039,-3,-0.924528301886792
41,1040,-57,-8.8445945945946
41,1041,-29,-44.14696485623
41,1042,6,-8.8445945945946
41,1043,17,-8.8445945945946
41,1044,23,76.0873015873016
41,1045,92,76.0873015873016
41,1046,77,67.25
41,1047,147,147.970588235294
41,1048,11,23.0833333333333
41,1049,56,-108.3
41,1050,-13,-74.5333333333333
41,1051,24,-8.8445945945946
41,1052,-99,-11.4741379310345
41,1053,-32,-44.14696485623
41,1054,100,-8.8445945945946
41,1055,-43,-8.33962264150943
41,1056,12,-103.3
41,1057,-50,66.3684210526316
41,1058,-74,-0.924528301886792
41,1059,-107,-44.14696485623
41,1060,-41,-44.14696485623
41,1061,-67,-44.14696485623
41,1062,-26,-44.14696485623
41,1063,-2,-8.8445945945946
41,1064,-10,-8.8445945945946
41,1065,7,-8.8445945945946
41,1066,28,-8.8445945945946
41,1067,96,76.0873015873016
41,1068,262,211.977142857143
41,1069,170,147.970588235294
41,1070,-273,-293.950819672131
41,1071,-121,-108.3
41,1072,27,26.1666666666667
41,1073,56,-11.4741379310345
41,1074,-21,-8.33962264150943
41,1075,-6,-8.8445945945946
41,1076,4,-8.8445945945946
41,1077,131,119.553398058252
41,1078,382,252.981818181818
41,1079,-17,-52.5
41,1080,-149,-182.339622641509
41,1081,-186,-152.540983606557
41,1082,-137,-44.14696485623
41,1083,-70,-44.14696485623
41,1084,-86,-44.14696485623
41,1085,-49,-44.14696485623
41,1086,-39,-0.924528301886792
41,1087,-4,-0.924528301886792
41,1088,-8,-11.6923076923077
41,1089,4,-8.8445945945946
41,1090,29,-8.8445945945946
41,1091,119,76.0873015873016
41,1092,329,211.977142857143
41,1093,163,147.970588235294
41,1094,-374,-293.950819672131
41,1095,-63,-108.3
41,1096,8,26.1666666666667
41,1097,55,-8.8445945945946
41,1098,11,-8.33962264150943
41,1099,27,-11.4741379310345
41,1100,91,-11.4741379310345
41,1101,126,147.970588235294
41,1102,195,304.8
41,1103,-95,-74.5333333333333
41,1104,-130,-108.3
41,1105,-121,-101.0625
41,1106,-180,-44.14696485623
41,1107,-19,-44.14696485623
41,1108,-6,-8.8445945945946
41,1109,-12,-8.8445945945946
41,1110,-36,-8.8445945945946
41,1111,-30,-0.924528301886792
41,1112,-61,-8.8445945945946
41,1113,-16,-44.14696485623
41,1114,3,-8.8445945945946
41,1115,13,-8.8445945945946
41,1116,40,76.0873015873016
41,1117,81,76.0873015873016
41,1118,140,211.977142857143
41,1119,154,147.970588235294
41,1120,38,13.0588235294118
41,1121,9,13.0588235294118
41,1122,5,-8.8445945945946
41,1123,48,-8.8445945945946
41,1124,-93,-8.33962264150943
41,1125,-65,-44.14696485623
41,1126,25,-44.14696485623
41,1127,16,-11.4741379310345
41,1128,2,-11.4741379310345
41,1129,119,-8.8445945945946
41,1130,33,67.25
41,1131,-82,66.3684210526316
41,1132,-319,-44.14696485623
41,1133,-95,-44.14696485623
41,1134,-58,-87.8461538461538
41,1135,-12,-44.14696485623
41,1136,-11,-8.8445945945946
41,1137,0,-8.8445945945946
41,1138,22,-8.8445945945946
41,1139,104,119.553398058252
41,1140,210,304.8
41,1141,207,211.977142857143
41,1142,-257,-293.950819672131
41,1143,-107,-152.941860465116
41,1144,58,26.1666666666667
41,1145,32,-8.33962264150943
41,1146,34,-11.4741379310345
41,1147,-69,-11.4741379310345
41,1148,13,-0.924528301886792
41,1149,179,119.553398058252
41,1150,256,252.981818181818
41,1151,-82,13.0588235294118
41,1152,-104,-182.339622641509
41,1153,-182,-152.540983606557
41,1154,2,-44.14696485623
41,1155,-98,-8.8445945945946
41,1156,-94,-44.14696485623
41,1157,-29,-0.924528301886792
41,1158,-73,-8.8445945945946
41,1159,-12,-0.924528301886792
41,1160,-10,-11.6923076923077
41,1161,-1,-8.8445945945946
41,1162,29,-8.8445945945946
41,1163,96,76.0873015873016
41,1164,222,184.185393258427
41,1165,232,211.977142857143
41,1166,-281,-293.950819672131
41,1167,-94,-152.941860465116
41,1168,23,26.1666666666667
41,1169,98,76.0873015873016
41,1170,-38,-8.33962264150943
41,1171,-18,-44.14696485623
41,1172,10,-8.8445945945946
41,1173,84,119.553398058252
41,1174,207,252.981818181818
41,1175,-16,-8.33962264150943
41,1176,-142,-182.339622641509
41,1177,-82,-101.0625
41,1178,-36,-44.14696485623
41,1179,-12,-44.14696485623
41,1180,-124,-8.8445945945946
41,1181,-14,-44.14696485623
41,1182,-79,-8.8445945945946
41,1183,-13,-0.924528301886792
41,1184,-27,-8.8445945945946
41,1185,-15,-8.8445945945946
41,1186,-2,-8.8445945945946
41,1187,17,-8.8445945945946
41,1188,40,76.0873015873016
41,1189,81,76.0873015873016
41,1190,104,184.185393258427
41,1191,69,147.970588235294
41,1192,42,23.0833333333333
41,1193,-25,76.0873015873016
41,1194,18,-8.8445945945946
41,1195,-52,-11.4741379310345
41,1196,-2,-44.14696485623
41,1197,-12,-8.8445945945946
41,1198,-15,-8.8445945945946
41,1199,-2,-8.8445945945946
41,1200,10,-8.8445945945946
41,1201,-11,76.0873015873016
41,1202,-75,-8.8445945945946
41,1203,19,-44.14696485623
41,1204,-72,76.0873015873016
41,1205,-1,-44.14696485623
41,1206,-23,-8.8445945945946
41,1207,-54,-8.8445945945946
41,1208,-35,-0.924528301886792
41,1209,-22,-8.8445945945946
41,1210,-7,-8.8445945945946
41,1211,15,-8.8445945945946
41,1212,31,76.0873015873016
41,1213,78,76.0873015873016
41,1214,112,211.977142857143
41,1215,77,147.970588235294
41,1216,70,23.0833333333333
41,1217,-13,23.0833333333333
41,1218,-39,-8.8445945945946
41,1219,-25,-44.14696485623
41,1220,-14,-8.8445945945946
41,1221,-7,-8.8445945945946
41,1222,-21,-8.8445945945946
41,1223,-17,-8.8445945945946
41,1224,-3,-8.8445945945946
41,1225,35,-8.8445945945946
41,1226,-78,76.0873015873016
41,1227,-85,-44.14696485623
41,1228,1,-44.14696485623
41,1229,-84,-8.8445945945946
41,1230,-21,-44.14696485623
41,1231,-13,-8.8445945945946
41,1232,0,-8.8445945945946
41,1233,-3,-8.8445945945946
41,1234,26,-8.8445945945946
41,1235,64,76.0873015873016
41,1236,138,106.5
41,1237,225,184.185393258427
41,1238,-92,-233.194690265487
41,1239,-188,-152.941860465116
41,1240,41,-101.0625
41,1241,50,76.0873015873016
41,1242,-11,-8.33962264150943
41,1243,-13,-8.8445945945946
41,1244,38,-8.8445945945946
41,1245,133,66.3684210526316
41,1246,436,211.977142857143
41,1247,23,-52.5
41,1248,-241,-182.339622641509
41,1249,-184,-152.540983606557
41,1250,-116,-87.8461538461538
41,1251,-107,-44.14696485623
41,1252,-93,-44.14696485623
41,1253,-62,-44.14696485623
41,1254,-54,-0.924528301886792
41,1255,1,-0.924528301886792
41,1256,-13,-11.6923076923077
41,1257,1,-8.8445945945946
41,1258,38,-8.8445945945946
41,1259,145,76.0873015873016
41,1260,333,211.977142857143
41,1261,129,-52.5
41,1262,-318,-293.950819672131
41,1263,-141,-152.540983606557
41,1264,59,26.1666666666667
41,1265,23,-8.33962264150943
41,1266,8,-11.4741379310345
41,1267,-38,-8.8445945945946
41,1268,23,-0.924528301886792
41,1269,170,119.553398058252
41,1270,437,304.8
41,1271,-53,-52.5
41,1272,-405,-182.339622641509
41,1273,-330,-152.540983606557
41,1274,6,-87.8461538461538
41,1275,49,-8.8445945945946
41,1276,-36,-8.33962264150943
41,1277,-59,-44.14696485623
41,1278,-30,-0.924528301886792
41,1279,-9,119.553398058252
41,1280,0,-11.6923076923077
41,1281,2,-8.8445945945946
41,1282,34,-8.8445945945946
41,1283,144,66.3684210526316
41,1284,312,211.977142857143
41,1285,177,-52.5
41,1286,-346,-293.950819672131
41,1287,-133,-108.3
41,1288,34,26.1666666666667
41,1289,63,-11.4741379310345
41,1290,-19,-8.33962264150943
41,1291,-32,-8.8445945945946
41,1292,35,-8.8445945945946
41,1293,135,119.553398058252
41,1294,419,304.8
41,1295,-16,-52.5
41,1296,-181,-182.339622641509
41,1297,-150,-152.540983606557
41,1298,-92,-44.14696485623
41,1299,-147,-44.14696485623
41,1300,-92,-44.14696485623
41,1301,-96,-44.14696485623
41,1302,-35,-0.924528301886792
41,1303,-12,-11.6923076923077
41,1304,1,-8.8445945945946
41,1305,-5,-8.8445945945946
41,1306,39,-8.8445945945946
41,1307,134,76.0873015873016
41,1308,334,211.977142857143
41,1309,190,-52.5
41,1310,-375,-293.950819672131
41,1311,-113,-108.3
41,1312,1,26.1666666666667
41,1313,77,-8.8445945945946
41,1314,-15,-8.33962264150943
41,1315,-68,-8.8445945945946
41,1316,62,-0.924528301886792
41,1317,168,106.5
41,1318,356,304.8
41,1319,30,-233.194690265487
41,1320,-196,-182.339622641509
41,1321,-115,-152.540983606557
41,1322,-141,-44.14696485623
41,1323,-55,-44.14696485623
41,1324,-107,-44.14696485623
41,1325,-116,-44.14696485623
41,1326,-36,-0.924528301886792
41,1327,-42,-0.924528301886792
41,1328,-8,-0.924528301886792
41,1329,2,-8.8445945945946
41,1330,23,-8.8445945945946
41,1331,93,76.0873015873016
41,1332,253,211.977142857143
41,1333,333,211.977142857143
41,1334,-299,-293.950819672131
41,1335,-146,-152.941860465116
41,1336,20,9.5
41,1337,91,-11.4741379310345
41,1338,-5,-8.33962264150943
41,1339,-5,-8.8445945945946
41,1340,-16,-8.8445945945946
41,1341,139,119.553398058252
41,1342,343,304.8
41,1343,-204,-52.5
41,1344,-143,-182.339622641509
41,1345,-99,9.5
41,1346,-90,-44.14696485623
41,1347,-36,-44.14696485623
41,1348,-51,-44.14696485623
41,1349,-21,-0.924528301886792
41,1350,-73,-11.6923076923077
41,1351,-17,-0.924528301886792
41,1352,-61,-8.8445945945946
41,1353,-31,-44.14696485623
41,1354,-4,-8.8445945945946
41,1355,30,-8.8445945945946
41,1356,13,76.0873015873016
41,1357,103,76.0873015873016
41,1358,131,184.185393258427
41,1359,119,147.970588235294
41,1360,38,13.0588235294118
41,1361,60,76.0873015873016
41,1362,92,29.2
41,1363,41,-74.5333333333333
41,1364,-72,-11.4741379310345
41,1365,6,-44.14696485623
41,1366,-108,-8.8445945945946
41,1367,-107,-103.3
41,1368,80,-103.3
41,1369,-75,-8.33962264150943
41,1370,-87,-44.14696485623
41,1371,-44,-44.14696485623
41,1372,-14,-0.924528301886792
41,1373,-24,-8.8445945945946
41,1374,-19,-8.8445945945946
41,1375,-53,-8.8445945945946
41,1376,-58,-0.924528301886792
41,1377,-38,-44.14696485623
41,1378,-10,-44.14696485623
41,1379,6,-8.8445945945946
41,1380,32,-8.8445945945946
41,1381,86,76.0873015873016
41,1382,88,211.977142857143
41,1383,161,147.970588235294
41,1384,69,23.0833333333333
41,1385,38,13.0588235294118
41,1386,-9,76.0873015873016
41,1387,-4,-8.8445945945946
41,1388,13,-8.8445945945946
41,1389,6,-11.4741379310345
41,1390,-59,-8.8445945945946
41,1391,-124,-44.14696485623
41,1392,0,-103.3
41,1393,-18,-8.8445945945946
41,1394,-71,-8.8445945945946
41,1395,-93,-44.14696485623
41,1396,-39,-44.14696485623
41,1397,-48,-0.924528301886792
41,1398,-32,-44.14696485623
41,1399,4,-8.8445945945946
41,1400,-9,-8.8445945945946
41,1401,6,-8.8445945945946
41,1402,38,-8.8445945945946
41,1403,90,76.0873015873016
41,1404,343,211.977142857143
41,1405,184,147.970588235294
41,1406,-319,-293.950819672131
41,1407,-162,-108.3
41,1408,-4,26.1666666666667
41,1409,55,-8.8445945945946
41,1410,2,-8.33962264150943
41,1411,-27,-8.8445945945946
41,1412,25,-8.8445945945946
41,1413,149,119.553398058252
41,1414,369,304.8
41,1415,39,-52.5
41,1416,-199,-182.339622641509
41,1417,-141,-152.540983606557
41,1418,-126,-44.14696485623
41,1419,-44,-44.14696485623
41,1420,-118,-44.14696485623
41,1421,-113,-44.14696485623
41,1422,-28,-0.924528301886792
41,1423,-18,-11.6923076923077
41,1424,-4,-8.8445945945946
41,1425,4,-8.8445945945946
41,1426,31,-8.8445945945946
41,1427,175,76.0873015873016
41,1428,313,211.977142857143
41,1429,135,-52.5
41,1430,-341,-293.950819672131
41,1431,-161,-108.3
41,1432,47,26.1666666666667
41,1433,48,-11.4741379310345
41,1434,-33,-8.33962264150943
41,1435,-7,-8.8445945945946
41,1436,30,-8.8445945945946
41,1437,137,119.553398058252
41,1438,389,304.8
41,1439,2,-52.5
41,1440,-225,-182.339622641509
41,1441,-120,-152.540983606557
41,1442,-94,-87.8461538461538
41,1443,-89,-44.14696485623
41,1444,-83,-44.14696485623
41,1445,-108,-44.14696485623
41,1446,-37,-0.924528301886792
41,1447,-8,-0.924528301886792
41,1448,-4,-8.8445945945946
41,1449,2,-8.8445945945946
41,1450,40,-8.8445945945946
41,1451,116,76.0873015873016
41,1452,333,211.977142857143
41,1453,184,211.977142857143
41,1454,-382,-293.950819672131
41,1455,-159,-108.3
41,1456,45,26.1666666666667
41,1457,19,-11.4741379310345
41,1458,1,-11.4741379310345
41,1459,-33,-8.8445945945946
41,1460,24,-8.8445945945946
41,1461,30,119.553398058252
41,1462,146,160
41,1463,273,-8.33962264150943
41,1464,-127,-52.5
41,1465,-150,-152.941860465116
41,1466,-47,-152.540983606557
41,1467,-31,-44.14696485623
41,1468,-157,-8.8445945945946
41,1469,-65,-44.14696485623
41,1470,-41,-0.924528301886792
41,1471,-18,-0.924528301886792
41,1472,-2,-8.8445945945946
41,1473,3,-8.8445945945946
41,1474,32,-8.8445945945946
41,1475,112,76.0873015873016
41,1476,321,211.977142857143
41,1477,184,211.977142857143
41,1478,-339,-293.950819672131
41,1479,-120,-108.3
41,1480,18,26.1666666666667
41,1481,58,-11.4741379310345
41,1482,-20,-8.33962264150943
41,1483,-57,-8.8445945945946
41,1484,95,-0.924528301886792
41,1485,66,147.970588235294
41,1486,413,304.8
41,1487,6,-129.538461538462
41,1488,-244,-182.339622641509
41,1489,-28,-152.540983606557
41,1490,-173,-8.8445945945946
41,1491,-264,-44.14696485623
41,1492,-3,-44.14696485623
41,1493,-31,-8.8445945945946
41,1494,-23,-8.8445945945946
41,1495,8,-11.6923076923077
41,1496,17,-8.8445945945946
41,1497,-27,-11.6923076923077
41,1498,33,119.553398058252
41,1499,84,76.0873015873016
41,1500,234,147.970588235294
41,1501,331,184.185393258427
41,1502,-318,-293.950819672131
41,1503,-140,-152.941860465116
41,1504,-21,9.5
41,1505,62,-8.8445945945946
41,1506,-118,-8.33962264150943
41,1507,73,-44.14696485623
41,1508,-13,-129.538461538462
41,1509,220,119.553398058252
41,1510,279,304.8
41,1511,-93,-52.5
41,1512,-220,-152.941860465116
41,1513,-151,-152.540983606557
41,1514,-129,-87.8461538461538
41,1515,13,-44.14696485623
41,1516,31,76.0873015873016
41,1517,-63,-11.4741379310345
41,1518,-31,-0.924528301886792
41,1519,-12,119.553398058252
41,1520,-35,-8.8445945945946
41,1521,-9,-8.8445945945946
41,1522,1,-8.8445945945946
41,1523,-2,-8.8445945945946
41,1524,22,-8.8445945945946
41,1525,75,76.0873015873016
41,1526,95,184.185393258427
41,1527,61,211.977142857143
41,1528,37,23.0833333333333
41,1529,152,76.0873015873016
41,1530,-103,-74.5333333333333
41,1531,-11,-108.3
41,1532,37,-8.8445945945946
41,1533,-54,-11.4741379310345
41,1534,-85,-44.14696485623
41,1535,-64,-44.14696485623
41,1536,61,-0.924528301886792
41,1537,-24,106.5
41,1538,-51,-8.8445945945946
41,1539,17,-44.14696485623
41,1540,-31,66.3684210526316
41,1541,-36,-8.8445945945946
41,1542,17,-44.14696485623
41,1543,-8,76.0873015873016
41,1544,-79,-8.8445945945946
41,1545,-27,-44.14696485623
41,1546,-10,-8.8445945945946
41,1547,13,-8.8445945945946
41,1548,19,76.0873015873016
41,1549,115,76.0873015873016
41,1550,105,184.185393258427
41,1551,121,147.970588235294
41,1552,126,23.0833333333333
41,1553,-1,23.0833333333333
41,1554,122,-8.8445945945946
41,1555,-10,-74.5333333333333
41,1556,8,-8.8445945945946
41,1557,4,-8.8445945945946
41,1558,-72,-8.8445945945946
41,1559,-41,-44.14696485623
41,1560,7,-103.3
41,1561,-144,-8.8445945945946
41,1562,-33,-44.14696485623
41,1563,-154,-8.8445945945946
41,1564,-68,-44.14696485623
41,1565,-76,-44.14696485623
41,1566,-20,-44.14696485623
41,1567,-10,-8.8445945945946
41,1568,-15,-8.8445945945946
41,1569,6,-8.8445945945946
41,1570,43,-8.8445945945946
41,1571,106,76.0873015873016
41,1572,264,211.977142857143
41,1573,317,147.970588235294
41,1574,-393,-293.950819672131
41,1575,-145,-152.941860465116
41,1576,-2,9.5
41,1577,116,-8.8445945945946
41,1578,-74,-8.33962264150943
41,1579,31,-44.14696485623
41,1580,10,-11.4741379310345
41,1581,176,119.553398058252
41,1582,390,304.8
41,1583,-106,-52.5
41,1584,-159,-152.941860465116
41,1585,-179,-152.540983606557
41,1586,-107,-103.3
41,1587,-87,-44.14696485623
41,1588,-95,-44.14696485623
41,1589,-50,-0.924528301886792
41,1590,-47,-0.924528301886792
41,1591,-1,-0.924528301886792
41,1592,-10,-11.6923076923077
41,1593,0,-8.8445945945946
41,1594,44,-8.8445945945946
41,1595,140,76.0873015873016
41,1596,326,211.977142857143
41,1597,227,-52.5
41,1598,-404,-293.950819672131
41,1599,-121,-152.941860465116
41,1600,-17,26.1666666666667
41,1601,28,-8.8445945945946
41,1602,44,-11.4741379310345
41,1603,-29,-11.4741379310345
41,1604,41,-8.8445945945946
41,1605,170,119.553398058252
41,1606,414,304.8
41,1607,8,13.0588235294118
41,1608,-245,-182.339622641509
41,1609,-109,-152.540983606557
41,1610,-145,-87.8461538461538
41,1611,-109,-44.14696485623
41,1612,-77,-44.14696485623
41,1613,-126,-44.14696485623
41,1614,-38,-0.924528301886792
41,1615,-16,-0.924528301886792
41,1616,0,-8.8445945945946
41,1617,-8,-8.8445945945946
41,1618,55,-8.8445945945946
41,1619,131,170.5
41,1620,317,211.977142857143
41,1621,281,-233.194690265487
41,1622,-446,-293.950819672131
41,1623,-111,-152.941860465116
41,1624,50,9.5
41,1625,29,-8.33962264150943
41,1626,2,-11.4741379310345
41,1627,-65,-8.8445945945946
41,1628,70,-0.924528301886792
41,1629,167,147.970588235294
41,1630,429,304.8
41,1631,-22,-233.194690265487
41,1632,-193,-182.339622641509
41,1633,-131,-152.540983606557
41,1634,-170,-44.14696485623
41,1635,-119,-44.14696485623
41,1636,-39,-44.14696485623
41,1637,-147,-44.14696485623
41,1638,-63,-0.924528301886792
41,1639,-8,-0.924528301886792
41,1640,-13,-8.8445945945946
41,1641,-4,-11.6923076923077
41,1642,38,-8.8445945945946
41,1643,139,76.0873015873016
41,1644,314,211.977142857143
41,1645,234,-52.5
41,1646,-385,-293.950819672131
41,1647,-122,-152.941860465116
41,1648,-10,26.1666666666667
41,1649,67,-8.8445945945946
41,1650,-37,-8.33962264150943
41,1651,-29,-44.14696485623
41,1652,25,-8.8445945945946
41,1653,136,119.553398058252
41,1654,364,304.8
41,1655,-50,-52.5
41,1656,-74,-182.339622641509
41,1657,-168,-152.540983606557
41,1658,-175,-44.14696485623
41,1659,-37,-44.14696485623
41,1660,-89,-44.14696485623
41,1661,-48,-44.14696485623
41,1662,-43,-0.924528301886792
41,1663,-28,-0.924528301886792
41,1664,-14,-11.6923076923077
41,1665,-4,-11.6923076923077
41,1666,29,-8.8445945945946
41,1667,102,76.0873015873016
41,1668,271,211.977142857143
41,1669,266,211.977142857143
41,1670,-313,-293.950819672131
41,1671,-132,-152.941860465116
41,1672,20,9.5
41,1673,48,76.0873015873016
41,1674,15,-8.33962264150943
41,1675,12,-11.4741379310345
41,1676,-3,-11.4741379310345
41,1677,176,119.553398058252
41,1678,200,304.8
41,1679,-77,13.0588235294118
41,1680,-106,-152.941860465116
41,1681,-162,-101.0625
41,1682,-94,-44.14696485623
41,1683,-61,-44.14696485623
41,1684,-10,-44.14696485623
41,1685,2,-8.8445945945946
41,1686,-111,-8.8445945945946
41,1687,10,-0.924528301886792
41,1688,-47,76.0873015873016
41,1689,-32,-44.14696485623
41,1690,3,-8.8445945945946
41,1691,36,-8.8445945945946
41,1692,26,76.0873015873016
41,1693,87,66.3684210526316
41,1694,174,-129.538461538462
41,1695,58,147.970588235294
41,1696,62,13.0588235294118
41,1697,30,-74.5333333333333
41,1698,11,-11.4741379310345
41,1699,-4,-11.4741379310345
41,1700,3,-8.8445945945946
41,1701,-10,-8.8445945945946
41,1702,-8,-8.8445945945946
41,1703,2,-8.8445945945946
41,1704,-143,-8.8445945945946
41,1705,-105,-44.14696485623
41,1706,67,-44.14696485623
41,1707,-24,198.222222222222
41,1708,-68,-8.8445945945946
41,1709,-20,-44.14696485623
41,1710,-30,-8.8445945945946
41,1711,-46,-8.8445945945946
41,1712,-57,-44.14696485623
41,1713,-42,-44.14696485623
41,1714,4,-44.14696485623
41,1715,1,-8.8445945945946
41,1716,22,-8.8445945945946
41,1717,87,76.0873015873016
41,1718,99,147.970588235294
41,1719,155,211.977142857143
41,1720,128,23.0833333333333
41,1721,2,13.0588235294118
41,1722,-28,-8.8445945945946
41,1723,39,-8.8445945945946
41,1724,-21,-11.4741379310345
41,1725,20,-8.8445945945946
41,1726,10,-11.4741379310345
41,1727,-112,-11.4741379310345
41,1728,24,-103.3
41,1729,-140,66.3684210526316
41,1730,-32,-44.14696485623
41,1731,-123,-8.8445945945946
41,1732,-48,-44.14696485623
41,1733,-42,-0.924528301886792
41,1734,-39,-44.14696485623
41,1735,-11,-0.924528301886792
41,1736,-5,-8.8445945945946
41,1737,2,-8.8445945945946
41,1738,42,-8.8445945945946
41,1739,114,76.0873015873016
41,1740,308,211.977142857143
41,1741,282,211.977142857143
41,1742,-458,-293.950819672131
41,1743,-104,-152.941860465116
41,1744,26,9.5
41,1745,63,-11.4741379310345
41,1746,-52,-8.33962264150943
41,1747,28,-44.14696485623
41,1748,-18,-11.4741379310345
41,1749,189,119.553398058252
41,1750,402,304.8
41,1751,-15,-52.5
41,1752,-147,-152.941860465116
41,1753,-203,-152.540983606557
41,1754,-140,-44.14696485623
41,1755,-92,-87.8461538461538
41,1756,-80,-44.14696485623
41,1757,-112,-44.14696485623
41,1758,-17,-0.924528301886792
41,1759,-13,-8.8445945945946
41,1760,-2,-11.6923076923077
41,1761,0,-8.8445945945946
41,1762,39,-8.8445945945946
41,1763,149,76.0873015873016
41,1764,319,211.977142857143
41,1765,247,-52.5
41,1766,-427,-293.950819672131
41,1767,-106,-152.941860465116
41,1768,-3,26.1666666666667
41,1769,24,-8.8445945945946
41,1770,40,-11.4741379310345
41,1771,-28,-11.4741379310345
41,1772,-116,-8.8445945945946
41,1773,258,-0.924528301886792
41,1774,418,304.8
41,1775,37,-152.941860465116
41,1776,-243,-182.339622641509
41,1777,-162,-152.540983606557
41,1778,-100,-0.924528301886792
41,1779,-95,-44.14696485623
41,1780,-110,-44.14696485623
41,1781,-100,-44.14696485623
41,1782,-14,-0.924528301886792
41,1783,-20,-11.6923076923077
41,1784,-6,-8.8445945945946
41,1785,-3,-8.8445945945946
41,1786,45,-8.8445945945946
41,1787,136,76.0873015873016
41,1788,302,211.977142857143
41,1789,194,-233.194690265487
41,1790,-331,-293.950819672131
41,1791,-114,-108.3
41,1792,-2,26.1666666666667
41,1793,50,-8.8445945945946
41,1794,-4,-8.33962264150943
41,1795,-17,-8.8445945945946
41,1796,32,-8.8445945945946
41,1797,184,119.553398058252
41,1798,358,304.8
41,1799,54,-52.5
41,1800,-239,-182.339622641509
41,1801,-139,-152.540983606557
41,1802,-193,-87.8461538461538
41,1803,-32,-44.14696485623
41,1804,-136,-8.8445945945946
41,1805,-89,-44.14696485623
41,1806,-21,-0.924528301886792
41,1807,-31,-11.6923076923077
41,1808,-5,-8.8445945945946
41,1809,3,-11.6923076923077
41,1810,32,-8.8445945945946
41,1811,142,76.0873015873016
41,1812,290,211.977142857143
41,1813,266,-52.5
41,1814,-396,-293.950819672131
41,1815,-162,-152.941860465116
41,1816,45,9.5
41,1817,60,-11.4741379310345
41,1818,24,-8.33962264150943
41,1819,-85,-11.4741379310345
41,1820,45,-0.924528301886792
41,1821,136,119.553398058252
41,1822,459,304.8
41,1823,-98,13.0588235294118
41,1824,-160,-182.339622641509
41,1825,-180,-152.540983606557
41,1826,-85,-44.14696485623
41,1827,-80,-44.14696485623
41,1828,-85,-44.14696485623
41,1829,-106,-0.924528301886792
41,1830,-28,-0.924528301886792
41,1831,-29,-8.8445945945946
41,1832,-8,-11.6923076923077
41,1833,6,-8.8445945945946
41,1834,25,-8.8445945945946
41,1835,126,76.0873015873016
41,1836,258,211.977142857143
41,1837,247,147.970588235294
41,1838,-272,-293.950819672131
41,1839,-147,-152.941860465116
41,1840,14,26.1666666666667
41,1841,75,-11.4741379310345
41,1842,7,-8.33962264150943
41,1843,-14,-8.8445945945946
41,1844,49,-8.8445945945946
41,1845,112,106.5
41,1846,249,252.981818181818
41,1847,-70,-74.5333333333333
41,1848,-202,-182.339622641509
41,1849,-80,-101.0625
41,1850,-111,-87.8461538461538
41,1851,-76,-44.14696485623
41,1852,-6,-44.14696485623
41,1853,-35,-8.8445945945946
41,1854,-39,-8.8445945945946
41,1855,-38,-0.924528301886792
41,1856,-54,-0.924528301886792
41,1857,-17,-0.924528301886792
41,1858,4,-8.8445945945946
41,1859,32,-8.8445945945946
41,1860,18,76.0873015873016
41,1861,114,76.0873015873016
41,1862,97,147.970588235294
41,1863,118,147.970588235294
41,1864,74,23.0833333333333
41,1865,77,-74.5333333333333
41,1866,-20,29.2
41,1867,-55,-8.8445945945946
41,1868,17,-44.14696485623
41,1869,-39,-11.4741379310345
41,1870,42,-103.3
41,1871,-2,-11.4741379310345
41,1872,-93,-8.8445945945946
41,1873,-85,-44.14696485623
41,1874,-23,-44.14696485623
41,1875,-20,-8.8445945945946
41,1876,-47,-8.8445945945946
41,1877,-69,-44.14696485623
41,1878,-66,-0.924528301886792
41,1879,-14,-0.924528301886792
41,1880,-32,-8.8445945945946
41,1881,-27,-8.8445945945946
41,1882,5,-8.8445945945946
41,1883,0,-8.8445945945946
41,1884,49,-8.8445945945946
41,1885,40,170.5
41,1886,121,76.0873015873016
41,1887,135,23.0833333333333
41,1888,73,147.970588235294
41,1889,54,13.0588235294118
41,1890,32,-74.5333333333333
41,1891,3,76.0873015873016
41,1892,-76,-8.8445945945946
41,1893,-29,-44.14696485623
41,1894,-39,-8.8445945945946
41,1895,-153,-103.3
41,1896,-44,-103.3
41,1897,8,-44.14696485623
41,1898,15,-8.8445945945946
41,1899,-51,66.3684210526316
41,1900,-70,-44.14696485623
41,1901,-54,-0.924528301886792
41,1902,-22,-44.14696485623
41,1903,-6,-8.8445945945946
41,1904,0,-8.8445945945946
41,1905,6,-8.8445945945946
41,1906,14,-8.8445945945946
41,1907,116,76.0873015873016
41,1908,266,211.977142857143
41,1909,198,147.970588235294
41,1910,-329,-293.950819672131
41,1911,-63,-152.941860465116
41,1912,47,26.1666666666667
41,1913,25,-11.4741379310345
41,1914,4,-11.4741379310345
41,1915,-2,-8.8445945945946
41,1916,-13,-8.8445945945946
41,1917,177,119.553398058252
41,1918,407,304.8
41,1919,-15,-52.5
41,1920,-203,-182.339622641509
41,1921,-183,-152.540983606557
41,1922,-140,-87.8461538461538
41,1923,-110,-44.14696485623
41,1924,-94,-44.14696485623
41,1925,-66,-44.14696485623
41,1926,-29,-0.924528301886792
41,1927,-5,-11.6923076923077
41,1928,-7,-11.6923076923077
41,1929,3,-8.8445945945946
41,1930,27,-8.8445945945946
41,1931,143,76.0873015873016
41,1932,323,211.977142857143
41,1933,203,-52.5
41,1934,-378,-293.950819672131
41,1935,-77,-152.941860465116
41,1936,-36,26.1666666666667
41,1937,69,-44.14696485623
41,1938,-30,-8.33962264150943
41,1939,8,-8.8445945945946
41,1940,45,-8.8445945945946
41,1941,139,119.553398058252
41,1942,423,304.8
41,1943,-54,-233.194690265487
41,1944,-204,-182.339622641509
41,1945,-162,-152.540983606557
41,1946,-131,-87.8461538461538
41,1947,-93,-44.14696485623
41,1948,-86,-44.14696485623
41,1949,-80,-44.14696485623
41,1950,-35,-0.924528301886792
41,1951,-17,-11.6923076923077
41,1952,1,-8.8445945945946
41,1953,0,-8.8445945945946
41,1954,36,-8.8445945945946
41,1955,130,76.0873015873016
41,1956,309,211.977142857143
41,1957,255,211.977142857143
41,1958,-396,-293.950819672131
41,1959,-127,-152.941860465116
41,1960,25,9.5
41,1961,41,76.0873015873016
41,1962,33,-11.4741379310345
41,1963,-77,-11.4741379310345
41,1964,42,-0.924528301886792
41,1965,163,119.553398058252
41,1966,417,304.8
41,1967,4,13.0588235294118
41,1968,-176,-182.339622641509
41,1969,-186,-152.540983606557
41,1970,-119,-44.14696485623
41,1971,-148,-44.14696485623
41,1972,-97,-44.14696485623
41,1973,-69,-44.14696485623
41,1974,-39,-0.924528301886792
41,1975,-14,-0.924528301886792
41,1976,-8,-11.6923076923077
41,1977,4,-8.8445945945946
41,1978,31,-8.8445945945946
41,1979,126,76.0873015873016
41,1980,308,211.977142857143
41,1981,223,147.970588235294
41,1982,-345,-293.950819672131
41,1983,-148,-152.941860465116
41,1984,55,26.1666666666667
41,1985,17,-8.33962264150943
41,1986,4,-11.4741379310345
41,1987,-34,-8.8445945945946
41,1988,20,-8.8445945945946
41,1989,150,119.553398058252
41,1990,393,304.8
41,1991,1,-52.5
41,1992,-188,-182.339622641509
41,1993,-145,-152.540983606557
41,1994,-142,-44.14696485623
41,1995,-77,-44.14696485623
41,1996,-103,-44.14696485623
41,1997,-71,-44.14696485623
41,1998,-44,-0.924528301886792
41,1999,-21,-0.924528301886792
41,2000,-11,-8.8445945945946
41,2001,-2,-8.8445945945946
41,2002,26,-8.8445945945946
41,2003,11,76.0873015873016
41,2004,89,76.0873015873016
41,2005,-14,211.977142857143
41,2006,101,-8.8445945945946
41,2007,-27,23.0833333333333
41,2008,58,-8.8445945945946
41,2009,64,29.2
41,2010,-25,-8.33962264150943
41,2011,17,-8.8445945945946
41,2012,17,66.3684210526316
41,2013,143,76.0873015873016
41,2014,263,184.185393258427
41,2015,-90,-52.5
41,2016,-148,-152.941860465116
41,2017,-122,-152.540983606557
41,2018,-84,-44.14696485623
41,2019,-68,-44.14696485623
41,2020,-26,-44.14696485623
41,2021,-12,-8.8445945945946
41,2022,-64,-8.8445945945946
41,2023,-31,-0.924528301886792
41,2024,-64,-8.8445945945946
41,2025,-11,-44.14696485623
41,2026,1,-8.8445945945946
41,2027,12,-8.8445945945946
41,2028,39,76.0873015873016
41,2029,100,76.0873015873016
41,2030,109,211.977142857143
41,2031,136,147.970588235294
41,2032,92,23.0833333333333
41,2033,47,13.0588235294118
41,2034,23,-11.4741379310345
41,2035,-31,-11.4741379310345
41,2036,24,-8.8445945945946
41,2037,-31,-11.4741379310345
41,2038,-19,-8.8445945945946
41,2039,-212,-8.8445945945946
41,2040,-25,-103.3
41,2041,-115,-8.8445945945946
41,2042,-32,-44.14696485623
41,2043,40,-8.8445945945946
41,2044,-5,66.3684210526316
41,2045,-43,-8.8445945945946
41,2046,-7,-44.14696485623
41,2047,-27,-8.8445945945946
41,2048,-38,-8.8445945945946
41,2049,-38,-44.14696485623
41,2050,0,-44.14696485623
41,2051,6,-8.8445945945946
41,2052,23,-8.8445945945946
41,2053,80,76.0873015873016
41,2054,98,184.185393258427
41,2055,111,147.970588235294
41,2056,121,23.0833333333333
41,2057,56,29.2
41,2058,38,-74.5333333333333
41,2059,36,-11.4741379310345
41,2060,-2,-11.4741379310345
41,2061,-64,-8.8445945945946
41,2062,-8,-44.14696485623
41,2063,-14,-8.8445945945946
41,2064,-26,-8.8445945945946
41,2065,-165,-8.8445945945946
41,2066,-80,-44.14696485623
41,2067,-39,-44.14696485623
41,2068,-71,-44.14696485623
41,2069,-63,-44.14696485623
41,2070,-33,-44.14696485623
41,2071,-5,-8.8445945945946
41,2072,-3,-8.8445945945946
41,2073,5,-8.8445945945946
41,2074,25,-8.8445945945946
41,2075,123,76.0873015873016
41,2076,277,211.977142857143
41,2077,237,147.970588235294
41,2078,-368,-293.950819672131
41,2079,-106,-152.941860465116
41,2080,46,26.1666666666667
41,2081,31,-11.4741379310345
41,2082,-22,-11.4741379310345
41,2083,-6,-8.8445945945946
41,2084,26,-8.8445945945946
41,2085,190,119.553398058252
41,2086,354,304.8
41,2087,-6,-52.5
41,2088,-257,-182.339622641509
41,2089,-123,-152.540983606557
41,2090,-142,-87.8461538461538
41,2091,-98,-44.14696485623
41,2092,-64,-44.14696485623
41,2093,-68,-44.14696485623
41,2094,-33,-0.924528301886792
41,2095,-16,-11.6923076923077
41,2096,-8,-8.8445945945946
41,2097,2,-8.8445945945946
41,2098,31,-8.8445945945946
41,2099,28,76.0873015873016
41,2100,115,76.0873015873016
41,2101,439,211.977142857143
41,2102,-216,147.970588235294
41,2103,-194,-152.941860465116
41,2104,-12,9.5
41,2105,104,-8.8445945945946
41,2106,-14,-8.33962264150943
41,2107,-31,-8.8445945945946
41,2108,28,-8.8445945945946
41,2109,175,119.553398058252
41,2110,354,252.981818181818
41,2111,42,-52.5
41,2112,-227,-182.339622641509
41,2113,-191,-152.540983606557
41,2114,-128,-87.8461538461538
41,2115,-119,-44.14696485623
41,2116,-22,-44.14696485623
41,2117,-107,-8.8445945945946
41,2118,-23,-0.924528301886792
41,2119,-29,-11.6923076923077
41,2120,3,119.553398058252
41,2121,-7,-8.8445945945946
41,2122,35,-8.8445945945946
41,2123,133,76.0873015873016
41,2124,320,211.977142857143
41,2125,190,-52.5
41,2126,-315,-293.950819672131
41,2127,-134,-108.3
41,2128,2,26.1666666666667
41,2129,72,-8.8445945945946
41,2130,-13,-8.33962264150943
41,2131,-39,-8.8445945945946
41,2132,11,-0.924528301886792
41,2133,165,119.553398058252
41,2134,420,304.8
41,2135,-3,-52.5
41,2136,-199,-182.339622641509
41,2137,-222,-152.540983606557
41,2138,-112,-44.14696485623
41,2139,-89,-87.8461538461538
41,2140,-88,-44.14696485623
41,2141,-62,-44.14696485623
41,2142,-55,-0.924528301886792
41,2143,-6,-0.924528301886792
41,2144,-11,-11.6923076923077
41,2145,1,-8.8445945945946
41,2146,32,-8.8445945945946
41,2147,128,76.0873015873016
41,2148,299,211.977142857143
41,2149,218,211.977142857143
41,2150,-345,-293.950819672131
41,2151,-138,-152.941860465116
41,2152,75,26.1666666666667
41,2153,69,-8.33962264150943
41,2154,-43,-8.33962264150943
41,2155,-52,-44.14696485623
41,2156,12,-0.924528301886792
41,2157,159,119.553398058252
41,2158,478,304.8
41,2159,-65,-52.5
41,2160,-155,-182.339622641509
41,2161,-163,-152.540983606557
41,2162,-158,-44.14696485623
41,2163,-102,-44.14696485623
41,2164,-28,-44.14696485623
41,2165,-138,-8.8445945945946
41,2166,-34,-0.924528301886792
41,2167,-35,-8.8445945945946
41,2168,-13,-8.8445945945946
41,2169,3,-8.8445945945946
41,2170,27,-8.8445945945946
41,2171,121,76.0873015873016
41,2172,222,211.977142857143
41,2173,289,211.977142857143
41,2174,-290,-293.950819672131
41,2175,-147,-152.941860465116
41,2176,72,9.5
41,2177,62,-8.33962264150943
41,2178,-8,-8.33962264150943
41,2179,-29,-8.8445945945946
41,2180,55,-8.8445945945946
41,2181,105,106.5
41,2182,303,304.8
41,2183,-122,-129.538461538462
41,2184,-178,-182.339622641509
41,2185,-132,-152.540983606557
41,2186,-104,-44.14696485623
41,2187,-42,-44.14696485623
41,2188,-92,-44.14696485623
41,2189,-16,-0.924528301886792
41,2190,-13,-8.8445945945946
41,2191,-49,-11.6923076923077
41,2192,-13,-0.924528301886792
41,2193,-17,-8.8445945945946
41,2194,-4,-8.8445945945946
41,2195,18,-8.8445945945946
41,2196,37,76.0873015873016
41,2197,125,76.0873015873016
41,2198,103,211.977142857143
41,2199,188,147.970588235294
41,2200,56,23.0833333333333
41,2201,118,13.0588235294118
41,2202,-10,-74.5333333333333
41,2203,-46,-8.8445945945946
41,2204,-2,-44.14696485623
41,2205,45,-8.8445945945946
41,2206,-6,-11.4741379310345
41,2207,-81,-8.8445945945946
41,2208,-66,-103.3
41,2209,-147,-44.14696485623
41,2210,-3,-103.3
41,2211,-77,-8.8445945945946
41,2212,-26,-44.14696485623
41,2213,-48,-8.8445945945946
41,2214,-56,-44.14696485623
41,2215,-12,-0.924528301886792
41,2216,-64,-8.8445945945946
41,2217,-29,-0.924528301886792
41,2218,-15,-8.8445945945946
41,2219,9,-8.8445945945946
41,2220,21,-8.8445945945946
41,2221,83,76.0873015873016
41,2222,146,184.185393258427
41,2223,155,147.970588235294
41,2224,-153,-233.194690265487
41,2225,26,-108.3
41,2226,-136,76.0873015873016
41,2227,-13,-44.14696485623
41,2228,127,-8.8445945945946
41,2229,80,-8.33962264150943
41,2230,-13,198.222222222222
41,2231,34,-8.8445945945946
41,2232,-36,160
41,2233,-67,-44.14696485623
41,2234,-84,-44.14696485623
41,2235,-134,-44.14696485623
41,2236,-10,-44.14696485623
41,2237,-20,-8.8445945945946
41,2238,-16,-8.8445945945946
41,2239,-5,-8.8445945945946
41,2240,-2,-8.8445945945946
41,2241,4,-8.8445945945946
41,2242,30,-8.8445945945946
41,2243,124,76.0873015873016
41,2244,281,184.185393258427
41,2245,213,147.970588235294
41,2246,-298,-293.950819672131
41,2247,-164,-152.941860465116
41,2248,48,26.1666666666667
41,2249,41,-8.33962264150943
41,2250,9,-11.4741379310345
41,2251,-16,-8.8445945945946
41,2252,34,-8.8445945945946
41,2253,151,119.553398058252
41,2254,433,304.8
41,2255,-78,-52.5
41,2256,-516,-182.339622641509
41,2257,-38,-152.540983606557
41,2258,-16,-87.8461538461538
41,2259,-84,-8.8445945945946
41,2260,-59,-44.14696485623
41,2261,-43,-0.924528301886792
41,2262,-26,-0.924528301886792
41,2263,-25,-11.6923076923077
41,2264,-5,-8.8445945945946
41,2265,1,-8.8445945945946
41,2266,30,-8.8445945945946
41,2267,135,76.0873015873016
41,2268,350,211.977142857143
41,2269,204,-52.5
41,2270,-395,-293.950819672131
41,2271,-150,-152.941860465116
41,2272,78,26.1666666666667
41,2273,49,-8.33962264150943
41,2274,26,-8.33962264150943
41,2275,-29,-11.4741379310345
41,2276,0,-8.8445945945946
41,2277,165,119.553398058252
41,2278,411,304.8
41,2279,-253,13.0588235294118
41,2280,-149,-182.339622641509
41,2281,-118,9.5
41,2282,-78,-44.14696485623
41,2283,-48,-44.14696485623
41,2284,-96,-44.14696485623
41,2285,-81,-0.924528301886792
41,2286,-34,-0.924528301886792
41,2287,-4,-8.8445945945946
41,2288,-10,-8.8445945945946
41,2289,1,-8.8445945945946
41,2290,32,-8.8445945945946
41,2291,147,76.0873015873016
41,2292,366,211.977142857143
41,2293,187,-52.5
41,2294,-364,-293.950819672131
41,2295,-151,-108.3
41,2296,42,26.1666666666667
41,2297,45,-11.4741379310345
41,2298,4,-11.4741379310345
41,2299,-50,-8.8445945945946
41,2300,50,-0.924528301886792
41,2301,144,106.5
41,2302,323,304.8
41,2303,-100,-233.194690265487
41,2304,-103,-182.339622641509
41,2305,-189,-152.540983606557
41,2306,-40,-44.14696485623
41,2307,-70,-44.14696485623
41,2308,-141,-44.14696485623
41,2309,-80,-0.924528301886792
41,2310,-35,-0.924528301886792
41,2311,-5,-8.8445945945946
41,2312,-11,-11.6923076923077
41,2313,-3,-8.8445945945946
41,2314,31,-8.8445945945946
41,2315,155,76.0873015873016
41,2316,289,211.977142857143
41,2317,226,-52.5
41,2318,-295,-293.950819672131
41,2319,-179,-152.941860465116
41,2320,45,26.1666666666667
41,2321,54,76.0873015873016
41,2322,14,-8.33962264150943
41,2323,-41,-11.4741379310345
41,2324,0,-0.924528301886792
41,2325,160,119.553398058252
41,2326,355,304.8
41,2327,121,13.0588235294118
41,2328,-308,-293.950819672131
41,2329,-159,-152.540983606557
41,2330,-145,26.1666666666667
41,2331,-131,-44.14696485623
41,2332,-41,-44.14696485623
41,2333,-46,-44.14696485623
41,2334,-69,-0.924528301886792
41,2335,-26,-0.924528301886792
41,2336,-8,-8.8445945945946
41,2337,0,-8.8445945945946
41,2338,30,-8.8445945945946
41,2339,113,76.0873015873016
41,2340,274,211.977142857143
41,2341,319,211.977142857143
41,2342,-355,-293.950819672131
41,2343,-127,-152.941860465116
41,2344,19,9.5
41,2345,90,76.0873015873016
41,2346,-20,-8.33962264150943
41,2347,-13,-8.8445945945946
41,2348,12,-8.8445945945946
41,2349,165,119.553398058252
41,2350,297,304.8
41,2351,-76,-52.5
41,2352,-200,-182.339622641509
41,2353,-173,-152.540983606557
41,2354,-57,-44.14696485623
41,2355,-55,-44.14696485623
41,2356,-73,-44.14696485623
41,2357,-43,-0.924528301886792
41,2358,-20,-0.924528301886792
41,2359,-36,-11.6923076923077
41,2360,-41,-44.14696485623
41,2361,-26,-44.14696485623
41,2362,2,-8.8445945945946
41,2363,16,-8.8445945945946
41,2364,72,76.0873015873016
41,2365,60,184.185393258427
41,2366,126,106.5
41,2367,154,23.0833333333333
41,2368,15,23.0833333333333
41,2369,127,-108.3
41,2370,-67,-74.5333333333333
41,2371,-35,-44.14696485623
41,2372,-249,-8.8445945945946
41,2373,201,-44.14696485623
41,2374,-31,-8.33962264150943
41,2375,-20,-182.339622641509
41,2376,-29,-8.8445945945946
41,2377,-113,-8.8445945945946
41,2378,-33,-0.924528301886792
41,2379,-26,119.553398058252
41,2380,-24,-8.8445945945946
41,2381,-24,-8.8445945945946
41,2382,0,-8.8445945945946
41,2383,-18,-8.8445945945946
41,2384,-63,-8.8445945945946
41,2385,-37,-44.14696485623
41,2386,0,-44.14696485623
41,2387,5,-8.8445945945946
41,2388,13,-8.8445945945946
41,2389,99,76.0873015873016
41,2390,130,184.185393258427
41,2391,122,147.970588235294
41,2392,97,23.0833333333333
41,2393,144,29.2
41,2394,-85,29.2
41,2395,-164,-108.3
41,2396,14,-44.14696485623
41,2397,-218,-11.4741379310345
41,2398,60,-44.14696485623
41,2399,31,-8.33962264150943
41,2400,28,-11.4741379310345
41,2401,-81,66.3684210526316
41,2402,-45,-103.3
41,2403,-52,-0.924528301886792
41,2404,-34,-44.14696485623
41,2405,-48,-8.8445945945946
41,2406,-25,-44.14696485623
41,2407,1,-8.8445945945946
41,2408,-4,-8.8445945945946
41,2409,8,-8.8445945945946
41,2410,24,-8.8445945945946
41,2411,109,76.0873015873016
41,2412,288,211.977142857143
41,2413,266,147.970588235294
41,2414,-357,-293.950819672131
41,2415,-136,-152.941860465116
41,2416,23,9.5
41,2417,54,-11.4741379310345
41,2418,5,-8.33962264150943
41,2419,-42,-8.8445945945946
41,2420,36,-0.924528301886792
41,2421,162,119.553398058252
41,2422,401,304.8
41,2423,-11,-52.5
41,2424,-261,-182.339622641509
41,2425,-157,-152.540983606557
41,2426,-138,-87.8461538461538
41,2427,-117,-44.14696485623
41,2428,-47,-44.14696485623
41,2429,-76,-44.14696485623
41,2430,-17,-0.924528301886792
41,2431,-6,-11.6923076923077
41,2432,-11,-8.8445945945946
41,2433,4,-8.8445945945946
41,2434,34,-8.8445945945946
41,2435,105,76.0873015873016
41,2436,122,211.977142857143
41,2437,424,147.970588235294
41,2438,-298,23.0833333333333
41,2439,-191,-152.941860465116
41,2440,14,9.5
41,2441,79,-11.4741379310345
41,2442,-9,-8.33962264150943
41,2443,-37,-8.8445945945946
41,2444,66,-0.924528301886792
41,2445,163,106.5
41,2446,384,304.8
41,2447,-46,-233.194690265487
41,2448,-221,-182.339622641509
41,2449,-162,-152.540983606557
41,2450,-121,-87.8461538461538
41,2451,-98,-44.14696485623
41,2452,-107,-44.14696485623
41,2453,-62,-44.14696485623
41,2454,-33,-0.924528301886792
41,2455,-8,-11.6923076923077
41,2456,3,-8.8445945945946
41,2457,1,-8.8445945945946
41,2458,30,-8.8445945945946
41,2459,141,76.0873015873016
41,2460,373,211.977142857143
41,2461,254,-52.5
41,2462,-460,-293.950819672131
41,2463,-170,-152.941860465116
41,2464,75,9.5
41,2465,107,-8.33962264150943
41,2466,-60,-8.33962264150943
41,2467,1,-44.14696485623
41,2468,37,-8.8445945945946
41,2469,155,119.553398058252
41,2470,377,304.8
41,2471,-58,-52.5
41,2472,-169,-182.339622641509
41,2473,-216,-152.540983606557
41,2474,-114,-44.14696485623
41,2475,-78,-87.8461538461538
41,2476,-78,-44.14696485623
41,2477,-92,-44.14696485623
41,2478,-42,-0.924528301886792
41,2479,-6,-0.924528301886792
41,2480,-12,-11.6923076923077
41,2481,3,-8.8445945945946
41,2482,27,-8.8445945945946
41,2483,128,76.0873015873016
41,2484,369,211.977142857143
41,2485,222,211.977142857143
41,2486,-358,-293.950819672131
41,2487,-162,-152.941860465116
41,2488,42,26.1666666666667
41,2489,18,-11.4741379310345
41,2490,-4,-11.4741379310345
41,2491,-17,-8.8445945945946
41,2492,65,-8.8445945945946
41,2493,144,106.5
41,2494,362,304.8
41,2495,9,-233.194690265487
41,2496,-243,-182.339622641509
41,2497,-139,-152.540983606557
41,2498,-164,-87.8461538461538
41,2499,-16,-44.14696485623
41,2500,-139,-8.8445945945946
41,2501,-70,-44.14696485623
41,2502,-50,-0.924528301886792
41,2503,-12,-0.924528301886792
41,2504,-15,-8.8445945945946
41,2505,2,-8.8445945945946
41,2506,22,-8.8445945945946
41,2507,79,76.0873015873016
41,2508,313,211.977142857143
41,2509,269,211.977142857143
41,2510,-292,-293.950819672131
41,2511,-142,-152.941860465116
41,2512,53,9.5
41,2513,101,-8.33962264150943
41,2514,-42,-8.33962264150943
41,2515,68,-44.14696485623
41,2516,90,-129.538461538462
41,2517,2,147.970588235294
41,2518,89,-8.8445945945946
41,2519,-71,-129.538461538462
41,2520,-94,-44.14696485623
41,2521,-96,-44.14696485623
41,2522,-53,-44.14696485623
41,2523,-26,-44.14696485623
41,2524,-103,-8.8445945945946
41,2525,-6,-44.14696485623
41,2526,-89,-8.8445945945946
41,2527,-10,-0.924528301886792
41,2528,-34,-8.8445945945946
41,2529,-23,-8.8445945945946
41,2530,10,-8.8445945945946
41,2531,14,76.0873015873016
41,2532,30,76.0873015873016
41,2533,96,76.0873015873016
41,2534,75,147.970588235294
41,2535,180,147.970588235294
41,2536,75,23.0833333333333
41,2537,-21,13.0588235294118
41,2538,33,-8.8445945945946
41,2539,10,-11.4741379310345
41,2540,49,-11.4741379310345
41,2541,-101,-8.33962264150943
41,2542,1,-44.14696485623
41,2543,-21,-8.8445945945946
41,2544,-50,-8.8445945945946
41,2545,-185,-44.14696485623
41,2546,-103,-44.14696485623
41,2547,-26,-0.924528301886792
41,2548,67,-8.8445945945946
41,2549,-46,198.222222222222
41,2550,-26,-44.14696485623
41,2551,11,-8.8445945945946
41,2552,-42,119.553398058252
41,2553,-20,-44.14696485623
41,2554,-10,-8.8445945945946
41,2555,3,-8.8445945945946
41,2556,27,-8.8445945945946
41,2557,87,76.0873015873016
41,2558,103,198.222222222222
41,2559,156,211.977142857143
41,2560,101,23.0833333333333
41,2561,56,13.0588235294118
41,2562,-52,-74.5333333333333
41,2563,-36,-44.14696485623
41,2564,-102,-44.14696485623
41,2565,119,-44.14696485623
41,2566,29,-8.33962264150943
41,2567,-3,-11.4741379310345
41,2568,-208,-8.8445945945946
41,2569,-188,-44.14696485623
41,2570,67,-0.924528301886792
41,2571,-5,170.5
41,2572,-43,-8.8445945945946
41,2573,-19,-44.14696485623
41,2574,-49,-8.8445945945946
41,2575,-15,-0.924528301886792
41,2576,-12,-11.6923076923077
41,2577,-17,-8.8445945945946
41,2578,-7,-8.8445945945946
41,2579,11,-8.8445945945946
41,2580,28,76.0873015873016
41,2581,84,76.0873015873016
41,2582,102,184.185393258427
41,2583,130,147.970588235294
41,2584,100,23.0833333333333
41,2585,84,23.0833333333333
41,2586,23,-74.5333333333333
41,2587,-54,-11.4741379310345
41,2588,-63,-44.14696485623
41,2589,51,-44.14696485623
41,2590,-2,-8.33962264150943
41,2591,-16,-8.8445945945946
41,2592,-108,-8.8445945945946
41,2593,-113,-44.14696485623
41,2594,-77,-44.14696485623
41,2595,-63,-44.14696485623
41,2596,-51,-44.14696485623
41,2597,-41,-44.14696485623
41,2598,-5,-0.924528301886792
41,2599,-19,-8.8445945945946
41,2600,5,-8.8445945945946
41,2601,-2,-8.8445945945946
41,2602,30,-8.8445945945946
41,2603,134,76.0873015873016
41,2604,321,147.970588235294
41,2605,139,-52.5
41,2606,-309,-293.950819672131
41,2607,-151,-108.3
41,2608,26,26.1666666666667
41,2609,89,76.0873015873016
41,2610,-12,-8.33962264150943
41,2611,-1,-8.8445945945946
41,2612,18,-8.8445945945946
41,2613,166,119.553398058252
41,2614,398,304.8
41,2615,-17,-52.5
41,2616,-287,-182.339622641509
41,2617,-167,-152.540983606557
41,2618,-117,-87.8461538461538
41,2619,-89,-44.14696485623
41,2620,-84,-44.14696485623
41,2621,-58,-44.14696485623
41,2622,-24,-0.924528301886792
41,2623,-4,-11.6923076923077
41,2624,-5,-11.6923076923077
41,2625,1,-8.8445945945946
41,2626,35,-8.8445945945946
41,2627,170,76.0873015873016
41,2628,290,211.977142857143
41,2629,225,-52.5
41,2630,-435,-293.950819672131
41,2631,-55,-152.941860465116
41,2632,-18,26.1666666666667
41,2633,49,-8.8445945945946
41,2634,-32,-8.33962264150943
41,2635,-23,-8.8445945945946
41,2636,34,-8.8445945945946
41,2637,185,119.553398058252
41,2638,433,304.8
41,2639,-24,-52.5
41,2640,-177,-182.339622641509
41,2641,-250,-152.540983606557
41,2642,-116,-44.14696485623
41,2643,-77,-87.8461538461538
41,2644,-69,-44.14696485623
41,2645,-85,-44.14696485623
41,2646,-47,-0.924528301886792
41,2647,-10,-0.924528301886792
41,2648,1,-11.6923076923077
41,2649,-1,-8.8445945945946
41,2650,30,-8.8445945945946
41,2651,162,76.0873015873016
41,2652,282,211.977142857143
41,2653,164,-52.5
41,2654,-523,-293.950819672131
41,2655,-74,-108.3
41,2656,13,26.1666666666667
41,2657,75,76.0873015873016
41,2658,54,-8.33962264150943
41,2659,25,-8.33962264150943
41,2660,54,-11.4741379310345
41,2661,146,23.0833333333333
41,2662,392,304.8
41,2663,27,13.0588235294118
41,2664,-277,-152.941860465116
41,2665,-152,-152.540983606557
41,2666,-134,-87.8461538461538
41,2667,-55,-44.14696485623
41,2668,-48,-44.14696485623
41,2669,-73,-44.14696485623
41,2670,-67,-0.924528301886792
41,2671,-18,-0.924528301886792
41,2672,-2,-8.8445945945946
41,2673,-1,-8.8445945945946
41,2674,32,-8.8445945945946
41,2675,100,76.0873015873016
41,2676,346,211.977142857143
41,2677,233,211.977142857143
41,2678,-375,-293.950819672131
41,2679,-120,-152.941860465116
41,2680,72,26.1666666666667
41,2681,27,-8.33962264150943
41,2682,31,-11.4741379310345
41,2683,-101,-11.4741379310345
41,2684,78,-0.924528301886792
41,2685,139,147.970588235294
41,2686,302,304.8
41,2687,20,13.0588235294118
41,2688,-224,-182.339622641509
41,2689,-177,-152.540983606557
41,2690,-90,-87.8461538461538
41,2691,-2,-44.14696485623
41,2692,-51,-8.8445945945946
41,2693,-98,-44.14696485623
41,2694,-33,-0.924528301886792
41,2695,-40,119.553398058252
41,2696,-34,-0.924528301886792
41,2697,-32,-8.8445945945946
41,2698,4,-8.8445945945946
41,2699,19,-8.8445945945946
41,2700,48,76.0873015873016
41,2701,148,170.5
41,2702,118,147.970588235294
41,2703,74,-233.194690265487
41,2704,156,23.0833333333333
41,2705,116,29.2
41,2706,-26,13.0588235294118
41,2707,-42,-8.8445945945946
41,2708,-114,-44.14696485623
41,2709,-398,-44.14696485623
41,2710,57,-103.3
41,2711,-4,-8.33962264150943
41,2712,48,-8.8445945945946
41,2713,-21,23.0833333333333
41,2714,-13,-8.8445945945946
41,2715,13,-8.8445945945946
41,2716,-61,119.553398058252
41,2717,-9,-44.14696485623
41,2718,0,-8.8445945945946
41,2719,-28,-8.8445945945946
41,2720,-50,-8.8445945945946
41,2721,-18,-44.14696485623
41,2722,27,-8.8445945945946
41,2723,-20,66.3684210526316
41,2724,35,-8.8445945945946
41,2725,100,76.0873015873016
41,2726,129,147.970588235294
41,2727,196,211.977142857143
41,2728,90,23.0833333333333
41,2729,172,-152.941860465116
41,2730,-28,23.0833333333333
41,2731,-82,-108.3
41,2732,49,-44.14696485623
41,2733,5,-8.33962264150943
41,2734,-30,-8.8445945945946
41,2735,-111,-8.8445945945946
41,2736,-64,-103.3
41,2737,-140,-0.924528301886792
41,2738,-150,-103.3
41,2739,-17,-44.14696485623
41,2740,-97,-8.8445945945946
41,2741,-51,-0.924528301886792
41,2742,-23,-44.14696485623
41,2743,-1,-8.8445945945946
41,2744,-5,-8.8445945945946
41,2745,-7,-8.8445945945946
41,2746,35,-8.8445945945946
41,2747,140,76.0873015873016
41,2748,267,211.977142857143
41,2749,283,-52.5
41,2750,-369,-293.950819672131
41,2751,-151,-152.941860465116
41,2752,26,9.5
41,2753,96,76.0873015873016
41,2754,-9,-8.33962264150943
41,2755,17,-8.8445945945946
41,2756,6,-11.4741379310345
41,2757,142,119.553398058252
41,2758,383,304.8
41,2759,97,-52.5
41,2760,-335,-152.941860465116
41,2761,-243,-152.540983606557
41,2762,-105,26.1666666666667
41,2763,-126,-87.8461538461538
41,2764,-66,-44.14696485623
41,2765,-61,-44.14696485623
41,2766,-22,-0.924528301886792
41,2767,-4,-11.6923076923077
41,2768,2,-11.6923076923077
41,2769,1,-8.8445945945946
41,2770,35,-8.8445945945946
41,2771,167,76.0873015873016
41,2772,385,211.977142857143
41,2773,154,-52.5
41,2774,-392,-293.950819672131
41,2775,-162,-108.3
41,2776,51,26.1666666666667
41,2777,69,-8.33962264150943
41,2778,12,-8.33962264150943
41,2779,-73,-11.4741379310345
41,2780,71,-0.924528301886792
41,2781,210,147.970588235294
41,2782,434,304.8
41,2783,-93,-152.941860465116
41,2784,-281,-182.339622641509
41,2785,-135,-152.540983606557
41,2786,-151,-87.8461538461538
41,2787,-94,-44.14696485623
41,2788,-107,-44.14696485623
41,2789,-60,-0.924528301886792
41,2790,-28,-0.924528301886792
41,2791,-10,-11.6923076923077
41,2792,-4,-8.8445945945946
41,2793,-2,-8.8445945945946
41,2794,43,-8.8445945945946
41,2795,157,76.0873015873016
41,2796,352,211.977142857143
41,2797,213,-52.5
41,2798,-442,-293.950819672131
41,2799,-123,-152.941860465116
41,2800,27,26.1666666666667
41,2801,120,76.0873015873016
41,2802,-29,-8.33962264150943
41,2803,-45,-8.8445945945946
41,2804,40,-0.924528301886792
41,2805,191,119.553398058252
41,2806,416,304.8
41,2807,52,-52.5
41,2808,-342,-182.339622641509
41,2809,-165,-152.540983606557
41,2810,-164,-87.8461538461538
41,2811,-94,-44.14696485623
41,2812,-85,-44.14696485623
41,2813,-70,-44.14696485623
41,2814,-29,-0.924528301886792
41,2815,-19,-11.6923076923077
41,2816,2,-8.8445945945946
41,2817,-5,-8.8445945945946
41,2818,51,-8.8445945945946
41,2819,138,170.5
41,2820,376,211.977142857143
41,2821,187,-233.194690265487
41,2822,-420,-293.950819672131
41,2823,-126,-108.3
41,2824,42,26.1666666666667
41,2825,43,76.0873015873016
41,2826,-14,-11.4741379310345
41,2827,-9,-8.8445945945946
41,2828,78,-8.8445945945946
41,2829,139,147.970588235294
41,2830,393,304.8
41,2831,-32,-233.194690265487
41,2832,-178,-182.339622641509
41,2833,-211,-152.540983606557
41,2834,-146,-44.14696485623
41,2835,-66,-87.8461538461538
41,2836,-81,-44.14696485623
41,2837,-83,-44.14696485623
41,2838,-46,-0.924528301886792
41,2839,-11,-0.924528301886792
41,2840,-16,-11.6923076923077
41,2841,-2,-8.8445945945946
41,2842,29,-8.8445945945946
41,2843,111,76.0873015873016
41,2844,302,211.977142857143
41,2845,312,211.977142857143
41,2846,-419,-293.950819672131
41,2847,-101,-152.941860465116
41,2848,34,9.5
41,2849,129,76.0873015873016
41,2850,-1,-8.33962264150943
41,2851,-37,-8.8445945945946
41,2852,-4,-0.924528301886792
41,2853,196,119.553398058252
41,2854,331,304.8
41,2855,-86,-52.5
41,2856,-229,-182.339622641509
41,2857,-175,-152.540983606557
41,2858,-92,-87.8461538461538
41,2859,-83,-44.14696485623
41,2860,-34,-44.14696485623
41,2861,12,-8.8445945945946
41,2862,-98,66.3684210526316
41,2863,-16,-0.924528301886792
41,2864,-56,-11.6923076923077
41,2865,-31,-0.924528301886792
41,2866,10,-8.8445945945946
41,2867,17,76.0873015873016
41,2868,40,76.0873015873016
41,2869,139,66.3684210526316
41,2870,130,147.970588235294
41,2871,100,13.0588235294118
41,2872,185,23.0833333333333
41,2873,79,29.2
41,2874,-2,13.0588235294118
41,2875,11,-8.8445945945946
41,2876,-61,-11.4741379310345
41,2877,129,-44.14696485623
41,2878,-54,-8.33962264150943
41,2879,-115,-103.3
41,2880,-136,-44.14696485623
41,2881,-148,-103.3
41,2882,-34,-44.14696485623
41,2883,-17,-8.8445945945946
41,2884,-50,-8.8445945945946
41,2885,-78,-0.924528301886792
41,2886,-34,-0.924528301886792
41,2887,-28,-8.8445945945946
41,2888,-41,-8.8445945945946
41,2889,-40,-44.14696485623
41,2890,5,-44.14696485623
41,2891,22,-8.8445945945946
41,2892,36,76.0873015873016
41,2893,57,76.0873015873016
41,2894,168,170.5
41,2895,194,147.970588235294
41,2896,69,13.0588235294118
41,2897,97,13.0588235294118
41,2898,38,-74.5333333333333
41,2899,-59,-11.4741379310345
41,2900,-78,-44.14696485623
41,2901,39,-44.14696485623
41,2902,-26,-11.4741379310345
41,2903,-89,-8.8445945945946
41,2904,-78,-103.3
41,2905,-79,-44.14696485623
41,2906,-133,-0.924528301886792
41,2907,-64,-44.14696485623
41,2908,-33,-44.14696485623
41,2909,-49,-8.8445945945946
41,2910,-24,-0.924528301886792
41,2911,-8,-8.8445945945946
41,2912,-6,-8.8445945945946
41,2913,4,-8.8445945945946
41,2914,34,-8.8445945945946
41,2915,119,76.0873015873016
41,2916,328,211.977142857143
41,2917,191,147.970588235294
41,2918,-384,-293.950819672131
41,2919,-97,-108.3
41,2920,50,26.1666666666667
41,2921,43,-8.33962264150943
41,2922,48,-11.4741379310345
41,2923,-11,-129.538461538462
41,2924,6,-8.8445945945946
41,2925,115,119.553398058252
41,2926,389,304.8
41,2927,-68,-99.1666666666667
41,2928,-288,-182.339622641509
41,2929,-146,-152.540983606557
41,2930,-107,-87.8461538461538
41,2931,-104,-44.14696485623
41,2932,-59,-44.14696485623
41,2933,-57,-44.14696485623
41,2934,-8,-0.924528301886792
41,2935,-1,-11.6923076923077
41,2936,2,-8.8445945945946
41,2937,1,-8.8445945945946
41,2938,41,-8.8445945945946
41,2939,119,76.0873015873016
41,2940,189,211.977142857143
41,2941,316,184.185393258427
41,2942,-379,-233.194690265487
41,2943,-133,-152.941860465116
41,2944,-9,9.5
41,2945,-63,-8.8445945945946
41,2946,26,-44.14696485623
41,2947,29,-11.4741379310345
41,2948,-107,-11.4741379310345
41,2949,105,-0.924528301886792
41,2950,197,304.8
41,2951,-57,147.970588235294
41,2952,43,-152.941860465116
41,2953,-34,76.0873015873016
41,2954,-83,-8.8445945945946
41,2955,-56,-44.14696485623
41,2956,-73,-44.14696485623
41,2957,-52,-44.14696485623
41,2958,-14,-44.14696485623
41,2959,-9,-8.8445945945946
41,2960,2,-8.8445945945946
41,2961,5,-8.8445945945946
41,2962,46,-8.8445945945946
41,2963,116,76.0873015873016
41,2964,373,211.977142857143
41,2965,252,147.970588235294
41,2966,-435,-293.950819672131
41,2967,-170,-152.941860465116
41,2968,55,26.1666666666667
41,2969,66,-8.33962264150943
41,2970,-24,-8.33962264150943
41,2971,-3,-8.8445945945946
41,2972,25,-8.8445945945946
41,2973,155,119.553398058252
41,2974,420,304.8
41,2975,6,-52.5
41,2976,-281,-182.339622641509
41,2977,-202,-152.540983606557
41,2978,-60,-87.8461538461538
41,2979,-120,-87.8461538461538
41,2980,-106,-44.14696485623
41,2981,-65,-44.14696485623
41,2982,-40,-0.924528301886792
41,2983,-7,-0.924528301886792
41,2984,-5,-11.6923076923077
41,2985,0,-8.8445945945946
41,2986,50,-8.8445945945946
41,2987,114,170.5
41,2988,364,211.977142857143
41,2989,256,23.0833333333333
41,2990,-435,-293.950819672131
41,2991,-165,-152.941860465116
41,2992,53,9.5
41,2993,47,-8.33962264150943
41,2994,46,-11.4741379310345
41,2995,-38,-11.4741379310345
41,2996,-7,-0.924528301886792
41,2997,166,119.553398058252
41,2998,519,304.8
41,2999,-76,13.0588235294118
41,3000,-297,-182.339622641509
41,3001,-186,-152.540983606557
41,3002,-143,-87.8461538461538
41,3003,13,-44.14696485623
41,3004,-133,76.0873015873016
41,3005,-88,-0.924528301886792
41,3006,-17,-0.924528301886792
41,3007,-35,119.553398058252
41,3008,-2,-11.6923076923077
41,3009,-2,-8.8445945945946
41,3010,39,-8.8445945945946
41,3011,116,66.3684210526316
41,3012,338,211.977142857143
41,3013,254,184.185393258427
41,3014,-374,-293.950819672131
41,3015,-158,-152.941860465116
41,3016,96,9.5
41,3017,68,-8.33962264150943
41,3018,32,-99.1666666666667
41,3019,-9,-11.4741379310345
41,3020,11,-8.8445945945946
41,3021,144,119.553398058252
41,3022,279,304.8
41,3023,-41,13.0588235294118
41,3024,-217,-182.339622641509
41,3025,-219,-152.540983606557
41,3026,-57,-87.8461538461538
41,3027,-17,-87.8461538461538
41,3028,-109,-8.8445945945946
41,3029,-14,-44.14696485623
41,3030,-48,-8.8445945945946
41,3031,-41,-0.924528301886792
41,3032,-38,-44.14696485623
41,3033,-30,-44.14696485623
41,3034,2,-8.8445945945946
41,3035,24,-8.8445945945946
41,3036,36,76.0873015873016
41,3037,141,76.0873015873016
41,3038,159,211.977142857143
41,3039,97,-52.5
41,3040,152,13.0588235294118
41,3041,62,-74.5333333333333
41,3042,19,13.0588235294118
41,3043,-53,-11.4741379310345
41,3044,96,-44.14696485623
41,3045,-70,-8.33962264150943
41,3046,-34,-103.3
41,3047,-48,-8.8445945945946
41,3048,-191,-44.14696485623
41,3049,-82,-103.3
41,3050,-64,-44.14696485623
41,3051,-22,-44.14696485623
41,3052,-68,-8.8445945945946
41,3053,9,-44.14696485623
41,3054,-38,-8.8445945945946
41,3055,-47,-0.924528301886792
41,3056,-41,-44.14696485623
41,3057,-44,-44.14696485623
41,3058,-4,-44.14696485623
41,3059,10,-8.8445945945946
41,3060,41,76.0873015873016
41,3061,118,66.3684210526316
41,3062,101,211.977142857143
41,3063,213,147.970588235294
41,3064,81,23.0833333333333
41,3065,206,-152.941860465116
41,3066,-74,-74.5333333333333
41,3067,-36,-152.941860465116
41,3068,-26,-101.0625
41,3069,51,-8.8445945945946
41,3070,32,-8.33962264150943
41,3071,-183,-11.4741379310345
41,3072,-127,-0.924528301886792
41,3073,-161,-44.14696485623
41,3074,-56,-103.3
41,3075,-58,-44.14696485623
41,3076,-38,-44.14696485623
41,3077,-36,-0.924528301886792
41,3078,-46,-0.924528301886792
41,3079,-10,-0.924528301886792
41,3080,-3,-8.8445945945946
41,3081,3,-8.8445945945946
41,3082,29,-8.8445945945946
41,3083,131,76.0873015873016
41,3084,362,211.977142857143
41,3085,220,-52.5
41,3086,-422,-293.950819672131
41,3087,-130,-152.941860465116
41,3088,40,26.1666666666667
41,3089,104,-11.4741379310345
41,3090,-14,-8.33962264150943
41,3091,-25,-8.8445945945946
41,3092,-3,-8.8445945945946
41,3093,216,119.553398058252
41,3094,382,304.8
41,3095,-45,-52.5
41,3096,-263,-182.339622641509
41,3097,-158,-152.540983606557
41,3098,-176,-87.8461538461538
41,3099,-84,-44.14696485623
41,3100,-78,-44.14696485623
41,3101,-30,-44.14696485623
41,3102,-51,-8.8445945945946
41,3103,1,-0.924528301886792
41,3104,-9,-8.8445945945946
41,3105,4,-11.6923076923077
41,3106,38,-8.8445945945946
41,3107,147,76.0873015873016
41,3108,362,211.977142857143
41,3109,249,-52.5
41,3110,-396,-293.950819672131
41,3111,-239,-152.941860465116
41,3112,48,26.1666666666667
41,3113,84,-8.33962264150943
41,3114,3,-8.33962264150943
41,3115,-12,-8.8445945945946
41,3116,10,-8.8445945945946
41,3117,192,119.553398058252
41,3118,472,304.8
41,3119,-145,-52.5
41,3120,-283,-182.339622641509
41,3121,-114,-152.540983606557
41,3122,-128,-87.8461538461538
41,3123,-109,-44.14696485623
41,3124,-90,-44.14696485623
41,3125,-58,-0.924528301886792
41,3126,-11,-0.924528301886792
41,3127,-12,-11.6923076923077
41,3128,-7,-8.8445945945946
41,3129,4,-8.8445945945946
41,3130,22,-8.8445945945946
41,3131,146,76.0873015873016
41,3132,350,211.977142857143
41,3133,306,-52.5
41,3134,-504,-293.950819672131
41,3135,-149,-152.941860465116
41,3136,42,9.5
41,3137,89,-11.4741379310345
41,3138,24,-8.33962264150943
41,3139,-63,-11.4741379310345
41,3140,23,-0.924528301886792
41,3141,168,119.553398058252
41,3142,485,304.8
41,3143,-69,13.0588235294118
41,3144,-257,-182.339622641509
41,3145,-193,-152.540983606557
41,3146,-74,-87.8461538461538
41,3147,-145,-44.14696485623
41,3148,-100,-44.14696485623
41,3149,-50,-44.14696485623
41,3150,-44,-0.924528301886792
41,3151,-5,-0.924528301886792
41,3152,-9,-11.6923076923077
41,3153,1,-8.8445945945946
41,3154,58,-8.8445945945946
41,3155,103,170.5
41,3156,389,211.977142857143
41,3157,236,23.0833333333333
41,3158,-459,-293.950819672131
41,3159,-127,-152.941860465116
41,3160,86,26.1666666666667
41,3161,41,-8.33962264150943
41,3162,-9,-11.4741379310345
41,3163,-68,-8.8445945945946
41,3164,38,-0.924528301886792
41,3165,176,119.553398058252
41,3166,433,304.8
41,3167,-6,-52.5
41,3168,-340,-182.339622641509
41,3169,-102,-152.540983606557
41,3170,-204,-87.8461538461538
41,3171,-206,-44.14696485623
41,3172,-2,-87.8461538461538
41,3173,-28,-8.8445945945946
41,3174,-4,-8.8445945945946
41,3175,-3,-11.6923076923077
41,3176,-3,-8.8445945945946
41,3177,5,-11.6923076923077
41,3178,26,119.553398058252
41,3179,100,76.0873015873016
41,3180,256,184.185393258427
41,3181,311,67.25
41,3182,-279,-293.950819672131
41,3183,-181,-152.941860465116
41,3184,116,9.5
41,3185,19,-8.33962264150943
41,3186,30,-11.4741379310345
41,3187,-11,-11.4741379310345
41,3188,-7,-8.8445945945946
41,3189,110,119.553398058252
41,3190,306,252.981818181818
41,3191,-141,-99.1666666666667
41,3192,-159,-182.339622641509
41,3193,-172,-152.540983606557
41,3194,-99,-44.14696485623
41,3195,-17,-44.14696485623
41,3196,-30,-8.8445945945946
41,3197,-41,-8.8445945945946
41,3198,-48,-0.924528301886792
41,3199,-9,-0.924528301886792
41,3200,-63,-11.6923076923077
41,3201,-15,-44.14696485623
41,3202,1,-8.8445945945946
41,3203,22,-8.8445945945946
41,3204,36,76.0873015873016
41,3205,138,76.0873015873016
41,3206,121,184.185393258427
41,3207,140,-52.5
41,3208,191,23.0833333333333
41,3209,19,13.0588235294118
41,3210,4,13.0588235294118
41,3211,64,-8.8445945945946
41,3212,-23,-8.33962264150943
41,3213,-5,-8.8445945945946
41,3214,-10,-8.8445945945946
41,3215,-118,-8.8445945945946
41,3216,-124,-103.3
41,3217,-155,-103.3
41,3218,-23,-44.14696485623
41,3219,-71,-8.8445945945946
41,3220,-25,-44.14696485623
41,3221,-49,-8.8445945945946
41,3222,-31,-0.924528301886792
41,3223,-24,-8.8445945945946
41,3224,-34,-8.8445945945946
41,3225,-51,-8.8445945945946
41,3226,3,-44.14696485623
41,3227,12,-8.8445945945946
41,3228,35,76.0873015873016
41,3229,87,76.0873015873016
41,3230,141,184.185393258427
41,3231,194,147.970588235294
41,3232,112,13.0588235294118
41,3233,89,13.0588235294118
41,3234,-86,-74.5333333333333
41,3235,18,-44.14696485623
41,3236,37,-11.4741379310345
41,3237,-1,-11.4741379310345
41,3238,-73,-8.8445945945946
41,3239,-174,-103.3
41,3240,-144,-0.924528301886792
41,3241,-63,-103.3
41,3242,-71,-44.14696485623
41,3243,-32,-44.14696485623
41,3244,-34,-8.8445945945946
41,3245,-12,-8.8445945945946
41,3246,-27,-11.6923076923077
41,3247,-6,-8.8445945945946
41,3248,-5,-8.8445945945946
41,3249,3,-8.8445945945946
41,3250,26,-8.8445945945946
41,3251,119,76.0873015873016
41,3252,328,184.185393258427
41,3253,301,184.185393258427
41,3254,-444,-293.950819672131
41,3255,-161,-152.941860465116
41,3256,93,9.5
41,3257,51,-8.33962264150943
41,3258,-18,-8.33962264150943
41,3259,-61,-8.8445945945946
41,3260,85,-0.924528301886792
41,3261,130,147.970588235294
41,3262,397,304.8
41,3263,-243,-129.538461538462
41,3264,-97,-182.339622641509
41,3265,-254,9.5
41,3266,-44,-44.14696485623
41,3267,-11,-87.8461538461538
41,3268,-102,-8.8445945945946
41,3269,-74,-0.924528301886792
41,3270,-20,-0.924528301886792
41,3271,-9,-8.8445945945946
41,3272,3,-11.6923076923077
41,3273,5,-8.8445945945946
41,3274,33,-8.8445945945946
41,3275,136,76.0873015873016
41,3276,81,211.977142857143
41,3277,-126,-114.5
41,3278,-48,-44.14696485623
41,3279,-41,-44.14696485623
41,3280,54,-44.14696485623
41,3281,5,-8.33962264150943
41,3282,50,-8.8445945945946
41,3283,9,-129.538461538462
41,3284,46,-8.8445945945946
41,3285,165,76.0873015873016
41,3286,341,147.970588235294
41,3287,-28,13.0588235294118
41,3288,-292,-182.339622641509
41,3289,-89,-152.540983606557
41,3290,-17,-87.8461538461538
41,3291,-49,-8.8445945945946
41,3292,-142,-44.14696485623
41,3293,-46,-44.14696485623
41,3294,-33,-0.924528301886792
41,3295,-10,-11.6923076923077
41,3296,-2,-8.8445945945946
41,3297,4,-8.8445945945946
41,3298,23,-8.8445945945946
41,3299,143,76.0873015873016
41,3300,338,211.977142857143
41,3301,294,-52.5
41,3302,-447,-293.950819672131
41,3303,-187,-152.941860465116
41,3304,55,9.5
41,3305,128,-8.33962264150943
41,3306,-79,-8.33962264150943
41,3307,-28,-44.14696485623
41,3308,68,-8.8445945945946
41,3309,159,106.5
41,3310,439,304.8
41,3311,-107,-233.194690265487
41,3312,-217,-182.339622641509
41,3313,-96,-152.540983606557
41,3314,-288,-87.8461538461538
41,3315,32,-44.14696485623
41,3316,-21,-11.4741379310345
41,3317,-144,-8.8445945945946
41,3318,-51,-0.924528301886792
41,3319,-12,-0.924528301886792
41,3320,-2,-8.8445945945946
41,3321,-1,-11.6923076923077
41,3322,29,-8.8445945945946
41,3323,94,66.3684210526316
41,3324,258,211.977142857143
41,3325,347,211.977142857143
41,3326,-379,-293.950819672131
41,3327,-182,-152.941860465116
41,3328,37,9.5
41,3329,74,76.0873015873016
41,3330,6,-8.33962264150943
41,3331,-27,-8.8445945945946
41,3332,58,-8.8445945945946
41,3333,172,106.5
41,3334,404,304.8
41,3335,-14,-233.194690265487
41,3336,-353,-182.339622641509
41,3337,-93,-152.540983606557
41,3338,-120,-87.8461538461538
41,3339,-89,-44.14696485623
41,3340,-77,-44.14696485623
41,3341,-53,-44.14696485623
41,3342,-56,-0.924528301886792
41,3343,-35,-0.924528301886792
41,3344,5,-8.8445945945946
41,3345,-5,-8.8445945945946
41,3346,30,-8.8445945945946
41,3347,96,76.0873015873016
41,3348,291,147.970588235294
41,3349,357,211.977142857143
41,3350,-401,-293.950819672131
41,3351,-124,-152.941860465116
41,3352,44,9.5
41,3353,164,76.0873015873016
41,3354,-44,-8.33962264150943
41,3355,-24,-114.5
41,3356,70,-8.8445945945946
41,3357,164,147.970588235294
41,3358,266,304.8
41,3359,-139,-233.194690265487
41,3360,-261,-182.339622641509
41,3361,-128,-152.540983606557
41,3362,-105,-87.8461538461538
41,3363,-3,-44.14696485623
41,3364,-93,-8.8445945945946
41,3365,20,-0.924528301886792
41,3366,-50,66.3684210526316
41,3367,-66,-0.924528301886792
41,3368,-19,-0.924528301886792
41,3369,-45,-8.8445945945946
41,3370,-1,-0.924528301886792
41,3371,20,-8.8445945945946
41,3372,54,76.0873015873016
41,3373,122,106.5
41,3374,189,211.977142857143
41,3375,144,23.0833333333333
41,3376,108,13.0588235294118
41,3377,96,13.0588235294118
41,3378,-33,-74.5333333333333
41,3379,-134,-8.8445945945946
41,3380,44,-44.14696485623
41,3381,39,-11.4741379310345
41,3382,-49,-11.4741379310345
41,3383,-115,-103.3
41,3384,-154,-103.3
41,3385,-94,-0.924528301886792
41,3386,-32,-44.14696485623
41,3387,-30,-8.8445945945946
41,3388,-6,-8.8445945945946
41,3389,-52,-8.8445945945946
41,3390,-18,-0.924528301886792
41,3391,-35,-8.8445945945946
41,3392,-52,-8.8445945945946
41,3393,-11,-44.14696485623
41,3394,-1,-8.8445945945946
41,3395,13,-8.8445945945946
41,3396,12,76.0873015873016
41,3397,27,76.0873015873016
41,3398,24,76.0873015873016
41,3399,99,76.0873015873016
41,3400,151,147.970588235294
41,3401,56,-99.1666666666667
41,3402,-72,13.0588235294118
41,3403,-6,-44.14696485623
41,3404,-8,-8.8445945945946
41,3405,27,-8.8445945945946
41,3406,-176,-11.4741379310345
41,3407,-51,-44.14696485623
41,3408,8,-44.14696485623
41,3409,2,-8.8445945945946
41,3410,-3,-8.8445945945946
41,3411,-34,-8.8445945945946
41,3412,1,-8.8445945945946
41,3413,-29,119.553398058252
41,3414,-14,-8.8445945945946
41,3415,-22,-8.8445945945946
41,3416,-5,-8.8445945945946
41,3417,-3,-8.8445945945946
41,3418,12,-8.8445945945946
41,3419,40,76.0873015873016
41,3420,95,66.3684210526316
41,3421,243,184.185393258427
41,3422,-65,147.970588235294
41,3423,-34,-152.941860465116
41,3424,10,-8.8445945945946
41,3425,33,76.0873015873016
41,3426,64,-11.4741379310345
41,3427,15,-8.33962264150943
41,3428,-50,-11.4741379310345
41,3429,7,-44.14696485623
41,3430,120,-8.8445945945946
41,3431,-41,-8.33962264150943
41,3432,-85,-44.14696485623
41,3433,-144,-44.14696485623
41,3434,-76,-44.14696485623
41,3435,-44,-44.14696485623
41,3436,-38,-44.14696485623
41,3437,-38,-44.14696485623
41,3438,-18,-0.924528301886792
41,3439,-6,-8.8445945945946
41,3440,-4,-8.8445945945946
41,3441,4,-8.8445945945946
41,3442,12,-8.8445945945946
41,3443,124,76.0873015873016
41,3444,219,211.977142857143
41,3445,351,147.970588235294
41,3446,-331,-293.950819672131
41,3447,-218,-152.941860465116
41,3448,29,9.5
41,3449,67,-11.4741379310345
41,3450,-22,-8.33962264150943
41,3451,6,-8.8445945945946
41,3452,10,-8.8445945945946
41,3453,170,119.553398058252
41,3454,382,304.8
41,3455,-22,-52.5
41,3456,-270,-182.339622641509
41,3457,-154,-152.540983606557
41,3458,-135,-87.8461538461538
41,3459,-63,-44.14696485623
41,3460,-78,-44.14696485623
41,3461,-51,-44.14696485623
41,3462,-25,-0.924528301886792
41,3463,0,-11.6923076923077
41,3464,-2,-8.8445945945946
41,3465,0,-8.8445945945946
41,3466,34,-8.8445945945946
41,3467,135,76.0873015873016
41,3468,332,211.977142857143
41,3469,332,-52.5
41,3470,-473,-293.950819672131
41,3471,-149,-152.941860465116
41,3472,74,9.5
41,3473,99,-8.33962264150943
41,3474,-93,-8.33962264150943
41,3475,-26,-44.14696485623
41,3476,48,-8.8445945945946
41,3477,247,106.5
41,3478,382,304.8
41,3479,-104,-293.950819672131
41,3480,-278,-182.339622641509
41,3481,-174,-152.540983606557
41,3482,-123,-87.8461538461538
41,3483,-72,-44.14696485623
41,3484,-61,-44.14696485623
41,3485,-94,-0.924528301886792
41,3486,-31,-0.924528301886792
41,3487,0,-11.6923076923077
41,3488,-8,-11.6923076923077
41,3489,7,-8.8445945945946
41,3490,32,-8.8445945945946
41,3491,117,76.0873015873016
41,3492,319,211.977142857143
41,3493,320,147.970588235294
41,3494,-443,-293.950819672131
41,3495,-151,-152.941860465116
41,3496,47,9.5
41,3497,75,-11.4741379310345
41,3498,-35,-8.33962264150943
41,3499,57,-8.8445945945946
41,3500,112,-129.538461538462
41,3501,21,147.970588235294
41,3502,346,160
41,3503,-135,-129.538461538462
41,3504,51,-152.941860465116
41,3505,-328,23.0833333333333
41,3506,-155,-44.14696485623
41,3507,-83,-87.8461538461538
41,3508,9,-44.14696485623
41,3509,-118,-8.8445945945946
41,3510,-31,-44.14696485623
41,3511,-21,-8.8445945945946
41,3512,-10,119.553398058252
41,3513,2,-8.8445945945946
41,3514,27,-8.8445945945946
41,3515,108,76.0873015873016
41,3516,249,211.977142857143
41,3517,353,211.977142857143
41,3518,-345,-293.950819672131
41,3519,-125,-152.941860465116
41,3520,38,9.5
41,3521,74,-11.4741379310345
41,3522,-6,-8.33962264150943
41,3523,-10,-8.8445945945946
41,3524,84,-8.8445945945946
41,3525,65,147.970588235294
41,3526,317,304.8
41,3527,-195,-129.538461538462
41,3528,-149,-182.339622641509
41,3529,-185,9.5
41,3530,-118,-44.14696485623
41,3531,-30,-44.14696485623
41,3532,-60,-8.8445945945946
41,3533,149,-0.924528301886792
41,3534,-103,211.977142857143
41,3535,-79,-114.5
41,3536,-52,-0.924528301886792
41,3537,-4,-44.14696485623
41,3538,0,-8.8445945945946
41,3539,17,-8.8445945945946
41,3540,42,76.0873015873016
41,3541,104,66.3684210526316
41,3542,92,211.977142857143
41,3543,81,147.970588235294
41,3544,180,29.2
41,3545,46,29.2
41,3546,97,13.0588235294118
41,3547,-73,-74.5333333333333
41,3548,18,-44.14696485623
41,3549,22,-11.4741379310345
41,3550,-109,-11.4741379310345
41,3551,-55,-44.14696485623
41,3552,-141,-44.14696485623
41,3553,-77,-0.924528301886792
41,3554,-51,-44.14696485623
41,3555,-15,-44.14696485623
41,3556,-64,-8.8445945945946
41,3557,-14,-44.14696485623
41,3558,1,-8.8445945945946
41,3559,-46,-8.8445945945946
41,3560,-38,-44.14696485623
41,3561,-16,-44.14696485623
41,3562,-1,-8.8445945945946
41,3563,13,-8.8445945945946
41,3564,27,76.0873015873016
41,3565,81,76.0873015873016
41,3566,91,211.977142857143
41,3567,205,147.970588235294
41,3568,66,23.0833333333333
41,3569,68,-152.941860465116
41,3570,57,-74.5333333333333
41,3571,-2,-74.5333333333333
41,3572,-49,-8.8445945945946
41,3573,13,-44.14696485623
41,3574,-42,-11.4741379310345
41,3575,-86,-44.14696485623
41,3576,-117,-103.3
41,3577,-90,-44.14696485623
41,3578,-50,-44.14696485623
41,3579,-71,-44.14696485623
41,3580,-20,-44.14696485623
41,3581,-57,-8.8445945945946
41,3582,-19,-0.924528301886792
41,3583,-23,-8.8445945945946
41,3584,-2,-8.8445945945946
41,3585,6,-8.8445945945946
41,3586,30,-8.8445945945946
41,3587,107,76.0873015873016
41,3588,329,211.977142857143
41,3589,261,147.970588235294
41,3590,-378,-293.950819672131
41,3591,-191,-152.941860465116
41,3592,95,9.5
41,3593,21,-8.33962264150943
41,3594,-138,-11.4741379310345
41,3595,39,-44.14696485623
41,3596,75,-11.4741379310345
41,3597,187,147.970588235294
41,3598,319,304.8
41,3599,-174,-233.194690265487
41,3600,-353,-152.941860465116
41,3601,17,9.5
41,3602,-50,76.0873015873016
41,3603,-80,-44.14696485623
41,3604,-45,-44.14696485623
41,3605,-33,-0.924528301886792
41,3606,-35,-11.6923076923077
41,3607,-10,-11.6923076923077
41,3608,-1,-8.8445945945946
41,3609,5,-8.8445945945946
41,3610,45,-8.8445945945946
41,3611,120,76.0873015873016
41,3612,353,211.977142857143
41,3613,310,147.970588235294
41,3614,-480,-293.950819672131
41,3615,-133,-152.941860465116
41,3616,6,9.5
41,3617,97,-8.8445945945946
41,3618,3,-8.33962264150943
41,3619,-20,-8.8445945945946
41,3620,38,-8.8445945945946
41,3621,100,119.553398058252
41,3622,497,304.8
41,3623,-105,-129.538461538462
41,3624,-307,-182.339622641509
41,3625,-99,-152.540983606557
41,3626,-237,-87.8461538461538
41,3627,-14,-44.14696485623
41,3628,18,-8.8445945945946
41,3629,-150,-11.4741379310345
41,3630,-32,-0.924528301886792
41,3631,-1,119.553398058252
41,3632,-9,-8.8445945945946
41,3633,-3,-11.6923076923077
41,3634,37,-8.8445945945946
41,3635,137,76.0873015873016
41,3636,286,211.977142857143
41,3637,353,-52.5
41,3638,-435,-293.950819672131
41,3639,-154,-152.941860465116
41,3640,6,9.5
41,3641,98,-8.8445945945946
41,3642,-22,-8.33962264150943
41,3643,-40,-8.8445945945946
41,3644,31,-0.924528301886792
41,3645,165,119.553398058252
41,3646,422,304.8
41,3647,-4,-52.5
41,3648,-368,-182.339622641509
41,3649,-102,-152.540983606557
41,3650,-85,-87.8461538461538
41,3651,-114,-44.14696485623
41,3652,-116,-44.14696485623
41,3653,-42,-44.14696485623
41,3654,-43,-0.924528301886792
41,3655,0,-0.924528301886792
41,3656,-9,-8.8445945945946
41,3657,0,-8.8445945945946
41,3658,37,-8.8445945945946
41,3659,111,76.0873015873016
41,3660,355,211.977142857143
41,3661,326,211.977142857143
41,3662,-447,-293.950819672131
41,3663,-169,-152.941860465116
41,3664,50,9.5
41,3665,109,-8.33962264150943
41,3666,-45,-8.33962264150943
41,3667,-47,-44.14696485623
41,3668,68,-0.924528301886792
41,3669,97,106.5
41,3670,440,304.8
41,3671,-102,-129.538461538462
41,3672,-275,-182.339622641509
41,3673,-126,-152.540983606557
41,3674,-104,-87.8461538461538
41,3675,-54,-44.14696485623
41,3676,-112,-44.14696485623
41,3677,-61,-0.924528301886792
41,3678,-40,-0.924528301886792
41,3679,-6,-0.924528301886792
41,3680,-5,-8.8445945945946
41,3681,1,-8.8445945945946
41,3682,30,-8.8445945945946
41,3683,95,76.0873015873016
41,3684,23,211.977142857143
41,3685,313,76.0873015873016
41,3686,-78,23.0833333333333
41,3687,-165,-152.941860465116
41,3688,28,-152.540983606557
41,3689,80,-11.4741379310345
41,3690,43,-8.33962264150943
41,3691,-10,-11.4741379310345
41,3692,30,-8.8445945945946
41,3693,170,66.3684210526316
41,3694,-140,147.970588235294
41,3695,-192,-108.3
41,3696,-1,-44.14696485623
41,3697,-3,-8.8445945945946
41,3698,-23,-8.8445945945946
41,3699,-16,-8.8445945945946
41,3700,-59,-8.8445945945946
41,3701,-8,-0.924528301886792
41,3702,-28,119.553398058252
41,3703,-17,-8.8445945945946
41,3704,-49,-8.8445945945946
41,3705,-11,-44.14696485623
41,3706,-5,-8.8445945945946
41,3707,18,-8.8445945945946
41,3708,34,76.0873015873016
41,3709,128,76.0873015873016
41,3710,170,184.185393258427
41,3711,60,147.970588235294
41,3712,189,13.0588235294118
41,3713,91,29.2
41,3714,11,13.0588235294118
41,3715,-3,-11.4741379310345
41,3716,0,-8.8445945945946
41,3717,-20,-8.8445945945946
41,3718,40,-8.8445945945946
41,3719,-210,-11.4741379310345
41,3720,-176,-44.14696485623
41,3721,-86,-87.8461538461538
41,3722,37,-44.14696485623
41,3723,-94,76.0873015873016
41,3724,-39,-44.14696485623
41,3725,-9,-0.924528301886792
41,3726,-37,119.553398058252
41,3727,15,-0.924528301886792
41,3728,-91,76.0873015873016
41,3729,-20,-0.924528301886792
41,3730,-11,-8.8445945945946
41,3731,16,-8.8445945945946
41,3732,30,76.0873015873016
41,3733,87,76.0873015873016
41,3734,126,198.222222222222
41,3735,174,147.970588235294
41,3736,104,23.0833333333333
41,3737,128,13.0588235294118
41,3738,-49,-74.5333333333333
41,3739,14,-44.14696485623
41,3740,-17,-11.4741379310345
41,3741,-32,-8.8445945945946
41,3742,-100,-8.8445945945946
41,3743,-78,-103.3
41,3744,-147,-103.3
41,3745,-71,-44.14696485623
41,3746,-29,-103.3
41,3747,-53,-8.8445945945946
41,3748,-47,-0.924528301886792
41,3749,-35,-0.924528301886792
41,3750,-20,-8.8445945945946
41,3751,-6,-8.8445945945946
41,3752,1,-8.8445945945946
41,3753,1,-8.8445945945946
41,3754,39,-8.8445945945946
41,3755,98,76.0873015873016
41,3756,308,211.977142857143
41,3757,276,184.185393258427
41,3758,-368,-293.950819672131
41,3759,-148,-152.941860465116
41,3760,-1,9.5
41,3761,72,-8.8445945945946
41,3762,32,-8.33962264150943
41,3763,-33,-11.4741379310345
41,3764,14,-8.8445945945946
41,3765,228,119.553398058252
41,3766,398,304.8
41,3767,-136,-152.941860465116
41,3768,-272,-182.339622641509
41,3769,-111,-152.540983606557
41,3770,-229,-87.8461538461538
41,3771,9,-44.14696485623
41,3772,-20,-8.8445945945946
41,3773,-126,-8.8445945945946
41,3774,-20,-0.924528301886792
41,3775,-10,119.553398058252
41,3776,-6,-8.8445945945946
41,3777,6,-11.6923076923077
41,3778,43,-8.8445945945946
41,3779,108,66.3684210526316
41,3780,373,211.977142857143
41,3781,230,147.970588235294
41,3782,-427,-293.950819672131
41,3783,-113,-152.941860465116
41,3784,32,26.1666666666667
41,3785,125,-11.4741379310345
41,3786,-75,-8.33962264150943
41,3787,-7,-44.14696485623
41,3788,50,-8.8445945945946
41,3789,195,106.5
41,3790,397,304.8
41,3791,-112,-233.194690265487
41,3792,-344,-182.339622641509
41,3793,-103,-152.540983606557
41,3794,-84,-87.8461538461538
41,3795,-101,-44.14696485623
41,3796,-83,-44.14696485623
41,3797,-65,-0.924528301886792
41,3798,-19,-0.924528301886792
41,3799,-21,-11.6923076923077
41,3800,-2,-8.8445945945946
41,3801,2,-8.8445945945946
41,3802,47,-8.8445945945946
41,3803,120,76.0873015873016
41,3804,353,211.977142857143
41,3805,275,23.0833333333333
41,3806,-428,-293.950819672131
41,3807,-202,-152.941860465116
41,3808,65,9.5
41,3809,80,-8.33962264150943
41,3810,-10,-8.33962264150943
41,3811,-5,-8.8445945945946
41,3812,7,-8.8445945945946
41,3813,224,119.553398058252
41,3814,431,304.8
41,3815,-105,-52.5
41,3816,-286,-182.339622641509
41,3817,-131,-152.540983606557
41,3818,-128,-87.8461538461538
41,3819,-75,-44.14696485623
41,3820,-115,-44.14696485623
41,3821,-47,-0.924528301886792
41,3822,-48,-0.924528301886792
41,3823,-10,-0.924528301886792
41,3824,-10,-8.8445945945946
41,3825,-3,-8.8445945945946
41,3826,50,-8.8445945945946
41,3827,116,170.5
41,3828,324,211.977142857143
41,3829,284,23.0833333333333
41,3830,-436,-293.950819672131
41,3831,-118,-152.941860465116
41,3832,13,9.5
41,3833,81,76.0873015873016
41,3834,-6,-8.33962264150943
41,3835,-28,-8.8445945945946
41,3836,20,-8.8445945945946
41,3837,194,119.553398058252
41,3838,387,304.8
41,3839,-77,-52.5
41,3840,-267,-182.339622641509
41,3841,-195,-152.540983606557
41,3842,-76,-87.8461538461538
41,3843,-64,-44.14696485623
41,3844,-72,-44.14696485623
41,3845,-64,-0.924528301886792
41,3846,-35,-0.924528301886792
41,3847,-17,-11.6923076923077
41,3848,-6,-11.6923076923077
41,3849,-8,-8.8445945945946
41,3850,45,-8.8445945945946
41,3851,94,76.0873015873016
41,3852,277,211.977142857143
41,3853,313,211.977142857143
41,3854,-331,-293.950819672131
41,3855,-206,-152.941860465116
41,3856,93,9.5
41,3857,102,-8.33962264150943
41,3858,-55,-8.33962264150943
41,3859,14,-44.14696485623
41,3860,97,-11.4741379310345
41,3861,134,147.970588235294
41,3862,235,304.8
41,3863,-152,-233.194690265487
41,3864,-194,-152.941860465116
41,3865,-160,-101.0625
41,3866,-19,-44.14696485623
41,3867,-75,-8.8445945945946
41,3868,-39,-44.14696485623
41,3869,-36,-0.924528301886792
41,3870,4,-0.924528301886792
41,3871,-56,-11.6923076923077
41,3872,-64,-44.14696485623
41,3873,-13,-0.924528301886792
41,3874,-4,-8.8445945945946
41,3875,22,-8.8445945945946
41,3876,55,76.0873015873016
41,3877,127,198.222222222222
41,3878,115,211.977142857143
41,3879,151,23.0833333333333
41,3880,106,23.0833333333333
41,3881,83,13.0588235294118
41,3882,92,-74.5333333333333
41,3883,-10,-74.5333333333333
41,3884,-39,-8.8445945945946
41,3885,-99,-44.14696485623
41,3886,6,-103.3
41,3887,-162,-8.8445945945946
41,3888,-156,-103.3
41,3889,-4,-44.14696485623
41,3890,-87,-8.8445945945946
41,3891,-52,-0.924528301886792
41,3892,10,-44.14696485623
41,3893,-50,76.0873015873016
41,3894,16,-0.924528301886792
41,3895,-17,76.0873015873016
41,3896,-37,-8.8445945945946
41,3897,-59,-44.14696485623
41,3898,8,-44.14696485623
41,3899,11,-8.8445945945946
41,3900,26,66.3684210526316
41,3901,108,76.0873015873016
41,3902,157,147.970588235294
41,3903,104,147.970588235294
41,3904,28,13.0588235294118
41,3905,29,76.0873015873016
41,3906,-100,-11.4741379310345
41,3907,11,-44.14696485623
41,3908,-101,-11.4741379310345
41,3909,-8,-44.14696485623
41,3910,-68,-8.8445945945946
41,3911,-71,-103.3
41,3912,-100,-0.924528301886792
41,3913,1,-44.14696485623
41,3914,-9,-8.8445945945946
41,3915,-9,-8.8445945945946
41,3916,-23,-8.8445945945946
41,3917,8,-8.8445945945946
41,3918,94,-8.8445945945946
41,3919,10,211.977142857143
41,3920,-2,76.0873015873016
41,3921,-26,-8.8445945945946
41,3922,26,-8.8445945945946
41,3923,19,76.0873015873016
41,3924,-28,76.0873015873016
41,3925,-34,-8.8445945945946
41,3926,-17,-8.8445945945946
41,3927,2,-8.8445945945946
41,3928,-27,-8.8445945945946
41,3929,-23,-8.8445945945946
41,3930,-8,-8.8445945945946
41,3931,-1,-8.8445945945946
41,3932,-4,-8.8445945945946
41,3933,2,-8.8445945945946
41,3934,19,-8.8445945945946
41,3935,92,66.3684210526316
41,3936,221,184.185393258427
41,3937,284,184.185393258427
41,3938,-324,-293.950819672131
41,3939,-129,-152.941860465116
41,3940,21,9.5
41,3941,52,-11.4741379310345
41,3942,-28,-8.33962264150943
41,3943,11,-8.8445945945946
41,3944,6,-11.4741379310345
41,3945,194,119.553398058252
41,3946,299,304.8
41,3947,-139,-52.5
41,3948,-174,-152.941860465116
41,3949,-142,-152.540983606557
41,3950,-76,-44.14696485623
41,3951,-27,-44.14696485623
41,3952,-64,-8.8445945945946
41,3953,-41,-0.924528301886792
41,3954,-30,-0.924528301886792
41,3955,-10,-11.6923076923077
41,3956,-5,-8.8445945945946
41,3957,-5,-8.8445945945946
41,3958,30,-8.8445945945946
41,3959,108,76.0873015873016
41,3960,272,211.977142857143
41,3961,260,211.977142857143
41,3962,-349,-293.950819672131
41,3963,-185,-152.941860465116
41,3964,24,9.5
41,3965,51,76.0873015873016
41,3966,27,-8.33962264150943
41,3967,-63,-11.4741379310345
41,3968,29,-0.924528301886792
41,3969,130,119.553398058252
41,3970,345,304.8
41,3971,-11,-99.1666666666667
41,3972,-226,-182.339622641509
41,3973,-156,-152.540983606557
41,3974,-29,-87.8461538461538
41,3975,-65,-8.8445945945946
41,3976,-82,-44.14696485623
41,3977,-70,-44.14696485623
41,3978,-26,-0.924528301886792
41,3979,-14,-11.6923076923077
41,3980,-7,-8.8445945945946
41,3981,4,-8.8445945945946
41,3982,19,-8.8445945945946
41,3983,96,76.0873015873016
41,3984,235,211.977142857143
41,3985,330,147.970588235294
41,3986,-305,-293.950819672131
41,3987,-178,-152.941860465116
41,3988,17,9.5
41,3989,71,-11.4741379310345
41,3990,2,-8.33962264150943
41,3991,-32,-8.8445945945946
41,3992,44,-8.8445945945946
41,3993,115,119.553398058252
41,3994,217,304.8
41,3995,-116,-129.538461538462
41,3996,-148,-182.339622641509
41,3997,-153,-101.0625
41,3998,-65,-44.14696485623
41,3999,-7,-44.14696485623
41,4000,-30,-8.8445945945946
41,4001,-11,-8.8445945945946
41,4002,-19,-8.8445945945946
41,4003,-43,-8.8445945945946
41,4004,-18,-44.14696485623
41,4005,-12,-8.8445945945946
41,4006,-7,-8.8445945945946
41,4007,12,-8.8445945945946
41,4008,38,76.0873015873016
41,4009,83,76.0873015873016
41,4010,77,211.977142857143
41,4011,109,147.970588235294
41,4012,12,23.0833333333333
41,4013,54,76.0873015873016
41,4014,55,-74.5333333333333
41,4015,6,-8.33962264150943
41,4016,-7,-8.8445945945946
41,4017,-48,-8.8445945945946
41,4018,10,-44.14696485623
41,4019,-113,-11.4741379310345
41,4020,-58,-103.3
41,4021,-58,-44.14696485623
41,4022,-15,-44.14696485623
41,4023,-20,-8.8445945945946
41,4024,2,-8.8445945945946
41,4025,-46,-8.8445945945946
41,4026,63,-44.14696485623
41,4027,-128,170.5
41,4028,-26,-44.14696485623
41,4029,-2,-8.8445945945946
41,4030,-4,-8.8445945945946
41,4031,11,-8.8445945945946
41,4032,34,66.3684210526316
41,4033,99,76.0873015873016
41,4034,68,211.977142857143
41,4035,143,170.5
41,4036,85,29.2
41,4037,59,13.0588235294118
41,4038,-11,-74.5333333333333
41,4039,16,-8.8445945945946
41,4040,-60,-11.4741379310345
41,4041,-14,-44.14696485623
41,4042,-108,-8.8445945945946
41,4043,-90,-44.14696485623
41,4044,-10,-103.3
41,4045,-86,-8.8445945945946
41,4046,-54,-44.14696485623
41,4047,-8,-44.14696485623
41,4048,-26,-8.8445945945946
41,4049,-30,-8.8445945945946
41,4050,-15,-8.8445945945946
41,4051,-2,-8.8445945945946
41,4052,-2,-8.8445945945946
41,4053,12,-8.8445945945946
41,4054,23,76.0873015873016
41,4055,100,76.0873015873016
41,4056,322,211.977142857143
41,4057,187,147.970588235294
41,4058,-391,-152.941860465116
41,4059,-115,-108.3
41,4060,8,26.1666666666667
41,4061,94,-8.8445945945946
41,4062,-22,-8.33962264150943
41,4063,-26,-8.8445945945946
41,4064,35,-8.8445945945946
41,4065,129,119.553398058252
41,4066,278,304.8
41,4067,-96,-129.538461538462
41,4068,-170,-182.339622641509
41,4069,-131,-152.540983606557
41,4070,-89,-44.14696485623
41,4071,-37,-44.14696485623
41,4072,-62,-44.14696485623
41,4073,-34,-0.924528301886792
41,4074,-11,-8.8445945945946
41,4075,-6,-11.6923076923077
41,4076,2,-8.8445945945946
41,4077,3,-8.8445945945946
41,4078,34,-8.8445945945946
41,4079,108,76.0873015873016
41,4080,238,211.977142857143
41,4081,201,184.185393258427
41,4082,-225,-293.950819672131
41,4083,-133,-152.941860465116
41,4084,-14,26.1666666666667
41,4085,32,-8.8445945945946
41,4086,30,-11.4741379310345
41,4087,-38,-11.4741379310345
41,4088,32,-0.924528301886792
41,4089,130,119.553398058252
41,4090,225,252.981818181818
41,4091,-130,184.185393258427
41,4092,-126,-182.339622641509
41,4093,-143,-101.0625
41,4094,-77,-44.14696485623
41,4095,2,-44.14696485623
41,4096,52,-8.8445945945946
41,4097,78,198.222222222222
41,4098,-191,211.977142857143
41,4099,-18,-0.924528301886792
41,4100,-63,-8.8445945945946
41,4101,-2,-44.14696485623
41,4102,18,-8.8445945945946
41,4103,91,-11.4741379310345
41,4104,201,198.222222222222
41,4105,282,211.977142857143
41,4106,-233,-233.194690265487
41,4107,-190,-152.941860465116
41,4108,-31,9.5
41,4109,65,-8.8445945945946
41,4110,-31,-8.33962264150943
41,4111,-20,-8.8445945945946
41,4112,37,-8.8445945945946
41,4113,75,119.553398058252
41,4114,244,252.981818181818
41,4115,-52,211.977142857143
41,4116,-146,-182.339622641509
41,4117,-63,-101.0625
41,4118,-130,-44.14696485623
41,4119,-66,-44.14696485623
41,4120,-20,-44.14696485623
41,4121,-25,-8.8445945945946
41,4122,-3,-8.8445945945946
41,4123,-6,-8.8445945945946
41,4124,4,-8.8445945945946
41,4125,25,-8.8445945945946
41,4126,89,76.0873015873016
41,4127,299,184.185393258427
41,4128,245,147.970588235294
41,4129,-393,-293.950819672131
41,4130,-114,-152.941860465116
41,4131,10,26.1666666666667
41,4132,64,-11.4741379310345
41,4133,-7,-8.33962264150943
41,4134,-46,-8.8445945945946
41,4135,51,-0.924528301886792
41,4136,106,106.5
41,4137,253,304.8
41,4138,-85,-129.538461538462
41,4139,-134,-182.339622641509
41,4140,-128,-152.540983606557
41,4141,-12,-44.14696485623
41,4142,-72,-8.8445945945946
41,4143,-74,-44.14696485623
41,4144,-32,-0.924528301886792
41,4145,-35,-8.8445945945946
41,4146,-8,-8.8445945945946
41,4147,-3,-8.8445945945946
41,4148,5,-8.8445945945946
41,4149,13,-8.8445945945946
41,4150,104,76.0873015873016
41,4151,210,211.977142857143
41,4152,352,147.970588235294
41,4153,-366,-293.950819672131
41,4154,-130,-152.941860465116
41,4155,54,9.5
41,4156,11,-8.33962264150943
41,4157,37,-11.4741379310345
41,4158,-25,-11.4741379310345
41,4159,82,-8.8445945945946
41,4160,78,147.970588235294
41,4161,220,304.8
41,4162,-158,29.2
41,4163,-135,-182.339622641509
41,4164,-106,-101.0625
41,4165,-56,-44.14696485623
41,4166,-36,-44.14696485623
41,4167,-1,-44.14696485623
41,4168,-40,-8.8445945945946
41,4169,-46,-0.924528301886792
41,4170,-32,-0.924528301886792
41,4171,-24,-8.8445945945946
41,4172,-14,-8.8445945945946
41,4173,4,-8.8445945945946
41,4174,6,-8.8445945945946
41,4175,55,-8.8445945945946
41,4176,75,170.5
41,4177,113,147.970588235294
41,4178,91,23.0833333333333
41,4179,116,23.0833333333333
41,4180,140,29.2
41,4181,45,-74.5333333333333
41,4182,-24,13.0588235294118
41,4183,-60,-8.8445945945946
41,4184,38,-44.14696485623
41,4185,-104,-11.4741379310345
41,4186,-142,-103.3
41,4187,-76,-44.14696485623
41,4188,-91,-103.3
41,4189,28,-103.3
41,4190,-27,76.0873015873016
41,4191,-47,-8.8445945945946
41,4192,-22,-0.924528301886792
41,4193,-16,-8.8445945945946
41,4194,-38,-8.8445945945946
41,4195,-22,-44.14696485623
41,4196,-37,-8.8445945945946
41,4197,1,-44.14696485623
41,4198,7,-8.8445945945946
41,4199,49,-8.8445945945946
41,4200,51,106.5
41,4201,154,106.5
41,4202,132,23.0833333333333
41,4203,99,-233.194690265487
41,4204,81,13.0588235294118
41,4205,101,-74.5333333333333
41,4206,-32,-74.5333333333333
41,4207,70,-8.8445945945946
41,4208,-71,-74.5333333333333
41,4209,-160,-44.14696485623
41,4210,-88,-103.3
41,4211,-128,-103.3
41,4212,-77,-44.14696485623
41,4213,-29,-44.14696485623
41,4214,-37,-8.8445945945946
41,4215,-25,-0.924528301886792
41,4216,-60,-8.8445945945946
41,4217,-19,-0.924528301886792
41,4218,-10,-8.8445945945946
41,4219,-16,-8.8445945945946
41,4220,0,-8.8445945945946
41,4221,20,-8.8445945945946
41,4222,47,76.0873015873016
41,4223,193,76.0873015873016
41,4224,276,184.185393258427
41,4225,-143,-233.194690265487
41,4226,-131,-152.941860465116
41,4227,101,-152.540983606557
41,4228,52,-8.33962264150943
41,4229,1,-99.1666666666667
41,4230,24,-8.8445945945946
41,4231,-62,-11.4741379310345
41,4232,52,-0.924528301886792
41,4233,162,170.5
41,4234,-45,-8.33962264150943
41,4235,-198,-108.3
41,4236,-49,-44.14696485623
41,4237,-149,-44.14696485623
41,4238,-43,-44.14696485623
41,4239,-49,-44.14696485623
41,4240,-40,-44.14696485623
41,4241,-18,-0.924528301886792
41,4242,6,-11.6923076923077
41,4243,-6,-8.8445945945946
41,4244,4,-8.8445945945946
41,4245,9,-8.8445945945946
41,4246,32,-8.8445945945946
41,4247,57,76.0873015873016
41,4248,104,170.5
41,4249,-101,67.25
41,4250,-16,-44.14696485623
41,4251,61,-8.8445945945946
41,4252,41,-8.33962264150943
41,4253,22,-11.4741379310345
41,4254,-15,-11.4741379310345
41,4255,14,-8.8445945945946
41,4256,93,66.3684210526316
41,4257,298,147.970588235294
41,4258,-49,-8.33962264150943
41,4259,-203,-182.339622641509
41,4260,-133,-152.540983606557
41,4261,-36,-87.8461538461538
41,4262,-52,-44.14696485623
41,4263,-51,-44.14696485623
41,4264,-60,-44.14696485623
41,4265,-12,-0.924528301886792
41,4266,-11,-11.6923076923077
41,4267,4,-8.8445945945946
41,4268,1,-8.8445945945946
41,4269,33,-8.8445945945946
41,4270,107,76.0873015873016
41,4271,269,147.970588235294
41,4272,276,184.185393258427
41,4273,-359,-293.950819672131
41,4274,-161,-152.941860465116
41,4275,-20,9.5
41,4276,89,-8.8445945945946
41,4277,-26,-8.33962264150943
41,4278,-33,-8.8445945945946
41,4279,79,-8.8445945945946
41,4280,61,147.970588235294
41,4281,262,304.8
41,4282,-16,23.0833333333333
41,4283,-171,-182.339622641509
41,4284,-129,-152.540983606557
41,4285,-54,-44.14696485623
41,4286,-40,-44.14696485623
41,4287,-86,-44.14696485623
41,4288,-53,-44.14696485623
41,4289,-18,-0.924528301886792
41,4290,-9,-11.6923076923077
41,4291,-5,-8.8445945945946
41,4292,3,-8.8445945945946
41,4293,32,-8.8445945945946
41,4294,110,76.0873015873016
41,4295,263,211.977142857143
41,4296,236,184.185393258427
41,4297,-323,-293.950819672131
41,4298,-170,-152.941860465116
41,4299,13,26.1666666666667
41,4300,47,-11.4741379310345
41,4301,4,-11.4741379310345
41,4302,-16,-8.8445945945946
41,4303,16,-8.8445945945946
41,4304,125,119.553398058252
41,4305,221,304.8
41,4306,10,-99.1666666666667
41,4307,-187,-182.339622641509
41,4308,-101,-101.0625
41,4309,-61,-44.14696485623
41,4310,-71,-44.14696485623
41,4311,-28,-44.14696485623
41,4312,-60,-8.8445945945946
41,4313,-44,-0.924528301886792
41,4314,-12,-0.924528301886792
41,4315,-3,-8.8445945945946
41,4316,-1,-8.8445945945946
41,4317,31,-8.8445945945946
41,4318,94,76.0873015873016
41,4319,237,211.977142857143
41,4320,344,211.977142857143
41,4321,-360,-293.950819672131
41,4322,-153,-152.941860465116
41,4323,20,9.5
41,4324,72,76.0873015873016
41,4325,-12,-8.33962264150943
41,4326,-27,-8.8445945945946
41,4327,16,-8.8445945945946
41,4328,116,119.553398058252
41,4329,197,304.8
41,4330,-75,-99.1666666666667
41,4331,-173,-182.339622641509
41,4332,-105,-101.0625
41,4333,-49,-44.14696485623
41,4334,-16,-44.14696485623
41,4335,-34,-8.8445945945946
41,4336,-22,-8.8445945945946
41,4337,-19,-8.8445945945946
41,4338,-38,119.553398058252
41,4339,-28,-44.14696485623
41,4340,-14,-8.8445945945946
41,4341,4,-8.8445945945946
41,4342,10,-8.8445945945946
42,1,160,85.9565217391304
42,2,134,-22.4545454545455
42,3,56,-98.8421052631579
42,4,62,-7.2
42,5,26,-86.8
42,6,-58,-37.1333333333333
42,7,-30,-45.9230769230769
42,8,-16,-45.9230769230769
42,9,19,-5.32352941176471
42,10,-213,-37.1333333333333
42,11,-117,-134.075949367089
42,12,-56,11.7297297297297
42,13,79,-45.9230769230769
42,14,-99,210.885245901639
42,15,-69,-45.9230769230769
42,16,-40,-1.58461538461538
42,17,-32,-1.58461538461538
42,18,-32,-45.9230769230769
42,19,-50,-45.9230769230769
42,20,-8,-1.58461538461538
42,21,17,-5.32352941176471
42,22,65,79.3247863247863
42,23,81,210.885245901639
42,24,142,210.885245901639
42,25,119,-22.4545454545455
42,26,149,-7.2
42,27,56,-22.4545454545455
42,28,-30,-7.2
42,29,-64,-45.9230769230769
42,30,-41,-45.9230769230769
42,31,75,-45.9230769230769
42,32,-28,-19.0196078431373
42,33,-75,-5.32352941176471
42,34,-72,-45.9230769230769
42,35,-128,-45.9230769230769
42,36,-41,-45.9230769230769
42,37,-88,-45.9230769230769
42,38,-59,-45.9230769230769
42,39,-46,-1.58461538461538
42,40,-25,-1.58461538461538
42,41,-4,-5.32352941176471
42,42,-9,7.675
42,43,5,-5.32352941176471
42,44,8,-5.32352941176471
42,45,64,-5.32352941176471
42,46,74,147.107692307692
42,47,117,143.061728395062
42,48,-84,10.3125
42,49,-87,-45.9230769230769
42,50,7,-45.9230769230769
42,51,64,-5.32352941176471
42,52,14,-19.0196078431373
42,53,-4,17.680412371134
42,54,45,-5.32352941176471
42,55,90,143.061728395062
42,56,193,143.061728395062
42,57,22,-37.5714285714286
42,58,-82,-184.239520958084
42,59,-112,-45.9230769230769
42,60,-95,-45.9230769230769
42,61,-99,-45.9230769230769
42,62,-45,-45.9230769230769
42,63,-61,-45.9230769230769
42,64,-9,-1.58461538461538
42,65,-16,-5.32352941176471
42,66,-6,-5.32352941176471
42,67,2,-5.32352941176471
42,68,10,-5.32352941176471
42,69,120,79.3247863247863
42,70,187,210.885245901639
42,71,266,178.607142857143
42,72,-257,-233.252336448598
42,73,-133,-148.634146341463
42,74,-11,11.7297297297297
42,75,65,-5.32352941176471
42,76,-11,-19.0196078431373
42,77,-21,-5.32352941176471
42,78,23,-5.32352941176471
42,79,141,7.675
42,80,399,252.657657657658
42,81,0,-61.375
42,82,-421,-184.239520958084
42,83,9,-134.075949367089
42,84,-112,79.3247863247863
42,85,-87,-45.9230769230769
42,86,-69,-45.9230769230769
42,87,-58,-45.9230769230769
42,88,-15,-1.58461538461538
42,89,-20,7.675
42,90,-7,-5.32352941176471
42,91,-2,-5.32352941176471
42,92,32,-5.32352941176471
42,93,125,79.3247863247863
42,94,308,210.885245901639
42,95,251,-61.375
42,96,-422,-300.836363636364
42,97,-106,-148.634146341463
42,98,6,11.7297297297297
42,99,51,-5.32352941176471
42,100,22,-19.0196078431373
42,101,-22,-37.1333333333333
42,102,9,-5.32352941176471
42,103,21,119.554545454545
42,104,7,79.3247863247863
42,105,42,-5.32352941176471
42,106,49,17.680412371134
42,107,-81,151.071428571429
42,108,-50,-45.9230769230769
42,109,-86,-45.9230769230769
42,110,-53,-45.9230769230769
42,111,-50,-45.9230769230769
42,112,-26,-45.9230769230769
42,113,-14,-5.32352941176471
42,114,-12,-5.32352941176471
42,115,1,-5.32352941176471
42,116,25,-5.32352941176471
42,117,126,79.3247863247863
42,118,259,210.885245901639
42,119,277,-61.375
42,120,-391,-300.836363636364
42,121,-116,-148.634146341463
42,122,36,11.7297297297297
42,123,68,17.680412371134
42,124,13,-19.0196078431373
42,125,-50,-37.1333333333333
42,126,39,-1.58461538461538
42,127,99,119.554545454545
42,128,408,301.869565217391
42,129,-46,-37.5714285714286
42,130,-260,-184.239520958084
42,131,-94,-134.075949367089
42,132,-113,11.7297297297297
42,133,-42,-45.9230769230769
42,134,-76,-45.9230769230769
42,135,-94,-45.9230769230769
42,136,-31,-1.58461538461538
42,137,-19,-1.58461538461538
42,138,-9,-5.32352941176471
42,139,-5,-5.32352941176471
42,140,21,-5.32352941176471
42,141,83,79.3247863247863
42,142,246,210.885245901639
42,143,224,210.885245901639
42,144,-243,-300.836363636364
42,145,-108,-148.634146341463
42,146,51,11.7297297297297
42,147,38,-19.0196078431373
42,148,12,17.680412371134
42,149,34,-37.1333333333333
42,150,99,-37.1333333333333
42,151,118,143.061728395062
42,152,69,252.657657657658
42,153,-131,10.3125
42,154,-118,-45.9230769230769
42,155,-54,-45.9230769230769
42,156,-95,-45.9230769230769
42,157,-43,-45.9230769230769
42,158,-46,-45.9230769230769
42,159,-50,-1.58461538461538
42,160,-34,-1.58461538461538
42,161,-18,-45.9230769230769
42,162,-33,-5.32352941176471
42,163,-29,-45.9230769230769
42,164,8,-5.32352941176471
42,165,21,-5.32352941176471
42,166,23,79.3247863247863
42,167,87,79.3247863247863
42,168,148,143.061728395062
42,169,148,143.061728395062
42,170,83,-7.2
42,171,9,-7.2
42,172,10,17.680412371134
42,173,25,17.680412371134
42,174,-51,-37.1333333333333
42,175,-9,-45.9230769230769
42,176,-42,-5.32352941176471
42,177,-47,-45.9230769230769
42,178,-42,-45.9230769230769
42,179,-118,-45.9230769230769
42,180,-4,-45.9230769230769
42,181,-47,-5.32352941176471
42,182,-54,-45.9230769230769
42,183,-13,-45.9230769230769
42,184,-59,-5.32352941176471
42,185,-17,-1.58461538461538
42,186,-25,-5.32352941176471
42,187,-25,-5.32352941176471
42,188,-4,-5.32352941176471
42,189,15,-5.32352941176471
42,190,30,79.3247863247863
42,191,99,79.3247863247863
42,192,119,178.607142857143
42,193,154,143.061728395062
42,194,95,-22.4545454545455
42,195,51,-7.2
42,196,-72,-86.8
42,197,49,-45.9230769230769
42,198,-12,-86.8
42,199,-34,-5.32352941176471
42,200,21,-45.9230769230769
42,201,-4,-37.1333333333333
42,202,-76,-5.32352941176471
42,203,-50,-45.9230769230769
42,204,-249,-45.9230769230769
42,205,-84,-134.075949367089
42,206,37,11.7297297297297
42,207,-31,79.3247863247863
42,208,-6,-1.58461538461538
42,209,-11,-5.32352941176471
42,210,-30,-5.32352941176471
42,211,-12,-1.58461538461538
42,212,3,-5.32352941176471
42,213,11,-5.32352941176471
42,214,47,17.680412371134
42,215,88,147.107692307692
42,216,108,178.607142857143
42,217,101,85.9565217391304
42,218,112,85.9565217391304
42,219,49,10.3125
42,220,31,-86.8
42,221,-91,17.680412371134
42,222,-5,-45.9230769230769
42,223,41,-5.32352941176471
42,224,-96,-37.1333333333333
42,225,-22,-45.9230769230769
42,226,12,-5.32352941176471
42,227,-78,-37.1333333333333
42,228,-70,-45.9230769230769
42,229,-90,-45.9230769230769
42,230,-75,-1.58461538461538
42,231,-37,-45.9230769230769
42,232,-31,-45.9230769230769
42,233,-6,-1.58461538461538
42,234,-5,-5.32352941176471
42,235,2,-5.32352941176471
42,236,28,-5.32352941176471
42,237,121,79.3247863247863
42,238,296,210.885245901639
42,239,184,-61.375
42,240,-377,-300.836363636364
42,241,-74,-98.8421052631579
42,242,14,11.7297297297297
42,243,40,17.680412371134
42,244,2,17.680412371134
42,245,-1,-5.32352941176471
42,246,18,-5.32352941176471
42,247,137,119.554545454545
42,248,388,301.869565217391
42,249,-71,-61.375
42,250,-184,-184.239520958084
42,251,-322,-134.075949367089
42,252,-133,-134.075949367089
42,253,-16,11.7297297297297
42,254,-5,-5.32352941176471
42,255,-14,-5.32352941176471
42,256,-32,-5.32352941176471
42,257,1,-1.58461538461538
42,258,0,7.675
42,259,1,119.554545454545
42,260,35,-5.32352941176471
42,261,103,79.3247863247863
42,262,339,178.607142857143
42,263,188,210.885245901639
42,264,-366,-300.836363636364
42,265,-128,-98.8421052631579
42,266,31,11.7297297297297
42,267,45,17.680412371134
42,268,36,-19.0196078431373
42,269,-37,-37.1333333333333
42,270,23,-1.58461538461538
42,271,123,119.554545454545
42,272,441,301.869565217391
42,273,-43,-7.2
42,274,-240,-184.239520958084
42,275,-125,-134.075949367089
42,276,-127,11.7297297297297
42,277,-87,-45.9230769230769
42,278,-57,-45.9230769230769
42,279,-99,-45.9230769230769
42,280,-35,-1.58461538461538
42,281,-12,-1.58461538461538
42,282,-6,-5.32352941176471
42,283,0,7.675
42,284,25,-5.32352941176471
42,285,145,79.3247863247863
42,286,329,210.885245901639
42,287,186,-61.375
42,288,-382,-300.836363636364
42,289,-91,-98.8421052631579
42,290,-2,11.7297297297297
42,291,74,-5.32352941176471
42,292,1,-19.0196078431373
42,293,-39,-5.32352941176471
42,294,36,-1.58461538461538
42,295,197,119.554545454545
42,296,340,301.869565217391
42,297,-42,-61.375
42,298,-194,-184.239520958084
42,299,-112,-134.075949367089
42,300,-120,-45.9230769230769
42,301,-95,-45.9230769230769
42,302,-124,-45.9230769230769
42,303,-54,-45.9230769230769
42,304,-52,-1.58461538461538
42,305,-18,-1.58461538461538
42,306,-12,-5.32352941176471
42,307,2,-5.32352941176471
42,308,39,-5.32352941176471
42,309,96,79.3247863247863
42,310,261,210.885245901639
42,311,292,210.885245901639
42,312,-396,-300.836363636364
42,313,-94,-148.634146341463
42,314,31,11.7297297297297
42,315,75,17.680412371134
42,316,6,-19.0196078431373
42,317,-62,-5.32352941176471
42,318,4,-1.58461538461538
42,319,-36,119.554545454545
42,320,5,-45.9230769230769
42,321,-117,-5.32352941176471
42,322,-65,-45.9230769230769
42,323,-6,-45.9230769230769
42,324,46,-5.32352941176471
42,325,-62,151.071428571429
42,326,50,-45.9230769230769
42,327,13,10.3125
42,328,-10,17.680412371134
42,329,-35,-5.32352941176471
42,330,-15,-45.9230769230769
42,331,-13,-5.32352941176471
42,332,-1,-5.32352941176471
42,333,24,-5.32352941176471
42,334,50,17.680412371134
42,335,124,147.107692307692
42,336,122,210.885245901639
42,337,161,-233.252336448598
42,338,43,-7.2
42,339,132,-98.8421052631579
42,340,11,-86.8
42,341,-32,-7.2
42,342,55,-45.9230769230769
42,343,-58,-19.0196078431373
42,344,-58,-45.9230769230769
42,345,-74,-45.9230769230769
42,346,42,-45.9230769230769
42,347,-155,-37.1333333333333
42,348,-83,-34.6
42,349,-88,-45.9230769230769
42,350,10,-45.9230769230769
42,351,-69,79.3247863247863
42,352,-48,-45.9230769230769
42,353,-32,-1.58461538461538
42,354,-39,-1.58461538461538
42,355,-37,-1.58461538461538
42,356,-1,-45.9230769230769
42,357,10,-5.32352941176471
42,358,13,17.680412371134
42,359,105,79.3247863247863
42,360,160,210.885245901639
42,361,104,143.061728395062
42,362,107,-98.8421052631579
42,363,173,10.3125
42,364,2,-171.166666666667
42,365,-8,-98.8421052631579
42,366,-34,-5.32352941176471
42,367,18,-45.9230769230769
42,368,-84,-37.1333333333333
42,369,-82,-45.9230769230769
42,370,-43,-45.9230769230769
42,371,-139,-45.9230769230769
42,372,-68,-45.9230769230769
42,373,-20,-45.9230769230769
42,374,-118,-5.32352941176471
42,375,-59,-1.58461538461538
42,376,-35,-45.9230769230769
42,377,-3,-1.58461538461538
42,378,-6,7.675
42,379,3,-5.32352941176471
42,380,27,-5.32352941176471
42,381,104,79.3247863247863
42,382,378,210.885245901639
42,383,148,210.885245901639
42,384,-383,-300.836363636364
42,385,-95,-7.2
42,386,52,11.7297297297297
42,387,43,-19.0196078431373
42,388,-8,17.680412371134
42,389,-4,-5.32352941176471
42,390,22,-5.32352941176471
42,391,156,119.554545454545
42,392,386,301.869565217391
42,393,-12,-61.375
42,394,-177,-184.239520958084
42,395,-184,-134.075949367089
42,396,-196,-134.075949367089
42,397,-97,-34.6
42,398,-82,-45.9230769230769
42,399,-52,-45.9230769230769
42,400,-14,-1.58461538461538
42,401,-12,7.675
42,402,-3,7.675
42,403,0,7.675
42,404,31,-5.32352941176471
42,405,148,79.3247863247863
42,406,385,210.885245901639
42,407,141,-61.375
42,408,-375,-300.836363636364
42,409,-159,-7.2
42,410,51,-34.6
42,411,20,-19.0196078431373
42,412,20,17.680412371134
42,413,9,-37.1333333333333
42,414,-4,-37.1333333333333
42,415,201,119.554545454545
42,416,377,301.869565217391
42,417,-60,-228.538461538462
42,418,-277,-148.634146341463
42,419,-98,-134.075949367089
42,420,-132,11.7297297297297
42,421,-90,-45.9230769230769
42,422,-80,-45.9230769230769
42,423,-64,-45.9230769230769
42,424,-22,-1.58461538461538
42,425,-16,7.675
42,426,-3,-5.32352941176471
42,427,2,7.675
42,428,28,-5.32352941176471
42,429,134,79.3247863247863
42,430,375,210.885245901639
42,431,121,-61.375
42,432,-365,-300.836363636364
42,433,-100,-7.2
42,434,23,11.7297297297297
42,435,89,17.680412371134
42,436,-12,-19.0196078431373
42,437,-1,-5.32352941176471
42,438,-2,-5.32352941176471
42,439,152,119.554545454545
42,440,272,301.869565217391
42,441,58,-61.375
42,442,-244,-184.239520958084
42,443,-130,-134.075949367089
42,444,-110,11.7297297297297
42,445,-50,-45.9230769230769
42,446,-125,-45.9230769230769
42,447,-64,-45.9230769230769
42,448,-37,-1.58461538461538
42,449,-10,-1.58461538461538
42,450,-7,7.675
42,451,1,-5.32352941176471
42,452,28,-5.32352941176471
42,453,136,79.3247863247863
42,454,356,210.885245901639
42,455,155,-61.375
42,456,-344,-300.836363636364
42,457,-127,-7.2
42,458,27,11.7297297297297
42,459,99,17.680412371134
42,460,-21,-19.0196078431373
42,461,-50,-5.32352941176471
42,462,68,-1.58461538461538
42,463,133,143.061728395062
42,464,403,301.869565217391
42,465,-56,-233.252336448598
42,466,-211,-184.239520958084
42,467,-124,-134.075949367089
42,468,-165,11.7297297297297
42,469,-85,-34.6
42,470,-51,-45.9230769230769
42,471,-100,-45.9230769230769
42,472,-48,-1.58461538461538
42,473,-10,-1.58461538461538
42,474,-11,-5.32352941176471
42,475,2,7.675
42,476,19,-5.32352941176471
42,477,110,79.3247863247863
42,478,289,210.885245901639
42,479,272,210.885245901639
42,480,-318,-300.836363636364
42,481,-133,-148.634146341463
42,482,15,11.7297297297297
42,483,105,17.680412371134
42,484,47,-19.0196078431373
42,485,-43,-19.0196078431373
42,486,24,-1.58461538461538
42,487,126,119.554545454545
42,488,270,301.869565217391
42,489,-70,-7.2
42,490,-168,-184.239520958084
42,491,-147,-134.075949367089
42,492,-69,-45.9230769230769
42,493,-48,-45.9230769230769
42,494,-76,-45.9230769230769
42,495,-9,-1.58461538461538
42,496,-83,-5.32352941176471
42,497,-34,-1.58461538461538
42,498,-49,-45.9230769230769
42,499,-32,-45.9230769230769
42,500,11,-1.58461538461538
42,501,61,79.3247863247863
42,502,7,147.107692307692
42,503,157,-5.32352941176471
42,504,96,-22.4545454545455
42,505,126,-7.2
42,506,103,-22.4545454545455
42,507,-38,-7.2
42,508,54,-45.9230769230769
42,509,8,-86.8
42,510,-38,-5.32352941176471
42,511,-21,-45.9230769230769
42,512,-39,-5.32352941176471
42,513,-44,-45.9230769230769
42,514,-91,-45.9230769230769
42,515,3,-45.9230769230769
42,516,-47,-5.32352941176471
42,517,-102,-45.9230769230769
42,518,16,-45.9230769230769
42,519,-72,79.3247863247863
42,520,-42,-1.58461538461538
42,521,-43,-45.9230769230769
42,522,-44,-45.9230769230769
42,523,-19,-1.58461538461538
42,524,3,-5.32352941176471
42,525,17,-5.32352941176471
42,526,32,17.680412371134
42,527,119,79.3247863247863
42,528,85,210.885245901639
42,529,147,85.9565217391304
42,530,86,-22.4545454545455
42,531,3,-7.2
42,532,-10,-5.32352941176471
42,533,8,-5.32352941176471
42,534,-25,-5.32352941176471
42,535,33,-5.32352941176471
42,536,13,-37.1333333333333
42,537,-31,-37.1333333333333
42,538,-115,-45.9230769230769
42,539,-12,-45.9230769230769
42,540,-110,-5.32352941176471
42,541,-94,-45.9230769230769
42,542,-49,-45.9230769230769
42,543,-69,-45.9230769230769
42,544,-17,-1.58461538461538
42,545,-7,-5.32352941176471
42,546,-11,-5.32352941176471
42,547,1,-5.32352941176471
42,548,30,-5.32352941176471
42,549,107,79.3247863247863
42,550,359,210.885245901639
42,551,148,178.607142857143
42,552,-335,-300.836363636364
42,553,-169,-7.2
42,554,55,-134.075949367089
42,555,59,-19.0196078431373
42,556,-13,-19.0196078431373
42,557,11,-5.32352941176471
42,558,0,-37.1333333333333
42,559,168,119.554545454545
42,560,373,301.869565217391
42,561,31,-61.375
42,562,-235,-228.538461538462
42,563,-202,-134.075949367089
42,564,-144,-134.075949367089
42,565,-86,-45.9230769230769
42,566,-84,-45.9230769230769
42,567,-52,-45.9230769230769
42,568,-12,-1.58461538461538
42,569,-10,7.675
42,570,6,7.675
42,571,-8,7.675
42,572,25,-5.32352941176471
42,573,107,79.3247863247863
42,574,167,143.061728395062
42,575,310,178.607142857143
42,576,-328,-233.252336448598
42,577,-160,-148.634146341463
42,578,-60,-134.075949367089
42,579,30,-45.9230769230769
42,580,-36,17.680412371134
42,581,1,-45.9230769230769
42,582,56,-5.32352941176471
42,583,123,143.061728395062
42,584,442,301.869565217391
42,585,-28,-233.252336448598
42,586,-162,-184.239520958084
42,587,-105,-134.075949367089
42,588,-112,-45.9230769230769
42,589,-67,-45.9230769230769
42,590,-118,-45.9230769230769
42,591,-55,-45.9230769230769
42,592,-6,-1.58461538461538
42,593,-24,7.675
42,594,4,-5.32352941176471
42,595,2,-5.32352941176471
42,596,30,-5.32352941176471
42,597,154,79.3247863247863
42,598,311,143.061728395062
42,599,208,-61.375
42,600,-361,-300.836363636364
42,601,-154,-148.634146341463
42,602,48,-134.075949367089
42,603,88,-19.0196078431373
42,604,-79,-19.0196078431373
42,605,65,-45.9230769230769
42,606,-39,10.3125
42,607,111,-1.58461538461538
42,608,465,301.869565217391
42,609,-113,-19.0196078431373
42,610,-73,-148.634146341463
42,611,-223,-140.818181818182
42,612,-52,-134.075949367089
42,613,-158,11.7297297297297
42,614,-85,-34.6
42,615,-105,-1.58461538461538
42,616,-27,-1.58461538461538
42,617,-12,-5.32352941176471
42,618,-4,7.675
42,619,1,-5.32352941176471
42,620,34,7.675
42,621,141,79.3247863247863
42,622,325,210.885245901639
42,623,213,-61.375
42,624,-362,-300.836363636364
42,625,-178,-148.634146341463
42,626,49,-34.6
42,627,37,-19.0196078431373
42,628,19,17.680412371134
42,629,14,-37.1333333333333
42,630,26,-37.1333333333333
42,631,114,119.554545454545
42,632,429,301.869565217391
42,633,-44,-37.5714285714286
42,634,-244,-148.634146341463
42,635,-144,-134.075949367089
42,636,-98,11.7297297297297
42,637,-95,-45.9230769230769
42,638,-70,-45.9230769230769
42,639,-78,-45.9230769230769
42,640,-43,-1.58461538461538
42,641,-36,-1.58461538461538
42,642,-10,-1.58461538461538
42,643,9,-5.32352941176471
42,644,19,79.3247863247863
42,645,118,79.3247863247863
42,646,279,210.885245901639
42,647,223,143.061728395062
42,648,-287,-228.538461538462
42,649,-150,-148.634146341463
42,650,70,11.7297297297297
42,651,117,-19.0196078431373
42,652,-10,-19.0196078431373
42,653,-17,-5.32352941176471
42,654,1,-5.32352941176471
42,655,181,119.554545454545
42,656,265,301.869565217391
42,657,-130,-61.375
42,658,-226,-184.239520958084
42,659,-82,-134.075949367089
42,660,-52,11.7297297297297
42,661,-12,-45.9230769230769
42,662,-99,-5.32352941176471
42,663,-85,-1.58461538461538
42,664,-42,-1.58461538461538
42,665,-28,-1.58461538461538
42,666,-40,-5.32352941176471
42,667,-19,-45.9230769230769
42,668,15,-5.32352941176471
42,669,24,79.3247863247863
42,670,31,79.3247863247863
42,671,126,79.3247863247863
42,672,163,143.061728395062
42,673,68,-7.2
42,674,131,-98.8421052631579
42,675,37,10.3125
42,676,14,-7.2
42,677,-44,-37.1333333333333
42,678,10,-45.9230769230769
42,679,-41,-37.1333333333333
42,680,51,-45.9230769230769
42,681,-22,-19.0196078431373
42,682,-110,-5.32352941176471
42,683,-109,-45.9230769230769
42,684,-62,-45.9230769230769
42,685,-10,-45.9230769230769
42,686,-97,-5.32352941176471
42,687,-35,-45.9230769230769
42,688,-60,-1.58461538461538
42,689,-14,-1.58461538461538
42,690,-46,-5.32352941176471
42,691,-10,-45.9230769230769
42,692,-1,-5.32352941176471
42,693,6,-5.32352941176471
42,694,25,-5.32352941176471
42,695,71,79.3247863247863
42,696,155,178.607142857143
42,697,162,143.061728395062
42,698,110,-7.2
42,699,69,-98.8421052631579
42,700,-1,-86.8
42,701,-32,-5.32352941176471
42,702,-119,-45.9230769230769
42,703,117,-45.9230769230769
42,704,13,-19.0196078431373
42,705,-80,-37.1333333333333
42,706,-123,-45.9230769230769
42,707,-88,-45.9230769230769
42,708,-56,-1.58461538461538
42,709,-93,-45.9230769230769
42,710,-45,-45.9230769230769
42,711,-68,-1.58461538461538
42,712,-26,-1.58461538461538
42,713,-5,-5.32352941176471
42,714,-5,-5.32352941176471
42,715,5,-5.32352941176471
42,716,14,-5.32352941176471
42,717,14,79.3247863247863
42,718,108,79.3247863247863
42,719,329,143.061728395062
42,720,-224,151.071428571429
42,721,-159,-148.634146341463
42,722,30,-134.075949367089
42,723,47,17.680412371134
42,724,57,-19.0196078431373
42,725,-6,10.3125
42,726,18,-5.32352941176471
42,727,95,119.554545454545
42,728,391,252.657657657658
42,729,-81,-19.0196078431373
42,730,-179,-184.239520958084
42,731,-101,-134.075949367089
42,732,-89,-45.9230769230769
42,733,-109,-45.9230769230769
42,734,-90,-45.9230769230769
42,735,-39,-1.58461538461538
42,736,-21,-1.58461538461538
42,737,1,7.675
42,738,-7,-5.32352941176471
42,739,2,-5.32352941176471
42,740,27,-5.32352941176471
42,741,124,79.3247863247863
42,742,319,210.885245901639
42,743,193,-61.375
42,744,-345,-300.836363636364
42,745,-148,-98.8421052631579
42,746,50,11.7297297297297
42,747,62,-19.0196078431373
42,748,-20,-19.0196078431373
42,749,-45,-5.32352941176471
42,750,32,-1.58461538461538
42,751,75,119.554545454545
42,752,477,301.869565217391
42,753,-16,-37.5714285714286
42,754,-281,-184.239520958084
42,755,-56,-134.075949367089
42,756,-182,11.7297297297297
42,757,15,-34.6
42,758,-166,17.680412371134
42,759,-72,-134.075949367089
42,760,-26,-1.58461538461538
42,761,-21,7.675
42,762,2,-5.32352941176471
42,763,-1,7.675
42,764,32,-5.32352941176471
42,765,126,7.675
42,766,299,210.885245901639
42,767,179,-61.375
42,768,-327,-300.836363636364
42,769,-149,-98.8421052631579
42,770,21,11.7297297297297
42,771,-8,17.680412371134
42,772,31,-5.32352941176471
42,773,-21,-37.1333333333333
42,774,-11,-5.32352941176471
42,775,156,119.554545454545
42,776,356,301.869565217391
42,777,-19,-7.2
42,778,-133,-184.239520958084
42,779,-132,-140.818181818182
42,780,-63,-45.9230769230769
42,781,-87,-45.9230769230769
42,782,-134,-45.9230769230769
42,783,-54,-45.9230769230769
42,784,-51,-1.58461538461538
42,785,0,-1.58461538461538
42,786,-7,7.675
42,787,1,-5.32352941176471
42,788,28,-5.32352941176471
42,789,110,7.675
42,790,313,210.885245901639
42,791,127,210.885245901639
42,792,-334,-300.836363636364
42,793,-106,-7.2
42,794,11,11.7297297297297
42,795,54,17.680412371134
42,796,-43,-19.0196078431373
42,797,4,-45.9230769230769
42,798,18,-5.32352941176471
42,799,126,119.554545454545
42,800,295,301.869565217391
42,801,25,-61.375
42,802,-141,-184.239520958084
42,803,-63,-140.818181818182
42,804,-125,-45.9230769230769
42,805,-68,-45.9230769230769
42,806,-97,-45.9230769230769
42,807,-53,-45.9230769230769
42,808,-62,-1.58461538461538
42,809,-19,-45.9230769230769
42,810,-5,-5.32352941176471
42,811,3,-5.32352941176471
42,812,28,-5.32352941176471
42,813,84,79.3247863247863
42,814,237,210.885245901639
42,815,254,210.885245901639
42,816,-280,-300.836363636364
42,817,-148,-148.634146341463
42,818,51,11.7297297297297
42,819,18,-19.0196078431373
42,820,46,17.680412371134
42,821,-37,10.3125
42,822,21,-1.58461538461538
42,823,96,119.554545454545
42,824,266,252.657657657658
42,825,-141,-19.0196078431373
42,826,-143,-184.239520958084
42,827,-160,-140.818181818182
42,828,15,-134.075949367089
42,829,-20,79.3247863247863
42,830,-23,-5.32352941176471
42,831,-58,-5.32352941176471
42,832,7,-1.58461538461538
42,833,-30,119.554545454545
42,834,-51,-45.9230769230769
42,835,-23,-45.9230769230769
42,836,-7,-5.32352941176471
42,837,35,-5.32352941176471
42,838,31,79.3247863247863
42,839,89,79.3247863247863
42,840,165,210.885245901639
42,841,162,143.061728395062
42,842,22,-98.8421052631579
42,843,86,-98.8421052631579
42,844,-38,-86.8
42,845,45,-45.9230769230769
42,846,-126,-86.8
42,847,30,-45.9230769230769
42,848,17,-37.1333333333333
42,849,-49,-37.1333333333333
42,850,-56,-45.9230769230769
42,851,-39,-45.9230769230769
42,852,-64,-1.58461538461538
42,853,-43,-45.9230769230769
42,854,-54,-45.9230769230769
42,855,-62,-45.9230769230769
42,856,-36,-45.9230769230769
42,857,-13,-45.9230769230769
42,858,-54,-5.32352941176471
42,859,-47,-45.9230769230769
42,860,-5,-45.9230769230769
42,861,17,-5.32352941176471
42,862,46,79.3247863247863
42,863,70,147.107692307692
42,864,91,178.607142857143
42,865,220,85.9565217391304
42,866,54,-22.4545454545455
42,867,50,-228.538461538462
42,868,29,-86.8
42,869,-34,17.680412371134
42,870,-64,-45.9230769230769
42,871,-26,-45.9230769230769
42,872,71,-5.32352941176471
42,873,2,-19.0196078431373
42,874,-111,-5.32352941176471
42,875,-91,-45.9230769230769
42,876,-79,-45.9230769230769
42,877,-75,-45.9230769230769
42,878,-91,-45.9230769230769
42,879,-19,-45.9230769230769
42,880,-37,-5.32352941176471
42,881,-17,-1.58461538461538
42,882,-9,-5.32352941176471
42,883,-1,-5.32352941176471
42,884,39,-5.32352941176471
42,885,115,79.3247863247863
42,886,327,178.607142857143
42,887,123,210.885245901639
42,888,-340,-300.836363636364
42,889,-84,-7.2
42,890,-3,11.7297297297297
42,891,89,-5.32352941176471
42,892,-10,-19.0196078431373
42,893,-9,-5.32352941176471
42,894,-18,-5.32352941176471
42,895,181,119.554545454545
42,896,419,301.869565217391
42,897,-42,-61.375
42,898,-209,-184.239520958084
42,899,-107,-134.075949367089
42,900,-144,11.7297297297297
42,901,-144,-45.9230769230769
42,902,-84,-45.9230769230769
42,903,-66,-45.9230769230769
42,904,-7,-1.58461538461538
42,905,-21,7.675
42,906,0,-5.32352941176471
42,907,1,7.675
42,908,29,7.675
42,909,149,79.3247863247863
42,910,364,210.885245901639
42,911,104,-61.375
42,912,-328,-184.239520958084
42,913,-138,-134.075949367089
42,914,45,11.7297297297297
42,915,73,-19.0196078431373
42,916,-2,-19.0196078431373
42,917,-39,-5.32352941176471
42,918,50,-1.58461538461538
42,919,99,143.061728395062
42,920,484,301.869565217391
42,921,-76,-37.5714285714286
42,922,-212,-184.239520958084
42,923,-107,-134.075949367089
42,924,-177,11.7297297297297
42,925,-83,-34.6
42,926,-114,-45.9230769230769
42,927,-77,-1.58461538461538
42,928,-31,-1.58461538461538
42,929,-9,-1.58461538461538
42,930,-6,-5.32352941176471
42,931,3,7.675
42,932,25,-5.32352941176471
42,933,164,79.3247863247863
42,934,327,210.885245901639
42,935,160,-61.375
42,936,-405,-300.836363636364
42,937,-110,-98.8421052631579
42,938,37,11.7297297297297
42,939,113,17.680412371134
42,940,-1,-19.0196078431373
42,941,-51,-5.32352941176471
42,942,-21,-1.58461538461538
42,943,143,119.554545454545
42,944,451,301.869565217391
42,945,-39,-61.375
42,946,-161,-184.239520958084
42,947,-198,-134.075949367089
42,948,-78,-134.075949367089
42,949,-70,-45.9230769230769
42,950,-138,-45.9230769230769
42,951,-105,-45.9230769230769
42,952,-29,-1.58461538461538
42,953,-12,7.675
42,954,-6,7.675
42,955,4,-5.32352941176471
42,956,36,-5.32352941176471
42,957,146,7.675
42,958,315,210.885245901639
42,959,109,-61.375
42,960,-266,-184.239520958084
42,961,-167,-134.075949367089
42,962,27,-34.6
42,963,65,17.680412371134
42,964,-40,-19.0196078431373
42,965,18,-45.9230769230769
42,966,-35,-37.1333333333333
42,967,168,-1.58461538461538
42,968,318,252.657657657658
42,969,-8,-61.375
42,970,-126,-228.538461538462
42,971,-101,-140.818181818182
42,972,-72,-45.9230769230769
42,973,-124,-45.9230769230769
42,974,-103,-45.9230769230769
42,975,-57,-45.9230769230769
42,976,-72,-1.58461538461538
42,977,-24,-1.58461538461538
42,978,-10,-5.32352941176471
42,979,2,-5.32352941176471
42,980,35,-5.32352941176471
42,981,118,79.3247863247863
42,982,217,210.885245901639
42,983,244,210.885245901639
42,984,-324,-300.836363636364
42,985,-129,-148.634146341463
42,986,17,11.7297297297297
42,987,38,17.680412371134
42,988,13,17.680412371134
42,989,-6,-37.1333333333333
42,990,-3,-5.32352941176471
42,991,121,119.554545454545
42,992,188,301.869565217391
42,993,-75,-7.2
42,994,-101,-184.239520958084
42,995,-55,-45.9230769230769
42,996,-72,-45.9230769230769
42,997,-73,-45.9230769230769
42,998,-115,-45.9230769230769
42,999,21,-1.58461538461538
42,1000,-11,-37.1333333333333
42,1001,3,-5.32352941176471
42,1002,-38,-5.32352941176471
42,1003,-5,-1.58461538461538
42,1004,-8,-5.32352941176471
42,1005,32,-5.32352941176471
42,1006,50,79.3247863247863
42,1007,102,147.107692307692
42,1008,81,10.3125
42,1009,129,85.9565217391304
42,1010,48,10.3125
42,1011,19,-7.2
42,1012,-43,79.3247863247863
42,1013,-19,-45.9230769230769
42,1014,-5,-5.32352941176471
42,1015,-31,-5.32352941176471
42,1016,-11,-45.9230769230769
42,1017,-23,-5.32352941176471
42,1018,35,-5.32352941176471
42,1019,-82,-37.1333333333333
42,1020,-79,-45.9230769230769
42,1021,-41,-45.9230769230769
42,1022,-20,-45.9230769230769
42,1023,-3,-5.32352941176471
42,1024,-56,-5.32352941176471
42,1025,-3,-1.58461538461538
42,1026,-57,-5.32352941176471
42,1027,-29,-45.9230769230769
42,1028,6,-5.32352941176471
42,1029,17,-5.32352941176471
42,1030,23,79.3247863247863
42,1031,92,17.680412371134
42,1032,77,151.071428571429
42,1033,147,143.061728395062
42,1034,11,-22.4545454545455
42,1035,56,-7.2
42,1036,-13,-86.8
42,1037,24,-5.32352941176471
42,1038,-99,-37.1333333333333
42,1039,-32,-45.9230769230769
42,1040,100,-45.9230769230769
42,1041,-43,-19.0196078431373
42,1042,12,-45.9230769230769
42,1043,-50,17.680412371134
42,1044,-74,-1.58461538461538
42,1045,-107,-45.9230769230769
42,1046,-41,-45.9230769230769
42,1047,-67,-45.9230769230769
42,1048,-26,-45.9230769230769
42,1049,-2,-5.32352941176471
42,1050,-10,-5.32352941176471
42,1051,7,-5.32352941176471
42,1052,28,-5.32352941176471
42,1053,96,79.3247863247863
42,1054,262,210.885245901639
42,1055,170,143.061728395062
42,1056,-273,-228.538461538462
42,1057,-121,-98.8421052631579
42,1058,27,11.7297297297297
42,1059,56,17.680412371134
42,1060,-21,-19.0196078431373
42,1061,-6,-5.32352941176471
42,1062,4,-5.32352941176471
42,1063,131,119.554545454545
42,1064,382,252.657657657658
42,1065,-17,-61.375
42,1066,-149,-184.239520958084
42,1067,-186,-140.818181818182
42,1068,-137,-134.075949367089
42,1069,-70,-45.9230769230769
42,1070,-86,-45.9230769230769
42,1071,-49,-45.9230769230769
42,1072,-39,-1.58461538461538
42,1073,-4,-1.58461538461538
42,1074,-8,7.675
42,1075,4,7.675
42,1076,29,-5.32352941176471
42,1077,119,79.3247863247863
42,1078,329,210.885245901639
42,1079,163,143.061728395062
42,1080,-374,-300.836363636364
42,1081,-63,-98.8421052631579
42,1082,8,11.7297297297297
42,1083,55,-5.32352941176471
42,1084,11,-19.0196078431373
42,1085,27,-37.1333333333333
42,1086,91,-37.1333333333333
42,1087,126,143.061728395062
42,1088,195,301.869565217391
42,1089,-95,-7.2
42,1090,-130,-98.8421052631579
42,1091,-121,-45.9230769230769
42,1092,-180,-45.9230769230769
42,1093,-19,-34.6
42,1094,-6,-5.32352941176471
42,1095,-12,-5.32352941176471
42,1096,-36,-5.32352941176471
42,1097,-30,-1.58461538461538
42,1098,-61,-1.58461538461538
42,1099,-16,-45.9230769230769
42,1100,3,-5.32352941176471
42,1101,13,-5.32352941176471
42,1102,40,79.3247863247863
42,1103,81,79.3247863247863
42,1104,140,210.885245901639
42,1105,154,-22.4545454545455
42,1106,38,-7.2
42,1107,9,-7.2
42,1108,5,17.680412371134
42,1109,48,-5.32352941176471
42,1110,-93,-19.0196078431373
42,1111,-65,-45.9230769230769
42,1112,25,-45.9230769230769
42,1113,16,-37.1333333333333
42,1114,2,-37.1333333333333
42,1115,119,-5.32352941176471
42,1116,33,151.071428571429
42,1117,-82,17.680412371134
42,1118,-319,-45.9230769230769
42,1119,-95,-134.075949367089
42,1120,-58,11.7297297297297
42,1121,-12,-45.9230769230769
42,1122,-11,-5.32352941176471
42,1123,0,-5.32352941176471
42,1124,22,-5.32352941176471
42,1125,104,7.675
42,1126,210,301.869565217391
42,1127,207,210.885245901639
42,1128,-257,-300.836363636364
42,1129,-107,-148.634146341463
42,1130,58,11.7297297297297
42,1131,32,-19.0196078431373
42,1132,34,17.680412371134
42,1133,-69,-37.1333333333333
42,1134,13,-1.58461538461538
42,1135,179,119.554545454545
42,1136,256,252.657657657658
42,1137,-82,-98.8421052631579
42,1138,-104,-184.239520958084
42,1139,-182,-140.818181818182
42,1140,2,-134.075949367089
42,1141,-98,-5.32352941176471
42,1142,-94,-45.9230769230769
42,1143,-29,-1.58461538461538
42,1144,-73,-5.32352941176471
42,1145,-12,-1.58461538461538
42,1146,-10,7.675
42,1147,-1,-5.32352941176471
42,1148,29,-5.32352941176471
42,1149,96,79.3247863247863
42,1150,222,178.607142857143
42,1151,232,210.885245901639
42,1152,-281,-300.836363636364
42,1153,-94,-148.634146341463
42,1154,23,11.7297297297297
42,1155,98,17.680412371134
42,1156,-38,-19.0196078431373
42,1157,-18,-45.9230769230769
42,1158,10,-5.32352941176471
42,1159,84,119.554545454545
42,1160,207,252.657657657658
42,1161,-16,-19.0196078431373
42,1162,-142,-184.239520958084
42,1163,-82,-45.9230769230769
42,1164,-36,-45.9230769230769
42,1165,-12,-45.9230769230769
42,1166,-124,-5.32352941176471
42,1167,-14,-45.9230769230769
42,1168,-79,-5.32352941176471
42,1169,-13,-1.58461538461538
42,1170,-27,-5.32352941176471
42,1171,-15,-5.32352941176471
42,1172,-2,-5.32352941176471
42,1173,17,-5.32352941176471
42,1174,40,79.3247863247863
42,1175,81,79.3247863247863
42,1176,104,178.607142857143
42,1177,69,85.9565217391304
42,1178,42,85.9565217391304
42,1179,-25,79.3247863247863
42,1180,18,-5.32352941176471
42,1181,-52,17.680412371134
42,1182,-2,-45.9230769230769
42,1183,-12,-5.32352941176471
42,1184,-15,-5.32352941176471
42,1185,-2,-5.32352941176471
42,1186,10,-5.32352941176471
42,1187,-11,79.3247863247863
42,1188,-75,-5.32352941176471
42,1189,19,-45.9230769230769
42,1190,-72,17.680412371134
42,1191,-1,-45.9230769230769
42,1192,-23,-5.32352941176471
42,1193,-54,-5.32352941176471
42,1194,-35,-1.58461538461538
42,1195,-22,-45.9230769230769
42,1196,-7,-5.32352941176471
42,1197,15,-5.32352941176471
42,1198,31,79.3247863247863
42,1199,78,17.680412371134
42,1200,112,210.885245901639
42,1201,77,143.061728395062
42,1202,70,85.9565217391304
42,1203,-13,85.9565217391304
42,1204,-39,-5.32352941176471
42,1205,-25,-45.9230769230769
42,1206,-14,-5.32352941176471
42,1207,-7,-5.32352941176471
42,1208,-21,-5.32352941176471
42,1209,-17,-5.32352941176471
42,1210,-3,-5.32352941176471
42,1211,35,-5.32352941176471
42,1212,-78,79.3247863247863
42,1213,-85,-45.9230769230769
42,1214,1,-45.9230769230769
42,1215,-84,-5.32352941176471
42,1216,-21,-45.9230769230769
42,1217,-13,-5.32352941176471
42,1218,0,-5.32352941176471
42,1219,-3,-5.32352941176471
42,1220,26,-5.32352941176471
42,1221,64,79.3247863247863
42,1222,138,147.107692307692
42,1223,225,178.607142857143
42,1224,-92,-233.252336448598
42,1225,-188,-148.634146341463
42,1226,41,-134.075949367089
42,1227,50,17.680412371134
42,1228,-11,-19.0196078431373
42,1229,-13,-5.32352941176471
42,1230,38,-5.32352941176471
42,1231,133,-37.1333333333333
42,1232,436,210.885245901639
42,1233,23,-61.375
42,1234,-241,-184.239520958084
42,1235,-184,-134.075949367089
42,1236,-116,-34.6
42,1237,-107,-45.9230769230769
42,1238,-93,-45.9230769230769
42,1239,-62,-45.9230769230769
42,1240,-54,-1.58461538461538
42,1241,1,-1.58461538461538
42,1242,-13,7.675
42,1243,1,-5.32352941176471
42,1244,38,-5.32352941176471
42,1245,145,79.3247863247863
42,1246,333,210.885245901639
42,1247,129,-61.375
42,1248,-318,-300.836363636364
42,1249,-141,-7.2
42,1250,59,11.7297297297297
42,1251,23,-19.0196078431373
42,1252,8,17.680412371134
42,1253,-38,-5.32352941176471
42,1254,23,-1.58461538461538
42,1255,170,119.554545454545
42,1256,437,301.869565217391
42,1257,-53,-98.8421052631579
42,1258,-405,-184.239520958084
42,1259,-330,-134.075949367089
42,1260,6,-134.075949367089
42,1261,49,-5.32352941176471
42,1262,-36,-19.0196078431373
42,1263,-59,-45.9230769230769
42,1264,-30,-1.58461538461538
42,1265,-9,-1.58461538461538
42,1266,0,119.554545454545
42,1267,2,-5.32352941176471
42,1268,34,-5.32352941176471
42,1269,144,17.680412371134
42,1270,312,210.885245901639
42,1271,177,-61.375
42,1272,-346,-300.836363636364
42,1273,-133,-98.8421052631579
42,1274,34,11.7297297297297
42,1275,63,17.680412371134
42,1276,-19,-19.0196078431373
42,1277,-32,-5.32352941176471
42,1278,35,-1.58461538461538
42,1279,135,119.554545454545
42,1280,419,301.869565217391
42,1281,-16,-61.375
42,1282,-181,-184.239520958084
42,1283,-150,-134.075949367089
42,1284,-92,-45.9230769230769
42,1285,-147,-45.9230769230769
42,1286,-92,-45.9230769230769
42,1287,-96,-45.9230769230769
42,1288,-35,-1.58461538461538
42,1289,-12,-1.58461538461538
42,1290,1,7.675
42,1291,-5,-5.32352941176471
42,1292,39,7.675
42,1293,134,79.3247863247863
42,1294,334,210.885245901639
42,1295,190,-61.375
42,1296,-375,-300.836363636364
42,1297,-113,-98.8421052631579
42,1298,1,11.7297297297297
42,1299,77,-5.32352941176471
42,1300,-15,-19.0196078431373
42,1301,-68,-5.32352941176471
42,1302,62,-1.58461538461538
42,1303,168,143.061728395062
42,1304,356,301.869565217391
42,1305,30,-233.252336448598
42,1306,-196,-184.239520958084
42,1307,-115,-134.075949367089
42,1308,-141,-45.9230769230769
42,1309,-55,-45.9230769230769
42,1310,-107,-45.9230769230769
42,1311,-116,-45.9230769230769
42,1312,-36,-1.58461538461538
42,1313,-42,-1.58461538461538
42,1314,-8,-1.58461538461538
42,1315,2,7.675
42,1316,23,-5.32352941176471
42,1317,93,79.3247863247863
42,1318,253,210.885245901639
42,1319,333,210.885245901639
42,1320,-299,-300.836363636364
42,1321,-146,-148.634146341463
42,1322,20,11.7297297297297
42,1323,91,17.680412371134
42,1324,-5,-19.0196078431373
42,1325,-5,-5.32352941176471
42,1326,-16,-5.32352941176471
42,1327,139,119.554545454545
42,1328,343,301.869565217391
42,1329,-204,-61.375
42,1330,-143,-184.239520958084
42,1331,-99,11.7297297297297
42,1332,-90,-45.9230769230769
42,1333,-36,-45.9230769230769
42,1334,-51,-45.9230769230769
42,1335,-21,-1.58461538461538
42,1336,-73,7.675
42,1337,-17,-1.58461538461538
42,1338,-61,-5.32352941176471
42,1339,-31,-45.9230769230769
42,1340,-4,-45.9230769230769
42,1341,30,-5.32352941176471
42,1342,13,79.3247863247863
42,1343,103,79.3247863247863
42,1344,131,178.607142857143
42,1345,119,143.061728395062
42,1346,38,-7.2
42,1347,60,79.3247863247863
42,1348,92,-86.8
42,1349,41,-86.8
42,1350,-72,-37.1333333333333
42,1351,6,-45.9230769230769
42,1352,-108,-5.32352941176471
42,1353,-107,-45.9230769230769
42,1354,80,-45.9230769230769
42,1355,-75,-19.0196078431373
42,1356,-87,-1.58461538461538
42,1357,-44,-45.9230769230769
42,1358,-14,-1.58461538461538
42,1359,-24,-5.32352941176471
42,1360,-19,-5.32352941176471
42,1361,-53,-5.32352941176471
42,1362,-58,-1.58461538461538
42,1363,-38,-45.9230769230769
42,1364,-10,-45.9230769230769
42,1365,6,-5.32352941176471
42,1366,32,-5.32352941176471
42,1367,86,79.3247863247863
42,1368,88,210.885245901639
42,1369,161,85.9565217391304
42,1370,69,-22.4545454545455
42,1371,38,-98.8421052631579
42,1372,-9,79.3247863247863
42,1373,-4,-5.32352941176471
42,1374,13,-5.32352941176471
42,1375,6,-37.1333333333333
42,1376,-59,-5.32352941176471
42,1377,-124,-45.9230769230769
42,1378,0,-45.9230769230769
42,1379,-18,-5.32352941176471
42,1380,-71,-5.32352941176471
42,1381,-93,-45.9230769230769
42,1382,-39,-45.9230769230769
42,1383,-48,-1.58461538461538
42,1384,-32,-45.9230769230769
42,1385,4,-45.9230769230769
42,1386,-9,-5.32352941176471
42,1387,6,-5.32352941176471
42,1388,38,-5.32352941176471
42,1389,90,79.3247863247863
42,1390,343,210.885245901639
42,1391,184,-22.4545454545455
42,1392,-319,-228.538461538462
42,1393,-162,-98.8421052631579
42,1394,-4,-34.6
42,1395,55,-5.32352941176471
42,1396,2,-19.0196078431373
42,1397,-27,-5.32352941176471
42,1398,25,-5.32352941176471
42,1399,149,119.554545454545
42,1400,369,301.869565217391
42,1401,39,-61.375
42,1402,-199,-184.239520958084
42,1403,-141,-134.075949367089
42,1404,-126,-45.9230769230769
42,1405,-44,-45.9230769230769
42,1406,-118,-45.9230769230769
42,1407,-113,-45.9230769230769
42,1408,-28,-1.58461538461538
42,1409,-18,7.675
42,1410,-4,7.675
42,1411,4,7.675
42,1412,31,-5.32352941176471
42,1413,175,79.3247863247863
42,1414,313,210.885245901639
42,1415,135,-61.375
42,1416,-341,-300.836363636364
42,1417,-161,-7.2
42,1418,47,-34.6
42,1419,48,-19.0196078431373
42,1420,-33,-19.0196078431373
42,1421,-7,-45.9230769230769
42,1422,30,-5.32352941176471
42,1423,137,119.554545454545
42,1424,389,301.869565217391
42,1425,2,-61.375
42,1426,-225,-184.239520958084
42,1427,-120,-134.075949367089
42,1428,-94,11.7297297297297
42,1429,-89,-45.9230769230769
42,1430,-83,-45.9230769230769
42,1431,-108,-45.9230769230769
42,1432,-37,-1.58461538461538
42,1433,-8,-1.58461538461538
42,1434,-4,-5.32352941176471
42,1435,2,-5.32352941176471
42,1436,40,-5.32352941176471
42,1437,116,79.3247863247863
42,1438,333,210.885245901639
42,1439,184,210.885245901639
42,1440,-382,-300.836363636364
42,1441,-159,-98.8421052631579
42,1442,45,-34.6
42,1443,19,-19.0196078431373
42,1444,1,17.680412371134
42,1445,-33,-5.32352941176471
42,1446,24,-1.58461538461538
42,1447,30,119.554545454545
42,1448,146,119.554545454545
42,1449,273,-19.0196078431373
42,1450,-127,-61.375
42,1451,-150,-148.634146341463
42,1452,-47,-140.818181818182
42,1453,-31,-45.9230769230769
42,1454,-157,-45.9230769230769
42,1455,-65,-34.6
42,1456,-41,-1.58461538461538
42,1457,-18,-1.58461538461538
42,1458,-2,7.675
42,1459,3,-5.32352941176471
42,1460,32,-5.32352941176471
42,1461,112,7.675
42,1462,321,210.885245901639
42,1463,184,210.885245901639
42,1464,-339,-300.836363636364
42,1465,-120,-98.8421052631579
42,1466,18,11.7297297297297
42,1467,58,17.680412371134
42,1468,-20,-19.0196078431373
42,1469,-57,-5.32352941176471
42,1470,95,-1.58461538461538
42,1471,66,143.061728395062
42,1472,413,301.869565217391
42,1473,6,-37.5714285714286
42,1474,-244,-184.239520958084
42,1475,-28,-134.075949367089
42,1476,-173,-5.32352941176471
42,1477,-264,-34.6
42,1478,-3,-34.6
42,1479,-31,-5.32352941176471
42,1480,-23,-1.58461538461538
42,1481,8,7.675
42,1482,17,-5.32352941176471
42,1483,-27,119.554545454545
42,1484,33,7.675
42,1485,84,79.3247863247863
42,1486,234,143.061728395062
42,1487,331,178.607142857143
42,1488,-318,-300.836363636364
42,1489,-140,-148.634146341463
42,1490,-21,11.7297297297297
42,1491,62,-5.32352941176471
42,1492,-118,-19.0196078431373
42,1493,73,-45.9230769230769
42,1494,-13,10.3125
42,1495,220,7.675
42,1496,279,301.869565217391
42,1497,-93,-61.375
42,1498,-220,-148.634146341463
42,1499,-151,-34.6
42,1500,-129,11.7297297297297
42,1501,13,-45.9230769230769
42,1502,31,79.3247863247863
42,1503,-63,17.680412371134
42,1504,-31,-1.58461538461538
42,1505,-12,-1.58461538461538
42,1506,-35,119.554545454545
42,1507,-9,-45.9230769230769
42,1508,1,-5.32352941176471
42,1509,-2,-5.32352941176471
42,1510,22,-5.32352941176471
42,1511,75,79.3247863247863
42,1512,95,178.607142857143
42,1513,61,210.885245901639
42,1514,37,85.9565217391304
42,1515,152,79.3247863247863
42,1516,-103,-86.8
42,1517,-11,-7.2
42,1518,37,-5.32352941176471
42,1519,-54,-37.1333333333333
42,1520,-85,-45.9230769230769
42,1521,-64,-45.9230769230769
42,1522,61,-1.58461538461538
42,1523,-24,147.107692307692
42,1524,-51,-5.32352941176471
42,1525,17,-45.9230769230769
42,1526,-31,17.680412371134
42,1527,-36,-45.9230769230769
42,1528,17,-45.9230769230769
42,1529,-8,79.3247863247863
42,1530,-79,-5.32352941176471
42,1531,-27,-45.9230769230769
42,1532,-10,-5.32352941176471
42,1533,13,-5.32352941176471
42,1534,19,79.3247863247863
42,1535,115,79.3247863247863
42,1536,105,178.607142857143
42,1537,121,143.061728395062
42,1538,126,85.9565217391304
42,1539,-1,-7.2
42,1540,122,-7.2
42,1541,-10,-86.8
42,1542,8,-7.2
42,1543,4,-5.32352941176471
42,1544,-72,-5.32352941176471
42,1545,-41,-45.9230769230769
42,1546,7,-45.9230769230769
42,1547,-144,-5.32352941176471
42,1548,-33,-45.9230769230769
42,1549,-154,-45.9230769230769
42,1550,-68,-134.075949367089
42,1551,-76,-45.9230769230769
42,1552,-20,-45.9230769230769
42,1553,-10,-5.32352941176471
42,1554,-15,7.675
42,1555,6,-5.32352941176471
42,1556,43,7.675
42,1557,106,79.3247863247863
42,1558,264,210.885245901639
42,1559,317,-22.4545454545455
42,1560,-393,-228.538461538462
42,1561,-145,-148.634146341463
42,1562,-2,11.7297297297297
42,1563,116,-5.32352941176471
42,1564,-74,-19.0196078431373
42,1565,31,-45.9230769230769
42,1566,10,-37.1333333333333
42,1567,176,119.554545454545
42,1568,390,301.869565217391
42,1569,-106,-61.375
42,1570,-159,-148.634146341463
42,1571,-179,-34.6
42,1572,-107,-134.075949367089
42,1573,-87,-45.9230769230769
42,1574,-95,-45.9230769230769
42,1575,-50,-1.58461538461538
42,1576,-47,-1.58461538461538
42,1577,-1,-1.58461538461538
42,1578,-10,7.675
42,1579,0,-5.32352941176471
42,1580,44,-5.32352941176471
42,1581,140,79.3247863247863
42,1582,326,210.885245901639
42,1583,227,-61.375
42,1584,-404,-300.836363636364
42,1585,-121,-148.634146341463
42,1586,-17,11.7297297297297
42,1587,28,-5.32352941176471
42,1588,44,17.680412371134
42,1589,-29,-37.1333333333333
42,1590,41,-5.32352941176471
42,1591,170,7.675
42,1592,414,301.869565217391
42,1593,8,-98.8421052631579
42,1594,-245,-184.239520958084
42,1595,-109,-134.075949367089
42,1596,-145,11.7297297297297
42,1597,-109,-45.9230769230769
42,1598,-77,-45.9230769230769
42,1599,-126,-45.9230769230769
42,1600,-38,-1.58461538461538
42,1601,-16,-1.58461538461538
42,1602,0,-5.32352941176471
42,1603,-8,7.675
42,1604,55,-5.32352941176471
42,1605,131,147.107692307692
42,1606,317,210.885245901639
42,1607,281,-233.252336448598
42,1608,-446,-300.836363636364
42,1609,-111,-148.634146341463
42,1610,50,11.7297297297297
42,1611,29,-19.0196078431373
42,1612,2,17.680412371134
42,1613,-65,-5.32352941176471
42,1614,70,-1.58461538461538
42,1615,167,143.061728395062
42,1616,429,301.869565217391
42,1617,-22,-233.252336448598
42,1618,-193,-184.239520958084
42,1619,-131,-134.075949367089
42,1620,-170,-45.9230769230769
42,1621,-119,-34.6
42,1622,-39,-45.9230769230769
42,1623,-147,-45.9230769230769
42,1624,-63,-1.58461538461538
42,1625,-8,-1.58461538461538
42,1626,-13,7.675
42,1627,-4,7.675
42,1628,38,-5.32352941176471
42,1629,139,79.3247863247863
42,1630,314,210.885245901639
42,1631,234,-61.375
42,1632,-385,-300.836363636364
42,1633,-122,-148.634146341463
42,1634,-10,11.7297297297297
42,1635,67,-5.32352941176471
42,1636,-37,-19.0196078431373
42,1637,-29,-45.9230769230769
42,1638,25,-5.32352941176471
42,1639,136,119.554545454545
42,1640,364,301.869565217391
42,1641,-50,-61.375
42,1642,-74,-184.239520958084
42,1643,-168,-140.818181818182
42,1644,-175,-134.075949367089
42,1645,-37,-34.6
42,1646,-89,-45.9230769230769
42,1647,-48,-45.9230769230769
42,1648,-43,-1.58461538461538
42,1649,-28,-1.58461538461538
42,1650,-14,7.675
42,1651,-4,7.675
42,1652,29,-5.32352941176471
42,1653,102,79.3247863247863
42,1654,271,210.885245901639
42,1655,266,210.885245901639
42,1656,-313,-300.836363636364
42,1657,-132,-148.634146341463
42,1658,20,11.7297297297297
42,1659,48,17.680412371134
42,1660,15,-19.0196078431373
42,1661,12,-37.1333333333333
42,1662,-3,-37.1333333333333
42,1663,176,119.554545454545
42,1664,200,301.869565217391
42,1665,-77,-98.8421052631579
42,1666,-106,-148.634146341463
42,1667,-162,-45.9230769230769
42,1668,-94,-134.075949367089
42,1669,-61,-45.9230769230769
42,1670,-10,-45.9230769230769
42,1671,2,-5.32352941176471
42,1672,-111,-5.32352941176471
42,1673,10,-1.58461538461538
42,1674,-47,7.675
42,1675,-32,-45.9230769230769
42,1676,3,-45.9230769230769
42,1677,36,-5.32352941176471
42,1678,26,79.3247863247863
42,1679,87,17.680412371134
42,1680,174,10.3125
42,1681,58,143.061728395062
42,1682,62,-98.8421052631579
42,1683,30,10.3125
42,1684,11,17.680412371134
42,1685,-4,17.680412371134
42,1686,3,-5.32352941176471
42,1687,-10,-5.32352941176471
42,1688,-8,-5.32352941176471
42,1689,2,-5.32352941176471
42,1690,-143,-5.32352941176471
42,1691,-105,-45.9230769230769
42,1692,67,-45.9230769230769
42,1693,-24,151.071428571429
42,1694,-68,-5.32352941176471
42,1695,-20,-45.9230769230769
42,1696,-30,-5.32352941176471
42,1697,-46,-1.58461538461538
42,1698,-57,-45.9230769230769
42,1699,-42,-45.9230769230769
42,1700,4,-45.9230769230769
42,1701,1,-5.32352941176471
42,1702,22,-5.32352941176471
42,1703,87,79.3247863247863
42,1704,99,143.061728395062
42,1705,155,210.885245901639
42,1706,128,-22.4545454545455
42,1707,2,-7.2
42,1708,-28,-7.2
42,1709,39,-5.32352941176471
42,1710,-21,17.680412371134
42,1711,20,-5.32352941176471
42,1712,10,-37.1333333333333
42,1713,-112,-37.1333333333333
42,1714,24,-45.9230769230769
42,1715,-140,-37.1333333333333
42,1716,-32,-45.9230769230769
42,1717,-123,-45.9230769230769
42,1718,-48,-45.9230769230769
42,1719,-42,-1.58461538461538
42,1720,-39,-45.9230769230769
42,1721,-11,-1.58461538461538
42,1722,-5,7.675
42,1723,2,-5.32352941176471
42,1724,42,-5.32352941176471
42,1725,114,79.3247863247863
42,1726,308,210.885245901639
42,1727,282,210.885245901639
42,1728,-458,-300.836363636364
42,1729,-104,-148.634146341463
42,1730,26,11.7297297297297
42,1731,63,17.680412371134
42,1732,-52,-19.0196078431373
42,1733,28,-45.9230769230769
42,1734,-18,-37.1333333333333
42,1735,189,119.554545454545
42,1736,402,301.869565217391
42,1737,-15,-61.375
42,1738,-147,-228.538461538462
42,1739,-203,-140.818181818182
42,1740,-140,-134.075949367089
42,1741,-92,11.7297297297297
42,1742,-80,-45.9230769230769
42,1743,-112,-45.9230769230769
42,1744,-17,-1.58461538461538
42,1745,-13,7.675
42,1746,-2,7.675
42,1747,0,7.675
42,1748,39,-5.32352941176471
42,1749,149,79.3247863247863
42,1750,319,210.885245901639
42,1751,247,-61.375
42,1752,-427,-300.836363636364
42,1753,-106,-148.634146341463
42,1754,-3,11.7297297297297
42,1755,24,-5.32352941176471
42,1756,40,17.680412371134
42,1757,-28,-37.1333333333333
42,1758,-116,-5.32352941176471
42,1759,258,-1.58461538461538
42,1760,418,301.869565217391
42,1761,37,-228.538461538462
42,1762,-243,-184.239520958084
42,1763,-162,-134.075949367089
42,1764,-100,-134.075949367089
42,1765,-95,-45.9230769230769
42,1766,-110,-45.9230769230769
42,1767,-100,-45.9230769230769
42,1768,-14,-1.58461538461538
42,1769,-20,7.675
42,1770,-6,7.675
42,1771,-3,-5.32352941176471
42,1772,45,-5.32352941176471
42,1773,136,147.107692307692
42,1774,302,210.885245901639
42,1775,194,-61.375
42,1776,-331,-300.836363636364
42,1777,-114,-98.8421052631579
42,1778,-2,11.7297297297297
42,1779,50,-5.32352941176471
42,1780,-4,-19.0196078431373
42,1781,-17,-5.32352941176471
42,1782,32,-5.32352941176471
42,1783,184,119.554545454545
42,1784,358,301.869565217391
42,1785,54,-61.375
42,1786,-239,-184.239520958084
42,1787,-139,-134.075949367089
42,1788,-193,11.7297297297297
42,1789,-32,-34.6
42,1790,-136,-45.9230769230769
42,1791,-89,-45.9230769230769
42,1792,-21,-1.58461538461538
42,1793,-31,7.675
42,1794,-5,-1.58461538461538
42,1795,3,7.675
42,1796,32,-5.32352941176471
42,1797,142,7.675
42,1798,290,210.885245901639
42,1799,266,-61.375
42,1800,-396,-300.836363636364
42,1801,-162,-148.634146341463
42,1802,45,-34.6
42,1803,60,-19.0196078431373
42,1804,24,-19.0196078431373
42,1805,-85,-37.1333333333333
42,1806,45,-1.58461538461538
42,1807,136,143.061728395062
42,1808,459,301.869565217391
42,1809,-98,-7.2
42,1810,-160,-184.239520958084
42,1811,-180,-134.075949367089
42,1812,-85,-34.6
42,1813,-80,-45.9230769230769
42,1814,-85,-45.9230769230769
42,1815,-106,-1.58461538461538
42,1816,-28,-1.58461538461538
42,1817,-29,7.675
42,1818,-8,7.675
42,1819,6,-5.32352941176471
42,1820,25,-5.32352941176471
42,1821,126,79.3247863247863
42,1822,258,210.885245901639
42,1823,247,-61.375
42,1824,-272,-228.538461538462
42,1825,-147,-148.634146341463
42,1826,14,11.7297297297297
42,1827,75,17.680412371134
42,1828,7,-19.0196078431373
42,1829,-14,-5.32352941176471
42,1830,49,-5.32352941176471
42,1831,112,143.061728395062
42,1832,249,252.657657657658
42,1833,-70,-37.5714285714286
42,1834,-202,-184.239520958084
42,1835,-80,-134.075949367089
42,1836,-111,-45.9230769230769
42,1837,-76,-45.9230769230769
42,1838,-6,-45.9230769230769
42,1839,-35,-5.32352941176471
42,1840,-39,-1.58461538461538
42,1841,-38,-1.58461538461538
42,1842,-54,-1.58461538461538
42,1843,-17,-1.58461538461538
42,1844,4,-5.32352941176471
42,1845,32,-5.32352941176471
42,1846,18,79.3247863247863
42,1847,114,79.3247863247863
42,1848,97,85.9565217391304
42,1849,118,143.061728395062
42,1850,74,85.9565217391304
42,1851,77,10.3125
42,1852,-20,-86.8
42,1853,-55,-5.32352941176471
42,1854,17,-45.9230769230769
42,1855,-39,-37.1333333333333
42,1856,42,-45.9230769230769
42,1857,-2,-37.1333333333333
42,1858,-93,-5.32352941176471
42,1859,-85,-45.9230769230769
42,1860,-23,-45.9230769230769
42,1861,-20,-5.32352941176471
42,1862,-47,-5.32352941176471
42,1863,-69,-45.9230769230769
42,1864,-66,-1.58461538461538
42,1865,-14,-1.58461538461538
42,1866,-32,-5.32352941176471
42,1867,-27,-45.9230769230769
42,1868,5,-5.32352941176471
42,1869,0,-5.32352941176471
42,1870,49,-5.32352941176471
42,1871,40,147.107692307692
42,1872,121,79.3247863247863
42,1873,135,210.885245901639
42,1874,73,-61.375
42,1875,54,-7.2
42,1876,32,10.3125
42,1877,3,17.680412371134
42,1878,-76,-5.32352941176471
42,1879,-29,-45.9230769230769
42,1880,-39,-5.32352941176471
42,1881,-153,-45.9230769230769
42,1882,-44,-34.6
42,1883,8,-45.9230769230769
42,1884,15,-5.32352941176471
42,1885,-51,-37.1333333333333
42,1886,-70,-45.9230769230769
42,1887,-54,-1.58461538461538
42,1888,-22,-45.9230769230769
42,1889,-6,-5.32352941176471
42,1890,0,-5.32352941176471
42,1891,6,-5.32352941176471
42,1892,14,-5.32352941176471
42,1893,116,79.3247863247863
42,1894,266,210.885245901639
42,1895,198,143.061728395062
42,1896,-329,-228.538461538462
42,1897,-63,-148.634146341463
42,1898,47,11.7297297297297
42,1899,25,-19.0196078431373
42,1900,4,17.680412371134
42,1901,-2,-5.32352941176471
42,1902,-13,-5.32352941176471
42,1903,177,119.554545454545
42,1904,407,301.869565217391
42,1905,-15,-61.375
42,1906,-203,-184.239520958084
42,1907,-183,-134.075949367089
42,1908,-140,-134.075949367089
42,1909,-110,-45.9230769230769
42,1910,-94,-45.9230769230769
42,1911,-66,-45.9230769230769
42,1912,-29,-1.58461538461538
42,1913,-5,7.675
42,1914,-7,7.675
42,1915,3,7.675
42,1916,27,-5.32352941176471
42,1917,143,79.3247863247863
42,1918,323,210.885245901639
42,1919,203,-61.375
42,1920,-378,-300.836363636364
42,1921,-77,-148.634146341463
42,1922,-36,11.7297297297297
42,1923,69,-45.9230769230769
42,1924,-30,-19.0196078431373
42,1925,8,-45.9230769230769
42,1926,45,-5.32352941176471
42,1927,139,143.061728395062
42,1928,423,301.869565217391
42,1929,-54,-61.375
42,1930,-204,-148.634146341463
42,1931,-162,-134.075949367089
42,1932,-131,-34.6
42,1933,-93,-45.9230769230769
42,1934,-86,-45.9230769230769
42,1935,-80,-45.9230769230769
42,1936,-35,-1.58461538461538
42,1937,-17,-1.58461538461538
42,1938,1,7.675
42,1939,0,7.675
42,1940,36,-5.32352941176471
42,1941,130,79.3247863247863
42,1942,309,210.885245901639
42,1943,255,-61.375
42,1944,-396,-300.836363636364
42,1945,-127,-148.634146341463
42,1946,25,11.7297297297297
42,1947,41,17.680412371134
42,1948,33,17.680412371134
42,1949,-77,-37.1333333333333
42,1950,42,-1.58461538461538
42,1951,163,119.554545454545
42,1952,417,301.869565217391
42,1953,4,-98.8421052631579
42,1954,-176,-184.239520958084
42,1955,-186,-134.075949367089
42,1956,-119,-34.6
42,1957,-148,-45.9230769230769
42,1958,-97,-45.9230769230769
42,1959,-69,-45.9230769230769
42,1960,-39,-1.58461538461538
42,1961,-14,-1.58461538461538
42,1962,-8,7.675
42,1963,4,-5.32352941176471
42,1964,31,7.675
42,1965,126,79.3247863247863
42,1966,308,210.885245901639
42,1967,223,-61.375
42,1968,-345,-300.836363636364
42,1969,-148,-148.634146341463
42,1970,55,11.7297297297297
42,1971,17,-19.0196078431373
42,1972,4,17.680412371134
42,1973,-34,-5.32352941176471
42,1974,20,-1.58461538461538
42,1975,150,119.554545454545
42,1976,393,301.869565217391
42,1977,1,-61.375
42,1978,-188,-184.239520958084
42,1979,-145,-134.075949367089
42,1980,-142,-45.9230769230769
42,1981,-77,-45.9230769230769
42,1982,-103,-45.9230769230769
42,1983,-71,-45.9230769230769
42,1984,-44,-1.58461538461538
42,1985,-21,-1.58461538461538
42,1986,-11,7.675
42,1987,-2,7.675
42,1988,26,-5.32352941176471
42,1989,11,79.3247863247863
42,1990,89,79.3247863247863
42,1991,-14,210.885245901639
42,1992,101,-5.32352941176471
42,1993,-27,85.9565217391304
42,1994,58,-5.32352941176471
42,1995,64,-86.8
42,1996,-25,-19.0196078431373
42,1997,17,-5.32352941176471
42,1998,17,17.680412371134
42,1999,143,79.3247863247863
42,2000,263,178.607142857143
42,2001,-90,-61.375
42,2002,-148,-148.634146341463
42,2003,-122,-140.818181818182
42,2004,-84,-45.9230769230769
42,2005,-68,-45.9230769230769
42,2006,-26,-45.9230769230769
42,2007,-12,-5.32352941176471
42,2008,-64,-5.32352941176471
42,2009,-31,-1.58461538461538
42,2010,-64,-1.58461538461538
42,2011,-11,-45.9230769230769
42,2012,1,-5.32352941176471
42,2013,12,-5.32352941176471
42,2014,39,79.3247863247863
42,2015,100,79.3247863247863
42,2016,109,210.885245901639
42,2017,136,85.9565217391304
42,2018,92,-22.4545454545455
42,2019,47,-7.2
42,2020,23,-86.8
42,2021,-31,17.680412371134
42,2022,24,-45.9230769230769
42,2023,-31,-37.1333333333333
42,2024,-19,-45.9230769230769
42,2025,-212,-5.32352941176471
42,2026,-25,-134.075949367089
42,2027,-115,-5.32352941176471
42,2028,-32,-45.9230769230769
42,2029,40,-45.9230769230769
42,2030,-5,17.680412371134
42,2031,-43,-5.32352941176471
42,2032,-7,-45.9230769230769
42,2033,-27,-5.32352941176471
42,2034,-38,-5.32352941176471
42,2035,-38,-45.9230769230769
42,2036,0,-45.9230769230769
42,2037,6,-5.32352941176471
42,2038,23,-5.32352941176471
42,2039,80,79.3247863247863
42,2040,98,178.607142857143
42,2041,111,143.061728395062
42,2042,121,85.9565217391304
42,2043,56,10.3125
42,2044,38,-7.2
42,2045,36,17.680412371134
42,2046,-2,17.680412371134
42,2047,-64,-5.32352941176471
42,2048,-8,-45.9230769230769
42,2049,-14,-5.32352941176471
42,2050,-26,-5.32352941176471
42,2051,-165,-5.32352941176471
42,2052,-80,-134.075949367089
42,2053,-39,-45.9230769230769
42,2054,-71,-45.9230769230769
42,2055,-63,-45.9230769230769
42,2056,-33,-45.9230769230769
42,2057,-5,-1.58461538461538
42,2058,-3,7.675
42,2059,5,-5.32352941176471
42,2060,25,-5.32352941176471
42,2061,123,79.3247863247863
42,2062,277,210.885245901639
42,2063,237,-61.375
42,2064,-368,-300.836363636364
42,2065,-106,-148.634146341463
42,2066,46,11.7297297297297
42,2067,31,-19.0196078431373
42,2068,-22,17.680412371134
42,2069,-6,-5.32352941176471
42,2070,26,-5.32352941176471
42,2071,190,119.554545454545
42,2072,354,301.869565217391
42,2073,-6,-61.375
42,2074,-257,-184.239520958084
42,2075,-123,-134.075949367089
42,2076,-142,11.7297297297297
42,2077,-98,-45.9230769230769
42,2078,-64,-45.9230769230769
42,2079,-68,-45.9230769230769
42,2080,-33,-1.58461538461538
42,2081,-16,-1.58461538461538
42,2082,-8,-5.32352941176471
42,2083,2,7.675
42,2084,31,-5.32352941176471
42,2085,28,79.3247863247863
42,2086,115,79.3247863247863
42,2087,439,210.885245901639
42,2088,-216,143.061728395062
42,2089,-194,-148.634146341463
42,2090,-12,-34.6
42,2091,104,-5.32352941176471
42,2092,-14,-19.0196078431373
42,2093,-31,-5.32352941176471
42,2094,28,-1.58461538461538
42,2095,175,7.675
42,2096,354,252.657657657658
42,2097,42,-61.375
42,2098,-227,-184.239520958084
42,2099,-191,-134.075949367089
42,2100,-128,-134.075949367089
42,2101,-119,-45.9230769230769
42,2102,-22,-45.9230769230769
42,2103,-107,-5.32352941176471
42,2104,-23,-1.58461538461538
42,2105,-29,7.675
42,2106,3,7.675
42,2107,-7,7.675
42,2108,35,-5.32352941176471
42,2109,133,79.3247863247863
42,2110,320,210.885245901639
42,2111,190,-61.375
42,2112,-315,-300.836363636364
42,2113,-134,-98.8421052631579
42,2114,2,11.7297297297297
42,2115,72,-5.32352941176471
42,2116,-13,-19.0196078431373
42,2117,-39,-5.32352941176471
42,2118,11,-1.58461538461538
42,2119,165,119.554545454545
42,2120,420,301.869565217391
42,2121,-3,-61.375
42,2122,-199,-184.239520958084
42,2123,-222,-134.075949367089
42,2124,-112,-134.075949367089
42,2125,-89,11.7297297297297
42,2126,-88,-45.9230769230769
42,2127,-62,-45.9230769230769
42,2128,-55,-1.58461538461538
42,2129,-6,-1.58461538461538
42,2130,-11,7.675
42,2131,1,-5.32352941176471
42,2132,32,-5.32352941176471
42,2133,128,79.3247863247863
42,2134,299,210.885245901639
42,2135,218,-61.375
42,2136,-345,-300.836363636364
42,2137,-138,-148.634146341463
42,2138,75,11.7297297297297
42,2139,69,-19.0196078431373
42,2140,-43,-19.0196078431373
42,2141,-52,-45.9230769230769
42,2142,12,-1.58461538461538
42,2143,159,119.554545454545
42,2144,478,301.869565217391
42,2145,-65,-61.375
42,2146,-155,-184.239520958084
42,2147,-163,-134.075949367089
42,2148,-158,-134.075949367089
42,2149,-102,-34.6
42,2150,-28,-45.9230769230769
42,2151,-138,-5.32352941176471
42,2152,-34,-1.58461538461538
42,2153,-35,-1.58461538461538
42,2154,-13,-1.58461538461538
42,2155,3,7.675
42,2156,27,-5.32352941176471
42,2157,121,79.3247863247863
42,2158,222,210.885245901639
42,2159,289,-61.375
42,2160,-290,-300.836363636364
42,2161,-147,-148.634146341463
42,2162,72,11.7297297297297
42,2163,62,-19.0196078431373
42,2164,-8,-19.0196078431373
42,2165,-29,-5.32352941176471
42,2166,55,-5.32352941176471
42,2167,105,143.061728395062
42,2168,303,301.869565217391
42,2169,-122,-37.5714285714286
42,2170,-178,-184.239520958084
42,2171,-132,-134.075949367089
42,2172,-104,-45.9230769230769
42,2173,-42,-45.9230769230769
42,2174,-92,-45.9230769230769
42,2175,-16,-1.58461538461538
42,2176,-13,-5.32352941176471
42,2177,-49,7.675
42,2178,-13,-1.58461538461538
42,2179,-17,-5.32352941176471
42,2180,-4,-5.32352941176471
42,2181,18,-5.32352941176471
42,2182,37,79.3247863247863
42,2183,125,79.3247863247863
42,2184,103,210.885245901639
42,2185,188,-61.375
42,2186,56,-22.4545454545455
42,2187,118,-98.8421052631579
42,2188,-10,-86.8
42,2189,-46,-5.32352941176471
42,2190,-2,-45.9230769230769
42,2191,45,-5.32352941176471
42,2192,-6,-19.0196078431373
42,2193,-81,-5.32352941176471
42,2194,-66,-45.9230769230769
42,2195,-147,-45.9230769230769
42,2196,-3,-45.9230769230769
42,2197,-77,-5.32352941176471
42,2198,-26,-45.9230769230769
42,2199,-48,-5.32352941176471
42,2200,-56,-45.9230769230769
42,2201,-12,-1.58461538461538
42,2202,-64,7.675
42,2203,-29,-1.58461538461538
42,2204,-15,-5.32352941176471
42,2205,9,-5.32352941176471
42,2206,21,79.3247863247863
42,2207,83,79.3247863247863
42,2208,146,178.607142857143
42,2209,155,143.061728395062
42,2210,-153,-7.2
42,2211,26,-7.2
42,2212,-136,79.3247863247863
42,2213,-13,-45.9230769230769
42,2214,127,-5.32352941176471
42,2215,80,-19.0196078431373
42,2216,-13,-7.2
42,2217,34,7.675
42,2218,-36,79.3247863247863
42,2219,-67,-45.9230769230769
42,2220,-84,-45.9230769230769
42,2221,-134,-45.9230769230769
42,2222,-10,-45.9230769230769
42,2223,-20,-5.32352941176471
42,2224,-16,-5.32352941176471
42,2225,-5,-5.32352941176471
42,2226,-2,-5.32352941176471
42,2227,4,-5.32352941176471
42,2228,30,7.675
42,2229,124,79.3247863247863
42,2230,281,178.607142857143
42,2231,213,-61.375
42,2232,-298,-300.836363636364
42,2233,-164,-148.634146341463
42,2234,48,-134.075949367089
42,2235,41,-19.0196078431373
42,2236,9,17.680412371134
42,2237,-16,-37.1333333333333
42,2238,34,-5.32352941176471
42,2239,151,119.554545454545
42,2240,433,301.869565217391
42,2241,-78,-7.2
42,2242,-516,-184.239520958084
42,2243,-38,-134.075949367089
42,2244,-16,11.7297297297297
42,2245,-84,-5.32352941176471
42,2246,-59,-45.9230769230769
42,2247,-43,-1.58461538461538
42,2248,-26,-1.58461538461538
42,2249,-25,7.675
42,2250,-5,-5.32352941176471
42,2251,1,-5.32352941176471
42,2252,30,-5.32352941176471
42,2253,135,79.3247863247863
42,2254,350,210.885245901639
42,2255,204,-61.375
42,2256,-395,-300.836363636364
42,2257,-150,-148.634146341463
42,2258,78,11.7297297297297
42,2259,49,-19.0196078431373
42,2260,26,-19.0196078431373
42,2261,-29,-37.1333333333333
42,2262,0,-5.32352941176471
42,2263,165,119.554545454545
42,2264,411,301.869565217391
42,2265,-253,-98.8421052631579
42,2266,-149,-184.239520958084
42,2267,-118,11.7297297297297
42,2268,-78,-45.9230769230769
42,2269,-48,-45.9230769230769
42,2270,-96,-45.9230769230769
42,2271,-81,-1.58461538461538
42,2272,-34,-1.58461538461538
42,2273,-4,-1.58461538461538
42,2274,-10,-5.32352941176471
42,2275,1,-5.32352941176471
42,2276,32,-5.32352941176471
42,2277,147,79.3247863247863
42,2278,366,210.885245901639
42,2279,187,-61.375
42,2280,-364,-300.836363636364
42,2281,-151,-98.8421052631579
42,2282,42,11.7297297297297
42,2283,45,17.680412371134
42,2284,4,-19.0196078431373
42,2285,-50,-5.32352941176471
42,2286,50,-1.58461538461538
42,2287,144,143.061728395062
42,2288,323,301.869565217391
42,2289,-100,-233.252336448598
42,2290,-103,-184.239520958084
42,2291,-189,-140.818181818182
42,2292,-40,-34.6
42,2293,-70,-45.9230769230769
42,2294,-141,-45.9230769230769
42,2295,-80,-1.58461538461538
42,2296,-35,-1.58461538461538
42,2297,-5,-1.58461538461538
42,2298,-11,7.675
42,2299,-3,-5.32352941176471
42,2300,31,-5.32352941176471
42,2301,155,7.675
42,2302,289,210.885245901639
42,2303,226,-61.375
42,2304,-295,-300.836363636364
42,2305,-179,-148.634146341463
42,2306,45,-34.6
42,2307,54,-19.0196078431373
42,2308,14,-19.0196078431373
42,2309,-41,-37.1333333333333
42,2310,0,-1.58461538461538
42,2311,160,119.554545454545
42,2312,355,301.869565217391
42,2313,121,-98.8421052631579
42,2314,-308,-300.836363636364
42,2315,-159,-184.239520958084
42,2316,-145,-134.075949367089
42,2317,-131,-45.9230769230769
42,2318,-41,-45.9230769230769
42,2319,-46,-45.9230769230769
42,2320,-69,-1.58461538461538
42,2321,-26,-1.58461538461538
42,2322,-8,7.675
42,2323,0,7.675
42,2324,30,7.675
42,2325,113,79.3247863247863
42,2326,274,210.885245901639
42,2327,319,210.885245901639
42,2328,-355,-300.836363636364
42,2329,-127,-148.634146341463
42,2330,19,11.7297297297297
42,2331,90,17.680412371134
42,2332,-20,-19.0196078431373
42,2333,-13,-5.32352941176471
42,2334,12,-5.32352941176471
42,2335,165,119.554545454545
42,2336,297,301.869565217391
42,2337,-76,-61.375
42,2338,-200,-184.239520958084
42,2339,-173,-134.075949367089
42,2340,-57,-134.075949367089
42,2341,-55,-45.9230769230769
42,2342,-73,-45.9230769230769
42,2343,-43,-1.58461538461538
42,2344,-20,-1.58461538461538
42,2345,-36,7.675
42,2346,-41,-45.9230769230769
42,2347,-26,-45.9230769230769
42,2348,2,-5.32352941176471
42,2349,16,-5.32352941176471
42,2350,72,79.3247863247863
42,2351,60,178.607142857143
42,2352,126,147.107692307692
42,2353,154,-22.4545454545455
42,2354,15,-7.2
42,2355,127,-7.2
42,2356,-67,-86.8
42,2357,-35,-7.2
42,2358,-249,-45.9230769230769
42,2359,201,-34.6
42,2360,-31,-19.0196078431373
42,2361,-20,-61.375
42,2362,-29,-5.32352941176471
42,2363,-113,-5.32352941176471
42,2364,-33,-1.58461538461538
42,2365,-26,-45.9230769230769
42,2366,-24,-5.32352941176471
42,2367,-24,-5.32352941176471
42,2368,0,-5.32352941176471
42,2369,-18,-5.32352941176471
42,2370,-63,-5.32352941176471
42,2371,-37,-45.9230769230769
42,2372,0,-45.9230769230769
42,2373,5,-5.32352941176471
42,2374,13,-5.32352941176471
42,2375,99,79.3247863247863
42,2376,130,178.607142857143
42,2377,122,143.061728395062
42,2378,97,-233.252336448598
42,2379,144,-7.2
42,2380,-85,-86.8
42,2381,-164,-7.2
42,2382,14,-34.6
42,2383,-218,17.680412371134
42,2384,60,-34.6
42,2385,31,-19.0196078431373
42,2386,28,-37.1333333333333
42,2387,-81,-37.1333333333333
42,2388,-45,-45.9230769230769
42,2389,-52,-1.58461538461538
42,2390,-34,-45.9230769230769
42,2391,-48,-45.9230769230769
42,2392,-25,-45.9230769230769
42,2393,1,-5.32352941176471
42,2394,-4,-5.32352941176471
42,2395,8,-5.32352941176471
42,2396,24,-5.32352941176471
42,2397,109,79.3247863247863
42,2398,288,210.885245901639
42,2399,266,143.061728395062
42,2400,-357,-228.538461538462
42,2401,-136,-148.634146341463
42,2402,23,11.7297297297297
42,2403,54,17.680412371134
42,2404,5,-19.0196078431373
42,2405,-42,-5.32352941176471
42,2406,36,-1.58461538461538
42,2407,162,119.554545454545
42,2408,401,301.869565217391
42,2409,-11,-61.375
42,2410,-261,-184.239520958084
42,2411,-157,-134.075949367089
42,2412,-138,-34.6
42,2413,-117,-45.9230769230769
42,2414,-47,-45.9230769230769
42,2415,-76,-45.9230769230769
42,2416,-17,-1.58461538461538
42,2417,-6,7.675
42,2418,-11,7.675
42,2419,4,7.675
42,2420,34,-5.32352941176471
42,2421,105,79.3247863247863
42,2422,122,210.885245901639
42,2423,424,85.9565217391304
42,2424,-298,-233.252336448598
42,2425,-191,-148.634146341463
42,2426,14,-34.6
42,2427,79,17.680412371134
42,2428,-9,-19.0196078431373
42,2429,-37,-5.32352941176471
42,2430,66,-1.58461538461538
42,2431,163,143.061728395062
42,2432,384,301.869565217391
42,2433,-46,-233.252336448598
42,2434,-221,-184.239520958084
42,2435,-162,-134.075949367089
42,2436,-121,-34.6
42,2437,-98,-45.9230769230769
42,2438,-107,-45.9230769230769
42,2439,-62,-45.9230769230769
42,2440,-33,-1.58461538461538
42,2441,-8,-1.58461538461538
42,2442,3,7.675
42,2443,1,-5.32352941176471
42,2444,30,-5.32352941176471
42,2445,141,79.3247863247863
42,2446,373,210.885245901639
42,2447,254,-61.375
42,2448,-460,-300.836363636364
42,2449,-170,-148.634146341463
42,2450,75,-134.075949367089
42,2451,107,-19.0196078431373
42,2452,-60,-19.0196078431373
42,2453,1,-45.9230769230769
42,2454,37,-5.32352941176471
42,2455,155,119.554545454545
42,2456,377,301.869565217391
42,2457,-58,-61.375
42,2458,-169,-184.239520958084
42,2459,-216,-134.075949367089
42,2460,-114,-34.6
42,2461,-78,11.7297297297297
42,2462,-78,-45.9230769230769
42,2463,-92,-45.9230769230769
42,2464,-42,-1.58461538461538
42,2465,-6,-1.58461538461538
42,2466,-12,7.675
42,2467,3,-5.32352941176471
42,2468,27,-5.32352941176471
42,2469,128,79.3247863247863
42,2470,369,210.885245901639
42,2471,222,-61.375
42,2472,-358,-300.836363636364
42,2473,-162,-148.634146341463
42,2474,42,-134.075949367089
42,2475,18,17.680412371134
42,2476,-4,17.680412371134
42,2477,-17,-5.32352941176471
42,2478,65,-5.32352941176471
42,2479,144,143.061728395062
42,2480,362,301.869565217391
42,2481,9,-233.252336448598
42,2482,-243,-184.239520958084
42,2483,-139,-134.075949367089
42,2484,-164,11.7297297297297
42,2485,-16,-34.6
42,2486,-139,-5.32352941176471
42,2487,-70,-45.9230769230769
42,2488,-50,-1.58461538461538
42,2489,-12,-1.58461538461538
42,2490,-15,7.675
42,2491,2,7.675
42,2492,22,-5.32352941176471
42,2493,79,7.675
42,2494,313,210.885245901639
42,2495,269,210.885245901639
42,2496,-292,-300.836363636364
42,2497,-142,-148.634146341463
42,2498,53,11.7297297297297
42,2499,101,-19.0196078431373
42,2500,-42,-19.0196078431373
42,2501,68,-45.9230769230769
42,2502,90,10.3125
42,2503,2,143.061728395062
42,2504,89,119.554545454545
42,2505,-71,10.3125
42,2506,-94,-45.9230769230769
42,2507,-96,-45.9230769230769
42,2508,-53,-45.9230769230769
42,2509,-26,-45.9230769230769
42,2510,-103,-5.32352941176471
42,2511,-6,-1.58461538461538
42,2512,-89,-5.32352941176471
42,2513,-10,-1.58461538461538
42,2514,-34,-5.32352941176471
42,2515,-23,-45.9230769230769
42,2516,10,-5.32352941176471
42,2517,14,79.3247863247863
42,2518,30,79.3247863247863
42,2519,96,79.3247863247863
42,2520,75,143.061728395062
42,2521,180,143.061728395062
42,2522,75,-22.4545454545455
42,2523,-21,-98.8421052631579
42,2524,33,-5.32352941176471
42,2525,10,17.680412371134
42,2526,49,-37.1333333333333
42,2527,-101,-86.8
42,2528,1,-45.9230769230769
42,2529,-21,-5.32352941176471
42,2530,-50,-5.32352941176471
42,2531,-185,-45.9230769230769
42,2532,-103,-34.6
42,2533,-26,-1.58461538461538
42,2534,67,-5.32352941176471
42,2535,-46,151.071428571429
42,2536,-26,-45.9230769230769
42,2537,11,-5.32352941176471
42,2538,-42,7.675
42,2539,-20,-45.9230769230769
42,2540,-10,-5.32352941176471
42,2541,3,-5.32352941176471
42,2542,27,-5.32352941176471
42,2543,87,79.3247863247863
42,2544,103,151.071428571429
42,2545,156,210.885245901639
42,2546,101,-22.4545454545455
42,2547,56,-7.2
42,2548,-52,-86.8
42,2549,-36,-45.9230769230769
42,2550,-102,-45.9230769230769
42,2551,119,-45.9230769230769
42,2552,29,-19.0196078431373
42,2553,-3,-37.1333333333333
42,2554,-208,-5.32352941176471
42,2555,-188,-134.075949367089
42,2556,67,-134.075949367089
42,2557,-5,210.885245901639
42,2558,-43,-5.32352941176471
42,2559,-19,-45.9230769230769
42,2560,-49,-5.32352941176471
42,2561,-15,-1.58461538461538
42,2562,-12,119.554545454545
42,2563,-17,-5.32352941176471
42,2564,-7,-5.32352941176471
42,2565,11,-5.32352941176471
42,2566,28,79.3247863247863
42,2567,84,79.3247863247863
42,2568,102,178.607142857143
42,2569,130,143.061728395062
42,2570,100,-22.4545454545455
42,2571,84,-7.2
42,2572,23,-86.8
42,2573,-54,17.680412371134
42,2574,-63,-45.9230769230769
42,2575,51,-45.9230769230769
42,2576,-2,-19.0196078431373
42,2577,-16,-5.32352941176471
42,2578,-108,-5.32352941176471
42,2579,-113,-45.9230769230769
42,2580,-77,-45.9230769230769
42,2581,-63,-45.9230769230769
42,2582,-51,-45.9230769230769
42,2583,-41,-45.9230769230769
42,2584,-5,-1.58461538461538
42,2585,-19,-5.32352941176471
42,2586,5,-5.32352941176471
42,2587,-2,-5.32352941176471
42,2588,30,-5.32352941176471
42,2589,134,79.3247863247863
42,2590,321,143.061728395062
42,2591,139,-61.375
42,2592,-309,-300.836363636364
42,2593,-151,-7.2
42,2594,26,11.7297297297297
42,2595,89,17.680412371134
42,2596,-12,-19.0196078431373
42,2597,-1,-5.32352941176471
42,2598,18,-5.32352941176471
42,2599,166,119.554545454545
42,2600,398,301.869565217391
42,2601,-17,-61.375
42,2602,-287,-184.239520958084
42,2603,-167,-134.075949367089
42,2604,-117,-134.075949367089
42,2605,-89,-45.9230769230769
42,2606,-84,-45.9230769230769
42,2607,-58,-45.9230769230769
42,2608,-24,-1.58461538461538
42,2609,-4,7.675
42,2610,-5,7.675
42,2611,1,-5.32352941176471
42,2612,35,-5.32352941176471
42,2613,170,79.3247863247863
42,2614,290,210.885245901639
42,2615,225,-61.375
42,2616,-435,-300.836363636364
42,2617,-55,-148.634146341463
42,2618,-18,11.7297297297297
42,2619,49,-5.32352941176471
42,2620,-32,-19.0196078431373
42,2621,-23,-45.9230769230769
42,2622,34,-5.32352941176471
42,2623,185,7.675
42,2624,433,301.869565217391
42,2625,-24,-61.375
42,2626,-177,-184.239520958084
42,2627,-250,-134.075949367089
42,2628,-116,-34.6
42,2629,-77,11.7297297297297
42,2630,-69,-45.9230769230769
42,2631,-85,-45.9230769230769
42,2632,-47,-1.58461538461538
42,2633,-10,-1.58461538461538
42,2634,1,7.675
42,2635,-1,-5.32352941176471
42,2636,30,-5.32352941176471
42,2637,162,79.3247863247863
42,2638,282,210.885245901639
42,2639,164,-61.375
42,2640,-523,-300.836363636364
42,2641,-74,-98.8421052631579
42,2642,13,11.7297297297297
42,2643,75,17.680412371134
42,2644,54,-19.0196078431373
42,2645,25,-19.0196078431373
42,2646,54,-37.1333333333333
42,2647,146,85.9565217391304
42,2648,392,301.869565217391
42,2649,27,-7.2
42,2650,-277,-228.538461538462
42,2651,-152,-134.075949367089
42,2652,-134,-34.6
42,2653,-55,-45.9230769230769
42,2654,-48,-45.9230769230769
42,2655,-73,-45.9230769230769
42,2656,-67,-1.58461538461538
42,2657,-18,-1.58461538461538
42,2658,-2,7.675
42,2659,-1,7.675
42,2660,32,-5.32352941176471
42,2661,100,79.3247863247863
42,2662,346,210.885245901639
42,2663,233,210.885245901639
42,2664,-375,-300.836363636364
42,2665,-120,-148.634146341463
42,2666,72,11.7297297297297
42,2667,27,-19.0196078431373
42,2668,31,17.680412371134
42,2669,-101,-37.1333333333333
42,2670,78,-1.58461538461538
42,2671,139,143.061728395062
42,2672,302,301.869565217391
42,2673,20,-7.2
42,2674,-224,-184.239520958084
42,2675,-177,-134.075949367089
42,2676,-90,-34.6
42,2677,-2,-45.9230769230769
42,2678,-51,-5.32352941176471
42,2679,-98,-45.9230769230769
42,2680,-33,-1.58461538461538
42,2681,-40,-1.58461538461538
42,2682,-34,-1.58461538461538
42,2683,-32,-45.9230769230769
42,2684,4,-45.9230769230769
42,2685,19,-5.32352941176471
42,2686,48,79.3247863247863
42,2687,148,147.107692307692
42,2688,118,143.061728395062
42,2689,74,-233.252336448598
42,2690,156,85.9565217391304
42,2691,116,10.3125
42,2692,-26,-7.2
42,2693,-42,-5.32352941176471
42,2694,-114,-45.9230769230769
42,2695,-398,-45.9230769230769
42,2696,57,-34.6
42,2697,-4,-19.0196078431373
42,2698,48,-5.32352941176471
42,2699,-21,147.107692307692
42,2700,-13,-5.32352941176471
42,2701,13,-5.32352941176471
42,2702,-61,119.554545454545
42,2703,-9,-45.9230769230769
42,2704,0,-5.32352941176471
42,2705,-28,-5.32352941176471
42,2706,-50,-5.32352941176471
42,2707,-18,-45.9230769230769
42,2708,27,-5.32352941176471
42,2709,-20,17.680412371134
42,2710,35,-5.32352941176471
42,2711,100,79.3247863247863
42,2712,129,143.061728395062
42,2713,196,210.885245901639
42,2714,90,-233.252336448598
42,2715,172,-98.8421052631579
42,2716,-28,-22.4545454545455
42,2717,-82,-98.8421052631579
42,2718,49,-45.9230769230769
42,2719,5,-19.0196078431373
42,2720,-30,-5.32352941176471
42,2721,-111,-45.9230769230769
42,2722,-64,-45.9230769230769
42,2723,-140,-1.58461538461538
42,2724,-150,-45.9230769230769
42,2725,-17,-45.9230769230769
42,2726,-97,-5.32352941176471
42,2727,-51,-1.58461538461538
42,2728,-23,-45.9230769230769
42,2729,-1,-5.32352941176471
42,2730,-5,7.675
42,2731,-7,7.675
42,2732,35,-5.32352941176471
42,2733,140,79.3247863247863
42,2734,267,210.885245901639
42,2735,283,-61.375
42,2736,-369,-300.836363636364
42,2737,-151,-148.634146341463
42,2738,26,11.7297297297297
42,2739,96,79.3247863247863
42,2740,-9,-19.0196078431373
42,2741,17,-5.32352941176471
42,2742,6,-37.1333333333333
42,2743,142,119.554545454545
42,2744,383,301.869565217391
42,2745,97,-61.375
42,2746,-335,-228.538461538462
42,2747,-243,-134.075949367089
42,2748,-105,-134.075949367089
42,2749,-126,11.7297297297297
42,2750,-66,-45.9230769230769
42,2751,-61,-45.9230769230769
42,2752,-22,-1.58461538461538
42,2753,-4,7.675
42,2754,2,7.675
42,2755,1,-5.32352941176471
42,2756,35,7.675
42,2757,167,79.3247863247863
42,2758,385,210.885245901639
42,2759,154,-61.375
42,2760,-392,-300.836363636364
42,2761,-162,-7.2
42,2762,51,-34.6
42,2763,69,-19.0196078431373
42,2764,12,-19.0196078431373
42,2765,-73,-37.1333333333333
42,2766,71,-1.58461538461538
42,2767,210,143.061728395062
42,2768,434,301.869565217391
42,2769,-93,-228.538461538462
42,2770,-281,-184.239520958084
42,2771,-135,-134.075949367089
42,2772,-151,11.7297297297297
42,2773,-94,-45.9230769230769
42,2774,-107,-45.9230769230769
42,2775,-60,-1.58461538461538
42,2776,-28,-1.58461538461538
42,2777,-10,7.675
42,2778,-4,7.675
42,2779,-2,7.675
42,2780,43,-5.32352941176471
42,2781,157,79.3247863247863
42,2782,352,210.885245901639
42,2783,213,-61.375
42,2784,-442,-300.836363636364
42,2785,-123,-148.634146341463
42,2786,27,11.7297297297297
42,2787,120,17.680412371134
42,2788,-29,-19.0196078431373
42,2789,-45,-5.32352941176471
42,2790,40,-1.58461538461538
42,2791,191,119.554545454545
42,2792,416,301.869565217391
42,2793,52,-61.375
42,2794,-342,-184.239520958084
42,2795,-165,-134.075949367089
42,2796,-164,-34.6
42,2797,-94,-34.6
42,2798,-85,-45.9230769230769
42,2799,-70,-45.9230769230769
42,2800,-29,-1.58461538461538
42,2801,-19,7.675
42,2802,2,7.675
42,2803,-5,7.675
42,2804,51,-5.32352941176471
42,2805,138,147.107692307692
42,2806,376,210.885245901639
42,2807,187,-233.252336448598
42,2808,-420,-300.836363636364
42,2809,-126,-98.8421052631579
42,2810,42,11.7297297297297
42,2811,43,79.3247863247863
42,2812,-14,17.680412371134
42,2813,-9,-5.32352941176471
42,2814,78,-5.32352941176471
42,2815,139,143.061728395062
42,2816,393,301.869565217391
42,2817,-32,-233.252336448598
42,2818,-178,-184.239520958084
42,2819,-211,-134.075949367089
42,2820,-146,-34.6
42,2821,-66,11.7297297297297
42,2822,-81,-45.9230769230769
42,2823,-83,-45.9230769230769
42,2824,-46,-1.58461538461538
42,2825,-11,-1.58461538461538
42,2826,-16,7.675
42,2827,-2,7.675
42,2828,29,-5.32352941176471
42,2829,111,79.3247863247863
42,2830,302,210.885245901639
42,2831,312,210.885245901639
42,2832,-419,-300.836363636364
42,2833,-101,-148.634146341463
42,2834,34,11.7297297297297
42,2835,129,17.680412371134
42,2836,-1,-19.0196078431373
42,2837,-37,-61.375
42,2838,-4,-1.58461538461538
42,2839,196,119.554545454545
42,2840,331,301.869565217391
42,2841,-86,-61.375
42,2842,-229,-184.239520958084
42,2843,-175,-134.075949367089
42,2844,-92,-134.075949367089
42,2845,-83,-45.9230769230769
42,2846,-34,-45.9230769230769
42,2847,12,-1.58461538461538
42,2848,-98,-37.1333333333333
42,2849,-16,-1.58461538461538
42,2850,-56,7.675
42,2851,-31,-1.58461538461538
42,2852,10,-45.9230769230769
42,2853,17,79.3247863247863
42,2854,40,79.3247863247863
42,2855,139,17.680412371134
42,2856,130,143.061728395062
42,2857,100,-7.2
42,2858,185,-7.2
42,2859,79,-171.166666666667
42,2860,-2,-98.8421052631579
42,2861,11,-5.32352941176471
42,2862,-61,-37.1333333333333
42,2863,129,-45.9230769230769
42,2864,-54,-19.0196078431373
42,2865,-115,-61.375
42,2866,-136,-45.9230769230769
42,2867,-148,-45.9230769230769
42,2868,-34,-45.9230769230769
42,2869,-17,-45.9230769230769
42,2870,-50,-5.32352941176471
42,2871,-78,-1.58461538461538
42,2872,-34,-1.58461538461538
42,2873,-28,-1.58461538461538
42,2874,-41,7.675
42,2875,-40,-45.9230769230769
42,2876,5,-45.9230769230769
42,2877,22,-5.32352941176471
42,2878,36,79.3247863247863
42,2879,57,79.3247863247863
42,2880,168,143.061728395062
42,2881,194,-22.4545454545455
42,2882,69,-98.8421052631579
42,2883,97,-98.8421052631579
42,2884,38,10.3125
42,2885,-59,17.680412371134
42,2886,-78,-45.9230769230769
42,2887,39,-45.9230769230769
42,2888,-26,-37.1333333333333
42,2889,-89,-5.32352941176471
42,2890,-78,-45.9230769230769
42,2891,-79,-45.9230769230769
42,2892,-133,-1.58461538461538
42,2893,-64,-45.9230769230769
42,2894,-33,-45.9230769230769
42,2895,-49,-1.58461538461538
42,2896,-24,-1.58461538461538
42,2897,-8,-5.32352941176471
42,2898,-6,-5.32352941176471
42,2899,4,7.675
42,2900,34,-5.32352941176471
42,2901,119,79.3247863247863
42,2902,328,210.885245901639
42,2903,191,-22.4545454545455
42,2904,-384,-300.836363636364
42,2905,-97,-98.8421052631579
42,2906,50,11.7297297297297
42,2907,43,-19.0196078431373
42,2908,48,17.680412371134
42,2909,-11,10.3125
42,2910,6,-5.32352941176471
42,2911,115,119.554545454545
42,2912,389,301.869565217391
42,2913,-68,-19.0196078431373
42,2914,-288,-184.239520958084
42,2915,-146,-134.075949367089
42,2916,-107,11.7297297297297
42,2917,-104,-45.9230769230769
42,2918,-59,-45.9230769230769
42,2919,-57,-45.9230769230769
42,2920,-8,-1.58461538461538
42,2921,-1,7.675
42,2922,2,7.675
42,2923,1,-5.32352941176471
42,2924,41,-5.32352941176471
42,2925,119,79.3247863247863
42,2926,189,210.885245901639
42,2927,316,178.607142857143
42,2928,-379,-233.252336448598
42,2929,-133,-148.634146341463
42,2930,-9,11.7297297297297
42,2931,-63,-5.32352941176471
42,2932,26,-45.9230769230769
42,2933,29,-37.1333333333333
42,2934,-107,-37.1333333333333
42,2935,105,-1.58461538461538
42,2936,197,301.869565217391
42,2937,-57,143.061728395062
42,2938,43,-98.8421052631579
42,2939,-34,79.3247863247863
42,2940,-83,-1.58461538461538
42,2941,-56,-45.9230769230769
42,2942,-73,-45.9230769230769
42,2943,-52,-45.9230769230769
42,2944,-14,-45.9230769230769
42,2945,-9,-5.32352941176471
42,2946,2,-5.32352941176471
42,2947,5,-5.32352941176471
42,2948,46,-5.32352941176471
42,2949,116,147.107692307692
42,2950,373,210.885245901639
42,2951,252,-22.4545454545455
42,2952,-435,-300.836363636364
42,2953,-170,-148.634146341463
42,2954,55,-34.6
42,2955,66,-19.0196078431373
42,2956,-24,-19.0196078431373
42,2957,-3,-5.32352941176471
42,2958,25,-5.32352941176471
42,2959,155,119.554545454545
42,2960,420,301.869565217391
42,2961,6,-61.375
42,2962,-281,-184.239520958084
42,2963,-202,-134.075949367089
42,2964,-60,-134.075949367089
42,2965,-120,-45.9230769230769
42,2966,-106,-45.9230769230769
42,2967,-65,-45.9230769230769
42,2968,-40,-1.58461538461538
42,2969,-7,-1.58461538461538
42,2970,-5,7.675
42,2971,0,-5.32352941176471
42,2972,50,-5.32352941176471
42,2973,114,147.107692307692
42,2974,364,210.885245901639
42,2975,256,210.885245901639
42,2976,-435,-300.836363636364
42,2977,-165,-148.634146341463
42,2978,53,-34.6
42,2979,47,-19.0196078431373
42,2980,46,-19.0196078431373
42,2981,-38,10.3125
42,2982,-7,-1.58461538461538
42,2983,166,119.554545454545
42,2984,519,301.869565217391
42,2985,-76,-98.8421052631579
42,2986,-297,-184.239520958084
42,2987,-186,-134.075949367089
42,2988,-143,-134.075949367089
42,2989,13,-45.9230769230769
42,2990,-133,79.3247863247863
42,2991,-88,-1.58461538461538
42,2992,-17,-1.58461538461538
42,2993,-35,7.675
42,2994,-2,-1.58461538461538
42,2995,-2,7.675
42,2996,39,-5.32352941176471
42,2997,116,7.675
42,2998,338,210.885245901639
42,2999,254,178.607142857143
42,3000,-374,-300.836363636364
42,3001,-158,-148.634146341463
42,3002,96,-34.6
42,3003,68,-19.0196078431373
42,3004,32,-19.0196078431373
42,3005,-9,-37.1333333333333
42,3006,11,-5.32352941176471
42,3007,144,119.554545454545
42,3008,279,301.869565217391
42,3009,-41,-7.2
42,3010,-217,-184.239520958084
42,3011,-219,-134.075949367089
42,3012,-57,-134.075949367089
42,3013,-17,11.7297297297297
42,3014,-109,-5.32352941176471
42,3015,-14,-45.9230769230769
42,3016,-48,-5.32352941176471
42,3017,-41,-1.58461538461538
42,3018,-38,-45.9230769230769
42,3019,-30,-45.9230769230769
42,3020,2,-1.58461538461538
42,3021,24,-5.32352941176471
42,3022,36,79.3247863247863
42,3023,141,79.3247863247863
42,3024,159,210.885245901639
42,3025,97,-61.375
42,3026,152,-98.8421052631579
42,3027,62,10.3125
42,3028,19,-7.2
42,3029,-53,17.680412371134
42,3030,96,-45.9230769230769
42,3031,-70,-19.0196078431373
42,3032,-34,-45.9230769230769
42,3033,-48,-45.9230769230769
42,3034,-191,-45.9230769230769
42,3035,-82,-134.075949367089
42,3036,-64,-45.9230769230769
42,3037,-22,-1.58461538461538
42,3038,-68,-5.32352941176471
42,3039,9,-45.9230769230769
42,3040,-38,79.3247863247863
42,3041,-47,-1.58461538461538
42,3042,-41,-45.9230769230769
42,3043,-44,-45.9230769230769
42,3044,-4,-45.9230769230769
42,3045,10,-5.32352941176471
42,3046,41,79.3247863247863
42,3047,118,17.680412371134
42,3048,101,210.885245901639
42,3049,213,85.9565217391304
42,3050,81,-22.4545454545455
42,3051,206,-228.538461538462
42,3052,-74,-171.166666666667
42,3053,-36,-148.634146341463
42,3054,-26,-45.9230769230769
42,3055,51,-5.32352941176471
42,3056,32,-19.0196078431373
42,3057,-183,-37.1333333333333
42,3058,-127,-134.075949367089
42,3059,-161,-45.9230769230769
42,3060,-56,-134.075949367089
42,3061,-58,-45.9230769230769
42,3062,-38,-45.9230769230769
42,3063,-36,-1.58461538461538
42,3064,-46,-1.58461538461538
42,3065,-10,-1.58461538461538
42,3066,-3,7.675
42,3067,3,-5.32352941176471
42,3068,29,-5.32352941176471
42,3069,131,79.3247863247863
42,3070,362,210.885245901639
42,3071,220,-61.375
42,3072,-422,-300.836363636364
42,3073,-130,-148.634146341463
42,3074,40,11.7297297297297
42,3075,104,17.680412371134
42,3076,-14,-19.0196078431373
42,3077,-25,-5.32352941176471
42,3078,-3,-5.32352941176471
42,3079,216,119.554545454545
42,3080,382,301.869565217391
42,3081,-45,-61.375
42,3082,-263,-184.239520958084
42,3083,-158,-134.075949367089
42,3084,-176,-134.075949367089
42,3085,-84,-34.6
42,3086,-78,-45.9230769230769
42,3087,-30,-45.9230769230769
42,3088,-51,-1.58461538461538
42,3089,1,-1.58461538461538
42,3090,-9,7.675
42,3091,4,7.675
42,3092,38,-5.32352941176471
42,3093,147,79.3247863247863
42,3094,362,210.885245901639
42,3095,249,-61.375
42,3096,-396,-300.836363636364
42,3097,-239,-148.634146341463
42,3098,48,-34.6
42,3099,84,-19.0196078431373
42,3100,3,-19.0196078431373
42,3101,-12,-5.32352941176471
42,3102,10,-5.32352941176471
42,3103,192,119.554545454545
42,3104,472,301.869565217391
42,3105,-145,-61.375
42,3106,-283,-184.239520958084
42,3107,-114,-134.075949367089
42,3108,-128,11.7297297297297
42,3109,-109,-45.9230769230769
42,3110,-90,-45.9230769230769
42,3111,-58,-1.58461538461538
42,3112,-11,-1.58461538461538
42,3113,-12,7.675
42,3114,-7,-5.32352941176471
42,3115,4,7.675
42,3116,22,-5.32352941176471
42,3117,146,79.3247863247863
42,3118,350,210.885245901639
42,3119,306,-61.375
42,3120,-504,-300.836363636364
42,3121,-149,-148.634146341463
42,3122,42,11.7297297297297
42,3123,89,17.680412371134
42,3124,24,-19.0196078431373
42,3125,-63,-37.1333333333333
42,3126,23,-1.58461538461538
42,3127,168,119.554545454545
42,3128,485,301.869565217391
42,3129,-69,-98.8421052631579
42,3130,-257,-184.239520958084
42,3131,-193,-134.075949367089
42,3132,-74,-134.075949367089
42,3133,-145,-45.9230769230769
42,3134,-100,-45.9230769230769
42,3135,-50,-45.9230769230769
42,3136,-44,-1.58461538461538
42,3137,-5,-1.58461538461538
42,3138,-9,7.675
42,3139,1,-5.32352941176471
42,3140,58,7.675
42,3141,103,147.107692307692
42,3142,389,210.885245901639
42,3143,236,210.885245901639
42,3144,-459,-300.836363636364
42,3145,-127,-148.634146341463
42,3146,86,11.7297297297297
42,3147,41,-19.0196078431373
42,3148,-9,17.680412371134
42,3149,-68,-5.32352941176471
42,3150,38,-1.58461538461538
42,3151,176,119.554545454545
42,3152,433,301.869565217391
42,3153,-6,-61.375
42,3154,-340,-184.239520958084
42,3155,-102,-134.075949367089
42,3156,-204,11.7297297297297
42,3157,-206,-34.6
42,3158,-2,-34.6
42,3159,-28,-5.32352941176471
42,3160,-4,-5.32352941176471
42,3161,-3,7.675
42,3162,-3,-5.32352941176471
42,3163,5,119.554545454545
42,3164,26,7.675
42,3165,100,79.3247863247863
42,3166,256,178.607142857143
42,3167,311,-171.166666666667
42,3168,-279,-300.836363636364
42,3169,-181,-148.634146341463
42,3170,116,-134.075949367089
42,3171,19,-19.0196078431373
42,3172,30,17.680412371134
42,3173,-11,-37.1333333333333
42,3174,-7,-5.32352941176471
42,3175,110,119.554545454545
42,3176,306,252.657657657658
42,3177,-141,-19.0196078431373
42,3178,-159,-184.239520958084
42,3179,-172,-134.075949367089
42,3180,-99,-134.075949367089
42,3181,-17,-45.9230769230769
42,3182,-30,-5.32352941176471
42,3183,-41,-1.58461538461538
42,3184,-48,-1.58461538461538
42,3185,-9,-1.58461538461538
42,3186,-63,7.675
42,3187,-15,-45.9230769230769
42,3188,1,-5.32352941176471
42,3189,22,-5.32352941176471
42,3190,36,79.3247863247863
42,3191,138,79.3247863247863
42,3192,121,178.607142857143
42,3193,140,-61.375
42,3194,191,-7.2
42,3195,19,-7.2
42,3196,4,-98.8421052631579
42,3197,64,-5.32352941176471
42,3198,-23,-19.0196078431373
42,3199,-5,-5.32352941176471
42,3200,-10,-5.32352941176471
42,3201,-118,-5.32352941176471
42,3202,-124,-45.9230769230769
42,3203,-155,-45.9230769230769
42,3204,-23,-134.075949367089
42,3205,-71,-5.32352941176471
42,3206,-25,-45.9230769230769
42,3207,-49,-5.32352941176471
42,3208,-31,-1.58461538461538
42,3209,-24,-1.58461538461538
42,3210,-34,7.675
42,3211,-51,-1.58461538461538
42,3212,3,-45.9230769230769
42,3213,12,-5.32352941176471
42,3214,35,79.3247863247863
42,3215,87,79.3247863247863
42,3216,141,178.607142857143
42,3217,194,-22.4545454545455
42,3218,112,-7.2
42,3219,89,-98.8421052631579
42,3220,-86,-86.8
42,3221,18,-45.9230769230769
42,3222,37,17.680412371134
42,3223,-1,-37.1333333333333
42,3224,-73,-5.32352941176471
42,3225,-174,-45.9230769230769
42,3226,-144,-134.075949367089
42,3227,-63,-45.9230769230769
42,3228,-71,-45.9230769230769
42,3229,-32,-45.9230769230769
42,3230,-34,-1.58461538461538
42,3231,-12,-1.58461538461538
42,3232,-27,7.675
42,3233,-6,7.675
42,3234,-5,-5.32352941176471
42,3235,3,-5.32352941176471
42,3236,26,-5.32352941176471
42,3237,119,79.3247863247863
42,3238,328,178.607142857143
42,3239,301,178.607142857143
42,3240,-444,-300.836363636364
42,3241,-161,-148.634146341463
42,3242,93,-134.075949367089
42,3243,51,-19.0196078431373
42,3244,-18,-19.0196078431373
42,3245,-61,-5.32352941176471
42,3246,85,-1.58461538461538
42,3247,130,143.061728395062
42,3248,397,301.869565217391
42,3249,-243,-233.252336448598
42,3250,-97,-184.239520958084
42,3251,-254,11.7297297297297
42,3252,-44,-34.6
42,3253,-11,11.7297297297297
42,3254,-102,-5.32352941176471
42,3255,-74,-1.58461538461538
42,3256,-20,-1.58461538461538
42,3257,-9,-5.32352941176471
42,3258,3,7.675
42,3259,5,-5.32352941176471
42,3260,33,-5.32352941176471
42,3261,136,79.3247863247863
42,3262,81,210.885245901639
42,3263,-126,-61.375
42,3264,-48,-45.9230769230769
42,3265,-41,-45.9230769230769
42,3266,54,-45.9230769230769
42,3267,5,-19.0196078431373
42,3268,50,-5.32352941176471
42,3269,9,10.3125
42,3270,46,7.675
42,3271,165,85.9565217391304
42,3272,341,143.061728395062
42,3273,-28,-98.8421052631579
42,3274,-292,-148.634146341463
42,3275,-89,-134.075949367089
42,3276,-17,11.7297297297297
42,3277,-49,-5.32352941176471
42,3278,-142,-45.9230769230769
42,3279,-46,-45.9230769230769
42,3280,-33,-1.58461538461538
42,3281,-10,-1.58461538461538
42,3282,-2,-5.32352941176471
42,3283,4,-5.32352941176471
42,3284,23,-5.32352941176471
42,3285,143,7.675
42,3286,338,210.885245901639
42,3287,294,-61.375
42,3288,-447,-300.836363636364
42,3289,-187,-148.634146341463
42,3290,55,-134.075949367089
42,3291,128,-19.0196078431373
42,3292,-79,-19.0196078431373
42,3293,-28,-184.239520958084
42,3294,68,-5.32352941176471
42,3295,159,143.061728395062
42,3296,439,301.869565217391
42,3297,-107,-233.252336448598
42,3298,-217,-184.239520958084
42,3299,-96,-134.075949367089
42,3300,-288,11.7297297297297
42,3301,32,-34.6
42,3302,-21,17.680412371134
42,3303,-144,-5.32352941176471
42,3304,-51,-1.58461538461538
42,3305,-12,-1.58461538461538
42,3306,-2,-5.32352941176471
42,3307,-1,7.675
42,3308,29,-5.32352941176471
42,3309,94,17.680412371134
42,3310,258,210.885245901639
42,3311,347,210.885245901639
42,3312,-379,-300.836363636364
42,3313,-182,-148.634146341463
42,3314,37,-134.075949367089
42,3315,74,17.680412371134
42,3316,6,-19.0196078431373
42,3317,-27,-5.32352941176471
42,3318,58,-5.32352941176471
42,3319,172,143.061728395062
42,3320,404,301.869565217391
42,3321,-14,-98.8421052631579
42,3322,-353,-184.239520958084
42,3323,-93,-134.075949367089
42,3324,-120,11.7297297297297
42,3325,-89,-45.9230769230769
42,3326,-77,-45.9230769230769
42,3327,-53,-45.9230769230769
42,3328,-56,-1.58461538461538
42,3329,-35,-1.58461538461538
42,3330,5,-1.58461538461538
42,3331,-5,-5.32352941176471
42,3332,30,-5.32352941176471
42,3333,96,79.3247863247863
42,3334,291,143.061728395062
42,3335,357,210.885245901639
42,3336,-401,-300.836363636364
42,3337,-124,-148.634146341463
42,3338,44,11.7297297297297
42,3339,164,79.3247863247863
42,3340,-44,-19.0196078431373
42,3341,-24,-61.375
42,3342,70,-5.32352941176471
42,3343,164,143.061728395062
42,3344,266,301.869565217391
42,3345,-139,-233.252336448598
42,3346,-261,-184.239520958084
42,3347,-128,-134.075949367089
42,3348,-105,11.7297297297297
42,3349,-3,-45.9230769230769
42,3350,-93,-5.32352941176471
42,3351,20,-1.58461538461538
42,3352,-50,7.675
42,3353,-66,-1.58461538461538
42,3354,-19,-1.58461538461538
42,3355,-45,-5.32352941176471
42,3356,-1,-1.58461538461538
42,3357,20,-5.32352941176471
42,3358,54,79.3247863247863
42,3359,122,147.107692307692
42,3360,189,210.885245901639
42,3361,144,-233.252336448598
42,3362,108,-98.8421052631579
42,3363,96,-7.2
42,3364,-33,-86.8
42,3365,-134,-45.9230769230769
42,3366,44,-45.9230769230769
42,3367,39,-37.1333333333333
42,3368,-49,-37.1333333333333
42,3369,-115,-45.9230769230769
42,3370,-154,-45.9230769230769
42,3371,-94,-134.075949367089
42,3372,-32,-45.9230769230769
42,3373,-30,-45.9230769230769
42,3374,-6,-45.9230769230769
42,3375,-52,-5.32352941176471
42,3376,-18,-1.58461538461538
42,3377,-35,7.675
42,3378,-52,-45.9230769230769
42,3379,-11,-45.9230769230769
42,3380,-1,-5.32352941176471
42,3381,13,-5.32352941176471
42,3382,12,79.3247863247863
42,3383,27,79.3247863247863
42,3384,24,79.3247863247863
42,3385,99,79.3247863247863
42,3386,151,143.061728395062
42,3387,56,-19.0196078431373
42,3388,-72,-7.2
42,3389,-6,-45.9230769230769
42,3390,-8,-5.32352941176471
42,3391,27,-5.32352941176471
42,3392,-176,-37.1333333333333
42,3393,-51,-34.6
42,3394,8,-1.58461538461538
42,3395,2,-5.32352941176471
42,3396,-3,-5.32352941176471
42,3397,-34,-5.32352941176471
42,3398,1,-1.58461538461538
42,3399,-29,119.554545454545
42,3400,-14,-5.32352941176471
42,3401,-22,-5.32352941176471
42,3402,-5,-5.32352941176471
42,3403,-3,-5.32352941176471
42,3404,12,-5.32352941176471
42,3405,40,79.3247863247863
42,3406,95,17.680412371134
42,3407,243,178.607142857143
42,3408,-65,-22.4545454545455
42,3409,-34,-148.634146341463
42,3410,10,-140.818181818182
42,3411,33,17.680412371134
42,3412,64,17.680412371134
42,3413,15,-19.0196078431373
42,3414,-50,-37.1333333333333
42,3415,7,-45.9230769230769
42,3416,120,-5.32352941176471
42,3417,-41,-19.0196078431373
42,3418,-85,-45.9230769230769
42,3419,-144,-45.9230769230769
42,3420,-76,-45.9230769230769
42,3421,-44,-45.9230769230769
42,3422,-38,-45.9230769230769
42,3423,-38,-45.9230769230769
42,3424,-18,-1.58461538461538
42,3425,-6,-5.32352941176471
42,3426,-4,7.675
42,3427,4,-5.32352941176471
42,3428,12,-5.32352941176471
42,3429,124,79.3247863247863
42,3430,219,210.885245901639
42,3431,351,-61.375
42,3432,-331,-300.836363636364
42,3433,-218,-148.634146341463
42,3434,29,-134.075949367089
42,3435,67,17.680412371134
42,3436,-22,-19.0196078431373
42,3437,6,-5.32352941176471
42,3438,10,-5.32352941176471
42,3439,170,119.554545454545
42,3440,382,301.869565217391
42,3441,-22,-61.375
42,3442,-270,-148.634146341463
42,3443,-154,-134.075949367089
42,3444,-135,-134.075949367089
42,3445,-63,-45.9230769230769
42,3446,-78,-45.9230769230769
42,3447,-51,-45.9230769230769
42,3448,-25,-1.58461538461538
42,3449,0,7.675
42,3450,-2,7.675
42,3451,0,7.675
42,3452,34,-5.32352941176471
42,3453,135,79.3247863247863
42,3454,332,210.885245901639
42,3455,332,-61.375
42,3456,-473,-300.836363636364
42,3457,-149,-148.634146341463
42,3458,74,11.7297297297297
42,3459,99,-19.0196078431373
42,3460,-93,-19.0196078431373
42,3461,-26,-45.9230769230769
42,3462,48,-5.32352941176471
42,3463,247,143.061728395062
42,3464,382,301.869565217391
42,3465,-104,-300.836363636364
42,3466,-278,-184.239520958084
42,3467,-174,-134.075949367089
42,3468,-123,-34.6
42,3469,-72,-45.9230769230769
42,3470,-61,-45.9230769230769
42,3471,-94,-1.58461538461538
42,3472,-31,-1.58461538461538
42,3473,0,-1.58461538461538
42,3474,-8,7.675
42,3475,7,-5.32352941176471
42,3476,32,-5.32352941176471
42,3477,117,79.3247863247863
42,3478,319,210.885245901639
42,3479,320,-22.4545454545455
42,3480,-443,-228.538461538462
42,3481,-151,-148.634146341463
42,3482,47,11.7297297297297
42,3483,75,-19.0196078431373
42,3484,-35,-19.0196078431373
42,3485,57,-45.9230769230769
42,3486,112,10.3125
42,3487,21,143.061728395062
42,3488,346,119.554545454545
42,3489,-135,-37.5714285714286
42,3490,51,-148.634146341463
42,3491,-328,85.9565217391304
42,3492,-155,-34.6
42,3493,-83,-134.075949367089
42,3494,9,-45.9230769230769
42,3495,-118,-37.1333333333333
42,3496,-31,-45.9230769230769
42,3497,-21,-1.58461538461538
42,3498,-10,7.675
42,3499,2,119.554545454545
42,3500,27,-5.32352941176471
42,3501,108,79.3247863247863
42,3502,249,210.885245901639
42,3503,353,210.885245901639
42,3504,-345,-300.836363636364
42,3505,-125,-148.634146341463
42,3506,38,11.7297297297297
42,3507,74,17.680412371134
42,3508,-6,-19.0196078431373
42,3509,-10,-5.32352941176471
42,3510,84,-5.32352941176471
42,3511,65,143.061728395062
42,3512,317,301.869565217391
42,3513,-195,-37.5714285714286
42,3514,-149,-184.239520958084
42,3515,-185,-140.818181818182
42,3516,-118,-34.6
42,3517,-30,-45.9230769230769
42,3518,-60,-45.9230769230769
42,3519,149,-1.58461538461538
42,3520,-103,210.885245901639
42,3521,-79,-61.375
42,3522,-52,-1.58461538461538
42,3523,-4,-45.9230769230769
42,3524,0,-5.32352941176471
42,3525,17,-5.32352941176471
42,3526,42,79.3247863247863
42,3527,104,17.680412371134
42,3528,92,210.885245901639
42,3529,81,85.9565217391304
42,3530,180,10.3125
42,3531,46,-171.166666666667
42,3532,97,-98.8421052631579
42,3533,-73,-86.8
42,3534,18,-45.9230769230769
42,3535,22,-37.1333333333333
42,3536,-109,-37.1333333333333
42,3537,-55,-45.9230769230769
42,3538,-141,-45.9230769230769
42,3539,-77,-1.58461538461538
42,3540,-51,-45.9230769230769
42,3541,-15,-45.9230769230769
42,3542,-64,-5.32352941176471
42,3543,-14,-45.9230769230769
42,3544,1,-5.32352941176471
42,3545,-46,7.675
42,3546,-38,-45.9230769230769
42,3547,-16,-45.9230769230769
42,3548,-1,-5.32352941176471
42,3549,13,-5.32352941176471
42,3550,27,79.3247863247863
42,3551,81,79.3247863247863
42,3552,91,210.885245901639
42,3553,205,143.061728395062
42,3554,66,-22.4545454545455
42,3555,68,-228.538461538462
42,3556,57,-86.8
42,3557,-2,-86.8
42,3558,-49,-5.32352941176471
42,3559,13,-45.9230769230769
42,3560,-42,-37.1333333333333
42,3561,-86,-45.9230769230769
42,3562,-117,-45.9230769230769
42,3563,-90,-45.9230769230769
42,3564,-50,-45.9230769230769
42,3565,-71,-45.9230769230769
42,3566,-20,-45.9230769230769
42,3567,-57,-5.32352941176471
42,3568,-19,-1.58461538461538
42,3569,-23,-5.32352941176471
42,3570,-2,-5.32352941176471
42,3571,6,-5.32352941176471
42,3572,30,-5.32352941176471
42,3573,107,79.3247863247863
42,3574,329,210.885245901639
42,3575,261,143.061728395062
42,3576,-378,-228.538461538462
42,3577,-191,-148.634146341463
42,3578,95,-134.075949367089
42,3579,21,-19.0196078431373
42,3580,-138,17.680412371134
42,3581,39,-45.9230769230769
42,3582,75,-37.1333333333333
42,3583,187,143.061728395062
42,3584,319,301.869565217391
42,3585,-174,-233.252336448598
42,3586,-353,-148.634146341463
42,3587,17,-34.6
42,3588,-50,79.3247863247863
42,3589,-80,-45.9230769230769
42,3590,-45,-45.9230769230769
42,3591,-33,-1.58461538461538
42,3592,-35,-1.58461538461538
42,3593,-10,-45.9230769230769
42,3594,-1,-5.32352941176471
42,3595,5,-5.32352941176471
42,3596,45,-5.32352941176471
42,3597,120,147.107692307692
42,3598,353,210.885245901639
42,3599,310,-22.4545454545455
42,3600,-480,-300.836363636364
42,3601,-133,-148.634146341463
42,3602,6,11.7297297297297
42,3603,97,-5.32352941176471
42,3604,3,-19.0196078431373
42,3605,-20,-5.32352941176471
42,3606,38,-5.32352941176471
42,3607,100,119.554545454545
42,3608,497,301.869565217391
42,3609,-105,-37.5714285714286
42,3610,-307,-184.239520958084
42,3611,-99,-134.075949367089
42,3612,-237,11.7297297297297
42,3613,-14,-34.6
42,3614,18,-5.32352941176471
42,3615,-150,-37.1333333333333
42,3616,-32,-1.58461538461538
42,3617,-1,-1.58461538461538
42,3618,-9,-5.32352941176471
42,3619,-3,119.554545454545
42,3620,37,-5.32352941176471
42,3621,137,79.3247863247863
42,3622,286,210.885245901639
42,3623,353,-61.375
42,3624,-435,-300.836363636364
42,3625,-154,-148.634146341463
42,3626,6,-34.6
42,3627,98,-5.32352941176471
42,3628,-22,-19.0196078431373
42,3629,-40,-5.32352941176471
42,3630,31,-1.58461538461538
42,3631,165,119.554545454545
42,3632,422,301.869565217391
42,3633,-4,-61.375
42,3634,-368,-184.239520958084
42,3635,-102,-134.075949367089
42,3636,-85,11.7297297297297
42,3637,-114,-45.9230769230769
42,3638,-116,-45.9230769230769
42,3639,-42,-45.9230769230769
42,3640,-43,-1.58461538461538
42,3641,0,-1.58461538461538
42,3642,-9,-5.32352941176471
42,3643,0,-5.32352941176471
42,3644,37,-5.32352941176471
42,3645,111,79.3247863247863
42,3646,355,210.885245901639
42,3647,326,210.885245901639
42,3648,-447,-300.836363636364
42,3649,-169,-148.634146341463
42,3650,50,-34.6
42,3651,109,-19.0196078431373
42,3652,-45,-19.0196078431373
42,3653,-47,-45.9230769230769
42,3654,68,-1.58461538461538
42,3655,97,143.061728395062
42,3656,440,301.869565217391
42,3657,-102,-37.5714285714286
42,3658,-275,-184.239520958084
42,3659,-126,-134.075949367089
42,3660,-104,11.7297297297297
42,3661,-54,-45.9230769230769
42,3662,-112,-45.9230769230769
42,3663,-61,-1.58461538461538
42,3664,-40,-1.58461538461538
42,3665,-6,-1.58461538461538
42,3666,-5,7.675
42,3667,1,-5.32352941176471
42,3668,30,-5.32352941176471
42,3669,95,79.3247863247863
42,3670,23,210.885245901639
42,3671,313,79.3247863247863
42,3672,-78,-22.4545454545455
42,3673,-165,-148.634146341463
42,3674,28,-134.075949367089
42,3675,80,17.680412371134
42,3676,43,-19.0196078431373
42,3677,-10,-37.1333333333333
42,3678,30,-5.32352941176471
42,3679,170,-37.1333333333333
42,3680,-140,143.061728395062
42,3681,-192,-98.8421052631579
42,3682,-1,-34.6
42,3683,-3,-5.32352941176471
42,3684,-23,-5.32352941176471
42,3685,-16,-5.32352941176471
42,3686,-59,-5.32352941176471
42,3687,-8,-1.58461538461538
42,3688,-28,119.554545454545
42,3689,-17,-5.32352941176471
42,3690,-49,-5.32352941176471
42,3691,-11,-45.9230769230769
42,3692,-5,-5.32352941176471
42,3693,18,-5.32352941176471
42,3694,34,79.3247863247863
42,3695,128,79.3247863247863
42,3696,170,178.607142857143
42,3697,60,-61.375
42,3698,189,-98.8421052631579
42,3699,91,-171.166666666667
42,3700,11,-98.8421052631579
42,3701,-3,17.680412371134
42,3702,0,-5.32352941176471
42,3703,-20,-5.32352941176471
42,3704,40,-5.32352941176471
42,3705,-210,-37.1333333333333
42,3706,-176,-134.075949367089
42,3707,-86,-134.075949367089
42,3708,37,-45.9230769230769
42,3709,-94,17.680412371134
42,3710,-39,-45.9230769230769
42,3711,-9,-1.58461538461538
42,3712,-37,7.675
42,3713,15,-1.58461538461538
42,3714,-91,79.3247863247863
42,3715,-20,-1.58461538461538
42,3716,-11,-5.32352941176471
42,3717,16,-5.32352941176471
42,3718,30,79.3247863247863
42,3719,87,79.3247863247863
42,3720,126,151.071428571429
42,3721,174,143.061728395062
42,3722,104,-7.2
42,3723,128,-98.8421052631579
42,3724,-49,-86.8
42,3725,14,-7.2
42,3726,-17,-37.1333333333333
42,3727,-32,-5.32352941176471
42,3728,-100,-45.9230769230769
42,3729,-78,-45.9230769230769
42,3730,-147,-45.9230769230769
42,3731,-71,-45.9230769230769
42,3732,-29,-45.9230769230769
42,3733,-53,-5.32352941176471
42,3734,-47,-1.58461538461538
42,3735,-35,-1.58461538461538
42,3736,-20,-1.58461538461538
42,3737,-6,7.675
42,3738,1,-5.32352941176471
42,3739,1,-5.32352941176471
42,3740,39,-5.32352941176471
42,3741,98,79.3247863247863
42,3742,308,210.885245901639
42,3743,276,178.607142857143
42,3744,-368,-300.836363636364
42,3745,-148,-148.634146341463
42,3746,-1,11.7297297297297
42,3747,72,-5.32352941176471
42,3748,32,-19.0196078431373
42,3749,-33,-37.1333333333333
42,3750,14,-1.58461538461538
42,3751,228,119.554545454545
42,3752,398,301.869565217391
42,3753,-136,-228.538461538462
42,3754,-272,-184.239520958084
42,3755,-111,-134.075949367089
42,3756,-229,11.7297297297297
42,3757,9,-34.6
42,3758,-20,17.680412371134
42,3759,-126,-5.32352941176471
42,3760,-20,-1.58461538461538
42,3761,-10,7.675
42,3762,-6,-5.32352941176471
42,3763,6,7.675
42,3764,43,-5.32352941176471
42,3765,108,17.680412371134
42,3766,373,210.885245901639
42,3767,230,-22.4545454545455
42,3768,-427,-228.538461538462
42,3769,-113,-148.634146341463
42,3770,32,11.7297297297297
42,3771,125,17.680412371134
42,3772,-75,-19.0196078431373
42,3773,-7,-61.375
42,3774,50,-5.32352941176471
42,3775,195,143.061728395062
42,3776,397,301.869565217391
42,3777,-112,-233.252336448598
42,3778,-344,-184.239520958084
42,3779,-103,-134.075949367089
42,3780,-84,11.7297297297297
42,3781,-101,-45.9230769230769
42,3782,-83,-45.9230769230769
42,3783,-65,-1.58461538461538
42,3784,-19,-1.58461538461538
42,3785,-21,7.675
42,3786,-2,-5.32352941176471
42,3787,2,-5.32352941176471
42,3788,47,-5.32352941176471
42,3789,120,147.107692307692
42,3790,353,210.885245901639
42,3791,275,178.607142857143
42,3792,-428,-300.836363636364
42,3793,-202,-148.634146341463
42,3794,65,-34.6
42,3795,80,-19.0196078431373
42,3796,-10,-19.0196078431373
42,3797,-5,-5.32352941176471
42,3798,7,-5.32352941176471
42,3799,224,119.554545454545
42,3800,431,301.869565217391
42,3801,-105,-61.375
42,3802,-286,-184.239520958084
42,3803,-131,-134.075949367089
42,3804,-128,11.7297297297297
42,3805,-75,-45.9230769230769
42,3806,-115,-45.9230769230769
42,3807,-47,-1.58461538461538
42,3808,-48,-1.58461538461538
42,3809,-10,-1.58461538461538
42,3810,-10,7.675
42,3811,-3,7.675
42,3812,50,-5.32352941176471
42,3813,116,147.107692307692
42,3814,324,210.885245901639
42,3815,284,210.885245901639
42,3816,-436,-300.836363636364
42,3817,-118,-148.634146341463
42,3818,13,11.7297297297297
42,3819,81,17.680412371134
42,3820,-6,-19.0196078431373
42,3821,-28,-5.32352941176471
42,3822,20,-5.32352941176471
42,3823,194,119.554545454545
42,3824,387,301.869565217391
42,3825,-77,-61.375
42,3826,-267,-184.239520958084
42,3827,-195,-134.075949367089
42,3828,-76,-134.075949367089
42,3829,-64,-45.9230769230769
42,3830,-72,-45.9230769230769
42,3831,-64,-1.58461538461538
42,3832,-35,-1.58461538461538
42,3833,-17,-1.58461538461538
42,3834,-6,7.675
42,3835,-8,-5.32352941176471
42,3836,45,-5.32352941176471
42,3837,94,147.107692307692
42,3838,277,210.885245901639
42,3839,313,210.885245901639
42,3840,-331,-300.836363636364
42,3841,-206,-148.634146341463
42,3842,93,-34.6
42,3843,102,-19.0196078431373
42,3844,-55,-19.0196078431373
42,3845,14,-45.9230769230769
42,3846,97,-37.1333333333333
42,3847,134,143.061728395062
42,3848,235,301.869565217391
42,3849,-152,-233.252336448598
42,3850,-194,-148.634146341463
42,3851,-160,-134.075949367089
42,3852,-19,-34.6
42,3853,-75,-5.32352941176471
42,3854,-39,-45.9230769230769
42,3855,-36,-1.58461538461538
42,3856,4,-1.58461538461538
42,3857,-56,7.675
42,3858,-64,-45.9230769230769
42,3859,-13,-1.58461538461538
42,3860,-4,-5.32352941176471
42,3861,22,-5.32352941176471
42,3862,55,79.3247863247863
42,3863,127,151.071428571429
42,3864,115,210.885245901639
42,3865,151,-233.252336448598
42,3866,106,-22.4545454545455
42,3867,83,-7.2
42,3868,92,-86.8
42,3869,-10,-86.8
42,3870,-39,-5.32352941176471
42,3871,-99,-45.9230769230769
42,3872,6,-45.9230769230769
42,3873,-162,-5.32352941176471
42,3874,-156,-34.6
42,3875,-4,-134.075949367089
42,3876,-87,-5.32352941176471
42,3877,-52,-1.58461538461538
42,3878,10,-45.9230769230769
42,3879,-50,79.3247863247863
42,3880,16,-1.58461538461538
42,3881,-17,7.675
42,3882,-37,-5.32352941176471
42,3883,-59,-45.9230769230769
42,3884,8,-45.9230769230769
42,3885,11,-5.32352941176471
42,3886,26,17.680412371134
42,3887,108,79.3247863247863
42,3888,157,143.061728395062
42,3889,104,143.061728395062
42,3890,28,-7.2
42,3891,29,79.3247863247863
42,3892,-100,17.680412371134
42,3893,11,-45.9230769230769
42,3894,-101,17.680412371134
42,3895,-8,-45.9230769230769
42,3896,-68,-5.32352941176471
42,3897,-71,-45.9230769230769
42,3898,-100,-1.58461538461538
42,3899,1,-45.9230769230769
42,3900,-9,-5.32352941176471
42,3901,-9,-5.32352941176471
42,3902,-23,-5.32352941176471
42,3903,8,-5.32352941176471
42,3904,94,-5.32352941176471
42,3905,10,210.885245901639
42,3906,-2,79.3247863247863
42,3907,-26,-5.32352941176471
42,3908,26,-5.32352941176471
42,3909,19,79.3247863247863
42,3910,-28,79.3247863247863
42,3911,-34,-5.32352941176471
42,3912,-17,-45.9230769230769
42,3913,2,-5.32352941176471
42,3914,-27,-5.32352941176471
42,3915,-23,-5.32352941176471
42,3916,-8,-5.32352941176471
42,3917,-1,-5.32352941176471
42,3918,-4,-5.32352941176471
42,3919,2,-5.32352941176471
42,3920,19,-5.32352941176471
42,3921,92,17.680412371134
42,3922,221,178.607142857143
42,3923,284,178.607142857143
42,3924,-324,-300.836363636364
42,3925,-129,-148.634146341463
42,3926,21,11.7297297297297
42,3927,52,17.680412371134
42,3928,-28,-19.0196078431373
42,3929,11,-5.32352941176471
42,3930,6,-37.1333333333333
42,3931,194,119.554545454545
42,3932,299,301.869565217391
42,3933,-139,-61.375
42,3934,-174,-148.634146341463
42,3935,-142,-134.075949367089
42,3936,-76,-45.9230769230769
42,3937,-27,-45.9230769230769
42,3938,-64,-5.32352941176471
42,3939,-41,-1.58461538461538
42,3940,-30,-1.58461538461538
42,3941,-10,-1.58461538461538
42,3942,-5,7.675
42,3943,-5,-5.32352941176471
42,3944,30,-5.32352941176471
42,3945,108,79.3247863247863
42,3946,272,210.885245901639
42,3947,260,210.885245901639
42,3948,-349,-300.836363636364
42,3949,-185,-148.634146341463
42,3950,24,-134.075949367089
42,3951,51,79.3247863247863
42,3952,27,-19.0196078431373
42,3953,-63,-37.1333333333333
42,3954,29,-1.58461538461538
42,3955,130,119.554545454545
42,3956,345,301.869565217391
42,3957,-11,-7.2
42,3958,-226,-184.239520958084
42,3959,-156,-134.075949367089
42,3960,-29,-134.075949367089
42,3961,-65,-5.32352941176471
42,3962,-82,-45.9230769230769
42,3963,-70,-45.9230769230769
42,3964,-26,-1.58461538461538
42,3965,-14,7.675
42,3966,-7,7.675
42,3967,4,-5.32352941176471
42,3968,19,-5.32352941176471
42,3969,96,79.3247863247863
42,3970,235,210.885245901639
42,3971,330,143.061728395062
42,3972,-305,-300.836363636364
42,3973,-178,-148.634146341463
42,3974,17,-134.075949367089
42,3975,71,17.680412371134
42,3976,2,-19.0196078431373
42,3977,-32,-5.32352941176471
42,3978,44,-1.58461538461538
42,3979,115,119.554545454545
42,3980,217,301.869565217391
42,3981,-116,-37.5714285714286
42,3982,-148,-184.239520958084
42,3983,-153,-45.9230769230769
42,3984,-65,-34.6
42,3985,-7,-45.9230769230769
42,3986,-30,-5.32352941176471
42,3987,-11,-1.58461538461538
42,3988,-19,-5.32352941176471
42,3989,-43,7.675
42,3990,-18,-45.9230769230769
42,3991,-12,-5.32352941176471
42,3992,-7,-5.32352941176471
42,3993,12,-5.32352941176471
42,3994,38,79.3247863247863
42,3995,83,79.3247863247863
42,3996,77,210.885245901639
42,3997,109,85.9565217391304
42,3998,12,85.9565217391304
42,3999,54,79.3247863247863
42,4000,55,-86.8
42,4001,6,-19.0196078431373
42,4002,-7,-5.32352941176471
42,4003,-48,-5.32352941176471
42,4004,10,-45.9230769230769
42,4005,-113,-37.1333333333333
42,4006,-58,-45.9230769230769
42,4007,-58,-45.9230769230769
42,4008,-15,-45.9230769230769
42,4009,-20,-5.32352941176471
42,4010,2,-5.32352941176471
42,4011,-46,-5.32352941176471
42,4012,63,-45.9230769230769
42,4013,-128,147.107692307692
42,4014,-26,-45.9230769230769
42,4015,-2,-5.32352941176471
42,4016,-4,-5.32352941176471
42,4017,11,-5.32352941176471
42,4018,34,17.680412371134
42,4019,99,79.3247863247863
42,4020,68,210.885245901639
42,4021,143,85.9565217391304
42,4022,85,10.3125
42,4023,59,-7.2
42,4024,-11,-86.8
42,4025,16,-5.32352941176471
42,4026,-60,17.680412371134
42,4027,-14,-45.9230769230769
42,4028,-108,-5.32352941176471
42,4029,-90,-45.9230769230769
42,4030,-10,-45.9230769230769
42,4031,-86,-5.32352941176471
42,4032,-54,-45.9230769230769
42,4033,-8,-45.9230769230769
42,4034,-26,-5.32352941176471
42,4035,-30,-5.32352941176471
42,4036,-15,-45.9230769230769
42,4037,-2,-5.32352941176471
42,4038,-2,-5.32352941176471
42,4039,12,-5.32352941176471
42,4040,23,79.3247863247863
42,4041,100,79.3247863247863
42,4042,322,210.885245901639
42,4043,187,143.061728395062
42,4044,-391,-228.538461538462
42,4045,-115,-98.8421052631579
42,4046,8,11.7297297297297
42,4047,94,-5.32352941176471
42,4048,-22,-19.0196078431373
42,4049,-26,-5.32352941176471
42,4050,35,-5.32352941176471
42,4051,129,119.554545454545
42,4052,278,301.869565217391
42,4053,-96,-61.375
42,4054,-170,-184.239520958084
42,4055,-131,-134.075949367089
42,4056,-89,-45.9230769230769
42,4057,-37,-45.9230769230769
42,4058,-62,-45.9230769230769
42,4059,-34,-1.58461538461538
42,4060,-11,-1.58461538461538
42,4061,-6,7.675
42,4062,2,7.675
42,4063,3,-5.32352941176471
42,4064,34,-5.32352941176471
42,4065,108,79.3247863247863
42,4066,238,210.885245901639
42,4067,201,178.607142857143
42,4068,-225,-300.836363636364
42,4069,-133,-148.634146341463
42,4070,-14,11.7297297297297
42,4071,32,-5.32352941176471
42,4072,30,17.680412371134
42,4073,-38,-37.1333333333333
42,4074,32,-1.58461538461538
42,4075,130,7.675
42,4076,225,252.657657657658
42,4077,-130,-7.2
42,4078,-126,-184.239520958084
42,4079,-143,-140.818181818182
42,4080,-77,-45.9230769230769
42,4081,2,-45.9230769230769
42,4082,52,-5.32352941176471
42,4083,78,151.071428571429
42,4084,-191,210.885245901639
42,4085,-18,-134.075949367089
42,4086,-63,119.554545454545
42,4087,-2,-45.9230769230769
42,4088,18,-5.32352941176471
42,4089,91,17.680412371134
42,4090,201,151.071428571429
42,4091,282,210.885245901639
42,4092,-233,-233.252336448598
42,4093,-190,-148.634146341463
42,4094,-31,-134.075949367089
42,4095,65,-45.9230769230769
42,4096,-31,-19.0196078431373
42,4097,-20,-45.9230769230769
42,4098,37,-5.32352941176471
42,4099,75,7.675
42,4100,244,252.657657657658
42,4101,-52,210.885245901639
42,4102,-146,-184.239520958084
42,4103,-63,-140.818181818182
42,4104,-130,-45.9230769230769
42,4105,-66,-45.9230769230769
42,4106,-20,-45.9230769230769
42,4107,-25,-5.32352941176471
42,4108,-3,-5.32352941176471
42,4109,-6,7.675
42,4110,4,-5.32352941176471
42,4111,25,7.675
42,4112,89,79.3247863247863
42,4113,299,178.607142857143
42,4114,245,143.061728395062
42,4115,-393,-300.836363636364
42,4116,-114,-148.634146341463
42,4117,10,11.7297297297297
42,4118,64,17.680412371134
42,4119,-7,-19.0196078431373
42,4120,-46,-5.32352941176471
42,4121,51,-1.58461538461538
42,4122,106,143.061728395062
42,4123,253,301.869565217391
42,4124,-85,-37.5714285714286
42,4125,-134,-184.239520958084
42,4126,-128,-140.818181818182
42,4127,-12,-45.9230769230769
42,4128,-72,-5.32352941176471
42,4129,-74,-45.9230769230769
42,4130,-32,-1.58461538461538
42,4131,-35,-1.58461538461538
42,4132,-8,-1.58461538461538
42,4133,-3,7.675
42,4134,5,-5.32352941176471
42,4135,13,-5.32352941176471
42,4136,104,79.3247863247863
42,4137,210,210.885245901639
42,4138,352,143.061728395062
42,4139,-366,-300.836363636364
42,4140,-130,-148.634146341463
42,4141,54,11.7297297297297
42,4142,11,-19.0196078431373
42,4143,37,17.680412371134
42,4144,-25,17.680412371134
42,4145,82,-5.32352941176471
42,4146,78,85.9565217391304
42,4147,220,301.869565217391
42,4148,-158,-37.5714285714286
42,4149,-135,-184.239520958084
42,4150,-106,-140.818181818182
42,4151,-56,-45.9230769230769
42,4152,-36,-45.9230769230769
42,4153,-1,-45.9230769230769
42,4154,-40,-5.32352941176471
42,4155,-46,-1.58461538461538
42,4156,-32,-1.58461538461538
42,4157,-24,-45.9230769230769
42,4158,-14,-5.32352941176471
42,4159,4,-5.32352941176471
42,4160,6,-5.32352941176471
42,4161,55,-5.32352941176471
42,4162,75,147.107692307692
42,4163,113,143.061728395062
42,4164,91,85.9565217391304
42,4165,116,85.9565217391304
42,4166,140,10.3125
42,4167,45,-86.8
42,4168,-24,-7.2
42,4169,-60,-5.32352941176471
42,4170,38,-45.9230769230769
42,4171,-104,-37.1333333333333
42,4172,-142,-45.9230769230769
42,4173,-76,-45.9230769230769
42,4174,-91,-45.9230769230769
42,4175,28,-45.9230769230769
42,4176,-27,79.3247863247863
42,4177,-47,-5.32352941176471
42,4178,-22,-1.58461538461538
42,4179,-16,7.675
42,4180,-38,-5.32352941176471
42,4181,-22,-45.9230769230769
42,4182,-37,-5.32352941176471
42,4183,1,-45.9230769230769
42,4184,7,-5.32352941176471
42,4185,49,-5.32352941176471
42,4186,51,147.107692307692
42,4187,154,147.107692307692
42,4188,132,-22.4545454545455
42,4189,99,-7.2
42,4190,81,-7.2
42,4191,101,10.3125
42,4192,-32,-86.8
42,4193,70,-45.9230769230769
42,4194,-71,-86.8
42,4195,-160,-45.9230769230769
42,4196,-88,-34.6
42,4197,-128,-45.9230769230769
42,4198,-77,-45.9230769230769
42,4199,-29,-45.9230769230769
42,4200,-37,-5.32352941176471
42,4201,-25,-1.58461538461538
42,4202,-60,7.675
42,4203,-19,-1.58461538461538
42,4204,-10,7.675
42,4205,-16,-5.32352941176471
42,4206,0,-5.32352941176471
42,4207,20,-5.32352941176471
42,4208,47,79.3247863247863
42,4209,193,147.107692307692
42,4210,276,178.607142857143
42,4211,-143,-233.252336448598
42,4212,-131,-148.634146341463
42,4213,101,-140.818181818182
42,4214,52,-19.0196078431373
42,4215,1,-19.0196078431373
42,4216,24,-5.32352941176471
42,4217,-62,-37.1333333333333
42,4218,52,-1.58461538461538
42,4219,162,147.107692307692
42,4220,-45,-19.0196078431373
42,4221,-198,-98.8421052631579
42,4222,-49,-134.075949367089
42,4223,-149,-45.9230769230769
42,4224,-43,-45.9230769230769
42,4225,-49,-45.9230769230769
42,4226,-40,-45.9230769230769
42,4227,-18,-1.58461538461538
42,4228,6,7.675
42,4229,-6,-5.32352941176471
42,4230,4,7.675
42,4231,9,-5.32352941176471
42,4232,32,79.3247863247863
42,4233,57,79.3247863247863
42,4234,104,143.061728395062
42,4235,-101,10.3125
42,4236,-16,-45.9230769230769
42,4237,61,-5.32352941176471
42,4238,41,-19.0196078431373
42,4239,22,17.680412371134
42,4240,-15,17.680412371134
42,4241,14,-5.32352941176471
42,4242,93,-37.1333333333333
42,4243,298,143.061728395062
42,4244,-49,-19.0196078431373
42,4245,-203,-184.239520958084
42,4246,-133,-134.075949367089
42,4247,-36,11.7297297297297
42,4248,-52,-45.9230769230769
42,4249,-51,-45.9230769230769
42,4250,-60,-45.9230769230769
42,4251,-12,-1.58461538461538
42,4252,-11,7.675
42,4253,4,7.675
42,4254,1,-5.32352941176471
42,4255,33,-5.32352941176471
42,4256,107,79.3247863247863
42,4257,269,143.061728395062
42,4258,276,178.607142857143
42,4259,-359,-300.836363636364
42,4260,-161,-148.634146341463
42,4261,-20,-34.6
42,4262,89,-5.32352941176471
42,4263,-26,-19.0196078431373
42,4264,-33,-5.32352941176471
42,4265,79,-1.58461538461538
42,4266,61,143.061728395062
42,4267,262,301.869565217391
42,4268,-16,178.607142857143
42,4269,-171,-184.239520958084
42,4270,-129,-134.075949367089
42,4271,-54,-45.9230769230769
42,4272,-40,-45.9230769230769
42,4273,-86,-45.9230769230769
42,4274,-53,-45.9230769230769
42,4275,-18,-1.58461538461538
42,4276,-9,7.675
42,4277,-5,7.675
42,4278,3,-5.32352941176471
42,4279,32,-5.32352941176471
42,4280,110,79.3247863247863
42,4281,263,210.885245901639
42,4282,236,178.607142857143
42,4283,-323,-300.836363636364
42,4284,-170,-148.634146341463
42,4285,13,-34.6
42,4286,47,17.680412371134
42,4287,4,-19.0196078431373
42,4288,-16,-5.32352941176471
42,4289,16,-5.32352941176471
42,4290,125,119.554545454545
42,4291,221,301.869565217391
42,4292,10,-61.375
42,4293,-187,-184.239520958084
42,4294,-101,-134.075949367089
42,4295,-61,-45.9230769230769
42,4296,-71,-45.9230769230769
42,4297,-28,-45.9230769230769
42,4298,-60,-5.32352941176471
42,4299,-44,-1.58461538461538
42,4300,-12,-1.58461538461538
42,4301,-3,-5.32352941176471
42,4302,-1,-5.32352941176471
42,4303,31,-5.32352941176471
42,4304,94,79.3247863247863
42,4305,237,210.885245901639
42,4306,344,210.885245901639
42,4307,-360,-300.836363636364
42,4308,-153,-148.634146341463
42,4309,20,-34.6
42,4310,72,17.680412371134
42,4311,-12,-19.0196078431373
42,4312,-27,-5.32352941176471
42,4313,16,-5.32352941176471
42,4314,116,119.554545454545
42,4315,197,301.869565217391
42,4316,-75,-19.0196078431373
42,4317,-173,-184.239520958084
42,4318,-105,-134.075949367089
42,4319,-49,-45.9230769230769
42,4320,-16,-45.9230769230769
42,4321,-34,-5.32352941176471
42,4322,-22,-1.58461538461538
42,4323,-19,-5.32352941176471
42,4324,-38,7.675
42,4325,-28,-45.9230769230769
42,4326,-14,-5.32352941176471
42,4327,4,-5.32352941176471
42,4328,10,-5.32352941176471
42,4329,57,79.3247863247863
42,4330,90,147.107692307692
42,4331,80,143.061728395062
42,4332,72,85.9565217391304
42,4333,103,85.9565217391304
42,4334,53,10.3125
42,4335,49,-86.8
42,4336,30,-86.8
42,4337,-6,17.680412371134
42,4338,-80,-5.32352941176471
42,4339,-66,-45.9230769230769
42,4340,-132,-45.9230769230769
42,4341,-18,-45.9230769230769
42,4342,-81,-5.32352941176471
43,1,15,-4.37345132743363
43,2,30,71.7972027972028
43,3,99,71.7972027972028
43,4,119,198.556195965418
43,5,154,120.852459016393
43,6,95,120.852459016393
43,7,51,-39.4761904761905
43,8,-72,-6
43,9,49,-43.96
43,10,-12,-6
43,11,-34,-4.37345132743363
43,12,21,-43.96
43,13,-4,-25.4805194805195
43,14,-76,-4.37345132743363
43,15,-50,-43.96
43,16,-249,-43.96
43,17,-84,-81.8313253012048
43,18,37,-43.96
43,19,-31,40.7894736842105
43,20,-6,-16.6046511627907
43,21,-11,-4.37345132743363
43,22,-30,-4.37345132743363
43,23,-12,116.082352941176
43,24,3,-4.37345132743363
43,25,11,-4.37345132743363
43,26,47,71.7972027972028
43,27,88,71.7972027972028
43,28,108,198.556195965418
43,29,101,120.852459016393
43,30,112,5.6875
43,31,49,-6
43,32,31,-6
43,33,-91,-25.4805194805195
43,34,-5,-43.96
43,35,41,-4.37345132743363
43,36,-96,-25.4805194805195
43,37,-22,-43.96
43,38,12,-4.37345132743363
43,39,-78,-25.4805194805195
43,40,-70,-43.96
43,41,-90,-43.96
43,42,-75,-16.6046511627907
43,43,-37,-43.96
43,44,-31,-43.96
43,45,-6,-16.6046511627907
43,46,-5,-4.37345132743363
43,47,2,-4.37345132743363
43,48,28,-4.37345132743363
43,49,121,71.7972027972028
43,50,296,198.556195965418
43,51,184,198.556195965418
43,52,-377,-304.98275862069
43,53,-74,-148.75
43,54,14,-43.96
43,55,40,40.7894736842105
43,56,2,-25.4805194805195
43,57,-1,-4.37345132743363
43,58,18,-4.37345132743363
43,59,137,116.082352941176
43,60,388,291.547619047619
43,61,-71,-94.2380952380952
43,62,-184,-201.755555555556
43,63,-322,-150.772727272727
43,64,-133,-81.8313253012048
43,65,-16,6.36363636363636
43,66,-5,-4.37345132743363
43,67,-14,-4.37345132743363
43,68,-32,-4.37345132743363
43,69,1,-16.6046511627907
43,70,0,116.082352941176
43,71,1,-4.37345132743363
43,72,35,-4.37345132743363
43,73,103,71.7972027972028
43,74,339,198.556195965418
43,75,188,198.556195965418
43,76,-366,-304.98275862069
43,77,-128,-148.75
43,78,31,6.36363636363636
43,79,45,40.7894736842105
43,80,36,-25.4805194805195
43,81,-37,-25.4805194805195
43,82,23,-16.6046511627907
43,83,123,116.082352941176
43,84,441,291.547619047619
43,85,-43,-16.1904761904762
43,86,-240,-201.755555555556
43,87,-125,-150.772727272727
43,88,-127,6.36363636363636
43,89,-87,-81.8313253012048
43,90,-57,-43.96
43,91,-99,-16.6046511627907
43,92,-35,-16.6046511627907
43,93,-12,-16.6046511627907
43,94,-6,-4.37345132743363
43,95,0,-4.37345132743363
43,96,25,-4.37345132743363
43,97,145,71.7972027972028
43,98,329,198.556195965418
43,99,186,-94.2380952380952
43,100,-382,-304.98275862069
43,101,-91,-148.75
43,102,-2,-43.96
43,103,74,-4.37345132743363
43,104,1,-16.1904761904762
43,105,-39,-4.37345132743363
43,106,36,-16.6046511627907
43,107,197,116.082352941176
43,108,340,291.547619047619
43,109,-42,-94.2380952380952
43,110,-194,-201.755555555556
43,111,-112,-150.772727272727
43,112,-120,-81.8313253012048
43,113,-95,-81.8313253012048
43,114,-124,-43.96
43,115,-54,-81.8313253012048
43,116,-52,-16.6046511627907
43,117,-18,-16.6046511627907
43,118,-12,-4.37345132743363
43,119,2,-4.37345132743363
43,120,39,-4.37345132743363
43,121,96,71.7972027972028
43,122,261,198.556195965418
43,123,292,198.556195965418
43,124,-396,-304.98275862069
43,125,-94,-148.75
43,126,31,29.6363636363636
43,127,75,40.7894736842105
43,128,6,-16.1904761904762
43,129,-62,-4.37345132743363
43,130,4,-16.6046511627907
43,131,-36,116.082352941176
43,132,5,-43.96
43,133,-117,-4.37345132743363
43,134,-65,-81.8313253012048
43,135,-6,-16.6046511627907
43,136,46,-4.37345132743363
43,137,-62,40.7894736842105
43,138,50,-43.96
43,139,13,-12.5
43,140,-10,71.7972027972028
43,141,-35,-4.37345132743363
43,142,-15,-43.96
43,143,-13,-4.37345132743363
43,144,-1,-4.37345132743363
43,145,24,-4.37345132743363
43,146,50,-25.4805194805195
43,147,124,158.126126126126
43,148,122,198.556195965418
43,149,161,120.852459016393
43,150,43,120.852459016393
43,151,132,-39.4761904761905
43,152,11,-6
43,153,-32,-39.4761904761905
43,154,55,-43.96
43,155,-58,-16.1904761904762
43,156,-58,-43.96
43,157,-74,-43.96
43,158,42,-43.96
43,159,-155,-25.4805194805195
43,160,-83,-81.8313253012048
43,161,-88,-16.6046511627907
43,162,10,-16.6046511627907
43,163,-69,71.7972027972028
43,164,-48,-43.96
43,165,-32,-16.6046511627907
43,166,-39,-16.6046511627907
43,167,-37,-16.6046511627907
43,168,-1,-43.96
43,169,10,-4.37345132743363
43,170,13,71.7972027972028
43,171,105,71.7972027972028
43,172,160,198.556195965418
43,173,104,120.852459016393
43,174,107,-123.206896551724
43,175,173,-144.576923076923
43,176,2,-6
43,177,-8,-39.4761904761905
43,178,-34,-4.37345132743363
43,179,18,-43.96
43,180,-84,-25.4805194805195
43,181,-82,-43.96
43,182,-43,-43.96
43,183,-139,-43.96
43,184,-68,-81.8313253012048
43,185,-20,-43.96
43,186,-118,-4.37345132743363
43,187,-59,-81.8313253012048
43,188,-35,-16.6046511627907
43,189,-3,-16.6046511627907
43,190,-6,-4.37345132743363
43,191,3,-4.37345132743363
43,192,27,-4.37345132743363
43,193,104,71.7972027972028
43,194,378,198.556195965418
43,195,148,198.556195965418
43,196,-383,-304.98275862069
43,197,-95,-39.4761904761905
43,198,52,-43.96
43,199,43,-16.1904761904762
43,200,-8,-25.4805194805195
43,201,-4,-4.37345132743363
43,202,22,-4.37345132743363
43,203,156,116.082352941176
43,204,386,291.547619047619
43,205,-12,-94.2380952380952
43,206,-177,-201.755555555556
43,207,-184,-150.772727272727
43,208,-196,-81.8313253012048
43,209,-97,-81.8313253012048
43,210,-82,-43.96
43,211,-52,-43.96
43,212,-14,-16.6046511627907
43,213,-12,-4.37345132743363
43,214,-3,-4.37345132743363
43,215,0,-4.37345132743363
43,216,31,-4.37345132743363
43,217,148,71.7972027972028
43,218,385,198.556195965418
43,219,141,-94.2380952380952
43,220,-375,-304.98275862069
43,221,-159,-39.4761904761905
43,222,51,6.36363636363636
43,223,20,-16.1904761904762
43,224,20,-25.4805194805195
43,225,9,-25.4805194805195
43,226,-4,-4.37345132743363
43,227,201,116.082352941176
43,228,377,291.547619047619
43,229,-60,-94.2380952380952
43,230,-277,-201.755555555556
43,231,-98,-150.772727272727
43,232,-132,-43.96
43,233,-90,-81.8313253012048
43,234,-80,-43.96
43,235,-64,-16.6046511627907
43,236,-22,-16.6046511627907
43,237,-16,116.082352941176
43,238,-3,-4.37345132743363
43,239,2,-4.37345132743363
43,240,28,-4.37345132743363
43,241,134,71.7972027972028
43,242,375,198.556195965418
43,243,121,-94.2380952380952
43,244,-365,-215.627118644068
43,245,-100,-150.772727272727
43,246,23,-43.96
43,247,89,40.7894736842105
43,248,-12,-16.1904761904762
43,249,-1,-4.37345132743363
43,250,-2,-4.37345132743363
43,251,152,116.082352941176
43,252,272,291.547619047619
43,253,58,-94.2380952380952
43,254,-244,-215.627118644068
43,255,-130,-150.772727272727
43,256,-110,6.36363636363636
43,257,-50,-81.8313253012048
43,258,-125,-43.96
43,259,-64,-81.8313253012048
43,260,-37,-16.6046511627907
43,261,-10,-16.6046511627907
43,262,-7,-4.37345132743363
43,263,1,-4.37345132743363
43,264,28,-4.37345132743363
43,265,136,71.7972027972028
43,266,356,198.556195965418
43,267,155,-94.2380952380952
43,268,-344,-304.98275862069
43,269,-127,-39.4761904761905
43,270,27,6.36363636363636
43,271,99,40.7894736842105
43,272,-21,-16.1904761904762
43,273,-50,-4.37345132743363
43,274,68,-16.6046511627907
43,275,133,120.852459016393
43,276,403,291.547619047619
43,277,-56,-232.744444444444
43,278,-211,-201.755555555556
43,279,-124,-150.772727272727
43,280,-165,-81.8313253012048
43,281,-85,-81.8313253012048
43,282,-51,-43.96
43,283,-100,-16.6046511627907
43,284,-48,-16.6046511627907
43,285,-10,-16.6046511627907
43,286,-11,-4.37345132743363
43,287,2,-4.37345132743363
43,288,19,-4.37345132743363
43,289,110,71.7972027972028
43,290,289,198.556195965418
43,291,272,198.556195965418
43,292,-318,-304.98275862069
43,293,-133,-148.75
43,294,15,29.6363636363636
43,295,105,40.7894736842105
43,296,47,-16.1904761904762
43,297,-43,-25.4805194805195
43,298,24,-16.6046511627907
43,299,126,116.082352941176
43,300,270,291.547619047619
43,301,-70,-16.1904761904762
43,302,-168,-148.75
43,303,-147,-150.772727272727
43,304,-69,-81.8313253012048
43,305,-48,-43.96
43,306,-76,-43.96
43,307,-9,-16.6046511627907
43,308,-83,-4.37345132743363
43,309,-34,-16.6046511627907
43,310,-49,-16.6046511627907
43,311,-32,-16.6046511627907
43,312,11,-16.6046511627907
43,313,61,71.7972027972028
43,314,7,158.126126126126
43,315,157,-4.37345132743363
43,316,96,120.852459016393
43,317,126,-123.206896551724
43,318,103,198.556195965418
43,319,-38,-144.576923076923
43,320,54,-43.96
43,321,8,-6
43,322,-38,-4.37345132743363
43,323,-21,-43.96
43,324,-39,-4.37345132743363
43,325,-44,-16.6046511627907
43,326,-91,-43.96
43,327,3,-43.96
43,328,-47,-4.37345132743363
43,329,-102,-43.96
43,330,16,-16.6046511627907
43,331,-72,71.7972027972028
43,332,-42,-16.6046511627907
43,333,-43,-43.96
43,334,-44,-16.6046511627907
43,335,-19,-16.6046511627907
43,336,3,-4.37345132743363
43,337,17,-4.37345132743363
43,338,32,71.7972027972028
43,339,119,71.7972027972028
43,340,85,198.556195965418
43,341,147,120.852459016393
43,342,86,120.852459016393
43,343,3,-39.4761904761905
43,344,-10,-4.37345132743363
43,345,8,-4.37345132743363
43,346,-25,-4.37345132743363
43,347,33,-4.37345132743363
43,348,13,-25.4805194805195
43,349,-31,-25.4805194805195
43,350,-115,-43.96
43,351,-12,-81.8313253012048
43,352,-110,-4.37345132743363
43,353,-94,-81.8313253012048
43,354,-49,-43.96
43,355,-69,-16.6046511627907
43,356,-17,-16.6046511627907
43,357,-7,-4.37345132743363
43,358,-11,-4.37345132743363
43,359,1,-4.37345132743363
43,360,30,-4.37345132743363
43,361,107,71.7972027972028
43,362,359,198.556195965418
43,363,148,198.556195965418
43,364,-335,-304.98275862069
43,365,-169,-39.4761904761905
43,366,55,6.36363636363636
43,367,59,-16.1904761904762
43,368,-13,-16.1904761904762
43,369,11,-4.37345132743363
43,370,0,-25.4805194805195
43,371,168,116.082352941176
43,372,373,291.547619047619
43,373,31,-94.2380952380952
43,374,-235,-201.755555555556
43,375,-202,-150.772727272727
43,376,-144,6.36363636363636
43,377,-86,-81.8313253012048
43,378,-84,-43.96
43,379,-52,-43.96
43,380,-12,-16.6046511627907
43,381,-10,116.082352941176
43,382,6,116.082352941176
43,383,-8,-4.37345132743363
43,384,25,-4.37345132743363
43,385,107,71.7972027972028
43,386,167,198.556195965418
43,387,310,198.556195965418
43,388,-328,-232.744444444444
43,389,-160,-201.755555555556
43,390,-60,29.6363636363636
43,391,30,-43.96
43,392,-36,-25.4805194805195
43,393,1,-43.96
43,394,56,-4.37345132743363
43,395,123,120.852459016393
43,396,442,291.547619047619
43,397,-28,198.556195965418
43,398,-162,-201.755555555556
43,399,-105,-150.772727272727
43,400,-112,-81.8313253012048
43,401,-67,-81.8313253012048
43,402,-118,-43.96
43,403,-55,-81.8313253012048
43,404,-6,-16.6046511627907
43,405,-24,-4.37345132743363
43,406,4,-4.37345132743363
43,407,2,-4.37345132743363
43,408,30,-4.37345132743363
43,409,154,71.7972027972028
43,410,311,198.556195965418
43,411,208,-94.2380952380952
43,412,-361,-304.98275862069
43,413,-154,-148.75
43,414,48,6.36363636363636
43,415,88,-16.1904761904762
43,416,-79,-16.1904761904762
43,417,65,-43.96
43,418,-39,-12.5
43,419,111,-16.6046511627907
43,420,465,291.547619047619
43,421,-113,-16.1904761904762
43,422,-73,-201.755555555556
43,423,-223,-150.772727272727
43,424,-52,-81.8313253012048
43,425,-158,-43.96
43,426,-85,-81.8313253012048
43,427,-105,-16.6046511627907
43,428,-27,-81.8313253012048
43,429,-12,-4.37345132743363
43,430,-4,116.082352941176
43,431,1,-4.37345132743363
43,432,34,-4.37345132743363
43,433,141,71.7972027972028
43,434,325,198.556195965418
43,435,213,-94.2380952380952
43,436,-362,-304.98275862069
43,437,-178,-148.75
43,438,49,6.36363636363636
43,439,37,-16.1904761904762
43,440,19,-25.4805194805195
43,441,14,-25.4805194805195
43,442,26,-25.4805194805195
43,443,114,116.082352941176
43,444,429,291.547619047619
43,445,-44,-16.1904761904762
43,446,-244,-201.755555555556
43,447,-144,-150.772727272727
43,448,-98,6.36363636363636
43,449,-95,-43.96
43,450,-70,-43.96
43,451,-78,-16.6046511627907
43,452,-43,-16.6046511627907
43,453,-36,-16.6046511627907
43,454,-10,-16.6046511627907
43,455,9,-4.37345132743363
43,456,19,-4.37345132743363
43,457,118,71.7972027972028
43,458,279,198.556195965418
43,459,223,120.852459016393
43,460,-287,-304.98275862069
43,461,-150,-148.75
43,462,70,6.36363636363636
43,463,117,-16.1904761904762
43,464,-10,-16.1904761904762
43,465,-17,-4.37345132743363
43,466,1,-4.37345132743363
43,467,181,116.082352941176
43,468,265,291.547619047619
43,469,-130,-94.2380952380952
43,470,-226,-148.75
43,471,-82,-150.772727272727
43,472,-52,-43.96
43,473,-12,-43.96
43,474,-99,-4.37345132743363
43,475,-85,-16.6046511627907
43,476,-42,-16.6046511627907
43,477,-28,-16.6046511627907
43,478,-40,-4.37345132743363
43,479,-19,-43.96
43,480,15,-4.37345132743363
43,481,24,71.7972027972028
43,482,31,71.7972027972028
43,483,126,71.7972027972028
43,484,163,120.852459016393
43,485,68,120.852459016393
43,486,131,-39.4761904761905
43,487,37,-6
43,488,14,-39.4761904761905
43,489,-44,-25.4805194805195
43,490,10,-43.96
43,491,-41,-25.4805194805195
43,492,51,-43.96
43,493,-22,-16.1904761904762
43,494,-110,-4.37345132743363
43,495,-109,-81.8313253012048
43,496,-62,-81.8313253012048
43,497,-10,-16.6046511627907
43,498,-97,-4.37345132743363
43,499,-35,-43.96
43,500,-60,-16.6046511627907
43,501,-14,-16.6046511627907
43,502,-46,-4.37345132743363
43,503,-10,-43.96
43,504,-1,-4.37345132743363
43,505,6,-4.37345132743363
43,506,25,-4.37345132743363
43,507,71,71.7972027972028
43,508,155,158.126126126126
43,509,162,198.556195965418
43,510,110,-232.744444444444
43,511,69,-39.4761904761905
43,512,-1,-6
43,513,-32,-4.37345132743363
43,514,-119,-43.96
43,515,117,-81.8313253012048
43,516,13,-16.1904761904762
43,517,-80,-25.4805194805195
43,518,-123,-43.96
43,519,-88,-81.8313253012048
43,520,-56,-16.6046511627907
43,521,-93,-43.96
43,522,-45,-43.96
43,523,-68,-16.6046511627907
43,524,-26,-16.6046511627907
43,525,-5,-4.37345132743363
43,526,-5,-4.37345132743363
43,527,5,-4.37345132743363
43,528,14,-4.37345132743363
43,529,14,71.7972027972028
43,530,108,71.7972027972028
43,531,329,198.556195965418
43,532,-224,186.954545454545
43,533,-159,-201.755555555556
43,534,30,29.6363636363636
43,535,47,-25.4805194805195
43,536,57,-25.4805194805195
43,537,-6,-12.5
43,538,18,-4.37345132743363
43,539,95,116.082352941176
43,540,391,241.3
43,541,-81,-16.1904761904762
43,542,-179,-201.755555555556
43,543,-101,-150.772727272727
43,544,-89,-43.96
43,545,-109,-43.96
43,546,-90,-81.8313253012048
43,547,-39,-16.6046511627907
43,548,-21,-16.6046511627907
43,549,1,-4.37345132743363
43,550,-7,-4.37345132743363
43,551,2,-4.37345132743363
43,552,27,-4.37345132743363
43,553,124,71.7972027972028
43,554,319,198.556195965418
43,555,193,198.556195965418
43,556,-345,-304.98275862069
43,557,-148,-148.75
43,558,50,6.36363636363636
43,559,62,-16.1904761904762
43,560,-20,-16.1904761904762
43,561,-45,-4.37345132743363
43,562,32,-16.6046511627907
43,563,75,116.082352941176
43,564,477,291.547619047619
43,565,-16,-12.5
43,566,-281,-201.755555555556
43,567,-56,-150.772727272727
43,568,-182,-43.96
43,569,15,-81.8313253012048
43,570,-166,-25.4805194805195
43,571,-72,-81.8313253012048
43,572,-26,-16.6046511627907
43,573,-21,116.082352941176
43,574,2,-4.37345132743363
43,575,-1,-4.37345132743363
43,576,32,-4.37345132743363
43,577,126,71.7972027972028
43,578,299,198.556195965418
43,579,179,198.556195965418
43,580,-327,-304.98275862069
43,581,-149,-148.75
43,582,21,6.36363636363636
43,583,-8,40.7894736842105
43,584,31,-4.37345132743363
43,585,-21,-25.4805194805195
43,586,-11,-4.37345132743363
43,587,156,116.082352941176
43,588,356,291.547619047619
43,589,-19,-94.2380952380952
43,590,-133,-201.755555555556
43,591,-132,-150.772727272727
43,592,-63,-81.8313253012048
43,593,-87,-43.96
43,594,-134,-43.96
43,595,-54,-81.8313253012048
43,596,-51,-16.6046511627907
43,597,0,-16.6046511627907
43,598,-7,-4.37345132743363
43,599,1,-4.37345132743363
43,600,28,-4.37345132743363
43,601,110,71.7972027972028
43,602,313,198.556195965418
43,603,127,198.556195965418
43,604,-334,-304.98275862069
43,605,-106,-150.772727272727
43,606,11,6.36363636363636
43,607,54,40.7894736842105
43,608,-43,-16.1904761904762
43,609,4,-43.96
43,610,18,-4.37345132743363
43,611,126,116.082352941176
43,612,295,291.547619047619
43,613,25,-16.1904761904762
43,614,-141,-148.75
43,615,-63,-150.772727272727
43,616,-125,-43.96
43,617,-68,-81.8313253012048
43,618,-97,-43.96
43,619,-53,-43.96
43,620,-62,-16.6046511627907
43,621,-19,-16.6046511627907
43,622,-5,-4.37345132743363
43,623,3,-4.37345132743363
43,624,28,-4.37345132743363
43,625,84,71.7972027972028
43,626,237,198.556195965418
43,627,254,198.556195965418
43,628,-280,-304.98275862069
43,629,-148,-148.75
43,630,51,29.6363636363636
43,631,18,-16.1904761904762
43,632,46,-25.4805194805195
43,633,-37,-25.4805194805195
43,634,21,-16.6046511627907
43,635,96,116.082352941176
43,636,266,291.547619047619
43,637,-141,-16.1904761904762
43,638,-143,-148.75
43,639,-160,-150.772727272727
43,640,15,-81.8313253012048
43,641,-20,40.7894736842105
43,642,-23,-4.37345132743363
43,643,-58,-4.37345132743363
43,644,7,-16.6046511627907
43,645,-30,-4.37345132743363
43,646,-51,-4.37345132743363
43,647,-23,-43.96
43,648,-7,-4.37345132743363
43,649,35,-4.37345132743363
43,650,31,71.7972027972028
43,651,89,40.7894736842105
43,652,165,198.556195965418
43,653,162,120.852459016393
43,654,22,-232.744444444444
43,655,86,-39.4761904761905
43,656,-38,-6
43,657,45,-43.96
43,658,-126,-25.4805194805195
43,659,30,-81.8313253012048
43,660,17,-25.4805194805195
43,661,-49,-25.4805194805195
43,662,-56,-16.6046511627907
43,663,-39,-43.96
43,664,-64,-16.6046511627907
43,665,-43,-43.96
43,666,-54,-43.96
43,667,-62,-16.6046511627907
43,668,-36,-16.6046511627907
43,669,-13,-16.6046511627907
43,670,-54,-4.37345132743363
43,671,-47,-16.6046511627907
43,672,-5,-16.6046511627907
43,673,17,-4.37345132743363
43,674,46,71.7972027972028
43,675,70,71.7972027972028
43,676,91,158.126126126126
43,677,220,120.852459016393
43,678,54,120.852459016393
43,679,50,-215.627118644068
43,680,29,-6
43,681,-34,-25.4805194805195
43,682,-64,-43.96
43,683,-26,-43.96
43,684,71,-4.37345132743363
43,685,2,-16.1904761904762
43,686,-111,-4.37345132743363
43,687,-91,-81.8313253012048
43,688,-79,-16.6046511627907
43,689,-75,-43.96
43,690,-91,-43.96
43,691,-19,-43.96
43,692,-37,-4.37345132743363
43,693,-17,-16.6046511627907
43,694,-9,-4.37345132743363
43,695,-1,-4.37345132743363
43,696,39,-4.37345132743363
43,697,115,71.7972027972028
43,698,327,198.556195965418
43,699,123,198.556195965418
43,700,-340,-215.627118644068
43,701,-84,-150.772727272727
43,702,-3,-43.96
43,703,89,-4.37345132743363
43,704,-10,-16.1904761904762
43,705,-9,-4.37345132743363
43,706,-18,-4.37345132743363
43,707,181,116.082352941176
43,708,419,291.547619047619
43,709,-42,-94.2380952380952
43,710,-209,-201.755555555556
43,711,-107,-150.772727272727
43,712,-144,-81.8313253012048
43,713,-144,-81.8313253012048
43,714,-84,-81.8313253012048
43,715,-66,-16.6046511627907
43,716,-7,-16.6046511627907
43,717,-21,116.082352941176
43,718,0,-4.37345132743363
43,719,1,-4.37345132743363
43,720,29,-4.37345132743363
43,721,149,71.7972027972028
43,722,364,198.556195965418
43,723,104,-94.2380952380952
43,724,-328,-215.627118644068
43,725,-138,-150.772727272727
43,726,45,6.36363636363636
43,727,73,40.7894736842105
43,728,-2,-16.1904761904762
43,729,-39,-4.37345132743363
43,730,50,-16.6046511627907
43,731,99,120.852459016393
43,732,484,291.547619047619
43,733,-76,-144.576923076923
43,734,-212,-201.755555555556
43,735,-107,-150.772727272727
43,736,-177,-81.8313253012048
43,737,-83,-81.8313253012048
43,738,-114,-43.96
43,739,-77,-81.8313253012048
43,740,-31,-16.6046511627907
43,741,-9,-16.6046511627907
43,742,-6,-4.37345132743363
43,743,3,-4.37345132743363
43,744,25,-4.37345132743363
43,745,164,71.7972027972028
43,746,327,198.556195965418
43,747,160,-94.2380952380952
43,748,-405,-304.98275862069
43,749,-110,-39.4761904761905
43,750,37,6.36363636363636
43,751,113,40.7894736842105
43,752,-1,-16.1904761904762
43,753,-51,-4.37345132743363
43,754,-21,-16.6046511627907
43,755,143,116.082352941176
43,756,451,291.547619047619
43,757,-39,-94.2380952380952
43,758,-161,-201.755555555556
43,759,-198,-150.772727272727
43,760,-78,-81.8313253012048
43,761,-70,-43.96
43,762,-138,-43.96
43,763,-105,-81.8313253012048
43,764,-29,-81.8313253012048
43,765,-12,-4.37345132743363
43,766,-6,-4.37345132743363
43,767,4,-4.37345132743363
43,768,36,-4.37345132743363
43,769,146,71.7972027972028
43,770,315,198.556195965418
43,771,109,-94.2380952380952
43,772,-266,-215.627118644068
43,773,-167,-150.772727272727
43,774,27,6.36363636363636
43,775,65,-25.4805194805195
43,776,-40,-16.1904761904762
43,777,18,-43.96
43,778,-35,-25.4805194805195
43,779,168,-16.6046511627907
43,780,318,291.547619047619
43,781,-8,-94.2380952380952
43,782,-126,-201.755555555556
43,783,-101,-150.772727272727
43,784,-72,-16.6046511627907
43,785,-124,-43.96
43,786,-103,-81.8313253012048
43,787,-57,-43.96
43,788,-72,-16.6046511627907
43,789,-24,-16.6046511627907
43,790,-10,-4.37345132743363
43,791,2,-4.37345132743363
43,792,35,-4.37345132743363
43,793,118,71.7972027972028
43,794,217,198.556195965418
43,795,244,198.556195965418
43,796,-324,-304.98275862069
43,797,-129,-148.75
43,798,17,29.6363636363636
43,799,38,40.7894736842105
43,800,13,-25.4805194805195
43,801,-6,-25.4805194805195
43,802,-3,-4.37345132743363
43,803,121,116.082352941176
43,804,188,291.547619047619
43,805,-75,-16.1904761904762
43,806,-101,-148.75
43,807,-55,-43.96
43,808,-72,-43.96
43,809,-73,-43.96
43,810,-115,-43.96
43,811,21,-81.8313253012048
43,812,-11,146.772727272727
43,813,3,-4.37345132743363
43,814,-38,-4.37345132743363
43,815,-5,-16.6046511627907
43,816,-8,-4.37345132743363
43,817,32,-4.37345132743363
43,818,50,40.7894736842105
43,819,102,158.126126126126
43,820,81,-12.5
43,821,129,120.852459016393
43,822,48,-6
43,823,19,5.6875
43,824,-43,40.7894736842105
43,825,-19,-43.96
43,826,-5,-4.37345132743363
43,827,-31,-4.37345132743363
43,828,-11,-43.96
43,829,-23,-4.37345132743363
43,830,35,-4.37345132743363
43,831,-82,71.7972027972028
43,832,-79,-43.96
43,833,-41,-16.6046511627907
43,834,-20,-43.96
43,835,-3,-4.37345132743363
43,836,-56,-4.37345132743363
43,837,-3,-16.6046511627907
43,838,-57,-4.37345132743363
43,839,-29,-16.6046511627907
43,840,6,-4.37345132743363
43,841,17,-4.37345132743363
43,842,23,71.7972027972028
43,843,92,71.7972027972028
43,844,77,186.954545454545
43,845,147,120.852459016393
43,846,11,120.852459016393
43,847,56,-39.4761904761905
43,848,-13,-6
43,849,24,-4.37345132743363
43,850,-99,-25.4805194805195
43,851,-32,-43.96
43,852,100,-43.96
43,853,-43,-16.1904761904762
43,854,12,-43.96
43,855,-50,71.7972027972028
43,856,-74,-16.6046511627907
43,857,-107,-16.6046511627907
43,858,-41,-81.8313253012048
43,859,-67,-16.6046511627907
43,860,-26,-43.96
43,861,-2,-4.37345132743363
43,862,-10,-4.37345132743363
43,863,7,-4.37345132743363
43,864,28,-4.37345132743363
43,865,96,71.7972027972028
43,866,262,198.556195965418
43,867,170,198.556195965418
43,868,-273,-304.98275862069
43,869,-121,-39.4761904761905
43,870,27,6.36363636363636
43,871,56,-25.4805194805195
43,872,-21,-16.1904761904762
43,873,-6,-4.37345132743363
43,874,4,-4.37345132743363
43,875,131,116.082352941176
43,876,382,291.547619047619
43,877,-17,-94.2380952380952
43,878,-149,-201.755555555556
43,879,-186,-150.772727272727
43,880,-137,-81.8313253012048
43,881,-70,-81.8313253012048
43,882,-86,-43.96
43,883,-49,-43.96
43,884,-39,-16.6046511627907
43,885,-4,-16.6046511627907
43,886,-8,-4.37345132743363
43,887,4,-4.37345132743363
43,888,29,-4.37345132743363
43,889,119,71.7972027972028
43,890,329,198.556195965418
43,891,163,198.556195965418
43,892,-374,-304.98275862069
43,893,-63,-39.4761904761905
43,894,8,-43.96
43,895,55,-4.37345132743363
43,896,11,-16.1904761904762
43,897,27,-25.4805194805195
43,898,91,-25.4805194805195
43,899,126,120.852459016393
43,900,195,291.547619047619
43,901,-95,-144.576923076923
43,902,-130,-148.75
43,903,-121,-81.8313253012048
43,904,-180,-81.8313253012048
43,905,-19,-81.8313253012048
43,906,-6,-4.37345132743363
43,907,-12,-4.37345132743363
43,908,-36,-4.37345132743363
43,909,-30,-16.6046511627907
43,910,-61,-4.37345132743363
43,911,-16,-43.96
43,912,3,-4.37345132743363
43,913,13,-4.37345132743363
43,914,40,71.7972027972028
43,915,81,71.7972027972028
43,916,140,198.556195965418
43,917,154,120.852459016393
43,918,38,-232.744444444444
43,919,9,-39.4761904761905
43,920,5,-4.37345132743363
43,921,48,-4.37345132743363
43,922,-93,-16.1904761904762
43,923,-65,-43.96
43,924,25,-43.96
43,925,16,-25.4805194805195
43,926,2,-25.4805194805195
43,927,119,-4.37345132743363
43,928,33,3.4
43,929,-82,71.7972027972028
43,930,-319,-43.96
43,931,-95,-81.8313253012048
43,932,-58,-43.96
43,933,-12,-43.96
43,934,-11,-4.37345132743363
43,935,0,-4.37345132743363
43,936,22,-4.37345132743363
43,937,104,116.082352941176
43,938,210,291.547619047619
43,939,207,198.556195965418
43,940,-257,-304.98275862069
43,941,-107,-148.75
43,942,58,6.36363636363636
43,943,32,-16.1904761904762
43,944,34,-25.4805194805195
43,945,-69,-25.4805194805195
43,946,13,-16.6046511627907
43,947,179,116.082352941176
43,948,256,291.547619047619
43,949,-82,-94.2380952380952
43,950,-104,-148.75
43,951,-182,-150.772727272727
43,952,2,-81.8313253012048
43,953,-98,-4.37345132743363
43,954,-94,-43.96
43,955,-29,-16.6046511627907
43,956,-73,-4.37345132743363
43,957,-12,-16.6046511627907
43,958,-10,-4.37345132743363
43,959,-1,-4.37345132743363
43,960,29,-4.37345132743363
43,961,96,71.7972027972028
43,962,222,198.556195965418
43,963,232,198.556195965418
43,964,-281,-304.98275862069
43,965,-94,-148.75
43,966,23,-43.96
43,967,98,40.7894736842105
43,968,-38,-16.1904761904762
43,969,-18,-43.96
43,970,10,-4.37345132743363
43,971,84,116.082352941176
43,972,207,291.547619047619
43,973,-16,-16.1904761904762
43,974,-142,-148.75
43,975,-82,-81.8313253012048
43,976,-36,-43.96
43,977,-12,-43.96
43,978,-124,-4.37345132743363
43,979,-14,-81.8313253012048
43,980,-79,-4.37345132743363
43,981,-13,-16.6046511627907
43,982,-27,-4.37345132743363
43,983,-15,-4.37345132743363
43,984,-2,-4.37345132743363
43,985,17,-4.37345132743363
43,986,40,71.7972027972028
43,987,81,71.7972027972028
43,988,104,198.556195965418
43,989,69,120.852459016393
43,990,42,120.852459016393
43,991,-25,71.7972027972028
43,992,18,-4.37345132743363
43,993,-52,-25.4805194805195
43,994,-2,-43.96
43,995,-12,-4.37345132743363
43,996,-15,-4.37345132743363
43,997,-2,-4.37345132743363
43,998,10,-4.37345132743363
43,999,-11,40.7894736842105
43,1000,-75,-4.37345132743363
43,1001,19,-43.96
43,1002,-72,71.7972027972028
43,1003,-1,-43.96
43,1004,-23,-4.37345132743363
43,1005,-54,-4.37345132743363
43,1006,-35,-16.6046511627907
43,1007,-22,-43.96
43,1008,-7,-4.37345132743363
43,1009,15,-4.37345132743363
43,1010,31,71.7972027972028
43,1011,78,71.7972027972028
43,1012,112,198.556195965418
43,1013,77,120.852459016393
43,1014,70,120.852459016393
43,1015,-13,5.6875
43,1016,-39,-4.37345132743363
43,1017,-25,-43.96
43,1018,-14,-4.37345132743363
43,1019,-7,-4.37345132743363
43,1020,-21,-4.37345132743363
43,1021,-17,-4.37345132743363
43,1022,-3,-4.37345132743363
43,1023,35,-4.37345132743363
43,1024,-78,71.7972027972028
43,1025,-85,-43.96
43,1026,1,-43.96
43,1027,-84,-4.37345132743363
43,1028,-21,-43.96
43,1029,-13,-4.37345132743363
43,1030,0,-4.37345132743363
43,1031,-3,-4.37345132743363
43,1032,26,-4.37345132743363
43,1033,64,40.7894736842105
43,1034,138,158.126126126126
43,1035,225,198.556195965418
43,1036,-92,-232.744444444444
43,1037,-188,-148.75
43,1038,41,-81.8313253012048
43,1039,50,40.7894736842105
43,1040,-11,-16.1904761904762
43,1041,-13,-4.37345132743363
43,1042,38,-4.37345132743363
43,1043,133,146.772727272727
43,1044,436,198.556195965418
43,1045,23,-94.2380952380952
43,1046,-241,-201.755555555556
43,1047,-184,-150.772727272727
43,1048,-116,6.36363636363636
43,1049,-107,-81.8313253012048
43,1050,-93,-81.8313253012048
43,1051,-62,-43.96
43,1052,-54,-16.6046511627907
43,1053,1,-16.6046511627907
43,1054,-13,-4.37345132743363
43,1055,1,-4.37345132743363
43,1056,38,-4.37345132743363
43,1057,145,71.7972027972028
43,1058,333,198.556195965418
43,1059,129,-94.2380952380952
43,1060,-318,-304.98275862069
43,1061,-141,-150.772727272727
43,1062,59,6.36363636363636
43,1063,23,-16.1904761904762
43,1064,8,-25.4805194805195
43,1065,-38,-4.37345132743363
43,1066,23,-16.6046511627907
43,1067,170,116.082352941176
43,1068,437,291.547619047619
43,1069,-53,-94.2380952380952
43,1070,-405,-201.755555555556
43,1071,-330,-150.772727272727
43,1072,6,6.36363636363636
43,1073,49,-4.37345132743363
43,1074,-36,-16.1904761904762
43,1075,-59,-16.6046511627907
43,1076,-30,-16.6046511627907
43,1077,-9,116.082352941176
43,1078,0,116.082352941176
43,1079,2,-4.37345132743363
43,1080,34,-4.37345132743363
43,1081,144,71.7972027972028
43,1082,312,198.556195965418
43,1083,177,-94.2380952380952
43,1084,-346,-304.98275862069
43,1085,-133,-148.75
43,1086,34,6.36363636363636
43,1087,63,40.7894736842105
43,1088,-19,-16.1904761904762
43,1089,-32,-4.37345132743363
43,1090,35,-16.6046511627907
43,1091,135,116.082352941176
43,1092,419,291.547619047619
43,1093,-16,-94.2380952380952
43,1094,-181,-201.755555555556
43,1095,-150,-150.772727272727
43,1096,-92,-81.8313253012048
43,1097,-147,-43.96
43,1098,-92,-81.8313253012048
43,1099,-96,-43.96
43,1100,-35,-16.6046511627907
43,1101,-12,-16.6046511627907
43,1102,1,-4.37345132743363
43,1103,-5,-4.37345132743363
43,1104,39,-4.37345132743363
43,1105,134,71.7972027972028
43,1106,334,198.556195965418
43,1107,190,-94.2380952380952
43,1108,-375,-304.98275862069
43,1109,-113,-148.75
43,1110,1,6.36363636363636
43,1111,77,-4.37345132743363
43,1112,-15,-16.1904761904762
43,1113,-68,-4.37345132743363
43,1114,62,-16.6046511627907
43,1115,168,120.852459016393
43,1116,356,291.547619047619
43,1117,30,-232.744444444444
43,1118,-196,-201.755555555556
43,1119,-115,-150.772727272727
43,1120,-141,-81.8313253012048
43,1121,-55,-81.8313253012048
43,1122,-107,-43.96
43,1123,-116,-81.8313253012048
43,1124,-36,-81.8313253012048
43,1125,-42,-16.6046511627907
43,1126,-8,-16.6046511627907
43,1127,2,-4.37345132743363
43,1128,23,-4.37345132743363
43,1129,93,71.7972027972028
43,1130,253,198.556195965418
43,1131,333,198.556195965418
43,1132,-299,-304.98275862069
43,1133,-146,-201.755555555556
43,1134,20,29.6363636363636
43,1135,91,40.7894736842105
43,1136,-5,-16.1904761904762
43,1137,-5,-4.37345132743363
43,1138,-16,-4.37345132743363
43,1139,139,116.082352941176
43,1140,343,291.547619047619
43,1141,-204,-94.2380952380952
43,1142,-143,-201.755555555556
43,1143,-99,-150.772727272727
43,1144,-90,-43.96
43,1145,-36,-43.96
43,1146,-51,-43.96
43,1147,-21,-16.6046511627907
43,1148,-73,116.082352941176
43,1149,-17,-16.6046511627907
43,1150,-61,-4.37345132743363
43,1151,-31,-16.6046511627907
43,1152,-4,-16.6046511627907
43,1153,30,-4.37345132743363
43,1154,13,71.7972027972028
43,1155,103,71.7972027972028
43,1156,131,198.556195965418
43,1157,119,120.852459016393
43,1158,38,-39.4761904761905
43,1159,60,71.7972027972028
43,1160,92,-6
43,1161,41,-6
43,1162,-72,-25.4805194805195
43,1163,6,-43.96
43,1164,-108,-4.37345132743363
43,1165,-107,-81.8313253012048
43,1166,80,-81.8313253012048
43,1167,-75,-16.1904761904762
43,1168,-87,-16.6046511627907
43,1169,-44,-43.96
43,1170,-14,-16.6046511627907
43,1171,-24,-4.37345132743363
43,1172,-19,-4.37345132743363
43,1173,-53,-4.37345132743363
43,1174,-58,-16.6046511627907
43,1175,-38,-16.6046511627907
43,1176,-10,-43.96
43,1177,6,-4.37345132743363
43,1178,32,-4.37345132743363
43,1179,86,71.7972027972028
43,1180,88,198.556195965418
43,1181,161,198.556195965418
43,1182,69,120.852459016393
43,1183,38,-39.4761904761905
43,1184,-9,40.7894736842105
43,1185,-4,-4.37345132743363
43,1186,13,-4.37345132743363
43,1187,6,-25.4805194805195
43,1188,-59,-4.37345132743363
43,1189,-124,-43.96
43,1190,0,-81.8313253012048
43,1191,-18,-4.37345132743363
43,1192,-71,-4.37345132743363
43,1193,-93,-43.96
43,1194,-39,-16.6046511627907
43,1195,-48,-16.6046511627907
43,1196,-32,-43.96
43,1197,4,-43.96
43,1198,-9,-4.37345132743363
43,1199,6,-4.37345132743363
43,1200,38,-4.37345132743363
43,1201,90,71.7972027972028
43,1202,343,198.556195965418
43,1203,184,198.556195965418
43,1204,-319,-304.98275862069
43,1205,-162,-148.75
43,1206,-4,6.36363636363636
43,1207,55,-4.37345132743363
43,1208,2,-16.1904761904762
43,1209,-27,-4.37345132743363
43,1210,25,-4.37345132743363
43,1211,149,116.082352941176
43,1212,369,291.547619047619
43,1213,39,-94.2380952380952
43,1214,-199,-215.627118644068
43,1215,-141,-150.772727272727
43,1216,-126,-81.8313253012048
43,1217,-44,-81.8313253012048
43,1218,-118,-43.96
43,1219,-113,-81.8313253012048
43,1220,-28,-81.8313253012048
43,1221,-18,116.082352941176
43,1222,-4,-4.37345132743363
43,1223,4,-4.37345132743363
43,1224,31,-4.37345132743363
43,1225,175,71.7972027972028
43,1226,313,198.556195965418
43,1227,135,-94.2380952380952
43,1228,-341,-304.98275862069
43,1229,-161,-39.4761904761905
43,1230,47,6.36363636363636
43,1231,48,-25.4805194805195
43,1232,-33,-16.1904761904762
43,1233,-7,-43.96
43,1234,30,-4.37345132743363
43,1235,137,116.082352941176
43,1236,389,291.547619047619
43,1237,2,-94.2380952380952
43,1238,-225,-201.755555555556
43,1239,-120,-150.772727272727
43,1240,-94,-81.8313253012048
43,1241,-89,-43.96
43,1242,-83,-43.96
43,1243,-108,-43.96
43,1244,-37,-81.8313253012048
43,1245,-8,-16.6046511627907
43,1246,-4,-4.37345132743363
43,1247,2,-4.37345132743363
43,1248,40,-4.37345132743363
43,1249,116,71.7972027972028
43,1250,333,198.556195965418
43,1251,184,198.556195965418
43,1252,-382,-304.98275862069
43,1253,-159,-148.75
43,1254,45,6.36363636363636
43,1255,19,40.7894736842105
43,1256,1,-25.4805194805195
43,1257,-33,-4.37345132743363
43,1258,24,-16.6046511627907
43,1259,30,116.082352941176
43,1260,146,146.772727272727
43,1261,273,-16.1904761904762
43,1262,-127,-94.2380952380952
43,1263,-150,-148.75
43,1264,-47,-150.772727272727
43,1265,-31,-43.96
43,1266,-157,-43.96
43,1267,-65,-81.8313253012048
43,1268,-41,-16.6046511627907
43,1269,-18,-16.6046511627907
43,1270,-2,-4.37345132743363
43,1271,3,-4.37345132743363
43,1272,32,-4.37345132743363
43,1273,112,71.7972027972028
43,1274,321,198.556195965418
43,1275,184,198.556195965418
43,1276,-339,-304.98275862069
43,1277,-120,-148.75
43,1278,18,6.36363636363636
43,1279,58,40.7894736842105
43,1280,-20,-16.1904761904762
43,1281,-57,-4.37345132743363
43,1282,95,-16.6046511627907
43,1283,66,120.852459016393
43,1284,413,291.547619047619
43,1285,6,-12.5
43,1286,-244,-201.755555555556
43,1287,-28,-150.772727272727
43,1288,-173,-4.37345132743363
43,1289,-264,-81.8313253012048
43,1290,-3,-81.8313253012048
43,1291,-31,-4.37345132743363
43,1292,-23,-16.6046511627907
43,1293,8,116.082352941176
43,1294,17,-4.37345132743363
43,1295,-27,71.7972027972028
43,1296,33,116.082352941176
43,1297,84,71.7972027972028
43,1298,234,120.852459016393
43,1299,331,198.556195965418
43,1300,-318,-304.98275862069
43,1301,-140,-201.755555555556
43,1302,-21,29.6363636363636
43,1303,62,-4.37345132743363
43,1304,-118,-16.1904761904762
43,1305,73,-81.8313253012048
43,1306,-13,-12.5
43,1307,220,116.082352941176
43,1308,279,291.547619047619
43,1309,-93,-94.2380952380952
43,1310,-220,-148.75
43,1311,-151,-150.772727272727
43,1312,-129,-81.8313253012048
43,1313,13,-81.8313253012048
43,1314,31,40.7894736842105
43,1315,-63,-25.4805194805195
43,1316,-31,-16.6046511627907
43,1317,-12,-16.6046511627907
43,1318,-35,-4.37345132743363
43,1319,-9,-43.96
43,1320,1,-4.37345132743363
43,1321,-2,-4.37345132743363
43,1322,22,-4.37345132743363
43,1323,75,71.7972027972028
43,1324,95,198.556195965418
43,1325,61,198.556195965418
43,1326,37,5.6875
43,1327,152,40.7894736842105
43,1328,-103,-6
43,1329,-11,-39.4761904761905
43,1330,37,-4.37345132743363
43,1331,-54,-25.4805194805195
43,1332,-85,-43.96
43,1333,-64,-43.96
43,1334,61,-16.6046511627907
43,1335,-24,158.126126126126
43,1336,-51,-4.37345132743363
43,1337,17,-16.6046511627907
43,1338,-31,71.7972027972028
43,1339,-36,-16.6046511627907
43,1340,17,-43.96
43,1341,-8,40.7894736842105
43,1342,-79,-4.37345132743363
43,1343,-27,-43.96
43,1344,-10,-4.37345132743363
43,1345,13,-4.37345132743363
43,1346,19,71.7972027972028
43,1347,115,40.7894736842105
43,1348,105,198.556195965418
43,1349,121,120.852459016393
43,1350,126,120.852459016393
43,1351,-1,5.6875
43,1352,122,-4.37345132743363
43,1353,-10,-6
43,1354,8,-4.37345132743363
43,1355,4,-4.37345132743363
43,1356,-72,-4.37345132743363
43,1357,-41,-43.96
43,1358,7,-43.96
43,1359,-144,-4.37345132743363
43,1360,-33,-81.8313253012048
43,1361,-154,-43.96
43,1362,-68,-81.8313253012048
43,1363,-76,-16.6046511627907
43,1364,-20,-43.96
43,1365,-10,-4.37345132743363
43,1366,-15,-4.37345132743363
43,1367,6,-4.37345132743363
43,1368,43,-4.37345132743363
43,1369,106,71.7972027972028
43,1370,264,198.556195965418
43,1371,317,198.556195965418
43,1372,-393,-304.98275862069
43,1373,-145,-201.755555555556
43,1374,-2,29.6363636363636
43,1375,116,-4.37345132743363
43,1376,-74,-16.1904761904762
43,1377,31,-43.96
43,1378,10,-25.4805194805195
43,1379,176,116.082352941176
43,1380,390,291.547619047619
43,1381,-106,-94.2380952380952
43,1382,-159,-201.755555555556
43,1383,-179,-150.772727272727
43,1384,-107,-81.8313253012048
43,1385,-87,-81.8313253012048
43,1386,-95,-43.96
43,1387,-50,-16.6046511627907
43,1388,-47,-16.6046511627907
43,1389,-1,-16.6046511627907
43,1390,-10,-4.37345132743363
43,1391,0,-4.37345132743363
43,1392,44,-4.37345132743363
43,1393,140,71.7972027972028
43,1394,326,198.556195965418
43,1395,227,-94.2380952380952
43,1396,-404,-304.98275862069
43,1397,-121,-148.75
43,1398,-17,6.36363636363636
43,1399,28,-4.37345132743363
43,1400,44,-25.4805194805195
43,1401,-29,-25.4805194805195
43,1402,41,-4.37345132743363
43,1403,170,116.082352941176
43,1404,414,291.547619047619
43,1405,8,-94.2380952380952
43,1406,-245,-201.755555555556
43,1407,-109,-150.772727272727
43,1408,-145,6.36363636363636
43,1409,-109,-81.8313253012048
43,1410,-77,-81.8313253012048
43,1411,-126,-43.96
43,1412,-38,-81.8313253012048
43,1413,-16,-16.6046511627907
43,1414,0,-4.37345132743363
43,1415,-8,-4.37345132743363
43,1416,55,-4.37345132743363
43,1417,131,158.126126126126
43,1418,317,198.556195965418
43,1419,281,-232.744444444444
43,1420,-446,-304.98275862069
43,1421,-111,-148.75
43,1422,50,29.6363636363636
43,1423,29,-16.1904761904762
43,1424,2,-25.4805194805195
43,1425,-65,-4.37345132743363
43,1426,70,-16.6046511627907
43,1427,167,120.852459016393
43,1428,429,291.547619047619
43,1429,-22,-232.744444444444
43,1430,-193,-201.755555555556
43,1431,-131,-150.772727272727
43,1432,-170,-81.8313253012048
43,1433,-119,-81.8313253012048
43,1434,-39,-81.8313253012048
43,1435,-147,-43.96
43,1436,-63,-81.8313253012048
43,1437,-8,-16.6046511627907
43,1438,-13,-4.37345132743363
43,1439,-4,-4.37345132743363
43,1440,38,-4.37345132743363
43,1441,139,71.7972027972028
43,1442,314,198.556195965418
43,1443,234,-94.2380952380952
43,1444,-385,-304.98275862069
43,1445,-122,-148.75
43,1446,-10,6.36363636363636
43,1447,67,-4.37345132743363
43,1448,-37,-16.1904761904762
43,1449,-29,-43.96
43,1450,25,-4.37345132743363
43,1451,136,116.082352941176
43,1452,364,291.547619047619
43,1453,-50,-94.2380952380952
43,1454,-74,-201.755555555556
43,1455,-168,-150.772727272727
43,1456,-175,-81.8313253012048
43,1457,-37,-81.8313253012048
43,1458,-89,-43.96
43,1459,-48,-16.6046511627907
43,1460,-43,-16.6046511627907
43,1461,-28,-16.6046511627907
43,1462,-14,-4.37345132743363
43,1463,-4,-4.37345132743363
43,1464,29,-4.37345132743363
43,1465,102,71.7972027972028
43,1466,271,198.556195965418
43,1467,266,198.556195965418
43,1468,-313,-304.98275862069
43,1469,-132,-148.75
43,1470,20,29.6363636363636
43,1471,48,40.7894736842105
43,1472,15,-16.1904761904762
43,1473,12,-25.4805194805195
43,1474,-3,-25.4805194805195
43,1475,176,116.082352941176
43,1476,200,291.547619047619
43,1477,-77,-94.2380952380952
43,1478,-106,-148.75
43,1479,-162,-81.8313253012048
43,1480,-94,-81.8313253012048
43,1481,-61,-43.96
43,1482,-10,-43.96
43,1483,2,-4.37345132743363
43,1484,-111,-4.37345132743363
43,1485,10,-81.8313253012048
43,1486,-47,71.7972027972028
43,1487,-32,-16.6046511627907
43,1488,3,-43.96
43,1489,36,-4.37345132743363
43,1490,26,40.7894736842105
43,1491,87,71.7972027972028
43,1492,174,-12.5
43,1493,58,120.852459016393
43,1494,62,-39.4761904761905
43,1495,30,-6
43,1496,11,40.7894736842105
43,1497,-4,-25.4805194805195
43,1498,3,-4.37345132743363
43,1499,-10,-4.37345132743363
43,1500,-8,-4.37345132743363
43,1501,2,-4.37345132743363
43,1502,-143,-4.37345132743363
43,1503,-105,-81.8313253012048
43,1504,67,-81.8313253012048
43,1505,-24,186.954545454545
43,1506,-68,-4.37345132743363
43,1507,-20,-43.96
43,1508,-30,-4.37345132743363
43,1509,-46,-4.37345132743363
43,1510,-57,-43.96
43,1511,-42,-43.96
43,1512,4,-16.6046511627907
43,1513,1,-4.37345132743363
43,1514,22,-4.37345132743363
43,1515,87,71.7972027972028
43,1516,99,198.556195965418
43,1517,155,198.556195965418
43,1518,128,120.852459016393
43,1519,2,-232.744444444444
43,1520,-28,-4.37345132743363
43,1521,39,-4.37345132743363
43,1522,-21,-25.4805194805195
43,1523,20,-4.37345132743363
43,1524,10,-25.4805194805195
43,1525,-112,-25.4805194805195
43,1526,24,-81.8313253012048
43,1527,-140,146.772727272727
43,1528,-32,-81.8313253012048
43,1529,-123,-43.96
43,1530,-48,-81.8313253012048
43,1531,-42,-16.6046511627907
43,1532,-39,-43.96
43,1533,-11,-16.6046511627907
43,1534,-5,-4.37345132743363
43,1535,2,-4.37345132743363
43,1536,42,-4.37345132743363
43,1537,114,71.7972027972028
43,1538,308,198.556195965418
43,1539,282,198.556195965418
43,1540,-458,-304.98275862069
43,1541,-104,-148.75
43,1542,26,29.6363636363636
43,1543,63,40.7894736842105
43,1544,-52,-16.1904761904762
43,1545,28,-43.96
43,1546,-18,-25.4805194805195
43,1547,189,116.082352941176
43,1548,402,291.547619047619
43,1549,-15,-94.2380952380952
43,1550,-147,-201.755555555556
43,1551,-203,-150.772727272727
43,1552,-140,-81.8313253012048
43,1553,-92,-81.8313253012048
43,1554,-80,-43.96
43,1555,-112,-43.96
43,1556,-17,-81.8313253012048
43,1557,-13,-4.37345132743363
43,1558,-2,116.082352941176
43,1559,0,-4.37345132743363
43,1560,39,-4.37345132743363
43,1561,149,71.7972027972028
43,1562,319,198.556195965418
43,1563,247,-94.2380952380952
43,1564,-427,-304.98275862069
43,1565,-106,-148.75
43,1566,-3,29.6363636363636
43,1567,24,-4.37345132743363
43,1568,40,-25.4805194805195
43,1569,-28,-25.4805194805195
43,1570,-116,-4.37345132743363
43,1571,258,-81.8313253012048
43,1572,418,291.547619047619
43,1573,37,-94.2380952380952
43,1574,-243,-215.627118644068
43,1575,-162,-150.772727272727
43,1576,-100,6.36363636363636
43,1577,-95,-43.96
43,1578,-110,-43.96
43,1579,-100,-81.8313253012048
43,1580,-14,-16.6046511627907
43,1581,-20,116.082352941176
43,1582,-6,-4.37345132743363
43,1583,-3,-4.37345132743363
43,1584,45,-4.37345132743363
43,1585,136,71.7972027972028
43,1586,302,198.556195965418
43,1587,194,-94.2380952380952
43,1588,-331,-304.98275862069
43,1589,-114,-148.75
43,1590,-2,6.36363636363636
43,1591,50,-4.37345132743363
43,1592,-4,-16.1904761904762
43,1593,-17,-4.37345132743363
43,1594,32,-4.37345132743363
43,1595,184,116.082352941176
43,1596,358,291.547619047619
43,1597,54,-94.2380952380952
43,1598,-239,-215.627118644068
43,1599,-139,-150.772727272727
43,1600,-193,6.36363636363636
43,1601,-32,-81.8313253012048
43,1602,-136,-43.96
43,1603,-89,-81.8313253012048
43,1604,-21,-16.6046511627907
43,1605,-31,116.082352941176
43,1606,-5,-16.6046511627907
43,1607,3,-4.37345132743363
43,1608,32,-4.37345132743363
43,1609,142,71.7972027972028
43,1610,290,198.556195965418
43,1611,266,-94.2380952380952
43,1612,-396,-304.98275862069
43,1613,-162,-148.75
43,1614,45,29.6363636363636
43,1615,60,40.7894736842105
43,1616,24,-16.1904761904762
43,1617,-85,-25.4805194805195
43,1618,45,-16.6046511627907
43,1619,136,116.082352941176
43,1620,459,291.547619047619
43,1621,-98,-94.2380952380952
43,1622,-160,-201.755555555556
43,1623,-180,-150.772727272727
43,1624,-85,-81.8313253012048
43,1625,-80,-43.96
43,1626,-85,-43.96
43,1627,-106,-16.6046511627907
43,1628,-28,-81.8313253012048
43,1629,-29,-4.37345132743363
43,1630,-8,-4.37345132743363
43,1631,6,-4.37345132743363
43,1632,25,-4.37345132743363
43,1633,126,71.7972027972028
43,1634,258,198.556195965418
43,1635,247,198.556195965418
43,1636,-272,-304.98275862069
43,1637,-147,-148.75
43,1638,14,29.6363636363636
43,1639,75,-25.4805194805195
43,1640,7,-16.1904761904762
43,1641,-14,-4.37345132743363
43,1642,49,-4.37345132743363
43,1643,112,120.852459016393
43,1644,249,291.547619047619
43,1645,-70,-144.576923076923
43,1646,-202,-148.75
43,1647,-80,-150.772727272727
43,1648,-111,-43.96
43,1649,-76,-81.8313253012048
43,1650,-6,-43.96
43,1651,-35,-4.37345132743363
43,1652,-39,-16.6046511627907
43,1653,-38,-16.6046511627907
43,1654,-54,-16.6046511627907
43,1655,-17,-16.6046511627907
43,1656,4,-4.37345132743363
43,1657,32,-4.37345132743363
43,1658,18,71.7972027972028
43,1659,114,71.7972027972028
43,1660,97,198.556195965418
43,1661,118,120.852459016393
43,1662,74,120.852459016393
43,1663,77,-6
43,1664,-20,-6
43,1665,-55,-4.37345132743363
43,1666,17,-43.96
43,1667,-39,-25.4805194805195
43,1668,42,-43.96
43,1669,-2,-25.4805194805195
43,1670,-93,-4.37345132743363
43,1671,-85,-16.6046511627907
43,1672,-23,-43.96
43,1673,-20,-4.37345132743363
43,1674,-47,-4.37345132743363
43,1675,-69,-43.96
43,1676,-66,-16.6046511627907
43,1677,-14,-16.6046511627907
43,1678,-32,-4.37345132743363
43,1679,-27,-43.96
43,1680,5,-4.37345132743363
43,1681,0,-4.37345132743363
43,1682,49,-4.37345132743363
43,1683,40,158.126126126126
43,1684,121,71.7972027972028
43,1685,135,198.556195965418
43,1686,73,120.852459016393
43,1687,54,-39.4761904761905
43,1688,32,-6
43,1689,3,40.7894736842105
43,1690,-76,-4.37345132743363
43,1691,-29,-43.96
43,1692,-39,-4.37345132743363
43,1693,-153,-43.96
43,1694,-44,-81.8313253012048
43,1695,8,-43.96
43,1696,15,-4.37345132743363
43,1697,-51,71.7972027972028
43,1698,-70,-16.6046511627907
43,1699,-54,-16.6046511627907
43,1700,-22,-16.6046511627907
43,1701,-6,-4.37345132743363
43,1702,0,-4.37345132743363
43,1703,6,-4.37345132743363
43,1704,14,-4.37345132743363
43,1705,116,71.7972027972028
43,1706,266,198.556195965418
43,1707,198,198.556195965418
43,1708,-329,-304.98275862069
43,1709,-63,-148.75
43,1710,47,-43.96
43,1711,25,-25.4805194805195
43,1712,4,-25.4805194805195
43,1713,-2,-4.37345132743363
43,1714,-13,-4.37345132743363
43,1715,177,116.082352941176
43,1716,407,291.547619047619
43,1717,-15,-94.2380952380952
43,1718,-203,-201.755555555556
43,1719,-183,-150.772727272727
43,1720,-140,-81.8313253012048
43,1721,-110,-81.8313253012048
43,1722,-94,-81.8313253012048
43,1723,-66,-43.96
43,1724,-29,-16.6046511627907
43,1725,-5,116.082352941176
43,1726,-7,-4.37345132743363
43,1727,3,-4.37345132743363
43,1728,27,-4.37345132743363
43,1729,143,71.7972027972028
43,1730,323,198.556195965418
43,1731,203,-94.2380952380952
43,1732,-378,-304.98275862069
43,1733,-77,-148.75
43,1734,-36,-43.96
43,1735,69,-43.96
43,1736,-30,-16.1904761904762
43,1737,8,-4.37345132743363
43,1738,45,-4.37345132743363
43,1739,139,116.082352941176
43,1740,423,291.547619047619
43,1741,-54,-94.2380952380952
43,1742,-204,-201.755555555556
43,1743,-162,-150.772727272727
43,1744,-131,-81.8313253012048
43,1745,-93,-81.8313253012048
43,1746,-86,-43.96
43,1747,-80,-16.6046511627907
43,1748,-35,-16.6046511627907
43,1749,-17,-16.6046511627907
43,1750,1,-4.37345132743363
43,1751,0,-4.37345132743363
43,1752,36,-4.37345132743363
43,1753,130,71.7972027972028
43,1754,309,198.556195965418
43,1755,255,198.556195965418
43,1756,-396,-304.98275862069
43,1757,-127,-148.75
43,1758,25,29.6363636363636
43,1759,41,40.7894736842105
43,1760,33,-25.4805194805195
43,1761,-77,-25.4805194805195
43,1762,42,-16.6046511627907
43,1763,163,116.082352941176
43,1764,417,291.547619047619
43,1765,4,-94.2380952380952
43,1766,-176,-201.755555555556
43,1767,-186,-150.772727272727
43,1768,-119,-81.8313253012048
43,1769,-148,-81.8313253012048
43,1770,-97,-81.8313253012048
43,1771,-69,-43.96
43,1772,-39,-16.6046511627907
43,1773,-14,-16.6046511627907
43,1774,-8,-4.37345132743363
43,1775,4,-4.37345132743363
43,1776,31,-4.37345132743363
43,1777,126,71.7972027972028
43,1778,308,198.556195965418
43,1779,223,198.556195965418
43,1780,-345,-304.98275862069
43,1781,-148,-148.75
43,1782,55,6.36363636363636
43,1783,17,-16.1904761904762
43,1784,4,-25.4805194805195
43,1785,-34,-4.37345132743363
43,1786,20,-16.6046511627907
43,1787,150,116.082352941176
43,1788,393,291.547619047619
43,1789,1,-94.2380952380952
43,1790,-188,-201.755555555556
43,1791,-145,-150.772727272727
43,1792,-142,-81.8313253012048
43,1793,-77,-81.8313253012048
43,1794,-103,-43.96
43,1795,-71,-43.96
43,1796,-44,-16.6046511627907
43,1797,-21,-16.6046511627907
43,1798,-11,-4.37345132743363
43,1799,-2,-4.37345132743363
43,1800,26,-4.37345132743363
43,1801,11,71.7972027972028
43,1802,89,71.7972027972028
43,1803,-14,198.556195965418
43,1804,101,-4.37345132743363
43,1805,-27,5.6875
43,1806,58,-4.37345132743363
43,1807,64,-6
43,1808,-25,-16.1904761904762
43,1809,17,-4.37345132743363
43,1810,17,71.7972027972028
43,1811,143,40.7894736842105
43,1812,263,198.556195965418
43,1813,-90,-94.2380952380952
43,1814,-148,-148.75
43,1815,-122,-150.772727272727
43,1816,-84,-81.8313253012048
43,1817,-68,-43.96
43,1818,-26,-43.96
43,1819,-12,-4.37345132743363
43,1820,-64,-4.37345132743363
43,1821,-31,-16.6046511627907
43,1822,-64,-16.6046511627907
43,1823,-11,-16.6046511627907
43,1824,1,-4.37345132743363
43,1825,12,-4.37345132743363
43,1826,39,71.7972027972028
43,1827,100,71.7972027972028
43,1828,109,198.556195965418
43,1829,136,120.852459016393
43,1830,92,5.6875
43,1831,47,-39.4761904761905
43,1832,23,40.7894736842105
43,1833,-31,-25.4805194805195
43,1834,24,-43.96
43,1835,-31,-25.4805194805195
43,1836,-19,-43.96
43,1837,-212,-4.37345132743363
43,1838,-25,-81.8313253012048
43,1839,-115,-4.37345132743363
43,1840,-32,-81.8313253012048
43,1841,40,-16.6046511627907
43,1842,-5,71.7972027972028
43,1843,-43,-4.37345132743363
43,1844,-7,-43.96
43,1845,-27,-4.37345132743363
43,1846,-38,-4.37345132743363
43,1847,-38,-43.96
43,1848,0,-43.96
43,1849,6,-4.37345132743363
43,1850,23,-4.37345132743363
43,1851,80,71.7972027972028
43,1852,98,198.556195965418
43,1853,111,198.556195965418
43,1854,121,120.852459016393
43,1855,56,-6
43,1856,38,-6
43,1857,36,-25.4805194805195
43,1858,-2,-25.4805194805195
43,1859,-64,-4.37345132743363
43,1860,-8,-43.96
43,1861,-14,-4.37345132743363
43,1862,-26,-4.37345132743363
43,1863,-165,-4.37345132743363
43,1864,-80,-81.8313253012048
43,1865,-39,-16.6046511627907
43,1866,-71,-43.96
43,1867,-63,-43.96
43,1868,-33,-43.96
43,1869,-5,-16.6046511627907
43,1870,-3,-4.37345132743363
43,1871,5,-4.37345132743363
43,1872,25,-4.37345132743363
43,1873,123,71.7972027972028
43,1874,277,198.556195965418
43,1875,237,198.556195965418
43,1876,-368,-304.98275862069
43,1877,-106,-148.75
43,1878,46,29.6363636363636
43,1879,31,-25.4805194805195
43,1880,-22,-25.4805194805195
43,1881,-6,-4.37345132743363
43,1882,26,-4.37345132743363
43,1883,190,116.082352941176
43,1884,354,291.547619047619
43,1885,-6,-94.2380952380952
43,1886,-257,-201.755555555556
43,1887,-123,-150.772727272727
43,1888,-142,6.36363636363636
43,1889,-98,-81.8313253012048
43,1890,-64,-43.96
43,1891,-68,-43.96
43,1892,-33,-16.6046511627907
43,1893,-16,-16.6046511627907
43,1894,-8,-4.37345132743363
43,1895,2,-4.37345132743363
43,1896,31,-4.37345132743363
43,1897,28,71.7972027972028
43,1898,115,71.7972027972028
43,1899,439,198.556195965418
43,1900,-216,120.852459016393
43,1901,-194,-201.755555555556
43,1902,-12,29.6363636363636
43,1903,104,-4.37345132743363
43,1904,-14,-16.1904761904762
43,1905,-31,-4.37345132743363
43,1906,28,-16.6046511627907
43,1907,175,116.082352941176
43,1908,354,241.3
43,1909,42,-94.2380952380952
43,1910,-227,-215.627118644068
43,1911,-191,-150.772727272727
43,1912,-128,6.36363636363636
43,1913,-119,-81.8313253012048
43,1914,-22,-81.8313253012048
43,1915,-107,-4.37345132743363
43,1916,-23,-81.8313253012048
43,1917,-29,116.082352941176
43,1918,3,-4.37345132743363
43,1919,-7,-4.37345132743363
43,1920,35,-4.37345132743363
43,1921,133,71.7972027972028
43,1922,320,198.556195965418
43,1923,190,-94.2380952380952
43,1924,-315,-304.98275862069
43,1925,-134,-148.75
43,1926,2,6.36363636363636
43,1927,72,-4.37345132743363
43,1928,-13,-16.1904761904762
43,1929,-39,-4.37345132743363
43,1930,11,-16.6046511627907
43,1931,165,116.082352941176
43,1932,420,291.547619047619
43,1933,-3,-94.2380952380952
43,1934,-199,-201.755555555556
43,1935,-222,-150.772727272727
43,1936,-112,-81.8313253012048
43,1937,-89,-81.8313253012048
43,1938,-88,-43.96
43,1939,-62,-43.96
43,1940,-55,-16.6046511627907
43,1941,-6,-16.6046511627907
43,1942,-11,116.082352941176
43,1943,1,-4.37345132743363
43,1944,32,-4.37345132743363
43,1945,128,71.7972027972028
43,1946,299,198.556195965418
43,1947,218,198.556195965418
43,1948,-345,-304.98275862069
43,1949,-138,-148.75
43,1950,75,6.36363636363636
43,1951,69,-16.1904761904762
43,1952,-43,-16.1904761904762
43,1953,-52,-43.96
43,1954,12,-16.6046511627907
43,1955,159,116.082352941176
43,1956,478,291.547619047619
43,1957,-65,-94.2380952380952
43,1958,-155,-201.755555555556
43,1959,-163,-150.772727272727
43,1960,-158,-81.8313253012048
43,1961,-102,-81.8313253012048
43,1962,-28,-43.96
43,1963,-138,-4.37345132743363
43,1964,-34,-81.8313253012048
43,1965,-35,-16.6046511627907
43,1966,-13,-16.6046511627907
43,1967,3,-4.37345132743363
43,1968,27,-4.37345132743363
43,1969,121,71.7972027972028
43,1970,222,198.556195965418
43,1971,289,198.556195965418
43,1972,-290,-304.98275862069
43,1973,-147,-148.75
43,1974,72,29.6363636363636
43,1975,62,-16.1904761904762
43,1976,-8,-16.1904761904762
43,1977,-29,-4.37345132743363
43,1978,55,-4.37345132743363
43,1979,105,120.852459016393
43,1980,303,291.547619047619
43,1981,-122,-12.5
43,1982,-178,-148.75
43,1983,-132,-150.772727272727
43,1984,-104,-81.8313253012048
43,1985,-42,-81.8313253012048
43,1986,-92,-43.96
43,1987,-16,-16.6046511627907
43,1988,-13,-4.37345132743363
43,1989,-49,-4.37345132743363
43,1990,-13,-16.6046511627907
43,1991,-17,-4.37345132743363
43,1992,-4,-4.37345132743363
43,1993,18,-4.37345132743363
43,1994,37,71.7972027972028
43,1995,125,71.7972027972028
43,1996,103,198.556195965418
43,1997,188,120.852459016393
43,1998,56,120.852459016393
43,1999,118,-215.627118644068
43,2000,-10,-6
43,2001,-46,-4.37345132743363
43,2002,-2,-43.96
43,2003,45,-4.37345132743363
43,2004,-6,-25.4805194805195
43,2005,-81,-4.37345132743363
43,2006,-66,-43.96
43,2007,-147,-16.6046511627907
43,2008,-3,-81.8313253012048
43,2009,-77,-4.37345132743363
43,2010,-26,-43.96
43,2011,-48,-4.37345132743363
43,2012,-56,-16.6046511627907
43,2013,-12,-16.6046511627907
43,2014,-64,-4.37345132743363
43,2015,-29,-16.6046511627907
43,2016,-15,-4.37345132743363
43,2017,9,-4.37345132743363
43,2018,21,-4.37345132743363
43,2019,83,71.7972027972028
43,2020,146,198.556195965418
43,2021,155,120.852459016393
43,2022,-153,-232.744444444444
43,2023,26,-39.4761904761905
43,2024,-136,40.7894736842105
43,2025,-13,-81.8313253012048
43,2026,127,-4.37345132743363
43,2027,80,-16.1904761904762
43,2028,-13,3.4
43,2029,34,-4.37345132743363
43,2030,-36,40.7894736842105
43,2031,-67,-43.96
43,2032,-84,-43.96
43,2033,-134,-43.96
43,2034,-10,-81.8313253012048
43,2035,-20,-4.37345132743363
43,2036,-16,-4.37345132743363
43,2037,-5,-4.37345132743363
43,2038,-2,-4.37345132743363
43,2039,4,-4.37345132743363
43,2040,30,-4.37345132743363
43,2041,124,71.7972027972028
43,2042,281,198.556195965418
43,2043,213,198.556195965418
43,2044,-298,-304.98275862069
43,2045,-164,-148.75
43,2046,48,6.36363636363636
43,2047,41,-16.1904761904762
43,2048,9,-25.4805194805195
43,2049,-16,-4.37345132743363
43,2050,34,-4.37345132743363
43,2051,151,116.082352941176
43,2052,433,291.547619047619
43,2053,-78,-94.2380952380952
43,2054,-516,-201.755555555556
43,2055,-38,-150.772727272727
43,2056,-16,-43.96
43,2057,-84,-4.37345132743363
43,2058,-59,-43.96
43,2059,-43,-16.6046511627907
43,2060,-26,-16.6046511627907
43,2061,-25,116.082352941176
43,2062,-5,-4.37345132743363
43,2063,1,-4.37345132743363
43,2064,30,-4.37345132743363
43,2065,135,71.7972027972028
43,2066,350,198.556195965418
43,2067,204,-94.2380952380952
43,2068,-395,-304.98275862069
43,2069,-150,-148.75
43,2070,78,6.36363636363636
43,2071,49,-16.1904761904762
43,2072,26,-16.1904761904762
43,2073,-29,-25.4805194805195
43,2074,0,-4.37345132743363
43,2075,165,116.082352941176
43,2076,411,291.547619047619
43,2077,-253,-94.2380952380952
43,2078,-149,-201.755555555556
43,2079,-118,29.6363636363636
43,2080,-78,-81.8313253012048
43,2081,-48,-43.96
43,2082,-96,-43.96
43,2083,-81,-16.6046511627907
43,2084,-34,-16.6046511627907
43,2085,-4,-16.6046511627907
43,2086,-10,-4.37345132743363
43,2087,1,-4.37345132743363
43,2088,32,-4.37345132743363
43,2089,147,71.7972027972028
43,2090,366,198.556195965418
43,2091,187,-94.2380952380952
43,2092,-364,-304.98275862069
43,2093,-151,-148.75
43,2094,42,6.36363636363636
43,2095,45,40.7894736842105
43,2096,4,-25.4805194805195
43,2097,-50,-4.37345132743363
43,2098,50,-16.6046511627907
43,2099,144,120.852459016393
43,2100,323,291.547619047619
43,2101,-100,-94.2380952380952
43,2102,-103,-201.755555555556
43,2103,-189,-150.772727272727
43,2104,-40,-81.8313253012048
43,2105,-70,-43.96
43,2106,-141,-43.96
43,2107,-80,-81.8313253012048
43,2108,-35,-16.6046511627907
43,2109,-5,-16.6046511627907
43,2110,-11,-4.37345132743363
43,2111,-3,-4.37345132743363
43,2112,31,-4.37345132743363
43,2113,155,71.7972027972028
43,2114,289,198.556195965418
43,2115,226,-94.2380952380952
43,2116,-295,-304.98275862069
43,2117,-179,-148.75
43,2118,45,6.36363636363636
43,2119,54,40.7894736842105
43,2120,14,-16.1904761904762
43,2121,-41,-25.4805194805195
43,2122,0,-16.6046511627907
43,2123,160,116.082352941176
43,2124,355,291.547619047619
43,2125,121,-94.2380952380952
43,2126,-308,-215.627118644068
43,2127,-159,-150.772727272727
43,2128,-145,6.36363636363636
43,2129,-131,-81.8313253012048
43,2130,-41,-81.8313253012048
43,2131,-46,-43.96
43,2132,-69,-16.6046511627907
43,2133,-26,-16.6046511627907
43,2134,-8,-4.37345132743363
43,2135,0,-4.37345132743363
43,2136,30,-4.37345132743363
43,2137,113,71.7972027972028
43,2138,274,198.556195965418
43,2139,319,198.556195965418
43,2140,-355,-304.98275862069
43,2141,-127,-201.755555555556
43,2142,19,29.6363636363636
43,2143,90,40.7894736842105
43,2144,-20,-16.1904761904762
43,2145,-13,-4.37345132743363
43,2146,12,-4.37345132743363
43,2147,165,116.082352941176
43,2148,297,291.547619047619
43,2149,-76,-94.2380952380952
43,2150,-200,-148.75
43,2151,-173,-150.772727272727
43,2152,-57,-81.8313253012048
43,2153,-55,-43.96
43,2154,-73,-43.96
43,2155,-43,-16.6046511627907
43,2156,-20,-16.6046511627907
43,2157,-36,116.082352941176
43,2158,-41,-16.6046511627907
43,2159,-26,-16.6046511627907
43,2160,2,-4.37345132743363
43,2161,16,-4.37345132743363
43,2162,72,71.7972027972028
43,2163,60,158.126126126126
43,2164,126,158.126126126126
43,2165,154,120.852459016393
43,2166,15,120.852459016393
43,2167,127,-39.4761904761905
43,2168,-67,-6
43,2169,-35,-43.96
43,2170,-249,-43.96
43,2171,201,-81.8313253012048
43,2172,-31,-16.1904761904762
43,2173,-20,-148.75
43,2174,-29,-4.37345132743363
43,2175,-113,-4.37345132743363
43,2176,-33,-81.8313253012048
43,2177,-26,-43.96
43,2178,-24,-4.37345132743363
43,2179,-24,-4.37345132743363
43,2180,0,-4.37345132743363
43,2181,-18,-4.37345132743363
43,2182,-63,-4.37345132743363
43,2183,-37,-43.96
43,2184,0,-43.96
43,2185,5,-4.37345132743363
43,2186,13,-4.37345132743363
43,2187,99,71.7972027972028
43,2188,130,198.556195965418
43,2189,122,198.556195965418
43,2190,97,120.852459016393
43,2191,144,-144.576923076923
43,2192,-85,-6
43,2193,-164,-39.4761904761905
43,2194,14,-81.8313253012048
43,2195,-218,-25.4805194805195
43,2196,60,-81.8313253012048
43,2197,31,-16.1904761904762
43,2198,28,-25.4805194805195
43,2199,-81,146.772727272727
43,2200,-45,-43.96
43,2201,-52,-16.6046511627907
43,2202,-34,-43.96
43,2203,-48,-43.96
43,2204,-25,-43.96
43,2205,1,-4.37345132743363
43,2206,-4,-4.37345132743363
43,2207,8,-4.37345132743363
43,2208,24,-4.37345132743363
43,2209,109,71.7972027972028
43,2210,288,198.556195965418
43,2211,266,120.852459016393
43,2212,-357,-304.98275862069
43,2213,-136,-148.75
43,2214,23,29.6363636363636
43,2215,54,-25.4805194805195
43,2216,5,-16.1904761904762
43,2217,-42,-4.37345132743363
43,2218,36,-16.6046511627907
43,2219,162,116.082352941176
43,2220,401,291.547619047619
43,2221,-11,-94.2380952380952
43,2222,-261,-201.755555555556
43,2223,-157,-150.772727272727
43,2224,-138,6.36363636363636
43,2225,-117,-81.8313253012048
43,2226,-47,-81.8313253012048
43,2227,-76,-43.96
43,2228,-17,-16.6046511627907
43,2229,-6,116.082352941176
43,2230,-11,-4.37345132743363
43,2231,4,-4.37345132743363
43,2232,34,-4.37345132743363
43,2233,105,71.7972027972028
43,2234,122,198.556195965418
43,2235,424,198.556195965418
43,2236,-298,5.6875
43,2237,-191,-201.755555555556
43,2238,14,29.6363636363636
43,2239,79,-25.4805194805195
43,2240,-9,-16.1904761904762
43,2241,-37,-4.37345132743363
43,2242,66,-16.6046511627907
43,2243,163,120.852459016393
43,2244,384,291.547619047619
43,2245,-46,-232.744444444444
43,2246,-221,-201.755555555556
43,2247,-162,-150.772727272727
43,2248,-121,-81.8313253012048
43,2249,-98,-81.8313253012048
43,2250,-107,-43.96
43,2251,-62,-81.8313253012048
43,2252,-33,-16.6046511627907
43,2253,-8,-16.6046511627907
43,2254,3,-4.37345132743363
43,2255,1,-4.37345132743363
43,2256,30,-4.37345132743363
43,2257,141,71.7972027972028
43,2258,373,198.556195965418
43,2259,254,-94.2380952380952
43,2260,-460,-304.98275862069
43,2261,-170,-148.75
43,2262,75,29.6363636363636
43,2263,107,-16.1904761904762
43,2264,-60,-16.1904761904762
43,2265,1,-43.96
43,2266,37,-4.37345132743363
43,2267,155,116.082352941176
43,2268,377,291.547619047619
43,2269,-58,-94.2380952380952
43,2270,-169,-201.755555555556
43,2271,-216,-150.772727272727
43,2272,-114,-81.8313253012048
43,2273,-78,-81.8313253012048
43,2274,-78,-43.96
43,2275,-92,-16.6046511627907
43,2276,-42,-16.6046511627907
43,2277,-6,-16.6046511627907
43,2278,-12,116.082352941176
43,2279,3,-4.37345132743363
43,2280,27,-4.37345132743363
43,2281,128,71.7972027972028
43,2282,369,198.556195965418
43,2283,222,198.556195965418
43,2284,-358,-304.98275862069
43,2285,-162,-148.75
43,2286,42,6.36363636363636
43,2287,18,40.7894736842105
43,2288,-4,-25.4805194805195
43,2289,-17,-4.37345132743363
43,2290,65,-4.37345132743363
43,2291,144,120.852459016393
43,2292,362,291.547619047619
43,2293,9,-232.744444444444
43,2294,-243,-201.755555555556
43,2295,-139,-150.772727272727
43,2296,-164,6.36363636363636
43,2297,-16,-81.8313253012048
43,2298,-139,-4.37345132743363
43,2299,-70,-81.8313253012048
43,2300,-50,-16.6046511627907
43,2301,-12,-16.6046511627907
43,2302,-15,-4.37345132743363
43,2303,2,-4.37345132743363
43,2304,22,-4.37345132743363
43,2305,79,71.7972027972028
43,2306,313,198.556195965418
43,2307,269,198.556195965418
43,2308,-292,-304.98275862069
43,2309,-142,-148.75
43,2310,53,29.6363636363636
43,2311,101,-16.1904761904762
43,2312,-42,-16.1904761904762
43,2313,68,-43.96
43,2314,90,-12.5
43,2315,2,120.852459016393
43,2316,89,-4.37345132743363
43,2317,-71,-12.5
43,2318,-94,-16.6046511627907
43,2319,-96,-43.96
43,2320,-53,-43.96
43,2321,-26,-43.96
43,2322,-103,-4.37345132743363
43,2323,-6,-16.6046511627907
43,2324,-89,-4.37345132743363
43,2325,-10,-16.6046511627907
43,2326,-34,-4.37345132743363
43,2327,-23,-43.96
43,2328,10,-4.37345132743363
43,2329,14,71.7972027972028
43,2330,30,71.7972027972028
43,2331,96,71.7972027972028
43,2332,75,5.6875
43,2333,180,120.852459016393
43,2334,75,120.852459016393
43,2335,-21,-215.627118644068
43,2336,33,-4.37345132743363
43,2337,10,-25.4805194805195
43,2338,49,-25.4805194805195
43,2339,-101,-6
43,2340,1,-43.96
43,2341,-21,-4.37345132743363
43,2342,-50,-4.37345132743363
43,2343,-185,-43.96
43,2344,-103,-81.8313253012048
43,2345,-26,-16.6046511627907
43,2346,67,-4.37345132743363
43,2347,-46,186.954545454545
43,2348,-26,-16.6046511627907
43,2349,11,-4.37345132743363
43,2350,-42,71.7972027972028
43,2351,-20,-43.96
43,2352,-10,-4.37345132743363
43,2353,3,-4.37345132743363
43,2354,27,-4.37345132743363
43,2355,87,71.7972027972028
43,2356,103,3.4
43,2357,156,198.556195965418
43,2358,101,120.852459016393
43,2359,56,-39.4761904761905
43,2360,-52,-6
43,2361,-36,-43.96
43,2362,-102,-43.96
43,2363,119,-43.96
43,2364,29,-16.1904761904762
43,2365,-3,-25.4805194805195
43,2366,-208,-4.37345132743363
43,2367,-188,-81.8313253012048
43,2368,67,-81.8313253012048
43,2369,-5,158.126126126126
43,2370,-43,-4.37345132743363
43,2371,-19,-43.96
43,2372,-49,-4.37345132743363
43,2373,-15,-16.6046511627907
43,2374,-12,-4.37345132743363
43,2375,-17,-4.37345132743363
43,2376,-7,-4.37345132743363
43,2377,11,-4.37345132743363
43,2378,28,71.7972027972028
43,2379,84,71.7972027972028
43,2380,102,198.556195965418
43,2381,130,5.6875
43,2382,100,120.852459016393
43,2383,84,5.6875
43,2384,23,-6
43,2385,-54,-25.4805194805195
43,2386,-63,-43.96
43,2387,51,-43.96
43,2388,-2,-16.1904761904762
43,2389,-16,-4.37345132743363
43,2390,-108,-4.37345132743363
43,2391,-113,-81.8313253012048
43,2392,-77,-81.8313253012048
43,2393,-63,-43.96
43,2394,-51,-43.96
43,2395,-41,-43.96
43,2396,-5,-16.6046511627907
43,2397,-19,-4.37345132743363
43,2398,5,-4.37345132743363
43,2399,-2,-4.37345132743363
43,2400,30,-4.37345132743363
43,2401,134,71.7972027972028
43,2402,321,198.556195965418
43,2403,139,-94.2380952380952
43,2404,-309,-304.98275862069
43,2405,-151,-39.4761904761905
43,2406,26,6.36363636363636
43,2407,89,40.7894736842105
43,2408,-12,-16.1904761904762
43,2409,-1,-4.37345132743363
43,2410,18,-4.37345132743363
43,2411,166,116.082352941176
43,2412,398,291.547619047619
43,2413,-17,-94.2380952380952
43,2414,-287,-201.755555555556
43,2415,-167,-150.772727272727
43,2416,-117,6.36363636363636
43,2417,-89,-81.8313253012048
43,2418,-84,-43.96
43,2419,-58,-43.96
43,2420,-24,-16.6046511627907
43,2421,-4,116.082352941176
43,2422,-5,-4.37345132743363
43,2423,1,-4.37345132743363
43,2424,35,-4.37345132743363
43,2425,170,71.7972027972028
43,2426,290,198.556195965418
43,2427,225,-94.2380952380952
43,2428,-435,-304.98275862069
43,2429,-55,-148.75
43,2430,-18,-43.96
43,2431,49,-4.37345132743363
43,2432,-32,-16.1904761904762
43,2433,-23,-43.96
43,2434,34,-4.37345132743363
43,2435,185,116.082352941176
43,2436,433,291.547619047619
43,2437,-24,-94.2380952380952
43,2438,-177,-201.755555555556
43,2439,-250,-150.772727272727
43,2440,-116,-81.8313253012048
43,2441,-77,6.36363636363636
43,2442,-69,-43.96
43,2443,-85,-43.96
43,2444,-47,-16.6046511627907
43,2445,-10,-16.6046511627907
43,2446,1,116.082352941176
43,2447,-1,-4.37345132743363
43,2448,30,-4.37345132743363
43,2449,162,71.7972027972028
43,2450,282,198.556195965418
43,2451,164,-94.2380952380952
43,2452,-523,-304.98275862069
43,2453,-74,-39.4761904761905
43,2454,13,-43.96
43,2455,75,40.7894736842105
43,2456,54,-16.1904761904762
43,2457,25,-16.1904761904762
43,2458,54,-25.4805194805195
43,2459,146,120.852459016393
43,2460,392,291.547619047619
43,2461,27,-232.744444444444
43,2462,-277,-201.755555555556
43,2463,-152,-150.772727272727
43,2464,-134,6.36363636363636
43,2465,-55,-81.8313253012048
43,2466,-48,-43.96
43,2467,-73,-43.96
43,2468,-67,-16.6046511627907
43,2469,-18,-16.6046511627907
43,2470,-2,-4.37345132743363
43,2471,-1,-4.37345132743363
43,2472,32,-4.37345132743363
43,2473,100,71.7972027972028
43,2474,346,198.556195965418
43,2475,233,198.556195965418
43,2476,-375,-304.98275862069
43,2477,-120,-148.75
43,2478,72,6.36363636363636
43,2479,27,-16.1904761904762
43,2480,31,-25.4805194805195
43,2481,-101,-25.4805194805195
43,2482,78,-16.6046511627907
43,2483,139,120.852459016393
43,2484,302,291.547619047619
43,2485,20,-232.744444444444
43,2486,-224,-148.75
43,2487,-177,-150.772727272727
43,2488,-90,-81.8313253012048
43,2489,-2,-43.96
43,2490,-51,-4.37345132743363
43,2491,-98,-43.96
43,2492,-33,-16.6046511627907
43,2493,-40,-16.6046511627907
43,2494,-34,-16.6046511627907
43,2495,-32,-43.96
43,2496,4,-16.6046511627907
43,2497,19,-4.37345132743363
43,2498,48,71.7972027972028
43,2499,148,158.126126126126
43,2500,118,198.556195965418
43,2501,74,-123.206896551724
43,2502,156,120.852459016393
43,2503,116,-6
43,2504,-26,-39.4761904761905
43,2505,-42,-4.37345132743363
43,2506,-114,-43.96
43,2507,-398,-81.8313253012048
43,2508,57,-81.8313253012048
43,2509,-4,-16.1904761904762
43,2510,48,-4.37345132743363
43,2511,-21,158.126126126126
43,2512,-13,-4.37345132743363
43,2513,13,-4.37345132743363
43,2514,-61,116.082352941176
43,2515,-9,-43.96
43,2516,0,-4.37345132743363
43,2517,-28,-4.37345132743363
43,2518,-50,-4.37345132743363
43,2519,-18,-43.96
43,2520,27,-4.37345132743363
43,2521,-20,71.7972027972028
43,2522,35,-4.37345132743363
43,2523,100,71.7972027972028
43,2524,129,120.852459016393
43,2525,196,198.556195965418
43,2526,90,120.852459016393
43,2527,172,-215.627118644068
43,2528,-28,120.852459016393
43,2529,-82,-39.4761904761905
43,2530,49,-43.96
43,2531,5,-16.1904761904762
43,2532,-30,-4.37345132743363
43,2533,-111,-4.37345132743363
43,2534,-64,-81.8313253012048
43,2535,-140,-16.6046511627907
43,2536,-150,-81.8313253012048
43,2537,-17,-81.8313253012048
43,2538,-97,-4.37345132743363
43,2539,-51,-16.6046511627907
43,2540,-23,-16.6046511627907
43,2541,-1,-4.37345132743363
43,2542,-5,-4.37345132743363
43,2543,-7,-4.37345132743363
43,2544,35,-4.37345132743363
43,2545,140,71.7972027972028
43,2546,267,198.556195965418
43,2547,283,-94.2380952380952
43,2548,-369,-304.98275862069
43,2549,-151,-148.75
43,2550,26,29.6363636363636
43,2551,96,40.7894736842105
43,2552,-9,-16.1904761904762
43,2553,17,-4.37345132743363
43,2554,6,-25.4805194805195
43,2555,142,116.082352941176
43,2556,383,291.547619047619
43,2557,97,-94.2380952380952
43,2558,-335,-215.627118644068
43,2559,-243,-150.772727272727
43,2560,-105,6.36363636363636
43,2561,-126,6.36363636363636
43,2562,-66,-81.8313253012048
43,2563,-61,-43.96
43,2564,-22,-16.6046511627907
43,2565,-4,116.082352941176
43,2566,2,116.082352941176
43,2567,1,-4.37345132743363
43,2568,35,-4.37345132743363
43,2569,167,71.7972027972028
43,2570,385,198.556195965418
43,2571,154,-94.2380952380952
43,2572,-392,-304.98275862069
43,2573,-162,-39.4761904761905
43,2574,51,6.36363636363636
43,2575,69,-16.1904761904762
43,2576,12,-16.1904761904762
43,2577,-73,-25.4805194805195
43,2578,71,-16.6046511627907
43,2579,210,120.852459016393
43,2580,434,291.547619047619
43,2581,-93,-304.98275862069
43,2582,-281,-201.755555555556
43,2583,-135,-150.772727272727
43,2584,-151,6.36363636363636
43,2585,-94,-81.8313253012048
43,2586,-107,-43.96
43,2587,-60,-81.8313253012048
43,2588,-28,-16.6046511627907
43,2589,-10,116.082352941176
43,2590,-4,-4.37345132743363
43,2591,-2,-4.37345132743363
43,2592,43,-4.37345132743363
43,2593,157,71.7972027972028
43,2594,352,198.556195965418
43,2595,213,-94.2380952380952
43,2596,-442,-304.98275862069
43,2597,-123,-148.75
43,2598,27,6.36363636363636
43,2599,120,40.7894736842105
43,2600,-29,-16.1904761904762
43,2601,-45,-4.37345132743363
43,2602,40,-16.6046511627907
43,2603,191,116.082352941176
43,2604,416,291.547619047619
43,2605,52,-94.2380952380952
43,2606,-342,-215.627118644068
43,2607,-165,-150.772727272727
43,2608,-164,6.36363636363636
43,2609,-94,-81.8313253012048
43,2610,-85,-43.96
43,2611,-70,-43.96
43,2612,-29,-16.6046511627907
43,2613,-19,116.082352941176
43,2614,2,-4.37345132743363
43,2615,-5,-4.37345132743363
43,2616,51,-4.37345132743363
43,2617,138,158.126126126126
43,2618,376,198.556195965418
43,2619,187,-94.2380952380952
43,2620,-420,-304.98275862069
43,2621,-126,-148.75
43,2622,42,6.36363636363636
43,2623,43,40.7894736842105
43,2624,-14,-25.4805194805195
43,2625,-9,-4.37345132743363
43,2626,78,-4.37345132743363
43,2627,139,120.852459016393
43,2628,393,291.547619047619
43,2629,-32,-232.744444444444
43,2630,-178,-201.755555555556
43,2631,-211,-150.772727272727
43,2632,-146,-81.8313253012048
43,2633,-66,-81.8313253012048
43,2634,-81,-43.96
43,2635,-83,-16.6046511627907
43,2636,-46,-16.6046511627907
43,2637,-11,-16.6046511627907
43,2638,-16,116.082352941176
43,2639,-2,-4.37345132743363
43,2640,29,-4.37345132743363
43,2641,111,71.7972027972028
43,2642,302,198.556195965418
43,2643,312,198.556195965418
43,2644,-419,-304.98275862069
43,2645,-101,-201.755555555556
43,2646,34,29.6363636363636
43,2647,129,40.7894736842105
43,2648,-1,-16.1904761904762
43,2649,-37,-4.37345132743363
43,2650,-4,-16.6046511627907
43,2651,196,116.082352941176
43,2652,331,291.547619047619
43,2653,-86,-94.2380952380952
43,2654,-229,-201.755555555556
43,2655,-175,-150.772727272727
43,2656,-92,6.36363636363636
43,2657,-83,-43.96
43,2658,-34,-43.96
43,2659,12,-16.6046511627907
43,2660,-98,146.772727272727
43,2661,-16,-16.6046511627907
43,2662,-56,-4.37345132743363
43,2663,-31,-16.6046511627907
43,2664,10,-16.6046511627907
43,2665,17,71.7972027972028
43,2666,40,40.7894736842105
43,2667,139,71.7972027972028
43,2668,130,120.852459016393
43,2669,100,-94.2380952380952
43,2670,185,120.852459016393
43,2671,79,-6
43,2672,-2,-215.627118644068
43,2673,11,-4.37345132743363
43,2674,-61,-25.4805194805195
43,2675,129,-43.96
43,2676,-54,-16.1904761904762
43,2677,-115,-43.96
43,2678,-136,-81.8313253012048
43,2679,-148,-81.8313253012048
43,2680,-34,-81.8313253012048
43,2681,-17,-43.96
43,2682,-50,-4.37345132743363
43,2683,-78,-16.6046511627907
43,2684,-34,-16.6046511627907
43,2685,-28,-16.6046511627907
43,2686,-41,-4.37345132743363
43,2687,-40,-43.96
43,2688,5,-16.6046511627907
43,2689,22,-4.37345132743363
43,2690,36,71.7972027972028
43,2691,57,71.7972027972028
43,2692,168,158.126126126126
43,2693,194,120.852459016393
43,2694,69,-232.744444444444
43,2695,97,-215.627118644068
43,2696,38,-6
43,2697,-59,-25.4805194805195
43,2698,-78,-43.96
43,2699,39,-43.96
43,2700,-26,-25.4805194805195
43,2701,-89,-4.37345132743363
43,2702,-78,-43.96
43,2703,-79,-16.6046511627907
43,2704,-133,-16.6046511627907
43,2705,-64,-81.8313253012048
43,2706,-33,-43.96
43,2707,-49,-16.6046511627907
43,2708,-24,-16.6046511627907
43,2709,-8,-4.37345132743363
43,2710,-6,-4.37345132743363
43,2711,4,-4.37345132743363
43,2712,34,-4.37345132743363
43,2713,119,71.7972027972028
43,2714,328,198.556195965418
43,2715,191,198.556195965418
43,2716,-384,-304.98275862069
43,2717,-97,-148.75
43,2718,50,-43.96
43,2719,43,-16.1904761904762
43,2720,48,-25.4805194805195
43,2721,-11,-12.5
43,2722,6,-4.37345132743363
43,2723,115,116.082352941176
43,2724,389,291.547619047619
43,2725,-68,-16.1904761904762
43,2726,-288,-201.755555555556
43,2727,-146,-150.772727272727
43,2728,-107,6.36363636363636
43,2729,-104,-81.8313253012048
43,2730,-59,-81.8313253012048
43,2731,-57,-16.6046511627907
43,2732,-8,-16.6046511627907
43,2733,-1,116.082352941176
43,2734,2,-4.37345132743363
43,2735,1,-4.37345132743363
43,2736,41,-4.37345132743363
43,2737,119,71.7972027972028
43,2738,189,198.556195965418
43,2739,316,198.556195965418
43,2740,-379,-232.744444444444
43,2741,-133,-201.755555555556
43,2742,-9,29.6363636363636
43,2743,-63,-4.37345132743363
43,2744,26,-43.96
43,2745,29,-25.4805194805195
43,2746,-107,-25.4805194805195
43,2747,105,-81.8313253012048
43,2748,197,291.547619047619
43,2749,-57,5.6875
43,2750,43,-148.75
43,2751,-34,40.7894736842105
43,2752,-83,-16.6046511627907
43,2753,-56,-43.96
43,2754,-73,-43.96
43,2755,-52,-16.6046511627907
43,2756,-14,-43.96
43,2757,-9,-4.37345132743363
43,2758,2,-4.37345132743363
43,2759,5,-4.37345132743363
43,2760,46,-4.37345132743363
43,2761,116,71.7972027972028
43,2762,373,198.556195965418
43,2763,252,198.556195965418
43,2764,-435,-304.98275862069
43,2765,-170,-148.75
43,2766,55,29.6363636363636
43,2767,66,-16.1904761904762
43,2768,-24,-16.1904761904762
43,2769,-3,-4.37345132743363
43,2770,25,-4.37345132743363
43,2771,155,116.082352941176
43,2772,420,291.547619047619
43,2773,6,-94.2380952380952
43,2774,-281,-201.755555555556
43,2775,-202,-150.772727272727
43,2776,-60,6.36363636363636
43,2777,-120,-43.96
43,2778,-106,-81.8313253012048
43,2779,-65,-81.8313253012048
43,2780,-40,-16.6046511627907
43,2781,-7,-16.6046511627907
43,2782,-5,116.082352941176
43,2783,0,-4.37345132743363
43,2784,50,-4.37345132743363
43,2785,114,158.126126126126
43,2786,364,198.556195965418
43,2787,256,198.556195965418
43,2788,-435,-304.98275862069
43,2789,-165,-148.75
43,2790,53,29.6363636363636
43,2791,47,-16.1904761904762
43,2792,46,-25.4805194805195
43,2793,-38,-25.4805194805195
43,2794,-7,-16.6046511627907
43,2795,166,116.082352941176
43,2796,519,291.547619047619
43,2797,-76,-94.2380952380952
43,2798,-297,-201.755555555556
43,2799,-186,-150.772727272727
43,2800,-143,6.36363636363636
43,2801,13,-81.8313253012048
43,2802,-133,40.7894736842105
43,2803,-88,-81.8313253012048
43,2804,-17,-16.6046511627907
43,2805,-35,116.082352941176
43,2806,-2,-16.6046511627907
43,2807,-2,-4.37345132743363
43,2808,39,-4.37345132743363
43,2809,116,71.7972027972028
43,2810,338,198.556195965418
43,2811,254,198.556195965418
43,2812,-374,-304.98275862069
43,2813,-158,-148.75
43,2814,96,29.6363636363636
43,2815,68,-16.1904761904762
43,2816,32,-16.1904761904762
43,2817,-9,-25.4805194805195
43,2818,11,-4.37345132743363
43,2819,144,116.082352941176
43,2820,279,291.547619047619
43,2821,-41,-94.2380952380952
43,2822,-217,-148.75
43,2823,-219,-150.772727272727
43,2824,-57,-81.8313253012048
43,2825,-17,-43.96
43,2826,-109,-4.37345132743363
43,2827,-14,-81.8313253012048
43,2828,-48,-4.37345132743363
43,2829,-41,-16.6046511627907
43,2830,-38,-16.6046511627907
43,2831,-30,-43.96
43,2832,2,-4.37345132743363
43,2833,24,-4.37345132743363
43,2834,36,71.7972027972028
43,2835,141,71.7972027972028
43,2836,159,198.556195965418
43,2837,97,-94.2380952380952
43,2838,152,-39.4761904761905
43,2839,62,-6
43,2840,19,-39.4761904761905
43,2841,-53,-25.4805194805195
43,2842,96,-43.96
43,2843,-70,-16.1904761904762
43,2844,-34,-43.96
43,2845,-48,-43.96
43,2846,-191,-43.96
43,2847,-82,-81.8313253012048
43,2848,-64,-43.96
43,2849,-22,-16.6046511627907
43,2850,-68,-4.37345132743363
43,2851,9,-16.6046511627907
43,2852,-38,-4.37345132743363
43,2853,-47,-16.6046511627907
43,2854,-41,-16.6046511627907
43,2855,-44,-43.96
43,2856,-4,-16.6046511627907
43,2857,10,-4.37345132743363
43,2858,41,40.7894736842105
43,2859,118,71.7972027972028
43,2860,101,198.556195965418
43,2861,213,120.852459016393
43,2862,81,120.852459016393
43,2863,206,-215.627118644068
43,2864,-74,-6
43,2865,-36,-148.75
43,2866,-26,-43.96
43,2867,51,-4.37345132743363
43,2868,32,-16.1904761904762
43,2869,-183,-25.4805194805195
43,2870,-127,-81.8313253012048
43,2871,-161,-81.8313253012048
43,2872,-56,-81.8313253012048
43,2873,-58,-43.96
43,2874,-38,-43.96
43,2875,-36,-16.6046511627907
43,2876,-46,-16.6046511627907
43,2877,-10,-16.6046511627907
43,2878,-3,-4.37345132743363
43,2879,3,-4.37345132743363
43,2880,29,-4.37345132743363
43,2881,131,71.7972027972028
43,2882,362,198.556195965418
43,2883,220,-94.2380952380952
43,2884,-422,-304.98275862069
43,2885,-130,-148.75
43,2886,40,6.36363636363636
43,2887,104,40.7894736842105
43,2888,-14,-16.1904761904762
43,2889,-25,-4.37345132743363
43,2890,-3,-4.37345132743363
43,2891,216,116.082352941176
43,2892,382,291.547619047619
43,2893,-45,-94.2380952380952
43,2894,-263,-201.755555555556
43,2895,-158,-150.772727272727
43,2896,-176,6.36363636363636
43,2897,-84,-81.8313253012048
43,2898,-78,-43.96
43,2899,-30,-16.6046511627907
43,2900,-51,-4.37345132743363
43,2901,1,-16.6046511627907
43,2902,-9,-4.37345132743363
43,2903,4,-4.37345132743363
43,2904,38,-4.37345132743363
43,2905,147,71.7972027972028
43,2906,362,198.556195965418
43,2907,249,-94.2380952380952
43,2908,-396,-304.98275862069
43,2909,-239,-148.75
43,2910,48,29.6363636363636
43,2911,84,-16.1904761904762
43,2912,3,-16.1904761904762
43,2913,-12,-4.37345132743363
43,2914,10,-4.37345132743363
43,2915,192,116.082352941176
43,2916,472,291.547619047619
43,2917,-145,-94.2380952380952
43,2918,-283,-201.755555555556
43,2919,-114,-150.772727272727
43,2920,-128,6.36363636363636
43,2921,-109,-81.8313253012048
43,2922,-90,-81.8313253012048
43,2923,-58,-16.6046511627907
43,2924,-11,-16.6046511627907
43,2925,-12,116.082352941176
43,2926,-7,-4.37345132743363
43,2927,4,-4.37345132743363
43,2928,22,-4.37345132743363
43,2929,146,71.7972027972028
43,2930,350,198.556195965418
43,2931,306,-94.2380952380952
43,2932,-504,-304.98275862069
43,2933,-149,-148.75
43,2934,42,29.6363636363636
43,2935,89,-25.4805194805195
43,2936,24,-16.1904761904762
43,2937,-63,-25.4805194805195
43,2938,23,-16.6046511627907
43,2939,168,116.082352941176
43,2940,485,291.547619047619
43,2941,-69,-94.2380952380952
43,2942,-257,-201.755555555556
43,2943,-193,-150.772727272727
43,2944,-74,6.36363636363636
43,2945,-145,-43.96
43,2946,-100,-81.8313253012048
43,2947,-50,-16.6046511627907
43,2948,-44,-16.6046511627907
43,2949,-5,-16.6046511627907
43,2950,-9,-4.37345132743363
43,2951,1,-4.37345132743363
43,2952,58,-4.37345132743363
43,2953,103,158.126126126126
43,2954,389,198.556195965418
43,2955,236,198.556195965418
43,2956,-459,-304.98275862069
43,2957,-127,-148.75
43,2958,86,6.36363636363636
43,2959,41,-16.1904761904762
43,2960,-9,-25.4805194805195
43,2961,-68,-4.37345132743363
43,2962,38,-16.6046511627907
43,2963,176,116.082352941176
43,2964,433,291.547619047619
43,2965,-6,-94.2380952380952
43,2966,-340,-201.755555555556
43,2967,-102,-150.772727272727
43,2968,-204,-43.96
43,2969,-206,-81.8313253012048
43,2970,-2,-81.8313253012048
43,2971,-28,-4.37345132743363
43,2972,-4,-4.37345132743363
43,2973,-3,116.082352941176
43,2974,-3,-4.37345132743363
43,2975,5,116.082352941176
43,2976,26,116.082352941176
43,2977,100,71.7972027972028
43,2978,256,198.556195965418
43,2979,311,186.954545454545
43,2980,-279,-304.98275862069
43,2981,-181,-201.755555555556
43,2982,116,29.6363636363636
43,2983,19,-16.1904761904762
43,2984,30,-25.4805194805195
43,2985,-11,-25.4805194805195
43,2986,-7,-4.37345132743363
43,2987,110,116.082352941176
43,2988,306,291.547619047619
43,2989,-141,-16.1904761904762
43,2990,-159,-148.75
43,2991,-172,-150.772727272727
43,2992,-99,-81.8313253012048
43,2993,-17,-43.96
43,2994,-30,-4.37345132743363
43,2995,-41,-4.37345132743363
43,2996,-48,-16.6046511627907
43,2997,-9,-16.6046511627907
43,2998,-63,-4.37345132743363
43,2999,-15,-43.96
43,3000,1,-4.37345132743363
43,3001,22,-4.37345132743363
43,3002,36,71.7972027972028
43,3003,138,71.7972027972028
43,3004,121,198.556195965418
43,3005,140,-123.206896551724
43,3006,191,120.852459016393
43,3007,19,-232.744444444444
43,3008,4,-148.75
43,3009,64,-4.37345132743363
43,3010,-23,-16.1904761904762
43,3011,-5,-4.37345132743363
43,3012,-10,-4.37345132743363
43,3013,-118,-4.37345132743363
43,3014,-124,-81.8313253012048
43,3015,-155,-81.8313253012048
43,3016,-23,-81.8313253012048
43,3017,-71,-4.37345132743363
43,3018,-25,-43.96
43,3019,-49,-4.37345132743363
43,3020,-31,-16.6046511627907
43,3021,-24,-16.6046511627907
43,3022,-34,-4.37345132743363
43,3023,-51,-16.6046511627907
43,3024,3,-43.96
43,3025,12,-4.37345132743363
43,3026,35,71.7972027972028
43,3027,87,71.7972027972028
43,3028,141,198.556195965418
43,3029,194,120.852459016393
43,3030,112,-232.744444444444
43,3031,89,-215.627118644068
43,3032,-86,-6
43,3033,18,-43.96
43,3034,37,-25.4805194805195
43,3035,-1,-25.4805194805195
43,3036,-73,-4.37345132743363
43,3037,-174,-43.96
43,3038,-144,-81.8313253012048
43,3039,-63,-81.8313253012048
43,3040,-71,-43.96
43,3041,-32,-43.96
43,3042,-34,-16.6046511627907
43,3043,-12,-16.6046511627907
43,3044,-27,-4.37345132743363
43,3045,-6,-4.37345132743363
43,3046,-5,-4.37345132743363
43,3047,3,-4.37345132743363
43,3048,26,-4.37345132743363
43,3049,119,71.7972027972028
43,3050,328,198.556195965418
43,3051,301,198.556195965418
43,3052,-444,-304.98275862069
43,3053,-161,-148.75
43,3054,93,29.6363636363636
43,3055,51,-16.1904761904762
43,3056,-18,-16.1904761904762
43,3057,-61,-4.37345132743363
43,3058,85,-16.6046511627907
43,3059,130,120.852459016393
43,3060,397,291.547619047619
43,3061,-243,-12.5
43,3062,-97,-201.755555555556
43,3063,-254,29.6363636363636
43,3064,-44,-81.8313253012048
43,3065,-11,-43.96
43,3066,-102,-4.37345132743363
43,3067,-74,-16.6046511627907
43,3068,-20,-16.6046511627907
43,3069,-9,-4.37345132743363
43,3070,3,116.082352941176
43,3071,5,-4.37345132743363
43,3072,33,-4.37345132743363
43,3073,136,71.7972027972028
43,3074,81,198.556195965418
43,3075,-126,-123.206896551724
43,3076,-48,-81.8313253012048
43,3077,-41,-43.96
43,3078,54,-43.96
43,3079,5,-16.1904761904762
43,3080,50,-4.37345132743363
43,3081,9,-12.5
43,3082,46,-4.37345132743363
43,3083,165,71.7972027972028
43,3084,341,120.852459016393
43,3085,-28,-94.2380952380952
43,3086,-292,-201.755555555556
43,3087,-89,-150.772727272727
43,3088,-17,-43.96
43,3089,-49,-4.37345132743363
43,3090,-142,-43.96
43,3091,-46,-81.8313253012048
43,3092,-33,-16.6046511627907
43,3093,-10,-16.6046511627907
43,3094,-2,-4.37345132743363
43,3095,4,-4.37345132743363
43,3096,23,-4.37345132743363
43,3097,143,71.7972027972028
43,3098,338,198.556195965418
43,3099,294,-94.2380952380952
43,3100,-447,-304.98275862069
43,3101,-187,-148.75
43,3102,55,29.6363636363636
43,3103,128,-16.1904761904762
43,3104,-79,-16.1904761904762
43,3105,-28,-43.96
43,3106,68,-4.37345132743363
43,3107,159,120.852459016393
43,3108,439,291.547619047619
43,3109,-107,-232.744444444444
43,3110,-217,-201.755555555556
43,3111,-96,-150.772727272727
43,3112,-288,-43.96
43,3113,32,-81.8313253012048
43,3114,-21,-25.4805194805195
43,3115,-144,-4.37345132743363
43,3116,-51,-81.8313253012048
43,3117,-12,-16.6046511627907
43,3118,-2,-4.37345132743363
43,3119,-1,116.082352941176
43,3120,29,-4.37345132743363
43,3121,94,71.7972027972028
43,3122,258,198.556195965418
43,3123,347,198.556195965418
43,3124,-379,-304.98275862069
43,3125,-182,-201.755555555556
43,3126,37,29.6363636363636
43,3127,74,40.7894736842105
43,3128,6,-16.1904761904762
43,3129,-27,-4.37345132743363
43,3130,58,-4.37345132743363
43,3131,172,120.852459016393
43,3132,404,291.547619047619
43,3133,-14,-232.744444444444
43,3134,-353,-201.755555555556
43,3135,-93,-150.772727272727
43,3136,-120,-43.96
43,3137,-89,-81.8313253012048
43,3138,-77,-43.96
43,3139,-53,-43.96
43,3140,-56,-16.6046511627907
43,3141,-35,-16.6046511627907
43,3142,5,-16.6046511627907
43,3143,-5,-4.37345132743363
43,3144,30,-4.37345132743363
43,3145,96,71.7972027972028
43,3146,291,198.556195965418
43,3147,357,198.556195965418
43,3148,-401,-304.98275862069
43,3149,-124,-201.755555555556
43,3150,44,29.6363636363636
43,3151,164,40.7894736842105
43,3152,-44,-16.1904761904762
43,3153,-24,-123.206896551724
43,3154,70,-4.37345132743363
43,3155,164,120.852459016393
43,3156,266,291.547619047619
43,3157,-139,-232.744444444444
43,3158,-261,-148.75
43,3159,-128,-150.772727272727
43,3160,-105,6.36363636363636
43,3161,-3,-81.8313253012048
43,3162,-93,-4.37345132743363
43,3163,20,-16.6046511627907
43,3164,-50,146.772727272727
43,3165,-66,-16.6046511627907
43,3166,-19,-16.6046511627907
43,3167,-45,-4.37345132743363
43,3168,-1,-16.6046511627907
43,3169,20,-4.37345132743363
43,3170,54,40.7894736842105
43,3171,122,158.126126126126
43,3172,189,198.556195965418
43,3173,144,120.852459016393
43,3174,108,-232.744444444444
43,3175,96,-39.4761904761905
43,3176,-33,-6
43,3177,-134,-43.96
43,3178,44,-81.8313253012048
43,3179,39,-25.4805194805195
43,3180,-49,-25.4805194805195
43,3181,-115,-43.96
43,3182,-154,-81.8313253012048
43,3183,-94,-81.8313253012048
43,3184,-32,-43.96
43,3185,-30,-43.96
43,3186,-6,-4.37345132743363
43,3187,-52,-4.37345132743363
43,3188,-18,-16.6046511627907
43,3189,-35,-4.37345132743363
43,3190,-52,-16.6046511627907
43,3191,-11,-16.6046511627907
43,3192,-1,-4.37345132743363
43,3193,13,-4.37345132743363
43,3194,12,71.7972027972028
43,3195,27,71.7972027972028
43,3196,24,71.7972027972028
43,3197,99,71.7972027972028
43,3198,151,5.6875
43,3199,56,-16.1904761904762
43,3200,-72,-39.4761904761905
43,3201,-6,-43.96
43,3202,-8,-4.37345132743363
43,3203,27,-4.37345132743363
43,3204,-176,-25.4805194805195
43,3205,-51,-81.8313253012048
43,3206,8,-16.6046511627907
43,3207,2,-4.37345132743363
43,3208,-3,-4.37345132743363
43,3209,-34,-4.37345132743363
43,3210,1,-16.6046511627907
43,3211,-29,-4.37345132743363
43,3212,-14,-4.37345132743363
43,3213,-22,-4.37345132743363
43,3214,-5,-4.37345132743363
43,3215,-3,-4.37345132743363
43,3216,12,-4.37345132743363
43,3217,40,40.7894736842105
43,3218,95,71.7972027972028
43,3219,243,198.556195965418
43,3220,-65,120.852459016393
43,3221,-34,-148.75
43,3222,10,-150.772727272727
43,3223,33,40.7894736842105
43,3224,64,-25.4805194805195
43,3225,15,-16.1904761904762
43,3226,-50,-25.4805194805195
43,3227,7,-16.6046511627907
43,3228,120,-4.37345132743363
43,3229,-41,-16.1904761904762
43,3230,-85,-43.96
43,3231,-144,-43.96
43,3232,-76,-81.8313253012048
43,3233,-44,-43.96
43,3234,-38,-43.96
43,3235,-38,-16.6046511627907
43,3236,-18,-16.6046511627907
43,3237,-6,-4.37345132743363
43,3238,-4,-4.37345132743363
43,3239,4,-4.37345132743363
43,3240,12,-4.37345132743363
43,3241,124,71.7972027972028
43,3242,219,198.556195965418
43,3243,351,198.556195965418
43,3244,-331,-304.98275862069
43,3245,-218,-201.755555555556
43,3246,29,29.6363636363636
43,3247,67,-25.4805194805195
43,3248,-22,-16.1904761904762
43,3249,6,-4.37345132743363
43,3250,10,-4.37345132743363
43,3251,170,116.082352941176
43,3252,382,291.547619047619
43,3253,-22,-94.2380952380952
43,3254,-270,-201.755555555556
43,3255,-154,-150.772727272727
43,3256,-135,6.36363636363636
43,3257,-63,-81.8313253012048
43,3258,-78,-43.96
43,3259,-51,-43.96
43,3260,-25,-16.6046511627907
43,3261,0,116.082352941176
43,3262,-2,-4.37345132743363
43,3263,0,-4.37345132743363
43,3264,34,-4.37345132743363
43,3265,135,71.7972027972028
43,3266,332,198.556195965418
43,3267,332,-94.2380952380952
43,3268,-473,-304.98275862069
43,3269,-149,-201.755555555556
43,3270,74,29.6363636363636
43,3271,99,-16.1904761904762
43,3272,-93,-16.1904761904762
43,3273,-26,-43.96
43,3274,48,-4.37345132743363
43,3275,247,120.852459016393
43,3276,382,291.547619047619
43,3277,-104,-94.2380952380952
43,3278,-278,-201.755555555556
43,3279,-174,-150.772727272727
43,3280,-123,6.36363636363636
43,3281,-72,-81.8313253012048
43,3282,-61,-43.96
43,3283,-94,-16.6046511627907
43,3284,-31,-16.6046511627907
43,3285,0,-16.6046511627907
43,3286,-8,-4.37345132743363
43,3287,7,-4.37345132743363
43,3288,32,-4.37345132743363
43,3289,117,71.7972027972028
43,3290,319,198.556195965418
43,3291,320,198.556195965418
43,3292,-443,-304.98275862069
43,3293,-151,-201.755555555556
43,3294,47,29.6363636363636
43,3295,75,-25.4805194805195
43,3296,-35,-16.1904761904762
43,3297,57,-43.96
43,3298,112,-12.5
43,3299,21,120.852459016393
43,3300,346,146.772727272727
43,3301,-135,-12.5
43,3302,51,-201.755555555556
43,3303,-328,120.852459016393
43,3304,-155,-81.8313253012048
43,3305,-83,6.36363636363636
43,3306,9,-43.96
43,3307,-118,-4.37345132743363
43,3308,-31,-81.8313253012048
43,3309,-21,-16.6046511627907
43,3310,-10,116.082352941176
43,3311,2,-4.37345132743363
43,3312,27,-4.37345132743363
43,3313,108,40.7894736842105
43,3314,249,198.556195965418
43,3315,353,198.556195965418
43,3316,-345,-304.98275862069
43,3317,-125,-201.755555555556
43,3318,38,29.6363636363636
43,3319,74,40.7894736842105
43,3320,-6,-16.1904761904762
43,3321,-10,-4.37345132743363
43,3322,84,-4.37345132743363
43,3323,65,120.852459016393
43,3324,317,291.547619047619
43,3325,-195,-12.5
43,3326,-149,-201.755555555556
43,3327,-185,-150.772727272727
43,3328,-118,-81.8313253012048
43,3329,-30,-81.8313253012048
43,3330,-60,-4.37345132743363
43,3331,149,-16.6046511627907
43,3332,-103,198.556195965418
43,3333,-79,-123.206896551724
43,3334,-52,-16.6046511627907
43,3335,-4,-16.6046511627907
43,3336,0,-4.37345132743363
43,3337,17,-4.37345132743363
43,3338,42,40.7894736842105
43,3339,104,71.7972027972028
43,3340,92,198.556195965418
43,3341,81,120.852459016393
43,3342,180,-6
43,3343,46,-6
43,3344,97,-215.627118644068
43,3345,-73,-6
43,3346,18,-43.96
43,3347,22,-25.4805194805195
43,3348,-109,-25.4805194805195
43,3349,-55,-81.8313253012048
43,3350,-141,-43.96
43,3351,-77,-81.8313253012048
43,3352,-51,-43.96
43,3353,-15,-43.96
43,3354,-64,-4.37345132743363
43,3355,-14,-16.6046511627907
43,3356,1,-4.37345132743363
43,3357,-46,-4.37345132743363
43,3358,-38,-16.6046511627907
43,3359,-16,-43.96
43,3360,-1,-4.37345132743363
43,3361,13,-4.37345132743363
43,3362,27,71.7972027972028
43,3363,81,40.7894736842105
43,3364,91,198.556195965418
43,3365,205,120.852459016393
43,3366,66,120.852459016393
43,3367,68,-215.627118644068
43,3368,57,-6
43,3369,-2,-6
43,3370,-49,-4.37345132743363
43,3371,13,-43.96
43,3372,-42,-25.4805194805195
43,3373,-86,-43.96
43,3374,-117,-43.96
43,3375,-90,-81.8313253012048
43,3376,-50,-16.6046511627907
43,3377,-71,-43.96
43,3378,-20,-16.6046511627907
43,3379,-57,-4.37345132743363
43,3380,-19,-16.6046511627907
43,3381,-23,-4.37345132743363
43,3382,-2,-4.37345132743363
43,3383,6,-4.37345132743363
43,3384,30,-4.37345132743363
43,3385,107,71.7972027972028
43,3386,329,198.556195965418
43,3387,261,198.556195965418
43,3388,-378,-304.98275862069
43,3389,-191,-148.75
43,3390,95,29.6363636363636
43,3391,21,-16.1904761904762
43,3392,-138,-25.4805194805195
43,3393,39,-81.8313253012048
43,3394,75,-25.4805194805195
43,3395,187,120.852459016393
43,3396,319,291.547619047619
43,3397,-174,-232.744444444444
43,3398,-353,-201.755555555556
43,3399,17,-150.772727272727
43,3400,-50,40.7894736842105
43,3401,-80,-43.96
43,3402,-45,-43.96
43,3403,-33,-16.6046511627907
43,3404,-35,-16.6046511627907
43,3405,-10,-43.96
43,3406,-1,-4.37345132743363
43,3407,5,-4.37345132743363
43,3408,45,-4.37345132743363
43,3409,120,71.7972027972028
43,3410,353,198.556195965418
43,3411,310,198.556195965418
43,3412,-480,-304.98275862069
43,3413,-133,-201.755555555556
43,3414,6,29.6363636363636
43,3415,97,-4.37345132743363
43,3416,3,-16.1904761904762
43,3417,-20,-4.37345132743363
43,3418,38,-4.37345132743363
43,3419,100,116.082352941176
43,3420,497,291.547619047619
43,3421,-105,-144.576923076923
43,3422,-307,-201.755555555556
43,3423,-99,-150.772727272727
43,3424,-237,-43.96
43,3425,-14,-81.8313253012048
43,3426,18,-4.37345132743363
43,3427,-150,-25.4805194805195
43,3428,-32,-81.8313253012048
43,3429,-1,-16.6046511627907
43,3430,-9,-4.37345132743363
43,3431,-3,116.082352941176
43,3432,37,-4.37345132743363
43,3433,137,40.7894736842105
43,3434,286,198.556195965418
43,3435,353,-94.2380952380952
43,3436,-435,-304.98275862069
43,3437,-154,-201.755555555556
43,3438,6,29.6363636363636
43,3439,98,-4.37345132743363
43,3440,-22,-16.1904761904762
43,3441,-40,-4.37345132743363
43,3442,31,-16.6046511627907
43,3443,165,116.082352941176
43,3444,422,291.547619047619
43,3445,-4,-94.2380952380952
43,3446,-368,-201.755555555556
43,3447,-102,-150.772727272727
43,3448,-85,-43.96
43,3449,-114,-43.96
43,3450,-116,-81.8313253012048
43,3451,-42,-81.8313253012048
43,3452,-43,-16.6046511627907
43,3453,0,-16.6046511627907
43,3454,-9,-4.37345132743363
43,3455,0,-4.37345132743363
43,3456,37,-4.37345132743363
43,3457,111,71.7972027972028
43,3458,355,198.556195965418
43,3459,326,198.556195965418
43,3460,-447,-304.98275862069
43,3461,-169,-201.755555555556
43,3462,50,29.6363636363636
43,3463,109,-16.1904761904762
43,3464,-45,-16.1904761904762
43,3465,-47,-43.96
43,3466,68,-16.6046511627907
43,3467,97,120.852459016393
43,3468,440,291.547619047619
43,3469,-102,-12.5
43,3470,-275,-201.755555555556
43,3471,-126,-150.772727272727
43,3472,-104,6.36363636363636
43,3473,-54,-81.8313253012048
43,3474,-112,-43.96
43,3475,-61,-81.8313253012048
43,3476,-40,-16.6046511627907
43,3477,-6,-16.6046511627907
43,3478,-5,-4.37345132743363
43,3479,1,-4.37345132743363
43,3480,30,-4.37345132743363
43,3481,95,71.7972027972028
43,3482,23,198.556195965418
43,3483,313,71.7972027972028
43,3484,-78,5.6875
43,3485,-165,-201.755555555556
43,3486,28,-150.772727272727
43,3487,80,40.7894736842105
43,3488,43,-16.1904761904762
43,3489,-10,-25.4805194805195
43,3490,30,-4.37345132743363
43,3491,170,71.7972027972028
43,3492,-140,120.852459016393
43,3493,-192,-39.4761904761905
43,3494,-1,-81.8313253012048
43,3495,-3,-4.37345132743363
43,3496,-23,-4.37345132743363
43,3497,-16,-4.37345132743363
43,3498,-59,-4.37345132743363
43,3499,-8,-16.6046511627907
43,3500,-28,-4.37345132743363
43,3501,-17,-4.37345132743363
43,3502,-49,-4.37345132743363
43,3503,-11,-43.96
43,3504,-5,-4.37345132743363
43,3505,18,-4.37345132743363
43,3506,34,71.7972027972028
43,3507,128,71.7972027972028
43,3508,170,198.556195965418
43,3509,60,120.852459016393
43,3510,189,-39.4761904761905
43,3511,91,-6
43,3512,11,-215.627118644068
43,3513,-3,-25.4805194805195
43,3514,0,-4.37345132743363
43,3515,-20,-4.37345132743363
43,3516,40,-4.37345132743363
43,3517,-210,-25.4805194805195
43,3518,-176,-81.8313253012048
43,3519,-86,-81.8313253012048
43,3520,37,-43.96
43,3521,-94,71.7972027972028
43,3522,-39,-43.96
43,3523,-9,-16.6046511627907
43,3524,-37,116.082352941176
43,3525,15,-16.6046511627907
43,3526,-91,71.7972027972028
43,3527,-20,-16.6046511627907
43,3528,-11,-4.37345132743363
43,3529,16,-4.37345132743363
43,3530,30,71.7972027972028
43,3531,87,71.7972027972028
43,3532,126,3.4
43,3533,174,120.852459016393
43,3534,104,120.852459016393
43,3535,128,-39.4761904761905
43,3536,-49,-6
43,3537,14,-43.96
43,3538,-17,-25.4805194805195
43,3539,-32,-4.37345132743363
43,3540,-100,-43.96
43,3541,-78,-43.96
43,3542,-147,-16.6046511627907
43,3543,-71,-81.8313253012048
43,3544,-29,-43.96
43,3545,-53,-4.37345132743363
43,3546,-47,-16.6046511627907
43,3547,-35,-16.6046511627907
43,3548,-20,-16.6046511627907
43,3549,-6,-4.37345132743363
43,3550,1,-4.37345132743363
43,3551,1,-4.37345132743363
43,3552,39,-4.37345132743363
43,3553,98,71.7972027972028
43,3554,308,198.556195965418
43,3555,276,198.556195965418
43,3556,-368,-304.98275862069
43,3557,-148,-148.75
43,3558,-1,29.6363636363636
43,3559,72,-4.37345132743363
43,3560,32,-16.1904761904762
43,3561,-33,-25.4805194805195
43,3562,14,-16.6046511627907
43,3563,228,116.082352941176
43,3564,398,291.547619047619
43,3565,-136,-94.2380952380952
43,3566,-272,-201.755555555556
43,3567,-111,-150.772727272727
43,3568,-229,6.36363636363636
43,3569,9,-81.8313253012048
43,3570,-20,-4.37345132743363
43,3571,-126,-4.37345132743363
43,3572,-20,-81.8313253012048
43,3573,-10,116.082352941176
43,3574,-6,-4.37345132743363
43,3575,6,116.082352941176
43,3576,43,-4.37345132743363
43,3577,108,71.7972027972028
43,3578,373,198.556195965418
43,3579,230,198.556195965418
43,3580,-427,-304.98275862069
43,3581,-113,-148.75
43,3582,32,6.36363636363636
43,3583,125,-25.4805194805195
43,3584,-75,-16.1904761904762
43,3585,-7,-43.96
43,3586,50,-4.37345132743363
43,3587,195,120.852459016393
43,3588,397,291.547619047619
43,3589,-112,-94.2380952380952
43,3590,-344,-201.755555555556
43,3591,-103,-150.772727272727
43,3592,-84,-43.96
43,3593,-101,-43.96
43,3594,-83,-43.96
43,3595,-65,-16.6046511627907
43,3596,-19,-16.6046511627907
43,3597,-21,116.082352941176
43,3598,-2,-4.37345132743363
43,3599,2,-4.37345132743363
43,3600,47,-4.37345132743363
43,3601,120,71.7972027972028
43,3602,353,198.556195965418
43,3603,275,198.556195965418
43,3604,-428,-304.98275862069
43,3605,-202,-148.75
43,3606,65,29.6363636363636
43,3607,80,-16.1904761904762
43,3608,-10,-16.1904761904762
43,3609,-5,-4.37345132743363
43,3610,7,-4.37345132743363
43,3611,224,116.082352941176
43,3612,431,291.547619047619
43,3613,-105,-94.2380952380952
43,3614,-286,-201.755555555556
43,3615,-131,-150.772727272727
43,3616,-128,6.36363636363636
43,3617,-75,-81.8313253012048
43,3618,-115,-43.96
43,3619,-47,-81.8313253012048
43,3620,-48,-16.6046511627907
43,3621,-10,-16.6046511627907
43,3622,-10,-4.37345132743363
43,3623,-3,-4.37345132743363
43,3624,50,-4.37345132743363
43,3625,116,158.126126126126
43,3626,324,198.556195965418
43,3627,284,198.556195965418
43,3628,-436,-304.98275862069
43,3629,-118,-148.75
43,3630,13,29.6363636363636
43,3631,81,40.7894736842105
43,3632,-6,-16.1904761904762
43,3633,-28,-4.37345132743363
43,3634,20,-4.37345132743363
43,3635,194,116.082352941176
43,3636,387,291.547619047619
43,3637,-77,-94.2380952380952
43,3638,-267,-201.755555555556
43,3639,-195,-150.772727272727
43,3640,-76,6.36363636363636
43,3641,-64,-43.96
43,3642,-72,-43.96
43,3643,-64,-16.6046511627907
43,3644,-35,-16.6046511627907
43,3645,-17,-16.6046511627907
43,3646,-6,-4.37345132743363
43,3647,-8,-4.37345132743363
43,3648,45,-4.37345132743363
43,3649,94,71.7972027972028
43,3650,277,198.556195965418
43,3651,313,198.556195965418
43,3652,-331,-304.98275862069
43,3653,-206,-201.755555555556
43,3654,93,29.6363636363636
43,3655,102,-16.1904761904762
43,3656,-55,-16.1904761904762
43,3657,14,-43.96
43,3658,97,-25.4805194805195
43,3659,134,120.852459016393
43,3660,235,291.547619047619
43,3661,-152,-232.744444444444
43,3662,-194,-148.75
43,3663,-160,-81.8313253012048
43,3664,-19,-81.8313253012048
43,3665,-75,-4.37345132743363
43,3666,-39,-43.96
43,3667,-36,-16.6046511627907
43,3668,4,-16.6046511627907
43,3669,-56,-4.37345132743363
43,3670,-64,-43.96
43,3671,-13,-16.6046511627907
43,3672,-4,-4.37345132743363
43,3673,22,-4.37345132743363
43,3674,55,71.7972027972028
43,3675,127,186.954545454545
43,3676,115,198.556195965418
43,3677,151,120.852459016393
43,3678,106,120.852459016393
43,3679,83,-39.4761904761905
43,3680,92,-6
43,3681,-10,-6
43,3682,-39,-4.37345132743363
43,3683,-99,-43.96
43,3684,6,-43.96
43,3685,-162,-4.37345132743363
43,3686,-156,-81.8313253012048
43,3687,-4,-81.8313253012048
43,3688,-87,-4.37345132743363
43,3689,-52,-16.6046511627907
43,3690,10,-43.96
43,3691,-50,40.7894736842105
43,3692,16,-16.6046511627907
43,3693,-17,71.7972027972028
43,3694,-37,-4.37345132743363
43,3695,-59,-16.6046511627907
43,3696,8,-43.96
43,3697,11,-4.37345132743363
43,3698,26,71.7972027972028
43,3699,108,40.7894736842105
43,3700,157,120.852459016393
43,3701,104,120.852459016393
43,3702,28,-123.206896551724
43,3703,29,40.7894736842105
43,3704,-100,-25.4805194805195
43,3705,11,-43.96
43,3706,-101,-25.4805194805195
43,3707,-8,-43.96
43,3708,-68,-4.37345132743363
43,3709,-71,-43.96
43,3710,-100,-16.6046511627907
43,3711,1,-43.96
43,3712,-9,-4.37345132743363
43,3713,-9,-4.37345132743363
43,3714,-23,-4.37345132743363
43,3715,8,-4.37345132743363
43,3716,94,-4.37345132743363
43,3717,10,198.556195965418
43,3718,-2,40.7894736842105
43,3719,-26,-4.37345132743363
43,3720,26,-4.37345132743363
43,3721,19,71.7972027972028
43,3722,-28,40.7894736842105
43,3723,-34,-4.37345132743363
43,3724,-17,-43.96
43,3725,2,-4.37345132743363
43,3726,-27,-4.37345132743363
43,3727,-23,-4.37345132743363
43,3728,-8,-4.37345132743363
43,3729,-1,-4.37345132743363
43,3730,-4,-4.37345132743363
43,3731,2,-4.37345132743363
43,3732,19,-4.37345132743363
43,3733,92,71.7972027972028
43,3734,221,198.556195965418
43,3735,284,198.556195965418
43,3736,-324,-304.98275862069
43,3737,-129,-148.75
43,3738,21,29.6363636363636
43,3739,52,40.7894736842105
43,3740,-28,-16.1904761904762
43,3741,11,-4.37345132743363
43,3742,6,-25.4805194805195
43,3743,194,116.082352941176
43,3744,299,291.547619047619
43,3745,-139,-94.2380952380952
43,3746,-174,-148.75
43,3747,-142,-150.772727272727
43,3748,-76,-81.8313253012048
43,3749,-27,-43.96
43,3750,-64,-4.37345132743363
43,3751,-41,-16.6046511627907
43,3752,-30,-16.6046511627907
43,3753,-10,-4.37345132743363
43,3754,-5,-4.37345132743363
43,3755,-5,-4.37345132743363
43,3756,30,-4.37345132743363
43,3757,108,71.7972027972028
43,3758,272,198.556195965418
43,3759,260,198.556195965418
43,3760,-349,-304.98275862069
43,3761,-185,-148.75
43,3762,24,29.6363636363636
43,3763,51,40.7894736842105
43,3764,27,-16.1904761904762
43,3765,-63,-25.4805194805195
43,3766,29,-16.6046511627907
43,3767,130,116.082352941176
43,3768,345,291.547619047619
43,3769,-11,-6
43,3770,-226,-201.755555555556
43,3771,-156,-150.772727272727
43,3772,-29,6.36363636363636
43,3773,-65,-4.37345132743363
43,3774,-82,-43.96
43,3775,-70,-43.96
43,3776,-26,-16.6046511627907
43,3777,-14,116.082352941176
43,3778,-7,-4.37345132743363
43,3779,4,-4.37345132743363
43,3780,19,-4.37345132743363
43,3781,96,71.7972027972028
43,3782,235,198.556195965418
43,3783,330,198.556195965418
43,3784,-305,-304.98275862069
43,3785,-178,-201.755555555556
43,3786,17,29.6363636363636
43,3787,71,-25.4805194805195
43,3788,2,-16.1904761904762
43,3789,-32,-4.37345132743363
43,3790,44,-16.6046511627907
43,3791,115,116.082352941176
43,3792,217,291.547619047619
43,3793,-116,-144.576923076923
43,3794,-148,-148.75
43,3795,-153,-81.8313253012048
43,3796,-65,-81.8313253012048
43,3797,-7,-43.96
43,3798,-30,-4.37345132743363
43,3799,-11,-4.37345132743363
43,3800,-19,-4.37345132743363
43,3801,-43,-4.37345132743363
43,3802,-18,-16.6046511627907
43,3803,-12,-4.37345132743363
43,3804,-7,-4.37345132743363
43,3805,12,-4.37345132743363
43,3806,38,71.7972027972028
43,3807,83,71.7972027972028
43,3808,77,198.556195965418
43,3809,109,120.852459016393
43,3810,12,5.6875
43,3811,54,71.7972027972028
43,3812,55,-6
43,3813,6,-16.1904761904762
43,3814,-7,-4.37345132743363
43,3815,-48,-4.37345132743363
43,3816,10,-43.96
43,3817,-113,-25.4805194805195
43,3818,-58,-81.8313253012048
43,3819,-58,-43.96
43,3820,-15,-43.96
43,3821,-20,-4.37345132743363
43,3822,2,-4.37345132743363
43,3823,-46,-4.37345132743363
43,3824,63,-16.6046511627907
43,3825,-128,158.126126126126
43,3826,-26,-81.8313253012048
43,3827,-2,-4.37345132743363
43,3828,-4,-4.37345132743363
43,3829,11,-4.37345132743363
43,3830,34,71.7972027972028
43,3831,99,40.7894736842105
43,3832,68,198.556195965418
43,3833,143,120.852459016393
43,3834,85,-144.576923076923
43,3835,59,-39.4761904761905
43,3836,-11,-6
43,3837,16,-4.37345132743363
43,3838,-60,-25.4805194805195
43,3839,-14,-43.96
43,3840,-108,-4.37345132743363
43,3841,-90,-81.8313253012048
43,3842,-10,-43.96
43,3843,-86,-4.37345132743363
43,3844,-54,-16.6046511627907
43,3845,-8,-43.96
43,3846,-26,-4.37345132743363
43,3847,-30,-4.37345132743363
43,3848,-15,-4.37345132743363
43,3849,-2,-4.37345132743363
43,3850,-2,-4.37345132743363
43,3851,12,-4.37345132743363
43,3852,23,71.7972027972028
43,3853,100,71.7972027972028
43,3854,322,198.556195965418
43,3855,187,120.852459016393
43,3856,-391,-304.98275862069
43,3857,-115,-148.75
43,3858,8,6.36363636363636
43,3859,94,-4.37345132743363
43,3860,-22,-16.1904761904762
43,3861,-26,-4.37345132743363
43,3862,35,-4.37345132743363
43,3863,129,116.082352941176
43,3864,278,291.547619047619
43,3865,-96,-12.5
43,3866,-170,-148.75
43,3867,-131,-150.772727272727
43,3868,-89,-81.8313253012048
43,3869,-37,-43.96
43,3870,-62,-43.96
43,3871,-34,-16.6046511627907
43,3872,-11,-16.6046511627907
43,3873,-6,-4.37345132743363
43,3874,2,-4.37345132743363
43,3875,3,-4.37345132743363
43,3876,34,-4.37345132743363
43,3877,108,71.7972027972028
43,3878,238,198.556195965418
43,3879,201,198.556195965418
43,3880,-225,-304.98275862069
43,3881,-133,-148.75
43,3882,-14,-81.8313253012048
43,3883,32,-4.37345132743363
43,3884,30,-25.4805194805195
43,3885,-38,-25.4805194805195
43,3886,32,-16.6046511627907
43,3887,130,116.082352941176
43,3888,225,241.3
43,3889,-130,198.556195965418
43,3890,-126,-148.75
43,3891,-143,-81.8313253012048
43,3892,-77,-81.8313253012048
43,3893,2,-43.96
43,3894,52,-4.37345132743363
43,3895,78,3.4
43,3896,-191,198.556195965418
43,3897,-18,-81.8313253012048
43,3898,-63,-4.37345132743363
43,3899,-2,-43.96
43,3900,18,-4.37345132743363
43,3901,91,40.7894736842105
43,3902,201,3.4
43,3903,282,198.556195965418
43,3904,-233,-232.744444444444
43,3905,-190,-148.75
43,3906,-31,29.6363636363636
43,3907,65,-43.96
43,3908,-31,-16.1904761904762
43,3909,-20,-43.96
43,3910,37,-4.37345132743363
43,3911,75,116.082352941176
43,3912,244,241.3
43,3913,-52,241.3
43,3914,-146,-148.75
43,3915,-63,-150.772727272727
43,3916,-130,-43.96
43,3917,-66,-81.8313253012048
43,3918,-20,-43.96
43,3919,-25,-4.37345132743363
43,3920,-3,-4.37345132743363
43,3921,-6,-4.37345132743363
43,3922,4,-4.37345132743363
43,3923,25,-4.37345132743363
43,3924,89,71.7972027972028
43,3925,299,198.556195965418
43,3926,245,198.556195965418
43,3927,-393,-304.98275862069
43,3928,-114,-148.75
43,3929,10,29.6363636363636
43,3930,64,-25.4805194805195
43,3931,-7,-16.1904761904762
43,3932,-46,-4.37345132743363
43,3933,51,-16.6046511627907
43,3934,106,120.852459016393
43,3935,253,291.547619047619
43,3936,-85,-12.5
43,3937,-134,-148.75
43,3938,-128,-150.772727272727
43,3939,-12,-81.8313253012048
43,3940,-72,-4.37345132743363
43,3941,-74,-43.96
43,3942,-32,-16.6046511627907
43,3943,-35,-16.6046511627907
43,3944,-8,-16.6046511627907
43,3945,-3,-4.37345132743363
43,3946,5,-4.37345132743363
43,3947,13,-4.37345132743363
43,3948,104,71.7972027972028
43,3949,210,198.556195965418
43,3950,352,198.556195965418
43,3951,-366,-304.98275862069
43,3952,-130,-201.755555555556
43,3953,54,29.6363636363636
43,3954,11,-16.1904761904762
43,3955,37,-25.4805194805195
43,3956,-25,-25.4805194805195
43,3957,82,-4.37345132743363
43,3958,78,120.852459016393
43,3959,220,291.547619047619
43,3960,-158,-6
43,3961,-135,-148.75
43,3962,-106,-81.8313253012048
43,3963,-56,-81.8313253012048
43,3964,-36,-43.96
43,3965,-1,-43.96
43,3966,-40,-4.37345132743363
43,3967,-46,-16.6046511627907
43,3968,-32,-16.6046511627907
43,3969,-24,-16.6046511627907
43,3970,-14,-4.37345132743363
43,3971,4,-4.37345132743363
43,3972,6,-4.37345132743363
43,3973,55,-4.37345132743363
43,3974,75,158.126126126126
43,3975,113,198.556195965418
43,3976,91,198.556195965418
43,3977,116,120.852459016393
43,3978,140,-6
43,3979,45,-6
43,3980,-24,-39.4761904761905
43,3981,-60,-4.37345132743363
43,3982,38,-43.96
43,3983,-104,-25.4805194805195
43,3984,-142,-81.8313253012048
43,3985,-76,-81.8313253012048
43,3986,-91,-43.96
43,3987,28,-16.6046511627907
43,3988,-27,71.7972027972028
43,3989,-47,-4.37345132743363
43,3990,-22,-16.6046511627907
43,3991,-16,-4.37345132743363
43,3992,-38,-4.37345132743363
43,3993,-22,-43.96
43,3994,-37,-4.37345132743363
43,3995,1,-16.6046511627907
43,3996,7,-4.37345132743363
43,3997,49,-4.37345132743363
43,3998,51,158.126126126126
43,3999,154,158.126126126126
43,4000,132,198.556195965418
43,4001,99,-94.2380952380952
43,4002,81,-39.4761904761905
43,4003,101,-6
43,4004,-32,-6
43,4005,70,-43.96
43,4006,-71,-6
43,4007,-160,-43.96
43,4008,-88,-81.8313253012048
43,4009,-128,-43.96
43,4010,-77,-81.8313253012048
43,4011,-29,-43.96
43,4012,-37,-4.37345132743363
43,4013,-25,-16.6046511627907
43,4014,-60,-4.37345132743363
43,4015,-19,-16.6046511627907
43,4016,-10,-4.37345132743363
43,4017,-16,-4.37345132743363
43,4018,0,-4.37345132743363
43,4019,20,-4.37345132743363
43,4020,47,71.7972027972028
43,4021,193,71.7972027972028
43,4022,276,198.556195965418
43,4023,-143,-94.2380952380952
43,4024,-131,-148.75
43,4025,101,-150.772727272727
43,4026,52,-16.1904761904762
43,4027,1,-16.1904761904762
43,4028,24,-4.37345132743363
43,4029,-62,-25.4805194805195
43,4030,52,-16.6046511627907
43,4031,162,158.126126126126
43,4032,-45,-16.1904761904762
43,4033,-198,-39.4761904761905
43,4034,-49,-81.8313253012048
43,4035,-149,-16.6046511627907
43,4036,-43,-81.8313253012048
43,4037,-49,-43.96
43,4038,-40,-16.6046511627907
43,4039,-18,-16.6046511627907
43,4040,6,-4.37345132743363
43,4041,-6,-4.37345132743363
43,4042,4,-4.37345132743363
43,4043,9,-4.37345132743363
43,4044,32,-4.37345132743363
43,4045,57,71.7972027972028
43,4046,104,158.126126126126
43,4047,-101,-144.576923076923
43,4048,-16,-43.96
43,4049,61,-4.37345132743363
43,4050,41,-16.1904761904762
43,4051,22,-25.4805194805195
43,4052,-15,-25.4805194805195
43,4053,14,-4.37345132743363
43,4054,93,71.7972027972028
43,4055,298,120.852459016393
43,4056,-49,-16.1904761904762
43,4057,-203,-148.75
43,4058,-133,-150.772727272727
43,4059,-36,-81.8313253012048
43,4060,-52,-43.96
43,4061,-51,-43.96
43,4062,-60,-16.6046511627907
43,4063,-12,-16.6046511627907
43,4064,-11,116.082352941176
43,4065,4,-4.37345132743363
43,4066,1,-4.37345132743363
43,4067,33,-4.37345132743363
43,4068,107,71.7972027972028
43,4069,269,198.556195965418
43,4070,276,198.556195965418
43,4071,-359,-304.98275862069
43,4072,-161,-148.75
43,4073,-20,29.6363636363636
43,4074,89,-4.37345132743363
43,4075,-26,-16.1904761904762
43,4076,-33,-4.37345132743363
43,4077,79,-16.6046511627907
43,4078,61,120.852459016393
43,4079,262,291.547619047619
43,4080,-16,198.556195965418
43,4081,-171,-148.75
43,4082,-129,-150.772727272727
43,4083,-54,-81.8313253012048
43,4084,-40,-43.96
43,4085,-86,-43.96
43,4086,-53,-43.96
43,4087,-18,-16.6046511627907
43,4088,-9,-4.37345132743363
43,4089,-5,-4.37345132743363
43,4090,3,-4.37345132743363
43,4091,32,-4.37345132743363
43,4092,110,71.7972027972028
43,4093,263,198.556195965418
43,4094,236,198.556195965418
43,4095,-323,-304.98275862069
43,4096,-170,-148.75
43,4097,13,6.36363636363636
43,4098,47,40.7894736842105
43,4099,4,-25.4805194805195
43,4100,-16,-4.37345132743363
43,4101,16,-4.37345132743363
43,4102,125,116.082352941176
43,4103,221,291.547619047619
43,4104,10,-16.1904761904762
43,4105,-187,-148.75
43,4106,-101,-81.8313253012048
43,4107,-61,-43.96
43,4108,-71,-43.96
43,4109,-28,-43.96
43,4110,-60,-4.37345132743363
43,4111,-44,-16.6046511627907
43,4112,-12,-16.6046511627907
43,4113,-3,-4.37345132743363
43,4114,-1,-4.37345132743363
43,4115,31,-4.37345132743363
43,4116,94,71.7972027972028
43,4117,237,198.556195965418
43,4118,344,198.556195965418
43,4119,-360,-304.98275862069
43,4120,-153,-201.755555555556
43,4121,20,29.6363636363636
43,4122,72,40.7894736842105
43,4123,-12,-16.1904761904762
43,4124,-27,-4.37345132743363
43,4125,16,-4.37345132743363
43,4126,116,116.082352941176
43,4127,197,291.547619047619
43,4128,-75,-16.1904761904762
43,4129,-173,-148.75
43,4130,-105,-81.8313253012048
43,4131,-49,-81.8313253012048
43,4132,-16,-43.96
43,4133,-34,-4.37345132743363
43,4134,-22,-16.6046511627907
43,4135,-19,-4.37345132743363
43,4136,-38,-4.37345132743363
43,4137,-28,-16.6046511627907
43,4138,-14,-4.37345132743363
43,4139,4,-4.37345132743363
43,4140,10,-4.37345132743363
43,4141,57,71.7972027972028
43,4142,90,158.126126126126
43,4143,80,198.556195965418
43,4144,72,120.852459016393
43,4145,103,120.852459016393
43,4146,53,-6
43,4147,49,-6
43,4148,30,-6
43,4149,-6,-25.4805194805195
43,4150,-80,-4.37345132743363
43,4151,-66,-43.96
43,4152,-132,-43.96
43,4153,-18,-81.8313253012048
43,4154,-81,-4.37345132743363
43,4155,-33,-43.96
43,4156,6,-16.6046511627907
43,4157,-12,-4.37345132743363
43,4158,-4,-4.37345132743363
43,4159,-34,-4.37345132743363
43,4160,-22,-16.6046511627907
43,4161,-27,-4.37345132743363
43,4162,-34,-4.37345132743363
43,4163,0,-43.96
43,4164,3,-4.37345132743363
43,4165,27,-4.37345132743363
43,4166,77,71.7972027972028
43,4167,85,198.556195965418
43,4168,125,198.556195965418
43,4169,30,120.852459016393
43,4170,83,71.7972027972028
43,4171,5,-6
43,4172,-19,-4.37345132743363
43,4173,-21,-4.37345132743363
43,4174,-35,-4.37345132743363
43,4175,-92,-43.96
43,4176,-4,-43.96
43,4177,-66,-4.37345132743363
43,4178,-81,-43.96
43,4179,-19,-43.96
43,4180,-36,-4.37345132743363
43,4181,-15,-16.6046511627907
43,4182,-32,-4.37345132743363
43,4183,-8,-16.6046511627907
43,4184,-14,-4.37345132743363
43,4185,-3,-4.37345132743363
43,4186,10,-4.37345132743363
43,4187,27,71.7972027972028
43,4188,92,71.7972027972028
43,4189,255,198.556195965418
43,4190,277,5.6875
43,4191,-385,-304.98275862069
43,4192,-139,-148.75
43,4193,58,29.6363636363636
43,4194,45,-16.1904761904762
43,4195,9,-25.4805194805195
43,4196,-34,-4.37345132743363
43,4197,40,-16.6046511627907
43,4198,123,116.082352941176
43,4199,239,291.547619047619
43,4200,-39,-144.576923076923
43,4201,-174,-148.75
43,4202,-147,-150.772727272727
43,4203,-56,-81.8313253012048
43,4204,-90,-43.96
43,4205,-39,-43.96
43,4206,-45,-16.6046511627907
43,4207,-16,-16.6046511627907
43,4208,-8,-4.37345132743363
43,4209,-3,-4.37345132743363
43,4210,4,-4.37345132743363
43,4211,28,-4.37345132743363
43,4212,114,71.7972027972028
43,4213,270,198.556195965418
43,4214,247,198.556195965418
43,4215,-339,-304.98275862069
43,4216,-150,-148.75
43,4217,29,29.6363636363636
43,4218,108,-25.4805194805195
43,4219,-46,-16.1904761904762
43,4220,-43,-43.96
43,4221,63,-16.6046511627907
43,4222,108,120.852459016393
43,4223,195,291.547619047619
43,4224,-40,-12.5
43,4225,-166,-148.75
43,4226,-149,-81.8313253012048
43,4227,-78,-81.8313253012048
43,4228,-35,-43.96
43,4229,-39,-43.96
43,4230,-57,-16.6046511627907
43,4231,-12,-16.6046511627907
43,4232,-6,-4.37345132743363
43,4233,-6,-4.37345132743363
43,4234,8,-4.37345132743363
43,4235,19,-4.37345132743363
43,4236,72,71.7972027972028
43,4237,172,158.126126126126
43,4238,278,5.6875
43,4239,-186,-232.744444444444
43,4240,-193,-148.75
43,4241,69,-150.772727272727
43,4242,103,-16.1904761904762
43,4243,21,-16.1904761904762
43,4244,48,-25.4805194805195
43,4245,36,-12.5
43,4246,20,146.772727272727
43,4247,-95,146.772727272727
43,4248,-63,-43.96
43,4249,-68,-43.96
43,4250,-107,-43.96
43,4251,-31,-81.8313253012048
43,4252,-17,-43.96
43,4253,-31,-4.37345132743363
43,4254,-11,-16.6046511627907
43,4255,-4,-4.37345132743363
43,4256,-24,-4.37345132743363
43,4257,-12,-4.37345132743363
43,4258,-3,-4.37345132743363
43,4259,5,-4.37345132743363
43,4260,9,-4.37345132743363
43,4261,39,-4.37345132743363
43,4262,41,71.7972027972028
43,4263,22,71.7972027972028
43,4264,100,71.7972027972028
43,4265,13,-144.576923076923
43,4266,30,40.7894736842105
43,4267,7,-25.4805194805195
43,4268,-49,-4.37345132743363
43,4269,8,-43.96
43,4270,-46,-4.37345132743363
43,4271,-73,-43.96
43,4272,-39,-43.96
43,4273,-26,-43.96
43,4274,8,-4.37345132743363
43,4275,-6,-4.37345132743363
43,4276,-2,-4.37345132743363
43,4277,-8,-4.37345132743363
43,4278,-4,-4.37345132743363
43,4279,-19,-4.37345132743363
43,4280,-8,-4.37345132743363
43,4281,-4,-4.37345132743363
43,4282,3,-4.37345132743363
43,4283,6,-4.37345132743363
43,4284,10,-4.37345132743363
43,4285,57,71.7972027972028
43,4286,17,158.126126126126
43,4287,18,71.7972027972028
43,4288,89,71.7972027972028
43,4289,50,-16.1904761904762
43,4290,128,-16.1904761904762
43,4291,45,-6
43,4292,11,-25.4805194805195
43,4293,12,-25.4805194805195
43,4294,-90,-25.4805194805195
43,4295,-57,-43.96
43,4296,-92,-43.96
43,4297,-54,-43.96
43,4298,-12,-43.96
43,4299,-44,-4.37345132743363
43,4300,-19,-16.6046511627907
43,4301,-12,-4.37345132743363
43,4302,-25,-4.37345132743363
43,4303,-22,-4.37345132743363
43,4304,12,-4.37345132743363
43,4305,-21,71.7972027972028
43,4306,-8,-4.37345132743363
43,4307,0,-4.37345132743363
43,4308,7,-4.37345132743363
43,4309,15,-4.37345132743363
43,4310,37,71.7972027972028
43,4311,60,40.7894736842105
43,4312,20,158.126126126126
43,4313,44,71.7972027972028
43,4314,13,71.7972027972028
43,4315,26,40.7894736842105
43,4316,-18,-25.4805194805195
43,4317,-9,-4.37345132743363
43,4318,-28,-4.37345132743363
43,4319,-44,-4.37345132743363
43,4320,19,-43.96
43,4321,-62,-25.4805194805195
43,4322,-25,-43.96
43,4323,17,-4.37345132743363
43,4324,1,71.7972027972028
43,4325,-19,-4.37345132743363
43,4326,-23,-4.37345132743363
43,4327,2,-4.37345132743363
43,4328,-8,-4.37345132743363
43,4329,-20,-4.37345132743363
43,4330,-6,-4.37345132743363
43,4331,1,-4.37345132743363
43,4332,8,-4.37345132743363
43,4333,10,-4.37345132743363
43,4334,13,40.7894736842105
43,4335,62,71.7972027972028
43,4336,43,120.852459016393
43,4337,65,71.7972027972028
43,4338,-2,-144.576923076923
43,4339,-7,-4.37345132743363
43,4340,8,-4.37345132743363
43,4341,42,-4.37345132743363
43,4342,-17,-25.4805194805195
44,1,47,33.2317073170732
44,2,88,76.8985507246377
44,3,108,197.621621621622
44,4,101,105.588235294118
44,5,112,-17.4444444444444
44,6,49,-137.266666666667
44,7,31,1.4
44,8,-91,-18.1643835616438
44,9,-5,-47.9292604501608
44,10,41,-7.28571428571429
44,11,-96,-18.1643835616438
44,12,-22,-47.9292604501608
44,13,12,-7.28571428571429
44,14,-78,33.2317073170732
44,15,-70,-47.9292604501608
44,16,-90,-47.9292604501608
44,17,-75,-12.4878048780488
44,18,-37,-47.9292604501608
44,19,-31,-7.28571428571429
44,20,-6,-7.28571428571429
44,21,-5,-7.28571428571429
44,22,2,-7.28571428571429
44,23,28,-7.28571428571429
44,24,121,76.8985507246377
44,25,296,206.223076923077
44,26,184,206.223076923077
44,27,-377,-299.516129032258
44,28,-74,-141.457627118644
44,29,14,-47.9292604501608
44,30,40,33.2317073170732
44,31,2,-18.1643835616438
44,32,-1,-7.28571428571429
44,33,18,-7.28571428571429
44,34,137,119.324561403509
44,35,388,307.977272727273
44,36,-71,-63.9090909090909
44,37,-184,-185.730769230769
44,38,-322,-147.733333333333
44,39,-133,-47.9292604501608
44,40,-16,-47.9292604501608
44,41,-5,-7.28571428571429
44,42,-14,-7.28571428571429
44,43,-32,-7.28571428571429
44,44,1,119.324561403509
44,45,0,-7.28571428571429
44,46,1,-7.28571428571429
44,47,35,-7.28571428571429
44,48,103,76.8985507246377
44,49,339,206.223076923077
44,50,188,206.223076923077
44,51,-366,-299.516129032258
44,52,-128,-141.457627118644
44,53,31,-47.9292604501608
44,54,45,-18.1643835616438
44,55,36,-18.1643835616438
44,56,-37,-18.1643835616438
44,57,23,-7.28571428571429
44,58,123,119.324561403509
44,59,441,307.977272727273
44,60,-43,-57.8333333333333
44,61,-240,-185.730769230769
44,62,-125,-147.733333333333
44,63,-127,-47.9292604501608
44,64,-87,-47.9292604501608
44,65,-57,-47.9292604501608
44,66,-99,-47.9292604501608
44,67,-35,-12.4878048780488
44,68,-12,0.730769230769231
44,69,-6,-7.28571428571429
44,70,0,-7.28571428571429
44,71,25,-7.28571428571429
44,72,145,76.8985507246377
44,73,329,206.223076923077
44,74,186,-63.9090909090909
44,75,-382,-299.516129032258
44,76,-91,-141.457627118644
44,77,-2,-47.9292604501608
44,78,74,-7.28571428571429
44,79,1,5.04444444444444
44,80,-39,-7.28571428571429
44,81,36,-7.28571428571429
44,82,197,119.324561403509
44,83,340,307.977272727273
44,84,-42,-63.9090909090909
44,85,-194,-185.730769230769
44,86,-112,-147.733333333333
44,87,-120,-47.9292604501608
44,88,-95,-47.9292604501608
44,89,-124,-47.9292604501608
44,90,-54,-47.9292604501608
44,91,-52,-12.4878048780488
44,92,-18,-12.4878048780488
44,93,-12,-7.28571428571429
44,94,2,-7.28571428571429
44,95,39,-7.28571428571429
44,96,96,76.8985507246377
44,97,261,206.223076923077
44,98,292,105.588235294118
44,99,-396,-299.516129032258
44,100,-94,-141.457627118644
44,101,31,34.6153846153846
44,102,75,-18.1643835616438
44,103,6,5.04444444444444
44,104,-62,-7.28571428571429
44,105,4,-12.4878048780488
44,106,-36,119.324561403509
44,107,5,119.324561403509
44,108,-117,-7.28571428571429
44,109,-65,-47.9292604501608
44,110,-6,-47.9292604501608
44,111,46,-7.28571428571429
44,112,-62,76.8985507246377
44,113,50,-47.9292604501608
44,114,13,1.4
44,115,-10,33.2317073170732
44,116,-35,-7.28571428571429
44,117,-15,-7.28571428571429
44,118,-13,-7.28571428571429
44,119,-1,-7.28571428571429
44,120,24,-7.28571428571429
44,121,50,33.2317073170732
44,122,124,137.844660194175
44,123,122,206.223076923077
44,124,161,-17.4444444444444
44,125,43,-17.4444444444444
44,126,132,-141.457627118644
44,127,11,-137.266666666667
44,128,-32,-19.1
44,129,55,-7.28571428571429
44,130,-58,5.04444444444444
44,131,-58,-144.166666666667
44,132,-74,-144.166666666667
44,133,42,-144.166666666667
44,134,-155,33.2317073170732
44,135,-83,-144.166666666667
44,136,-88,-47.9292604501608
44,137,10,-47.9292604501608
44,138,-69,76.8985507246377
44,139,-48,-47.9292604501608
44,140,-32,-12.4878048780488
44,141,-39,-7.28571428571429
44,142,-37,-7.28571428571429
44,143,-1,-7.28571428571429
44,144,10,-7.28571428571429
44,145,13,33.2317073170732
44,146,105,76.8985507246377
44,147,160,206.223076923077
44,148,104,197.621621621622
44,149,107,-141.457627118644
44,150,173,-137.266666666667
44,151,2,-137.266666666667
44,152,-8,-141.457627118644
44,153,-34,-7.28571428571429
44,154,18,-7.28571428571429
44,155,-84,-18.1643835616438
44,156,-82,-144.166666666667
44,157,-43,-47.9292604501608
44,158,-139,-47.9292604501608
44,159,-68,-144.166666666667
44,160,-20,-47.9292604501608
44,161,-118,-7.28571428571429
44,162,-59,-12.4878048780488
44,163,-35,-47.9292604501608
44,164,-3,-7.28571428571429
44,165,-6,-7.28571428571429
44,166,3,-7.28571428571429
44,167,27,-7.28571428571429
44,168,104,76.8985507246377
44,169,378,206.223076923077
44,170,148,141.893617021277
44,171,-383,-299.516129032258
44,172,-95,-19.1
44,173,52,-47.9292604501608
44,174,43,5.04444444444444
44,175,-8,-18.1643835616438
44,176,-4,-7.28571428571429
44,177,22,-7.28571428571429
44,178,156,119.324561403509
44,179,386,307.977272727273
44,180,-12,-63.9090909090909
44,181,-177,-185.730769230769
44,182,-184,-147.733333333333
44,183,-196,-47.9292604501608
44,184,-97,-47.9292604501608
44,185,-82,-47.9292604501608
44,186,-52,-47.9292604501608
44,187,-14,-12.4878048780488
44,188,-12,0.730769230769231
44,189,-3,-7.28571428571429
44,190,0,-7.28571428571429
44,191,31,-7.28571428571429
44,192,148,76.8985507246377
44,193,385,206.223076923077
44,194,141,-63.9090909090909
44,195,-375,-299.516129032258
44,196,-159,-19.1
44,197,51,-47.9292604501608
44,198,20,5.04444444444444
44,199,20,-18.1643835616438
44,200,9,-18.1643835616438
44,201,-4,-7.28571428571429
44,202,201,119.324561403509
44,203,377,307.977272727273
44,204,-60,-141.457627118644
44,205,-277,-141.457627118644
44,206,-98,-147.733333333333
44,207,-132,-47.9292604501608
44,208,-90,-47.9292604501608
44,209,-80,-47.9292604501608
44,210,-64,-47.9292604501608
44,211,-22,-12.4878048780488
44,212,-16,0.730769230769231
44,213,-3,-7.28571428571429
44,214,2,-7.28571428571429
44,215,28,-7.28571428571429
44,216,134,76.8985507246377
44,217,375,206.223076923077
44,218,121,-63.9090909090909
44,219,-365,-299.516129032258
44,220,-100,-147.733333333333
44,221,23,-47.9292604501608
44,222,89,33.2317073170732
44,223,-12,5.04444444444444
44,224,-1,-7.28571428571429
44,225,-2,-7.28571428571429
44,226,152,119.324561403509
44,227,272,307.977272727273
44,228,58,-63.9090909090909
44,229,-244,-185.730769230769
44,230,-130,-147.733333333333
44,231,-110,-47.9292604501608
44,232,-50,-47.9292604501608
44,233,-125,-47.9292604501608
44,234,-64,-47.9292604501608
44,235,-37,-12.4878048780488
44,236,-10,0.730769230769231
44,237,-7,-7.28571428571429
44,238,1,-7.28571428571429
44,239,28,-7.28571428571429
44,240,136,76.8985507246377
44,241,356,206.223076923077
44,242,155,-63.9090909090909
44,243,-344,-299.516129032258
44,244,-127,-19.1
44,245,27,-47.9292604501608
44,246,99,33.2317073170732
44,247,-21,5.04444444444444
44,248,-50,-7.28571428571429
44,249,68,-12.4878048780488
44,250,133,137.844660194175
44,251,403,307.977272727273
44,252,-56,-232.971962616822
44,253,-211,-185.730769230769
44,254,-124,-147.733333333333
44,255,-165,-47.9292604501608
44,256,-85,-47.9292604501608
44,257,-51,-47.9292604501608
44,258,-100,-47.9292604501608
44,259,-48,-12.4878048780488
44,260,-10,-12.4878048780488
44,261,-11,-7.28571428571429
44,262,2,-7.28571428571429
44,263,19,-7.28571428571429
44,264,110,76.8985507246377
44,265,289,206.223076923077
44,266,272,206.223076923077
44,267,-318,-299.516129032258
44,268,-133,-141.457627118644
44,269,15,34.6153846153846
44,270,105,33.2317073170732
44,271,47,5.04444444444444
44,272,-43,-18.1643835616438
44,273,24,-12.4878048780488
44,274,126,119.324561403509
44,275,270,307.977272727273
44,276,-70,-57.8333333333333
44,277,-168,-185.730769230769
44,278,-147,-147.733333333333
44,279,-69,-47.9292604501608
44,280,-48,-47.9292604501608
44,281,-76,-47.9292604501608
44,282,-9,-12.4878048780488
44,283,-83,-7.28571428571429
44,284,-34,-12.4878048780488
44,285,-49,-7.28571428571429
44,286,-32,-47.9292604501608
44,287,11,-7.28571428571429
44,288,61,76.8985507246377
44,289,7,183.560606060606
44,290,157,-7.28571428571429
44,291,96,105.588235294118
44,292,126,-19.1
44,293,103,105.588235294118
44,294,-38,-137.266666666667
44,295,54,-7.28571428571429
44,296,8,1.4
44,297,-38,-7.28571428571429
44,298,-21,-7.28571428571429
44,299,-39,-7.28571428571429
44,300,-44,-7.28571428571429
44,301,-91,-144.166666666667
44,302,3,-47.9292604501608
44,303,-47,-7.28571428571429
44,304,-102,-47.9292604501608
44,305,16,-47.9292604501608
44,306,-72,76.8985507246377
44,307,-42,-12.4878048780488
44,308,-43,-47.9292604501608
44,309,-44,-47.9292604501608
44,310,-19,-12.4878048780488
44,311,3,-7.28571428571429
44,312,17,-7.28571428571429
44,313,32,33.2317073170732
44,314,119,76.8985507246377
44,315,85,141.893617021277
44,316,147,141.893617021277
44,317,86,105.588235294118
44,318,3,-19.1
44,319,-10,-7.28571428571429
44,320,8,-7.28571428571429
44,321,-25,-7.28571428571429
44,322,33,-7.28571428571429
44,323,13,-18.1643835616438
44,324,-31,-18.1643835616438
44,325,-115,-7.28571428571429
44,326,-12,-47.9292604501608
44,327,-110,-7.28571428571429
44,328,-94,-47.9292604501608
44,329,-49,-47.9292604501608
44,330,-69,-47.9292604501608
44,331,-17,-12.4878048780488
44,332,-7,-7.28571428571429
44,333,-11,-7.28571428571429
44,334,1,-7.28571428571429
44,335,30,-7.28571428571429
44,336,107,76.8985507246377
44,337,359,206.223076923077
44,338,148,206.223076923077
44,339,-335,-299.516129032258
44,340,-169,-19.1
44,341,55,-47.9292604501608
44,342,59,5.04444444444444
44,343,-13,5.04444444444444
44,344,11,-7.28571428571429
44,345,0,-18.1643835616438
44,346,168,119.324561403509
44,347,373,307.977272727273
44,348,31,-63.9090909090909
44,349,-235,-141.457627118644
44,350,-202,-147.733333333333
44,351,-144,-47.9292604501608
44,352,-86,-47.9292604501608
44,353,-84,-47.9292604501608
44,354,-52,-47.9292604501608
44,355,-12,-12.4878048780488
44,356,-10,0.730769230769231
44,357,6,-7.28571428571429
44,358,-8,-7.28571428571429
44,359,25,-7.28571428571429
44,360,107,76.8985507246377
44,361,167,197.621621621622
44,362,310,206.223076923077
44,363,-328,-232.971962616822
44,364,-160,-141.457627118644
44,365,-60,34.6153846153846
44,366,30,-47.9292604501608
44,367,-36,-18.1643835616438
44,368,1,-7.28571428571429
44,369,56,-7.28571428571429
44,370,123,137.844660194175
44,371,442,307.977272727273
44,372,-28,105.588235294118
44,373,-162,-185.730769230769
44,374,-105,-147.733333333333
44,375,-112,-47.9292604501608
44,376,-67,-47.9292604501608
44,377,-118,-47.9292604501608
44,378,-55,-47.9292604501608
44,379,-6,-12.4878048780488
44,380,-24,0.730769230769231
44,381,4,-7.28571428571429
44,382,2,-7.28571428571429
44,383,30,-7.28571428571429
44,384,154,76.8985507246377
44,385,311,197.621621621622
44,386,208,-63.9090909090909
44,387,-361,-299.516129032258
44,388,-154,-141.457627118644
44,389,48,-47.9292604501608
44,390,88,5.04444444444444
44,391,-79,5.04444444444444
44,392,65,-47.9292604501608
44,393,-39,1.4
44,394,111,119.324561403509
44,395,465,307.977272727273
44,396,-113,-57.8333333333333
44,397,-73,-141.457627118644
44,398,-223,-147.733333333333
44,399,-52,-47.9292604501608
44,400,-158,-47.9292604501608
44,401,-85,-47.9292604501608
44,402,-105,-12.4878048780488
44,403,-27,-12.4878048780488
44,404,-12,0.730769230769231
44,405,-4,-7.28571428571429
44,406,1,-7.28571428571429
44,407,34,-7.28571428571429
44,408,141,76.8985507246377
44,409,325,206.223076923077
44,410,213,-63.9090909090909
44,411,-362,-299.516129032258
44,412,-178,-141.457627118644
44,413,49,-47.9292604501608
44,414,37,5.04444444444444
44,415,19,-18.1643835616438
44,416,14,-18.1643835616438
44,417,26,-18.1643835616438
44,418,114,119.324561403509
44,419,429,307.977272727273
44,420,-44,-57.8333333333333
44,421,-244,-141.457627118644
44,422,-144,-147.733333333333
44,423,-98,-47.9292604501608
44,424,-95,-47.9292604501608
44,425,-70,-47.9292604501608
44,426,-78,-47.9292604501608
44,427,-43,-12.4878048780488
44,428,-36,-12.4878048780488
44,429,-10,-7.28571428571429
44,430,9,-7.28571428571429
44,431,19,-7.28571428571429
44,432,118,76.8985507246377
44,433,279,206.223076923077
44,434,223,141.893617021277
44,435,-287,-141.457627118644
44,436,-150,-141.457627118644
44,437,70,-47.9292604501608
44,438,117,5.04444444444444
44,439,-10,-57.8333333333333
44,440,-17,-7.28571428571429
44,441,1,-7.28571428571429
44,442,181,119.324561403509
44,443,265,307.977272727273
44,444,-130,-63.9090909090909
44,445,-226,-185.730769230769
44,446,-82,-147.733333333333
44,447,-52,-144.166666666667
44,448,-12,-47.9292604501608
44,449,-99,-7.28571428571429
44,450,-85,-12.4878048780488
44,451,-42,-12.4878048780488
44,452,-28,-12.4878048780488
44,453,-40,-7.28571428571429
44,454,-19,-7.28571428571429
44,455,15,-7.28571428571429
44,456,24,76.8985507246377
44,457,31,76.8985507246377
44,458,126,76.8985507246377
44,459,163,141.893617021277
44,460,68,141.893617021277
44,461,131,-141.457627118644
44,462,37,-137.266666666667
44,463,14,-19.1
44,464,-44,33.2317073170732
44,465,10,-47.9292604501608
44,466,-41,-18.1643835616438
44,467,51,-144.166666666667
44,468,-22,5.04444444444444
44,469,-110,-7.28571428571429
44,470,-109,-144.166666666667
44,471,-62,-47.9292604501608
44,472,-10,-47.9292604501608
44,473,-97,-7.28571428571429
44,474,-35,-47.9292604501608
44,475,-60,-7.28571428571429
44,476,-14,-12.4878048780488
44,477,-46,-7.28571428571429
44,478,-10,-47.9292604501608
44,479,-1,-7.28571428571429
44,480,6,-7.28571428571429
44,481,25,-7.28571428571429
44,482,71,76.8985507246377
44,483,155,137.844660194175
44,484,162,141.893617021277
44,485,110,-232.971962616822
44,486,69,-141.457627118644
44,487,-1,1.4
44,488,-32,-7.28571428571429
44,489,-119,-7.28571428571429
44,490,117,-47.9292604501608
44,491,13,5.04444444444444
44,492,-80,-18.1643835616438
44,493,-123,-144.166666666667
44,494,-88,-47.9292604501608
44,495,-56,-12.4878048780488
44,496,-93,-47.9292604501608
44,497,-45,-47.9292604501608
44,498,-68,-12.4878048780488
44,499,-26,-12.4878048780488
44,500,-5,-7.28571428571429
44,501,-5,-7.28571428571429
44,502,5,-7.28571428571429
44,503,14,-7.28571428571429
44,504,14,76.8985507246377
44,505,108,76.8985507246377
44,506,329,141.893617021277
44,507,-224,159.551724137931
44,508,-159,-141.457627118644
44,509,30,34.6153846153846
44,510,47,33.2317073170732
44,511,57,33.2317073170732
44,512,-6,5.04444444444444
44,513,18,-7.28571428571429
44,514,95,33.2317073170732
44,515,391,255.724770642202
44,516,-81,-57.8333333333333
44,517,-179,-185.730769230769
44,518,-101,-147.733333333333
44,519,-89,-47.9292604501608
44,520,-109,-47.9292604501608
44,521,-90,-47.9292604501608
44,522,-39,-12.4878048780488
44,523,-21,-7.28571428571429
44,524,1,0.730769230769231
44,525,-7,-7.28571428571429
44,526,2,-7.28571428571429
44,527,27,-7.28571428571429
44,528,124,76.8985507246377
44,529,319,206.223076923077
44,530,193,206.223076923077
44,531,-345,-299.516129032258
44,532,-148,-141.457627118644
44,533,50,-47.9292604501608
44,534,62,5.04444444444444
44,535,-20,5.04444444444444
44,536,-45,-7.28571428571429
44,537,32,-12.4878048780488
44,538,75,119.324561403509
44,539,477,307.977272727273
44,540,-16,-57.8333333333333
44,541,-281,-185.730769230769
44,542,-56,-147.733333333333
44,543,-182,-47.9292604501608
44,544,15,-47.9292604501608
44,545,-166,-18.1643835616438
44,546,-72,-47.9292604501608
44,547,-26,-12.4878048780488
44,548,-21,119.324561403509
44,549,2,-7.28571428571429
44,550,-1,-7.28571428571429
44,551,32,-7.28571428571429
44,552,126,33.2317073170732
44,553,299,206.223076923077
44,554,179,206.223076923077
44,555,-327,-299.516129032258
44,556,-149,-141.457627118644
44,557,21,-47.9292604501608
44,558,-8,33.2317073170732
44,559,31,-7.28571428571429
44,560,-21,-18.1643835616438
44,561,-11,-7.28571428571429
44,562,156,119.324561403509
44,563,356,307.977272727273
44,564,-19,-19.1
44,565,-133,-185.730769230769
44,566,-132,-147.733333333333
44,567,-63,-47.9292604501608
44,568,-87,-47.9292604501608
44,569,-134,-47.9292604501608
44,570,-54,-47.9292604501608
44,571,-51,-12.4878048780488
44,572,0,-12.4878048780488
44,573,-7,-7.28571428571429
44,574,1,-7.28571428571429
44,575,28,-7.28571428571429
44,576,110,76.8985507246377
44,577,313,206.223076923077
44,578,127,206.223076923077
44,579,-334,-299.516129032258
44,580,-106,-147.733333333333
44,581,11,-47.9292604501608
44,582,54,33.2317073170732
44,583,-43,5.04444444444444
44,584,4,-47.9292604501608
44,585,18,-7.28571428571429
44,586,126,119.324561403509
44,587,295,307.977272727273
44,588,25,-57.8333333333333
44,589,-141,-185.730769230769
44,590,-63,-147.733333333333
44,591,-125,-47.9292604501608
44,592,-68,-47.9292604501608
44,593,-97,-47.9292604501608
44,594,-53,-47.9292604501608
44,595,-62,-12.4878048780488
44,596,-19,-144.166666666667
44,597,-5,-7.28571428571429
44,598,3,-7.28571428571429
44,599,28,-7.28571428571429
44,600,84,76.8985507246377
44,601,237,206.223076923077
44,602,254,141.893617021277
44,603,-280,-299.516129032258
44,604,-148,-141.457627118644
44,605,51,34.6153846153846
44,606,18,5.04444444444444
44,607,46,-18.1643835616438
44,608,-37,-18.1643835616438
44,609,21,-7.28571428571429
44,610,96,119.324561403509
44,611,266,255.724770642202
44,612,-141,-57.8333333333333
44,613,-143,-185.730769230769
44,614,-160,-147.733333333333
44,615,15,-47.9292604501608
44,616,-20,76.8985507246377
44,617,-23,-7.28571428571429
44,618,-58,-7.28571428571429
44,619,7,-12.4878048780488
44,620,-30,119.324561403509
44,621,-51,-7.28571428571429
44,622,-23,-47.9292604501608
44,623,-7,-7.28571428571429
44,624,35,-7.28571428571429
44,625,31,76.8985507246377
44,626,89,76.8985507246377
44,627,165,206.223076923077
44,628,162,141.893617021277
44,629,22,-141.457627118644
44,630,86,-141.457627118644
44,631,-38,1.4
44,632,45,-7.28571428571429
44,633,-126,-18.1643835616438
44,634,30,-47.9292604501608
44,635,17,-18.1643835616438
44,636,-49,119.324561403509
44,637,-56,-144.166666666667
44,638,-39,-47.9292604501608
44,639,-64,-7.28571428571429
44,640,-43,-47.9292604501608
44,641,-54,-47.9292604501608
44,642,-62,-47.9292604501608
44,643,-36,-47.9292604501608
44,644,-13,-7.28571428571429
44,645,-54,-7.28571428571429
44,646,-47,-47.9292604501608
44,647,-5,-47.9292604501608
44,648,17,-7.28571428571429
44,649,46,76.8985507246377
44,650,70,76.8985507246377
44,651,91,183.560606060606
44,652,220,105.588235294118
44,653,54,105.588235294118
44,654,50,-141.457627118644
44,655,29,1.4
44,656,-34,-18.1643835616438
44,657,-64,-7.28571428571429
44,658,-26,-47.9292604501608
44,659,71,-7.28571428571429
44,660,2,5.04444444444444
44,661,-111,0.730769230769231
44,662,-91,-47.9292604501608
44,663,-79,-47.9292604501608
44,664,-75,-47.9292604501608
44,665,-91,-47.9292604501608
44,666,-19,-47.9292604501608
44,667,-37,-7.28571428571429
44,668,-17,-7.28571428571429
44,669,-9,-7.28571428571429
44,670,-1,-7.28571428571429
44,671,39,-7.28571428571429
44,672,115,76.8985507246377
44,673,327,206.223076923077
44,674,123,105.588235294118
44,675,-340,-299.516129032258
44,676,-84,-147.733333333333
44,677,-3,-47.9292604501608
44,678,89,-7.28571428571429
44,679,-10,5.04444444444444
44,680,-9,-7.28571428571429
44,681,-18,-7.28571428571429
44,682,181,119.324561403509
44,683,419,307.977272727273
44,684,-42,-63.9090909090909
44,685,-209,-185.730769230769
44,686,-107,-147.733333333333
44,687,-144,-47.9292604501608
44,688,-144,-47.9292604501608
44,689,-84,-47.9292604501608
44,690,-66,-47.9292604501608
44,691,-7,-12.4878048780488
44,692,-21,0.730769230769231
44,693,0,-7.28571428571429
44,694,1,-7.28571428571429
44,695,29,-7.28571428571429
44,696,149,76.8985507246377
44,697,364,206.223076923077
44,698,104,-63.9090909090909
44,699,-328,-185.730769230769
44,700,-138,-147.733333333333
44,701,45,-47.9292604501608
44,702,73,33.2317073170732
44,703,-2,5.04444444444444
44,704,-39,-7.28571428571429
44,705,50,-7.28571428571429
44,706,99,137.844660194175
44,707,484,307.977272727273
44,708,-76,-137.266666666667
44,709,-212,-185.730769230769
44,710,-107,-147.733333333333
44,711,-177,-47.9292604501608
44,712,-83,-47.9292604501608
44,713,-114,-47.9292604501608
44,714,-77,-12.4878048780488
44,715,-31,-12.4878048780488
44,716,-9,0.730769230769231
44,717,-6,-7.28571428571429
44,718,3,-7.28571428571429
44,719,25,-7.28571428571429
44,720,164,76.8985507246377
44,721,327,206.223076923077
44,722,160,-63.9090909090909
44,723,-405,-299.516129032258
44,724,-110,-141.457627118644
44,725,37,-47.9292604501608
44,726,113,33.2317073170732
44,727,-1,5.04444444444444
44,728,-51,-7.28571428571429
44,729,-21,-12.4878048780488
44,730,143,119.324561403509
44,731,451,307.977272727273
44,732,-39,-63.9090909090909
44,733,-161,-185.730769230769
44,734,-198,-147.733333333333
44,735,-78,-47.9292604501608
44,736,-70,-47.9292604501608
44,737,-138,-47.9292604501608
44,738,-105,-47.9292604501608
44,739,-29,-12.4878048780488
44,740,-12,0.730769230769231
44,741,-6,-7.28571428571429
44,742,4,-7.28571428571429
44,743,36,-7.28571428571429
44,744,146,76.8985507246377
44,745,315,206.223076923077
44,746,109,-63.9090909090909
44,747,-266,-299.516129032258
44,748,-167,-147.733333333333
44,749,27,-47.9292604501608
44,750,65,-18.1643835616438
44,751,-40,5.04444444444444
44,752,18,-7.28571428571429
44,753,-35,-18.1643835616438
44,754,168,119.324561403509
44,755,318,255.724770642202
44,756,-8,-63.9090909090909
44,757,-126,-141.457627118644
44,758,-101,-147.733333333333
44,759,-72,-47.9292604501608
44,760,-124,-47.9292604501608
44,761,-103,-47.9292604501608
44,762,-57,-47.9292604501608
44,763,-72,-12.4878048780488
44,764,-24,-12.4878048780488
44,765,-10,-7.28571428571429
44,766,2,-7.28571428571429
44,767,35,-7.28571428571429
44,768,118,76.8985507246377
44,769,217,206.223076923077
44,770,244,206.223076923077
44,771,-324,-299.516129032258
44,772,-129,-141.457627118644
44,773,17,34.6153846153846
44,774,38,-18.1643835616438
44,775,13,-18.1643835616438
44,776,-6,-18.1643835616438
44,777,-3,-7.28571428571429
44,778,121,119.324561403509
44,779,188,307.977272727273
44,780,-75,-57.8333333333333
44,781,-101,-185.730769230769
44,782,-55,-47.9292604501608
44,783,-72,-47.9292604501608
44,784,-73,-47.9292604501608
44,785,-115,-47.9292604501608
44,786,21,-12.4878048780488
44,787,-11,33.2317073170732
44,788,3,0.730769230769231
44,789,-38,-7.28571428571429
44,790,-5,-7.28571428571429
44,791,-8,-7.28571428571429
44,792,32,-7.28571428571429
44,793,50,76.8985507246377
44,794,102,183.560606060606
44,795,81,159.551724137931
44,796,129,105.588235294118
44,797,48,-137.266666666667
44,798,19,-17.4444444444444
44,799,-43,76.8985507246377
44,800,-19,-47.9292604501608
44,801,-5,-7.28571428571429
44,802,-31,-7.28571428571429
44,803,-11,-7.28571428571429
44,804,-23,-7.28571428571429
44,805,35,-7.28571428571429
44,806,-82,33.2317073170732
44,807,-79,-47.9292604501608
44,808,-41,-47.9292604501608
44,809,-20,-47.9292604501608
44,810,-3,-7.28571428571429
44,811,-56,-7.28571428571429
44,812,-3,-12.4878048780488
44,813,-57,-7.28571428571429
44,814,-29,-47.9292604501608
44,815,6,-7.28571428571429
44,816,17,-7.28571428571429
44,817,23,76.8985507246377
44,818,92,33.2317073170732
44,819,77,159.551724137931
44,820,147,183.560606060606
44,821,11,105.588235294118
44,822,56,-19.1
44,823,-13,1.4
44,824,24,-7.28571428571429
44,825,-99,-18.1643835616438
44,826,-32,-47.9292604501608
44,827,100,-7.28571428571429
44,828,-43,5.04444444444444
44,829,12,-144.166666666667
44,830,-50,33.2317073170732
44,831,-74,-12.4878048780488
44,832,-107,-47.9292604501608
44,833,-41,-47.9292604501608
44,834,-67,-47.9292604501608
44,835,-26,-47.9292604501608
44,836,-2,-7.28571428571429
44,837,-10,-7.28571428571429
44,838,7,-7.28571428571429
44,839,28,-7.28571428571429
44,840,96,76.8985507246377
44,841,262,206.223076923077
44,842,170,141.893617021277
44,843,-273,-299.516129032258
44,844,-121,-141.457627118644
44,845,27,-47.9292604501608
44,846,56,33.2317073170732
44,847,-21,5.04444444444444
44,848,-6,-7.28571428571429
44,849,4,-7.28571428571429
44,850,131,119.324561403509
44,851,382,255.724770642202
44,852,-17,-63.9090909090909
44,853,-149,-185.730769230769
44,854,-186,-147.733333333333
44,855,-137,-47.9292604501608
44,856,-70,-47.9292604501608
44,857,-86,-47.9292604501608
44,858,-49,-47.9292604501608
44,859,-39,-12.4878048780488
44,860,-4,0.730769230769231
44,861,-8,-7.28571428571429
44,862,4,-7.28571428571429
44,863,29,-7.28571428571429
44,864,119,76.8985507246377
44,865,329,206.223076923077
44,866,163,141.893617021277
44,867,-374,-299.516129032258
44,868,-63,-141.457627118644
44,869,8,-47.9292604501608
44,870,55,-7.28571428571429
44,871,11,5.04444444444444
44,872,27,-18.1643835616438
44,873,91,-18.1643835616438
44,874,126,197.621621621622
44,875,195,307.977272727273
44,876,-95,-137.266666666667
44,877,-130,-141.457627118644
44,878,-121,-47.9292604501608
44,879,-180,-47.9292604501608
44,880,-19,-47.9292604501608
44,881,-6,-7.28571428571429
44,882,-12,-7.28571428571429
44,883,-36,-7.28571428571429
44,884,-30,119.324561403509
44,885,-61,-7.28571428571429
44,886,-16,-47.9292604501608
44,887,3,-7.28571428571429
44,888,13,-7.28571428571429
44,889,40,76.8985507246377
44,890,81,76.8985507246377
44,891,140,197.621621621622
44,892,154,105.588235294118
44,893,38,-19.1
44,894,9,-19.1
44,895,5,-7.28571428571429
44,896,48,-7.28571428571429
44,897,-93,5.04444444444444
44,898,-65,-47.9292604501608
44,899,25,-47.9292604501608
44,900,16,-18.1643835616438
44,901,2,33.2317073170732
44,902,119,-7.28571428571429
44,903,33,159.551724137931
44,904,-82,33.2317073170732
44,905,-319,-47.9292604501608
44,906,-95,-47.9292604501608
44,907,-58,-47.9292604501608
44,908,-12,-47.9292604501608
44,909,-11,-7.28571428571429
44,910,0,-7.28571428571429
44,911,22,-7.28571428571429
44,912,104,76.8985507246377
44,913,210,307.977272727273
44,914,207,206.223076923077
44,915,-257,-299.516129032258
44,916,-107,-141.457627118644
44,917,58,-47.9292604501608
44,918,32,5.04444444444444
44,919,34,-18.1643835616438
44,920,-69,-18.1643835616438
44,921,13,-12.4878048780488
44,922,179,119.324561403509
44,923,256,255.724770642202
44,924,-82,-141.457627118644
44,925,-104,-185.730769230769
44,926,-182,-147.733333333333
44,927,2,-47.9292604501608
44,928,-98,-7.28571428571429
44,929,-94,-47.9292604501608
44,930,-29,-12.4878048780488
44,931,-73,119.324561403509
44,932,-12,-12.4878048780488
44,933,-10,-7.28571428571429
44,934,-1,-7.28571428571429
44,935,29,-7.28571428571429
44,936,96,76.8985507246377
44,937,222,206.223076923077
44,938,232,206.223076923077
44,939,-281,-299.516129032258
44,940,-94,-141.457627118644
44,941,23,34.6153846153846
44,942,98,33.2317073170732
44,943,-38,5.04444444444444
44,944,-18,-7.28571428571429
44,945,10,-7.28571428571429
44,946,84,119.324561403509
44,947,207,255.724770642202
44,948,-16,-57.8333333333333
44,949,-142,-185.730769230769
44,950,-82,-47.9292604501608
44,951,-36,-47.9292604501608
44,952,-12,-7.28571428571429
44,953,-124,-7.28571428571429
44,954,-14,-47.9292604501608
44,955,-79,-7.28571428571429
44,956,-13,-12.4878048780488
44,957,-27,-7.28571428571429
44,958,-15,-7.28571428571429
44,959,-2,-7.28571428571429
44,960,17,-7.28571428571429
44,961,40,76.8985507246377
44,962,81,76.8985507246377
44,963,104,206.223076923077
44,964,69,105.588235294118
44,965,42,-17.4444444444444
44,966,-25,76.8985507246377
44,967,18,-7.28571428571429
44,968,-52,-18.1643835616438
44,969,-2,-47.9292604501608
44,970,-12,-7.28571428571429
44,971,-15,-7.28571428571429
44,972,-2,-7.28571428571429
44,973,10,-7.28571428571429
44,974,-11,76.8985507246377
44,975,-75,-7.28571428571429
44,976,19,-47.9292604501608
44,977,-72,33.2317073170732
44,978,-1,-47.9292604501608
44,979,-23,-7.28571428571429
44,980,-54,-7.28571428571429
44,981,-35,-12.4878048780488
44,982,-22,-7.28571428571429
44,983,-7,-7.28571428571429
44,984,15,-7.28571428571429
44,985,31,76.8985507246377
44,986,78,33.2317073170732
44,987,112,137.844660194175
44,988,77,141.893617021277
44,989,70,105.588235294118
44,990,-13,-17.4444444444444
44,991,-39,-7.28571428571429
44,992,-25,-7.28571428571429
44,993,-14,-7.28571428571429
44,994,-7,-7.28571428571429
44,995,-21,-7.28571428571429
44,996,-17,-7.28571428571429
44,997,-3,-7.28571428571429
44,998,35,-7.28571428571429
44,999,-78,76.8985507246377
44,1000,-85,-47.9292604501608
44,1001,1,-47.9292604501608
44,1002,-84,-7.28571428571429
44,1003,-21,-47.9292604501608
44,1004,-13,-7.28571428571429
44,1005,0,-7.28571428571429
44,1006,-3,-7.28571428571429
44,1007,26,-7.28571428571429
44,1008,64,76.8985507246377
44,1009,138,183.560606060606
44,1010,225,206.223076923077
44,1011,-92,-232.971962616822
44,1012,-188,-141.457627118644
44,1013,41,-47.9292604501608
44,1014,50,33.2317073170732
44,1015,-11,5.04444444444444
44,1016,-13,-7.28571428571429
44,1017,38,-7.28571428571429
44,1018,133,33.2317073170732
44,1019,436,206.223076923077
44,1020,23,-63.9090909090909
44,1021,-241,-185.730769230769
44,1022,-184,-147.733333333333
44,1023,-116,-47.9292604501608
44,1024,-107,-47.9292604501608
44,1025,-93,-47.9292604501608
44,1026,-62,-47.9292604501608
44,1027,-54,-12.4878048780488
44,1028,1,-12.4878048780488
44,1029,-13,-7.28571428571429
44,1030,1,-7.28571428571429
44,1031,38,-7.28571428571429
44,1032,145,76.8985507246377
44,1033,333,206.223076923077
44,1034,129,-63.9090909090909
44,1035,-318,-299.516129032258
44,1036,-141,-147.733333333333
44,1037,59,-47.9292604501608
44,1038,23,5.04444444444444
44,1039,8,-18.1643835616438
44,1040,-38,-7.28571428571429
44,1041,23,-7.28571428571429
44,1042,170,119.324561403509
44,1043,437,307.977272727273
44,1044,-53,-141.457627118644
44,1045,-405,-185.730769230769
44,1046,-330,-147.733333333333
44,1047,6,-47.9292604501608
44,1048,49,-7.28571428571429
44,1049,-36,5.04444444444444
44,1050,-59,-7.28571428571429
44,1051,-30,-12.4878048780488
44,1052,-9,119.324561403509
44,1053,0,-7.28571428571429
44,1054,2,-7.28571428571429
44,1055,34,-7.28571428571429
44,1056,144,33.2317073170732
44,1057,312,206.223076923077
44,1058,177,-63.9090909090909
44,1059,-346,-299.516129032258
44,1060,-133,-141.457627118644
44,1061,34,-47.9292604501608
44,1062,63,-18.1643835616438
44,1063,-19,5.04444444444444
44,1064,-32,-7.28571428571429
44,1065,35,-7.28571428571429
44,1066,135,119.324561403509
44,1067,419,307.977272727273
44,1068,-16,-63.9090909090909
44,1069,-181,-185.730769230769
44,1070,-150,-147.733333333333
44,1071,-92,-47.9292604501608
44,1072,-147,-47.9292604501608
44,1073,-92,-47.9292604501608
44,1074,-96,-47.9292604501608
44,1075,-35,-12.4878048780488
44,1076,-12,0.730769230769231
44,1077,1,-7.28571428571429
44,1078,-5,-7.28571428571429
44,1079,39,-7.28571428571429
44,1080,134,76.8985507246377
44,1081,334,206.223076923077
44,1082,190,-63.9090909090909
44,1083,-375,-299.516129032258
44,1084,-113,-141.457627118644
44,1085,1,-47.9292604501608
44,1086,77,-7.28571428571429
44,1087,-15,5.04444444444444
44,1088,-68,-7.28571428571429
44,1089,62,-12.4878048780488
44,1090,168,137.844660194175
44,1091,356,307.977272727273
44,1092,30,-232.971962616822
44,1093,-196,-185.730769230769
44,1094,-115,-147.733333333333
44,1095,-141,-47.9292604501608
44,1096,-55,-47.9292604501608
44,1097,-107,-47.9292604501608
44,1098,-116,-47.9292604501608
44,1099,-36,-12.4878048780488
44,1100,-42,0.730769230769231
44,1101,-8,-12.4878048780488
44,1102,2,-7.28571428571429
44,1103,23,-7.28571428571429
44,1104,93,76.8985507246377
44,1105,253,206.223076923077
44,1106,333,206.223076923077
44,1107,-299,-299.516129032258
44,1108,-146,-141.457627118644
44,1109,20,34.6153846153846
44,1110,91,33.2317073170732
44,1111,-5,5.04444444444444
44,1112,-5,-7.28571428571429
44,1113,-16,-7.28571428571429
44,1114,139,119.324561403509
44,1115,343,307.977272727273
44,1116,-204,-63.9090909090909
44,1117,-143,-185.730769230769
44,1118,-99,34.6153846153846
44,1119,-90,-47.9292604501608
44,1120,-36,-47.9292604501608
44,1121,-51,-7.28571428571429
44,1122,-21,-12.4878048780488
44,1123,-73,-7.28571428571429
44,1124,-17,-12.4878048780488
44,1125,-61,-7.28571428571429
44,1126,-31,-47.9292604501608
44,1127,-4,-7.28571428571429
44,1128,30,-7.28571428571429
44,1129,13,76.8985507246377
44,1130,103,76.8985507246377
44,1131,131,206.223076923077
44,1132,119,197.621621621622
44,1133,38,-19.1
44,1134,60,76.8985507246377
44,1135,92,1.4
44,1136,41,1.4
44,1137,-72,-18.1643835616438
44,1138,6,-47.9292604501608
44,1139,-108,-7.28571428571429
44,1140,-107,-144.166666666667
44,1141,80,-144.166666666667
44,1142,-75,5.04444444444444
44,1143,-87,-12.4878048780488
44,1144,-44,-47.9292604501608
44,1145,-14,-12.4878048780488
44,1146,-24,-7.28571428571429
44,1147,-19,-7.28571428571429
44,1148,-53,-7.28571428571429
44,1149,-58,-12.4878048780488
44,1150,-38,-47.9292604501608
44,1151,-10,-7.28571428571429
44,1152,6,-7.28571428571429
44,1153,32,-7.28571428571429
44,1154,86,76.8985507246377
44,1155,88,206.223076923077
44,1156,161,141.893617021277
44,1157,69,105.588235294118
44,1158,38,-141.457627118644
44,1159,-9,76.8985507246377
44,1160,-4,-7.28571428571429
44,1161,13,-7.28571428571429
44,1162,6,-18.1643835616438
44,1163,-59,-7.28571428571429
44,1164,-124,-47.9292604501608
44,1165,0,-144.166666666667
44,1166,-18,-7.28571428571429
44,1167,-71,-7.28571428571429
44,1168,-93,-47.9292604501608
44,1169,-39,-47.9292604501608
44,1170,-48,-7.28571428571429
44,1171,-32,-47.9292604501608
44,1172,4,-7.28571428571429
44,1173,-9,-7.28571428571429
44,1174,6,-7.28571428571429
44,1175,38,-7.28571428571429
44,1176,90,76.8985507246377
44,1177,343,206.223076923077
44,1178,184,105.588235294118
44,1179,-319,-299.516129032258
44,1180,-162,-141.457627118644
44,1181,-4,-47.9292604501608
44,1182,55,-7.28571428571429
44,1183,2,5.04444444444444
44,1184,-27,-7.28571428571429
44,1185,25,-7.28571428571429
44,1186,149,119.324561403509
44,1187,369,307.977272727273
44,1188,39,-63.9090909090909
44,1189,-199,-185.730769230769
44,1190,-141,-147.733333333333
44,1191,-126,-47.9292604501608
44,1192,-44,-47.9292604501608
44,1193,-118,-47.9292604501608
44,1194,-113,-47.9292604501608
44,1195,-28,-12.4878048780488
44,1196,-18,0.730769230769231
44,1197,-4,-7.28571428571429
44,1198,4,-7.28571428571429
44,1199,31,-7.28571428571429
44,1200,175,76.8985507246377
44,1201,313,206.223076923077
44,1202,135,-63.9090909090909
44,1203,-341,-299.516129032258
44,1204,-161,-19.1
44,1205,47,-47.9292604501608
44,1206,48,33.2317073170732
44,1207,-33,5.04444444444444
44,1208,-7,-7.28571428571429
44,1209,30,119.324561403509
44,1210,137,119.324561403509
44,1211,389,307.977272727273
44,1212,2,-63.9090909090909
44,1213,-225,-185.730769230769
44,1214,-120,-147.733333333333
44,1215,-94,-47.9292604501608
44,1216,-89,-47.9292604501608
44,1217,-83,-47.9292604501608
44,1218,-108,-47.9292604501608
44,1219,-37,-12.4878048780488
44,1220,-8,0.730769230769231
44,1221,-4,-7.28571428571429
44,1222,2,-7.28571428571429
44,1223,40,-7.28571428571429
44,1224,116,76.8985507246377
44,1225,333,206.223076923077
44,1226,184,105.588235294118
44,1227,-382,-299.516129032258
44,1228,-159,-141.457627118644
44,1229,45,-47.9292604501608
44,1230,19,-18.1643835616438
44,1231,1,-18.1643835616438
44,1232,-33,-7.28571428571429
44,1233,24,-7.28571428571429
44,1234,30,119.324561403509
44,1235,146,119.324561403509
44,1236,273,5.04444444444444
44,1237,-127,-63.9090909090909
44,1238,-150,-141.457627118644
44,1239,-47,-147.733333333333
44,1240,-31,-47.9292604501608
44,1241,-157,-7.28571428571429
44,1242,-65,-47.9292604501608
44,1243,-41,-12.4878048780488
44,1244,-18,-12.4878048780488
44,1245,-2,0.730769230769231
44,1246,3,-7.28571428571429
44,1247,32,-7.28571428571429
44,1248,112,76.8985507246377
44,1249,321,206.223076923077
44,1250,184,141.893617021277
44,1251,-339,-299.516129032258
44,1252,-120,-141.457627118644
44,1253,18,-47.9292604501608
44,1254,58,33.2317073170732
44,1255,-20,5.04444444444444
44,1256,-57,-7.28571428571429
44,1257,95,-12.4878048780488
44,1258,66,197.621621621622
44,1259,413,307.977272727273
44,1260,6,-137.266666666667
44,1261,-244,-185.730769230769
44,1262,-28,-147.733333333333
44,1263,-173,-7.28571428571429
44,1264,-264,-47.9292604501608
44,1265,-3,-47.9292604501608
44,1266,-31,-7.28571428571429
44,1267,-23,-7.28571428571429
44,1268,8,0.730769230769231
44,1269,17,-7.28571428571429
44,1270,-27,76.8985507246377
44,1271,33,-7.28571428571429
44,1272,84,76.8985507246377
44,1273,234,197.621621621622
44,1274,331,206.223076923077
44,1275,-318,-299.516129032258
44,1276,-140,-141.457627118644
44,1277,-21,34.6153846153846
44,1278,62,-7.28571428571429
44,1279,-118,5.04444444444444
44,1280,73,-47.9292604501608
44,1281,-13,1.4
44,1282,220,119.324561403509
44,1283,279,307.977272727273
44,1284,-93,-63.9090909090909
44,1285,-220,-141.457627118644
44,1286,-151,-147.733333333333
44,1287,-129,-47.9292604501608
44,1288,13,-47.9292604501608
44,1289,31,-18.1643835616438
44,1290,-63,-18.1643835616438
44,1291,-31,-12.4878048780488
44,1292,-12,119.324561403509
44,1293,-35,-7.28571428571429
44,1294,-9,-7.28571428571429
44,1295,1,-7.28571428571429
44,1296,-2,-7.28571428571429
44,1297,22,-7.28571428571429
44,1298,75,76.8985507246377
44,1299,95,183.560606060606
44,1300,61,206.223076923077
44,1301,37,-17.4444444444444
44,1302,152,76.8985507246377
44,1303,-103,-137.266666666667
44,1304,-11,-19.1
44,1305,37,-7.28571428571429
44,1306,-54,-18.1643835616438
44,1307,-85,-47.9292604501608
44,1308,-64,-47.9292604501608
44,1309,61,-12.4878048780488
44,1310,-24,137.844660194175
44,1311,-51,-7.28571428571429
44,1312,17,-47.9292604501608
44,1313,-31,33.2317073170732
44,1314,-36,-7.28571428571429
44,1315,17,-7.28571428571429
44,1316,-8,-18.1643835616438
44,1317,-79,-7.28571428571429
44,1318,-27,-47.9292604501608
44,1319,-10,-7.28571428571429
44,1320,13,-7.28571428571429
44,1321,19,76.8985507246377
44,1322,115,76.8985507246377
44,1323,105,206.223076923077
44,1324,121,141.893617021277
44,1325,126,105.588235294118
44,1326,-1,-17.4444444444444
44,1327,122,-7.28571428571429
44,1328,-10,-137.266666666667
44,1329,8,-7.28571428571429
44,1330,4,-7.28571428571429
44,1331,-72,-7.28571428571429
44,1332,-41,-47.9292604501608
44,1333,7,-144.166666666667
44,1334,-144,-7.28571428571429
44,1335,-33,-47.9292604501608
44,1336,-154,-7.28571428571429
44,1337,-68,-12.4878048780488
44,1338,-76,-47.9292604501608
44,1339,-20,-47.9292604501608
44,1340,-10,-7.28571428571429
44,1341,-15,-7.28571428571429
44,1342,6,-7.28571428571429
44,1343,43,-7.28571428571429
44,1344,106,76.8985507246377
44,1345,264,206.223076923077
44,1346,317,105.588235294118
44,1347,-393,-299.516129032258
44,1348,-145,-141.457627118644
44,1349,-2,34.6153846153846
44,1350,116,-7.28571428571429
44,1351,-74,5.04444444444444
44,1352,31,-47.9292604501608
44,1353,10,-18.1643835616438
44,1354,176,119.324561403509
44,1355,390,307.977272727273
44,1356,-106,-63.9090909090909
44,1357,-159,-141.457627118644
44,1358,-179,-147.733333333333
44,1359,-107,-144.166666666667
44,1360,-87,-47.9292604501608
44,1361,-95,-47.9292604501608
44,1362,-50,-12.4878048780488
44,1363,-47,-12.4878048780488
44,1364,-1,-12.4878048780488
44,1365,-10,-7.28571428571429
44,1366,0,-7.28571428571429
44,1367,44,-7.28571428571429
44,1368,140,76.8985507246377
44,1369,326,206.223076923077
44,1370,227,-63.9090909090909
44,1371,-404,-299.516129032258
44,1372,-121,-141.457627118644
44,1373,-17,-47.9292604501608
44,1374,28,-7.28571428571429
44,1375,44,-18.1643835616438
44,1376,-29,-18.1643835616438
44,1377,41,-7.28571428571429
44,1378,170,119.324561403509
44,1379,414,307.977272727273
44,1380,8,-141.457627118644
44,1381,-245,-185.730769230769
44,1382,-109,-147.733333333333
44,1383,-145,-47.9292604501608
44,1384,-109,-47.9292604501608
44,1385,-77,-47.9292604501608
44,1386,-126,-47.9292604501608
44,1387,-38,-12.4878048780488
44,1388,-16,0.730769230769231
44,1389,0,-7.28571428571429
44,1390,-8,-7.28571428571429
44,1391,55,-7.28571428571429
44,1392,131,183.560606060606
44,1393,317,206.223076923077
44,1394,281,-232.971962616822
44,1395,-446,-299.516129032258
44,1396,-111,-141.457627118644
44,1397,50,34.6153846153846
44,1398,29,5.04444444444444
44,1399,2,-18.1643835616438
44,1400,-65,-7.28571428571429
44,1401,70,-12.4878048780488
44,1402,167,137.844660194175
44,1403,429,307.977272727273
44,1404,-22,-232.971962616822
44,1405,-193,-185.730769230769
44,1406,-131,-147.733333333333
44,1407,-170,-47.9292604501608
44,1408,-119,-47.9292604501608
44,1409,-39,-47.9292604501608
44,1410,-147,-7.28571428571429
44,1411,-63,-12.4878048780488
44,1412,-8,-12.4878048780488
44,1413,-13,-7.28571428571429
44,1414,-4,-7.28571428571429
44,1415,38,-7.28571428571429
44,1416,139,76.8985507246377
44,1417,314,206.223076923077
44,1418,234,-63.9090909090909
44,1419,-385,-299.516129032258
44,1420,-122,-141.457627118644
44,1421,-10,34.6153846153846
44,1422,67,-7.28571428571429
44,1423,-37,5.04444444444444
44,1424,-29,-7.28571428571429
44,1425,25,-7.28571428571429
44,1426,136,119.324561403509
44,1427,364,307.977272727273
44,1428,-50,-63.9090909090909
44,1429,-74,-185.730769230769
44,1430,-168,-147.733333333333
44,1431,-175,-47.9292604501608
44,1432,-37,-47.9292604501608
44,1433,-89,-7.28571428571429
44,1434,-48,-47.9292604501608
44,1435,-43,-12.4878048780488
44,1436,-28,-12.4878048780488
44,1437,-14,-7.28571428571429
44,1438,-4,-7.28571428571429
44,1439,29,-7.28571428571429
44,1440,102,76.8985507246377
44,1441,271,206.223076923077
44,1442,266,206.223076923077
44,1443,-313,-299.516129032258
44,1444,-132,-141.457627118644
44,1445,20,34.6153846153846
44,1446,48,33.2317073170732
44,1447,15,5.04444444444444
44,1448,12,-18.1643835616438
44,1449,-3,-18.1643835616438
44,1450,176,119.324561403509
44,1451,200,307.977272727273
44,1452,-77,-141.457627118644
44,1453,-106,-141.457627118644
44,1454,-162,-47.9292604501608
44,1455,-94,-47.9292604501608
44,1456,-61,-47.9292604501608
44,1457,-10,-47.9292604501608
44,1458,2,-7.28571428571429
44,1459,-111,0.730769230769231
44,1460,10,-12.4878048780488
44,1461,-47,76.8985507246377
44,1462,-32,-47.9292604501608
44,1463,3,-7.28571428571429
44,1464,36,-7.28571428571429
44,1465,26,76.8985507246377
44,1466,87,33.2317073170732
44,1467,174,1.4
44,1468,58,141.893617021277
44,1469,62,-141.457627118644
44,1470,30,1.4
44,1471,11,-18.1643835616438
44,1472,-4,33.2317073170732
44,1473,3,-7.28571428571429
44,1474,-10,-7.28571428571429
44,1475,-8,-7.28571428571429
44,1476,2,119.324561403509
44,1477,-143,-7.28571428571429
44,1478,-105,-47.9292604501608
44,1479,67,-47.9292604501608
44,1480,-24,159.551724137931
44,1481,-68,-7.28571428571429
44,1482,-20,-47.9292604501608
44,1483,-30,-7.28571428571429
44,1484,-46,-7.28571428571429
44,1485,-57,-47.9292604501608
44,1486,-42,-47.9292604501608
44,1487,4,-12.4878048780488
44,1488,1,-7.28571428571429
44,1489,22,-7.28571428571429
44,1490,87,76.8985507246377
44,1491,99,197.621621621622
44,1492,155,206.223076923077
44,1493,128,105.588235294118
44,1494,2,-19.1
44,1495,-28,-7.28571428571429
44,1496,39,-7.28571428571429
44,1497,-21,-18.1643835616438
44,1498,20,-7.28571428571429
44,1499,10,-18.1643835616438
44,1500,-112,-18.1643835616438
44,1501,24,-144.166666666667
44,1502,-140,33.2317073170732
44,1503,-32,-47.9292604501608
44,1504,-123,-7.28571428571429
44,1505,-48,-47.9292604501608
44,1506,-42,-12.4878048780488
44,1507,-39,-47.9292604501608
44,1508,-11,-7.28571428571429
44,1509,-5,-7.28571428571429
44,1510,2,-7.28571428571429
44,1511,42,-7.28571428571429
44,1512,114,76.8985507246377
44,1513,308,206.223076923077
44,1514,282,105.588235294118
44,1515,-458,-299.516129032258
44,1516,-104,-141.457627118644
44,1517,26,34.6153846153846
44,1518,63,-18.1643835616438
44,1519,-52,5.04444444444444
44,1520,28,-47.9292604501608
44,1521,-18,-18.1643835616438
44,1522,189,119.324561403509
44,1523,402,307.977272727273
44,1524,-15,-63.9090909090909
44,1525,-147,-141.457627118644
44,1526,-203,-147.733333333333
44,1527,-140,-47.9292604501608
44,1528,-92,-47.9292604501608
44,1529,-80,-47.9292604501608
44,1530,-112,-47.9292604501608
44,1531,-17,-12.4878048780488
44,1532,-13,0.730769230769231
44,1533,-2,-7.28571428571429
44,1534,0,-7.28571428571429
44,1535,39,-7.28571428571429
44,1536,149,76.8985507246377
44,1537,319,206.223076923077
44,1538,247,-63.9090909090909
44,1539,-427,-299.516129032258
44,1540,-106,-141.457627118644
44,1541,-3,34.6153846153846
44,1542,24,-7.28571428571429
44,1543,40,-18.1643835616438
44,1544,-28,-18.1643835616438
44,1545,-116,-7.28571428571429
44,1546,258,-12.4878048780488
44,1547,418,307.977272727273
44,1548,37,-141.457627118644
44,1549,-243,-185.730769230769
44,1550,-162,-147.733333333333
44,1551,-100,-12.4878048780488
44,1552,-95,-47.9292604501608
44,1553,-110,-47.9292604501608
44,1554,-100,-47.9292604501608
44,1555,-14,-12.4878048780488
44,1556,-20,0.730769230769231
44,1557,-6,-7.28571428571429
44,1558,-3,-7.28571428571429
44,1559,45,-7.28571428571429
44,1560,136,76.8985507246377
44,1561,302,206.223076923077
44,1562,194,-63.9090909090909
44,1563,-331,-299.516129032258
44,1564,-114,-141.457627118644
44,1565,-2,-47.9292604501608
44,1566,50,-7.28571428571429
44,1567,-4,5.04444444444444
44,1568,-17,-7.28571428571429
44,1569,32,-7.28571428571429
44,1570,184,119.324561403509
44,1571,358,307.977272727273
44,1572,54,-63.9090909090909
44,1573,-239,-185.730769230769
44,1574,-139,-147.733333333333
44,1575,-193,-47.9292604501608
44,1576,-32,-47.9292604501608
44,1577,-136,-7.28571428571429
44,1578,-89,-47.9292604501608
44,1579,-21,-12.4878048780488
44,1580,-31,119.324561403509
44,1581,-5,-7.28571428571429
44,1582,3,-7.28571428571429
44,1583,32,-7.28571428571429
44,1584,142,76.8985507246377
44,1585,290,206.223076923077
44,1586,266,-63.9090909090909
44,1587,-396,-299.516129032258
44,1588,-162,-141.457627118644
44,1589,45,34.6153846153846
44,1590,60,33.2317073170732
44,1591,24,5.04444444444444
44,1592,-85,-18.1643835616438
44,1593,45,-12.4878048780488
44,1594,136,119.324561403509
44,1595,459,307.977272727273
44,1596,-98,-19.1
44,1597,-160,-185.730769230769
44,1598,-180,-147.733333333333
44,1599,-85,-47.9292604501608
44,1600,-80,-47.9292604501608
44,1601,-85,-47.9292604501608
44,1602,-106,-12.4878048780488
44,1603,-28,-12.4878048780488
44,1604,-29,0.730769230769231
44,1605,-8,-7.28571428571429
44,1606,6,-7.28571428571429
44,1607,25,-7.28571428571429
44,1608,126,76.8985507246377
44,1609,258,206.223076923077
44,1610,247,141.893617021277
44,1611,-272,-299.516129032258
44,1612,-147,-141.457627118644
44,1613,14,34.6153846153846
44,1614,75,33.2317073170732
44,1615,7,5.04444444444444
44,1616,-14,-7.28571428571429
44,1617,49,-7.28571428571429
44,1618,112,137.844660194175
44,1619,249,255.724770642202
44,1620,-70,-137.266666666667
44,1621,-202,-185.730769230769
44,1622,-80,-147.733333333333
44,1623,-111,-47.9292604501608
44,1624,-76,-47.9292604501608
44,1625,-6,-47.9292604501608
44,1626,-35,-7.28571428571429
44,1627,-39,-7.28571428571429
44,1628,-38,0.730769230769231
44,1629,-54,-7.28571428571429
44,1630,-17,-12.4878048780488
44,1631,4,-7.28571428571429
44,1632,32,-7.28571428571429
44,1633,18,76.8985507246377
44,1634,114,76.8985507246377
44,1635,97,141.893617021277
44,1636,118,141.893617021277
44,1637,74,105.588235294118
44,1638,77,1.4
44,1639,-20,1.4
44,1640,-55,-7.28571428571429
44,1641,17,-47.9292604501608
44,1642,-39,-18.1643835616438
44,1643,42,-7.28571428571429
44,1644,-2,-18.1643835616438
44,1645,-93,-7.28571428571429
44,1646,-85,-47.9292604501608
44,1647,-23,-47.9292604501608
44,1648,-20,-7.28571428571429
44,1649,-47,-7.28571428571429
44,1650,-69,-47.9292604501608
44,1651,-66,-12.4878048780488
44,1652,-14,-12.4878048780488
44,1653,-32,-7.28571428571429
44,1654,-27,-7.28571428571429
44,1655,5,-7.28571428571429
44,1656,0,-7.28571428571429
44,1657,49,-7.28571428571429
44,1658,40,183.560606060606
44,1659,121,76.8985507246377
44,1660,135,105.588235294118
44,1661,73,105.588235294118
44,1662,54,-19.1
44,1663,32,1.4
44,1664,3,-18.1643835616438
44,1665,-76,-7.28571428571429
44,1666,-29,-47.9292604501608
44,1667,-39,-7.28571428571429
44,1668,-153,-7.28571428571429
44,1669,-44,-144.166666666667
44,1670,8,-47.9292604501608
44,1671,15,-7.28571428571429
44,1672,-51,33.2317073170732
44,1673,-70,-47.9292604501608
44,1674,-54,-12.4878048780488
44,1675,-22,-47.9292604501608
44,1676,-6,-7.28571428571429
44,1677,0,-7.28571428571429
44,1678,6,-7.28571428571429
44,1679,14,-7.28571428571429
44,1680,116,76.8985507246377
44,1681,266,206.223076923077
44,1682,198,141.893617021277
44,1683,-329,-299.516129032258
44,1684,-63,-141.457627118644
44,1685,47,-47.9292604501608
44,1686,25,33.2317073170732
44,1687,4,-18.1643835616438
44,1688,-2,-7.28571428571429
44,1689,-13,-7.28571428571429
44,1690,177,119.324561403509
44,1691,407,307.977272727273
44,1692,-15,-63.9090909090909
44,1693,-203,-185.730769230769
44,1694,-183,-147.733333333333
44,1695,-140,-47.9292604501608
44,1696,-110,-47.9292604501608
44,1697,-94,-47.9292604501608
44,1698,-66,-47.9292604501608
44,1699,-29,-12.4878048780488
44,1700,-5,0.730769230769231
44,1701,-7,-7.28571428571429
44,1702,3,-7.28571428571429
44,1703,27,-7.28571428571429
44,1704,143,76.8985507246377
44,1705,323,206.223076923077
44,1706,203,-63.9090909090909
44,1707,-378,-299.516129032258
44,1708,-77,-141.457627118644
44,1709,-36,-47.9292604501608
44,1710,69,-7.28571428571429
44,1711,-30,5.04444444444444
44,1712,8,-7.28571428571429
44,1713,45,-7.28571428571429
44,1714,139,119.324561403509
44,1715,423,307.977272727273
44,1716,-54,-63.9090909090909
44,1717,-204,-141.457627118644
44,1718,-162,-147.733333333333
44,1719,-131,-47.9292604501608
44,1720,-93,-47.9292604501608
44,1721,-86,-47.9292604501608
44,1722,-80,-47.9292604501608
44,1723,-35,-12.4878048780488
44,1724,-17,0.730769230769231
44,1725,1,-7.28571428571429
44,1726,0,-7.28571428571429
44,1727,36,-7.28571428571429
44,1728,130,76.8985507246377
44,1729,309,206.223076923077
44,1730,255,105.588235294118
44,1731,-396,-299.516129032258
44,1732,-127,-141.457627118644
44,1733,25,34.6153846153846
44,1734,41,-18.1643835616438
44,1735,33,-18.1643835616438
44,1736,-77,-18.1643835616438
44,1737,42,-12.4878048780488
44,1738,163,119.324561403509
44,1739,417,307.977272727273
44,1740,4,-141.457627118644
44,1741,-176,-185.730769230769
44,1742,-186,-147.733333333333
44,1743,-119,-47.9292604501608
44,1744,-148,-47.9292604501608
44,1745,-97,-47.9292604501608
44,1746,-69,-47.9292604501608
44,1747,-39,-12.4878048780488
44,1748,-14,0.730769230769231
44,1749,-8,-7.28571428571429
44,1750,4,-7.28571428571429
44,1751,31,-7.28571428571429
44,1752,126,76.8985507246377
44,1753,308,206.223076923077
44,1754,223,141.893617021277
44,1755,-345,-299.516129032258
44,1756,-148,-141.457627118644
44,1757,55,-47.9292604501608
44,1758,17,5.04444444444444
44,1759,4,-18.1643835616438
44,1760,-34,-7.28571428571429
44,1761,20,-7.28571428571429
44,1762,150,119.324561403509
44,1763,393,307.977272727273
44,1764,1,-63.9090909090909
44,1765,-188,-185.730769230769
44,1766,-145,-147.733333333333
44,1767,-142,-47.9292604501608
44,1768,-77,-47.9292604501608
44,1769,-103,-47.9292604501608
44,1770,-71,-47.9292604501608
44,1771,-44,-12.4878048780488
44,1772,-21,-12.4878048780488
44,1773,-11,-7.28571428571429
44,1774,-2,-7.28571428571429
44,1775,26,-7.28571428571429
44,1776,11,76.8985507246377
44,1777,89,76.8985507246377
44,1778,-14,206.223076923077
44,1779,101,-7.28571428571429
44,1780,-27,-17.4444444444444
44,1781,58,-7.28571428571429
44,1782,64,1.4
44,1783,-25,5.04444444444444
44,1784,17,-7.28571428571429
44,1785,17,33.2317073170732
44,1786,143,-18.1643835616438
44,1787,263,206.223076923077
44,1788,-90,-63.9090909090909
44,1789,-148,-141.457627118644
44,1790,-122,-147.733333333333
44,1791,-84,-47.9292604501608
44,1792,-68,-47.9292604501608
44,1793,-26,-47.9292604501608
44,1794,-12,-7.28571428571429
44,1795,-64,-7.28571428571429
44,1796,-31,-12.4878048780488
44,1797,-64,-7.28571428571429
44,1798,-11,-12.4878048780488
44,1799,1,-7.28571428571429
44,1800,12,-7.28571428571429
44,1801,39,76.8985507246377
44,1802,100,76.8985507246377
44,1803,109,206.223076923077
44,1804,136,105.588235294118
44,1805,92,-17.4444444444444
44,1806,47,-19.1
44,1807,23,33.2317073170732
44,1808,-31,-18.1643835616438
44,1809,24,-7.28571428571429
44,1810,-31,-18.1643835616438
44,1811,-19,-7.28571428571429
44,1812,-212,-7.28571428571429
44,1813,-25,-144.166666666667
44,1814,-115,-7.28571428571429
44,1815,-32,-47.9292604501608
44,1816,40,-7.28571428571429
44,1817,-5,33.2317073170732
44,1818,-43,-7.28571428571429
44,1819,-7,-47.9292604501608
44,1820,-27,-7.28571428571429
44,1821,-38,-7.28571428571429
44,1822,-38,-7.28571428571429
44,1823,0,-7.28571428571429
44,1824,6,-7.28571428571429
44,1825,23,-7.28571428571429
44,1826,80,76.8985507246377
44,1827,98,206.223076923077
44,1828,111,141.893617021277
44,1829,121,105.588235294118
44,1830,56,-137.266666666667
44,1831,38,1.4
44,1832,36,33.2317073170732
44,1833,-2,-18.1643835616438
44,1834,-64,-7.28571428571429
44,1835,-8,-47.9292604501608
44,1836,-14,-7.28571428571429
44,1837,-26,-7.28571428571429
44,1838,-165,-7.28571428571429
44,1839,-80,-47.9292604501608
44,1840,-39,-47.9292604501608
44,1841,-71,-7.28571428571429
44,1842,-63,-47.9292604501608
44,1843,-33,-47.9292604501608
44,1844,-5,-7.28571428571429
44,1845,-3,-7.28571428571429
44,1846,5,-7.28571428571429
44,1847,25,-7.28571428571429
44,1848,123,76.8985507246377
44,1849,277,206.223076923077
44,1850,237,141.893617021277
44,1851,-368,-299.516129032258
44,1852,-106,-141.457627118644
44,1853,46,34.6153846153846
44,1854,31,33.2317073170732
44,1855,-22,-18.1643835616438
44,1856,-6,-7.28571428571429
44,1857,26,-7.28571428571429
44,1858,190,119.324561403509
44,1859,354,307.977272727273
44,1860,-6,-63.9090909090909
44,1861,-257,-185.730769230769
44,1862,-123,-147.733333333333
44,1863,-142,-47.9292604501608
44,1864,-98,-47.9292604501608
44,1865,-64,-47.9292604501608
44,1866,-68,-47.9292604501608
44,1867,-33,-12.4878048780488
44,1868,-16,0.730769230769231
44,1869,-8,-7.28571428571429
44,1870,2,-7.28571428571429
44,1871,31,-7.28571428571429
44,1872,28,76.8985507246377
44,1873,115,76.8985507246377
44,1874,439,206.223076923077
44,1875,-216,141.893617021277
44,1876,-194,-141.457627118644
44,1877,-12,34.6153846153846
44,1878,104,-7.28571428571429
44,1879,-14,5.04444444444444
44,1880,-31,-7.28571428571429
44,1881,28,-7.28571428571429
44,1882,175,33.2317073170732
44,1883,354,255.724770642202
44,1884,42,-63.9090909090909
44,1885,-227,-185.730769230769
44,1886,-191,-147.733333333333
44,1887,-128,-47.9292604501608
44,1888,-119,-47.9292604501608
44,1889,-22,-47.9292604501608
44,1890,-107,-7.28571428571429
44,1891,-23,-12.4878048780488
44,1892,-29,0.730769230769231
44,1893,3,-7.28571428571429
44,1894,-7,-7.28571428571429
44,1895,35,-7.28571428571429
44,1896,133,76.8985507246377
44,1897,320,197.621621621622
44,1898,190,-63.9090909090909
44,1899,-315,-299.516129032258
44,1900,-134,-141.457627118644
44,1901,2,-47.9292604501608
44,1902,72,-7.28571428571429
44,1903,-13,5.04444444444444
44,1904,-39,-7.28571428571429
44,1905,11,-7.28571428571429
44,1906,165,119.324561403509
44,1907,420,307.977272727273
44,1908,-3,-63.9090909090909
44,1909,-199,-185.730769230769
44,1910,-222,-147.733333333333
44,1911,-112,-47.9292604501608
44,1912,-89,-47.9292604501608
44,1913,-88,-47.9292604501608
44,1914,-62,-47.9292604501608
44,1915,-55,-12.4878048780488
44,1916,-6,-12.4878048780488
44,1917,-11,-7.28571428571429
44,1918,1,-7.28571428571429
44,1919,32,-7.28571428571429
44,1920,128,76.8985507246377
44,1921,299,206.223076923077
44,1922,218,206.223076923077
44,1923,-345,-299.516129032258
44,1924,-138,-141.457627118644
44,1925,75,-47.9292604501608
44,1926,69,5.04444444444444
44,1927,-43,-57.8333333333333
44,1928,-52,-47.9292604501608
44,1929,12,-12.4878048780488
44,1930,159,119.324561403509
44,1931,478,307.977272727273
44,1932,-65,-63.9090909090909
44,1933,-155,-185.730769230769
44,1934,-163,-147.733333333333
44,1935,-158,-47.9292604501608
44,1936,-102,-47.9292604501608
44,1937,-28,-47.9292604501608
44,1938,-138,-7.28571428571429
44,1939,-34,-12.4878048780488
44,1940,-35,0.730769230769231
44,1941,-13,-7.28571428571429
44,1942,3,-7.28571428571429
44,1943,27,-7.28571428571429
44,1944,121,76.8985507246377
44,1945,222,206.223076923077
44,1946,289,141.893617021277
44,1947,-290,-299.516129032258
44,1948,-147,-141.457627118644
44,1949,72,34.6153846153846
44,1950,62,5.04444444444444
44,1951,-8,-57.8333333333333
44,1952,-29,-7.28571428571429
44,1953,55,-7.28571428571429
44,1954,105,137.844660194175
44,1955,303,307.977272727273
44,1956,-122,-137.266666666667
44,1957,-178,-185.730769230769
44,1958,-132,-147.733333333333
44,1959,-104,-47.9292604501608
44,1960,-42,-47.9292604501608
44,1961,-92,-47.9292604501608
44,1962,-16,-12.4878048780488
44,1963,-13,-7.28571428571429
44,1964,-49,0.730769230769231
44,1965,-13,-12.4878048780488
44,1966,-17,-7.28571428571429
44,1967,-4,-7.28571428571429
44,1968,18,-7.28571428571429
44,1969,37,76.8985507246377
44,1970,125,76.8985507246377
44,1971,103,206.223076923077
44,1972,188,-17.4444444444444
44,1973,56,105.588235294118
44,1974,118,-141.457627118644
44,1975,-10,-137.266666666667
44,1976,-46,-7.28571428571429
44,1977,-2,-47.9292604501608
44,1978,45,-7.28571428571429
44,1979,-6,-18.1643835616438
44,1980,-81,-7.28571428571429
44,1981,-66,-144.166666666667
44,1982,-147,-47.9292604501608
44,1983,-3,-144.166666666667
44,1984,-77,-7.28571428571429
44,1985,-26,-47.9292604501608
44,1986,-48,-7.28571428571429
44,1987,-56,-12.4878048780488
44,1988,-12,-12.4878048780488
44,1989,-64,-7.28571428571429
44,1990,-29,-12.4878048780488
44,1991,-15,-7.28571428571429
44,1992,9,-7.28571428571429
44,1993,21,-7.28571428571429
44,1994,83,76.8985507246377
44,1995,146,206.223076923077
44,1996,155,141.893617021277
44,1997,-153,-19.1
44,1998,26,-19.1
44,1999,-136,76.8985507246377
44,2000,-13,-47.9292604501608
44,2001,127,-7.28571428571429
44,2002,80,5.04444444444444
44,2003,-13,159.551724137931
44,2004,34,-7.28571428571429
44,2005,-36,76.8985507246377
44,2006,-67,-7.28571428571429
44,2007,-84,-47.9292604501608
44,2008,-134,-47.9292604501608
44,2009,-10,-47.9292604501608
44,2010,-20,-7.28571428571429
44,2011,-16,-7.28571428571429
44,2012,-5,-7.28571428571429
44,2013,-2,-7.28571428571429
44,2014,4,-7.28571428571429
44,2015,30,-7.28571428571429
44,2016,124,76.8985507246377
44,2017,281,206.223076923077
44,2018,213,141.893617021277
44,2019,-298,-299.516129032258
44,2020,-164,-141.457627118644
44,2021,48,-47.9292604501608
44,2022,41,5.04444444444444
44,2023,9,-18.1643835616438
44,2024,-16,-7.28571428571429
44,2025,34,-7.28571428571429
44,2026,151,119.324561403509
44,2027,433,307.977272727273
44,2028,-78,-19.1
44,2029,-516,-185.730769230769
44,2030,-38,-147.733333333333
44,2031,-16,-7.28571428571429
44,2032,-84,-7.28571428571429
44,2033,-59,-47.9292604501608
44,2034,-43,-12.4878048780488
44,2035,-26,-12.4878048780488
44,2036,-25,0.730769230769231
44,2037,-5,-7.28571428571429
44,2038,1,-7.28571428571429
44,2039,30,-7.28571428571429
44,2040,135,76.8985507246377
44,2041,350,206.223076923077
44,2042,204,-63.9090909090909
44,2043,-395,-299.516129032258
44,2044,-150,-141.457627118644
44,2045,78,-47.9292604501608
44,2046,49,5.04444444444444
44,2047,26,-57.8333333333333
44,2048,-29,-18.1643835616438
44,2049,0,-7.28571428571429
44,2050,165,119.324561403509
44,2051,411,307.977272727273
44,2052,-253,-141.457627118644
44,2053,-149,-185.730769230769
44,2054,-118,34.6153846153846
44,2055,-78,-47.9292604501608
44,2056,-48,-47.9292604501608
44,2057,-96,-47.9292604501608
44,2058,-81,-12.4878048780488
44,2059,-34,-12.4878048780488
44,2060,-4,0.730769230769231
44,2061,-10,-7.28571428571429
44,2062,1,-7.28571428571429
44,2063,32,-7.28571428571429
44,2064,147,76.8985507246377
44,2065,366,206.223076923077
44,2066,187,-63.9090909090909
44,2067,-364,-299.516129032258
44,2068,-151,-141.457627118644
44,2069,42,-47.9292604501608
44,2070,45,33.2317073170732
44,2071,4,-18.1643835616438
44,2072,-50,-7.28571428571429
44,2073,50,-12.4878048780488
44,2074,144,137.844660194175
44,2075,323,307.977272727273
44,2076,-100,-232.971962616822
44,2077,-103,-185.730769230769
44,2078,-189,-147.733333333333
44,2079,-40,-47.9292604501608
44,2080,-70,-7.28571428571429
44,2081,-141,-47.9292604501608
44,2082,-80,-12.4878048780488
44,2083,-35,-12.4878048780488
44,2084,-5,0.730769230769231
44,2085,-11,-7.28571428571429
44,2086,-3,-7.28571428571429
44,2087,31,-7.28571428571429
44,2088,155,76.8985507246377
44,2089,289,206.223076923077
44,2090,226,-63.9090909090909
44,2091,-295,-299.516129032258
44,2092,-179,-141.457627118644
44,2093,45,-47.9292604501608
44,2094,54,33.2317073170732
44,2095,14,5.04444444444444
44,2096,-41,-18.1643835616438
44,2097,0,-12.4878048780488
44,2098,160,119.324561403509
44,2099,355,307.977272727273
44,2100,121,-141.457627118644
44,2101,-308,-299.516129032258
44,2102,-159,-147.733333333333
44,2103,-145,-47.9292604501608
44,2104,-131,-47.9292604501608
44,2105,-41,-47.9292604501608
44,2106,-46,-47.9292604501608
44,2107,-69,-12.4878048780488
44,2108,-26,-12.4878048780488
44,2109,-8,-7.28571428571429
44,2110,0,-7.28571428571429
44,2111,30,-7.28571428571429
44,2112,113,76.8985507246377
44,2113,274,206.223076923077
44,2114,319,206.223076923077
44,2115,-355,-299.516129032258
44,2116,-127,-141.457627118644
44,2117,19,34.6153846153846
44,2118,90,33.2317073170732
44,2119,-20,5.04444444444444
44,2120,-13,-7.28571428571429
44,2121,12,-7.28571428571429
44,2122,165,119.324561403509
44,2123,297,307.977272727273
44,2124,-76,-63.9090909090909
44,2125,-200,-185.730769230769
44,2126,-173,-147.733333333333
44,2127,-57,-47.9292604501608
44,2128,-55,-47.9292604501608
44,2129,-73,-47.9292604501608
44,2130,-43,-12.4878048780488
44,2131,-20,-12.4878048780488
44,2132,-36,0.730769230769231
44,2133,-41,-7.28571428571429
44,2134,-26,-47.9292604501608
44,2135,2,-7.28571428571429
44,2136,16,-7.28571428571429
44,2137,72,76.8985507246377
44,2138,60,183.560606060606
44,2139,126,183.560606060606
44,2140,154,105.588235294118
44,2141,15,105.588235294118
44,2142,127,-19.1
44,2143,-67,-137.266666666667
44,2144,-35,-47.9292604501608
44,2145,-249,-7.28571428571429
44,2146,201,-47.9292604501608
44,2147,-31,5.04444444444444
44,2148,-20,-185.730769230769
44,2149,-29,-7.28571428571429
44,2150,-113,-7.28571428571429
44,2151,-33,-12.4878048780488
44,2152,-26,-7.28571428571429
44,2153,-24,-7.28571428571429
44,2154,-24,-7.28571428571429
44,2155,0,119.324561403509
44,2156,-18,-7.28571428571429
44,2157,-63,-7.28571428571429
44,2158,-37,-47.9292604501608
44,2159,0,-7.28571428571429
44,2160,5,-7.28571428571429
44,2161,13,-7.28571428571429
44,2162,99,76.8985507246377
44,2163,130,206.223076923077
44,2164,122,197.621621621622
44,2165,97,105.588235294118
44,2166,144,-137.266666666667
44,2167,-85,-137.266666666667
44,2168,-164,-19.1
44,2169,14,-47.9292604501608
44,2170,-218,-18.1643835616438
44,2171,60,-47.9292604501608
44,2172,31,5.04444444444444
44,2173,28,-18.1643835616438
44,2174,-81,33.2317073170732
44,2175,-45,-144.166666666667
44,2176,-52,-12.4878048780488
44,2177,-34,-47.9292604501608
44,2178,-48,-7.28571428571429
44,2179,-25,-47.9292604501608
44,2180,1,-7.28571428571429
44,2181,-4,-7.28571428571429
44,2182,8,-7.28571428571429
44,2183,24,-7.28571428571429
44,2184,109,76.8985507246377
44,2185,288,206.223076923077
44,2186,266,141.893617021277
44,2187,-357,-141.457627118644
44,2188,-136,-141.457627118644
44,2189,23,34.6153846153846
44,2190,54,33.2317073170732
44,2191,5,5.04444444444444
44,2192,-42,-7.28571428571429
44,2193,36,-12.4878048780488
44,2194,162,119.324561403509
44,2195,401,307.977272727273
44,2196,-11,-63.9090909090909
44,2197,-261,-185.730769230769
44,2198,-157,-147.733333333333
44,2199,-138,-47.9292604501608
44,2200,-117,-47.9292604501608
44,2201,-47,-47.9292604501608
44,2202,-76,-47.9292604501608
44,2203,-17,-12.4878048780488
44,2204,-6,0.730769230769231
44,2205,-11,-7.28571428571429
44,2206,4,-7.28571428571429
44,2207,34,-7.28571428571429
44,2208,105,76.8985507246377
44,2209,122,206.223076923077
44,2210,424,141.893617021277
44,2211,-298,-17.4444444444444
44,2212,-191,-141.457627118644
44,2213,14,34.6153846153846
44,2214,79,-18.1643835616438
44,2215,-9,5.04444444444444
44,2216,-37,-7.28571428571429
44,2217,66,-7.28571428571429
44,2218,163,137.844660194175
44,2219,384,307.977272727273
44,2220,-46,-232.971962616822
44,2221,-221,-185.730769230769
44,2222,-162,-147.733333333333
44,2223,-121,-47.9292604501608
44,2224,-98,-47.9292604501608
44,2225,-107,-47.9292604501608
44,2226,-62,-47.9292604501608
44,2227,-33,-12.4878048780488
44,2228,-8,0.730769230769231
44,2229,3,-7.28571428571429
44,2230,1,-7.28571428571429
44,2231,30,-7.28571428571429
44,2232,141,76.8985507246377
44,2233,373,197.621621621622
44,2234,254,-63.9090909090909
44,2235,-460,-299.516129032258
44,2236,-170,-141.457627118644
44,2237,75,34.6153846153846
44,2238,107,5.04444444444444
44,2239,-60,-57.8333333333333
44,2240,1,-47.9292604501608
44,2241,37,-7.28571428571429
44,2242,155,119.324561403509
44,2243,377,307.977272727273
44,2244,-58,-63.9090909090909
44,2245,-169,-185.730769230769
44,2246,-216,-147.733333333333
44,2247,-114,-47.9292604501608
44,2248,-78,-47.9292604501608
44,2249,-78,-47.9292604501608
44,2250,-92,-47.9292604501608
44,2251,-42,-12.4878048780488
44,2252,-6,-12.4878048780488
44,2253,-12,-7.28571428571429
44,2254,3,-7.28571428571429
44,2255,27,-7.28571428571429
44,2256,128,76.8985507246377
44,2257,369,206.223076923077
44,2258,222,141.893617021277
44,2259,-358,-299.516129032258
44,2260,-162,-141.457627118644
44,2261,42,-47.9292604501608
44,2262,18,33.2317073170732
44,2263,-4,-18.1643835616438
44,2264,-17,-7.28571428571429
44,2265,65,-7.28571428571429
44,2266,144,137.844660194175
44,2267,362,307.977272727273
44,2268,9,-232.971962616822
44,2269,-243,-185.730769230769
44,2270,-139,-147.733333333333
44,2271,-164,-47.9292604501608
44,2272,-16,-47.9292604501608
44,2273,-139,-7.28571428571429
44,2274,-70,-47.9292604501608
44,2275,-50,-12.4878048780488
44,2276,-12,-12.4878048780488
44,2277,-15,-7.28571428571429
44,2278,2,-7.28571428571429
44,2279,22,-7.28571428571429
44,2280,79,76.8985507246377
44,2281,313,137.844660194175
44,2282,269,206.223076923077
44,2283,-292,-299.516129032258
44,2284,-142,-141.457627118644
44,2285,53,34.6153846153846
44,2286,101,5.04444444444444
44,2287,-42,5.04444444444444
44,2288,68,-47.9292604501608
44,2289,90,1.4
44,2290,2,197.621621621622
44,2291,89,0.730769230769231
44,2292,-71,1.4
44,2293,-94,-47.9292604501608
44,2294,-96,-47.9292604501608
44,2295,-53,-47.9292604501608
44,2296,-26,-47.9292604501608
44,2297,-103,-7.28571428571429
44,2298,-6,-12.4878048780488
44,2299,-89,-7.28571428571429
44,2300,-10,-12.4878048780488
44,2301,-34,-7.28571428571429
44,2302,-23,-7.28571428571429
44,2303,10,-7.28571428571429
44,2304,14,76.8985507246377
44,2305,30,76.8985507246377
44,2306,96,76.8985507246377
44,2307,75,141.893617021277
44,2308,180,183.560606060606
44,2309,75,105.588235294118
44,2310,-21,-141.457627118644
44,2311,33,-7.28571428571429
44,2312,10,33.2317073170732
44,2313,49,-18.1643835616438
44,2314,-101,5.04444444444444
44,2315,1,-47.9292604501608
44,2316,-21,-7.28571428571429
44,2317,-50,119.324561403509
44,2318,-185,-47.9292604501608
44,2319,-103,-47.9292604501608
44,2320,-26,-12.4878048780488
44,2321,67,-7.28571428571429
44,2322,-46,159.551724137931
44,2323,-26,-47.9292604501608
44,2324,11,-7.28571428571429
44,2325,-42,76.8985507246377
44,2326,-20,-47.9292604501608
44,2327,-10,-7.28571428571429
44,2328,3,-7.28571428571429
44,2329,27,-7.28571428571429
44,2330,87,76.8985507246377
44,2331,103,159.551724137931
44,2332,156,141.893617021277
44,2333,101,105.588235294118
44,2334,56,-19.1
44,2335,-52,1.4
44,2336,-36,-47.9292604501608
44,2337,-102,-7.28571428571429
44,2338,119,-47.9292604501608
44,2339,29,5.04444444444444
44,2340,-3,-18.1643835616438
44,2341,-208,-7.28571428571429
44,2342,-188,-47.9292604501608
44,2343,67,-12.4878048780488
44,2344,-5,183.560606060606
44,2345,-43,-7.28571428571429
44,2346,-19,-47.9292604501608
44,2347,-49,-7.28571428571429
44,2348,-15,-12.4878048780488
44,2349,-12,-7.28571428571429
44,2350,-17,-7.28571428571429
44,2351,-7,-7.28571428571429
44,2352,11,-7.28571428571429
44,2353,28,76.8985507246377
44,2354,84,76.8985507246377
44,2355,102,206.223076923077
44,2356,130,141.893617021277
44,2357,100,105.588235294118
44,2358,84,-17.4444444444444
44,2359,23,1.4
44,2360,-54,33.2317073170732
44,2361,-63,-47.9292604501608
44,2362,51,-47.9292604501608
44,2363,-2,5.04444444444444
44,2364,-16,-7.28571428571429
44,2365,-108,-7.28571428571429
44,2366,-113,-47.9292604501608
44,2367,-77,-47.9292604501608
44,2368,-63,-47.9292604501608
44,2369,-51,-47.9292604501608
44,2370,-41,-47.9292604501608
44,2371,-5,-12.4878048780488
44,2372,-19,-7.28571428571429
44,2373,5,-7.28571428571429
44,2374,-2,-7.28571428571429
44,2375,30,-7.28571428571429
44,2376,134,76.8985507246377
44,2377,321,197.621621621622
44,2378,139,-63.9090909090909
44,2379,-309,-299.516129032258
44,2380,-151,-19.1
44,2381,26,-47.9292604501608
44,2382,89,33.2317073170732
44,2383,-12,5.04444444444444
44,2384,-1,-7.28571428571429
44,2385,18,-7.28571428571429
44,2386,166,119.324561403509
44,2387,398,307.977272727273
44,2388,-17,-63.9090909090909
44,2389,-287,-185.730769230769
44,2390,-167,-147.733333333333
44,2391,-117,-47.9292604501608
44,2392,-89,-47.9292604501608
44,2393,-84,-47.9292604501608
44,2394,-58,-47.9292604501608
44,2395,-24,-12.4878048780488
44,2396,-4,0.730769230769231
44,2397,-5,-7.28571428571429
44,2398,1,-7.28571428571429
44,2399,35,-7.28571428571429
44,2400,170,76.8985507246377
44,2401,290,206.223076923077
44,2402,225,-63.9090909090909
44,2403,-435,-299.516129032258
44,2404,-55,-141.457627118644
44,2405,-18,-47.9292604501608
44,2406,49,-7.28571428571429
44,2407,-32,5.04444444444444
44,2408,-23,-7.28571428571429
44,2409,34,119.324561403509
44,2410,185,119.324561403509
44,2411,433,307.977272727273
44,2412,-24,-63.9090909090909
44,2413,-177,-185.730769230769
44,2414,-250,-147.733333333333
44,2415,-116,-47.9292604501608
44,2416,-77,-47.9292604501608
44,2417,-69,-47.9292604501608
44,2418,-85,-47.9292604501608
44,2419,-47,-12.4878048780488
44,2420,-10,-12.4878048780488
44,2421,1,-7.28571428571429
44,2422,-1,-7.28571428571429
44,2423,30,-7.28571428571429
44,2424,162,76.8985507246377
44,2425,282,206.223076923077
44,2426,164,-63.9090909090909
44,2427,-523,-299.516129032258
44,2428,-74,-141.457627118644
44,2429,13,-47.9292604501608
44,2430,75,33.2317073170732
44,2431,54,5.04444444444444
44,2432,25,-57.8333333333333
44,2433,54,119.324561403509
44,2434,146,105.588235294118
44,2435,392,307.977272727273
44,2436,27,-19.1
44,2437,-277,-141.457627118644
44,2438,-152,-147.733333333333
44,2439,-134,-47.9292604501608
44,2440,-55,-47.9292604501608
44,2441,-48,-47.9292604501608
44,2442,-73,-47.9292604501608
44,2443,-67,-12.4878048780488
44,2444,-18,-12.4878048780488
44,2445,-2,-7.28571428571429
44,2446,-1,-7.28571428571429
44,2447,32,-7.28571428571429
44,2448,100,76.8985507246377
44,2449,346,206.223076923077
44,2450,233,206.223076923077
44,2451,-375,-299.516129032258
44,2452,-120,-141.457627118644
44,2453,72,34.6153846153846
44,2454,27,5.04444444444444
44,2455,31,-18.1643835616438
44,2456,-101,-18.1643835616438
44,2457,78,-12.4878048780488
44,2458,139,137.844660194175
44,2459,302,307.977272727273
44,2460,20,-19.1
44,2461,-224,-185.730769230769
44,2462,-177,-147.733333333333
44,2463,-90,-47.9292604501608
44,2464,-2,-47.9292604501608
44,2465,-51,-7.28571428571429
44,2466,-98,-47.9292604501608
44,2467,-33,-12.4878048780488
44,2468,-40,119.324561403509
44,2469,-34,-7.28571428571429
44,2470,-32,-7.28571428571429
44,2471,4,-7.28571428571429
44,2472,19,-7.28571428571429
44,2473,48,76.8985507246377
44,2474,148,183.560606060606
44,2475,118,141.893617021277
44,2476,74,-232.971962616822
44,2477,156,105.588235294118
44,2478,116,-137.266666666667
44,2479,-26,-19.1
44,2480,-42,-7.28571428571429
44,2481,-114,-47.9292604501608
44,2482,-398,-47.9292604501608
44,2483,57,-144.166666666667
44,2484,-4,5.04444444444444
44,2485,48,-7.28571428571429
44,2486,-21,105.588235294118
44,2487,-13,-7.28571428571429
44,2488,13,-7.28571428571429
44,2489,-61,76.8985507246377
44,2490,-9,-47.9292604501608
44,2491,0,-7.28571428571429
44,2492,-28,-7.28571428571429
44,2493,-50,-7.28571428571429
44,2494,-18,-47.9292604501608
44,2495,27,-7.28571428571429
44,2496,-20,33.2317073170732
44,2497,35,-7.28571428571429
44,2498,100,76.8985507246377
44,2499,129,197.621621621622
44,2500,196,206.223076923077
44,2501,90,105.588235294118
44,2502,172,-141.457627118644
44,2503,-28,105.588235294118
44,2504,-82,-141.457627118644
44,2505,49,-47.9292604501608
44,2506,5,5.04444444444444
44,2507,-30,-7.28571428571429
44,2508,-111,-7.28571428571429
44,2509,-64,-144.166666666667
44,2510,-140,-12.4878048780488
44,2511,-150,-144.166666666667
44,2512,-17,-47.9292604501608
44,2513,-97,-7.28571428571429
44,2514,-51,-12.4878048780488
44,2515,-23,-47.9292604501608
44,2516,-1,-7.28571428571429
44,2517,-5,-7.28571428571429
44,2518,-7,-7.28571428571429
44,2519,35,-7.28571428571429
44,2520,140,76.8985507246377
44,2521,267,206.223076923077
44,2522,283,-63.9090909090909
44,2523,-369,-299.516129032258
44,2524,-151,-141.457627118644
44,2525,26,34.6153846153846
44,2526,96,-18.1643835616438
44,2527,-9,5.04444444444444
44,2528,17,-7.28571428571429
44,2529,6,-18.1643835616438
44,2530,142,119.324561403509
44,2531,383,307.977272727273
44,2532,97,-63.9090909090909
44,2533,-335,-141.457627118644
44,2534,-243,-147.733333333333
44,2535,-105,-47.9292604501608
44,2536,-126,-47.9292604501608
44,2537,-66,-47.9292604501608
44,2538,-61,-47.9292604501608
44,2539,-22,-12.4878048780488
44,2540,-4,0.730769230769231
44,2541,2,-7.28571428571429
44,2542,1,-7.28571428571429
44,2543,35,-7.28571428571429
44,2544,167,76.8985507246377
44,2545,385,206.223076923077
44,2546,154,-63.9090909090909
44,2547,-392,-299.516129032258
44,2548,-162,-19.1
44,2549,51,-47.9292604501608
44,2550,69,5.04444444444444
44,2551,12,5.04444444444444
44,2552,-73,-18.1643835616438
44,2553,71,-12.4878048780488
44,2554,210,137.844660194175
44,2555,434,307.977272727273
44,2556,-93,-141.457627118644
44,2557,-281,-185.730769230769
44,2558,-135,-147.733333333333
44,2559,-151,-47.9292604501608
44,2560,-94,-47.9292604501608
44,2561,-107,-47.9292604501608
44,2562,-60,-12.4878048780488
44,2563,-28,-12.4878048780488
44,2564,-10,0.730769230769231
44,2565,-4,-7.28571428571429
44,2566,-2,-7.28571428571429
44,2567,43,-7.28571428571429
44,2568,157,76.8985507246377
44,2569,352,206.223076923077
44,2570,213,-63.9090909090909
44,2571,-442,-299.516129032258
44,2572,-123,-141.457627118644
44,2573,27,-47.9292604501608
44,2574,120,-18.1643835616438
44,2575,-29,5.04444444444444
44,2576,-45,-7.28571428571429
44,2577,40,-12.4878048780488
44,2578,191,119.324561403509
44,2579,416,307.977272727273
44,2580,52,-63.9090909090909
44,2581,-342,-185.730769230769
44,2582,-165,-147.733333333333
44,2583,-164,-144.166666666667
44,2584,-94,-47.9292604501608
44,2585,-85,-47.9292604501608
44,2586,-70,-47.9292604501608
44,2587,-29,-12.4878048780488
44,2588,-19,0.730769230769231
44,2589,2,-7.28571428571429
44,2590,-5,-7.28571428571429
44,2591,51,-7.28571428571429
44,2592,138,183.560606060606
44,2593,376,206.223076923077
44,2594,187,-232.971962616822
44,2595,-420,-299.516129032258
44,2596,-126,-141.457627118644
44,2597,42,-47.9292604501608
44,2598,43,-18.1643835616438
44,2599,-14,-18.1643835616438
44,2600,-9,-7.28571428571429
44,2601,78,-7.28571428571429
44,2602,139,137.844660194175
44,2603,393,307.977272727273
44,2604,-32,-232.971962616822
44,2605,-178,-185.730769230769
44,2606,-211,-147.733333333333
44,2607,-146,-47.9292604501608
44,2608,-66,-47.9292604501608
44,2609,-81,-47.9292604501608
44,2610,-83,-47.9292604501608
44,2611,-46,-12.4878048780488
44,2612,-11,-12.4878048780488
44,2613,-16,-7.28571428571429
44,2614,-2,-7.28571428571429
44,2615,29,-7.28571428571429
44,2616,111,76.8985507246377
44,2617,302,206.223076923077
44,2618,312,206.223076923077
44,2619,-419,-299.516129032258
44,2620,-101,-141.457627118644
44,2621,34,34.6153846153846
44,2622,129,33.2317073170732
44,2623,-1,5.04444444444444
44,2624,-37,-7.28571428571429
44,2625,-4,-7.28571428571429
44,2626,196,119.324561403509
44,2627,331,307.977272727273
44,2628,-86,-63.9090909090909
44,2629,-229,-185.730769230769
44,2630,-175,-147.733333333333
44,2631,-92,-144.166666666667
44,2632,-83,-47.9292604501608
44,2633,-34,-47.9292604501608
44,2634,12,-7.28571428571429
44,2635,-98,0.730769230769231
44,2636,-16,-12.4878048780488
44,2637,-56,-7.28571428571429
44,2638,-31,-12.4878048780488
44,2639,10,-7.28571428571429
44,2640,17,76.8985507246377
44,2641,40,76.8985507246377
44,2642,139,33.2317073170732
44,2643,130,141.893617021277
44,2644,100,-19.1
44,2645,185,105.588235294118
44,2646,79,-137.266666666667
44,2647,-2,-141.457627118644
44,2648,11,-7.28571428571429
44,2649,-61,-18.1643835616438
44,2650,129,-47.9292604501608
44,2651,-54,5.04444444444444
44,2652,-115,-144.166666666667
44,2653,-136,-47.9292604501608
44,2654,-148,-144.166666666667
44,2655,-34,-47.9292604501608
44,2656,-17,-7.28571428571429
44,2657,-50,-7.28571428571429
44,2658,-78,-12.4878048780488
44,2659,-34,-12.4878048780488
44,2660,-28,-7.28571428571429
44,2661,-41,-7.28571428571429
44,2662,-40,-47.9292604501608
44,2663,5,-7.28571428571429
44,2664,22,-7.28571428571429
44,2665,36,76.8985507246377
44,2666,57,76.8985507246377
44,2667,168,183.560606060606
44,2668,194,105.588235294118
44,2669,69,-141.457627118644
44,2670,97,-141.457627118644
44,2671,38,-137.266666666667
44,2672,-59,-18.1643835616438
44,2673,-78,-47.9292604501608
44,2674,39,-47.9292604501608
44,2675,-26,-18.1643835616438
44,2676,-89,0.730769230769231
44,2677,-78,-144.166666666667
44,2678,-79,-47.9292604501608
44,2679,-133,-12.4878048780488
44,2680,-64,-47.9292604501608
44,2681,-33,-47.9292604501608
44,2682,-49,-7.28571428571429
44,2683,-24,-12.4878048780488
44,2684,-8,-7.28571428571429
44,2685,-6,-7.28571428571429
44,2686,4,-7.28571428571429
44,2687,34,-7.28571428571429
44,2688,119,76.8985507246377
44,2689,328,206.223076923077
44,2690,191,141.893617021277
44,2691,-384,-299.516129032258
44,2692,-97,-141.457627118644
44,2693,50,-47.9292604501608
44,2694,43,5.04444444444444
44,2695,48,-18.1643835616438
44,2696,-11,1.4
44,2697,6,-7.28571428571429
44,2698,115,119.324561403509
44,2699,389,307.977272727273
44,2700,-68,-57.8333333333333
44,2701,-288,-185.730769230769
44,2702,-146,-147.733333333333
44,2703,-107,-47.9292604501608
44,2704,-104,-47.9292604501608
44,2705,-59,-47.9292604501608
44,2706,-57,-12.4878048780488
44,2707,-8,-12.4878048780488
44,2708,-1,0.730769230769231
44,2709,2,-7.28571428571429
44,2710,1,-7.28571428571429
44,2711,41,-7.28571428571429
44,2712,119,76.8985507246377
44,2713,189,206.223076923077
44,2714,316,-17.4444444444444
44,2715,-379,-232.971962616822
44,2716,-133,-141.457627118644
44,2717,-9,34.6153846153846
44,2718,-63,-7.28571428571429
44,2719,26,-47.9292604501608
44,2720,29,-18.1643835616438
44,2721,-107,-18.1643835616438
44,2722,105,-12.4878048780488
44,2723,197,307.977272727273
44,2724,-57,197.621621621622
44,2725,43,-141.457627118644
44,2726,-34,76.8985507246377
44,2727,-83,-7.28571428571429
44,2728,-56,-47.9292604501608
44,2729,-73,-47.9292604501608
44,2730,-52,-47.9292604501608
44,2731,-14,-47.9292604501608
44,2732,-9,0.730769230769231
44,2733,2,-7.28571428571429
44,2734,5,-7.28571428571429
44,2735,46,-7.28571428571429
44,2736,116,76.8985507246377
44,2737,373,206.223076923077
44,2738,252,-17.4444444444444
44,2739,-435,-299.516129032258
44,2740,-170,-141.457627118644
44,2741,55,34.6153846153846
44,2742,66,5.04444444444444
44,2743,-24,5.04444444444444
44,2744,-3,-7.28571428571429
44,2745,25,-7.28571428571429
44,2746,155,119.324561403509
44,2747,420,307.977272727273
44,2748,6,-63.9090909090909
44,2749,-281,-185.730769230769
44,2750,-202,-147.733333333333
44,2751,-60,-47.9292604501608
44,2752,-120,-47.9292604501608
44,2753,-106,-47.9292604501608
44,2754,-65,-47.9292604501608
44,2755,-40,-12.4878048780488
44,2756,-7,0.730769230769231
44,2757,-5,-7.28571428571429
44,2758,0,-7.28571428571429
44,2759,50,-7.28571428571429
44,2760,114,183.560606060606
44,2761,364,206.223076923077
44,2762,256,105.588235294118
44,2763,-435,-299.516129032258
44,2764,-165,-141.457627118644
44,2765,53,34.6153846153846
44,2766,47,5.04444444444444
44,2767,46,-18.1643835616438
44,2768,-38,-18.1643835616438
44,2769,-7,-7.28571428571429
44,2770,166,119.324561403509
44,2771,519,307.977272727273
44,2772,-76,-141.457627118644
44,2773,-297,-185.730769230769
44,2774,-186,-147.733333333333
44,2775,-143,-47.9292604501608
44,2776,13,-47.9292604501608
44,2777,-133,-18.1643835616438
44,2778,-88,-12.4878048780488
44,2779,-17,-12.4878048780488
44,2780,-35,119.324561403509
44,2781,-2,-7.28571428571429
44,2782,-2,-7.28571428571429
44,2783,39,-7.28571428571429
44,2784,116,33.2317073170732
44,2785,338,206.223076923077
44,2786,254,105.588235294118
44,2787,-374,-299.516129032258
44,2788,-158,-141.457627118644
44,2789,96,34.6153846153846
44,2790,68,5.04444444444444
44,2791,32,-57.8333333333333
44,2792,-9,-18.1643835616438
44,2793,11,-7.28571428571429
44,2794,144,119.324561403509
44,2795,279,307.977272727273
44,2796,-41,-19.1
44,2797,-217,-185.730769230769
44,2798,-219,-147.733333333333
44,2799,-57,-47.9292604501608
44,2800,-17,-47.9292604501608
44,2801,-109,-7.28571428571429
44,2802,-14,-47.9292604501608
44,2803,-48,-7.28571428571429
44,2804,-41,-12.4878048780488
44,2805,-38,-47.9292604501608
44,2806,-30,-7.28571428571429
44,2807,2,-7.28571428571429
44,2808,24,-7.28571428571429
44,2809,36,76.8985507246377
44,2810,141,76.8985507246377
44,2811,159,206.223076923077
44,2812,97,-63.9090909090909
44,2813,152,-141.457627118644
44,2814,62,-137.266666666667
44,2815,19,-19.1
44,2816,-53,-18.1643835616438
44,2817,96,-47.9292604501608
44,2818,-70,5.04444444444444
44,2819,-34,-144.166666666667
44,2820,-48,-7.28571428571429
44,2821,-191,-47.9292604501608
44,2822,-82,-144.166666666667
44,2823,-64,-47.9292604501608
44,2824,-22,-12.4878048780488
44,2825,-68,-7.28571428571429
44,2826,9,-47.9292604501608
44,2827,-38,-7.28571428571429
44,2828,-47,-7.28571428571429
44,2829,-41,-47.9292604501608
44,2830,-44,-47.9292604501608
44,2831,-4,-12.4878048780488
44,2832,10,-7.28571428571429
44,2833,41,76.8985507246377
44,2834,118,33.2317073170732
44,2835,101,206.223076923077
44,2836,213,105.588235294118
44,2837,81,105.588235294118
44,2838,206,-141.457627118644
44,2839,-74,-137.266666666667
44,2840,-36,-141.457627118644
44,2841,-26,-7.28571428571429
44,2842,51,-7.28571428571429
44,2843,32,5.04444444444444
44,2844,-183,-18.1643835616438
44,2845,-127,-12.4878048780488
44,2846,-161,-47.9292604501608
44,2847,-56,-144.166666666667
44,2848,-58,-47.9292604501608
44,2849,-38,-47.9292604501608
44,2850,-36,-7.28571428571429
44,2851,-46,-7.28571428571429
44,2852,-10,-12.4878048780488
44,2853,-3,-7.28571428571429
44,2854,3,-7.28571428571429
44,2855,29,-7.28571428571429
44,2856,131,76.8985507246377
44,2857,362,206.223076923077
44,2858,220,-63.9090909090909
44,2859,-422,-299.516129032258
44,2860,-130,-141.457627118644
44,2861,40,-47.9292604501608
44,2862,104,33.2317073170732
44,2863,-14,5.04444444444444
44,2864,-25,-7.28571428571429
44,2865,-3,-7.28571428571429
44,2866,216,119.324561403509
44,2867,382,307.977272727273
44,2868,-45,-63.9090909090909
44,2869,-263,-185.730769230769
44,2870,-158,-147.733333333333
44,2871,-176,-47.9292604501608
44,2872,-84,-47.9292604501608
44,2873,-78,-47.9292604501608
44,2874,-30,-47.9292604501608
44,2875,-51,0.730769230769231
44,2876,1,-12.4878048780488
44,2877,-9,-7.28571428571429
44,2878,4,-7.28571428571429
44,2879,38,-7.28571428571429
44,2880,147,76.8985507246377
44,2881,362,206.223076923077
44,2882,249,-63.9090909090909
44,2883,-396,-299.516129032258
44,2884,-239,-141.457627118644
44,2885,48,34.6153846153846
44,2886,84,5.04444444444444
44,2887,3,5.04444444444444
44,2888,-12,-7.28571428571429
44,2889,10,-7.28571428571429
44,2890,192,119.324561403509
44,2891,472,307.977272727273
44,2892,-145,-63.9090909090909
44,2893,-283,-185.730769230769
44,2894,-114,-147.733333333333
44,2895,-128,-47.9292604501608
44,2896,-109,-47.9292604501608
44,2897,-90,-47.9292604501608
44,2898,-58,-12.4878048780488
44,2899,-11,-12.4878048780488
44,2900,-12,0.730769230769231
44,2901,-7,-7.28571428571429
44,2902,4,-7.28571428571429
44,2903,22,-7.28571428571429
44,2904,146,76.8985507246377
44,2905,350,206.223076923077
44,2906,306,-63.9090909090909
44,2907,-504,-299.516129032258
44,2908,-149,-141.457627118644
44,2909,42,34.6153846153846
44,2910,89,33.2317073170732
44,2911,24,5.04444444444444
44,2912,-63,-18.1643835616438
44,2913,23,-12.4878048780488
44,2914,168,119.324561403509
44,2915,485,307.977272727273
44,2916,-69,-141.457627118644
44,2917,-257,-185.730769230769
44,2918,-193,-147.733333333333
44,2919,-74,-47.9292604501608
44,2920,-145,-47.9292604501608
44,2921,-100,-47.9292604501608
44,2922,-50,-12.4878048780488
44,2923,-44,-12.4878048780488
44,2924,-5,-12.4878048780488
44,2925,-9,-7.28571428571429
44,2926,1,-7.28571428571429
44,2927,58,-7.28571428571429
44,2928,103,183.560606060606
44,2929,389,206.223076923077
44,2930,236,105.588235294118
44,2931,-459,-299.516129032258
44,2932,-127,-141.457627118644
44,2933,86,34.6153846153846
44,2934,41,5.04444444444444
44,2935,-9,-18.1643835616438
44,2936,-68,-7.28571428571429
44,2937,38,-12.4878048780488
44,2938,176,119.324561403509
44,2939,433,307.977272727273
44,2940,-6,-63.9090909090909
44,2941,-340,-185.730769230769
44,2942,-102,-147.733333333333
44,2943,-204,-47.9292604501608
44,2944,-206,-47.9292604501608
44,2945,-2,-47.9292604501608
44,2946,-28,-7.28571428571429
44,2947,-4,0.730769230769231
44,2948,-3,0.730769230769231
44,2949,-3,-7.28571428571429
44,2950,5,-7.28571428571429
44,2951,26,-7.28571428571429
44,2952,100,76.8985507246377
44,2953,256,206.223076923077
44,2954,311,159.551724137931
44,2955,-279,-299.516129032258
44,2956,-181,-141.457627118644
44,2957,116,34.6153846153846
44,2958,19,5.04444444444444
44,2959,30,-18.1643835616438
44,2960,-11,-18.1643835616438
44,2961,-7,-7.28571428571429
44,2962,110,119.324561403509
44,2963,306,255.724770642202
44,2964,-141,-57.8333333333333
44,2965,-159,-185.730769230769
44,2966,-172,-147.733333333333
44,2967,-99,-47.9292604501608
44,2968,-17,-47.9292604501608
44,2969,-30,-7.28571428571429
44,2970,-41,-7.28571428571429
44,2971,-48,-12.4878048780488
44,2972,-9,-12.4878048780488
44,2973,-63,-7.28571428571429
44,2974,-15,-47.9292604501608
44,2975,1,-7.28571428571429
44,2976,22,-7.28571428571429
44,2977,36,76.8985507246377
44,2978,138,76.8985507246377
44,2979,121,206.223076923077
44,2980,140,-63.9090909090909
44,2981,191,-17.4444444444444
44,2982,19,-19.1
44,2983,4,-141.457627118644
44,2984,64,-7.28571428571429
44,2985,-23,5.04444444444444
44,2986,-5,-7.28571428571429
44,2987,-10,-7.28571428571429
44,2988,-118,-7.28571428571429
44,2989,-124,-144.166666666667
44,2990,-155,-144.166666666667
44,2991,-23,-47.9292604501608
44,2992,-71,-7.28571428571429
44,2993,-25,-47.9292604501608
44,2994,-49,-7.28571428571429
44,2995,-31,-12.4878048780488
44,2996,-24,-7.28571428571429
44,2997,-34,-7.28571428571429
44,2998,-51,-7.28571428571429
44,2999,3,-47.9292604501608
44,3000,12,-7.28571428571429
44,3001,35,76.8985507246377
44,3002,87,76.8985507246377
44,3003,141,197.621621621622
44,3004,194,141.893617021277
44,3005,112,-19.1
44,3006,89,-141.457627118644
44,3007,-86,1.4
44,3008,18,-47.9292604501608
44,3009,37,-18.1643835616438
44,3010,-1,-18.1643835616438
44,3011,-73,-7.28571428571429
44,3012,-174,-144.166666666667
44,3013,-144,-12.4878048780488
44,3014,-63,-47.9292604501608
44,3015,-71,-47.9292604501608
44,3016,-32,-47.9292604501608
44,3017,-34,-7.28571428571429
44,3018,-12,-7.28571428571429
44,3019,-27,-7.28571428571429
44,3020,-6,-7.28571428571429
44,3021,-5,-7.28571428571429
44,3022,3,-7.28571428571429
44,3023,26,-7.28571428571429
44,3024,119,76.8985507246377
44,3025,328,206.223076923077
44,3026,301,141.893617021277
44,3027,-444,-299.516129032258
44,3028,-161,-141.457627118644
44,3029,93,34.6153846153846
44,3030,51,5.04444444444444
44,3031,-18,-57.8333333333333
44,3032,-61,-7.28571428571429
44,3033,85,-12.4878048780488
44,3034,130,197.621621621622
44,3035,397,307.977272727273
44,3036,-243,-137.266666666667
44,3037,-97,-185.730769230769
44,3038,-254,34.6153846153846
44,3039,-44,-47.9292604501608
44,3040,-11,-47.9292604501608
44,3041,-102,-7.28571428571429
44,3042,-74,-12.4878048780488
44,3043,-20,-12.4878048780488
44,3044,-9,119.324561403509
44,3045,3,-7.28571428571429
44,3046,5,-7.28571428571429
44,3047,33,-7.28571428571429
44,3048,136,76.8985507246377
44,3049,81,197.621621621622
44,3050,-126,-108.684210526316
44,3051,-48,-47.9292604501608
44,3052,-41,-47.9292604501608
44,3053,54,-47.9292604501608
44,3054,5,5.04444444444444
44,3055,50,-7.28571428571429
44,3056,9,1.4
44,3057,46,-7.28571428571429
44,3058,165,76.8985507246377
44,3059,341,197.621621621622
44,3060,-28,-141.457627118644
44,3061,-292,-141.457627118644
44,3062,-89,-147.733333333333
44,3063,-17,-47.9292604501608
44,3064,-49,-7.28571428571429
44,3065,-142,-47.9292604501608
44,3066,-46,-47.9292604501608
44,3067,-33,-12.4878048780488
44,3068,-10,0.730769230769231
44,3069,-2,-7.28571428571429
44,3070,4,-7.28571428571429
44,3071,23,-7.28571428571429
44,3072,143,76.8985507246377
44,3073,338,206.223076923077
44,3074,294,-63.9090909090909
44,3075,-447,-299.516129032258
44,3076,-187,-141.457627118644
44,3077,55,34.6153846153846
44,3078,128,5.04444444444444
44,3079,-79,5.04444444444444
44,3080,-28,-47.9292604501608
44,3081,68,-7.28571428571429
44,3082,159,137.844660194175
44,3083,439,307.977272727273
44,3084,-107,-232.971962616822
44,3085,-217,-185.730769230769
44,3086,-96,-147.733333333333
44,3087,-288,-144.166666666667
44,3088,32,-47.9292604501608
44,3089,-21,-18.1643835616438
44,3090,-144,-7.28571428571429
44,3091,-51,-12.4878048780488
44,3092,-12,-12.4878048780488
44,3093,-2,-7.28571428571429
44,3094,-1,-7.28571428571429
44,3095,29,-7.28571428571429
44,3096,94,33.2317073170732
44,3097,258,206.223076923077
44,3098,347,206.223076923077
44,3099,-379,-299.516129032258
44,3100,-182,-141.457627118644
44,3101,37,34.6153846153846
44,3102,74,33.2317073170732
44,3103,6,5.04444444444444
44,3104,-27,-7.28571428571429
44,3105,58,-7.28571428571429
44,3106,172,137.844660194175
44,3107,404,307.977272727273
44,3108,-14,-232.971962616822
44,3109,-353,-185.730769230769
44,3110,-93,-147.733333333333
44,3111,-120,-47.9292604501608
44,3112,-89,-47.9292604501608
44,3113,-77,-47.9292604501608
44,3114,-53,-47.9292604501608
44,3115,-56,-12.4878048780488
44,3116,-35,-12.4878048780488
44,3117,5,-7.28571428571429
44,3118,-5,-7.28571428571429
44,3119,30,-7.28571428571429
44,3120,96,76.8985507246377
44,3121,291,197.621621621622
44,3122,357,206.223076923077
44,3123,-401,-299.516129032258
44,3124,-124,-141.457627118644
44,3125,44,34.6153846153846
44,3126,164,76.8985507246377
44,3127,-44,5.04444444444444
44,3128,-24,-108.684210526316
44,3129,70,-7.28571428571429
44,3130,164,137.844660194175
44,3131,266,307.977272727273
44,3132,-139,-232.971962616822
44,3133,-261,-185.730769230769
44,3134,-128,-147.733333333333
44,3135,-105,-144.166666666667
44,3136,-3,-47.9292604501608
44,3137,-93,-7.28571428571429
44,3138,20,-12.4878048780488
44,3139,-50,0.730769230769231
44,3140,-66,-12.4878048780488
44,3141,-19,-12.4878048780488
44,3142,-45,-7.28571428571429
44,3143,-1,-12.4878048780488
44,3144,20,-7.28571428571429
44,3145,54,76.8985507246377
44,3146,122,183.560606060606
44,3147,189,206.223076923077
44,3148,144,105.588235294118
44,3149,108,-141.457627118644
44,3150,96,-19.1
44,3151,-33,-137.266666666667
44,3152,-134,-7.28571428571429
44,3153,44,-47.9292604501608
44,3154,39,-18.1643835616438
44,3155,-49,-18.1643835616438
44,3156,-115,-144.166666666667
44,3157,-154,-144.166666666667
44,3158,-94,-12.4878048780488
44,3159,-32,-47.9292604501608
44,3160,-30,-7.28571428571429
44,3161,-6,-7.28571428571429
44,3162,-52,-7.28571428571429
44,3163,-18,-12.4878048780488
44,3164,-35,-7.28571428571429
44,3165,-52,-7.28571428571429
44,3166,-11,-47.9292604501608
44,3167,-1,-7.28571428571429
44,3168,13,-7.28571428571429
44,3169,12,76.8985507246377
44,3170,27,76.8985507246377
44,3171,24,76.8985507246377
44,3172,99,76.8985507246377
44,3173,151,141.893617021277
44,3174,56,-57.8333333333333
44,3175,-72,-19.1
44,3176,-6,-47.9292604501608
44,3177,-8,-7.28571428571429
44,3178,27,-7.28571428571429
44,3179,-176,-18.1643835616438
44,3180,-51,-47.9292604501608
44,3181,8,-12.4878048780488
44,3182,2,-7.28571428571429
44,3183,-3,-7.28571428571429
44,3184,-34,-7.28571428571429
44,3185,1,-7.28571428571429
44,3186,-29,-7.28571428571429
44,3187,-14,-7.28571428571429
44,3188,-22,-7.28571428571429
44,3189,-5,-7.28571428571429
44,3190,-3,-7.28571428571429
44,3191,12,-7.28571428571429
44,3192,40,76.8985507246377
44,3193,95,33.2317073170732
44,3194,243,206.223076923077
44,3195,-65,105.588235294118
44,3196,-34,-141.457627118644
44,3197,10,-7.28571428571429
44,3198,33,33.2317073170732
44,3199,64,-18.1643835616438
44,3200,15,5.04444444444444
44,3201,-50,-18.1643835616438
44,3202,7,-47.9292604501608
44,3203,120,119.324561403509
44,3204,-41,5.04444444444444
44,3205,-85,-47.9292604501608
44,3206,-144,-47.9292604501608
44,3207,-76,-47.9292604501608
44,3208,-44,-47.9292604501608
44,3209,-38,-47.9292604501608
44,3210,-38,-7.28571428571429
44,3211,-18,-7.28571428571429
44,3212,-6,-7.28571428571429
44,3213,-4,-7.28571428571429
44,3214,4,-7.28571428571429
44,3215,12,-7.28571428571429
44,3216,124,76.8985507246377
44,3217,219,206.223076923077
44,3218,351,197.621621621622
44,3219,-331,-299.516129032258
44,3220,-218,-141.457627118644
44,3221,29,34.6153846153846
44,3222,67,33.2317073170732
44,3223,-22,5.04444444444444
44,3224,6,-7.28571428571429
44,3225,10,-7.28571428571429
44,3226,170,119.324561403509
44,3227,382,307.977272727273
44,3228,-22,-63.9090909090909
44,3229,-270,-185.730769230769
44,3230,-154,-147.733333333333
44,3231,-135,-47.9292604501608
44,3232,-63,-47.9292604501608
44,3233,-78,-47.9292604501608
44,3234,-51,-47.9292604501608
44,3235,-25,-12.4878048780488
44,3236,0,0.730769230769231
44,3237,-2,-7.28571428571429
44,3238,0,-7.28571428571429
44,3239,34,-7.28571428571429
44,3240,135,76.8985507246377
44,3241,332,206.223076923077
44,3242,332,-63.9090909090909
44,3243,-473,-299.516129032258
44,3244,-149,-141.457627118644
44,3245,74,34.6153846153846
44,3246,99,5.04444444444444
44,3247,-93,-57.8333333333333
44,3248,-26,-47.9292604501608
44,3249,48,-7.28571428571429
44,3250,247,137.844660194175
44,3251,382,307.977272727273
44,3252,-104,-299.516129032258
44,3253,-278,-185.730769230769
44,3254,-174,-147.733333333333
44,3255,-123,-47.9292604501608
44,3256,-72,-47.9292604501608
44,3257,-61,-47.9292604501608
44,3258,-94,-12.4878048780488
44,3259,-31,-12.4878048780488
44,3260,0,0.730769230769231
44,3261,-8,-7.28571428571429
44,3262,7,-7.28571428571429
44,3263,32,-7.28571428571429
44,3264,117,76.8985507246377
44,3265,319,206.223076923077
44,3266,320,141.893617021277
44,3267,-443,-299.516129032258
44,3268,-151,-141.457627118644
44,3269,47,34.6153846153846
44,3270,75,33.2317073170732
44,3271,-35,5.04444444444444
44,3272,57,-7.28571428571429
44,3273,112,1.4
44,3274,21,197.621621621622
44,3275,346,119.324561403509
44,3276,-135,-137.266666666667
44,3277,51,-141.457627118644
44,3278,-328,105.588235294118
44,3279,-155,-47.9292604501608
44,3280,-83,-47.9292604501608
44,3281,9,-47.9292604501608
44,3282,-118,-7.28571428571429
44,3283,-31,-47.9292604501608
44,3284,-21,0.730769230769231
44,3285,-10,-7.28571428571429
44,3286,2,-7.28571428571429
44,3287,27,-7.28571428571429
44,3288,108,76.8985507246377
44,3289,249,206.223076923077
44,3290,353,206.223076923077
44,3291,-345,-299.516129032258
44,3292,-125,-141.457627118644
44,3293,38,34.6153846153846
44,3294,74,33.2317073170732
44,3295,-6,5.04444444444444
44,3296,-10,-7.28571428571429
44,3297,84,-7.28571428571429
44,3298,65,197.621621621622
44,3299,317,307.977272727273
44,3300,-195,-137.266666666667
44,3301,-149,-185.730769230769
44,3302,-185,34.6153846153846
44,3303,-118,-47.9292604501608
44,3304,-30,-47.9292604501608
44,3305,-60,-7.28571428571429
44,3306,149,-12.4878048780488
44,3307,-103,206.223076923077
44,3308,-79,-108.684210526316
44,3309,-52,-12.4878048780488
44,3310,-4,-47.9292604501608
44,3311,0,-7.28571428571429
44,3312,17,-7.28571428571429
44,3313,42,-18.1643835616438
44,3314,104,33.2317073170732
44,3315,92,206.223076923077
44,3316,81,105.588235294118
44,3317,180,1.4
44,3318,46,-137.266666666667
44,3319,97,-141.457627118644
44,3320,-73,-137.266666666667
44,3321,18,-47.9292604501608
44,3322,22,-18.1643835616438
44,3323,-109,-18.1643835616438
44,3324,-55,-47.9292604501608
44,3325,-141,-47.9292604501608
44,3326,-77,-12.4878048780488
44,3327,-51,-47.9292604501608
44,3328,-15,-47.9292604501608
44,3329,-64,-7.28571428571429
44,3330,-14,-47.9292604501608
44,3331,1,-7.28571428571429
44,3332,-46,-7.28571428571429
44,3333,-38,-47.9292604501608
44,3334,-16,-7.28571428571429
44,3335,-1,-7.28571428571429
44,3336,13,-7.28571428571429
44,3337,27,76.8985507246377
44,3338,81,76.8985507246377
44,3339,91,206.223076923077
44,3340,205,141.893617021277
44,3341,66,-17.4444444444444
44,3342,68,-141.457627118644
44,3343,57,1.4
44,3344,-2,1.4
44,3345,-49,-7.28571428571429
44,3346,13,-47.9292604501608
44,3347,-42,-18.1643835616438
44,3348,-86,-47.9292604501608
44,3349,-117,-144.166666666667
44,3350,-90,-47.9292604501608
44,3351,-50,-47.9292604501608
44,3352,-71,-47.9292604501608
44,3353,-20,-47.9292604501608
44,3354,-57,-7.28571428571429
44,3355,-19,-12.4878048780488
44,3356,-23,-7.28571428571429
44,3357,-2,-7.28571428571429
44,3358,6,-7.28571428571429
44,3359,30,-7.28571428571429
44,3360,107,76.8985507246377
44,3361,329,206.223076923077
44,3362,261,141.893617021277
44,3363,-378,-299.516129032258
44,3364,-191,-141.457627118644
44,3365,95,34.6153846153846
44,3366,21,5.04444444444444
44,3367,-138,-18.1643835616438
44,3368,39,-47.9292604501608
44,3369,75,-18.1643835616438
44,3370,187,137.844660194175
44,3371,319,307.977272727273
44,3372,-174,-232.971962616822
44,3373,-353,-141.457627118644
44,3374,17,-147.733333333333
44,3375,-50,-18.1643835616438
44,3376,-80,-47.9292604501608
44,3377,-45,-47.9292604501608
44,3378,-33,-12.4878048780488
44,3379,-35,0.730769230769231
44,3380,-10,0.730769230769231
44,3381,-1,-7.28571428571429
44,3382,5,-7.28571428571429
44,3383,45,-7.28571428571429
44,3384,120,76.8985507246377
44,3385,353,206.223076923077
44,3386,310,105.588235294118
44,3387,-480,-299.516129032258
44,3388,-133,-141.457627118644
44,3389,6,34.6153846153846
44,3390,97,-7.28571428571429
44,3391,3,5.04444444444444
44,3392,-20,-7.28571428571429
44,3393,38,-7.28571428571429
44,3394,100,119.324561403509
44,3395,497,307.977272727273
44,3396,-105,-137.266666666667
44,3397,-307,-185.730769230769
44,3398,-99,-147.733333333333
44,3399,-237,-47.9292604501608
44,3400,-14,-47.9292604501608
44,3401,18,-7.28571428571429
44,3402,-150,-18.1643835616438
44,3403,-32,-12.4878048780488
44,3404,-1,119.324561403509
44,3405,-9,-7.28571428571429
44,3406,-3,-7.28571428571429
44,3407,37,-7.28571428571429
44,3408,137,76.8985507246377
44,3409,286,206.223076923077
44,3410,353,-63.9090909090909
44,3411,-435,-299.516129032258
44,3412,-154,-141.457627118644
44,3413,6,34.6153846153846
44,3414,98,-7.28571428571429
44,3415,-22,5.04444444444444
44,3416,-40,-7.28571428571429
44,3417,31,-7.28571428571429
44,3418,165,119.324561403509
44,3419,422,307.977272727273
44,3420,-4,-63.9090909090909
44,3421,-368,-185.730769230769
44,3422,-102,-147.733333333333
44,3423,-85,-47.9292604501608
44,3424,-114,-47.9292604501608
44,3425,-116,-47.9292604501608
44,3426,-42,-47.9292604501608
44,3427,-43,-12.4878048780488
44,3428,0,-12.4878048780488
44,3429,-9,-7.28571428571429
44,3430,0,-7.28571428571429
44,3431,37,-7.28571428571429
44,3432,111,76.8985507246377
44,3433,355,206.223076923077
44,3434,326,105.588235294118
44,3435,-447,-299.516129032258
44,3436,-169,-141.457627118644
44,3437,50,34.6153846153846
44,3438,109,5.04444444444444
44,3439,-45,5.04444444444444
44,3440,-47,-47.9292604501608
44,3441,68,-12.4878048780488
44,3442,97,137.844660194175
44,3443,440,307.977272727273
44,3444,-102,-137.266666666667
44,3445,-275,-185.730769230769
44,3446,-126,-147.733333333333
44,3447,-104,-47.9292604501608
44,3448,-54,-47.9292604501608
44,3449,-112,-47.9292604501608
44,3450,-61,-12.4878048780488
44,3451,-40,-12.4878048780488
44,3452,-6,0.730769230769231
44,3453,-5,-7.28571428571429
44,3454,1,-7.28571428571429
44,3455,30,-7.28571428571429
44,3456,95,76.8985507246377
44,3457,23,206.223076923077
44,3458,313,76.8985507246377
44,3459,-78,-17.4444444444444
44,3460,-165,-141.457627118644
44,3461,28,-147.733333333333
44,3462,80,33.2317073170732
44,3463,43,5.04444444444444
44,3464,-10,33.2317073170732
44,3465,30,-7.28571428571429
44,3466,170,33.2317073170732
44,3467,-140,197.621621621622
44,3468,-192,-141.457627118644
44,3469,-1,-47.9292604501608
44,3470,-3,-7.28571428571429
44,3471,-23,-7.28571428571429
44,3472,-16,-7.28571428571429
44,3473,-59,-7.28571428571429
44,3474,-8,-12.4878048780488
44,3475,-28,119.324561403509
44,3476,-17,-7.28571428571429
44,3477,-49,-7.28571428571429
44,3478,-11,-47.9292604501608
44,3479,-5,-7.28571428571429
44,3480,18,-7.28571428571429
44,3481,34,76.8985507246377
44,3482,128,76.8985507246377
44,3483,170,206.223076923077
44,3484,60,141.893617021277
44,3485,189,-141.457627118644
44,3486,91,-137.266666666667
44,3487,11,-141.457627118644
44,3488,-3,-18.1643835616438
44,3489,0,-7.28571428571429
44,3490,-20,-7.28571428571429
44,3491,40,-7.28571428571429
44,3492,-210,119.324561403509
44,3493,-176,-47.9292604501608
44,3494,-86,-144.166666666667
44,3495,37,-47.9292604501608
44,3496,-94,33.2317073170732
44,3497,-39,-47.9292604501608
44,3498,-9,-7.28571428571429
44,3499,-37,-7.28571428571429
44,3500,15,-7.28571428571429
44,3501,-91,76.8985507246377
44,3502,-20,-12.4878048780488
44,3503,-11,-7.28571428571429
44,3504,16,-7.28571428571429
44,3505,30,76.8985507246377
44,3506,87,76.8985507246377
44,3507,126,159.551724137931
44,3508,174,141.893617021277
44,3509,104,105.588235294118
44,3510,128,-141.457627118644
44,3511,-49,-137.266666666667
44,3512,14,-47.9292604501608
44,3513,-17,-18.1643835616438
44,3514,-32,-7.28571428571429
44,3515,-100,-7.28571428571429
44,3516,-78,-144.166666666667
44,3517,-147,-144.166666666667
44,3518,-71,-47.9292604501608
44,3519,-29,-144.166666666667
44,3520,-53,-7.28571428571429
44,3521,-47,-12.4878048780488
44,3522,-35,-12.4878048780488
44,3523,-20,-7.28571428571429
44,3524,-6,-7.28571428571429
44,3525,1,-7.28571428571429
44,3526,1,-7.28571428571429
44,3527,39,-7.28571428571429
44,3528,98,76.8985507246377
44,3529,308,206.223076923077
44,3530,276,105.588235294118
44,3531,-368,-299.516129032258
44,3532,-148,-141.457627118644
44,3533,-1,34.6153846153846
44,3534,72,-7.28571428571429
44,3535,32,5.04444444444444
44,3536,-33,-18.1643835616438
44,3537,14,-7.28571428571429
44,3538,228,119.324561403509
44,3539,398,307.977272727273
44,3540,-136,-141.457627118644
44,3541,-272,-185.730769230769
44,3542,-111,-147.733333333333
44,3543,-229,-47.9292604501608
44,3544,9,-47.9292604501608
44,3545,-20,-7.28571428571429
44,3546,-126,-7.28571428571429
44,3547,-20,-12.4878048780488
44,3548,-10,119.324561403509
44,3549,-6,-7.28571428571429
44,3550,6,-7.28571428571429
44,3551,43,-7.28571428571429
44,3552,108,33.2317073170732
44,3553,373,206.223076923077
44,3554,230,105.588235294118
44,3555,-427,-299.516129032258
44,3556,-113,-141.457627118644
44,3557,32,-47.9292604501608
44,3558,125,-18.1643835616438
44,3559,-75,5.04444444444444
44,3560,-7,-47.9292604501608
44,3561,50,-7.28571428571429
44,3562,195,137.844660194175
44,3563,397,307.977272727273
44,3564,-112,-232.971962616822
44,3565,-344,-185.730769230769
44,3566,-103,-147.733333333333
44,3567,-84,-144.166666666667
44,3568,-101,-47.9292604501608
44,3569,-83,-47.9292604501608
44,3570,-65,-12.4878048780488
44,3571,-19,-12.4878048780488
44,3572,-21,0.730769230769231
44,3573,-2,-7.28571428571429
44,3574,2,-7.28571428571429
44,3575,47,-7.28571428571429
44,3576,120,76.8985507246377
44,3577,353,206.223076923077
44,3578,275,105.588235294118
44,3579,-428,-299.516129032258
44,3580,-202,-141.457627118644
44,3581,65,34.6153846153846
44,3582,80,5.04444444444444
44,3583,-10,5.04444444444444
44,3584,-5,-7.28571428571429
44,3585,7,-7.28571428571429
44,3586,224,119.324561403509
44,3587,431,307.977272727273
44,3588,-105,-63.9090909090909
44,3589,-286,-185.730769230769
44,3590,-131,-147.733333333333
44,3591,-128,-47.9292604501608
44,3592,-75,-47.9292604501608
44,3593,-115,-47.9292604501608
44,3594,-47,-12.4878048780488
44,3595,-48,-12.4878048780488
44,3596,-10,-12.4878048780488
44,3597,-10,-7.28571428571429
44,3598,-3,-7.28571428571429
44,3599,50,-7.28571428571429
44,3600,116,183.560606060606
44,3601,324,206.223076923077
44,3602,284,105.588235294118
44,3603,-436,-299.516129032258
44,3604,-118,-141.457627118644
44,3605,13,34.6153846153846
44,3606,81,-18.1643835616438
44,3607,-6,5.04444444444444
44,3608,-28,-7.28571428571429
44,3609,20,-7.28571428571429
44,3610,194,119.324561403509
44,3611,387,307.977272727273
44,3612,-77,-63.9090909090909
44,3613,-267,-185.730769230769
44,3614,-195,-147.733333333333
44,3615,-76,-47.9292604501608
44,3616,-64,-47.9292604501608
44,3617,-72,-47.9292604501608
44,3618,-64,-12.4878048780488
44,3619,-35,-12.4878048780488
44,3620,-17,0.730769230769231
44,3621,-6,-7.28571428571429
44,3622,-8,-7.28571428571429
44,3623,45,-7.28571428571429
44,3624,94,76.8985507246377
44,3625,277,206.223076923077
44,3626,313,105.588235294118
44,3627,-331,-299.516129032258
44,3628,-206,-141.457627118644
44,3629,93,34.6153846153846
44,3630,102,5.04444444444444
44,3631,-55,-57.8333333333333
44,3632,14,-47.9292604501608
44,3633,97,-18.1643835616438
44,3634,134,197.621621621622
44,3635,235,307.977272727273
44,3636,-152,-232.971962616822
44,3637,-194,-141.457627118644
44,3638,-160,-147.733333333333
44,3639,-19,-47.9292604501608
44,3640,-75,-7.28571428571429
44,3641,-39,-47.9292604501608
44,3642,-36,-7.28571428571429
44,3643,4,-7.28571428571429
44,3644,-56,0.730769230769231
44,3645,-64,-47.9292604501608
44,3646,-13,-12.4878048780488
44,3647,-4,-7.28571428571429
44,3648,22,-7.28571428571429
44,3649,55,76.8985507246377
44,3650,127,159.551724137931
44,3651,115,206.223076923077
44,3652,151,105.588235294118
44,3653,106,-17.4444444444444
44,3654,83,-19.1
44,3655,92,1.4
44,3656,-10,1.4
44,3657,-39,-7.28571428571429
44,3658,-99,-7.28571428571429
44,3659,6,-144.166666666667
44,3660,-162,-7.28571428571429
44,3661,-156,-144.166666666667
44,3662,-4,-47.9292604501608
44,3663,-87,-7.28571428571429
44,3664,-52,-12.4878048780488
44,3665,10,-47.9292604501608
44,3666,-50,76.8985507246377
44,3667,16,-12.4878048780488
44,3668,-17,76.8985507246377
44,3669,-37,-7.28571428571429
44,3670,-59,-7.28571428571429
44,3671,8,-47.9292604501608
44,3672,11,-7.28571428571429
44,3673,26,33.2317073170732
44,3674,108,76.8985507246377
44,3675,157,197.621621621622
44,3676,104,141.893617021277
44,3677,28,-19.1
44,3678,29,76.8985507246377
44,3679,-100,33.2317073170732
44,3680,11,-47.9292604501608
44,3681,-101,-18.1643835616438
44,3682,-8,-47.9292604501608
44,3683,-68,-7.28571428571429
44,3684,-71,-144.166666666667
44,3685,-100,-12.4878048780488
44,3686,1,-47.9292604501608
44,3687,-9,-7.28571428571429
44,3688,-9,-7.28571428571429
44,3689,-23,-7.28571428571429
44,3690,8,-7.28571428571429
44,3691,94,-7.28571428571429
44,3692,10,206.223076923077
44,3693,-2,76.8985507246377
44,3694,-26,-7.28571428571429
44,3695,26,-7.28571428571429
44,3696,19,76.8985507246377
44,3697,-28,76.8985507246377
44,3698,-34,-7.28571428571429
44,3699,-17,-7.28571428571429
44,3700,2,-7.28571428571429
44,3701,-27,-7.28571428571429
44,3702,-23,-7.28571428571429
44,3703,-8,-7.28571428571429
44,3704,-1,-7.28571428571429
44,3705,-4,-7.28571428571429
44,3706,2,-7.28571428571429
44,3707,19,-7.28571428571429
44,3708,92,33.2317073170732
44,3709,221,206.223076923077
44,3710,284,206.223076923077
44,3711,-324,-299.516129032258
44,3712,-129,-141.457627118644
44,3713,21,34.6153846153846
44,3714,52,33.2317073170732
44,3715,-28,5.04444444444444
44,3716,11,-7.28571428571429
44,3717,6,-18.1643835616438
44,3718,194,119.324561403509
44,3719,299,307.977272727273
44,3720,-139,-63.9090909090909
44,3721,-174,-141.457627118644
44,3722,-142,-147.733333333333
44,3723,-76,-47.9292604501608
44,3724,-27,-47.9292604501608
44,3725,-64,-7.28571428571429
44,3726,-41,-12.4878048780488
44,3727,-30,-12.4878048780488
44,3728,-10,119.324561403509
44,3729,-5,-7.28571428571429
44,3730,-5,-7.28571428571429
44,3731,30,-7.28571428571429
44,3732,108,76.8985507246377
44,3733,272,206.223076923077
44,3734,260,206.223076923077
44,3735,-349,-299.516129032258
44,3736,-185,-141.457627118644
44,3737,24,34.6153846153846
44,3738,51,76.8985507246377
44,3739,27,5.04444444444444
44,3740,-63,-18.1643835616438
44,3741,29,-12.4878048780488
44,3742,130,119.324561403509
44,3743,345,307.977272727273
44,3744,-11,-57.8333333333333
44,3745,-226,-185.730769230769
44,3746,-156,-147.733333333333
44,3747,-29,-47.9292604501608
44,3748,-65,-7.28571428571429
44,3749,-82,-47.9292604501608
44,3750,-70,-47.9292604501608
44,3751,-26,-12.4878048780488
44,3752,-14,0.730769230769231
44,3753,-7,-7.28571428571429
44,3754,4,-7.28571428571429
44,3755,19,-7.28571428571429
44,3756,96,76.8985507246377
44,3757,235,206.223076923077
44,3758,330,141.893617021277
44,3759,-305,-299.516129032258
44,3760,-178,-141.457627118644
44,3761,17,34.6153846153846
44,3762,71,33.2317073170732
44,3763,2,5.04444444444444
44,3764,-32,-7.28571428571429
44,3765,44,-7.28571428571429
44,3766,115,119.324561403509
44,3767,217,307.977272727273
44,3768,-116,-137.266666666667
44,3769,-148,-185.730769230769
44,3770,-153,-47.9292604501608
44,3771,-65,-47.9292604501608
44,3772,-7,-47.9292604501608
44,3773,-30,-7.28571428571429
44,3774,-11,-7.28571428571429
44,3775,-19,-7.28571428571429
44,3776,-43,119.324561403509
44,3777,-18,-47.9292604501608
44,3778,-12,-7.28571428571429
44,3779,-7,-7.28571428571429
44,3780,12,-7.28571428571429
44,3781,38,76.8985507246377
44,3782,83,76.8985507246377
44,3783,77,206.223076923077
44,3784,109,105.588235294118
44,3785,12,-17.4444444444444
44,3786,54,76.8985507246377
44,3787,55,1.4
44,3788,6,5.04444444444444
44,3789,-7,-7.28571428571429
44,3790,-48,-7.28571428571429
44,3791,10,-47.9292604501608
44,3792,-113,33.2317073170732
44,3793,-58,-47.9292604501608
44,3794,-58,-47.9292604501608
44,3795,-15,-47.9292604501608
44,3796,-20,-7.28571428571429
44,3797,2,-7.28571428571429
44,3798,-46,-7.28571428571429
44,3799,63,-47.9292604501608
44,3800,-128,137.844660194175
44,3801,-26,-47.9292604501608
44,3802,-2,-7.28571428571429
44,3803,-4,-7.28571428571429
44,3804,11,-7.28571428571429
44,3805,34,33.2317073170732
44,3806,99,-18.1643835616438
44,3807,68,206.223076923077
44,3808,143,137.844660194175
44,3809,85,-137.266666666667
44,3810,59,-19.1
44,3811,-11,1.4
44,3812,16,-7.28571428571429
44,3813,-60,-18.1643835616438
44,3814,-14,-47.9292604501608
44,3815,-108,-7.28571428571429
44,3816,-90,-47.9292604501608
44,3817,-10,-144.166666666667
44,3818,-86,-7.28571428571429
44,3819,-54,-47.9292604501608
44,3820,-8,-47.9292604501608
44,3821,-26,-7.28571428571429
44,3822,-30,-7.28571428571429
44,3823,-15,-7.28571428571429
44,3824,-2,-7.28571428571429
44,3825,-2,-7.28571428571429
44,3826,12,-7.28571428571429
44,3827,23,76.8985507246377
44,3828,100,76.8985507246377
44,3829,322,206.223076923077
44,3830,187,141.893617021277
44,3831,-391,-141.457627118644
44,3832,-115,-141.457627118644
44,3833,8,-47.9292604501608
44,3834,94,-7.28571428571429
44,3835,-22,5.04444444444444
44,3836,-26,-7.28571428571429
44,3837,35,-7.28571428571429
44,3838,129,119.324561403509
44,3839,278,307.977272727273
44,3840,-96,-137.266666666667
44,3841,-170,-185.730769230769
44,3842,-131,-147.733333333333
44,3843,-89,-47.9292604501608
44,3844,-37,-47.9292604501608
44,3845,-62,-7.28571428571429
44,3846,-34,-12.4878048780488
44,3847,-11,-7.28571428571429
44,3848,-6,0.730769230769231
44,3849,2,-7.28571428571429
44,3850,3,-7.28571428571429
44,3851,34,-7.28571428571429
44,3852,108,76.8985507246377
44,3853,238,206.223076923077
44,3854,201,141.893617021277
44,3855,-225,-299.516129032258
44,3856,-133,-141.457627118644
44,3857,-14,-47.9292604501608
44,3858,32,-7.28571428571429
44,3859,30,-18.1643835616438
44,3860,-38,-18.1643835616438
44,3861,32,-7.28571428571429
44,3862,130,119.324561403509
44,3863,225,255.724770642202
44,3864,-130,206.223076923077
44,3865,-126,-185.730769230769
44,3866,-143,-47.9292604501608
44,3867,-77,-47.9292604501608
44,3868,2,-47.9292604501608
44,3869,52,-7.28571428571429
44,3870,78,159.551724137931
44,3871,-191,137.844660194175
44,3872,-18,-12.4878048780488
44,3873,-63,-7.28571428571429
44,3874,-2,-47.9292604501608
44,3875,18,-7.28571428571429
44,3876,91,-18.1643835616438
44,3877,201,159.551724137931
44,3878,282,206.223076923077
44,3879,-233,-232.971962616822
44,3880,-190,-141.457627118644
44,3881,-31,34.6153846153846
44,3882,65,-7.28571428571429
44,3883,-31,5.04444444444444
44,3884,-20,-7.28571428571429
44,3885,37,-7.28571428571429
44,3886,75,119.324561403509
44,3887,244,255.724770642202
44,3888,-52,105.588235294118
44,3889,-146,-185.730769230769
44,3890,-63,-147.733333333333
44,3891,-130,-47.9292604501608
44,3892,-66,-47.9292604501608
44,3893,-20,-47.9292604501608
44,3894,-25,-7.28571428571429
44,3895,-3,-7.28571428571429
44,3896,-6,0.730769230769231
44,3897,4,-7.28571428571429
44,3898,25,-7.28571428571429
44,3899,89,76.8985507246377
44,3900,299,206.223076923077
44,3901,245,141.893617021277
44,3902,-393,-299.516129032258
44,3903,-114,-141.457627118644
44,3904,10,34.6153846153846
44,3905,64,33.2317073170732
44,3906,-7,5.04444444444444
44,3907,-46,-7.28571428571429
44,3908,51,-12.4878048780488
44,3909,106,137.844660194175
44,3910,253,307.977272727273
44,3911,-85,-137.266666666667
44,3912,-134,-185.730769230769
44,3913,-128,-147.733333333333
44,3914,-12,-47.9292604501608
44,3915,-72,-7.28571428571429
44,3916,-74,-47.9292604501608
44,3917,-32,-12.4878048780488
44,3918,-35,-7.28571428571429
44,3919,-8,0.730769230769231
44,3920,-3,-7.28571428571429
44,3921,5,-7.28571428571429
44,3922,13,-7.28571428571429
44,3923,104,76.8985507246377
44,3924,210,206.223076923077
44,3925,352,197.621621621622
44,3926,-366,-299.516129032258
44,3927,-130,-141.457627118644
44,3928,54,34.6153846153846
44,3929,11,5.04444444444444
44,3930,37,-18.1643835616438
44,3931,-25,-18.1643835616438
44,3932,82,-7.28571428571429
44,3933,78,105.588235294118
44,3934,220,307.977272727273
44,3935,-158,-137.266666666667
44,3936,-135,-185.730769230769
44,3937,-106,-47.9292604501608
44,3938,-56,-47.9292604501608
44,3939,-36,-47.9292604501608
44,3940,-1,-7.28571428571429
44,3941,-40,-7.28571428571429
44,3942,-46,-7.28571428571429
44,3943,-32,-12.4878048780488
44,3944,-24,-7.28571428571429
44,3945,-14,-7.28571428571429
44,3946,4,-7.28571428571429
44,3947,6,-7.28571428571429
44,3948,55,-7.28571428571429
44,3949,75,137.844660194175
44,3950,113,183.560606060606
44,3951,91,105.588235294118
44,3952,116,-17.4444444444444
44,3953,140,-137.266666666667
44,3954,45,-137.266666666667
44,3955,-24,-19.1
44,3956,-60,-7.28571428571429
44,3957,38,-47.9292604501608
44,3958,-104,-18.1643835616438
44,3959,-142,-47.9292604501608
44,3960,-76,-47.9292604501608
44,3961,-91,-144.166666666667
44,3962,28,-144.166666666667
44,3963,-27,76.8985507246377
44,3964,-47,-7.28571428571429
44,3965,-22,-12.4878048780488
44,3966,-16,-7.28571428571429
44,3967,-38,-7.28571428571429
44,3968,-22,-7.28571428571429
44,3969,-37,-7.28571428571429
44,3970,1,-7.28571428571429
44,3971,7,-7.28571428571429
44,3972,49,-7.28571428571429
44,3973,51,183.560606060606
44,3974,154,137.844660194175
44,3975,132,105.588235294118
44,3976,99,-232.971962616822
44,3977,81,-19.1
44,3978,101,1.4
44,3979,-32,-137.266666666667
44,3980,70,-7.28571428571429
44,3981,-71,1.4
44,3982,-160,-47.9292604501608
44,3983,-88,-144.166666666667
44,3984,-128,-144.166666666667
44,3985,-77,-47.9292604501608
44,3986,-29,-47.9292604501608
44,3987,-37,-7.28571428571429
44,3988,-25,-7.28571428571429
44,3989,-60,-7.28571428571429
44,3990,-19,-12.4878048780488
44,3991,-10,-7.28571428571429
44,3992,-16,-7.28571428571429
44,3993,0,-7.28571428571429
44,3994,20,-7.28571428571429
44,3995,47,76.8985507246377
44,3996,193,76.8985507246377
44,3997,276,206.223076923077
44,3998,-143,-63.9090909090909
44,3999,-131,-141.457627118644
44,4000,101,-147.733333333333
44,4001,52,5.04444444444444
44,4002,1,-57.8333333333333
44,4003,24,-7.28571428571429
44,4004,-62,-18.1643835616438
44,4005,52,-12.4878048780488
44,4006,162,137.844660194175
44,4007,-45,5.04444444444444
44,4008,-198,-141.457627118644
44,4009,-49,-47.9292604501608
44,4010,-149,-47.9292604501608
44,4011,-43,-47.9292604501608
44,4012,-49,-47.9292604501608
44,4013,-40,-47.9292604501608
44,4014,-18,-7.28571428571429
44,4015,6,0.730769230769231
44,4016,-6,-7.28571428571429
44,4017,4,-7.28571428571429
44,4018,9,-7.28571428571429
44,4019,32,-7.28571428571429
44,4020,57,76.8985507246377
44,4021,104,183.560606060606
44,4022,-101,159.551724137931
44,4023,-16,-47.9292604501608
44,4024,61,-7.28571428571429
44,4025,41,5.04444444444444
44,4026,22,33.2317073170732
44,4027,-15,-18.1643835616438
44,4028,14,-7.28571428571429
44,4029,93,33.2317073170732
44,4030,298,197.621621621622
44,4031,-49,-57.8333333333333
44,4032,-203,-185.730769230769
44,4033,-133,-147.733333333333
44,4034,-36,-47.9292604501608
44,4035,-52,-7.28571428571429
44,4036,-51,-47.9292604501608
44,4037,-60,-47.9292604501608
44,4038,-12,-12.4878048780488
44,4039,-11,0.730769230769231
44,4040,4,-7.28571428571429
44,4041,1,-7.28571428571429
44,4042,33,-7.28571428571429
44,4043,107,76.8985507246377
44,4044,269,197.621621621622
44,4045,276,206.223076923077
44,4046,-359,-299.516129032258
44,4047,-161,-141.457627118644
44,4048,-20,34.6153846153846
44,4049,89,-7.28571428571429
44,4050,-26,5.04444444444444
44,4051,-33,-7.28571428571429
44,4052,79,-7.28571428571429
44,4053,61,137.844660194175
44,4054,262,307.977272727273
44,4055,-16,105.588235294118
44,4056,-171,-185.730769230769
44,4057,-129,-147.733333333333
44,4058,-54,-47.9292604501608
44,4059,-40,-47.9292604501608
44,4060,-86,-7.28571428571429
44,4061,-53,-47.9292604501608
44,4062,-18,-12.4878048780488
44,4063,-9,0.730769230769231
44,4064,-5,-7.28571428571429
44,4065,3,-7.28571428571429
44,4066,32,-7.28571428571429
44,4067,110,76.8985507246377
44,4068,263,206.223076923077
44,4069,236,141.893617021277
44,4070,-323,-299.516129032258
44,4071,-170,-141.457627118644
44,4072,13,34.6153846153846
44,4073,47,33.2317073170732
44,4074,4,-18.1643835616438
44,4075,-16,-7.28571428571429
44,4076,16,-7.28571428571429
44,4077,125,119.324561403509
44,4078,221,307.977272727273
44,4079,10,-57.8333333333333
44,4080,-187,-185.730769230769
44,4081,-101,-47.9292604501608
44,4082,-61,-47.9292604501608
44,4083,-71,-47.9292604501608
44,4084,-28,-47.9292604501608
44,4085,-60,-7.28571428571429
44,4086,-44,-12.4878048780488
44,4087,-12,-12.4878048780488
44,4088,-3,-7.28571428571429
44,4089,-1,-7.28571428571429
44,4090,31,-7.28571428571429
44,4091,94,76.8985507246377
44,4092,237,206.223076923077
44,4093,344,206.223076923077
44,4094,-360,-299.516129032258
44,4095,-153,-141.457627118644
44,4096,20,34.6153846153846
44,4097,72,33.2317073170732
44,4098,-12,5.04444444444444
44,4099,-27,-7.28571428571429
44,4100,16,-7.28571428571429
44,4101,116,119.324561403509
44,4102,197,307.977272727273
44,4103,-75,-57.8333333333333
44,4104,-173,-185.730769230769
44,4105,-105,-47.9292604501608
44,4106,-49,-47.9292604501608
44,4107,-16,-47.9292604501608
44,4108,-34,-7.28571428571429
44,4109,-22,-7.28571428571429
44,4110,-19,-7.28571428571429
44,4111,-38,119.324561403509
44,4112,-28,-7.28571428571429
44,4113,-14,-7.28571428571429
44,4114,4,-7.28571428571429
44,4115,10,-7.28571428571429
44,4116,57,76.8985507246377
44,4117,90,137.844660194175
44,4118,80,197.621621621622
44,4119,72,105.588235294118
44,4120,103,-17.4444444444444
44,4121,53,-137.266666666667
44,4122,49,1.4
44,4123,30,1.4
44,4124,-6,-18.1643835616438
44,4125,-80,-7.28571428571429
44,4126,-66,-47.9292604501608
44,4127,-132,-47.9292604501608
44,4128,-18,-47.9292604501608
44,4129,-81,-7.28571428571429
44,4130,-33,-47.9292604501608
44,4131,6,-7.28571428571429
44,4132,-12,-7.28571428571429
44,4133,-4,-7.28571428571429
44,4134,-34,-7.28571428571429
44,4135,-22,-7.28571428571429
44,4136,-27,-7.28571428571429
44,4137,-34,-7.28571428571429
44,4138,0,-7.28571428571429
44,4139,3,-7.28571428571429
44,4140,27,-7.28571428571429
44,4141,77,33.2317073170732
44,4142,85,137.844660194175
44,4143,125,141.893617021277
44,4144,30,105.588235294118
44,4145,83,76.8985507246377
44,4146,5,1.4
44,4147,-19,-7.28571428571429
44,4148,-21,-7.28571428571429
44,4149,-35,-7.28571428571429
44,4150,-92,-7.28571428571429
44,4151,-4,-47.9292604501608
44,4152,-66,-7.28571428571429
44,4153,-81,-47.9292604501608
44,4154,-19,-47.9292604501608
44,4155,-36,-7.28571428571429
44,4156,-15,-7.28571428571429
44,4157,-32,-7.28571428571429
44,4158,-8,-7.28571428571429
44,4159,-14,-7.28571428571429
44,4160,-3,-7.28571428571429
44,4161,10,-7.28571428571429
44,4162,27,76.8985507246377
44,4163,92,76.8985507246377
44,4164,255,206.223076923077
44,4165,277,141.893617021277
44,4166,-385,-141.457627118644
44,4167,-139,-141.457627118644
44,4168,58,34.6153846153846
44,4169,45,5.04444444444444
44,4170,9,-18.1643835616438
44,4171,-34,-7.28571428571429
44,4172,40,-7.28571428571429
44,4173,123,119.324561403509
44,4174,239,307.977272727273
44,4175,-39,-137.266666666667
44,4176,-174,-185.730769230769
44,4177,-147,-147.733333333333
44,4178,-56,-47.9292604501608
44,4179,-90,-47.9292604501608
44,4180,-39,-47.9292604501608
44,4181,-45,-7.28571428571429
44,4182,-16,-12.4878048780488
44,4183,-8,0.730769230769231
44,4184,-3,-7.28571428571429
44,4185,4,-7.28571428571429
44,4186,28,-7.28571428571429
44,4187,114,76.8985507246377
44,4188,270,206.223076923077
44,4189,247,141.893617021277
44,4190,-339,-299.516129032258
44,4191,-150,-141.457627118644
44,4192,29,34.6153846153846
44,4193,108,33.2317073170732
44,4194,-46,5.04444444444444
44,4195,-43,-47.9292604501608
44,4196,63,-12.4878048780488
44,4197,108,137.844660194175
44,4198,195,307.977272727273
44,4199,-40,-137.266666666667
44,4200,-166,-185.730769230769
44,4201,-149,-47.9292604501608
44,4202,-78,-47.9292604501608
44,4203,-35,-47.9292604501608
44,4204,-39,-7.28571428571429
44,4205,-57,-7.28571428571429
44,4206,-12,-12.4878048780488
44,4207,-6,119.324561403509
44,4208,-6,-7.28571428571429
44,4209,8,-7.28571428571429
44,4210,19,-7.28571428571429
44,4211,72,76.8985507246377
44,4212,172,137.844660194175
44,4213,278,141.893617021277
44,4214,-186,-141.457627118644
44,4215,-193,-141.457627118644
44,4216,69,-147.733333333333
44,4217,103,5.04444444444444
44,4218,21,-57.8333333333333
44,4219,48,-18.1643835616438
44,4220,36,1.4
44,4221,20,119.324561403509
44,4222,-95,119.324561403509
44,4223,-63,-47.9292604501608
44,4224,-68,-47.9292604501608
44,4225,-107,-47.9292604501608
44,4226,-31,-47.9292604501608
44,4227,-17,-7.28571428571429
44,4228,-31,-7.28571428571429
44,4229,-11,-7.28571428571429
44,4230,-4,-7.28571428571429
44,4231,-24,-7.28571428571429
44,4232,-12,-7.28571428571429
44,4233,-3,-7.28571428571429
44,4234,5,-7.28571428571429
44,4235,9,-7.28571428571429
44,4236,39,-7.28571428571429
44,4237,41,76.8985507246377
44,4238,22,33.2317073170732
44,4239,100,76.8985507246377
44,4240,13,-137.266666666667
44,4241,30,33.2317073170732
44,4242,7,33.2317073170732
44,4243,-49,-7.28571428571429
44,4244,8,-47.9292604501608
44,4245,-46,-7.28571428571429
44,4246,-73,-47.9292604501608
44,4247,-39,-47.9292604501608
44,4248,-26,-7.28571428571429
44,4249,8,-7.28571428571429
44,4250,-6,-7.28571428571429
44,4251,-2,-7.28571428571429
44,4252,-8,-7.28571428571429
44,4253,-4,-7.28571428571429
44,4254,-19,-7.28571428571429
44,4255,-8,-7.28571428571429
44,4256,-4,-7.28571428571429
44,4257,3,-7.28571428571429
44,4258,6,-7.28571428571429
44,4259,10,-7.28571428571429
44,4260,57,76.8985507246377
44,4261,17,137.844660194175
44,4262,18,76.8985507246377
44,4263,89,76.8985507246377
44,4264,50,5.04444444444444
44,4265,128,-57.8333333333333
44,4266,45,-137.266666666667
44,4267,11,-18.1643835616438
44,4268,12,33.2317073170732
44,4269,-90,33.2317073170732
44,4270,-57,-47.9292604501608
44,4271,-92,-47.9292604501608
44,4272,-54,-47.9292604501608
44,4273,-12,-47.9292604501608
44,4274,-44,-7.28571428571429
44,4275,-19,-12.4878048780488
44,4276,-12,-7.28571428571429
44,4277,-25,-7.28571428571429
44,4278,-22,-7.28571428571429
44,4279,12,-7.28571428571429
44,4280,-21,76.8985507246377
44,4281,-8,-7.28571428571429
44,4282,0,-7.28571428571429
44,4283,7,-7.28571428571429
44,4284,15,-7.28571428571429
44,4285,37,76.8985507246377
44,4286,60,76.8985507246377
44,4287,20,137.844660194175
44,4288,44,76.8985507246377
44,4289,13,76.8985507246377
44,4290,26,33.2317073170732
44,4291,-18,33.2317073170732
44,4292,-9,-7.28571428571429
44,4293,-28,-7.28571428571429
44,4294,-44,-7.28571428571429
44,4295,19,-47.9292604501608
44,4296,-62,33.2317073170732
44,4297,-25,-47.9292604501608
44,4298,17,-7.28571428571429
44,4299,1,76.8985507246377
44,4300,-19,-7.28571428571429
44,4301,-23,-7.28571428571429
44,4302,2,-7.28571428571429
44,4303,-8,-7.28571428571429
44,4304,-20,-7.28571428571429
44,4305,-6,-7.28571428571429
44,4306,1,-7.28571428571429
44,4307,8,-7.28571428571429
44,4308,10,-7.28571428571429
44,4309,13,76.8985507246377
44,4310,62,33.2317073170732
44,4311,43,137.844660194175
44,4312,65,76.8985507246377
44,4313,-2,1.4
44,4314,-7,-7.28571428571429
44,4315,8,-7.28571428571429
44,4316,42,-7.28571428571429
44,4317,-17,-18.1643835616438
44,4318,-47,-7.28571428571429
44,4319,-40,-47.9292604501608
44,4320,-14,-7.28571428571429
44,4321,-8,-7.28571428571429
44,4322,-55,-7.28571428571429
44,4323,-2,-47.9292604501608
44,4324,-21,-7.28571428571429
44,4325,-18,-7.28571428571429
44,4326,-13,-7.28571428571429
44,4327,-5,-7.28571428571429
44,4328,0,-7.28571428571429
44,4329,5,-7.28571428571429
44,4330,31,-7.28571428571429
44,4331,83,33.2317073170732
44,4332,241,206.223076923077
44,4333,273,141.893617021277
44,4334,-352,-299.516129032258
44,4335,-139,-141.457627118644
44,4336,-17,34.6153846153846
44,4337,80,-7.28571428571429
44,4338,7,5.04444444444444
44,4339,11,-7.28571428571429
44,4340,2,-18.1643835616438
44,4341,116,119.324561403509
44,4342,207,307.977272727273
45,1,-124,-49.4
45,2,-54,-68.0361445783133
45,3,-52,-1.21739130434783
45,4,-18,-1.21739130434783
45,5,-12,-7.43127962085308
45,6,2,-7.43127962085308
45,7,39,-7.43127962085308
45,8,96,101.289156626506
45,9,261,208.036144578313
45,10,292,208.036144578313
45,11,-396,-300.742424242424
45,12,-94,-133.939393939394
45,13,31,-146.728813559322
45,14,75,-18.4831460674157
45,15,6,-8.01818181818182
45,16,-62,-7.43127962085308
45,17,4,-1.21739130434783
45,18,-36,124.23595505618
45,19,5,-7.43127962085308
45,20,-117,-7.43127962085308
45,21,-65,-49.4
45,22,-6,-68.0361445783133
45,23,46,-7.43127962085308
45,24,-62,101.289156626506
45,25,50,-49.4
45,26,13,-145.380952380952
45,27,-10,49.1953125
45,28,-35,-7.43127962085308
45,29,-15,-7.43127962085308
45,30,-13,-7.43127962085308
45,31,-1,-7.43127962085308
45,32,24,-7.43127962085308
45,33,50,49.1953125
45,34,124,156.746478873239
45,35,122,208.036144578313
45,36,161,-34.1818181818182
45,37,43,-34.1818181818182
45,38,132,-133.939393939394
45,39,11,-78.125
45,40,-32,-28.8148148148148
45,41,55,-7.43127962085308
45,42,-58,-8.01818181818182
45,43,-58,-68.0361445783133
45,44,-74,-68.0361445783133
45,45,42,-68.0361445783133
45,46,-155,49.1953125
45,47,-83,-68.0361445783133
45,48,-88,-68.0361445783133
45,49,10,-49.4
45,50,-69,101.289156626506
45,51,-48,-49.4
45,52,-32,-49.4
45,53,-39,-7.43127962085308
45,54,-37,-7.43127962085308
45,55,-1,-7.43127962085308
45,56,10,-7.43127962085308
45,57,13,49.1953125
45,58,105,101.289156626506
45,59,160,208.036144578313
45,60,104,134.833333333333
45,61,107,-194.793103448276
45,62,173,40.3571428571429
45,63,2,-78.125
45,64,-8,-133.939393939394
45,65,-34,-7.43127962085308
45,66,18,-7.43127962085308
45,67,-84,-18.4831460674157
45,68,-82,-68.0361445783133
45,69,-43,-68.0361445783133
45,70,-139,-7.43127962085308
45,71,-68,-68.0361445783133
45,72,-20,-49.4
45,73,-118,-7.43127962085308
45,74,-59,-49.4
45,75,-35,-68.0361445783133
45,76,-3,-7.43127962085308
45,77,-6,-7.43127962085308
45,78,3,-7.43127962085308
45,79,27,-7.43127962085308
45,80,104,49.1953125
45,81,378,208.036144578313
45,82,148,208.036144578313
45,83,-383,-300.742424242424
45,84,-95,-28.8148148148148
45,85,52,9.35849056603774
45,86,43,-8.01818181818182
45,87,-8,-18.4831460674157
45,88,-4,-7.43127962085308
45,89,22,-7.43127962085308
45,90,156,124.23595505618
45,91,386,313.191489361702
45,92,-12,-55.2
45,93,-177,-211.561403508772
45,94,-184,-146.728813559322
45,95,-196,-103.228571428571
45,96,-97,-103.228571428571
45,97,-82,-49.4
45,98,-52,-68.0361445783133
45,99,-14,-1.21739130434783
45,100,-12,-4.41666666666667
45,101,-3,-4.41666666666667
45,102,0,-4.41666666666667
45,103,31,-7.43127962085308
45,104,148,101.289156626506
45,105,385,208.036144578313
45,106,141,-55.2
45,107,-375,-300.742424242424
45,108,-159,-28.8148148148148
45,109,51,9.35849056603774
45,110,20,-8.01818181818182
45,111,20,-18.4831460674157
45,112,9,-18.4831460674157
45,113,-4,-18.4831460674157
45,114,201,124.23595505618
45,115,377,313.191489361702
45,116,-60,-194.793103448276
45,117,-277,-194.793103448276
45,118,-98,-146.728813559322
45,119,-132,-68.0361445783133
45,120,-90,-68.0361445783133
45,121,-80,-49.4
45,122,-64,-49.4
45,123,-22,-1.21739130434783
45,124,-16,-4.41666666666667
45,125,-3,-7.43127962085308
45,126,2,-7.43127962085308
45,127,28,-7.43127962085308
45,128,134,101.289156626506
45,129,375,208.036144578313
45,130,121,-55.2
45,131,-365,-300.742424242424
45,132,-100,-146.728813559322
45,133,23,9.35849056603774
45,134,89,49.1953125
45,135,-12,-8.01818181818182
45,136,-1,-7.43127962085308
45,137,-2,-7.43127962085308
45,138,152,124.23595505618
45,139,272,313.191489361702
45,140,58,-55.2
45,141,-244,-162.407766990291
45,142,-130,-146.728813559322
45,143,-110,-68.0361445783133
45,144,-50,-49.4
45,145,-125,-49.4
45,146,-64,-49.4
45,147,-37,-1.21739130434783
45,148,-10,-4.41666666666667
45,149,-7,-7.43127962085308
45,150,1,-7.43127962085308
45,151,28,-7.43127962085308
45,152,136,101.289156626506
45,153,356,208.036144578313
45,154,155,-55.2
45,155,-344,-300.742424242424
45,156,-127,-28.8148148148148
45,157,27,9.35849056603774
45,158,99,49.1953125
45,159,-21,-8.01818181818182
45,160,-50,-7.43127962085308
45,161,68,-1.21739130434783
45,162,133,134.833333333333
45,163,403,313.191489361702
45,164,-56,-231.314285714286
45,165,-211,-211.561403508772
45,166,-124,-146.728813559322
45,167,-165,-68.0361445783133
45,168,-85,-49.4
45,169,-51,-49.4
45,170,-100,-68.0361445783133
45,171,-48,-1.21739130434783
45,172,-10,-1.21739130434783
45,173,-11,-7.43127962085308
45,174,2,-4.41666666666667
45,175,19,-7.43127962085308
45,176,110,101.289156626506
45,177,289,208.036144578313
45,178,272,208.036144578313
45,179,-318,-300.742424242424
45,180,-133,-133.939393939394
45,181,15,-146.728813559322
45,182,105,49.1953125
45,183,47,-8.01818181818182
45,184,-43,-93.3076923076923
45,185,24,-7.43127962085308
45,186,126,124.23595505618
45,187,270,313.191489361702
45,188,-70,-93.3076923076923
45,189,-168,-162.407766990291
45,190,-147,-146.728813559322
45,191,-69,-68.0361445783133
45,192,-48,-68.0361445783133
45,193,-76,-49.4
45,194,-9,-68.0361445783133
45,195,-83,-7.43127962085308
45,196,-34,-1.21739130434783
45,197,-49,-7.43127962085308
45,198,-32,-49.4
45,199,11,-7.43127962085308
45,200,61,101.289156626506
45,201,7,156.746478873239
45,202,157,-7.43127962085308
45,203,96,134.833333333333
45,204,126,-28.8148148148148
45,205,103,208.036144578313
45,206,-38,-145.380952380952
45,207,54,-7.43127962085308
45,208,8,-78.125
45,209,-38,-7.43127962085308
45,210,-21,-7.43127962085308
45,211,-39,-7.43127962085308
45,212,-44,-7.43127962085308
45,213,-91,-68.0361445783133
45,214,3,-68.0361445783133
45,215,-47,-7.43127962085308
45,216,-102,-68.0361445783133
45,217,16,-49.4
45,218,-72,49.1953125
45,219,-42,-49.4
45,220,-43,-7.43127962085308
45,221,-44,-7.43127962085308
45,222,-19,-49.4
45,223,3,-7.43127962085308
45,224,17,-7.43127962085308
45,225,32,49.1953125
45,226,119,101.289156626506
45,227,85,208.036144578313
45,228,147,134.833333333333
45,229,86,-34.1818181818182
45,230,3,-28.8148148148148
45,231,-10,-7.43127962085308
45,232,8,-7.43127962085308
45,233,-25,-7.43127962085308
45,234,33,-7.43127962085308
45,235,13,-18.4831460674157
45,236,-31,-18.4831460674157
45,237,-115,-7.43127962085308
45,238,-12,-68.0361445783133
45,239,-110,-7.43127962085308
45,240,-94,-49.4
45,241,-49,-49.4
45,242,-69,-49.4
45,243,-17,-1.21739130434783
45,244,-7,-7.43127962085308
45,245,-11,-7.43127962085308
45,246,1,-7.43127962085308
45,247,30,-7.43127962085308
45,248,107,101.289156626506
45,249,359,208.036144578313
45,250,148,177.650793650794
45,251,-335,-300.742424242424
45,252,-169,-28.8148148148148
45,253,55,-103.228571428571
45,254,59,-8.01818181818182
45,255,-13,-8.01818181818182
45,256,11,-7.43127962085308
45,257,0,-18.4831460674157
45,258,168,124.23595505618
45,259,373,313.191489361702
45,260,31,-55.2
45,261,-235,-194.793103448276
45,262,-202,-146.728813559322
45,263,-144,-103.228571428571
45,264,-86,-49.4
45,265,-84,-68.0361445783133
45,266,-52,-49.4
45,267,-12,-1.21739130434783
45,268,-10,-4.41666666666667
45,269,6,-4.41666666666667
45,270,-8,-7.43127962085308
45,271,25,-7.43127962085308
45,272,107,101.289156626506
45,273,167,208.036144578313
45,274,310,177.650793650794
45,275,-328,-231.314285714286
45,276,-160,-133.939393939394
45,277,-60,-146.728813559322
45,278,30,9.35849056603774
45,279,-36,-18.4831460674157
45,280,1,-7.43127962085308
45,281,56,-7.43127962085308
45,282,123,134.833333333333
45,283,442,313.191489361702
45,284,-28,208.036144578313
45,285,-162,-211.561403508772
45,286,-105,-146.728813559322
45,287,-112,-68.0361445783133
45,288,-67,-49.4
45,289,-118,-49.4
45,290,-55,-68.0361445783133
45,291,-6,-1.21739130434783
45,292,-24,-7.43127962085308
45,293,4,-7.43127962085308
45,294,2,-7.43127962085308
45,295,30,-7.43127962085308
45,296,154,101.289156626506
45,297,311,208.036144578313
45,298,208,-55.2
45,299,-361,-300.742424242424
45,300,-154,-133.939393939394
45,301,48,9.35849056603774
45,302,88,-8.01818181818182
45,303,-79,-8.01818181818182
45,304,65,-68.0361445783133
45,305,-39,-145.380952380952
45,306,111,124.23595505618
45,307,465,313.191489361702
45,308,-113,-8.01818181818182
45,309,-73,-194.793103448276
45,310,-223,-146.728813559322
45,311,-52,-103.228571428571
45,312,-158,-49.4
45,313,-85,-68.0361445783133
45,314,-105,-49.4
45,315,-27,-68.0361445783133
45,316,-12,-7.43127962085308
45,317,-4,-4.41666666666667
45,318,1,-7.43127962085308
45,319,34,-7.43127962085308
45,320,141,101.289156626506
45,321,325,208.036144578313
45,322,213,-55.2
45,323,-362,-300.742424242424
45,324,-178,-133.939393939394
45,325,49,-103.228571428571
45,326,37,-8.01818181818182
45,327,19,-18.4831460674157
45,328,14,-18.4831460674157
45,329,26,-18.4831460674157
45,330,114,124.23595505618
45,331,429,313.191489361702
45,332,-44,-93.3076923076923
45,333,-244,-133.939393939394
45,334,-144,-146.728813559322
45,335,-98,-68.0361445783133
45,336,-95,-68.0361445783133
45,337,-70,-68.0361445783133
45,338,-78,-68.0361445783133
45,339,-43,-1.21739130434783
45,340,-36,-4.41666666666667
45,341,-10,-7.43127962085308
45,342,9,-7.43127962085308
45,343,19,101.289156626506
45,344,118,101.289156626506
45,345,279,208.036144578313
45,346,223,134.833333333333
45,347,-287,-194.793103448276
45,348,-150,-133.939393939394
45,349,70,9.35849056603774
45,350,117,-8.01818181818182
45,351,-10,-8.01818181818182
45,352,-17,-7.43127962085308
45,353,1,-7.43127962085308
45,354,181,124.23595505618
45,355,265,313.191489361702
45,356,-130,-55.2
45,357,-226,-162.407766990291
45,358,-82,-103.228571428571
45,359,-52,-68.0361445783133
45,360,-12,-49.4
45,361,-99,-7.43127962085308
45,362,-85,-49.4
45,363,-42,-1.21739130434783
45,364,-28,-4.41666666666667
45,365,-40,-7.43127962085308
45,366,-19,-7.43127962085308
45,367,15,-7.43127962085308
45,368,24,49.1953125
45,369,31,101.289156626506
45,370,126,101.289156626506
45,371,163,134.833333333333
45,372,68,134.833333333333
45,373,131,-133.939393939394
45,374,37,-78.125
45,375,14,-28.8148148148148
45,376,-44,49.1953125
45,377,10,-68.0361445783133
45,378,-41,-18.4831460674157
45,379,51,-7.43127962085308
45,380,-22,-8.01818181818182
45,381,-110,-7.43127962085308
45,382,-109,-68.0361445783133
45,383,-62,-68.0361445783133
45,384,-10,-68.0361445783133
45,385,-97,-7.43127962085308
45,386,-35,-49.4
45,387,-60,-7.43127962085308
45,388,-14,-1.21739130434783
45,389,-46,-7.43127962085308
45,390,-10,-49.4
45,391,-1,-7.43127962085308
45,392,6,-7.43127962085308
45,393,25,-7.43127962085308
45,394,71,49.1953125
45,395,155,177.650793650794
45,396,162,208.036144578313
45,397,110,-28.8148148148148
45,398,69,-133.939393939394
45,399,-1,-78.125
45,400,-32,-7.43127962085308
45,401,-119,-7.43127962085308
45,402,117,-68.0361445783133
45,403,13,-8.01818181818182
45,404,-80,-18.4831460674157
45,405,-123,-68.0361445783133
45,406,-88,-68.0361445783133
45,407,-56,-1.21739130434783
45,408,-93,-49.4
45,409,-45,-49.4
45,410,-68,-49.4
45,411,-26,-1.21739130434783
45,412,-5,-7.43127962085308
45,413,-5,-7.43127962085308
45,414,5,-7.43127962085308
45,415,14,-7.43127962085308
45,416,14,101.289156626506
45,417,108,101.289156626506
45,418,329,208.036144578313
45,419,-224,33.25
45,420,-159,-194.793103448276
45,421,30,-146.728813559322
45,422,47,49.1953125
45,423,57,-8.01818181818182
45,424,-6,-93.3076923076923
45,425,18,-7.43127962085308
45,426,95,124.23595505618
45,427,391,253.724137931034
45,428,-81,-93.3076923076923
45,429,-179,-211.561403508772
45,430,-101,-146.728813559322
45,431,-89,-68.0361445783133
45,432,-109,-68.0361445783133
45,433,-90,-49.4
45,434,-39,-68.0361445783133
45,435,-21,-7.43127962085308
45,436,1,-4.41666666666667
45,437,-7,-7.43127962085308
45,438,2,-7.43127962085308
45,439,27,-7.43127962085308
45,440,124,101.289156626506
45,441,319,208.036144578313
45,442,193,208.036144578313
45,443,-345,-300.742424242424
45,444,-148,-133.939393939394
45,445,50,9.35849056603774
45,446,62,-8.01818181818182
45,447,-20,-8.01818181818182
45,448,-45,-7.43127962085308
45,449,32,-1.21739130434783
45,450,75,124.23595505618
45,451,477,313.191489361702
45,452,-16,-93.3076923076923
45,453,-281,-211.561403508772
45,454,-56,-146.728813559322
45,455,-182,-68.0361445783133
45,456,15,-103.228571428571
45,457,-166,-18.4831460674157
45,458,-72,-68.0361445783133
45,459,-26,-1.21739130434783
45,460,-21,124.23595505618
45,461,2,-7.43127962085308
45,462,-1,-4.41666666666667
45,463,32,-7.43127962085308
45,464,126,-4.41666666666667
45,465,299,208.036144578313
45,466,179,208.036144578313
45,467,-327,-300.742424242424
45,468,-149,-133.939393939394
45,469,21,9.35849056603774
45,470,-8,49.1953125
45,471,31,-7.43127962085308
45,472,-21,-18.4831460674157
45,473,-11,-7.43127962085308
45,474,156,-4.41666666666667
45,475,356,313.191489361702
45,476,-19,-28.8148148148148
45,477,-133,-211.561403508772
45,478,-132,-146.728813559322
45,479,-63,9.35849056603774
45,480,-87,-68.0361445783133
45,481,-134,-49.4
45,482,-54,-49.4
45,483,-51,-1.21739130434783
45,484,0,-1.21739130434783
45,485,-7,-7.43127962085308
45,486,1,-7.43127962085308
45,487,28,-7.43127962085308
45,488,110,101.289156626506
45,489,313,208.036144578313
45,490,127,208.036144578313
45,491,-334,-300.742424242424
45,492,-106,-146.728813559322
45,493,11,9.35849056603774
45,494,54,49.1953125
45,495,-43,-8.01818181818182
45,496,4,-7.43127962085308
45,497,18,-7.43127962085308
45,498,126,124.23595505618
45,499,295,313.191489361702
45,500,25,-93.3076923076923
45,501,-141,-211.561403508772
45,502,-63,-146.728813559322
45,503,-125,-68.0361445783133
45,504,-68,-49.4
45,505,-97,-49.4
45,506,-53,-68.0361445783133
45,507,-62,-1.21739130434783
45,508,-19,-68.0361445783133
45,509,-5,-7.43127962085308
45,510,3,-7.43127962085308
45,511,28,-7.43127962085308
45,512,84,101.289156626506
45,513,237,208.036144578313
45,514,254,208.036144578313
45,515,-280,-300.742424242424
45,516,-148,-133.939393939394
45,517,51,9.35849056603774
45,518,18,-8.01818181818182
45,519,46,-18.4831460674157
45,520,-37,-18.4831460674157
45,521,21,-7.43127962085308
45,522,96,124.23595505618
45,523,266,253.724137931034
45,524,-141,-93.3076923076923
45,525,-143,-162.407766990291
45,526,-160,-68.0361445783133
45,527,15,-68.0361445783133
45,528,-20,49.1953125
45,529,-23,-7.43127962085308
45,530,-58,-7.43127962085308
45,531,7,-1.21739130434783
45,532,-30,-7.43127962085308
45,533,-51,-7.43127962085308
45,534,-23,-49.4
45,535,-7,-7.43127962085308
45,536,35,-7.43127962085308
45,537,31,49.1953125
45,538,89,101.289156626506
45,539,165,208.036144578313
45,540,162,134.833333333333
45,541,22,-133.939393939394
45,542,86,-133.939393939394
45,543,-38,-78.125
45,544,45,-7.43127962085308
45,545,-126,-18.4831460674157
45,546,30,-68.0361445783133
45,547,17,-18.4831460674157
45,548,-49,49.1953125
45,549,-56,-68.0361445783133
45,550,-39,-68.0361445783133
45,551,-64,-7.43127962085308
45,552,-43,-49.4
45,553,-54,-7.43127962085308
45,554,-62,-49.4
45,555,-36,-68.0361445783133
45,556,-13,-7.43127962085308
45,557,-54,-7.43127962085308
45,558,-47,-49.4
45,559,-5,-49.4
45,560,17,-7.43127962085308
45,561,46,101.289156626506
45,562,70,101.289156626506
45,563,91,177.650793650794
45,564,220,134.833333333333
45,565,54,134.833333333333
45,566,50,-133.939393939394
45,567,29,-78.125
45,568,-34,-18.4831460674157
45,569,-64,-7.43127962085308
45,570,-26,-68.0361445783133
45,571,71,-7.43127962085308
45,572,2,-8.01818181818182
45,573,-111,-7.43127962085308
45,574,-91,-68.0361445783133
45,575,-79,-68.0361445783133
45,576,-75,-68.0361445783133
45,577,-91,-49.4
45,578,-19,-49.4
45,579,-37,-7.43127962085308
45,580,-17,-7.43127962085308
45,581,-9,-7.43127962085308
45,582,-1,-7.43127962085308
45,583,39,-7.43127962085308
45,584,115,101.289156626506
45,585,327,177.650793650794
45,586,123,208.036144578313
45,587,-340,-300.742424242424
45,588,-84,-146.728813559322
45,589,-3,9.35849056603774
45,590,89,-7.43127962085308
45,591,-10,-8.01818181818182
45,592,-9,-7.43127962085308
45,593,-18,-7.43127962085308
45,594,181,124.23595505618
45,595,419,313.191489361702
45,596,-42,-55.2
45,597,-209,-211.561403508772
45,598,-107,-146.728813559322
45,599,-144,-68.0361445783133
45,600,-144,-49.4
45,601,-84,-49.4
45,602,-66,-49.4
45,603,-7,-1.21739130434783
45,604,-21,-4.41666666666667
45,605,0,-7.43127962085308
45,606,1,-7.43127962085308
45,607,29,-7.43127962085308
45,608,149,101.289156626506
45,609,364,208.036144578313
45,610,104,-55.2
45,611,-328,-300.742424242424
45,612,-138,-146.728813559322
45,613,45,9.35849056603774
45,614,73,49.1953125
45,615,-2,-8.01818181818182
45,616,-39,-7.43127962085308
45,617,50,-7.43127962085308
45,618,99,134.833333333333
45,619,484,313.191489361702
45,620,-76,-145.380952380952
45,621,-212,-211.561403508772
45,622,-107,-146.728813559322
45,623,-177,-68.0361445783133
45,624,-83,-103.228571428571
45,625,-114,-49.4
45,626,-77,-68.0361445783133
45,627,-31,-1.21739130434783
45,628,-9,-4.41666666666667
45,629,-6,-7.43127962085308
45,630,3,-4.41666666666667
45,631,25,-7.43127962085308
45,632,164,101.289156626506
45,633,327,208.036144578313
45,634,160,-55.2
45,635,-405,-300.742424242424
45,636,-110,-133.939393939394
45,637,37,9.35849056603774
45,638,113,49.1953125
45,639,-1,-8.01818181818182
45,640,-51,-7.43127962085308
45,641,-21,-1.21739130434783
45,642,143,124.23595505618
45,643,451,313.191489361702
45,644,-39,-55.2
45,645,-161,-211.561403508772
45,646,-198,-146.728813559322
45,647,-78,-103.228571428571
45,648,-70,-49.4
45,649,-138,-49.4
45,650,-105,-49.4
45,651,-29,-1.21739130434783
45,652,-12,-7.43127962085308
45,653,-6,-4.41666666666667
45,654,4,-7.43127962085308
45,655,36,-7.43127962085308
45,656,146,101.289156626506
45,657,315,208.036144578313
45,658,109,-55.2
45,659,-266,-300.742424242424
45,660,-167,-146.728813559322
45,661,27,9.35849056603774
45,662,65,-18.4831460674157
45,663,-40,-8.01818181818182
45,664,18,-7.43127962085308
45,665,-35,-18.4831460674157
45,666,168,124.23595505618
45,667,318,253.724137931034
45,668,-8,-55.2
45,669,-126,-194.793103448276
45,670,-101,-146.728813559322
45,671,-72,-68.0361445783133
45,672,-124,-49.4
45,673,-103,-68.0361445783133
45,674,-57,-49.4
45,675,-72,-1.21739130434783
45,676,-24,-68.0361445783133
45,677,-10,-7.43127962085308
45,678,2,-7.43127962085308
45,679,35,-7.43127962085308
45,680,118,101.289156626506
45,681,217,208.036144578313
45,682,244,208.036144578313
45,683,-324,-300.742424242424
45,684,-129,-133.939393939394
45,685,17,9.35849056603774
45,686,38,-18.4831460674157
45,687,13,-18.4831460674157
45,688,-6,-18.4831460674157
45,689,-3,-7.43127962085308
45,690,121,124.23595505618
45,691,188,313.191489361702
45,692,-75,-8.01818181818182
45,693,-101,-162.407766990291
45,694,-55,-68.0361445783133
45,695,-72,-68.0361445783133
45,696,-73,-68.0361445783133
45,697,-115,-49.4
45,698,21,-49.4
45,699,-11,49.1953125
45,700,3,-7.43127962085308
45,701,-38,-7.43127962085308
45,702,-5,-7.43127962085308
45,703,-8,-7.43127962085308
45,704,32,-7.43127962085308
45,705,50,101.289156626506
45,706,102,156.746478873239
45,707,81,178
45,708,129,134.833333333333
45,709,48,40.3571428571429
45,710,19,83.5217391304348
45,711,-43,49.1953125
45,712,-19,-7.43127962085308
45,713,-5,-7.43127962085308
45,714,-31,-7.43127962085308
45,715,-11,-7.43127962085308
45,716,-23,-7.43127962085308
45,717,35,-7.43127962085308
45,718,-82,49.1953125
45,719,-79,-68.0361445783133
45,720,-41,-49.4
45,721,-20,-7.43127962085308
45,722,-3,-7.43127962085308
45,723,-56,-7.43127962085308
45,724,-3,-49.4
45,725,-57,-7.43127962085308
45,726,-29,-68.0361445783133
45,727,6,-7.43127962085308
45,728,17,-7.43127962085308
45,729,23,49.1953125
45,730,92,49.1953125
45,731,77,33.25
45,732,147,134.833333333333
45,733,11,134.833333333333
45,734,56,-28.8148148148148
45,735,-13,-78.125
45,736,24,-7.43127962085308
45,737,-99,-18.4831460674157
45,738,-32,-68.0361445783133
45,739,100,-7.43127962085308
45,740,-43,-8.01818181818182
45,741,12,-7.43127962085308
45,742,-50,49.1953125
45,743,-74,-68.0361445783133
45,744,-107,-49.4
45,745,-41,-68.0361445783133
45,746,-67,-7.43127962085308
45,747,-26,-49.4
45,748,-2,-7.43127962085308
45,749,-10,-7.43127962085308
45,750,7,-7.43127962085308
45,751,28,-7.43127962085308
45,752,96,101.289156626506
45,753,262,208.036144578313
45,754,170,208.036144578313
45,755,-273,-133.939393939394
45,756,-121,-133.939393939394
45,757,27,9.35849056603774
45,758,56,49.1953125
45,759,-21,-8.01818181818182
45,760,-6,-7.43127962085308
45,761,4,-7.43127962085308
45,762,131,124.23595505618
45,763,382,253.724137931034
45,764,-17,-55.2
45,765,-149,-211.561403508772
45,766,-186,-146.728813559322
45,767,-137,-103.228571428571
45,768,-70,-49.4
45,769,-86,-49.4
45,770,-49,-49.4
45,771,-39,-1.21739130434783
45,772,-4,-7.43127962085308
45,773,-8,-4.41666666666667
45,774,4,-7.43127962085308
45,775,29,-7.43127962085308
45,776,119,101.289156626506
45,777,329,208.036144578313
45,778,163,208.036144578313
45,779,-374,-300.742424242424
45,780,-63,-133.939393939394
45,781,8,9.35849056603774
45,782,55,-7.43127962085308
45,783,11,-8.01818181818182
45,784,27,-18.4831460674157
45,785,91,-18.4831460674157
45,786,126,134.833333333333
45,787,195,313.191489361702
45,788,-95,-145.380952380952
45,789,-130,-133.939393939394
45,790,-121,9.35849056603774
45,791,-180,-68.0361445783133
45,792,-19,-103.228571428571
45,793,-6,-7.43127962085308
45,794,-12,-7.43127962085308
45,795,-36,-7.43127962085308
45,796,-30,-7.43127962085308
45,797,-61,-7.43127962085308
45,798,-16,-49.4
45,799,3,-7.43127962085308
45,800,13,-7.43127962085308
45,801,40,49.1953125
45,802,81,49.1953125
45,803,140,208.036144578313
45,804,154,134.833333333333
45,805,38,-28.8148148148148
45,806,9,-28.8148148148148
45,807,5,49.1953125
45,808,48,-7.43127962085308
45,809,-93,-8.01818181818182
45,810,-65,-68.0361445783133
45,811,25,-68.0361445783133
45,812,16,-18.4831460674157
45,813,2,49.1953125
45,814,119,-7.43127962085308
45,815,33,-93.3076923076923
45,816,-82,49.1953125
45,817,-319,-68.0361445783133
45,818,-95,-103.228571428571
45,819,-58,-49.4
45,820,-12,-68.0361445783133
45,821,-11,-7.43127962085308
45,822,0,-7.43127962085308
45,823,22,-7.43127962085308
45,824,104,-4.41666666666667
45,825,210,313.191489361702
45,826,207,208.036144578313
45,827,-257,-300.742424242424
45,828,-107,-133.939393939394
45,829,58,9.35849056603774
45,830,32,-8.01818181818182
45,831,34,-18.4831460674157
45,832,-69,-18.4831460674157
45,833,13,-1.21739130434783
45,834,179,124.23595505618
45,835,256,253.724137931034
45,836,-82,-194.793103448276
45,837,-104,-162.407766990291
45,838,-182,-68.0361445783133
45,839,2,-103.228571428571
45,840,-98,-7.43127962085308
45,841,-94,-49.4
45,842,-29,-68.0361445783133
45,843,-73,-7.43127962085308
45,844,-12,-1.21739130434783
45,845,-10,-4.41666666666667
45,846,-1,-7.43127962085308
45,847,29,-7.43127962085308
45,848,96,101.289156626506
45,849,222,208.036144578313
45,850,232,208.036144578313
45,851,-281,-300.742424242424
45,852,-94,-133.939393939394
45,853,23,9.35849056603774
45,854,98,49.1953125
45,855,-38,-8.01818181818182
45,856,-18,-7.43127962085308
45,857,10,-7.43127962085308
45,858,84,124.23595505618
45,859,207,253.724137931034
45,860,-16,-8.01818181818182
45,861,-142,-162.407766990291
45,862,-82,-68.0361445783133
45,863,-36,-68.0361445783133
45,864,-12,-7.43127962085308
45,865,-124,-7.43127962085308
45,866,-14,-49.4
45,867,-79,-7.43127962085308
45,868,-13,-68.0361445783133
45,869,-27,-7.43127962085308
45,870,-15,-7.43127962085308
45,871,-2,-7.43127962085308
45,872,17,-7.43127962085308
45,873,40,101.289156626506
45,874,81,49.1953125
45,875,104,177.650793650794
45,876,69,134.833333333333
45,877,42,83.5217391304348
45,878,-25,49.1953125
45,879,18,-7.43127962085308
45,880,-52,-18.4831460674157
45,881,-2,-68.0361445783133
45,882,-12,-7.43127962085308
45,883,-15,-7.43127962085308
45,884,-2,-7.43127962085308
45,885,10,-7.43127962085308
45,886,-11,49.1953125
45,887,-75,-7.43127962085308
45,888,19,-68.0361445783133
45,889,-72,49.1953125
45,890,-1,-49.4
45,891,-23,-7.43127962085308
45,892,-54,-7.43127962085308
45,893,-35,-49.4
45,894,-22,-7.43127962085308
45,895,-7,-7.43127962085308
45,896,15,-7.43127962085308
45,897,31,101.289156626506
45,898,78,49.1953125
45,899,112,208.036144578313
45,900,77,134.833333333333
45,901,70,83.5217391304348
45,902,-13,83.5217391304348
45,903,-39,-7.43127962085308
45,904,-25,-7.43127962085308
45,905,-14,-7.43127962085308
45,906,-7,-7.43127962085308
45,907,-21,-7.43127962085308
45,908,-17,-7.43127962085308
45,909,-3,-7.43127962085308
45,910,35,-7.43127962085308
45,911,-78,101.289156626506
45,912,-85,-49.4
45,913,1,-49.4
45,914,-84,-7.43127962085308
45,915,-21,-49.4
45,916,-13,-7.43127962085308
45,917,0,-7.43127962085308
45,918,-3,-7.43127962085308
45,919,26,-7.43127962085308
45,920,64,101.289156626506
45,921,138,156.746478873239
45,922,225,208.036144578313
45,923,-92,-231.314285714286
45,924,-188,-133.939393939394
45,925,41,-103.228571428571
45,926,50,49.1953125
45,927,-11,-8.01818181818182
45,928,-13,-7.43127962085308
45,929,38,-7.43127962085308
45,930,133,49.1953125
45,931,436,208.036144578313
45,932,23,-55.2
45,933,-241,-211.561403508772
45,934,-184,-146.728813559322
45,935,-116,-103.228571428571
45,936,-107,-49.4
45,937,-93,-49.4
45,938,-62,-68.0361445783133
45,939,-54,-1.21739130434783
45,940,1,-1.21739130434783
45,941,-13,-4.41666666666667
45,942,1,-7.43127962085308
45,943,38,-7.43127962085308
45,944,145,101.289156626506
45,945,333,208.036144578313
45,946,129,-55.2
45,947,-318,-300.742424242424
45,948,-141,-146.728813559322
45,949,59,9.35849056603774
45,950,23,-8.01818181818182
45,951,8,-18.4831460674157
45,952,-38,-7.43127962085308
45,953,23,-7.43127962085308
45,954,170,124.23595505618
45,955,437,313.191489361702
45,956,-53,-194.793103448276
45,957,-405,-211.561403508772
45,958,-330,-146.728813559322
45,959,6,-103.228571428571
45,960,49,-7.43127962085308
45,961,-36,-8.01818181818182
45,962,-59,-7.43127962085308
45,963,-30,-1.21739130434783
45,964,-9,124.23595505618
45,965,0,-4.41666666666667
45,966,2,-7.43127962085308
45,967,34,-7.43127962085308
45,968,144,49.1953125
45,969,312,208.036144578313
45,970,177,-55.2
45,971,-346,-300.742424242424
45,972,-133,-133.939393939394
45,973,34,9.35849056603774
45,974,63,-18.4831460674157
45,975,-19,-8.01818181818182
45,976,-32,-7.43127962085308
45,977,35,-7.43127962085308
45,978,135,124.23595505618
45,979,419,313.191489361702
45,980,-16,-55.2
45,981,-181,-211.561403508772
45,982,-150,-146.728813559322
45,983,-92,-68.0361445783133
45,984,-147,-49.4
45,985,-92,-49.4
45,986,-96,-68.0361445783133
45,987,-35,-1.21739130434783
45,988,-12,-4.41666666666667
45,989,1,-7.43127962085308
45,990,-5,-7.43127962085308
45,991,39,-7.43127962085308
45,992,134,101.289156626506
45,993,334,208.036144578313
45,994,190,-55.2
45,995,-375,-300.742424242424
45,996,-113,-133.939393939394
45,997,1,9.35849056603774
45,998,77,-7.43127962085308
45,999,-15,-8.01818181818182
45,1000,-68,-7.43127962085308
45,1001,62,-1.21739130434783
45,1002,168,134.833333333333
45,1003,356,313.191489361702
45,1004,30,-231.314285714286
45,1005,-196,-211.561403508772
45,1006,-115,-146.728813559322
45,1007,-141,-68.0361445783133
45,1008,-55,-49.4
45,1009,-107,-49.4
45,1010,-116,-68.0361445783133
45,1011,-36,-1.21739130434783
45,1012,-42,-4.41666666666667
45,1013,-8,-7.43127962085308
45,1014,2,-7.43127962085308
45,1015,23,-7.43127962085308
45,1016,93,101.289156626506
45,1017,253,208.036144578313
45,1018,333,208.036144578313
45,1019,-299,-300.742424242424
45,1020,-146,-133.939393939394
45,1021,20,-146.728813559322
45,1022,91,49.1953125
45,1023,-5,-8.01818181818182
45,1024,-5,-7.43127962085308
45,1025,-16,-7.43127962085308
45,1026,139,124.23595505618
45,1027,343,313.191489361702
45,1028,-204,-55.2
45,1029,-143,-211.561403508772
45,1030,-99,-146.728813559322
45,1031,-90,-68.0361445783133
45,1032,-36,-49.4
45,1033,-51,-7.43127962085308
45,1034,-21,-49.4
45,1035,-73,-4.41666666666667
45,1036,-17,-68.0361445783133
45,1037,-61,-7.43127962085308
45,1038,-31,-49.4
45,1039,-4,-7.43127962085308
45,1040,30,-7.43127962085308
45,1041,13,101.289156626506
45,1042,103,49.1953125
45,1043,131,177.650793650794
45,1044,119,134.833333333333
45,1045,38,-28.8148148148148
45,1046,60,49.1953125
45,1047,92,-78.125
45,1048,41,-93.3076923076923
45,1049,-72,-18.4831460674157
45,1050,6,-68.0361445783133
45,1051,-108,-7.43127962085308
45,1052,-107,-68.0361445783133
45,1053,80,-68.0361445783133
45,1054,-75,-8.01818181818182
45,1055,-87,-68.0361445783133
45,1056,-44,-68.0361445783133
45,1057,-14,-1.21739130434783
45,1058,-24,-7.43127962085308
45,1059,-19,-7.43127962085308
45,1060,-53,-7.43127962085308
45,1061,-58,-49.4
45,1062,-38,-68.0361445783133
45,1063,-10,-7.43127962085308
45,1064,6,-7.43127962085308
45,1065,32,-7.43127962085308
45,1066,86,49.1953125
45,1067,88,208.036144578313
45,1068,161,208.036144578313
45,1069,69,134.833333333333
45,1070,38,-133.939393939394
45,1071,-9,49.1953125
45,1072,-4,-7.43127962085308
45,1073,13,-7.43127962085308
45,1074,6,-18.4831460674157
45,1075,-59,-7.43127962085308
45,1076,-124,-68.0361445783133
45,1077,0,-68.0361445783133
45,1078,-18,-7.43127962085308
45,1079,-71,-7.43127962085308
45,1080,-93,-49.4
45,1081,-39,-49.4
45,1082,-48,-7.43127962085308
45,1083,-32,-49.4
45,1084,4,-7.43127962085308
45,1085,-9,-7.43127962085308
45,1086,6,-7.43127962085308
45,1087,38,-7.43127962085308
45,1088,90,101.289156626506
45,1089,343,208.036144578313
45,1090,184,208.036144578313
45,1091,-319,-133.939393939394
45,1092,-162,-133.939393939394
45,1093,-4,9.35849056603774
45,1094,55,-7.43127962085308
45,1095,2,-8.01818181818182
45,1096,-27,-7.43127962085308
45,1097,25,-7.43127962085308
45,1098,149,124.23595505618
45,1099,369,313.191489361702
45,1100,39,-55.2
45,1101,-199,-211.561403508772
45,1102,-141,-146.728813559322
45,1103,-126,-68.0361445783133
45,1104,-44,-49.4
45,1105,-118,-49.4
45,1106,-113,-68.0361445783133
45,1107,-28,-1.21739130434783
45,1108,-18,-4.41666666666667
45,1109,-4,-7.43127962085308
45,1110,4,-7.43127962085308
45,1111,31,-7.43127962085308
45,1112,175,101.289156626506
45,1113,313,208.036144578313
45,1114,135,-55.2
45,1115,-341,-300.742424242424
45,1116,-161,-28.8148148148148
45,1117,47,9.35849056603774
45,1118,48,-8.01818181818182
45,1119,-33,-8.01818181818182
45,1120,-7,-7.43127962085308
45,1121,30,-7.43127962085308
45,1122,137,124.23595505618
45,1123,389,313.191489361702
45,1124,2,-55.2
45,1125,-225,-211.561403508772
45,1126,-120,-146.728813559322
45,1127,-94,-68.0361445783133
45,1128,-89,-49.4
45,1129,-83,-49.4
45,1130,-108,-68.0361445783133
45,1131,-37,-1.21739130434783
45,1132,-8,-4.41666666666667
45,1133,-4,-7.43127962085308
45,1134,2,-7.43127962085308
45,1135,40,-7.43127962085308
45,1136,116,101.289156626506
45,1137,333,208.036144578313
45,1138,184,208.036144578313
45,1139,-382,-300.742424242424
45,1140,-159,-133.939393939394
45,1141,45,9.35849056603774
45,1142,19,-18.4831460674157
45,1143,1,-18.4831460674157
45,1144,-33,-7.43127962085308
45,1145,24,-7.43127962085308
45,1146,30,124.23595505618
45,1147,146,101.289156626506
45,1148,273,-93.3076923076923
45,1149,-127,-55.2
45,1150,-150,-133.939393939394
45,1151,-47,-146.728813559322
45,1152,-31,9.35849056603774
45,1153,-157,-7.43127962085308
45,1154,-65,-68.0361445783133
45,1155,-41,-1.21739130434783
45,1156,-18,-7.43127962085308
45,1157,-2,-7.43127962085308
45,1158,3,-7.43127962085308
45,1159,32,-7.43127962085308
45,1160,112,49.1953125
45,1161,321,208.036144578313
45,1162,184,208.036144578313
45,1163,-339,-300.742424242424
45,1164,-120,-133.939393939394
45,1165,18,9.35849056603774
45,1166,58,49.1953125
45,1167,-20,-8.01818181818182
45,1168,-57,-7.43127962085308
45,1169,95,-1.21739130434783
45,1170,66,134.833333333333
45,1171,413,313.191489361702
45,1172,6,-145.380952380952
45,1173,-244,-211.561403508772
45,1174,-28,-146.728813559322
45,1175,-173,-7.43127962085308
45,1176,-264,-103.228571428571
45,1177,-3,-103.228571428571
45,1178,-31,-7.43127962085308
45,1179,-23,-7.43127962085308
45,1180,8,-4.41666666666667
45,1181,17,-7.43127962085308
45,1182,-27,-4.41666666666667
45,1183,33,-4.41666666666667
45,1184,84,101.289156626506
45,1185,234,134.833333333333
45,1186,331,208.036144578313
45,1187,-318,-300.742424242424
45,1188,-140,-133.939393939394
45,1189,-21,-146.728813559322
45,1190,62,-7.43127962085308
45,1191,-118,-8.01818181818182
45,1192,73,-68.0361445783133
45,1193,-13,-145.380952380952
45,1194,220,124.23595505618
45,1195,279,313.191489361702
45,1196,-93,-55.2
45,1197,-220,-194.793103448276
45,1198,-151,-146.728813559322
45,1199,-129,-68.0361445783133
45,1200,13,-49.4
45,1201,31,-18.4831460674157
45,1202,-63,-18.4831460674157
45,1203,-31,-1.21739130434783
45,1204,-12,124.23595505618
45,1205,-35,-7.43127962085308
45,1206,-9,-7.43127962085308
45,1207,1,-7.43127962085308
45,1208,-2,-7.43127962085308
45,1209,22,-7.43127962085308
45,1210,75,101.289156626506
45,1211,95,177.650793650794
45,1212,61,208.036144578313
45,1213,37,83.5217391304348
45,1214,152,49.1953125
45,1215,-103,40.3571428571429
45,1216,-11,-28.8148148148148
45,1217,37,-7.43127962085308
45,1218,-54,-18.4831460674157
45,1219,-85,-68.0361445783133
45,1220,-64,-68.0361445783133
45,1221,61,-1.21739130434783
45,1222,-24,156.746478873239
45,1223,-51,-7.43127962085308
45,1224,17,-49.4
45,1225,-31,49.1953125
45,1226,-36,-7.43127962085308
45,1227,17,-7.43127962085308
45,1228,-8,-18.4831460674157
45,1229,-79,-7.43127962085308
45,1230,-27,-68.0361445783133
45,1231,-10,-7.43127962085308
45,1232,13,-7.43127962085308
45,1233,19,49.1953125
45,1234,115,49.1953125
45,1235,105,177.650793650794
45,1236,121,134.833333333333
45,1237,126,134.833333333333
45,1238,-1,-34.1818181818182
45,1239,122,-7.43127962085308
45,1240,-10,-78.125
45,1241,8,-7.43127962085308
45,1242,4,-7.43127962085308
45,1243,-72,-7.43127962085308
45,1244,-41,-68.0361445783133
45,1245,7,-7.43127962085308
45,1246,-144,-7.43127962085308
45,1247,-33,-49.4
45,1248,-154,-7.43127962085308
45,1249,-68,-49.4
45,1250,-76,-49.4
45,1251,-20,-49.4
45,1252,-10,-7.43127962085308
45,1253,-15,-7.43127962085308
45,1254,6,-7.43127962085308
45,1255,43,-7.43127962085308
45,1256,106,101.289156626506
45,1257,264,208.036144578313
45,1258,317,177.650793650794
45,1259,-393,-133.939393939394
45,1260,-145,-133.939393939394
45,1261,-2,-146.728813559322
45,1262,116,-7.43127962085308
45,1263,-74,-8.01818181818182
45,1264,31,-68.0361445783133
45,1265,10,-18.4831460674157
45,1266,176,124.23595505618
45,1267,390,313.191489361702
45,1268,-106,-55.2
45,1269,-159,-194.793103448276
45,1270,-179,-146.728813559322
45,1271,-107,-103.228571428571
45,1272,-87,-49.4
45,1273,-95,-68.0361445783133
45,1274,-50,-49.4
45,1275,-47,-1.21739130434783
45,1276,-1,-1.21739130434783
45,1277,-10,-4.41666666666667
45,1278,0,-7.43127962085308
45,1279,44,-7.43127962085308
45,1280,140,101.289156626506
45,1281,326,208.036144578313
45,1282,227,-55.2
45,1283,-404,-300.742424242424
45,1284,-121,-133.939393939394
45,1285,-17,9.35849056603774
45,1286,28,-7.43127962085308
45,1287,44,-18.4831460674157
45,1288,-29,-18.4831460674157
45,1289,41,-7.43127962085308
45,1290,170,124.23595505618
45,1291,414,313.191489361702
45,1292,8,-194.793103448276
45,1293,-245,-211.561403508772
45,1294,-109,-146.728813559322
45,1295,-145,-68.0361445783133
45,1296,-109,-68.0361445783133
45,1297,-77,-49.4
45,1298,-126,-68.0361445783133
45,1299,-38,-1.21739130434783
45,1300,-16,-4.41666666666667
45,1301,0,-7.43127962085308
45,1302,-8,-7.43127962085308
45,1303,55,-7.43127962085308
45,1304,131,156.746478873239
45,1305,317,208.036144578313
45,1306,281,-231.314285714286
45,1307,-446,-300.742424242424
45,1308,-111,-133.939393939394
45,1309,50,-146.728813559322
45,1310,29,-8.01818181818182
45,1311,2,-18.4831460674157
45,1312,-65,-7.43127962085308
45,1313,70,-1.21739130434783
45,1314,167,134.833333333333
45,1315,429,313.191489361702
45,1316,-22,-231.314285714286
45,1317,-193,-211.561403508772
45,1318,-131,-146.728813559322
45,1319,-170,-68.0361445783133
45,1320,-119,-103.228571428571
45,1321,-39,-49.4
45,1322,-147,-7.43127962085308
45,1323,-63,-1.21739130434783
45,1324,-8,-1.21739130434783
45,1325,-13,-7.43127962085308
45,1326,-4,-4.41666666666667
45,1327,38,-7.43127962085308
45,1328,139,101.289156626506
45,1329,314,208.036144578313
45,1330,234,-55.2
45,1331,-385,-300.742424242424
45,1332,-122,-133.939393939394
45,1333,-10,9.35849056603774
45,1334,67,-7.43127962085308
45,1335,-37,-8.01818181818182
45,1336,-29,-7.43127962085308
45,1337,25,-7.43127962085308
45,1338,136,124.23595505618
45,1339,364,313.191489361702
45,1340,-50,-55.2
45,1341,-74,-211.561403508772
45,1342,-168,-146.728813559322
45,1343,-175,-68.0361445783133
45,1344,-37,-103.228571428571
45,1345,-89,-7.43127962085308
45,1346,-48,-68.0361445783133
45,1347,-43,-68.0361445783133
45,1348,-28,-7.43127962085308
45,1349,-14,-4.41666666666667
45,1350,-4,-4.41666666666667
45,1351,29,-7.43127962085308
45,1352,102,49.1953125
45,1353,271,208.036144578313
45,1354,266,208.036144578313
45,1355,-313,-300.742424242424
45,1356,-132,-133.939393939394
45,1357,20,9.35849056603774
45,1358,48,49.1953125
45,1359,15,-8.01818181818182
45,1360,12,-18.4831460674157
45,1361,-3,-18.4831460674157
45,1362,176,124.23595505618
45,1363,200,313.191489361702
45,1364,-77,-194.793103448276
45,1365,-106,-194.793103448276
45,1366,-162,-68.0361445783133
45,1367,-94,-68.0361445783133
45,1368,-61,-68.0361445783133
45,1369,-10,-68.0361445783133
45,1370,2,-7.43127962085308
45,1371,-111,-7.43127962085308
45,1372,10,-1.21739130434783
45,1373,-47,101.289156626506
45,1374,-32,-49.4
45,1375,3,-7.43127962085308
45,1376,36,-7.43127962085308
45,1377,26,49.1953125
45,1378,87,49.1953125
45,1379,174,-93.3076923076923
45,1380,58,134.833333333333
45,1381,62,-133.939393939394
45,1382,30,40.3571428571429
45,1383,11,-18.4831460674157
45,1384,-4,49.1953125
45,1385,3,-7.43127962085308
45,1386,-10,-7.43127962085308
45,1387,-8,-7.43127962085308
45,1388,2,-7.43127962085308
45,1389,-143,-7.43127962085308
45,1390,-105,-68.0361445783133
45,1391,67,-68.0361445783133
45,1392,-24,178
45,1393,-68,-7.43127962085308
45,1394,-20,-49.4
45,1395,-30,-7.43127962085308
45,1396,-46,-7.43127962085308
45,1397,-57,-49.4
45,1398,-42,-49.4
45,1399,4,-7.43127962085308
45,1400,1,-7.43127962085308
45,1401,22,-7.43127962085308
45,1402,87,49.1953125
45,1403,99,208.036144578313
45,1404,155,208.036144578313
45,1405,128,134.833333333333
45,1406,2,-28.8148148148148
45,1407,-28,-7.43127962085308
45,1408,39,-7.43127962085308
45,1409,-21,-18.4831460674157
45,1410,20,-7.43127962085308
45,1411,10,-18.4831460674157
45,1412,-112,-18.4831460674157
45,1413,24,-68.0361445783133
45,1414,-140,49.1953125
45,1415,-32,-49.4
45,1416,-123,-7.43127962085308
45,1417,-48,-68.0361445783133
45,1418,-42,-49.4
45,1419,-39,-7.43127962085308
45,1420,-11,-7.43127962085308
45,1421,-5,-7.43127962085308
45,1422,2,-7.43127962085308
45,1423,42,-7.43127962085308
45,1424,114,101.289156626506
45,1425,308,208.036144578313
45,1426,282,208.036144578313
45,1427,-458,-300.742424242424
45,1428,-104,-133.939393939394
45,1429,26,-146.728813559322
45,1430,63,-18.4831460674157
45,1431,-52,-8.01818181818182
45,1432,28,-68.0361445783133
45,1433,-18,-18.4831460674157
45,1434,189,124.23595505618
45,1435,402,313.191489361702
45,1436,-15,-55.2
45,1437,-147,-194.793103448276
45,1438,-203,-146.728813559322
45,1439,-140,-103.228571428571
45,1440,-92,-49.4
45,1441,-80,-68.0361445783133
45,1442,-112,-49.4
45,1443,-17,-1.21739130434783
45,1444,-13,-7.43127962085308
45,1445,-2,-4.41666666666667
45,1446,0,-7.43127962085308
45,1447,39,-7.43127962085308
45,1448,149,101.289156626506
45,1449,319,208.036144578313
45,1450,247,-55.2
45,1451,-427,-300.742424242424
45,1452,-106,-133.939393939394
45,1453,-3,9.35849056603774
45,1454,24,-7.43127962085308
45,1455,40,-18.4831460674157
45,1456,-28,-18.4831460674157
45,1457,-116,-7.43127962085308
45,1458,258,-1.21739130434783
45,1459,418,313.191489361702
45,1460,37,-194.793103448276
45,1461,-243,-211.561403508772
45,1462,-162,-146.728813559322
45,1463,-100,-1.21739130434783
45,1464,-95,-68.0361445783133
45,1465,-110,-49.4
45,1466,-100,-49.4
45,1467,-14,-1.21739130434783
45,1468,-20,-4.41666666666667
45,1469,-6,-7.43127962085308
45,1470,-3,-7.43127962085308
45,1471,45,-7.43127962085308
45,1472,136,101.289156626506
45,1473,302,208.036144578313
45,1474,194,-55.2
45,1475,-331,-300.742424242424
45,1476,-114,-133.939393939394
45,1477,-2,9.35849056603774
45,1478,50,-7.43127962085308
45,1479,-4,-8.01818181818182
45,1480,-17,-7.43127962085308
45,1481,32,-7.43127962085308
45,1482,184,124.23595505618
45,1483,358,313.191489361702
45,1484,54,-55.2
45,1485,-239,-211.561403508772
45,1486,-139,-146.728813559322
45,1487,-193,-68.0361445783133
45,1488,-32,-103.228571428571
45,1489,-136,-7.43127962085308
45,1490,-89,-68.0361445783133
45,1491,-21,-1.21739130434783
45,1492,-31,-4.41666666666667
45,1493,-5,-7.43127962085308
45,1494,3,-4.41666666666667
45,1495,32,-7.43127962085308
45,1496,142,49.1953125
45,1497,290,208.036144578313
45,1498,266,-55.2
45,1499,-396,-300.742424242424
45,1500,-162,-133.939393939394
45,1501,45,9.35849056603774
45,1502,60,49.1953125
45,1503,24,-8.01818181818182
45,1504,-85,-18.4831460674157
45,1505,45,-1.21739130434783
45,1506,136,124.23595505618
45,1507,459,313.191489361702
45,1508,-98,-28.8148148148148
45,1509,-160,-211.561403508772
45,1510,-180,-146.728813559322
45,1511,-85,-103.228571428571
45,1512,-80,-68.0361445783133
45,1513,-85,-49.4
45,1514,-106,-68.0361445783133
45,1515,-28,-1.21739130434783
45,1516,-29,-7.43127962085308
45,1517,-8,-4.41666666666667
45,1518,6,-7.43127962085308
45,1519,25,-7.43127962085308
45,1520,126,101.289156626506
45,1521,258,208.036144578313
45,1522,247,208.036144578313
45,1523,-272,-133.939393939394
45,1524,-147,-133.939393939394
45,1525,14,9.35849056603774
45,1526,75,49.1953125
45,1527,7,-8.01818181818182
45,1528,-14,-7.43127962085308
45,1529,49,-7.43127962085308
45,1530,112,134.833333333333
45,1531,249,253.724137931034
45,1532,-70,-145.380952380952
45,1533,-202,-162.407766990291
45,1534,-80,-103.228571428571
45,1535,-111,-68.0361445783133
45,1536,-76,-49.4
45,1537,-6,-49.4
45,1538,-35,-7.43127962085308
45,1539,-39,-7.43127962085308
45,1540,-38,-4.41666666666667
45,1541,-54,-7.43127962085308
45,1542,-17,-49.4
45,1543,4,-7.43127962085308
45,1544,32,-7.43127962085308
45,1545,18,49.1953125
45,1546,114,49.1953125
45,1547,97,208.036144578313
45,1548,118,134.833333333333
45,1549,74,83.5217391304348
45,1550,77,-78.125
45,1551,-20,-78.125
45,1552,-55,-7.43127962085308
45,1553,17,-68.0361445783133
45,1554,-39,-18.4831460674157
45,1555,42,-7.43127962085308
45,1556,-2,-18.4831460674157
45,1557,-93,-7.43127962085308
45,1558,-85,-68.0361445783133
45,1559,-23,-68.0361445783133
45,1560,-20,-7.43127962085308
45,1561,-47,-7.43127962085308
45,1562,-69,-68.0361445783133
45,1563,-66,-49.4
45,1564,-14,-68.0361445783133
45,1565,-32,-7.43127962085308
45,1566,-27,-7.43127962085308
45,1567,5,-7.43127962085308
45,1568,0,-7.43127962085308
45,1569,49,-7.43127962085308
45,1570,40,156.746478873239
45,1571,121,101.289156626506
45,1572,135,208.036144578313
45,1573,73,134.833333333333
45,1574,54,-28.8148148148148
45,1575,32,40.3571428571429
45,1576,3,-18.4831460674157
45,1577,-76,-7.43127962085308
45,1578,-29,-68.0361445783133
45,1579,-39,-7.43127962085308
45,1580,-153,-7.43127962085308
45,1581,-44,-68.0361445783133
45,1582,8,-68.0361445783133
45,1583,15,-7.43127962085308
45,1584,-51,49.1953125
45,1585,-70,-49.4
45,1586,-54,-49.4
45,1587,-22,-49.4
45,1588,-6,-7.43127962085308
45,1589,0,-7.43127962085308
45,1590,6,-7.43127962085308
45,1591,14,-7.43127962085308
45,1592,116,101.289156626506
45,1593,266,208.036144578313
45,1594,198,208.036144578313
45,1595,-329,-194.793103448276
45,1596,-63,-133.939393939394
45,1597,47,9.35849056603774
45,1598,25,-8.01818181818182
45,1599,4,-18.4831460674157
45,1600,-2,-7.43127962085308
45,1601,-13,-7.43127962085308
45,1602,177,124.23595505618
45,1603,407,313.191489361702
45,1604,-15,-55.2
45,1605,-203,-211.561403508772
45,1606,-183,-146.728813559322
45,1607,-140,-103.228571428571
45,1608,-110,-49.4
45,1609,-94,-49.4
45,1610,-66,-49.4
45,1611,-29,-1.21739130434783
45,1612,-5,-4.41666666666667
45,1613,-7,-4.41666666666667
45,1614,3,-7.43127962085308
45,1615,27,-7.43127962085308
45,1616,143,101.289156626506
45,1617,323,208.036144578313
45,1618,203,-55.2
45,1619,-378,-300.742424242424
45,1620,-77,-133.939393939394
45,1621,-36,9.35849056603774
45,1622,69,-7.43127962085308
45,1623,-30,-8.01818181818182
45,1624,8,-7.43127962085308
45,1625,45,-7.43127962085308
45,1626,139,124.23595505618
45,1627,423,313.191489361702
45,1628,-54,-55.2
45,1629,-204,-133.939393939394
45,1630,-162,-146.728813559322
45,1631,-131,-68.0361445783133
45,1632,-93,-49.4
45,1633,-86,-49.4
45,1634,-80,-68.0361445783133
45,1635,-35,-1.21739130434783
45,1636,-17,-4.41666666666667
45,1637,1,-7.43127962085308
45,1638,0,-7.43127962085308
45,1639,36,-7.43127962085308
45,1640,130,101.289156626506
45,1641,309,208.036144578313
45,1642,255,208.036144578313
45,1643,-396,-300.742424242424
45,1644,-127,-133.939393939394
45,1645,25,9.35849056603774
45,1646,41,-18.4831460674157
45,1647,33,-18.4831460674157
45,1648,-77,-18.4831460674157
45,1649,42,-1.21739130434783
45,1650,163,124.23595505618
45,1651,417,313.191489361702
45,1652,4,-194.793103448276
45,1653,-176,-211.561403508772
45,1654,-186,-146.728813559322
45,1655,-119,-103.228571428571
45,1656,-148,-68.0361445783133
45,1657,-97,-49.4
45,1658,-69,-68.0361445783133
45,1659,-39,-1.21739130434783
45,1660,-14,-4.41666666666667
45,1661,-8,-4.41666666666667
45,1662,4,-7.43127962085308
45,1663,31,-7.43127962085308
45,1664,126,101.289156626506
45,1665,308,208.036144578313
45,1666,223,208.036144578313
45,1667,-345,-300.742424242424
45,1668,-148,-133.939393939394
45,1669,55,9.35849056603774
45,1670,17,-8.01818181818182
45,1671,4,-18.4831460674157
45,1672,-34,-7.43127962085308
45,1673,20,-7.43127962085308
45,1674,150,124.23595505618
45,1675,393,313.191489361702
45,1676,1,-55.2
45,1677,-188,-211.561403508772
45,1678,-145,-146.728813559322
45,1679,-142,-68.0361445783133
45,1680,-77,-49.4
45,1681,-103,-49.4
45,1682,-71,-68.0361445783133
45,1683,-44,-1.21739130434783
45,1684,-21,-1.21739130434783
45,1685,-11,-7.43127962085308
45,1686,-2,-7.43127962085308
45,1687,26,-7.43127962085308
45,1688,11,101.289156626506
45,1689,89,101.289156626506
45,1690,-14,208.036144578313
45,1691,101,-7.43127962085308
45,1692,-27,83.5217391304348
45,1693,58,-7.43127962085308
45,1694,64,-78.125
45,1695,-25,-8.01818181818182
45,1696,17,-7.43127962085308
45,1697,17,49.1953125
45,1698,143,-18.4831460674157
45,1699,263,208.036144578313
45,1700,-90,-55.2
45,1701,-148,-194.793103448276
45,1702,-122,-68.0361445783133
45,1703,-84,-68.0361445783133
45,1704,-68,-49.4
45,1705,-26,-68.0361445783133
45,1706,-12,-7.43127962085308
45,1707,-64,-7.43127962085308
45,1708,-31,-1.21739130434783
45,1709,-64,-7.43127962085308
45,1710,-11,-49.4
45,1711,1,-7.43127962085308
45,1712,12,-7.43127962085308
45,1713,39,49.1953125
45,1714,100,49.1953125
45,1715,109,208.036144578313
45,1716,136,134.833333333333
45,1717,92,-34.1818181818182
45,1718,47,-28.8148148148148
45,1719,23,-78.125
45,1720,-31,-18.4831460674157
45,1721,24,-7.43127962085308
45,1722,-31,-18.4831460674157
45,1723,-19,-7.43127962085308
45,1724,-212,-7.43127962085308
45,1725,-25,-103.228571428571
45,1726,-115,-7.43127962085308
45,1727,-32,-68.0361445783133
45,1728,40,-7.43127962085308
45,1729,-5,49.1953125
45,1730,-43,-7.43127962085308
45,1731,-7,-4.41666666666667
45,1732,-27,-7.43127962085308
45,1733,-38,-7.43127962085308
45,1734,-38,-7.43127962085308
45,1735,0,-7.43127962085308
45,1736,6,-7.43127962085308
45,1737,23,-7.43127962085308
45,1738,80,101.289156626506
45,1739,98,208.036144578313
45,1740,111,208.036144578313
45,1741,121,134.833333333333
45,1742,56,40.3571428571429
45,1743,38,-78.125
45,1744,36,49.1953125
45,1745,-2,-18.4831460674157
45,1746,-64,-7.43127962085308
45,1747,-8,-68.0361445783133
45,1748,-14,-7.43127962085308
45,1749,-26,-7.43127962085308
45,1750,-165,-7.43127962085308
45,1751,-80,-68.0361445783133
45,1752,-39,-68.0361445783133
45,1753,-71,-7.43127962085308
45,1754,-63,-49.4
45,1755,-33,-49.4
45,1756,-5,-7.43127962085308
45,1757,-3,-4.41666666666667
45,1758,5,-7.43127962085308
45,1759,25,-7.43127962085308
45,1760,123,101.289156626506
45,1761,277,208.036144578313
45,1762,237,208.036144578313
45,1763,-368,-300.742424242424
45,1764,-106,-133.939393939394
45,1765,46,9.35849056603774
45,1766,31,49.1953125
45,1767,-22,-18.4831460674157
45,1768,-6,-7.43127962085308
45,1769,26,-7.43127962085308
45,1770,190,124.23595505618
45,1771,354,313.191489361702
45,1772,-6,-55.2
45,1773,-257,-211.561403508772
45,1774,-123,-146.728813559322
45,1775,-142,-68.0361445783133
45,1776,-98,-49.4
45,1777,-64,-49.4
45,1778,-68,-68.0361445783133
45,1779,-33,-1.21739130434783
45,1780,-16,-4.41666666666667
45,1781,-8,-7.43127962085308
45,1782,2,-7.43127962085308
45,1783,31,-7.43127962085308
45,1784,28,101.289156626506
45,1785,115,101.289156626506
45,1786,439,208.036144578313
45,1787,-216,-34.1818181818182
45,1788,-194,-133.939393939394
45,1789,-12,-146.728813559322
45,1790,104,-7.43127962085308
45,1791,-14,-8.01818181818182
45,1792,-31,-7.43127962085308
45,1793,28,-7.43127962085308
45,1794,175,124.23595505618
45,1795,354,253.724137931034
45,1796,42,-55.2
45,1797,-227,-211.561403508772
45,1798,-191,-146.728813559322
45,1799,-128,-103.228571428571
45,1800,-119,-49.4
45,1801,-22,-49.4
45,1802,-107,-7.43127962085308
45,1803,-23,-1.21739130434783
45,1804,-29,-4.41666666666667
45,1805,3,-4.41666666666667
45,1806,-7,-7.43127962085308
45,1807,35,-7.43127962085308
45,1808,133,101.289156626506
45,1809,320,208.036144578313
45,1810,190,-55.2
45,1811,-315,-300.742424242424
45,1812,-134,-133.939393939394
45,1813,2,9.35849056603774
45,1814,72,-7.43127962085308
45,1815,-13,-8.01818181818182
45,1816,-39,-7.43127962085308
45,1817,11,-7.43127962085308
45,1818,165,124.23595505618
45,1819,420,313.191489361702
45,1820,-3,-55.2
45,1821,-199,-211.561403508772
45,1822,-222,-146.728813559322
45,1823,-112,-103.228571428571
45,1824,-89,-49.4
45,1825,-88,-49.4
45,1826,-62,-68.0361445783133
45,1827,-55,-1.21739130434783
45,1828,-6,-1.21739130434783
45,1829,-11,-4.41666666666667
45,1830,1,-7.43127962085308
45,1831,32,-7.43127962085308
45,1832,128,101.289156626506
45,1833,299,208.036144578313
45,1834,218,208.036144578313
45,1835,-345,-300.742424242424
45,1836,-138,-133.939393939394
45,1837,75,9.35849056603774
45,1838,69,-8.01818181818182
45,1839,-43,-8.01818181818182
45,1840,-52,-7.43127962085308
45,1841,12,-1.21739130434783
45,1842,159,124.23595505618
45,1843,478,313.191489361702
45,1844,-65,-55.2
45,1845,-155,-211.561403508772
45,1846,-163,-146.728813559322
45,1847,-158,-68.0361445783133
45,1848,-102,-49.4
45,1849,-28,-49.4
45,1850,-138,-7.43127962085308
45,1851,-34,-1.21739130434783
45,1852,-35,-7.43127962085308
45,1853,-13,-7.43127962085308
45,1854,3,-7.43127962085308
45,1855,27,-7.43127962085308
45,1856,121,101.289156626506
45,1857,222,208.036144578313
45,1858,289,208.036144578313
45,1859,-290,-300.742424242424
45,1860,-147,-133.939393939394
45,1861,72,-146.728813559322
45,1862,62,-8.01818181818182
45,1863,-8,-8.01818181818182
45,1864,-29,-7.43127962085308
45,1865,55,-7.43127962085308
45,1866,105,134.833333333333
45,1867,303,313.191489361702
45,1868,-122,-145.380952380952
45,1869,-178,-211.561403508772
45,1870,-132,-146.728813559322
45,1871,-104,-68.0361445783133
45,1872,-42,-49.4
45,1873,-92,-7.43127962085308
45,1874,-16,-1.21739130434783
45,1875,-13,-7.43127962085308
45,1876,-49,-4.41666666666667
45,1877,-13,-49.4
45,1878,-17,-7.43127962085308
45,1879,-4,-7.43127962085308
45,1880,18,-7.43127962085308
45,1881,37,101.289156626506
45,1882,125,49.1953125
45,1883,103,208.036144578313
45,1884,188,83.5217391304348
45,1885,56,-34.1818181818182
45,1886,118,-133.939393939394
45,1887,-10,-78.125
45,1888,-46,-7.43127962085308
45,1889,-2,-68.0361445783133
45,1890,45,-7.43127962085308
45,1891,-6,-18.4831460674157
45,1892,-81,-7.43127962085308
45,1893,-66,-68.0361445783133
45,1894,-147,-68.0361445783133
45,1895,-3,-68.0361445783133
45,1896,-77,-7.43127962085308
45,1897,-26,-49.4
45,1898,-48,-7.43127962085308
45,1899,-56,-68.0361445783133
45,1900,-12,-49.4
45,1901,-64,-7.43127962085308
45,1902,-29,-49.4
45,1903,-15,-7.43127962085308
45,1904,9,-7.43127962085308
45,1905,21,49.1953125
45,1906,83,101.289156626506
45,1907,146,177.650793650794
45,1908,155,134.833333333333
45,1909,-153,-28.8148148148148
45,1910,26,-28.8148148148148
45,1911,-136,49.1953125
45,1912,-13,9.35849056603774
45,1913,127,-7.43127962085308
45,1914,80,-8.01818181818182
45,1915,-13,-8.01818181818182
45,1916,34,-7.43127962085308
45,1917,-36,101.289156626506
45,1918,-67,-7.43127962085308
45,1919,-84,-68.0361445783133
45,1920,-134,-49.4
45,1921,-10,-49.4
45,1922,-20,-7.43127962085308
45,1923,-16,-7.43127962085308
45,1924,-5,-7.43127962085308
45,1925,-2,-7.43127962085308
45,1926,4,-7.43127962085308
45,1927,30,-7.43127962085308
45,1928,124,101.289156626506
45,1929,281,177.650793650794
45,1930,213,177.650793650794
45,1931,-298,-300.742424242424
45,1932,-164,-133.939393939394
45,1933,48,9.35849056603774
45,1934,41,-8.01818181818182
45,1935,9,-18.4831460674157
45,1936,-16,-18.4831460674157
45,1937,34,-7.43127962085308
45,1938,151,124.23595505618
45,1939,433,313.191489361702
45,1940,-78,-28.8148148148148
45,1941,-516,-211.561403508772
45,1942,-38,-146.728813559322
45,1943,-16,-7.43127962085308
45,1944,-84,-7.43127962085308
45,1945,-59,-49.4
45,1946,-43,-68.0361445783133
45,1947,-26,-7.43127962085308
45,1948,-25,-4.41666666666667
45,1949,-5,-7.43127962085308
45,1950,1,-7.43127962085308
45,1951,30,-7.43127962085308
45,1952,135,101.289156626506
45,1953,350,208.036144578313
45,1954,204,-55.2
45,1955,-395,-300.742424242424
45,1956,-150,-133.939393939394
45,1957,78,9.35849056603774
45,1958,49,-8.01818181818182
45,1959,26,-8.01818181818182
45,1960,-29,-18.4831460674157
45,1961,0,-7.43127962085308
45,1962,165,124.23595505618
45,1963,411,313.191489361702
45,1964,-253,-194.793103448276
45,1965,-149,-211.561403508772
45,1966,-118,-146.728813559322
45,1967,-78,-68.0361445783133
45,1968,-48,-68.0361445783133
45,1969,-96,-49.4
45,1970,-81,-49.4
45,1971,-34,-1.21739130434783
45,1972,-4,-7.43127962085308
45,1973,-10,-7.43127962085308
45,1974,1,-7.43127962085308
45,1975,32,-7.43127962085308
45,1976,147,101.289156626506
45,1977,366,208.036144578313
45,1978,187,-55.2
45,1979,-364,-300.742424242424
45,1980,-151,-133.939393939394
45,1981,42,9.35849056603774
45,1982,45,49.1953125
45,1983,4,-18.4831460674157
45,1984,-50,-7.43127962085308
45,1985,50,-1.21739130434783
45,1986,144,134.833333333333
45,1987,323,313.191489361702
45,1988,-100,-231.314285714286
45,1989,-103,-211.561403508772
45,1990,-189,-146.728813559322
45,1991,-40,-103.228571428571
45,1992,-70,-7.43127962085308
45,1993,-141,-49.4
45,1994,-80,-68.0361445783133
45,1995,-35,-1.21739130434783
45,1996,-5,-7.43127962085308
45,1997,-11,-4.41666666666667
45,1998,-3,-7.43127962085308
45,1999,31,-7.43127962085308
45,2000,155,101.289156626506
45,2001,289,208.036144578313
45,2002,226,-55.2
45,2003,-295,-300.742424242424
45,2004,-179,-133.939393939394
45,2005,45,-103.228571428571
45,2006,54,49.1953125
45,2007,14,-8.01818181818182
45,2008,-41,-18.4831460674157
45,2009,0,-7.43127962085308
45,2010,160,124.23595505618
45,2011,355,313.191489361702
45,2012,121,-194.793103448276
45,2013,-308,-300.742424242424
45,2014,-159,-146.728813559322
45,2015,-145,-68.0361445783133
45,2016,-131,-68.0361445783133
45,2017,-41,-49.4
45,2018,-46,-7.43127962085308
45,2019,-69,-1.21739130434783
45,2020,-26,-1.21739130434783
45,2021,-8,-7.43127962085308
45,2022,0,-7.43127962085308
45,2023,30,-7.43127962085308
45,2024,113,101.289156626506
45,2025,274,208.036144578313
45,2026,319,208.036144578313
45,2027,-355,-300.742424242424
45,2028,-127,-133.939393939394
45,2029,19,-146.728813559322
45,2030,90,49.1953125
45,2031,-20,-8.01818181818182
45,2032,-13,-7.43127962085308
45,2033,12,-7.43127962085308
45,2034,165,124.23595505618
45,2035,297,313.191489361702
45,2036,-76,-55.2
45,2037,-200,-211.561403508772
45,2038,-173,-146.728813559322
45,2039,-57,-103.228571428571
45,2040,-55,-49.4
45,2041,-73,-49.4
45,2042,-43,-68.0361445783133
45,2043,-20,-7.43127962085308
45,2044,-36,-4.41666666666667
45,2045,-41,-4.41666666666667
45,2046,-26,-7.43127962085308
45,2047,2,-7.43127962085308
45,2048,16,-7.43127962085308
45,2049,72,101.289156626506
45,2050,60,177.650793650794
45,2051,126,84.5882352941177
45,2052,154,134.833333333333
45,2053,15,134.833333333333
45,2054,127,-28.8148148148148
45,2055,-67,-78.125
45,2056,-35,9.35849056603774
45,2057,-249,-7.43127962085308
45,2058,201,-103.228571428571
45,2059,-31,-8.01818181818182
45,2060,-20,-162.407766990291
45,2061,-29,-7.43127962085308
45,2062,-113,-7.43127962085308
45,2063,-33,-1.21739130434783
45,2064,-26,-4.41666666666667
45,2065,-24,-7.43127962085308
45,2066,-24,-7.43127962085308
45,2067,0,-7.43127962085308
45,2068,-18,-7.43127962085308
45,2069,-63,-7.43127962085308
45,2070,-37,-49.4
45,2071,0,-7.43127962085308
45,2072,5,-7.43127962085308
45,2073,13,-7.43127962085308
45,2074,99,49.1953125
45,2075,130,177.650793650794
45,2076,122,208.036144578313
45,2077,97,134.833333333333
45,2078,144,40.3571428571429
45,2079,-85,-78.125
45,2080,-164,-28.8148148148148
45,2081,14,9.35849056603774
45,2082,-218,-18.4831460674157
45,2083,60,-103.228571428571
45,2084,31,-8.01818181818182
45,2085,28,-18.4831460674157
45,2086,-81,49.1953125
45,2087,-45,-68.0361445783133
45,2088,-52,-49.4
45,2089,-34,-49.4
45,2090,-48,-7.43127962085308
45,2091,-25,-49.4
45,2092,1,-7.43127962085308
45,2093,-4,-7.43127962085308
45,2094,8,-7.43127962085308
45,2095,24,-7.43127962085308
45,2096,109,101.289156626506
45,2097,288,208.036144578313
45,2098,266,134.833333333333
45,2099,-357,-133.939393939394
45,2100,-136,-133.939393939394
45,2101,23,9.35849056603774
45,2102,54,49.1953125
45,2103,5,-8.01818181818182
45,2104,-42,-7.43127962085308
45,2105,36,-7.43127962085308
45,2106,162,124.23595505618
45,2107,401,313.191489361702
45,2108,-11,-55.2
45,2109,-261,-211.561403508772
45,2110,-157,-146.728813559322
45,2111,-138,-68.0361445783133
45,2112,-117,-49.4
45,2113,-47,-49.4
45,2114,-76,-68.0361445783133
45,2115,-17,-1.21739130434783
45,2116,-6,-4.41666666666667
45,2117,-11,-7.43127962085308
45,2118,4,-7.43127962085308
45,2119,34,-7.43127962085308
45,2120,105,101.289156626506
45,2121,122,208.036144578313
45,2122,424,177.650793650794
45,2123,-298,-34.1818181818182
45,2124,-191,-133.939393939394
45,2125,14,-146.728813559322
45,2126,79,-18.4831460674157
45,2127,-9,-8.01818181818182
45,2128,-37,-7.43127962085308
45,2129,66,-7.43127962085308
45,2130,163,134.833333333333
45,2131,384,313.191489361702
45,2132,-46,-231.314285714286
45,2133,-221,-211.561403508772
45,2134,-162,-146.728813559322
45,2135,-121,-68.0361445783133
45,2136,-98,-49.4
45,2137,-107,-49.4
45,2138,-62,-68.0361445783133
45,2139,-33,-1.21739130434783
45,2140,-8,-4.41666666666667
45,2141,3,-7.43127962085308
45,2142,1,-7.43127962085308
45,2143,30,-7.43127962085308
45,2144,141,101.289156626506
45,2145,373,208.036144578313
45,2146,254,-55.2
45,2147,-460,-300.742424242424
45,2148,-170,-133.939393939394
45,2149,75,-103.228571428571
45,2150,107,-8.01818181818182
45,2151,-60,-8.01818181818182
45,2152,1,-68.0361445783133
45,2153,37,-7.43127962085308
45,2154,155,124.23595505618
45,2155,377,313.191489361702
45,2156,-58,-55.2
45,2157,-169,-211.561403508772
45,2158,-216,-146.728813559322
45,2159,-114,-103.228571428571
45,2160,-78,-49.4
45,2161,-78,-49.4
45,2162,-92,-68.0361445783133
45,2163,-42,-1.21739130434783
45,2164,-6,-4.41666666666667
45,2165,-12,-4.41666666666667
45,2166,3,-7.43127962085308
45,2167,27,-7.43127962085308
45,2168,128,101.289156626506
45,2169,369,208.036144578313
45,2170,222,208.036144578313
45,2171,-358,-300.742424242424
45,2172,-162,-133.939393939394
45,2173,42,9.35849056603774
45,2174,18,49.1953125
45,2175,-4,-18.4831460674157
45,2176,-17,-7.43127962085308
45,2177,65,-7.43127962085308
45,2178,144,134.833333333333
45,2179,362,313.191489361702
45,2180,9,-231.314285714286
45,2181,-243,-211.561403508772
45,2182,-139,-146.728813559322
45,2183,-164,-68.0361445783133
45,2184,-16,-49.4
45,2185,-139,-7.43127962085308
45,2186,-70,-68.0361445783133
45,2187,-50,-1.21739130434783
45,2188,-12,-1.21739130434783
45,2189,-15,-7.43127962085308
45,2190,2,-4.41666666666667
45,2191,22,-7.43127962085308
45,2192,79,49.1953125
45,2193,313,208.036144578313
45,2194,269,208.036144578313
45,2195,-292,-300.742424242424
45,2196,-142,-133.939393939394
45,2197,53,9.35849056603774
45,2198,101,-8.01818181818182
45,2199,-42,-8.01818181818182
45,2200,68,-7.43127962085308
45,2201,90,-145.380952380952
45,2202,2,134.833333333333
45,2203,89,-7.43127962085308
45,2204,-71,-145.380952380952
45,2205,-94,9.35849056603774
45,2206,-96,-68.0361445783133
45,2207,-53,-68.0361445783133
45,2208,-26,-49.4
45,2209,-103,-7.43127962085308
45,2210,-6,-68.0361445783133
45,2211,-89,-7.43127962085308
45,2212,-10,-68.0361445783133
45,2213,-34,-7.43127962085308
45,2214,-23,-7.43127962085308
45,2215,10,-7.43127962085308
45,2216,14,49.1953125
45,2217,30,101.289156626506
45,2218,96,49.1953125
45,2219,75,83.5217391304348
45,2220,180,134.833333333333
45,2221,75,134.833333333333
45,2222,-21,-133.939393939394
45,2223,33,-7.43127962085308
45,2224,10,49.1953125
45,2225,49,-18.4831460674157
45,2226,-101,-93.3076923076923
45,2227,1,-68.0361445783133
45,2228,-21,-7.43127962085308
45,2229,-50,-7.43127962085308
45,2230,-185,-68.0361445783133
45,2231,-103,-103.228571428571
45,2232,-26,-68.0361445783133
45,2233,67,-7.43127962085308
45,2234,-46,178
45,2235,-26,-49.4
45,2236,11,-7.43127962085308
45,2237,-42,124.23595505618
45,2238,-20,-7.43127962085308
45,2239,-10,-7.43127962085308
45,2240,3,-7.43127962085308
45,2241,27,-7.43127962085308
45,2242,87,101.289156626506
45,2243,103,-8.01818181818182
45,2244,156,208.036144578313
45,2245,101,-34.1818181818182
45,2246,56,-28.8148148148148
45,2247,-52,40.3571428571429
45,2248,-36,9.35849056603774
45,2249,-102,-7.43127962085308
45,2250,119,-68.0361445783133
45,2251,29,-8.01818181818182
45,2252,-3,-18.4831460674157
45,2253,-208,-7.43127962085308
45,2254,-188,-103.228571428571
45,2255,67,-103.228571428571
45,2256,-5,156.746478873239
45,2257,-43,-7.43127962085308
45,2258,-19,-7.43127962085308
45,2259,-49,-7.43127962085308
45,2260,-15,-1.21739130434783
45,2261,-12,-4.41666666666667
45,2262,-17,-7.43127962085308
45,2263,-7,-7.43127962085308
45,2264,11,-7.43127962085308
45,2265,28,101.289156626506
45,2266,84,49.1953125
45,2267,102,177.650793650794
45,2268,130,83.5217391304348
45,2269,100,-34.1818181818182
45,2270,84,83.5217391304348
45,2271,23,-78.125
45,2272,-54,49.1953125
45,2273,-63,-68.0361445783133
45,2274,51,-68.0361445783133
45,2275,-2,-8.01818181818182
45,2276,-16,-7.43127962085308
45,2277,-108,-7.43127962085308
45,2278,-113,-68.0361445783133
45,2279,-77,-68.0361445783133
45,2280,-63,-68.0361445783133
45,2281,-51,-49.4
45,2282,-41,-49.4
45,2283,-5,-7.43127962085308
45,2284,-19,-7.43127962085308
45,2285,5,-7.43127962085308
45,2286,-2,-7.43127962085308
45,2287,30,-7.43127962085308
45,2288,134,101.289156626506
45,2289,321,208.036144578313
45,2290,139,-55.2
45,2291,-309,-300.742424242424
45,2292,-151,-28.8148148148148
45,2293,26,9.35849056603774
45,2294,89,49.1953125
45,2295,-12,-8.01818181818182
45,2296,-1,-7.43127962085308
45,2297,18,-7.43127962085308
45,2298,166,124.23595505618
45,2299,398,313.191489361702
45,2300,-17,-55.2
45,2301,-287,-211.561403508772
45,2302,-167,-146.728813559322
45,2303,-117,-68.0361445783133
45,2304,-89,-49.4
45,2305,-84,-49.4
45,2306,-58,-68.0361445783133
45,2307,-24,-1.21739130434783
45,2308,-4,-4.41666666666667
45,2309,-5,-4.41666666666667
45,2310,1,-7.43127962085308
45,2311,35,-7.43127962085308
45,2312,170,101.289156626506
45,2313,290,208.036144578313
45,2314,225,-55.2
45,2315,-435,-300.742424242424
45,2316,-55,-133.939393939394
45,2317,-18,9.35849056603774
45,2318,49,-7.43127962085308
45,2319,-32,-8.01818181818182
45,2320,-23,-7.43127962085308
45,2321,34,-7.43127962085308
45,2322,185,124.23595505618
45,2323,433,313.191489361702
45,2324,-24,-55.2
45,2325,-177,-211.561403508772
45,2326,-250,-146.728813559322
45,2327,-116,-103.228571428571
45,2328,-77,-49.4
45,2329,-69,-49.4
45,2330,-85,-68.0361445783133
45,2331,-47,-1.21739130434783
45,2332,-10,-1.21739130434783
45,2333,1,-4.41666666666667
45,2334,-1,-7.43127962085308
45,2335,30,-7.43127962085308
45,2336,162,101.289156626506
45,2337,282,208.036144578313
45,2338,164,-55.2
45,2339,-523,-300.742424242424
45,2340,-74,-133.939393939394
45,2341,13,9.35849056603774
45,2342,75,49.1953125
45,2343,54,-8.01818181818182
45,2344,25,-8.01818181818182
45,2345,54,-18.4831460674157
45,2346,146,134.833333333333
45,2347,392,313.191489361702
45,2348,27,-28.8148148148148
45,2349,-277,-133.939393939394
45,2350,-152,-146.728813559322
45,2351,-134,-68.0361445783133
45,2352,-55,-68.0361445783133
45,2353,-48,-68.0361445783133
45,2354,-73,-68.0361445783133
45,2355,-67,-1.21739130434783
45,2356,-18,-1.21739130434783
45,2357,-2,-7.43127962085308
45,2358,-1,-7.43127962085308
45,2359,32,-7.43127962085308
45,2360,100,101.289156626506
45,2361,346,208.036144578313
45,2362,233,208.036144578313
45,2363,-375,-300.742424242424
45,2364,-120,-133.939393939394
45,2365,72,9.35849056603774
45,2366,27,-8.01818181818182
45,2367,31,-18.4831460674157
45,2368,-101,-18.4831460674157
45,2369,78,-1.21739130434783
45,2370,139,134.833333333333
45,2371,302,313.191489361702
45,2372,20,-28.8148148148148
45,2373,-224,-211.561403508772
45,2374,-177,-146.728813559322
45,2375,-90,-103.228571428571
45,2376,-2,-68.0361445783133
45,2377,-51,-7.43127962085308
45,2378,-98,-68.0361445783133
45,2379,-33,-1.21739130434783
45,2380,-40,124.23595505618
45,2381,-34,-4.41666666666667
45,2382,-32,-7.43127962085308
45,2383,4,-7.43127962085308
45,2384,19,-7.43127962085308
45,2385,48,101.289156626506
45,2386,148,156.746478873239
45,2387,118,208.036144578313
45,2388,74,-231.314285714286
45,2389,156,134.833333333333
45,2390,116,-78.125
45,2391,-26,-28.8148148148148
45,2392,-42,-7.43127962085308
45,2393,-114,-7.43127962085308
45,2394,-398,-68.0361445783133
45,2395,57,-103.228571428571
45,2396,-4,-8.01818181818182
45,2397,48,-7.43127962085308
45,2398,-21,84.5882352941177
45,2399,-13,-7.43127962085308
45,2400,13,-7.43127962085308
45,2401,-61,124.23595505618
45,2402,-9,-49.4
45,2403,0,-7.43127962085308
45,2404,-28,-7.43127962085308
45,2405,-50,-7.43127962085308
45,2406,-18,-68.0361445783133
45,2407,27,-7.43127962085308
45,2408,-20,49.1953125
45,2409,35,-7.43127962085308
45,2410,100,49.1953125
45,2411,129,134.833333333333
45,2412,196,208.036144578313
45,2413,90,-34.1818181818182
45,2414,172,-133.939393939394
45,2415,-28,-34.1818181818182
45,2416,-82,-133.939393939394
45,2417,49,9.35849056603774
45,2418,5,-8.01818181818182
45,2419,-30,-7.43127962085308
45,2420,-111,-7.43127962085308
45,2421,-64,-68.0361445783133
45,2422,-140,-68.0361445783133
45,2423,-150,-68.0361445783133
45,2424,-17,-49.4
45,2425,-97,-7.43127962085308
45,2426,-51,-1.21739130434783
45,2427,-23,-49.4
45,2428,-1,-7.43127962085308
45,2429,-5,-7.43127962085308
45,2430,-7,-7.43127962085308
45,2431,35,-7.43127962085308
45,2432,140,49.1953125
45,2433,267,208.036144578313
45,2434,283,-55.2
45,2435,-369,-300.742424242424
45,2436,-151,-133.939393939394
45,2437,26,-146.728813559322
45,2438,96,-18.4831460674157
45,2439,-9,-8.01818181818182
45,2440,17,-7.43127962085308
45,2441,6,-18.4831460674157
45,2442,142,124.23595505618
45,2443,383,313.191489361702
45,2444,97,-55.2
45,2445,-335,-194.793103448276
45,2446,-243,-146.728813559322
45,2447,-105,-103.228571428571
45,2448,-126,9.35849056603774
45,2449,-66,-68.0361445783133
45,2450,-61,-49.4
45,2451,-22,-1.21739130434783
45,2452,-4,-4.41666666666667
45,2453,2,-4.41666666666667
45,2454,1,-7.43127962085308
45,2455,35,-7.43127962085308
45,2456,167,101.289156626506
45,2457,385,208.036144578313
45,2458,154,-55.2
45,2459,-392,-300.742424242424
45,2460,-162,-28.8148148148148
45,2461,51,9.35849056603774
45,2462,69,-8.01818181818182
45,2463,12,-8.01818181818182
45,2464,-73,-18.4831460674157
45,2465,71,-1.21739130434783
45,2466,210,134.833333333333
45,2467,434,313.191489361702
45,2468,-93,-194.793103448276
45,2469,-281,-211.561403508772
45,2470,-135,-146.728813559322
45,2471,-151,-68.0361445783133
45,2472,-94,-68.0361445783133
45,2473,-107,-49.4
45,2474,-60,-68.0361445783133
45,2475,-28,-1.21739130434783
45,2476,-10,-4.41666666666667
45,2477,-4,-7.43127962085308
45,2478,-2,-7.43127962085308
45,2479,43,-7.43127962085308
45,2480,157,101.289156626506
45,2481,352,208.036144578313
45,2482,213,-55.2
45,2483,-442,-300.742424242424
45,2484,-123,-133.939393939394
45,2485,27,9.35849056603774
45,2486,120,-18.4831460674157
45,2487,-29,-8.01818181818182
45,2488,-45,-7.43127962085308
45,2489,40,-1.21739130434783
45,2490,191,124.23595505618
45,2491,416,313.191489361702
45,2492,52,-55.2
45,2493,-342,-211.561403508772
45,2494,-165,-146.728813559322
45,2495,-164,-68.0361445783133
45,2496,-94,-49.4
45,2497,-85,-49.4
45,2498,-70,-68.0361445783133
45,2499,-29,-1.21739130434783
45,2500,-19,-4.41666666666667
45,2501,2,-4.41666666666667
45,2502,-5,-4.41666666666667
45,2503,51,-7.43127962085308
45,2504,138,156.746478873239
45,2505,376,208.036144578313
45,2506,187,-231.314285714286
45,2507,-420,-300.742424242424
45,2508,-126,-133.939393939394
45,2509,42,9.35849056603774
45,2510,43,-18.4831460674157
45,2511,-14,-18.4831460674157
45,2512,-9,-7.43127962085308
45,2513,78,-7.43127962085308
45,2514,139,134.833333333333
45,2515,393,313.191489361702
45,2516,-32,-231.314285714286
45,2517,-178,-211.561403508772
45,2518,-211,-146.728813559322
45,2519,-146,-103.228571428571
45,2520,-66,-49.4
45,2521,-81,-49.4
45,2522,-83,-68.0361445783133
45,2523,-46,-1.21739130434783
45,2524,-11,-1.21739130434783
45,2525,-16,-4.41666666666667
45,2526,-2,-7.43127962085308
45,2527,29,-7.43127962085308
45,2528,111,101.289156626506
45,2529,302,208.036144578313
45,2530,312,208.036144578313
45,2531,-419,-300.742424242424
45,2532,-101,-133.939393939394
45,2533,34,-146.728813559322
45,2534,129,49.1953125
45,2535,-1,-8.01818181818182
45,2536,-37,-7.43127962085308
45,2537,-4,-7.43127962085308
45,2538,196,124.23595505618
45,2539,331,313.191489361702
45,2540,-86,-55.2
45,2541,-229,-211.561403508772
45,2542,-175,-146.728813559322
45,2543,-92,-103.228571428571
45,2544,-83,-49.4
45,2545,-34,-49.4
45,2546,12,-7.43127962085308
45,2547,-98,49.1953125
45,2548,-16,-1.21739130434783
45,2549,-56,-4.41666666666667
45,2550,-31,-49.4
45,2551,10,-7.43127962085308
45,2552,17,101.289156626506
45,2553,40,49.1953125
45,2554,139,49.1953125
45,2555,130,-34.1818181818182
45,2556,100,-28.8148148148148
45,2557,185,134.833333333333
45,2558,79,-78.125
45,2559,-2,-133.939393939394
45,2560,11,-7.43127962085308
45,2561,-61,-18.4831460674157
45,2562,129,-68.0361445783133
45,2563,-54,-8.01818181818182
45,2564,-115,-68.0361445783133
45,2565,-136,-68.0361445783133
45,2566,-148,-68.0361445783133
45,2567,-34,-68.0361445783133
45,2568,-17,-7.43127962085308
45,2569,-50,-7.43127962085308
45,2570,-78,-49.4
45,2571,-34,-1.21739130434783
45,2572,-28,-7.43127962085308
45,2573,-41,-7.43127962085308
45,2574,-40,-7.43127962085308
45,2575,5,-7.43127962085308
45,2576,22,-7.43127962085308
45,2577,36,101.289156626506
45,2578,57,101.289156626506
45,2579,168,84.5882352941177
45,2580,194,134.833333333333
45,2581,69,-133.939393939394
45,2582,97,-133.939393939394
45,2583,38,-78.125
45,2584,-59,-18.4831460674157
45,2585,-78,-68.0361445783133
45,2586,39,-68.0361445783133
45,2587,-26,-18.4831460674157
45,2588,-89,-7.43127962085308
45,2589,-78,-68.0361445783133
45,2590,-79,-68.0361445783133
45,2591,-133,-68.0361445783133
45,2592,-64,-68.0361445783133
45,2593,-33,-49.4
45,2594,-49,-7.43127962085308
45,2595,-24,-68.0361445783133
45,2596,-8,-7.43127962085308
45,2597,-6,-7.43127962085308
45,2598,4,-7.43127962085308
45,2599,34,-7.43127962085308
45,2600,119,101.289156626506
45,2601,328,208.036144578313
45,2602,191,208.036144578313
45,2603,-384,-300.742424242424
45,2604,-97,-133.939393939394
45,2605,50,9.35849056603774
45,2606,43,-8.01818181818182
45,2607,48,-18.4831460674157
45,2608,-11,-145.380952380952
45,2609,6,-7.43127962085308
45,2610,115,124.23595505618
45,2611,389,313.191489361702
45,2612,-68,-8.01818181818182
45,2613,-288,-211.561403508772
45,2614,-146,-146.728813559322
45,2615,-107,-68.0361445783133
45,2616,-104,-68.0361445783133
45,2617,-59,-49.4
45,2618,-57,-49.4
45,2619,-8,-1.21739130434783
45,2620,-1,-4.41666666666667
45,2621,2,-7.43127962085308
45,2622,1,-7.43127962085308
45,2623,41,-7.43127962085308
45,2624,119,101.289156626506
45,2625,189,208.036144578313
45,2626,316,177.650793650794
45,2627,-379,-231.314285714286
45,2628,-133,-133.939393939394
45,2629,-9,-146.728813559322
45,2630,-63,-7.43127962085308
45,2631,26,-49.4
45,2632,29,-18.4831460674157
45,2633,-107,-18.4831460674157
45,2634,105,-1.21739130434783
45,2635,197,313.191489361702
45,2636,-57,-34.1818181818182
45,2637,43,-194.793103448276
45,2638,-34,101.289156626506
45,2639,-83,-7.43127962085308
45,2640,-56,-68.0361445783133
45,2641,-73,-68.0361445783133
45,2642,-52,-49.4
45,2643,-14,-68.0361445783133
45,2644,-9,-7.43127962085308
45,2645,2,-7.43127962085308
45,2646,5,-7.43127962085308
45,2647,46,-7.43127962085308
45,2648,116,101.289156626506
45,2649,373,208.036144578313
45,2650,252,177.650793650794
45,2651,-435,-300.742424242424
45,2652,-170,-133.939393939394
45,2653,55,-103.228571428571
45,2654,66,-8.01818181818182
45,2655,-24,-8.01818181818182
45,2656,-3,-7.43127962085308
45,2657,25,-7.43127962085308
45,2658,155,124.23595505618
45,2659,420,313.191489361702
45,2660,6,-55.2
45,2661,-281,-211.561403508772
45,2662,-202,-146.728813559322
45,2663,-60,-103.228571428571
45,2664,-120,-49.4
45,2665,-106,-49.4
45,2666,-65,-68.0361445783133
45,2667,-40,-1.21739130434783
45,2668,-7,-4.41666666666667
45,2669,-5,-4.41666666666667
45,2670,0,-7.43127962085308
45,2671,50,-7.43127962085308
45,2672,114,156.746478873239
45,2673,364,208.036144578313
45,2674,256,208.036144578313
45,2675,-435,-300.742424242424
45,2676,-165,-133.939393939394
45,2677,53,9.35849056603774
45,2678,47,-8.01818181818182
45,2679,46,-8.01818181818182
45,2680,-38,-18.4831460674157
45,2681,-7,-7.43127962085308
45,2682,166,124.23595505618
45,2683,519,313.191489361702
45,2684,-76,-194.793103448276
45,2685,-297,-211.561403508772
45,2686,-186,-146.728813559322
45,2687,-143,-103.228571428571
45,2688,13,-68.0361445783133
45,2689,-133,-18.4831460674157
45,2690,-88,-49.4
45,2691,-17,-1.21739130434783
45,2692,-35,124.23595505618
45,2693,-2,-4.41666666666667
45,2694,-2,-7.43127962085308
45,2695,39,-7.43127962085308
45,2696,116,49.1953125
45,2697,338,208.036144578313
45,2698,254,177.650793650794
45,2699,-374,-300.742424242424
45,2700,-158,-133.939393939394
45,2701,96,9.35849056603774
45,2702,68,-8.01818181818182
45,2703,32,-8.01818181818182
45,2704,-9,-18.4831460674157
45,2705,11,-7.43127962085308
45,2706,144,124.23595505618
45,2707,279,313.191489361702
45,2708,-41,-28.8148148148148
45,2709,-217,-162.407766990291
45,2710,-219,-146.728813559322
45,2711,-57,-103.228571428571
45,2712,-17,-68.0361445783133
45,2713,-109,-7.43127962085308
45,2714,-14,-68.0361445783133
45,2715,-48,-7.43127962085308
45,2716,-41,-1.21739130434783
45,2717,-38,-4.41666666666667
45,2718,-30,-7.43127962085308
45,2719,2,-7.43127962085308
45,2720,24,-7.43127962085308
45,2721,36,101.289156626506
45,2722,141,49.1953125
45,2723,159,208.036144578313
45,2724,97,-55.2
45,2725,152,-28.8148148148148
45,2726,62,40.3571428571429
45,2727,19,-28.8148148148148
45,2728,-53,-18.4831460674157
45,2729,96,-68.0361445783133
45,2730,-70,-93.3076923076923
45,2731,-34,-68.0361445783133
45,2732,-48,-7.43127962085308
45,2733,-191,-68.0361445783133
45,2734,-82,-103.228571428571
45,2735,-64,-68.0361445783133
45,2736,-22,-68.0361445783133
45,2737,-68,-7.43127962085308
45,2738,9,-68.0361445783133
45,2739,-38,49.1953125
45,2740,-47,-4.41666666666667
45,2741,-41,-49.4
45,2742,-44,-7.43127962085308
45,2743,-4,-49.4
45,2744,10,-7.43127962085308
45,2745,41,101.289156626506
45,2746,118,49.1953125
45,2747,101,208.036144578313
45,2748,213,134.833333333333
45,2749,81,134.833333333333
45,2750,206,-133.939393939394
45,2751,-74,-78.125
45,2752,-36,-133.939393939394
45,2753,-26,-7.43127962085308
45,2754,51,-7.43127962085308
45,2755,32,-8.01818181818182
45,2756,-183,-18.4831460674157
45,2757,-127,-103.228571428571
45,2758,-161,-68.0361445783133
45,2759,-56,-68.0361445783133
45,2760,-58,-49.4
45,2761,-38,-49.4
45,2762,-36,-7.43127962085308
45,2763,-46,-4.41666666666667
45,2764,-10,-1.21739130434783
45,2765,-3,-7.43127962085308
45,2766,3,-7.43127962085308
45,2767,29,-7.43127962085308
45,2768,131,101.289156626506
45,2769,362,208.036144578313
45,2770,220,-55.2
45,2771,-422,-300.742424242424
45,2772,-130,-133.939393939394
45,2773,40,9.35849056603774
45,2774,104,49.1953125
45,2775,-14,-8.01818181818182
45,2776,-25,-7.43127962085308
45,2777,-3,-7.43127962085308
45,2778,216,124.23595505618
45,2779,382,313.191489361702
45,2780,-45,-55.2
45,2781,-263,-211.561403508772
45,2782,-158,-146.728813559322
45,2783,-176,-68.0361445783133
45,2784,-84,-103.228571428571
45,2785,-78,-49.4
45,2786,-30,-49.4
45,2787,-51,-7.43127962085308
45,2788,1,-1.21739130434783
45,2789,-9,-7.43127962085308
45,2790,4,-4.41666666666667
45,2791,38,-7.43127962085308
45,2792,147,101.289156626506
45,2793,362,208.036144578313
45,2794,249,-55.2
45,2795,-396,-300.742424242424
45,2796,-239,-133.939393939394
45,2797,48,-103.228571428571
45,2798,84,-8.01818181818182
45,2799,3,-8.01818181818182
45,2800,-12,-7.43127962085308
45,2801,10,-7.43127962085308
45,2802,192,124.23595505618
45,2803,472,313.191489361702
45,2804,-145,-55.2
45,2805,-283,-211.561403508772
45,2806,-114,-146.728813559322
45,2807,-128,-68.0361445783133
45,2808,-109,-49.4
45,2809,-90,-49.4
45,2810,-58,-49.4
45,2811,-11,-1.21739130434783
45,2812,-12,-4.41666666666667
45,2813,-7,-7.43127962085308
45,2814,4,-7.43127962085308
45,2815,22,-7.43127962085308
45,2816,146,101.289156626506
45,2817,350,208.036144578313
45,2818,306,-55.2
45,2819,-504,-300.742424242424
45,2820,-149,-133.939393939394
45,2821,42,-146.728813559322
45,2822,89,49.1953125
45,2823,24,-8.01818181818182
45,2824,-63,-18.4831460674157
45,2825,23,-1.21739130434783
45,2826,168,124.23595505618
45,2827,485,313.191489361702
45,2828,-69,-194.793103448276
45,2829,-257,-211.561403508772
45,2830,-193,-146.728813559322
45,2831,-74,-103.228571428571
45,2832,-145,-68.0361445783133
45,2833,-100,-49.4
45,2834,-50,-68.0361445783133
45,2835,-44,-1.21739130434783
45,2836,-5,-1.21739130434783
45,2837,-9,-4.41666666666667
45,2838,1,-7.43127962085308
45,2839,58,-7.43127962085308
45,2840,103,156.746478873239
45,2841,389,208.036144578313
45,2842,236,208.036144578313
45,2843,-459,-300.742424242424
45,2844,-127,-133.939393939394
45,2845,86,9.35849056603774
45,2846,41,-8.01818181818182
45,2847,-9,-18.4831460674157
45,2848,-68,-7.43127962085308
45,2849,38,-1.21739130434783
45,2850,176,124.23595505618
45,2851,433,313.191489361702
45,2852,-6,-55.2
45,2853,-340,-211.561403508772
45,2854,-102,-146.728813559322
45,2855,-204,-68.0361445783133
45,2856,-206,-103.228571428571
45,2857,-2,-103.228571428571
45,2858,-28,-7.43127962085308
45,2859,-4,-7.43127962085308
45,2860,-3,-4.41666666666667
45,2861,-3,-7.43127962085308
45,2862,5,-4.41666666666667
45,2863,26,124.23595505618
45,2864,100,101.289156626506
45,2865,256,208.036144578313
45,2866,311,33.25
45,2867,-279,-300.742424242424
45,2868,-181,-133.939393939394
45,2869,116,-146.728813559322
45,2870,19,-8.01818181818182
45,2871,30,-18.4831460674157
45,2872,-11,-18.4831460674157
45,2873,-7,-7.43127962085308
45,2874,110,124.23595505618
45,2875,306,253.724137931034
45,2876,-141,-8.01818181818182
45,2877,-159,-211.561403508772
45,2878,-172,-146.728813559322
45,2879,-99,-103.228571428571
45,2880,-17,-68.0361445783133
45,2881,-30,-7.43127962085308
45,2882,-41,-7.43127962085308
45,2883,-48,-7.43127962085308
45,2884,-9,-1.21739130434783
45,2885,-63,-4.41666666666667
45,2886,-15,-49.4
45,2887,1,-7.43127962085308
45,2888,22,-7.43127962085308
45,2889,36,49.1953125
45,2890,138,101.289156626506
45,2891,121,177.650793650794
45,2892,140,-55.2
45,2893,191,-34.1818181818182
45,2894,19,-28.8148148148148
45,2895,4,-133.939393939394
45,2896,64,-7.43127962085308
45,2897,-23,-93.3076923076923
45,2898,-5,-7.43127962085308
45,2899,-10,-7.43127962085308
45,2900,-118,-7.43127962085308
45,2901,-124,-68.0361445783133
45,2902,-155,-68.0361445783133
45,2903,-23,-68.0361445783133
45,2904,-71,-7.43127962085308
45,2905,-25,-68.0361445783133
45,2906,-49,-7.43127962085308
45,2907,-31,-49.4
45,2908,-24,-7.43127962085308
45,2909,-34,-7.43127962085308
45,2910,-51,-7.43127962085308
45,2911,3,-49.4
45,2912,12,-7.43127962085308
45,2913,35,49.1953125
45,2914,87,101.289156626506
45,2915,141,208.036144578313
45,2916,194,134.833333333333
45,2917,112,-28.8148148148148
45,2918,89,-133.939393939394
45,2919,-86,-78.125
45,2920,18,9.35849056603774
45,2921,37,-18.4831460674157
45,2922,-1,-18.4831460674157
45,2923,-73,-7.43127962085308
45,2924,-174,-68.0361445783133
45,2925,-144,-103.228571428571
45,2926,-63,-68.0361445783133
45,2927,-71,-68.0361445783133
45,2928,-32,-49.4
45,2929,-34,-7.43127962085308
45,2930,-12,-7.43127962085308
45,2931,-27,-4.41666666666667
45,2932,-6,-7.43127962085308
45,2933,-5,-7.43127962085308
45,2934,3,-7.43127962085308
45,2935,26,-7.43127962085308
45,2936,119,49.1953125
45,2937,328,177.650793650794
45,2938,301,208.036144578313
45,2939,-444,-300.742424242424
45,2940,-161,-133.939393939394
45,2941,93,-146.728813559322
45,2942,51,-8.01818181818182
45,2943,-18,-8.01818181818182
45,2944,-61,-7.43127962085308
45,2945,85,-1.21739130434783
45,2946,130,134.833333333333
45,2947,397,313.191489361702
45,2948,-243,-145.380952380952
45,2949,-97,-211.561403508772
45,2950,-254,-146.728813559322
45,2951,-44,-103.228571428571
45,2952,-11,-49.4
45,2953,-102,-7.43127962085308
45,2954,-74,-1.21739130434783
45,2955,-20,-68.0361445783133
45,2956,-9,-7.43127962085308
45,2957,3,-4.41666666666667
45,2958,5,-7.43127962085308
45,2959,33,-7.43127962085308
45,2960,136,49.1953125
45,2961,81,208.036144578313
45,2962,-126,-162.407766990291
45,2963,-48,-49.4
45,2964,-41,9.35849056603774
45,2965,54,-7.43127962085308
45,2966,5,-8.01818181818182
45,2967,50,-7.43127962085308
45,2968,9,-145.380952380952
45,2969,46,49.1953125
45,2970,165,101.289156626506
45,2971,341,134.833333333333
45,2972,-28,-194.793103448276
45,2973,-292,-133.939393939394
45,2974,-89,-146.728813559322
45,2975,-17,9.35849056603774
45,2976,-49,-7.43127962085308
45,2977,-142,-49.4
45,2978,-46,-68.0361445783133
45,2979,-33,-1.21739130434783
45,2980,-10,-4.41666666666667
45,2981,-2,-7.43127962085308
45,2982,4,-7.43127962085308
45,2983,23,-7.43127962085308
45,2984,143,101.289156626506
45,2985,338,208.036144578313
45,2986,294,-55.2
45,2987,-447,-300.742424242424
45,2988,-187,-133.939393939394
45,2989,55,-146.728813559322
45,2990,128,-8.01818181818182
45,2991,-79,-8.01818181818182
45,2992,-28,-68.0361445783133
45,2993,68,-7.43127962085308
45,2994,159,134.833333333333
45,2995,439,313.191489361702
45,2996,-107,-231.314285714286
45,2997,-217,-211.561403508772
45,2998,-96,-146.728813559322
45,2999,-288,-68.0361445783133
45,3000,32,-103.228571428571
45,3001,-21,-18.4831460674157
45,3002,-144,-7.43127962085308
45,3003,-51,-1.21739130434783
45,3004,-12,-68.0361445783133
45,3005,-2,-7.43127962085308
45,3006,-1,-4.41666666666667
45,3007,29,-7.43127962085308
45,3008,94,49.1953125
45,3009,258,208.036144578313
45,3010,347,208.036144578313
45,3011,-379,-300.742424242424
45,3012,-182,-133.939393939394
45,3013,37,-146.728813559322
45,3014,74,49.1953125
45,3015,6,-8.01818181818182
45,3016,-27,-7.43127962085308
45,3017,58,-7.43127962085308
45,3018,172,134.833333333333
45,3019,404,313.191489361702
45,3020,-14,-194.793103448276
45,3021,-353,-211.561403508772
45,3022,-93,-146.728813559322
45,3023,-120,-68.0361445783133
45,3024,-89,-49.4
45,3025,-77,-49.4
45,3026,-53,-68.0361445783133
45,3027,-56,-1.21739130434783
45,3028,-35,-68.0361445783133
45,3029,5,-7.43127962085308
45,3030,-5,-7.43127962085308
45,3031,30,-7.43127962085308
45,3032,96,101.289156626506
45,3033,291,208.036144578313
45,3034,357,208.036144578313
45,3035,-401,-300.742424242424
45,3036,-124,-133.939393939394
45,3037,44,-146.728813559322
45,3038,164,49.1953125
45,3039,-44,-8.01818181818182
45,3040,-24,-162.407766990291
45,3041,70,-7.43127962085308
45,3042,164,134.833333333333
45,3043,266,313.191489361702
45,3044,-139,-231.314285714286
45,3045,-261,-162.407766990291
45,3046,-128,-103.228571428571
45,3047,-105,-68.0361445783133
45,3048,-3,-49.4
45,3049,-93,-7.43127962085308
45,3050,20,-1.21739130434783
45,3051,-50,49.1953125
45,3052,-66,-1.21739130434783
45,3053,-19,-49.4
45,3054,-45,-7.43127962085308
45,3055,-1,-49.4
45,3056,20,-7.43127962085308
45,3057,54,101.289156626506
45,3058,122,156.746478873239
45,3059,189,208.036144578313
45,3060,144,-34.1818181818182
45,3061,108,-133.939393939394
45,3062,96,-28.8148148148148
45,3063,-33,-78.125
45,3064,-134,-7.43127962085308
45,3065,44,-68.0361445783133
45,3066,39,-18.4831460674157
45,3067,-49,-18.4831460674157
45,3068,-115,-68.0361445783133
45,3069,-154,-68.0361445783133
45,3070,-94,-1.21739130434783
45,3071,-32,-68.0361445783133
45,3072,-30,-7.43127962085308
45,3073,-6,-7.43127962085308
45,3074,-52,-7.43127962085308
45,3075,-18,-1.21739130434783
45,3076,-35,-7.43127962085308
45,3077,-52,-7.43127962085308
45,3078,-11,-49.4
45,3079,-1,-7.43127962085308
45,3080,13,-7.43127962085308
45,3081,12,49.1953125
45,3082,27,101.289156626506
45,3083,24,49.1953125
45,3084,99,49.1953125
45,3085,151,83.5217391304348
45,3086,56,33.25
45,3087,-72,-28.8148148148148
45,3088,-6,9.35849056603774
45,3089,-8,-7.43127962085308
45,3090,27,-7.43127962085308
45,3091,-176,-18.4831460674157
45,3092,-51,-103.228571428571
45,3093,8,-68.0361445783133
45,3094,2,-7.43127962085308
45,3095,-3,-7.43127962085308
45,3096,-34,-7.43127962085308
45,3097,1,-7.43127962085308
45,3098,-29,124.23595505618
45,3099,-14,-7.43127962085308
45,3100,-22,-7.43127962085308
45,3101,-5,-7.43127962085308
45,3102,-3,-7.43127962085308
45,3103,12,-7.43127962085308
45,3104,40,49.1953125
45,3105,95,49.1953125
45,3106,243,177.650793650794
45,3107,-65,-34.1818181818182
45,3108,-34,-133.939393939394
45,3109,10,-7.43127962085308
45,3110,33,49.1953125
45,3111,64,-18.4831460674157
45,3112,15,-8.01818181818182
45,3113,-50,-18.4831460674157
45,3114,7,-68.0361445783133
45,3115,120,-7.43127962085308
45,3116,-41,-8.01818181818182
45,3117,-85,-7.43127962085308
45,3118,-144,-49.4
45,3119,-76,-68.0361445783133
45,3120,-44,-68.0361445783133
45,3121,-38,-68.0361445783133
45,3122,-38,-7.43127962085308
45,3123,-18,-7.43127962085308
45,3124,-6,-7.43127962085308
45,3125,-4,-7.43127962085308
45,3126,4,-7.43127962085308
45,3127,12,-7.43127962085308
45,3128,124,101.289156626506
45,3129,219,208.036144578313
45,3130,351,177.650793650794
45,3131,-331,-300.742424242424
45,3132,-218,-133.939393939394
45,3133,29,-146.728813559322
45,3134,67,49.1953125
45,3135,-22,-8.01818181818182
45,3136,6,-7.43127962085308
45,3137,10,-7.43127962085308
45,3138,170,124.23595505618
45,3139,382,313.191489361702
45,3140,-22,-55.2
45,3141,-270,-194.793103448276
45,3142,-154,-146.728813559322
45,3143,-135,-68.0361445783133
45,3144,-63,-49.4
45,3145,-78,-49.4
45,3146,-51,-49.4
45,3147,-25,-1.21739130434783
45,3148,0,-4.41666666666667
45,3149,-2,-7.43127962085308
45,3150,0,-7.43127962085308
45,3151,34,-7.43127962085308
45,3152,135,101.289156626506
45,3153,332,208.036144578313
45,3154,332,-55.2
45,3155,-473,-300.742424242424
45,3156,-149,-133.939393939394
45,3157,74,-146.728813559322
45,3158,99,-8.01818181818182
45,3159,-93,-8.01818181818182
45,3160,-26,-68.0361445783133
45,3161,48,-7.43127962085308
45,3162,247,134.833333333333
45,3163,382,313.191489361702
45,3164,-104,-300.742424242424
45,3165,-278,-211.561403508772
45,3166,-174,-146.728813559322
45,3167,-123,-103.228571428571
45,3168,-72,-49.4
45,3169,-61,-49.4
45,3170,-94,-1.21739130434783
45,3171,-31,-1.21739130434783
45,3172,0,-4.41666666666667
45,3173,-8,-4.41666666666667
45,3174,7,-7.43127962085308
45,3175,32,-7.43127962085308
45,3176,117,101.289156626506
45,3177,319,208.036144578313
45,3178,320,208.036144578313
45,3179,-443,-133.939393939394
45,3180,-151,-133.939393939394
45,3181,47,-146.728813559322
45,3182,75,-8.01818181818182
45,3183,-35,-8.01818181818182
45,3184,57,-7.43127962085308
45,3185,112,-145.380952380952
45,3186,21,134.833333333333
45,3187,346,101.289156626506
45,3188,-135,-145.380952380952
45,3189,51,-133.939393939394
45,3190,-328,134.833333333333
45,3191,-155,-103.228571428571
45,3192,-83,-49.4
45,3193,9,-68.0361445783133
45,3194,-118,-18.4831460674157
45,3195,-31,-68.0361445783133
45,3196,-21,-7.43127962085308
45,3197,-10,124.23595505618
45,3198,2,-7.43127962085308
45,3199,27,-7.43127962085308
45,3200,108,101.289156626506
45,3201,249,208.036144578313
45,3202,353,208.036144578313
45,3203,-345,-300.742424242424
45,3204,-125,-133.939393939394
45,3205,38,-146.728813559322
45,3206,74,49.1953125
45,3207,-6,-8.01818181818182
45,3208,-10,-7.43127962085308
45,3209,84,-7.43127962085308
45,3210,65,134.833333333333
45,3211,317,313.191489361702
45,3212,-195,-145.380952380952
45,3213,-149,-211.561403508772
45,3214,-185,-146.728813559322
45,3215,-118,-103.228571428571
45,3216,-30,-49.4
45,3217,-60,-7.43127962085308
45,3218,149,-1.21739130434783
45,3219,-103,208.036144578313
45,3220,-79,-162.407766990291
45,3221,-52,-49.4
45,3222,-4,9.35849056603774
45,3223,0,-7.43127962085308
45,3224,17,-7.43127962085308
45,3225,42,-18.4831460674157
45,3226,104,49.1953125
45,3227,92,208.036144578313
45,3228,81,134.833333333333
45,3229,180,40.3571428571429
45,3230,46,40.3571428571429
45,3231,97,-133.939393939394
45,3232,-73,-78.125
45,3233,18,-68.0361445783133
45,3234,22,-18.4831460674157
45,3235,-109,-18.4831460674157
45,3236,-55,-68.0361445783133
45,3237,-141,-68.0361445783133
45,3238,-77,-68.0361445783133
45,3239,-51,-68.0361445783133
45,3240,-15,-68.0361445783133
45,3241,-64,-7.43127962085308
45,3242,-14,-68.0361445783133
45,3243,1,-7.43127962085308
45,3244,-46,-7.43127962085308
45,3245,-38,-49.4
45,3246,-16,-7.43127962085308
45,3247,-1,-7.43127962085308
45,3248,13,-7.43127962085308
45,3249,27,101.289156626506
45,3250,81,49.1953125
45,3251,91,208.036144578313
45,3252,205,134.833333333333
45,3253,66,-34.1818181818182
45,3254,68,-133.939393939394
45,3255,57,-78.125
45,3256,-2,-78.125
45,3257,-49,-7.43127962085308
45,3258,13,-68.0361445783133
45,3259,-42,-18.4831460674157
45,3260,-86,-7.43127962085308
45,3261,-117,-68.0361445783133
45,3262,-90,-68.0361445783133
45,3263,-50,-68.0361445783133
45,3264,-71,-68.0361445783133
45,3265,-20,-49.4
45,3266,-57,-7.43127962085308
45,3267,-19,-1.21739130434783
45,3268,-23,-7.43127962085308
45,3269,-2,-7.43127962085308
45,3270,6,-7.43127962085308
45,3271,30,-7.43127962085308
45,3272,107,101.289156626506
45,3273,329,208.036144578313
45,3274,261,177.650793650794
45,3275,-378,-133.939393939394
45,3276,-191,-133.939393939394
45,3277,95,-103.228571428571
45,3278,21,-8.01818181818182
45,3279,-138,-18.4831460674157
45,3280,39,-68.0361445783133
45,3281,75,-18.4831460674157
45,3282,187,134.833333333333
45,3283,319,313.191489361702
45,3284,-174,-231.314285714286
45,3285,-353,-133.939393939394
45,3286,17,-146.728813559322
45,3287,-50,-18.4831460674157
45,3288,-80,-49.4
45,3289,-45,-68.0361445783133
45,3290,-33,-1.21739130434783
45,3291,-35,-4.41666666666667
45,3292,-10,-4.41666666666667
45,3293,-1,-7.43127962085308
45,3294,5,-7.43127962085308
45,3295,45,-7.43127962085308
45,3296,120,101.289156626506
45,3297,353,208.036144578313
45,3298,310,208.036144578313
45,3299,-480,-300.742424242424
45,3300,-133,-133.939393939394
45,3301,6,-146.728813559322
45,3302,97,-7.43127962085308
45,3303,3,-8.01818181818182
45,3304,-20,-7.43127962085308
45,3305,38,-7.43127962085308
45,3306,100,124.23595505618
45,3307,497,313.191489361702
45,3308,-105,178
45,3309,-307,-211.561403508772
45,3310,-99,-146.728813559322
45,3311,-237,-68.0361445783133
45,3312,-14,-103.228571428571
45,3313,18,-7.43127962085308
45,3314,-150,-18.4831460674157
45,3315,-32,-1.21739130434783
45,3316,-1,-4.41666666666667
45,3317,-9,-7.43127962085308
45,3318,-3,-4.41666666666667
45,3319,37,-7.43127962085308
45,3320,137,49.1953125
45,3321,286,208.036144578313
45,3322,353,-55.2
45,3323,-435,-300.742424242424
45,3324,-154,-133.939393939394
45,3325,6,-146.728813559322
45,3326,98,-7.43127962085308
45,3327,-22,-8.01818181818182
45,3328,-40,-7.43127962085308
45,3329,31,-7.43127962085308
45,3330,165,124.23595505618
45,3331,422,313.191489361702
45,3332,-4,-55.2
45,3333,-368,-211.561403508772
45,3334,-102,-146.728813559322
45,3335,-85,-68.0361445783133
45,3336,-114,-49.4
45,3337,-116,-49.4
45,3338,-42,-68.0361445783133
45,3339,-43,-7.43127962085308
45,3340,0,-4.41666666666667
45,3341,-9,-7.43127962085308
45,3342,0,-7.43127962085308
45,3343,37,-7.43127962085308
45,3344,111,101.289156626506
45,3345,355,208.036144578313
45,3346,326,208.036144578313
45,3347,-447,-300.742424242424
45,3348,-169,-133.939393939394
45,3349,50,-146.728813559322
45,3350,109,-8.01818181818182
45,3351,-45,-8.01818181818182
45,3352,-47,-68.0361445783133
45,3353,68,-1.21739130434783
45,3354,97,134.833333333333
45,3355,440,313.191489361702
45,3356,-102,-145.380952380952
45,3357,-275,-211.561403508772
45,3358,-126,-146.728813559322
45,3359,-104,-68.0361445783133
45,3360,-54,-49.4
45,3361,-112,-49.4
45,3362,-61,-68.0361445783133
45,3363,-40,-1.21739130434783
45,3364,-6,-4.41666666666667
45,3365,-5,-7.43127962085308
45,3366,1,-7.43127962085308
45,3367,30,-7.43127962085308
45,3368,95,101.289156626506
45,3369,23,208.036144578313
45,3370,313,101.289156626506
45,3371,-78,-34.1818181818182
45,3372,-165,-133.939393939394
45,3373,28,-146.728813559322
45,3374,80,49.1953125
45,3375,43,-8.01818181818182
45,3376,-10,49.1953125
45,3377,30,-7.43127962085308
45,3378,170,49.1953125
45,3379,-140,134.833333333333
45,3380,-192,-194.793103448276
45,3381,-1,-103.228571428571
45,3382,-3,-7.43127962085308
45,3383,-23,-7.43127962085308
45,3384,-16,-7.43127962085308
45,3385,-59,-7.43127962085308
45,3386,-8,-1.21739130434783
45,3387,-28,-4.41666666666667
45,3388,-17,-7.43127962085308
45,3389,-49,-7.43127962085308
45,3390,-11,-49.4
45,3391,-5,-7.43127962085308
45,3392,18,-7.43127962085308
45,3393,34,101.289156626506
45,3394,128,49.1953125
45,3395,170,177.650793650794
45,3396,60,134.833333333333
45,3397,189,-133.939393939394
45,3398,91,40.3571428571429
45,3399,11,-133.939393939394
45,3400,-3,-18.4831460674157
45,3401,0,-7.43127962085308
45,3402,-20,-7.43127962085308
45,3403,40,-7.43127962085308
45,3404,-210,-18.4831460674157
45,3405,-176,-103.228571428571
45,3406,-86,-103.228571428571
45,3407,37,-68.0361445783133
45,3408,-94,49.1953125
45,3409,-39,-49.4
45,3410,-9,-7.43127962085308
45,3411,-37,124.23595505618
45,3412,15,-4.41666666666667
45,3413,-91,101.289156626506
45,3414,-20,-49.4
45,3415,-11,-7.43127962085308
45,3416,16,-7.43127962085308
45,3417,30,101.289156626506
45,3418,87,49.1953125
45,3419,126,-93.3076923076923
45,3420,174,134.833333333333
45,3421,104,-34.1818181818182
45,3422,128,-133.939393939394
45,3423,-49,-78.125
45,3424,14,9.35849056603774
45,3425,-17,-18.4831460674157
45,3426,-32,-7.43127962085308
45,3427,-100,-7.43127962085308
45,3428,-78,-68.0361445783133
45,3429,-147,-68.0361445783133
45,3430,-71,-68.0361445783133
45,3431,-29,-68.0361445783133
45,3432,-53,-7.43127962085308
45,3433,-47,-68.0361445783133
45,3434,-35,-49.4
45,3435,-20,-7.43127962085308
45,3436,-6,-7.43127962085308
45,3437,1,-7.43127962085308
45,3438,1,-7.43127962085308
45,3439,39,-7.43127962085308
45,3440,98,101.289156626506
45,3441,308,208.036144578313
45,3442,276,177.650793650794
45,3443,-368,-300.742424242424
45,3444,-148,-133.939393939394
45,3445,-1,-146.728813559322
45,3446,72,-7.43127962085308
45,3447,32,-8.01818181818182
45,3448,-33,-18.4831460674157
45,3449,14,-7.43127962085308
45,3450,228,124.23595505618
45,3451,398,313.191489361702
45,3452,-136,-194.793103448276
45,3453,-272,-211.561403508772
45,3454,-111,-146.728813559322
45,3455,-229,-68.0361445783133
45,3456,9,-103.228571428571
45,3457,-20,-18.4831460674157
45,3458,-126,-7.43127962085308
45,3459,-20,-1.21739130434783
45,3460,-10,124.23595505618
45,3461,-6,-7.43127962085308
45,3462,6,-4.41666666666667
45,3463,43,-7.43127962085308
45,3464,108,49.1953125
45,3465,373,208.036144578313
45,3466,230,177.650793650794
45,3467,-427,-133.939393939394
45,3468,-113,-133.939393939394
45,3469,32,9.35849056603774
45,3470,125,-18.4831460674157
45,3471,-75,-8.01818181818182
45,3472,-7,-68.0361445783133
45,3473,50,-7.43127962085308
45,3474,195,134.833333333333
45,3475,397,313.191489361702
45,3476,-112,-231.314285714286
45,3477,-344,-211.561403508772
45,3478,-103,-146.728813559322
45,3479,-84,-68.0361445783133
45,3480,-101,-49.4
45,3481,-83,-49.4
45,3482,-65,-1.21739130434783
45,3483,-19,-1.21739130434783
45,3484,-21,-4.41666666666667
45,3485,-2,-7.43127962085308
45,3486,2,-7.43127962085308
45,3487,47,-7.43127962085308
45,3488,120,156.746478873239
45,3489,353,208.036144578313
45,3490,275,177.650793650794
45,3491,-428,-300.742424242424
45,3492,-202,-133.939393939394
45,3493,65,-146.728813559322
45,3494,80,-8.01818181818182
45,3495,-10,-8.01818181818182
45,3496,-5,-7.43127962085308
45,3497,7,-7.43127962085308
45,3498,224,124.23595505618
45,3499,431,313.191489361702
45,3500,-105,-55.2
45,3501,-286,-211.561403508772
45,3502,-131,-146.728813559322
45,3503,-128,-68.0361445783133
45,3504,-75,-49.4
45,3505,-115,-49.4
45,3506,-47,-49.4
45,3507,-48,-1.21739130434783
45,3508,-10,-1.21739130434783
45,3509,-10,-7.43127962085308
45,3510,-3,-7.43127962085308
45,3511,50,-7.43127962085308
45,3512,116,156.746478873239
45,3513,324,208.036144578313
45,3514,284,208.036144578313
45,3515,-436,-300.742424242424
45,3516,-118,-133.939393939394
45,3517,13,-146.728813559322
45,3518,81,-18.4831460674157
45,3519,-6,-8.01818181818182
45,3520,-28,-7.43127962085308
45,3521,20,-7.43127962085308
45,3522,194,124.23595505618
45,3523,387,313.191489361702
45,3524,-77,-55.2
45,3525,-267,-211.561403508772
45,3526,-195,-146.728813559322
45,3527,-76,-103.228571428571
45,3528,-64,-49.4
45,3529,-72,-49.4
45,3530,-64,-68.0361445783133
45,3531,-35,-1.21739130434783
45,3532,-17,-4.41666666666667
45,3533,-6,-4.41666666666667
45,3534,-8,-7.43127962085308
45,3535,45,-7.43127962085308
45,3536,94,101.289156626506
45,3537,277,208.036144578313
45,3538,313,208.036144578313
45,3539,-331,-300.742424242424
45,3540,-206,-133.939393939394
45,3541,93,-146.728813559322
45,3542,102,-8.01818181818182
45,3543,-55,-8.01818181818182
45,3544,14,-68.0361445783133
45,3545,97,-18.4831460674157
45,3546,134,134.833333333333
45,3547,235,313.191489361702
45,3548,-152,-231.314285714286
45,3549,-194,-133.939393939394
45,3550,-160,-103.228571428571
45,3551,-19,-68.0361445783133
45,3552,-75,-7.43127962085308
45,3553,-39,-68.0361445783133
45,3554,-36,-7.43127962085308
45,3555,4,-7.43127962085308
45,3556,-56,-4.41666666666667
45,3557,-64,-49.4
45,3558,-13,-49.4
45,3559,-4,-7.43127962085308
45,3560,22,-7.43127962085308
45,3561,55,101.289156626506
45,3562,127,178
45,3563,115,208.036144578313
45,3564,151,134.833333333333
45,3565,106,-34.1818181818182
45,3566,83,-28.8148148148148
45,3567,92,-78.125
45,3568,-10,-78.125
45,3569,-39,-7.43127962085308
45,3570,-99,-7.43127962085308
45,3571,6,-68.0361445783133
45,3572,-162,-7.43127962085308
45,3573,-156,-68.0361445783133
45,3574,-4,-68.0361445783133
45,3575,-87,-7.43127962085308
45,3576,-52,-68.0361445783133
45,3577,10,-49.4
45,3578,-50,101.289156626506
45,3579,16,-49.4
45,3580,-17,101.289156626506
45,3581,-37,-7.43127962085308
45,3582,-59,-7.43127962085308
45,3583,8,-49.4
45,3584,11,-7.43127962085308
45,3585,26,49.1953125
45,3586,108,101.289156626506
45,3587,157,83.5217391304348
45,3588,104,134.833333333333
45,3589,28,-28.8148148148148
45,3590,29,101.289156626506
45,3591,-100,49.1953125
45,3592,11,9.35849056603774
45,3593,-101,-18.4831460674157
45,3594,-8,-68.0361445783133
45,3595,-68,-7.43127962085308
45,3596,-71,-68.0361445783133
45,3597,-100,-68.0361445783133
45,3598,1,-68.0361445783133
45,3599,-9,-7.43127962085308
45,3600,-9,-7.43127962085308
45,3601,-23,-7.43127962085308
45,3602,8,-7.43127962085308
45,3603,94,-7.43127962085308
45,3604,10,208.036144578313
45,3605,-2,101.289156626506
45,3606,-26,-7.43127962085308
45,3607,26,-7.43127962085308
45,3608,19,49.1953125
45,3609,-28,49.1953125
45,3610,-34,-7.43127962085308
45,3611,-17,-7.43127962085308
45,3612,2,-7.43127962085308
45,3613,-27,-7.43127962085308
45,3614,-23,-7.43127962085308
45,3615,-8,-7.43127962085308
45,3616,-1,-7.43127962085308
45,3617,-4,-7.43127962085308
45,3618,2,-7.43127962085308
45,3619,19,-7.43127962085308
45,3620,92,49.1953125
45,3621,221,208.036144578313
45,3622,284,177.650793650794
45,3623,-324,-300.742424242424
45,3624,-129,-133.939393939394
45,3625,21,-146.728813559322
45,3626,52,49.1953125
45,3627,-28,-8.01818181818182
45,3628,11,-7.43127962085308
45,3629,6,-18.4831460674157
45,3630,194,124.23595505618
45,3631,299,313.191489361702
45,3632,-139,-55.2
45,3633,-174,-194.793103448276
45,3634,-142,-146.728813559322
45,3635,-76,-68.0361445783133
45,3636,-27,-49.4
45,3637,-64,-7.43127962085308
45,3638,-41,-49.4
45,3639,-30,-7.43127962085308
45,3640,-10,-4.41666666666667
45,3641,-5,-7.43127962085308
45,3642,-5,-7.43127962085308
45,3643,30,-7.43127962085308
45,3644,108,49.1953125
45,3645,272,208.036144578313
45,3646,260,208.036144578313
45,3647,-349,-300.742424242424
45,3648,-185,-133.939393939394
45,3649,24,-103.228571428571
45,3650,51,49.1953125
45,3651,27,-8.01818181818182
45,3652,-63,-18.4831460674157
45,3653,29,-1.21739130434783
45,3654,130,124.23595505618
45,3655,345,313.191489361702
45,3656,-11,-93.3076923076923
45,3657,-226,-211.561403508772
45,3658,-156,-146.728813559322
45,3659,-29,-68.0361445783133
45,3660,-65,-7.43127962085308
45,3661,-82,-49.4
45,3662,-70,-68.0361445783133
45,3663,-26,-1.21739130434783
45,3664,-14,-4.41666666666667
45,3665,-7,-7.43127962085308
45,3666,4,-7.43127962085308
45,3667,19,-7.43127962085308
45,3668,96,101.289156626506
45,3669,235,208.036144578313
45,3670,330,208.036144578313
45,3671,-305,-300.742424242424
45,3672,-178,-133.939393939394
45,3673,17,-146.728813559322
45,3674,71,49.1953125
45,3675,2,-8.01818181818182
45,3676,-32,-7.43127962085308
45,3677,44,-7.43127962085308
45,3678,115,124.23595505618
45,3679,217,313.191489361702
45,3680,-116,-145.380952380952
45,3681,-148,-162.407766990291
45,3682,-153,-68.0361445783133
45,3683,-65,-68.0361445783133
45,3684,-7,-49.4
45,3685,-30,-7.43127962085308
45,3686,-11,-7.43127962085308
45,3687,-19,-7.43127962085308
45,3688,-43,-7.43127962085308
45,3689,-18,-7.43127962085308
45,3690,-12,-7.43127962085308
45,3691,-7,-7.43127962085308
45,3692,12,-7.43127962085308
45,3693,38,49.1953125
45,3694,83,49.1953125
45,3695,77,208.036144578313
45,3696,109,83.5217391304348
45,3697,12,83.5217391304348
45,3698,54,49.1953125
45,3699,55,-78.125
45,3700,6,-8.01818181818182
45,3701,-7,-7.43127962085308
45,3702,-48,-7.43127962085308
45,3703,10,-68.0361445783133
45,3704,-113,49.1953125
45,3705,-58,-68.0361445783133
45,3706,-58,-68.0361445783133
45,3707,-15,-68.0361445783133
45,3708,-20,-7.43127962085308
45,3709,2,-7.43127962085308
45,3710,-46,-7.43127962085308
45,3711,63,-49.4
45,3712,-128,156.746478873239
45,3713,-26,-49.4
45,3714,-2,-7.43127962085308
45,3715,-4,-7.43127962085308
45,3716,11,-7.43127962085308
45,3717,34,49.1953125
45,3718,99,-18.4831460674157
45,3719,68,208.036144578313
45,3720,143,134.833333333333
45,3721,85,-145.380952380952
45,3722,59,-28.8148148148148
45,3723,-11,-78.125
45,3724,16,-7.43127962085308
45,3725,-60,-18.4831460674157
45,3726,-14,-68.0361445783133
45,3727,-108,-7.43127962085308
45,3728,-90,-68.0361445783133
45,3729,-10,-68.0361445783133
45,3730,-86,-7.43127962085308
45,3731,-54,-68.0361445783133
45,3732,-8,-49.4
45,3733,-26,-7.43127962085308
45,3734,-30,-7.43127962085308
45,3735,-15,-7.43127962085308
45,3736,-2,-7.43127962085308
45,3737,-2,-7.43127962085308
45,3738,12,-7.43127962085308
45,3739,23,101.289156626506
45,3740,100,49.1953125
45,3741,322,208.036144578313
45,3742,187,-34.1818181818182
45,3743,-391,-133.939393939394
45,3744,-115,-133.939393939394
45,3745,8,9.35849056603774
45,3746,94,-7.43127962085308
45,3747,-22,-8.01818181818182
45,3748,-26,-7.43127962085308
45,3749,35,-7.43127962085308
45,3750,129,124.23595505618
45,3751,278,313.191489361702
45,3752,-96,178
45,3753,-170,-162.407766990291
45,3754,-131,-146.728813559322
45,3755,-89,-68.0361445783133
45,3756,-37,-49.4
45,3757,-62,-7.43127962085308
45,3758,-34,-68.0361445783133
45,3759,-11,-7.43127962085308
45,3760,-6,-4.41666666666667
45,3761,2,-7.43127962085308
45,3762,3,-7.43127962085308
45,3763,34,-7.43127962085308
45,3764,108,49.1953125
45,3765,238,208.036144578313
45,3766,201,177.650793650794
45,3767,-225,-300.742424242424
45,3768,-133,-133.939393939394
45,3769,-14,9.35849056603774
45,3770,32,-7.43127962085308
45,3771,30,-18.4831460674157
45,3772,-38,-18.4831460674157
45,3773,32,-7.43127962085308
45,3774,130,124.23595505618
45,3775,225,253.724137931034
45,3776,-130,177.650793650794
45,3777,-126,-162.407766990291
45,3778,-143,9.35849056603774
45,3779,-77,-68.0361445783133
45,3780,2,-68.0361445783133
45,3781,52,-7.43127962085308
45,3782,78,-8.01818181818182
45,3783,-191,208.036144578313
45,3784,-18,-103.228571428571
45,3785,-63,-7.43127962085308
45,3786,-2,-49.4
45,3787,18,-7.43127962085308
45,3788,91,-18.4831460674157
45,3789,201,-8.01818181818182
45,3790,282,208.036144578313
45,3791,-233,-231.314285714286
45,3792,-190,-133.939393939394
45,3793,-31,-146.728813559322
45,3794,65,-7.43127962085308
45,3795,-31,-8.01818181818182
45,3796,-20,-7.43127962085308
45,3797,37,-7.43127962085308
45,3798,75,124.23595505618
45,3799,244,253.724137931034
45,3800,-52,253.724137931034
45,3801,-146,-162.407766990291
45,3802,-63,-49.4
45,3803,-130,-68.0361445783133
45,3804,-66,-49.4
45,3805,-20,-49.4
45,3806,-25,-7.43127962085308
45,3807,-3,-7.43127962085308
45,3808,-6,-7.43127962085308
45,3809,4,-7.43127962085308
45,3810,25,-7.43127962085308
45,3811,89,101.289156626506
45,3812,299,177.650793650794
45,3813,245,208.036144578313
45,3814,-393,-300.742424242424
45,3815,-114,-133.939393939394
45,3816,10,9.35849056603774
45,3817,64,49.1953125
45,3818,-7,-8.01818181818182
45,3819,-46,-7.43127962085308
45,3820,51,-1.21739130434783
45,3821,106,134.833333333333
45,3822,253,313.191489361702
45,3823,-85,-145.380952380952
45,3824,-134,-162.407766990291
45,3825,-128,9.35849056603774
45,3826,-12,-68.0361445783133
45,3827,-72,-7.43127962085308
45,3828,-74,-49.4
45,3829,-32,-68.0361445783133
45,3830,-35,-7.43127962085308
45,3831,-8,-7.43127962085308
45,3832,-3,-7.43127962085308
45,3833,5,-7.43127962085308
45,3834,13,-7.43127962085308
45,3835,104,101.289156626506
45,3836,210,208.036144578313
45,3837,352,208.036144578313
45,3838,-366,-300.742424242424
45,3839,-130,-133.939393939394
45,3840,54,-146.728813559322
45,3841,11,-8.01818181818182
45,3842,37,-18.4831460674157
45,3843,-25,-18.4831460674157
45,3844,82,-7.43127962085308
45,3845,78,134.833333333333
45,3846,220,313.191489361702
45,3847,-158,-78.125
45,3848,-135,-162.407766990291
45,3849,-106,-68.0361445783133
45,3850,-56,-68.0361445783133
45,3851,-36,-68.0361445783133
45,3852,-1,-7.43127962085308
45,3853,-40,-7.43127962085308
45,3854,-46,-7.43127962085308
45,3855,-32,-1.21739130434783
45,3856,-24,-7.43127962085308
45,3857,-14,-7.43127962085308
45,3858,4,-7.43127962085308
45,3859,6,-7.43127962085308
45,3860,55,-7.43127962085308
45,3861,75,156.746478873239
45,3862,113,208.036144578313
45,3863,91,208.036144578313
45,3864,116,83.5217391304348
45,3865,140,-78.125
45,3866,45,-78.125
45,3867,-24,-28.8148148148148
45,3868,-60,-7.43127962085308
45,3869,38,-68.0361445783133
45,3870,-104,-18.4831460674157
45,3871,-142,-68.0361445783133
45,3872,-76,-68.0361445783133
45,3873,-91,-68.0361445783133
45,3874,28,-68.0361445783133
45,3875,-27,49.1953125
45,3876,-47,-7.43127962085308
45,3877,-22,-49.4
45,3878,-16,-7.43127962085308
45,3879,-38,-7.43127962085308
45,3880,-22,-7.43127962085308
45,3881,-37,-7.43127962085308
45,3882,1,-7.43127962085308
45,3883,7,-7.43127962085308
45,3884,49,-7.43127962085308
45,3885,51,156.746478873239
45,3886,154,156.746478873239
45,3887,132,208.036144578313
45,3888,99,-28.8148148148148
45,3889,81,-28.8148148148148
45,3890,101,-78.125
45,3891,-32,-78.125
45,3892,70,-7.43127962085308
45,3893,-71,-78.125
45,3894,-160,-68.0361445783133
45,3895,-88,-68.0361445783133
45,3896,-128,-68.0361445783133
45,3897,-77,-68.0361445783133
45,3898,-29,-68.0361445783133
45,3899,-37,-7.43127962085308
45,3900,-25,-7.43127962085308
45,3901,-60,-7.43127962085308
45,3902,-19,-49.4
45,3903,-10,-7.43127962085308
45,3904,-16,-7.43127962085308
45,3905,0,-7.43127962085308
45,3906,20,-7.43127962085308
45,3907,47,49.1953125
45,3908,193,156.746478873239
45,3909,276,177.650793650794
45,3910,-143,-55.2
45,3911,-131,-133.939393939394
45,3912,101,-146.728813559322
45,3913,52,-8.01818181818182
45,3914,1,-8.01818181818182
45,3915,24,-7.43127962085308
45,3916,-62,-18.4831460674157
45,3917,52,-1.21739130434783
45,3918,162,84.5882352941177
45,3919,-45,-8.01818181818182
45,3920,-198,-194.793103448276
45,3921,-49,-103.228571428571
45,3922,-149,-68.0361445783133
45,3923,-43,-49.4
45,3924,-49,-7.43127962085308
45,3925,-40,-49.4
45,3926,-18,-7.43127962085308
45,3927,6,-4.41666666666667
45,3928,-6,-7.43127962085308
45,3929,4,-7.43127962085308
45,3930,9,-7.43127962085308
45,3931,32,101.289156626506
45,3932,57,101.289156626506
45,3933,104,84.5882352941177
45,3934,-101,33.25
45,3935,-16,-49.4
45,3936,61,-7.43127962085308
45,3937,41,33.25
45,3938,22,49.1953125
45,3939,-15,-18.4831460674157
45,3940,14,-7.43127962085308
45,3941,93,49.1953125
45,3942,298,83.5217391304348
45,3943,-49,-8.01818181818182
45,3944,-203,-211.561403508772
45,3945,-133,-146.728813559322
45,3946,-36,-68.0361445783133
45,3947,-52,-7.43127962085308
45,3948,-51,-49.4
45,3949,-60,-68.0361445783133
45,3950,-12,-1.21739130434783
45,3951,-11,-4.41666666666667
45,3952,4,-7.43127962085308
45,3953,1,-7.43127962085308
45,3954,33,-7.43127962085308
45,3955,107,101.289156626506
45,3956,269,208.036144578313
45,3957,276,177.650793650794
45,3958,-359,-300.742424242424
45,3959,-161,-133.939393939394
45,3960,-20,-146.728813559322
45,3961,89,-7.43127962085308
45,3962,-26,-8.01818181818182
45,3963,-33,-7.43127962085308
45,3964,79,-7.43127962085308
45,3965,61,134.833333333333
45,3966,262,313.191489361702
45,3967,-16,177.650793650794
45,3968,-171,-162.407766990291
45,3969,-129,-103.228571428571
45,3970,-54,-68.0361445783133
45,3971,-40,-49.4
45,3972,-86,-7.43127962085308
45,3973,-53,-68.0361445783133
45,3974,-18,-1.21739130434783
45,3975,-9,-4.41666666666667
45,3976,-5,-7.43127962085308
45,3977,3,-7.43127962085308
45,3978,32,-7.43127962085308
45,3979,110,101.289156626506
45,3980,263,208.036144578313
45,3981,236,177.650793650794
45,3982,-323,-300.742424242424
45,3983,-170,-133.939393939394
45,3984,13,-103.228571428571
45,3985,47,49.1953125
45,3986,4,-8.01818181818182
45,3987,-16,-7.43127962085308
45,3988,16,-7.43127962085308
45,3989,125,124.23595505618
45,3990,221,313.191489361702
45,3991,10,-93.3076923076923
45,3992,-187,-162.407766990291
45,3993,-101,-103.228571428571
45,3994,-61,-68.0361445783133
45,3995,-71,-49.4
45,3996,-28,-49.4
45,3997,-60,-7.43127962085308
45,3998,-44,-1.21739130434783
45,3999,-12,-68.0361445783133
45,4000,-3,-7.43127962085308
45,4001,-1,-7.43127962085308
45,4002,31,-7.43127962085308
45,4003,94,101.289156626506
45,4004,237,208.036144578313
45,4005,344,208.036144578313
45,4006,-360,-300.742424242424
45,4007,-153,-133.939393939394
45,4008,20,-146.728813559322
45,4009,72,49.1953125
45,4010,-12,-8.01818181818182
45,4011,-27,-7.43127962085308
45,4012,16,-7.43127962085308
45,4013,116,124.23595505618
45,4014,197,313.191489361702
45,4015,-75,-93.3076923076923
45,4016,-173,-162.407766990291
45,4017,-105,-103.228571428571
45,4018,-49,-68.0361445783133
45,4019,-16,-49.4
45,4020,-34,-7.43127962085308
45,4021,-22,-7.43127962085308
45,4022,-19,-7.43127962085308
45,4023,-38,-4.41666666666667
45,4024,-28,-7.43127962085308
45,4025,-14,-7.43127962085308
45,4026,4,-7.43127962085308
45,4027,10,-7.43127962085308
45,4028,57,49.1953125
45,4029,90,156.746478873239
45,4030,80,208.036144578313
45,4031,72,134.833333333333
45,4032,103,83.5217391304348
45,4033,53,-78.125
45,4034,49,-78.125
45,4035,30,-78.125
45,4036,-6,-18.4831460674157
45,4037,-80,-7.43127962085308
45,4038,-66,-68.0361445783133
45,4039,-132,-68.0361445783133
45,4040,-18,-68.0361445783133
45,4041,-81,-7.43127962085308
45,4042,-33,-68.0361445783133
45,4043,6,-7.43127962085308
45,4044,-12,-7.43127962085308
45,4045,-4,-7.43127962085308
45,4046,-34,-7.43127962085308
45,4047,-22,-7.43127962085308
45,4048,-27,-7.43127962085308
45,4049,-34,-7.43127962085308
45,4050,0,-7.43127962085308
45,4051,3,-7.43127962085308
45,4052,27,-7.43127962085308
45,4053,77,49.1953125
45,4054,85,208.036144578313
45,4055,125,208.036144578313
45,4056,30,134.833333333333
45,4057,83,49.1953125
45,4058,5,40.3571428571429
45,4059,-19,-7.43127962085308
45,4060,-21,-7.43127962085308
45,4061,-35,-7.43127962085308
45,4062,-92,-7.43127962085308
45,4063,-4,-68.0361445783133
45,4064,-66,-7.43127962085308
45,4065,-81,-68.0361445783133
45,4066,-19,-68.0361445783133
45,4067,-36,-7.43127962085308
45,4068,-15,-7.43127962085308
45,4069,-32,-7.43127962085308
45,4070,-8,-7.43127962085308
45,4071,-14,-7.43127962085308
45,4072,-3,-7.43127962085308
45,4073,10,-7.43127962085308
45,4074,27,49.1953125
45,4075,92,49.1953125
45,4076,255,208.036144578313
45,4077,277,-34.1818181818182
45,4078,-385,-133.939393939394
45,4079,-139,-133.939393939394
45,4080,58,-146.728813559322
45,4081,45,-8.01818181818182
45,4082,9,-18.4831460674157
45,4083,-34,-18.4831460674157
45,4084,40,-7.43127962085308
45,4085,123,124.23595505618
45,4086,239,313.191489361702
45,4087,-39,-145.380952380952
45,4088,-174,-162.407766990291
45,4089,-147,-103.228571428571
45,4090,-56,-68.0361445783133
45,4091,-90,-49.4
45,4092,-39,-49.4
45,4093,-45,-7.43127962085308
45,4094,-16,-1.21739130434783
45,4095,-8,-4.41666666666667
45,4096,-3,-7.43127962085308
45,4097,4,-7.43127962085308
45,4098,28,-7.43127962085308
45,4099,114,101.289156626506
45,4100,270,208.036144578313
45,4101,247,177.650793650794
45,4102,-339,-300.742424242424
45,4103,-150,-133.939393939394
45,4104,29,9.35849056603774
45,4105,108,49.1953125
45,4106,-46,-8.01818181818182
45,4107,-43,-68.0361445783133
45,4108,63,-7.43127962085308
45,4109,108,134.833333333333
45,4110,195,313.191489361702
45,4111,-40,-145.380952380952
45,4112,-166,-162.407766990291
45,4113,-149,-68.0361445783133
45,4114,-78,-68.0361445783133
45,4115,-35,-49.4
45,4116,-39,-7.43127962085308
45,4117,-57,-7.43127962085308
45,4118,-12,-1.21739130434783
45,4119,-6,-4.41666666666667
45,4120,-6,-7.43127962085308
45,4121,8,-7.43127962085308
45,4122,19,-7.43127962085308
45,4123,72,49.1953125
45,4124,172,208.036144578313
45,4125,278,-34.1818181818182
45,4126,-186,-194.793103448276
45,4127,-193,-133.939393939394
45,4128,69,-146.728813559322
45,4129,103,-8.01818181818182
45,4130,21,-8.01818181818182
45,4131,48,-18.4831460674157
45,4132,36,-145.380952380952
45,4133,20,124.23595505618
45,4134,-95,124.23595505618
45,4135,-63,-49.4
45,4136,-68,-49.4
45,4137,-107,-68.0361445783133
45,4138,-31,-68.0361445783133
45,4139,-17,-7.43127962085308
45,4140,-31,-7.43127962085308
45,4141,-11,-7.43127962085308
45,4142,-4,-7.43127962085308
45,4143,-24,-7.43127962085308
45,4144,-12,-7.43127962085308
45,4145,-3,-7.43127962085308
45,4146,5,-7.43127962085308
45,4147,9,-7.43127962085308
45,4148,39,49.1953125
45,4149,41,49.1953125
45,4150,22,49.1953125
45,4151,100,49.1953125
45,4152,13,-145.380952380952
45,4153,30,49.1953125
45,4154,7,49.1953125
45,4155,-49,-7.43127962085308
45,4156,8,-49.4
45,4157,-46,-7.43127962085308
45,4158,-73,-68.0361445783133
45,4159,-39,-68.0361445783133
45,4160,-26,-7.43127962085308
45,4161,8,-7.43127962085308
45,4162,-6,-7.43127962085308
45,4163,-2,-7.43127962085308
45,4164,-8,-7.43127962085308
45,4165,-4,-7.43127962085308
45,4166,-19,-7.43127962085308
45,4167,-8,-7.43127962085308
45,4168,-4,-7.43127962085308
45,4169,3,-7.43127962085308
45,4170,6,-7.43127962085308
45,4171,10,-7.43127962085308
45,4172,57,49.1953125
45,4173,17,156.746478873239
45,4174,18,49.1953125
45,4175,89,49.1953125
45,4176,50,33.25
45,4177,128,33.25
45,4178,45,-78.125
45,4179,11,-18.4831460674157
45,4180,12,49.1953125
45,4181,-90,49.1953125
45,4182,-57,-68.0361445783133
45,4183,-92,-68.0361445783133
45,4184,-54,-68.0361445783133
45,4185,-12,-68.0361445783133
45,4186,-44,-7.43127962085308
45,4187,-19,-68.0361445783133
45,4188,-12,-7.43127962085308
45,4189,-25,-7.43127962085308
45,4190,-22,-7.43127962085308
45,4191,12,-7.43127962085308
45,4192,-21,101.289156626506
45,4193,-8,-7.43127962085308
45,4194,0,-7.43127962085308
45,4195,7,-7.43127962085308
45,4196,15,-7.43127962085308
45,4197,37,49.1953125
45,4198,60,49.1953125
45,4199,20,84.5882352941177
45,4200,44,49.1953125
45,4201,13,49.1953125
45,4202,26,49.1953125
45,4203,-18,49.1953125
45,4204,-9,-7.43127962085308
45,4205,-28,-7.43127962085308
45,4206,-44,-7.43127962085308
45,4207,19,-68.0361445783133
45,4208,-62,49.1953125
45,4209,-25,-68.0361445783133
45,4210,17,-7.43127962085308
45,4211,1,49.1953125
45,4212,-19,-7.43127962085308
45,4213,-23,-7.43127962085308
45,4214,2,-7.43127962085308
45,4215,-8,-7.43127962085308
45,4216,-20,-7.43127962085308
45,4217,-6,-7.43127962085308
45,4218,1,-7.43127962085308
45,4219,8,-7.43127962085308
45,4220,10,-7.43127962085308
45,4221,13,49.1953125
45,4222,62,49.1953125
45,4223,43,83.5217391304348
45,4224,65,49.1953125
45,4225,-2,-145.380952380952
45,4226,-7,-7.43127962085308
45,4227,8,-7.43127962085308
45,4228,42,-7.43127962085308
45,4229,-17,-18.4831460674157
45,4230,-47,-7.43127962085308
45,4231,-40,-68.0361445783133
45,4232,-14,-7.43127962085308
45,4233,-8,-7.43127962085308
45,4234,-55,-7.43127962085308
45,4235,-2,-49.4
45,4236,-21,-7.43127962085308
45,4237,-18,-7.43127962085308
45,4238,-13,-7.43127962085308
45,4239,-5,-7.43127962085308
45,4240,0,-7.43127962085308
45,4241,5,-7.43127962085308
45,4242,31,-7.43127962085308
45,4243,83,49.1953125
45,4244,241,177.650793650794
45,4245,273,177.650793650794
45,4246,-352,-300.742424242424
45,4247,-139,-133.939393939394
45,4248,-17,-146.728813559322
45,4249,80,-7.43127962085308
45,4250,7,-8.01818181818182
45,4251,11,-7.43127962085308
45,4252,2,-18.4831460674157
45,4253,116,124.23595505618
45,4254,207,313.191489361702
45,4255,-32,-34.1818181818182
45,4256,-150,-194.793103448276
45,4257,-94,9.35849056603774
45,4258,-96,-68.0361445783133
45,4259,-77,-49.4
45,4260,-39,-68.0361445783133
45,4261,-39,-7.43127962085308
45,4262,-20,-7.43127962085308
45,4263,-1,-7.43127962085308
45,4264,-1,-7.43127962085308
45,4265,1,-7.43127962085308
45,4266,26,-7.43127962085308
45,4267,69,101.289156626506
45,4268,193,156.746478873239
45,4269,207,177.650793650794
45,4270,-232,-231.314285714286
45,4271,-211,-133.939393939394
45,4272,8,-103.228571428571
45,4273,11,-7.43127962085308
45,4274,1,-18.4831460674157
45,4275,17,-7.43127962085308
45,4276,61,-18.4831460674157
45,4277,102,134.833333333333
45,4278,270,253.724137931034
45,4279,-45,-145.380952380952
45,4280,-132,-133.939393939394
45,4281,-118,-146.728813559322
45,4282,-47,-68.0361445783133
45,4283,-88,-49.4
45,4284,-30,-68.0361445783133
45,4285,-44,-7.43127962085308
45,4286,-11,-1.21739130434783
45,4287,-11,-7.43127962085308
45,4288,2,-7.43127962085308
45,4289,1,-7.43127962085308
45,4290,35,-7.43127962085308
45,4291,97,101.289156626506
45,4292,273,208.036144578313
45,4293,283,177.650793650794
45,4294,-370,-300.742424242424
45,4295,-161,-133.939393939394
45,4296,-15,-146.728813559322
45,4297,62,-7.43127962085308
45,4298,6,-8.01818181818182
45,4299,-38,-7.43127962085308
45,4300,3,-7.43127962085308
45,4301,146,124.23595505618
45,4302,238,313.191489361702
45,4303,-21,-28.8148148148148
45,4304,-155,-162.407766990291
45,4305,-124,9.35849056603774
45,4306,-40,-68.0361445783133
45,4307,-69,-7.43127962085308
45,4308,-76,-49.4
45,4309,-49,-49.4
45,4310,-13,-1.21739130434783
45,4311,-9,-7.43127962085308
45,4312,0,-7.43127962085308
45,4313,35,-7.43127962085308
45,4314,79,101.289156626506
45,4315,241,208.036144578313
45,4316,317,208.036144578313
45,4317,-380,-300.742424242424
45,4318,-121,-133.939393939394
45,4319,-15,-146.728813559322
45,4320,73,-7.43127962085308
45,4321,-12,-8.01818181818182
45,4322,-37,-7.43127962085308
45,4323,33,-7.43127962085308
45,4324,150,124.23595505618
45,4325,191,313.191489361702
45,4326,-24,-55.2
45,4327,-193,-162.407766990291
45,4328,-92,-103.228571428571
45,4329,-44,-68.0361445783133
45,4330,-57,-49.4
45,4331,-21,-49.4
45,4332,-78,-7.43127962085308
45,4333,-33,-1.21739130434783
45,4334,-7,-4.41666666666667
45,4335,-8,-7.43127962085308
45,4336,-1,-7.43127962085308
45,4337,37,-7.43127962085308
45,4338,66,101.289156626506
45,4339,246,156.746478873239
45,4340,377,208.036144578313
45,4341,-399,-300.742424242424
45,4342,-161,-133.939393939394
46,1,43,103.217391304348
46,2,132,19.8
46,3,11,-3.07692307692308
46,4,-32,19.8
46,5,55,2.23493975903614
46,6,-58,-26.7837837837838
46,7,-58,-55.0141843971631
46,8,-74,-55.0141843971631
46,9,42,-55.0141843971631
46,10,-155,-19
46,11,-83,-55.0141843971631
46,12,-88,-55.0141843971631
46,13,10,-55.0141843971631
46,14,-69,72.7037037037037
46,15,-48,-55.0141843971631
46,16,-32,-6.05263157894737
46,17,-39,-21.4391891891892
46,18,-37,-21.4391891891892
46,19,-1,-21.4391891891892
46,20,10,-21.4391891891892
46,21,13,72.7037037037037
46,22,105,72.7037037037037
46,23,160,195.05612244898
46,24,104,140.806818181818
46,25,107,19.8
46,26,173,-3.07692307692308
46,27,2,-3.07692307692308
46,28,-8,-113.275862068966
46,29,-34,2.23493975903614
46,30,18,2.23493975903614
46,31,-84,-19
46,32,-82,-55.0141843971631
46,33,-43,-55.0141843971631
46,34,-139,-55.0141843971631
46,35,-68,-55.0141843971631
46,36,-20,-55.0141843971631
46,37,-118,-21.4391891891892
46,38,-59,-55.0141843971631
46,39,-35,-55.0141843971631
46,40,-3,-21.4391891891892
46,41,-6,-21.4391891891892
46,42,3,2.23493975903614
46,43,27,2.23493975903614
46,44,104,72.7037037037037
46,45,378,233.047619047619
46,46,148,195.05612244898
46,47,-383,-303.71875
46,48,-95,-113.275862068966
46,49,52,-100.740740740741
46,50,43,-26.7837837837838
46,51,-8,-19
46,52,-4,2.23493975903614
46,53,22,2.23493975903614
46,54,156,116.877777777778
46,55,386,313.191489361702
46,56,-12,-16.8461538461538
46,57,-177,-215.448979591837
46,58,-184,-152.714285714286
46,59,-196,-100.740740740741
46,60,-97,6.75
46,61,-82,6.75
46,62,-52,-55.0141843971631
46,63,-14,-6.05263157894737
46,64,-12,-21.4391891891892
46,65,-3,2.23493975903614
46,66,0,-1.30769230769231
46,67,31,2.23493975903614
46,68,148,72.7037037037037
46,69,385,233.047619047619
46,70,141,-230.405940594059
46,71,-375,-303.71875
46,72,-159,-113.275862068966
46,73,51,-100.740740740741
46,74,20,-26.7837837837838
46,75,20,-19
46,76,9,-19
46,77,-4,2.23493975903614
46,78,201,116.877777777778
46,79,377,313.191489361702
46,80,-60,-156.373493975904
46,81,-277,-156.373493975904
46,82,-98,-152.714285714286
46,83,-132,-100.740740740741
46,84,-90,-55.0141843971631
46,85,-80,-55.0141843971631
46,86,-64,-55.0141843971631
46,87,-22,-6.05263157894737
46,88,-16,-1.30769230769231
46,89,-3,-21.4391891891892
46,90,2,-21.4391891891892
46,91,28,2.23493975903614
46,92,134,72.7037037037037
46,93,375,233.047619047619
46,94,121,-230.405940594059
46,95,-365,-303.71875
46,96,-100,3.2
46,97,23,-100.740740740741
46,98,89,39.8297872340426
46,99,-12,-26.7837837837838
46,100,-1,2.23493975903614
46,101,-2,2.23493975903614
46,102,152,116.877777777778
46,103,272,313.191489361702
46,104,58,-16.8461538461538
46,105,-244,-168.673758865248
46,106,-130,-152.714285714286
46,107,-110,-100.740740740741
46,108,-50,-55.0141843971631
46,109,-125,-55.0141843971631
46,110,-64,-55.0141843971631
46,111,-37,-6.05263157894737
46,112,-10,-1.30769230769231
46,113,-7,-21.4391891891892
46,114,1,2.23493975903614
46,115,28,2.23493975903614
46,116,136,72.7037037037037
46,117,356,233.047619047619
46,118,155,-230.405940594059
46,119,-344,-303.71875
46,120,-127,-113.275862068966
46,121,27,-100.740740740741
46,122,99,39.8297872340426
46,123,-21,-26.7837837837838
46,124,-50,2.23493975903614
46,125,68,-6.05263157894737
46,126,133,140.806818181818
46,127,403,313.191489361702
46,128,-56,-230.405940594059
46,129,-211,-215.448979591837
46,130,-124,-152.714285714286
46,131,-165,-100.740740740741
46,132,-85,-55.0141843971631
46,133,-51,-55.0141843971631
46,134,-100,-55.0141843971631
46,135,-48,-6.05263157894737
46,136,-10,-6.05263157894737
46,137,-11,-21.4391891891892
46,138,2,2.23493975903614
46,139,19,2.23493975903614
46,140,110,72.7037037037037
46,141,289,233.047619047619
46,142,272,233.047619047619
46,143,-318,-303.71875
46,144,-133,-156.373493975904
46,145,15,3.2
46,146,105,39.8297872340426
46,147,47,-26.7837837837838
46,148,-43,-26.7837837837838
46,149,24,-6.05263157894737
46,150,126,116.877777777778
46,151,270,313.191489361702
46,152,-70,-26.7837837837838
46,153,-168,-168.673758865248
46,154,-147,-152.714285714286
46,155,-69,-55.0141843971631
46,156,-48,-55.0141843971631
46,157,-76,-55.0141843971631
46,158,-9,-55.0141843971631
46,159,-83,-21.4391891891892
46,160,-34,-6.05263157894737
46,161,-49,-21.4391891891892
46,162,-32,-55.0141843971631
46,163,11,-21.4391891891892
46,164,61,72.7037037037037
46,165,7,171.176870748299
46,166,157,2.23493975903614
46,167,96,7
46,168,126,19.8
46,169,103,7
46,170,-38,-3.07692307692308
46,171,54,2.23493975903614
46,172,8,-3.07692307692308
46,173,-38,2.23493975903614
46,174,-21,2.23493975903614
46,175,-39,-21.4391891891892
46,176,-44,-21.4391891891892
46,177,-91,-55.0141843971631
46,178,3,-55.0141843971631
46,179,-47,-21.4391891891892
46,180,-102,-55.0141843971631
46,181,16,-55.0141843971631
46,182,-72,72.7037037037037
46,183,-42,-55.0141843971631
46,184,-43,-55.0141843971631
46,185,-44,-55.0141843971631
46,186,-19,-6.05263157894737
46,187,3,-21.4391891891892
46,188,17,-21.4391891891892
46,189,32,72.7037037037037
46,190,119,72.7037037037037
46,191,85,233.047619047619
46,192,147,140.806818181818
46,193,86,103.217391304348
46,194,3,19.8
46,195,-10,2.23493975903614
46,196,8,2.23493975903614
46,197,-25,2.23493975903614
46,198,33,2.23493975903614
46,199,13,-19
46,200,-31,-19
46,201,-115,2.23493975903614
46,202,-12,-55.0141843971631
46,203,-110,-21.4391891891892
46,204,-94,-55.0141843971631
46,205,-49,-55.0141843971631
46,206,-69,-55.0141843971631
46,207,-17,-6.05263157894737
46,208,-7,-21.4391891891892
46,209,-11,-21.4391891891892
46,210,1,2.23493975903614
46,211,30,2.23493975903614
46,212,107,72.7037037037037
46,213,359,233.047619047619
46,214,148,195.05612244898
46,215,-335,-303.71875
46,216,-169,-113.275862068966
46,217,55,-100.740740740741
46,218,59,-26.7837837837838
46,219,-13,-26.7837837837838
46,220,11,2.23493975903614
46,221,0,-19
46,222,168,116.877777777778
46,223,373,313.191489361702
46,224,31,-16.8461538461538
46,225,-235,-156.373493975904
46,226,-202,-152.714285714286
46,227,-144,-100.740740740741
46,228,-86,6.75
46,229,-84,-55.0141843971631
46,230,-52,-55.0141843971631
46,231,-12,-6.05263157894737
46,232,-10,-1.30769230769231
46,233,6,-1.30769230769231
46,234,-8,2.23493975903614
46,235,25,2.23493975903614
46,236,107,72.7037037037037
46,237,167,140.806818181818
46,238,310,195.05612244898
46,239,-328,-230.405940594059
46,240,-160,-156.373493975904
46,241,-60,-152.714285714286
46,242,30,-100.740740740741
46,243,-36,-19
46,244,1,2.23493975903614
46,245,56,-21.4391891891892
46,246,123,140.806818181818
46,247,442,313.191489361702
46,248,-28,233.047619047619
46,249,-162,-215.448979591837
46,250,-105,-152.714285714286
46,251,-112,-100.740740740741
46,252,-67,-55.0141843971631
46,253,-118,-55.0141843971631
46,254,-55,-55.0141843971631
46,255,-6,-6.05263157894737
46,256,-24,-21.4391891891892
46,257,4,2.23493975903614
46,258,2,-21.4391891891892
46,259,30,2.23493975903614
46,260,154,72.7037037037037
46,261,311,140.806818181818
46,262,208,-230.405940594059
46,263,-361,-303.71875
46,264,-154,-156.373493975904
46,265,48,-100.740740740741
46,266,88,-26.7837837837838
46,267,-79,-26.7837837837838
46,268,65,-55.0141843971631
46,269,-39,-3.07692307692308
46,270,111,116.877777777778
46,271,465,313.191489361702
46,272,-113,-26.7837837837838
46,273,-73,-156.373493975904
46,274,-223,-152.714285714286
46,275,-52,-100.740740740741
46,276,-158,6.75
46,277,-85,-55.0141843971631
46,278,-105,-6.05263157894737
46,279,-27,-55.0141843971631
46,280,-12,-21.4391891891892
46,281,-4,-1.30769230769231
46,282,1,2.23493975903614
46,283,34,2.23493975903614
46,284,141,187.636363636364
46,285,325,233.047619047619
46,286,213,-230.405940594059
46,287,-362,-303.71875
46,288,-178,-156.373493975904
46,289,49,-100.740740740741
46,290,37,-26.7837837837838
46,291,19,-19
46,292,14,-19
46,293,26,-19
46,294,114,116.877777777778
46,295,429,313.191489361702
46,296,-44,-26.7837837837838
46,297,-244,-156.373493975904
46,298,-144,-152.714285714286
46,299,-98,-100.740740740741
46,300,-95,-55.0141843971631
46,301,-70,-55.0141843971631
46,302,-78,-55.0141843971631
46,303,-43,-6.05263157894737
46,304,-36,-6.05263157894737
46,305,-10,-21.4391891891892
46,306,9,-21.4391891891892
46,307,19,2.23493975903614
46,308,118,72.7037037037037
46,309,279,233.047619047619
46,310,223,140.806818181818
46,311,-287,-156.373493975904
46,312,-150,-156.373493975904
46,313,70,-100.740740740741
46,314,117,-26.7837837837838
46,315,-10,-26.7837837837838
46,316,-17,2.23493975903614
46,317,1,2.23493975903614
46,318,181,116.877777777778
46,319,265,313.191489361702
46,320,-130,-16.8461538461538
46,321,-226,-168.673758865248
46,322,-82,-152.714285714286
46,323,-52,6.75
46,324,-12,-55.0141843971631
46,325,-99,-21.4391891891892
46,326,-85,-6.05263157894737
46,327,-42,-6.05263157894737
46,328,-28,-55.0141843971631
46,329,-40,-21.4391891891892
46,330,-19,-21.4391891891892
46,331,15,-21.4391891891892
46,332,24,72.7037037037037
46,333,31,72.7037037037037
46,334,126,72.7037037037037
46,335,163,140.806818181818
46,336,68,140.806818181818
46,337,131,19.8
46,338,37,-3.07692307692308
46,339,14,19.8
46,340,-44,-19
46,341,10,-55.0141843971631
46,342,-41,-19
46,343,51,-55.0141843971631
46,344,-22,-26.7837837837838
46,345,-110,2.23493975903614
46,346,-109,-55.0141843971631
46,347,-62,-55.0141843971631
46,348,-10,-55.0141843971631
46,349,-97,-21.4391891891892
46,350,-35,-55.0141843971631
46,351,-60,-21.4391891891892
46,352,-14,-6.05263157894737
46,353,-46,-21.4391891891892
46,354,-10,-55.0141843971631
46,355,-1,-21.4391891891892
46,356,6,2.23493975903614
46,357,25,2.23493975903614
46,358,71,72.7037037037037
46,359,155,171.176870748299
46,360,162,140.806818181818
46,361,110,-230.405940594059
46,362,69,19.8
46,363,-1,-3.07692307692308
46,364,-32,2.23493975903614
46,365,-119,2.23493975903614
46,366,117,-55.0141843971631
46,367,13,-26.7837837837838
46,368,-80,-19
46,369,-123,-55.0141843971631
46,370,-88,-55.0141843971631
46,371,-56,-6.05263157894737
46,372,-93,-55.0141843971631
46,373,-45,-55.0141843971631
46,374,-68,-55.0141843971631
46,375,-26,-6.05263157894737
46,376,-5,-21.4391891891892
46,377,-5,-21.4391891891892
46,378,5,2.23493975903614
46,379,14,2.23493975903614
46,380,14,72.7037037037037
46,381,108,72.7037037037037
46,382,329,140.806818181818
46,383,-224,194.05
46,384,-159,-156.373493975904
46,385,30,3.2
46,386,47,-19
46,387,57,-26.7837837837838
46,388,-6,-26.7837837837838
46,389,18,2.23493975903614
46,390,95,116.877777777778
46,391,391,256.245283018868
46,392,-81,-26.7837837837838
46,393,-179,-215.448979591837
46,394,-101,-152.714285714286
46,395,-89,-100.740740740741
46,396,-109,-55.0141843971631
46,397,-90,-55.0141843971631
46,398,-39,-55.0141843971631
46,399,-21,-21.4391891891892
46,400,1,-21.4391891891892
46,401,-7,-21.4391891891892
46,402,2,2.23493975903614
46,403,27,2.23493975903614
46,404,124,72.7037037037037
46,405,319,233.047619047619
46,406,193,195.05612244898
46,407,-345,-303.71875
46,408,-148,-113.275862068966
46,409,50,-100.740740740741
46,410,62,-26.7837837837838
46,411,-20,-26.7837837837838
46,412,-45,2.23493975903614
46,413,32,-6.05263157894737
46,414,75,116.877777777778
46,415,477,313.191489361702
46,416,-16,-26.7837837837838
46,417,-281,-215.448979591837
46,418,-56,-152.714285714286
46,419,-182,-100.740740740741
46,420,15,-55.0141843971631
46,421,-166,-19
46,422,-72,-55.0141843971631
46,423,-26,-6.05263157894737
46,424,-21,-1.30769230769231
46,425,2,-21.4391891891892
46,426,-1,-21.4391891891892
46,427,32,2.23493975903614
46,428,126,72.7037037037037
46,429,299,233.047619047619
46,430,179,195.05612244898
46,431,-327,-303.71875
46,432,-149,-113.275862068966
46,433,21,-100.740740740741
46,434,-8,39.8297872340426
46,435,31,2.23493975903614
46,436,-21,-19
46,437,-11,2.23493975903614
46,438,156,116.877777777778
46,439,356,313.191489361702
46,440,-19,19.8
46,441,-133,-215.448979591837
46,442,-132,3.2
46,443,-63,-100.740740740741
46,444,-87,-55.0141843971631
46,445,-134,-55.0141843971631
46,446,-54,-55.0141843971631
46,447,-51,-6.05263157894737
46,448,0,-6.05263157894737
46,449,-7,-21.4391891891892
46,450,1,2.23493975903614
46,451,28,2.23493975903614
46,452,110,72.7037037037037
46,453,313,233.047619047619
46,454,127,233.047619047619
46,455,-334,-303.71875
46,456,-106,3.2
46,457,11,-100.740740740741
46,458,54,39.8297872340426
46,459,-43,-26.7837837837838
46,460,4,-55.0141843971631
46,461,18,-21.4391891891892
46,462,126,116.877777777778
46,463,295,313.191489361702
46,464,25,-26.7837837837838
46,465,-141,-168.673758865248
46,466,-63,-152.714285714286
46,467,-125,-100.740740740741
46,468,-68,-55.0141843971631
46,469,-97,-55.0141843971631
46,470,-53,-55.0141843971631
46,471,-62,-6.05263157894737
46,472,-19,-55.0141843971631
46,473,-5,-21.4391891891892
46,474,3,-21.4391891891892
46,475,28,2.23493975903614
46,476,84,72.7037037037037
46,477,237,233.047619047619
46,478,254,233.047619047619
46,479,-280,-303.71875
46,480,-148,-156.373493975904
46,481,51,3.2
46,482,18,-26.7837837837838
46,483,46,-19
46,484,-37,-19
46,485,21,2.23493975903614
46,486,96,116.877777777778
46,487,266,256.245283018868
46,488,-141,-26.7837837837838
46,489,-143,-168.673758865248
46,490,-160,-152.714285714286
46,491,15,-55.0141843971631
46,492,-20,39.8297872340426
46,493,-23,2.23493975903614
46,494,-58,-21.4391891891892
46,495,7,-6.05263157894737
46,496,-30,-21.4391891891892
46,497,-51,2.23493975903614
46,498,-23,-55.0141843971631
46,499,-7,-21.4391891891892
46,500,35,-21.4391891891892
46,501,31,72.7037037037037
46,502,89,39.8297872340426
46,503,165,195.05612244898
46,504,162,140.806818181818
46,505,22,19.8
46,506,86,19.8
46,507,-38,-3.07692307692308
46,508,45,2.23493975903614
46,509,-126,-19
46,510,30,-55.0141843971631
46,511,17,-19
46,512,-49,-19
46,513,-56,-55.0141843971631
46,514,-39,-55.0141843971631
46,515,-64,-21.4391891891892
46,516,-43,-55.0141843971631
46,517,-54,-55.0141843971631
46,518,-62,-55.0141843971631
46,519,-36,-55.0141843971631
46,520,-13,-21.4391891891892
46,521,-54,-21.4391891891892
46,522,-47,-55.0141843971631
46,523,-5,-55.0141843971631
46,524,17,-21.4391891891892
46,525,46,72.7037037037037
46,526,70,72.7037037037037
46,527,91,171.176870748299
46,528,220,7
46,529,54,103.217391304348
46,530,50,-156.373493975904
46,531,29,-3.07692307692308
46,532,-34,-19
46,533,-64,2.23493975903614
46,534,-26,-55.0141843971631
46,535,71,-21.4391891891892
46,536,2,-26.7837837837838
46,537,-111,2.23493975903614
46,538,-91,-55.0141843971631
46,539,-79,-55.0141843971631
46,540,-75,-55.0141843971631
46,541,-91,-55.0141843971631
46,542,-19,-55.0141843971631
46,543,-37,-21.4391891891892
46,544,-17,-21.4391891891892
46,545,-9,-21.4391891891892
46,546,-1,-21.4391891891892
46,547,39,2.23493975903614
46,548,115,72.7037037037037
46,549,327,195.05612244898
46,550,123,195.05612244898
46,551,-340,-303.71875
46,552,-84,3.2
46,553,-3,-100.740740740741
46,554,89,-21.4391891891892
46,555,-10,-26.7837837837838
46,556,-9,2.23493975903614
46,557,-18,2.23493975903614
46,558,181,116.877777777778
46,559,419,313.191489361702
46,560,-42,-16.8461538461538
46,561,-209,-215.448979591837
46,562,-107,-152.714285714286
46,563,-144,-100.740740740741
46,564,-144,-55.0141843971631
46,565,-84,-55.0141843971631
46,566,-66,-55.0141843971631
46,567,-7,-6.05263157894737
46,568,-21,-1.30769230769231
46,569,0,2.23493975903614
46,570,1,-21.4391891891892
46,571,29,2.23493975903614
46,572,149,72.7037037037037
46,573,364,233.047619047619
46,574,104,-230.405940594059
46,575,-328,-215.448979591837
46,576,-138,3.2
46,577,45,-100.740740740741
46,578,73,39.8297872340426
46,579,-2,-26.7837837837838
46,580,-39,2.23493975903614
46,581,50,2.23493975903614
46,582,99,140.806818181818
46,583,484,313.191489361702
46,584,-76,-65.8571428571429
46,585,-212,-215.448979591837
46,586,-107,-152.714285714286
46,587,-177,-100.740740740741
46,588,-83,-55.0141843971631
46,589,-114,-55.0141843971631
46,590,-77,-55.0141843971631
46,591,-31,-6.05263157894737
46,592,-9,-1.30769230769231
46,593,-6,-21.4391891891892
46,594,3,2.23493975903614
46,595,25,2.23493975903614
46,596,164,72.7037037037037
46,597,327,233.047619047619
46,598,160,-16.8461538461538
46,599,-405,-303.71875
46,600,-110,-113.275862068966
46,601,37,-100.740740740741
46,602,113,39.8297872340426
46,603,-1,-26.7837837837838
46,604,-51,2.23493975903614
46,605,-21,-6.05263157894737
46,606,143,116.877777777778
46,607,451,313.191489361702
46,608,-39,-16.8461538461538
46,609,-161,-215.448979591837
46,610,-198,-152.714285714286
46,611,-78,-100.740740740741
46,612,-70,6.75
46,613,-138,-55.0141843971631
46,614,-105,-55.0141843971631
46,615,-29,-6.05263157894737
46,616,-12,-21.4391891891892
46,617,-6,-1.30769230769231
46,618,4,2.23493975903614
46,619,36,2.23493975903614
46,620,146,72.7037037037037
46,621,315,233.047619047619
46,622,109,-230.405940594059
46,623,-266,-215.448979591837
46,624,-167,3.2
46,625,27,-100.740740740741
46,626,65,-19
46,627,-40,-26.7837837837838
46,628,18,2.23493975903614
46,629,-35,-19
46,630,168,116.877777777778
46,631,318,256.245283018868
46,632,-8,-16.8461538461538
46,633,-126,-156.373493975904
46,634,-101,-152.714285714286
46,635,-72,-100.740740740741
46,636,-124,-55.0141843971631
46,637,-103,-55.0141843971631
46,638,-57,-55.0141843971631
46,639,-72,-6.05263157894737
46,640,-24,-6.05263157894737
46,641,-10,-21.4391891891892
46,642,2,-21.4391891891892
46,643,35,2.23493975903614
46,644,118,72.7037037037037
46,645,217,233.047619047619
46,646,244,233.047619047619
46,647,-324,-303.71875
46,648,-129,-156.373493975904
46,649,17,3.2
46,650,38,39.8297872340426
46,651,13,-19
46,652,-6,-19
46,653,-3,2.23493975903614
46,654,121,116.877777777778
46,655,188,313.191489361702
46,656,-75,-26.7837837837838
46,657,-101,-168.673758865248
46,658,-55,-55.0141843971631
46,659,-72,-55.0141843971631
46,660,-73,-55.0141843971631
46,661,-115,-55.0141843971631
46,662,21,-55.0141843971631
46,663,-11,72.7037037037037
46,664,3,2.23493975903614
46,665,-38,2.23493975903614
46,666,-5,2.23493975903614
46,667,-8,-21.4391891891892
46,668,32,2.23493975903614
46,669,50,39.8297872340426
46,670,102,171.176870748299
46,671,81,194.05
46,672,129,103.217391304348
46,673,48,-3.07692307692308
46,674,19,103.217391304348
46,675,-43,39.8297872340426
46,676,-19,-55.0141843971631
46,677,-5,-21.4391891891892
46,678,-31,-21.4391891891892
46,679,-11,2.23493975903614
46,680,-23,-21.4391891891892
46,681,35,2.23493975903614
46,682,-82,72.7037037037037
46,683,-79,-55.0141843971631
46,684,-41,-55.0141843971631
46,685,-20,-55.0141843971631
46,686,-3,-21.4391891891892
46,687,-56,-21.4391891891892
46,688,-3,-55.0141843971631
46,689,-57,-21.4391891891892
46,690,-29,-55.0141843971631
46,691,6,-21.4391891891892
46,692,17,-21.4391891891892
46,693,23,72.7037037037037
46,694,92,72.7037037037037
46,695,77,194.05
46,696,147,140.806818181818
46,697,11,103.217391304348
46,698,56,19.8
46,699,-13,-3.07692307692308
46,700,24,2.23493975903614
46,701,-99,-19
46,702,-32,-55.0141843971631
46,703,100,-21.4391891891892
46,704,-43,-26.7837837837838
46,705,12,-55.0141843971631
46,706,-50,72.7037037037037
46,707,-74,-6.05263157894737
46,708,-107,-55.0141843971631
46,709,-41,-55.0141843971631
46,710,-67,-55.0141843971631
46,711,-26,-55.0141843971631
46,712,-2,-21.4391891891892
46,713,-10,-21.4391891891892
46,714,7,2.23493975903614
46,715,28,2.23493975903614
46,716,96,72.7037037037037
46,717,262,233.047619047619
46,718,170,140.806818181818
46,719,-273,-303.71875
46,720,-121,-113.275862068966
46,721,27,6.75
46,722,56,-19
46,723,-21,-26.7837837837838
46,724,-6,2.23493975903614
46,725,4,-21.4391891891892
46,726,131,116.877777777778
46,727,382,256.245283018868
46,728,-17,-16.8461538461538
46,729,-149,-215.448979591837
46,730,-186,-152.714285714286
46,731,-137,-100.740740740741
46,732,-70,6.75
46,733,-86,-55.0141843971631
46,734,-49,-55.0141843971631
46,735,-39,-6.05263157894737
46,736,-4,-21.4391891891892
46,737,-8,-21.4391891891892
46,738,4,2.23493975903614
46,739,29,2.23493975903614
46,740,119,72.7037037037037
46,741,329,233.047619047619
46,742,163,140.806818181818
46,743,-374,-303.71875
46,744,-63,-113.275862068966
46,745,8,-100.740740740741
46,746,55,-21.4391891891892
46,747,11,-26.7837837837838
46,748,27,-19
46,749,91,-19
46,750,126,140.806818181818
46,751,195,313.191489361702
46,752,-95,-65.8571428571429
46,753,-130,-113.275862068966
46,754,-121,-55.0141843971631
46,755,-180,-55.0141843971631
46,756,-19,-55.0141843971631
46,757,-6,-21.4391891891892
46,758,-12,-21.4391891891892
46,759,-36,2.23493975903614
46,760,-30,2.23493975903614
46,761,-61,-21.4391891891892
46,762,-16,-55.0141843971631
46,763,3,-21.4391891891892
46,764,13,-21.4391891891892
46,765,40,72.7037037037037
46,766,81,72.7037037037037
46,767,140,171.176870748299
46,768,154,7
46,769,38,19.8
46,770,9,19.8
46,771,5,2.23493975903614
46,772,48,2.23493975903614
46,773,-93,-26.7837837837838
46,774,-65,-55.0141843971631
46,775,25,-55.0141843971631
46,776,16,-19
46,777,2,-19
46,778,119,2.23493975903614
46,779,33,-26.7837837837838
46,780,-82,72.7037037037037
46,781,-319,-55.0141843971631
46,782,-95,-55.0141843971631
46,783,-58,6.75
46,784,-12,-55.0141843971631
46,785,-11,-21.4391891891892
46,786,0,2.23493975903614
46,787,22,2.23493975903614
46,788,104,-1.30769230769231
46,789,210,313.191489361702
46,790,207,233.047619047619
46,791,-257,-303.71875
46,792,-107,-156.373493975904
46,793,58,6.75
46,794,32,-26.7837837837838
46,795,34,-19
46,796,-69,-19
46,797,13,-6.05263157894737
46,798,179,116.877777777778
46,799,256,256.245283018868
46,800,-82,19.8
46,801,-104,-168.673758865248
46,802,-182,-152.714285714286
46,803,2,-55.0141843971631
46,804,-98,-21.4391891891892
46,805,-94,-55.0141843971631
46,806,-29,-55.0141843971631
46,807,-73,-21.4391891891892
46,808,-12,-6.05263157894737
46,809,-10,-21.4391891891892
46,810,-1,2.23493975903614
46,811,29,2.23493975903614
46,812,96,72.7037037037037
46,813,222,195.05612244898
46,814,232,233.047619047619
46,815,-281,-303.71875
46,816,-94,-156.373493975904
46,817,23,6.75
46,818,98,39.8297872340426
46,819,-38,-26.7837837837838
46,820,-18,2.23493975903614
46,821,10,-21.4391891891892
46,822,84,116.877777777778
46,823,207,256.245283018868
46,824,-16,-26.7837837837838
46,825,-142,-168.673758865248
46,826,-82,-55.0141843971631
46,827,-36,-55.0141843971631
46,828,-12,-21.4391891891892
46,829,-124,-21.4391891891892
46,830,-14,-55.0141843971631
46,831,-79,-21.4391891891892
46,832,-13,-55.0141843971631
46,833,-27,-21.4391891891892
46,834,-15,2.23493975903614
46,835,-2,-21.4391891891892
46,836,17,2.23493975903614
46,837,40,72.7037037037037
46,838,81,72.7037037037037
46,839,104,171.176870748299
46,840,69,7
46,841,42,103.217391304348
46,842,-25,72.7037037037037
46,843,18,2.23493975903614
46,844,-52,-19
46,845,-2,-55.0141843971631
46,846,-12,-21.4391891891892
46,847,-15,2.23493975903614
46,848,-2,2.23493975903614
46,849,10,2.23493975903614
46,850,-11,39.8297872340426
46,851,-75,2.23493975903614
46,852,19,-55.0141843971631
46,853,-72,72.7037037037037
46,854,-1,-55.0141843971631
46,855,-23,-21.4391891891892
46,856,-54,2.23493975903614
46,857,-35,-55.0141843971631
46,858,-22,-21.4391891891892
46,859,-7,-21.4391891891892
46,860,15,-21.4391891891892
46,861,31,72.7037037037037
46,862,78,72.7037037037037
46,863,112,171.176870748299
46,864,77,140.806818181818
46,865,70,103.217391304348
46,866,-13,103.217391304348
46,867,-39,2.23493975903614
46,868,-25,2.23493975903614
46,869,-14,-21.4391891891892
46,870,-7,-21.4391891891892
46,871,-21,2.23493975903614
46,872,-17,2.23493975903614
46,873,-3,-21.4391891891892
46,874,35,-21.4391891891892
46,875,-78,72.7037037037037
46,876,-85,-55.0141843971631
46,877,1,-55.0141843971631
46,878,-84,-21.4391891891892
46,879,-21,-55.0141843971631
46,880,-13,-21.4391891891892
46,881,0,-21.4391891891892
46,882,-3,2.23493975903614
46,883,26,2.23493975903614
46,884,64,72.7037037037037
46,885,138,171.176870748299
46,886,225,195.05612244898
46,887,-92,-230.405940594059
46,888,-188,-156.373493975904
46,889,41,-55.0141843971631
46,890,50,39.8297872340426
46,891,-11,-26.7837837837838
46,892,-13,2.23493975903614
46,893,38,2.23493975903614
46,894,133,72.7037037037037
46,895,436,233.047619047619
46,896,23,-230.405940594059
46,897,-241,-215.448979591837
46,898,-184,-152.714285714286
46,899,-116,-100.740740740741
46,900,-107,6.75
46,901,-93,-55.0141843971631
46,902,-62,-55.0141843971631
46,903,-54,-6.05263157894737
46,904,1,-6.05263157894737
46,905,-13,-21.4391891891892
46,906,1,2.23493975903614
46,907,38,2.23493975903614
46,908,145,72.7037037037037
46,909,333,233.047619047619
46,910,129,-230.405940594059
46,911,-318,-303.71875
46,912,-141,3.2
46,913,59,-100.740740740741
46,914,23,-26.7837837837838
46,915,8,-19
46,916,-38,2.23493975903614
46,917,23,2.23493975903614
46,918,170,116.877777777778
46,919,437,313.191489361702
46,920,-53,-16.8461538461538
46,921,-405,-215.448979591837
46,922,-330,-152.714285714286
46,923,6,-100.740740740741
46,924,49,-21.4391891891892
46,925,-36,-26.7837837837838
46,926,-59,2.23493975903614
46,927,-30,-6.05263157894737
46,928,-9,-1.30769230769231
46,929,0,-1.30769230769231
46,930,2,2.23493975903614
46,931,34,2.23493975903614
46,932,144,72.7037037037037
46,933,312,233.047619047619
46,934,177,-230.405940594059
46,935,-346,-303.71875
46,936,-133,-113.275862068966
46,937,34,-100.740740740741
46,938,63,39.8297872340426
46,939,-19,-26.7837837837838
46,940,-32,2.23493975903614
46,941,35,-21.4391891891892
46,942,135,116.877777777778
46,943,419,313.191489361702
46,944,-16,-230.405940594059
46,945,-181,-215.448979591837
46,946,-150,-152.714285714286
46,947,-92,-100.740740740741
46,948,-147,-55.0141843971631
46,949,-92,-55.0141843971631
46,950,-96,-55.0141843971631
46,951,-35,-6.05263157894737
46,952,-12,-21.4391891891892
46,953,1,-21.4391891891892
46,954,-5,2.23493975903614
46,955,39,2.23493975903614
46,956,134,72.7037037037037
46,957,334,233.047619047619
46,958,190,-230.405940594059
46,959,-375,-303.71875
46,960,-113,-113.275862068966
46,961,1,-100.740740740741
46,962,77,-21.4391891891892
46,963,-15,-26.7837837837838
46,964,-68,2.23493975903614
46,965,62,-6.05263157894737
46,966,168,140.806818181818
46,967,356,313.191489361702
46,968,30,-230.405940594059
46,969,-196,-215.448979591837
46,970,-115,-152.714285714286
46,971,-141,-100.740740740741
46,972,-55,-55.0141843971631
46,973,-107,-55.0141843971631
46,974,-116,-55.0141843971631
46,975,-36,-6.05263157894737
46,976,-42,-1.30769230769231
46,977,-8,-6.05263157894737
46,978,2,-21.4391891891892
46,979,23,2.23493975903614
46,980,93,72.7037037037037
46,981,253,233.047619047619
46,982,333,195.05612244898
46,983,-299,-303.71875
46,984,-146,-156.373493975904
46,985,20,3.2
46,986,91,39.8297872340426
46,987,-5,-26.7837837837838
46,988,-5,2.23493975903614
46,989,-16,2.23493975903614
46,990,139,116.877777777778
46,991,343,313.191489361702
46,992,-204,-16.8461538461538
46,993,-143,-215.448979591837
46,994,-99,-152.714285714286
46,995,-90,-100.740740740741
46,996,-36,-55.0141843971631
46,997,-51,-21.4391891891892
46,998,-21,-6.05263157894737
46,999,-73,116.877777777778
46,1000,-17,-6.05263157894737
46,1001,-61,-21.4391891891892
46,1002,-31,-55.0141843971631
46,1003,-4,-21.4391891891892
46,1004,30,-21.4391891891892
46,1005,13,72.7037037037037
46,1006,103,72.7037037037037
46,1007,131,195.05612244898
46,1008,119,140.806818181818
46,1009,38,19.8
46,1010,60,72.7037037037037
46,1011,92,-3.07692307692308
46,1012,41,-26.7837837837838
46,1013,-72,-19
46,1014,6,-55.0141843971631
46,1015,-108,-21.4391891891892
46,1016,-107,-55.0141843971631
46,1017,80,-55.0141843971631
46,1018,-75,-26.7837837837838
46,1019,-87,-55.0141843971631
46,1020,-44,-55.0141843971631
46,1021,-14,-6.05263157894737
46,1022,-24,-21.4391891891892
46,1023,-19,2.23493975903614
46,1024,-53,-21.4391891891892
46,1025,-58,-55.0141843971631
46,1026,-38,-55.0141843971631
46,1027,-10,-21.4391891891892
46,1028,6,-21.4391891891892
46,1029,32,2.23493975903614
46,1030,86,72.7037037037037
46,1031,88,233.047619047619
46,1032,161,140.806818181818
46,1033,69,103.217391304348
46,1034,38,19.8
46,1035,-9,72.7037037037037
46,1036,-4,2.23493975903614
46,1037,13,2.23493975903614
46,1038,6,-19
46,1039,-59,2.23493975903614
46,1040,-124,-55.0141843971631
46,1041,0,-55.0141843971631
46,1042,-18,-21.4391891891892
46,1043,-71,2.23493975903614
46,1044,-93,-55.0141843971631
46,1045,-39,-55.0141843971631
46,1046,-48,-21.4391891891892
46,1047,-32,-55.0141843971631
46,1048,4,-21.4391891891892
46,1049,-9,-21.4391891891892
46,1050,6,2.23493975903614
46,1051,38,2.23493975903614
46,1052,90,72.7037037037037
46,1053,343,233.047619047619
46,1054,184,7
46,1055,-319,-303.71875
46,1056,-162,-113.275862068966
46,1057,-4,-100.740740740741
46,1058,55,-21.4391891891892
46,1059,2,-26.7837837837838
46,1060,-27,2.23493975903614
46,1061,25,2.23493975903614
46,1062,149,116.877777777778
46,1063,369,313.191489361702
46,1064,39,-16.8461538461538
46,1065,-199,-215.448979591837
46,1066,-141,-152.714285714286
46,1067,-126,-100.740740740741
46,1068,-44,-55.0141843971631
46,1069,-118,-55.0141843971631
46,1070,-113,-55.0141843971631
46,1071,-28,-6.05263157894737
46,1072,-18,-1.30769230769231
46,1073,-4,-21.4391891891892
46,1074,4,-21.4391891891892
46,1075,31,2.23493975903614
46,1076,175,72.7037037037037
46,1077,313,233.047619047619
46,1078,135,-230.405940594059
46,1079,-341,-303.71875
46,1080,-161,-113.275862068966
46,1081,47,-100.740740740741
46,1082,48,-26.7837837837838
46,1083,-33,-26.7837837837838
46,1084,-7,2.23493975903614
46,1085,30,-21.4391891891892
46,1086,137,116.877777777778
46,1087,389,313.191489361702
46,1088,2,-230.405940594059
46,1089,-225,-215.448979591837
46,1090,-120,-152.714285714286
46,1091,-94,-100.740740740741
46,1092,-89,-55.0141843971631
46,1093,-83,-55.0141843971631
46,1094,-108,-55.0141843971631
46,1095,-37,-6.05263157894737
46,1096,-8,-1.30769230769231
46,1097,-4,-21.4391891891892
46,1098,2,2.23493975903614
46,1099,40,2.23493975903614
46,1100,116,72.7037037037037
46,1101,333,233.047619047619
46,1102,184,195.05612244898
46,1103,-382,-303.71875
46,1104,-159,-113.275862068966
46,1105,45,-100.740740740741
46,1106,19,39.8297872340426
46,1107,1,-19
46,1108,-33,2.23493975903614
46,1109,24,2.23493975903614
46,1110,30,116.877777777778
46,1111,146,187.636363636364
46,1112,273,-26.7837837837838
46,1113,-127,-230.405940594059
46,1114,-150,-156.373493975904
46,1115,-47,3.2
46,1116,-31,-100.740740740741
46,1117,-157,-21.4391891891892
46,1118,-65,-55.0141843971631
46,1119,-41,-6.05263157894737
46,1120,-18,-6.05263157894737
46,1121,-2,-21.4391891891892
46,1122,3,-21.4391891891892
46,1123,32,2.23493975903614
46,1124,112,72.7037037037037
46,1125,321,233.047619047619
46,1126,184,233.047619047619
46,1127,-339,-303.71875
46,1128,-120,-113.275862068966
46,1129,18,-100.740740740741
46,1130,58,39.8297872340426
46,1131,-20,-26.7837837837838
46,1132,-57,2.23493975903614
46,1133,95,-6.05263157894737
46,1134,66,140.806818181818
46,1135,413,313.191489361702
46,1136,6,-65.8571428571429
46,1137,-244,-215.448979591837
46,1138,-28,-152.714285714286
46,1139,-173,-21.4391891891892
46,1140,-264,-55.0141843971631
46,1141,-3,-55.0141843971631
46,1142,-31,-21.4391891891892
46,1143,-23,2.23493975903614
46,1144,8,-1.30769230769231
46,1145,17,-21.4391891891892
46,1146,-27,72.7037037037037
46,1147,33,-1.30769230769231
46,1148,84,187.636363636364
46,1149,234,140.806818181818
46,1150,331,195.05612244898
46,1151,-318,-303.71875
46,1152,-140,-156.373493975904
46,1153,-21,-152.714285714286
46,1154,62,-21.4391891891892
46,1155,-118,-26.7837837837838
46,1156,73,-55.0141843971631
46,1157,-13,-65.8571428571429
46,1158,220,116.877777777778
46,1159,279,313.191489361702
46,1160,-93,-16.8461538461538
46,1161,-220,-156.373493975904
46,1162,-151,-152.714285714286
46,1163,-129,-100.740740740741
46,1164,13,-55.0141843971631
46,1165,31,39.8297872340426
46,1166,-63,-19
46,1167,-31,-6.05263157894737
46,1168,-12,-1.30769230769231
46,1169,-35,-21.4391891891892
46,1170,-9,2.23493975903614
46,1171,1,-21.4391891891892
46,1172,-2,2.23493975903614
46,1173,22,2.23493975903614
46,1174,75,72.7037037037037
46,1175,95,171.176870748299
46,1176,61,195.05612244898
46,1177,37,103.217391304348
46,1178,152,72.7037037037037
46,1179,-103,-3.07692307692308
46,1180,-11,-113.275862068966
46,1181,37,-21.4391891891892
46,1182,-54,-19
46,1183,-85,-55.0141843971631
46,1184,-64,-55.0141843971631
46,1185,61,-6.05263157894737
46,1186,-24,171.176870748299
46,1187,-51,2.23493975903614
46,1188,17,-55.0141843971631
46,1189,-31,72.7037037037037
46,1190,-36,2.23493975903614
46,1191,17,-21.4391891891892
46,1192,-8,39.8297872340426
46,1193,-79,2.23493975903614
46,1194,-27,-55.0141843971631
46,1195,-10,-21.4391891891892
46,1196,13,-21.4391891891892
46,1197,19,72.7037037037037
46,1198,115,39.8297872340426
46,1199,105,195.05612244898
46,1200,121,140.806818181818
46,1201,126,7
46,1202,-1,103.217391304348
46,1203,122,2.23493975903614
46,1204,-10,-3.07692307692308
46,1205,8,2.23493975903614
46,1206,4,2.23493975903614
46,1207,-72,2.23493975903614
46,1208,-41,-55.0141843971631
46,1209,7,-55.0141843971631
46,1210,-144,-21.4391891891892
46,1211,-33,-55.0141843971631
46,1212,-154,-21.4391891891892
46,1213,-68,-55.0141843971631
46,1214,-76,-55.0141843971631
46,1215,-20,-55.0141843971631
46,1216,-10,-21.4391891891892
46,1217,-15,-21.4391891891892
46,1218,6,2.23493975903614
46,1219,43,2.23493975903614
46,1220,106,187.636363636364
46,1221,264,233.047619047619
46,1222,317,7
46,1223,-393,-303.71875
46,1224,-145,-156.373493975904
46,1225,-2,3.2
46,1226,116,-21.4391891891892
46,1227,-74,-26.7837837837838
46,1228,31,-55.0141843971631
46,1229,10,-19
46,1230,176,116.877777777778
46,1231,390,313.191489361702
46,1232,-106,-16.8461538461538
46,1233,-159,-156.373493975904
46,1234,-179,-152.714285714286
46,1235,-107,-100.740740740741
46,1236,-87,6.75
46,1237,-95,-55.0141843971631
46,1238,-50,-6.05263157894737
46,1239,-47,-6.05263157894737
46,1240,-1,-6.05263157894737
46,1241,-10,-21.4391891891892
46,1242,0,2.23493975903614
46,1243,44,2.23493975903614
46,1244,140,72.7037037037037
46,1245,326,233.047619047619
46,1246,227,-230.405940594059
46,1247,-404,-303.71875
46,1248,-121,-156.373493975904
46,1249,-17,-100.740740740741
46,1250,28,-21.4391891891892
46,1251,44,-19
46,1252,-29,-19
46,1253,41,2.23493975903614
46,1254,170,116.877777777778
46,1255,414,313.191489361702
46,1256,8,19.8
46,1257,-245,-215.448979591837
46,1258,-109,-152.714285714286
46,1259,-145,-100.740740740741
46,1260,-109,-55.0141843971631
46,1261,-77,-55.0141843971631
46,1262,-126,-55.0141843971631
46,1263,-38,-6.05263157894737
46,1264,-16,-1.30769230769231
46,1265,0,-21.4391891891892
46,1266,-8,-21.4391891891892
46,1267,55,2.23493975903614
46,1268,131,171.176870748299
46,1269,317,233.047619047619
46,1270,281,-230.405940594059
46,1271,-446,-303.71875
46,1272,-111,-156.373493975904
46,1273,50,3.2
46,1274,29,-26.7837837837838
46,1275,2,-19
46,1276,-65,2.23493975903614
46,1277,70,-6.05263157894737
46,1278,167,140.806818181818
46,1279,429,313.191489361702
46,1280,-22,-230.405940594059
46,1281,-193,-215.448979591837
46,1282,-131,-152.714285714286
46,1283,-170,-100.740740740741
46,1284,-119,-55.0141843971631
46,1285,-39,-55.0141843971631
46,1286,-147,-21.4391891891892
46,1287,-63,-6.05263157894737
46,1288,-8,-6.05263157894737
46,1289,-13,-21.4391891891892
46,1290,-4,2.23493975903614
46,1291,38,2.23493975903614
46,1292,139,72.7037037037037
46,1293,314,233.047619047619
46,1294,234,-230.405940594059
46,1295,-385,-303.71875
46,1296,-122,-156.373493975904
46,1297,-10,-100.740740740741
46,1298,67,-21.4391891891892
46,1299,-37,-26.7837837837838
46,1300,-29,2.23493975903614
46,1301,25,-21.4391891891892
46,1302,136,116.877777777778
46,1303,364,313.191489361702
46,1304,-50,-16.8461538461538
46,1305,-74,-215.448979591837
46,1306,-168,-152.714285714286
46,1307,-175,-100.740740740741
46,1308,-37,-55.0141843971631
46,1309,-89,-21.4391891891892
46,1310,-48,-55.0141843971631
46,1311,-43,-55.0141843971631
46,1312,-28,-6.05263157894737
46,1313,-14,-21.4391891891892
46,1314,-4,-21.4391891891892
46,1315,29,2.23493975903614
46,1316,102,72.7037037037037
46,1317,271,233.047619047619
46,1318,266,233.047619047619
46,1319,-313,-303.71875
46,1320,-132,-156.373493975904
46,1321,20,3.2
46,1322,48,39.8297872340426
46,1323,15,-26.7837837837838
46,1324,12,-19
46,1325,-3,-19
46,1326,176,116.877777777778
46,1327,200,313.191489361702
46,1328,-77,19.8
46,1329,-106,-156.373493975904
46,1330,-162,-55.0141843971631
46,1331,-94,-55.0141843971631
46,1332,-61,-55.0141843971631
46,1333,-10,-55.0141843971631
46,1334,2,-21.4391891891892
46,1335,-111,2.23493975903614
46,1336,10,-6.05263157894737
46,1337,-47,72.7037037037037
46,1338,-32,-55.0141843971631
46,1339,3,-21.4391891891892
46,1340,36,-21.4391891891892
46,1341,26,72.7037037037037
46,1342,87,72.7037037037037
46,1343,174,-26.7837837837838
46,1344,58,140.806818181818
46,1345,62,19.8
46,1346,30,-3.07692307692308
46,1347,11,39.8297872340426
46,1348,-4,-19
46,1349,3,2.23493975903614
46,1350,-10,2.23493975903614
46,1351,-8,2.23493975903614
46,1352,2,2.23493975903614
46,1353,-143,2.23493975903614
46,1354,-105,-55.0141843971631
46,1355,67,-55.0141843971631
46,1356,-24,71
46,1357,-68,2.23493975903614
46,1358,-20,-55.0141843971631
46,1359,-30,-21.4391891891892
46,1360,-46,-21.4391891891892
46,1361,-57,-55.0141843971631
46,1362,-42,-55.0141843971631
46,1363,4,-55.0141843971631
46,1364,1,-21.4391891891892
46,1365,22,2.23493975903614
46,1366,87,72.7037037037037
46,1367,99,140.806818181818
46,1368,155,233.047619047619
46,1369,128,103.217391304348
46,1370,2,19.8
46,1371,-28,2.23493975903614
46,1372,39,2.23493975903614
46,1373,-21,-19
46,1374,20,2.23493975903614
46,1375,10,-19
46,1376,-112,-19
46,1377,24,-55.0141843971631
46,1378,-140,72.7037037037037
46,1379,-32,-55.0141843971631
46,1380,-123,-21.4391891891892
46,1381,-48,-55.0141843971631
46,1382,-42,-6.05263157894737
46,1383,-39,-55.0141843971631
46,1384,-11,-21.4391891891892
46,1385,-5,-21.4391891891892
46,1386,2,2.23493975903614
46,1387,42,2.23493975903614
46,1388,114,72.7037037037037
46,1389,308,233.047619047619
46,1390,282,233.047619047619
46,1391,-458,-303.71875
46,1392,-104,-156.373493975904
46,1393,26,3.2
46,1394,63,39.8297872340426
46,1395,-52,-26.7837837837838
46,1396,28,-55.0141843971631
46,1397,-18,-19
46,1398,189,116.877777777778
46,1399,402,313.191489361702
46,1400,-15,-16.8461538461538
46,1401,-147,-156.373493975904
46,1402,-203,-152.714285714286
46,1403,-140,-100.740740740741
46,1404,-92,6.75
46,1405,-80,-55.0141843971631
46,1406,-112,-55.0141843971631
46,1407,-17,-6.05263157894737
46,1408,-13,-21.4391891891892
46,1409,-2,-1.30769230769231
46,1410,0,2.23493975903614
46,1411,39,2.23493975903614
46,1412,149,72.7037037037037
46,1413,319,233.047619047619
46,1414,247,-230.405940594059
46,1415,-427,-303.71875
46,1416,-106,-156.373493975904
46,1417,-3,3.2
46,1418,24,-21.4391891891892
46,1419,40,-19
46,1420,-28,-19
46,1421,-116,2.23493975903614
46,1422,258,-6.05263157894737
46,1423,418,313.191489361702
46,1424,37,-156.373493975904
46,1425,-243,-215.448979591837
46,1426,-162,-152.714285714286
46,1427,-100,-100.740740740741
46,1428,-95,-55.0141843971631
46,1429,-110,-55.0141843971631
46,1430,-100,-55.0141843971631
46,1431,-14,-6.05263157894737
46,1432,-20,-1.30769230769231
46,1433,-6,2.23493975903614
46,1434,-3,-21.4391891891892
46,1435,45,2.23493975903614
46,1436,136,72.7037037037037
46,1437,302,233.047619047619
46,1438,194,-230.405940594059
46,1439,-331,-303.71875
46,1440,-114,-113.275862068966
46,1441,-2,-100.740740740741
46,1442,50,-21.4391891891892
46,1443,-4,-26.7837837837838
46,1444,-17,2.23493975903614
46,1445,32,2.23493975903614
46,1446,184,116.877777777778
46,1447,358,313.191489361702
46,1448,54,-230.405940594059
46,1449,-239,-215.448979591837
46,1450,-139,-152.714285714286
46,1451,-193,-100.740740740741
46,1452,-32,-55.0141843971631
46,1453,-136,-21.4391891891892
46,1454,-89,-55.0141843971631
46,1455,-21,-6.05263157894737
46,1456,-31,-1.30769230769231
46,1457,-5,-21.4391891891892
46,1458,3,-1.30769230769231
46,1459,32,2.23493975903614
46,1460,142,72.7037037037037
46,1461,290,233.047619047619
46,1462,266,-230.405940594059
46,1463,-396,-303.71875
46,1464,-162,-156.373493975904
46,1465,45,3.2
46,1466,60,39.8297872340426
46,1467,24,-26.7837837837838
46,1468,-85,-19
46,1469,45,-6.05263157894737
46,1470,136,116.877777777778
46,1471,459,313.191489361702
46,1472,-98,19.8
46,1473,-160,-215.448979591837
46,1474,-180,-152.714285714286
46,1475,-85,-100.740740740741
46,1476,-80,6.75
46,1477,-85,-55.0141843971631
46,1478,-106,-55.0141843971631
46,1479,-28,-6.05263157894737
46,1480,-29,-21.4391891891892
46,1481,-8,-21.4391891891892
46,1482,6,-21.4391891891892
46,1483,25,2.23493975903614
46,1484,126,72.7037037037037
46,1485,258,233.047619047619
46,1486,247,140.806818181818
46,1487,-272,-303.71875
46,1488,-147,-156.373493975904
46,1489,14,3.2
46,1490,75,-19
46,1491,7,-26.7837837837838
46,1492,-14,2.23493975903614
46,1493,49,2.23493975903614
46,1494,112,140.806818181818
46,1495,249,256.245283018868
46,1496,-70,-65.8571428571429
46,1497,-202,-168.673758865248
46,1498,-80,-152.714285714286
46,1499,-111,6.75
46,1500,-76,-55.0141843971631
46,1501,-6,-55.0141843971631
46,1502,-35,-21.4391891891892
46,1503,-39,2.23493975903614
46,1504,-38,-1.30769230769231
46,1505,-54,-21.4391891891892
46,1506,-17,-55.0141843971631
46,1507,4,-21.4391891891892
46,1508,32,-21.4391891891892
46,1509,18,72.7037037037037
46,1510,114,72.7037037037037
46,1511,97,140.806818181818
46,1512,118,140.806818181818
46,1513,74,7
46,1514,77,-3.07692307692308
46,1515,-20,-3.07692307692308
46,1516,-55,2.23493975903614
46,1517,17,-55.0141843971631
46,1518,-39,-19
46,1519,42,2.23493975903614
46,1520,-2,-19
46,1521,-93,2.23493975903614
46,1522,-85,-55.0141843971631
46,1523,-23,-55.0141843971631
46,1524,-20,-21.4391891891892
46,1525,-47,-21.4391891891892
46,1526,-69,-55.0141843971631
46,1527,-66,-55.0141843971631
46,1528,-14,-55.0141843971631
46,1529,-32,-21.4391891891892
46,1530,-27,2.23493975903614
46,1531,5,-21.4391891891892
46,1532,0,-21.4391891891892
46,1533,49,2.23493975903614
46,1534,40,171.176870748299
46,1535,121,72.7037037037037
46,1536,135,195.05612244898
46,1537,73,103.217391304348
46,1538,54,19.8
46,1539,32,-3.07692307692308
46,1540,3,39.8297872340426
46,1541,-76,2.23493975903614
46,1542,-29,-55.0141843971631
46,1543,-39,-21.4391891891892
46,1544,-153,-21.4391891891892
46,1545,-44,-55.0141843971631
46,1546,8,-55.0141843971631
46,1547,15,-21.4391891891892
46,1548,-51,72.7037037037037
46,1549,-70,-55.0141843971631
46,1550,-54,-6.05263157894737
46,1551,-22,-55.0141843971631
46,1552,-6,-21.4391891891892
46,1553,0,-21.4391891891892
46,1554,6,2.23493975903614
46,1555,14,2.23493975903614
46,1556,116,72.7037037037037
46,1557,266,233.047619047619
46,1558,198,140.806818181818
46,1559,-329,-303.71875
46,1560,-63,-156.373493975904
46,1561,47,6.75
46,1562,25,-26.7837837837838
46,1563,4,-19
46,1564,-2,2.23493975903614
46,1565,-13,2.23493975903614
46,1566,177,116.877777777778
46,1567,407,313.191489361702
46,1568,-15,-16.8461538461538
46,1569,-203,-215.448979591837
46,1570,-183,-152.714285714286
46,1571,-140,-100.740740740741
46,1572,-110,6.75
46,1573,-94,-55.0141843971631
46,1574,-66,-55.0141843971631
46,1575,-29,-6.05263157894737
46,1576,-5,-1.30769230769231
46,1577,-7,-21.4391891891892
46,1578,3,2.23493975903614
46,1579,27,2.23493975903614
46,1580,143,72.7037037037037
46,1581,323,233.047619047619
46,1582,203,-16.8461538461538
46,1583,-378,-303.71875
46,1584,-77,-156.373493975904
46,1585,-36,-100.740740740741
46,1586,69,-21.4391891891892
46,1587,-30,-26.7837837837838
46,1588,8,2.23493975903614
46,1589,45,-21.4391891891892
46,1590,139,116.877777777778
46,1591,423,313.191489361702
46,1592,-54,-230.405940594059
46,1593,-204,-215.448979591837
46,1594,-162,-152.714285714286
46,1595,-131,-100.740740740741
46,1596,-93,-55.0141843971631
46,1597,-86,-55.0141843971631
46,1598,-80,-55.0141843971631
46,1599,-35,-6.05263157894737
46,1600,-17,-1.30769230769231
46,1601,1,-21.4391891891892
46,1602,0,-21.4391891891892
46,1603,36,2.23493975903614
46,1604,130,72.7037037037037
46,1605,309,233.047619047619
46,1606,255,195.05612244898
46,1607,-396,-303.71875
46,1608,-127,-156.373493975904
46,1609,25,3.2
46,1610,41,39.8297872340426
46,1611,33,-19
46,1612,-77,-19
46,1613,42,-6.05263157894737
46,1614,163,116.877777777778
46,1615,417,313.191489361702
46,1616,4,19.8
46,1617,-176,-215.448979591837
46,1618,-186,-152.714285714286
46,1619,-119,-100.740740740741
46,1620,-148,6.75
46,1621,-97,-55.0141843971631
46,1622,-69,-55.0141843971631
46,1623,-39,-6.05263157894737
46,1624,-14,-21.4391891891892
46,1625,-8,-21.4391891891892
46,1626,4,2.23493975903614
46,1627,31,2.23493975903614
46,1628,126,72.7037037037037
46,1629,308,233.047619047619
46,1630,223,140.806818181818
46,1631,-345,-303.71875
46,1632,-148,-156.373493975904
46,1633,55,-100.740740740741
46,1634,17,-26.7837837837838
46,1635,4,-19
46,1636,-34,2.23493975903614
46,1637,20,2.23493975903614
46,1638,150,116.877777777778
46,1639,393,313.191489361702
46,1640,1,-16.8461538461538
46,1641,-188,-215.448979591837
46,1642,-145,-152.714285714286
46,1643,-142,-100.740740740741
46,1644,-77,-55.0141843971631
46,1645,-103,-55.0141843971631
46,1646,-71,-55.0141843971631
46,1647,-44,-6.05263157894737
46,1648,-21,-6.05263157894737
46,1649,-11,-21.4391891891892
46,1650,-2,-21.4391891891892
46,1651,26,2.23493975903614
46,1652,11,72.7037037037037
46,1653,89,72.7037037037037
46,1654,-14,233.047619047619
46,1655,101,2.23493975903614
46,1656,-27,7
46,1657,58,2.23493975903614
46,1658,64,-65.8571428571429
46,1659,-25,-26.7837837837838
46,1660,17,2.23493975903614
46,1661,17,72.7037037037037
46,1662,143,39.8297872340426
46,1663,263,195.05612244898
46,1664,-90,-16.8461538461538
46,1665,-148,-156.373493975904
46,1666,-122,-152.714285714286
46,1667,-84,-55.0141843971631
46,1668,-68,-55.0141843971631
46,1669,-26,-55.0141843971631
46,1670,-12,-21.4391891891892
46,1671,-64,-21.4391891891892
46,1672,-31,-6.05263157894737
46,1673,-64,-21.4391891891892
46,1674,-11,-55.0141843971631
46,1675,1,-21.4391891891892
46,1676,12,2.23493975903614
46,1677,39,72.7037037037037
46,1678,100,72.7037037037037
46,1679,109,195.05612244898
46,1680,136,7
46,1681,92,103.217391304348
46,1682,47,19.8
46,1683,23,-3.07692307692308
46,1684,-31,-19
46,1685,24,2.23493975903614
46,1686,-31,-19
46,1687,-19,2.23493975903614
46,1688,-212,-21.4391891891892
46,1689,-25,-55.0141843971631
46,1690,-115,-21.4391891891892
46,1691,-32,-55.0141843971631
46,1692,40,-21.4391891891892
46,1693,-5,72.7037037037037
46,1694,-43,2.23493975903614
46,1695,-7,-55.0141843971631
46,1696,-27,-21.4391891891892
46,1697,-38,2.23493975903614
46,1698,-38,-21.4391891891892
46,1699,0,-21.4391891891892
46,1700,6,-21.4391891891892
46,1701,23,2.23493975903614
46,1702,80,72.7037037037037
46,1703,98,171.176870748299
46,1704,111,140.806818181818
46,1705,121,103.217391304348
46,1706,56,-3.07692307692308
46,1707,38,-3.07692307692308
46,1708,36,-19
46,1709,-2,-19
46,1710,-64,2.23493975903614
46,1711,-8,-55.0141843971631
46,1712,-14,-21.4391891891892
46,1713,-26,2.23493975903614
46,1714,-165,2.23493975903614
46,1715,-80,-55.0141843971631
46,1716,-39,-55.0141843971631
46,1717,-71,-21.4391891891892
46,1718,-63,-55.0141843971631
46,1719,-33,-55.0141843971631
46,1720,-5,-21.4391891891892
46,1721,-3,-21.4391891891892
46,1722,5,2.23493975903614
46,1723,25,2.23493975903614
46,1724,123,72.7037037037037
46,1725,277,233.047619047619
46,1726,237,140.806818181818
46,1727,-368,-303.71875
46,1728,-106,-156.373493975904
46,1729,46,3.2
46,1730,31,-19
46,1731,-22,-19
46,1732,-6,2.23493975903614
46,1733,26,-21.4391891891892
46,1734,190,116.877777777778
46,1735,354,313.191489361702
46,1736,-6,-16.8461538461538
46,1737,-257,-215.448979591837
46,1738,-123,-152.714285714286
46,1739,-142,-100.740740740741
46,1740,-98,-55.0141843971631
46,1741,-64,-55.0141843971631
46,1742,-68,-55.0141843971631
46,1743,-33,-6.05263157894737
46,1744,-16,-1.30769230769231
46,1745,-8,-21.4391891891892
46,1746,2,-21.4391891891892
46,1747,31,2.23493975903614
46,1748,28,72.7037037037037
46,1749,115,72.7037037037037
46,1750,439,195.05612244898
46,1751,-216,140.806818181818
46,1752,-194,-156.373493975904
46,1753,-12,3.2
46,1754,104,-21.4391891891892
46,1755,-14,-26.7837837837838
46,1756,-31,2.23493975903614
46,1757,28,2.23493975903614
46,1758,175,116.877777777778
46,1759,354,256.245283018868
46,1760,42,-230.405940594059
46,1761,-227,-215.448979591837
46,1762,-191,-152.714285714286
46,1763,-128,-100.740740740741
46,1764,-119,6.75
46,1765,-22,-55.0141843971631
46,1766,-107,-21.4391891891892
46,1767,-23,-6.05263157894737
46,1768,-29,-1.30769230769231
46,1769,3,-1.30769230769231
46,1770,-7,-21.4391891891892
46,1771,35,2.23493975903614
46,1772,133,72.7037037037037
46,1773,320,233.047619047619
46,1774,190,-230.405940594059
46,1775,-315,-303.71875
46,1776,-134,-113.275862068966
46,1777,2,-100.740740740741
46,1778,72,-21.4391891891892
46,1779,-13,-26.7837837837838
46,1780,-39,2.23493975903614
46,1781,11,2.23493975903614
46,1782,165,116.877777777778
46,1783,420,313.191489361702
46,1784,-3,-16.8461538461538
46,1785,-199,-215.448979591837
46,1786,-222,-152.714285714286
46,1787,-112,-100.740740740741
46,1788,-89,6.75
46,1789,-88,-55.0141843971631
46,1790,-62,-55.0141843971631
46,1791,-55,-6.05263157894737
46,1792,-6,-6.05263157894737
46,1793,-11,-1.30769230769231
46,1794,1,2.23493975903614
46,1795,32,2.23493975903614
46,1796,128,72.7037037037037
46,1797,299,233.047619047619
46,1798,218,233.047619047619
46,1799,-345,-303.71875
46,1800,-138,-156.373493975904
46,1801,75,-100.740740740741
46,1802,69,-26.7837837837838
46,1803,-43,-26.7837837837838
46,1804,-52,-55.0141843971631
46,1805,12,-6.05263157894737
46,1806,159,116.877777777778
46,1807,478,313.191489361702
46,1808,-65,-16.8461538461538
46,1809,-155,-215.448979591837
46,1810,-163,-152.714285714286
46,1811,-158,-100.740740740741
46,1812,-102,-55.0141843971631
46,1813,-28,-55.0141843971631
46,1814,-138,-21.4391891891892
46,1815,-34,-6.05263157894737
46,1816,-35,-21.4391891891892
46,1817,-13,-21.4391891891892
46,1818,3,-21.4391891891892
46,1819,27,2.23493975903614
46,1820,121,72.7037037037037
46,1821,222,233.047619047619
46,1822,289,195.05612244898
46,1823,-290,-303.71875
46,1824,-147,-156.373493975904
46,1825,72,3.2
46,1826,62,-26.7837837837838
46,1827,-8,-26.7837837837838
46,1828,-29,2.23493975903614
46,1829,55,2.23493975903614
46,1830,105,140.806818181818
46,1831,303,313.191489361702
46,1832,-122,-65.8571428571429
46,1833,-178,-215.448979591837
46,1834,-132,-152.714285714286
46,1835,-104,-100.740740740741
46,1836,-42,-55.0141843971631
46,1837,-92,-55.0141843971631
46,1838,-16,-6.05263157894737
46,1839,-13,-21.4391891891892
46,1840,-49,-21.4391891891892
46,1841,-13,-6.05263157894737
46,1842,-17,-21.4391891891892
46,1843,-4,2.23493975903614
46,1844,18,-21.4391891891892
46,1845,37,72.7037037037037
46,1846,125,72.7037037037037
46,1847,103,233.047619047619
46,1848,188,7
46,1849,56,103.217391304348
46,1850,118,19.8
46,1851,-10,-3.07692307692308
46,1852,-46,2.23493975903614
46,1853,-2,-55.0141843971631
46,1854,45,-21.4391891891892
46,1855,-6,-19
46,1856,-81,2.23493975903614
46,1857,-66,-55.0141843971631
46,1858,-147,-55.0141843971631
46,1859,-3,-55.0141843971631
46,1860,-77,-21.4391891891892
46,1861,-26,-55.0141843971631
46,1862,-48,-21.4391891891892
46,1863,-56,-55.0141843971631
46,1864,-12,-6.05263157894737
46,1865,-64,-21.4391891891892
46,1866,-29,-55.0141843971631
46,1867,-15,-21.4391891891892
46,1868,9,-21.4391891891892
46,1869,21,2.23493975903614
46,1870,83,72.7037037037037
46,1871,146,195.05612244898
46,1872,155,140.806818181818
46,1873,-153,19.8
46,1874,26,-113.275862068966
46,1875,-136,39.8297872340426
46,1876,-13,-55.0141843971631
46,1877,127,-21.4391891891892
46,1878,80,-26.7837837837838
46,1879,-13,-26.7837837837838
46,1880,34,2.23493975903614
46,1881,-36,39.8297872340426
46,1882,-67,2.23493975903614
46,1883,-84,-55.0141843971631
46,1884,-134,-55.0141843971631
46,1885,-10,-55.0141843971631
46,1886,-20,-21.4391891891892
46,1887,-16,2.23493975903614
46,1888,-5,-21.4391891891892
46,1889,-2,-21.4391891891892
46,1890,4,2.23493975903614
46,1891,30,2.23493975903614
46,1892,124,72.7037037037037
46,1893,281,195.05612244898
46,1894,213,140.806818181818
46,1895,-298,-303.71875
46,1896,-164,-156.373493975904
46,1897,48,-100.740740740741
46,1898,41,-26.7837837837838
46,1899,9,-19
46,1900,-16,2.23493975903614
46,1901,34,2.23493975903614
46,1902,151,116.877777777778
46,1903,433,313.191489361702
46,1904,-78,19.8
46,1905,-516,-215.448979591837
46,1906,-38,-152.714285714286
46,1907,-16,-21.4391891891892
46,1908,-84,-21.4391891891892
46,1909,-59,-55.0141843971631
46,1910,-43,-55.0141843971631
46,1911,-26,-6.05263157894737
46,1912,-25,-1.30769230769231
46,1913,-5,-21.4391891891892
46,1914,1,-21.4391891891892
46,1915,30,2.23493975903614
46,1916,135,72.7037037037037
46,1917,350,233.047619047619
46,1918,204,-230.405940594059
46,1919,-395,-303.71875
46,1920,-150,-156.373493975904
46,1921,78,-100.740740740741
46,1922,49,-26.7837837837838
46,1923,26,-26.7837837837838
46,1924,-29,-19
46,1925,0,2.23493975903614
46,1926,165,116.877777777778
46,1927,411,313.191489361702
46,1928,-253,19.8
46,1929,-149,-215.448979591837
46,1930,-118,-152.714285714286
46,1931,-78,-100.740740740741
46,1932,-48,-55.0141843971631
46,1933,-96,-55.0141843971631
46,1934,-81,-6.05263157894737
46,1935,-34,-6.05263157894737
46,1936,-4,-21.4391891891892
46,1937,-10,-21.4391891891892
46,1938,1,2.23493975903614
46,1939,32,2.23493975903614
46,1940,147,72.7037037037037
46,1941,366,233.047619047619
46,1942,187,-230.405940594059
46,1943,-364,-303.71875
46,1944,-151,-113.275862068966
46,1945,42,-100.740740740741
46,1946,45,39.8297872340426
46,1947,4,-19
46,1948,-50,2.23493975903614
46,1949,50,-6.05263157894737
46,1950,144,140.806818181818
46,1951,323,313.191489361702
46,1952,-100,-230.405940594059
46,1953,-103,-215.448979591837
46,1954,-189,-152.714285714286
46,1955,-40,-100.740740740741
46,1956,-70,-21.4391891891892
46,1957,-141,-55.0141843971631
46,1958,-80,-6.05263157894737
46,1959,-35,-6.05263157894737
46,1960,-5,-21.4391891891892
46,1961,-11,-21.4391891891892
46,1962,-3,2.23493975903614
46,1963,31,2.23493975903614
46,1964,155,72.7037037037037
46,1965,289,233.047619047619
46,1966,226,-230.405940594059
46,1967,-295,-303.71875
46,1968,-179,-156.373493975904
46,1969,45,-100.740740740741
46,1970,54,39.8297872340426
46,1971,14,-26.7837837837838
46,1972,-41,-19
46,1973,0,-6.05263157894737
46,1974,160,116.877777777778
46,1975,355,313.191489361702
46,1976,121,19.8
46,1977,-308,-303.71875
46,1978,-159,-152.714285714286
46,1979,-145,-100.740740740741
46,1980,-131,-55.0141843971631
46,1981,-41,-55.0141843971631
46,1982,-46,-55.0141843971631
46,1983,-69,-6.05263157894737
46,1984,-26,-6.05263157894737
46,1985,-8,-21.4391891891892
46,1986,0,-21.4391891891892
46,1987,30,2.23493975903614
46,1988,113,72.7037037037037
46,1989,274,233.047619047619
46,1990,319,233.047619047619
46,1991,-355,-303.71875
46,1992,-127,-156.373493975904
46,1993,19,3.2
46,1994,90,39.8297872340426
46,1995,-20,-26.7837837837838
46,1996,-13,2.23493975903614
46,1997,12,-21.4391891891892
46,1998,165,116.877777777778
46,1999,297,313.191489361702
46,2000,-76,-16.8461538461538
46,2001,-200,-168.673758865248
46,2002,-173,-152.714285714286
46,2003,-57,-100.740740740741
46,2004,-55,-55.0141843971631
46,2005,-73,-55.0141843971631
46,2006,-43,-55.0141843971631
46,2007,-20,-6.05263157894737
46,2008,-36,-1.30769230769231
46,2009,-41,-21.4391891891892
46,2010,-26,-55.0141843971631
46,2011,2,-21.4391891891892
46,2012,16,-21.4391891891892
46,2013,72,72.7037037037037
46,2014,60,171.176870748299
46,2015,126,171.176870748299
46,2016,154,7
46,2017,15,103.217391304348
46,2018,127,19.8
46,2019,-67,-3.07692307692308
46,2020,-35,-55.0141843971631
46,2021,-249,-21.4391891891892
46,2022,201,-55.0141843971631
46,2023,-31,-26.7837837837838
46,2024,-20,-16.8461538461538
46,2025,-29,-21.4391891891892
46,2026,-113,-21.4391891891892
46,2027,-33,-6.05263157894737
46,2028,-26,-1.30769230769231
46,2029,-24,-21.4391891891892
46,2030,-24,-21.4391891891892
46,2031,0,-21.4391891891892
46,2032,-18,-21.4391891891892
46,2033,-63,2.23493975903614
46,2034,-37,-55.0141843971631
46,2035,0,-21.4391891891892
46,2036,5,-21.4391891891892
46,2037,13,2.23493975903614
46,2038,99,72.7037037037037
46,2039,130,195.05612244898
46,2040,122,140.806818181818
46,2041,97,7
46,2042,144,-3.07692307692308
46,2043,-85,-3.07692307692308
46,2044,-164,-113.275862068966
46,2045,14,-55.0141843971631
46,2046,-218,-19
46,2047,60,-55.0141843971631
46,2048,31,-26.7837837837838
46,2049,28,-19
46,2050,-81,72.7037037037037
46,2051,-45,-55.0141843971631
46,2052,-52,-6.05263157894737
46,2053,-34,-55.0141843971631
46,2054,-48,-21.4391891891892
46,2055,-25,-55.0141843971631
46,2056,1,-21.4391891891892
46,2057,-4,-21.4391891891892
46,2058,8,2.23493975903614
46,2059,24,2.23493975903614
46,2060,109,72.7037037037037
46,2061,288,233.047619047619
46,2062,266,140.806818181818
46,2063,-357,-303.71875
46,2064,-136,-156.373493975904
46,2065,23,3.2
46,2066,54,-19
46,2067,5,-26.7837837837838
46,2068,-42,2.23493975903614
46,2069,36,-6.05263157894737
46,2070,162,116.877777777778
46,2071,401,313.191489361702
46,2072,-11,-230.405940594059
46,2073,-261,-215.448979591837
46,2074,-157,-152.714285714286
46,2075,-138,-100.740740740741
46,2076,-117,-55.0141843971631
46,2077,-47,-55.0141843971631
46,2078,-76,-55.0141843971631
46,2079,-17,-6.05263157894737
46,2080,-6,-1.30769230769231
46,2081,-11,-21.4391891891892
46,2082,4,2.23493975903614
46,2083,34,2.23493975903614
46,2084,105,72.7037037037037
46,2085,122,233.047619047619
46,2086,424,7
46,2087,-298,103.217391304348
46,2088,-191,-156.373493975904
46,2089,14,3.2
46,2090,79,-19
46,2091,-9,-26.7837837837838
46,2092,-37,2.23493975903614
46,2093,66,2.23493975903614
46,2094,163,140.806818181818
46,2095,384,313.191489361702
46,2096,-46,-230.405940594059
46,2097,-221,-215.448979591837
46,2098,-162,-152.714285714286
46,2099,-121,-100.740740740741
46,2100,-98,-55.0141843971631
46,2101,-107,-55.0141843971631
46,2102,-62,-55.0141843971631
46,2103,-33,-6.05263157894737
46,2104,-8,-1.30769230769231
46,2105,3,-21.4391891891892
46,2106,1,2.23493975903614
46,2107,30,2.23493975903614
46,2108,141,72.7037037037037
46,2109,373,233.047619047619
46,2110,254,-230.405940594059
46,2111,-460,-303.71875
46,2112,-170,-156.373493975904
46,2113,75,-152.714285714286
46,2114,107,-26.7837837837838
46,2115,-60,-26.7837837837838
46,2116,1,-55.0141843971631
46,2117,37,-21.4391891891892
46,2118,155,116.877777777778
46,2119,377,313.191489361702
46,2120,-58,-230.405940594059
46,2121,-169,-215.448979591837
46,2122,-216,-152.714285714286
46,2123,-114,-100.740740740741
46,2124,-78,6.75
46,2125,-78,-55.0141843971631
46,2126,-92,-55.0141843971631
46,2127,-42,-6.05263157894737
46,2128,-6,-6.05263157894737
46,2129,-12,-1.30769230769231
46,2130,3,2.23493975903614
46,2131,27,2.23493975903614
46,2132,128,72.7037037037037
46,2133,369,233.047619047619
46,2134,222,233.047619047619
46,2135,-358,-303.71875
46,2136,-162,-156.373493975904
46,2137,42,-100.740740740741
46,2138,18,39.8297872340426
46,2139,-4,-19
46,2140,-17,2.23493975903614
46,2141,65,2.23493975903614
46,2142,144,140.806818181818
46,2143,362,313.191489361702
46,2144,9,-230.405940594059
46,2145,-243,-215.448979591837
46,2146,-139,-152.714285714286
46,2147,-164,-100.740740740741
46,2148,-16,-55.0141843971631
46,2149,-139,-21.4391891891892
46,2150,-70,-55.0141843971631
46,2151,-50,-6.05263157894737
46,2152,-12,-6.05263157894737
46,2153,-15,-21.4391891891892
46,2154,2,2.23493975903614
46,2155,22,2.23493975903614
46,2156,79,72.7037037037037
46,2157,313,171.176870748299
46,2158,269,233.047619047619
46,2159,-292,-303.71875
46,2160,-142,-156.373493975904
46,2161,53,3.2
46,2162,101,-26.7837837837838
46,2163,-42,-26.7837837837838
46,2164,68,-55.0141843971631
46,2165,90,-3.07692307692308
46,2166,2,140.806818181818
46,2167,89,2.23493975903614
46,2168,-71,-3.07692307692308
46,2169,-94,-55.0141843971631
46,2170,-96,-55.0141843971631
46,2171,-53,-55.0141843971631
46,2172,-26,-55.0141843971631
46,2173,-103,-21.4391891891892
46,2174,-6,-55.0141843971631
46,2175,-89,-21.4391891891892
46,2176,-10,-55.0141843971631
46,2177,-34,-21.4391891891892
46,2178,-23,2.23493975903614
46,2179,10,-21.4391891891892
46,2180,14,72.7037037037037
46,2181,30,72.7037037037037
46,2182,96,72.7037037037037
46,2183,75,140.806818181818
46,2184,180,140.806818181818
46,2185,75,103.217391304348
46,2186,-21,19.8
46,2187,33,2.23493975903614
46,2188,10,-19
46,2189,49,-19
46,2190,-101,-26.7837837837838
46,2191,1,-55.0141843971631
46,2192,-21,-21.4391891891892
46,2193,-50,2.23493975903614
46,2194,-185,-55.0141843971631
46,2195,-103,-55.0141843971631
46,2196,-26,6.75
46,2197,67,-21.4391891891892
46,2198,-46,71
46,2199,-26,-55.0141843971631
46,2200,11,-21.4391891891892
46,2201,-42,72.7037037037037
46,2202,-20,-55.0141843971631
46,2203,-10,-21.4391891891892
46,2204,3,-21.4391891891892
46,2205,27,2.23493975903614
46,2206,87,72.7037037037037
46,2207,103,-26.7837837837838
46,2208,156,233.047619047619
46,2209,101,103.217391304348
46,2210,56,19.8
46,2211,-52,-3.07692307692308
46,2212,-36,-55.0141843971631
46,2213,-102,-21.4391891891892
46,2214,119,-55.0141843971631
46,2215,29,-26.7837837837838
46,2216,-3,-19
46,2217,-208,2.23493975903614
46,2218,-188,-55.0141843971631
46,2219,67,6.75
46,2220,-5,171.176870748299
46,2221,-43,2.23493975903614
46,2222,-19,-55.0141843971631
46,2223,-49,-21.4391891891892
46,2224,-15,-6.05263157894737
46,2225,-12,-21.4391891891892
46,2226,-17,2.23493975903614
46,2227,-7,2.23493975903614
46,2228,11,-21.4391891891892
46,2229,28,72.7037037037037
46,2230,84,72.7037037037037
46,2231,102,195.05612244898
46,2232,130,140.806818181818
46,2233,100,103.217391304348
46,2234,84,103.217391304348
46,2235,23,-3.07692307692308
46,2236,-54,-19
46,2237,-63,-55.0141843971631
46,2238,51,-55.0141843971631
46,2239,-2,-26.7837837837838
46,2240,-16,2.23493975903614
46,2241,-108,2.23493975903614
46,2242,-113,-55.0141843971631
46,2243,-77,-55.0141843971631
46,2244,-63,-55.0141843971631
46,2245,-51,-55.0141843971631
46,2246,-41,-55.0141843971631
46,2247,-5,-6.05263157894737
46,2248,-19,-21.4391891891892
46,2249,5,2.23493975903614
46,2250,-2,-21.4391891891892
46,2251,30,2.23493975903614
46,2252,134,72.7037037037037
46,2253,321,140.806818181818
46,2254,139,-230.405940594059
46,2255,-309,-303.71875
46,2256,-151,-113.275862068966
46,2257,26,-100.740740740741
46,2258,89,39.8297872340426
46,2259,-12,-26.7837837837838
46,2260,-1,2.23493975903614
46,2261,18,2.23493975903614
46,2262,166,116.877777777778
46,2263,398,313.191489361702
46,2264,-17,-16.8461538461538
46,2265,-287,-215.448979591837
46,2266,-167,-152.714285714286
46,2267,-117,-100.740740740741
46,2268,-89,-55.0141843971631
46,2269,-84,-55.0141843971631
46,2270,-58,-55.0141843971631
46,2271,-24,-6.05263157894737
46,2272,-4,-1.30769230769231
46,2273,-5,-21.4391891891892
46,2274,1,2.23493975903614
46,2275,35,2.23493975903614
46,2276,170,72.7037037037037
46,2277,290,233.047619047619
46,2278,225,-230.405940594059
46,2279,-435,-303.71875
46,2280,-55,-156.373493975904
46,2281,-18,-100.740740740741
46,2282,49,-21.4391891891892
46,2283,-32,-26.7837837837838
46,2284,-23,2.23493975903614
46,2285,34,-21.4391891891892
46,2286,185,116.877777777778
46,2287,433,313.191489361702
46,2288,-24,-230.405940594059
46,2289,-177,-215.448979591837
46,2290,-250,-152.714285714286
46,2291,-116,-100.740740740741
46,2292,-77,6.75
46,2293,-69,-55.0141843971631
46,2294,-85,-55.0141843971631
46,2295,-47,-6.05263157894737
46,2296,-10,-6.05263157894737
46,2297,1,-1.30769230769231
46,2298,-1,2.23493975903614
46,2299,30,2.23493975903614
46,2300,162,72.7037037037037
46,2301,282,233.047619047619
46,2302,164,-230.405940594059
46,2303,-523,-303.71875
46,2304,-74,-113.275862068966
46,2305,13,-100.740740740741
46,2306,75,39.8297872340426
46,2307,54,-26.7837837837838
46,2308,25,-26.7837837837838
46,2309,54,-19
46,2310,146,103.217391304348
46,2311,392,313.191489361702
46,2312,27,19.8
46,2313,-277,-156.373493975904
46,2314,-152,-152.714285714286
46,2315,-134,-100.740740740741
46,2316,-55,-55.0141843971631
46,2317,-48,-55.0141843971631
46,2318,-73,-55.0141843971631
46,2319,-67,-6.05263157894737
46,2320,-18,-6.05263157894737
46,2321,-2,-21.4391891891892
46,2322,-1,-21.4391891891892
46,2323,32,2.23493975903614
46,2324,100,72.7037037037037
46,2325,346,233.047619047619
46,2326,233,233.047619047619
46,2327,-375,-303.71875
46,2328,-120,-156.373493975904
46,2329,72,-100.740740740741
46,2330,27,-26.7837837837838
46,2331,31,-19
46,2332,-101,-19
46,2333,78,-6.05263157894737
46,2334,139,140.806818181818
46,2335,302,313.191489361702
46,2336,20,19.8
46,2337,-224,-168.673758865248
46,2338,-177,-152.714285714286
46,2339,-90,-100.740740740741
46,2340,-2,-55.0141843971631
46,2341,-51,-21.4391891891892
46,2342,-98,-55.0141843971631
46,2343,-33,-6.05263157894737
46,2344,-40,-1.30769230769231
46,2345,-34,-21.4391891891892
46,2346,-32,-21.4391891891892
46,2347,4,-21.4391891891892
46,2348,19,-21.4391891891892
46,2349,48,72.7037037037037
46,2350,148,171.176870748299
46,2351,118,140.806818181818
46,2352,74,-230.405940594059
46,2353,156,103.217391304348
46,2354,116,-3.07692307692308
46,2355,-26,19.8
46,2356,-42,2.23493975903614
46,2357,-114,-55.0141843971631
46,2358,-398,-55.0141843971631
46,2359,57,-55.0141843971631
46,2360,-4,-26.7837837837838
46,2361,48,2.23493975903614
46,2362,-21,171.176870748299
46,2363,-13,2.23493975903614
46,2364,13,-21.4391891891892
46,2365,-61,-1.30769230769231
46,2366,-9,-55.0141843971631
46,2367,0,-21.4391891891892
46,2368,-28,2.23493975903614
46,2369,-50,2.23493975903614
46,2370,-18,-55.0141843971631
46,2371,27,-21.4391891891892
46,2372,-20,72.7037037037037
46,2373,35,2.23493975903614
46,2374,100,72.7037037037037
46,2375,129,140.806818181818
46,2376,196,233.047619047619
46,2377,90,103.217391304348
46,2378,172,-156.373493975904
46,2379,-28,103.217391304348
46,2380,-82,-113.275862068966
46,2381,49,-55.0141843971631
46,2382,5,-26.7837837837838
46,2383,-30,2.23493975903614
46,2384,-111,2.23493975903614
46,2385,-64,-55.0141843971631
46,2386,-140,-55.0141843971631
46,2387,-150,-55.0141843971631
46,2388,-17,-55.0141843971631
46,2389,-97,-21.4391891891892
46,2390,-51,-6.05263157894737
46,2391,-23,-55.0141843971631
46,2392,-1,-21.4391891891892
46,2393,-5,-21.4391891891892
46,2394,-7,2.23493975903614
46,2395,35,2.23493975903614
46,2396,140,72.7037037037037
46,2397,267,233.047619047619
46,2398,283,-230.405940594059
46,2399,-369,-303.71875
46,2400,-151,-156.373493975904
46,2401,26,3.2
46,2402,96,39.8297872340426
46,2403,-9,-26.7837837837838
46,2404,17,2.23493975903614
46,2405,6,-19
46,2406,142,116.877777777778
46,2407,383,313.191489361702
46,2408,97,-16.8461538461538
46,2409,-335,-156.373493975904
46,2410,-243,-152.714285714286
46,2411,-105,-100.740740740741
46,2412,-126,6.75
46,2413,-66,-55.0141843971631
46,2414,-61,-55.0141843971631
46,2415,-22,-6.05263157894737
46,2416,-4,116.877777777778
46,2417,2,-1.30769230769231
46,2418,1,2.23493975903614
46,2419,35,2.23493975903614
46,2420,167,72.7037037037037
46,2421,385,233.047619047619
46,2422,154,-230.405940594059
46,2423,-392,-303.71875
46,2424,-162,-113.275862068966
46,2425,51,-100.740740740741
46,2426,69,-26.7837837837838
46,2427,12,-26.7837837837838
46,2428,-73,-19
46,2429,71,-6.05263157894737
46,2430,210,140.806818181818
46,2431,434,313.191489361702
46,2432,-93,-156.373493975904
46,2433,-281,-215.448979591837
46,2434,-135,-152.714285714286
46,2435,-151,-100.740740740741
46,2436,-94,-55.0141843971631
46,2437,-107,-55.0141843971631
46,2438,-60,-55.0141843971631
46,2439,-28,-6.05263157894737
46,2440,-10,-1.30769230769231
46,2441,-4,-21.4391891891892
46,2442,-2,2.23493975903614
46,2443,43,2.23493975903614
46,2444,157,72.7037037037037
46,2445,352,233.047619047619
46,2446,213,-230.405940594059
46,2447,-442,-303.71875
46,2448,-123,-156.373493975904
46,2449,27,-100.740740740741
46,2450,120,39.8297872340426
46,2451,-29,-26.7837837837838
46,2452,-45,2.23493975903614
46,2453,40,-6.05263157894737
46,2454,191,116.877777777778
46,2455,416,313.191489361702
46,2456,52,-230.405940594059
46,2457,-342,-215.448979591837
46,2458,-165,-152.714285714286
46,2459,-164,-100.740740740741
46,2460,-94,-55.0141843971631
46,2461,-85,-55.0141843971631
46,2462,-70,-55.0141843971631
46,2463,-29,-6.05263157894737
46,2464,-19,-1.30769230769231
46,2465,2,-21.4391891891892
46,2466,-5,-21.4391891891892
46,2467,51,2.23493975903614
46,2468,138,171.176870748299
46,2469,376,233.047619047619
46,2470,187,-230.405940594059
46,2471,-420,-303.71875
46,2472,-126,-113.275862068966
46,2473,42,-100.740740740741
46,2474,43,39.8297872340426
46,2475,-14,-19
46,2476,-9,2.23493975903614
46,2477,78,2.23493975903614
46,2478,139,140.806818181818
46,2479,393,313.191489361702
46,2480,-32,-230.405940594059
46,2481,-178,-215.448979591837
46,2482,-211,-152.714285714286
46,2483,-146,-100.740740740741
46,2484,-66,6.75
46,2485,-81,-55.0141843971631
46,2486,-83,-55.0141843971631
46,2487,-46,-6.05263157894737
46,2488,-11,-6.05263157894737
46,2489,-16,-1.30769230769231
46,2490,-2,2.23493975903614
46,2491,29,-21.4391891891892
46,2492,111,72.7037037037037
46,2493,302,233.047619047619
46,2494,312,233.047619047619
46,2495,-419,-303.71875
46,2496,-101,-156.373493975904
46,2497,34,3.2
46,2498,129,39.8297872340426
46,2499,-1,-26.7837837837838
46,2500,-37,2.23493975903614
46,2501,-4,2.23493975903614
46,2502,196,116.877777777778
46,2503,331,313.191489361702
46,2504,-86,-16.8461538461538
46,2505,-229,-215.448979591837
46,2506,-175,-152.714285714286
46,2507,-92,-100.740740740741
46,2508,-83,-55.0141843971631
46,2509,-34,-55.0141843971631
46,2510,12,-21.4391891891892
46,2511,-98,72.7037037037037
46,2512,-16,-6.05263157894737
46,2513,-56,-21.4391891891892
46,2514,-31,-55.0141843971631
46,2515,10,-21.4391891891892
46,2516,17,72.7037037037037
46,2517,40,39.8297872340426
46,2518,139,72.7037037037037
46,2519,130,140.806818181818
46,2520,100,19.8
46,2521,185,103.217391304348
46,2522,79,-3.07692307692308
46,2523,-2,19.8
46,2524,11,2.23493975903614
46,2525,-61,-19
46,2526,129,-55.0141843971631
46,2527,-54,-26.7837837837838
46,2528,-115,-55.0141843971631
46,2529,-136,-55.0141843971631
46,2530,-148,-55.0141843971631
46,2531,-34,-55.0141843971631
46,2532,-17,-21.4391891891892
46,2533,-50,-21.4391891891892
46,2534,-78,-6.05263157894737
46,2535,-34,-6.05263157894737
46,2536,-28,-21.4391891891892
46,2537,-41,-21.4391891891892
46,2538,-40,-55.0141843971631
46,2539,5,-21.4391891891892
46,2540,22,-21.4391891891892
46,2541,36,72.7037037037037
46,2542,57,72.7037037037037
46,2543,168,140.806818181818
46,2544,194,103.217391304348
46,2545,69,19.8
46,2546,97,19.8
46,2547,38,-3.07692307692308
46,2548,-59,-19
46,2549,-78,-55.0141843971631
46,2550,39,-55.0141843971631
46,2551,-26,-19
46,2552,-89,2.23493975903614
46,2553,-78,-55.0141843971631
46,2554,-79,-55.0141843971631
46,2555,-133,-55.0141843971631
46,2556,-64,-55.0141843971631
46,2557,-33,-55.0141843971631
46,2558,-49,-21.4391891891892
46,2559,-24,-55.0141843971631
46,2560,-8,-21.4391891891892
46,2561,-6,-21.4391891891892
46,2562,4,2.23493975903614
46,2563,34,2.23493975903614
46,2564,119,72.7037037037037
46,2565,328,233.047619047619
46,2566,191,7
46,2567,-384,-303.71875
46,2568,-97,-113.275862068966
46,2569,50,-100.740740740741
46,2570,43,-26.7837837837838
46,2571,48,-19
46,2572,-11,-65.8571428571429
46,2573,6,2.23493975903614
46,2574,115,116.877777777778
46,2575,389,313.191489361702
46,2576,-68,-26.7837837837838
46,2577,-288,-215.448979591837
46,2578,-146,-152.714285714286
46,2579,-107,-100.740740740741
46,2580,-104,-55.0141843971631
46,2581,-59,-55.0141843971631
46,2582,-57,-55.0141843971631
46,2583,-8,-6.05263157894737
46,2584,-1,-1.30769230769231
46,2585,2,2.23493975903614
46,2586,1,2.23493975903614
46,2587,41,2.23493975903614
46,2588,119,72.7037037037037
46,2589,189,233.047619047619
46,2590,316,195.05612244898
46,2591,-379,-230.405940594059
46,2592,-133,-156.373493975904
46,2593,-9,3.2
46,2594,-63,-21.4391891891892
46,2595,26,-55.0141843971631
46,2596,29,-19
46,2597,-107,-19
46,2598,105,-6.05263157894737
46,2599,197,313.191489361702
46,2600,-57,140.806818181818
46,2601,43,-156.373493975904
46,2602,-34,39.8297872340426
46,2603,-83,2.23493975903614
46,2604,-56,-55.0141843971631
46,2605,-73,-55.0141843971631
46,2606,-52,-55.0141843971631
46,2607,-14,-55.0141843971631
46,2608,-9,-21.4391891891892
46,2609,2,2.23493975903614
46,2610,5,2.23493975903614
46,2611,46,2.23493975903614
46,2612,116,72.7037037037037
46,2613,373,233.047619047619
46,2614,252,7
46,2615,-435,-303.71875
46,2616,-170,-156.373493975904
46,2617,55,3.2
46,2618,66,-26.7837837837838
46,2619,-24,-26.7837837837838
46,2620,-3,2.23493975903614
46,2621,25,-21.4391891891892
46,2622,155,116.877777777778
46,2623,420,313.191489361702
46,2624,6,-16.8461538461538
46,2625,-281,-215.448979591837
46,2626,-202,-152.714285714286
46,2627,-60,-100.740740740741
46,2628,-120,6.75
46,2629,-106,-55.0141843971631
46,2630,-65,-55.0141843971631
46,2631,-40,-6.05263157894737
46,2632,-7,-1.30769230769231
46,2633,-5,-1.30769230769231
46,2634,0,2.23493975903614
46,2635,50,2.23493975903614
46,2636,114,171.176870748299
46,2637,364,233.047619047619
46,2638,256,233.047619047619
46,2639,-435,-303.71875
46,2640,-165,-156.373493975904
46,2641,53,3.2
46,2642,47,-26.7837837837838
46,2643,46,-26.7837837837838
46,2644,-38,-19
46,2645,-7,2.23493975903614
46,2646,166,116.877777777778
46,2647,519,313.191489361702
46,2648,-76,19.8
46,2649,-297,-215.448979591837
46,2650,-186,-152.714285714286
46,2651,-143,-100.740740740741
46,2652,13,6.75
46,2653,-133,39.8297872340426
46,2654,-88,-55.0141843971631
46,2655,-17,-6.05263157894737
46,2656,-35,-1.30769230769231
46,2657,-2,-21.4391891891892
46,2658,-2,-21.4391891891892
46,2659,39,2.23493975903614
46,2660,116,72.7037037037037
46,2661,338,233.047619047619
46,2662,254,195.05612244898
46,2663,-374,-303.71875
46,2664,-158,-156.373493975904
46,2665,96,3.2
46,2666,68,-26.7837837837838
46,2667,32,-26.7837837837838
46,2668,-9,-19
46,2669,11,2.23493975903614
46,2670,144,116.877777777778
46,2671,279,313.191489361702
46,2672,-41,19.8
46,2673,-217,-168.673758865248
46,2674,-219,-152.714285714286
46,2675,-57,-100.740740740741
46,2676,-17,6.75
46,2677,-109,-21.4391891891892
46,2678,-14,-55.0141843971631
46,2679,-48,-21.4391891891892
46,2680,-41,-6.05263157894737
46,2681,-38,-55.0141843971631
46,2682,-30,-21.4391891891892
46,2683,2,-21.4391891891892
46,2684,24,-21.4391891891892
46,2685,36,72.7037037037037
46,2686,141,72.7037037037037
46,2687,159,233.047619047619
46,2688,97,-230.405940594059
46,2689,152,19.8
46,2690,62,-3.07692307692308
46,2691,19,19.8
46,2692,-53,-19
46,2693,96,-55.0141843971631
46,2694,-70,-26.7837837837838
46,2695,-34,-55.0141843971631
46,2696,-48,-21.4391891891892
46,2697,-191,-55.0141843971631
46,2698,-82,-55.0141843971631
46,2699,-64,6.75
46,2700,-22,-55.0141843971631
46,2701,-68,-21.4391891891892
46,2702,9,-55.0141843971631
46,2703,-38,-21.4391891891892
46,2704,-47,-1.30769230769231
46,2705,-41,-55.0141843971631
46,2706,-44,-55.0141843971631
46,2707,-4,-55.0141843971631
46,2708,10,-21.4391891891892
46,2709,41,39.8297872340426
46,2710,118,72.7037037037037
46,2711,101,233.047619047619
46,2712,213,7
46,2713,81,103.217391304348
46,2714,206,-156.373493975904
46,2715,-74,-3.07692307692308
46,2716,-36,-156.373493975904
46,2717,-26,-21.4391891891892
46,2718,51,-21.4391891891892
46,2719,32,-26.7837837837838
46,2720,-183,-19
46,2721,-127,-55.0141843971631
46,2722,-161,6.75
46,2723,-56,-55.0141843971631
46,2724,-58,-55.0141843971631
46,2725,-38,-55.0141843971631
46,2726,-36,-21.4391891891892
46,2727,-46,-21.4391891891892
46,2728,-10,-6.05263157894737
46,2729,-3,-21.4391891891892
46,2730,3,2.23493975903614
46,2731,29,2.23493975903614
46,2732,131,72.7037037037037
46,2733,362,195.05612244898
46,2734,220,-230.405940594059
46,2735,-422,-303.71875
46,2736,-130,-156.373493975904
46,2737,40,-100.740740740741
46,2738,104,39.8297872340426
46,2739,-14,-26.7837837837838
46,2740,-25,2.23493975903614
46,2741,-3,2.23493975903614
46,2742,216,116.877777777778
46,2743,382,313.191489361702
46,2744,-45,-16.8461538461538
46,2745,-263,-215.448979591837
46,2746,-158,-152.714285714286
46,2747,-176,-100.740740740741
46,2748,-84,-55.0141843971631
46,2749,-78,-55.0141843971631
46,2750,-30,-55.0141843971631
46,2751,-51,-21.4391891891892
46,2752,1,-6.05263157894737
46,2753,-9,-21.4391891891892
46,2754,4,2.23493975903614
46,2755,38,2.23493975903614
46,2756,147,72.7037037037037
46,2757,362,195.05612244898
46,2758,249,-230.405940594059
46,2759,-396,-303.71875
46,2760,-239,-156.373493975904
46,2761,48,3.2
46,2762,84,-26.7837837837838
46,2763,3,-26.7837837837838
46,2764,-12,2.23493975903614
46,2765,10,2.23493975903614
46,2766,192,116.877777777778
46,2767,472,313.191489361702
46,2768,-145,-16.8461538461538
46,2769,-283,-215.448979591837
46,2770,-114,-152.714285714286
46,2771,-128,-100.740740740741
46,2772,-109,-55.0141843971631
46,2773,-90,-55.0141843971631
46,2774,-58,-6.05263157894737
46,2775,-11,-6.05263157894737
46,2776,-12,-1.30769230769231
46,2777,-7,2.23493975903614
46,2778,4,2.23493975903614
46,2779,22,2.23493975903614
46,2780,146,72.7037037037037
46,2781,350,233.047619047619
46,2782,306,-16.8461538461538
46,2783,-504,-303.71875
46,2784,-149,-156.373493975904
46,2785,42,3.2
46,2786,89,-19
46,2787,24,-26.7837837837838
46,2788,-63,-19
46,2789,23,-6.05263157894737
46,2790,168,116.877777777778
46,2791,485,313.191489361702
46,2792,-69,19.8
46,2793,-257,-215.448979591837
46,2794,-193,-152.714285714286
46,2795,-74,-100.740740740741
46,2796,-145,6.75
46,2797,-100,-55.0141843971631
46,2798,-50,-55.0141843971631
46,2799,-44,-6.05263157894737
46,2800,-5,-6.05263157894737
46,2801,-9,-1.30769230769231
46,2802,1,2.23493975903614
46,2803,58,2.23493975903614
46,2804,103,171.176870748299
46,2805,389,233.047619047619
46,2806,236,233.047619047619
46,2807,-459,-303.71875
46,2808,-127,-156.373493975904
46,2809,86,3.2
46,2810,41,-26.7837837837838
46,2811,-9,-19
46,2812,-68,2.23493975903614
46,2813,38,-6.05263157894737
46,2814,176,116.877777777778
46,2815,433,313.191489361702
46,2816,-6,-230.405940594059
46,2817,-340,-215.448979591837
46,2818,-102,-152.714285714286
46,2819,-204,-100.740740740741
46,2820,-206,-55.0141843971631
46,2821,-2,6.75
46,2822,-28,-21.4391891891892
46,2823,-4,2.23493975903614
46,2824,-3,-1.30769230769231
46,2825,-3,2.23493975903614
46,2826,5,-1.30769230769231
46,2827,26,-1.30769230769231
46,2828,100,187.636363636364
46,2829,256,195.05612244898
46,2830,311,194.05
46,2831,-279,-303.71875
46,2832,-181,-156.373493975904
46,2833,116,3.2
46,2834,19,-26.7837837837838
46,2835,30,-19
46,2836,-11,-19
46,2837,-7,2.23493975903614
46,2838,110,116.877777777778
46,2839,306,256.245283018868
46,2840,-141,-26.7837837837838
46,2841,-159,-215.448979591837
46,2842,-172,-152.714285714286
46,2843,-99,-100.740740740741
46,2844,-17,-55.0141843971631
46,2845,-30,-21.4391891891892
46,2846,-41,-21.4391891891892
46,2847,-48,-6.05263157894737
46,2848,-9,-6.05263157894737
46,2849,-63,-21.4391891891892
46,2850,-15,-55.0141843971631
46,2851,1,-21.4391891891892
46,2852,22,2.23493975903614
46,2853,36,72.7037037037037
46,2854,138,72.7037037037037
46,2855,121,195.05612244898
46,2856,140,-230.405940594059
46,2857,191,103.217391304348
46,2858,19,19.8
46,2859,4,19.8
46,2860,64,2.23493975903614
46,2861,-23,-26.7837837837838
46,2862,-5,2.23493975903614
46,2863,-10,-21.4391891891892
46,2864,-118,2.23493975903614
46,2865,-124,-55.0141843971631
46,2866,-155,-55.0141843971631
46,2867,-23,-55.0141843971631
46,2868,-71,-21.4391891891892
46,2869,-25,-55.0141843971631
46,2870,-49,-21.4391891891892
46,2871,-31,-6.05263157894737
46,2872,-24,-21.4391891891892
46,2873,-34,-21.4391891891892
46,2874,-51,-21.4391891891892
46,2875,3,-55.0141843971631
46,2876,12,-21.4391891891892
46,2877,35,72.7037037037037
46,2878,87,72.7037037037037
46,2879,141,195.05612244898
46,2880,194,7
46,2881,112,19.8
46,2882,89,19.8
46,2883,-86,-3.07692307692308
46,2884,18,-55.0141843971631
46,2885,37,-19
46,2886,-1,-19
46,2887,-73,2.23493975903614
46,2888,-174,-55.0141843971631
46,2889,-144,-55.0141843971631
46,2890,-63,-55.0141843971631
46,2891,-71,-55.0141843971631
46,2892,-32,-55.0141843971631
46,2893,-34,-21.4391891891892
46,2894,-12,-21.4391891891892
46,2895,-27,-21.4391891891892
46,2896,-6,2.23493975903614
46,2897,-5,-21.4391891891892
46,2898,3,2.23493975903614
46,2899,26,2.23493975903614
46,2900,119,72.7037037037037
46,2901,328,195.05612244898
46,2902,301,195.05612244898
46,2903,-444,-303.71875
46,2904,-161,-156.373493975904
46,2905,93,3.2
46,2906,51,-26.7837837837838
46,2907,-18,-26.7837837837838
46,2908,-61,2.23493975903614
46,2909,85,-6.05263157894737
46,2910,130,140.806818181818
46,2911,397,313.191489361702
46,2912,-243,-65.8571428571429
46,2913,-97,-215.448979591837
46,2914,-254,-152.714285714286
46,2915,-44,-100.740740740741
46,2916,-11,6.75
46,2917,-102,-21.4391891891892
46,2918,-74,-6.05263157894737
46,2919,-20,-55.0141843971631
46,2920,-9,-21.4391891891892
46,2921,3,-1.30769230769231
46,2922,5,2.23493975903614
46,2923,33,2.23493975903614
46,2924,136,72.7037037037037
46,2925,81,233.047619047619
46,2926,-126,-168.673758865248
46,2927,-48,-55.0141843971631
46,2928,-41,-55.0141843971631
46,2929,54,-55.0141843971631
46,2930,5,-26.7837837837838
46,2931,50,2.23493975903614
46,2932,9,-65.8571428571429
46,2933,46,2.23493975903614
46,2934,165,72.7037037037037
46,2935,341,140.806818181818
46,2936,-28,19.8
46,2937,-292,-156.373493975904
46,2938,-89,-152.714285714286
46,2939,-17,-100.740740740741
46,2940,-49,-21.4391891891892
46,2941,-142,-55.0141843971631
46,2942,-46,-55.0141843971631
46,2943,-33,-6.05263157894737
46,2944,-10,-1.30769230769231
46,2945,-2,-21.4391891891892
46,2946,4,2.23493975903614
46,2947,23,2.23493975903614
46,2948,143,72.7037037037037
46,2949,338,233.047619047619
46,2950,294,-16.8461538461538
46,2951,-447,-303.71875
46,2952,-187,-156.373493975904
46,2953,55,3.2
46,2954,128,-26.7837837837838
46,2955,-79,-26.7837837837838
46,2956,-28,-55.0141843971631
46,2957,68,-21.4391891891892
46,2958,159,140.806818181818
46,2959,439,313.191489361702
46,2960,-107,-230.405940594059
46,2961,-217,-215.448979591837
46,2962,-96,-152.714285714286
46,2963,-288,-100.740740740741
46,2964,32,-55.0141843971631
46,2965,-21,-19
46,2966,-144,2.23493975903614
46,2967,-51,-6.05263157894737
46,2968,-12,-55.0141843971631
46,2969,-2,-21.4391891891892
46,2970,-1,-1.30769230769231
46,2971,29,2.23493975903614
46,2972,94,72.7037037037037
46,2973,258,233.047619047619
46,2974,347,233.047619047619
46,2975,-379,-303.71875
46,2976,-182,-156.373493975904
46,2977,37,3.2
46,2978,74,39.8297872340426
46,2979,6,-26.7837837837838
46,2980,-27,2.23493975903614
46,2981,58,2.23493975903614
46,2982,172,140.806818181818
46,2983,404,313.191489361702
46,2984,-14,-230.405940594059
46,2985,-353,-215.448979591837
46,2986,-93,-152.714285714286
46,2987,-120,-100.740740740741
46,2988,-89,-55.0141843971631
46,2989,-77,-55.0141843971631
46,2990,-53,-55.0141843971631
46,2991,-56,-6.05263157894737
46,2992,-35,-55.0141843971631
46,2993,5,-21.4391891891892
46,2994,-5,-21.4391891891892
46,2995,30,2.23493975903614
46,2996,96,72.7037037037037
46,2997,291,140.806818181818
46,2998,357,233.047619047619
46,2999,-401,-303.71875
46,3000,-124,-156.373493975904
46,3001,44,-152.714285714286
46,3002,164,39.8297872340426
46,3003,-44,-26.7837837837838
46,3004,-24,-168.673758865248
46,3005,70,-21.4391891891892
46,3006,164,140.806818181818
46,3007,266,313.191489361702
46,3008,-139,-230.405940594059
46,3009,-261,-168.673758865248
46,3010,-128,-152.714285714286
46,3011,-105,6.75
46,3012,-3,-55.0141843971631
46,3013,-93,-21.4391891891892
46,3014,20,-6.05263157894737
46,3015,-50,72.7037037037037
46,3016,-66,-6.05263157894737
46,3017,-19,-6.05263157894737
46,3018,-45,-21.4391891891892
46,3019,-1,-55.0141843971631
46,3020,20,-21.4391891891892
46,3021,54,39.8297872340426
46,3022,122,171.176870748299
46,3023,189,233.047619047619
46,3024,144,103.217391304348
46,3025,108,19.8
46,3026,96,19.8
46,3027,-33,-3.07692307692308
46,3028,-134,2.23493975903614
46,3029,44,-55.0141843971631
46,3030,39,-19
46,3031,-49,-19
46,3032,-115,-55.0141843971631
46,3033,-154,-55.0141843971631
46,3034,-94,-6.05263157894737
46,3035,-32,-55.0141843971631
46,3036,-30,-21.4391891891892
46,3037,-6,-21.4391891891892
46,3038,-52,-21.4391891891892
46,3039,-18,-6.05263157894737
46,3040,-35,-21.4391891891892
46,3041,-52,-21.4391891891892
46,3042,-11,-55.0141843971631
46,3043,-1,-21.4391891891892
46,3044,13,2.23493975903614
46,3045,12,72.7037037037037
46,3046,27,72.7037037037037
46,3047,24,72.7037037037037
46,3048,99,72.7037037037037
46,3049,151,140.806818181818
46,3050,56,194.05
46,3051,-72,19.8
46,3052,-6,-55.0141843971631
46,3053,-8,-21.4391891891892
46,3054,27,2.23493975903614
46,3055,-176,-19
46,3056,-51,-55.0141843971631
46,3057,8,-55.0141843971631
46,3058,2,-21.4391891891892
46,3059,-3,2.23493975903614
46,3060,-34,2.23493975903614
46,3061,1,2.23493975903614
46,3062,-29,-21.4391891891892
46,3063,-14,2.23493975903614
46,3064,-22,-21.4391891891892
46,3065,-5,2.23493975903614
46,3066,-3,-21.4391891891892
46,3067,12,2.23493975903614
46,3068,40,72.7037037037037
46,3069,95,72.7037037037037
46,3070,243,195.05612244898
46,3071,-65,7
46,3072,-34,-156.373493975904
46,3073,10,-21.4391891891892
46,3074,33,39.8297872340426
46,3075,64,-19
46,3076,15,-26.7837837837838
46,3077,-50,-19
46,3078,7,-55.0141843971631
46,3079,120,-21.4391891891892
46,3080,-41,-26.7837837837838
46,3081,-85,-55.0141843971631
46,3082,-144,-55.0141843971631
46,3083,-76,-55.0141843971631
46,3084,-44,-55.0141843971631
46,3085,-38,-55.0141843971631
46,3086,-38,-21.4391891891892
46,3087,-18,-21.4391891891892
46,3088,-6,-21.4391891891892
46,3089,-4,-21.4391891891892
46,3090,4,2.23493975903614
46,3091,12,2.23493975903614
46,3092,124,72.7037037037037
46,3093,219,195.05612244898
46,3094,351,140.806818181818
46,3095,-331,-303.71875
46,3096,-218,-156.373493975904
46,3097,29,3.2
46,3098,67,-19
46,3099,-22,-26.7837837837838
46,3100,6,2.23493975903614
46,3101,10,-21.4391891891892
46,3102,170,116.877777777778
46,3103,382,313.191489361702
46,3104,-22,-16.8461538461538
46,3105,-270,-215.448979591837
46,3106,-154,-152.714285714286
46,3107,-135,-100.740740740741
46,3108,-63,-55.0141843971631
46,3109,-78,-55.0141843971631
46,3110,-51,-55.0141843971631
46,3111,-25,-6.05263157894737
46,3112,0,-1.30769230769231
46,3113,-2,-21.4391891891892
46,3114,0,2.23493975903614
46,3115,34,2.23493975903614
46,3116,135,72.7037037037037
46,3117,332,233.047619047619
46,3118,332,-230.405940594059
46,3119,-473,-303.71875
46,3120,-149,-156.373493975904
46,3121,74,3.2
46,3122,99,-26.7837837837838
46,3123,-93,-26.7837837837838
46,3124,-26,-55.0141843971631
46,3125,48,-21.4391891891892
46,3126,247,140.806818181818
46,3127,382,313.191489361702
46,3128,-104,-303.71875
46,3129,-278,-215.448979591837
46,3130,-174,-152.714285714286
46,3131,-123,-100.740740740741
46,3132,-72,-55.0141843971631
46,3133,-61,-55.0141843971631
46,3134,-94,-6.05263157894737
46,3135,-31,-6.05263157894737
46,3136,0,-1.30769230769231
46,3137,-8,-21.4391891891892
46,3138,7,2.23493975903614
46,3139,32,2.23493975903614
46,3140,117,72.7037037037037
46,3141,319,233.047619047619
46,3142,320,140.806818181818
46,3143,-443,-303.71875
46,3144,-151,-156.373493975904
46,3145,47,3.2
46,3146,75,-26.7837837837838
46,3147,-35,-26.7837837837838
46,3148,57,2.23493975903614
46,3149,112,-3.07692307692308
46,3150,21,140.806818181818
46,3151,346,187.636363636364
46,3152,-135,-3.07692307692308
46,3153,51,-156.373493975904
46,3154,-328,103.217391304348
46,3155,-155,-100.740740740741
46,3156,-83,6.75
46,3157,9,-55.0141843971631
46,3158,-118,-21.4391891891892
46,3159,-31,-55.0141843971631
46,3160,-21,-21.4391891891892
46,3161,-10,-1.30769230769231
46,3162,2,-21.4391891891892
46,3163,27,2.23493975903614
46,3164,108,39.8297872340426
46,3165,249,233.047619047619
46,3166,353,195.05612244898
46,3167,-345,-303.71875
46,3168,-125,-156.373493975904
46,3169,38,3.2
46,3170,74,39.8297872340426
46,3171,-6,-26.7837837837838
46,3172,-10,2.23493975903614
46,3173,84,2.23493975903614
46,3174,65,140.806818181818
46,3175,317,313.191489361702
46,3176,-195,-65.8571428571429
46,3177,-149,-215.448979591837
46,3178,-185,-152.714285714286
46,3179,-118,-100.740740740741
46,3180,-30,6.75
46,3181,-60,-21.4391891891892
46,3182,149,-6.05263157894737
46,3183,-103,233.047619047619
46,3184,-79,-16.8461538461538
46,3185,-52,-6.05263157894737
46,3186,-4,-55.0141843971631
46,3187,0,-21.4391891891892
46,3188,17,2.23493975903614
46,3189,42,39.8297872340426
46,3190,104,72.7037037037037
46,3191,92,233.047619047619
46,3192,81,7
46,3193,180,-3.07692307692308
46,3194,46,-3.07692307692308
46,3195,97,19.8
46,3196,-73,-3.07692307692308
46,3197,18,-55.0141843971631
46,3198,22,-19
46,3199,-109,-19
46,3200,-55,-55.0141843971631
46,3201,-141,-55.0141843971631
46,3202,-77,-55.0141843971631
46,3203,-51,-55.0141843971631
46,3204,-15,-55.0141843971631
46,3205,-64,-21.4391891891892
46,3206,-14,-55.0141843971631
46,3207,1,-21.4391891891892
46,3208,-46,2.23493975903614
46,3209,-38,-55.0141843971631
46,3210,-16,-21.4391891891892
46,3211,-1,-21.4391891891892
46,3212,13,-21.4391891891892
46,3213,27,72.7037037037037
46,3214,81,72.7037037037037
46,3215,91,171.176870748299
46,3216,205,140.806818181818
46,3217,66,103.217391304348
46,3218,68,-156.373493975904
46,3219,57,-3.07692307692308
46,3220,-2,-3.07692307692308
46,3221,-49,2.23493975903614
46,3222,13,-55.0141843971631
46,3223,-42,-19
46,3224,-86,-55.0141843971631
46,3225,-117,-55.0141843971631
46,3226,-90,-55.0141843971631
46,3227,-50,-55.0141843971631
46,3228,-71,-55.0141843971631
46,3229,-20,-55.0141843971631
46,3230,-57,-21.4391891891892
46,3231,-19,-6.05263157894737
46,3232,-23,-21.4391891891892
46,3233,-2,-21.4391891891892
46,3234,6,-21.4391891891892
46,3235,30,2.23493975903614
46,3236,107,72.7037037037037
46,3237,329,233.047619047619
46,3238,261,140.806818181818
46,3239,-378,-303.71875
46,3240,-191,-156.373493975904
46,3241,95,3.2
46,3242,21,-26.7837837837838
46,3243,-138,-19
46,3244,39,-55.0141843971631
46,3245,75,-19
46,3246,187,140.806818181818
46,3247,319,313.191489361702
46,3248,-174,-230.405940594059
46,3249,-353,-156.373493975904
46,3250,17,-152.714285714286
46,3251,-50,39.8297872340426
46,3252,-80,-55.0141843971631
46,3253,-45,-55.0141843971631
46,3254,-33,-6.05263157894737
46,3255,-35,-21.4391891891892
46,3256,-10,-1.30769230769231
46,3257,-1,-21.4391891891892
46,3258,5,2.23493975903614
46,3259,45,2.23493975903614
46,3260,120,72.7037037037037
46,3261,353,195.05612244898
46,3262,310,7
46,3263,-480,-303.71875
46,3264,-133,-156.373493975904
46,3265,6,3.2
46,3266,97,-21.4391891891892
46,3267,3,-26.7837837837838
46,3268,-20,2.23493975903614
46,3269,38,2.23493975903614
46,3270,100,116.877777777778
46,3271,497,313.191489361702
46,3272,-105,194.05
46,3273,-307,-215.448979591837
46,3274,-99,-152.714285714286
46,3275,-237,-100.740740740741
46,3276,-14,-55.0141843971631
46,3277,18,-21.4391891891892
46,3278,-150,-19
46,3279,-32,-6.05263157894737
46,3280,-1,-1.30769230769231
46,3281,-9,-21.4391891891892
46,3282,-3,-1.30769230769231
46,3283,37,2.23493975903614
46,3284,137,39.8297872340426
46,3285,286,233.047619047619
46,3286,353,-230.405940594059
46,3287,-435,-303.71875
46,3288,-154,-156.373493975904
46,3289,6,3.2
46,3290,98,-21.4391891891892
46,3291,-22,-26.7837837837838
46,3292,-40,2.23493975903614
46,3293,31,-21.4391891891892
46,3294,165,116.877777777778
46,3295,422,313.191489361702
46,3296,-4,-230.405940594059
46,3297,-368,-215.448979591837
46,3298,-102,-152.714285714286
46,3299,-85,-100.740740740741
46,3300,-114,-55.0141843971631
46,3301,-116,-55.0141843971631
46,3302,-42,-55.0141843971631
46,3303,-43,-6.05263157894737
46,3304,0,-6.05263157894737
46,3305,-9,-21.4391891891892
46,3306,0,2.23493975903614
46,3307,37,2.23493975903614
46,3308,111,72.7037037037037
46,3309,355,233.047619047619
46,3310,326,233.047619047619
46,3311,-447,-303.71875
46,3312,-169,-156.373493975904
46,3313,50,3.2
46,3314,109,-26.7837837837838
46,3315,-45,-26.7837837837838
46,3316,-47,-55.0141843971631
46,3317,68,-6.05263157894737
46,3318,97,140.806818181818
46,3319,440,313.191489361702
46,3320,-102,-65.8571428571429
46,3321,-275,-215.448979591837
46,3322,-126,-152.714285714286
46,3323,-104,-100.740740740741
46,3324,-54,-55.0141843971631
46,3325,-112,-55.0141843971631
46,3326,-61,-6.05263157894737
46,3327,-40,-6.05263157894737
46,3328,-6,-1.30769230769231
46,3329,-5,-21.4391891891892
46,3330,1,2.23493975903614
46,3331,30,2.23493975903614
46,3332,95,72.7037037037037
46,3333,23,233.047619047619
46,3334,313,72.7037037037037
46,3335,-78,103.217391304348
46,3336,-165,-156.373493975904
46,3337,28,3.2
46,3338,80,39.8297872340426
46,3339,43,-26.7837837837838
46,3340,-10,-19
46,3341,30,2.23493975903614
46,3342,170,72.7037037037037
46,3343,-140,140.806818181818
46,3344,-192,-113.275862068966
46,3345,-1,-55.0141843971631
46,3346,-3,-21.4391891891892
46,3347,-23,2.23493975903614
46,3348,-16,2.23493975903614
46,3349,-59,-21.4391891891892
46,3350,-8,-6.05263157894737
46,3351,-28,-1.30769230769231
46,3352,-17,2.23493975903614
46,3353,-49,-21.4391891891892
46,3354,-11,-55.0141843971631
46,3355,-5,-21.4391891891892
46,3356,18,2.23493975903614
46,3357,34,72.7037037037037
46,3358,128,72.7037037037037
46,3359,170,195.05612244898
46,3360,60,7
46,3361,189,19.8
46,3362,91,-3.07692307692308
46,3363,11,19.8
46,3364,-3,-19
46,3365,0,2.23493975903614
46,3366,-20,2.23493975903614
46,3367,40,2.23493975903614
46,3368,-210,-19
46,3369,-176,-55.0141843971631
46,3370,-86,6.75
46,3371,37,-55.0141843971631
46,3372,-94,72.7037037037037
46,3373,-39,-55.0141843971631
46,3374,-9,-21.4391891891892
46,3375,-37,-1.30769230769231
46,3376,15,2.23493975903614
46,3377,-91,187.636363636364
46,3378,-20,-55.0141843971631
46,3379,-11,-21.4391891891892
46,3380,16,-21.4391891891892
46,3381,30,72.7037037037037
46,3382,87,72.7037037037037
46,3383,126,-26.7837837837838
46,3384,174,140.806818181818
46,3385,104,103.217391304348
46,3386,128,19.8
46,3387,-49,-3.07692307692308
46,3388,14,-55.0141843971631
46,3389,-17,-19
46,3390,-32,2.23493975903614
46,3391,-100,-21.4391891891892
46,3392,-78,-55.0141843971631
46,3393,-147,-55.0141843971631
46,3394,-71,-55.0141843971631
46,3395,-29,-55.0141843971631
46,3396,-53,-21.4391891891892
46,3397,-47,-6.05263157894737
46,3398,-35,-55.0141843971631
46,3399,-20,-21.4391891891892
46,3400,-6,-21.4391891891892
46,3401,1,-21.4391891891892
46,3402,1,2.23493975903614
46,3403,39,2.23493975903614
46,3404,98,72.7037037037037
46,3405,308,195.05612244898
46,3406,276,195.05612244898
46,3407,-368,-303.71875
46,3408,-148,-156.373493975904
46,3409,-1,3.2
46,3410,72,-21.4391891891892
46,3411,32,-26.7837837837838
46,3412,-33,-19
46,3413,14,2.23493975903614
46,3414,228,116.877777777778
46,3415,398,313.191489361702
46,3416,-136,-156.373493975904
46,3417,-272,-215.448979591837
46,3418,-111,-152.714285714286
46,3419,-229,-100.740740740741
46,3420,9,-55.0141843971631
46,3421,-20,-21.4391891891892
46,3422,-126,2.23493975903614
46,3423,-20,-6.05263157894737
46,3424,-10,-1.30769230769231
46,3425,-6,-21.4391891891892
46,3426,6,-1.30769230769231
46,3427,43,2.23493975903614
46,3428,108,72.7037037037037
46,3429,373,233.047619047619
46,3430,230,7
46,3431,-427,-303.71875
46,3432,-113,-156.373493975904
46,3433,32,-100.740740740741
46,3434,125,-19
46,3435,-75,-26.7837837837838
46,3436,-7,-55.0141843971631
46,3437,50,-21.4391891891892
46,3438,195,140.806818181818
46,3439,397,313.191489361702
46,3440,-112,-230.405940594059
46,3441,-344,-215.448979591837
46,3442,-103,-152.714285714286
46,3443,-84,-100.740740740741
46,3444,-101,-55.0141843971631
46,3445,-83,-55.0141843971631
46,3446,-65,-6.05263157894737
46,3447,-19,-6.05263157894737
46,3448,-21,-1.30769230769231
46,3449,-2,-21.4391891891892
46,3450,2,-21.4391891891892
46,3451,47,2.23493975903614
46,3452,120,171.176870748299
46,3453,353,233.047619047619
46,3454,275,195.05612244898
46,3455,-428,-303.71875
46,3456,-202,-156.373493975904
46,3457,65,3.2
46,3458,80,-26.7837837837838
46,3459,-10,-26.7837837837838
46,3460,-5,2.23493975903614
46,3461,7,2.23493975903614
46,3462,224,116.877777777778
46,3463,431,313.191489361702
46,3464,-105,-16.8461538461538
46,3465,-286,-215.448979591837
46,3466,-131,-152.714285714286
46,3467,-128,-100.740740740741
46,3468,-75,-55.0141843971631
46,3469,-115,-55.0141843971631
46,3470,-47,-6.05263157894737
46,3471,-48,-6.05263157894737
46,3472,-10,-6.05263157894737
46,3473,-10,-21.4391891891892
46,3474,-3,2.23493975903614
46,3475,50,2.23493975903614
46,3476,116,171.176870748299
46,3477,324,233.047619047619
46,3478,284,233.047619047619
46,3479,-436,-303.71875
46,3480,-118,-156.373493975904
46,3481,13,3.2
46,3482,81,39.8297872340426
46,3483,-6,-26.7837837837838
46,3484,-28,2.23493975903614
46,3485,20,2.23493975903614
46,3486,194,116.877777777778
46,3487,387,313.191489361702
46,3488,-77,-16.8461538461538
46,3489,-267,-215.448979591837
46,3490,-195,-152.714285714286
46,3491,-76,-100.740740740741
46,3492,-64,6.75
46,3493,-72,-55.0141843971631
46,3494,-64,-55.0141843971631
46,3495,-35,-6.05263157894737
46,3496,-17,-1.30769230769231
46,3497,-6,-1.30769230769231
46,3498,-8,-21.4391891891892
46,3499,45,2.23493975903614
46,3500,94,72.7037037037037
46,3501,277,233.047619047619
46,3502,313,195.05612244898
46,3503,-331,-303.71875
46,3504,-206,-156.373493975904
46,3505,93,3.2
46,3506,102,-26.7837837837838
46,3507,-55,-26.7837837837838
46,3508,14,-55.0141843971631
46,3509,97,-19
46,3510,134,140.806818181818
46,3511,235,313.191489361702
46,3512,-152,-230.405940594059
46,3513,-194,-156.373493975904
46,3514,-160,-55.0141843971631
46,3515,-19,6.75
46,3516,-75,-21.4391891891892
46,3517,-39,-55.0141843971631
46,3518,-36,-21.4391891891892
46,3519,4,-21.4391891891892
46,3520,-56,-1.30769230769231
46,3521,-64,-55.0141843971631
46,3522,-13,-55.0141843971631
46,3523,-4,-21.4391891891892
46,3524,22,2.23493975903614
46,3525,55,72.7037037037037
46,3526,127,71
46,3527,115,233.047619047619
46,3528,151,103.217391304348
46,3529,106,103.217391304348
46,3530,83,19.8
46,3531,92,-3.07692307692308
46,3532,-10,-3.07692307692308
46,3533,-39,2.23493975903614
46,3534,-99,2.23493975903614
46,3535,6,-55.0141843971631
46,3536,-162,-21.4391891891892
46,3537,-156,-55.0141843971631
46,3538,-4,-55.0141843971631
46,3539,-87,-21.4391891891892
46,3540,-52,-6.05263157894737
46,3541,10,-55.0141843971631
46,3542,-50,72.7037037037037
46,3543,16,-6.05263157894737
46,3544,-17,187.636363636364
46,3545,-37,2.23493975903614
46,3546,-59,-21.4391891891892
46,3547,8,-55.0141843971631
46,3548,11,-21.4391891891892
46,3549,26,72.7037037037037
46,3550,108,39.8297872340426
46,3551,157,140.806818181818
46,3552,104,140.806818181818
46,3553,28,19.8
46,3554,29,39.8297872340426
46,3555,-100,-19
46,3556,11,-55.0141843971631
46,3557,-101,-19
46,3558,-8,-55.0141843971631
46,3559,-68,-21.4391891891892
46,3560,-71,-55.0141843971631
46,3561,-100,-6.05263157894737
46,3562,1,-55.0141843971631
46,3563,-9,-21.4391891891892
46,3564,-9,2.23493975903614
46,3565,-23,2.23493975903614
46,3566,8,2.23493975903614
46,3567,94,-21.4391891891892
46,3568,10,233.047619047619
46,3569,-2,72.7037037037037
46,3570,-26,2.23493975903614
46,3571,26,2.23493975903614
46,3572,19,72.7037037037037
46,3573,-28,39.8297872340426
46,3574,-34,2.23493975903614
46,3575,-17,-21.4391891891892
46,3576,2,-21.4391891891892
46,3577,-27,-21.4391891891892
46,3578,-23,2.23493975903614
46,3579,-8,-21.4391891891892
46,3580,-1,-21.4391891891892
46,3581,-4,2.23493975903614
46,3582,2,2.23493975903614
46,3583,19,2.23493975903614
46,3584,92,72.7037037037037
46,3585,221,195.05612244898
46,3586,284,195.05612244898
46,3587,-324,-303.71875
46,3588,-129,-156.373493975904
46,3589,21,3.2
46,3590,52,39.8297872340426
46,3591,-28,-26.7837837837838
46,3592,11,2.23493975903614
46,3593,6,-19
46,3594,194,116.877777777778
46,3595,299,313.191489361702
46,3596,-139,-16.8461538461538
46,3597,-174,-156.373493975904
46,3598,-142,-152.714285714286
46,3599,-76,-100.740740740741
46,3600,-27,-55.0141843971631
46,3601,-64,-21.4391891891892
46,3602,-41,-6.05263157894737
46,3603,-30,-6.05263157894737
46,3604,-10,-21.4391891891892
46,3605,-5,-21.4391891891892
46,3606,-5,2.23493975903614
46,3607,30,2.23493975903614
46,3608,108,72.7037037037037
46,3609,272,233.047619047619
46,3610,260,195.05612244898
46,3611,-349,-303.71875
46,3612,-185,-156.373493975904
46,3613,24,3.2
46,3614,51,39.8297872340426
46,3615,27,-26.7837837837838
46,3616,-63,-19
46,3617,29,-6.05263157894737
46,3618,130,116.877777777778
46,3619,345,313.191489361702
46,3620,-11,-26.7837837837838
46,3621,-226,-215.448979591837
46,3622,-156,-152.714285714286
46,3623,-29,-100.740740740741
46,3624,-65,-21.4391891891892
46,3625,-82,-55.0141843971631
46,3626,-70,-55.0141843971631
46,3627,-26,-6.05263157894737
46,3628,-14,-1.30769230769231
46,3629,-7,-21.4391891891892
46,3630,4,2.23493975903614
46,3631,19,2.23493975903614
46,3632,96,72.7037037037037
46,3633,235,233.047619047619
46,3634,330,140.806818181818
46,3635,-305,-303.71875
46,3636,-178,-156.373493975904
46,3637,17,3.2
46,3638,71,-19
46,3639,2,-26.7837837837838
46,3640,-32,2.23493975903614
46,3641,44,2.23493975903614
46,3642,115,116.877777777778
46,3643,217,313.191489361702
46,3644,-116,-65.8571428571429
46,3645,-148,-168.673758865248
46,3646,-153,-55.0141843971631
46,3647,-65,-55.0141843971631
46,3648,-7,-55.0141843971631
46,3649,-30,-21.4391891891892
46,3650,-11,2.23493975903614
46,3651,-19,-21.4391891891892
46,3652,-43,2.23493975903614
46,3653,-18,-55.0141843971631
46,3654,-12,-21.4391891891892
46,3655,-7,-21.4391891891892
46,3656,12,2.23493975903614
46,3657,38,72.7037037037037
46,3658,83,72.7037037037037
46,3659,77,233.047619047619
46,3660,109,7
46,3661,12,103.217391304348
46,3662,54,72.7037037037037
46,3663,55,-3.07692307692308
46,3664,6,-26.7837837837838
46,3665,-7,2.23493975903614
46,3666,-48,2.23493975903614
46,3667,10,-55.0141843971631
46,3668,-113,-19
46,3669,-58,-55.0141843971631
46,3670,-58,-55.0141843971631
46,3671,-15,-55.0141843971631
46,3672,-20,-21.4391891891892
46,3673,2,2.23493975903614
46,3674,-46,-21.4391891891892
46,3675,63,-55.0141843971631
46,3676,-128,171.176870748299
46,3677,-26,-55.0141843971631
46,3678,-2,-21.4391891891892
46,3679,-4,-21.4391891891892
46,3680,11,2.23493975903614
46,3681,34,72.7037037037037
46,3682,99,39.8297872340426
46,3683,68,233.047619047619
46,3684,143,7
46,3685,85,-173.5
46,3686,59,19.8
46,3687,-11,-3.07692307692308
46,3688,16,2.23493975903614
46,3689,-60,-19
46,3690,-14,-55.0141843971631
46,3691,-108,-21.4391891891892
46,3692,-90,-55.0141843971631
46,3693,-10,-55.0141843971631
46,3694,-86,-21.4391891891892
46,3695,-54,-55.0141843971631
46,3696,-8,-55.0141843971631
46,3697,-26,-21.4391891891892
46,3698,-30,2.23493975903614
46,3699,-15,-21.4391891891892
46,3700,-2,-21.4391891891892
46,3701,-2,2.23493975903614
46,3702,12,2.23493975903614
46,3703,23,72.7037037037037
46,3704,100,72.7037037037037
46,3705,322,195.05612244898
46,3706,187,140.806818181818
46,3707,-391,-156.373493975904
46,3708,-115,-113.275862068966
46,3709,8,-100.740740740741
46,3710,94,-21.4391891891892
46,3711,-22,-26.7837837837838
46,3712,-26,2.23493975903614
46,3713,35,-21.4391891891892
46,3714,129,116.877777777778
46,3715,278,313.191489361702
46,3716,-96,194.05
46,3717,-170,-168.673758865248
46,3718,-131,-152.714285714286
46,3719,-89,-100.740740740741
46,3720,-37,-55.0141843971631
46,3721,-62,-21.4391891891892
46,3722,-34,-55.0141843971631
46,3723,-11,-21.4391891891892
46,3724,-6,-21.4391891891892
46,3725,2,2.23493975903614
46,3726,3,2.23493975903614
46,3727,34,2.23493975903614
46,3728,108,72.7037037037037
46,3729,238,195.05612244898
46,3730,201,195.05612244898
46,3731,-225,-303.71875
46,3732,-133,-156.373493975904
46,3733,-14,6.75
46,3734,32,-21.4391891891892
46,3735,30,-19
46,3736,-38,-19
46,3737,32,2.23493975903614
46,3738,130,116.877777777778
46,3739,225,256.245283018868
46,3740,-130,195.05612244898
46,3741,-126,-168.673758865248
46,3742,-143,-55.0141843971631
46,3743,-77,-55.0141843971631
46,3744,2,-55.0141843971631
46,3745,52,-21.4391891891892
46,3746,78,-26.7837837837838
46,3747,-191,171.176870748299
46,3748,-18,-6.05263157894737
46,3749,-63,-21.4391891891892
46,3750,-2,-55.0141843971631
46,3751,18,-21.4391891891892
46,3752,91,39.8297872340426
46,3753,201,-26.7837837837838
46,3754,282,233.047619047619
46,3755,-233,-230.405940594059
46,3756,-190,-156.373493975904
46,3757,-31,3.2
46,3758,65,-21.4391891891892
46,3759,-31,-26.7837837837838
46,3760,-20,2.23493975903614
46,3761,37,-21.4391891891892
46,3762,75,116.877777777778
46,3763,244,256.245283018868
46,3764,-52,195.05612244898
46,3765,-146,-168.673758865248
46,3766,-63,-152.714285714286
46,3767,-130,-55.0141843971631
46,3768,-66,-55.0141843971631
46,3769,-20,-55.0141843971631
46,3770,-25,-21.4391891891892
46,3771,-3,-21.4391891891892
46,3772,-6,-21.4391891891892
46,3773,4,2.23493975903614
46,3774,25,2.23493975903614
46,3775,89,72.7037037037037
46,3776,299,195.05612244898
46,3777,245,140.806818181818
46,3778,-393,-303.71875
46,3779,-114,-156.373493975904
46,3780,10,3.2
46,3781,64,-19
46,3782,-7,-26.7837837837838
46,3783,-46,2.23493975903614
46,3784,51,-6.05263157894737
46,3785,106,140.806818181818
46,3786,253,313.191489361702
46,3787,-85,-65.8571428571429
46,3788,-134,-168.673758865248
46,3789,-128,-152.714285714286
46,3790,-12,-55.0141843971631
46,3791,-72,-21.4391891891892
46,3792,-74,-55.0141843971631
46,3793,-32,-55.0141843971631
46,3794,-35,-21.4391891891892
46,3795,-8,-21.4391891891892
46,3796,-3,-21.4391891891892
46,3797,5,2.23493975903614
46,3798,13,2.23493975903614
46,3799,104,72.7037037037037
46,3800,210,195.05612244898
46,3801,352,140.806818181818
46,3802,-366,-303.71875
46,3803,-130,-156.373493975904
46,3804,54,3.2
46,3805,11,-26.7837837837838
46,3806,37,-19
46,3807,-25,-19
46,3808,82,2.23493975903614
46,3809,78,7
46,3810,220,313.191489361702
46,3811,-158,-65.8571428571429
46,3812,-135,-168.673758865248
46,3813,-106,-55.0141843971631
46,3814,-56,-55.0141843971631
46,3815,-36,-55.0141843971631
46,3816,-1,-21.4391891891892
46,3817,-40,-21.4391891891892
46,3818,-46,2.23493975903614
46,3819,-32,-6.05263157894737
46,3820,-24,-21.4391891891892
46,3821,-14,-21.4391891891892
46,3822,4,-21.4391891891892
46,3823,6,2.23493975903614
46,3824,55,2.23493975903614
46,3825,75,171.176870748299
46,3826,113,140.806818181818
46,3827,91,7
46,3828,116,103.217391304348
46,3829,140,-3.07692307692308
46,3830,45,-3.07692307692308
46,3831,-24,19.8
46,3832,-60,2.23493975903614
46,3833,38,-55.0141843971631
46,3834,-104,-19
46,3835,-142,-55.0141843971631
46,3836,-76,-55.0141843971631
46,3837,-91,-55.0141843971631
46,3838,28,-55.0141843971631
46,3839,-27,72.7037037037037
46,3840,-47,2.23493975903614
46,3841,-22,-6.05263157894737
46,3842,-16,-21.4391891891892
46,3843,-38,-21.4391891891892
46,3844,-22,-21.4391891891892
46,3845,-37,-21.4391891891892
46,3846,1,-21.4391891891892
46,3847,7,-21.4391891891892
46,3848,49,2.23493975903614
46,3849,51,171.176870748299
46,3850,154,171.176870748299
46,3851,132,7
46,3852,99,-230.405940594059
46,3853,81,19.8
46,3854,101,-3.07692307692308
46,3855,-32,-3.07692307692308
46,3856,70,2.23493975903614
46,3857,-71,-3.07692307692308
46,3858,-160,-55.0141843971631
46,3859,-88,-55.0141843971631
46,3860,-128,-55.0141843971631
46,3861,-77,-55.0141843971631
46,3862,-29,-55.0141843971631
46,3863,-37,-21.4391891891892
46,3864,-25,-21.4391891891892
46,3865,-60,-21.4391891891892
46,3866,-19,-6.05263157894737
46,3867,-10,-21.4391891891892
46,3868,-16,-21.4391891891892
46,3869,0,2.23493975903614
46,3870,20,-21.4391891891892
46,3871,47,72.7037037037037
46,3872,193,171.176870748299
46,3873,276,195.05612244898
46,3874,-143,-230.405940594059
46,3875,-131,-156.373493975904
46,3876,101,3.2
46,3877,52,-26.7837837837838
46,3878,1,-26.7837837837838
46,3879,24,2.23493975903614
46,3880,-62,-19
46,3881,52,-6.05263157894737
46,3882,162,171.176870748299
46,3883,-45,-26.7837837837838
46,3884,-198,-113.275862068966
46,3885,-49,-55.0141843971631
46,3886,-149,6.75
46,3887,-43,-55.0141843971631
46,3888,-49,-55.0141843971631
46,3889,-40,-55.0141843971631
46,3890,-18,-21.4391891891892
46,3891,6,-1.30769230769231
46,3892,-6,-21.4391891891892
46,3893,4,2.23493975903614
46,3894,9,2.23493975903614
46,3895,32,2.23493975903614
46,3896,57,72.7037037037037
46,3897,104,140.806818181818
46,3898,-101,194.05
46,3899,-16,-55.0141843971631
46,3900,61,-21.4391891891892
46,3901,41,-26.7837837837838
46,3902,22,-19
46,3903,-15,-19
46,3904,14,2.23493975903614
46,3905,93,72.7037037037037
46,3906,298,140.806818181818
46,3907,-49,-26.7837837837838
46,3908,-203,-168.673758865248
46,3909,-133,-152.714285714286
46,3910,-36,-100.740740740741
46,3911,-52,-21.4391891891892
46,3912,-51,-55.0141843971631
46,3913,-60,-55.0141843971631
46,3914,-12,-6.05263157894737
46,3915,-11,-1.30769230769231
46,3916,4,2.23493975903614
46,3917,1,2.23493975903614
46,3918,33,2.23493975903614
46,3919,107,72.7037037037037
46,3920,269,140.806818181818
46,3921,276,195.05612244898
46,3922,-359,-303.71875
46,3923,-161,-156.373493975904
46,3924,-20,-152.714285714286
46,3925,89,-21.4391891891892
46,3926,-26,-26.7837837837838
46,3927,-33,2.23493975903614
46,3928,79,-21.4391891891892
46,3929,61,140.806818181818
46,3930,262,313.191489361702
46,3931,-16,195.05612244898
46,3932,-171,-168.673758865248
46,3933,-129,-152.714285714286
46,3934,-54,-55.0141843971631
46,3935,-40,-55.0141843971631
46,3936,-86,-21.4391891891892
46,3937,-53,-55.0141843971631
46,3938,-18,-6.05263157894737
46,3939,-9,-21.4391891891892
46,3940,-5,-21.4391891891892
46,3941,3,2.23493975903614
46,3942,32,2.23493975903614
46,3943,110,72.7037037037037
46,3944,263,233.047619047619
46,3945,236,195.05612244898
46,3946,-323,-303.71875
46,3947,-170,-156.373493975904
46,3948,13,3.2
46,3949,47,39.8297872340426
46,3950,4,-26.7837837837838
46,3951,-16,2.23493975903614
46,3952,16,2.23493975903614
46,3953,125,116.877777777778
46,3954,221,313.191489361702
46,3955,10,-26.7837837837838
46,3956,-187,-168.673758865248
46,3957,-101,-55.0141843971631
46,3958,-61,6.75
46,3959,-71,-55.0141843971631
46,3960,-28,-55.0141843971631
46,3961,-60,-21.4391891891892
46,3962,-44,-6.05263157894737
46,3963,-12,-6.05263157894737
46,3964,-3,-21.4391891891892
46,3965,-1,2.23493975903614
46,3966,31,2.23493975903614
46,3967,94,72.7037037037037
46,3968,237,233.047619047619
46,3969,344,233.047619047619
46,3970,-360,-303.71875
46,3971,-153,-156.373493975904
46,3972,20,3.2
46,3973,72,39.8297872340426
46,3974,-12,-26.7837837837838
46,3975,-27,2.23493975903614
46,3976,16,2.23493975903614
46,3977,116,116.877777777778
46,3978,197,313.191489361702
46,3979,-75,-26.7837837837838
46,3980,-173,-168.673758865248
46,3981,-105,-55.0141843971631
46,3982,-49,-55.0141843971631
46,3983,-16,-55.0141843971631
46,3984,-34,-21.4391891891892
46,3985,-22,-21.4391891891892
46,3986,-19,-21.4391891891892
46,3987,-38,-21.4391891891892
46,3988,-28,-21.4391891891892
46,3989,-14,-21.4391891891892
46,3990,4,-21.4391891891892
46,3991,10,2.23493975903614
46,3992,57,72.7037037037037
46,3993,90,171.176870748299
46,3994,80,140.806818181818
46,3995,72,7
46,3996,103,103.217391304348
46,3997,53,-3.07692307692308
46,3998,49,-3.07692307692308
46,3999,30,-3.07692307692308
46,4000,-6,-19
46,4001,-80,2.23493975903614
46,4002,-66,-55.0141843971631
46,4003,-132,-55.0141843971631
46,4004,-18,-55.0141843971631
46,4005,-81,-21.4391891891892
46,4006,-33,-55.0141843971631
46,4007,6,-21.4391891891892
46,4008,-12,-21.4391891891892
46,4009,-4,2.23493975903614
46,4010,-34,2.23493975903614
46,4011,-22,2.23493975903614
46,4012,-27,-21.4391891891892
46,4013,-34,-21.4391891891892
46,4014,0,-21.4391891891892
46,4015,3,-21.4391891891892
46,4016,27,2.23493975903614
46,4017,77,72.7037037037037
46,4018,85,171.176870748299
46,4019,125,195.05612244898
46,4020,30,103.217391304348
46,4021,83,72.7037037037037
46,4022,5,-3.07692307692308
46,4023,-19,2.23493975903614
46,4024,-21,2.23493975903614
46,4025,-35,-21.4391891891892
46,4026,-92,-21.4391891891892
46,4027,-4,-55.0141843971631
46,4028,-66,-21.4391891891892
46,4029,-81,-55.0141843971631
46,4030,-19,-55.0141843971631
46,4031,-36,-21.4391891891892
46,4032,-15,-21.4391891891892
46,4033,-32,-21.4391891891892
46,4034,-8,2.23493975903614
46,4035,-14,-21.4391891891892
46,4036,-3,2.23493975903614
46,4037,10,2.23493975903614
46,4038,27,72.7037037037037
46,4039,92,72.7037037037037
46,4040,255,195.05612244898
46,4041,277,140.806818181818
46,4042,-385,-156.373493975904
46,4043,-139,-156.373493975904
46,4044,58,3.2
46,4045,45,-26.7837837837838
46,4046,9,-19
46,4047,-34,2.23493975903614
46,4048,40,2.23493975903614
46,4049,123,116.877777777778
46,4050,239,313.191489361702
46,4051,-39,-65.8571428571429
46,4052,-174,-168.673758865248
46,4053,-147,-152.714285714286
46,4054,-56,-55.0141843971631
46,4055,-90,-55.0141843971631
46,4056,-39,-55.0141843971631
46,4057,-45,-21.4391891891892
46,4058,-16,-6.05263157894737
46,4059,-8,-21.4391891891892
46,4060,-3,-21.4391891891892
46,4061,4,2.23493975903614
46,4062,28,2.23493975903614
46,4063,114,72.7037037037037
46,4064,270,233.047619047619
46,4065,247,140.806818181818
46,4066,-339,-303.71875
46,4067,-150,-156.373493975904
46,4068,29,3.2
46,4069,108,-19
46,4070,-46,-26.7837837837838
46,4071,-43,-55.0141843971631
46,4072,63,-6.05263157894737
46,4073,108,140.806818181818
46,4074,195,313.191489361702
46,4075,-40,-65.8571428571429
46,4076,-166,-168.673758865248
46,4077,-149,-55.0141843971631
46,4078,-78,-55.0141843971631
46,4079,-35,-55.0141843971631
46,4080,-39,-21.4391891891892
46,4081,-57,-21.4391891891892
46,4082,-12,-6.05263157894737
46,4083,-6,-21.4391891891892
46,4084,-6,2.23493975903614
46,4085,8,2.23493975903614
46,4086,19,2.23493975903614
46,4087,72,72.7037037037037
46,4088,172,171.176870748299
46,4089,278,140.806818181818
46,4090,-186,-230.405940594059
46,4091,-193,-156.373493975904
46,4092,69,3.2
46,4093,103,-26.7837837837838
46,4094,21,-26.7837837837838
46,4095,48,-19
46,4096,36,-3.07692307692308
46,4097,20,72.7037037037037
46,4098,-95,-1.30769230769231
46,4099,-63,-55.0141843971631
46,4100,-68,-55.0141843971631
46,4101,-107,-55.0141843971631
46,4102,-31,-55.0141843971631
46,4103,-17,-21.4391891891892
46,4104,-31,-21.4391891891892
46,4105,-11,-21.4391891891892
46,4106,-4,-21.4391891891892
46,4107,-24,2.23493975903614
46,4108,-12,2.23493975903614
46,4109,-3,-21.4391891891892
46,4110,5,2.23493975903614
46,4111,9,2.23493975903614
46,4112,39,2.23493975903614
46,4113,41,72.7037037037037
46,4114,22,72.7037037037037
46,4115,100,72.7037037037037
46,4116,13,-3.07692307692308
46,4117,30,72.7037037037037
46,4118,7,-19
46,4119,-49,2.23493975903614
46,4120,8,-55.0141843971631
46,4121,-46,-21.4391891891892
46,4122,-73,-55.0141843971631
46,4123,-39,-55.0141843971631
46,4124,-26,-21.4391891891892
46,4125,8,-21.4391891891892
46,4126,-6,-21.4391891891892
46,4127,-2,2.23493975903614
46,4128,-8,2.23493975903614
46,4129,-4,2.23493975903614
46,4130,-19,2.23493975903614
46,4131,-8,2.23493975903614
46,4132,-4,-21.4391891891892
46,4133,3,2.23493975903614
46,4134,6,2.23493975903614
46,4135,10,2.23493975903614
46,4136,57,72.7037037037037
46,4137,17,171.176870748299
46,4138,18,72.7037037037037
46,4139,89,72.7037037037037
46,4140,50,194.05
46,4141,128,71
46,4142,45,-65.8571428571429
46,4143,11,-19
46,4144,12,-19
46,4145,-90,-19
46,4146,-57,-55.0141843971631
46,4147,-92,-55.0141843971631
46,4148,-54,-55.0141843971631
46,4149,-12,-55.0141843971631
46,4150,-44,-21.4391891891892
46,4151,-19,-55.0141843971631
46,4152,-12,-21.4391891891892
46,4153,-25,-21.4391891891892
46,4154,-22,2.23493975903614
46,4155,12,-21.4391891891892
46,4156,-21,72.7037037037037
46,4157,-8,2.23493975903614
46,4158,0,-21.4391891891892
46,4159,7,2.23493975903614
46,4160,15,2.23493975903614
46,4161,37,72.7037037037037
46,4162,60,39.8297872340426
46,4163,20,140.806818181818
46,4164,44,72.7037037037037
46,4165,13,72.7037037037037
46,4166,26,39.8297872340426
46,4167,-18,-19
46,4168,-9,2.23493975903614
46,4169,-28,-21.4391891891892
46,4170,-44,2.23493975903614
46,4171,19,-55.0141843971631
46,4172,-62,-19
46,4173,-25,-55.0141843971631
46,4174,17,-21.4391891891892
46,4175,1,72.7037037037037
46,4176,-19,2.23493975903614
46,4177,-23,2.23493975903614
46,4178,2,-21.4391891891892
46,4179,-8,-21.4391891891892
46,4180,-20,2.23493975903614
46,4181,-6,2.23493975903614
46,4182,1,-21.4391891891892
46,4183,8,2.23493975903614
46,4184,10,2.23493975903614
46,4185,13,72.7037037037037
46,4186,62,72.7037037037037
46,4187,43,140.806818181818
46,4188,65,72.7037037037037
46,4189,-2,-173.5
46,4190,-7,2.23493975903614
46,4191,8,2.23493975903614
46,4192,42,2.23493975903614
46,4193,-17,-19
46,4194,-47,2.23493975903614
46,4195,-40,-55.0141843971631
46,4196,-14,-21.4391891891892
46,4197,-8,-21.4391891891892
46,4198,-55,2.23493975903614
46,4199,-2,-55.0141843971631
46,4200,-21,-21.4391891891892
46,4201,-18,2.23493975903614
46,4202,-13,-21.4391891891892
46,4203,-5,-21.4391891891892
46,4204,0,2.23493975903614
46,4205,5,2.23493975903614
46,4206,31,2.23493975903614
46,4207,83,72.7037037037037
46,4208,241,195.05612244898
46,4209,273,140.806818181818
46,4210,-352,-303.71875
46,4211,-139,-156.373493975904
46,4212,-17,3.2
46,4213,80,-21.4391891891892
46,4214,7,-26.7837837837838
46,4215,11,2.23493975903614
46,4216,2,-19
46,4217,116,116.877777777778
46,4218,207,313.191489361702
46,4219,-32,140.806818181818
46,4220,-150,-156.373493975904
46,4221,-94,-55.0141843971631
46,4222,-96,-55.0141843971631
46,4223,-77,-55.0141843971631
46,4224,-39,-55.0141843971631
46,4225,-39,-21.4391891891892
46,4226,-20,-21.4391891891892
46,4227,-1,-21.4391891891892
46,4228,-1,-21.4391891891892
46,4229,1,2.23493975903614
46,4230,26,2.23493975903614
46,4231,69,72.7037037037037
46,4232,193,171.176870748299
46,4233,207,195.05612244898
46,4234,-232,-230.405940594059
46,4235,-211,-156.373493975904
46,4236,8,6.75
46,4237,11,-21.4391891891892
46,4238,1,-19
46,4239,17,2.23493975903614
46,4240,61,-19
46,4241,102,140.806818181818
46,4242,270,256.245283018868
46,4243,-45,-65.8571428571429
46,4244,-132,-156.373493975904
46,4245,-118,-152.714285714286
46,4246,-47,-55.0141843971631
46,4247,-88,-55.0141843971631
46,4248,-30,-55.0141843971631
46,4249,-44,-21.4391891891892
46,4250,-11,-6.05263157894737
46,4251,-11,-21.4391891891892
46,4252,2,2.23493975903614
46,4253,1,2.23493975903614
46,4254,35,2.23493975903614
46,4255,97,72.7037037037037
46,4256,273,233.047619047619
46,4257,283,195.05612244898
46,4258,-370,-303.71875
46,4259,-161,-156.373493975904
46,4260,-15,3.2
46,4261,62,-21.4391891891892
46,4262,6,-26.7837837837838
46,4263,-38,2.23493975903614
46,4264,3,2.23493975903614
46,4265,146,116.877777777778
46,4266,238,313.191489361702
46,4267,-21,-16.8461538461538
46,4268,-155,-168.673758865248
46,4269,-124,-152.714285714286
46,4270,-40,-55.0141843971631
46,4271,-69,-21.4391891891892
46,4272,-76,-55.0141843971631
46,4273,-49,-55.0141843971631
46,4274,-13,-6.05263157894737
46,4275,-9,-21.4391891891892
46,4276,0,2.23493975903614
46,4277,35,2.23493975903614
46,4278,79,72.7037037037037
46,4279,241,171.176870748299
46,4280,317,233.047619047619
46,4281,-380,-303.71875
46,4282,-121,-156.373493975904
46,4283,-15,3.2
46,4284,73,-21.4391891891892
46,4285,-12,-26.7837837837838
46,4286,-37,2.23493975903614
46,4287,33,2.23493975903614
46,4288,150,116.877777777778
46,4289,191,313.191489361702
46,4290,-24,-230.405940594059
46,4291,-193,-168.673758865248
46,4292,-92,-55.0141843971631
46,4293,-44,6.75
46,4294,-57,-55.0141843971631
46,4295,-21,-55.0141843971631
46,4296,-78,-21.4391891891892
46,4297,-33,-6.05263157894737
46,4298,-7,-1.30769230769231
46,4299,-8,-21.4391891891892
46,4300,-1,2.23493975903614
46,4301,37,2.23493975903614
46,4302,66,72.7037037037037
46,4303,246,171.176870748299
46,4304,377,195.05612244898
46,4305,-399,-303.71875
46,4306,-161,-156.373493975904
46,4307,32,3.2
46,4308,67,39.8297872340426
46,4309,-6,-26.7837837837838
46,4310,-11,2.23493975903614
46,4311,45,2.23493975903614
46,4312,109,116.877777777778
46,4313,177,313.191489361702
46,4314,-73,-65.8571428571429
46,4315,-132,-168.673758865248
46,4316,-132,-55.0141843971631
46,4317,-62,-55.0141843971631
46,4318,-20,-55.0141843971631
46,4319,-53,-21.4391891891892
46,4320,-2,-55.0141843971631
46,4321,-39,-21.4391891891892
46,4322,-19,2.23493975903614
46,4323,-35,-21.4391891891892
46,4324,-10,-21.4391891891892
46,4325,8,-21.4391891891892
46,4326,14,2.23493975903614
46,4327,36,72.7037037037037
46,4328,81,72.7037037037037
46,4329,49,140.806818181818
46,4330,63,7
46,4331,136,103.217391304348
46,4332,54,-3.07692307692308
46,4333,63,19.8
46,4334,-30,-3.07692307692308
46,4335,5,2.23493975903614
46,4336,-41,-21.4391891891892
46,4337,-123,-55.0141843971631
46,4338,-23,-55.0141843971631
46,4339,-48,-21.4391891891892
46,4340,-51,-55.0141843971631
46,4341,-40,-55.0141843971631
46,4342,-11,-21.4391891891892
47,1,-7,-2.60589318600368
47,2,1,-2.60589318600368
47,3,28,-2.60589318600368
47,4,136,90.3488372093023
47,5,356,281.071428571429
47,6,155,-56.7916666666667
47,7,-344,-311.984375
47,8,-127,-12.9285714285714
47,9,27,24.5588235294118
47,10,99,47.6935483870968
47,11,-21,-20.5074626865672
47,12,-50,-2.60589318600368
47,13,68,-51.3046594982079
47,14,133,162.382352941176
47,15,403,315.1
47,16,-56,-233.022727272727
47,17,-211,-254.272727272727
47,18,-124,-136.897058823529
47,19,-165,-73.3
47,20,-85,-51.3046594982079
47,21,-51,-51.3046594982079
47,22,-100,-51.3046594982079
47,23,-48,-51.3046594982079
47,24,-10,-51.3046594982079
47,25,-11,-32.8712871287129
47,26,2,-2.60589318600368
47,27,19,-2.60589318600368
47,28,110,90.3488372093023
47,29,289,281.071428571429
47,30,272,281.071428571429
47,31,-318,-311.984375
47,32,-133,-150.785714285714
47,33,15,24.5588235294118
47,34,105,47.6935483870968
47,35,47,-20.5074626865672
47,36,-43,-17.2625
47,37,24,-51.3046594982079
47,38,126,121.603603603604
47,39,270,315.1
47,40,-70,-20.5074626865672
47,41,-168,-165.277777777778
47,42,-147,-153.633333333333
47,43,-69,-51.3046594982079
47,44,-48,-51.3046594982079
47,45,-76,-51.3046594982079
47,46,-9,-51.3046594982079
47,47,-83,-32.8712871287129
47,48,-34,-51.3046594982079
47,49,-49,-32.8712871287129
47,50,-32,-51.3046594982079
47,51,11,-32.8712871287129
47,52,61,90.3488372093023
47,53,7,152.545454545455
47,54,157,-2.60589318600368
47,55,96,122.703703703704
47,56,126,-12.9285714285714
47,57,103,102.7
47,58,-38,-139.521739130435
47,59,54,-2.60589318600368
47,60,8,-54.5238095238095
47,61,-38,-2.60589318600368
47,62,-21,-2.60589318600368
47,63,-39,-2.60589318600368
47,64,-44,-2.60589318600368
47,65,-91,-51.3046594982079
47,66,3,-51.3046594982079
47,67,-47,-32.8712871287129
47,68,-102,-51.3046594982079
47,69,16,-51.3046594982079
47,70,-72,90.3488372093023
47,71,-42,-51.3046594982079
47,72,-43,-51.3046594982079
47,73,-44,-51.3046594982079
47,74,-19,-51.3046594982079
47,75,3,-2.60589318600368
47,76,17,-2.60589318600368
47,77,32,90.3488372093023
47,78,119,47.6935483870968
47,79,85,281.071428571429
47,80,147,162.382352941176
47,81,86,102.7
47,82,3,-12.9285714285714
47,83,-10,-2.60589318600368
47,84,8,-2.60589318600368
47,85,-25,-2.60589318600368
47,86,33,-2.60589318600368
47,87,13,-17.2625
47,88,-31,-17.2625
47,89,-115,-2.60589318600368
47,90,-12,-51.3046594982079
47,91,-110,-32.8712871287129
47,92,-94,-51.3046594982079
47,93,-49,-51.3046594982079
47,94,-69,-51.3046594982079
47,95,-17,-51.3046594982079
47,96,-7,-32.8712871287129
47,97,-11,-2.60589318600368
47,98,1,-2.60589318600368
47,99,30,-2.60589318600368
47,100,107,90.3488372093023
47,101,359,281.071428571429
47,102,148,192.734317343173
47,103,-335,-311.984375
47,104,-169,-12.9285714285714
47,105,55,24.5588235294118
47,106,59,-20.5074626865672
47,107,-13,-20.5074626865672
47,108,11,-2.60589318600368
47,109,0,-17.2625
47,110,168,121.603603603604
47,111,373,315.1
47,112,31,-56.7916666666667
47,113,-235,-228.538461538462
47,114,-202,-136.897058823529
47,115,-144,-136.897058823529
47,116,-86,-73.3
47,117,-84,-51.3046594982079
47,118,-52,-51.3046594982079
47,119,-12,-51.3046594982079
47,120,-10,0.533333333333333
47,121,6,-2.60589318600368
47,122,-8,-2.60589318600368
47,123,25,-2.60589318600368
47,124,107,90.3488372093023
47,125,167,162.382352941176
47,126,310,192.734317343173
47,127,-328,-233.022727272727
47,128,-160,-150.785714285714
47,129,-60,24.5588235294118
47,130,30,-51.3046594982079
47,131,-36,-17.2625
47,132,1,-2.60589318600368
47,133,56,-2.60589318600368
47,134,123,162.382352941176
47,135,442,315.1
47,136,-28,281.071428571429
47,137,-162,-254.272727272727
47,138,-105,-153.633333333333
47,139,-112,-51.3046594982079
47,140,-67,-51.3046594982079
47,141,-118,-51.3046594982079
47,142,-55,-51.3046594982079
47,143,-6,-51.3046594982079
47,144,-24,0.533333333333333
47,145,4,-2.60589318600368
47,146,2,-2.60589318600368
47,147,30,-2.60589318600368
47,148,154,90.3488372093023
47,149,311,281.071428571429
47,150,208,-56.7916666666667
47,151,-361,-311.984375
47,152,-154,-150.785714285714
47,153,48,24.5588235294118
47,154,88,-20.5074626865672
47,155,-79,-20.5074626865672
47,156,65,-51.3046594982079
47,157,-39,-139.521739130435
47,158,111,121.603603603604
47,159,465,315.1
47,160,-113,-20.5074626865672
47,161,-73,-150.785714285714
47,162,-223,-153.633333333333
47,163,-52,-136.897058823529
47,164,-158,-73.3
47,165,-85,-51.3046594982079
47,166,-105,-51.3046594982079
47,167,-27,-51.3046594982079
47,168,-12,0.533333333333333
47,169,-4,-2.60589318600368
47,170,1,-2.60589318600368
47,171,34,-2.60589318600368
47,172,141,90.3488372093023
47,173,325,281.071428571429
47,174,213,-56.7916666666667
47,175,-362,-311.984375
47,176,-178,-150.785714285714
47,177,49,-136.897058823529
47,178,37,-20.5074626865672
47,179,19,-17.2625
47,180,14,-17.2625
47,181,26,-17.2625
47,182,114,121.603603603604
47,183,429,315.1
47,184,-44,-20.5074626865672
47,185,-244,-150.785714285714
47,186,-144,-136.897058823529
47,187,-98,-73.3
47,188,-95,-51.3046594982079
47,189,-70,-51.3046594982079
47,190,-78,-51.3046594982079
47,191,-43,-51.3046594982079
47,192,-36,-51.3046594982079
47,193,-10,-2.60589318600368
47,194,9,-2.60589318600368
47,195,19,90.3488372093023
47,196,118,90.3488372093023
47,197,279,281.071428571429
47,198,223,162.382352941176
47,199,-287,-228.538461538462
47,200,-150,-150.785714285714
47,201,70,24.5588235294118
47,202,117,-20.5074626865672
47,203,-10,-20.5074626865672
47,204,-17,-2.60589318600368
47,205,1,-2.60589318600368
47,206,181,121.603603603604
47,207,265,315.1
47,208,-130,-56.7916666666667
47,209,-226,-165.277777777778
47,210,-82,-136.897058823529
47,211,-52,-73.3
47,212,-12,-51.3046594982079
47,213,-99,-32.8712871287129
47,214,-85,-51.3046594982079
47,215,-42,-51.3046594982079
47,216,-28,-51.3046594982079
47,217,-40,-2.60589318600368
47,218,-19,-2.60589318600368
47,219,15,-2.60589318600368
47,220,24,90.3488372093023
47,221,31,47.6935483870968
47,222,126,90.3488372093023
47,223,163,122.703703703704
47,224,68,162.382352941176
47,225,131,-97.6486486486486
47,226,37,-54.5238095238095
47,227,14,-12.9285714285714
47,228,-44,-17.2625
47,229,10,-51.3046594982079
47,230,-41,-17.2625
47,231,51,-2.60589318600368
47,232,-22,-20.5074626865672
47,233,-110,-2.60589318600368
47,234,-109,-51.3046594982079
47,235,-62,-51.3046594982079
47,236,-10,-51.3046594982079
47,237,-97,-32.8712871287129
47,238,-35,-51.3046594982079
47,239,-60,-32.8712871287129
47,240,-14,-51.3046594982079
47,241,-46,-32.8712871287129
47,242,-10,-51.3046594982079
47,243,-1,-2.60589318600368
47,244,6,-2.60589318600368
47,245,25,-2.60589318600368
47,246,71,90.3488372093023
47,247,155,192.734317343173
47,248,162,162.382352941176
47,249,110,-12.9285714285714
47,250,69,-97.6486486486486
47,251,-1,-54.5238095238095
47,252,-32,-2.60589318600368
47,253,-119,-2.60589318600368
47,254,117,-51.3046594982079
47,255,13,-20.5074626865672
47,256,-80,-17.2625
47,257,-123,-51.3046594982079
47,258,-88,-51.3046594982079
47,259,-56,-51.3046594982079
47,260,-93,-51.3046594982079
47,261,-45,-51.3046594982079
47,262,-68,-51.3046594982079
47,263,-26,-51.3046594982079
47,264,-5,-32.8712871287129
47,265,-5,-2.60589318600368
47,266,5,-2.60589318600368
47,267,14,-2.60589318600368
47,268,14,90.3488372093023
47,269,108,90.3488372093023
47,270,329,192.734317343173
47,271,-224,64.6363636363636
47,272,-159,-150.785714285714
47,273,30,24.5588235294118
47,274,47,47.6935483870968
47,275,57,47.6935483870968
47,276,-6,-20.5074626865672
47,277,18,-2.60589318600368
47,278,95,47.6935483870968
47,279,391,253.963963963964
47,280,-81,-20.5074626865672
47,281,-179,-254.272727272727
47,282,-101,-136.897058823529
47,283,-89,-51.3046594982079
47,284,-109,-51.3046594982079
47,285,-90,-51.3046594982079
47,286,-39,-51.3046594982079
47,287,-21,-32.8712871287129
47,288,1,0.533333333333333
47,289,-7,-2.60589318600368
47,290,2,-2.60589318600368
47,291,27,-2.60589318600368
47,292,124,90.3488372093023
47,293,319,192.734317343173
47,294,193,192.734317343173
47,295,-345,-311.984375
47,296,-148,-97.6486486486486
47,297,50,24.5588235294118
47,298,62,-20.5074626865672
47,299,-20,-20.5074626865672
47,300,-45,-2.60589318600368
47,301,32,-51.3046594982079
47,302,75,121.603603603604
47,303,477,315.1
47,304,-16,-20.5074626865672
47,305,-281,-254.272727272727
47,306,-56,-136.897058823529
47,307,-182,-73.3
47,308,15,-136.897058823529
47,309,-166,-17.2625
47,310,-72,-51.3046594982079
47,311,-26,-51.3046594982079
47,312,-21,0.533333333333333
47,313,2,-2.60589318600368
47,314,-1,-2.60589318600368
47,315,32,-2.60589318600368
47,316,126,90.3488372093023
47,317,299,281.071428571429
47,318,179,192.734317343173
47,319,-327,-311.984375
47,320,-149,-97.6486486486486
47,321,21,24.5588235294118
47,322,-8,-17.2625
47,323,31,-2.60589318600368
47,324,-21,-17.2625
47,325,-11,-2.60589318600368
47,326,156,121.603603603604
47,327,356,315.1
47,328,-19,-12.9285714285714
47,329,-133,-165.277777777778
47,330,-132,-153.633333333333
47,331,-63,-51.3046594982079
47,332,-87,-51.3046594982079
47,333,-134,-51.3046594982079
47,334,-54,-51.3046594982079
47,335,-51,-51.3046594982079
47,336,0,-51.3046594982079
47,337,-7,-32.8712871287129
47,338,1,-2.60589318600368
47,339,28,-2.60589318600368
47,340,110,90.3488372093023
47,341,313,281.071428571429
47,342,127,281.071428571429
47,343,-334,-311.984375
47,344,-106,-136.897058823529
47,345,11,24.5588235294118
47,346,54,47.6935483870968
47,347,-43,-20.5074626865672
47,348,4,-51.3046594982079
47,349,18,-2.60589318600368
47,350,126,121.603603603604
47,351,295,315.1
47,352,25,-20.5074626865672
47,353,-141,-165.277777777778
47,354,-63,-153.633333333333
47,355,-125,-51.3046594982079
47,356,-68,-51.3046594982079
47,357,-97,-51.3046594982079
47,358,-53,-51.3046594982079
47,359,-62,-51.3046594982079
47,360,-19,-51.3046594982079
47,361,-5,-32.8712871287129
47,362,3,-2.60589318600368
47,363,28,-2.60589318600368
47,364,84,90.3488372093023
47,365,237,210.916666666667
47,366,254,281.071428571429
47,367,-280,-311.984375
47,368,-148,-150.785714285714
47,369,51,24.5588235294118
47,370,18,-20.5074626865672
47,371,46,-17.2625
47,372,-37,-17.2625
47,373,21,-2.60589318600368
47,374,96,121.603603603604
47,375,266,253.963963963964
47,376,-141,-20.5074626865672
47,377,-143,-165.277777777778
47,378,-160,-153.633333333333
47,379,15,-51.3046594982079
47,380,-20,47.6935483870968
47,381,-23,-2.60589318600368
47,382,-58,-2.60589318600368
47,383,7,-51.3046594982079
47,384,-30,121.603603603604
47,385,-51,-2.60589318600368
47,386,-23,-51.3046594982079
47,387,-7,-32.8712871287129
47,388,35,-2.60589318600368
47,389,31,47.6935483870968
47,390,89,47.6935483870968
47,391,165,192.734317343173
47,392,162,162.382352941176
47,393,22,-97.6486486486486
47,394,86,-97.6486486486486
47,395,-38,-54.5238095238095
47,396,45,-2.60589318600368
47,397,-126,-17.2625
47,398,30,-51.3046594982079
47,399,17,-17.2625
47,400,-49,0.533333333333333
47,401,-56,-51.3046594982079
47,402,-39,-51.3046594982079
47,403,-64,-32.8712871287129
47,404,-43,-51.3046594982079
47,405,-54,-51.3046594982079
47,406,-62,-51.3046594982079
47,407,-36,-51.3046594982079
47,408,-13,-32.8712871287129
47,409,-54,-2.60589318600368
47,410,-47,-51.3046594982079
47,411,-5,-51.3046594982079
47,412,17,-2.60589318600368
47,413,46,90.3488372093023
47,414,70,90.3488372093023
47,415,91,192.734317343173
47,416,220,162.382352941176
47,417,54,162.382352941176
47,418,50,-228.538461538462
47,419,29,-54.5238095238095
47,420,-34,-17.2625
47,421,-64,-2.60589318600368
47,422,-26,-51.3046594982079
47,423,71,-32.8712871287129
47,424,2,-20.5074626865672
47,425,-111,0.533333333333333
47,426,-91,-51.3046594982079
47,427,-79,-51.3046594982079
47,428,-75,-51.3046594982079
47,429,-91,-51.3046594982079
47,430,-19,-51.3046594982079
47,431,-37,-32.8712871287129
47,432,-17,-2.60589318600368
47,433,-9,-2.60589318600368
47,434,-1,-2.60589318600368
47,435,39,-2.60589318600368
47,436,115,90.3488372093023
47,437,327,192.734317343173
47,438,123,192.734317343173
47,439,-340,-311.984375
47,440,-84,-136.897058823529
47,441,-3,24.5588235294118
47,442,89,-32.8712871287129
47,443,-10,-20.5074626865672
47,444,-9,-2.60589318600368
47,445,-18,-2.60589318600368
47,446,181,121.603603603604
47,447,419,315.1
47,448,-42,-56.7916666666667
47,449,-209,-254.272727272727
47,450,-107,-136.897058823529
47,451,-144,-73.3
47,452,-144,-51.3046594982079
47,453,-84,-51.3046594982079
47,454,-66,-51.3046594982079
47,455,-7,-51.3046594982079
47,456,-21,0.533333333333333
47,457,0,-2.60589318600368
47,458,1,-2.60589318600368
47,459,29,-2.60589318600368
47,460,149,90.3488372093023
47,461,364,281.071428571429
47,462,104,-56.7916666666667
47,463,-328,-216.88679245283
47,464,-138,-136.897058823529
47,465,45,24.5588235294118
47,466,73,47.6935483870968
47,467,-2,-20.5074626865672
47,468,-39,-2.60589318600368
47,469,50,-2.60589318600368
47,470,99,162.382352941176
47,471,484,315.1
47,472,-76,-139.521739130435
47,473,-212,-254.272727272727
47,474,-107,-136.897058823529
47,475,-177,-73.3
47,476,-83,-136.897058823529
47,477,-114,-51.3046594982079
47,478,-77,-51.3046594982079
47,479,-31,-51.3046594982079
47,480,-9,0.533333333333333
47,481,-6,-2.60589318600368
47,482,3,-2.60589318600368
47,483,25,-2.60589318600368
47,484,164,90.3488372093023
47,485,327,281.071428571429
47,486,160,-56.7916666666667
47,487,-405,-311.984375
47,488,-110,-12.9285714285714
47,489,37,24.5588235294118
47,490,113,47.6935483870968
47,491,-1,-20.5074626865672
47,492,-51,-2.60589318600368
47,493,-21,-51.3046594982079
47,494,143,121.603603603604
47,495,451,315.1
47,496,-39,-56.7916666666667
47,497,-161,-254.272727272727
47,498,-198,-153.633333333333
47,499,-78,-136.897058823529
47,500,-70,-51.3046594982079
47,501,-138,-51.3046594982079
47,502,-105,-51.3046594982079
47,503,-29,-51.3046594982079
47,504,-12,0.533333333333333
47,505,-6,-2.60589318600368
47,506,4,-2.60589318600368
47,507,36,-2.60589318600368
47,508,146,90.3488372093023
47,509,315,281.071428571429
47,510,109,-56.7916666666667
47,511,-266,-216.88679245283
47,512,-167,-136.897058823529
47,513,27,24.5588235294118
47,514,65,-17.2625
47,515,-40,-20.5074626865672
47,516,18,-2.60589318600368
47,517,-35,-17.2625
47,518,168,121.603603603604
47,519,318,253.963963963964
47,520,-8,-56.7916666666667
47,521,-126,-228.538461538462
47,522,-101,-153.633333333333
47,523,-72,-51.3046594982079
47,524,-124,-51.3046594982079
47,525,-103,-51.3046594982079
47,526,-57,-51.3046594982079
47,527,-72,-51.3046594982079
47,528,-24,-51.3046594982079
47,529,-10,-32.8712871287129
47,530,2,-2.60589318600368
47,531,35,-2.60589318600368
47,532,118,90.3488372093023
47,533,217,281.071428571429
47,534,244,281.071428571429
47,535,-324,-311.984375
47,536,-129,-150.785714285714
47,537,17,24.5588235294118
47,538,38,-17.2625
47,539,13,-17.2625
47,540,-6,-17.2625
47,541,-3,-2.60589318600368
47,542,121,121.603603603604
47,543,188,315.1
47,544,-75,-20.5074626865672
47,545,-101,-165.277777777778
47,546,-55,-51.3046594982079
47,547,-72,-51.3046594982079
47,548,-73,-51.3046594982079
47,549,-115,-51.3046594982079
47,550,21,-51.3046594982079
47,551,-11,47.6935483870968
47,552,3,0.533333333333333
47,553,-38,-2.60589318600368
47,554,-5,-2.60589318600368
47,555,-8,-2.60589318600368
47,556,32,-2.60589318600368
47,557,50,90.3488372093023
47,558,102,152.545454545455
47,559,81,203.894736842105
47,560,129,162.382352941176
47,561,48,53.1666666666667
47,562,19,102.7
47,563,-43,-17.2625
47,564,-19,-51.3046594982079
47,565,-5,-2.60589318600368
47,566,-31,-2.60589318600368
47,567,-11,-2.60589318600368
47,568,-23,-2.60589318600368
47,569,35,-2.60589318600368
47,570,-82,47.6935483870968
47,571,-79,-51.3046594982079
47,572,-41,-51.3046594982079
47,573,-20,-32.8712871287129
47,574,-3,-2.60589318600368
47,575,-56,-2.60589318600368
47,576,-3,-51.3046594982079
47,577,-57,-32.8712871287129
47,578,-29,-51.3046594982079
47,579,6,-32.8712871287129
47,580,17,-2.60589318600368
47,581,23,90.3488372093023
47,582,92,47.6935483870968
47,583,77,64.6363636363636
47,584,147,162.382352941176
47,585,11,102.7
47,586,56,-12.9285714285714
47,587,-13,-54.5238095238095
47,588,24,-2.60589318600368
47,589,-99,-17.2625
47,590,-32,-51.3046594982079
47,591,100,-32.8712871287129
47,592,-43,-20.5074626865672
47,593,12,-51.3046594982079
47,594,-50,47.6935483870968
47,595,-74,-51.3046594982079
47,596,-107,-51.3046594982079
47,597,-41,-51.3046594982079
47,598,-67,-32.8712871287129
47,599,-26,-51.3046594982079
47,600,-2,-32.8712871287129
47,601,-10,-2.60589318600368
47,602,7,-2.60589318600368
47,603,28,-2.60589318600368
47,604,96,90.3488372093023
47,605,262,210.916666666667
47,606,170,-8.42857142857143
47,607,-273,-228.538461538462
47,608,-121,-97.6486486486486
47,609,27,24.5588235294118
47,610,56,47.6935483870968
47,611,-21,-20.5074626865672
47,612,-6,-2.60589318600368
47,613,4,-2.60589318600368
47,614,131,121.603603603604
47,615,382,253.963963963964
47,616,-17,-56.7916666666667
47,617,-149,-254.272727272727
47,618,-186,-153.633333333333
47,619,-137,-136.897058823529
47,620,-70,-51.3046594982079
47,621,-86,-51.3046594982079
47,622,-49,-51.3046594982079
47,623,-39,-51.3046594982079
47,624,-4,0.533333333333333
47,625,-8,-2.60589318600368
47,626,4,-2.60589318600368
47,627,29,-2.60589318600368
47,628,119,90.3488372093023
47,629,329,281.071428571429
47,630,163,192.734317343173
47,631,-374,-311.984375
47,632,-63,-97.6486486486486
47,633,8,24.5588235294118
47,634,55,-32.8712871287129
47,635,11,-20.5074626865672
47,636,27,-17.2625
47,637,91,-17.2625
47,638,126,162.382352941176
47,639,195,315.1
47,640,-95,-54.5238095238095
47,641,-130,-97.6486486486486
47,642,-121,-51.3046594982079
47,643,-180,-51.3046594982079
47,644,-19,-136.897058823529
47,645,-6,-32.8712871287129
47,646,-12,-2.60589318600368
47,647,-36,-2.60589318600368
47,648,-30,0.533333333333333
47,649,-61,-2.60589318600368
47,650,-16,-51.3046594982079
47,651,3,-32.8712871287129
47,652,13,-2.60589318600368
47,653,40,47.6935483870968
47,654,81,47.6935483870968
47,655,140,192.734317343173
47,656,154,162.382352941176
47,657,38,-12.9285714285714
47,658,9,-12.9285714285714
47,659,5,47.6935483870968
47,660,48,-2.60589318600368
47,661,-93,-20.5074626865672
47,662,-65,-51.3046594982079
47,663,25,-51.3046594982079
47,664,16,-17.2625
47,665,2,47.6935483870968
47,666,119,-2.60589318600368
47,667,33,64.6363636363636
47,668,-82,47.6935483870968
47,669,-319,-51.3046594982079
47,670,-95,-136.897058823529
47,671,-58,-73.3
47,672,-12,-51.3046594982079
47,673,-11,-32.8712871287129
47,674,0,-2.60589318600368
47,675,22,-2.60589318600368
47,676,104,47.6935483870968
47,677,210,315.1
47,678,207,281.071428571429
47,679,-257,-311.984375
47,680,-107,-150.785714285714
47,681,58,24.5588235294118
47,682,32,-20.5074626865672
47,683,34,-17.2625
47,684,-69,-17.2625
47,685,13,-51.3046594982079
47,686,179,121.603603603604
47,687,256,253.963963963964
47,688,-82,-97.6486486486486
47,689,-104,-165.277777777778
47,690,-182,-153.633333333333
47,691,2,-136.897058823529
47,692,-98,-32.8712871287129
47,693,-94,-51.3046594982079
47,694,-29,-51.3046594982079
47,695,-73,0.533333333333333
47,696,-12,-51.3046594982079
47,697,-10,-32.8712871287129
47,698,-1,-2.60589318600368
47,699,29,-2.60589318600368
47,700,96,47.6935483870968
47,701,222,192.734317343173
47,702,232,281.071428571429
47,703,-281,-311.984375
47,704,-94,-150.785714285714
47,705,23,24.5588235294118
47,706,98,47.6935483870968
47,707,-38,-20.5074626865672
47,708,-18,-2.60589318600368
47,709,10,-2.60589318600368
47,710,84,121.603603603604
47,711,207,253.963963963964
47,712,-16,-20.5074626865672
47,713,-142,-165.277777777778
47,714,-82,-51.3046594982079
47,715,-36,-51.3046594982079
47,716,-12,-32.8712871287129
47,717,-124,-2.60589318600368
47,718,-14,-51.3046594982079
47,719,-79,-32.8712871287129
47,720,-13,-51.3046594982079
47,721,-27,-32.8712871287129
47,722,-15,-2.60589318600368
47,723,-2,-2.60589318600368
47,724,17,-2.60589318600368
47,725,40,47.6935483870968
47,726,81,90.3488372093023
47,727,104,192.734317343173
47,728,69,122.703703703704
47,729,42,102.7
47,730,-25,90.3488372093023
47,731,18,-2.60589318600368
47,732,-52,-17.2625
47,733,-2,-51.3046594982079
47,734,-12,-32.8712871287129
47,735,-15,-2.60589318600368
47,736,-2,-2.60589318600368
47,737,10,-2.60589318600368
47,738,-11,47.6935483870968
47,739,-75,-2.60589318600368
47,740,19,-51.3046594982079
47,741,-72,90.3488372093023
47,742,-1,-51.3046594982079
47,743,-23,-32.8712871287129
47,744,-54,-2.60589318600368
47,745,-35,-51.3046594982079
47,746,-22,-32.8712871287129
47,747,-7,-2.60589318600368
47,748,15,-2.60589318600368
47,749,31,47.6935483870968
47,750,78,90.3488372093023
47,751,112,210.916666666667
47,752,77,122.703703703704
47,753,70,102.7
47,754,-13,102.7
47,755,-39,-2.60589318600368
47,756,-25,-2.60589318600368
47,757,-14,-2.60589318600368
47,758,-7,-2.60589318600368
47,759,-21,-2.60589318600368
47,760,-17,-2.60589318600368
47,761,-3,-2.60589318600368
47,762,35,-2.60589318600368
47,763,-78,47.6935483870968
47,764,-85,-51.3046594982079
47,765,1,-51.3046594982079
47,766,-84,-32.8712871287129
47,767,-21,-51.3046594982079
47,768,-13,-32.8712871287129
47,769,0,-2.60589318600368
47,770,-3,-2.60589318600368
47,771,26,-2.60589318600368
47,772,64,90.3488372093023
47,773,138,152.545454545455
47,774,225,192.734317343173
47,775,-92,-233.022727272727
47,776,-188,-150.785714285714
47,777,41,-136.897058823529
47,778,50,47.6935483870968
47,779,-11,-20.5074626865672
47,780,-13,-2.60589318600368
47,781,38,-2.60589318600368
47,782,133,47.6935483870968
47,783,436,281.071428571429
47,784,23,-56.7916666666667
47,785,-241,-254.272727272727
47,786,-184,-136.897058823529
47,787,-116,-136.897058823529
47,788,-107,-51.3046594982079
47,789,-93,-51.3046594982079
47,790,-62,-51.3046594982079
47,791,-54,-51.3046594982079
47,792,1,-51.3046594982079
47,793,-13,-32.8712871287129
47,794,1,-2.60589318600368
47,795,38,-2.60589318600368
47,796,145,90.3488372093023
47,797,333,281.071428571429
47,798,129,-56.7916666666667
47,799,-318,-311.984375
47,800,-141,-136.897058823529
47,801,59,24.5588235294118
47,802,23,-20.5074626865672
47,803,8,-17.2625
47,804,-38,-2.60589318600368
47,805,23,-2.60589318600368
47,806,170,121.603603603604
47,807,437,315.1
47,808,-53,-97.6486486486486
47,809,-405,-254.272727272727
47,810,-330,-136.897058823529
47,811,6,-136.897058823529
47,812,49,-32.8712871287129
47,813,-36,-20.5074626865672
47,814,-59,-2.60589318600368
47,815,-30,-51.3046594982079
47,816,-9,121.603603603604
47,817,0,-2.60589318600368
47,818,2,-2.60589318600368
47,819,34,-2.60589318600368
47,820,144,47.6935483870968
47,821,312,281.071428571429
47,822,177,-56.7916666666667
47,823,-346,-311.984375
47,824,-133,-97.6486486486486
47,825,34,24.5588235294118
47,826,63,-17.2625
47,827,-19,-20.5074626865672
47,828,-32,-2.60589318600368
47,829,35,-2.60589318600368
47,830,135,121.603603603604
47,831,419,315.1
47,832,-16,-56.7916666666667
47,833,-181,-254.272727272727
47,834,-150,-136.897058823529
47,835,-92,-51.3046594982079
47,836,-147,-51.3046594982079
47,837,-92,-51.3046594982079
47,838,-96,-51.3046594982079
47,839,-35,-51.3046594982079
47,840,-12,0.533333333333333
47,841,1,-2.60589318600368
47,842,-5,-2.60589318600368
47,843,39,-2.60589318600368
47,844,134,90.3488372093023
47,845,334,281.071428571429
47,846,190,-56.7916666666667
47,847,-375,-311.984375
47,848,-113,-97.6486486486486
47,849,1,24.5588235294118
47,850,77,-32.8712871287129
47,851,-15,-20.5074626865672
47,852,-68,-2.60589318600368
47,853,62,-51.3046594982079
47,854,168,162.382352941176
47,855,356,315.1
47,856,30,-233.022727272727
47,857,-196,-216.88679245283
47,858,-115,-136.897058823529
47,859,-141,-51.3046594982079
47,860,-55,-51.3046594982079
47,861,-107,-51.3046594982079
47,862,-116,-51.3046594982079
47,863,-36,-51.3046594982079
47,864,-42,0.533333333333333
47,865,-8,-51.3046594982079
47,866,2,-2.60589318600368
47,867,23,-2.60589318600368
47,868,93,90.3488372093023
47,869,253,210.916666666667
47,870,333,192.734317343173
47,871,-299,-311.984375
47,872,-146,-150.785714285714
47,873,20,24.5588235294118
47,874,91,47.6935483870968
47,875,-5,-20.5074626865672
47,876,-5,-2.60589318600368
47,877,-16,-2.60589318600368
47,878,139,121.603603603604
47,879,343,315.1
47,880,-204,-56.7916666666667
47,881,-143,-165.277777777778
47,882,-99,24.5588235294118
47,883,-90,-51.3046594982079
47,884,-36,-51.3046594982079
47,885,-51,-32.8712871287129
47,886,-21,-51.3046594982079
47,887,-73,-32.8712871287129
47,888,-17,-51.3046594982079
47,889,-61,-32.8712871287129
47,890,-31,-51.3046594982079
47,891,-4,-32.8712871287129
47,892,30,-2.60589318600368
47,893,13,90.3488372093023
47,894,103,90.3488372093023
47,895,131,192.734317343173
47,896,119,162.382352941176
47,897,38,-12.9285714285714
47,898,60,90.3488372093023
47,899,92,-54.5238095238095
47,900,41,-54.5238095238095
47,901,-72,-17.2625
47,902,6,-51.3046594982079
47,903,-108,-32.8712871287129
47,904,-107,-51.3046594982079
47,905,80,-51.3046594982079
47,906,-75,-20.5074626865672
47,907,-87,-51.3046594982079
47,908,-44,-51.3046594982079
47,909,-14,-51.3046594982079
47,910,-24,-2.60589318600368
47,911,-19,-2.60589318600368
47,912,-53,-2.60589318600368
47,913,-58,-51.3046594982079
47,914,-38,-51.3046594982079
47,915,-10,-32.8712871287129
47,916,6,-2.60589318600368
47,917,32,-2.60589318600368
47,918,86,47.6935483870968
47,919,88,210.916666666667
47,920,161,162.382352941176
47,921,69,162.382352941176
47,922,38,-12.9285714285714
47,923,-9,90.3488372093023
47,924,-4,-2.60589318600368
47,925,13,-2.60589318600368
47,926,6,-17.2625
47,927,-59,-2.60589318600368
47,928,-124,-51.3046594982079
47,929,0,-51.3046594982079
47,930,-18,-32.8712871287129
47,931,-71,-2.60589318600368
47,932,-93,-51.3046594982079
47,933,-39,-51.3046594982079
47,934,-48,-32.8712871287129
47,935,-32,-51.3046594982079
47,936,4,-32.8712871287129
47,937,-9,-2.60589318600368
47,938,6,-2.60589318600368
47,939,38,-2.60589318600368
47,940,90,90.3488372093023
47,941,343,210.916666666667
47,942,184,-8.42857142857143
47,943,-319,-228.538461538462
47,944,-162,-97.6486486486486
47,945,-4,24.5588235294118
47,946,55,-32.8712871287129
47,947,2,-20.5074626865672
47,948,-27,-2.60589318600368
47,949,25,-2.60589318600368
47,950,149,121.603603603604
47,951,369,315.1
47,952,39,-56.7916666666667
47,953,-199,-216.88679245283
47,954,-141,-136.897058823529
47,955,-126,-73.3
47,956,-44,-51.3046594982079
47,957,-118,-51.3046594982079
47,958,-113,-51.3046594982079
47,959,-28,-51.3046594982079
47,960,-18,0.533333333333333
47,961,-4,-2.60589318600368
47,962,4,-2.60589318600368
47,963,31,-2.60589318600368
47,964,175,90.3488372093023
47,965,313,281.071428571429
47,966,135,-56.7916666666667
47,967,-341,-311.984375
47,968,-161,-12.9285714285714
47,969,47,24.5588235294118
47,970,48,-17.2625
47,971,-33,-20.5074626865672
47,972,-7,-2.60589318600368
47,973,30,0.533333333333333
47,974,137,121.603603603604
47,975,389,315.1
47,976,2,-56.7916666666667
47,977,-225,-254.272727272727
47,978,-120,-136.897058823529
47,979,-94,-73.3
47,980,-89,-51.3046594982079
47,981,-83,-51.3046594982079
47,982,-108,-51.3046594982079
47,983,-37,-51.3046594982079
47,984,-8,0.533333333333333
47,985,-4,-2.60589318600368
47,986,2,-2.60589318600368
47,987,40,-2.60589318600368
47,988,116,90.3488372093023
47,989,333,281.071428571429
47,990,184,192.734317343173
47,991,-382,-311.984375
47,992,-159,-97.6486486486486
47,993,45,24.5588235294118
47,994,19,-17.2625
47,995,1,-17.2625
47,996,-33,-2.60589318600368
47,997,24,-2.60589318600368
47,998,30,121.603603603604
47,999,146,121.603603603604
47,1000,273,-20.5074626865672
47,1001,-127,-56.7916666666667
47,1002,-150,-150.785714285714
47,1003,-47,-153.633333333333
47,1004,-31,-51.3046594982079
47,1005,-157,-2.60589318600368
47,1006,-65,-51.3046594982079
47,1007,-41,-51.3046594982079
47,1008,-18,-32.8712871287129
47,1009,-2,0.533333333333333
47,1010,3,-2.60589318600368
47,1011,32,-2.60589318600368
47,1012,112,90.3488372093023
47,1013,321,281.071428571429
47,1014,184,192.734317343173
47,1015,-339,-311.984375
47,1016,-120,-97.6486486486486
47,1017,18,24.5588235294118
47,1018,58,-17.2625
47,1019,-20,-20.5074626865672
47,1020,-57,-2.60589318600368
47,1021,95,-51.3046594982079
47,1022,66,162.382352941176
47,1023,413,315.1
47,1024,6,-139.521739130435
47,1025,-244,-254.272727272727
47,1026,-28,-136.897058823529
47,1027,-173,-32.8712871287129
47,1028,-264,-51.3046594982079
47,1029,-3,-136.897058823529
47,1030,-31,-32.8712871287129
47,1031,-23,-2.60589318600368
47,1032,8,0.533333333333333
47,1033,17,-2.60589318600368
47,1034,-27,90.3488372093023
47,1035,33,-2.60589318600368
47,1036,84,90.3488372093023
47,1037,234,122.703703703704
47,1038,331,192.734317343173
47,1039,-318,-311.984375
47,1040,-140,-150.785714285714
47,1041,-21,24.5588235294118
47,1042,62,-32.8712871287129
47,1043,-118,-20.5074626865672
47,1044,73,-51.3046594982079
47,1045,-13,-139.521739130435
47,1046,220,121.603603603604
47,1047,279,315.1
47,1048,-93,-56.7916666666667
47,1049,-220,-150.785714285714
47,1050,-151,-136.897058823529
47,1051,-129,-73.3
47,1052,13,-51.3046594982079
47,1053,31,-17.2625
47,1054,-63,-17.2625
47,1055,-31,-51.3046594982079
47,1056,-12,0.533333333333333
47,1057,-35,-2.60589318600368
47,1058,-9,-2.60589318600368
47,1059,1,-2.60589318600368
47,1060,-2,-2.60589318600368
47,1061,22,-2.60589318600368
47,1062,75,47.6935483870968
47,1063,95,192.734317343173
47,1064,61,192.734317343173
47,1065,37,-8.42857142857143
47,1066,152,90.3488372093023
47,1067,-103,53.1666666666667
47,1068,-11,-12.9285714285714
47,1069,37,-32.8712871287129
47,1070,-54,-17.2625
47,1071,-85,-51.3046594982079
47,1072,-64,-51.3046594982079
47,1073,61,-51.3046594982079
47,1074,-24,152.545454545455
47,1075,-51,-2.60589318600368
47,1076,17,-51.3046594982079
47,1077,-31,47.6935483870968
47,1078,-36,-2.60589318600368
47,1079,17,-2.60589318600368
47,1080,-8,-17.2625
47,1081,-79,-2.60589318600368
47,1082,-27,-51.3046594982079
47,1083,-10,-32.8712871287129
47,1084,13,-2.60589318600368
47,1085,19,47.6935483870968
47,1086,115,90.3488372093023
47,1087,105,192.734317343173
47,1088,121,162.382352941176
47,1089,126,122.703703703704
47,1090,-1,102.7
47,1091,122,-2.60589318600368
47,1092,-10,-54.5238095238095
47,1093,8,-2.60589318600368
47,1094,4,-2.60589318600368
47,1095,-72,-2.60589318600368
47,1096,-41,-51.3046594982079
47,1097,7,-32.8712871287129
47,1098,-144,-2.60589318600368
47,1099,-33,-51.3046594982079
47,1100,-154,-32.8712871287129
47,1101,-68,-51.3046594982079
47,1102,-76,-51.3046594982079
47,1103,-20,-51.3046594982079
47,1104,-10,-32.8712871287129
47,1105,-15,-2.60589318600368
47,1106,6,-2.60589318600368
47,1107,43,-2.60589318600368
47,1108,106,90.3488372093023
47,1109,264,281.071428571429
47,1110,317,122.703703703704
47,1111,-393,-228.538461538462
47,1112,-145,-150.785714285714
47,1113,-2,24.5588235294118
47,1114,116,-32.8712871287129
47,1115,-74,-20.5074626865672
47,1116,31,-51.3046594982079
47,1117,10,-17.2625
47,1118,176,121.603603603604
47,1119,390,315.1
47,1120,-106,-56.7916666666667
47,1121,-159,-150.785714285714
47,1122,-179,-153.633333333333
47,1123,-107,-136.897058823529
47,1124,-87,-51.3046594982079
47,1125,-95,-51.3046594982079
47,1126,-50,-51.3046594982079
47,1127,-47,-51.3046594982079
47,1128,-1,-51.3046594982079
47,1129,-10,-2.60589318600368
47,1130,0,-2.60589318600368
47,1131,44,-2.60589318600368
47,1132,140,90.3488372093023
47,1133,326,281.071428571429
47,1134,227,-56.7916666666667
47,1135,-404,-311.984375
47,1136,-121,-150.785714285714
47,1137,-17,24.5588235294118
47,1138,28,-32.8712871287129
47,1139,44,-17.2625
47,1140,-29,-17.2625
47,1141,41,-2.60589318600368
47,1142,170,121.603603603604
47,1143,414,315.1
47,1144,8,-97.6486486486486
47,1145,-245,-254.272727272727
47,1146,-109,-136.897058823529
47,1147,-145,-73.3
47,1148,-109,-51.3046594982079
47,1149,-77,-51.3046594982079
47,1150,-126,-51.3046594982079
47,1151,-38,-51.3046594982079
47,1152,-16,0.533333333333333
47,1153,0,-2.60589318600368
47,1154,-8,-2.60589318600368
47,1155,55,-2.60589318600368
47,1156,131,152.545454545455
47,1157,317,281.071428571429
47,1158,281,-233.022727272727
47,1159,-446,-311.984375
47,1160,-111,-150.785714285714
47,1161,50,24.5588235294118
47,1162,29,-20.5074626865672
47,1163,2,-17.2625
47,1164,-65,-2.60589318600368
47,1165,70,-51.3046594982079
47,1166,167,162.382352941176
47,1167,429,315.1
47,1168,-22,-233.022727272727
47,1169,-193,-254.272727272727
47,1170,-131,-136.897058823529
47,1171,-170,-51.3046594982079
47,1172,-119,-51.3046594982079
47,1173,-39,-51.3046594982079
47,1174,-147,-32.8712871287129
47,1175,-63,-51.3046594982079
47,1176,-8,-51.3046594982079
47,1177,-13,-32.8712871287129
47,1178,-4,-2.60589318600368
47,1179,38,-2.60589318600368
47,1180,139,90.3488372093023
47,1181,314,281.071428571429
47,1182,234,-56.7916666666667
47,1183,-385,-311.984375
47,1184,-122,-150.785714285714
47,1185,-10,24.5588235294118
47,1186,67,-32.8712871287129
47,1187,-37,-20.5074626865672
47,1188,-29,-2.60589318600368
47,1189,25,-2.60589318600368
47,1190,136,121.603603603604
47,1191,364,315.1
47,1192,-50,-56.7916666666667
47,1193,-74,-165.277777777778
47,1194,-168,-153.633333333333
47,1195,-175,-51.3046594982079
47,1196,-37,-51.3046594982079
47,1197,-89,-32.8712871287129
47,1198,-48,-51.3046594982079
47,1199,-43,-51.3046594982079
47,1200,-28,-51.3046594982079
47,1201,-14,-2.60589318600368
47,1202,-4,-2.60589318600368
47,1203,29,-2.60589318600368
47,1204,102,90.3488372093023
47,1205,271,210.916666666667
47,1206,266,281.071428571429
47,1207,-313,-311.984375
47,1208,-132,-150.785714285714
47,1209,20,24.5588235294118
47,1210,48,47.6935483870968
47,1211,15,-20.5074626865672
47,1212,12,-17.2625
47,1213,-3,-17.2625
47,1214,176,121.603603603604
47,1215,200,315.1
47,1216,-77,-97.6486486486486
47,1217,-106,-150.785714285714
47,1218,-162,-51.3046594982079
47,1219,-94,-51.3046594982079
47,1220,-61,-51.3046594982079
47,1221,-10,-51.3046594982079
47,1222,2,-32.8712871287129
47,1223,-111,0.533333333333333
47,1224,10,-51.3046594982079
47,1225,-47,90.3488372093023
47,1226,-32,-51.3046594982079
47,1227,3,-2.60589318600368
47,1228,36,-2.60589318600368
47,1229,26,90.3488372093023
47,1230,87,47.6935483870968
47,1231,174,203.894736842105
47,1232,58,162.382352941176
47,1233,62,-97.6486486486486
47,1234,30,53.1666666666667
47,1235,11,-17.2625
47,1236,-4,47.6935483870968
47,1237,3,-2.60589318600368
47,1238,-10,-2.60589318600368
47,1239,-8,-2.60589318600368
47,1240,2,121.603603603604
47,1241,-143,-2.60589318600368
47,1242,-105,-51.3046594982079
47,1243,67,-51.3046594982079
47,1244,-24,203.894736842105
47,1245,-68,-2.60589318600368
47,1246,-20,-51.3046594982079
47,1247,-30,-32.8712871287129
47,1248,-46,-2.60589318600368
47,1249,-57,-51.3046594982079
47,1250,-42,-51.3046594982079
47,1251,4,-51.3046594982079
47,1252,1,-2.60589318600368
47,1253,22,-2.60589318600368
47,1254,87,90.3488372093023
47,1255,99,210.916666666667
47,1256,155,210.916666666667
47,1257,128,162.382352941176
47,1258,2,-12.9285714285714
47,1259,-28,-2.60589318600368
47,1260,39,-2.60589318600368
47,1261,-21,-17.2625
47,1262,20,-2.60589318600368
47,1263,10,-17.2625
47,1264,-112,-17.2625
47,1265,24,-51.3046594982079
47,1266,-140,47.6935483870968
47,1267,-32,-51.3046594982079
47,1268,-123,-32.8712871287129
47,1269,-48,-51.3046594982079
47,1270,-42,-51.3046594982079
47,1271,-39,-51.3046594982079
47,1272,-11,-2.60589318600368
47,1273,-5,-2.60589318600368
47,1274,2,-2.60589318600368
47,1275,42,-2.60589318600368
47,1276,114,90.3488372093023
47,1277,308,192.734317343173
47,1278,282,192.734317343173
47,1279,-458,-311.984375
47,1280,-104,-150.785714285714
47,1281,26,24.5588235294118
47,1282,63,-17.2625
47,1283,-52,-20.5074626865672
47,1284,28,-51.3046594982079
47,1285,-18,-17.2625
47,1286,189,121.603603603604
47,1287,402,315.1
47,1288,-15,-56.7916666666667
47,1289,-147,-228.538461538462
47,1290,-203,-153.633333333333
47,1291,-140,-136.897058823529
47,1292,-92,-73.3
47,1293,-80,-51.3046594982079
47,1294,-112,-51.3046594982079
47,1295,-17,-51.3046594982079
47,1296,-13,0.533333333333333
47,1297,-2,-2.60589318600368
47,1298,0,-2.60589318600368
47,1299,39,-2.60589318600368
47,1300,149,90.3488372093023
47,1301,319,281.071428571429
47,1302,247,-56.7916666666667
47,1303,-427,-311.984375
47,1304,-106,-150.785714285714
47,1305,-3,24.5588235294118
47,1306,24,-32.8712871287129
47,1307,40,-17.2625
47,1308,-28,-17.2625
47,1309,-116,-2.60589318600368
47,1310,258,-51.3046594982079
47,1311,418,315.1
47,1312,37,-228.538461538462
47,1313,-243,-216.88679245283
47,1314,-162,-136.897058823529
47,1315,-100,-73.3
47,1316,-95,-51.3046594982079
47,1317,-110,-51.3046594982079
47,1318,-100,-51.3046594982079
47,1319,-14,-51.3046594982079
47,1320,-20,0.533333333333333
47,1321,-6,-2.60589318600368
47,1322,-3,-2.60589318600368
47,1323,45,-2.60589318600368
47,1324,136,90.3488372093023
47,1325,302,281.071428571429
47,1326,194,-56.7916666666667
47,1327,-331,-311.984375
47,1328,-114,-97.6486486486486
47,1329,-2,24.5588235294118
47,1330,50,-32.8712871287129
47,1331,-4,-20.5074626865672
47,1332,-17,-2.60589318600368
47,1333,32,-2.60589318600368
47,1334,184,121.603603603604
47,1335,358,315.1
47,1336,54,-56.7916666666667
47,1337,-239,-216.88679245283
47,1338,-139,-136.897058823529
47,1339,-193,-73.3
47,1340,-32,-136.897058823529
47,1341,-136,-32.8712871287129
47,1342,-89,-51.3046594982079
47,1343,-21,-51.3046594982079
47,1344,-31,0.533333333333333
47,1345,-5,-2.60589318600368
47,1346,3,-2.60589318600368
47,1347,32,-2.60589318600368
47,1348,142,90.3488372093023
47,1349,290,281.071428571429
47,1350,266,-56.7916666666667
47,1351,-396,-311.984375
47,1352,-162,-150.785714285714
47,1353,45,24.5588235294118
47,1354,60,-17.2625
47,1355,24,-20.5074626865672
47,1356,-85,-17.2625
47,1357,45,-51.3046594982079
47,1358,136,121.603603603604
47,1359,459,315.1
47,1360,-98,-12.9285714285714
47,1361,-160,-254.272727272727
47,1362,-180,-153.633333333333
47,1363,-85,-136.897058823529
47,1364,-80,-51.3046594982079
47,1365,-85,-51.3046594982079
47,1366,-106,-51.3046594982079
47,1367,-28,-51.3046594982079
47,1368,-29,0.533333333333333
47,1369,-8,-2.60589318600368
47,1370,6,-2.60589318600368
47,1371,25,-2.60589318600368
47,1372,126,90.3488372093023
47,1373,258,281.071428571429
47,1374,247,122.703703703704
47,1375,-272,-228.538461538462
47,1376,-147,-150.785714285714
47,1377,14,24.5588235294118
47,1378,75,47.6935483870968
47,1379,7,-20.5074626865672
47,1380,-14,-2.60589318600368
47,1381,49,-2.60589318600368
47,1382,112,162.382352941176
47,1383,249,253.963963963964
47,1384,-70,-139.521739130435
47,1385,-202,-165.277777777778
47,1386,-80,-136.897058823529
47,1387,-111,-73.3
47,1388,-76,-51.3046594982079
47,1389,-6,-51.3046594982079
47,1390,-35,-32.8712871287129
47,1391,-39,-2.60589318600368
47,1392,-38,0.533333333333333
47,1393,-54,-2.60589318600368
47,1394,-17,-51.3046594982079
47,1395,4,-32.8712871287129
47,1396,32,-2.60589318600368
47,1397,18,90.3488372093023
47,1398,114,47.6935483870968
47,1399,97,192.734317343173
47,1400,118,162.382352941176
47,1401,74,102.7
47,1402,77,-54.5238095238095
47,1403,-20,-54.5238095238095
47,1404,-55,-2.60589318600368
47,1405,17,-51.3046594982079
47,1406,-39,-17.2625
47,1407,42,-2.60589318600368
47,1408,-2,-17.2625
47,1409,-93,-2.60589318600368
47,1410,-85,-51.3046594982079
47,1411,-23,-51.3046594982079
47,1412,-20,-32.8712871287129
47,1413,-47,-2.60589318600368
47,1414,-69,-51.3046594982079
47,1415,-66,-51.3046594982079
47,1416,-14,-51.3046594982079
47,1417,-32,-32.8712871287129
47,1418,-27,-2.60589318600368
47,1419,5,-2.60589318600368
47,1420,0,-2.60589318600368
47,1421,49,-2.60589318600368
47,1422,40,152.545454545455
47,1423,121,90.3488372093023
47,1424,135,192.734317343173
47,1425,73,-8.42857142857143
47,1426,54,-12.9285714285714
47,1427,32,53.1666666666667
47,1428,3,-17.2625
47,1429,-76,-2.60589318600368
47,1430,-29,-51.3046594982079
47,1431,-39,-32.8712871287129
47,1432,-153,-2.60589318600368
47,1433,-44,-51.3046594982079
47,1434,8,-51.3046594982079
47,1435,15,-2.60589318600368
47,1436,-51,47.6935483870968
47,1437,-70,-51.3046594982079
47,1438,-54,-51.3046594982079
47,1439,-22,-51.3046594982079
47,1440,-6,-32.8712871287129
47,1441,0,-2.60589318600368
47,1442,6,-2.60589318600368
47,1443,14,-2.60589318600368
47,1444,116,47.6935483870968
47,1445,266,281.071428571429
47,1446,198,-8.42857142857143
47,1447,-329,-228.538461538462
47,1448,-63,-150.785714285714
47,1449,47,24.5588235294118
47,1450,25,47.6935483870968
47,1451,4,-17.2625
47,1452,-2,-2.60589318600368
47,1453,-13,-2.60589318600368
47,1454,177,121.603603603604
47,1455,407,315.1
47,1456,-15,-56.7916666666667
47,1457,-203,-254.272727272727
47,1458,-183,-136.897058823529
47,1459,-140,-136.897058823529
47,1460,-110,-51.3046594982079
47,1461,-94,-51.3046594982079
47,1462,-66,-51.3046594982079
47,1463,-29,-51.3046594982079
47,1464,-5,0.533333333333333
47,1465,-7,-2.60589318600368
47,1466,3,-2.60589318600368
47,1467,27,-2.60589318600368
47,1468,143,90.3488372093023
47,1469,323,281.071428571429
47,1470,203,-56.7916666666667
47,1471,-378,-311.984375
47,1472,-77,-150.785714285714
47,1473,-36,24.5588235294118
47,1474,69,-32.8712871287129
47,1475,-30,-20.5074626865672
47,1476,8,-2.60589318600368
47,1477,45,-2.60589318600368
47,1478,139,0.533333333333333
47,1479,423,315.1
47,1480,-54,-56.7916666666667
47,1481,-204,-150.785714285714
47,1482,-162,-136.897058823529
47,1483,-131,-73.3
47,1484,-93,-51.3046594982079
47,1485,-86,-51.3046594982079
47,1486,-80,-51.3046594982079
47,1487,-35,-51.3046594982079
47,1488,-17,0.533333333333333
47,1489,1,-2.60589318600368
47,1490,0,-2.60589318600368
47,1491,36,-2.60589318600368
47,1492,130,90.3488372093023
47,1493,309,281.071428571429
47,1494,255,192.734317343173
47,1495,-396,-311.984375
47,1496,-127,-150.785714285714
47,1497,25,24.5588235294118
47,1498,41,-17.2625
47,1499,33,-17.2625
47,1500,-77,-17.2625
47,1501,42,-51.3046594982079
47,1502,163,121.603603603604
47,1503,417,315.1
47,1504,4,-97.6486486486486
47,1505,-176,-254.272727272727
47,1506,-186,-153.633333333333
47,1507,-119,-136.897058823529
47,1508,-148,-51.3046594982079
47,1509,-97,-51.3046594982079
47,1510,-69,-51.3046594982079
47,1511,-39,-51.3046594982079
47,1512,-14,0.533333333333333
47,1513,-8,-2.60589318600368
47,1514,4,-2.60589318600368
47,1515,31,-2.60589318600368
47,1516,126,90.3488372093023
47,1517,308,281.071428571429
47,1518,223,192.734317343173
47,1519,-345,-311.984375
47,1520,-148,-150.785714285714
47,1521,55,24.5588235294118
47,1522,17,-20.5074626865672
47,1523,4,-17.2625
47,1524,-34,-2.60589318600368
47,1525,20,-2.60589318600368
47,1526,150,121.603603603604
47,1527,393,315.1
47,1528,1,-56.7916666666667
47,1529,-188,-254.272727272727
47,1530,-145,-136.897058823529
47,1531,-142,-51.3046594982079
47,1532,-77,-51.3046594982079
47,1533,-103,-51.3046594982079
47,1534,-71,-51.3046594982079
47,1535,-44,-51.3046594982079
47,1536,-21,-51.3046594982079
47,1537,-11,-2.60589318600368
47,1538,-2,-2.60589318600368
47,1539,26,-2.60589318600368
47,1540,11,90.3488372093023
47,1541,89,90.3488372093023
47,1542,-14,210.916666666667
47,1543,101,-2.60589318600368
47,1544,-27,102.7
47,1545,58,-2.60589318600368
47,1546,64,-54.5238095238095
47,1547,-25,-20.5074626865672
47,1548,17,-2.60589318600368
47,1549,17,47.6935483870968
47,1550,143,-17.2625
47,1551,263,192.734317343173
47,1552,-90,-56.7916666666667
47,1553,-148,-150.785714285714
47,1554,-122,-153.633333333333
47,1555,-84,-51.3046594982079
47,1556,-68,-51.3046594982079
47,1557,-26,-51.3046594982079
47,1558,-12,-32.8712871287129
47,1559,-64,-2.60589318600368
47,1560,-31,-51.3046594982079
47,1561,-64,-32.8712871287129
47,1562,-11,-51.3046594982079
47,1563,1,-32.8712871287129
47,1564,12,-2.60589318600368
47,1565,39,90.3488372093023
47,1566,100,90.3488372093023
47,1567,109,192.734317343173
47,1568,136,162.382352941176
47,1569,92,102.7
47,1570,47,-12.9285714285714
47,1571,23,47.6935483870968
47,1572,-31,-17.2625
47,1573,24,-2.60589318600368
47,1574,-31,-17.2625
47,1575,-19,-2.60589318600368
47,1576,-212,-2.60589318600368
47,1577,-25,-136.897058823529
47,1578,-115,-32.8712871287129
47,1579,-32,-51.3046594982079
47,1580,40,-32.8712871287129
47,1581,-5,90.3488372093023
47,1582,-43,-2.60589318600368
47,1583,-7,-51.3046594982079
47,1584,-27,-2.60589318600368
47,1585,-38,-2.60589318600368
47,1586,-38,-2.60589318600368
47,1587,0,-2.60589318600368
47,1588,6,-2.60589318600368
47,1589,23,-2.60589318600368
47,1590,80,47.6935483870968
47,1591,98,192.734317343173
47,1592,111,162.382352941176
47,1593,121,162.382352941176
47,1594,56,53.1666666666667
47,1595,38,-54.5238095238095
47,1596,36,47.6935483870968
47,1597,-2,-17.2625
47,1598,-64,-2.60589318600368
47,1599,-8,-51.3046594982079
47,1600,-14,-32.8712871287129
47,1601,-26,-2.60589318600368
47,1602,-165,-2.60589318600368
47,1603,-80,-51.3046594982079
47,1604,-39,-51.3046594982079
47,1605,-71,-32.8712871287129
47,1606,-63,-51.3046594982079
47,1607,-33,-51.3046594982079
47,1608,-5,-32.8712871287129
47,1609,-3,-2.60589318600368
47,1610,5,-2.60589318600368
47,1611,25,-2.60589318600368
47,1612,123,90.3488372093023
47,1613,277,281.071428571429
47,1614,237,192.734317343173
47,1615,-368,-311.984375
47,1616,-106,-150.785714285714
47,1617,46,24.5588235294118
47,1618,31,47.6935483870968
47,1619,-22,-17.2625
47,1620,-6,-2.60589318600368
47,1621,26,-2.60589318600368
47,1622,190,121.603603603604
47,1623,354,315.1
47,1624,-6,-56.7916666666667
47,1625,-257,-165.277777777778
47,1626,-123,-136.897058823529
47,1627,-142,-73.3
47,1628,-98,-51.3046594982079
47,1629,-64,-51.3046594982079
47,1630,-68,-51.3046594982079
47,1631,-33,-51.3046594982079
47,1632,-16,0.533333333333333
47,1633,-8,-2.60589318600368
47,1634,2,-2.60589318600368
47,1635,31,-2.60589318600368
47,1636,28,90.3488372093023
47,1637,115,90.3488372093023
47,1638,439,192.734317343173
47,1639,-216,-8.42857142857143
47,1640,-194,-150.785714285714
47,1641,-12,-136.897058823529
47,1642,104,-32.8712871287129
47,1643,-14,-20.5074626865672
47,1644,-31,-2.60589318600368
47,1645,28,-2.60589318600368
47,1646,175,47.6935483870968
47,1647,354,253.963963963964
47,1648,42,-56.7916666666667
47,1649,-227,-216.88679245283
47,1650,-191,-136.897058823529
47,1651,-128,-136.897058823529
47,1652,-119,-51.3046594982079
47,1653,-22,-51.3046594982079
47,1654,-107,-32.8712871287129
47,1655,-23,-51.3046594982079
47,1656,-29,0.533333333333333
47,1657,3,-2.60589318600368
47,1658,-7,-2.60589318600368
47,1659,35,-2.60589318600368
47,1660,133,90.3488372093023
47,1661,320,281.071428571429
47,1662,190,-56.7916666666667
47,1663,-315,-311.984375
47,1664,-134,-97.6486486486486
47,1665,2,24.5588235294118
47,1666,72,-32.8712871287129
47,1667,-13,-20.5074626865672
47,1668,-39,-2.60589318600368
47,1669,11,-2.60589318600368
47,1670,165,121.603603603604
47,1671,420,315.1
47,1672,-3,-56.7916666666667
47,1673,-199,-254.272727272727
47,1674,-222,-136.897058823529
47,1675,-112,-136.897058823529
47,1676,-89,-73.3
47,1677,-88,-51.3046594982079
47,1678,-62,-51.3046594982079
47,1679,-55,-51.3046594982079
47,1680,-6,-51.3046594982079
47,1681,-11,-32.8712871287129
47,1682,1,-2.60589318600368
47,1683,32,-2.60589318600368
47,1684,128,90.3488372093023
47,1685,299,281.071428571429
47,1686,218,281.071428571429
47,1687,-345,-311.984375
47,1688,-138,-150.785714285714
47,1689,75,24.5588235294118
47,1690,69,-20.5074626865672
47,1691,-43,-20.5074626865672
47,1692,-52,-51.3046594982079
47,1693,12,-51.3046594982079
47,1694,159,121.603603603604
47,1695,478,315.1
47,1696,-65,-56.7916666666667
47,1697,-155,-254.272727272727
47,1698,-163,-153.633333333333
47,1699,-158,-51.3046594982079
47,1700,-102,-51.3046594982079
47,1701,-28,-51.3046594982079
47,1702,-138,-32.8712871287129
47,1703,-34,-51.3046594982079
47,1704,-35,0.533333333333333
47,1705,-13,-2.60589318600368
47,1706,3,-2.60589318600368
47,1707,27,-2.60589318600368
47,1708,121,90.3488372093023
47,1709,222,281.071428571429
47,1710,289,192.734317343173
47,1711,-290,-311.984375
47,1712,-147,-150.785714285714
47,1713,72,24.5588235294118
47,1714,62,-20.5074626865672
47,1715,-8,-20.5074626865672
47,1716,-29,-2.60589318600368
47,1717,55,-2.60589318600368
47,1718,105,162.382352941176
47,1719,303,315.1
47,1720,-122,-139.521739130435
47,1721,-178,-165.277777777778
47,1722,-132,-136.897058823529
47,1723,-104,-51.3046594982079
47,1724,-42,-51.3046594982079
47,1725,-92,-51.3046594982079
47,1726,-16,-51.3046594982079
47,1727,-13,-32.8712871287129
47,1728,-49,0.533333333333333
47,1729,-13,-51.3046594982079
47,1730,-17,-32.8712871287129
47,1731,-4,-2.60589318600368
47,1732,18,-2.60589318600368
47,1733,37,90.3488372093023
47,1734,125,90.3488372093023
47,1735,103,281.071428571429
47,1736,188,122.703703703704
47,1737,56,102.7
47,1738,118,-97.6486486486486
47,1739,-10,-54.5238095238095
47,1740,-46,-2.60589318600368
47,1741,-2,-51.3046594982079
47,1742,45,-2.60589318600368
47,1743,-6,-17.2625
47,1744,-81,-2.60589318600368
47,1745,-66,-51.3046594982079
47,1746,-147,-51.3046594982079
47,1747,-3,-51.3046594982079
47,1748,-77,-32.8712871287129
47,1749,-26,-51.3046594982079
47,1750,-48,-32.8712871287129
47,1751,-56,-51.3046594982079
47,1752,-12,-51.3046594982079
47,1753,-64,-32.8712871287129
47,1754,-29,-51.3046594982079
47,1755,-15,-32.8712871287129
47,1756,9,-2.60589318600368
47,1757,21,90.3488372093023
47,1758,83,90.3488372093023
47,1759,146,192.734317343173
47,1760,155,162.382352941176
47,1761,-153,-12.9285714285714
47,1762,26,-12.9285714285714
47,1763,-136,90.3488372093023
47,1764,-13,-51.3046594982079
47,1765,127,-32.8712871287129
47,1766,80,-20.5074626865672
47,1767,-13,203.894736842105
47,1768,34,-2.60589318600368
47,1769,-36,47.6935483870968
47,1770,-67,-2.60589318600368
47,1771,-84,-51.3046594982079
47,1772,-134,-51.3046594982079
47,1773,-10,-51.3046594982079
47,1774,-20,-32.8712871287129
47,1775,-16,-2.60589318600368
47,1776,-5,-2.60589318600368
47,1777,-2,-2.60589318600368
47,1778,4,-2.60589318600368
47,1779,30,-2.60589318600368
47,1780,124,90.3488372093023
47,1781,281,192.734317343173
47,1782,213,192.734317343173
47,1783,-298,-311.984375
47,1784,-164,-150.785714285714
47,1785,48,24.5588235294118
47,1786,41,-20.5074626865672
47,1787,9,-17.2625
47,1788,-16,-17.2625
47,1789,34,-2.60589318600368
47,1790,151,121.603603603604
47,1791,433,315.1
47,1792,-78,-12.9285714285714
47,1793,-516,-254.272727272727
47,1794,-38,-136.897058823529
47,1795,-16,-32.8712871287129
47,1796,-84,-2.60589318600368
47,1797,-59,-51.3046594982079
47,1798,-43,-51.3046594982079
47,1799,-26,-51.3046594982079
47,1800,-25,121.603603603604
47,1801,-5,-2.60589318600368
47,1802,1,-2.60589318600368
47,1803,30,-2.60589318600368
47,1804,135,47.6935483870968
47,1805,350,281.071428571429
47,1806,204,-56.7916666666667
47,1807,-395,-311.984375
47,1808,-150,-150.785714285714
47,1809,78,24.5588235294118
47,1810,49,-20.5074626865672
47,1811,26,-20.5074626865672
47,1812,-29,-17.2625
47,1813,0,-2.60589318600368
47,1814,165,121.603603603604
47,1815,411,315.1
47,1816,-253,-97.6486486486486
47,1817,-149,-254.272727272727
47,1818,-118,24.5588235294118
47,1819,-78,-51.3046594982079
47,1820,-48,-51.3046594982079
47,1821,-96,-51.3046594982079
47,1822,-81,-51.3046594982079
47,1823,-34,-51.3046594982079
47,1824,-4,0.533333333333333
47,1825,-10,-2.60589318600368
47,1826,1,-2.60589318600368
47,1827,32,-2.60589318600368
47,1828,147,90.3488372093023
47,1829,366,281.071428571429
47,1830,187,-56.7916666666667
47,1831,-364,-311.984375
47,1832,-151,-97.6486486486486
47,1833,42,24.5588235294118
47,1834,45,-17.2625
47,1835,4,-17.2625
47,1836,-50,-2.60589318600368
47,1837,50,-51.3046594982079
47,1838,144,162.382352941176
47,1839,323,315.1
47,1840,-100,-233.022727272727
47,1841,-103,-165.277777777778
47,1842,-189,-153.633333333333
47,1843,-40,-136.897058823529
47,1844,-70,-32.8712871287129
47,1845,-141,-51.3046594982079
47,1846,-80,-51.3046594982079
47,1847,-35,-51.3046594982079
47,1848,-5,0.533333333333333
47,1849,-11,-2.60589318600368
47,1850,-3,-2.60589318600368
47,1851,31,-2.60589318600368
47,1852,155,90.3488372093023
47,1853,289,281.071428571429
47,1854,226,-56.7916666666667
47,1855,-295,-311.984375
47,1856,-179,-150.785714285714
47,1857,45,-136.897058823529
47,1858,54,-17.2625
47,1859,14,-20.5074626865672
47,1860,-41,-17.2625
47,1861,0,-2.60589318600368
47,1862,160,121.603603603604
47,1863,355,315.1
47,1864,121,-12.9285714285714
47,1865,-308,-311.984375
47,1866,-159,-136.897058823529
47,1867,-145,24.5588235294118
47,1868,-131,-51.3046594982079
47,1869,-41,-51.3046594982079
47,1870,-46,-32.8712871287129
47,1871,-69,-51.3046594982079
47,1872,-26,-51.3046594982079
47,1873,-8,-32.8712871287129
47,1874,0,-2.60589318600368
47,1875,30,-2.60589318600368
47,1876,113,90.3488372093023
47,1877,274,281.071428571429
47,1878,319,281.071428571429
47,1879,-355,-311.984375
47,1880,-127,-150.785714285714
47,1881,19,24.5588235294118
47,1882,90,-17.2625
47,1883,-20,-20.5074626865672
47,1884,-13,-2.60589318600368
47,1885,12,-2.60589318600368
47,1886,165,121.603603603604
47,1887,297,315.1
47,1888,-76,-56.7916666666667
47,1889,-200,-165.277777777778
47,1890,-173,-136.897058823529
47,1891,-57,-73.3
47,1892,-55,-51.3046594982079
47,1893,-73,-51.3046594982079
47,1894,-43,-51.3046594982079
47,1895,-20,-51.3046594982079
47,1896,-36,0.533333333333333
47,1897,-41,-2.60589318600368
47,1898,-26,-2.60589318600368
47,1899,2,-2.60589318600368
47,1900,16,-2.60589318600368
47,1901,72,90.3488372093023
47,1902,60,192.734317343173
47,1903,126,152.545454545455
47,1904,154,162.382352941176
47,1905,15,102.7
47,1906,127,-12.9285714285714
47,1907,-67,-54.5238095238095
47,1908,-35,-51.3046594982079
47,1909,-249,-32.8712871287129
47,1910,201,-136.897058823529
47,1911,-31,-20.5074626865672
47,1912,-20,-56.7916666666667
47,1913,-29,-2.60589318600368
47,1914,-113,-2.60589318600368
47,1915,-33,-51.3046594982079
47,1916,-26,-32.8712871287129
47,1917,-24,-2.60589318600368
47,1918,-24,-2.60589318600368
47,1919,0,0.533333333333333
47,1920,-18,-2.60589318600368
47,1921,-63,-2.60589318600368
47,1922,-37,-51.3046594982079
47,1923,0,-32.8712871287129
47,1924,5,-2.60589318600368
47,1925,13,-2.60589318600368
47,1926,99,47.6935483870968
47,1927,130,192.734317343173
47,1928,122,281.071428571429
47,1929,97,162.382352941176
47,1930,144,53.1666666666667
47,1931,-85,-54.5238095238095
47,1932,-164,-12.9285714285714
47,1933,14,-51.3046594982079
47,1934,-218,-17.2625
47,1935,60,-136.897058823529
47,1936,31,-20.5074626865672
47,1937,28,-17.2625
47,1938,-81,47.6935483870968
47,1939,-45,-51.3046594982079
47,1940,-52,-51.3046594982079
47,1941,-34,-51.3046594982079
47,1942,-48,-32.8712871287129
47,1943,-25,-51.3046594982079
47,1944,1,-32.8712871287129
47,1945,-4,-2.60589318600368
47,1946,8,-2.60589318600368
47,1947,24,-2.60589318600368
47,1948,109,90.3488372093023
47,1949,288,281.071428571429
47,1950,266,-8.42857142857143
47,1951,-357,-228.538461538462
47,1952,-136,-150.785714285714
47,1953,23,24.5588235294118
47,1954,54,47.6935483870968
47,1955,5,-20.5074626865672
47,1956,-42,-2.60589318600368
47,1957,36,-51.3046594982079
47,1958,162,121.603603603604
47,1959,401,315.1
47,1960,-11,-56.7916666666667
47,1961,-261,-254.272727272727
47,1962,-157,-136.897058823529
47,1963,-138,-73.3
47,1964,-117,-51.3046594982079
47,1965,-47,-51.3046594982079
47,1966,-76,-51.3046594982079
47,1967,-17,-51.3046594982079
47,1968,-6,0.533333333333333
47,1969,-11,-2.60589318600368
47,1970,4,-2.60589318600368
47,1971,34,-2.60589318600368
47,1972,105,90.3488372093023
47,1973,122,281.071428571429
47,1974,424,192.734317343173
47,1975,-298,122.703703703704
47,1976,-191,-150.785714285714
47,1977,14,-136.897058823529
47,1978,79,-17.2625
47,1979,-9,-20.5074626865672
47,1980,-37,-2.60589318600368
47,1981,66,-2.60589318600368
47,1982,163,162.382352941176
47,1983,384,315.1
47,1984,-46,-233.022727272727
47,1985,-221,-254.272727272727
47,1986,-162,-136.897058823529
47,1987,-121,-73.3
47,1988,-98,-51.3046594982079
47,1989,-107,-51.3046594982079
47,1990,-62,-51.3046594982079
47,1991,-33,-51.3046594982079
47,1992,-8,0.533333333333333
47,1993,3,-2.60589318600368
47,1994,1,-2.60589318600368
47,1995,30,-2.60589318600368
47,1996,141,90.3488372093023
47,1997,373,281.071428571429
47,1998,254,-56.7916666666667
47,1999,-460,-311.984375
47,2000,-170,-150.785714285714
47,2001,75,24.5588235294118
47,2002,107,-20.5074626865672
47,2003,-60,-20.5074626865672
47,2004,1,-51.3046594982079
47,2005,37,-32.8712871287129
47,2006,155,121.603603603604
47,2007,377,315.1
47,2008,-58,-56.7916666666667
47,2009,-169,-165.277777777778
47,2010,-216,-153.633333333333
47,2011,-114,-136.897058823529
47,2012,-78,-73.3
47,2013,-78,-51.3046594982079
47,2014,-92,-51.3046594982079
47,2015,-42,-51.3046594982079
47,2016,-6,-51.3046594982079
47,2017,-12,-2.60589318600368
47,2018,3,-2.60589318600368
47,2019,27,-2.60589318600368
47,2020,128,90.3488372093023
47,2021,369,281.071428571429
47,2022,222,192.734317343173
47,2023,-358,-311.984375
47,2024,-162,-150.785714285714
47,2025,42,24.5588235294118
47,2026,18,47.6935483870968
47,2027,-4,-17.2625
47,2028,-17,-2.60589318600368
47,2029,65,-2.60589318600368
47,2030,144,162.382352941176
47,2031,362,315.1
47,2032,9,-233.022727272727
47,2033,-243,-165.277777777778
47,2034,-139,-136.897058823529
47,2035,-164,-73.3
47,2036,-16,-51.3046594982079
47,2037,-139,-32.8712871287129
47,2038,-70,-51.3046594982079
47,2039,-50,-51.3046594982079
47,2040,-12,-51.3046594982079
47,2041,-15,-32.8712871287129
47,2042,2,-2.60589318600368
47,2043,22,-2.60589318600368
47,2044,79,90.3488372093023
47,2045,313,210.916666666667
47,2046,269,281.071428571429
47,2047,-292,-311.984375
47,2048,-142,-150.785714285714
47,2049,53,24.5588235294118
47,2050,101,-20.5074626865672
47,2051,-42,-20.5074626865672
47,2052,68,-51.3046594982079
47,2053,90,-139.521739130435
47,2054,2,162.382352941176
47,2055,89,121.603603603604
47,2056,-71,-139.521739130435
47,2057,-94,-51.3046594982079
47,2058,-96,-51.3046594982079
47,2059,-53,-51.3046594982079
47,2060,-26,-51.3046594982079
47,2061,-103,-32.8712871287129
47,2062,-6,-51.3046594982079
47,2063,-89,-32.8712871287129
47,2064,-10,-51.3046594982079
47,2065,-34,-32.8712871287129
47,2066,-23,-2.60589318600368
47,2067,10,-2.60589318600368
47,2068,14,90.3488372093023
47,2069,30,90.3488372093023
47,2070,96,90.3488372093023
47,2071,75,122.703703703704
47,2072,180,122.703703703704
47,2073,75,102.7
47,2074,-21,-97.6486486486486
47,2075,33,-2.60589318600368
47,2076,10,-17.2625
47,2077,49,-17.2625
47,2078,-101,-20.5074626865672
47,2079,1,-51.3046594982079
47,2080,-21,-32.8712871287129
47,2081,-50,121.603603603604
47,2082,-185,-51.3046594982079
47,2083,-103,-136.897058823529
47,2084,-26,-51.3046594982079
47,2085,67,-32.8712871287129
47,2086,-46,203.894736842105
47,2087,-26,-51.3046594982079
47,2088,11,-2.60589318600368
47,2089,-42,47.6935483870968
47,2090,-20,-51.3046594982079
47,2091,-10,-2.60589318600368
47,2092,3,-2.60589318600368
47,2093,27,-2.60589318600368
47,2094,87,47.6935483870968
47,2095,103,203.894736842105
47,2096,156,192.734317343173
47,2097,101,122.703703703704
47,2098,56,-12.9285714285714
47,2099,-52,53.1666666666667
47,2100,-36,-51.3046594982079
47,2101,-102,-32.8712871287129
47,2102,119,-51.3046594982079
47,2103,29,-20.5074626865672
47,2104,-3,-17.2625
47,2105,-208,-2.60589318600368
47,2106,-188,-136.897058823529
47,2107,67,-136.897058823529
47,2108,-5,152.545454545455
47,2109,-43,-2.60589318600368
47,2110,-19,-51.3046594982079
47,2111,-49,-2.60589318600368
47,2112,-15,-51.3046594982079
47,2113,-12,-32.8712871287129
47,2114,-17,-2.60589318600368
47,2115,-7,-2.60589318600368
47,2116,11,-2.60589318600368
47,2117,28,47.6935483870968
47,2118,84,90.3488372093023
47,2119,102,192.734317343173
47,2120,130,122.703703703704
47,2121,100,102.7
47,2122,84,102.7
47,2123,23,-54.5238095238095
47,2124,-54,47.6935483870968
47,2125,-63,-51.3046594982079
47,2126,51,-51.3046594982079
47,2127,-2,-20.5074626865672
47,2128,-16,-2.60589318600368
47,2129,-108,-2.60589318600368
47,2130,-113,-51.3046594982079
47,2131,-77,-51.3046594982079
47,2132,-63,-51.3046594982079
47,2133,-51,-51.3046594982079
47,2134,-41,-51.3046594982079
47,2135,-5,-32.8712871287129
47,2136,-19,-2.60589318600368
47,2137,5,-2.60589318600368
47,2138,-2,-2.60589318600368
47,2139,30,-2.60589318600368
47,2140,134,90.3488372093023
47,2141,321,192.734317343173
47,2142,139,-56.7916666666667
47,2143,-309,-311.984375
47,2144,-151,-12.9285714285714
47,2145,26,24.5588235294118
47,2146,89,-17.2625
47,2147,-12,-20.5074626865672
47,2148,-1,-2.60589318600368
47,2149,18,-2.60589318600368
47,2150,166,121.603603603604
47,2151,398,315.1
47,2152,-17,-56.7916666666667
47,2153,-287,-254.272727272727
47,2154,-167,-136.897058823529
47,2155,-117,-73.3
47,2156,-89,-51.3046594982079
47,2157,-84,-51.3046594982079
47,2158,-58,-51.3046594982079
47,2159,-24,-51.3046594982079
47,2160,-4,0.533333333333333
47,2161,-5,-2.60589318600368
47,2162,1,-2.60589318600368
47,2163,35,-2.60589318600368
47,2164,170,90.3488372093023
47,2165,290,281.071428571429
47,2166,225,-56.7916666666667
47,2167,-435,-311.984375
47,2168,-55,-150.785714285714
47,2169,-18,24.5588235294118
47,2170,49,-32.8712871287129
47,2171,-32,-20.5074626865672
47,2172,-23,-2.60589318600368
47,2173,34,0.533333333333333
47,2174,185,121.603603603604
47,2175,433,315.1
47,2176,-24,-56.7916666666667
47,2177,-177,-254.272727272727
47,2178,-250,-136.897058823529
47,2179,-116,-136.897058823529
47,2180,-77,-73.3
47,2181,-69,-51.3046594982079
47,2182,-85,-51.3046594982079
47,2183,-47,-51.3046594982079
47,2184,-10,-51.3046594982079
47,2185,1,-2.60589318600368
47,2186,-1,-2.60589318600368
47,2187,30,-2.60589318600368
47,2188,162,90.3488372093023
47,2189,282,281.071428571429
47,2190,164,-56.7916666666667
47,2191,-523,-311.984375
47,2192,-74,-97.6486486486486
47,2193,13,24.5588235294118
47,2194,75,-17.2625
47,2195,54,-20.5074626865672
47,2196,25,-20.5074626865672
47,2197,54,0.533333333333333
47,2198,146,162.382352941176
47,2199,392,315.1
47,2200,27,-12.9285714285714
47,2201,-277,-228.538461538462
47,2202,-152,-136.897058823529
47,2203,-134,-73.3
47,2204,-55,-51.3046594982079
47,2205,-48,-51.3046594982079
47,2206,-73,-51.3046594982079
47,2207,-67,-51.3046594982079
47,2208,-18,-51.3046594982079
47,2209,-2,-32.8712871287129
47,2210,-1,-2.60589318600368
47,2211,32,-2.60589318600368
47,2212,100,90.3488372093023
47,2213,346,210.916666666667
47,2214,233,281.071428571429
47,2215,-375,-311.984375
47,2216,-120,-150.785714285714
47,2217,72,24.5588235294118
47,2218,27,-20.5074626865672
47,2219,31,-17.2625
47,2220,-101,-17.2625
47,2221,78,-51.3046594982079
47,2222,139,162.382352941176
47,2223,302,315.1
47,2224,20,-12.9285714285714
47,2225,-224,-165.277777777778
47,2226,-177,-136.897058823529
47,2227,-90,-136.897058823529
47,2228,-2,-51.3046594982079
47,2229,-51,-32.8712871287129
47,2230,-98,-51.3046594982079
47,2231,-33,-51.3046594982079
47,2232,-40,0.533333333333333
47,2233,-34,-2.60589318600368
47,2234,-32,-2.60589318600368
47,2235,4,-2.60589318600368
47,2236,19,-2.60589318600368
47,2237,48,47.6935483870968
47,2238,148,152.545454545455
47,2239,118,192.734317343173
47,2240,74,-216.88679245283
47,2241,156,102.7
47,2242,116,-54.5238095238095
47,2243,-26,-12.9285714285714
47,2244,-42,-2.60589318600368
47,2245,-114,-51.3046594982079
47,2246,-398,-51.3046594982079
47,2247,57,-136.897058823529
47,2248,-4,-20.5074626865672
47,2249,48,-2.60589318600368
47,2250,-21,152.545454545455
47,2251,-13,-2.60589318600368
47,2252,13,-2.60589318600368
47,2253,-61,90.3488372093023
47,2254,-9,-51.3046594982079
47,2255,0,-32.8712871287129
47,2256,-28,-2.60589318600368
47,2257,-50,-2.60589318600368
47,2258,-18,-51.3046594982079
47,2259,27,-32.8712871287129
47,2260,-20,47.6935483870968
47,2261,35,-2.60589318600368
47,2262,100,90.3488372093023
47,2263,129,122.703703703704
47,2264,196,281.071428571429
47,2265,90,-8.42857142857143
47,2266,172,-97.6486486486486
47,2267,-28,102.7
47,2268,-82,-97.6486486486486
47,2269,49,-51.3046594982079
47,2270,5,-20.5074626865672
47,2271,-30,-2.60589318600368
47,2272,-111,-2.60589318600368
47,2273,-64,-51.3046594982079
47,2274,-140,-51.3046594982079
47,2275,-150,-51.3046594982079
47,2276,-17,-51.3046594982079
47,2277,-97,-32.8712871287129
47,2278,-51,-51.3046594982079
47,2279,-23,-51.3046594982079
47,2280,-1,-32.8712871287129
47,2281,-5,-2.60589318600368
47,2282,-7,-2.60589318600368
47,2283,35,-2.60589318600368
47,2284,140,90.3488372093023
47,2285,267,281.071428571429
47,2286,283,-56.7916666666667
47,2287,-369,-311.984375
47,2288,-151,-150.785714285714
47,2289,26,24.5588235294118
47,2290,96,-17.2625
47,2291,-9,-20.5074626865672
47,2292,17,-2.60589318600368
47,2293,6,-17.2625
47,2294,142,121.603603603604
47,2295,383,315.1
47,2296,97,-56.7916666666667
47,2297,-335,-228.538461538462
47,2298,-243,-136.897058823529
47,2299,-105,-136.897058823529
47,2300,-126,-73.3
47,2301,-66,-51.3046594982079
47,2302,-61,-51.3046594982079
47,2303,-22,-51.3046594982079
47,2304,-4,0.533333333333333
47,2305,2,-2.60589318600368
47,2306,1,-2.60589318600368
47,2307,35,-2.60589318600368
47,2308,167,90.3488372093023
47,2309,385,281.071428571429
47,2310,154,-56.7916666666667
47,2311,-392,-311.984375
47,2312,-162,-12.9285714285714
47,2313,51,24.5588235294118
47,2314,69,-20.5074626865672
47,2315,12,-20.5074626865672
47,2316,-73,-17.2625
47,2317,71,-51.3046594982079
47,2318,210,162.382352941176
47,2319,434,315.1
47,2320,-93,-228.538461538462
47,2321,-281,-254.272727272727
47,2322,-135,-136.897058823529
47,2323,-151,-73.3
47,2324,-94,-51.3046594982079
47,2325,-107,-51.3046594982079
47,2326,-60,-51.3046594982079
47,2327,-28,-51.3046594982079
47,2328,-10,0.533333333333333
47,2329,-4,-2.60589318600368
47,2330,-2,-2.60589318600368
47,2331,43,-2.60589318600368
47,2332,157,90.3488372093023
47,2333,352,281.071428571429
47,2334,213,-56.7916666666667
47,2335,-442,-311.984375
47,2336,-123,-150.785714285714
47,2337,27,24.5588235294118
47,2338,120,-17.2625
47,2339,-29,-20.5074626865672
47,2340,-45,-2.60589318600368
47,2341,40,-51.3046594982079
47,2342,191,121.603603603604
47,2343,416,315.1
47,2344,52,-56.7916666666667
47,2345,-342,-216.88679245283
47,2346,-165,-136.897058823529
47,2347,-164,-73.3
47,2348,-94,-51.3046594982079
47,2349,-85,-51.3046594982079
47,2350,-70,-51.3046594982079
47,2351,-29,-51.3046594982079
47,2352,-19,0.533333333333333
47,2353,2,-2.60589318600368
47,2354,-5,-2.60589318600368
47,2355,51,-2.60589318600368
47,2356,138,152.545454545455
47,2357,376,281.071428571429
47,2358,187,-233.022727272727
47,2359,-420,-311.984375
47,2360,-126,-97.6486486486486
47,2361,42,24.5588235294118
47,2362,43,-17.2625
47,2363,-14,-17.2625
47,2364,-9,-2.60589318600368
47,2365,78,-2.60589318600368
47,2366,139,162.382352941176
47,2367,393,315.1
47,2368,-32,-233.022727272727
47,2369,-178,-254.272727272727
47,2370,-211,-136.897058823529
47,2371,-146,-136.897058823529
47,2372,-66,-73.3
47,2373,-81,-51.3046594982079
47,2374,-83,-51.3046594982079
47,2375,-46,-51.3046594982079
47,2376,-11,-51.3046594982079
47,2377,-16,-2.60589318600368
47,2378,-2,-2.60589318600368
47,2379,29,-2.60589318600368
47,2380,111,90.3488372093023
47,2381,302,281.071428571429
47,2382,312,281.071428571429
47,2383,-419,-311.984375
47,2384,-101,-150.785714285714
47,2385,34,24.5588235294118
47,2386,129,47.6935483870968
47,2387,-1,-20.5074626865672
47,2388,-37,-2.60589318600368
47,2389,-4,-2.60589318600368
47,2390,196,121.603603603604
47,2391,331,315.1
47,2392,-86,-56.7916666666667
47,2393,-229,-165.277777777778
47,2394,-175,-136.897058823529
47,2395,-92,-73.3
47,2396,-83,-51.3046594982079
47,2397,-34,-51.3046594982079
47,2398,12,-32.8712871287129
47,2399,-98,0.533333333333333
47,2400,-16,-51.3046594982079
47,2401,-56,-32.8712871287129
47,2402,-31,-51.3046594982079
47,2403,10,-32.8712871287129
47,2404,17,90.3488372093023
47,2405,40,90.3488372093023
47,2406,139,90.3488372093023
47,2407,130,122.703703703704
47,2408,100,-12.9285714285714
47,2409,185,102.7
47,2410,79,-54.5238095238095
47,2411,-2,-97.6486486486486
47,2412,11,-2.60589318600368
47,2413,-61,-17.2625
47,2414,129,-51.3046594982079
47,2415,-54,-20.5074626865672
47,2416,-115,-51.3046594982079
47,2417,-136,-51.3046594982079
47,2418,-148,-51.3046594982079
47,2419,-34,-51.3046594982079
47,2420,-17,-32.8712871287129
47,2421,-50,-2.60589318600368
47,2422,-78,-51.3046594982079
47,2423,-34,-51.3046594982079
47,2424,-28,-32.8712871287129
47,2425,-41,-2.60589318600368
47,2426,-40,-2.60589318600368
47,2427,5,-2.60589318600368
47,2428,22,-2.60589318600368
47,2429,36,47.6935483870968
47,2430,57,90.3488372093023
47,2431,168,152.545454545455
47,2432,194,162.382352941176
47,2433,69,-97.6486486486486
47,2434,97,-97.6486486486486
47,2435,38,-54.5238095238095
47,2436,-59,-17.2625
47,2437,-78,-51.3046594982079
47,2438,39,-51.3046594982079
47,2439,-26,-17.2625
47,2440,-89,121.603603603604
47,2441,-78,-51.3046594982079
47,2442,-79,-51.3046594982079
47,2443,-133,-51.3046594982079
47,2444,-64,-51.3046594982079
47,2445,-33,-51.3046594982079
47,2446,-49,-32.8712871287129
47,2447,-24,-51.3046594982079
47,2448,-8,-32.8712871287129
47,2449,-6,-2.60589318600368
47,2450,4,-2.60589318600368
47,2451,34,-2.60589318600368
47,2452,119,90.3488372093023
47,2453,328,281.071428571429
47,2454,191,192.734317343173
47,2455,-384,-311.984375
47,2456,-97,-97.6486486486486
47,2457,50,24.5588235294118
47,2458,43,-20.5074626865672
47,2459,48,-17.2625
47,2460,-11,-139.521739130435
47,2461,6,-2.60589318600368
47,2462,115,121.603603603604
47,2463,389,315.1
47,2464,-68,-20.5074626865672
47,2465,-288,-254.272727272727
47,2466,-146,-136.897058823529
47,2467,-107,-73.3
47,2468,-104,-51.3046594982079
47,2469,-59,-51.3046594982079
47,2470,-57,-51.3046594982079
47,2471,-8,-51.3046594982079
47,2472,-1,0.533333333333333
47,2473,2,-2.60589318600368
47,2474,1,-2.60589318600368
47,2475,41,-2.60589318600368
47,2476,119,90.3488372093023
47,2477,189,281.071428571429
47,2478,316,192.734317343173
47,2479,-379,-233.022727272727
47,2480,-133,-150.785714285714
47,2481,-9,24.5588235294118
47,2482,-63,-32.8712871287129
47,2483,26,-51.3046594982079
47,2484,29,-17.2625
47,2485,-107,-17.2625
47,2486,105,-51.3046594982079
47,2487,197,315.1
47,2488,-57,122.703703703704
47,2489,43,-97.6486486486486
47,2490,-34,47.6935483870968
47,2491,-83,-2.60589318600368
47,2492,-56,-51.3046594982079
47,2493,-73,-51.3046594982079
47,2494,-52,-51.3046594982079
47,2495,-14,-51.3046594982079
47,2496,-9,0.533333333333333
47,2497,2,-2.60589318600368
47,2498,5,-2.60589318600368
47,2499,46,-2.60589318600368
47,2500,116,90.3488372093023
47,2501,373,281.071428571429
47,2502,252,192.734317343173
47,2503,-435,-311.984375
47,2504,-170,-150.785714285714
47,2505,55,24.5588235294118
47,2506,66,-20.5074626865672
47,2507,-24,-20.5074626865672
47,2508,-3,-2.60589318600368
47,2509,25,-2.60589318600368
47,2510,155,121.603603603604
47,2511,420,315.1
47,2512,6,-56.7916666666667
47,2513,-281,-254.272727272727
47,2514,-202,-136.897058823529
47,2515,-60,-136.897058823529
47,2516,-120,-73.3
47,2517,-106,-51.3046594982079
47,2518,-65,-51.3046594982079
47,2519,-40,-51.3046594982079
47,2520,-7,0.533333333333333
47,2521,-5,-2.60589318600368
47,2522,0,-2.60589318600368
47,2523,50,-2.60589318600368
47,2524,114,152.545454545455
47,2525,364,281.071428571429
47,2526,256,192.734317343173
47,2527,-435,-311.984375
47,2528,-165,-150.785714285714
47,2529,53,24.5588235294118
47,2530,47,-20.5074626865672
47,2531,46,-17.2625
47,2532,-38,-17.2625
47,2533,-7,-2.60589318600368
47,2534,166,121.603603603604
47,2535,519,315.1
47,2536,-76,-97.6486486486486
47,2537,-297,-254.272727272727
47,2538,-186,-136.897058823529
47,2539,-143,-136.897058823529
47,2540,13,-51.3046594982079
47,2541,-133,-17.2625
47,2542,-88,-51.3046594982079
47,2543,-17,-51.3046594982079
47,2544,-35,0.533333333333333
47,2545,-2,-2.60589318600368
47,2546,-2,-2.60589318600368
47,2547,39,-2.60589318600368
47,2548,116,90.3488372093023
47,2549,338,281.071428571429
47,2550,254,192.734317343173
47,2551,-374,-311.984375
47,2552,-158,-150.785714285714
47,2553,96,24.5588235294118
47,2554,68,-20.5074626865672
47,2555,32,-20.5074626865672
47,2556,-9,-17.2625
47,2557,11,-2.60589318600368
47,2558,144,121.603603603604
47,2559,279,315.1
47,2560,-41,-12.9285714285714
47,2561,-217,-165.277777777778
47,2562,-219,-136.897058823529
47,2563,-57,-136.897058823529
47,2564,-17,-73.3
47,2565,-109,-32.8712871287129
47,2566,-14,-51.3046594982079
47,2567,-48,-32.8712871287129
47,2568,-41,-51.3046594982079
47,2569,-38,-32.8712871287129
47,2570,-30,-2.60589318600368
47,2571,2,-2.60589318600368
47,2572,24,-2.60589318600368
47,2573,36,47.6935483870968
47,2574,141,90.3488372093023
47,2575,159,192.734317343173
47,2576,97,-56.7916666666667
47,2577,152,-12.9285714285714
47,2578,62,53.1666666666667
47,2579,19,-12.9285714285714
47,2580,-53,-17.2625
47,2581,96,-51.3046594982079
47,2582,-70,-20.5074626865672
47,2583,-34,-51.3046594982079
47,2584,-48,-32.8712871287129
47,2585,-191,-51.3046594982079
47,2586,-82,-136.897058823529
47,2587,-64,-51.3046594982079
47,2588,-22,-51.3046594982079
47,2589,-68,-32.8712871287129
47,2590,9,-51.3046594982079
47,2591,-38,90.3488372093023
47,2592,-47,-2.60589318600368
47,2593,-41,-51.3046594982079
47,2594,-44,-2.60589318600368
47,2595,-4,-51.3046594982079
47,2596,10,-2.60589318600368
47,2597,41,47.6935483870968
47,2598,118,90.3488372093023
47,2599,101,281.071428571429
47,2600,213,162.382352941176
47,2601,81,162.382352941176
47,2602,206,-228.538461538462
47,2603,-74,-54.5238095238095
47,2604,-36,-150.785714285714
47,2605,-26,-32.8712871287129
47,2606,51,-2.60589318600368
47,2607,32,-20.5074626865672
47,2608,-183,-17.2625
47,2609,-127,-136.897058823529
47,2610,-161,-51.3046594982079
47,2611,-56,-51.3046594982079
47,2612,-58,-51.3046594982079
47,2613,-38,-51.3046594982079
47,2614,-36,-32.8712871287129
47,2615,-46,-2.60589318600368
47,2616,-10,-51.3046594982079
47,2617,-3,-2.60589318600368
47,2618,3,-2.60589318600368
47,2619,29,-2.60589318600368
47,2620,131,90.3488372093023
47,2621,362,192.734317343173
47,2622,220,-56.7916666666667
47,2623,-422,-311.984375
47,2624,-130,-150.785714285714
47,2625,40,24.5588235294118
47,2626,104,47.6935483870968
47,2627,-14,-20.5074626865672
47,2628,-25,-2.60589318600368
47,2629,-3,-2.60589318600368
47,2630,216,121.603603603604
47,2631,382,315.1
47,2632,-45,-56.7916666666667
47,2633,-263,-254.272727272727
47,2634,-158,-136.897058823529
47,2635,-176,-73.3
47,2636,-84,-51.3046594982079
47,2637,-78,-51.3046594982079
47,2638,-30,-51.3046594982079
47,2639,-51,0.533333333333333
47,2640,1,-51.3046594982079
47,2641,-9,-32.8712871287129
47,2642,4,-2.60589318600368
47,2643,38,-2.60589318600368
47,2644,147,90.3488372093023
47,2645,362,192.734317343173
47,2646,249,-56.7916666666667
47,2647,-396,-311.984375
47,2648,-239,-150.785714285714
47,2649,48,-136.897058823529
47,2650,84,-20.5074626865672
47,2651,3,-20.5074626865672
47,2652,-12,-2.60589318600368
47,2653,10,-2.60589318600368
47,2654,192,121.603603603604
47,2655,472,315.1
47,2656,-145,-56.7916666666667
47,2657,-283,-254.272727272727
47,2658,-114,-136.897058823529
47,2659,-128,-73.3
47,2660,-109,-51.3046594982079
47,2661,-90,-51.3046594982079
47,2662,-58,-51.3046594982079
47,2663,-11,-51.3046594982079
47,2664,-12,0.533333333333333
47,2665,-7,-2.60589318600368
47,2666,4,-2.60589318600368
47,2667,22,-2.60589318600368
47,2668,146,90.3488372093023
47,2669,350,281.071428571429
47,2670,306,-56.7916666666667
47,2671,-504,-311.984375
47,2672,-149,-150.785714285714
47,2673,42,24.5588235294118
47,2674,89,47.6935483870968
47,2675,24,-20.5074626865672
47,2676,-63,-17.2625
47,2677,23,-51.3046594982079
47,2678,168,121.603603603604
47,2679,485,315.1
47,2680,-69,-97.6486486486486
47,2681,-257,-254.272727272727
47,2682,-193,-136.897058823529
47,2683,-74,-136.897058823529
47,2684,-145,-51.3046594982079
47,2685,-100,-51.3046594982079
47,2686,-50,-51.3046594982079
47,2687,-44,-51.3046594982079
47,2688,-5,-51.3046594982079
47,2689,-9,-2.60589318600368
47,2690,1,-2.60589318600368
47,2691,58,-2.60589318600368
47,2692,103,152.545454545455
47,2693,389,210.916666666667
47,2694,236,281.071428571429
47,2695,-459,-311.984375
47,2696,-127,-150.785714285714
47,2697,86,24.5588235294118
47,2698,41,-20.5074626865672
47,2699,-9,-17.2625
47,2700,-68,-2.60589318600368
47,2701,38,-51.3046594982079
47,2702,176,121.603603603604
47,2703,433,315.1
47,2704,-6,-56.7916666666667
47,2705,-340,-254.272727272727
47,2706,-102,-136.897058823529
47,2707,-204,-73.3
47,2708,-206,-136.897058823529
47,2709,-2,-136.897058823529
47,2710,-28,-32.8712871287129
47,2711,-4,0.533333333333333
47,2712,-3,0.533333333333333
47,2713,-3,-2.60589318600368
47,2714,5,-2.60589318600368
47,2715,26,-2.60589318600368
47,2716,100,90.3488372093023
47,2717,256,192.734317343173
47,2718,311,64.6363636363636
47,2719,-279,-311.984375
47,2720,-181,-150.785714285714
47,2721,116,-136.897058823529
47,2722,19,-20.5074626865672
47,2723,30,-17.2625
47,2724,-11,-17.2625
47,2725,-7,-2.60589318600368
47,2726,110,121.603603603604
47,2727,306,253.963963963964
47,2728,-141,-20.5074626865672
47,2729,-159,-165.277777777778
47,2730,-172,-153.633333333333
47,2731,-99,-51.3046594982079
47,2732,-17,-51.3046594982079
47,2733,-30,-32.8712871287129
47,2734,-41,-2.60589318600368
47,2735,-48,-2.60589318600368
47,2736,-9,-51.3046594982079
47,2737,-63,-32.8712871287129
47,2738,-15,-51.3046594982079
47,2739,1,-32.8712871287129
47,2740,22,-2.60589318600368
47,2741,36,47.6935483870968
47,2742,138,90.3488372093023
47,2743,121,192.734317343173
47,2744,140,-56.7916666666667
47,2745,191,102.7
47,2746,19,-12.9285714285714
47,2747,4,-97.6486486486486
47,2748,64,-2.60589318600368
47,2749,-23,-20.5074626865672
47,2750,-5,-2.60589318600368
47,2751,-10,-2.60589318600368
47,2752,-118,-2.60589318600368
47,2753,-124,-51.3046594982079
47,2754,-155,-51.3046594982079
47,2755,-23,-51.3046594982079
47,2756,-71,-32.8712871287129
47,2757,-25,-51.3046594982079
47,2758,-49,-32.8712871287129
47,2759,-31,-51.3046594982079
47,2760,-24,-32.8712871287129
47,2761,-34,-2.60589318600368
47,2762,-51,-2.60589318600368
47,2763,3,-51.3046594982079
47,2764,12,-32.8712871287129
47,2765,35,90.3488372093023
47,2766,87,47.6935483870968
47,2767,141,192.734317343173
47,2768,194,122.703703703704
47,2769,112,-12.9285714285714
47,2770,89,-97.6486486486486
47,2771,-86,-54.5238095238095
47,2772,18,-51.3046594982079
47,2773,37,-17.2625
47,2774,-1,-17.2625
47,2775,-73,-2.60589318600368
47,2776,-174,-51.3046594982079
47,2777,-144,-51.3046594982079
47,2778,-63,-51.3046594982079
47,2779,-71,-51.3046594982079
47,2780,-32,-51.3046594982079
47,2781,-34,-32.8712871287129
47,2782,-12,-2.60589318600368
47,2783,-27,-2.60589318600368
47,2784,-6,-2.60589318600368
47,2785,-5,-2.60589318600368
47,2786,3,-2.60589318600368
47,2787,26,-2.60589318600368
47,2788,119,90.3488372093023
47,2789,328,192.734317343173
47,2790,301,192.734317343173
47,2791,-444,-311.984375
47,2792,-161,-150.785714285714
47,2793,93,24.5588235294118
47,2794,51,-20.5074626865672
47,2795,-18,-20.5074626865672
47,2796,-61,-2.60589318600368
47,2797,85,-51.3046594982079
47,2798,130,162.382352941176
47,2799,397,315.1
47,2800,-243,-139.521739130435
47,2801,-97,-254.272727272727
47,2802,-254,24.5588235294118
47,2803,-44,-136.897058823529
47,2804,-11,-73.3
47,2805,-102,-2.60589318600368
47,2806,-74,-51.3046594982079
47,2807,-20,-51.3046594982079
47,2808,-9,0.533333333333333
47,2809,3,-2.60589318600368
47,2810,5,-2.60589318600368
47,2811,33,-2.60589318600368
47,2812,136,90.3488372093023
47,2813,81,281.071428571429
47,2814,-126,-56.7916666666667
47,2815,-48,-51.3046594982079
47,2816,-41,-51.3046594982079
47,2817,54,-32.8712871287129
47,2818,5,-20.5074626865672
47,2819,50,-2.60589318600368
47,2820,9,-139.521739130435
47,2821,46,47.6935483870968
47,2822,165,47.6935483870968
47,2823,341,162.382352941176
47,2824,-28,-97.6486486486486
47,2825,-292,-150.785714285714
47,2826,-89,-136.897058823529
47,2827,-17,-73.3
47,2828,-49,-32.8712871287129
47,2829,-142,-51.3046594982079
47,2830,-46,-51.3046594982079
47,2831,-33,-51.3046594982079
47,2832,-10,121.603603603604
47,2833,-2,-2.60589318600368
47,2834,4,-2.60589318600368
47,2835,23,-2.60589318600368
47,2836,143,47.6935483870968
47,2837,338,281.071428571429
47,2838,294,-56.7916666666667
47,2839,-447,-311.984375
47,2840,-187,-150.785714285714
47,2841,55,-136.897058823529
47,2842,128,-20.5074626865672
47,2843,-79,-20.5074626865672
47,2844,-28,-51.3046594982079
47,2845,68,-32.8712871287129
47,2846,159,162.382352941176
47,2847,439,315.1
47,2848,-107,-233.022727272727
47,2849,-217,-254.272727272727
47,2850,-96,-136.897058823529
47,2851,-288,-73.3
47,2852,32,-136.897058823529
47,2853,-21,-17.2625
47,2854,-144,-2.60589318600368
47,2855,-51,-51.3046594982079
47,2856,-12,-51.3046594982079
47,2857,-2,-32.8712871287129
47,2858,-1,-2.60589318600368
47,2859,29,-2.60589318600368
47,2860,94,90.3488372093023
47,2861,258,210.916666666667
47,2862,347,281.071428571429
47,2863,-379,-311.984375
47,2864,-182,-150.785714285714
47,2865,37,-136.897058823529
47,2866,74,47.6935483870968
47,2867,6,-20.5074626865672
47,2868,-27,-2.60589318600368
47,2869,58,-2.60589318600368
47,2870,172,162.382352941176
47,2871,404,315.1
47,2872,-14,-97.6486486486486
47,2873,-353,-254.272727272727
47,2874,-93,-136.897058823529
47,2875,-120,-73.3
47,2876,-89,-51.3046594982079
47,2877,-77,-51.3046594982079
47,2878,-53,-51.3046594982079
47,2879,-56,-51.3046594982079
47,2880,-35,-51.3046594982079
47,2881,5,-32.8712871287129
47,2882,-5,-2.60589318600368
47,2883,30,-2.60589318600368
47,2884,96,90.3488372093023
47,2885,291,210.916666666667
47,2886,357,281.071428571429
47,2887,-401,-311.984375
47,2888,-124,-150.785714285714
47,2889,44,24.5588235294118
47,2890,164,-17.2625
47,2891,-44,-20.5074626865672
47,2892,-24,-56.7916666666667
47,2893,70,-2.60589318600368
47,2894,164,162.382352941176
47,2895,266,315.1
47,2896,-139,-233.022727272727
47,2897,-261,-165.277777777778
47,2898,-128,-136.897058823529
47,2899,-105,-73.3
47,2900,-3,-51.3046594982079
47,2901,-93,-32.8712871287129
47,2902,20,-51.3046594982079
47,2903,-50,0.533333333333333
47,2904,-66,-51.3046594982079
47,2905,-19,-51.3046594982079
47,2906,-45,-32.8712871287129
47,2907,-1,-51.3046594982079
47,2908,20,-2.60589318600368
47,2909,54,47.6935483870968
47,2910,122,152.545454545455
47,2911,189,281.071428571429
47,2912,144,122.703703703704
47,2913,108,-97.6486486486486
47,2914,96,-12.9285714285714
47,2915,-33,-54.5238095238095
47,2916,-134,-2.60589318600368
47,2917,44,-51.3046594982079
47,2918,39,-17.2625
47,2919,-49,-17.2625
47,2920,-115,-51.3046594982079
47,2921,-154,-51.3046594982079
47,2922,-94,-51.3046594982079
47,2923,-32,-51.3046594982079
47,2924,-30,-32.8712871287129
47,2925,-6,-2.60589318600368
47,2926,-52,-2.60589318600368
47,2927,-18,-51.3046594982079
47,2928,-35,-32.8712871287129
47,2929,-52,-2.60589318600368
47,2930,-11,-51.3046594982079
47,2931,-1,-32.8712871287129
47,2932,13,-2.60589318600368
47,2933,12,90.3488372093023
47,2934,27,47.6935483870968
47,2935,24,90.3488372093023
47,2936,99,47.6935483870968
47,2937,151,102.7
47,2938,56,-20.5074626865672
47,2939,-72,-12.9285714285714
47,2940,-6,-51.3046594982079
47,2941,-8,-32.8712871287129
47,2942,27,-2.60589318600368
47,2943,-176,-17.2625
47,2944,-51,-51.3046594982079
47,2945,8,-51.3046594982079
47,2946,2,-32.8712871287129
47,2947,-3,-2.60589318600368
47,2948,-34,-2.60589318600368
47,2949,1,-2.60589318600368
47,2950,-29,-2.60589318600368
47,2951,-14,-2.60589318600368
47,2952,-22,-2.60589318600368
47,2953,-5,-2.60589318600368
47,2954,-3,-2.60589318600368
47,2955,12,-2.60589318600368
47,2956,40,47.6935483870968
47,2957,95,90.3488372093023
47,2958,243,192.734317343173
47,2959,-65,-8.42857142857143
47,2960,-34,-150.785714285714
47,2961,10,-32.8712871287129
47,2962,33,47.6935483870968
47,2963,64,-17.2625
47,2964,15,-20.5074626865672
47,2965,-50,-17.2625
47,2966,7,-51.3046594982079
47,2967,120,121.603603603604
47,2968,-41,-20.5074626865672
47,2969,-85,-2.60589318600368
47,2970,-144,-51.3046594982079
47,2971,-76,-51.3046594982079
47,2972,-44,-51.3046594982079
47,2973,-38,-51.3046594982079
47,2974,-38,-2.60589318600368
47,2975,-18,-2.60589318600368
47,2976,-6,-2.60589318600368
47,2977,-4,-2.60589318600368
47,2978,4,-2.60589318600368
47,2979,12,-2.60589318600368
47,2980,124,90.3488372093023
47,2981,219,192.734317343173
47,2982,351,192.734317343173
47,2983,-331,-311.984375
47,2984,-218,-150.785714285714
47,2985,29,-136.897058823529
47,2986,67,47.6935483870968
47,2987,-22,-20.5074626865672
47,2988,6,-2.60589318600368
47,2989,10,-2.60589318600368
47,2990,170,121.603603603604
47,2991,382,315.1
47,2992,-22,-56.7916666666667
47,2993,-270,-150.785714285714
47,2994,-154,-136.897058823529
47,2995,-135,-73.3
47,2996,-63,-51.3046594982079
47,2997,-78,-51.3046594982079
47,2998,-51,-51.3046594982079
47,2999,-25,-51.3046594982079
47,3000,0,0.533333333333333
47,3001,-2,-2.60589318600368
47,3002,0,-2.60589318600368
47,3003,34,-2.60589318600368
47,3004,135,90.3488372093023
47,3005,332,281.071428571429
47,3006,332,-56.7916666666667
47,3007,-473,-311.984375
47,3008,-149,-150.785714285714
47,3009,74,24.5588235294118
47,3010,99,-20.5074626865672
47,3011,-93,-20.5074626865672
47,3012,-26,-51.3046594982079
47,3013,48,-32.8712871287129
47,3014,247,162.382352941176
47,3015,382,315.1
47,3016,-104,-311.984375
47,3017,-278,-254.272727272727
47,3018,-174,-136.897058823529
47,3019,-123,-73.3
47,3020,-72,-51.3046594982079
47,3021,-61,-51.3046594982079
47,3022,-94,-51.3046594982079
47,3023,-31,-51.3046594982079
47,3024,0,0.533333333333333
47,3025,-8,-2.60589318600368
47,3026,7,-2.60589318600368
47,3027,32,-2.60589318600368
47,3028,117,90.3488372093023
47,3029,319,281.071428571429
47,3030,320,-8.42857142857143
47,3031,-443,-228.538461538462
47,3032,-151,-150.785714285714
47,3033,47,24.5588235294118
47,3034,75,-17.2625
47,3035,-35,-20.5074626865672
47,3036,57,-2.60589318600368
47,3037,112,-139.521739130435
47,3038,21,162.382352941176
47,3039,346,121.603603603604
47,3040,-135,-139.521739130435
47,3041,51,-150.785714285714
47,3042,-328,102.7
47,3043,-155,-136.897058823529
47,3044,-83,-73.3
47,3045,9,-51.3046594982079
47,3046,-118,-17.2625
47,3047,-31,-51.3046594982079
47,3048,-21,0.533333333333333
47,3049,-10,-2.60589318600368
47,3050,2,-2.60589318600368
47,3051,27,-2.60589318600368
47,3052,108,90.3488372093023
47,3053,249,281.071428571429
47,3054,353,192.734317343173
47,3055,-345,-311.984375
47,3056,-125,-150.785714285714
47,3057,38,24.5588235294118
47,3058,74,47.6935483870968
47,3059,-6,-20.5074626865672
47,3060,-10,-2.60589318600368
47,3061,84,-2.60589318600368
47,3062,65,162.382352941176
47,3063,317,315.1
47,3064,-195,-139.521739130435
47,3065,-149,-165.277777777778
47,3066,-185,-153.633333333333
47,3067,-118,-136.897058823529
47,3068,-30,-51.3046594982079
47,3069,-60,-32.8712871287129
47,3070,149,-51.3046594982079
47,3071,-103,281.071428571429
47,3072,-79,-56.7916666666667
47,3073,-52,-51.3046594982079
47,3074,-4,-51.3046594982079
47,3075,0,-32.8712871287129
47,3076,17,-2.60589318600368
47,3077,42,-17.2625
47,3078,104,90.3488372093023
47,3079,92,281.071428571429
47,3080,81,162.382352941176
47,3081,180,53.1666666666667
47,3082,46,53.1666666666667
47,3083,97,-97.6486486486486
47,3084,-73,-54.5238095238095
47,3085,18,-51.3046594982079
47,3086,22,-17.2625
47,3087,-109,-17.2625
47,3088,-55,-51.3046594982079
47,3089,-141,-51.3046594982079
47,3090,-77,-51.3046594982079
47,3091,-51,-51.3046594982079
47,3092,-15,-51.3046594982079
47,3093,-64,-32.8712871287129
47,3094,-14,-51.3046594982079
47,3095,1,-32.8712871287129
47,3096,-46,-2.60589318600368
47,3097,-38,-51.3046594982079
47,3098,-16,-2.60589318600368
47,3099,-1,-2.60589318600368
47,3100,13,-2.60589318600368
47,3101,27,47.6935483870968
47,3102,81,90.3488372093023
47,3103,91,210.916666666667
47,3104,205,162.382352941176
47,3105,66,102.7
47,3106,68,-228.538461538462
47,3107,57,-54.5238095238095
47,3108,-2,-54.5238095238095
47,3109,-49,-2.60589318600368
47,3110,13,-51.3046594982079
47,3111,-42,-17.2625
47,3112,-86,-51.3046594982079
47,3113,-117,-51.3046594982079
47,3114,-90,-51.3046594982079
47,3115,-50,-51.3046594982079
47,3116,-71,-51.3046594982079
47,3117,-20,-51.3046594982079
47,3118,-57,-32.8712871287129
47,3119,-19,-51.3046594982079
47,3120,-23,-32.8712871287129
47,3121,-2,-2.60589318600368
47,3122,6,-2.60589318600368
47,3123,30,-2.60589318600368
47,3124,107,90.3488372093023
47,3125,329,281.071428571429
47,3126,261,122.703703703704
47,3127,-378,-228.538461538462
47,3128,-191,-150.785714285714
47,3129,95,-136.897058823529
47,3130,21,-20.5074626865672
47,3131,-138,-17.2625
47,3132,39,-51.3046594982079
47,3133,75,-17.2625
47,3134,187,162.382352941176
47,3135,319,315.1
47,3136,-174,-233.022727272727
47,3137,-353,-150.785714285714
47,3138,17,-136.897058823529
47,3139,-50,-17.2625
47,3140,-80,-51.3046594982079
47,3141,-45,-51.3046594982079
47,3142,-33,-51.3046594982079
47,3143,-35,121.603603603604
47,3144,-10,0.533333333333333
47,3145,-1,-2.60589318600368
47,3146,5,-2.60589318600368
47,3147,45,-2.60589318600368
47,3148,120,90.3488372093023
47,3149,353,192.734317343173
47,3150,310,192.734317343173
47,3151,-480,-311.984375
47,3152,-133,-150.785714285714
47,3153,6,24.5588235294118
47,3154,97,-32.8712871287129
47,3155,3,-20.5074626865672
47,3156,-20,-2.60589318600368
47,3157,38,-2.60589318600368
47,3158,100,121.603603603604
47,3159,497,315.1
47,3160,-105,-139.521739130435
47,3161,-307,-254.272727272727
47,3162,-99,-136.897058823529
47,3163,-237,-73.3
47,3164,-14,-136.897058823529
47,3165,18,-32.8712871287129
47,3166,-150,-17.2625
47,3167,-32,-51.3046594982079
47,3168,-1,0.533333333333333
47,3169,-9,-2.60589318600368
47,3170,-3,-2.60589318600368
47,3171,37,-2.60589318600368
47,3172,137,90.3488372093023
47,3173,286,281.071428571429
47,3174,353,-56.7916666666667
47,3175,-435,-311.984375
47,3176,-154,-150.785714285714
47,3177,6,24.5588235294118
47,3178,98,-32.8712871287129
47,3179,-22,-20.5074626865672
47,3180,-40,-2.60589318600368
47,3181,31,-2.60589318600368
47,3182,165,121.603603603604
47,3183,422,315.1
47,3184,-4,-56.7916666666667
47,3185,-368,-254.272727272727
47,3186,-102,-136.897058823529
47,3187,-85,-73.3
47,3188,-114,-51.3046594982079
47,3189,-116,-51.3046594982079
47,3190,-42,-51.3046594982079
47,3191,-43,-51.3046594982079
47,3192,0,-51.3046594982079
47,3193,-9,-2.60589318600368
47,3194,0,-2.60589318600368
47,3195,37,-2.60589318600368
47,3196,111,90.3488372093023
47,3197,355,192.734317343173
47,3198,326,281.071428571429
47,3199,-447,-311.984375
47,3200,-169,-150.785714285714
47,3201,50,24.5588235294118
47,3202,109,-20.5074626865672
47,3203,-45,-20.5074626865672
47,3204,-47,-51.3046594982079
47,3205,68,-51.3046594982079
47,3206,97,162.382352941176
47,3207,440,315.1
47,3208,-102,-139.521739130435
47,3209,-275,-254.272727272727
47,3210,-126,-136.897058823529
47,3211,-104,-73.3
47,3212,-54,-51.3046594982079
47,3213,-112,-51.3046594982079
47,3214,-61,-51.3046594982079
47,3215,-40,-51.3046594982079
47,3216,-6,0.533333333333333
47,3217,-5,-2.60589318600368
47,3218,1,-2.60589318600368
47,3219,30,-2.60589318600368
47,3220,95,90.3488372093023
47,3221,23,210.916666666667
47,3222,313,90.3488372093023
47,3223,-78,-8.42857142857143
47,3224,-165,-150.785714285714
47,3225,28,-153.633333333333
47,3226,80,-17.2625
47,3227,43,-20.5074626865672
47,3228,-10,47.6935483870968
47,3229,30,-2.60589318600368
47,3230,170,47.6935483870968
47,3231,-140,162.382352941176
47,3232,-192,-97.6486486486486
47,3233,-1,-136.897058823529
47,3234,-3,-32.8712871287129
47,3235,-23,-2.60589318600368
47,3236,-16,-2.60589318600368
47,3237,-59,-2.60589318600368
47,3238,-8,-51.3046594982079
47,3239,-28,121.603603603604
47,3240,-17,-2.60589318600368
47,3241,-49,-2.60589318600368
47,3242,-11,-51.3046594982079
47,3243,-5,-32.8712871287129
47,3244,18,-2.60589318600368
47,3245,34,47.6935483870968
47,3246,128,90.3488372093023
47,3247,170,192.734317343173
47,3248,60,162.382352941176
47,3249,189,-97.6486486486486
47,3250,91,53.1666666666667
47,3251,11,-97.6486486486486
47,3252,-3,-17.2625
47,3253,0,-2.60589318600368
47,3254,-20,-2.60589318600368
47,3255,40,-2.60589318600368
47,3256,-210,121.603603603604
47,3257,-176,-136.897058823529
47,3258,-86,-73.3
47,3259,37,-51.3046594982079
47,3260,-94,47.6935483870968
47,3261,-39,-51.3046594982079
47,3262,-9,-32.8712871287129
47,3263,-37,-2.60589318600368
47,3264,15,-2.60589318600368
47,3265,-91,90.3488372093023
47,3266,-20,-51.3046594982079
47,3267,-11,-32.8712871287129
47,3268,16,-2.60589318600368
47,3269,30,90.3488372093023
47,3270,87,90.3488372093023
47,3271,126,203.894736842105
47,3272,174,162.382352941176
47,3273,104,122.703703703704
47,3274,128,-97.6486486486486
47,3275,-49,-54.5238095238095
47,3276,14,-51.3046594982079
47,3277,-17,-17.2625
47,3278,-32,-2.60589318600368
47,3279,-100,-2.60589318600368
47,3280,-78,-51.3046594982079
47,3281,-147,-51.3046594982079
47,3282,-71,-51.3046594982079
47,3283,-29,-51.3046594982079
47,3284,-53,-32.8712871287129
47,3285,-47,-51.3046594982079
47,3286,-35,-51.3046594982079
47,3287,-20,-2.60589318600368
47,3288,-6,-2.60589318600368
47,3289,1,-2.60589318600368
47,3290,1,-2.60589318600368
47,3291,39,-2.60589318600368
47,3292,98,90.3488372093023
47,3293,308,192.734317343173
47,3294,276,192.734317343173
47,3295,-368,-311.984375
47,3296,-148,-150.785714285714
47,3297,-1,24.5588235294118
47,3298,72,-32.8712871287129
47,3299,32,-20.5074626865672
47,3300,-33,-17.2625
47,3301,14,-2.60589318600368
47,3302,228,121.603603603604
47,3303,398,315.1
47,3304,-136,-228.538461538462
47,3305,-272,-254.272727272727
47,3306,-111,-136.897058823529
47,3307,-229,-73.3
47,3308,9,-136.897058823529
47,3309,-20,-17.2625
47,3310,-126,-2.60589318600368
47,3311,-20,-51.3046594982079
47,3312,-10,0.533333333333333
47,3313,-6,-2.60589318600368
47,3314,6,-2.60589318600368
47,3315,43,-2.60589318600368
47,3316,108,90.3488372093023
47,3317,373,281.071428571429
47,3318,230,122.703703703704
47,3319,-427,-228.538461538462
47,3320,-113,-150.785714285714
47,3321,32,24.5588235294118
47,3322,125,-17.2625
47,3323,-75,-20.5074626865672
47,3324,-7,-51.3046594982079
47,3325,50,-32.8712871287129
47,3326,195,162.382352941176
47,3327,397,315.1
47,3328,-112,-233.022727272727
47,3329,-344,-254.272727272727
47,3330,-103,-136.897058823529
47,3331,-84,-73.3
47,3332,-101,-51.3046594982079
47,3333,-83,-51.3046594982079
47,3334,-65,-51.3046594982079
47,3335,-19,-51.3046594982079
47,3336,-21,0.533333333333333
47,3337,-2,-2.60589318600368
47,3338,2,-2.60589318600368
47,3339,47,-2.60589318600368
47,3340,120,90.3488372093023
47,3341,353,281.071428571429
47,3342,275,192.734317343173
47,3343,-428,-311.984375
47,3344,-202,-150.785714285714
47,3345,65,-136.897058823529
47,3346,80,-20.5074626865672
47,3347,-10,-20.5074626865672
47,3348,-5,-2.60589318600368
47,3349,7,-2.60589318600368
47,3350,224,121.603603603604
47,3351,431,315.1
47,3352,-105,-56.7916666666667
47,3353,-286,-254.272727272727
47,3354,-131,-136.897058823529
47,3355,-128,-73.3
47,3356,-75,-51.3046594982079
47,3357,-115,-51.3046594982079
47,3358,-47,-51.3046594982079
47,3359,-48,-51.3046594982079
47,3360,-10,-51.3046594982079
47,3361,-10,-32.8712871287129
47,3362,-3,-2.60589318600368
47,3363,50,-2.60589318600368
47,3364,116,152.545454545455
47,3365,324,281.071428571429
47,3366,284,281.071428571429
47,3367,-436,-311.984375
47,3368,-118,-150.785714285714
47,3369,13,24.5588235294118
47,3370,81,-17.2625
47,3371,-6,-20.5074626865672
47,3372,-28,-2.60589318600368
47,3373,20,-2.60589318600368
47,3374,194,121.603603603604
47,3375,387,315.1
47,3376,-77,-56.7916666666667
47,3377,-267,-254.272727272727
47,3378,-195,-136.897058823529
47,3379,-76,-136.897058823529
47,3380,-64,-51.3046594982079
47,3381,-72,-51.3046594982079
47,3382,-64,-51.3046594982079
47,3383,-35,-51.3046594982079
47,3384,-17,0.533333333333333
47,3385,-6,-2.60589318600368
47,3386,-8,-2.60589318600368
47,3387,45,-2.60589318600368
47,3388,94,90.3488372093023
47,3389,277,210.916666666667
47,3390,313,192.734317343173
47,3391,-331,-311.984375
47,3392,-206,-150.785714285714
47,3393,93,-136.897058823529
47,3394,102,-20.5074626865672
47,3395,-55,-20.5074626865672
47,3396,14,-51.3046594982079
47,3397,97,-17.2625
47,3398,134,162.382352941176
47,3399,235,315.1
47,3400,-152,-233.022727272727
47,3401,-194,-150.785714285714
47,3402,-160,-136.897058823529
47,3403,-19,-51.3046594982079
47,3404,-75,-32.8712871287129
47,3405,-39,-51.3046594982079
47,3406,-36,-32.8712871287129
47,3407,4,-2.60589318600368
47,3408,-56,121.603603603604
47,3409,-64,-51.3046594982079
47,3410,-13,-51.3046594982079
47,3411,-4,-32.8712871287129
47,3412,22,-2.60589318600368
47,3413,55,90.3488372093023
47,3414,127,203.894736842105
47,3415,115,281.071428571429
47,3416,151,162.382352941176
47,3417,106,102.7
47,3418,83,-12.9285714285714
47,3419,92,-54.5238095238095
47,3420,-10,-54.5238095238095
47,3421,-39,-2.60589318600368
47,3422,-99,-2.60589318600368
47,3423,6,-51.3046594982079
47,3424,-162,-32.8712871287129
47,3425,-156,-51.3046594982079
47,3426,-4,-51.3046594982079
47,3427,-87,-32.8712871287129
47,3428,-52,-51.3046594982079
47,3429,10,-51.3046594982079
47,3430,-50,90.3488372093023
47,3431,16,-51.3046594982079
47,3432,-17,47.6935483870968
47,3433,-37,-2.60589318600368
47,3434,-59,-2.60589318600368
47,3435,8,-51.3046594982079
47,3436,11,-32.8712871287129
47,3437,26,90.3488372093023
47,3438,108,47.6935483870968
47,3439,157,122.703703703704
47,3440,104,162.382352941176
47,3441,28,-12.9285714285714
47,3442,29,90.3488372093023
47,3443,-100,90.3488372093023
47,3444,11,-51.3046594982079
47,3445,-101,-17.2625
47,3446,-8,-51.3046594982079
47,3447,-68,-32.8712871287129
47,3448,-71,-51.3046594982079
47,3449,-100,-51.3046594982079
47,3450,1,-51.3046594982079
47,3451,-9,-32.8712871287129
47,3452,-9,-2.60589318600368
47,3453,-23,-2.60589318600368
47,3454,8,-2.60589318600368
47,3455,94,-2.60589318600368
47,3456,10,210.916666666667
47,3457,-2,90.3488372093023
47,3458,-26,-2.60589318600368
47,3459,26,-2.60589318600368
47,3460,19,47.6935483870968
47,3461,-28,47.6935483870968
47,3462,-34,-2.60589318600368
47,3463,-17,-2.60589318600368
47,3464,2,-2.60589318600368
47,3465,-27,-2.60589318600368
47,3466,-23,-2.60589318600368
47,3467,-8,-2.60589318600368
47,3468,-1,-2.60589318600368
47,3469,-4,-2.60589318600368
47,3470,2,-2.60589318600368
47,3471,19,-2.60589318600368
47,3472,92,47.6935483870968
47,3473,221,192.734317343173
47,3474,284,192.734317343173
47,3475,-324,-311.984375
47,3476,-129,-150.785714285714
47,3477,21,24.5588235294118
47,3478,52,47.6935483870968
47,3479,-28,-20.5074626865672
47,3480,11,-2.60589318600368
47,3481,6,-17.2625
47,3482,194,121.603603603604
47,3483,299,315.1
47,3484,-139,-56.7916666666667
47,3485,-174,-150.785714285714
47,3486,-142,-153.633333333333
47,3487,-76,-51.3046594982079
47,3488,-27,-51.3046594982079
47,3489,-64,-32.8712871287129
47,3490,-41,-51.3046594982079
47,3491,-30,0.533333333333333
47,3492,-10,0.533333333333333
47,3493,-5,-2.60589318600368
47,3494,-5,-2.60589318600368
47,3495,30,-2.60589318600368
47,3496,108,90.3488372093023
47,3497,272,192.734317343173
47,3498,260,192.734317343173
47,3499,-349,-311.984375
47,3500,-185,-150.785714285714
47,3501,24,-136.897058823529
47,3502,51,-17.2625
47,3503,27,-20.5074626865672
47,3504,-63,-17.2625
47,3505,29,-51.3046594982079
47,3506,130,121.603603603604
47,3507,345,315.1
47,3508,-11,-20.5074626865672
47,3509,-226,-165.277777777778
47,3510,-156,-136.897058823529
47,3511,-29,-73.3
47,3512,-65,-32.8712871287129
47,3513,-82,-51.3046594982079
47,3514,-70,-51.3046594982079
47,3515,-26,-51.3046594982079
47,3516,-14,0.533333333333333
47,3517,-7,-2.60589318600368
47,3518,4,-2.60589318600368
47,3519,19,-2.60589318600368
47,3520,96,90.3488372093023
47,3521,235,210.916666666667
47,3522,330,192.734317343173
47,3523,-305,-311.984375
47,3524,-178,-150.785714285714
47,3525,17,-136.897058823529
47,3526,71,47.6935483870968
47,3527,2,-20.5074626865672
47,3528,-32,-2.60589318600368
47,3529,44,-2.60589318600368
47,3530,115,121.603603603604
47,3531,217,315.1
47,3532,-116,-139.521739130435
47,3533,-148,-165.277777777778
47,3534,-153,-51.3046594982079
47,3535,-65,-51.3046594982079
47,3536,-7,-51.3046594982079
47,3537,-30,-32.8712871287129
47,3538,-11,-2.60589318600368
47,3539,-19,-2.60589318600368
47,3540,-43,0.533333333333333
47,3541,-18,-51.3046594982079
47,3542,-12,-2.60589318600368
47,3543,-7,-2.60589318600368
47,3544,12,-2.60589318600368
47,3545,38,47.6935483870968
47,3546,83,90.3488372093023
47,3547,77,210.916666666667
47,3548,109,122.703703703704
47,3549,12,102.7
47,3550,54,47.6935483870968
47,3551,55,-54.5238095238095
47,3552,6,-20.5074626865672
47,3553,-7,-2.60589318600368
47,3554,-48,-2.60589318600368
47,3555,10,-51.3046594982079
47,3556,-113,47.6935483870968
47,3557,-58,-51.3046594982079
47,3558,-58,-51.3046594982079
47,3559,-15,-51.3046594982079
47,3560,-20,-32.8712871287129
47,3561,2,-2.60589318600368
47,3562,-46,-2.60589318600368
47,3563,63,-51.3046594982079
47,3564,-128,152.545454545455
47,3565,-26,-51.3046594982079
47,3566,-2,-32.8712871287129
47,3567,-4,-2.60589318600368
47,3568,11,-2.60589318600368
47,3569,34,47.6935483870968
47,3570,99,-17.2625
47,3571,68,210.916666666667
47,3572,143,-8.42857142857143
47,3573,85,53.1666666666667
47,3574,59,-12.9285714285714
47,3575,-11,-54.5238095238095
47,3576,16,-2.60589318600368
47,3577,-60,-17.2625
47,3578,-14,-51.3046594982079
47,3579,-108,-32.8712871287129
47,3580,-90,-51.3046594982079
47,3581,-10,-51.3046594982079
47,3582,-86,-32.8712871287129
47,3583,-54,-51.3046594982079
47,3584,-8,-51.3046594982079
47,3585,-26,-32.8712871287129
47,3586,-30,-2.60589318600368
47,3587,-15,-2.60589318600368
47,3588,-2,-2.60589318600368
47,3589,-2,-2.60589318600368
47,3590,12,-2.60589318600368
47,3591,23,90.3488372093023
47,3592,100,90.3488372093023
47,3593,322,192.734317343173
47,3594,187,-8.42857142857143
47,3595,-391,-228.538461538462
47,3596,-115,-97.6486486486486
47,3597,8,24.5588235294118
47,3598,94,-32.8712871287129
47,3599,-22,-20.5074626865672
47,3600,-26,-2.60589318600368
47,3601,35,-2.60589318600368
47,3602,129,121.603603603604
47,3603,278,315.1
47,3604,-96,-20.5074626865672
47,3605,-170,-165.277777777778
47,3606,-131,-153.633333333333
47,3607,-89,-51.3046594982079
47,3608,-37,-51.3046594982079
47,3609,-62,-32.8712871287129
47,3610,-34,-51.3046594982079
47,3611,-11,-32.8712871287129
47,3612,-6,0.533333333333333
47,3613,2,-2.60589318600368
47,3614,3,-2.60589318600368
47,3615,34,-2.60589318600368
47,3616,108,90.3488372093023
47,3617,238,192.734317343173
47,3618,201,192.734317343173
47,3619,-225,-311.984375
47,3620,-133,-150.785714285714
47,3621,-14,24.5588235294118
47,3622,32,-32.8712871287129
47,3623,30,-17.2625
47,3624,-38,-17.2625
47,3625,32,-2.60589318600368
47,3626,130,121.603603603604
47,3627,225,253.963963963964
47,3628,-130,192.734317343173
47,3629,-126,-165.277777777778
47,3630,-143,-51.3046594982079
47,3631,-77,-51.3046594982079
47,3632,2,-51.3046594982079
47,3633,52,-32.8712871287129
47,3634,78,203.894736842105
47,3635,-191,210.916666666667
47,3636,-18,-136.897058823529
47,3637,-63,-32.8712871287129
47,3638,-2,-51.3046594982079
47,3639,18,-32.8712871287129
47,3640,91,-17.2625
47,3641,201,203.894736842105
47,3642,282,281.071428571429
47,3643,-233,-233.022727272727
47,3644,-190,-150.785714285714
47,3645,-31,-136.897058823529
47,3646,65,-32.8712871287129
47,3647,-31,-20.5074626865672
47,3648,-20,-2.60589318600368
47,3649,37,-2.60589318600368
47,3650,75,0.533333333333333
47,3651,244,253.963963963964
47,3652,-52,253.963963963964
47,3653,-146,-165.277777777778
47,3654,-63,-153.633333333333
47,3655,-130,-51.3046594982079
47,3656,-66,-51.3046594982079
47,3657,-20,-51.3046594982079
47,3658,-25,-32.8712871287129
47,3659,-3,-2.60589318600368
47,3660,-6,0.533333333333333
47,3661,4,-2.60589318600368
47,3662,25,-2.60589318600368
47,3663,89,90.3488372093023
47,3664,299,192.734317343173
47,3665,245,192.734317343173
47,3666,-393,-311.984375
47,3667,-114,-150.785714285714
47,3668,10,24.5588235294118
47,3669,64,47.6935483870968
47,3670,-7,-20.5074626865672
47,3671,-46,-2.60589318600368
47,3672,51,-51.3046594982079
47,3673,106,162.382352941176
47,3674,253,315.1
47,3675,-85,-139.521739130435
47,3676,-134,-165.277777777778
47,3677,-128,-153.633333333333
47,3678,-12,-51.3046594982079
47,3679,-72,-32.8712871287129
47,3680,-74,-51.3046594982079
47,3681,-32,-51.3046594982079
47,3682,-35,-32.8712871287129
47,3683,-8,121.603603603604
47,3684,-3,-2.60589318600368
47,3685,5,-2.60589318600368
47,3686,13,-2.60589318600368
47,3687,104,47.6935483870968
47,3688,210,192.734317343173
47,3689,352,192.734317343173
47,3690,-366,-311.984375
47,3691,-130,-150.785714285714
47,3692,54,24.5588235294118
47,3693,11,-20.5074626865672
47,3694,37,-17.2625
47,3695,-25,-17.2625
47,3696,82,-2.60589318600368
47,3697,78,162.382352941176
47,3698,220,315.1
47,3699,-158,-54.5238095238095
47,3700,-135,-165.277777777778
47,3701,-106,-51.3046594982079
47,3702,-56,-51.3046594982079
47,3703,-36,-51.3046594982079
47,3704,-1,-32.8712871287129
47,3705,-40,-2.60589318600368
47,3706,-46,-2.60589318600368
47,3707,-32,-51.3046594982079
47,3708,-24,-2.60589318600368
47,3709,-14,-2.60589318600368
47,3710,4,-2.60589318600368
47,3711,6,-2.60589318600368
47,3712,55,-2.60589318600368
47,3713,75,152.545454545455
47,3714,113,192.734317343173
47,3715,91,122.703703703704
47,3716,116,-8.42857142857143
47,3717,140,-54.5238095238095
47,3718,45,-54.5238095238095
47,3719,-24,-12.9285714285714
47,3720,-60,-2.60589318600368
47,3721,38,-51.3046594982079
47,3722,-104,-17.2625
47,3723,-142,-51.3046594982079
47,3724,-76,-51.3046594982079
47,3725,-91,-51.3046594982079
47,3726,28,-51.3046594982079
47,3727,-27,47.6935483870968
47,3728,-47,-2.60589318600368
47,3729,-22,-51.3046594982079
47,3730,-16,-2.60589318600368
47,3731,-38,-2.60589318600368
47,3732,-22,-2.60589318600368
47,3733,-37,-2.60589318600368
47,3734,1,-2.60589318600368
47,3735,7,-2.60589318600368
47,3736,49,-2.60589318600368
47,3737,51,152.545454545455
47,3738,154,152.545454545455
47,3739,132,122.703703703704
47,3740,99,-12.9285714285714
47,3741,81,-12.9285714285714
47,3742,101,-54.5238095238095
47,3743,-32,-54.5238095238095
47,3744,70,-2.60589318600368
47,3745,-71,-54.5238095238095
47,3746,-160,-51.3046594982079
47,3747,-88,-51.3046594982079
47,3748,-128,-51.3046594982079
47,3749,-77,-51.3046594982079
47,3750,-29,-51.3046594982079
47,3751,-37,-32.8712871287129
47,3752,-25,-2.60589318600368
47,3753,-60,-2.60589318600368
47,3754,-19,-51.3046594982079
47,3755,-10,-32.8712871287129
47,3756,-16,-2.60589318600368
47,3757,0,-2.60589318600368
47,3758,20,-2.60589318600368
47,3759,47,90.3488372093023
47,3760,193,90.3488372093023
47,3761,276,192.734317343173
47,3762,-143,-56.7916666666667
47,3763,-131,-150.785714285714
47,3764,101,-153.633333333333
47,3765,52,-20.5074626865672
47,3766,1,-20.5074626865672
47,3767,24,-2.60589318600368
47,3768,-62,-17.2625
47,3769,52,-51.3046594982079
47,3770,162,152.545454545455
47,3771,-45,-20.5074626865672
47,3772,-198,-97.6486486486486
47,3773,-49,-136.897058823529
47,3774,-149,-51.3046594982079
47,3775,-43,-51.3046594982079
47,3776,-49,-51.3046594982079
47,3777,-40,-51.3046594982079
47,3778,-18,-32.8712871287129
47,3779,6,0.533333333333333
47,3780,-6,-2.60589318600368
47,3781,4,-2.60589318600368
47,3782,9,-2.60589318600368
47,3783,32,90.3488372093023
47,3784,57,90.3488372093023
47,3785,104,152.545454545455
47,3786,-101,64.6363636363636
47,3787,-16,-51.3046594982079
47,3788,61,-32.8712871287129
47,3789,41,-20.5074626865672
47,3790,22,-17.2625
47,3791,-15,-17.2625
47,3792,14,-2.60589318600368
47,3793,93,47.6935483870968
47,3794,298,102.7
47,3795,-49,-20.5074626865672
47,3796,-203,-165.277777777778
47,3797,-133,-136.897058823529
47,3798,-36,-73.3
47,3799,-52,-32.8712871287129
47,3800,-51,-51.3046594982079
47,3801,-60,-51.3046594982079
47,3802,-12,-51.3046594982079
47,3803,-11,0.533333333333333
47,3804,4,-2.60589318600368
47,3805,1,-2.60589318600368
47,3806,33,-2.60589318600368
47,3807,107,90.3488372093023
47,3808,269,281.071428571429
47,3809,276,192.734317343173
47,3810,-359,-311.984375
47,3811,-161,-150.785714285714
47,3812,-20,24.5588235294118
47,3813,89,-32.8712871287129
47,3814,-26,-20.5074626865672
47,3815,-33,-2.60589318600368
47,3816,79,-2.60589318600368
47,3817,61,162.382352941176
47,3818,262,315.1
47,3819,-16,192.734317343173
47,3820,-171,-165.277777777778
47,3821,-129,-153.633333333333
47,3822,-54,-51.3046594982079
47,3823,-40,-51.3046594982079
47,3824,-86,-32.8712871287129
47,3825,-53,-51.3046594982079
47,3826,-18,-51.3046594982079
47,3827,-9,0.533333333333333
47,3828,-5,-2.60589318600368
47,3829,3,-2.60589318600368
47,3830,32,-2.60589318600368
47,3831,110,90.3488372093023
47,3832,263,281.071428571429
47,3833,236,192.734317343173
47,3834,-323,-311.984375
47,3835,-170,-150.785714285714
47,3836,13,24.5588235294118
47,3837,47,-17.2625
47,3838,4,-17.2625
47,3839,-16,-2.60589318600368
47,3840,16,-2.60589318600368
47,3841,125,121.603603603604
47,3842,221,315.1
47,3843,10,-20.5074626865672
47,3844,-187,-165.277777777778
47,3845,-101,-136.897058823529
47,3846,-61,-51.3046594982079
47,3847,-71,-51.3046594982079
47,3848,-28,-51.3046594982079
47,3849,-60,-32.8712871287129
47,3850,-44,-51.3046594982079
47,3851,-12,-51.3046594982079
47,3852,-3,-2.60589318600368
47,3853,-1,-2.60589318600368
47,3854,31,-2.60589318600368
47,3855,94,90.3488372093023
47,3856,237,210.916666666667
47,3857,344,281.071428571429
47,3858,-360,-311.984375
47,3859,-153,-150.785714285714
47,3860,20,24.5588235294118
47,3861,72,-17.2625
47,3862,-12,-20.5074626865672
47,3863,-27,-2.60589318600368
47,3864,16,-2.60589318600368
47,3865,116,121.603603603604
47,3866,197,315.1
47,3867,-75,-20.5074626865672
47,3868,-173,-165.277777777778
47,3869,-105,-51.3046594982079
47,3870,-49,-51.3046594982079
47,3871,-16,-51.3046594982079
47,3872,-34,-32.8712871287129
47,3873,-22,-2.60589318600368
47,3874,-19,-2.60589318600368
47,3875,-38,0.533333333333333
47,3876,-28,-2.60589318600368
47,3877,-14,-2.60589318600368
47,3878,4,-2.60589318600368
47,3879,10,-2.60589318600368
47,3880,57,47.6935483870968
47,3881,90,152.545454545455
47,3882,80,192.734317343173
47,3883,72,122.703703703704
47,3884,103,102.7
47,3885,53,-54.5238095238095
47,3886,49,-54.5238095238095
47,3887,30,-54.5238095238095
47,3888,-6,-17.2625
47,3889,-80,-2.60589318600368
47,3890,-66,-51.3046594982079
47,3891,-132,-51.3046594982079
47,3892,-18,-51.3046594982079
47,3893,-81,-32.8712871287129
47,3894,-33,-51.3046594982079
47,3895,6,-32.8712871287129
47,3896,-12,-2.60589318600368
47,3897,-4,-2.60589318600368
47,3898,-34,-2.60589318600368
47,3899,-22,-2.60589318600368
47,3900,-27,-2.60589318600368
47,3901,-34,-2.60589318600368
47,3902,0,-2.60589318600368
47,3903,3,-2.60589318600368
47,3904,27,-2.60589318600368
47,3905,77,47.6935483870968
47,3906,85,192.734317343173
47,3907,125,192.734317343173
47,3908,30,-8.42857142857143
47,3909,83,90.3488372093023
47,3910,5,53.1666666666667
47,3911,-19,-2.60589318600368
47,3912,-21,-2.60589318600368
47,3913,-35,-2.60589318600368
47,3914,-92,-2.60589318600368
47,3915,-4,-51.3046594982079
47,3916,-66,-32.8712871287129
47,3917,-81,-51.3046594982079
47,3918,-19,-51.3046594982079
47,3919,-36,-32.8712871287129
47,3920,-15,-2.60589318600368
47,3921,-32,-2.60589318600368
47,3922,-8,-2.60589318600368
47,3923,-14,-2.60589318600368
47,3924,-3,-2.60589318600368
47,3925,10,-2.60589318600368
47,3926,27,90.3488372093023
47,3927,92,47.6935483870968
47,3928,255,192.734317343173
47,3929,277,122.703703703704
47,3930,-385,-228.538461538462
47,3931,-139,-150.785714285714
47,3932,58,24.5588235294118
47,3933,45,-20.5074626865672
47,3934,9,-17.2625
47,3935,-34,-17.2625
47,3936,40,-2.60589318600368
47,3937,123,121.603603603604
47,3938,239,315.1
47,3939,-39,-54.5238095238095
47,3940,-174,-165.277777777778
47,3941,-147,-153.633333333333
47,3942,-56,-51.3046594982079
47,3943,-90,-51.3046594982079
47,3944,-39,-51.3046594982079
47,3945,-45,-32.8712871287129
47,3946,-16,-51.3046594982079
47,3947,-8,0.533333333333333
47,3948,-3,-2.60589318600368
47,3949,4,-2.60589318600368
47,3950,28,-2.60589318600368
47,3951,114,90.3488372093023
47,3952,270,281.071428571429
47,3953,247,192.734317343173
47,3954,-339,-311.984375
47,3955,-150,-150.785714285714
47,3956,29,24.5588235294118
47,3957,108,47.6935483870968
47,3958,-46,-20.5074626865672
47,3959,-43,-51.3046594982079
47,3960,63,-51.3046594982079
47,3961,108,162.382352941176
47,3962,195,315.1
47,3963,-40,-139.521739130435
47,3964,-166,-165.277777777778
47,3965,-149,-51.3046594982079
47,3966,-78,-51.3046594982079
47,3967,-35,-51.3046594982079
47,3968,-39,-32.8712871287129
47,3969,-57,-2.60589318600368
47,3970,-12,-51.3046594982079
47,3971,-6,0.533333333333333
47,3972,-6,-2.60589318600368
47,3973,8,-2.60589318600368
47,3974,19,-2.60589318600368
47,3975,72,90.3488372093023
47,3976,172,210.916666666667
47,3977,278,-8.42857142857143
47,3978,-186,-97.6486486486486
47,3979,-193,-150.785714285714
47,3980,69,-136.897058823529
47,3981,103,-20.5074626865672
47,3982,21,-20.5074626865672
47,3983,48,-17.2625
47,3984,36,-139.521739130435
47,3985,20,121.603603603604
47,3986,-95,121.603603603604
47,3987,-63,-51.3046594982079
47,3988,-68,-51.3046594982079
47,3989,-107,-51.3046594982079
47,3990,-31,-51.3046594982079
47,3991,-17,-32.8712871287129
47,3992,-31,-2.60589318600368
47,3993,-11,-2.60589318600368
47,3994,-4,-2.60589318600368
47,3995,-24,-2.60589318600368
47,3996,-12,-2.60589318600368
47,3997,-3,-2.60589318600368
47,3998,5,-2.60589318600368
47,3999,9,-2.60589318600368
47,4000,39,47.6935483870968
47,4001,41,90.3488372093023
47,4002,22,47.6935483870968
47,4003,100,47.6935483870968
47,4004,13,53.1666666666667
47,4005,30,47.6935483870968
47,4006,7,47.6935483870968
47,4007,-49,-2.60589318600368
47,4008,8,-51.3046594982079
47,4009,-46,-32.8712871287129
47,4010,-73,-51.3046594982079
47,4011,-39,-51.3046594982079
47,4012,-26,-32.8712871287129
47,4013,8,-2.60589318600368
47,4014,-6,-2.60589318600368
47,4015,-2,-2.60589318600368
47,4016,-8,-2.60589318600368
47,4017,-4,-2.60589318600368
47,4018,-19,-2.60589318600368
47,4019,-8,-2.60589318600368
47,4020,-4,-2.60589318600368
47,4021,3,-2.60589318600368
47,4022,6,-2.60589318600368
47,4023,10,-2.60589318600368
47,4024,57,47.6935483870968
47,4025,17,152.545454545455
47,4026,18,47.6935483870968
47,4027,89,47.6935483870968
47,4028,50,-20.5074626865672
47,4029,128,-20.5074626865672
47,4030,45,-54.5238095238095
47,4031,11,-17.2625
47,4032,12,47.6935483870968
47,4033,-90,47.6935483870968
47,4034,-57,-51.3046594982079
47,4035,-92,-51.3046594982079
47,4036,-54,-51.3046594982079
47,4037,-12,-51.3046594982079
47,4038,-44,-32.8712871287129
47,4039,-19,-51.3046594982079
47,4040,-12,-2.60589318600368
47,4041,-25,-2.60589318600368
47,4042,-22,-2.60589318600368
47,4043,12,-2.60589318600368
47,4044,-21,90.3488372093023
47,4045,-8,-2.60589318600368
47,4046,0,-2.60589318600368
47,4047,7,-2.60589318600368
47,4048,15,-2.60589318600368
47,4049,37,47.6935483870968
47,4050,60,47.6935483870968
47,4051,20,-8.42857142857143
47,4052,44,47.6935483870968
47,4053,13,47.6935483870968
47,4054,26,47.6935483870968
47,4055,-18,47.6935483870968
47,4056,-9,-2.60589318600368
47,4057,-28,-2.60589318600368
47,4058,-44,-2.60589318600368
47,4059,19,-51.3046594982079
47,4060,-62,47.6935483870968
47,4061,-25,-51.3046594982079
47,4062,17,-32.8712871287129
47,4063,1,47.6935483870968
47,4064,-19,-2.60589318600368
47,4065,-23,-2.60589318600368
47,4066,2,-2.60589318600368
47,4067,-8,-2.60589318600368
47,4068,-20,-2.60589318600368
47,4069,-6,-2.60589318600368
47,4070,1,-2.60589318600368
47,4071,8,-2.60589318600368
47,4072,10,-2.60589318600368
47,4073,13,47.6935483870968
47,4074,62,47.6935483870968
47,4075,43,-8.42857142857143
47,4076,65,47.6935483870968
47,4077,-2,53.1666666666667
47,4078,-7,-2.60589318600368
47,4079,8,-2.60589318600368
47,4080,42,-2.60589318600368
47,4081,-17,-17.2625
47,4082,-47,-2.60589318600368
47,4083,-40,-51.3046594982079
47,4084,-14,-2.60589318600368
47,4085,-8,-2.60589318600368
47,4086,-55,-2.60589318600368
47,4087,-2,-51.3046594982079
47,4088,-21,-32.8712871287129
47,4089,-18,-2.60589318600368
47,4090,-13,-2.60589318600368
47,4091,-5,-2.60589318600368
47,4092,0,-2.60589318600368
47,4093,5,-2.60589318600368
47,4094,31,-2.60589318600368
47,4095,83,90.3488372093023
47,4096,241,192.734317343173
47,4097,273,192.734317343173
47,4098,-352,-311.984375
47,4099,-139,-150.785714285714
47,4100,-17,24.5588235294118
47,4101,80,-32.8712871287129
47,4102,7,-20.5074626865672
47,4103,11,-2.60589318600368
47,4104,2,-17.2625
47,4105,116,121.603603603604
47,4106,207,315.1
47,4107,-32,-8.42857142857143
47,4108,-150,-150.785714285714
47,4109,-94,-51.3046594982079
47,4110,-96,-51.3046594982079
47,4111,-77,-51.3046594982079
47,4112,-39,-51.3046594982079
47,4113,-39,-32.8712871287129
47,4114,-20,-2.60589318600368
47,4115,-1,0.533333333333333
47,4116,-1,-2.60589318600368
47,4117,1,-2.60589318600368
47,4118,26,-2.60589318600368
47,4119,69,90.3488372093023
47,4120,193,152.545454545455
47,4121,207,192.734317343173
47,4122,-232,-233.022727272727
47,4123,-211,-150.785714285714
47,4124,8,-136.897058823529
47,4125,11,-32.8712871287129
47,4126,1,-17.2625
47,4127,17,-2.60589318600368
47,4128,61,-17.2625
47,4129,102,162.382352941176
47,4130,270,253.963963963964
47,4131,-45,-139.521739130435
47,4132,-132,-150.785714285714
47,4133,-118,-153.633333333333
47,4134,-47,-51.3046594982079
47,4135,-88,-51.3046594982079
47,4136,-30,-51.3046594982079
47,4137,-44,-32.8712871287129
47,4138,-11,-51.3046594982079
47,4139,-11,0.533333333333333
47,4140,2,-2.60589318600368
47,4141,1,-2.60589318600368
47,4142,35,-2.60589318600368
47,4143,97,90.3488372093023
47,4144,273,210.916666666667
47,4145,283,192.734317343173
47,4146,-370,-311.984375
47,4147,-161,-150.785714285714
47,4148,-15,24.5588235294118
47,4149,62,-32.8712871287129
47,4150,6,-20.5074626865672
47,4151,-38,-2.60589318600368
47,4152,3,-2.60589318600368
47,4153,146,121.603603603604
47,4154,238,315.1
47,4155,-21,-12.9285714285714
47,4156,-155,-165.277777777778
47,4157,-124,-153.633333333333
47,4158,-40,-51.3046594982079
47,4159,-69,-32.8712871287129
47,4160,-76,-51.3046594982079
47,4161,-49,-51.3046594982079
47,4162,-13,-51.3046594982079
47,4163,-9,0.533333333333333
47,4164,0,-2.60589318600368
47,4165,35,-2.60589318600368
47,4166,79,90.3488372093023
47,4167,241,210.916666666667
47,4168,317,281.071428571429
47,4169,-380,-311.984375
47,4170,-121,-150.785714285714
47,4171,-15,24.5588235294118
47,4172,73,-32.8712871287129
47,4173,-12,-20.5074626865672
47,4174,-37,-2.60589318600368
47,4175,33,-2.60589318600368
47,4176,150,121.603603603604
47,4177,191,315.1
47,4178,-24,-56.7916666666667
47,4179,-193,-165.277777777778
47,4180,-92,-136.897058823529
47,4181,-44,-51.3046594982079
47,4182,-57,-51.3046594982079
47,4183,-21,-51.3046594982079
47,4184,-78,-32.8712871287129
47,4185,-33,-51.3046594982079
47,4186,-7,0.533333333333333
47,4187,-8,-2.60589318600368
47,4188,-1,-2.60589318600368
47,4189,37,-2.60589318600368
47,4190,66,90.3488372093023
47,4191,246,152.545454545455
47,4192,377,192.734317343173
47,4193,-399,-311.984375
47,4194,-161,-150.785714285714
47,4195,32,24.5588235294118
47,4196,67,-17.2625
47,4197,-6,-20.5074626865672
47,4198,-11,-2.60589318600368
47,4199,45,-2.60589318600368
47,4200,109,121.603603603604
47,4201,177,315.1
47,4202,-73,-139.521739130435
47,4203,-132,-165.277777777778
47,4204,-132,-51.3046594982079
47,4205,-62,-51.3046594982079
47,4206,-20,-51.3046594982079
47,4207,-53,-32.8712871287129
47,4208,-2,-51.3046594982079
47,4209,-39,-32.8712871287129
47,4210,-19,0.533333333333333
47,4211,-35,-2.60589318600368
47,4212,-10,-2.60589318600368
47,4213,8,-2.60589318600368
47,4214,14,-2.60589318600368
47,4215,36,47.6935483870968
47,4216,81,90.3488372093023
47,4217,49,122.703703703704
47,4218,63,122.703703703704
47,4219,136,102.7
47,4220,54,-54.5238095238095
47,4221,63,-12.9285714285714
47,4222,-30,-54.5238095238095
47,4223,5,-2.60589318600368
47,4224,-41,-2.60589318600368
47,4225,-123,-2.60589318600368
47,4226,-23,-51.3046594982079
47,4227,-48,-32.8712871287129
47,4228,-51,-51.3046594982079
47,4229,-40,-51.3046594982079
47,4230,-11,-32.8712871287129
47,4231,-21,-2.60589318600368
47,4232,-9,-2.60589318600368
47,4233,-23,-2.60589318600368
47,4234,-20,-2.60589318600368
47,4235,-49,-2.60589318600368
47,4236,-18,-51.3046594982079
47,4237,1,-32.8712871287129
47,4238,8,-2.60589318600368
47,4239,15,-2.60589318600368
47,4240,62,47.6935483870968
47,4241,79,152.545454545455
47,4242,121,162.382352941176
47,4243,62,-8.42857142857143
47,4244,165,53.1666666666667
47,4245,-89,-54.5238095238095
47,4246,42,-97.6486486486486
47,4247,-56,-17.2625
47,4248,26,-51.3046594982079
47,4249,-140,-17.2625
47,4250,-100,-51.3046594982079
47,4251,-29,-51.3046594982079
47,4252,-20,-32.8712871287129
47,4253,-55,121.603603603604
47,4254,-3,-51.3046594982079
47,4255,-45,-32.8712871287129
47,4256,-30,-51.3046594982079
47,4257,-8,-2.60589318600368
47,4258,-3,-2.60589318600368
47,4259,-2,-2.60589318600368
47,4260,-3,-2.60589318600368
47,4261,33,-2.60589318600368
47,4262,100,90.3488372093023
47,4263,258,192.734317343173
47,4264,335,192.734317343173
47,4265,-423,-311.984375
47,4266,-172,-150.785714285714
47,4267,97,24.5588235294118
47,4268,35,-20.5074626865672
47,4269,53,-17.2625
47,4270,-61,-139.521739130435
47,4271,8,-51.3046594982079
47,4272,174,121.603603603604
47,4273,266,315.1
47,4274,-16,-97.6486486486486
47,4275,-221,-165.277777777778
47,4276,-171,-136.897058823529
47,4277,-79,-73.3
47,4278,-77,-51.3046594982079
47,4279,-42,-51.3046594982079
47,4280,-47,-51.3046594982079
47,4281,-30,-51.3046594982079
47,4282,-17,0.533333333333333
47,4283,-4,-2.60589318600368
47,4284,3,-2.60589318600368
47,4285,39,-2.60589318600368
47,4286,107,90.3488372093023
47,4287,349,281.071428571429
47,4288,219,192.734317343173
47,4289,-385,-311.984375
47,4290,-180,-150.785714285714
47,4291,51,-136.897058823529
47,4292,105,-20.5074626865672
47,4293,-40,-20.5074626865672
47,4294,-2,-2.60589318600368
47,4295,30,-2.60589318600368
47,4296,135,121.603603603604
47,4297,308,315.1
47,4298,-12,-56.7916666666667
47,4299,-271,-165.277777777778
47,4300,-154,-136.897058823529
47,4301,-26,-73.3
47,4302,-99,-32.8712871287129
47,4303,-85,-51.3046594982079
47,4304,-59,-51.3046594982079
47,4305,-26,-51.3046594982079
47,4306,-2,121.603603603604
47,4307,-2,-2.60589318600368
47,4308,3,-2.60589318600368
47,4309,39,-2.60589318600368
47,4310,75,90.3488372093023
47,4311,274,210.916666666667
47,4312,361,192.734317343173
47,4313,-371,-311.984375
47,4314,-247,-150.785714285714
47,4315,31,-136.897058823529
47,4316,60,-17.2625
47,4317,-18,-20.5074626865672
47,4318,4,-2.60589318600368
47,4319,67,-2.60589318600368
47,4320,92,162.382352941176
47,4321,228,315.1
47,4322,4,-139.521739130435
47,4323,-195,-165.277777777778
47,4324,-121,-136.897058823529
47,4325,-95,-51.3046594982079
47,4326,-93,-51.3046594982079
47,4327,-31,-51.3046594982079
47,4328,-30,-32.8712871287129
47,4329,-28,-2.60589318600368
47,4330,-7,0.533333333333333
47,4331,-7,-2.60589318600368
47,4332,7,-2.60589318600368
47,4333,23,-2.60589318600368
47,4334,92,90.3488372093023
47,4335,265,192.734317343173
47,4336,270,-8.42857142857143
47,4337,-383,-228.538461538462
47,4338,-131,-150.785714285714
47,4339,33,24.5588235294118
47,4340,57,47.6935483870968
47,4341,10,-20.5074626865672
47,4342,-33,-17.2625
48,1,-99,-8.21663442940039
48,2,-85,-40.9803921568627
48,3,-42,-40.9803921568627
48,4,-28,-40.9803921568627
48,5,-40,-8.21663442940039
48,6,-19,-40.9803921568627
48,7,15,-8.21663442940039
48,8,24,83.6
48,9,31,42.202380952381
48,10,126,83.6
48,11,163,108.369863013699
48,12,68,108.369863013699
48,13,131,81.1
48,14,37,-75.8461538461538
48,15,14,81.1
48,16,-44,-19.1565217391304
48,17,10,-40.9803921568627
48,18,-41,-19.1565217391304
48,19,51,-40.9803921568627
48,20,-22,9.03636363636364
48,21,-110,-8.21663442940039
48,22,-109,-84.0446428571429
48,23,-62,-84.0446428571429
48,24,-10,-40.9803921568627
48,25,-97,-8.21663442940039
48,26,-35,-40.9803921568627
48,27,-60,-8.21663442940039
48,28,-14,-40.9803921568627
48,29,-46,-8.21663442940039
48,30,-10,-40.9803921568627
48,31,-1,-8.21663442940039
48,32,6,-8.21663442940039
48,33,25,-8.21663442940039
48,34,71,83.6
48,35,155,167.724137931034
48,36,162,108.369863013699
48,37,110,-233.894117647059
48,38,69,81.1
48,39,-1,24.1739130434783
48,40,-32,-8.21663442940039
48,41,-119,-8.21663442940039
48,42,117,-84.0446428571429
48,43,13,9.03636363636364
48,44,-80,-19.1565217391304
48,45,-123,-40.9803921568627
48,46,-88,-84.0446428571429
48,47,-56,-40.9803921568627
48,48,-93,-40.9803921568627
48,49,-45,-40.9803921568627
48,50,-68,-40.9803921568627
48,51,-26,-40.9803921568627
48,52,-5,-8.21663442940039
48,53,-5,-8.21663442940039
48,54,5,-8.21663442940039
48,55,14,-8.21663442940039
48,56,14,83.6
48,57,108,83.6
48,58,329,108.369863013699
48,59,-224,163.1
48,60,-159,-144.823008849558
48,61,30,-10.625
48,62,47,42.202380952381
48,63,57,-19.1565217391304
48,64,-6,9.03636363636364
48,65,18,-8.21663442940039
48,66,95,81
48,67,391,257.30612244898
48,68,-81,-73.625
48,69,-179,-144.823008849558
48,70,-101,-158.6
48,71,-89,-40.9803921568627
48,72,-109,-40.9803921568627
48,73,-90,-84.0446428571429
48,74,-39,-40.9803921568627
48,75,-21,-40.9803921568627
48,76,1,9.47368421052632
48,77,-7,-8.21663442940039
48,78,2,-8.21663442940039
48,79,27,-8.21663442940039
48,80,124,83.6
48,81,319,199.92118226601
48,82,193,199.92118226601
48,83,-345,-310.585714285714
48,84,-148,-144.823008849558
48,85,50,22
48,86,62,9.03636363636364
48,87,-20,9.03636363636364
48,88,-45,-8.21663442940039
48,89,32,-40.9803921568627
48,90,75,134.285714285714
48,91,477,324.309090909091
48,92,-16,-73.625
48,93,-281,-192.208588957055
48,94,-56,-158.6
48,95,-182,-40.9803921568627
48,96,15,-84.0446428571429
48,97,-166,-19.1565217391304
48,98,-72,-84.0446428571429
48,99,-26,-40.9803921568627
48,100,-21,134.285714285714
48,101,2,-8.21663442940039
48,102,-1,-8.21663442940039
48,103,32,-8.21663442940039
48,104,126,81
48,105,299,290.068965517241
48,106,179,199.92118226601
48,107,-327,-310.585714285714
48,108,-149,-144.823008849558
48,109,21,22
48,110,-8,42.202380952381
48,111,31,-8.21663442940039
48,112,-21,-19.1565217391304
48,113,-11,-8.21663442940039
48,114,156,134.285714285714
48,115,356,324.309090909091
48,116,-19,-25.6071428571429
48,117,-133,-192.208588957055
48,118,-132,-10.625
48,119,-63,-84.0446428571429
48,120,-87,-40.9803921568627
48,121,-134,-40.9803921568627
48,122,-54,-84.0446428571429
48,123,-51,-40.9803921568627
48,124,0,-40.9803921568627
48,125,-7,-8.21663442940039
48,126,1,-8.21663442940039
48,127,28,-8.21663442940039
48,128,110,83.6
48,129,313,219.254901960784
48,130,127,290.068965517241
48,131,-334,-310.585714285714
48,132,-106,-111.92
48,133,11,22
48,134,54,42.202380952381
48,135,-43,9.03636363636364
48,136,4,-40.9803921568627
48,137,18,-8.21663442940039
48,138,126,134.285714285714
48,139,295,324.309090909091
48,140,25,-73.625
48,141,-141,-192.208588957055
48,142,-63,-158.6
48,143,-125,-40.9803921568627
48,144,-68,-84.0446428571429
48,145,-97,-40.9803921568627
48,146,-53,-40.9803921568627
48,147,-62,-40.9803921568627
48,148,-19,-40.9803921568627
48,149,-5,-8.21663442940039
48,150,3,-8.21663442940039
48,151,28,-8.21663442940039
48,152,84,83.6
48,153,237,219.254901960784
48,154,254,290.068965517241
48,155,-280,-310.585714285714
48,156,-148,-144.823008849558
48,157,51,-10.625
48,158,18,9.03636363636364
48,159,46,-19.1565217391304
48,160,-37,-19.1565217391304
48,161,21,-40.9803921568627
48,162,96,134.285714285714
48,163,266,257.30612244898
48,164,-141,-73.625
48,165,-143,-144.823008849558
48,166,-160,-158.6
48,167,15,-84.0446428571429
48,168,-20,42.202380952381
48,169,-23,-8.21663442940039
48,170,-58,-8.21663442940039
48,171,7,-40.9803921568627
48,172,-30,9.47368421052632
48,173,-51,-8.21663442940039
48,174,-23,-40.9803921568627
48,175,-7,-8.21663442940039
48,176,35,-8.21663442940039
48,177,31,83.6
48,178,89,83.6
48,179,165,199.92118226601
48,180,162,108.369863013699
48,181,22,-233.894117647059
48,182,86,81.1
48,183,-38,-75.8461538461538
48,184,45,-40.9803921568627
48,185,-126,-19.1565217391304
48,186,30,-84.0446428571429
48,187,17,-19.1565217391304
48,188,-49,134.285714285714
48,189,-56,-40.9803921568627
48,190,-39,-40.9803921568627
48,191,-64,-40.9803921568627
48,192,-43,-40.9803921568627
48,193,-54,-40.9803921568627
48,194,-62,-40.9803921568627
48,195,-36,-40.9803921568627
48,196,-13,-40.9803921568627
48,197,-54,-8.21663442940039
48,198,-47,-40.9803921568627
48,199,-5,-40.9803921568627
48,200,17,-8.21663442940039
48,201,46,83.6
48,202,70,83.6
48,203,91,167.724137931034
48,204,220,108.369863013699
48,205,54,108.369863013699
48,206,50,-192.208588957055
48,207,29,-75.8461538461538
48,208,-34,-19.1565217391304
48,209,-64,-8.21663442940039
48,210,-26,-40.9803921568627
48,211,71,-8.21663442940039
48,212,2,9.03636363636364
48,213,-111,9.47368421052632
48,214,-91,-84.0446428571429
48,215,-79,-40.9803921568627
48,216,-75,-40.9803921568627
48,217,-91,-40.9803921568627
48,218,-19,-40.9803921568627
48,219,-37,-8.21663442940039
48,220,-17,-40.9803921568627
48,221,-9,-8.21663442940039
48,222,-1,-8.21663442940039
48,223,39,-8.21663442940039
48,224,115,83.6
48,225,327,199.92118226601
48,226,123,199.92118226601
48,227,-340,-310.585714285714
48,228,-84,-10.625
48,229,-3,-40.9803921568627
48,230,89,-8.21663442940039
48,231,-10,9.03636363636364
48,232,-9,-8.21663442940039
48,233,-18,-8.21663442940039
48,234,181,134.285714285714
48,235,419,324.309090909091
48,236,-42,-25.6071428571429
48,237,-209,-192.208588957055
48,238,-107,-158.6
48,239,-144,-84.0446428571429
48,240,-144,-84.0446428571429
48,241,-84,-84.0446428571429
48,242,-66,-40.9803921568627
48,243,-7,-40.9803921568627
48,244,-21,9.47368421052632
48,245,0,-8.21663442940039
48,246,1,-8.21663442940039
48,247,29,-8.21663442940039
48,248,149,83.6
48,249,364,290.068965517241
48,250,104,-25.6071428571429
48,251,-328,-192.208588957055
48,252,-138,-10.625
48,253,45,22
48,254,73,42.202380952381
48,255,-2,9.03636363636364
48,256,-39,-8.21663442940039
48,257,50,-40.9803921568627
48,258,99,169.685714285714
48,259,484,324.309090909091
48,260,-76,-139.6
48,261,-212,-192.208588957055
48,262,-107,-158.6
48,263,-177,-84.0446428571429
48,264,-83,-84.0446428571429
48,265,-114,-40.9803921568627
48,266,-77,-84.0446428571429
48,267,-31,-40.9803921568627
48,268,-9,9.47368421052632
48,269,-6,-8.21663442940039
48,270,3,-8.21663442940039
48,271,25,-8.21663442940039
48,272,164,83.6
48,273,327,290.068965517241
48,274,160,-25.6071428571429
48,275,-405,-310.585714285714
48,276,-110,-111.92
48,277,37,22
48,278,113,42.202380952381
48,279,-1,9.03636363636364
48,280,-51,-8.21663442940039
48,281,-21,-40.9803921568627
48,282,143,134.285714285714
48,283,451,324.309090909091
48,284,-39,-25.6071428571429
48,285,-161,-192.208588957055
48,286,-198,-158.6
48,287,-78,-84.0446428571429
48,288,-70,-40.9803921568627
48,289,-138,-40.9803921568627
48,290,-105,-84.0446428571429
48,291,-29,-84.0446428571429
48,292,-12,9.47368421052632
48,293,-6,-8.21663442940039
48,294,4,-8.21663442940039
48,295,36,-8.21663442940039
48,296,146,83.6
48,297,315,290.068965517241
48,298,109,-25.6071428571429
48,299,-266,-192.208588957055
48,300,-167,-10.625
48,301,27,22
48,302,65,42.202380952381
48,303,-40,9.03636363636364
48,304,18,-40.9803921568627
48,305,-35,-19.1565217391304
48,306,168,134.285714285714
48,307,318,257.30612244898
48,308,-8,-25.6071428571429
48,309,-126,-192.208588957055
48,310,-101,-158.6
48,311,-72,-40.9803921568627
48,312,-124,-40.9803921568627
48,313,-103,-84.0446428571429
48,314,-57,-84.0446428571429
48,315,-72,-40.9803921568627
48,316,-24,-40.9803921568627
48,317,-10,-8.21663442940039
48,318,2,-8.21663442940039
48,319,35,-8.21663442940039
48,320,118,83.6
48,321,217,290.068965517241
48,322,244,290.068965517241
48,323,-324,-310.585714285714
48,324,-129,-144.823008849558
48,325,17,22
48,326,38,42.202380952381
48,327,13,-19.1565217391304
48,328,-6,-19.1565217391304
48,329,-3,-8.21663442940039
48,330,121,134.285714285714
48,331,188,324.309090909091
48,332,-75,-73.625
48,333,-101,-192.208588957055
48,334,-55,-40.9803921568627
48,335,-72,-40.9803921568627
48,336,-73,-40.9803921568627
48,337,-115,-40.9803921568627
48,338,21,-84.0446428571429
48,339,-11,-19.1565217391304
48,340,3,9.47368421052632
48,341,-38,-8.21663442940039
48,342,-5,-40.9803921568627
48,343,-8,-8.21663442940039
48,344,32,-8.21663442940039
48,345,50,83.6
48,346,102,167.724137931034
48,347,81,163.1
48,348,129,108.369863013699
48,349,48,24.1739130434783
48,350,19,81.1
48,351,-43,42.202380952381
48,352,-19,-40.9803921568627
48,353,-5,-8.21663442940039
48,354,-31,-8.21663442940039
48,355,-11,-8.21663442940039
48,356,-23,-8.21663442940039
48,357,35,-8.21663442940039
48,358,-82,-19.1565217391304
48,359,-79,-40.9803921568627
48,360,-41,-40.9803921568627
48,361,-20,-40.9803921568627
48,362,-3,-8.21663442940039
48,363,-56,-8.21663442940039
48,364,-3,-40.9803921568627
48,365,-57,-8.21663442940039
48,366,-29,-40.9803921568627
48,367,6,-8.21663442940039
48,368,17,-8.21663442940039
48,369,23,83.6
48,370,92,83.6
48,371,77,163.1
48,372,147,108.369863013699
48,373,11,108.369863013699
48,374,56,-111.92
48,375,-13,-75.8461538461538
48,376,24,-8.21663442940039
48,377,-99,-19.1565217391304
48,378,-32,-40.9803921568627
48,379,100,-8.21663442940039
48,380,-43,9.03636363636364
48,381,12,-40.9803921568627
48,382,-50,-19.1565217391304
48,383,-74,-40.9803921568627
48,384,-107,-40.9803921568627
48,385,-41,-84.0446428571429
48,386,-67,-40.9803921568627
48,387,-26,-40.9803921568627
48,388,-2,-8.21663442940039
48,389,-10,-8.21663442940039
48,390,7,-8.21663442940039
48,391,28,-8.21663442940039
48,392,96,83.6
48,393,262,219.254901960784
48,394,170,108.369863013699
48,395,-273,-310.585714285714
48,396,-121,-111.92
48,397,27,22
48,398,56,-19.1565217391304
48,399,-21,9.03636363636364
48,400,-6,-8.21663442940039
48,401,4,-8.21663442940039
48,402,131,134.285714285714
48,403,382,257.30612244898
48,404,-17,-25.6071428571429
48,405,-149,-192.208588957055
48,406,-186,-158.6
48,407,-137,-84.0446428571429
48,408,-70,-84.0446428571429
48,409,-86,-40.9803921568627
48,410,-49,-40.9803921568627
48,411,-39,-40.9803921568627
48,412,-4,-40.9803921568627
48,413,-8,-8.21663442940039
48,414,4,-8.21663442940039
48,415,29,-8.21663442940039
48,416,119,83.6
48,417,329,290.068965517241
48,418,163,199.92118226601
48,419,-374,-310.585714285714
48,420,-63,-111.92
48,421,8,-40.9803921568627
48,422,55,-8.21663442940039
48,423,11,9.03636363636364
48,424,27,-19.1565217391304
48,425,91,-19.1565217391304
48,426,126,169.685714285714
48,427,195,324.309090909091
48,428,-95,24.1739130434783
48,429,-130,-144.823008849558
48,430,-121,-84.0446428571429
48,431,-180,-84.0446428571429
48,432,-19,-84.0446428571429
48,433,-6,-8.21663442940039
48,434,-12,-8.21663442940039
48,435,-36,-8.21663442940039
48,436,-30,-40.9803921568627
48,437,-61,-8.21663442940039
48,438,-16,-40.9803921568627
48,439,3,-8.21663442940039
48,440,13,-8.21663442940039
48,441,40,83.6
48,442,81,42.202380952381
48,443,140,167.724137931034
48,444,154,108.369863013699
48,445,38,-143.307692307692
48,446,9,81.1
48,447,5,83.6
48,448,48,-8.21663442940039
48,449,-93,9.03636363636364
48,450,-65,-40.9803921568627
48,451,25,-40.9803921568627
48,452,16,-19.1565217391304
48,453,2,-19.1565217391304
48,454,119,-8.21663442940039
48,455,33,163.1
48,456,-82,81
48,457,-319,-40.9803921568627
48,458,-95,-84.0446428571429
48,459,-58,-40.9803921568627
48,460,-12,-40.9803921568627
48,461,-11,-8.21663442940039
48,462,0,-8.21663442940039
48,463,22,-8.21663442940039
48,464,104,42.202380952381
48,465,210,324.309090909091
48,466,207,290.068965517241
48,467,-257,-310.585714285714
48,468,-107,-144.823008849558
48,469,58,22
48,470,32,9.03636363636364
48,471,34,-19.1565217391304
48,472,-69,-19.1565217391304
48,473,13,-40.9803921568627
48,474,179,134.285714285714
48,475,256,257.30612244898
48,476,-82,-25.6071428571429
48,477,-104,-144.823008849558
48,478,-182,-158.6
48,479,2,-84.0446428571429
48,480,-98,-8.21663442940039
48,481,-94,-40.9803921568627
48,482,-29,-40.9803921568627
48,483,-73,134.285714285714
48,484,-12,-40.9803921568627
48,485,-10,-8.21663442940039
48,486,-1,-8.21663442940039
48,487,29,-8.21663442940039
48,488,96,42.202380952381
48,489,222,199.92118226601
48,490,232,290.068965517241
48,491,-281,-310.585714285714
48,492,-94,-144.823008849558
48,493,23,-40.9803921568627
48,494,98,42.202380952381
48,495,-38,9.03636363636364
48,496,-18,-40.9803921568627
48,497,10,-8.21663442940039
48,498,84,134.285714285714
48,499,207,257.30612244898
48,500,-16,-73.625
48,501,-142,-192.208588957055
48,502,-82,-84.0446428571429
48,503,-36,-40.9803921568627
48,504,-12,-40.9803921568627
48,505,-124,-8.21663442940039
48,506,-14,-84.0446428571429
48,507,-79,-8.21663442940039
48,508,-13,-40.9803921568627
48,509,-27,-8.21663442940039
48,510,-15,-8.21663442940039
48,511,-2,-8.21663442940039
48,512,17,-8.21663442940039
48,513,40,42.202380952381
48,514,81,83.6
48,515,104,167.724137931034
48,516,69,108.369863013699
48,517,42,108.369863013699
48,518,-25,83.6
48,519,18,-8.21663442940039
48,520,-52,-19.1565217391304
48,521,-2,-40.9803921568627
48,522,-12,-8.21663442940039
48,523,-15,-8.21663442940039
48,524,-2,-8.21663442940039
48,525,10,-8.21663442940039
48,526,-11,42.202380952381
48,527,-75,-8.21663442940039
48,528,19,-40.9803921568627
48,529,-72,83.6
48,530,-1,-40.9803921568627
48,531,-23,-8.21663442940039
48,532,-54,-8.21663442940039
48,533,-35,-40.9803921568627
48,534,-22,-8.21663442940039
48,535,-7,-8.21663442940039
48,536,15,-8.21663442940039
48,537,31,42.202380952381
48,538,78,83.6
48,539,112,167.724137931034
48,540,77,108.369863013699
48,541,70,108.369863013699
48,542,-13,1.8
48,543,-39,-8.21663442940039
48,544,-25,-40.9803921568627
48,545,-14,-8.21663442940039
48,546,-7,-8.21663442940039
48,547,-21,-8.21663442940039
48,548,-17,-8.21663442940039
48,549,-3,-8.21663442940039
48,550,35,-8.21663442940039
48,551,-78,42.202380952381
48,552,-85,-40.9803921568627
48,553,1,-40.9803921568627
48,554,-84,-8.21663442940039
48,555,-21,-40.9803921568627
48,556,-13,-8.21663442940039
48,557,0,-8.21663442940039
48,558,-3,-8.21663442940039
48,559,26,-8.21663442940039
48,560,64,83.6
48,561,138,167.724137931034
48,562,225,199.92118226601
48,563,-92,-143.307692307692
48,564,-188,-144.823008849558
48,565,41,-84.0446428571429
48,566,50,42.202380952381
48,567,-11,9.03636363636364
48,568,-13,-8.21663442940039
48,569,38,-8.21663442940039
48,570,133,81
48,571,436,290.068965517241
48,572,23,-25.6071428571429
48,573,-241,-192.208588957055
48,574,-184,-158.6
48,575,-116,-84.0446428571429
48,576,-107,-84.0446428571429
48,577,-93,-84.0446428571429
48,578,-62,-40.9803921568627
48,579,-54,-40.9803921568627
48,580,1,-40.9803921568627
48,581,-13,-8.21663442940039
48,582,1,-8.21663442940039
48,583,38,-8.21663442940039
48,584,145,83.6
48,585,333,290.068965517241
48,586,129,-25.6071428571429
48,587,-318,-310.585714285714
48,588,-141,-111.92
48,589,59,22
48,590,23,9.03636363636364
48,591,8,-19.1565217391304
48,592,-38,-8.21663442940039
48,593,23,-40.9803921568627
48,594,170,134.285714285714
48,595,437,324.309090909091
48,596,-53,-25.6071428571429
48,597,-405,-192.208588957055
48,598,-330,-158.6
48,599,6,22
48,600,49,-8.21663442940039
48,601,-36,9.03636363636364
48,602,-59,-40.9803921568627
48,603,-30,-40.9803921568627
48,604,-9,134.285714285714
48,605,0,-8.21663442940039
48,606,2,-8.21663442940039
48,607,34,-8.21663442940039
48,608,144,-19.1565217391304
48,609,312,290.068965517241
48,610,177,-25.6071428571429
48,611,-346,-310.585714285714
48,612,-133,-144.823008849558
48,613,34,22
48,614,63,42.202380952381
48,615,-19,9.03636363636364
48,616,-32,-8.21663442940039
48,617,35,-8.21663442940039
48,618,135,134.285714285714
48,619,419,324.309090909091
48,620,-16,-25.6071428571429
48,621,-181,-192.208588957055
48,622,-150,-158.6
48,623,-92,-84.0446428571429
48,624,-147,-40.9803921568627
48,625,-92,-84.0446428571429
48,626,-96,-40.9803921568627
48,627,-35,-40.9803921568627
48,628,-12,9.47368421052632
48,629,1,-8.21663442940039
48,630,-5,-8.21663442940039
48,631,39,-8.21663442940039
48,632,134,83.6
48,633,334,290.068965517241
48,634,190,-25.6071428571429
48,635,-375,-310.585714285714
48,636,-113,-144.823008849558
48,637,1,22
48,638,77,-8.21663442940039
48,639,-15,9.03636363636364
48,640,-68,-8.21663442940039
48,641,62,-40.9803921568627
48,642,168,169.685714285714
48,643,356,324.309090909091
48,644,30,-233.894117647059
48,645,-196,-192.208588957055
48,646,-115,-158.6
48,647,-141,-84.0446428571429
48,648,-55,-84.0446428571429
48,649,-107,-40.9803921568627
48,650,-116,-84.0446428571429
48,651,-36,-84.0446428571429
48,652,-42,-40.9803921568627
48,653,-8,-40.9803921568627
48,654,2,-8.21663442940039
48,655,23,-8.21663442940039
48,656,93,83.6
48,657,253,219.254901960784
48,658,333,199.92118226601
48,659,-299,-310.585714285714
48,660,-146,-144.823008849558
48,661,20,-10.625
48,662,91,42.202380952381
48,663,-5,9.03636363636364
48,664,-5,-8.21663442940039
48,665,-16,-8.21663442940039
48,666,139,134.285714285714
48,667,343,324.309090909091
48,668,-204,-25.6071428571429
48,669,-143,-144.823008849558
48,670,-99,-158.6
48,671,-90,-40.9803921568627
48,672,-36,-40.9803921568627
48,673,-51,-40.9803921568627
48,674,-21,-40.9803921568627
48,675,-73,-8.21663442940039
48,676,-17,-40.9803921568627
48,677,-61,-8.21663442940039
48,678,-31,-40.9803921568627
48,679,-4,-8.21663442940039
48,680,30,-8.21663442940039
48,681,13,83.6
48,682,103,83.6
48,683,131,199.92118226601
48,684,119,108.369863013699
48,685,38,-160.5
48,686,60,83.6
48,687,92,-75.8461538461538
48,688,41,24.1739130434783
48,689,-72,-19.1565217391304
48,690,6,-40.9803921568627
48,691,-108,-8.21663442940039
48,692,-107,-84.0446428571429
48,693,80,-84.0446428571429
48,694,-75,9.03636363636364
48,695,-87,-40.9803921568627
48,696,-44,-40.9803921568627
48,697,-14,-40.9803921568627
48,698,-24,-8.21663442940039
48,699,-19,-8.21663442940039
48,700,-53,-8.21663442940039
48,701,-58,-40.9803921568627
48,702,-38,-40.9803921568627
48,703,-10,-40.9803921568627
48,704,6,-8.21663442940039
48,705,32,-8.21663442940039
48,706,86,83.6
48,707,88,219.254901960784
48,708,161,108.369863013699
48,709,69,108.369863013699
48,710,38,81.1
48,711,-9,83.6
48,712,-4,-8.21663442940039
48,713,13,-8.21663442940039
48,714,6,-19.1565217391304
48,715,-59,-8.21663442940039
48,716,-124,-40.9803921568627
48,717,0,-84.0446428571429
48,718,-18,-8.21663442940039
48,719,-71,-8.21663442940039
48,720,-93,-40.9803921568627
48,721,-39,-40.9803921568627
48,722,-48,-40.9803921568627
48,723,-32,-40.9803921568627
48,724,4,-8.21663442940039
48,725,-9,-8.21663442940039
48,726,6,-8.21663442940039
48,727,38,-8.21663442940039
48,728,90,83.6
48,729,343,219.254901960784
48,730,184,108.369863013699
48,731,-319,-310.585714285714
48,732,-162,-144.823008849558
48,733,-4,22
48,734,55,-8.21663442940039
48,735,2,9.03636363636364
48,736,-27,-8.21663442940039
48,737,25,-8.21663442940039
48,738,149,134.285714285714
48,739,369,324.309090909091
48,740,39,-25.6071428571429
48,741,-199,-192.208588957055
48,742,-141,-158.6
48,743,-126,-84.0446428571429
48,744,-44,-84.0446428571429
48,745,-118,-40.9803921568627
48,746,-113,-84.0446428571429
48,747,-28,-84.0446428571429
48,748,-18,9.47368421052632
48,749,-4,-8.21663442940039
48,750,4,-8.21663442940039
48,751,31,-8.21663442940039
48,752,175,83.6
48,753,313,290.068965517241
48,754,135,-25.6071428571429
48,755,-341,-310.585714285714
48,756,-161,-111.92
48,757,47,22
48,758,48,42.202380952381
48,759,-33,9.03636363636364
48,760,-7,-8.21663442940039
48,761,30,134.285714285714
48,762,137,134.285714285714
48,763,389,324.309090909091
48,764,2,-25.6071428571429
48,765,-225,-192.208588957055
48,766,-120,-158.6
48,767,-94,-84.0446428571429
48,768,-89,-40.9803921568627
48,769,-83,-40.9803921568627
48,770,-108,-40.9803921568627
48,771,-37,-84.0446428571429
48,772,-8,-40.9803921568627
48,773,-4,-8.21663442940039
48,774,2,-8.21663442940039
48,775,40,-8.21663442940039
48,776,116,83.6
48,777,333,290.068965517241
48,778,184,199.92118226601
48,779,-382,-310.585714285714
48,780,-159,-144.823008849558
48,781,45,22
48,782,19,42.202380952381
48,783,1,-19.1565217391304
48,784,-33,-8.21663442940039
48,785,24,-8.21663442940039
48,786,30,134.285714285714
48,787,146,134.285714285714
48,788,273,-73.625
48,789,-127,-25.6071428571429
48,790,-150,-144.823008849558
48,791,-47,-10.625
48,792,-31,-40.9803921568627
48,793,-157,-8.21663442940039
48,794,-65,-84.0446428571429
48,795,-41,-40.9803921568627
48,796,-18,-40.9803921568627
48,797,-2,9.47368421052632
48,798,3,-8.21663442940039
48,799,32,-8.21663442940039
48,800,112,83.6
48,801,321,219.254901960784
48,802,184,199.92118226601
48,803,-339,-310.585714285714
48,804,-120,-144.823008849558
48,805,18,22
48,806,58,42.202380952381
48,807,-20,9.03636363636364
48,808,-57,-8.21663442940039
48,809,95,-40.9803921568627
48,810,66,169.685714285714
48,811,413,324.309090909091
48,812,6,-139.6
48,813,-244,-192.208588957055
48,814,-28,-158.6
48,815,-173,-8.21663442940039
48,816,-264,-84.0446428571429
48,817,-3,-84.0446428571429
48,818,-31,-8.21663442940039
48,819,-23,-8.21663442940039
48,820,8,9.47368421052632
48,821,17,-8.21663442940039
48,822,-27,83.6
48,823,33,-8.21663442940039
48,824,84,83.6
48,825,234,169.685714285714
48,826,331,199.92118226601
48,827,-318,-310.585714285714
48,828,-140,-144.823008849558
48,829,-21,-158.6
48,830,62,-8.21663442940039
48,831,-118,9.03636363636364
48,832,73,-84.0446428571429
48,833,-13,-139.6
48,834,220,134.285714285714
48,835,279,324.309090909091
48,836,-93,-25.6071428571429
48,837,-220,-144.823008849558
48,838,-151,-158.6
48,839,-129,-84.0446428571429
48,840,13,-84.0446428571429
48,841,31,42.202380952381
48,842,-63,-19.1565217391304
48,843,-31,-40.9803921568627
48,844,-12,134.285714285714
48,845,-35,-8.21663442940039
48,846,-9,-8.21663442940039
48,847,1,-8.21663442940039
48,848,-2,-8.21663442940039
48,849,22,-8.21663442940039
48,850,75,42.202380952381
48,851,95,167.724137931034
48,852,61,199.92118226601
48,853,37,1.8
48,854,152,83.6
48,855,-103,24.1739130434783
48,856,-11,-25.6071428571429
48,857,37,-8.21663442940039
48,858,-54,-19.1565217391304
48,859,-85,-40.9803921568627
48,860,-64,-40.9803921568627
48,861,61,-40.9803921568627
48,862,-24,167.724137931034
48,863,-51,-8.21663442940039
48,864,17,-40.9803921568627
48,865,-31,-19.1565217391304
48,866,-36,-8.21663442940039
48,867,17,-40.9803921568627
48,868,-8,83.6
48,869,-79,-8.21663442940039
48,870,-27,-40.9803921568627
48,871,-10,-8.21663442940039
48,872,13,-8.21663442940039
48,873,19,42.202380952381
48,874,115,83.6
48,875,105,199.92118226601
48,876,121,108.369863013699
48,877,126,108.369863013699
48,878,-1,1.8
48,879,122,-8.21663442940039
48,880,-10,-75.8461538461538
48,881,8,-8.21663442940039
48,882,4,-8.21663442940039
48,883,-72,-8.21663442940039
48,884,-41,-40.9803921568627
48,885,7,-40.9803921568627
48,886,-144,-8.21663442940039
48,887,-33,-84.0446428571429
48,888,-154,-8.21663442940039
48,889,-68,-84.0446428571429
48,890,-76,-40.9803921568627
48,891,-20,-40.9803921568627
48,892,-10,-8.21663442940039
48,893,-15,-8.21663442940039
48,894,6,-8.21663442940039
48,895,43,-8.21663442940039
48,896,106,83.6
48,897,264,219.254901960784
48,898,317,108.369863013699
48,899,-393,-310.585714285714
48,900,-145,-144.823008849558
48,901,-2,-10.625
48,902,116,-8.21663442940039
48,903,-74,9.03636363636364
48,904,31,-40.9803921568627
48,905,10,-19.1565217391304
48,906,176,134.285714285714
48,907,390,324.309090909091
48,908,-106,-25.6071428571429
48,909,-159,-144.823008849558
48,910,-179,-158.6
48,911,-107,-84.0446428571429
48,912,-87,-84.0446428571429
48,913,-95,-40.9803921568627
48,914,-50,-40.9803921568627
48,915,-47,-40.9803921568627
48,916,-1,-40.9803921568627
48,917,-10,-8.21663442940039
48,918,0,-8.21663442940039
48,919,44,-8.21663442940039
48,920,140,83.6
48,921,326,290.068965517241
48,922,227,-143.307692307692
48,923,-404,-310.585714285714
48,924,-121,-144.823008849558
48,925,-17,22
48,926,28,-8.21663442940039
48,927,44,-19.1565217391304
48,928,-29,-19.1565217391304
48,929,41,-8.21663442940039
48,930,170,134.285714285714
48,931,414,324.309090909091
48,932,8,-233.894117647059
48,933,-245,-192.208588957055
48,934,-109,-158.6
48,935,-145,-84.0446428571429
48,936,-109,-84.0446428571429
48,937,-77,-84.0446428571429
48,938,-126,-40.9803921568627
48,939,-38,-84.0446428571429
48,940,-16,-40.9803921568627
48,941,0,-8.21663442940039
48,942,-8,-8.21663442940039
48,943,55,-8.21663442940039
48,944,131,167.724137931034
48,945,317,290.068965517241
48,946,281,-143.307692307692
48,947,-446,-310.585714285714
48,948,-111,-144.823008849558
48,949,50,-10.625
48,950,29,9.03636363636364
48,951,2,-19.1565217391304
48,952,-65,-8.21663442940039
48,953,70,-40.9803921568627
48,954,167,169.685714285714
48,955,429,324.309090909091
48,956,-22,-233.894117647059
48,957,-193,-192.208588957055
48,958,-131,-158.6
48,959,-170,-84.0446428571429
48,960,-119,-84.0446428571429
48,961,-39,-84.0446428571429
48,962,-147,-40.9803921568627
48,963,-63,-84.0446428571429
48,964,-8,-40.9803921568627
48,965,-13,-8.21663442940039
48,966,-4,-8.21663442940039
48,967,38,-8.21663442940039
48,968,139,83.6
48,969,314,290.068965517241
48,970,234,-25.6071428571429
48,971,-385,-310.585714285714
48,972,-122,-144.823008849558
48,973,-10,22
48,974,67,-8.21663442940039
48,975,-37,9.03636363636364
48,976,-29,-40.9803921568627
48,977,25,-8.21663442940039
48,978,136,134.285714285714
48,979,364,324.309090909091
48,980,-50,-25.6071428571429
48,981,-74,-192.208588957055
48,982,-168,-158.6
48,983,-175,-84.0446428571429
48,984,-37,-84.0446428571429
48,985,-89,-40.9803921568627
48,986,-48,-40.9803921568627
48,987,-43,-40.9803921568627
48,988,-28,-40.9803921568627
48,989,-14,-8.21663442940039
48,990,-4,-8.21663442940039
48,991,29,-8.21663442940039
48,992,102,83.6
48,993,271,219.254901960784
48,994,266,290.068965517241
48,995,-313,-310.585714285714
48,996,-132,-144.823008849558
48,997,20,-10.625
48,998,48,83.6
48,999,15,9.03636363636364
48,1000,12,-19.1565217391304
48,1001,-3,-19.1565217391304
48,1002,176,134.285714285714
48,1003,200,324.309090909091
48,1004,-77,-25.6071428571429
48,1005,-106,-192.208588957055
48,1006,-162,-84.0446428571429
48,1007,-94,-84.0446428571429
48,1008,-61,-40.9803921568627
48,1009,-10,-40.9803921568627
48,1010,2,-8.21663442940039
48,1011,-111,9.47368421052632
48,1012,10,-84.0446428571429
48,1013,-47,83.6
48,1014,-32,-40.9803921568627
48,1015,3,-8.21663442940039
48,1016,36,-8.21663442940039
48,1017,26,83.6
48,1018,87,42.202380952381
48,1019,174,-139.6
48,1020,58,108.369863013699
48,1021,62,81.1
48,1022,30,24.1739130434783
48,1023,11,83.6
48,1024,-4,-19.1565217391304
48,1025,3,-8.21663442940039
48,1026,-10,-8.21663442940039
48,1027,-8,-8.21663442940039
48,1028,2,134.285714285714
48,1029,-143,-8.21663442940039
48,1030,-105,-84.0446428571429
48,1031,67,-84.0446428571429
48,1032,-24,163.1
48,1033,-68,-8.21663442940039
48,1034,-20,-40.9803921568627
48,1035,-30,-8.21663442940039
48,1036,-46,-8.21663442940039
48,1037,-57,-40.9803921568627
48,1038,-42,-40.9803921568627
48,1039,4,-40.9803921568627
48,1040,1,-8.21663442940039
48,1041,22,-8.21663442940039
48,1042,87,83.6
48,1043,99,219.254901960784
48,1044,155,219.254901960784
48,1045,128,108.369863013699
48,1046,2,-233.894117647059
48,1047,-28,-111.92
48,1048,39,-8.21663442940039
48,1049,-21,-19.1565217391304
48,1050,20,-8.21663442940039
48,1051,10,-19.1565217391304
48,1052,-112,-19.1565217391304
48,1053,24,-84.0446428571429
48,1054,-140,42.202380952381
48,1055,-32,-84.0446428571429
48,1056,-123,-8.21663442940039
48,1057,-48,-84.0446428571429
48,1058,-42,-40.9803921568627
48,1059,-39,-40.9803921568627
48,1060,-11,-40.9803921568627
48,1061,-5,-8.21663442940039
48,1062,2,-8.21663442940039
48,1063,42,-8.21663442940039
48,1064,114,83.6
48,1065,308,199.92118226601
48,1066,282,199.92118226601
48,1067,-458,-310.585714285714
48,1068,-104,-144.823008849558
48,1069,26,-10.625
48,1070,63,42.202380952381
48,1071,-52,9.03636363636364
48,1072,28,-40.9803921568627
48,1073,-18,-19.1565217391304
48,1074,189,134.285714285714
48,1075,402,324.309090909091
48,1076,-15,-25.6071428571429
48,1077,-147,-192.208588957055
48,1078,-203,-158.6
48,1079,-140,-84.0446428571429
48,1080,-92,-84.0446428571429
48,1081,-80,-40.9803921568627
48,1082,-112,-40.9803921568627
48,1083,-17,-84.0446428571429
48,1084,-13,9.47368421052632
48,1085,-2,-8.21663442940039
48,1086,0,-8.21663442940039
48,1087,39,-8.21663442940039
48,1088,149,83.6
48,1089,319,290.068965517241
48,1090,247,-25.6071428571429
48,1091,-427,-310.585714285714
48,1092,-106,-144.823008849558
48,1093,-3,22
48,1094,24,-8.21663442940039
48,1095,40,-19.1565217391304
48,1096,-28,-19.1565217391304
48,1097,-116,-8.21663442940039
48,1098,258,-84.0446428571429
48,1099,418,324.309090909091
48,1100,37,-25.6071428571429
48,1101,-243,-192.208588957055
48,1102,-162,-158.6
48,1103,-100,-84.0446428571429
48,1104,-95,-40.9803921568627
48,1105,-110,-40.9803921568627
48,1106,-100,-84.0446428571429
48,1107,-14,-40.9803921568627
48,1108,-20,9.47368421052632
48,1109,-6,-8.21663442940039
48,1110,-3,-8.21663442940039
48,1111,45,-8.21663442940039
48,1112,136,83.6
48,1113,302,290.068965517241
48,1114,194,-143.307692307692
48,1115,-331,-310.585714285714
48,1116,-114,-144.823008849558
48,1117,-2,22
48,1118,50,-8.21663442940039
48,1119,-4,9.03636363636364
48,1120,-17,-8.21663442940039
48,1121,32,-8.21663442940039
48,1122,184,134.285714285714
48,1123,358,324.309090909091
48,1124,54,-25.6071428571429
48,1125,-239,-192.208588957055
48,1126,-139,-158.6
48,1127,-193,-84.0446428571429
48,1128,-32,-84.0446428571429
48,1129,-136,-8.21663442940039
48,1130,-89,-84.0446428571429
48,1131,-21,-40.9803921568627
48,1132,-31,9.47368421052632
48,1133,-5,-8.21663442940039
48,1134,3,-8.21663442940039
48,1135,32,-8.21663442940039
48,1136,142,83.6
48,1137,290,290.068965517241
48,1138,266,-25.6071428571429
48,1139,-396,-310.585714285714
48,1140,-162,-144.823008849558
48,1141,45,-10.625
48,1142,60,42.202380952381
48,1143,24,9.03636363636364
48,1144,-85,-19.1565217391304
48,1145,45,-40.9803921568627
48,1146,136,134.285714285714
48,1147,459,324.309090909091
48,1148,-98,-143.307692307692
48,1149,-160,-144.823008849558
48,1150,-180,-158.6
48,1151,-85,-84.0446428571429
48,1152,-80,-40.9803921568627
48,1153,-85,-40.9803921568627
48,1154,-106,-40.9803921568627
48,1155,-28,-84.0446428571429
48,1156,-29,9.47368421052632
48,1157,-8,-8.21663442940039
48,1158,6,-8.21663442940039
48,1159,25,-8.21663442940039
48,1160,126,83.6
48,1161,258,290.068965517241
48,1162,247,108.369863013699
48,1163,-272,-310.585714285714
48,1164,-147,-144.823008849558
48,1165,14,22
48,1166,75,-19.1565217391304
48,1167,7,9.03636363636364
48,1168,-14,-8.21663442940039
48,1169,49,-8.21663442940039
48,1170,112,169.685714285714
48,1171,249,257.30612244898
48,1172,-70,24.1739130434783
48,1173,-202,-192.208588957055
48,1174,-80,-84.0446428571429
48,1175,-111,-40.9803921568627
48,1176,-76,-84.0446428571429
48,1177,-6,-40.9803921568627
48,1178,-35,-8.21663442940039
48,1179,-39,-8.21663442940039
48,1180,-38,-40.9803921568627
48,1181,-54,-40.9803921568627
48,1182,-17,-40.9803921568627
48,1183,4,-8.21663442940039
48,1184,32,-8.21663442940039
48,1185,18,83.6
48,1186,114,42.202380952381
48,1187,97,199.92118226601
48,1188,118,108.369863013699
48,1189,74,108.369863013699
48,1190,77,24.1739130434783
48,1191,-20,-75.8461538461538
48,1192,-55,-8.21663442940039
48,1193,17,-40.9803921568627
48,1194,-39,-19.1565217391304
48,1195,42,-40.9803921568627
48,1196,-2,-19.1565217391304
48,1197,-93,-8.21663442940039
48,1198,-85,-40.9803921568627
48,1199,-23,-40.9803921568627
48,1200,-20,-8.21663442940039
48,1201,-47,-8.21663442940039
48,1202,-69,-40.9803921568627
48,1203,-66,-40.9803921568627
48,1204,-14,-40.9803921568627
48,1205,-32,-8.21663442940039
48,1206,-27,-8.21663442940039
48,1207,5,-8.21663442940039
48,1208,0,-8.21663442940039
48,1209,49,-8.21663442940039
48,1210,40,167.724137931034
48,1211,121,83.6
48,1212,135,199.92118226601
48,1213,73,108.369863013699
48,1214,54,81.1
48,1215,32,24.1739130434783
48,1216,3,42.202380952381
48,1217,-76,-8.21663442940039
48,1218,-29,-40.9803921568627
48,1219,-39,-8.21663442940039
48,1220,-153,-40.9803921568627
48,1221,-44,-84.0446428571429
48,1222,8,-40.9803921568627
48,1223,15,-8.21663442940039
48,1224,-51,42.202380952381
48,1225,-70,-40.9803921568627
48,1226,-54,-40.9803921568627
48,1227,-22,-40.9803921568627
48,1228,-6,-8.21663442940039
48,1229,0,-8.21663442940039
48,1230,6,-8.21663442940039
48,1231,14,-8.21663442940039
48,1232,116,42.202380952381
48,1233,266,290.068965517241
48,1234,198,108.369863013699
48,1235,-329,-310.585714285714
48,1236,-63,-144.823008849558
48,1237,47,-40.9803921568627
48,1238,25,-19.1565217391304
48,1239,4,-19.1565217391304
48,1240,-2,-8.21663442940039
48,1241,-13,-8.21663442940039
48,1242,177,134.285714285714
48,1243,407,324.309090909091
48,1244,-15,-25.6071428571429
48,1245,-203,-192.208588957055
48,1246,-183,-158.6
48,1247,-140,-84.0446428571429
48,1248,-110,-84.0446428571429
48,1249,-94,-84.0446428571429
48,1250,-66,-40.9803921568627
48,1251,-29,-40.9803921568627
48,1252,-5,9.47368421052632
48,1253,-7,-8.21663442940039
48,1254,3,-8.21663442940039
48,1255,27,-8.21663442940039
48,1256,143,83.6
48,1257,323,290.068965517241
48,1258,203,-25.6071428571429
48,1259,-378,-310.585714285714
48,1260,-77,-144.823008849558
48,1261,-36,-40.9803921568627
48,1262,69,-40.9803921568627
48,1263,-30,9.03636363636364
48,1264,8,-8.21663442940039
48,1265,45,-8.21663442940039
48,1266,139,134.285714285714
48,1267,423,324.309090909091
48,1268,-54,-143.307692307692
48,1269,-204,-192.208588957055
48,1270,-162,-158.6
48,1271,-131,-84.0446428571429
48,1272,-93,-84.0446428571429
48,1273,-86,-40.9803921568627
48,1274,-80,-40.9803921568627
48,1275,-35,-40.9803921568627
48,1276,-17,9.47368421052632
48,1277,1,-8.21663442940039
48,1278,0,-8.21663442940039
48,1279,36,-8.21663442940039
48,1280,130,83.6
48,1281,309,290.068965517241
48,1282,255,-25.6071428571429
48,1283,-396,-310.585714285714
48,1284,-127,-144.823008849558
48,1285,25,-10.625
48,1286,41,42.202380952381
48,1287,33,-19.1565217391304
48,1288,-77,-19.1565217391304
48,1289,42,-40.9803921568627
48,1290,163,134.285714285714
48,1291,417,324.309090909091
48,1292,4,-233.894117647059
48,1293,-176,-192.208588957055
48,1294,-186,-158.6
48,1295,-119,-84.0446428571429
48,1296,-148,-84.0446428571429
48,1297,-97,-84.0446428571429
48,1298,-69,-40.9803921568627
48,1299,-39,-40.9803921568627
48,1300,-14,-40.9803921568627
48,1301,-8,-8.21663442940039
48,1302,4,-8.21663442940039
48,1303,31,-8.21663442940039
48,1304,126,83.6
48,1305,308,290.068965517241
48,1306,223,199.92118226601
48,1307,-345,-310.585714285714
48,1308,-148,-144.823008849558
48,1309,55,22
48,1310,17,9.03636363636364
48,1311,4,-19.1565217391304
48,1312,-34,-8.21663442940039
48,1313,20,-8.21663442940039
48,1314,150,134.285714285714
48,1315,393,324.309090909091
48,1316,1,-25.6071428571429
48,1317,-188,-192.208588957055
48,1318,-145,-158.6
48,1319,-142,-84.0446428571429
48,1320,-77,-84.0446428571429
48,1321,-103,-40.9803921568627
48,1322,-71,-84.0446428571429
48,1323,-44,-40.9803921568627
48,1324,-21,-40.9803921568627
48,1325,-11,-8.21663442940039
48,1326,-2,-8.21663442940039
48,1327,26,-8.21663442940039
48,1328,11,83.6
48,1329,89,83.6
48,1330,-14,219.254901960784
48,1331,101,-8.21663442940039
48,1332,-27,1.8
48,1333,58,-8.21663442940039
48,1334,64,-75.8461538461538
48,1335,-25,9.03636363636364
48,1336,17,-8.21663442940039
48,1337,17,-19.1565217391304
48,1338,143,42.202380952381
48,1339,263,199.92118226601
48,1340,-90,-25.6071428571429
48,1341,-148,-144.823008849558
48,1342,-122,-158.6
48,1343,-84,-84.0446428571429
48,1344,-68,-40.9803921568627
48,1345,-26,-40.9803921568627
48,1346,-12,-8.21663442940039
48,1347,-64,-8.21663442940039
48,1348,-31,-40.9803921568627
48,1349,-64,-8.21663442940039
48,1350,-11,-40.9803921568627
48,1351,1,-8.21663442940039
48,1352,12,-8.21663442940039
48,1353,39,83.6
48,1354,100,83.6
48,1355,109,199.92118226601
48,1356,136,108.369863013699
48,1357,92,1.8
48,1358,47,81.1
48,1359,23,42.202380952381
48,1360,-31,-19.1565217391304
48,1361,24,-8.21663442940039
48,1362,-31,-19.1565217391304
48,1363,-19,-8.21663442940039
48,1364,-212,-8.21663442940039
48,1365,-25,-84.0446428571429
48,1366,-115,-8.21663442940039
48,1367,-32,-84.0446428571429
48,1368,40,-8.21663442940039
48,1369,-5,-19.1565217391304
48,1370,-43,-8.21663442940039
48,1371,-7,-40.9803921568627
48,1372,-27,-8.21663442940039
48,1373,-38,-8.21663442940039
48,1374,-38,-40.9803921568627
48,1375,0,-40.9803921568627
48,1376,6,-8.21663442940039
48,1377,23,-8.21663442940039
48,1378,80,42.202380952381
48,1379,98,167.724137931034
48,1380,111,108.369863013699
48,1381,121,108.369863013699
48,1382,56,24.1739130434783
48,1383,38,24.1739130434783
48,1384,36,-19.1565217391304
48,1385,-2,-19.1565217391304
48,1386,-64,-8.21663442940039
48,1387,-8,-40.9803921568627
48,1388,-14,-8.21663442940039
48,1389,-26,-8.21663442940039
48,1390,-165,-8.21663442940039
48,1391,-80,-84.0446428571429
48,1392,-39,-40.9803921568627
48,1393,-71,-40.9803921568627
48,1394,-63,-40.9803921568627
48,1395,-33,-40.9803921568627
48,1396,-5,-8.21663442940039
48,1397,-3,-8.21663442940039
48,1398,5,-8.21663442940039
48,1399,25,-8.21663442940039
48,1400,123,83.6
48,1401,277,290.068965517241
48,1402,237,108.369863013699
48,1403,-368,-310.585714285714
48,1404,-106,-144.823008849558
48,1405,46,22
48,1406,31,42.202380952381
48,1407,-22,-19.1565217391304
48,1408,-6,-8.21663442940039
48,1409,26,-8.21663442940039
48,1410,190,134.285714285714
48,1411,354,324.309090909091
48,1412,-6,-25.6071428571429
48,1413,-257,-192.208588957055
48,1414,-123,-158.6
48,1415,-142,22
48,1416,-98,-84.0446428571429
48,1417,-64,-40.9803921568627
48,1418,-68,-40.9803921568627
48,1419,-33,-40.9803921568627
48,1420,-16,9.47368421052632
48,1421,-8,-8.21663442940039
48,1422,2,-8.21663442940039
48,1423,31,-8.21663442940039
48,1424,28,83.6
48,1425,115,83.6
48,1426,439,199.92118226601
48,1427,-216,108.369863013699
48,1428,-194,-144.823008849558
48,1429,-12,-10.625
48,1430,104,-8.21663442940039
48,1431,-14,9.03636363636364
48,1432,-31,-8.21663442940039
48,1433,28,-8.21663442940039
48,1434,175,81
48,1435,354,257.30612244898
48,1436,42,-25.6071428571429
48,1437,-227,-192.208588957055
48,1438,-191,-158.6
48,1439,-128,-84.0446428571429
48,1440,-119,-84.0446428571429
48,1441,-22,-84.0446428571429
48,1442,-107,-8.21663442940039
48,1443,-23,-84.0446428571429
48,1444,-29,9.47368421052632
48,1445,3,-8.21663442940039
48,1446,-7,-8.21663442940039
48,1447,35,-8.21663442940039
48,1448,133,83.6
48,1449,320,290.068965517241
48,1450,190,-25.6071428571429
48,1451,-315,-310.585714285714
48,1452,-134,-144.823008849558
48,1453,2,22
48,1454,72,-8.21663442940039
48,1455,-13,9.03636363636364
48,1456,-39,-8.21663442940039
48,1457,11,-40.9803921568627
48,1458,165,134.285714285714
48,1459,420,324.309090909091
48,1460,-3,-25.6071428571429
48,1461,-199,-192.208588957055
48,1462,-222,-158.6
48,1463,-112,-84.0446428571429
48,1464,-89,-84.0446428571429
48,1465,-88,-40.9803921568627
48,1466,-62,-40.9803921568627
48,1467,-55,-40.9803921568627
48,1468,-6,-40.9803921568627
48,1469,-11,-8.21663442940039
48,1470,1,-8.21663442940039
48,1471,32,-8.21663442940039
48,1472,128,83.6
48,1473,299,290.068965517241
48,1474,218,-25.6071428571429
48,1475,-345,-310.585714285714
48,1476,-138,-144.823008849558
48,1477,75,22
48,1478,69,9.03636363636364
48,1479,-43,9.03636363636364
48,1480,-52,-40.9803921568627
48,1481,12,-40.9803921568627
48,1482,159,134.285714285714
48,1483,478,324.309090909091
48,1484,-65,-25.6071428571429
48,1485,-155,-192.208588957055
48,1486,-163,-158.6
48,1487,-158,-84.0446428571429
48,1488,-102,-84.0446428571429
48,1489,-28,-40.9803921568627
48,1490,-138,-8.21663442940039
48,1491,-34,-84.0446428571429
48,1492,-35,9.47368421052632
48,1493,-13,-8.21663442940039
48,1494,3,-8.21663442940039
48,1495,27,-8.21663442940039
48,1496,121,83.6
48,1497,222,290.068965517241
48,1498,289,199.92118226601
48,1499,-290,-310.585714285714
48,1500,-147,-144.823008849558
48,1501,72,-10.625
48,1502,62,9.03636363636364
48,1503,-8,9.03636363636364
48,1504,-29,-8.21663442940039
48,1505,55,-8.21663442940039
48,1506,105,169.685714285714
48,1507,303,324.309090909091
48,1508,-122,-139.6
48,1509,-178,-144.823008849558
48,1510,-132,-158.6
48,1511,-104,-84.0446428571429
48,1512,-42,-84.0446428571429
48,1513,-92,-40.9803921568627
48,1514,-16,-40.9803921568627
48,1515,-13,-8.21663442940039
48,1516,-49,9.47368421052632
48,1517,-13,-40.9803921568627
48,1518,-17,-8.21663442940039
48,1519,-4,-8.21663442940039
48,1520,18,-8.21663442940039
48,1521,37,83.6
48,1522,125,83.6
48,1523,103,290.068965517241
48,1524,188,108.369863013699
48,1525,56,108.369863013699
48,1526,118,-192.208588957055
48,1527,-10,-75.8461538461538
48,1528,-46,-8.21663442940039
48,1529,-2,-40.9803921568627
48,1530,45,-8.21663442940039
48,1531,-6,-19.1565217391304
48,1532,-81,-8.21663442940039
48,1533,-66,-40.9803921568627
48,1534,-147,-40.9803921568627
48,1535,-3,-84.0446428571429
48,1536,-77,-8.21663442940039
48,1537,-26,-40.9803921568627
48,1538,-48,-8.21663442940039
48,1539,-56,-40.9803921568627
48,1540,-12,-40.9803921568627
48,1541,-64,-8.21663442940039
48,1542,-29,-40.9803921568627
48,1543,-15,-8.21663442940039
48,1544,9,-8.21663442940039
48,1545,21,83.6
48,1546,83,83.6
48,1547,146,199.92118226601
48,1548,155,108.369863013699
48,1549,-153,-233.894117647059
48,1550,26,-111.92
48,1551,-136,83.6
48,1552,-13,-84.0446428571429
48,1553,127,-8.21663442940039
48,1554,80,9.03636363636364
48,1555,-13,-25.6071428571429
48,1556,34,-8.21663442940039
48,1557,-36,42.202380952381
48,1558,-67,-40.9803921568627
48,1559,-84,-40.9803921568627
48,1560,-134,-40.9803921568627
48,1561,-10,-84.0446428571429
48,1562,-20,-8.21663442940039
48,1563,-16,-8.21663442940039
48,1564,-5,-8.21663442940039
48,1565,-2,-8.21663442940039
48,1566,4,-8.21663442940039
48,1567,30,-8.21663442940039
48,1568,124,83.6
48,1569,281,199.92118226601
48,1570,213,199.92118226601
48,1571,-298,-310.585714285714
48,1572,-164,-144.823008849558
48,1573,48,22
48,1574,41,9.03636363636364
48,1575,9,-19.1565217391304
48,1576,-16,-19.1565217391304
48,1577,34,-8.21663442940039
48,1578,151,134.285714285714
48,1579,433,324.309090909091
48,1580,-78,-25.6071428571429
48,1581,-516,-144.823008849558
48,1582,-38,-158.6
48,1583,-16,-40.9803921568627
48,1584,-84,-8.21663442940039
48,1585,-59,-40.9803921568627
48,1586,-43,-40.9803921568627
48,1587,-26,-40.9803921568627
48,1588,-25,9.47368421052632
48,1589,-5,-8.21663442940039
48,1590,1,-8.21663442940039
48,1591,30,-8.21663442940039
48,1592,135,83.6
48,1593,350,290.068965517241
48,1594,204,-25.6071428571429
48,1595,-395,-310.585714285714
48,1596,-150,-144.823008849558
48,1597,78,22
48,1598,49,9.03636363636364
48,1599,26,9.03636363636364
48,1600,-29,-19.1565217391304
48,1601,0,-8.21663442940039
48,1602,165,134.285714285714
48,1603,411,324.309090909091
48,1604,-253,-25.6071428571429
48,1605,-149,-144.823008849558
48,1606,-118,-158.6
48,1607,-78,-84.0446428571429
48,1608,-48,-40.9803921568627
48,1609,-96,-40.9803921568627
48,1610,-81,-40.9803921568627
48,1611,-34,-40.9803921568627
48,1612,-4,9.47368421052632
48,1613,-10,-8.21663442940039
48,1614,1,-8.21663442940039
48,1615,32,-8.21663442940039
48,1616,147,83.6
48,1617,366,290.068965517241
48,1618,187,-25.6071428571429
48,1619,-364,-310.585714285714
48,1620,-151,-144.823008849558
48,1621,42,22
48,1622,45,42.202380952381
48,1623,4,-19.1565217391304
48,1624,-50,-8.21663442940039
48,1625,50,-40.9803921568627
48,1626,144,169.685714285714
48,1627,323,324.309090909091
48,1628,-100,-233.894117647059
48,1629,-103,-144.823008849558
48,1630,-189,-158.6
48,1631,-40,-84.0446428571429
48,1632,-70,-40.9803921568627
48,1633,-141,-40.9803921568627
48,1634,-80,-84.0446428571429
48,1635,-35,-40.9803921568627
48,1636,-5,9.47368421052632
48,1637,-11,-8.21663442940039
48,1638,-3,-8.21663442940039
48,1639,31,-8.21663442940039
48,1640,155,83.6
48,1641,289,290.068965517241
48,1642,226,-25.6071428571429
48,1643,-295,-310.585714285714
48,1644,-179,-144.823008849558
48,1645,45,22
48,1646,54,42.202380952381
48,1647,14,9.03636363636364
48,1648,-41,-19.1565217391304
48,1649,0,-40.9803921568627
48,1650,160,134.285714285714
48,1651,355,324.309090909091
48,1652,121,-25.6071428571429
48,1653,-308,-310.585714285714
48,1654,-159,-158.6
48,1655,-145,22
48,1656,-131,-84.0446428571429
48,1657,-41,-84.0446428571429
48,1658,-46,-40.9803921568627
48,1659,-69,-40.9803921568627
48,1660,-26,-40.9803921568627
48,1661,-8,-8.21663442940039
48,1662,0,-8.21663442940039
48,1663,30,-8.21663442940039
48,1664,113,83.6
48,1665,274,290.068965517241
48,1666,319,290.068965517241
48,1667,-355,-310.585714285714
48,1668,-127,-144.823008849558
48,1669,19,-10.625
48,1670,90,42.202380952381
48,1671,-20,9.03636363636364
48,1672,-13,-8.21663442940039
48,1673,12,-8.21663442940039
48,1674,165,134.285714285714
48,1675,297,324.309090909091
48,1676,-76,-25.6071428571429
48,1677,-200,-192.208588957055
48,1678,-173,-158.6
48,1679,-57,-84.0446428571429
48,1680,-55,-40.9803921568627
48,1681,-73,-40.9803921568627
48,1682,-43,-40.9803921568627
48,1683,-20,-40.9803921568627
48,1684,-36,9.47368421052632
48,1685,-41,-40.9803921568627
48,1686,-26,-40.9803921568627
48,1687,2,-8.21663442940039
48,1688,16,-8.21663442940039
48,1689,72,83.6
48,1690,60,167.724137931034
48,1691,126,167.724137931034
48,1692,154,108.369863013699
48,1693,15,108.369863013699
48,1694,127,81.1
48,1695,-67,-75.8461538461538
48,1696,-35,-25.6071428571429
48,1697,-249,-8.21663442940039
48,1698,201,-84.0446428571429
48,1699,-31,-73.625
48,1700,-20,-25.6071428571429
48,1701,-29,-8.21663442940039
48,1702,-113,-8.21663442940039
48,1703,-33,-84.0446428571429
48,1704,-26,-8.21663442940039
48,1705,-24,-8.21663442940039
48,1706,-24,-8.21663442940039
48,1707,0,9.47368421052632
48,1708,-18,-8.21663442940039
48,1709,-63,-8.21663442940039
48,1710,-37,-40.9803921568627
48,1711,0,-40.9803921568627
48,1712,5,-8.21663442940039
48,1713,13,-8.21663442940039
48,1714,99,83.6
48,1715,130,199.92118226601
48,1716,122,108.369863013699
48,1717,97,-143.307692307692
48,1718,144,24.1739130434783
48,1719,-85,24.1739130434783
48,1720,-164,-111.92
48,1721,14,-84.0446428571429
48,1722,-218,-19.1565217391304
48,1723,60,-84.0446428571429
48,1724,31,9.03636363636364
48,1725,28,-19.1565217391304
48,1726,-81,81
48,1727,-45,-40.9803921568627
48,1728,-52,-40.9803921568627
48,1729,-34,-40.9803921568627
48,1730,-48,-8.21663442940039
48,1731,-25,-40.9803921568627
48,1732,1,-8.21663442940039
48,1733,-4,-8.21663442940039
48,1734,8,-8.21663442940039
48,1735,24,-8.21663442940039
48,1736,109,83.6
48,1737,288,219.254901960784
48,1738,266,108.369863013699
48,1739,-357,-310.585714285714
48,1740,-136,-144.823008849558
48,1741,23,-10.625
48,1742,54,-19.1565217391304
48,1743,5,9.03636363636364
48,1744,-42,-8.21663442940039
48,1745,36,-40.9803921568627
48,1746,162,134.285714285714
48,1747,401,324.309090909091
48,1748,-11,-25.6071428571429
48,1749,-261,-192.208588957055
48,1750,-157,-158.6
48,1751,-138,22
48,1752,-117,-84.0446428571429
48,1753,-47,-84.0446428571429
48,1754,-76,-40.9803921568627
48,1755,-17,-40.9803921568627
48,1756,-6,9.47368421052632
48,1757,-11,-8.21663442940039
48,1758,4,-8.21663442940039
48,1759,34,-8.21663442940039
48,1760,105,83.6
48,1761,122,219.254901960784
48,1762,424,199.92118226601
48,1763,-298,24.1739130434783
48,1764,-191,-144.823008849558
48,1765,14,-10.625
48,1766,79,42.202380952381
48,1767,-9,9.03636363636364
48,1768,-37,-8.21663442940039
48,1769,66,-40.9803921568627
48,1770,163,169.685714285714
48,1771,384,324.309090909091
48,1772,-46,-233.894117647059
48,1773,-221,-192.208588957055
48,1774,-162,-158.6
48,1775,-121,-84.0446428571429
48,1776,-98,-84.0446428571429
48,1777,-107,-40.9803921568627
48,1778,-62,-84.0446428571429
48,1779,-33,-40.9803921568627
48,1780,-8,9.47368421052632
48,1781,3,-8.21663442940039
48,1782,1,-8.21663442940039
48,1783,30,-8.21663442940039
48,1784,141,83.6
48,1785,373,290.068965517241
48,1786,254,-25.6071428571429
48,1787,-460,-310.585714285714
48,1788,-170,-144.823008849558
48,1789,75,-10.625
48,1790,107,9.03636363636364
48,1791,-60,9.03636363636364
48,1792,1,-40.9803921568627
48,1793,37,-8.21663442940039
48,1794,155,134.285714285714
48,1795,377,324.309090909091
48,1796,-58,-25.6071428571429
48,1797,-169,-192.208588957055
48,1798,-216,-158.6
48,1799,-114,-84.0446428571429
48,1800,-78,-84.0446428571429
48,1801,-78,-40.9803921568627
48,1802,-92,-40.9803921568627
48,1803,-42,-40.9803921568627
48,1804,-6,-40.9803921568627
48,1805,-12,-8.21663442940039
48,1806,3,-8.21663442940039
48,1807,27,-8.21663442940039
48,1808,128,83.6
48,1809,369,290.068965517241
48,1810,222,-25.6071428571429
48,1811,-358,-310.585714285714
48,1812,-162,-144.823008849558
48,1813,42,22
48,1814,18,42.202380952381
48,1815,-4,-19.1565217391304
48,1816,-17,-8.21663442940039
48,1817,65,-8.21663442940039
48,1818,144,169.685714285714
48,1819,362,324.309090909091
48,1820,9,-233.894117647059
48,1821,-243,-192.208588957055
48,1822,-139,-158.6
48,1823,-164,-84.0446428571429
48,1824,-16,-84.0446428571429
48,1825,-139,-8.21663442940039
48,1826,-70,-84.0446428571429
48,1827,-50,-40.9803921568627
48,1828,-12,-40.9803921568627
48,1829,-15,-8.21663442940039
48,1830,2,-8.21663442940039
48,1831,22,-8.21663442940039
48,1832,79,83.6
48,1833,313,167.724137931034
48,1834,269,290.068965517241
48,1835,-292,-310.585714285714
48,1836,-142,-144.823008849558
48,1837,53,-10.625
48,1838,101,9.03636363636364
48,1839,-42,9.03636363636364
48,1840,68,-40.9803921568627
48,1841,90,-139.6
48,1842,2,169.685714285714
48,1843,89,9.47368421052632
48,1844,-71,-139.6
48,1845,-94,-40.9803921568627
48,1846,-96,-40.9803921568627
48,1847,-53,-40.9803921568627
48,1848,-26,-40.9803921568627
48,1849,-103,-8.21663442940039
48,1850,-6,-84.0446428571429
48,1851,-89,-8.21663442940039
48,1852,-10,-40.9803921568627
48,1853,-34,-8.21663442940039
48,1854,-23,-8.21663442940039
48,1855,10,-8.21663442940039
48,1856,14,83.6
48,1857,30,83.6
48,1858,96,83.6
48,1859,75,1.8
48,1860,180,108.369863013699
48,1861,75,108.369863013699
48,1862,-21,-192.208588957055
48,1863,33,-8.21663442940039
48,1864,10,-19.1565217391304
48,1865,49,-19.1565217391304
48,1866,-101,-75.8461538461538
48,1867,1,-40.9803921568627
48,1868,-21,-8.21663442940039
48,1869,-50,134.285714285714
48,1870,-185,-40.9803921568627
48,1871,-103,-84.0446428571429
48,1872,-26,-84.0446428571429
48,1873,67,-8.21663442940039
48,1874,-46,163.1
48,1875,-26,-40.9803921568627
48,1876,11,-8.21663442940039
48,1877,-42,83.6
48,1878,-20,-40.9803921568627
48,1879,-10,-8.21663442940039
48,1880,3,-8.21663442940039
48,1881,27,-8.21663442940039
48,1882,87,42.202380952381
48,1883,103,163.1
48,1884,156,199.92118226601
48,1885,101,108.369863013699
48,1886,56,81.1
48,1887,-52,24.1739130434783
48,1888,-36,-40.9803921568627
48,1889,-102,-40.9803921568627
48,1890,119,-40.9803921568627
48,1891,29,9.03636363636364
48,1892,-3,-19.1565217391304
48,1893,-208,-8.21663442940039
48,1894,-188,-84.0446428571429
48,1895,67,-84.0446428571429
48,1896,-5,167.724137931034
48,1897,-43,-8.21663442940039
48,1898,-19,-40.9803921568627
48,1899,-49,-8.21663442940039
48,1900,-15,-40.9803921568627
48,1901,-12,-8.21663442940039
48,1902,-17,-8.21663442940039
48,1903,-7,-8.21663442940039
48,1904,11,-8.21663442940039
48,1905,28,42.202380952381
48,1906,84,83.6
48,1907,102,199.92118226601
48,1908,130,108.369863013699
48,1909,100,108.369863013699
48,1910,84,81.1
48,1911,23,24.1739130434783
48,1912,-54,-19.1565217391304
48,1913,-63,-40.9803921568627
48,1914,51,-40.9803921568627
48,1915,-2,9.03636363636364
48,1916,-16,-8.21663442940039
48,1917,-108,-8.21663442940039
48,1918,-113,-84.0446428571429
48,1919,-77,-84.0446428571429
48,1920,-63,-40.9803921568627
48,1921,-51,-40.9803921568627
48,1922,-41,-40.9803921568627
48,1923,-5,-40.9803921568627
48,1924,-19,-8.21663442940039
48,1925,5,-8.21663442940039
48,1926,-2,-8.21663442940039
48,1927,30,-8.21663442940039
48,1928,134,83.6
48,1929,321,169.685714285714
48,1930,139,-25.6071428571429
48,1931,-309,-310.585714285714
48,1932,-151,-111.92
48,1933,26,22
48,1934,89,42.202380952381
48,1935,-12,9.03636363636364
48,1936,-1,-8.21663442940039
48,1937,18,-8.21663442940039
48,1938,166,134.285714285714
48,1939,398,324.309090909091
48,1940,-17,-25.6071428571429
48,1941,-287,-192.208588957055
48,1942,-167,-158.6
48,1943,-117,22
48,1944,-89,-84.0446428571429
48,1945,-84,-40.9803921568627
48,1946,-58,-40.9803921568627
48,1947,-24,-40.9803921568627
48,1948,-4,9.47368421052632
48,1949,-5,-8.21663442940039
48,1950,1,-8.21663442940039
48,1951,35,-8.21663442940039
48,1952,170,83.6
48,1953,290,290.068965517241
48,1954,225,-25.6071428571429
48,1955,-435,-310.585714285714
48,1956,-55,-144.823008849558
48,1957,-18,-40.9803921568627
48,1958,49,-8.21663442940039
48,1959,-32,9.03636363636364
48,1960,-23,-8.21663442940039
48,1961,34,134.285714285714
48,1962,185,134.285714285714
48,1963,433,324.309090909091
48,1964,-24,-25.6071428571429
48,1965,-177,-192.208588957055
48,1966,-250,-158.6
48,1967,-116,-84.0446428571429
48,1968,-77,-84.0446428571429
48,1969,-69,-40.9803921568627
48,1970,-85,-40.9803921568627
48,1971,-47,-40.9803921568627
48,1972,-10,-40.9803921568627
48,1973,1,-8.21663442940039
48,1974,-1,-8.21663442940039
48,1975,30,-8.21663442940039
48,1976,162,83.6
48,1977,282,290.068965517241
48,1978,164,-25.6071428571429
48,1979,-523,-310.585714285714
48,1980,-74,-111.92
48,1981,13,-40.9803921568627
48,1982,75,42.202380952381
48,1983,54,9.03636363636364
48,1984,25,9.03636363636364
48,1985,54,134.285714285714
48,1986,146,108.369863013699
48,1987,392,324.309090909091
48,1988,27,-233.894117647059
48,1989,-277,-192.208588957055
48,1990,-152,-158.6
48,1991,-134,22
48,1992,-55,-84.0446428571429
48,1993,-48,-40.9803921568627
48,1994,-73,-40.9803921568627
48,1995,-67,-40.9803921568627
48,1996,-18,-40.9803921568627
48,1997,-2,-8.21663442940039
48,1998,-1,-8.21663442940039
48,1999,32,-8.21663442940039
48,2000,100,83.6
48,2001,346,219.254901960784
48,2002,233,290.068965517241
48,2003,-375,-310.585714285714
48,2004,-120,-144.823008849558
48,2005,72,22
48,2006,27,9.03636363636364
48,2007,31,-19.1565217391304
48,2008,-101,-19.1565217391304
48,2009,78,-40.9803921568627
48,2010,139,108.369863013699
48,2011,302,324.309090909091
48,2012,20,-143.307692307692
48,2013,-224,-192.208588957055
48,2014,-177,-158.6
48,2015,-90,-84.0446428571429
48,2016,-2,-40.9803921568627
48,2017,-51,-8.21663442940039
48,2018,-98,-40.9803921568627
48,2019,-33,-40.9803921568627
48,2020,-40,134.285714285714
48,2021,-34,-40.9803921568627
48,2022,-32,-8.21663442940039
48,2023,4,-8.21663442940039
48,2024,19,-8.21663442940039
48,2025,48,42.202380952381
48,2026,148,167.724137931034
48,2027,118,199.92118226601
48,2028,74,-160.5
48,2029,156,108.369863013699
48,2030,116,24.1739130434783
48,2031,-26,81.1
48,2032,-42,-8.21663442940039
48,2033,-114,-40.9803921568627
48,2034,-398,-84.0446428571429
48,2035,57,-84.0446428571429
48,2036,-4,9.03636363636364
48,2037,48,-8.21663442940039
48,2038,-21,167.724137931034
48,2039,-13,-8.21663442940039
48,2040,13,-8.21663442940039
48,2041,-61,83.6
48,2042,-9,-40.9803921568627
48,2043,0,-8.21663442940039
48,2044,-28,-8.21663442940039
48,2045,-50,-8.21663442940039
48,2046,-18,-40.9803921568627
48,2047,27,-8.21663442940039
48,2048,-20,-19.1565217391304
48,2049,35,-8.21663442940039
48,2050,100,83.6
48,2051,129,169.685714285714
48,2052,196,290.068965517241
48,2053,90,-143.307692307692
48,2054,172,-192.208588957055
48,2055,-28,108.369863013699
48,2056,-82,-111.92
48,2057,49,-40.9803921568627
48,2058,5,9.03636363636364
48,2059,-30,-8.21663442940039
48,2060,-111,-8.21663442940039
48,2061,-64,-84.0446428571429
48,2062,-140,-40.9803921568627
48,2063,-150,-84.0446428571429
48,2064,-17,-84.0446428571429
48,2065,-97,-8.21663442940039
48,2066,-51,-40.9803921568627
48,2067,-23,-40.9803921568627
48,2068,-1,-8.21663442940039
48,2069,-5,-8.21663442940039
48,2070,-7,-8.21663442940039
48,2071,35,-8.21663442940039
48,2072,140,83.6
48,2073,267,290.068965517241
48,2074,283,-25.6071428571429
48,2075,-369,-310.585714285714
48,2076,-151,-144.823008849558
48,2077,26,-10.625
48,2078,96,42.202380952381
48,2079,-9,9.03636363636364
48,2080,17,-8.21663442940039
48,2081,6,-19.1565217391304
48,2082,142,134.285714285714
48,2083,383,324.309090909091
48,2084,97,-25.6071428571429
48,2085,-335,-192.208588957055
48,2086,-243,-158.6
48,2087,-105,22
48,2088,-126,-84.0446428571429
48,2089,-66,-84.0446428571429
48,2090,-61,-40.9803921568627
48,2091,-22,-40.9803921568627
48,2092,-4,9.47368421052632
48,2093,2,-8.21663442940039
48,2094,1,-8.21663442940039
48,2095,35,-8.21663442940039
48,2096,167,83.6
48,2097,385,290.068965517241
48,2098,154,-25.6071428571429
48,2099,-392,-310.585714285714
48,2100,-162,-111.92
48,2101,51,22
48,2102,69,9.03636363636364
48,2103,12,9.03636363636364
48,2104,-73,-19.1565217391304
48,2105,71,-40.9803921568627
48,2106,210,169.685714285714
48,2107,434,324.309090909091
48,2108,-93,-310.585714285714
48,2109,-281,-144.823008849558
48,2110,-135,-158.6
48,2111,-151,22
48,2112,-94,-84.0446428571429
48,2113,-107,-40.9803921568627
48,2114,-60,-84.0446428571429
48,2115,-28,-40.9803921568627
48,2116,-10,9.47368421052632
48,2117,-4,-8.21663442940039
48,2118,-2,-8.21663442940039
48,2119,43,-8.21663442940039
48,2120,157,83.6
48,2121,352,290.068965517241
48,2122,213,-233.894117647059
48,2123,-442,-310.585714285714
48,2124,-123,-144.823008849558
48,2125,27,22
48,2126,120,42.202380952381
48,2127,-29,9.03636363636364
48,2128,-45,-8.21663442940039
48,2129,40,-40.9803921568627
48,2130,191,134.285714285714
48,2131,416,324.309090909091
48,2132,52,-25.6071428571429
48,2133,-342,-192.208588957055
48,2134,-165,-158.6
48,2135,-164,22
48,2136,-94,-84.0446428571429
48,2137,-85,-40.9803921568627
48,2138,-70,-40.9803921568627
48,2139,-29,-40.9803921568627
48,2140,-19,9.47368421052632
48,2141,2,-8.21663442940039
48,2142,-5,-8.21663442940039
48,2143,51,-8.21663442940039
48,2144,138,167.724137931034
48,2145,376,290.068965517241
48,2146,187,-143.307692307692
48,2147,-420,-310.585714285714
48,2148,-126,-144.823008849558
48,2149,42,22
48,2150,43,42.202380952381
48,2151,-14,-19.1565217391304
48,2152,-9,-8.21663442940039
48,2153,78,-8.21663442940039
48,2154,139,169.685714285714
48,2155,393,324.309090909091
48,2156,-32,-143.307692307692
48,2157,-178,-192.208588957055
48,2158,-211,-158.6
48,2159,-146,-84.0446428571429
48,2160,-66,-84.0446428571429
48,2161,-81,-40.9803921568627
48,2162,-83,-40.9803921568627
48,2163,-46,-40.9803921568627
48,2164,-11,-40.9803921568627
48,2165,-16,-8.21663442940039
48,2166,-2,-8.21663442940039
48,2167,29,-8.21663442940039
48,2168,111,83.6
48,2169,302,219.254901960784
48,2170,312,290.068965517241
48,2171,-419,-310.585714285714
48,2172,-101,-144.823008849558
48,2173,34,-10.625
48,2174,129,83.6
48,2175,-1,9.03636363636364
48,2176,-37,-25.6071428571429
48,2177,-4,-40.9803921568627
48,2178,196,134.285714285714
48,2179,331,324.309090909091
48,2180,-86,-25.6071428571429
48,2181,-229,-144.823008849558
48,2182,-175,-158.6
48,2183,-92,-84.0446428571429
48,2184,-83,-40.9803921568627
48,2185,-34,-40.9803921568627
48,2186,12,-8.21663442940039
48,2187,-98,9.47368421052632
48,2188,-16,-40.9803921568627
48,2189,-56,-8.21663442940039
48,2190,-31,-40.9803921568627
48,2191,10,-8.21663442940039
48,2192,17,83.6
48,2193,40,83.6
48,2194,139,81
48,2195,130,108.369863013699
48,2196,100,-25.6071428571429
48,2197,185,81.1
48,2198,79,24.1739130434783
48,2199,-2,-192.208588957055
48,2200,11,-8.21663442940039
48,2201,-61,-19.1565217391304
48,2202,129,-40.9803921568627
48,2203,-54,9.03636363636364
48,2204,-115,-25.6071428571429
48,2205,-136,-84.0446428571429
48,2206,-148,-84.0446428571429
48,2207,-34,-84.0446428571429
48,2208,-17,-8.21663442940039
48,2209,-50,-8.21663442940039
48,2210,-78,-40.9803921568627
48,2211,-34,-40.9803921568627
48,2212,-28,-8.21663442940039
48,2213,-41,-8.21663442940039
48,2214,-40,-40.9803921568627
48,2215,5,-40.9803921568627
48,2216,22,-8.21663442940039
48,2217,36,83.6
48,2218,57,83.6
48,2219,168,108.369863013699
48,2220,194,108.369863013699
48,2221,69,-233.894117647059
48,2222,97,-192.208588957055
48,2223,38,-75.8461538461538
48,2224,-59,-19.1565217391304
48,2225,-78,-40.9803921568627
48,2226,39,-40.9803921568627
48,2227,-26,-19.1565217391304
48,2228,-89,9.47368421052632
48,2229,-78,-40.9803921568627
48,2230,-79,-40.9803921568627
48,2231,-133,-40.9803921568627
48,2232,-64,-84.0446428571429
48,2233,-33,-40.9803921568627
48,2234,-49,-8.21663442940039
48,2235,-24,-40.9803921568627
48,2236,-8,-8.21663442940039
48,2237,-6,-8.21663442940039
48,2238,4,-8.21663442940039
48,2239,34,-8.21663442940039
48,2240,119,83.6
48,2241,328,290.068965517241
48,2242,191,199.92118226601
48,2243,-384,-310.585714285714
48,2244,-97,-144.823008849558
48,2245,50,-40.9803921568627
48,2246,43,9.03636363636364
48,2247,48,-19.1565217391304
48,2248,-11,-139.6
48,2249,6,-8.21663442940039
48,2250,115,134.285714285714
48,2251,389,324.309090909091
48,2252,-68,-73.625
48,2253,-288,-192.208588957055
48,2254,-146,-158.6
48,2255,-107,22
48,2256,-104,-84.0446428571429
48,2257,-59,-84.0446428571429
48,2258,-57,-40.9803921568627
48,2259,-8,-40.9803921568627
48,2260,-1,9.47368421052632
48,2261,2,-8.21663442940039
48,2262,1,-8.21663442940039
48,2263,41,-8.21663442940039
48,2264,119,83.6
48,2265,189,290.068965517241
48,2266,316,199.92118226601
48,2267,-379,-233.894117647059
48,2268,-133,-144.823008849558
48,2269,-9,-10.625
48,2270,-63,-8.21663442940039
48,2271,26,-40.9803921568627
48,2272,29,-19.1565217391304
48,2273,-107,-19.1565217391304
48,2274,105,-84.0446428571429
48,2275,197,324.309090909091
48,2276,-57,1.8
48,2277,43,-192.208588957055
48,2278,-34,42.202380952381
48,2279,-83,-8.21663442940039
48,2280,-56,-40.9803921568627
48,2281,-73,-40.9803921568627
48,2282,-52,-40.9803921568627
48,2283,-14,-40.9803921568627
48,2284,-9,9.47368421052632
48,2285,2,-8.21663442940039
48,2286,5,-8.21663442940039
48,2287,46,-8.21663442940039
48,2288,116,83.6
48,2289,373,290.068965517241
48,2290,252,108.369863013699
48,2291,-435,-310.585714285714
48,2292,-170,-144.823008849558
48,2293,55,-10.625
48,2294,66,9.03636363636364
48,2295,-24,9.03636363636364
48,2296,-3,-8.21663442940039
48,2297,25,-8.21663442940039
48,2298,155,134.285714285714
48,2299,420,324.309090909091
48,2300,6,-25.6071428571429
48,2301,-281,-192.208588957055
48,2302,-202,-158.6
48,2303,-60,22
48,2304,-120,-40.9803921568627
48,2305,-106,-84.0446428571429
48,2306,-65,-84.0446428571429
48,2307,-40,-40.9803921568627
48,2308,-7,-40.9803921568627
48,2309,-5,-8.21663442940039
48,2310,0,-8.21663442940039
48,2311,50,-8.21663442940039
48,2312,114,167.724137931034
48,2313,364,290.068965517241
48,2314,256,199.92118226601
48,2315,-435,-310.585714285714
48,2316,-165,-144.823008849558
48,2317,53,-10.625
48,2318,47,9.03636363636364
48,2319,46,-19.1565217391304
48,2320,-38,-19.1565217391304
48,2321,-7,-40.9803921568627
48,2322,166,134.285714285714
48,2323,519,324.309090909091
48,2324,-76,-25.6071428571429
48,2325,-297,-192.208588957055
48,2326,-186,-158.6
48,2327,-143,22
48,2328,13,-84.0446428571429
48,2329,-133,83.6
48,2330,-88,-84.0446428571429
48,2331,-17,-40.9803921568627
48,2332,-35,134.285714285714
48,2333,-2,-8.21663442940039
48,2334,-2,-8.21663442940039
48,2335,39,-8.21663442940039
48,2336,116,81
48,2337,338,290.068965517241
48,2338,254,199.92118226601
48,2339,-374,-310.585714285714
48,2340,-158,-144.823008849558
48,2341,96,-10.625
48,2342,68,9.03636363636364
48,2343,32,9.03636363636364
48,2344,-9,-19.1565217391304
48,2345,11,-8.21663442940039
48,2346,144,134.285714285714
48,2347,279,324.309090909091
48,2348,-41,-25.6071428571429
48,2349,-217,-192.208588957055
48,2350,-219,-158.6
48,2351,-57,-84.0446428571429
48,2352,-17,-40.9803921568627
48,2353,-109,-8.21663442940039
48,2354,-14,-84.0446428571429
48,2355,-48,-8.21663442940039
48,2356,-41,-40.9803921568627
48,2357,-38,-40.9803921568627
48,2358,-30,-40.9803921568627
48,2359,2,-8.21663442940039
48,2360,24,-8.21663442940039
48,2361,36,83.6
48,2362,141,83.6
48,2363,159,199.92118226601
48,2364,97,-25.6071428571429
48,2365,152,81.1
48,2366,62,24.1739130434783
48,2367,19,81.1
48,2368,-53,-19.1565217391304
48,2369,96,-40.9803921568627
48,2370,-70,9.03636363636364
48,2371,-34,-40.9803921568627
48,2372,-48,-8.21663442940039
48,2373,-191,-40.9803921568627
48,2374,-82,-84.0446428571429
48,2375,-64,-40.9803921568627
48,2376,-22,-40.9803921568627
48,2377,-68,-8.21663442940039
48,2378,9,-40.9803921568627
48,2379,-38,83.6
48,2380,-47,-40.9803921568627
48,2381,-41,-40.9803921568627
48,2382,-44,-40.9803921568627
48,2383,-4,-40.9803921568627
48,2384,10,-8.21663442940039
48,2385,41,83.6
48,2386,118,-19.1565217391304
48,2387,101,290.068965517241
48,2388,213,108.369863013699
48,2389,81,108.369863013699
48,2390,206,-192.208588957055
48,2391,-74,24.1739130434783
48,2392,-36,-192.208588957055
48,2393,-26,-40.9803921568627
48,2394,51,-8.21663442940039
48,2395,32,9.03636363636364
48,2396,-183,-19.1565217391304
48,2397,-127,-84.0446428571429
48,2398,-161,-84.0446428571429
48,2399,-56,-84.0446428571429
48,2400,-58,-40.9803921568627
48,2401,-38,-40.9803921568627
48,2402,-36,-40.9803921568627
48,2403,-46,-40.9803921568627
48,2404,-10,-40.9803921568627
48,2405,-3,-8.21663442940039
48,2406,3,-8.21663442940039
48,2407,29,-8.21663442940039
48,2408,131,83.6
48,2409,362,199.92118226601
48,2410,220,-25.6071428571429
48,2411,-422,-310.585714285714
48,2412,-130,-144.823008849558
48,2413,40,22
48,2414,104,42.202380952381
48,2415,-14,9.03636363636364
48,2416,-25,-8.21663442940039
48,2417,-3,-8.21663442940039
48,2418,216,134.285714285714
48,2419,382,324.309090909091
48,2420,-45,-25.6071428571429
48,2421,-263,-192.208588957055
48,2422,-158,-158.6
48,2423,-176,22
48,2424,-84,-84.0446428571429
48,2425,-78,-40.9803921568627
48,2426,-30,-40.9803921568627
48,2427,-51,9.47368421052632
48,2428,1,-40.9803921568627
48,2429,-9,-8.21663442940039
48,2430,4,-8.21663442940039
48,2431,38,-8.21663442940039
48,2432,147,83.6
48,2433,362,199.92118226601
48,2434,249,-25.6071428571429
48,2435,-396,-310.585714285714
48,2436,-239,-144.823008849558
48,2437,48,22
48,2438,84,9.03636363636364
48,2439,3,9.03636363636364
48,2440,-12,-8.21663442940039
48,2441,10,-8.21663442940039
48,2442,192,134.285714285714
48,2443,472,324.309090909091
48,2444,-145,-25.6071428571429
48,2445,-283,-144.823008849558
48,2446,-114,-158.6
48,2447,-128,22
48,2448,-109,-84.0446428571429
48,2449,-90,-84.0446428571429
48,2450,-58,-40.9803921568627
48,2451,-11,-40.9803921568627
48,2452,-12,9.47368421052632
48,2453,-7,-8.21663442940039
48,2454,4,-8.21663442940039
48,2455,22,-8.21663442940039
48,2456,146,83.6
48,2457,350,290.068965517241
48,2458,306,-25.6071428571429
48,2459,-504,-310.585714285714
48,2460,-149,-144.823008849558
48,2461,42,-10.625
48,2462,89,42.202380952381
48,2463,24,9.03636363636364
48,2464,-63,-19.1565217391304
48,2465,23,-40.9803921568627
48,2466,168,134.285714285714
48,2467,485,324.309090909091
48,2468,-69,-25.6071428571429
48,2469,-257,-192.208588957055
48,2470,-193,-158.6
48,2471,-74,22
48,2472,-145,-40.9803921568627
48,2473,-100,-84.0446428571429
48,2474,-50,-40.9803921568627
48,2475,-44,-40.9803921568627
48,2476,-5,-40.9803921568627
48,2477,-9,-8.21663442940039
48,2478,1,-8.21663442940039
48,2479,58,-8.21663442940039
48,2480,103,167.724137931034
48,2481,389,219.254901960784
48,2482,236,290.068965517241
48,2483,-459,-310.585714285714
48,2484,-127,-144.823008849558
48,2485,86,22
48,2486,41,9.03636363636364
48,2487,-9,-19.1565217391304
48,2488,-68,-8.21663442940039
48,2489,38,-40.9803921568627
48,2490,176,134.285714285714
48,2491,433,324.309090909091
48,2492,-6,-25.6071428571429
48,2493,-340,-192.208588957055
48,2494,-102,-158.6
48,2495,-204,-40.9803921568627
48,2496,-206,-84.0446428571429
48,2497,-2,-84.0446428571429
48,2498,-28,-8.21663442940039
48,2499,-4,9.47368421052632
48,2500,-3,9.47368421052632
48,2501,-3,-8.21663442940039
48,2502,5,-8.21663442940039
48,2503,26,-8.21663442940039
48,2504,100,83.6
48,2505,256,199.92118226601
48,2506,311,163.1
48,2507,-279,-310.585714285714
48,2508,-181,-144.823008849558
48,2509,116,-10.625
48,2510,19,9.03636363636364
48,2511,30,-19.1565217391304
48,2512,-11,-19.1565217391304
48,2513,-7,-8.21663442940039
48,2514,110,134.285714285714
48,2515,306,257.30612244898
48,2516,-141,-73.625
48,2517,-159,-144.823008849558
48,2518,-172,-158.6
48,2519,-99,-84.0446428571429
48,2520,-17,-40.9803921568627
48,2521,-30,-8.21663442940039
48,2522,-41,-8.21663442940039
48,2523,-48,-40.9803921568627
48,2524,-9,-40.9803921568627
48,2525,-63,-8.21663442940039
48,2526,-15,-40.9803921568627
48,2527,1,-8.21663442940039
48,2528,22,-8.21663442940039
48,2529,36,83.6
48,2530,138,83.6
48,2531,121,199.92118226601
48,2532,140,-25.6071428571429
48,2533,191,108.369863013699
48,2534,19,-143.307692307692
48,2535,4,-192.208588957055
48,2536,64,-8.21663442940039
48,2537,-23,9.03636363636364
48,2538,-5,-8.21663442940039
48,2539,-10,-8.21663442940039
48,2540,-118,-8.21663442940039
48,2541,-124,-84.0446428571429
48,2542,-155,-84.0446428571429
48,2543,-23,-84.0446428571429
48,2544,-71,-8.21663442940039
48,2545,-25,-40.9803921568627
48,2546,-49,-8.21663442940039
48,2547,-31,-40.9803921568627
48,2548,-24,-8.21663442940039
48,2549,-34,-8.21663442940039
48,2550,-51,-8.21663442940039
48,2551,3,-40.9803921568627
48,2552,12,-8.21663442940039
48,2553,35,83.6
48,2554,87,83.6
48,2555,141,199.92118226601
48,2556,194,108.369863013699
48,2557,112,-143.307692307692
48,2558,89,-192.208588957055
48,2559,-86,24.1739130434783
48,2560,18,-40.9803921568627
48,2561,37,-19.1565217391304
48,2562,-1,-19.1565217391304
48,2563,-73,-8.21663442940039
48,2564,-174,-40.9803921568627
48,2565,-144,-84.0446428571429
48,2566,-63,-84.0446428571429
48,2567,-71,-40.9803921568627
48,2568,-32,-40.9803921568627
48,2569,-34,-8.21663442940039
48,2570,-12,-8.21663442940039
48,2571,-27,-8.21663442940039
48,2572,-6,-8.21663442940039
48,2573,-5,-8.21663442940039
48,2574,3,-8.21663442940039
48,2575,26,-8.21663442940039
48,2576,119,83.6
48,2577,328,199.92118226601
48,2578,301,199.92118226601
48,2579,-444,-310.585714285714
48,2580,-161,-144.823008849558
48,2581,93,-10.625
48,2582,51,9.03636363636364
48,2583,-18,9.03636363636364
48,2584,-61,-8.21663442940039
48,2585,85,-40.9803921568627
48,2586,130,169.685714285714
48,2587,397,324.309090909091
48,2588,-243,-143.307692307692
48,2589,-97,-144.823008849558
48,2590,-254,-158.6
48,2591,-44,-84.0446428571429
48,2592,-11,-40.9803921568627
48,2593,-102,-8.21663442940039
48,2594,-74,-40.9803921568627
48,2595,-20,-40.9803921568627
48,2596,-9,134.285714285714
48,2597,3,-8.21663442940039
48,2598,5,-8.21663442940039
48,2599,33,-8.21663442940039
48,2600,136,83.6
48,2601,81,290.068965517241
48,2602,-126,-25.6071428571429
48,2603,-48,-84.0446428571429
48,2604,-41,-40.9803921568627
48,2605,54,-40.9803921568627
48,2606,5,9.03636363636364
48,2607,50,-8.21663442940039
48,2608,9,-139.6
48,2609,46,81
48,2610,165,42.202380952381
48,2611,341,169.685714285714
48,2612,-28,-233.894117647059
48,2613,-292,-192.208588957055
48,2614,-89,-158.6
48,2615,-17,-40.9803921568627
48,2616,-49,-8.21663442940039
48,2617,-142,-40.9803921568627
48,2618,-46,-84.0446428571429
48,2619,-33,-40.9803921568627
48,2620,-10,9.47368421052632
48,2621,-2,-8.21663442940039
48,2622,4,-8.21663442940039
48,2623,23,-8.21663442940039
48,2624,143,83.6
48,2625,338,290.068965517241
48,2626,294,-25.6071428571429
48,2627,-447,-310.585714285714
48,2628,-187,-144.823008849558
48,2629,55,-10.625
48,2630,128,9.03636363636364
48,2631,-79,9.03636363636364
48,2632,-28,-160.5
48,2633,68,-8.21663442940039
48,2634,159,169.685714285714
48,2635,439,324.309090909091
48,2636,-107,-233.894117647059
48,2637,-217,-144.823008849558
48,2638,-96,-158.6
48,2639,-288,-40.9803921568627
48,2640,32,-84.0446428571429
48,2641,-21,-19.1565217391304
48,2642,-144,-8.21663442940039
48,2643,-51,-84.0446428571429
48,2644,-12,-40.9803921568627
48,2645,-2,-8.21663442940039
48,2646,-1,-8.21663442940039
48,2647,29,-8.21663442940039
48,2648,94,-19.1565217391304
48,2649,258,219.254901960784
48,2650,347,290.068965517241
48,2651,-379,-310.585714285714
48,2652,-182,-144.823008849558
48,2653,37,-10.625
48,2654,74,42.202380952381
48,2655,6,9.03636363636364
48,2656,-27,-8.21663442940039
48,2657,58,-8.21663442940039
48,2658,172,169.685714285714
48,2659,404,324.309090909091
48,2660,-14,-233.894117647059
48,2661,-353,-192.208588957055
48,2662,-93,-158.6
48,2663,-120,-40.9803921568627
48,2664,-89,-84.0446428571429
48,2665,-77,-40.9803921568627
48,2666,-53,-40.9803921568627
48,2667,-56,-40.9803921568627
48,2668,-35,-40.9803921568627
48,2669,5,-8.21663442940039
48,2670,-5,-8.21663442940039
48,2671,30,-8.21663442940039
48,2672,96,83.6
48,2673,291,169.685714285714
48,2674,357,290.068965517241
48,2675,-401,-310.585714285714
48,2676,-124,-144.823008849558
48,2677,44,-158.6
48,2678,164,42.202380952381
48,2679,-44,-73.625
48,2680,-24,-160.5
48,2681,70,-8.21663442940039
48,2682,164,169.685714285714
48,2683,266,324.309090909091
48,2684,-139,-233.894117647059
48,2685,-261,-144.823008849558
48,2686,-128,-158.6
48,2687,-105,22
48,2688,-3,-84.0446428571429
48,2689,-93,-8.21663442940039
48,2690,20,-40.9803921568627
48,2691,-50,9.47368421052632
48,2692,-66,-40.9803921568627
48,2693,-19,-40.9803921568627
48,2694,-45,-8.21663442940039
48,2695,-1,-40.9803921568627
48,2696,20,-8.21663442940039
48,2697,54,42.202380952381
48,2698,122,167.724137931034
48,2699,189,290.068965517241
48,2700,144,108.369863013699
48,2701,108,-233.894117647059
48,2702,96,81.1
48,2703,-33,-75.8461538461538
48,2704,-134,-8.21663442940039
48,2705,44,-84.0446428571429
48,2706,39,-19.1565217391304
48,2707,-49,-19.1565217391304
48,2708,-115,-40.9803921568627
48,2709,-154,-84.0446428571429
48,2710,-94,-84.0446428571429
48,2711,-32,-40.9803921568627
48,2712,-30,-8.21663442940039
48,2713,-6,-8.21663442940039
48,2714,-52,-8.21663442940039
48,2715,-18,-40.9803921568627
48,2716,-35,-8.21663442940039
48,2717,-52,-8.21663442940039
48,2718,-11,-40.9803921568627
48,2719,-1,-8.21663442940039
48,2720,13,-8.21663442940039
48,2721,12,83.6
48,2722,27,42.202380952381
48,2723,24,83.6
48,2724,99,83.6
48,2725,151,1.8
48,2726,56,-73.625
48,2727,-72,81.1
48,2728,-6,-40.9803921568627
48,2729,-8,-8.21663442940039
48,2730,27,-8.21663442940039
48,2731,-176,-19.1565217391304
48,2732,-51,-84.0446428571429
48,2733,8,-40.9803921568627
48,2734,2,-8.21663442940039
48,2735,-3,-8.21663442940039
48,2736,-34,-8.21663442940039
48,2737,1,-8.21663442940039
48,2738,-29,-8.21663442940039
48,2739,-14,-8.21663442940039
48,2740,-22,-8.21663442940039
48,2741,-5,-8.21663442940039
48,2742,-3,-8.21663442940039
48,2743,12,-8.21663442940039
48,2744,40,42.202380952381
48,2745,95,83.6
48,2746,243,199.92118226601
48,2747,-65,108.369863013699
48,2748,-34,-192.208588957055
48,2749,10,-8.21663442940039
48,2750,33,42.202380952381
48,2751,64,-19.1565217391304
48,2752,15,9.03636363636364
48,2753,-50,-19.1565217391304
48,2754,7,-40.9803921568627
48,2755,120,134.285714285714
48,2756,-41,9.03636363636364
48,2757,-85,-40.9803921568627
48,2758,-144,-40.9803921568627
48,2759,-76,-84.0446428571429
48,2760,-44,-40.9803921568627
48,2761,-38,-40.9803921568627
48,2762,-38,-40.9803921568627
48,2763,-18,-40.9803921568627
48,2764,-6,-8.21663442940039
48,2765,-4,-8.21663442940039
48,2766,4,-8.21663442940039
48,2767,12,-8.21663442940039
48,2768,124,83.6
48,2769,219,199.92118226601
48,2770,351,199.92118226601
48,2771,-331,-310.585714285714
48,2772,-218,-144.823008849558
48,2773,29,-10.625
48,2774,67,42.202380952381
48,2775,-22,9.03636363636364
48,2776,6,-8.21663442940039
48,2777,10,-8.21663442940039
48,2778,170,134.285714285714
48,2779,382,324.309090909091
48,2780,-22,-25.6071428571429
48,2781,-270,-192.208588957055
48,2782,-154,-158.6
48,2783,-135,22
48,2784,-63,-84.0446428571429
48,2785,-78,-40.9803921568627
48,2786,-51,-40.9803921568627
48,2787,-25,-40.9803921568627
48,2788,0,9.47368421052632
48,2789,-2,-8.21663442940039
48,2790,0,-8.21663442940039
48,2791,34,-8.21663442940039
48,2792,135,83.6
48,2793,332,290.068965517241
48,2794,332,-25.6071428571429
48,2795,-473,-310.585714285714
48,2796,-149,-144.823008849558
48,2797,74,-10.625
48,2798,99,9.03636363636364
48,2799,-93,9.03636363636364
48,2800,-26,-40.9803921568627
48,2801,48,-8.21663442940039
48,2802,247,169.685714285714
48,2803,382,324.309090909091
48,2804,-104,-310.585714285714
48,2805,-278,-144.823008849558
48,2806,-174,-158.6
48,2807,-123,22
48,2808,-72,-84.0446428571429
48,2809,-61,-40.9803921568627
48,2810,-94,-40.9803921568627
48,2811,-31,-40.9803921568627
48,2812,0,9.47368421052632
48,2813,-8,-8.21663442940039
48,2814,7,-8.21663442940039
48,2815,32,-8.21663442940039
48,2816,117,83.6
48,2817,319,290.068965517241
48,2818,320,108.369863013699
48,2819,-443,-310.585714285714
48,2820,-151,-144.823008849558
48,2821,47,-10.625
48,2822,75,-19.1565217391304
48,2823,-35,9.03636363636364
48,2824,57,-8.21663442940039
48,2825,112,-139.6
48,2826,21,169.685714285714
48,2827,346,9.47368421052632
48,2828,-135,-139.6
48,2829,51,-25.6071428571429
48,2830,-328,108.369863013699
48,2831,-155,-84.0446428571429
48,2832,-83,22
48,2833,9,-40.9803921568627
48,2834,-118,-19.1565217391304
48,2835,-31,-84.0446428571429
48,2836,-21,9.47368421052632
48,2837,-10,-8.21663442940039
48,2838,2,-8.21663442940039
48,2839,27,-8.21663442940039
48,2840,108,83.6
48,2841,249,219.254901960784
48,2842,353,199.92118226601
48,2843,-345,-310.585714285714
48,2844,-125,-144.823008849558
48,2845,38,-10.625
48,2846,74,42.202380952381
48,2847,-6,9.03636363636364
48,2848,-10,-8.21663442940039
48,2849,84,-8.21663442940039
48,2850,65,169.685714285714
48,2851,317,324.309090909091
48,2852,-195,-139.6
48,2853,-149,-144.823008849558
48,2854,-185,-158.6
48,2855,-118,-84.0446428571429
48,2856,-30,-84.0446428571429
48,2857,-60,-8.21663442940039
48,2858,149,-40.9803921568627
48,2859,-103,290.068965517241
48,2860,-79,-25.6071428571429
48,2861,-52,-40.9803921568627
48,2862,-4,-40.9803921568627
48,2863,0,-8.21663442940039
48,2864,17,-8.21663442940039
48,2865,42,83.6
48,2866,104,81
48,2867,92,219.254901960784
48,2868,81,108.369863013699
48,2869,180,24.1739130434783
48,2870,46,24.1739130434783
48,2871,97,-192.208588957055
48,2872,-73,-75.8461538461538
48,2873,18,-40.9803921568627
48,2874,22,-19.1565217391304
48,2875,-109,-19.1565217391304
48,2876,-55,-84.0446428571429
48,2877,-141,-40.9803921568627
48,2878,-77,-84.0446428571429
48,2879,-51,-40.9803921568627
48,2880,-15,-40.9803921568627
48,2881,-64,-8.21663442940039
48,2882,-14,-40.9803921568627
48,2883,1,-8.21663442940039
48,2884,-46,-8.21663442940039
48,2885,-38,-40.9803921568627
48,2886,-16,-40.9803921568627
48,2887,-1,-8.21663442940039
48,2888,13,-8.21663442940039
48,2889,27,83.6
48,2890,81,83.6
48,2891,91,167.724137931034
48,2892,205,108.369863013699
48,2893,66,108.369863013699
48,2894,68,-192.208588957055
48,2895,57,24.1739130434783
48,2896,-2,-75.8461538461538
48,2897,-49,-8.21663442940039
48,2898,13,-40.9803921568627
48,2899,-42,-19.1565217391304
48,2900,-86,-40.9803921568627
48,2901,-117,-40.9803921568627
48,2902,-90,-84.0446428571429
48,2903,-50,-40.9803921568627
48,2904,-71,-40.9803921568627
48,2905,-20,-40.9803921568627
48,2906,-57,-8.21663442940039
48,2907,-19,-40.9803921568627
48,2908,-23,-8.21663442940039
48,2909,-2,-8.21663442940039
48,2910,6,-8.21663442940039
48,2911,30,-8.21663442940039
48,2912,107,83.6
48,2913,329,219.254901960784
48,2914,261,108.369863013699
48,2915,-378,-310.585714285714
48,2916,-191,-144.823008849558
48,2917,95,-10.625
48,2918,21,9.03636363636364
48,2919,-138,-19.1565217391304
48,2920,39,-84.0446428571429
48,2921,75,-19.1565217391304
48,2922,187,169.685714285714
48,2923,319,324.309090909091
48,2924,-174,-233.894117647059
48,2925,-353,-144.823008849558
48,2926,17,-158.6
48,2927,-50,42.202380952381
48,2928,-80,-40.9803921568627
48,2929,-45,-40.9803921568627
48,2930,-33,-40.9803921568627
48,2931,-35,9.47368421052632
48,2932,-10,9.47368421052632
48,2933,-1,-8.21663442940039
48,2934,5,-8.21663442940039
48,2935,45,-8.21663442940039
48,2936,120,83.6
48,2937,353,199.92118226601
48,2938,310,108.369863013699
48,2939,-480,-310.585714285714
48,2940,-133,-144.823008849558
48,2941,6,-10.625
48,2942,97,-8.21663442940039
48,2943,3,9.03636363636364
48,2944,-20,-8.21663442940039
48,2945,38,-8.21663442940039
48,2946,100,134.285714285714
48,2947,497,324.309090909091
48,2948,-105,-139.6
48,2949,-307,-144.823008849558
48,2950,-99,-158.6
48,2951,-237,-40.9803921568627
48,2952,-14,-84.0446428571429
48,2953,18,-8.21663442940039
48,2954,-150,-19.1565217391304
48,2955,-32,-84.0446428571429
48,2956,-1,134.285714285714
48,2957,-9,-8.21663442940039
48,2958,-3,-8.21663442940039
48,2959,37,-8.21663442940039
48,2960,137,83.6
48,2961,286,290.068965517241
48,2962,353,-25.6071428571429
48,2963,-435,-310.585714285714
48,2964,-154,-144.823008849558
48,2965,6,-10.625
48,2966,98,-8.21663442940039
48,2967,-22,9.03636363636364
48,2968,-40,-8.21663442940039
48,2969,31,-40.9803921568627
48,2970,165,134.285714285714
48,2971,422,324.309090909091
48,2972,-4,-25.6071428571429
48,2973,-368,-192.208588957055
48,2974,-102,-158.6
48,2975,-85,-40.9803921568627
48,2976,-114,-40.9803921568627
48,2977,-116,-84.0446428571429
48,2978,-42,-84.0446428571429
48,2979,-43,-40.9803921568627
48,2980,0,-40.9803921568627
48,2981,-9,-8.21663442940039
48,2982,0,-8.21663442940039
48,2983,37,-8.21663442940039
48,2984,111,83.6
48,2985,355,199.92118226601
48,2986,326,290.068965517241
48,2987,-447,-310.585714285714
48,2988,-169,-144.823008849558
48,2989,50,-10.625
48,2990,109,9.03636363636364
48,2991,-45,9.03636363636364
48,2992,-47,-40.9803921568627
48,2993,68,-40.9803921568627
48,2994,97,169.685714285714
48,2995,440,324.309090909091
48,2996,-102,-139.6
48,2997,-275,-144.823008849558
48,2998,-126,-158.6
48,2999,-104,22
48,3000,-54,-84.0446428571429
48,3001,-112,-40.9803921568627
48,3002,-61,-84.0446428571429
48,3003,-40,-40.9803921568627
48,3004,-6,-40.9803921568627
48,3005,-5,-8.21663442940039
48,3006,1,-8.21663442940039
48,3007,30,-8.21663442940039
48,3008,95,83.6
48,3009,23,219.254901960784
48,3010,313,83.6
48,3011,-78,-139.6
48,3012,-165,-25.6071428571429
48,3013,28,-10.625
48,3014,80,42.202380952381
48,3015,43,9.03636363636364
48,3016,-10,-19.1565217391304
48,3017,30,-8.21663442940039
48,3018,170,81
48,3019,-140,169.685714285714
48,3020,-192,-25.6071428571429
48,3021,-1,-84.0446428571429
48,3022,-3,-8.21663442940039
48,3023,-23,-8.21663442940039
48,3024,-16,-8.21663442940039
48,3025,-59,-8.21663442940039
48,3026,-8,-40.9803921568627
48,3027,-28,9.47368421052632
48,3028,-17,-8.21663442940039
48,3029,-49,-8.21663442940039
48,3030,-11,-40.9803921568627
48,3031,-5,-8.21663442940039
48,3032,18,-8.21663442940039
48,3033,34,83.6
48,3034,128,83.6
48,3035,170,199.92118226601
48,3036,60,-25.6071428571429
48,3037,189,81.1
48,3038,91,24.1739130434783
48,3039,11,-192.208588957055
48,3040,-3,-19.1565217391304
48,3041,0,-8.21663442940039
48,3042,-20,-8.21663442940039
48,3043,40,-8.21663442940039
48,3044,-210,134.285714285714
48,3045,-176,-84.0446428571429
48,3046,-86,-84.0446428571429
48,3047,37,-40.9803921568627
48,3048,-94,42.202380952381
48,3049,-39,-40.9803921568627
48,3050,-9,-40.9803921568627
48,3051,-37,-8.21663442940039
48,3052,15,-40.9803921568627
48,3053,-91,83.6
48,3054,-20,-40.9803921568627
48,3055,-11,-8.21663442940039
48,3056,16,-8.21663442940039
48,3057,30,83.6
48,3058,87,83.6
48,3059,126,163.1
48,3060,174,108.369863013699
48,3061,104,108.369863013699
48,3062,128,81.1
48,3063,-49,-75.8461538461538
48,3064,14,-111.92
48,3065,-17,-19.1565217391304
48,3066,-32,-8.21663442940039
48,3067,-100,-8.21663442940039
48,3068,-78,-40.9803921568627
48,3069,-147,-40.9803921568627
48,3070,-71,-84.0446428571429
48,3071,-29,-40.9803921568627
48,3072,-53,-8.21663442940039
48,3073,-47,-40.9803921568627
48,3074,-35,-40.9803921568627
48,3075,-20,-8.21663442940039
48,3076,-6,-8.21663442940039
48,3077,1,-8.21663442940039
48,3078,1,-8.21663442940039
48,3079,39,-8.21663442940039
48,3080,98,83.6
48,3081,308,199.92118226601
48,3082,276,199.92118226601
48,3083,-368,-310.585714285714
48,3084,-148,-144.823008849558
48,3085,-1,-10.625
48,3086,72,-8.21663442940039
48,3087,32,9.03636363636364
48,3088,-33,-19.1565217391304
48,3089,14,-8.21663442940039
48,3090,228,134.285714285714
48,3091,398,324.309090909091
48,3092,-136,-25.6071428571429
48,3093,-272,-144.823008849558
48,3094,-111,-158.6
48,3095,-229,22
48,3096,9,-84.0446428571429
48,3097,-20,-19.1565217391304
48,3098,-126,-8.21663442940039
48,3099,-20,-84.0446428571429
48,3100,-10,134.285714285714
48,3101,-6,-8.21663442940039
48,3102,6,-8.21663442940039
48,3103,43,-8.21663442940039
48,3104,108,-19.1565217391304
48,3105,373,219.254901960784
48,3106,230,108.369863013699
48,3107,-427,-310.585714285714
48,3108,-113,-144.823008849558
48,3109,32,22
48,3110,125,-19.1565217391304
48,3111,-75,9.03636363636364
48,3112,-7,-40.9803921568627
48,3113,50,-8.21663442940039
48,3114,195,169.685714285714
48,3115,397,324.309090909091
48,3116,-112,-233.894117647059
48,3117,-344,-144.823008849558
48,3118,-103,-158.6
48,3119,-84,22
48,3120,-101,-40.9803921568627
48,3121,-83,-40.9803921568627
48,3122,-65,-40.9803921568627
48,3123,-19,-40.9803921568627
48,3124,-21,9.47368421052632
48,3125,-2,-8.21663442940039
48,3126,2,-8.21663442940039
48,3127,47,-8.21663442940039
48,3128,120,83.6
48,3129,353,290.068965517241
48,3130,275,199.92118226601
48,3131,-428,-310.585714285714
48,3132,-202,-144.823008849558
48,3133,65,-10.625
48,3134,80,9.03636363636364
48,3135,-10,9.03636363636364
48,3136,-5,-8.21663442940039
48,3137,7,-8.21663442940039
48,3138,224,134.285714285714
48,3139,431,324.309090909091
48,3140,-105,-25.6071428571429
48,3141,-286,-144.823008849558
48,3142,-131,-158.6
48,3143,-128,22
48,3144,-75,-84.0446428571429
48,3145,-115,-40.9803921568627
48,3146,-47,-84.0446428571429
48,3147,-48,-40.9803921568627
48,3148,-10,-40.9803921568627
48,3149,-10,-8.21663442940039
48,3150,-3,-8.21663442940039
48,3151,50,-8.21663442940039
48,3152,116,167.724137931034
48,3153,324,290.068965517241
48,3154,284,290.068965517241
48,3155,-436,-310.585714285714
48,3156,-118,-144.823008849558
48,3157,13,-10.625
48,3158,81,42.202380952381
48,3159,-6,9.03636363636364
48,3160,-28,-8.21663442940039
48,3161,20,-8.21663442940039
48,3162,194,134.285714285714
48,3163,387,324.309090909091
48,3164,-77,-25.6071428571429
48,3165,-267,-192.208588957055
48,3166,-195,-158.6
48,3167,-76,22
48,3168,-64,-40.9803921568627
48,3169,-72,-40.9803921568627
48,3170,-64,-40.9803921568627
48,3171,-35,-40.9803921568627
48,3172,-17,9.47368421052632
48,3173,-6,-8.21663442940039
48,3174,-8,-8.21663442940039
48,3175,45,-8.21663442940039
48,3176,94,83.6
48,3177,277,219.254901960784
48,3178,313,199.92118226601
48,3179,-331,-310.585714285714
48,3180,-206,-144.823008849558
48,3181,93,-10.625
48,3182,102,9.03636363636364
48,3183,-55,9.03636363636364
48,3184,14,-40.9803921568627
48,3185,97,-19.1565217391304
48,3186,134,169.685714285714
48,3187,235,324.309090909091
48,3188,-152,-143.307692307692
48,3189,-194,-144.823008849558
48,3190,-160,-84.0446428571429
48,3191,-19,-84.0446428571429
48,3192,-75,-8.21663442940039
48,3193,-39,-40.9803921568627
48,3194,-36,-40.9803921568627
48,3195,4,-40.9803921568627
48,3196,-56,9.47368421052632
48,3197,-64,-40.9803921568627
48,3198,-13,-40.9803921568627
48,3199,-4,-8.21663442940039
48,3200,22,-8.21663442940039
48,3201,55,83.6
48,3202,127,163.1
48,3203,115,290.068965517241
48,3204,151,81.1
48,3205,106,108.369863013699
48,3206,83,81.1
48,3207,92,-75.8461538461538
48,3208,-10,-75.8461538461538
48,3209,-39,-8.21663442940039
48,3210,-99,-40.9803921568627
48,3211,6,-40.9803921568627
48,3212,-162,-8.21663442940039
48,3213,-156,-84.0446428571429
48,3214,-4,-84.0446428571429
48,3215,-87,-8.21663442940039
48,3216,-52,-40.9803921568627
48,3217,10,-40.9803921568627
48,3218,-50,83.6
48,3219,16,-40.9803921568627
48,3220,-17,42.202380952381
48,3221,-37,-8.21663442940039
48,3222,-59,-40.9803921568627
48,3223,8,-40.9803921568627
48,3224,11,-8.21663442940039
48,3225,26,-19.1565217391304
48,3226,108,42.202380952381
48,3227,157,169.685714285714
48,3228,104,108.369863013699
48,3229,28,81.1
48,3230,29,83.6
48,3231,-100,-19.1565217391304
48,3232,11,-40.9803921568627
48,3233,-101,-19.1565217391304
48,3234,-8,-40.9803921568627
48,3235,-68,-8.21663442940039
48,3236,-71,-40.9803921568627
48,3237,-100,-40.9803921568627
48,3238,1,-40.9803921568627
48,3239,-9,-8.21663442940039
48,3240,-9,-8.21663442940039
48,3241,-23,-8.21663442940039
48,3242,8,-8.21663442940039
48,3243,94,-8.21663442940039
48,3244,10,219.254901960784
48,3245,-2,83.6
48,3246,-26,-8.21663442940039
48,3247,26,-8.21663442940039
48,3248,19,42.202380952381
48,3249,-28,42.202380952381
48,3250,-34,-8.21663442940039
48,3251,-17,-8.21663442940039
48,3252,2,-8.21663442940039
48,3253,-27,-8.21663442940039
48,3254,-23,-8.21663442940039
48,3255,-8,-8.21663442940039
48,3256,-1,-8.21663442940039
48,3257,-4,-8.21663442940039
48,3258,2,-8.21663442940039
48,3259,19,-8.21663442940039
48,3260,92,83.6
48,3261,221,199.92118226601
48,3262,284,199.92118226601
48,3263,-324,-310.585714285714
48,3264,-129,-144.823008849558
48,3265,21,-10.625
48,3266,52,42.202380952381
48,3267,-28,9.03636363636364
48,3268,11,-8.21663442940039
48,3269,6,-19.1565217391304
48,3270,194,134.285714285714
48,3271,299,324.309090909091
48,3272,-139,-25.6071428571429
48,3273,-174,-144.823008849558
48,3274,-142,-158.6
48,3275,-76,-84.0446428571429
48,3276,-27,-40.9803921568627
48,3277,-64,-8.21663442940039
48,3278,-41,-40.9803921568627
48,3279,-30,-40.9803921568627
48,3280,-10,9.47368421052632
48,3281,-5,-8.21663442940039
48,3282,-5,-8.21663442940039
48,3283,30,-8.21663442940039
48,3284,108,83.6
48,3285,272,199.92118226601
48,3286,260,199.92118226601
48,3287,-349,-310.585714285714
48,3288,-185,-144.823008849558
48,3289,24,-10.625
48,3290,51,42.202380952381
48,3291,27,9.03636363636364
48,3292,-63,-19.1565217391304
48,3293,29,-40.9803921568627
48,3294,130,134.285714285714
48,3295,345,324.309090909091
48,3296,-11,-25.6071428571429
48,3297,-226,-192.208588957055
48,3298,-156,-158.6
48,3299,-29,-84.0446428571429
48,3300,-65,-8.21663442940039
48,3301,-82,-40.9803921568627
48,3302,-70,-40.9803921568627
48,3303,-26,-40.9803921568627
48,3304,-14,9.47368421052632
48,3305,-7,-8.21663442940039
48,3306,4,-8.21663442940039
48,3307,19,-8.21663442940039
48,3308,96,83.6
48,3309,235,219.254901960784
48,3310,330,199.92118226601
48,3311,-305,-310.585714285714
48,3312,-178,-144.823008849558
48,3313,17,-10.625
48,3314,71,42.202380952381
48,3315,2,9.03636363636364
48,3316,-32,-8.21663442940039
48,3317,44,-8.21663442940039
48,3318,115,134.285714285714
48,3319,217,324.309090909091
48,3320,-116,-139.6
48,3321,-148,-144.823008849558
48,3322,-153,-84.0446428571429
48,3323,-65,-84.0446428571429
48,3324,-7,-40.9803921568627
48,3325,-30,-8.21663442940039
48,3326,-11,-8.21663442940039
48,3327,-19,-8.21663442940039
48,3328,-43,134.285714285714
48,3329,-18,-40.9803921568627
48,3330,-12,-8.21663442940039
48,3331,-7,-8.21663442940039
48,3332,12,-8.21663442940039
48,3333,38,42.202380952381
48,3334,83,83.6
48,3335,77,219.254901960784
48,3336,109,108.369863013699
48,3337,12,108.369863013699
48,3338,54,83.6
48,3339,55,24.1739130434783
48,3340,6,9.03636363636364
48,3341,-7,-8.21663442940039
48,3342,-48,-8.21663442940039
48,3343,10,-40.9803921568627
48,3344,-113,-19.1565217391304
48,3345,-58,-84.0446428571429
48,3346,-58,-40.9803921568627
48,3347,-15,-40.9803921568627
48,3348,-20,-8.21663442940039
48,3349,2,-8.21663442940039
48,3350,-46,-8.21663442940039
48,3351,63,-40.9803921568627
48,3352,-128,167.724137931034
48,3353,-26,-84.0446428571429
48,3354,-2,-8.21663442940039
48,3355,-4,-8.21663442940039
48,3356,11,-8.21663442940039
48,3357,34,83.6
48,3358,99,42.202380952381
48,3359,68,219.254901960784
48,3360,143,108.369863013699
48,3361,85,24.1739130434783
48,3362,59,81.1
48,3363,-11,24.1739130434783
48,3364,16,-8.21663442940039
48,3365,-60,-19.1565217391304
48,3366,-14,-40.9803921568627
48,3367,-108,-8.21663442940039
48,3368,-90,-84.0446428571429
48,3369,-10,-40.9803921568627
48,3370,-86,-8.21663442940039
48,3371,-54,-40.9803921568627
48,3372,-8,-40.9803921568627
48,3373,-26,-8.21663442940039
48,3374,-30,-8.21663442940039
48,3375,-15,-8.21663442940039
48,3376,-2,-8.21663442940039
48,3377,-2,-8.21663442940039
48,3378,12,-8.21663442940039
48,3379,23,83.6
48,3380,100,83.6
48,3381,322,199.92118226601
48,3382,187,108.369863013699
48,3383,-391,-310.585714285714
48,3384,-115,-144.823008849558
48,3385,8,22
48,3386,94,-8.21663442940039
48,3387,-22,9.03636363636364
48,3388,-26,-8.21663442940039
48,3389,35,-8.21663442940039
48,3390,129,134.285714285714
48,3391,278,324.309090909091
48,3392,-96,-25.6071428571429
48,3393,-170,-144.823008849558
48,3394,-131,-158.6
48,3395,-89,-84.0446428571429
48,3396,-37,-40.9803921568627
48,3397,-62,-40.9803921568627
48,3398,-34,-40.9803921568627
48,3399,-11,-8.21663442940039
48,3400,-6,9.47368421052632
48,3401,2,-8.21663442940039
48,3402,3,-8.21663442940039
48,3403,34,-8.21663442940039
48,3404,108,83.6
48,3405,238,199.92118226601
48,3406,201,199.92118226601
48,3407,-225,-310.585714285714
48,3408,-133,-144.823008849558
48,3409,-14,-84.0446428571429
48,3410,32,-8.21663442940039
48,3411,30,-19.1565217391304
48,3412,-38,-19.1565217391304
48,3413,32,-40.9803921568627
48,3414,130,134.285714285714
48,3415,225,257.30612244898
48,3416,-130,-25.6071428571429
48,3417,-126,-144.823008849558
48,3418,-143,-84.0446428571429
48,3419,-77,-84.0446428571429
48,3420,2,-40.9803921568627
48,3421,52,-8.21663442940039
48,3422,78,163.1
48,3423,-191,167.724137931034
48,3424,-18,-84.0446428571429
48,3425,-63,-8.21663442940039
48,3426,-2,-40.9803921568627
48,3427,18,-8.21663442940039
48,3428,91,83.6
48,3429,201,163.1
48,3430,282,290.068965517241
48,3431,-233,-233.894117647059
48,3432,-190,-144.823008849558
48,3433,-31,-10.625
48,3434,65,-8.21663442940039
48,3435,-31,9.03636363636364
48,3436,-20,-8.21663442940039
48,3437,37,-8.21663442940039
48,3438,75,134.285714285714
48,3439,244,257.30612244898
48,3440,-52,199.92118226601
48,3441,-146,-192.208588957055
48,3442,-63,-84.0446428571429
48,3443,-130,-40.9803921568627
48,3444,-66,-84.0446428571429
48,3445,-20,-40.9803921568627
48,3446,-25,-8.21663442940039
48,3447,-3,-8.21663442940039
48,3448,-6,9.47368421052632
48,3449,4,-8.21663442940039
48,3450,25,-8.21663442940039
48,3451,89,83.6
48,3452,299,199.92118226601
48,3453,245,199.92118226601
48,3454,-393,-310.585714285714
48,3455,-114,-144.823008849558
48,3456,10,22
48,3457,64,42.202380952381
48,3458,-7,9.03636363636364
48,3459,-46,-8.21663442940039
48,3460,51,-40.9803921568627
48,3461,106,169.685714285714
48,3462,253,324.309090909091
48,3463,-85,-139.6
48,3464,-134,-144.823008849558
48,3465,-128,-158.6
48,3466,-12,-84.0446428571429
48,3467,-72,-8.21663442940039
48,3468,-74,-40.9803921568627
48,3469,-32,-40.9803921568627
48,3470,-35,-8.21663442940039
48,3471,-8,9.47368421052632
48,3472,-3,-8.21663442940039
48,3473,5,-8.21663442940039
48,3474,13,-8.21663442940039
48,3475,104,42.202380952381
48,3476,210,199.92118226601
48,3477,352,108.369863013699
48,3478,-366,-310.585714285714
48,3479,-130,-144.823008849558
48,3480,54,-10.625
48,3481,11,9.03636363636364
48,3482,37,-19.1565217391304
48,3483,-25,-19.1565217391304
48,3484,82,-8.21663442940039
48,3485,78,108.369863013699
48,3486,220,324.309090909091
48,3487,-158,-75.8461538461538
48,3488,-135,-144.823008849558
48,3489,-106,-84.0446428571429
48,3490,-56,-84.0446428571429
48,3491,-36,-40.9803921568627
48,3492,-1,-40.9803921568627
48,3493,-40,-8.21663442940039
48,3494,-46,-40.9803921568627
48,3495,-32,-40.9803921568627
48,3496,-24,-8.21663442940039
48,3497,-14,-8.21663442940039
48,3498,4,-8.21663442940039
48,3499,6,-8.21663442940039
48,3500,55,-8.21663442940039
48,3501,75,167.724137931034
48,3502,113,167.724137931034
48,3503,91,108.369863013699
48,3504,116,108.369863013699
48,3505,140,24.1739130434783
48,3506,45,24.1739130434783
48,3507,-24,81.1
48,3508,-60,-8.21663442940039
48,3509,38,-40.9803921568627
48,3510,-104,-19.1565217391304
48,3511,-142,-84.0446428571429
48,3512,-76,-84.0446428571429
48,3513,-91,-40.9803921568627
48,3514,28,-40.9803921568627
48,3515,-27,42.202380952381
48,3516,-47,-8.21663442940039
48,3517,-22,-40.9803921568627
48,3518,-16,-8.21663442940039
48,3519,-38,-8.21663442940039
48,3520,-22,-40.9803921568627
48,3521,-37,-8.21663442940039
48,3522,1,-40.9803921568627
48,3523,7,-8.21663442940039
48,3524,49,-8.21663442940039
48,3525,51,167.724137931034
48,3526,154,167.724137931034
48,3527,132,108.369863013699
48,3528,99,-233.894117647059
48,3529,81,81.1
48,3530,101,24.1739130434783
48,3531,-32,-75.8461538461538
48,3532,70,-8.21663442940039
48,3533,-71,-75.8461538461538
48,3534,-160,-40.9803921568627
48,3535,-88,-84.0446428571429
48,3536,-128,-40.9803921568627
48,3537,-77,-84.0446428571429
48,3538,-29,-40.9803921568627
48,3539,-37,-8.21663442940039
48,3540,-25,-40.9803921568627
48,3541,-60,-8.21663442940039
48,3542,-19,-40.9803921568627
48,3543,-10,-8.21663442940039
48,3544,-16,-8.21663442940039
48,3545,0,-8.21663442940039
48,3546,20,-8.21663442940039
48,3547,47,83.6
48,3548,193,83.6
48,3549,276,199.92118226601
48,3550,-143,-233.894117647059
48,3551,-131,-144.823008849558
48,3552,101,-10.625
48,3553,52,9.03636363636364
48,3554,1,9.03636363636364
48,3555,24,-8.21663442940039
48,3556,-62,-19.1565217391304
48,3557,52,-40.9803921568627
48,3558,162,167.724137931034
48,3559,-45,-73.625
48,3560,-198,-160.5
48,3561,-49,-84.0446428571429
48,3562,-149,-40.9803921568627
48,3563,-43,-84.0446428571429
48,3564,-49,-40.9803921568627
48,3565,-40,-40.9803921568627
48,3566,-18,-40.9803921568627
48,3567,6,9.47368421052632
48,3568,-6,-8.21663442940039
48,3569,4,-8.21663442940039
48,3570,9,-8.21663442940039
48,3571,32,83.6
48,3572,57,83.6
48,3573,104,167.724137931034
48,3574,-101,163.1
48,3575,-16,-40.9803921568627
48,3576,61,-8.21663442940039
48,3577,41,9.03636363636364
48,3578,22,-19.1565217391304
48,3579,-15,-19.1565217391304
48,3580,14,-8.21663442940039
48,3581,93,81
48,3582,298,169.685714285714
48,3583,-49,-73.625
48,3584,-203,-192.208588957055
48,3585,-133,-158.6
48,3586,-36,-84.0446428571429
48,3587,-52,-40.9803921568627
48,3588,-51,-40.9803921568627
48,3589,-60,-40.9803921568627
48,3590,-12,-40.9803921568627
48,3591,-11,9.47368421052632
48,3592,4,-8.21663442940039
48,3593,1,-8.21663442940039
48,3594,33,-8.21663442940039
48,3595,107,83.6
48,3596,269,219.254901960784
48,3597,276,199.92118226601
48,3598,-359,-310.585714285714
48,3599,-161,-144.823008849558
48,3600,-20,-158.6
48,3601,89,-8.21663442940039
48,3602,-26,9.03636363636364
48,3603,-33,-8.21663442940039
48,3604,79,-8.21663442940039
48,3605,61,169.685714285714
48,3606,262,324.309090909091
48,3607,-16,199.92118226601
48,3608,-171,-192.208588957055
48,3609,-129,-158.6
48,3610,-54,-84.0446428571429
48,3611,-40,-40.9803921568627
48,3612,-86,-40.9803921568627
48,3613,-53,-40.9803921568627
48,3614,-18,-40.9803921568627
48,3615,-9,9.47368421052632
48,3616,-5,-8.21663442940039
48,3617,3,-8.21663442940039
48,3618,32,-8.21663442940039
48,3619,110,83.6
48,3620,263,219.254901960784
48,3621,236,199.92118226601
48,3622,-323,-310.585714285714
48,3623,-170,-144.823008849558
48,3624,13,22
48,3625,47,42.202380952381
48,3626,4,-19.1565217391304
48,3627,-16,-8.21663442940039
48,3628,16,-8.21663442940039
48,3629,125,134.285714285714
48,3630,221,324.309090909091
48,3631,10,-73.625
48,3632,-187,-192.208588957055
48,3633,-101,-84.0446428571429
48,3634,-61,-40.9803921568627
48,3635,-71,-40.9803921568627
48,3636,-28,-40.9803921568627
48,3637,-60,-8.21663442940039
48,3638,-44,-40.9803921568627
48,3639,-12,-40.9803921568627
48,3640,-3,-8.21663442940039
48,3641,-1,-8.21663442940039
48,3642,31,-8.21663442940039
48,3643,94,83.6
48,3644,237,219.254901960784
48,3645,344,290.068965517241
48,3646,-360,-310.585714285714
48,3647,-153,-144.823008849558
48,3648,20,-10.625
48,3649,72,42.202380952381
48,3650,-12,9.03636363636364
48,3651,-27,-8.21663442940039
48,3652,16,-8.21663442940039
48,3653,116,134.285714285714
48,3654,197,324.309090909091
48,3655,-75,-73.625
48,3656,-173,-192.208588957055
48,3657,-105,-84.0446428571429
48,3658,-49,-84.0446428571429
48,3659,-16,-40.9803921568627
48,3660,-34,-8.21663442940039
48,3661,-22,-8.21663442940039
48,3662,-19,-8.21663442940039
48,3663,-38,134.285714285714
48,3664,-28,-40.9803921568627
48,3665,-14,-8.21663442940039
48,3666,4,-8.21663442940039
48,3667,10,-8.21663442940039
48,3668,57,83.6
48,3669,90,167.724137931034
48,3670,80,199.92118226601
48,3671,72,108.369863013699
48,3672,103,108.369863013699
48,3673,53,24.1739130434783
48,3674,49,24.1739130434783
48,3675,30,-75.8461538461538
48,3676,-6,-19.1565217391304
48,3677,-80,-8.21663442940039
48,3678,-66,-40.9803921568627
48,3679,-132,-40.9803921568627
48,3680,-18,-84.0446428571429
48,3681,-81,-8.21663442940039
48,3682,-33,-40.9803921568627
48,3683,6,-8.21663442940039
48,3684,-12,-8.21663442940039
48,3685,-4,-8.21663442940039
48,3686,-34,-8.21663442940039
48,3687,-22,-8.21663442940039
48,3688,-27,-8.21663442940039
48,3689,-34,-8.21663442940039
48,3690,0,-8.21663442940039
48,3691,3,-8.21663442940039
48,3692,27,-8.21663442940039
48,3693,77,42.202380952381
48,3694,85,167.724137931034
48,3695,125,199.92118226601
48,3696,30,108.369863013699
48,3697,83,83.6
48,3698,5,24.1739130434783
48,3699,-19,-8.21663442940039
48,3700,-21,-8.21663442940039
48,3701,-35,-8.21663442940039
48,3702,-92,-8.21663442940039
48,3703,-4,-40.9803921568627
48,3704,-66,-8.21663442940039
48,3705,-81,-40.9803921568627
48,3706,-19,-40.9803921568627
48,3707,-36,-8.21663442940039
48,3708,-15,-40.9803921568627
48,3709,-32,-8.21663442940039
48,3710,-8,-8.21663442940039
48,3711,-14,-8.21663442940039
48,3712,-3,-8.21663442940039
48,3713,10,-8.21663442940039
48,3714,27,83.6
48,3715,92,83.6
48,3716,255,199.92118226601
48,3717,277,1.8
48,3718,-385,-310.585714285714
48,3719,-139,-144.823008849558
48,3720,58,-10.625
48,3721,45,9.03636363636364
48,3722,9,-19.1565217391304
48,3723,-34,-19.1565217391304
48,3724,40,-8.21663442940039
48,3725,123,134.285714285714
48,3726,239,324.309090909091
48,3727,-39,-75.8461538461538
48,3728,-174,-192.208588957055
48,3729,-147,-84.0446428571429
48,3730,-56,-84.0446428571429
48,3731,-90,-40.9803921568627
48,3732,-39,-40.9803921568627
48,3733,-45,-40.9803921568627
48,3734,-16,-40.9803921568627
48,3735,-8,9.47368421052632
48,3736,-3,-8.21663442940039
48,3737,4,-8.21663442940039
48,3738,28,-8.21663442940039
48,3739,114,83.6
48,3740,270,290.068965517241
48,3741,247,199.92118226601
48,3742,-339,-310.585714285714
48,3743,-150,-144.823008849558
48,3744,29,22
48,3745,108,42.202380952381
48,3746,-46,9.03636363636364
48,3747,-43,-40.9803921568627
48,3748,63,-40.9803921568627
48,3749,108,169.685714285714
48,3750,195,324.309090909091
48,3751,-40,-139.6
48,3752,-166,-192.208588957055
48,3753,-149,-84.0446428571429
48,3754,-78,-84.0446428571429
48,3755,-35,-40.9803921568627
48,3756,-39,-8.21663442940039
48,3757,-57,-40.9803921568627
48,3758,-12,-40.9803921568627
48,3759,-6,9.47368421052632
48,3760,-6,-8.21663442940039
48,3761,8,-8.21663442940039
48,3762,19,-8.21663442940039
48,3763,72,83.6
48,3764,172,167.724137931034
48,3765,278,108.369863013699
48,3766,-186,-233.894117647059
48,3767,-193,-144.823008849558
48,3768,69,-10.625
48,3769,103,9.03636363636364
48,3770,21,9.03636363636364
48,3771,48,-19.1565217391304
48,3772,36,-139.6
48,3773,20,134.285714285714
48,3774,-95,134.285714285714
48,3775,-63,-40.9803921568627
48,3776,-68,-40.9803921568627
48,3777,-107,-40.9803921568627
48,3778,-31,-84.0446428571429
48,3779,-17,-8.21663442940039
48,3780,-31,-8.21663442940039
48,3781,-11,-8.21663442940039
48,3782,-4,-8.21663442940039
48,3783,-24,-8.21663442940039
48,3784,-12,-8.21663442940039
48,3785,-3,-8.21663442940039
48,3786,5,-8.21663442940039
48,3787,9,-8.21663442940039
48,3788,39,83.6
48,3789,41,83.6
48,3790,22,42.202380952381
48,3791,100,42.202380952381
48,3792,13,24.1739130434783
48,3793,30,42.202380952381
48,3794,7,42.202380952381
48,3795,-49,-8.21663442940039
48,3796,8,-40.9803921568627
48,3797,-46,-8.21663442940039
48,3798,-73,-40.9803921568627
48,3799,-39,-40.9803921568627
48,3800,-26,-40.9803921568627
48,3801,8,-8.21663442940039
48,3802,-6,-8.21663442940039
48,3803,-2,-8.21663442940039
48,3804,-8,-8.21663442940039
48,3805,-4,-8.21663442940039
48,3806,-19,-8.21663442940039
48,3807,-8,-8.21663442940039
48,3808,-4,-8.21663442940039
48,3809,3,-8.21663442940039
48,3810,6,-8.21663442940039
48,3811,10,-8.21663442940039
48,3812,57,42.202380952381
48,3813,17,167.724137931034
48,3814,18,42.202380952381
48,3815,89,83.6
48,3816,50,9.03636363636364
48,3817,128,9.03636363636364
48,3818,45,24.1739130434783
48,3819,11,81.1
48,3820,12,-19.1565217391304
48,3821,-90,-19.1565217391304
48,3822,-57,-40.9803921568627
48,3823,-92,-40.9803921568627
48,3824,-54,-40.9803921568627
48,3825,-12,-40.9803921568627
48,3826,-44,-8.21663442940039
48,3827,-19,-40.9803921568627
48,3828,-12,-8.21663442940039
48,3829,-25,-8.21663442940039
48,3830,-22,-8.21663442940039
48,3831,12,-8.21663442940039
48,3832,-21,83.6
48,3833,-8,-8.21663442940039
48,3834,0,-8.21663442940039
48,3835,7,-8.21663442940039
48,3836,15,-8.21663442940039
48,3837,37,42.202380952381
48,3838,60,83.6
48,3839,20,108.369863013699
48,3840,44,42.202380952381
48,3841,13,83.6
48,3842,26,42.202380952381
48,3843,-18,-19.1565217391304
48,3844,-9,-8.21663442940039
48,3845,-28,-8.21663442940039
48,3846,-44,-8.21663442940039
48,3847,19,-40.9803921568627
48,3848,-62,-19.1565217391304
48,3849,-25,-40.9803921568627
48,3850,17,-8.21663442940039
48,3851,1,42.202380952381
48,3852,-19,-8.21663442940039
48,3853,-23,-8.21663442940039
48,3854,2,-8.21663442940039
48,3855,-8,-8.21663442940039
48,3856,-20,-8.21663442940039
48,3857,-6,-8.21663442940039
48,3858,1,-8.21663442940039
48,3859,8,-8.21663442940039
48,3860,10,-8.21663442940039
48,3861,13,83.6
48,3862,62,83.6
48,3863,43,169.685714285714
48,3864,65,42.202380952381
48,3865,-2,24.1739130434783
48,3866,-7,-8.21663442940039
48,3867,8,-8.21663442940039
48,3868,42,-8.21663442940039
48,3869,-17,-19.1565217391304
48,3870,-47,-8.21663442940039
48,3871,-40,-40.9803921568627
48,3872,-14,-40.9803921568627
48,3873,-8,-8.21663442940039
48,3874,-55,-8.21663442940039
48,3875,-2,-40.9803921568627
48,3876,-21,-8.21663442940039
48,3877,-18,-8.21663442940039
48,3878,-13,-8.21663442940039
48,3879,-5,-8.21663442940039
48,3880,0,-8.21663442940039
48,3881,5,-8.21663442940039
48,3882,31,-8.21663442940039
48,3883,83,83.6
48,3884,241,199.92118226601
48,3885,273,108.369863013699
48,3886,-352,-310.585714285714
48,3887,-139,-144.823008849558
48,3888,-17,-10.625
48,3889,80,-8.21663442940039
48,3890,7,9.03636363636364
48,3891,11,-8.21663442940039
48,3892,2,-19.1565217391304
48,3893,116,134.285714285714
48,3894,207,324.309090909091
48,3895,-32,169.685714285714
48,3896,-150,-192.208588957055
48,3897,-94,-84.0446428571429
48,3898,-96,-40.9803921568627
48,3899,-77,-40.9803921568627
48,3900,-39,-40.9803921568627
48,3901,-39,-40.9803921568627
48,3902,-20,-40.9803921568627
48,3903,-1,9.47368421052632
48,3904,-1,-8.21663442940039
48,3905,1,-8.21663442940039
48,3906,26,-8.21663442940039
48,3907,69,83.6
48,3908,193,167.724137931034
48,3909,207,199.92118226601
48,3910,-232,-233.894117647059
48,3911,-211,-144.823008849558
48,3912,8,-84.0446428571429
48,3913,11,-8.21663442940039
48,3914,1,-19.1565217391304
48,3915,17,-8.21663442940039
48,3916,61,-19.1565217391304
48,3917,102,169.685714285714
48,3918,270,257.30612244898
48,3919,-45,-139.6
48,3920,-132,-192.208588957055
48,3921,-118,-158.6
48,3922,-47,-84.0446428571429
48,3923,-88,-40.9803921568627
48,3924,-30,-40.9803921568627
48,3925,-44,-8.21663442940039
48,3926,-11,-40.9803921568627
48,3927,-11,9.47368421052632
48,3928,2,-8.21663442940039
48,3929,1,-8.21663442940039
48,3930,35,-8.21663442940039
48,3931,97,83.6
48,3932,273,219.254901960784
48,3933,283,199.92118226601
48,3934,-370,-310.585714285714
48,3935,-161,-144.823008849558
48,3936,-15,-10.625
48,3937,62,-8.21663442940039
48,3938,6,9.03636363636364
48,3939,-38,-8.21663442940039
48,3940,3,-40.9803921568627
48,3941,146,134.285714285714
48,3942,238,324.309090909091
48,3943,-21,-25.6071428571429
48,3944,-155,-192.208588957055
48,3945,-124,-84.0446428571429
48,3946,-40,-84.0446428571429
48,3947,-69,-40.9803921568627
48,3948,-76,-40.9803921568627
48,3949,-49,-40.9803921568627
48,3950,-13,-40.9803921568627
48,3951,-9,9.47368421052632
48,3952,0,-8.21663442940039
48,3953,35,-8.21663442940039
48,3954,79,83.6
48,3955,241,167.724137931034
48,3956,317,290.068965517241
48,3957,-380,-310.585714285714
48,3958,-121,-144.823008849558
48,3959,-15,-10.625
48,3960,73,-8.21663442940039
48,3961,-12,9.03636363636364
48,3962,-37,-8.21663442940039
48,3963,33,-40.9803921568627
48,3964,150,134.285714285714
48,3965,191,324.309090909091
48,3966,-24,-25.6071428571429
48,3967,-193,-192.208588957055
48,3968,-92,-84.0446428571429
48,3969,-44,-40.9803921568627
48,3970,-57,-40.9803921568627
48,3971,-21,-40.9803921568627
48,3972,-78,-8.21663442940039
48,3973,-33,-40.9803921568627
48,3974,-7,9.47368421052632
48,3975,-8,-8.21663442940039
48,3976,-1,-8.21663442940039
48,3977,37,-8.21663442940039
48,3978,66,83.6
48,3979,246,167.724137931034
48,3980,377,199.92118226601
48,3981,-399,-310.585714285714
48,3982,-161,-144.823008849558
48,3983,32,-10.625
48,3984,67,42.202380952381
48,3985,-6,9.03636363636364
48,3986,-11,-8.21663442940039
48,3987,45,-8.21663442940039
48,3988,109,134.285714285714
48,3989,177,324.309090909091
48,3990,-73,-139.6
48,3991,-132,-192.208588957055
48,3992,-132,-84.0446428571429
48,3993,-62,-84.0446428571429
48,3994,-20,-40.9803921568627
48,3995,-53,-8.21663442940039
48,3996,-2,-40.9803921568627
48,3997,-39,-8.21663442940039
48,3998,-19,-40.9803921568627
48,3999,-35,-8.21663442940039
48,4000,-10,-8.21663442940039
48,4001,8,-8.21663442940039
48,4002,14,-8.21663442940039
48,4003,36,83.6
48,4004,81,83.6
48,4005,49,108.369863013699
48,4006,63,108.369863013699
48,4007,136,1.8
48,4008,54,24.1739130434783
48,4009,63,81.1
48,4010,-30,-75.8461538461538
48,4011,5,-8.21663442940039
48,4012,-41,-8.21663442940039
48,4013,-123,-40.9803921568627
48,4014,-23,-84.0446428571429
48,4015,-48,-8.21663442940039
48,4016,-51,-40.9803921568627
48,4017,-40,-40.9803921568627
48,4018,-11,-40.9803921568627
48,4019,-21,-8.21663442940039
48,4020,-9,-8.21663442940039
48,4021,-23,-8.21663442940039
48,4022,-20,-8.21663442940039
48,4023,-49,-8.21663442940039
48,4024,-18,-40.9803921568627
48,4025,1,-8.21663442940039
48,4026,8,-8.21663442940039
48,4027,15,-8.21663442940039
48,4028,62,83.6
48,4029,79,167.724137931034
48,4030,121,108.369863013699
48,4031,62,108.369863013699
48,4032,165,24.1739130434783
48,4033,-89,24.1739130434783
48,4034,42,-111.92
48,4035,-56,-19.1565217391304
48,4036,26,-40.9803921568627
48,4037,-140,-19.1565217391304
48,4038,-100,-84.0446428571429
48,4039,-29,-40.9803921568627
48,4040,-20,-8.21663442940039
48,4041,-55,9.47368421052632
48,4042,-3,-40.9803921568627
48,4043,-45,-8.21663442940039
48,4044,-30,-40.9803921568627
48,4045,-8,-8.21663442940039
48,4046,-3,-8.21663442940039
48,4047,-2,-8.21663442940039
48,4048,-3,-8.21663442940039
48,4049,33,-8.21663442940039
48,4050,100,83.6
48,4051,258,199.92118226601
48,4052,335,199.92118226601
48,4053,-423,-310.585714285714
48,4054,-172,-144.823008849558
48,4055,97,-10.625
48,4056,35,9.03636363636364
48,4057,53,-19.1565217391304
48,4058,-61,-139.6
48,4059,8,-40.9803921568627
48,4060,174,134.285714285714
48,4061,266,324.309090909091
48,4062,-16,-25.6071428571429
48,4063,-221,-192.208588957055
48,4064,-171,-158.6
48,4065,-79,-84.0446428571429
48,4066,-77,-40.9803921568627
48,4067,-42,-40.9803921568627
48,4068,-47,-40.9803921568627
48,4069,-30,-40.9803921568627
48,4070,-17,9.47368421052632
48,4071,-4,-8.21663442940039
48,4072,3,-8.21663442940039
48,4073,39,-8.21663442940039
48,4074,107,83.6
48,4075,349,219.254901960784
48,4076,219,199.92118226601
48,4077,-385,-310.585714285714
48,4078,-180,-144.823008849558
48,4079,51,22
48,4080,105,9.03636363636364
48,4081,-40,9.03636363636364
48,4082,-2,-40.9803921568627
48,4083,30,-8.21663442940039
48,4084,135,134.285714285714
48,4085,308,324.309090909091
48,4086,-12,-25.6071428571429
48,4087,-271,-192.208588957055
48,4088,-154,-158.6
48,4089,-26,22
48,4090,-99,-8.21663442940039
48,4091,-85,-40.9803921568627
48,4092,-59,-40.9803921568627
48,4093,-26,-40.9803921568627
48,4094,-2,9.47368421052632
48,4095,-2,-8.21663442940039
48,4096,3,-8.21663442940039
48,4097,39,-8.21663442940039
48,4098,75,83.6
48,4099,274,167.724137931034
48,4100,361,199.92118226601
48,4101,-371,-310.585714285714
48,4102,-247,-144.823008849558
48,4103,31,-10.625
48,4104,60,42.202380952381
48,4105,-18,9.03636363636364
48,4106,4,-8.21663442940039
48,4107,67,-8.21663442940039
48,4108,92,169.685714285714
48,4109,228,324.309090909091
48,4110,4,-139.6
48,4111,-195,-192.208588957055
48,4112,-121,-84.0446428571429
48,4113,-95,-84.0446428571429
48,4114,-93,-40.9803921568627
48,4115,-31,-40.9803921568627
48,4116,-30,-8.21663442940039
48,4117,-28,-8.21663442940039
48,4118,-7,9.47368421052632
48,4119,-7,-8.21663442940039
48,4120,7,-8.21663442940039
48,4121,23,-8.21663442940039
48,4122,92,83.6
48,4123,265,199.92118226601
48,4124,270,108.369863013699
48,4125,-383,-310.585714285714
48,4126,-131,-144.823008849558
48,4127,33,-10.625
48,4128,57,-19.1565217391304
48,4129,10,9.03636363636364
48,4130,-33,-19.1565217391304
48,4131,58,-8.21663442940039
48,4132,61,169.685714285714
48,4133,286,324.309090909091
48,4134,-52,-75.8461538461538
48,4135,-192,-192.208588957055
48,4136,-146,-158.6
48,4137,-36,-84.0446428571429
48,4138,-58,-40.9803921568627
48,4139,-40,-40.9803921568627
48,4140,-45,-40.9803921568627
48,4141,-20,-40.9803921568627
48,4142,-17,9.47368421052632
48,4143,-6,-8.21663442940039
48,4144,5,-8.21663442940039
48,4145,16,-8.21663442940039
48,4146,58,83.6
48,4147,131,167.724137931034
48,4148,226,108.369863013699
48,4149,-140,-143.307692307692
48,4150,-135,-144.823008849558
48,4151,37,-84.0446428571429
48,4152,37,42.202380952381
48,4153,-20,-19.1565217391304
48,4154,-5,-8.21663442940039
48,4155,88,-8.21663442940039
48,4156,72,169.685714285714
48,4157,193,167.724137931034
48,4158,-70,-139.6
48,4159,-146,-192.208588957055
48,4160,-111,-84.0446428571429
48,4161,-70,-84.0446428571429
48,4162,-6,-40.9803921568627
48,4163,-43,-8.21663442940039
48,4164,-19,-40.9803921568627
48,4165,-3,-8.21663442940039
48,4166,-30,134.285714285714
48,4167,-41,-8.21663442940039
48,4168,-17,-40.9803921568627
48,4169,-6,-8.21663442940039
48,4170,14,-8.21663442940039
48,4171,19,42.202380952381
48,4172,72,83.6
48,4173,59,167.724137931034
48,4174,117,108.369863013699
48,4175,117,108.369863013699
48,4176,82,24.1739130434783
48,4177,61,24.1739130434783
48,4178,-5,-75.8461538461538
48,4179,-1,-8.21663442940039
48,4180,-34,-8.21663442940039
48,4181,-162,-8.21663442940039
48,4182,-41,-84.0446428571429
48,4183,-58,-40.9803921568627
48,4184,-64,-40.9803921568627
48,4185,27,-40.9803921568627
48,4186,-49,42.202380952381
48,4187,2,-40.9803921568627
48,4188,-44,-8.21663442940039
48,4189,-16,-40.9803921568627
48,4190,-24,-8.21663442940039
48,4191,-30,-8.21663442940039
48,4192,-36,-8.21663442940039
48,4193,-4,-40.9803921568627
48,4194,-2,-8.21663442940039
48,4195,17,-8.21663442940039
48,4196,46,42.202380952381
48,4197,34,83.6
48,4198,116,83.6
48,4199,31,108.369863013699
48,4200,65,83.6
48,4201,-30,24.1739130434783
48,4202,-53,-8.21663442940039
48,4203,-7,-40.9803921568627
48,4204,28,-8.21663442940039
48,4205,-24,-19.1565217391304
48,4206,-31,-8.21663442940039
48,4207,-76,-8.21663442940039
48,4208,-14,-40.9803921568627
48,4209,-12,-8.21663442940039
48,4210,-18,-8.21663442940039
48,4211,-27,-8.21663442940039
48,4212,-31,-8.21663442940039
48,4213,-16,-8.21663442940039
48,4214,1,-8.21663442940039
48,4215,-1,-8.21663442940039
48,4216,8,-8.21663442940039
48,4217,15,-8.21663442940039
48,4218,96,42.202380952381
48,4219,171,199.92118226601
48,4220,290,108.369863013699
48,4221,-300,-233.894117647059
48,4222,-151,-144.823008849558
48,4223,1,-10.625
48,4224,39,-8.21663442940039
48,4225,47,-19.1565217391304
48,4226,-10,-19.1565217391304
48,4227,26,-8.21663442940039
48,4228,109,134.285714285714
48,4229,271,324.309090909091
48,4230,-52,-73.625
48,4231,-137,-192.208588957055
48,4232,-127,-158.6
48,4233,-55,-84.0446428571429
48,4234,-119,-40.9803921568627
48,4235,-42,-84.0446428571429
48,4236,-53,-40.9803921568627
48,4237,-23,-40.9803921568627
48,4238,-7,9.47368421052632
48,4239,2,-8.21663442940039
48,4240,5,-8.21663442940039
48,4241,33,-8.21663442940039
48,4242,77,83.6
48,4243,262,167.724137931034
48,4244,344,108.369863013699
48,4245,-390,-310.585714285714
48,4246,-180,-144.823008849558
48,4247,19,-10.625
48,4248,53,42.202380952381
48,4249,28,9.03636363636364
48,4250,-50,-19.1565217391304
48,4251,66,-40.9803921568627
48,4252,88,108.369863013699
48,4253,243,324.309090909091
48,4254,-55,-75.8461538461538
48,4255,-113,-192.208588957055
48,4256,-176,-84.0446428571429
48,4257,-50,-84.0446428571429
48,4258,-101,-40.9803921568627
48,4259,-42,-40.9803921568627
48,4260,-30,-40.9803921568627
48,4261,-13,-8.21663442940039
48,4262,-12,9.47368421052632
48,4263,1,-8.21663442940039
48,4264,-6,-8.21663442940039
48,4265,33,-8.21663442940039
48,4266,91,83.6
48,4267,241,199.92118226601
48,4268,319,199.92118226601
48,4269,-403,-310.585714285714
48,4270,-149,-144.823008849558
48,4271,36,-10.625
48,4272,60,42.202380952381
48,4273,6,9.03636363636364
48,4274,-13,-8.21663442940039
48,4275,3,-8.21663442940039
48,4276,101,134.285714285714
48,4277,232,324.309090909091
48,4278,-21,-73.625
48,4279,-138,-192.208588957055
48,4280,-134,-84.0446428571429
48,4281,-66,-84.0446428571429
48,4282,-80,-40.9803921568627
48,4283,-43,-40.9803921568627
48,4284,-47,-40.9803921568627
48,4285,-9,-40.9803921568627
48,4286,-15,9.47368421052632
48,4287,-6,-8.21663442940039
48,4288,6,-8.21663442940039
48,4289,25,-8.21663442940039
48,4290,81,83.6
48,4291,271,167.724137931034
48,4292,294,1.8
48,4293,-354,-310.585714285714
48,4294,-158,-144.823008849558
48,4295,22,-10.625
48,4296,93,-19.1565217391304
48,4297,-11,9.03636363636364
48,4298,-29,-8.21663442940039
48,4299,38,-8.21663442940039
48,4300,126,134.285714285714
48,4301,144,324.309090909091
48,4302,-84,-139.6
48,4303,-118,-111.92
48,4304,-107,-84.0446428571429
48,4305,-28,-84.0446428571429
48,4306,-65,-8.21663442940039
48,4307,-28,-40.9803921568627
48,4308,-73,-8.21663442940039
48,4309,-21,-40.9803921568627
48,4310,-17,-8.21663442940039
48,4311,3,-8.21663442940039
48,4312,-2,-8.21663442940039
48,4313,24,-8.21663442940039
48,4314,79,83.6
48,4315,195,167.724137931034
48,4316,328,199.92118226601
48,4317,-293,-233.894117647059
48,4318,-153,-144.823008849558
48,4319,21,-10.625
48,4320,62,42.202380952381
48,4321,40,9.03636363636364
48,4322,-14,-19.1565217391304
48,4323,10,-8.21663442940039
48,4324,108,134.285714285714
48,4325,205,324.309090909091
48,4326,-167,-73.625
48,4327,-136,-144.823008849558
48,4328,-98,-84.0446428571429
48,4329,-49,-40.9803921568627
48,4330,-34,-40.9803921568627
48,4331,-4,-8.21663442940039
48,4332,-40,-8.21663442940039
48,4333,1,-40.9803921568627
48,4334,-26,9.47368421052632
48,4335,-46,-8.21663442940039
48,4336,-17,-40.9803921568627
48,4337,-3,-8.21663442940039
48,4338,8,-8.21663442940039
48,4339,37,-8.21663442940039
48,4340,71,42.202380952381
48,4341,101,167.724137931034
48,4342,53,108.369863013699
49,1,-5,-17.2549450549451
49,2,-5,-17.2549450549451
49,3,5,-17.2549450549451
49,4,14,15.0914285714286
49,5,14,103.171428571429
49,6,108,103.171428571429
49,7,329,97.0571428571429
49,8,-224,97.0571428571429
49,9,-159,-164.541176470588
49,10,30,34.2307692307692
49,11,47,-19.6746031746032
49,12,57,-19.6746031746032
49,13,-6,-5.625
49,14,18,-25.6231884057971
49,15,95,138.545454545455
49,16,391,255.707070707071
49,17,-81,-73.7435897435897
49,18,-179,-219.622641509434
49,19,-101,-148.3
49,20,-89,-141.727272727273
49,21,-109,-60.2673267326733
49,22,-90,-60.2673267326733
49,23,-39,-60.2673267326733
49,24,-21,-17.2549450549451
49,25,1,-4.7
49,26,-7,15.0914285714286
49,27,2,-17.2549450549451
49,28,27,15.0914285714286
49,29,124,103.171428571429
49,30,319,201.516279069767
49,31,193,201.516279069767
49,32,-345,-343.857142857143
49,33,-148,-61.6896551724138
49,34,50,-25.6231884057971
49,35,62,-5.625
49,36,-20,-5.625
49,37,-45,-25.6231884057971
49,38,32,-25.6231884057971
49,39,75,132.41095890411
49,40,477,321.703703703704
49,41,-16,-5.625
49,42,-281,-219.622641509434
49,43,-56,-148.3
49,44,-182,-141.727272727273
49,45,15,-60.2673267326733
49,46,-166,-19.6746031746032
49,47,-72,-60.2673267326733
49,48,-26,-60.2673267326733
49,49,-21,-4.7
49,50,2,-17.2549450549451
49,51,-1,15.0914285714286
49,52,32,15.0914285714286
49,53,126,36.6875
49,54,299,283.684210526316
49,55,179,106.181818181818
49,56,-327,-343.857142857143
49,57,-149,-61.6896551724138
49,58,21,-25.6231884057971
49,59,-8,55.4556962025316
49,60,31,-17.2549450549451
49,61,-21,-19.6746031746032
49,62,-11,-17.2549450549451
49,63,156,128.619047619048
49,64,356,321.703703703704
49,65,-19,-73.7435897435897
49,66,-133,-219.622641509434
49,67,-132,-148.3
49,68,-63,-141.727272727273
49,69,-87,-60.2673267326733
49,70,-134,-60.2673267326733
49,71,-54,-60.2673267326733
49,72,-51,-60.2673267326733
49,73,0,-60.2673267326733
49,74,-7,15.0914285714286
49,75,1,-17.2549450549451
49,76,28,15.0914285714286
49,77,110,103.171428571429
49,78,313,283.684210526316
49,79,127,283.684210526316
49,80,-334,-343.857142857143
49,81,-106,-148.3
49,82,11,-25.6231884057971
49,83,54,55.4556962025316
49,84,-43,-5.625
49,85,4,-17.2549450549451
49,86,18,-25.6231884057971
49,87,126,132.41095890411
49,88,295,321.703703703704
49,89,25,-73.7435897435897
49,90,-141,-164.541176470588
49,91,-63,-148.3
49,92,-125,-60.2673267326733
49,93,-68,-60.2673267326733
49,94,-97,-60.2673267326733
49,95,-53,-60.2673267326733
49,96,-62,-60.2673267326733
49,97,-19,-60.2673267326733
49,98,-5,-17.2549450549451
49,99,3,-17.2549450549451
49,100,28,15.0914285714286
49,101,84,103.171428571429
49,102,237,215.525
49,103,254,283.684210526316
49,104,-280,-286.127659574468
49,105,-148,-164.541176470588
49,106,51,34.2307692307692
49,107,18,-5.625
49,108,46,-19.6746031746032
49,109,-37,-25.6231884057971
49,110,21,-17.2549450549451
49,111,96,132.41095890411
49,112,266,255.707070707071
49,113,-141,-73.7435897435897
49,114,-143,-219.622641509434
49,115,-160,-148.3
49,116,15,-60.2673267326733
49,117,-20,55.4556962025316
49,118,-23,-17.2549450549451
49,119,-58,-17.2549450549451
49,120,7,-60.2673267326733
49,121,-30,132.41095890411
49,122,-51,-4.7
49,123,-23,-60.2673267326733
49,124,-7,-17.2549450549451
49,125,35,-17.2549450549451
49,126,31,55.4556962025316
49,127,89,103.171428571429
49,128,165,201.516279069767
49,129,162,157.611111111111
49,130,22,-227.724489795918
49,131,86,-61.6896551724138
49,132,-38,48.04
49,133,45,-17.2549450549451
49,134,-126,-25.6231884057971
49,135,30,-60.2673267326733
49,136,17,-19.6746031746032
49,137,-49,132.41095890411
49,138,-56,-17.2549450549451
49,139,-39,-60.2673267326733
49,140,-64,-17.2549450549451
49,141,-43,-60.2673267326733
49,142,-54,-17.2549450549451
49,143,-62,-60.2673267326733
49,144,-36,-60.2673267326733
49,145,-13,-17.2549450549451
49,146,-54,-17.2549450549451
49,147,-47,-60.2673267326733
49,148,-5,-17.2549450549451
49,149,17,-17.2549450549451
49,150,46,103.171428571429
49,151,70,103.171428571429
49,152,91,179.536585365854
49,153,220,157.611111111111
49,154,54,-55.1
49,155,50,-164.541176470588
49,156,29,-148.3
49,157,-34,-25.6231884057971
49,158,-64,-25.6231884057971
49,159,-26,-60.2673267326733
49,160,71,-17.2549450549451
49,161,2,-5.625
49,162,-111,132.41095890411
49,163,-91,-25.6231884057971
49,164,-79,-60.2673267326733
49,165,-75,-60.2673267326733
49,166,-91,-60.2673267326733
49,167,-19,-60.2673267326733
49,168,-37,-17.2549450549451
49,169,-17,-17.2549450549451
49,170,-9,-17.2549450549451
49,171,-1,-17.2549450549451
49,172,39,15.0914285714286
49,173,115,103.171428571429
49,174,327,201.516279069767
49,175,123,201.516279069767
49,176,-340,-343.857142857143
49,177,-84,-148.3
49,178,-3,-25.6231884057971
49,179,89,15.0914285714286
49,180,-10,-5.625
49,181,-9,-17.2549450549451
49,182,-18,-25.6231884057971
49,183,181,128.619047619048
49,184,419,321.703703703704
49,185,-42,-73.7435897435897
49,186,-209,-164.541176470588
49,187,-107,-148.3
49,188,-144,-141.727272727273
49,189,-144,-60.2673267326733
49,190,-84,-60.2673267326733
49,191,-66,-60.2673267326733
49,192,-7,-60.2673267326733
49,193,-21,-4.7
49,194,0,-17.2549450549451
49,195,1,15.0914285714286
49,196,29,15.0914285714286
49,197,149,103.171428571429
49,198,364,283.684210526316
49,199,104,201.516279069767
49,200,-328,-343.857142857143
49,201,-138,-148.3
49,202,45,-25.6231884057971
49,203,73,55.4556962025316
49,204,-2,-5.625
49,205,-39,-19.6746031746032
49,206,50,-25.6231884057971
49,207,99,157.611111111111
49,208,484,321.703703703704
49,209,-76,-55.1
49,210,-212,-219.622641509434
49,211,-107,-148.3
49,212,-177,-141.727272727273
49,213,-83,-60.2673267326733
49,214,-114,-60.2673267326733
49,215,-77,-60.2673267326733
49,216,-31,-60.2673267326733
49,217,-9,-4.7
49,218,-6,-17.2549450549451
49,219,3,-4.7
49,220,25,15.0914285714286
49,221,164,103.171428571429
49,222,327,283.684210526316
49,223,160,201.516279069767
49,224,-405,-343.857142857143
49,225,-110,-61.6896551724138
49,226,37,-25.6231884057971
49,227,113,55.4556962025316
49,228,-1,-5.625
49,229,-51,-19.6746031746032
49,230,-21,-25.6231884057971
49,231,143,128.619047619048
49,232,451,321.703703703704
49,233,-39,-73.7435897435897
49,234,-161,-164.541176470588
49,235,-198,-148.3
49,236,-78,-141.727272727273
49,237,-70,-60.2673267326733
49,238,-138,-60.2673267326733
49,239,-105,-60.2673267326733
49,240,-29,-60.2673267326733
49,241,-12,-4.7
49,242,-6,-4.7
49,243,4,-17.2549450549451
49,244,36,15.0914285714286
49,245,146,103.171428571429
49,246,315,283.684210526316
49,247,109,106.181818181818
49,248,-266,-343.857142857143
49,249,-167,-148.3
49,250,27,-25.6231884057971
49,251,65,55.4556962025316
49,252,-40,-5.625
49,253,18,-17.2549450549451
49,254,-35,-25.6231884057971
49,255,168,128.619047619048
49,256,318,255.707070707071
49,257,-8,-73.7435897435897
49,258,-126,-219.622641509434
49,259,-101,-148.3
49,260,-72,-60.2673267326733
49,261,-124,-60.2673267326733
49,262,-103,-60.2673267326733
49,263,-57,-60.2673267326733
49,264,-72,-60.2673267326733
49,265,-24,-60.2673267326733
49,266,-10,-17.2549450549451
49,267,2,-17.2549450549451
49,268,35,15.0914285714286
49,269,118,103.171428571429
49,270,217,283.684210526316
49,271,244,283.684210526316
49,272,-324,-286.127659574468
49,273,-129,-164.541176470588
49,274,17,34.2307692307692
49,275,38,55.4556962025316
49,276,13,-19.6746031746032
49,277,-6,-19.6746031746032
49,278,-3,-17.2549450549451
49,279,121,132.41095890411
49,280,188,321.703703703704
49,281,-75,-73.7435897435897
49,282,-101,-146.6875
49,283,-55,-25.6231884057971
49,284,-72,-60.2673267326733
49,285,-73,-60.2673267326733
49,286,-115,-60.2673267326733
49,287,21,-60.2673267326733
49,288,-11,36.6875
49,289,3,-17.2549450549451
49,290,-38,15.0914285714286
49,291,-5,-17.2549450549451
49,292,-8,-17.2549450549451
49,293,32,-17.2549450549451
49,294,50,103.171428571429
49,295,102,102.714285714286
49,296,81,90.5
49,297,129,138.545454545455
49,298,48,-25.6231884057971
49,299,19,48.04
49,300,-43,-25.6231884057971
49,301,-19,-25.6231884057971
49,302,-5,-17.2549450549451
49,303,-31,-17.2549450549451
49,304,-11,-17.2549450549451
49,305,-23,-17.2549450549451
49,306,35,-17.2549450549451
49,307,-82,36.6875
49,308,-79,-60.2673267326733
49,309,-41,-60.2673267326733
49,310,-20,-17.2549450549451
49,311,-3,-17.2549450549451
49,312,-56,15.0914285714286
49,313,-3,-60.2673267326733
49,314,-57,36.6875
49,315,-29,-60.2673267326733
49,316,6,-17.2549450549451
49,317,17,15.0914285714286
49,318,23,55.4556962025316
49,319,92,55.4556962025316
49,320,77,90.5
49,321,147,157.611111111111
49,322,11,138.545454545455
49,323,56,-61.6896551724138
49,324,-13,48.04
49,325,24,-17.2549450549451
49,326,-99,-25.6231884057971
49,327,-32,-60.2673267326733
49,328,100,-17.2549450549451
49,329,-43,-5.625
49,330,12,-17.2549450549451
49,331,-50,-25.6231884057971
49,332,-74,-60.2673267326733
49,333,-107,-60.2673267326733
49,334,-41,-60.2673267326733
49,335,-67,-17.2549450549451
49,336,-26,-60.2673267326733
49,337,-2,-17.2549450549451
49,338,-10,36.6875
49,339,7,-17.2549450549451
49,340,28,15.0914285714286
49,341,96,103.171428571429
49,342,262,215.525
49,343,170,97.0571428571429
49,344,-273,-343.857142857143
49,345,-121,-61.6896551724138
49,346,27,-25.6231884057971
49,347,56,-19.6746031746032
49,348,-21,-5.625
49,349,-6,-17.2549450549451
49,350,4,-25.6231884057971
49,351,131,132.41095890411
49,352,382,255.707070707071
49,353,-17,-73.7435897435897
49,354,-149,-164.541176470588
49,355,-186,-148.3
49,356,-137,-141.727272727273
49,357,-70,-60.2673267326733
49,358,-86,-60.2673267326733
49,359,-49,-60.2673267326733
49,360,-39,-17.2549450549451
49,361,-4,-17.2549450549451
49,362,-8,15.0914285714286
49,363,4,-17.2549450549451
49,364,29,15.0914285714286
49,365,119,103.171428571429
49,366,329,283.684210526316
49,367,163,201.516279069767
49,368,-374,-343.857142857143
49,369,-63,-61.6896551724138
49,370,8,-25.6231884057971
49,371,55,15.0914285714286
49,372,11,-5.625
49,373,27,-19.6746031746032
49,374,91,-25.6231884057971
49,375,126,157.611111111111
49,376,195,321.703703703704
49,377,-95,-55.1
49,378,-130,-61.6896551724138
49,379,-121,-25.6231884057971
49,380,-180,-60.2673267326733
49,381,-19,-60.2673267326733
49,382,-6,-17.2549450549451
49,383,-12,-17.2549450549451
49,384,-36,-17.2549450549451
49,385,-30,-17.2549450549451
49,386,-61,-17.2549450549451
49,387,-16,-60.2673267326733
49,388,3,-17.2549450549451
49,389,13,15.0914285714286
49,390,40,55.4556962025316
49,391,81,55.4556962025316
49,392,140,179.536585365854
49,393,154,157.611111111111
49,394,38,138.545454545455
49,395,9,-61.6896551724138
49,396,5,-25.6231884057971
49,397,48,-19.6746031746032
49,398,-93,-19.6746031746032
49,399,-65,-60.2673267326733
49,400,25,-25.6231884057971
49,401,16,-19.6746031746032
49,402,2,-19.6746031746032
49,403,119,-19.6746031746032
49,404,33,90.5
49,405,-82,36.6875
49,406,-319,-42.7
49,407,-95,-60.2673267326733
49,408,-58,-60.2673267326733
49,409,-12,-60.2673267326733
49,410,-11,-17.2549450549451
49,411,0,-17.2549450549451
49,412,22,36.6875
49,413,104,103.171428571429
49,414,210,321.703703703704
49,415,207,283.684210526316
49,416,-257,-227.724489795918
49,417,-107,-164.541176470588
49,418,58,-25.6231884057971
49,419,32,-5.625
49,420,34,-19.6746031746032
49,421,-69,-25.6231884057971
49,422,13,-60.2673267326733
49,423,179,132.41095890411
49,424,256,255.707070707071
49,425,-82,-73.7435897435897
49,426,-104,-164.541176470588
49,427,-182,-148.3
49,428,2,-60.2673267326733
49,429,-98,15.0914285714286
49,430,-94,-60.2673267326733
49,431,-29,-60.2673267326733
49,432,-73,-17.2549450549451
49,433,-12,-60.2673267326733
49,434,-10,-4.7
49,435,-1,-17.2549450549451
49,436,29,15.0914285714286
49,437,96,103.171428571429
49,438,222,201.516279069767
49,439,232,283.684210526316
49,440,-281,-227.724489795918
49,441,-94,-164.541176470588
49,442,23,34.2307692307692
49,443,98,55.4556962025316
49,444,-38,-5.625
49,445,-18,-17.2549450549451
49,446,10,-25.6231884057971
49,447,84,132.41095890411
49,448,207,255.707070707071
49,449,-16,-5.625
49,450,-142,-164.541176470588
49,451,-82,-42.7
49,452,-36,-60.2673267326733
49,453,-12,-17.2549450549451
49,454,-124,-17.2549450549451
49,455,-14,-60.2673267326733
49,456,-79,-17.2549450549451
49,457,-13,-60.2673267326733
49,458,-27,-17.2549450549451
49,459,-15,-17.2549450549451
49,460,-2,-17.2549450549451
49,461,17,15.0914285714286
49,462,40,103.171428571429
49,463,81,55.4556962025316
49,464,104,179.536585365854
49,465,69,97.0571428571429
49,466,42,138.545454545455
49,467,-25,48.04
49,468,18,-25.6231884057971
49,469,-52,-19.6746031746032
49,470,-2,-60.2673267326733
49,471,-12,-19.6746031746032
49,472,-15,-17.2549450549451
49,473,-2,-17.2549450549451
49,474,10,36.6875
49,475,-11,15.0914285714286
49,476,-75,-17.2549450549451
49,477,19,-60.2673267326733
49,478,-72,55.4556962025316
49,479,-1,-60.2673267326733
49,480,-23,15.0914285714286
49,481,-54,-17.2549450549451
49,482,-35,-60.2673267326733
49,483,-22,-17.2549450549451
49,484,-7,-17.2549450549451
49,485,15,-17.2549450549451
49,486,31,103.171428571429
49,487,78,55.4556962025316
49,488,112,179.536585365854
49,489,77,157.611111111111
49,490,70,138.545454545455
49,491,-13,48.04
49,492,-39,-25.6231884057971
49,493,-25,-25.6231884057971
49,494,-14,-17.2549450549451
49,495,-7,-17.2549450549451
49,496,-21,-17.2549450549451
49,497,-17,-17.2549450549451
49,498,-3,-17.2549450549451
49,499,35,15.0914285714286
49,500,-78,103.171428571429
49,501,-85,-60.2673267326733
49,502,1,-60.2673267326733
49,503,-84,15.0914285714286
49,504,-21,-60.2673267326733
49,505,-13,-17.2549450549451
49,506,0,-17.2549450549451
49,507,-3,36.6875
49,508,26,15.0914285714286
49,509,64,103.171428571429
49,510,138,102.714285714286
49,511,225,201.516279069767
49,512,-92,-180.416666666667
49,513,-188,-164.541176470588
49,514,41,-148.3
49,515,50,55.4556962025316
49,516,-11,-5.625
49,517,-13,-17.2549450549451
49,518,38,-25.6231884057971
49,519,133,36.6875
49,520,436,283.684210526316
49,521,23,-73.7435897435897
49,522,-241,-219.622641509434
49,523,-184,-148.3
49,524,-116,-141.727272727273
49,525,-107,-60.2673267326733
49,526,-93,-60.2673267326733
49,527,-62,-60.2673267326733
49,528,-54,-60.2673267326733
49,529,1,-60.2673267326733
49,530,-13,15.0914285714286
49,531,1,-17.2549450549451
49,532,38,15.0914285714286
49,533,145,103.171428571429
49,534,333,283.684210526316
49,535,129,283.684210526316
49,536,-318,-343.857142857143
49,537,-141,-148.3
49,538,59,-25.6231884057971
49,539,23,-5.625
49,540,8,-19.6746031746032
49,541,-38,-25.6231884057971
49,542,23,-17.2549450549451
49,543,170,132.41095890411
49,544,437,321.703703703704
49,545,-53,-73.7435897435897
49,546,-405,-219.622641509434
49,547,-330,-148.3
49,548,6,-141.727272727273
49,549,49,15.0914285714286
49,550,-36,-5.625
49,551,-59,-17.2549450549451
49,552,-30,-42.7
49,553,-9,-4.7
49,554,0,-4.7
49,555,2,15.0914285714286
49,556,34,-19.6746031746032
49,557,144,36.6875
49,558,312,283.684210526316
49,559,177,201.516279069767
49,560,-346,-343.857142857143
49,561,-133,-61.6896551724138
49,562,34,-25.6231884057971
49,563,63,55.4556962025316
49,564,-19,-5.625
49,565,-32,-17.2549450549451
49,566,35,-25.6231884057971
49,567,135,132.41095890411
49,568,419,321.703703703704
49,569,-16,-73.7435897435897
49,570,-181,-219.622641509434
49,571,-150,-148.3
49,572,-92,-141.727272727273
49,573,-147,-60.2673267326733
49,574,-92,-60.2673267326733
49,575,-96,-60.2673267326733
49,576,-35,-60.2673267326733
49,577,-12,-4.7
49,578,1,-17.2549450549451
49,579,-5,15.0914285714286
49,580,39,-17.2549450549451
49,581,134,103.171428571429
49,582,334,283.684210526316
49,583,190,201.516279069767
49,584,-375,-343.857142857143
49,585,-113,-61.6896551724138
49,586,1,-25.6231884057971
49,587,77,15.0914285714286
49,588,-15,-5.625
49,589,-68,-17.2549450549451
49,590,62,-25.6231884057971
49,591,168,157.611111111111
49,592,356,321.703703703704
49,593,30,-286.127659574468
49,594,-196,-164.541176470588
49,595,-115,-148.3
49,596,-141,-141.727272727273
49,597,-55,-60.2673267326733
49,598,-107,-60.2673267326733
49,599,-116,-60.2673267326733
49,600,-36,-60.2673267326733
49,601,-42,-4.7
49,602,-8,-17.2549450549451
49,603,2,-17.2549450549451
49,604,23,15.0914285714286
49,605,93,103.171428571429
49,606,253,215.525
49,607,333,201.516279069767
49,608,-299,-286.127659574468
49,609,-146,-164.541176470588
49,610,20,34.2307692307692
49,611,91,55.4556962025316
49,612,-5,-5.625
49,613,-5,-17.2549450549451
49,614,-16,-25.6231884057971
49,615,139,128.619047619048
49,616,343,321.703703703704
49,617,-204,-73.7435897435897
49,618,-143,-219.622641509434
49,619,-99,34.2307692307692
49,620,-90,-60.2673267326733
49,621,-36,-60.2673267326733
49,622,-51,-17.2549450549451
49,623,-21,-60.2673267326733
49,624,-73,128.619047619048
49,625,-17,-60.2673267326733
49,626,-61,-17.2549450549451
49,627,-31,-60.2673267326733
49,628,-4,-17.2549450549451
49,629,30,15.0914285714286
49,630,13,103.171428571429
49,631,103,55.4556962025316
49,632,131,201.516279069767
49,633,119,157.611111111111
49,634,38,138.545454545455
49,635,60,-98.0769230769231
49,636,92,48.04
49,637,41,-5.625
49,638,-72,-25.6231884057971
49,639,6,-25.6231884057971
49,640,-108,-19.6746031746032
49,641,-107,-60.2673267326733
49,642,80,-60.2673267326733
49,643,-75,-5.625
49,644,-87,-60.2673267326733
49,645,-44,-42.7
49,646,-14,-17.2549450549451
49,647,-24,-17.2549450549451
49,648,-19,-17.2549450549451
49,649,-53,-17.2549450549451
49,650,-58,-60.2673267326733
49,651,-38,-60.2673267326733
49,652,-10,-17.2549450549451
49,653,6,-17.2549450549451
49,654,32,15.0914285714286
49,655,86,55.4556962025316
49,656,88,215.525
49,657,161,157.611111111111
49,658,69,138.545454545455
49,659,38,-61.6896551724138
49,660,-9,48.04
49,661,-4,-25.6231884057971
49,662,13,-19.6746031746032
49,663,6,-19.6746031746032
49,664,-59,-19.6746031746032
49,665,-124,-60.2673267326733
49,666,0,-60.2673267326733
49,667,-18,-19.6746031746032
49,668,-71,-17.2549450549451
49,669,-93,-60.2673267326733
49,670,-39,-60.2673267326733
49,671,-48,-17.2549450549451
49,672,-32,-17.2549450549451
49,673,4,-17.2549450549451
49,674,-9,15.0914285714286
49,675,6,-17.2549450549451
49,676,38,15.0914285714286
49,677,90,103.171428571429
49,678,343,215.525
49,679,184,157.611111111111
49,680,-319,-343.857142857143
49,681,-162,-61.6896551724138
49,682,-4,-25.6231884057971
49,683,55,-19.6746031746032
49,684,2,-5.625
49,685,-27,-19.6746031746032
49,686,25,-25.6231884057971
49,687,149,132.41095890411
49,688,369,321.703703703704
49,689,39,106.181818181818
49,690,-199,-219.622641509434
49,691,-141,-148.3
49,692,-126,-141.727272727273
49,693,-44,-60.2673267326733
49,694,-118,-17.2549450549451
49,695,-113,-60.2673267326733
49,696,-28,-60.2673267326733
49,697,-18,-4.7
49,698,-4,-17.2549450549451
49,699,4,15.0914285714286
49,700,31,15.0914285714286
49,701,175,103.171428571429
49,702,313,283.684210526316
49,703,135,106.181818181818
49,704,-341,-343.857142857143
49,705,-161,-148.3
49,706,47,-25.6231884057971
49,707,48,55.4556962025316
49,708,-33,-19.6746031746032
49,709,-7,-25.6231884057971
49,710,30,-25.6231884057971
49,711,137,132.41095890411
49,712,389,321.703703703704
49,713,2,-73.7435897435897
49,714,-225,-219.622641509434
49,715,-120,-148.3
49,716,-94,-141.727272727273
49,717,-89,-60.2673267326733
49,718,-83,-60.2673267326733
49,719,-108,-60.2673267326733
49,720,-37,-60.2673267326733
49,721,-8,-4.7
49,722,-4,-17.2549450549451
49,723,2,15.0914285714286
49,724,40,15.0914285714286
49,725,116,103.171428571429
49,726,333,283.684210526316
49,727,184,201.516279069767
49,728,-382,-343.857142857143
49,729,-159,-61.6896551724138
49,730,45,-25.6231884057971
49,731,19,55.4556962025316
49,732,1,-19.6746031746032
49,733,-33,-19.6746031746032
49,734,24,-17.2549450549451
49,735,30,132.41095890411
49,736,146,132.41095890411
49,737,273,-5.625
49,738,-127,-73.7435897435897
49,739,-150,-164.541176470588
49,740,-47,-148.3
49,741,-31,-17.2549450549451
49,742,-157,-17.2549450549451
49,743,-65,-60.2673267326733
49,744,-41,-60.2673267326733
49,745,-18,-17.2549450549451
49,746,-2,-17.2549450549451
49,747,3,15.0914285714286
49,748,32,15.0914285714286
49,749,112,55.4556962025316
49,750,321,283.684210526316
49,751,184,106.181818181818
49,752,-339,-343.857142857143
49,753,-120,-61.6896551724138
49,754,18,-25.6231884057971
49,755,58,55.4556962025316
49,756,-20,-5.625
49,757,-57,-17.2549450549451
49,758,95,-25.6231884057971
49,759,66,157.611111111111
49,760,413,321.703703703704
49,761,6,-55.1
49,762,-244,-164.541176470588
49,763,-28,-148.3
49,764,-173,-17.2549450549451
49,765,-264,-60.2673267326733
49,766,-3,-60.2673267326733
49,767,-31,-19.6746031746032
49,768,-23,-17.2549450549451
49,769,8,-4.7
49,770,17,15.0914285714286
49,771,-27,55.4556962025316
49,772,33,-4.7
49,773,84,103.171428571429
49,774,234,157.611111111111
49,775,331,201.516279069767
49,776,-318,-286.127659574468
49,777,-140,-164.541176470588
49,778,-21,34.2307692307692
49,779,62,-17.2549450549451
49,780,-118,-5.625
49,781,73,-60.2673267326733
49,782,-13,-25.6231884057971
49,783,220,128.619047619048
49,784,279,-55.1
49,785,-93,8.5
49,786,-220,-219.622641509434
49,787,-151,-148.3
49,788,-129,-60.2673267326733
49,789,13,-60.2673267326733
49,790,31,55.4556962025316
49,791,-63,-19.6746031746032
49,792,-31,-60.2673267326733
49,793,-12,-4.7
49,794,-35,-17.2549450549451
49,795,-9,-17.2549450549451
49,796,1,-17.2549450549451
49,797,-2,-19.6746031746032
49,798,22,36.6875
49,799,75,103.171428571429
49,800,95,179.536585365854
49,801,61,201.516279069767
49,802,37,-25.6231884057971
49,803,152,48.04
49,804,-103,-25.6231884057971
49,805,-11,-60.2673267326733
49,806,37,-25.6231884057971
49,807,-54,-19.6746031746032
49,808,-85,-60.2673267326733
49,809,-64,-60.2673267326733
49,810,61,-60.2673267326733
49,811,-24,102.714285714286
49,812,-51,-17.2549450549451
49,813,17,-98.0769230769231
49,814,-31,36.6875
49,815,-36,-17.2549450549451
49,816,17,-17.2549450549451
49,817,-8,103.171428571429
49,818,-79,-17.2549450549451
49,819,-27,-60.2673267326733
49,820,-10,-17.2549450549451
49,821,13,-17.2549450549451
49,822,19,55.4556962025316
49,823,115,55.4556962025316
49,824,105,201.516279069767
49,825,121,157.611111111111
49,826,126,138.545454545455
49,827,-1,-98.0769230769231
49,828,122,48.04
49,829,-10,-25.6231884057971
49,830,8,-17.2549450549451
49,831,4,-25.6231884057971
49,832,-72,-19.6746031746032
49,833,-41,-60.2673267326733
49,834,7,-17.2549450549451
49,835,-144,15.0914285714286
49,836,-33,-60.2673267326733
49,837,-154,-17.2549450549451
49,838,-68,-60.2673267326733
49,839,-76,-60.2673267326733
49,840,-20,-60.2673267326733
49,841,-10,-17.2549450549451
49,842,-15,-17.2549450549451
49,843,6,-17.2549450549451
49,844,43,15.0914285714286
49,845,106,103.171428571429
49,846,264,283.684210526316
49,847,317,97.0571428571429
49,848,-393,-343.857142857143
49,849,-145,-164.541176470588
49,850,-2,34.2307692307692
49,851,116,-19.6746031746032
49,852,-74,-5.625
49,853,31,-60.2673267326733
49,854,10,-25.6231884057971
49,855,176,132.41095890411
49,856,390,321.703703703704
49,857,-106,-73.7435897435897
49,858,-159,-219.622641509434
49,859,-179,-148.3
49,860,-107,-141.727272727273
49,861,-87,-60.2673267326733
49,862,-95,-60.2673267326733
49,863,-50,-60.2673267326733
49,864,-47,-60.2673267326733
49,865,-1,-4.7
49,866,-10,15.0914285714286
49,867,0,-17.2549450549451
49,868,44,15.0914285714286
49,869,140,103.171428571429
49,870,326,283.684210526316
49,871,227,283.684210526316
49,872,-404,-343.857142857143
49,873,-121,-164.541176470588
49,874,-17,34.2307692307692
49,875,28,-17.2549450549451
49,876,44,-19.6746031746032
49,877,-29,-19.6746031746032
49,878,41,-17.2549450549451
49,879,170,132.41095890411
49,880,414,321.703703703704
49,881,8,106.181818181818
49,882,-245,-164.541176470588
49,883,-109,-148.3
49,884,-145,-141.727272727273
49,885,-109,-60.2673267326733
49,886,-77,-60.2673267326733
49,887,-126,-60.2673267326733
49,888,-38,-60.2673267326733
49,889,-16,-4.7
49,890,0,-17.2549450549451
49,891,-8,15.0914285714286
49,892,55,-17.2549450549451
49,893,131,179.536585365854
49,894,317,283.684210526316
49,895,281,-55.1
49,896,-446,-343.857142857143
49,897,-111,-164.541176470588
49,898,50,34.2307692307692
49,899,29,-5.625
49,900,2,-19.6746031746032
49,901,-65,-25.6231884057971
49,902,70,-60.2673267326733
49,903,167,157.611111111111
49,904,429,321.703703703704
49,905,-22,-286.127659574468
49,906,-193,-164.541176470588
49,907,-131,-148.3
49,908,-170,-141.727272727273
49,909,-119,-60.2673267326733
49,910,-39,-60.2673267326733
49,911,-147,-17.2549450549451
49,912,-63,-60.2673267326733
49,913,-8,-60.2673267326733
49,914,-13,-17.2549450549451
49,915,-4,-4.7
49,916,38,15.0914285714286
49,917,139,103.171428571429
49,918,314,283.684210526316
49,919,234,283.684210526316
49,920,-385,-343.857142857143
49,921,-122,-164.541176470588
49,922,-10,34.2307692307692
49,923,67,-17.2549450549451
49,924,-37,-5.625
49,925,-29,-17.2549450549451
49,926,25,-25.6231884057971
49,927,136,132.41095890411
49,928,364,321.703703703704
49,929,-50,106.181818181818
49,930,-74,-164.541176470588
49,931,-168,-148.3
49,932,-175,-141.727272727273
49,933,-37,-60.2673267326733
49,934,-89,-17.2549450549451
49,935,-48,-60.2673267326733
49,936,-43,-17.2549450549451
49,937,-28,-17.2549450549451
49,938,-14,-4.7
49,939,-4,-4.7
49,940,29,15.0914285714286
49,941,102,55.4556962025316
49,942,271,215.525
49,943,266,283.684210526316
49,944,-313,-343.857142857143
49,945,-132,-164.541176470588
49,946,20,34.2307692307692
49,947,48,55.4556962025316
49,948,15,-19.6746031746032
49,949,12,-19.6746031746032
49,950,-3,-25.6231884057971
49,951,176,132.41095890411
49,952,200,321.703703703704
49,953,-77,-73.7435897435897
49,954,-106,-219.622641509434
49,955,-162,-25.6231884057971
49,956,-94,-60.2673267326733
49,957,-61,-60.2673267326733
49,958,-10,-60.2673267326733
49,959,2,-17.2549450549451
49,960,-111,132.41095890411
49,961,10,-60.2673267326733
49,962,-47,15.0914285714286
49,963,-32,-17.2549450549451
49,964,3,-17.2549450549451
49,965,36,15.0914285714286
49,966,26,55.4556962025316
49,967,87,55.4556962025316
49,968,174,90.5
49,969,58,157.611111111111
49,970,62,-61.6896551724138
49,971,30,48.04
49,972,11,48.04
49,973,-4,-25.6231884057971
49,974,3,-19.6746031746032
49,975,-10,-19.6746031746032
49,976,-8,-17.2549450549451
49,977,2,-17.2549450549451
49,978,-143,-19.6746031746032
49,979,-105,-60.2673267326733
49,980,67,-60.2673267326733
49,981,-24,90.5
49,982,-68,-17.2549450549451
49,983,-20,-25.6231884057971
49,984,-30,-17.2549450549451
49,985,-46,-17.2549450549451
49,986,-57,-17.2549450549451
49,987,-42,-60.2673267326733
49,988,4,-17.2549450549451
49,989,1,15.0914285714286
49,990,22,15.0914285714286
49,991,87,55.4556962025316
49,992,99,215.525
49,993,155,215.525
49,994,128,138.545454545455
49,995,2,-227.724489795918
49,996,-28,48.04
49,997,39,-25.6231884057971
49,998,-21,-19.6746031746032
49,999,20,-17.2549450549451
49,1000,10,-19.6746031746032
49,1001,-112,-19.6746031746032
49,1002,24,-60.2673267326733
49,1003,-140,55.4556962025316
49,1004,-32,-60.2673267326733
49,1005,-123,-17.2549450549451
49,1006,-48,-60.2673267326733
49,1007,-42,-17.2549450549451
49,1008,-39,-17.2549450549451
49,1009,-11,-17.2549450549451
49,1010,-5,-17.2549450549451
49,1011,2,-17.2549450549451
49,1012,42,15.0914285714286
49,1013,114,103.171428571429
49,1014,308,106.181818181818
49,1015,282,201.516279069767
49,1016,-458,-343.857142857143
49,1017,-104,-164.541176470588
49,1018,26,34.2307692307692
49,1019,63,55.4556962025316
49,1020,-52,-5.625
49,1021,28,-60.2673267326733
49,1022,-18,-25.6231884057971
49,1023,189,128.619047619048
49,1024,402,321.703703703704
49,1025,-15,-73.7435897435897
49,1026,-147,-164.541176470588
49,1027,-203,-148.3
49,1028,-140,-141.727272727273
49,1029,-92,-60.2673267326733
49,1030,-80,-60.2673267326733
49,1031,-112,-60.2673267326733
49,1032,-17,-60.2673267326733
49,1033,-13,-17.2549450549451
49,1034,-2,-4.7
49,1035,0,15.0914285714286
49,1036,39,15.0914285714286
49,1037,149,103.171428571429
49,1038,319,283.684210526316
49,1039,247,201.516279069767
49,1040,-427,-343.857142857143
49,1041,-106,-164.541176470588
49,1042,-3,34.2307692307692
49,1043,24,15.0914285714286
49,1044,40,-19.6746031746032
49,1045,-28,-19.6746031746032
49,1046,-116,-17.2549450549451
49,1047,258,-60.2673267326733
49,1048,418,321.703703703704
49,1049,37,-73.7435897435897
49,1050,-243,-164.541176470588
49,1051,-162,-148.3
49,1052,-100,-141.727272727273
49,1053,-95,-60.2673267326733
49,1054,-110,-60.2673267326733
49,1055,-100,-60.2673267326733
49,1056,-14,-60.2673267326733
49,1057,-20,-4.7
49,1058,-6,-4.7
49,1059,-3,-17.2549450549451
49,1060,45,15.0914285714286
49,1061,136,103.171428571429
49,1062,302,283.684210526316
49,1063,194,201.516279069767
49,1064,-331,-343.857142857143
49,1065,-114,-61.6896551724138
49,1066,-2,-25.6231884057971
49,1067,50,15.0914285714286
49,1068,-4,-5.625
49,1069,-17,-19.6746031746032
49,1070,32,-25.6231884057971
49,1071,184,132.41095890411
49,1072,358,321.703703703704
49,1073,54,-73.7435897435897
49,1074,-239,-164.541176470588
49,1075,-139,-148.3
49,1076,-193,-42.7
49,1077,-32,-60.2673267326733
49,1078,-136,-17.2549450549451
49,1079,-89,-60.2673267326733
49,1080,-21,-60.2673267326733
49,1081,-31,-4.7
49,1082,-5,-17.2549450549451
49,1083,3,-4.7
49,1084,32,15.0914285714286
49,1085,142,55.4556962025316
49,1086,290,283.684210526316
49,1087,266,106.181818181818
49,1088,-396,-343.857142857143
49,1089,-162,-164.541176470588
49,1090,45,34.2307692307692
49,1091,60,55.4556962025316
49,1092,24,-5.625
49,1093,-85,-19.6746031746032
49,1094,45,-25.6231884057971
49,1095,136,132.41095890411
49,1096,459,321.703703703704
49,1097,-98,-73.7435897435897
49,1098,-160,-219.622641509434
49,1099,-180,-148.3
49,1100,-85,-141.727272727273
49,1101,-80,-60.2673267326733
49,1102,-85,-60.2673267326733
49,1103,-106,-60.2673267326733
49,1104,-28,-60.2673267326733
49,1105,-29,-4.7
49,1106,-8,-4.7
49,1107,6,-17.2549450549451
49,1108,25,15.0914285714286
49,1109,126,103.171428571429
49,1110,258,283.684210526316
49,1111,247,8.5
49,1112,-272,-343.857142857143
49,1113,-147,-164.541176470588
49,1114,14,34.2307692307692
49,1115,75,-19.6746031746032
49,1116,7,-5.625
49,1117,-14,-19.6746031746032
49,1118,49,-25.6231884057971
49,1119,112,157.611111111111
49,1120,249,255.707070707071
49,1121,-70,-55.1
49,1122,-202,-219.622641509434
49,1123,-80,-148.3
49,1124,-111,-60.2673267326733
49,1125,-76,-60.2673267326733
49,1126,-6,-60.2673267326733
49,1127,-35,-17.2549450549451
49,1128,-39,-17.2549450549451
49,1129,-38,-4.7
49,1130,-54,-17.2549450549451
49,1131,-17,-60.2673267326733
49,1132,4,-17.2549450549451
49,1133,32,15.0914285714286
49,1134,18,55.4556962025316
49,1135,114,55.4556962025316
49,1136,97,201.516279069767
49,1137,118,157.611111111111
49,1138,74,138.545454545455
49,1139,77,48.04
49,1140,-20,-25.6231884057971
49,1141,-55,-25.6231884057971
49,1142,17,-25.6231884057971
49,1143,-39,-19.6746031746032
49,1144,42,-17.2549450549451
49,1145,-2,-19.6746031746032
49,1146,-93,-19.6746031746032
49,1147,-85,-60.2673267326733
49,1148,-23,-60.2673267326733
49,1149,-20,-17.2549450549451
49,1150,-47,-17.2549450549451
49,1151,-69,-17.2549450549451
49,1152,-66,-60.2673267326733
49,1153,-14,-60.2673267326733
49,1154,-32,-17.2549450549451
49,1155,-27,-17.2549450549451
49,1156,5,-17.2549450549451
49,1157,0,15.0914285714286
49,1158,49,15.0914285714286
49,1159,40,179.536585365854
49,1160,121,103.171428571429
49,1161,135,138.545454545455
49,1162,73,8.5
49,1163,54,48.04
49,1164,32,48.04
49,1165,3,-25.6231884057971
49,1166,-76,-25.6231884057971
49,1167,-29,-60.2673267326733
49,1168,-39,-17.2549450549451
49,1169,-153,-17.2549450549451
49,1170,-44,-60.2673267326733
49,1171,8,-17.2549450549451
49,1172,15,-19.6746031746032
49,1173,-51,55.4556962025316
49,1174,-70,-60.2673267326733
49,1175,-54,-60.2673267326733
49,1176,-22,-60.2673267326733
49,1177,-6,-17.2549450549451
49,1178,0,-17.2549450549451
49,1179,6,-19.6746031746032
49,1180,14,36.6875
49,1181,116,103.171428571429
49,1182,266,283.684210526316
49,1183,198,97.0571428571429
49,1184,-329,-343.857142857143
49,1185,-63,-146.6875
49,1186,47,-25.6231884057971
49,1187,25,-19.6746031746032
49,1188,4,-19.6746031746032
49,1189,-2,-25.6231884057971
49,1190,-13,-19.6746031746032
49,1191,177,128.619047619048
49,1192,407,321.703703703704
49,1193,-15,-73.7435897435897
49,1194,-203,-164.541176470588
49,1195,-183,-148.3
49,1196,-140,-141.727272727273
49,1197,-110,-60.2673267326733
49,1198,-94,-60.2673267326733
49,1199,-66,-60.2673267326733
49,1200,-29,-60.2673267326733
49,1201,-5,-4.7
49,1202,-7,-4.7
49,1203,3,-17.2549450549451
49,1204,27,15.0914285714286
49,1205,143,103.171428571429
49,1206,323,283.684210526316
49,1207,203,201.516279069767
49,1208,-378,-343.857142857143
49,1209,-77,-164.541176470588
49,1210,-36,-25.6231884057971
49,1211,69,-17.2549450549451
49,1212,-30,-5.625
49,1213,8,-17.2549450549451
49,1214,45,-25.6231884057971
49,1215,139,132.41095890411
49,1216,423,321.703703703704
49,1217,-54,8.5
49,1218,-204,-164.541176470588
49,1219,-162,-148.3
49,1220,-131,-141.727272727273
49,1221,-93,-60.2673267326733
49,1222,-86,-60.2673267326733
49,1223,-80,-60.2673267326733
49,1224,-35,-60.2673267326733
49,1225,-17,-4.7
49,1226,1,-4.7
49,1227,0,15.0914285714286
49,1228,36,15.0914285714286
49,1229,130,103.171428571429
49,1230,309,283.684210526316
49,1231,255,201.516279069767
49,1232,-396,-343.857142857143
49,1233,-127,-164.541176470588
49,1234,25,34.2307692307692
49,1235,41,55.4556962025316
49,1236,33,-19.6746031746032
49,1237,-77,-19.6746031746032
49,1238,42,-60.2673267326733
49,1239,163,132.41095890411
49,1240,417,321.703703703704
49,1241,4,-73.7435897435897
49,1242,-176,-219.622641509434
49,1243,-186,-148.3
49,1244,-119,-141.727272727273
49,1245,-148,-60.2673267326733
49,1246,-97,-60.2673267326733
49,1247,-69,-60.2673267326733
49,1248,-39,-60.2673267326733
49,1249,-14,-4.7
49,1250,-8,-4.7
49,1251,4,-17.2549450549451
49,1252,31,15.0914285714286
49,1253,126,103.171428571429
49,1254,308,283.684210526316
49,1255,223,201.516279069767
49,1256,-345,-343.857142857143
49,1257,-148,-164.541176470588
49,1258,55,34.2307692307692
49,1259,17,-5.625
49,1260,4,-19.6746031746032
49,1261,-34,-25.6231884057971
49,1262,20,-17.2549450549451
49,1263,150,132.41095890411
49,1264,393,321.703703703704
49,1265,1,-73.7435897435897
49,1266,-188,-219.622641509434
49,1267,-145,-148.3
49,1268,-142,-141.727272727273
49,1269,-77,-60.2673267326733
49,1270,-103,-60.2673267326733
49,1271,-71,-60.2673267326733
49,1272,-44,-60.2673267326733
49,1273,-21,-4.7
49,1274,-11,-17.2549450549451
49,1275,-2,-17.2549450549451
49,1276,26,15.0914285714286
49,1277,11,103.171428571429
49,1278,89,103.171428571429
49,1279,-14,215.525
49,1280,101,-17.2549450549451
49,1281,-27,48.04
49,1282,58,-17.2549450549451
49,1283,64,-25.6231884057971
49,1284,-25,-5.625
49,1285,17,-25.6231884057971
49,1286,17,-25.6231884057971
49,1287,143,55.4556962025316
49,1288,263,201.516279069767
49,1289,-90,-73.7435897435897
49,1290,-148,-164.541176470588
49,1291,-122,-148.3
49,1292,-84,-60.2673267326733
49,1293,-68,-60.2673267326733
49,1294,-26,-60.2673267326733
49,1295,-12,-17.2549450549451
49,1296,-64,-17.2549450549451
49,1297,-31,-60.2673267326733
49,1298,-64,-17.2549450549451
49,1299,-11,-60.2673267326733
49,1300,1,-17.2549450549451
49,1301,12,15.0914285714286
49,1302,39,55.4556962025316
49,1303,100,55.4556962025316
49,1304,109,201.516279069767
49,1305,136,157.611111111111
49,1306,92,48.04
49,1307,47,-98.0769230769231
49,1308,23,-25.6231884057971
49,1309,-31,-25.6231884057971
49,1310,24,-25.6231884057971
49,1311,-31,-19.6746031746032
49,1312,-19,-17.2549450549451
49,1313,-212,-17.2549450549451
49,1314,-25,-60.2673267326733
49,1315,-115,-17.2549450549451
49,1316,-32,-60.2673267326733
49,1317,40,-17.2549450549451
49,1318,-5,36.6875
49,1319,-43,-17.2549450549451
49,1320,-7,-4.7
49,1321,-27,-17.2549450549451
49,1322,-38,-17.2549450549451
49,1323,-38,-17.2549450549451
49,1324,0,-17.2549450549451
49,1325,6,-19.6746031746032
49,1326,23,15.0914285714286
49,1327,80,103.171428571429
49,1328,98,102.714285714286
49,1329,111,157.611111111111
49,1330,121,138.545454545455
49,1331,56,48.04
49,1332,38,48.04
49,1333,36,-25.6231884057971
49,1334,-2,-25.6231884057971
49,1335,-64,-19.6746031746032
49,1336,-8,-60.2673267326733
49,1337,-14,-17.2549450549451
49,1338,-26,-17.2549450549451
49,1339,-165,-17.2549450549451
49,1340,-80,-60.2673267326733
49,1341,-39,-60.2673267326733
49,1342,-71,-17.2549450549451
49,1343,-63,-60.2673267326733
49,1344,-33,-60.2673267326733
49,1345,-5,-17.2549450549451
49,1346,-3,-4.7
49,1347,5,15.0914285714286
49,1348,25,15.0914285714286
49,1349,123,103.171428571429
49,1350,277,283.684210526316
49,1351,237,8.5
49,1352,-368,-343.857142857143
49,1353,-106,-164.541176470588
49,1354,46,34.2307692307692
49,1355,31,-19.6746031746032
49,1356,-22,-19.6746031746032
49,1357,-6,-17.2549450549451
49,1358,26,-17.2549450549451
49,1359,190,132.41095890411
49,1360,354,321.703703703704
49,1361,-6,-73.7435897435897
49,1362,-257,-164.541176470588
49,1363,-123,-148.3
49,1364,-142,-60.2673267326733
49,1365,-98,-60.2673267326733
49,1366,-64,-60.2673267326733
49,1367,-68,-60.2673267326733
49,1368,-33,-60.2673267326733
49,1369,-16,-4.7
49,1370,-8,-17.2549450549451
49,1371,2,-17.2549450549451
49,1372,31,15.0914285714286
49,1373,28,103.171428571429
49,1374,115,103.171428571429
49,1375,439,201.516279069767
49,1376,-216,97.0571428571429
49,1377,-194,-164.541176470588
49,1378,-12,34.2307692307692
49,1379,104,-17.2549450549451
49,1380,-14,-5.625
49,1381,-31,-17.2549450549451
49,1382,28,-25.6231884057971
49,1383,175,36.6875
49,1384,354,255.707070707071
49,1385,42,106.181818181818
49,1386,-227,-219.622641509434
49,1387,-191,-148.3
49,1388,-128,-60.2673267326733
49,1389,-119,-60.2673267326733
49,1390,-22,-60.2673267326733
49,1391,-107,-17.2549450549451
49,1392,-23,-60.2673267326733
49,1393,-29,-4.7
49,1394,3,-4.7
49,1395,-7,15.0914285714286
49,1396,35,-17.2549450549451
49,1397,133,103.171428571429
49,1398,320,283.684210526316
49,1399,190,201.516279069767
49,1400,-315,-343.857142857143
49,1401,-134,-61.6896551724138
49,1402,2,48.04
49,1403,72,15.0914285714286
49,1404,-13,-5.625
49,1405,-39,-17.2549450549451
49,1406,11,-25.6231884057971
49,1407,165,132.41095890411
49,1408,420,321.703703703704
49,1409,-3,-73.7435897435897
49,1410,-199,-219.622641509434
49,1411,-222,-148.3
49,1412,-112,-141.727272727273
49,1413,-89,-60.2673267326733
49,1414,-88,-60.2673267326733
49,1415,-62,-60.2673267326733
49,1416,-55,-60.2673267326733
49,1417,-6,-60.2673267326733
49,1418,-11,-4.7
49,1419,1,-17.2549450549451
49,1420,32,15.0914285714286
49,1421,128,103.171428571429
49,1422,299,283.684210526316
49,1423,218,283.684210526316
49,1424,-345,-343.857142857143
49,1425,-138,-164.541176470588
49,1426,75,34.2307692307692
49,1427,69,-5.625
49,1428,-43,-5.625
49,1429,-52,-25.6231884057971
49,1430,12,-25.6231884057971
49,1431,159,132.41095890411
49,1432,478,321.703703703704
49,1433,-65,-73.7435897435897
49,1434,-155,-219.622641509434
49,1435,-163,-148.3
49,1436,-158,-141.727272727273
49,1437,-102,-60.2673267326733
49,1438,-28,-60.2673267326733
49,1439,-138,-17.2549450549451
49,1440,-34,-60.2673267326733
49,1441,-35,-17.2549450549451
49,1442,-13,-4.7
49,1443,3,-17.2549450549451
49,1444,27,15.0914285714286
49,1445,121,103.171428571429
49,1446,222,283.684210526316
49,1447,289,201.516279069767
49,1448,-290,-286.127659574468
49,1449,-147,-164.541176470588
49,1450,72,34.2307692307692
49,1451,62,-5.625
49,1452,-8,-5.625
49,1453,-29,-25.6231884057971
49,1454,55,-25.6231884057971
49,1455,105,157.611111111111
49,1456,303,321.703703703704
49,1457,-122,-55.1
49,1458,-178,-219.622641509434
49,1459,-132,-148.3
49,1460,-104,-60.2673267326733
49,1461,-42,-60.2673267326733
49,1462,-92,-17.2549450549451
49,1463,-16,-60.2673267326733
49,1464,-13,-17.2549450549451
49,1465,-49,-4.7
49,1466,-13,-17.2549450549451
49,1467,-17,-17.2549450549451
49,1468,-4,-17.2549450549451
49,1469,18,15.0914285714286
49,1470,37,103.171428571429
49,1471,125,55.4556962025316
49,1472,103,283.684210526316
49,1473,188,8.5
49,1474,56,-180.416666666667
49,1475,118,-61.6896551724138
49,1476,-10,-25.6231884057971
49,1477,-46,-25.6231884057971
49,1478,-2,-25.6231884057971
49,1479,45,-19.6746031746032
49,1480,-6,-19.6746031746032
49,1481,-81,-17.2549450549451
49,1482,-66,-60.2673267326733
49,1483,-147,-60.2673267326733
49,1484,-3,-60.2673267326733
49,1485,-77,15.0914285714286
49,1486,-26,-60.2673267326733
49,1487,-48,-17.2549450549451
49,1488,-56,-17.2549450549451
49,1489,-12,-60.2673267326733
49,1490,-64,-17.2549450549451
49,1491,-29,-60.2673267326733
49,1492,-15,-17.2549450549451
49,1493,9,-17.2549450549451
49,1494,21,15.0914285714286
49,1495,83,103.171428571429
49,1496,146,201.516279069767
49,1497,155,157.611111111111
49,1498,-153,-227.724489795918
49,1499,26,-61.6896551724138
49,1500,-136,48.04
49,1501,-13,-60.2673267326733
49,1502,127,-17.2549450549451
49,1503,80,-5.625
49,1504,-13,-73.7435897435897
49,1505,34,-42.7
49,1506,-36,-25.6231884057971
49,1507,-67,-17.2549450549451
49,1508,-84,-60.2673267326733
49,1509,-134,-60.2673267326733
49,1510,-10,-60.2673267326733
49,1511,-20,-17.2549450549451
49,1512,-16,-17.2549450549451
49,1513,-5,-17.2549450549451
49,1514,-2,-17.2549450549451
49,1515,4,15.0914285714286
49,1516,30,15.0914285714286
49,1517,124,103.171428571429
49,1518,281,106.181818181818
49,1519,213,201.516279069767
49,1520,-298,-343.857142857143
49,1521,-164,-164.541176470588
49,1522,48,-25.6231884057971
49,1523,41,55.4556962025316
49,1524,9,-19.6746031746032
49,1525,-16,-25.6231884057971
49,1526,34,-17.2549450549451
49,1527,151,132.41095890411
49,1528,433,321.703703703704
49,1529,-78,-73.7435897435897
49,1530,-516,-219.622641509434
49,1531,-38,-148.3
49,1532,-16,-17.2549450549451
49,1533,-84,-17.2549450549451
49,1534,-59,-60.2673267326733
49,1535,-43,-60.2673267326733
49,1536,-26,-17.2549450549451
49,1537,-25,-4.7
49,1538,-5,-17.2549450549451
49,1539,1,-17.2549450549451
49,1540,30,15.0914285714286
49,1541,135,103.171428571429
49,1542,350,283.684210526316
49,1543,204,201.516279069767
49,1544,-395,-343.857142857143
49,1545,-150,-164.541176470588
49,1546,78,48.04
49,1547,49,-5.625
49,1548,26,-5.625
49,1549,-29,-25.6231884057971
49,1550,0,-25.6231884057971
49,1551,165,132.41095890411
49,1552,411,321.703703703704
49,1553,-253,-73.7435897435897
49,1554,-149,-219.622641509434
49,1555,-118,34.2307692307692
49,1556,-78,-141.727272727273
49,1557,-48,-60.2673267326733
49,1558,-96,-17.2549450549451
49,1559,-81,-60.2673267326733
49,1560,-34,-60.2673267326733
49,1561,-4,-17.2549450549451
49,1562,-10,15.0914285714286
49,1563,1,-17.2549450549451
49,1564,32,15.0914285714286
49,1565,147,103.171428571429
49,1566,366,283.684210526316
49,1567,187,201.516279069767
49,1568,-364,-343.857142857143
49,1569,-151,-61.6896551724138
49,1570,42,-25.6231884057971
49,1571,45,55.4556962025316
49,1572,4,-19.6746031746032
49,1573,-50,-19.6746031746032
49,1574,50,-60.2673267326733
49,1575,144,157.611111111111
49,1576,323,321.703703703704
49,1577,-100,-286.127659574468
49,1578,-103,-219.622641509434
49,1579,-189,-148.3
49,1580,-40,-60.2673267326733
49,1581,-70,-17.2549450549451
49,1582,-141,-60.2673267326733
49,1583,-80,-60.2673267326733
49,1584,-35,-60.2673267326733
49,1585,-5,-17.2549450549451
49,1586,-11,-4.7
49,1587,-3,-17.2549450549451
49,1588,31,15.0914285714286
49,1589,155,103.171428571429
49,1590,289,283.684210526316
49,1591,226,106.181818181818
49,1592,-295,-343.857142857143
49,1593,-179,-164.541176470588
49,1594,45,34.2307692307692
49,1595,54,55.4556962025316
49,1596,14,-5.625
49,1597,-41,-19.6746031746032
49,1598,0,-25.6231884057971
49,1599,160,132.41095890411
49,1600,355,321.703703703704
49,1601,121,-73.7435897435897
49,1602,-308,-343.857142857143
49,1603,-159,-148.3
49,1604,-145,-42.7
49,1605,-131,-60.2673267326733
49,1606,-41,-60.2673267326733
49,1607,-46,-17.2549450549451
49,1608,-69,-17.2549450549451
49,1609,-26,-60.2673267326733
49,1610,-8,-4.7
49,1611,0,-17.2549450549451
49,1612,30,15.0914285714286
49,1613,113,103.171428571429
49,1614,274,283.684210526316
49,1615,319,283.684210526316
49,1616,-355,-343.857142857143
49,1617,-127,-164.541176470588
49,1618,19,34.2307692307692
49,1619,90,55.4556962025316
49,1620,-20,-5.625
49,1621,-13,-17.2549450549451
49,1622,12,-25.6231884057971
49,1623,165,132.41095890411
49,1624,297,321.703703703704
49,1625,-76,-73.7435897435897
49,1626,-200,-219.622641509434
49,1627,-173,-148.3
49,1628,-57,-60.2673267326733
49,1629,-55,-60.2673267326733
49,1630,-73,-60.2673267326733
49,1631,-43,-60.2673267326733
49,1632,-20,-17.2549450549451
49,1633,-36,-4.7
49,1634,-41,-4.7
49,1635,-26,-17.2549450549451
49,1636,2,-17.2549450549451
49,1637,16,15.0914285714286
49,1638,72,103.171428571429
49,1639,60,179.536585365854
49,1640,126,179.536585365854
49,1641,154,138.545454545455
49,1642,15,138.545454545455
49,1643,127,-61.6896551724138
49,1644,-67,48.04
49,1645,-35,-60.2673267326733
49,1646,-249,-25.6231884057971
49,1647,201,-60.2673267326733
49,1648,-31,-5.625
49,1649,-20,-17.2549450549451
49,1650,-29,-25.6231884057971
49,1651,-113,-17.2549450549451
49,1652,-33,-60.2673267326733
49,1653,-26,-4.7
49,1654,-24,-17.2549450549451
49,1655,-24,-17.2549450549451
49,1656,0,-17.2549450549451
49,1657,-18,15.0914285714286
49,1658,-63,-17.2549450549451
49,1659,-37,-60.2673267326733
49,1660,0,-17.2549450549451
49,1661,5,15.0914285714286
49,1662,13,15.0914285714286
49,1663,99,55.4556962025316
49,1664,130,201.516279069767
49,1665,122,157.611111111111
49,1666,97,138.545454545455
49,1667,144,-98.0769230769231
49,1668,-85,48.04
49,1669,-164,-61.6896551724138
49,1670,14,-25.6231884057971
49,1671,-218,-19.6746031746032
49,1672,60,-60.2673267326733
49,1673,31,-5.625
49,1674,28,-19.6746031746032
49,1675,-81,138.545454545455
49,1676,-45,-60.2673267326733
49,1677,-52,-17.2549450549451
49,1678,-34,-60.2673267326733
49,1679,-48,-17.2549450549451
49,1680,-25,-17.2549450549451
49,1681,1,-17.2549450549451
49,1682,-4,36.6875
49,1683,8,15.0914285714286
49,1684,24,15.0914285714286
49,1685,109,103.171428571429
49,1686,288,283.684210526316
49,1687,266,97.0571428571429
49,1688,-357,-343.857142857143
49,1689,-136,-164.541176470588
49,1690,23,34.2307692307692
49,1691,54,-19.6746031746032
49,1692,5,-5.625
49,1693,-42,-19.6746031746032
49,1694,36,-25.6231884057971
49,1695,162,132.41095890411
49,1696,401,321.703703703704
49,1697,-11,-73.7435897435897
49,1698,-261,-219.622641509434
49,1699,-157,-148.3
49,1700,-138,-141.727272727273
49,1701,-117,-60.2673267326733
49,1702,-47,-60.2673267326733
49,1703,-76,-17.2549450549451
49,1704,-17,-60.2673267326733
49,1705,-6,-4.7
49,1706,-11,-17.2549450549451
49,1707,4,-17.2549450549451
49,1708,34,15.0914285714286
49,1709,105,103.171428571429
49,1710,122,283.684210526316
49,1711,424,201.516279069767
49,1712,-298,-180.416666666667
49,1713,-191,-164.541176470588
49,1714,14,34.2307692307692
49,1715,79,55.4556962025316
49,1716,-9,-5.625
49,1717,-37,-17.2549450549451
49,1718,66,-25.6231884057971
49,1719,163,157.611111111111
49,1720,384,321.703703703704
49,1721,-46,-286.127659574468
49,1722,-221,-219.622641509434
49,1723,-162,-148.3
49,1724,-121,-141.727272727273
49,1725,-98,-60.2673267326733
49,1726,-107,-60.2673267326733
49,1727,-62,-60.2673267326733
49,1728,-33,-60.2673267326733
49,1729,-8,-4.7
49,1730,3,-4.7
49,1731,1,15.0914285714286
49,1732,30,15.0914285714286
49,1733,141,103.171428571429
49,1734,373,283.684210526316
49,1735,254,201.516279069767
49,1736,-460,-343.857142857143
49,1737,-170,-164.541176470588
49,1738,75,34.2307692307692
49,1739,107,-5.625
49,1740,-60,-5.625
49,1741,1,-25.6231884057971
49,1742,37,-25.6231884057971
49,1743,155,132.41095890411
49,1744,377,321.703703703704
49,1745,-58,-73.7435897435897
49,1746,-169,-219.622641509434
49,1747,-216,-148.3
49,1748,-114,-141.727272727273
49,1749,-78,-60.2673267326733
49,1750,-78,-60.2673267326733
49,1751,-92,-60.2673267326733
49,1752,-42,-60.2673267326733
49,1753,-6,-4.7
49,1754,-12,-4.7
49,1755,3,-17.2549450549451
49,1756,27,15.0914285714286
49,1757,128,103.171428571429
49,1758,369,283.684210526316
49,1759,222,201.516279069767
49,1760,-358,-343.857142857143
49,1761,-162,-164.541176470588
49,1762,42,34.2307692307692
49,1763,18,55.4556962025316
49,1764,-4,-19.6746031746032
49,1765,-17,-19.6746031746032
49,1766,65,-17.2549450549451
49,1767,144,157.611111111111
49,1768,362,321.703703703704
49,1769,9,-286.127659574468
49,1770,-243,-219.622641509434
49,1771,-139,-148.3
49,1772,-164,-141.727272727273
49,1773,-16,-60.2673267326733
49,1774,-139,-17.2549450549451
49,1775,-70,-60.2673267326733
49,1776,-50,-60.2673267326733
49,1777,-12,-60.2673267326733
49,1778,-15,-17.2549450549451
49,1779,2,-4.7
49,1780,22,15.0914285714286
49,1781,79,55.4556962025316
49,1782,313,179.536585365854
49,1783,269,283.684210526316
49,1784,-292,-343.857142857143
49,1785,-142,-164.541176470588
49,1786,53,34.2307692307692
49,1787,101,-5.625
49,1788,-42,-5.625
49,1789,68,-25.6231884057971
49,1790,90,-25.6231884057971
49,1791,2,157.611111111111
49,1792,89,-42.7
49,1793,-71,-98.0769230769231
49,1794,-94,-60.2673267326733
49,1795,-96,-42.7
49,1796,-53,-60.2673267326733
49,1797,-26,-60.2673267326733
49,1798,-103,-17.2549450549451
49,1799,-6,-60.2673267326733
49,1800,-89,-17.2549450549451
49,1801,-10,-60.2673267326733
49,1802,-34,-17.2549450549451
49,1803,-23,-17.2549450549451
49,1804,10,-17.2549450549451
49,1805,14,15.0914285714286
49,1806,30,103.171428571429
49,1807,96,55.4556962025316
49,1808,75,97.0571428571429
49,1809,180,157.611111111111
49,1810,75,-180.416666666667
49,1811,-21,-61.6896551724138
49,1812,33,48.04
49,1813,10,-25.6231884057971
49,1814,49,-19.6746031746032
49,1815,-101,-5.625
49,1816,1,-60.2673267326733
49,1817,-21,-25.6231884057971
49,1818,-50,-17.2549450549451
49,1819,-185,-60.2673267326733
49,1820,-103,-60.2673267326733
49,1821,-26,-60.2673267326733
49,1822,67,-17.2549450549451
49,1823,-46,90.5
49,1824,-26,-17.2549450549451
49,1825,11,-42.7
49,1826,-42,103.171428571429
49,1827,-20,-17.2549450549451
49,1828,-10,-17.2549450549451
49,1829,3,-17.2549450549451
49,1830,27,36.6875
49,1831,87,103.171428571429
49,1832,103,90.5
49,1833,156,201.516279069767
49,1834,101,138.545454545455
49,1835,56,-227.724489795918
49,1836,-52,-25.6231884057971
49,1837,-36,-25.6231884057971
49,1838,-102,-25.6231884057971
49,1839,119,-60.2673267326733
49,1840,29,-5.625
49,1841,-3,-19.6746031746032
49,1842,-208,-25.6231884057971
49,1843,-188,-60.2673267326733
49,1844,67,-60.2673267326733
49,1845,-5,179.536585365854
49,1846,-43,-17.2549450549451
49,1847,-19,-98.0769230769231
49,1848,-49,-17.2549450549451
49,1849,-15,-4.7
49,1850,-12,-4.7
49,1851,-17,-17.2549450549451
49,1852,-7,-17.2549450549451
49,1853,11,-17.2549450549451
49,1854,28,103.171428571429
49,1855,84,55.4556962025316
49,1856,102,201.516279069767
49,1857,130,97.0571428571429
49,1858,100,138.545454545455
49,1859,84,-25.6231884057971
49,1860,23,-25.6231884057971
49,1861,-54,-25.6231884057971
49,1862,-63,-25.6231884057971
49,1863,51,-60.2673267326733
49,1864,-2,-5.625
49,1865,-16,-19.6746031746032
49,1866,-108,-25.6231884057971
49,1867,-113,-60.2673267326733
49,1868,-77,-60.2673267326733
49,1869,-63,-60.2673267326733
49,1870,-51,-60.2673267326733
49,1871,-41,-60.2673267326733
49,1872,-5,-17.2549450549451
49,1873,-19,-17.2549450549451
49,1874,5,-17.2549450549451
49,1875,-2,15.0914285714286
49,1876,30,15.0914285714286
49,1877,134,103.171428571429
49,1878,321,157.611111111111
49,1879,139,201.516279069767
49,1880,-309,-343.857142857143
49,1881,-151,-148.3
49,1882,26,-25.6231884057971
49,1883,89,55.4556962025316
49,1884,-12,-5.625
49,1885,-1,-17.2549450549451
49,1886,18,-25.6231884057971
49,1887,166,132.41095890411
49,1888,398,321.703703703704
49,1889,-17,-73.7435897435897
49,1890,-287,-219.622641509434
49,1891,-167,-148.3
49,1892,-117,-141.727272727273
49,1893,-89,-60.2673267326733
49,1894,-84,-60.2673267326733
49,1895,-58,-60.2673267326733
49,1896,-24,-60.2673267326733
49,1897,-4,-4.7
49,1898,-5,15.0914285714286
49,1899,1,-17.2549450549451
49,1900,35,15.0914285714286
49,1901,170,103.171428571429
49,1902,290,283.684210526316
49,1903,225,201.516279069767
49,1904,-435,-343.857142857143
49,1905,-55,-164.541176470588
49,1906,-18,34.2307692307692
49,1907,49,-17.2549450549451
49,1908,-32,-5.625
49,1909,-23,-17.2549450549451
49,1910,34,-25.6231884057971
49,1911,185,132.41095890411
49,1912,433,321.703703703704
49,1913,-24,106.181818181818
49,1914,-177,-164.541176470588
49,1915,-250,-148.3
49,1916,-116,-141.727272727273
49,1917,-77,-60.2673267326733
49,1918,-69,-60.2673267326733
49,1919,-85,-60.2673267326733
49,1920,-47,-60.2673267326733
49,1921,-10,-4.7
49,1922,1,-4.7
49,1923,-1,15.0914285714286
49,1924,30,15.0914285714286
49,1925,162,103.171428571429
49,1926,282,283.684210526316
49,1927,164,283.684210526316
49,1928,-523,-343.857142857143
49,1929,-74,-61.6896551724138
49,1930,13,-25.6231884057971
49,1931,75,55.4556962025316
49,1932,54,-5.625
49,1933,25,-5.625
49,1934,54,-25.6231884057971
49,1935,146,138.545454545455
49,1936,392,321.703703703704
49,1937,27,-286.127659574468
49,1938,-277,-164.541176470588
49,1939,-152,-148.3
49,1940,-134,-141.727272727273
49,1941,-55,-60.2673267326733
49,1942,-48,-60.2673267326733
49,1943,-73,-17.2549450549451
49,1944,-67,-60.2673267326733
49,1945,-18,-60.2673267326733
49,1946,-2,-17.2549450549451
49,1947,-1,15.0914285714286
49,1948,32,15.0914285714286
49,1949,100,103.171428571429
49,1950,346,215.525
49,1951,233,283.684210526316
49,1952,-375,-343.857142857143
49,1953,-120,-164.541176470588
49,1954,72,34.2307692307692
49,1955,27,-5.625
49,1956,31,-19.6746031746032
49,1957,-101,-25.6231884057971
49,1958,78,-60.2673267326733
49,1959,139,157.611111111111
49,1960,302,321.703703703704
49,1961,20,-55.1
49,1962,-224,-164.541176470588
49,1963,-177,-148.3
49,1964,-90,-60.2673267326733
49,1965,-2,-60.2673267326733
49,1966,-51,-19.6746031746032
49,1967,-98,-60.2673267326733
49,1968,-33,-60.2673267326733
49,1969,-40,-4.7
49,1970,-34,-4.7
49,1971,-32,-17.2549450549451
49,1972,4,-17.2549450549451
49,1973,19,15.0914285714286
49,1974,48,103.171428571429
49,1975,148,103.171428571429
49,1976,118,201.516279069767
49,1977,74,-227.724489795918
49,1978,156,138.545454545455
49,1979,116,48.04
49,1980,-26,-227.724489795918
49,1981,-42,-25.6231884057971
49,1982,-114,-25.6231884057971
49,1983,-398,-60.2673267326733
49,1984,57,-60.2673267326733
49,1985,-4,-5.625
49,1986,48,-19.6746031746032
49,1987,-21,138.545454545455
49,1988,-13,-17.2549450549451
49,1989,13,-42.7
49,1990,-61,103.171428571429
49,1991,-9,-60.2673267326733
49,1992,0,-17.2549450549451
49,1993,-28,15.0914285714286
49,1994,-50,-17.2549450549451
49,1995,-18,-60.2673267326733
49,1996,27,-17.2549450549451
49,1997,-20,36.6875
49,1998,35,-17.2549450549451
49,1999,100,55.4556962025316
49,2000,129,157.611111111111
49,2001,196,283.684210526316
49,2002,90,-55.1
49,2003,172,-61.6896551724138
49,2004,-28,-180.416666666667
49,2005,-82,-61.6896551724138
49,2006,49,-25.6231884057971
49,2007,5,-5.625
49,2008,-30,-19.6746031746032
49,2009,-111,-25.6231884057971
49,2010,-64,-60.2673267326733
49,2011,-140,-60.2673267326733
49,2012,-150,-60.2673267326733
49,2013,-17,-60.2673267326733
49,2014,-97,-17.2549450549451
49,2015,-51,-60.2673267326733
49,2016,-23,-60.2673267326733
49,2017,-1,-17.2549450549451
49,2018,-5,15.0914285714286
49,2019,-7,-17.2549450549451
49,2020,35,-17.2549450549451
49,2021,140,55.4556962025316
49,2022,267,283.684210526316
49,2023,283,201.516279069767
49,2024,-369,-343.857142857143
49,2025,-151,-164.541176470588
49,2026,26,34.2307692307692
49,2027,96,55.4556962025316
49,2028,-9,-5.625
49,2029,17,-17.2549450549451
49,2030,6,-25.6231884057971
49,2031,142,132.41095890411
49,2032,383,321.703703703704
49,2033,97,-73.7435897435897
49,2034,-335,-219.622641509434
49,2035,-243,-148.3
49,2036,-105,-25.6231884057971
49,2037,-126,-60.2673267326733
49,2038,-66,-60.2673267326733
49,2039,-61,-60.2673267326733
49,2040,-22,-60.2673267326733
49,2041,-4,128.619047619048
49,2042,2,15.0914285714286
49,2043,1,15.0914285714286
49,2044,35,15.0914285714286
49,2045,167,103.171428571429
49,2046,385,283.684210526316
49,2047,154,201.516279069767
49,2048,-392,-343.857142857143
49,2049,-162,-61.6896551724138
49,2050,51,-25.6231884057971
49,2051,69,-5.625
49,2052,12,-5.625
49,2053,-73,-25.6231884057971
49,2054,71,-25.6231884057971
49,2055,210,157.611111111111
49,2056,434,321.703703703704
49,2057,-93,-286.127659574468
49,2058,-281,-219.622641509434
49,2059,-135,-148.3
49,2060,-151,-141.727272727273
49,2061,-94,-60.2673267326733
49,2062,-107,-60.2673267326733
49,2063,-60,-60.2673267326733
49,2064,-28,-60.2673267326733
49,2065,-10,-4.7
49,2066,-4,-17.2549450549451
49,2067,-2,15.0914285714286
49,2068,43,15.0914285714286
49,2069,157,103.171428571429
49,2070,352,283.684210526316
49,2071,213,201.516279069767
49,2072,-442,-343.857142857143
49,2073,-123,-164.541176470588
49,2074,27,-25.6231884057971
49,2075,120,55.4556962025316
49,2076,-29,-5.625
49,2077,-45,-17.2549450549451
49,2078,40,-25.6231884057971
49,2079,191,132.41095890411
49,2080,416,321.703703703704
49,2081,52,-73.7435897435897
49,2082,-342,-164.541176470588
49,2083,-165,-148.3
49,2084,-164,-42.7
49,2085,-94,-60.2673267326733
49,2086,-85,-60.2673267326733
49,2087,-70,-60.2673267326733
49,2088,-29,-60.2673267326733
49,2089,-19,-4.7
49,2090,2,-4.7
49,2091,-5,15.0914285714286
49,2092,51,-17.2549450549451
49,2093,138,179.536585365854
49,2094,376,283.684210526316
49,2095,187,-55.1
49,2096,-420,-343.857142857143
49,2097,-126,-61.6896551724138
49,2098,42,-25.6231884057971
49,2099,43,55.4556962025316
49,2100,-14,-19.6746031746032
49,2101,-9,-17.2549450549451
49,2102,78,-17.2549450549451
49,2103,139,157.611111111111
49,2104,393,321.703703703704
49,2105,-32,-55.1
49,2106,-178,-219.622641509434
49,2107,-211,-148.3
49,2108,-146,-141.727272727273
49,2109,-66,-60.2673267326733
49,2110,-81,-60.2673267326733
49,2111,-83,-60.2673267326733
49,2112,-46,-60.2673267326733
49,2113,-11,-4.7
49,2114,-16,-4.7
49,2115,-2,-17.2549450549451
49,2116,29,15.0914285714286
49,2117,111,103.171428571429
49,2118,302,283.684210526316
49,2119,312,283.684210526316
49,2120,-419,-343.857142857143
49,2121,-101,-164.541176470588
49,2122,34,34.2307692307692
49,2123,129,55.4556962025316
49,2124,-1,-5.625
49,2125,-37,-19.6746031746032
49,2126,-4,-25.6231884057971
49,2127,196,132.41095890411
49,2128,331,321.703703703704
49,2129,-86,-73.7435897435897
49,2130,-229,-164.541176470588
49,2131,-175,-148.3
49,2132,-92,-60.2673267326733
49,2133,-83,-60.2673267326733
49,2134,-34,-60.2673267326733
49,2135,12,-17.2549450549451
49,2136,-98,132.41095890411
49,2137,-16,-60.2673267326733
49,2138,-56,-4.7
49,2139,-31,-60.2673267326733
49,2140,10,-17.2549450549451
49,2141,17,15.0914285714286
49,2142,40,55.4556962025316
49,2143,139,36.6875
49,2144,130,97.0571428571429
49,2145,100,8.5
49,2146,185,138.545454545455
49,2147,79,-180.416666666667
49,2148,-2,-61.6896551724138
49,2149,11,-25.6231884057971
49,2150,-61,-25.6231884057971
49,2151,129,-60.2673267326733
49,2152,-54,-5.625
49,2153,-115,-60.2673267326733
49,2154,-136,-25.6231884057971
49,2155,-148,-60.2673267326733
49,2156,-34,-60.2673267326733
49,2157,-17,-17.2549450549451
49,2158,-50,-17.2549450549451
49,2159,-78,-60.2673267326733
49,2160,-34,-60.2673267326733
49,2161,-28,-17.2549450549451
49,2162,-41,-17.2549450549451
49,2163,-40,-17.2549450549451
49,2164,5,-17.2549450549451
49,2165,22,15.0914285714286
49,2166,36,103.171428571429
49,2167,57,103.171428571429
49,2168,168,157.611111111111
49,2169,194,157.611111111111
49,2170,69,-227.724489795918
49,2171,97,-61.6896551724138
49,2172,38,48.04
49,2173,-59,-25.6231884057971
49,2174,-78,-25.6231884057971
49,2175,39,-60.2673267326733
49,2176,-26,-19.6746031746032
49,2177,-89,-17.2549450549451
49,2178,-78,-60.2673267326733
49,2179,-79,-60.2673267326733
49,2180,-133,-60.2673267326733
49,2181,-64,-60.2673267326733
49,2182,-33,-60.2673267326733
49,2183,-49,-17.2549450549451
49,2184,-24,-17.2549450549451
49,2185,-8,-17.2549450549451
49,2186,-6,-17.2549450549451
49,2187,4,-17.2549450549451
49,2188,34,15.0914285714286
49,2189,119,103.171428571429
49,2190,328,283.684210526316
49,2191,191,201.516279069767
49,2192,-384,-343.857142857143
49,2193,-97,-61.6896551724138
49,2194,50,-25.6231884057971
49,2195,43,-5.625
49,2196,48,-19.6746031746032
49,2197,-11,-25.6231884057971
49,2198,6,-17.2549450549451
49,2199,115,-42.7
49,2200,389,321.703703703704
49,2201,-68,-73.7435897435897
49,2202,-288,-164.541176470588
49,2203,-146,-148.3
49,2204,-107,-141.727272727273
49,2205,-104,-60.2673267326733
49,2206,-59,-60.2673267326733
49,2207,-57,-60.2673267326733
49,2208,-8,-60.2673267326733
49,2209,-1,-4.7
49,2210,2,15.0914285714286
49,2211,1,15.0914285714286
49,2212,41,15.0914285714286
49,2213,119,103.171428571429
49,2214,189,283.684210526316
49,2215,316,201.516279069767
49,2216,-379,-286.127659574468
49,2217,-133,-164.541176470588
49,2218,-9,34.2307692307692
49,2219,-63,-17.2549450549451
49,2220,26,-60.2673267326733
49,2221,29,-19.6746031746032
49,2222,-107,-19.6746031746032
49,2223,105,-60.2673267326733
49,2224,197,321.703703703704
49,2225,-57,97.0571428571429
49,2226,43,-61.6896551724138
49,2227,-34,-25.6231884057971
49,2228,-83,-17.2549450549451
49,2229,-56,-60.2673267326733
49,2230,-73,-60.2673267326733
49,2231,-52,-60.2673267326733
49,2232,-14,-60.2673267326733
49,2233,-9,-17.2549450549451
49,2234,2,-17.2549450549451
49,2235,5,15.0914285714286
49,2236,46,15.0914285714286
49,2237,116,103.171428571429
49,2238,373,283.684210526316
49,2239,252,97.0571428571429
49,2240,-435,-343.857142857143
49,2241,-170,-164.541176470588
49,2242,55,34.2307692307692
49,2243,66,-5.625
49,2244,-24,-5.625
49,2245,-3,-25.6231884057971
49,2246,25,-25.6231884057971
49,2247,155,132.41095890411
49,2248,420,321.703703703704
49,2249,6,-73.7435897435897
49,2250,-281,-219.622641509434
49,2251,-202,-148.3
49,2252,-60,-141.727272727273
49,2253,-120,-60.2673267326733
49,2254,-106,-60.2673267326733
49,2255,-65,-60.2673267326733
49,2256,-40,-60.2673267326733
49,2257,-7,-4.7
49,2258,-5,-4.7
49,2259,0,-17.2549450549451
49,2260,50,15.0914285714286
49,2261,114,179.536585365854
49,2262,364,283.684210526316
49,2263,256,-55.1
49,2264,-435,-343.857142857143
49,2265,-165,-164.541176470588
49,2266,53,34.2307692307692
49,2267,47,-5.625
49,2268,46,-19.6746031746032
49,2269,-38,-25.6231884057971
49,2270,-7,-25.6231884057971
49,2271,166,128.619047619048
49,2272,519,321.703703703704
49,2273,-76,-73.7435897435897
49,2274,-297,-219.622641509434
49,2275,-186,-148.3
49,2276,-143,-141.727272727273
49,2277,13,-60.2673267326733
49,2278,-133,55.4556962025316
49,2279,-88,-60.2673267326733
49,2280,-17,-60.2673267326733
49,2281,-35,-4.7
49,2282,-2,-4.7
49,2283,-2,15.0914285714286
49,2284,39,15.0914285714286
49,2285,116,36.6875
49,2286,338,283.684210526316
49,2287,254,106.181818181818
49,2288,-374,-343.857142857143
49,2289,-158,-164.541176470588
49,2290,96,34.2307692307692
49,2291,68,-5.625
49,2292,32,-73.7435897435897
49,2293,-9,-25.6231884057971
49,2294,11,-25.6231884057971
49,2295,144,132.41095890411
49,2296,279,321.703703703704
49,2297,-41,-73.7435897435897
49,2298,-217,-219.622641509434
49,2299,-219,-148.3
49,2300,-57,-60.2673267326733
49,2301,-17,-60.2673267326733
49,2302,-109,-17.2549450549451
49,2303,-14,-60.2673267326733
49,2304,-48,-17.2549450549451
49,2305,-41,-4.7
49,2306,-38,-4.7
49,2307,-30,-17.2549450549451
49,2308,2,-17.2549450549451
49,2309,24,15.0914285714286
49,2310,36,103.171428571429
49,2311,141,55.4556962025316
49,2312,159,201.516279069767
49,2313,97,8.5
49,2314,152,-61.6896551724138
49,2315,62,48.04
49,2316,19,-61.6896551724138
49,2317,-53,-25.6231884057971
49,2318,96,-25.6231884057971
49,2319,-70,-5.625
49,2320,-34,-60.2673267326733
49,2321,-48,-25.6231884057971
49,2322,-191,-17.2549450549451
49,2323,-82,-60.2673267326733
49,2324,-64,-60.2673267326733
49,2325,-22,-60.2673267326733
49,2326,-68,-17.2549450549451
49,2327,9,-60.2673267326733
49,2328,-38,15.0914285714286
49,2329,-47,-4.7
49,2330,-41,-17.2549450549451
49,2331,-44,-17.2549450549451
49,2332,-4,-17.2549450549451
49,2333,10,15.0914285714286
49,2334,41,15.0914285714286
49,2335,118,36.6875
49,2336,101,283.684210526316
49,2337,213,157.611111111111
49,2338,81,-55.1
49,2339,206,-164.541176470588
49,2340,-74,-180.416666666667
49,2341,-36,-164.541176470588
49,2342,-26,-25.6231884057971
49,2343,51,-17.2549450549451
49,2344,32,-5.625
49,2345,-183,-19.6746031746032
49,2346,-127,-25.6231884057971
49,2347,-161,-60.2673267326733
49,2348,-56,-60.2673267326733
49,2349,-58,-60.2673267326733
49,2350,-38,-60.2673267326733
49,2351,-36,-17.2549450549451
49,2352,-46,-4.7
49,2353,-10,-17.2549450549451
49,2354,-3,-4.7
49,2355,3,15.0914285714286
49,2356,29,15.0914285714286
49,2357,131,103.171428571429
49,2358,362,201.516279069767
49,2359,220,283.684210526316
49,2360,-422,-343.857142857143
49,2361,-130,-164.541176470588
49,2362,40,34.2307692307692
49,2363,104,55.4556962025316
49,2364,-14,-5.625
49,2365,-25,-17.2549450549451
49,2366,-3,-25.6231884057971
49,2367,216,132.41095890411
49,2368,382,321.703703703704
49,2369,-45,-73.7435897435897
49,2370,-263,-219.622641509434
49,2371,-158,-148.3
49,2372,-176,-141.727272727273
49,2373,-84,-60.2673267326733
49,2374,-78,-60.2673267326733
49,2375,-30,-60.2673267326733
49,2376,-51,-17.2549450549451
49,2377,1,-60.2673267326733
49,2378,-9,15.0914285714286
49,2379,4,-4.7
49,2380,38,15.0914285714286
49,2381,147,103.171428571429
49,2382,362,201.516279069767
49,2383,249,283.684210526316
49,2384,-396,-343.857142857143
49,2385,-239,-164.541176470588
49,2386,48,34.2307692307692
49,2387,84,55.4556962025316
49,2388,3,-5.625
49,2389,-12,-25.6231884057971
49,2390,10,-25.6231884057971
49,2391,192,132.41095890411
49,2392,472,321.703703703704
49,2393,-145,-73.7435897435897
49,2394,-283,-219.622641509434
49,2395,-114,-148.3
49,2396,-128,-141.727272727273
49,2397,-109,-60.2673267326733
49,2398,-90,-60.2673267326733
49,2399,-58,-60.2673267326733
49,2400,-11,-60.2673267326733
49,2401,-12,-4.7
49,2402,-7,-17.2549450549451
49,2403,4,-17.2549450549451
49,2404,22,15.0914285714286
49,2405,146,103.171428571429
49,2406,350,283.684210526316
49,2407,306,201.516279069767
49,2408,-504,-343.857142857143
49,2409,-149,-164.541176470588
49,2410,42,34.2307692307692
49,2411,89,55.4556962025316
49,2412,24,-5.625
49,2413,-63,-19.6746031746032
49,2414,23,-25.6231884057971
49,2415,168,132.41095890411
49,2416,485,321.703703703704
49,2417,-69,-73.7435897435897
49,2418,-257,-219.622641509434
49,2419,-193,-148.3
49,2420,-74,-141.727272727273
49,2421,-145,-60.2673267326733
49,2422,-100,-60.2673267326733
49,2423,-50,-60.2673267326733
49,2424,-44,-60.2673267326733
49,2425,-5,-4.7
49,2426,-9,-4.7
49,2427,1,-17.2549450549451
49,2428,58,15.0914285714286
49,2429,103,179.536585365854
49,2430,389,215.525
49,2431,236,-55.1
49,2432,-459,-343.857142857143
49,2433,-127,-164.541176470588
49,2434,86,34.2307692307692
49,2435,41,-5.625
49,2436,-9,-19.6746031746032
49,2437,-68,-25.6231884057971
49,2438,38,-60.2673267326733
49,2439,176,132.41095890411
49,2440,433,321.703703703704
49,2441,-6,-73.7435897435897
49,2442,-340,-219.622641509434
49,2443,-102,-148.3
49,2444,-204,-141.727272727273
49,2445,-206,-60.2673267326733
49,2446,-2,-60.2673267326733
49,2447,-28,-19.6746031746032
49,2448,-4,-17.2549450549451
49,2449,-3,132.41095890411
49,2450,-3,15.0914285714286
49,2451,5,15.0914285714286
49,2452,26,15.0914285714286
49,2453,100,103.171428571429
49,2454,256,106.181818181818
49,2455,311,97.0571428571429
49,2456,-279,-286.127659574468
49,2457,-181,-164.541176470588
49,2458,116,34.2307692307692
49,2459,19,-5.625
49,2460,30,-19.6746031746032
49,2461,-11,-25.6231884057971
49,2462,-7,-17.2549450549451
49,2463,110,128.619047619048
49,2464,306,255.707070707071
49,2465,-141,-73.7435897435897
49,2466,-159,-219.622641509434
49,2467,-172,-148.3
49,2468,-99,-60.2673267326733
49,2469,-17,-60.2673267326733
49,2470,-30,-17.2549450549451
49,2471,-41,-17.2549450549451
49,2472,-48,-17.2549450549451
49,2473,-9,-4.7
49,2474,-63,-4.7
49,2475,-15,-60.2673267326733
49,2476,1,-17.2549450549451
49,2477,22,15.0914285714286
49,2478,36,55.4556962025316
49,2479,138,103.171428571429
49,2480,121,201.516279069767
49,2481,140,8.5
49,2482,191,138.545454545455
49,2483,19,-180.416666666667
49,2484,4,-61.6896551724138
49,2485,64,-25.6231884057971
49,2486,-23,-5.625
49,2487,-5,-17.2549450549451
49,2488,-10,-25.6231884057971
49,2489,-118,-17.2549450549451
49,2490,-124,-60.2673267326733
49,2491,-155,-60.2673267326733
49,2492,-23,-60.2673267326733
49,2493,-71,-17.2549450549451
49,2494,-25,-60.2673267326733
49,2495,-49,-17.2549450549451
49,2496,-31,-17.2549450549451
49,2497,-24,-17.2549450549451
49,2498,-34,-17.2549450549451
49,2499,-51,-17.2549450549451
49,2500,3,-60.2673267326733
49,2501,12,15.0914285714286
49,2502,35,55.4556962025316
49,2503,87,103.171428571429
49,2504,141,201.516279069767
49,2505,194,157.611111111111
49,2506,112,-180.416666666667
49,2507,89,-227.724489795918
49,2508,-86,48.04
49,2509,18,-25.6231884057971
49,2510,37,-25.6231884057971
49,2511,-1,-19.6746031746032
49,2512,-73,-19.6746031746032
49,2513,-174,-60.2673267326733
49,2514,-144,-60.2673267326733
49,2515,-63,-60.2673267326733
49,2516,-71,-60.2673267326733
49,2517,-32,-60.2673267326733
49,2518,-34,-17.2549450549451
49,2519,-12,-17.2549450549451
49,2520,-27,-4.7
49,2521,-6,-17.2549450549451
49,2522,-5,-17.2549450549451
49,2523,3,-17.2549450549451
49,2524,26,15.0914285714286
49,2525,119,55.4556962025316
49,2526,328,201.516279069767
49,2527,301,201.516279069767
49,2528,-444,-343.857142857143
49,2529,-161,-164.541176470588
49,2530,93,34.2307692307692
49,2531,51,-5.625
49,2532,-18,-73.7435897435897
49,2533,-61,-25.6231884057971
49,2534,85,-25.6231884057971
49,2535,130,157.611111111111
49,2536,397,321.703703703704
49,2537,-243,-55.1
49,2538,-97,-219.622641509434
49,2539,-254,34.2307692307692
49,2540,-44,-141.727272727273
49,2541,-11,-17.2549450549451
49,2542,-102,-17.2549450549451
49,2543,-74,-60.2673267326733
49,2544,-20,-60.2673267326733
49,2545,-9,-17.2549450549451
49,2546,3,-4.7
49,2547,5,15.0914285714286
49,2548,33,15.0914285714286
49,2549,136,55.4556962025316
49,2550,81,283.684210526316
49,2551,-126,8.5
49,2552,-48,-98.0769230769231
49,2553,-41,-25.6231884057971
49,2554,54,-17.2549450549451
49,2555,5,-5.625
49,2556,50,-19.6746031746032
49,2557,9,-25.6231884057971
49,2558,46,36.6875
49,2559,165,138.545454545455
49,2560,341,157.611111111111
49,2561,-28,-73.7435897435897
49,2562,-292,-164.541176470588
49,2563,-89,-148.3
49,2564,-17,-60.2673267326733
49,2565,-49,-17.2549450549451
49,2566,-142,-17.2549450549451
49,2567,-46,-60.2673267326733
49,2568,-33,-17.2549450549451
49,2569,-10,-4.7
49,2570,-2,-17.2549450549451
49,2571,4,15.0914285714286
49,2572,23,15.0914285714286
49,2573,143,103.171428571429
49,2574,338,283.684210526316
49,2575,294,106.181818181818
49,2576,-447,-343.857142857143
49,2577,-187,-164.541176470588
49,2578,55,34.2307692307692
49,2579,128,-5.625
49,2580,-79,-5.625
49,2581,-28,-25.6231884057971
49,2582,68,-25.6231884057971
49,2583,159,157.611111111111
49,2584,439,321.703703703704
49,2585,-107,-286.127659574468
49,2586,-217,-219.622641509434
49,2587,-96,-148.3
49,2588,-288,-141.727272727273
49,2589,32,-60.2673267326733
49,2590,-21,-19.6746031746032
49,2591,-144,-17.2549450549451
49,2592,-51,-60.2673267326733
49,2593,-12,-60.2673267326733
49,2594,-2,-17.2549450549451
49,2595,-1,15.0914285714286
49,2596,29,15.0914285714286
49,2597,94,36.6875
49,2598,258,215.525
49,2599,347,283.684210526316
49,2600,-379,-343.857142857143
49,2601,-182,-164.541176470588
49,2602,37,34.2307692307692
49,2603,74,55.4556962025316
49,2604,6,-5.625
49,2605,-27,-19.6746031746032
49,2606,58,-25.6231884057971
49,2607,172,157.611111111111
49,2608,404,321.703703703704
49,2609,-14,-286.127659574468
49,2610,-353,-219.622641509434
49,2611,-93,-148.3
49,2612,-120,-141.727272727273
49,2613,-89,-60.2673267326733
49,2614,-77,-60.2673267326733
49,2615,-53,-60.2673267326733
49,2616,-56,-60.2673267326733
49,2617,-35,-60.2673267326733
49,2618,5,-17.2549450549451
49,2619,-5,15.0914285714286
49,2620,30,-17.2549450549451
49,2621,96,103.171428571429
49,2622,291,157.611111111111
49,2623,357,283.684210526316
49,2624,-401,-343.857142857143
49,2625,-124,-164.541176470588
49,2626,44,34.2307692307692
49,2627,164,55.4556962025316
49,2628,-44,-5.625
49,2629,-24,-17.2549450549451
49,2630,70,-25.6231884057971
49,2631,164,157.611111111111
49,2632,266,321.703703703704
49,2633,-139,-286.127659574468
49,2634,-261,-219.622641509434
49,2635,-128,-148.3
49,2636,-105,-60.2673267326733
49,2637,-3,-60.2673267326733
49,2638,-93,-19.6746031746032
49,2639,20,-60.2673267326733
49,2640,-50,132.41095890411
49,2641,-66,-60.2673267326733
49,2642,-19,-60.2673267326733
49,2643,-45,-17.2549450549451
49,2644,-1,-17.2549450549451
49,2645,20,15.0914285714286
49,2646,54,103.171428571429
49,2647,122,102.714285714286
49,2648,189,283.684210526316
49,2649,144,-55.1
49,2650,108,-227.724489795918
49,2651,96,-227.724489795918
49,2652,-33,48.04
49,2653,-134,-25.6231884057971
49,2654,44,-25.6231884057971
49,2655,39,-19.6746031746032
49,2656,-49,-19.6746031746032
49,2657,-115,-17.2549450549451
49,2658,-154,-60.2673267326733
49,2659,-94,-60.2673267326733
49,2660,-32,-60.2673267326733
49,2661,-30,-17.2549450549451
49,2662,-6,-17.2549450549451
49,2663,-52,-17.2549450549451
49,2664,-18,-60.2673267326733
49,2665,-35,-17.2549450549451
49,2666,-52,-17.2549450549451
49,2667,-11,-60.2673267326733
49,2668,-1,-17.2549450549451
49,2669,13,15.0914285714286
49,2670,12,55.4556962025316
49,2671,27,103.171428571429
49,2672,24,55.4556962025316
49,2673,99,55.4556962025316
49,2674,151,97.0571428571429
49,2675,56,-73.7435897435897
49,2676,-72,-61.6896551724138
49,2677,-6,-25.6231884057971
49,2678,-8,-25.6231884057971
49,2679,27,-17.2549450549451
49,2680,-176,-19.6746031746032
49,2681,-51,-60.2673267326733
49,2682,8,-60.2673267326733
49,2683,2,36.6875
49,2684,-3,15.0914285714286
49,2685,-34,15.0914285714286
49,2686,1,-17.2549450549451
49,2687,-29,36.6875
49,2688,-14,-17.2549450549451
49,2689,-22,-17.2549450549451
49,2690,-5,-17.2549450549451
49,2691,-3,-17.2549450549451
49,2692,12,15.0914285714286
49,2693,40,55.4556962025316
49,2694,95,55.4556962025316
49,2695,243,201.516279069767
49,2696,-65,97.0571428571429
49,2697,-34,-164.541176470588
49,2698,10,-148.3
49,2699,33,15.0914285714286
49,2700,64,-19.6746031746032
49,2701,15,-5.625
49,2702,-50,-19.6746031746032
49,2703,7,-42.7
49,2704,120,132.41095890411
49,2705,-41,-5.625
49,2706,-85,-17.2549450549451
49,2707,-144,-25.6231884057971
49,2708,-76,-60.2673267326733
49,2709,-44,-60.2673267326733
49,2710,-38,-17.2549450549451
49,2711,-38,-17.2549450549451
49,2712,-18,-17.2549450549451
49,2713,-6,-17.2549450549451
49,2714,-4,-17.2549450549451
49,2715,4,15.0914285714286
49,2716,12,15.0914285714286
49,2717,124,103.171428571429
49,2718,219,201.516279069767
49,2719,351,201.516279069767
49,2720,-331,-286.127659574468
49,2721,-218,-164.541176470588
49,2722,29,34.2307692307692
49,2723,67,55.4556962025316
49,2724,-22,-5.625
49,2725,6,-17.2549450549451
49,2726,10,-25.6231884057971
49,2727,170,132.41095890411
49,2728,382,321.703703703704
49,2729,-22,-73.7435897435897
49,2730,-270,-219.622641509434
49,2731,-154,-148.3
49,2732,-135,-141.727272727273
49,2733,-63,-60.2673267326733
49,2734,-78,-60.2673267326733
49,2735,-51,-60.2673267326733
49,2736,-25,-60.2673267326733
49,2737,0,-4.7
49,2738,-2,15.0914285714286
49,2739,0,15.0914285714286
49,2740,34,15.0914285714286
49,2741,135,103.171428571429
49,2742,332,283.684210526316
49,2743,332,201.516279069767
49,2744,-473,-343.857142857143
49,2745,-149,-164.541176470588
49,2746,74,34.2307692307692
49,2747,99,-5.625
49,2748,-93,-5.625
49,2749,-26,-25.6231884057971
49,2750,48,-25.6231884057971
49,2751,247,132.41095890411
49,2752,382,321.703703703704
49,2753,-104,-286.127659574468
49,2754,-278,-219.622641509434
49,2755,-174,-148.3
49,2756,-123,-141.727272727273
49,2757,-72,-60.2673267326733
49,2758,-61,-60.2673267326733
49,2759,-94,-60.2673267326733
49,2760,-31,-60.2673267326733
49,2761,0,-4.7
49,2762,-8,15.0914285714286
49,2763,7,-17.2549450549451
49,2764,32,15.0914285714286
49,2765,117,103.171428571429
49,2766,319,283.684210526316
49,2767,320,157.611111111111
49,2768,-443,-343.857142857143
49,2769,-151,-164.541176470588
49,2770,47,34.2307692307692
49,2771,75,-19.6746031746032
49,2772,-35,-5.625
49,2773,57,-25.6231884057971
49,2774,112,-25.6231884057971
49,2775,21,157.611111111111
49,2776,346,138.545454545455
49,2777,-135,-55.1
49,2778,51,-60.2673267326733
49,2779,-328,-148.3
49,2780,-155,-60.2673267326733
49,2781,-83,48.04
49,2782,9,-60.2673267326733
49,2783,-118,-19.6746031746032
49,2784,-31,-60.2673267326733
49,2785,-21,-17.2549450549451
49,2786,-10,-4.7
49,2787,2,-17.2549450549451
49,2788,27,15.0914285714286
49,2789,108,103.171428571429
49,2790,249,283.684210526316
49,2791,353,201.516279069767
49,2792,-345,-286.127659574468
49,2793,-125,-164.541176470588
49,2794,38,34.2307692307692
49,2795,74,55.4556962025316
49,2796,-6,-5.625
49,2797,-10,-17.2549450549451
49,2798,84,-25.6231884057971
49,2799,65,157.611111111111
49,2800,317,321.703703703704
49,2801,-195,-55.1
49,2802,-149,-219.622641509434
49,2803,-185,34.2307692307692
49,2804,-118,-60.2673267326733
49,2805,-30,-60.2673267326733
49,2806,-60,-17.2549450549451
49,2807,149,-60.2673267326733
49,2808,-103,283.684210526316
49,2809,-79,-60.2673267326733
49,2810,-52,-42.7
49,2811,-4,-60.2673267326733
49,2812,0,15.0914285714286
49,2813,17,15.0914285714286
49,2814,42,103.171428571429
49,2815,104,36.6875
49,2816,92,283.684210526316
49,2817,81,157.611111111111
49,2818,180,-98.0769230769231
49,2819,46,-180.416666666667
49,2820,97,-61.6896551724138
49,2821,-73,-25.6231884057971
49,2822,18,-60.2673267326733
49,2823,22,-25.6231884057971
49,2824,-109,-19.6746031746032
49,2825,-55,-60.2673267326733
49,2826,-141,-60.2673267326733
49,2827,-77,-60.2673267326733
49,2828,-51,-60.2673267326733
49,2829,-15,-60.2673267326733
49,2830,-64,-17.2549450549451
49,2831,-14,-60.2673267326733
49,2832,1,-17.2549450549451
49,2833,-46,15.0914285714286
49,2834,-38,-17.2549450549451
49,2835,-16,-17.2549450549451
49,2836,-1,-17.2549450549451
49,2837,13,15.0914285714286
49,2838,27,103.171428571429
49,2839,81,55.4556962025316
49,2840,91,102.714285714286
49,2841,205,157.611111111111
49,2842,66,-55.1
49,2843,68,-164.541176470588
49,2844,57,-25.6231884057971
49,2845,-2,-25.6231884057971
49,2846,-49,-25.6231884057971
49,2847,13,-25.6231884057971
49,2848,-42,-19.6746031746032
49,2849,-86,-17.2549450549451
49,2850,-117,-60.2673267326733
49,2851,-90,-60.2673267326733
49,2852,-50,-60.2673267326733
49,2853,-71,-60.2673267326733
49,2854,-20,-60.2673267326733
49,2855,-57,-17.2549450549451
49,2856,-19,-60.2673267326733
49,2857,-23,-17.2549450549451
49,2858,-2,-17.2549450549451
49,2859,6,15.0914285714286
49,2860,30,15.0914285714286
49,2861,107,103.171428571429
49,2862,329,283.684210526316
49,2863,261,97.0571428571429
49,2864,-378,-343.857142857143
49,2865,-191,-164.541176470588
49,2866,95,34.2307692307692
49,2867,21,-5.625
49,2868,-138,-19.6746031746032
49,2869,39,-25.6231884057971
49,2870,75,-19.6746031746032
49,2871,187,157.611111111111
49,2872,319,321.703703703704
49,2873,-174,-286.127659574468
49,2874,-353,-219.622641509434
49,2875,17,-148.3
49,2876,-50,103.171428571429
49,2877,-80,-60.2673267326733
49,2878,-45,-60.2673267326733
49,2879,-33,-17.2549450549451
49,2880,-35,128.619047619048
49,2881,-10,-4.7
49,2882,-1,-17.2549450549451
49,2883,5,36.6875
49,2884,45,15.0914285714286
49,2885,120,103.171428571429
49,2886,353,201.516279069767
49,2887,310,8.5
49,2888,-480,-343.857142857143
49,2889,-133,-164.541176470588
49,2890,6,34.2307692307692
49,2891,97,-19.6746031746032
49,2892,3,-5.625
49,2893,-20,-19.6746031746032
49,2894,38,-25.6231884057971
49,2895,100,132.41095890411
49,2896,497,321.703703703704
49,2897,-105,-73.7435897435897
49,2898,-307,-219.622641509434
49,2899,-99,-148.3
49,2900,-237,-141.727272727273
49,2901,-14,-60.2673267326733
49,2902,18,-17.2549450549451
49,2903,-150,-19.6746031746032
49,2904,-32,-60.2673267326733
49,2905,-1,-4.7
49,2906,-9,15.0914285714286
49,2907,-3,-4.7
49,2908,37,15.0914285714286
49,2909,137,55.4556962025316
49,2910,286,283.684210526316
49,2911,353,201.516279069767
49,2912,-435,-343.857142857143
49,2913,-154,-164.541176470588
49,2914,6,34.2307692307692
49,2915,98,15.0914285714286
49,2916,-22,-5.625
49,2917,-40,-17.2549450549451
49,2918,31,-25.6231884057971
49,2919,165,132.41095890411
49,2920,422,321.703703703704
49,2921,-4,-73.7435897435897
49,2922,-368,-219.622641509434
49,2923,-102,-148.3
49,2924,-85,-141.727272727273
49,2925,-114,-60.2673267326733
49,2926,-116,-60.2673267326733
49,2927,-42,-60.2673267326733
49,2928,-43,-17.2549450549451
49,2929,0,-4.7
49,2930,-9,15.0914285714286
49,2931,0,-17.2549450549451
49,2932,37,15.0914285714286
49,2933,111,103.171428571429
49,2934,355,201.516279069767
49,2935,326,283.684210526316
49,2936,-447,-343.857142857143
49,2937,-169,-164.541176470588
49,2938,50,34.2307692307692
49,2939,109,-5.625
49,2940,-45,-5.625
49,2941,-47,-25.6231884057971
49,2942,68,-25.6231884057971
49,2943,97,157.611111111111
49,2944,440,321.703703703704
49,2945,-102,-55.1
49,2946,-275,-219.622641509434
49,2947,-126,-148.3
49,2948,-104,-141.727272727273
49,2949,-54,-60.2673267326733
49,2950,-112,-60.2673267326733
49,2951,-61,-60.2673267326733
49,2952,-40,-60.2673267326733
49,2953,-6,-4.7
49,2954,-5,-17.2549450549451
49,2955,1,-17.2549450549451
49,2956,30,15.0914285714286
49,2957,95,103.171428571429
49,2958,23,215.525
49,2959,313,103.171428571429
49,2960,-78,-55.1
49,2961,-165,-60.2673267326733
49,2962,28,-148.3
49,2963,80,55.4556962025316
49,2964,43,-5.625
49,2965,-10,-19.6746031746032
49,2966,30,-25.6231884057971
49,2967,170,36.6875
49,2968,-140,157.611111111111
49,2969,-192,-60.2673267326733
49,2970,-1,-98.0769230769231
49,2971,-3,-19.6746031746032
49,2972,-23,-19.6746031746032
49,2973,-16,-17.2549450549451
49,2974,-59,-17.2549450549451
49,2975,-8,-60.2673267326733
49,2976,-28,-4.7
49,2977,-17,-17.2549450549451
49,2978,-49,-17.2549450549451
49,2979,-11,-17.2549450549451
49,2980,-5,-17.2549450549451
49,2981,18,-17.2549450549451
49,2982,34,103.171428571429
49,2983,128,55.4556962025316
49,2984,170,201.516279069767
49,2985,60,8.5
49,2986,189,-61.6896551724138
49,2987,91,-180.416666666667
49,2988,11,-61.6896551724138
49,2989,-3,-25.6231884057971
49,2990,0,-25.6231884057971
49,2991,-20,-19.6746031746032
49,2992,40,-17.2549450549451
49,2993,-210,132.41095890411
49,2994,-176,-60.2673267326733
49,2995,-86,-60.2673267326733
49,2996,37,-60.2673267326733
49,2997,-94,55.4556962025316
49,2998,-39,-60.2673267326733
49,2999,-9,-17.2549450549451
49,3000,-37,-4.7
49,3001,15,-4.7
49,3002,-91,103.171428571429
49,3003,-20,-60.2673267326733
49,3004,-11,-17.2549450549451
49,3005,16,-17.2549450549451
49,3006,30,103.171428571429
49,3007,87,55.4556962025316
49,3008,126,90.5
49,3009,174,157.611111111111
49,3010,104,-55.1
49,3011,128,-227.724489795918
49,3012,-49,-25.6231884057971
49,3013,14,-25.6231884057971
49,3014,-17,-25.6231884057971
49,3015,-32,-17.2549450549451
49,3016,-100,-17.2549450549451
49,3017,-78,-60.2673267326733
49,3018,-147,-60.2673267326733
49,3019,-71,-60.2673267326733
49,3020,-29,-60.2673267326733
49,3021,-53,-17.2549450549451
49,3022,-47,-60.2673267326733
49,3023,-35,-17.2549450549451
49,3024,-20,-17.2549450549451
49,3025,-6,-17.2549450549451
49,3026,1,-17.2549450549451
49,3027,1,15.0914285714286
49,3028,39,15.0914285714286
49,3029,98,103.171428571429
49,3030,308,201.516279069767
49,3031,276,201.516279069767
49,3032,-368,-343.857142857143
49,3033,-148,-164.541176470588
49,3034,-1,34.2307692307692
49,3035,72,15.0914285714286
49,3036,32,-5.625
49,3037,-33,-19.6746031746032
49,3038,14,-25.6231884057971
49,3039,228,132.41095890411
49,3040,398,321.703703703704
49,3041,-136,-73.7435897435897
49,3042,-272,-219.622641509434
49,3043,-111,-148.3
49,3044,-229,-141.727272727273
49,3045,9,-60.2673267326733
49,3046,-20,-19.6746031746032
49,3047,-126,-17.2549450549451
49,3048,-20,-60.2673267326733
49,3049,-10,-4.7
49,3050,-6,-17.2549450549451
49,3051,6,-4.7
49,3052,43,15.0914285714286
49,3053,108,36.6875
49,3054,373,283.684210526316
49,3055,230,97.0571428571429
49,3056,-427,-343.857142857143
49,3057,-113,-164.541176470588
49,3058,32,34.2307692307692
49,3059,125,-19.6746031746032
49,3060,-75,-5.625
49,3061,-7,-60.2673267326733
49,3062,50,-25.6231884057971
49,3063,195,157.611111111111
49,3064,397,321.703703703704
49,3065,-112,-286.127659574468
49,3066,-344,-164.541176470588
49,3067,-103,-148.3
49,3068,-84,-141.727272727273
49,3069,-101,-60.2673267326733
49,3070,-83,-60.2673267326733
49,3071,-65,-60.2673267326733
49,3072,-19,-60.2673267326733
49,3073,-21,-4.7
49,3074,-2,-17.2549450549451
49,3075,2,15.0914285714286
49,3076,47,15.0914285714286
49,3077,120,103.171428571429
49,3078,353,283.684210526316
49,3079,275,-55.1
49,3080,-428,-343.857142857143
49,3081,-202,-164.541176470588
49,3082,65,34.2307692307692
49,3083,80,-5.625
49,3084,-10,-5.625
49,3085,-5,-25.6231884057971
49,3086,7,-25.6231884057971
49,3087,224,132.41095890411
49,3088,431,321.703703703704
49,3089,-105,-73.7435897435897
49,3090,-286,-219.622641509434
49,3091,-131,-148.3
49,3092,-128,-141.727272727273
49,3093,-75,-60.2673267326733
49,3094,-115,-60.2673267326733
49,3095,-47,-60.2673267326733
49,3096,-48,-17.2549450549451
49,3097,-10,-4.7
49,3098,-10,-17.2549450549451
49,3099,-3,-17.2549450549451
49,3100,50,15.0914285714286
49,3101,116,179.536585365854
49,3102,324,283.684210526316
49,3103,284,-55.1
49,3104,-436,-343.857142857143
49,3105,-118,-164.541176470588
49,3106,13,34.2307692307692
49,3107,81,55.4556962025316
49,3108,-6,-5.625
49,3109,-28,-17.2549450549451
49,3110,20,-25.6231884057971
49,3111,194,132.41095890411
49,3112,387,321.703703703704
49,3113,-77,-73.7435897435897
49,3114,-267,-164.541176470588
49,3115,-195,-148.3
49,3116,-76,-141.727272727273
49,3117,-64,-60.2673267326733
49,3118,-72,-60.2673267326733
49,3119,-64,-60.2673267326733
49,3120,-35,-60.2673267326733
49,3121,-17,-4.7
49,3122,-6,-4.7
49,3123,-8,-17.2549450549451
49,3124,45,-17.2549450549451
49,3125,94,103.171428571429
49,3126,277,215.525
49,3127,313,201.516279069767
49,3128,-331,-343.857142857143
49,3129,-206,-164.541176470588
49,3130,93,34.2307692307692
49,3131,102,-5.625
49,3132,-55,-73.7435897435897
49,3133,14,-25.6231884057971
49,3134,97,-25.6231884057971
49,3135,134,157.611111111111
49,3136,235,321.703703703704
49,3137,-152,-55.1
49,3138,-194,-219.622641509434
49,3139,-160,-148.3
49,3140,-19,-60.2673267326733
49,3141,-75,-17.2549450549451
49,3142,-39,-60.2673267326733
49,3143,-36,-17.2549450549451
49,3144,4,-17.2549450549451
49,3145,-56,132.41095890411
49,3146,-64,-60.2673267326733
49,3147,-13,-60.2673267326733
49,3148,-4,-17.2549450549451
49,3149,22,15.0914285714286
49,3150,55,103.171428571429
49,3151,127,90.5
49,3152,115,283.684210526316
49,3153,151,138.545454545455
49,3154,106,-98.0769230769231
49,3155,83,-227.724489795918
49,3156,92,-25.6231884057971
49,3157,-10,-25.6231884057971
49,3158,-39,-25.6231884057971
49,3159,-99,-25.6231884057971
49,3160,6,-60.2673267326733
49,3161,-162,-19.6746031746032
49,3162,-156,-60.2673267326733
49,3163,-4,-60.2673267326733
49,3164,-87,-19.6746031746032
49,3165,-52,-60.2673267326733
49,3166,10,-60.2673267326733
49,3167,-50,15.0914285714286
49,3168,16,-60.2673267326733
49,3169,-17,103.171428571429
49,3170,-37,-17.2549450549451
49,3171,-59,-17.2549450549451
49,3172,8,-60.2673267326733
49,3173,11,15.0914285714286
49,3174,26,36.6875
49,3175,108,103.171428571429
49,3176,157,97.0571428571429
49,3177,104,157.611111111111
49,3178,28,-227.724489795918
49,3179,29,48.04
49,3180,-100,-98.0769230769231
49,3181,11,-60.2673267326733
49,3182,-101,-19.6746031746032
49,3183,-8,-60.2673267326733
49,3184,-68,-17.2549450549451
49,3185,-71,-60.2673267326733
49,3186,-100,-60.2673267326733
49,3187,1,-60.2673267326733
49,3188,-9,15.0914285714286
49,3189,-9,-17.2549450549451
49,3190,-23,-17.2549450549451
49,3191,8,-17.2549450549451
49,3192,94,15.0914285714286
49,3193,10,215.525
49,3194,-2,15.0914285714286
49,3195,-26,-98.0769230769231
49,3196,26,-17.2549450549451
49,3197,19,55.4556962025316
49,3198,-28,55.4556962025316
49,3199,-34,-17.2549450549451
49,3200,-17,-17.2549450549451
49,3201,2,-17.2549450549451
49,3202,-27,15.0914285714286
49,3203,-23,-17.2549450549451
49,3204,-8,-17.2549450549451
49,3205,-1,-17.2549450549451
49,3206,-4,15.0914285714286
49,3207,2,15.0914285714286
49,3208,19,15.0914285714286
49,3209,92,55.4556962025316
49,3210,221,201.516279069767
49,3211,284,201.516279069767
49,3212,-324,-286.127659574468
49,3213,-129,-164.541176470588
49,3214,21,34.2307692307692
49,3215,52,55.4556962025316
49,3216,-28,-5.625
49,3217,11,-17.2549450549451
49,3218,6,-25.6231884057971
49,3219,194,132.41095890411
49,3220,299,321.703703703704
49,3221,-139,-73.7435897435897
49,3222,-174,-219.622641509434
49,3223,-142,-148.3
49,3224,-76,-60.2673267326733
49,3225,-27,-60.2673267326733
49,3226,-64,-17.2549450549451
49,3227,-41,-60.2673267326733
49,3228,-30,-17.2549450549451
49,3229,-10,-4.7
49,3230,-5,-17.2549450549451
49,3231,-5,-17.2549450549451
49,3232,30,-17.2549450549451
49,3233,108,55.4556962025316
49,3234,272,201.516279069767
49,3235,260,201.516279069767
49,3236,-349,-343.857142857143
49,3237,-185,-164.541176470588
49,3238,24,34.2307692307692
49,3239,51,55.4556962025316
49,3240,27,-5.625
49,3241,-63,-19.6746031746032
49,3242,29,-25.6231884057971
49,3243,130,132.41095890411
49,3244,345,321.703703703704
49,3245,-11,-73.7435897435897
49,3246,-226,-219.622641509434
49,3247,-156,-148.3
49,3248,-29,-60.2673267326733
49,3249,-65,-17.2549450549451
49,3250,-82,-60.2673267326733
49,3251,-70,-60.2673267326733
49,3252,-26,-60.2673267326733
49,3253,-14,-4.7
49,3254,-7,-17.2549450549451
49,3255,4,-17.2549450549451
49,3256,19,15.0914285714286
49,3257,96,103.171428571429
49,3258,235,215.525
49,3259,330,201.516279069767
49,3260,-305,-286.127659574468
49,3261,-178,-164.541176470588
49,3262,17,34.2307692307692
49,3263,71,55.4556962025316
49,3264,2,-5.625
49,3265,-32,-19.6746031746032
49,3266,44,-25.6231884057971
49,3267,115,132.41095890411
49,3268,217,321.703703703704
49,3269,-116,-73.7435897435897
49,3270,-148,-219.622641509434
49,3271,-153,-148.3
49,3272,-65,-60.2673267326733
49,3273,-7,-60.2673267326733
49,3274,-30,-17.2549450549451
49,3275,-11,-17.2549450549451
49,3276,-19,-17.2549450549451
49,3277,-43,-17.2549450549451
49,3278,-18,-17.2549450549451
49,3279,-12,-17.2549450549451
49,3280,-7,-17.2549450549451
49,3281,12,-17.2549450549451
49,3282,38,55.4556962025316
49,3283,83,55.4556962025316
49,3284,77,215.525
49,3285,109,97.0571428571429
49,3286,12,48.04
49,3287,54,-25.6231884057971
49,3288,55,-25.6231884057971
49,3289,6,-5.625
49,3290,-7,-25.6231884057971
49,3291,-48,-25.6231884057971
49,3292,10,-17.2549450549451
49,3293,-113,-19.6746031746032
49,3294,-58,-60.2673267326733
49,3295,-58,-60.2673267326733
49,3296,-15,-60.2673267326733
49,3297,-20,-17.2549450549451
49,3298,2,-17.2549450549451
49,3299,-46,15.0914285714286
49,3300,63,-17.2549450549451
49,3301,-128,179.536585365854
49,3302,-26,-60.2673267326733
49,3303,-2,-42.7
49,3304,-4,15.0914285714286
49,3305,11,15.0914285714286
49,3306,34,55.4556962025316
49,3307,99,103.171428571429
49,3308,68,215.525
49,3309,143,97.0571428571429
49,3310,85,-98.0769230769231
49,3311,59,-61.6896551724138
49,3312,-11,-25.6231884057971
49,3313,16,-25.6231884057971
49,3314,-60,-25.6231884057971
49,3315,-14,-60.2673267326733
49,3316,-108,-17.2549450549451
49,3317,-90,-60.2673267326733
49,3318,-10,-60.2673267326733
49,3319,-86,-17.2549450549451
49,3320,-54,-60.2673267326733
49,3321,-8,-60.2673267326733
49,3322,-26,-17.2549450549451
49,3323,-30,-17.2549450549451
49,3324,-15,-17.2549450549451
49,3325,-2,-17.2549450549451
49,3326,-2,15.0914285714286
49,3327,12,15.0914285714286
49,3328,23,103.171428571429
49,3329,100,55.4556962025316
49,3330,322,201.516279069767
49,3331,187,97.0571428571429
49,3332,-391,-343.857142857143
49,3333,-115,-61.6896551724138
49,3334,8,-25.6231884057971
49,3335,94,-19.6746031746032
49,3336,-22,-5.625
49,3337,-26,-17.2549450549451
49,3338,35,-25.6231884057971
49,3339,129,132.41095890411
49,3340,278,321.703703703704
49,3341,-96,-73.7435897435897
49,3342,-170,-164.541176470588
49,3343,-131,-148.3
49,3344,-89,-60.2673267326733
49,3345,-37,-60.2673267326733
49,3346,-62,-17.2549450549451
49,3347,-34,-60.2673267326733
49,3348,-11,-17.2549450549451
49,3349,-6,-4.7
49,3350,2,-17.2549450549451
49,3351,3,15.0914285714286
49,3352,34,15.0914285714286
49,3353,108,55.4556962025316
49,3354,238,201.516279069767
49,3355,201,201.516279069767
49,3356,-225,-227.724489795918
49,3357,-133,-164.541176470588
49,3358,-14,-25.6231884057971
49,3359,32,-17.2549450549451
49,3360,30,-19.6746031746032
49,3361,-38,-19.6746031746032
49,3362,32,-17.2549450549451
49,3363,130,132.41095890411
49,3364,225,255.707070707071
49,3365,-130,106.181818181818
49,3366,-126,-219.622641509434
49,3367,-143,-148.3
49,3368,-77,-60.2673267326733
49,3369,2,-60.2673267326733
49,3370,52,-19.6746031746032
49,3371,78,90.5
49,3372,-191,102.714285714286
49,3373,-18,-42.7
49,3374,-63,-42.7
49,3375,-2,-60.2673267326733
49,3376,18,15.0914285714286
49,3377,91,55.4556962025316
49,3378,201,90.5
49,3379,282,283.684210526316
49,3380,-233,-286.127659574468
49,3381,-190,-219.622641509434
49,3382,-31,34.2307692307692
49,3383,65,-17.2549450549451
49,3384,-31,-5.625
49,3385,-20,-17.2549450549451
49,3386,37,-25.6231884057971
49,3387,75,132.41095890411
49,3388,244,255.707070707071
49,3389,-52,106.181818181818
49,3390,-146,-219.622641509434
49,3391,-63,-148.3
49,3392,-130,-60.2673267326733
49,3393,-66,-60.2673267326733
49,3394,-20,-60.2673267326733
49,3395,-25,-17.2549450549451
49,3396,-3,-17.2549450549451
49,3397,-6,132.41095890411
49,3398,4,-17.2549450549451
49,3399,25,15.0914285714286
49,3400,89,103.171428571429
49,3401,299,106.181818181818
49,3402,245,201.516279069767
49,3403,-393,-343.857142857143
49,3404,-114,-164.541176470588
49,3405,10,34.2307692307692
49,3406,64,15.0914285714286
49,3407,-7,-5.625
49,3408,-46,-17.2549450549451
49,3409,51,-25.6231884057971
49,3410,106,157.611111111111
49,3411,253,321.703703703704
49,3412,-85,-55.1
49,3413,-134,-164.541176470588
49,3414,-128,-148.3
49,3415,-12,-60.2673267326733
49,3416,-72,-17.2549450549451
49,3417,-74,-60.2673267326733
49,3418,-32,-60.2673267326733
49,3419,-35,-17.2549450549451
49,3420,-8,-17.2549450549451
49,3421,-3,-17.2549450549451
49,3422,5,15.0914285714286
49,3423,13,15.0914285714286
49,3424,104,103.171428571429
49,3425,210,201.516279069767
49,3426,352,157.611111111111
49,3427,-366,-286.127659574468
49,3428,-130,-164.541176470588
49,3429,54,34.2307692307692
49,3430,11,-5.625
49,3431,37,-19.6746031746032
49,3432,-25,-25.6231884057971
49,3433,82,-17.2549450549451
49,3434,78,157.611111111111
49,3435,220,321.703703703704
49,3436,-158,-55.1
49,3437,-135,-219.622641509434
49,3438,-106,-148.3
49,3439,-56,-60.2673267326733
49,3440,-36,-60.2673267326733
49,3441,-1,-17.2549450549451
49,3442,-40,-19.6746031746032
49,3443,-46,-17.2549450549451
49,3444,-32,-17.2549450549451
49,3445,-24,-17.2549450549451
49,3446,-14,-17.2549450549451
49,3447,4,-17.2549450549451
49,3448,6,15.0914285714286
49,3449,55,15.0914285714286
49,3450,75,179.536585365854
49,3451,113,179.536585365854
49,3452,91,138.545454545455
49,3453,116,48.04
49,3454,140,48.04
49,3455,45,-25.6231884057971
49,3456,-24,-25.6231884057971
49,3457,-60,-25.6231884057971
49,3458,38,-60.2673267326733
49,3459,-104,-19.6746031746032
49,3460,-142,-60.2673267326733
49,3461,-76,-60.2673267326733
49,3462,-91,-60.2673267326733
49,3463,28,-60.2673267326733
49,3464,-27,55.4556962025316
49,3465,-47,-17.2549450549451
49,3466,-22,-17.2549450549451
49,3467,-16,-17.2549450549451
49,3468,-38,-17.2549450549451
49,3469,-22,-17.2549450549451
49,3470,-37,-17.2549450549451
49,3471,1,-17.2549450549451
49,3472,7,15.0914285714286
49,3473,49,15.0914285714286
49,3474,51,179.536585365854
49,3475,154,179.536585365854
49,3476,132,138.545454545455
49,3477,99,-227.724489795918
49,3478,81,-25.6231884057971
49,3479,101,48.04
49,3480,-32,-25.6231884057971
49,3481,70,-25.6231884057971
49,3482,-71,-25.6231884057971
49,3483,-160,-60.2673267326733
49,3484,-88,-25.6231884057971
49,3485,-128,-60.2673267326733
49,3486,-77,-60.2673267326733
49,3487,-29,-60.2673267326733
49,3488,-37,-17.2549450549451
49,3489,-25,-17.2549450549451
49,3490,-60,-4.7
49,3491,-19,-60.2673267326733
49,3492,-10,-17.2549450549451
49,3493,-16,-17.2549450549451
49,3494,0,-17.2549450549451
49,3495,20,15.0914285714286
49,3496,47,55.4556962025316
49,3497,193,55.4556962025316
49,3498,276,201.516279069767
49,3499,-143,-286.127659574468
49,3500,-131,-164.541176470588
49,3501,101,-148.3
49,3502,52,-5.625
49,3503,1,-73.7435897435897
49,3504,24,-25.6231884057971
49,3505,-62,-25.6231884057971
49,3506,52,-60.2673267326733
49,3507,162,179.536585365854
49,3508,-45,-5.625
49,3509,-198,-61.6896551724138
49,3510,-49,-25.6231884057971
49,3511,-149,-17.2549450549451
49,3512,-43,-60.2673267326733
49,3513,-49,-17.2549450549451
49,3514,-40,-17.2549450549451
49,3515,-18,-17.2549450549451
49,3516,6,-4.7
49,3517,-6,15.0914285714286
49,3518,4,-17.2549450549451
49,3519,9,15.0914285714286
49,3520,32,15.0914285714286
49,3521,57,103.171428571429
49,3522,104,179.536585365854
49,3523,-101,90.5
49,3524,-16,-25.6231884057971
49,3525,61,-25.6231884057971
49,3526,41,-5.625
49,3527,22,-19.6746031746032
49,3528,-15,-25.6231884057971
49,3529,14,-17.2549450549451
49,3530,93,36.6875
49,3531,298,97.0571428571429
49,3532,-49,-73.7435897435897
49,3533,-203,-164.541176470588
49,3534,-133,-148.3
49,3535,-36,-60.2673267326733
49,3536,-52,-17.2549450549451
49,3537,-51,-60.2673267326733
49,3538,-60,-60.2673267326733
49,3539,-12,-60.2673267326733
49,3540,-11,-4.7
49,3541,4,-17.2549450549451
49,3542,1,15.0914285714286
49,3543,33,15.0914285714286
49,3544,107,103.171428571429
49,3545,269,283.684210526316
49,3546,276,201.516279069767
49,3547,-359,-343.857142857143
49,3548,-161,-164.541176470588
49,3549,-20,34.2307692307692
49,3550,89,-17.2549450549451
49,3551,-26,-5.625
49,3552,-33,-17.2549450549451
49,3553,79,-25.6231884057971
49,3554,61,157.611111111111
49,3555,262,321.703703703704
49,3556,-16,-55.1
49,3557,-171,-219.622641509434
49,3558,-129,-148.3
49,3559,-54,-60.2673267326733
49,3560,-40,-60.2673267326733
49,3561,-86,-17.2549450549451
49,3562,-53,-60.2673267326733
49,3563,-18,-60.2673267326733
49,3564,-9,-4.7
49,3565,-5,-17.2549450549451
49,3566,3,-17.2549450549451
49,3567,32,15.0914285714286
49,3568,110,103.171428571429
49,3569,263,283.684210526316
49,3570,236,201.516279069767
49,3571,-323,-343.857142857143
49,3572,-170,-164.541176470588
49,3573,13,34.2307692307692
49,3574,47,55.4556962025316
49,3575,4,-19.6746031746032
49,3576,-16,-19.6746031746032
49,3577,16,-25.6231884057971
49,3578,125,132.41095890411
49,3579,221,321.703703703704
49,3580,10,-73.7435897435897
49,3581,-187,-219.622641509434
49,3582,-101,-148.3
49,3583,-61,-60.2673267326733
49,3584,-71,-60.2673267326733
49,3585,-28,-60.2673267326733
49,3586,-60,-17.2549450549451
49,3587,-44,-60.2673267326733
49,3588,-12,-4.7
49,3589,-3,-17.2549450549451
49,3590,-1,15.0914285714286
49,3591,31,15.0914285714286
49,3592,94,103.171428571429
49,3593,237,215.525
49,3594,344,283.684210526316
49,3595,-360,-286.127659574468
49,3596,-153,-164.541176470588
49,3597,20,34.2307692307692
49,3598,72,55.4556962025316
49,3599,-12,-5.625
49,3600,-27,-17.2549450549451
49,3601,16,-25.6231884057971
49,3602,116,132.41095890411
49,3603,197,321.703703703704
49,3604,-75,-73.7435897435897
49,3605,-173,-146.6875
49,3606,-105,-25.6231884057971
49,3607,-49,-60.2673267326733
49,3608,-16,-17.2549450549451
49,3609,-34,-17.2549450549451
49,3610,-22,-17.2549450549451
49,3611,-19,-17.2549450549451
49,3612,-38,-4.7
49,3613,-28,-17.2549450549451
49,3614,-14,-17.2549450549451
49,3615,4,-17.2549450549451
49,3616,10,15.0914285714286
49,3617,57,15.0914285714286
49,3618,90,179.536585365854
49,3619,80,201.516279069767
49,3620,72,138.545454545455
49,3621,103,48.04
49,3622,53,48.04
49,3623,49,-25.6231884057971
49,3624,30,-25.6231884057971
49,3625,-6,-25.6231884057971
49,3626,-80,-25.6231884057971
49,3627,-66,-60.2673267326733
49,3628,-132,-60.2673267326733
49,3629,-18,-60.2673267326733
49,3630,-81,-17.2549450549451
49,3631,-33,-60.2673267326733
49,3632,6,-17.2549450549451
49,3633,-12,15.0914285714286
49,3634,-4,-17.2549450549451
49,3635,-34,15.0914285714286
49,3636,-22,-17.2549450549451
49,3637,-27,-17.2549450549451
49,3638,-34,-17.2549450549451
49,3639,0,-17.2549450549451
49,3640,3,36.6875
49,3641,27,15.0914285714286
49,3642,77,55.4556962025316
49,3643,85,179.536585365854
49,3644,125,201.516279069767
49,3645,30,138.545454545455
49,3646,83,48.04
49,3647,5,48.04
49,3648,-19,15.0914285714286
49,3649,-21,-25.6231884057971
49,3650,-35,-17.2549450549451
49,3651,-92,-17.2549450549451
49,3652,-4,-60.2673267326733
49,3653,-66,-19.6746031746032
49,3654,-81,-60.2673267326733
49,3655,-19,-60.2673267326733
49,3656,-36,-17.2549450549451
49,3657,-15,-17.2549450549451
49,3658,-32,-17.2549450549451
49,3659,-8,-17.2549450549451
49,3660,-14,-17.2549450549451
49,3661,-3,-17.2549450549451
49,3662,10,15.0914285714286
49,3663,27,15.0914285714286
49,3664,92,55.4556962025316
49,3665,255,201.516279069767
49,3666,277,97.0571428571429
49,3667,-385,-286.127659574468
49,3668,-139,-164.541176470588
49,3669,58,34.2307692307692
49,3670,45,-5.625
49,3671,9,-19.6746031746032
49,3672,-34,-25.6231884057971
49,3673,40,-17.2549450549451
49,3674,123,132.41095890411
49,3675,239,321.703703703704
49,3676,-39,-73.7435897435897
49,3677,-174,-219.622641509434
49,3678,-147,-148.3
49,3679,-56,-60.2673267326733
49,3680,-90,-60.2673267326733
49,3681,-39,-60.2673267326733
49,3682,-45,-17.2549450549451
49,3683,-16,-17.2549450549451
49,3684,-8,-4.7
49,3685,-3,-17.2549450549451
49,3686,4,15.0914285714286
49,3687,28,15.0914285714286
49,3688,114,103.171428571429
49,3689,270,283.684210526316
49,3690,247,201.516279069767
49,3691,-339,-343.857142857143
49,3692,-150,-164.541176470588
49,3693,29,34.2307692307692
49,3694,108,55.4556962025316
49,3695,-46,-5.625
49,3696,-43,-17.2549450549451
49,3697,63,-25.6231884057971
49,3698,108,157.611111111111
49,3699,195,321.703703703704
49,3700,-40,-55.1
49,3701,-166,-146.6875
49,3702,-149,-42.7
49,3703,-78,-60.2673267326733
49,3704,-35,-60.2673267326733
49,3705,-39,-17.2549450549451
49,3706,-57,-17.2549450549451
49,3707,-12,-60.2673267326733
49,3708,-6,-4.7
49,3709,-6,-17.2549450549451
49,3710,8,-17.2549450549451
49,3711,19,15.0914285714286
49,3712,72,55.4556962025316
49,3713,172,179.536585365854
49,3714,278,97.0571428571429
49,3715,-186,-286.127659574468
49,3716,-193,-164.541176470588
49,3717,69,-148.3
49,3718,103,-5.625
49,3719,21,-5.625
49,3720,48,-25.6231884057971
49,3721,36,-25.6231884057971
49,3722,20,132.41095890411
49,3723,-95,138.545454545455
49,3724,-63,-60.2673267326733
49,3725,-68,-60.2673267326733
49,3726,-107,-60.2673267326733
49,3727,-31,-60.2673267326733
49,3728,-17,-17.2549450549451
49,3729,-31,-17.2549450549451
49,3730,-11,-17.2549450549451
49,3731,-4,-17.2549450549451
49,3732,-24,15.0914285714286
49,3733,-12,-17.2549450549451
49,3734,-3,-17.2549450549451
49,3735,5,15.0914285714286
49,3736,9,15.0914285714286
49,3737,39,15.0914285714286
49,3738,41,55.4556962025316
49,3739,22,55.4556962025316
49,3740,100,55.4556962025316
49,3741,13,-5.625
49,3742,30,55.4556962025316
49,3743,7,-25.6231884057971
49,3744,-49,-19.6746031746032
49,3745,8,-17.2549450549451
49,3746,-46,-19.6746031746032
49,3747,-73,-17.2549450549451
49,3748,-39,-60.2673267326733
49,3749,-26,-17.2549450549451
49,3750,8,-17.2549450549451
49,3751,-6,36.6875
49,3752,-2,-17.2549450549451
49,3753,-8,36.6875
49,3754,-4,-17.2549450549451
49,3755,-19,15.0914285714286
49,3756,-8,-17.2549450549451
49,3757,-4,-17.2549450549451
49,3758,3,-19.6746031746032
49,3759,6,15.0914285714286
49,3760,10,15.0914285714286
49,3761,57,15.0914285714286
49,3762,17,102.714285714286
49,3763,18,55.4556962025316
49,3764,89,-25.6231884057971
49,3765,50,-5.625
49,3766,128,-5.625
49,3767,45,-25.6231884057971
49,3768,11,-25.6231884057971
49,3769,12,-25.6231884057971
49,3770,-90,-19.6746031746032
49,3771,-57,-60.2673267326733
49,3772,-92,-60.2673267326733
49,3773,-54,-60.2673267326733
49,3774,-12,-60.2673267326733
49,3775,-44,-17.2549450549451
49,3776,-19,-17.2549450549451
49,3777,-12,-17.2549450549451
49,3778,-25,-17.2549450549451
49,3779,-22,-17.2549450549451
49,3780,12,-17.2549450549451
49,3781,-21,103.171428571429
49,3782,-8,-17.2549450549451
49,3783,0,-17.2549450549451
49,3784,7,15.0914285714286
49,3785,15,15.0914285714286
49,3786,37,55.4556962025316
49,3787,60,55.4556962025316
49,3788,20,97.0571428571429
49,3789,44,55.4556962025316
49,3790,13,-25.6231884057971
49,3791,26,55.4556962025316
49,3792,-18,-19.6746031746032
49,3793,-9,-17.2549450549451
49,3794,-28,-17.2549450549451
49,3795,-44,-17.2549450549451
49,3796,19,-17.2549450549451
49,3797,-62,-19.6746031746032
49,3798,-25,-60.2673267326733
49,3799,17,-17.2549450549451
49,3800,1,55.4556962025316
49,3801,-19,15.0914285714286
49,3802,-23,-17.2549450549451
49,3803,2,-17.2549450549451
49,3804,-8,36.6875
49,3805,-20,-17.2549450549451
49,3806,-6,-17.2549450549451
49,3807,1,-17.2549450549451
49,3808,8,15.0914285714286
49,3809,10,15.0914285714286
49,3810,13,15.0914285714286
49,3811,62,55.4556962025316
49,3812,43,97.0571428571429
49,3813,65,55.4556962025316
49,3814,-2,-25.6231884057971
49,3815,-7,15.0914285714286
49,3816,8,-25.6231884057971
49,3817,42,-19.6746031746032
49,3818,-17,-19.6746031746032
49,3819,-47,-17.2549450549451
49,3820,-40,-17.2549450549451
49,3821,-14,-17.2549450549451
49,3822,-8,-17.2549450549451
49,3823,-55,-17.2549450549451
49,3824,-2,-60.2673267326733
49,3825,-21,36.6875
49,3826,-18,-17.2549450549451
49,3827,-13,-17.2549450549451
49,3828,-5,-17.2549450549451
49,3829,0,-17.2549450549451
49,3830,5,15.0914285714286
49,3831,31,15.0914285714286
49,3832,83,55.4556962025316
49,3833,241,201.516279069767
49,3834,273,97.0571428571429
49,3835,-352,-286.127659574468
49,3836,-139,-164.541176470588
49,3837,-17,34.2307692307692
49,3838,80,-17.2549450549451
49,3839,7,-5.625
49,3840,11,-19.6746031746032
49,3841,2,-25.6231884057971
49,3842,116,132.41095890411
49,3843,207,321.703703703704
49,3844,-32,97.0571428571429
49,3845,-150,-219.622641509434
49,3846,-94,-25.6231884057971
49,3847,-96,-60.2673267326733
49,3848,-77,-60.2673267326733
49,3849,-39,-60.2673267326733
49,3850,-39,-17.2549450549451
49,3851,-20,-17.2549450549451
49,3852,-1,-17.2549450549451
49,3853,-1,15.0914285714286
49,3854,1,15.0914285714286
49,3855,26,15.0914285714286
49,3856,69,103.171428571429
49,3857,193,179.536585365854
49,3858,207,201.516279069767
49,3859,-232,-227.724489795918
49,3860,-211,-164.541176470588
49,3861,8,-25.6231884057971
49,3862,11,15.0914285714286
49,3863,1,-19.6746031746032
49,3864,17,-19.6746031746032
49,3865,61,-19.6746031746032
49,3866,102,157.611111111111
49,3867,270,255.707070707071
49,3868,-45,-55.1
49,3869,-132,-219.622641509434
49,3870,-118,-148.3
49,3871,-47,-60.2673267326733
49,3872,-88,-17.2549450549451
49,3873,-30,-60.2673267326733
49,3874,-44,-17.2549450549451
49,3875,-11,-17.2549450549451
49,3876,-11,-17.2549450549451
49,3877,2,-17.2549450549451
49,3878,1,15.0914285714286
49,3879,35,15.0914285714286
49,3880,97,103.171428571429
49,3881,273,215.525
49,3882,283,201.516279069767
49,3883,-370,-343.857142857143
49,3884,-161,-164.541176470588
49,3885,-15,34.2307692307692
49,3886,62,-17.2549450549451
49,3887,6,-5.625
49,3888,-38,-19.6746031746032
49,3889,3,-25.6231884057971
49,3890,146,132.41095890411
49,3891,238,321.703703703704
49,3892,-21,106.181818181818
49,3893,-155,-219.622641509434
49,3894,-124,-148.3
49,3895,-40,-60.2673267326733
49,3896,-69,-17.2549450549451
49,3897,-76,-60.2673267326733
49,3898,-49,-60.2673267326733
49,3899,-13,-17.2549450549451
49,3900,-9,-17.2549450549451
49,3901,0,-17.2549450549451
49,3902,35,15.0914285714286
49,3903,79,103.171428571429
49,3904,241,179.536585365854
49,3905,317,283.684210526316
49,3906,-380,-286.127659574468
49,3907,-121,-164.541176470588
49,3908,-15,34.2307692307692
49,3909,73,-17.2549450549451
49,3910,-12,-5.625
49,3911,-37,-17.2549450549451
49,3912,33,-25.6231884057971
49,3913,150,132.41095890411
49,3914,191,321.703703703704
49,3915,-24,106.181818181818
49,3916,-193,-146.6875
49,3917,-92,-25.6231884057971
49,3918,-44,-60.2673267326733
49,3919,-57,-17.2549450549451
49,3920,-21,-60.2673267326733
49,3921,-78,-17.2549450549451
49,3922,-33,-60.2673267326733
49,3923,-7,-4.7
49,3924,-8,-17.2549450549451
49,3925,-1,-17.2549450549451
49,3926,37,15.0914285714286
49,3927,66,103.171428571429
49,3928,246,179.536585365854
49,3929,377,201.516279069767
49,3930,-399,-286.127659574468
49,3931,-161,-164.541176470588
49,3932,32,34.2307692307692
49,3933,67,55.4556962025316
49,3934,-6,-5.625
49,3935,-11,-17.2549450549451
49,3936,45,-25.6231884057971
49,3937,109,132.41095890411
49,3938,177,321.703703703704
49,3939,-73,-73.7435897435897
49,3940,-132,-146.6875
49,3941,-132,-25.6231884057971
49,3942,-62,-60.2673267326733
49,3943,-20,-60.2673267326733
49,3944,-53,-17.2549450549451
49,3945,-2,-60.2673267326733
49,3946,-39,36.6875
49,3947,-19,-17.2549450549451
49,3948,-35,-17.2549450549451
49,3949,-10,-17.2549450549451
49,3950,8,-17.2549450549451
49,3951,14,15.0914285714286
49,3952,36,103.171428571429
49,3953,81,55.4556962025316
49,3954,49,97.0571428571429
49,3955,63,157.611111111111
49,3956,136,-25.6231884057971
49,3957,54,48.04
49,3958,63,-25.6231884057971
49,3959,-30,-25.6231884057971
49,3960,5,-25.6231884057971
49,3961,-41,-25.6231884057971
49,3962,-123,-17.2549450549451
49,3963,-23,-60.2673267326733
49,3964,-48,-17.2549450549451
49,3965,-51,-17.2549450549451
49,3966,-40,-60.2673267326733
49,3967,-11,-17.2549450549451
49,3968,-21,-17.2549450549451
49,3969,-9,-17.2549450549451
49,3970,-23,-17.2549450549451
49,3971,-20,-17.2549450549451
49,3972,-49,-17.2549450549451
49,3973,-18,-17.2549450549451
49,3974,1,-17.2549450549451
49,3975,8,15.0914285714286
49,3976,15,15.0914285714286
49,3977,62,55.4556962025316
49,3978,79,179.536585365854
49,3979,121,157.611111111111
49,3980,62,138.545454545455
49,3981,165,48.04
49,3982,-89,-180.416666666667
49,3983,42,-61.6896551724138
49,3984,-56,-25.6231884057971
49,3985,26,-60.2673267326733
49,3986,-140,-19.6746031746032
49,3987,-100,-60.2673267326733
49,3988,-29,-60.2673267326733
49,3989,-20,-17.2549450549451
49,3990,-55,-17.2549450549451
49,3991,-3,-60.2673267326733
49,3992,-45,15.0914285714286
49,3993,-30,-17.2549450549451
49,3994,-8,-17.2549450549451
49,3995,-3,-17.2549450549451
49,3996,-2,15.0914285714286
49,3997,-3,15.0914285714286
49,3998,33,15.0914285714286
49,3999,100,55.4556962025316
49,4000,258,201.516279069767
49,4001,335,201.516279069767
49,4002,-423,-343.857142857143
49,4003,-172,-164.541176470588
49,4004,97,34.2307692307692
49,4005,35,-5.625
49,4006,53,-19.6746031746032
49,4007,-61,-25.6231884057971
49,4008,8,-60.2673267326733
49,4009,174,138.545454545455
49,4010,266,321.703703703704
49,4011,-16,-73.7435897435897
49,4012,-221,-219.622641509434
49,4013,-171,-148.3
49,4014,-79,-60.2673267326733
49,4015,-77,-60.2673267326733
49,4016,-42,-60.2673267326733
49,4017,-47,-17.2549450549451
49,4018,-30,-17.2549450549451
49,4019,-17,-4.7
49,4020,-4,-4.7
49,4021,3,15.0914285714286
49,4022,39,15.0914285714286
49,4023,107,103.171428571429
49,4024,349,283.684210526316
49,4025,219,201.516279069767
49,4026,-385,-343.857142857143
49,4027,-180,-164.541176470588
49,4028,51,34.2307692307692
49,4029,105,-5.625
49,4030,-40,-5.625
49,4031,-2,-25.6231884057971
49,4032,30,-25.6231884057971
49,4033,135,132.41095890411
49,4034,308,321.703703703704
49,4035,-12,-73.7435897435897
49,4036,-271,-219.622641509434
49,4037,-154,-148.3
49,4038,-26,-60.2673267326733
49,4039,-99,-17.2549450549451
49,4040,-85,-60.2673267326733
49,4041,-59,-60.2673267326733
49,4042,-26,-60.2673267326733
49,4043,-2,-4.7
49,4044,-2,15.0914285714286
49,4045,3,15.0914285714286
49,4046,39,15.0914285714286
49,4047,75,103.171428571429
49,4048,274,179.536585365854
49,4049,361,201.516279069767
49,4050,-371,-343.857142857143
49,4051,-247,-164.541176470588
49,4052,31,34.2307692307692
49,4053,60,55.4556962025316
49,4054,-18,-5.625
49,4055,4,-17.2549450549451
49,4056,67,-25.6231884057971
49,4057,92,157.611111111111
49,4058,228,321.703703703704
49,4059,4,-55.1
49,4060,-195,-219.622641509434
49,4061,-121,-148.3
49,4062,-95,-60.2673267326733
49,4063,-93,-60.2673267326733
49,4064,-31,-60.2673267326733
49,4065,-30,-17.2549450549451
49,4066,-28,-17.2549450549451
49,4067,-7,-4.7
49,4068,-7,-17.2549450549451
49,4069,7,-17.2549450549451
49,4070,23,15.0914285714286
49,4071,92,103.171428571429
49,4072,265,201.516279069767
49,4073,270,157.611111111111
49,4074,-383,-343.857142857143
49,4075,-131,-164.541176470588
49,4076,33,34.2307692307692
49,4077,57,-19.6746031746032
49,4078,10,-5.625
49,4079,-33,-19.6746031746032
49,4080,58,-25.6231884057971
49,4081,61,157.611111111111
49,4082,286,321.703703703704
49,4083,-52,-55.1
49,4084,-192,-219.622641509434
49,4085,-146,-148.3
49,4086,-36,-60.2673267326733
49,4087,-58,-17.2549450549451
49,4088,-40,-60.2673267326733
49,4089,-45,-17.2549450549451
49,4090,-20,-17.2549450549451
49,4091,-17,-4.7
49,4092,-6,-17.2549450549451
49,4093,5,-17.2549450549451
49,4094,16,15.0914285714286
49,4095,58,103.171428571429
49,4096,131,179.536585365854
49,4097,226,97.0571428571429
49,4098,-140,-180.416666666667
49,4099,-135,-164.541176470588
49,4100,37,-148.3
49,4101,37,-19.6746031746032
49,4102,-20,-19.6746031746032
49,4103,-5,-17.2549450549451
49,4104,88,-17.2549450549451
49,4105,72,157.611111111111
49,4106,193,179.536585365854
49,4107,-70,-55.1
49,4108,-146,-146.6875
49,4109,-111,-42.7
49,4110,-70,-60.2673267326733
49,4111,-6,-60.2673267326733
49,4112,-43,-17.2549450549451
49,4113,-19,-17.2549450549451
49,4114,-3,-17.2549450549451
49,4115,-30,132.41095890411
49,4116,-41,-17.2549450549451
49,4117,-17,-17.2549450549451
49,4118,-6,-17.2549450549451
49,4119,14,-17.2549450549451
49,4120,19,103.171428571429
49,4121,72,55.4556962025316
49,4122,59,102.714285714286
49,4123,117,157.611111111111
49,4124,117,138.545454545455
49,4125,82,48.04
49,4126,61,-25.6231884057971
49,4127,-5,-25.6231884057971
49,4128,-1,-25.6231884057971
49,4129,-34,-25.6231884057971
49,4130,-162,-17.2549450549451
49,4131,-41,-60.2673267326733
49,4132,-58,-17.2549450549451
49,4133,-64,-60.2673267326733
49,4134,27,-60.2673267326733
49,4135,-49,55.4556962025316
49,4136,2,-17.2549450549451
49,4137,-44,15.0914285714286
49,4138,-16,-17.2549450549451
49,4139,-24,-17.2549450549451
49,4140,-30,-17.2549450549451
49,4141,-36,-17.2549450549451
49,4142,-4,-17.2549450549451
49,4143,-2,15.0914285714286
49,4144,17,15.0914285714286
49,4145,46,103.171428571429
49,4146,34,55.4556962025316
49,4147,116,55.4556962025316
49,4148,31,157.611111111111
49,4149,65,55.4556962025316
49,4150,-30,48.04
49,4151,-53,-17.2549450549451
49,4152,-7,-25.6231884057971
49,4153,28,-17.2549450549451
49,4154,-24,-19.6746031746032
49,4155,-31,-17.2549450549451
49,4156,-76,-17.2549450549451
49,4157,-14,-60.2673267326733
49,4158,-12,-17.2549450549451
49,4159,-18,-17.2549450549451
49,4160,-27,-17.2549450549451
49,4161,-31,-17.2549450549451
49,4162,-16,-17.2549450549451
49,4163,1,-17.2549450549451
49,4164,-1,15.0914285714286
49,4165,8,15.0914285714286
49,4166,15,15.0914285714286
49,4167,96,55.4556962025316
49,4168,171,201.516279069767
49,4169,290,97.0571428571429
49,4170,-300,-286.127659574468
49,4171,-151,-164.541176470588
49,4172,1,34.2307692307692
49,4173,39,-19.6746031746032
49,4174,47,-19.6746031746032
49,4175,-10,-19.6746031746032
49,4176,26,-17.2549450549451
49,4177,109,138.545454545455
49,4178,271,321.703703703704
49,4179,-52,-73.7435897435897
49,4180,-137,-219.622641509434
49,4181,-127,-148.3
49,4182,-55,-60.2673267326733
49,4183,-119,-60.2673267326733
49,4184,-42,-60.2673267326733
49,4185,-53,-17.2549450549451
49,4186,-23,-60.2673267326733
49,4187,-7,-17.2549450549451
49,4188,2,-17.2549450549451
49,4189,5,15.0914285714286
49,4190,33,15.0914285714286
49,4191,77,103.171428571429
49,4192,262,179.536585365854
49,4193,344,97.0571428571429
49,4194,-390,-343.857142857143
49,4195,-180,-164.541176470588
49,4196,19,34.2307692307692
49,4197,53,-19.6746031746032
49,4198,28,-5.625
49,4199,-50,-19.6746031746032
49,4200,66,-25.6231884057971
49,4201,88,157.611111111111
49,4202,243,321.703703703704
49,4203,-55,-55.1
49,4204,-113,-219.622641509434
49,4205,-176,-148.3
49,4206,-50,-60.2673267326733
49,4207,-101,-60.2673267326733
49,4208,-42,-60.2673267326733
49,4209,-30,-17.2549450549451
49,4210,-13,-17.2549450549451
49,4211,-12,-17.2549450549451
49,4212,1,-4.7
49,4213,-6,15.0914285714286
49,4214,33,-17.2549450549451
49,4215,91,103.171428571429
49,4216,241,201.516279069767
49,4217,319,201.516279069767
49,4218,-403,-286.127659574468
49,4219,-149,-164.541176470588
49,4220,36,34.2307692307692
49,4221,60,55.4556962025316
49,4222,6,-5.625
49,4223,-13,-19.6746031746032
49,4224,3,-25.6231884057971
49,4225,101,132.41095890411
49,4226,232,321.703703703704
49,4227,-21,-73.7435897435897
49,4228,-138,-219.622641509434
49,4229,-134,-148.3
49,4230,-66,-60.2673267326733
49,4231,-80,-60.2673267326733
49,4232,-43,-60.2673267326733
49,4233,-47,-17.2549450549451
49,4234,-9,-17.2549450549451
49,4235,-15,-17.2549450549451
49,4236,-6,-17.2549450549451
49,4237,6,-17.2549450549451
49,4238,25,15.0914285714286
49,4239,81,103.171428571429
49,4240,271,179.536585365854
49,4241,294,97.0571428571429
49,4242,-354,-343.857142857143
49,4243,-158,-164.541176470588
49,4244,22,34.2307692307692
49,4245,93,-19.6746031746032
49,4246,-11,-5.625
49,4247,-29,-17.2549450549451
49,4248,38,-25.6231884057971
49,4249,126,132.41095890411
49,4250,144,321.703703703704
49,4251,-84,-73.7435897435897
49,4252,-118,-146.6875
49,4253,-107,-25.6231884057971
49,4254,-28,-60.2673267326733
49,4255,-65,-17.2549450549451
49,4256,-28,-60.2673267326733
49,4257,-73,-17.2549450549451
49,4258,-21,-60.2673267326733
49,4259,-17,-17.2549450549451
49,4260,3,-17.2549450549451
49,4261,-2,15.0914285714286
49,4262,24,15.0914285714286
49,4263,79,103.171428571429
49,4264,195,179.536585365854
49,4265,328,201.516279069767
49,4266,-293,-286.127659574468
49,4267,-153,-164.541176470588
49,4268,21,34.2307692307692
49,4269,62,55.4556962025316
49,4270,40,-5.625
49,4271,-14,-19.6746031746032
49,4272,10,-25.6231884057971
49,4273,108,132.41095890411
49,4274,205,321.703703703704
49,4275,-167,-73.7435897435897
49,4276,-136,-219.622641509434
49,4277,-98,-25.6231884057971
49,4278,-49,-60.2673267326733
49,4279,-34,-17.2549450549451
49,4280,-4,-17.2549450549451
49,4281,-40,-19.6746031746032
49,4282,1,128.619047619048
49,4283,-26,132.41095890411
49,4284,-46,-17.2549450549451
49,4285,-17,-17.2549450549451
49,4286,-3,-17.2549450549451
49,4287,8,15.0914285714286
49,4288,37,15.0914285714286
49,4289,71,103.171428571429
49,4290,101,102.714285714286
49,4291,53,157.611111111111
49,4292,120,138.545454545455
49,4293,60,48.04
49,4294,3,-25.6231884057971
49,4295,-30,-25.6231884057971
49,4296,21,-25.6231884057971
49,4297,-34,-19.6746031746032
49,4298,-104,-17.2549450549451
49,4299,-37,-60.2673267326733
49,4300,-15,-17.2549450549451
49,4301,-56,-17.2549450549451
49,4302,-17,-60.2673267326733
49,4303,-28,-17.2549450549451
49,4304,-37,-17.2549450549451
49,4305,-9,-17.2549450549451
49,4306,-14,-17.2549450549451
49,4307,-9,-17.2549450549451
49,4308,-49,-17.2549450549451
49,4309,-27,-17.2549450549451
49,4310,-2,-17.2549450549451
49,4311,-3,15.0914285714286
49,4312,21,15.0914285714286
49,4313,61,55.4556962025316
49,4314,44,179.536585365854
49,4315,125,55.4556962025316
49,4316,38,138.545454545455
49,4317,122,55.4556962025316
49,4318,-61,48.04
49,4319,-46,-60.2673267326733
49,4320,28,-25.6231884057971
49,4321,62,-19.6746031746032
49,4322,-157,-5.625
49,4323,-136,-60.2673267326733
49,4324,2,-25.6231884057971
49,4325,13,36.6875
49,4326,-16,103.171428571429
49,4327,-17,-17.2549450549451
49,4328,-56,-17.2549450549451
49,4329,-5,-60.2673267326733
49,4330,-13,-17.2549450549451
49,4331,-10,-17.2549450549451
49,4332,-2,-17.2549450549451
49,4333,2,36.6875
49,4334,19,15.0914285714286
49,4335,84,55.4556962025316
49,4336,211,201.516279069767
49,4337,273,201.516279069767
49,4338,-310,-286.127659574468
49,4339,-147,-164.541176470588
49,4340,35,34.2307692307692
49,4341,62,55.4556962025316
49,4342,-22,-5.625
50,1,17,20.4117647058824
50,2,38,36.0632911392405
50,3,13,-35.5301204819277
50,4,-6,-35.5301204819277
50,5,-3,-8.04297520661157
50,6,121,126.810810810811
50,7,188,333.465517241379
50,8,-75,-76.4411764705882
50,9,-101,-143
50,10,-55,-71.9142857142857
50,11,-72,-53.9906103286385
50,12,-73,-53.9906103286385
50,13,-115,-53.9906103286385
50,14,21,-53.9906103286385
50,15,-11,103.731543624161
50,16,3,-8.04297520661157
50,17,-38,-8.04297520661157
50,18,-5,-8.04297520661157
50,19,-8,-8.04297520661157
50,20,32,-8.04297520661157
50,21,50,36.0632911392405
50,22,102,103.731543624161
50,23,81,86.2608695652174
50,24,129,124.2
50,25,48,25.4137931034483
50,26,19,25.4137931034483
50,27,-43,25.4137931034483
50,28,-19,17.6875
50,29,-5,-8.04297520661157
50,30,-31,-8.04297520661157
50,31,-11,-8.04297520661157
50,32,-23,-8.04297520661157
50,33,35,-8.04297520661157
50,34,-82,103.731543624161
50,35,-79,-53.9906103286385
50,36,-41,-53.9906103286385
50,37,-20,-8.04297520661157
50,38,-3,-8.04297520661157
50,39,-56,-8.04297520661157
50,40,-3,-53.9906103286385
50,41,-57,-8.04297520661157
50,42,-29,-53.9906103286385
50,43,6,-8.04297520661157
50,44,17,45.140350877193
50,45,23,36.0632911392405
50,46,92,103.731543624161
50,47,77,86.2608695652174
50,48,147,144.651162790698
50,49,11,124.2
50,50,56,85.6
50,51,-13,-36.1578947368421
50,52,24,-8.04297520661157
50,53,-99,-36.1578947368421
50,54,-32,-53.9906103286385
50,55,100,-8.04297520661157
50,56,-43,-11.0851063829787
50,57,12,-8.04297520661157
50,58,-50,-36.1578947368421
50,59,-74,-53.9906103286385
50,60,-107,-53.9906103286385
50,61,-41,-53.9906103286385
50,62,-67,-8.04297520661157
50,63,-26,-53.9906103286385
50,64,-2,-8.04297520661157
50,65,-10,-8.04297520661157
50,66,7,-8.04297520661157
50,67,28,45.140350877193
50,68,96,103.731543624161
50,69,262,208.641025641026
50,70,170,195.217898832685
50,71,-273,-316.933333333333
50,72,-121,-116.809523809524
50,73,27,17.6875
50,74,56,36.0632911392405
50,75,-21,-11.0851063829787
50,76,-6,-8.04297520661157
50,77,4,-36.1578947368421
50,78,131,126.810810810811
50,79,382,257.741935483871
50,80,-17,-76.4411764705882
50,81,-149,-196.881944444444
50,82,-186,-144.766666666667
50,83,-137,-138.588235294118
50,84,-70,-53.9906103286385
50,85,-86,-53.9906103286385
50,86,-49,-53.9906103286385
50,87,-39,-8.04297520661157
50,88,-4,-8.04297520661157
50,89,-8,-8.04297520661157
50,90,4,-8.04297520661157
50,91,29,-8.04297520661157
50,92,119,103.731543624161
50,93,329,278.551020408163
50,94,163,195.217898832685
50,95,-374,-316.933333333333
50,96,-63,-116.809523809524
50,97,8,17.6875
50,98,55,36.0632911392405
50,99,11,-11.0851063829787
50,100,27,-35.5301204819277
50,101,91,-36.1578947368421
50,102,126,144.651162790698
50,103,195,333.465517241379
50,104,-95,-192
50,105,-130,-116.809523809524
50,106,-121,17.6875
50,107,-180,-53.9906103286385
50,108,-19,-53.9906103286385
50,109,-6,-8.04297520661157
50,110,-12,-8.04297520661157
50,111,-36,-8.04297520661157
50,112,-30,-8.04297520661157
50,113,-61,-8.04297520661157
50,114,-16,-53.9906103286385
50,115,3,-8.04297520661157
50,116,13,-8.04297520661157
50,117,40,45.140350877193
50,118,81,103.731543624161
50,119,140,195.217898832685
50,120,154,144.651162790698
50,121,38,25.4137931034483
50,122,9,85.6
50,123,5,25.4137931034483
50,124,48,-35.5301204819277
50,125,-93,-35.5301204819277
50,126,-65,-53.9906103286385
50,127,25,-71.9142857142857
50,128,16,-35.5301204819277
50,129,2,-35.5301204819277
50,130,119,-8.04297520661157
50,131,33,86.2608695652174
50,132,-82,103.731543624161
50,133,-319,-71.9142857142857
50,134,-95,-53.9906103286385
50,135,-58,-53.9906103286385
50,136,-12,-53.9906103286385
50,137,-11,-8.04297520661157
50,138,0,-8.04297520661157
50,139,22,-8.04297520661157
50,140,104,103.731543624161
50,141,210,333.465517241379
50,142,207,278.551020408163
50,143,-257,-316.933333333333
50,144,-107,-150.87619047619
50,145,58,17.6875
50,146,32,-11.0851063829787
50,147,34,-35.5301204819277
50,148,-69,-36.1578947368421
50,149,13,-53.9906103286385
50,150,179,125.25
50,151,256,257.741935483871
50,152,-82,-76.4411764705882
50,153,-104,-150.87619047619
50,154,-182,-144.766666666667
50,155,2,-53.9906103286385
50,156,-98,-8.04297520661157
50,157,-94,-53.9906103286385
50,158,-29,-53.9906103286385
50,159,-73,-8.04297520661157
50,160,-12,-53.9906103286385
50,161,-10,-8.04297520661157
50,162,-1,-8.04297520661157
50,163,29,-8.04297520661157
50,164,96,103.731543624161
50,165,222,195.217898832685
50,166,232,278.551020408163
50,167,-281,-316.933333333333
50,168,-94,-150.87619047619
50,169,23,17.6875
50,170,98,36.0632911392405
50,171,-38,-11.0851063829787
50,172,-18,-8.04297520661157
50,173,10,23.9
50,174,84,125.25
50,175,207,257.741935483871
50,176,-16,-11.0851063829787
50,177,-142,-196.881944444444
50,178,-82,-71.9142857142857
50,179,-36,-53.9906103286385
50,180,-12,-8.04297520661157
50,181,-124,-8.04297520661157
50,182,-14,-53.9906103286385
50,183,-79,-8.04297520661157
50,184,-13,-53.9906103286385
50,185,-27,-8.04297520661157
50,186,-15,-8.04297520661157
50,187,-2,-8.04297520661157
50,188,17,-8.04297520661157
50,189,40,45.140350877193
50,190,81,103.731543624161
50,191,104,195.217898832685
50,192,69,42.625
50,193,42,25.4137931034483
50,194,-25,25.4137931034483
50,195,18,17.6875
50,196,-52,-35.5301204819277
50,197,-2,-53.9906103286385
50,198,-12,-8.04297520661157
50,199,-15,-8.04297520661157
50,200,-2,-8.04297520661157
50,201,10,-8.04297520661157
50,202,-11,36.0632911392405
50,203,-75,-8.04297520661157
50,204,19,-53.9906103286385
50,205,-72,103.731543624161
50,206,-1,-53.9906103286385
50,207,-23,-8.04297520661157
50,208,-54,-8.04297520661157
50,209,-35,-53.9906103286385
50,210,-22,-8.04297520661157
50,211,-7,-8.04297520661157
50,212,15,-8.04297520661157
50,213,31,36.0632911392405
50,214,78,103.731543624161
50,215,112,165.613445378151
50,216,77,144.651162790698
50,217,70,124.2
50,218,-13,25.4137931034483
50,219,-39,25.4137931034483
50,220,-25,17.6875
50,221,-14,-8.04297520661157
50,222,-7,-8.04297520661157
50,223,-21,-8.04297520661157
50,224,-17,-8.04297520661157
50,225,-3,-8.04297520661157
50,226,35,-8.04297520661157
50,227,-78,103.731543624161
50,228,-85,-53.9906103286385
50,229,1,-53.9906103286385
50,230,-84,-8.04297520661157
50,231,-21,-53.9906103286385
50,232,-13,-8.04297520661157
50,233,0,-8.04297520661157
50,234,-3,-8.04297520661157
50,235,26,-8.04297520661157
50,236,64,36.0632911392405
50,237,138,165.613445378151
50,238,225,195.217898832685
50,239,-92,-192
50,240,-188,-150.87619047619
50,241,41,17.6875
50,242,50,36.0632911392405
50,243,-11,-35.5301204819277
50,244,-13,-8.04297520661157
50,245,38,-36.1578947368421
50,246,133,103.731543624161
50,247,436,278.551020408163
50,248,23,-76.4411764705882
50,249,-241,-196.881944444444
50,250,-184,-144.766666666667
50,251,-116,-138.588235294118
50,252,-107,-53.9906103286385
50,253,-93,-53.9906103286385
50,254,-62,-53.9906103286385
50,255,-54,-53.9906103286385
50,256,1,-53.9906103286385
50,257,-13,-8.04297520661157
50,258,1,-8.04297520661157
50,259,38,-8.04297520661157
50,260,145,103.731543624161
50,261,333,278.551020408163
50,262,129,278.551020408163
50,263,-318,-316.933333333333
50,264,-141,-144.766666666667
50,265,59,17.6875
50,266,23,-11.0851063829787
50,267,8,-35.5301204819277
50,268,-38,-36.1578947368421
50,269,23,-8.04297520661157
50,270,170,103.731543624161
50,271,437,333.465517241379
50,272,-53,-76.4411764705882
50,273,-405,-196.881944444444
50,274,-330,-144.766666666667
50,275,6,-138.588235294118
50,276,49,36.0632911392405
50,277,-36,-35.5301204819277
50,278,-59,-8.04297520661157
50,279,-30,23.9
50,280,-9,126.810810810811
50,281,0,126.810810810811
50,282,2,-8.04297520661157
50,283,34,-8.04297520661157
50,284,144,103.731543624161
50,285,312,278.551020408163
50,286,177,195.217898832685
50,287,-346,-316.933333333333
50,288,-133,-116.809523809524
50,289,34,17.6875
50,290,63,36.0632911392405
50,291,-19,-11.0851063829787
50,292,-32,-8.04297520661157
50,293,35,23.9
50,294,135,103.731543624161
50,295,419,333.465517241379
50,296,-16,-76.4411764705882
50,297,-181,-196.881944444444
50,298,-150,-144.766666666667
50,299,-92,-138.588235294118
50,300,-147,-53.9906103286385
50,301,-92,-53.9906103286385
50,302,-96,-53.9906103286385
50,303,-35,-53.9906103286385
50,304,-12,-8.04297520661157
50,305,1,-8.04297520661157
50,306,-5,-8.04297520661157
50,307,39,-8.04297520661157
50,308,134,173.7
50,309,334,278.551020408163
50,310,190,195.217898832685
50,311,-375,-316.933333333333
50,312,-113,-116.809523809524
50,313,1,17.6875
50,314,77,-8.04297520661157
50,315,-15,-11.0851063829787
50,316,-68,-8.04297520661157
50,317,62,23.9
50,318,168,144.651162790698
50,319,356,333.465517241379
50,320,30,-229.036144578313
50,321,-196,-196.881944444444
50,322,-115,-144.766666666667
50,323,-141,-138.588235294118
50,324,-55,-53.9906103286385
50,325,-107,-53.9906103286385
50,326,-116,-53.9906103286385
50,327,-36,-53.9906103286385
50,328,-42,-12.8
50,329,-8,-8.04297520661157
50,330,2,-8.04297520661157
50,331,23,-8.04297520661157
50,332,93,103.731543624161
50,333,253,208.641025641026
50,334,333,195.217898832685
50,335,-299,-316.933333333333
50,336,-146,-150.87619047619
50,337,20,20.4117647058824
50,338,91,36.0632911392405
50,339,-5,-11.0851063829787
50,340,-5,-8.04297520661157
50,341,-16,-36.1578947368421
50,342,139,126.810810810811
50,343,343,333.465517241379
50,344,-204,-76.4411764705882
50,345,-143,-150.87619047619
50,346,-99,20.4117647058824
50,347,-90,-138.588235294118
50,348,-36,-53.9906103286385
50,349,-51,-8.04297520661157
50,350,-21,-53.9906103286385
50,351,-73,-12.8
50,352,-17,-53.9906103286385
50,353,-61,-8.04297520661157
50,354,-31,-53.9906103286385
50,355,-4,-8.04297520661157
50,356,30,-8.04297520661157
50,357,13,103.731543624161
50,358,103,45.140350877193
50,359,131,195.217898832685
50,360,119,144.651162790698
50,361,38,124.2
50,362,60,25.4137931034483
50,363,92,25.4137931034483
50,364,41,-11.0851063829787
50,365,-72,-36.1578947368421
50,366,6,-71.9142857142857
50,367,-108,-35.5301204819277
50,368,-107,-53.9906103286385
50,369,80,-53.9906103286385
50,370,-75,-11.0851063829787
50,371,-87,-53.9906103286385
50,372,-44,-71.9142857142857
50,373,-14,-8.04297520661157
50,374,-24,-8.04297520661157
50,375,-19,-8.04297520661157
50,376,-53,-8.04297520661157
50,377,-58,-53.9906103286385
50,378,-38,-53.9906103286385
50,379,-10,-8.04297520661157
50,380,6,-8.04297520661157
50,381,32,45.140350877193
50,382,86,103.731543624161
50,383,88,208.641025641026
50,384,161,208.641025641026
50,385,69,124.2
50,386,38,85.6
50,387,-9,25.4137931034483
50,388,-4,-36.1578947368421
50,389,13,-8.04297520661157
50,390,6,-35.5301204819277
50,391,-59,-35.5301204819277
50,392,-124,-53.9906103286385
50,393,0,-53.9906103286385
50,394,-18,-8.04297520661157
50,395,-71,-8.04297520661157
50,396,-93,-53.9906103286385
50,397,-39,-53.9906103286385
50,398,-48,-8.04297520661157
50,399,-32,-8.04297520661157
50,400,4,-8.04297520661157
50,401,-9,-8.04297520661157
50,402,6,-8.04297520661157
50,403,38,45.140350877193
50,404,90,103.731543624161
50,405,343,208.641025641026
50,406,184,195.217898832685
50,407,-319,-316.933333333333
50,408,-162,-116.809523809524
50,409,-4,17.6875
50,410,55,-8.04297520661157
50,411,2,-11.0851063829787
50,412,-27,-8.04297520661157
50,413,25,23.9
50,414,149,103.731543624161
50,415,369,333.465517241379
50,416,39,195.217898832685
50,417,-199,-196.881944444444
50,418,-141,-144.766666666667
50,419,-126,-138.588235294118
50,420,-44,-53.9906103286385
50,421,-118,-8.04297520661157
50,422,-113,-53.9906103286385
50,423,-28,-53.9906103286385
50,424,-18,-12.8
50,425,-4,-8.04297520661157
50,426,4,-8.04297520661157
50,427,31,-8.04297520661157
50,428,175,103.731543624161
50,429,313,278.551020408163
50,430,135,195.217898832685
50,431,-341,-316.933333333333
50,432,-161,-144.766666666667
50,433,47,17.6875
50,434,48,36.0632911392405
50,435,-33,-35.5301204819277
50,436,-7,23.9
50,437,30,-36.1578947368421
50,438,137,103.731543624161
50,439,389,333.465517241379
50,440,2,-76.4411764705882
50,441,-225,-196.881944444444
50,442,-120,-144.766666666667
50,443,-94,-138.588235294118
50,444,-89,-53.9906103286385
50,445,-83,-53.9906103286385
50,446,-108,-53.9906103286385
50,447,-37,-53.9906103286385
50,448,-8,-12.8
50,449,-4,-8.04297520661157
50,450,2,-8.04297520661157
50,451,40,-8.04297520661157
50,452,116,103.731543624161
50,453,333,278.551020408163
50,454,184,195.217898832685
50,455,-382,-316.933333333333
50,456,-159,-116.809523809524
50,457,45,17.6875
50,458,19,36.0632911392405
50,459,1,-35.5301204819277
50,460,-33,-8.04297520661157
50,461,24,-8.04297520661157
50,462,30,103.731543624161
50,463,146,173.7
50,464,273,-11.0851063829787
50,465,-127,-76.4411764705882
50,466,-150,-150.87619047619
50,467,-47,-144.766666666667
50,468,-31,-8.04297520661157
50,469,-157,-8.04297520661157
50,470,-65,-53.9906103286385
50,471,-41,-53.9906103286385
50,472,-18,-8.04297520661157
50,473,-2,-8.04297520661157
50,474,3,-8.04297520661157
50,475,32,-8.04297520661157
50,476,112,103.731543624161
50,477,321,278.551020408163
50,478,184,195.217898832685
50,479,-339,-316.933333333333
50,480,-120,-116.809523809524
50,481,18,17.6875
50,482,58,36.0632911392405
50,483,-20,-11.0851063829787
50,484,-57,-8.04297520661157
50,485,95,23.9
50,486,66,144.651162790698
50,487,413,333.465517241379
50,488,6,-32.2
50,489,-244,-196.881944444444
50,490,-28,-144.766666666667
50,491,-173,-8.04297520661157
50,492,-264,-53.9906103286385
50,493,-3,-53.9906103286385
50,494,-31,-8.04297520661157
50,495,-23,-8.04297520661157
50,496,8,-12.8
50,497,17,173.7
50,498,-27,45.140350877193
50,499,33,-12.8
50,500,84,36.0632911392405
50,501,234,42.625
50,502,331,195.217898832685
50,503,-318,-316.933333333333
50,504,-140,-150.87619047619
50,505,-21,20.4117647058824
50,506,62,-8.04297520661157
50,507,-118,-11.0851063829787
50,508,73,-53.9906103286385
50,509,-13,-36.1578947368421
50,510,220,-12.8
50,511,279,-32.2
50,512,-93,42.625
50,513,-220,-150.87619047619
50,514,-151,-144.766666666667
50,515,-129,-53.9906103286385
50,516,13,-53.9906103286385
50,517,31,36.0632911392405
50,518,-63,-35.5301204819277
50,519,-31,-53.9906103286385
50,520,-12,-12.8
50,521,-35,-8.04297520661157
50,522,-9,-8.04297520661157
50,523,1,-8.04297520661157
50,524,-2,-8.04297520661157
50,525,22,-8.04297520661157
50,526,75,103.731543624161
50,527,95,165.613445378151
50,528,61,195.217898832685
50,529,37,25.4137931034483
50,530,152,25.4137931034483
50,531,-103,25.4137931034483
50,532,-11,-53.9906103286385
50,533,37,-36.1578947368421
50,534,-54,-35.5301204819277
50,535,-85,-53.9906103286385
50,536,-64,-53.9906103286385
50,537,61,-53.9906103286385
50,538,-24,165.613445378151
50,539,-51,-8.04297520661157
50,540,17,-71.9142857142857
50,541,-31,45.140350877193
50,542,-36,-8.04297520661157
50,543,17,-8.04297520661157
50,544,-8,36.0632911392405
50,545,-79,-8.04297520661157
50,546,-27,-53.9906103286385
50,547,-10,-8.04297520661157
50,548,13,-8.04297520661157
50,549,19,45.140350877193
50,550,115,36.0632911392405
50,551,105,195.217898832685
50,552,121,144.651162790698
50,553,126,124.2
50,554,-1,25.4137931034483
50,555,122,25.4137931034483
50,556,-10,-36.1578947368421
50,557,8,-8.04297520661157
50,558,4,-36.1578947368421
50,559,-72,-8.04297520661157
50,560,-41,-53.9906103286385
50,561,7,-8.04297520661157
50,562,-144,36.0632911392405
50,563,-33,-53.9906103286385
50,564,-154,-8.04297520661157
50,565,-68,-53.9906103286385
50,566,-76,-53.9906103286385
50,567,-20,-53.9906103286385
50,568,-10,-8.04297520661157
50,569,-15,-8.04297520661157
50,570,6,-8.04297520661157
50,571,43,45.140350877193
50,572,106,173.7
50,573,264,278.551020408163
50,574,317,195.217898832685
50,575,-393,-316.933333333333
50,576,-145,-150.87619047619
50,577,-2,20.4117647058824
50,578,116,-8.04297520661157
50,579,-74,-11.0851063829787
50,580,31,-53.9906103286385
50,581,10,-36.1578947368421
50,582,176,125.25
50,583,390,333.465517241379
50,584,-106,-76.4411764705882
50,585,-159,-150.87619047619
50,586,-179,-144.766666666667
50,587,-107,-138.588235294118
50,588,-87,-53.9906103286385
50,589,-95,-53.9906103286385
50,590,-50,-53.9906103286385
50,591,-47,-53.9906103286385
50,592,-1,-8.04297520661157
50,593,-10,-8.04297520661157
50,594,0,-8.04297520661157
50,595,44,-8.04297520661157
50,596,140,103.731543624161
50,597,326,278.551020408163
50,598,227,278.551020408163
50,599,-404,-316.933333333333
50,600,-121,-150.87619047619
50,601,-17,17.6875
50,602,28,-8.04297520661157
50,603,44,-35.5301204819277
50,604,-29,-35.5301204819277
50,605,41,-8.04297520661157
50,606,170,103.731543624161
50,607,414,333.465517241379
50,608,8,195.217898832685
50,609,-245,-196.881944444444
50,610,-109,-144.766666666667
50,611,-145,-138.588235294118
50,612,-109,-53.9906103286385
50,613,-77,-53.9906103286385
50,614,-126,-53.9906103286385
50,615,-38,-53.9906103286385
50,616,-16,-12.8
50,617,0,-8.04297520661157
50,618,-8,-8.04297520661157
50,619,55,-8.04297520661157
50,620,131,165.613445378151
50,621,317,278.551020408163
50,622,281,-32.2
50,623,-446,-316.933333333333
50,624,-111,-150.87619047619
50,625,50,20.4117647058824
50,626,29,36.0632911392405
50,627,2,-35.5301204819277
50,628,-65,-36.1578947368421
50,629,70,-53.9906103286385
50,630,167,144.651162790698
50,631,429,333.465517241379
50,632,-22,-229.036144578313
50,633,-193,-196.881944444444
50,634,-131,-144.766666666667
50,635,-170,-138.588235294118
50,636,-119,-53.9906103286385
50,637,-39,-53.9906103286385
50,638,-147,-8.04297520661157
50,639,-63,-53.9906103286385
50,640,-8,-53.9906103286385
50,641,-13,-8.04297520661157
50,642,-4,-8.04297520661157
50,643,38,-8.04297520661157
50,644,139,103.731543624161
50,645,314,278.551020408163
50,646,234,278.551020408163
50,647,-385,-316.933333333333
50,648,-122,-150.87619047619
50,649,-10,17.6875
50,650,67,-8.04297520661157
50,651,-37,-11.0851063829787
50,652,-29,-8.04297520661157
50,653,25,23.9
50,654,136,103.731543624161
50,655,364,333.465517241379
50,656,-50,195.217898832685
50,657,-74,-196.881944444444
50,658,-168,-144.766666666667
50,659,-175,-138.588235294118
50,660,-37,-53.9906103286385
50,661,-89,-8.04297520661157
50,662,-48,-53.9906103286385
50,663,-43,-8.04297520661157
50,664,-28,-8.04297520661157
50,665,-14,-8.04297520661157
50,666,-4,-8.04297520661157
50,667,29,-8.04297520661157
50,668,102,103.731543624161
50,669,271,208.641025641026
50,670,266,195.217898832685
50,671,-313,-316.933333333333
50,672,-132,-150.87619047619
50,673,20,20.4117647058824
50,674,48,36.0632911392405
50,675,15,-35.5301204819277
50,676,12,-35.5301204819277
50,677,-3,-36.1578947368421
50,678,176,126.810810810811
50,679,200,333.465517241379
50,680,-77,-76.4411764705882
50,681,-106,-150.87619047619
50,682,-162,-71.9142857142857
50,683,-94,-53.9906103286385
50,684,-61,-53.9906103286385
50,685,-10,-53.9906103286385
50,686,2,-8.04297520661157
50,687,-111,-8.04297520661157
50,688,10,-53.9906103286385
50,689,-47,45.140350877193
50,690,-32,-8.04297520661157
50,691,3,-8.04297520661157
50,692,36,-8.04297520661157
50,693,26,36.0632911392405
50,694,87,103.731543624161
50,695,174,86.2608695652174
50,696,58,144.651162790698
50,697,62,85.6
50,698,30,25.4137931034483
50,699,11,25.4137931034483
50,700,-4,-36.1578947368421
50,701,3,-8.04297520661157
50,702,-10,-8.04297520661157
50,703,-8,-8.04297520661157
50,704,2,-8.04297520661157
50,705,-143,-8.04297520661157
50,706,-105,-53.9906103286385
50,707,67,-53.9906103286385
50,708,-24,86.2608695652174
50,709,-68,-8.04297520661157
50,710,-20,-71.9142857142857
50,711,-30,-8.04297520661157
50,712,-46,-8.04297520661157
50,713,-57,-8.04297520661157
50,714,-42,-53.9906103286385
50,715,4,-8.04297520661157
50,716,1,-8.04297520661157
50,717,22,-8.04297520661157
50,718,87,103.731543624161
50,719,99,208.641025641026
50,720,155,208.641025641026
50,721,128,124.2
50,722,2,-229.036144578313
50,723,-28,25.4137931034483
50,724,39,17.6875
50,725,-21,-35.5301204819277
50,726,20,-8.04297520661157
50,727,10,-35.5301204819277
50,728,-112,-35.5301204819277
50,729,24,-53.9906103286385
50,730,-140,103.731543624161
50,731,-32,-53.9906103286385
50,732,-123,-8.04297520661157
50,733,-48,-53.9906103286385
50,734,-42,-8.04297520661157
50,735,-39,-8.04297520661157
50,736,-11,-8.04297520661157
50,737,-5,-8.04297520661157
50,738,2,-8.04297520661157
50,739,42,-8.04297520661157
50,740,114,103.731543624161
50,741,308,195.217898832685
50,742,282,195.217898832685
50,743,-458,-316.933333333333
50,744,-104,-150.87619047619
50,745,26,20.4117647058824
50,746,63,36.0632911392405
50,747,-52,-11.0851063829787
50,748,28,-53.9906103286385
50,749,-18,-36.1578947368421
50,750,189,126.810810810811
50,751,402,333.465517241379
50,752,-15,-76.4411764705882
50,753,-147,-196.881944444444
50,754,-203,-144.766666666667
50,755,-140,-138.588235294118
50,756,-92,-53.9906103286385
50,757,-80,-53.9906103286385
50,758,-112,-53.9906103286385
50,759,-17,-53.9906103286385
50,760,-13,-8.04297520661157
50,761,-2,-12.8
50,762,0,-8.04297520661157
50,763,39,-8.04297520661157
50,764,149,103.731543624161
50,765,319,278.551020408163
50,766,247,195.217898832685
50,767,-427,-316.933333333333
50,768,-106,-150.87619047619
50,769,-3,20.4117647058824
50,770,24,-8.04297520661157
50,771,40,-35.5301204819277
50,772,-28,-35.5301204819277
50,773,-116,-8.04297520661157
50,774,258,-53.9906103286385
50,775,418,333.465517241379
50,776,37,-76.4411764705882
50,777,-243,-196.881944444444
50,778,-162,-144.766666666667
50,779,-100,-138.588235294118
50,780,-95,-53.9906103286385
50,781,-110,-53.9906103286385
50,782,-100,-53.9906103286385
50,783,-14,-53.9906103286385
50,784,-20,-12.8
50,785,-6,-8.04297520661157
50,786,-3,-8.04297520661157
50,787,45,-8.04297520661157
50,788,136,103.731543624161
50,789,302,278.551020408163
50,790,194,195.217898832685
50,791,-331,-316.933333333333
50,792,-114,-116.809523809524
50,793,-2,17.6875
50,794,50,-8.04297520661157
50,795,-4,-35.5301204819277
50,796,-17,-8.04297520661157
50,797,32,23.9
50,798,184,103.731543624161
50,799,358,333.465517241379
50,800,54,-76.4411764705882
50,801,-239,-196.881944444444
50,802,-139,-144.766666666667
50,803,-193,-97.1818181818182
50,804,-32,-53.9906103286385
50,805,-136,-8.04297520661157
50,806,-89,-53.9906103286385
50,807,-21,-53.9906103286385
50,808,-31,-12.8
50,809,-5,-8.04297520661157
50,810,3,-12.8
50,811,32,-8.04297520661157
50,812,142,103.731543624161
50,813,290,278.551020408163
50,814,266,195.217898832685
50,815,-396,-316.933333333333
50,816,-162,-150.87619047619
50,817,45,20.4117647058824
50,818,60,36.0632911392405
50,819,24,-11.0851063829787
50,820,-85,-35.5301204819277
50,821,45,23.9
50,822,136,103.731543624161
50,823,459,333.465517241379
50,824,-98,-76.4411764705882
50,825,-160,-150.87619047619
50,826,-180,-144.766666666667
50,827,-85,-138.588235294118
50,828,-80,-53.9906103286385
50,829,-85,-53.9906103286385
50,830,-106,-53.9906103286385
50,831,-28,-53.9906103286385
50,832,-29,-8.04297520661157
50,833,-8,-8.04297520661157
50,834,6,-8.04297520661157
50,835,25,45.140350877193
50,836,126,103.731543624161
50,837,258,278.551020408163
50,838,247,195.217898832685
50,839,-272,-316.933333333333
50,840,-147,-150.87619047619
50,841,14,20.4117647058824
50,842,75,36.0632911392405
50,843,7,-11.0851063829787
50,844,-14,-35.5301204819277
50,845,49,-36.1578947368421
50,846,112,103.731543624161
50,847,249,257.741935483871
50,848,-70,-32.2
50,849,-202,-196.881944444444
50,850,-80,-144.766666666667
50,851,-111,-53.9906103286385
50,852,-76,-53.9906103286385
50,853,-6,-53.9906103286385
50,854,-35,-8.04297520661157
50,855,-39,-8.04297520661157
50,856,-38,-12.8
50,857,-54,-8.04297520661157
50,858,-17,-53.9906103286385
50,859,4,-8.04297520661157
50,860,32,-8.04297520661157
50,861,18,103.731543624161
50,862,114,103.731543624161
50,863,97,195.217898832685
50,864,118,144.651162790698
50,865,74,25.4137931034483
50,866,77,25.4137931034483
50,867,-20,25.4137931034483
50,868,-55,17.6875
50,869,17,-97.1818181818182
50,870,-39,-35.5301204819277
50,871,42,-8.04297520661157
50,872,-2,-35.5301204819277
50,873,-93,-8.04297520661157
50,874,-85,-53.9906103286385
50,875,-23,-53.9906103286385
50,876,-20,-8.04297520661157
50,877,-47,-8.04297520661157
50,878,-69,-8.04297520661157
50,879,-66,-53.9906103286385
50,880,-14,-53.9906103286385
50,881,-32,-8.04297520661157
50,882,-27,-8.04297520661157
50,883,5,-8.04297520661157
50,884,0,45.140350877193
50,885,49,-8.04297520661157
50,886,40,103.731543624161
50,887,121,103.731543624161
50,888,135,124.2
50,889,73,42.625
50,890,54,25.4137931034483
50,891,32,-36.1578947368421
50,892,3,25.4137931034483
50,893,-76,-36.1578947368421
50,894,-29,-53.9906103286385
50,895,-39,-8.04297520661157
50,896,-153,-8.04297520661157
50,897,-44,-53.9906103286385
50,898,8,-8.04297520661157
50,899,15,-35.5301204819277
50,900,-51,45.140350877193
50,901,-70,-53.9906103286385
50,902,-54,-53.9906103286385
50,903,-22,-53.9906103286385
50,904,-6,-8.04297520661157
50,905,0,-8.04297520661157
50,906,6,-8.04297520661157
50,907,14,45.140350877193
50,908,116,45.140350877193
50,909,266,278.551020408163
50,910,198,195.217898832685
50,911,-329,-316.933333333333
50,912,-63,-150.87619047619
50,913,47,17.6875
50,914,25,36.0632911392405
50,915,4,-35.5301204819277
50,916,-2,-36.1578947368421
50,917,-13,-8.04297520661157
50,918,177,126.810810810811
50,919,407,333.465517241379
50,920,-15,-76.4411764705882
50,921,-203,-196.881944444444
50,922,-183,-144.766666666667
50,923,-140,-138.588235294118
50,924,-110,-53.9906103286385
50,925,-94,-53.9906103286385
50,926,-66,-53.9906103286385
50,927,-29,-53.9906103286385
50,928,-5,-12.8
50,929,-7,-8.04297520661157
50,930,3,-8.04297520661157
50,931,27,-8.04297520661157
50,932,143,103.731543624161
50,933,323,278.551020408163
50,934,203,195.217898832685
50,935,-378,-316.933333333333
50,936,-77,-150.87619047619
50,937,-36,17.6875
50,938,69,-8.04297520661157
50,939,-30,-11.0851063829787
50,940,8,-8.04297520661157
50,941,45,-36.1578947368421
50,942,139,103.731543624161
50,943,423,333.465517241379
50,944,-54,144.651162790698
50,945,-204,-196.881944444444
50,946,-162,-144.766666666667
50,947,-131,-138.588235294118
50,948,-93,-53.9906103286385
50,949,-86,-53.9906103286385
50,950,-80,-53.9906103286385
50,951,-35,-53.9906103286385
50,952,-17,-12.8
50,953,1,-8.04297520661157
50,954,0,-8.04297520661157
50,955,36,-8.04297520661157
50,956,130,103.731543624161
50,957,309,278.551020408163
50,958,255,195.217898832685
50,959,-396,-316.933333333333
50,960,-127,-150.87619047619
50,961,25,20.4117647058824
50,962,41,36.0632911392405
50,963,33,-35.5301204819277
50,964,-77,-35.5301204819277
50,965,42,-53.9906103286385
50,966,163,103.731543624161
50,967,417,333.465517241379
50,968,4,-76.4411764705882
50,969,-176,-196.881944444444
50,970,-186,-144.766666666667
50,971,-119,-138.588235294118
50,972,-148,-53.9906103286385
50,973,-97,-53.9906103286385
50,974,-69,-53.9906103286385
50,975,-39,-53.9906103286385
50,976,-14,-8.04297520661157
50,977,-8,-8.04297520661157
50,978,4,-8.04297520661157
50,979,31,-8.04297520661157
50,980,126,173.7
50,981,308,278.551020408163
50,982,223,195.217898832685
50,983,-345,-316.933333333333
50,984,-148,-150.87619047619
50,985,55,17.6875
50,986,17,-11.0851063829787
50,987,4,-35.5301204819277
50,988,-34,-36.1578947368421
50,989,20,-8.04297520661157
50,990,150,103.731543624161
50,991,393,333.465517241379
50,992,1,-76.4411764705882
50,993,-188,-196.881944444444
50,994,-145,-144.766666666667
50,995,-142,-138.588235294118
50,996,-77,-53.9906103286385
50,997,-103,-53.9906103286385
50,998,-71,-53.9906103286385
50,999,-44,-53.9906103286385
50,1000,-21,-8.04297520661157
50,1001,-11,-8.04297520661157
50,1002,-2,-8.04297520661157
50,1003,26,-8.04297520661157
50,1004,11,103.731543624161
50,1005,89,45.140350877193
50,1006,-14,195.217898832685
50,1007,101,-8.04297520661157
50,1008,-27,25.4137931034483
50,1009,58,-8.04297520661157
50,1010,64,25.4137931034483
50,1011,-25,-11.0851063829787
50,1012,17,-97.1818181818182
50,1013,17,-36.1578947368421
50,1014,143,36.0632911392405
50,1015,263,195.217898832685
50,1016,-90,-76.4411764705882
50,1017,-148,-150.87619047619
50,1018,-122,-144.766666666667
50,1019,-84,-53.9906103286385
50,1020,-68,-53.9906103286385
50,1021,-26,-53.9906103286385
50,1022,-12,-8.04297520661157
50,1023,-64,-8.04297520661157
50,1024,-31,-53.9906103286385
50,1025,-64,-8.04297520661157
50,1026,-11,-53.9906103286385
50,1027,1,-8.04297520661157
50,1028,12,-8.04297520661157
50,1029,39,45.140350877193
50,1030,100,103.731543624161
50,1031,109,195.217898832685
50,1032,136,144.651162790698
50,1033,92,25.4137931034483
50,1034,47,25.4137931034483
50,1035,23,25.4137931034483
50,1036,-31,-36.1578947368421
50,1037,24,17.6875
50,1038,-31,-35.5301204819277
50,1039,-19,-8.04297520661157
50,1040,-212,-8.04297520661157
50,1041,-25,-53.9906103286385
50,1042,-115,-8.04297520661157
50,1043,-32,-53.9906103286385
50,1044,40,-8.04297520661157
50,1045,-5,103.731543624161
50,1046,-43,-8.04297520661157
50,1047,-7,-12.8
50,1048,-27,-8.04297520661157
50,1049,-38,-8.04297520661157
50,1050,-38,-8.04297520661157
50,1051,0,-8.04297520661157
50,1052,6,-8.04297520661157
50,1053,23,45.140350877193
50,1054,80,36.0632911392405
50,1055,98,195.217898832685
50,1056,111,195.217898832685
50,1057,121,124.2
50,1058,56,25.4137931034483
50,1059,38,25.4137931034483
50,1060,36,-36.1578947368421
50,1061,-2,-36.1578947368421
50,1062,-64,-8.04297520661157
50,1063,-8,-53.9906103286385
50,1064,-14,-8.04297520661157
50,1065,-26,-8.04297520661157
50,1066,-165,-8.04297520661157
50,1067,-80,-53.9906103286385
50,1068,-39,-53.9906103286385
50,1069,-71,-8.04297520661157
50,1070,-63,-53.9906103286385
50,1071,-33,-53.9906103286385
50,1072,-5,-8.04297520661157
50,1073,-3,-8.04297520661157
50,1074,5,-8.04297520661157
50,1075,25,45.140350877193
50,1076,123,103.731543624161
50,1077,277,278.551020408163
50,1078,237,195.217898832685
50,1079,-368,-316.933333333333
50,1080,-106,-150.87619047619
50,1081,46,20.4117647058824
50,1082,31,36.0632911392405
50,1083,-22,-35.5301204819277
50,1084,-6,-8.04297520661157
50,1085,26,-8.04297520661157
50,1086,190,103.731543624161
50,1087,354,333.465517241379
50,1088,-6,-76.4411764705882
50,1089,-257,-196.881944444444
50,1090,-123,-144.766666666667
50,1091,-142,-138.588235294118
50,1092,-98,-53.9906103286385
50,1093,-64,-53.9906103286385
50,1094,-68,-53.9906103286385
50,1095,-33,-53.9906103286385
50,1096,-16,-12.8
50,1097,-8,-8.04297520661157
50,1098,2,-8.04297520661157
50,1099,31,-8.04297520661157
50,1100,28,103.731543624161
50,1101,115,103.731543624161
50,1102,439,195.217898832685
50,1103,-216,42.625
50,1104,-194,-150.87619047619
50,1105,-12,20.4117647058824
50,1106,104,-8.04297520661157
50,1107,-14,-11.0851063829787
50,1108,-31,-8.04297520661157
50,1109,28,-71.9142857142857
50,1110,175,103.731543624161
50,1111,354,257.741935483871
50,1112,42,195.217898832685
50,1113,-227,-196.881944444444
50,1114,-191,-144.766666666667
50,1115,-128,-138.588235294118
50,1116,-119,-53.9906103286385
50,1117,-22,-53.9906103286385
50,1118,-107,-8.04297520661157
50,1119,-23,-53.9906103286385
50,1120,-29,-12.8
50,1121,3,-12.8
50,1122,-7,-8.04297520661157
50,1123,35,-8.04297520661157
50,1124,133,103.731543624161
50,1125,320,278.551020408163
50,1126,190,195.217898832685
50,1127,-315,-316.933333333333
50,1128,-134,-116.809523809524
50,1129,2,17.6875
50,1130,72,-8.04297520661157
50,1131,-13,-11.0851063829787
50,1132,-39,-8.04297520661157
50,1133,11,23.9
50,1134,165,125.25
50,1135,420,333.465517241379
50,1136,-3,-76.4411764705882
50,1137,-199,-196.881944444444
50,1138,-222,-144.766666666667
50,1139,-112,-138.588235294118
50,1140,-89,-53.9906103286385
50,1141,-88,-53.9906103286385
50,1142,-62,-53.9906103286385
50,1143,-55,-53.9906103286385
50,1144,-6,-53.9906103286385
50,1145,-11,-12.8
50,1146,1,-8.04297520661157
50,1147,32,-8.04297520661157
50,1148,128,103.731543624161
50,1149,299,278.551020408163
50,1150,218,278.551020408163
50,1151,-345,-316.933333333333
50,1152,-138,-150.87619047619
50,1153,75,17.6875
50,1154,69,-11.0851063829787
50,1155,-43,-11.0851063829787
50,1156,-52,-71.9142857142857
50,1157,12,23.9
50,1158,159,125.25
50,1159,478,333.465517241379
50,1160,-65,-76.4411764705882
50,1161,-155,-196.881944444444
50,1162,-163,-144.766666666667
50,1163,-158,-138.588235294118
50,1164,-102,-53.9906103286385
50,1165,-28,-53.9906103286385
50,1166,-138,-8.04297520661157
50,1167,-34,-53.9906103286385
50,1168,-35,-8.04297520661157
50,1169,-13,-8.04297520661157
50,1170,3,-8.04297520661157
50,1171,27,-8.04297520661157
50,1172,121,103.731543624161
50,1173,222,278.551020408163
50,1174,289,195.217898832685
50,1175,-290,-316.933333333333
50,1176,-147,-150.87619047619
50,1177,72,20.4117647058824
50,1178,62,-11.0851063829787
50,1179,-8,-11.0851063829787
50,1180,-29,-36.1578947368421
50,1181,55,23.9
50,1182,105,144.651162790698
50,1183,303,333.465517241379
50,1184,-122,-32.2
50,1185,-178,-150.87619047619
50,1186,-132,-144.766666666667
50,1187,-104,-53.9906103286385
50,1188,-42,-53.9906103286385
50,1189,-92,-8.04297520661157
50,1190,-16,-53.9906103286385
50,1191,-13,-8.04297520661157
50,1192,-49,-8.04297520661157
50,1193,-13,-8.04297520661157
50,1194,-17,-8.04297520661157
50,1195,-4,-8.04297520661157
50,1196,18,-8.04297520661157
50,1197,37,103.731543624161
50,1198,125,103.731543624161
50,1199,103,278.551020408163
50,1200,188,42.625
50,1201,56,-192
50,1202,118,85.6
50,1203,-10,25.4137931034483
50,1204,-46,-36.1578947368421
50,1205,-2,17.6875
50,1206,45,-8.04297520661157
50,1207,-6,-35.5301204819277
50,1208,-81,-8.04297520661157
50,1209,-66,-53.9906103286385
50,1210,-147,-53.9906103286385
50,1211,-3,-53.9906103286385
50,1212,-77,-8.04297520661157
50,1213,-26,-53.9906103286385
50,1214,-48,-8.04297520661157
50,1215,-56,-8.04297520661157
50,1216,-12,-53.9906103286385
50,1217,-64,-8.04297520661157
50,1218,-29,-53.9906103286385
50,1219,-15,-8.04297520661157
50,1220,9,-8.04297520661157
50,1221,21,45.140350877193
50,1222,83,103.731543624161
50,1223,146,195.217898832685
50,1224,155,144.651162790698
50,1225,-153,-229.036144578313
50,1226,26,-116.809523809524
50,1227,-136,25.4137931034483
50,1228,-13,-53.9906103286385
50,1229,127,-8.04297520661157
50,1230,80,-11.0851063829787
50,1231,-13,-76.4411764705882
50,1232,34,124.2
50,1233,-36,25.4137931034483
50,1234,-67,-8.04297520661157
50,1235,-84,-53.9906103286385
50,1236,-134,-53.9906103286385
50,1237,-10,-53.9906103286385
50,1238,-20,-8.04297520661157
50,1239,-16,-8.04297520661157
50,1240,-5,-8.04297520661157
50,1241,-2,-8.04297520661157
50,1242,4,-8.04297520661157
50,1243,30,-8.04297520661157
50,1244,124,103.731543624161
50,1245,281,195.217898832685
50,1246,213,195.217898832685
50,1247,-298,-316.933333333333
50,1248,-164,-150.87619047619
50,1249,48,17.6875
50,1250,41,36.0632911392405
50,1251,9,-35.5301204819277
50,1252,-16,-36.1578947368421
50,1253,34,-8.04297520661157
50,1254,151,103.731543624161
50,1255,433,333.465517241379
50,1256,-78,-76.4411764705882
50,1257,-516,-150.87619047619
50,1258,-38,-144.766666666667
50,1259,-16,-8.04297520661157
50,1260,-84,-8.04297520661157
50,1261,-59,-53.9906103286385
50,1262,-43,-53.9906103286385
50,1263,-26,-8.04297520661157
50,1264,-25,126.810810810811
50,1265,-5,-8.04297520661157
50,1266,1,-8.04297520661157
50,1267,30,-8.04297520661157
50,1268,135,103.731543624161
50,1269,350,195.217898832685
50,1270,204,195.217898832685
50,1271,-395,-316.933333333333
50,1272,-150,-150.87619047619
50,1273,78,17.6875
50,1274,49,-11.0851063829787
50,1275,26,-35.5301204819277
50,1276,-29,-36.1578947368421
50,1277,0,23.9
50,1278,165,126.810810810811
50,1279,411,333.465517241379
50,1280,-253,-76.4411764705882
50,1281,-149,-150.87619047619
50,1282,-118,20.4117647058824
50,1283,-78,-138.588235294118
50,1284,-48,-53.9906103286385
50,1285,-96,-8.04297520661157
50,1286,-81,-53.9906103286385
50,1287,-34,-53.9906103286385
50,1288,-4,-8.04297520661157
50,1289,-10,-8.04297520661157
50,1290,1,-8.04297520661157
50,1291,32,-8.04297520661157
50,1292,147,103.731543624161
50,1293,366,278.551020408163
50,1294,187,195.217898832685
50,1295,-364,-316.933333333333
50,1296,-151,-116.809523809524
50,1297,42,17.6875
50,1298,45,36.0632911392405
50,1299,4,-35.5301204819277
50,1300,-50,-8.04297520661157
50,1301,50,-53.9906103286385
50,1302,144,103.731543624161
50,1303,323,333.465517241379
50,1304,-100,-229.036144578313
50,1305,-103,-150.87619047619
50,1306,-189,-144.766666666667
50,1307,-40,-53.9906103286385
50,1308,-70,-8.04297520661157
50,1309,-141,-53.9906103286385
50,1310,-80,-53.9906103286385
50,1311,-35,-53.9906103286385
50,1312,-5,-8.04297520661157
50,1313,-11,-8.04297520661157
50,1314,-3,-8.04297520661157
50,1315,31,-8.04297520661157
50,1316,155,103.731543624161
50,1317,289,278.551020408163
50,1318,226,195.217898832685
50,1319,-295,-316.933333333333
50,1320,-179,-150.87619047619
50,1321,45,17.6875
50,1322,54,36.0632911392405
50,1323,14,-11.0851063829787
50,1324,-41,-35.5301204819277
50,1325,0,23.9
50,1326,160,126.810810810811
50,1327,355,333.465517241379
50,1328,121,-76.4411764705882
50,1329,-308,-316.933333333333
50,1330,-159,-144.766666666667
50,1331,-145,-97.1818181818182
50,1332,-131,-53.9906103286385
50,1333,-41,-53.9906103286385
50,1334,-46,-8.04297520661157
50,1335,-69,-8.04297520661157
50,1336,-26,-53.9906103286385
50,1337,-8,-8.04297520661157
50,1338,0,-8.04297520661157
50,1339,30,-8.04297520661157
50,1340,113,103.731543624161
50,1341,274,278.551020408163
50,1342,319,278.551020408163
50,1343,-355,-316.933333333333
50,1344,-127,-150.87619047619
50,1345,19,20.4117647058824
50,1346,90,36.0632911392405
50,1347,-20,-11.0851063829787
50,1348,-13,-8.04297520661157
50,1349,12,-36.1578947368421
50,1350,165,125.25
50,1351,297,333.465517241379
50,1352,-76,-76.4411764705882
50,1353,-200,-150.87619047619
50,1354,-173,-144.766666666667
50,1355,-57,-53.9906103286385
50,1356,-55,-53.9906103286385
50,1357,-73,-53.9906103286385
50,1358,-43,-53.9906103286385
50,1359,-20,-8.04297520661157
50,1360,-36,-12.8
50,1361,-41,-8.04297520661157
50,1362,-26,-8.04297520661157
50,1363,2,-8.04297520661157
50,1364,16,-8.04297520661157
50,1365,72,45.140350877193
50,1366,60,165.613445378151
50,1367,126,165.613445378151
50,1368,154,124.2
50,1369,15,124.2
50,1370,127,85.6
50,1371,-67,25.4137931034483
50,1372,-35,-53.9906103286385
50,1373,-249,17.6875
50,1374,201,-53.9906103286385
50,1375,-31,-11.0851063829787
50,1376,-20,-8.04297520661157
50,1377,-29,-71.9142857142857
50,1378,-113,-8.04297520661157
50,1379,-33,-53.9906103286385
50,1380,-26,-12.8
50,1381,-24,-8.04297520661157
50,1382,-24,-8.04297520661157
50,1383,0,-8.04297520661157
50,1384,-18,-8.04297520661157
50,1385,-63,-8.04297520661157
50,1386,-37,-53.9906103286385
50,1387,0,-8.04297520661157
50,1388,5,-8.04297520661157
50,1389,13,45.140350877193
50,1390,99,36.0632911392405
50,1391,130,195.217898832685
50,1392,122,278.551020408163
50,1393,97,124.2
50,1394,144,25.4137931034483
50,1395,-85,25.4137931034483
50,1396,-164,-116.809523809524
50,1397,14,17.6875
50,1398,-218,-35.5301204819277
50,1399,60,-53.9906103286385
50,1400,31,-11.0851063829787
50,1401,28,-35.5301204819277
50,1402,-81,124.2
50,1403,-45,-53.9906103286385
50,1404,-52,-8.04297520661157
50,1405,-34,-53.9906103286385
50,1406,-48,-8.04297520661157
50,1407,-25,-8.04297520661157
50,1408,1,-8.04297520661157
50,1409,-4,-8.04297520661157
50,1410,8,-8.04297520661157
50,1411,24,45.140350877193
50,1412,109,103.731543624161
50,1413,288,278.551020408163
50,1414,266,42.625
50,1415,-357,-316.933333333333
50,1416,-136,-150.87619047619
50,1417,23,20.4117647058824
50,1418,54,-35.5301204819277
50,1419,5,-11.0851063829787
50,1420,-42,-35.5301204819277
50,1421,36,23.9
50,1422,162,103.731543624161
50,1423,401,333.465517241379
50,1424,-11,-76.4411764705882
50,1425,-261,-196.881944444444
50,1426,-157,-144.766666666667
50,1427,-138,-138.588235294118
50,1428,-117,-53.9906103286385
50,1429,-47,-53.9906103286385
50,1430,-76,-8.04297520661157
50,1431,-17,-53.9906103286385
50,1432,-6,-12.8
50,1433,-11,-8.04297520661157
50,1434,4,-8.04297520661157
50,1435,34,-8.04297520661157
50,1436,105,103.731543624161
50,1437,122,278.551020408163
50,1438,424,195.217898832685
50,1439,-298,-192
50,1440,-191,-150.87619047619
50,1441,14,20.4117647058824
50,1442,79,36.0632911392405
50,1443,-9,-11.0851063829787
50,1444,-37,-8.04297520661157
50,1445,66,-71.9142857142857
50,1446,163,144.651162790698
50,1447,384,333.465517241379
50,1448,-46,-229.036144578313
50,1449,-221,-196.881944444444
50,1450,-162,-144.766666666667
50,1451,-121,-138.588235294118
50,1452,-98,-53.9906103286385
50,1453,-107,-53.9906103286385
50,1454,-62,-53.9906103286385
50,1455,-33,-53.9906103286385
50,1456,-8,-12.8
50,1457,3,-8.04297520661157
50,1458,1,-8.04297520661157
50,1459,30,-8.04297520661157
50,1460,141,103.731543624161
50,1461,373,278.551020408163
50,1462,254,195.217898832685
50,1463,-460,-316.933333333333
50,1464,-170,-150.87619047619
50,1465,75,20.4117647058824
50,1466,107,-11.0851063829787
50,1467,-60,-11.0851063829787
50,1468,1,-71.9142857142857
50,1469,37,-36.1578947368421
50,1470,155,103.731543624161
50,1471,377,333.465517241379
50,1472,-58,-76.4411764705882
50,1473,-169,-196.881944444444
50,1474,-216,-144.766666666667
50,1475,-114,-138.588235294118
50,1476,-78,-53.9906103286385
50,1477,-78,-53.9906103286385
50,1478,-92,-53.9906103286385
50,1479,-42,-53.9906103286385
50,1480,-6,-8.04297520661157
50,1481,-12,-12.8
50,1482,3,-8.04297520661157
50,1483,27,-8.04297520661157
50,1484,128,103.731543624161
50,1485,369,278.551020408163
50,1486,222,195.217898832685
50,1487,-358,-316.933333333333
50,1488,-162,-150.87619047619
50,1489,42,17.6875
50,1490,18,36.0632911392405
50,1491,-4,-35.5301204819277
50,1492,-17,-8.04297520661157
50,1493,65,-8.04297520661157
50,1494,144,144.651162790698
50,1495,362,333.465517241379
50,1496,9,-229.036144578313
50,1497,-243,-196.881944444444
50,1498,-139,-144.766666666667
50,1499,-164,-138.588235294118
50,1500,-16,-53.9906103286385
50,1501,-139,-8.04297520661157
50,1502,-70,-53.9906103286385
50,1503,-50,-53.9906103286385
50,1504,-12,-53.9906103286385
50,1505,-15,-8.04297520661157
50,1506,2,-8.04297520661157
50,1507,22,-8.04297520661157
50,1508,79,103.731543624161
50,1509,313,165.613445378151
50,1510,269,278.551020408163
50,1511,-292,-316.933333333333
50,1512,-142,-150.87619047619
50,1513,53,20.4117647058824
50,1514,101,-11.0851063829787
50,1515,-42,-11.0851063829787
50,1516,68,-71.9142857142857
50,1517,90,-36.1578947368421
50,1518,2,144.651162790698
50,1519,89,124.2
50,1520,-71,25.4137931034483
50,1521,-94,-53.9906103286385
50,1522,-96,-97.1818181818182
50,1523,-53,-53.9906103286385
50,1524,-26,-53.9906103286385
50,1525,-103,-8.04297520661157
50,1526,-6,-53.9906103286385
50,1527,-89,-8.04297520661157
50,1528,-10,-53.9906103286385
50,1529,-34,-8.04297520661157
50,1530,-23,-8.04297520661157
50,1531,10,-8.04297520661157
50,1532,14,45.140350877193
50,1533,30,36.0632911392405
50,1534,96,103.731543624161
50,1535,75,42.625
50,1536,180,144.651162790698
50,1537,75,-192
50,1538,-21,85.6
50,1539,33,17.6875
50,1540,10,-36.1578947368421
50,1541,49,-35.5301204819277
50,1542,-101,-35.5301204819277
50,1543,1,-53.9906103286385
50,1544,-21,-36.1578947368421
50,1545,-50,-8.04297520661157
50,1546,-185,-53.9906103286385
50,1547,-103,-53.9906103286385
50,1548,-26,-53.9906103286385
50,1549,67,-8.04297520661157
50,1550,-46,86.2608695652174
50,1551,-26,-8.04297520661157
50,1552,11,-71.9142857142857
50,1553,-42,45.140350877193
50,1554,-20,-8.04297520661157
50,1555,-10,-8.04297520661157
50,1556,3,-8.04297520661157
50,1557,27,-8.04297520661157
50,1558,87,103.731543624161
50,1559,103,86.2608695652174
50,1560,156,195.217898832685
50,1561,101,124.2
50,1562,56,85.6
50,1563,-52,25.4137931034483
50,1564,-36,17.6875
50,1565,-102,17.6875
50,1566,119,-53.9906103286385
50,1567,29,-11.0851063829787
50,1568,-3,-35.5301204819277
50,1569,-208,-36.1578947368421
50,1570,-188,-53.9906103286385
50,1571,67,-53.9906103286385
50,1572,-5,165.613445378151
50,1573,-43,-8.04297520661157
50,1574,-19,-71.9142857142857
50,1575,-49,-8.04297520661157
50,1576,-15,126.810810810811
50,1577,-12,-8.04297520661157
50,1578,-17,-8.04297520661157
50,1579,-7,-8.04297520661157
50,1580,11,-8.04297520661157
50,1581,28,45.140350877193
50,1582,84,103.731543624161
50,1583,102,195.217898832685
50,1584,130,42.625
50,1585,100,25.4137931034483
50,1586,84,25.4137931034483
50,1587,23,25.4137931034483
50,1588,-54,-36.1578947368421
50,1589,-63,17.6875
50,1590,51,-53.9906103286385
50,1591,-2,-35.5301204819277
50,1592,-16,-8.04297520661157
50,1593,-108,-71.9142857142857
50,1594,-113,-53.9906103286385
50,1595,-77,-53.9906103286385
50,1596,-63,-53.9906103286385
50,1597,-51,-53.9906103286385
50,1598,-41,-53.9906103286385
50,1599,-5,-8.04297520661157
50,1600,-19,-8.04297520661157
50,1601,5,-8.04297520661157
50,1602,-2,45.140350877193
50,1603,30,-8.04297520661157
50,1604,134,103.731543624161
50,1605,321,195.217898832685
50,1606,139,195.217898832685
50,1607,-309,-316.933333333333
50,1608,-151,-144.766666666667
50,1609,26,17.6875
50,1610,89,36.0632911392405
50,1611,-12,-11.0851063829787
50,1612,-1,-8.04297520661157
50,1613,18,-36.1578947368421
50,1614,166,103.731543624161
50,1615,398,333.465517241379
50,1616,-17,-76.4411764705882
50,1617,-287,-196.881944444444
50,1618,-167,-144.766666666667
50,1619,-117,-138.588235294118
50,1620,-89,-53.9906103286385
50,1621,-84,-53.9906103286385
50,1622,-58,-53.9906103286385
50,1623,-24,-53.9906103286385
50,1624,-4,-12.8
50,1625,-5,-8.04297520661157
50,1626,1,-8.04297520661157
50,1627,35,-8.04297520661157
50,1628,170,103.731543624161
50,1629,290,278.551020408163
50,1630,225,195.217898832685
50,1631,-435,-316.933333333333
50,1632,-55,-150.87619047619
50,1633,-18,17.6875
50,1634,49,-8.04297520661157
50,1635,-32,-35.5301204819277
50,1636,-23,-8.04297520661157
50,1637,34,23.9
50,1638,185,103.731543624161
50,1639,433,333.465517241379
50,1640,-24,195.217898832685
50,1641,-177,-196.881944444444
50,1642,-250,-144.766666666667
50,1643,-116,-138.588235294118
50,1644,-77,-53.9906103286385
50,1645,-69,-53.9906103286385
50,1646,-85,-53.9906103286385
50,1647,-47,-53.9906103286385
50,1648,-10,-8.04297520661157
50,1649,1,-12.8
50,1650,-1,-8.04297520661157
50,1651,30,-8.04297520661157
50,1652,162,103.731543624161
50,1653,282,278.551020408163
50,1654,164,278.551020408163
50,1655,-523,-316.933333333333
50,1656,-74,-116.809523809524
50,1657,13,17.6875
50,1658,75,36.0632911392405
50,1659,54,-11.0851063829787
50,1660,25,-11.0851063829787
50,1661,54,-36.1578947368421
50,1662,146,124.2
50,1663,392,333.465517241379
50,1664,27,-229.036144578313
50,1665,-277,-196.881944444444
50,1666,-152,-144.766666666667
50,1667,-134,-138.588235294118
50,1668,-55,-53.9906103286385
50,1669,-48,-53.9906103286385
50,1670,-73,-8.04297520661157
50,1671,-67,-53.9906103286385
50,1672,-18,-53.9906103286385
50,1673,-2,-8.04297520661157
50,1674,-1,-8.04297520661157
50,1675,32,-8.04297520661157
50,1676,100,103.731543624161
50,1677,346,208.641025641026
50,1678,233,278.551020408163
50,1679,-375,-316.933333333333
50,1680,-120,-150.87619047619
50,1681,72,17.6875
50,1682,27,-11.0851063829787
50,1683,31,-35.5301204819277
50,1684,-101,-36.1578947368421
50,1685,78,-53.9906103286385
50,1686,139,144.651162790698
50,1687,302,333.465517241379
50,1688,20,-32.2
50,1689,-224,-196.881944444444
50,1690,-177,-144.766666666667
50,1691,-90,-53.9906103286385
50,1692,-2,-53.9906103286385
50,1693,-51,-8.04297520661157
50,1694,-98,-53.9906103286385
50,1695,-33,-53.9906103286385
50,1696,-40,-12.8
50,1697,-34,-8.04297520661157
50,1698,-32,-8.04297520661157
50,1699,4,-8.04297520661157
50,1700,19,-8.04297520661157
50,1701,48,103.731543624161
50,1702,148,103.731543624161
50,1703,118,195.217898832685
50,1704,74,-229.036144578313
50,1705,156,124.2
50,1706,116,25.4137931034483
50,1707,-26,-229.036144578313
50,1708,-42,17.6875
50,1709,-114,17.6875
50,1710,-398,-53.9906103286385
50,1711,57,-53.9906103286385
50,1712,-4,-11.0851063829787
50,1713,48,-8.04297520661157
50,1714,-21,124.2
50,1715,-13,-8.04297520661157
50,1716,13,124.2
50,1717,-61,45.140350877193
50,1718,-9,-53.9906103286385
50,1719,0,-8.04297520661157
50,1720,-28,-8.04297520661157
50,1721,-50,-8.04297520661157
50,1722,-18,-53.9906103286385
50,1723,27,-8.04297520661157
50,1724,-20,103.731543624161
50,1725,35,-8.04297520661157
50,1726,100,36.0632911392405
50,1727,129,42.625
50,1728,196,278.551020408163
50,1729,90,-192
50,1730,172,-196.881944444444
50,1731,-28,-192
50,1732,-82,85.6
50,1733,49,17.6875
50,1734,5,-35.5301204819277
50,1735,-30,-35.5301204819277
50,1736,-111,23.9
50,1737,-64,-53.9906103286385
50,1738,-140,-53.9906103286385
50,1739,-150,-53.9906103286385
50,1740,-17,-53.9906103286385
50,1741,-97,-8.04297520661157
50,1742,-51,-53.9906103286385
50,1743,-23,-53.9906103286385
50,1744,-1,-8.04297520661157
50,1745,-5,-8.04297520661157
50,1746,-7,-8.04297520661157
50,1747,35,-8.04297520661157
50,1748,140,103.731543624161
50,1749,267,278.551020408163
50,1750,283,195.217898832685
50,1751,-369,-316.933333333333
50,1752,-151,-150.87619047619
50,1753,26,20.4117647058824
50,1754,96,36.0632911392405
50,1755,-9,-11.0851063829787
50,1756,17,-8.04297520661157
50,1757,6,-36.1578947368421
50,1758,142,125.25
50,1759,383,333.465517241379
50,1760,97,-76.4411764705882
50,1761,-335,-196.881944444444
50,1762,-243,-144.766666666667
50,1763,-105,-97.1818181818182
50,1764,-126,-53.9906103286385
50,1765,-66,-53.9906103286385
50,1766,-61,-53.9906103286385
50,1767,-22,-53.9906103286385
50,1768,-4,-12.8
50,1769,2,-12.8
50,1770,1,-8.04297520661157
50,1771,35,-8.04297520661157
50,1772,167,103.731543624161
50,1773,385,278.551020408163
50,1774,154,195.217898832685
50,1775,-392,-316.933333333333
50,1776,-162,-116.809523809524
50,1777,51,17.6875
50,1778,69,36.0632911392405
50,1779,12,-11.0851063829787
50,1780,-73,-36.1578947368421
50,1781,71,23.9
50,1782,210,144.651162790698
50,1783,434,333.465517241379
50,1784,-93,-316.933333333333
50,1785,-281,-150.87619047619
50,1786,-135,-144.766666666667
50,1787,-151,-138.588235294118
50,1788,-94,-53.9906103286385
50,1789,-107,-53.9906103286385
50,1790,-60,-53.9906103286385
50,1791,-28,-53.9906103286385
50,1792,-10,-12.8
50,1793,-4,-8.04297520661157
50,1794,-2,-8.04297520661157
50,1795,43,-8.04297520661157
50,1796,157,103.731543624161
50,1797,352,278.551020408163
50,1798,213,195.217898832685
50,1799,-442,-316.933333333333
50,1800,-123,-150.87619047619
50,1801,27,17.6875
50,1802,120,36.0632911392405
50,1803,-29,-11.0851063829787
50,1804,-45,-8.04297520661157
50,1805,40,23.9
50,1806,191,103.731543624161
50,1807,416,333.465517241379
50,1808,52,-76.4411764705882
50,1809,-342,-196.881944444444
50,1810,-165,-144.766666666667
50,1811,-164,-97.1818181818182
50,1812,-94,-53.9906103286385
50,1813,-85,-53.9906103286385
50,1814,-70,-53.9906103286385
50,1815,-29,-53.9906103286385
50,1816,-19,-12.8
50,1817,2,-8.04297520661157
50,1818,-5,-8.04297520661157
50,1819,51,-8.04297520661157
50,1820,138,103.731543624161
50,1821,376,278.551020408163
50,1822,187,-32.2
50,1823,-420,-316.933333333333
50,1824,-126,-116.809523809524
50,1825,42,17.6875
50,1826,43,36.0632911392405
50,1827,-14,-35.5301204819277
50,1828,-9,-8.04297520661157
50,1829,78,-8.04297520661157
50,1830,139,144.651162790698
50,1831,393,333.465517241379
50,1832,-32,-32.2
50,1833,-178,-196.881944444444
50,1834,-211,-144.766666666667
50,1835,-146,-138.588235294118
50,1836,-66,-53.9906103286385
50,1837,-81,-53.9906103286385
50,1838,-83,-53.9906103286385
50,1839,-46,-53.9906103286385
50,1840,-11,-8.04297520661157
50,1841,-16,-12.8
50,1842,-2,-8.04297520661157
50,1843,29,-8.04297520661157
50,1844,111,103.731543624161
50,1845,302,278.551020408163
50,1846,312,278.551020408163
50,1847,-419,-316.933333333333
50,1848,-101,-150.87619047619
50,1849,34,20.4117647058824
50,1850,129,36.0632911392405
50,1851,-1,-11.0851063829787
50,1852,-37,-8.04297520661157
50,1853,-4,23.9
50,1854,196,126.810810810811
50,1855,331,333.465517241379
50,1856,-86,-76.4411764705882
50,1857,-229,-150.87619047619
50,1858,-175,-144.766666666667
50,1859,-92,-53.9906103286385
50,1860,-83,-53.9906103286385
50,1861,-34,-53.9906103286385
50,1862,12,-8.04297520661157
50,1863,-98,125.25
50,1864,-16,-53.9906103286385
50,1865,-56,-8.04297520661157
50,1866,-31,-53.9906103286385
50,1867,10,-8.04297520661157
50,1868,17,45.140350877193
50,1869,40,36.0632911392405
50,1870,139,103.731543624161
50,1871,130,42.625
50,1872,100,144.651162790698
50,1873,185,124.2
50,1874,79,-192
50,1875,-2,85.6
50,1876,11,-36.1578947368421
50,1877,-61,-36.1578947368421
50,1878,129,-53.9906103286385
50,1879,-54,-11.0851063829787
50,1880,-115,-53.9906103286385
50,1881,-136,23.9
50,1882,-148,-53.9906103286385
50,1883,-34,-53.9906103286385
50,1884,-17,-8.04297520661157
50,1885,-50,-8.04297520661157
50,1886,-78,-53.9906103286385
50,1887,-34,-53.9906103286385
50,1888,-28,-8.04297520661157
50,1889,-41,-8.04297520661157
50,1890,-40,-8.04297520661157
50,1891,5,-8.04297520661157
50,1892,22,45.140350877193
50,1893,36,103.731543624161
50,1894,57,103.731543624161
50,1895,168,165.613445378151
50,1896,194,144.651162790698
50,1897,69,-229.036144578313
50,1898,97,85.6
50,1899,38,-36.1578947368421
50,1900,-59,-36.1578947368421
50,1901,-78,-97.1818181818182
50,1902,39,-53.9906103286385
50,1903,-26,-35.5301204819277
50,1904,-89,-8.04297520661157
50,1905,-78,-53.9906103286385
50,1906,-79,-53.9906103286385
50,1907,-133,-53.9906103286385
50,1908,-64,-53.9906103286385
50,1909,-33,-53.9906103286385
50,1910,-49,-8.04297520661157
50,1911,-24,-8.04297520661157
50,1912,-8,-8.04297520661157
50,1913,-6,-8.04297520661157
50,1914,4,-8.04297520661157
50,1915,34,-8.04297520661157
50,1916,119,103.731543624161
50,1917,328,278.551020408163
50,1918,191,195.217898832685
50,1919,-384,-316.933333333333
50,1920,-97,-116.809523809524
50,1921,50,17.6875
50,1922,43,36.0632911392405
50,1923,48,-35.5301204819277
50,1924,-11,-36.1578947368421
50,1925,6,-8.04297520661157
50,1926,115,124.2
50,1927,389,333.465517241379
50,1928,-68,-76.4411764705882
50,1929,-288,-196.881944444444
50,1930,-146,-144.766666666667
50,1931,-107,-138.588235294118
50,1932,-104,-53.9906103286385
50,1933,-59,-53.9906103286385
50,1934,-57,-53.9906103286385
50,1935,-8,-53.9906103286385
50,1936,-1,-12.8
50,1937,2,-8.04297520661157
50,1938,1,-8.04297520661157
50,1939,41,-8.04297520661157
50,1940,119,103.731543624161
50,1941,189,278.551020408163
50,1942,316,195.217898832685
50,1943,-379,-229.036144578313
50,1944,-133,-150.87619047619
50,1945,-9,20.4117647058824
50,1946,-63,-8.04297520661157
50,1947,26,-53.9906103286385
50,1948,29,-35.5301204819277
50,1949,-107,-35.5301204819277
50,1950,105,-53.9906103286385
50,1951,197,333.465517241379
50,1952,-57,42.625
50,1953,43,-196.881944444444
50,1954,-34,25.4137931034483
50,1955,-83,-8.04297520661157
50,1956,-56,-53.9906103286385
50,1957,-73,-53.9906103286385
50,1958,-52,-53.9906103286385
50,1959,-14,-53.9906103286385
50,1960,-9,-8.04297520661157
50,1961,2,-8.04297520661157
50,1962,5,-8.04297520661157
50,1963,46,45.140350877193
50,1964,116,103.731543624161
50,1965,373,278.551020408163
50,1966,252,195.217898832685
50,1967,-435,-316.933333333333
50,1968,-170,-150.87619047619
50,1969,55,20.4117647058824
50,1970,66,-11.0851063829787
50,1971,-24,-11.0851063829787
50,1972,-3,-71.9142857142857
50,1973,25,-36.1578947368421
50,1974,155,103.731543624161
50,1975,420,333.465517241379
50,1976,6,-76.4411764705882
50,1977,-281,-196.881944444444
50,1978,-202,-144.766666666667
50,1979,-60,-138.588235294118
50,1980,-120,-53.9906103286385
50,1981,-106,-53.9906103286385
50,1982,-65,-53.9906103286385
50,1983,-40,-53.9906103286385
50,1984,-7,-12.8
50,1985,-5,-12.8
50,1986,0,-8.04297520661157
50,1987,50,-8.04297520661157
50,1988,114,103.731543624161
50,1989,364,278.551020408163
50,1990,256,-192
50,1991,-435,-316.933333333333
50,1992,-165,-150.87619047619
50,1993,53,20.4117647058824
50,1994,47,-11.0851063829787
50,1995,46,-35.5301204819277
50,1996,-38,-36.1578947368421
50,1997,-7,23.9
50,1998,166,126.810810810811
50,1999,519,333.465517241379
50,2000,-76,-76.4411764705882
50,2001,-297,-150.87619047619
50,2002,-186,-144.766666666667
50,2003,-143,-138.588235294118
50,2004,13,-53.9906103286385
50,2005,-133,36.0632911392405
50,2006,-88,-53.9906103286385
50,2007,-17,-53.9906103286385
50,2008,-35,-12.8
50,2009,-2,-8.04297520661157
50,2010,-2,-8.04297520661157
50,2011,39,-8.04297520661157
50,2012,116,103.731543624161
50,2013,338,278.551020408163
50,2014,254,195.217898832685
50,2015,-374,-316.933333333333
50,2016,-158,-150.87619047619
50,2017,96,20.4117647058824
50,2018,68,-11.0851063829787
50,2019,32,-76.4411764705882
50,2020,-9,-36.1578947368421
50,2021,11,-36.1578947368421
50,2022,144,125.25
50,2023,279,333.465517241379
50,2024,-41,-76.4411764705882
50,2025,-217,-196.881944444444
50,2026,-219,-144.766666666667
50,2027,-57,-53.9906103286385
50,2028,-17,-53.9906103286385
50,2029,-109,-8.04297520661157
50,2030,-14,-53.9906103286385
50,2031,-48,-8.04297520661157
50,2032,-41,-12.8
50,2033,-38,126.810810810811
50,2034,-30,-8.04297520661157
50,2035,2,-8.04297520661157
50,2036,24,-8.04297520661157
50,2037,36,103.731543624161
50,2038,141,103.731543624161
50,2039,159,195.217898832685
50,2040,97,144.651162790698
50,2041,152,85.6
50,2042,62,25.4137931034483
50,2043,19,85.6
50,2044,-53,-36.1578947368421
50,2045,96,-97.1818181818182
50,2046,-70,-11.0851063829787
50,2047,-34,-53.9906103286385
50,2048,-48,-71.9142857142857
50,2049,-191,-8.04297520661157
50,2050,-82,-53.9906103286385
50,2051,-64,-53.9906103286385
50,2052,-22,-53.9906103286385
50,2053,-68,-8.04297520661157
50,2054,9,-53.9906103286385
50,2055,-38,45.140350877193
50,2056,-47,-12.8
50,2057,-41,-8.04297520661157
50,2058,-44,-8.04297520661157
50,2059,-4,-8.04297520661157
50,2060,10,-8.04297520661157
50,2061,41,36.0632911392405
50,2062,118,103.731543624161
50,2063,101,278.551020408163
50,2064,213,144.651162790698
50,2065,81,-192
50,2066,206,-196.881944444444
50,2067,-74,-192
50,2068,-36,-196.881944444444
50,2069,-26,17.6875
50,2070,51,-8.04297520661157
50,2071,32,-35.5301204819277
50,2072,-183,-35.5301204819277
50,2073,-127,-71.9142857142857
50,2074,-161,-53.9906103286385
50,2075,-56,-53.9906103286385
50,2076,-58,-53.9906103286385
50,2077,-38,-53.9906103286385
50,2078,-36,-8.04297520661157
50,2079,-46,-8.04297520661157
50,2080,-10,-8.04297520661157
50,2081,-3,-8.04297520661157
50,2082,3,-8.04297520661157
50,2083,29,-8.04297520661157
50,2084,131,103.731543624161
50,2085,362,195.217898832685
50,2086,220,278.551020408163
50,2087,-422,-316.933333333333
50,2088,-130,-150.87619047619
50,2089,40,17.6875
50,2090,104,36.0632911392405
50,2091,-14,-11.0851063829787
50,2092,-25,-8.04297520661157
50,2093,-3,23.9
50,2094,216,126.810810810811
50,2095,382,333.465517241379
50,2096,-45,-76.4411764705882
50,2097,-263,-196.881944444444
50,2098,-158,-144.766666666667
50,2099,-176,-138.588235294118
50,2100,-84,-53.9906103286385
50,2101,-78,-53.9906103286385
50,2102,-30,-53.9906103286385
50,2103,-51,-8.04297520661157
50,2104,1,-53.9906103286385
50,2105,-9,-8.04297520661157
50,2106,4,-8.04297520661157
50,2107,38,-8.04297520661157
50,2108,147,103.731543624161
50,2109,362,195.217898832685
50,2110,249,278.551020408163
50,2111,-396,-316.933333333333
50,2112,-239,-150.87619047619
50,2113,48,20.4117647058824
50,2114,84,36.0632911392405
50,2115,3,-11.0851063829787
50,2116,-12,-36.1578947368421
50,2117,10,-36.1578947368421
50,2118,192,125.25
50,2119,472,333.465517241379
50,2120,-145,-76.4411764705882
50,2121,-283,-150.87619047619
50,2122,-114,-144.766666666667
50,2123,-128,-138.588235294118
50,2124,-109,-53.9906103286385
50,2125,-90,-53.9906103286385
50,2126,-58,-53.9906103286385
50,2127,-11,-53.9906103286385
50,2128,-12,-12.8
50,2129,-7,-8.04297520661157
50,2130,4,-8.04297520661157
50,2131,22,-8.04297520661157
50,2132,146,103.731543624161
50,2133,350,278.551020408163
50,2134,306,195.217898832685
50,2135,-504,-316.933333333333
50,2136,-149,-150.87619047619
50,2137,42,20.4117647058824
50,2138,89,36.0632911392405
50,2139,24,-11.0851063829787
50,2140,-63,-35.5301204819277
50,2141,23,23.9
50,2142,168,103.731543624161
50,2143,485,333.465517241379
50,2144,-69,-76.4411764705882
50,2145,-257,-196.881944444444
50,2146,-193,-144.766666666667
50,2147,-74,-138.588235294118
50,2148,-145,-53.9906103286385
50,2149,-100,-53.9906103286385
50,2150,-50,-53.9906103286385
50,2151,-44,-53.9906103286385
50,2152,-5,-12.8
50,2153,-9,-12.8
50,2154,1,-8.04297520661157
50,2155,58,-8.04297520661157
50,2156,103,165.613445378151
50,2157,389,208.641025641026
50,2158,236,-192
50,2159,-459,-316.933333333333
50,2160,-127,-150.87619047619
50,2161,86,17.6875
50,2162,41,-11.0851063829787
50,2163,-9,-35.5301204819277
50,2164,-68,-36.1578947368421
50,2165,38,-53.9906103286385
50,2166,176,103.731543624161
50,2167,433,333.465517241379
50,2168,-6,-76.4411764705882
50,2169,-340,-196.881944444444
50,2170,-102,-144.766666666667
50,2171,-204,-138.588235294118
50,2172,-206,-53.9906103286385
50,2173,-2,-53.9906103286385
50,2174,-28,-8.04297520661157
50,2175,-4,-8.04297520661157
50,2176,-3,-12.8
50,2177,-3,-8.04297520661157
50,2178,5,126.810810810811
50,2179,26,173.7
50,2180,100,36.0632911392405
50,2181,256,195.217898832685
50,2182,311,195.217898832685
50,2183,-279,-316.933333333333
50,2184,-181,-150.87619047619
50,2185,116,20.4117647058824
50,2186,19,-11.0851063829787
50,2187,30,-35.5301204819277
50,2188,-11,-36.1578947368421
50,2189,-7,-8.04297520661157
50,2190,110,126.810810810811
50,2191,306,257.741935483871
50,2192,-141,-76.4411764705882
50,2193,-159,-150.87619047619
50,2194,-172,-144.766666666667
50,2195,-99,-53.9906103286385
50,2196,-17,-53.9906103286385
50,2197,-30,-8.04297520661157
50,2198,-41,-8.04297520661157
50,2199,-48,-8.04297520661157
50,2200,-9,-8.04297520661157
50,2201,-63,-8.04297520661157
50,2202,-15,-53.9906103286385
50,2203,1,-8.04297520661157
50,2204,22,-8.04297520661157
50,2205,36,103.731543624161
50,2206,138,103.731543624161
50,2207,121,195.217898832685
50,2208,140,144.651162790698
50,2209,191,25.4137931034483
50,2210,19,-192
50,2211,4,85.6
50,2212,64,-36.1578947368421
50,2213,-23,-11.0851063829787
50,2214,-5,-8.04297520661157
50,2215,-10,-36.1578947368421
50,2216,-118,-8.04297520661157
50,2217,-124,-53.9906103286385
50,2218,-155,-53.9906103286385
50,2219,-23,-53.9906103286385
50,2220,-71,-8.04297520661157
50,2221,-25,-53.9906103286385
50,2222,-49,-8.04297520661157
50,2223,-31,-8.04297520661157
50,2224,-24,-8.04297520661157
50,2225,-34,-8.04297520661157
50,2226,-51,-8.04297520661157
50,2227,3,-53.9906103286385
50,2228,12,-8.04297520661157
50,2229,35,45.140350877193
50,2230,87,103.731543624161
50,2231,141,195.217898832685
50,2232,194,144.651162790698
50,2233,112,-192
50,2234,89,85.6
50,2235,-86,25.4137931034483
50,2236,18,17.6875
50,2237,37,-36.1578947368421
50,2238,-1,-35.5301204819277
50,2239,-73,-8.04297520661157
50,2240,-174,-53.9906103286385
50,2241,-144,-53.9906103286385
50,2242,-63,-53.9906103286385
50,2243,-71,-53.9906103286385
50,2244,-32,-53.9906103286385
50,2245,-34,-8.04297520661157
50,2246,-12,-8.04297520661157
50,2247,-27,-8.04297520661157
50,2248,-6,-8.04297520661157
50,2249,-5,-8.04297520661157
50,2250,3,-8.04297520661157
50,2251,26,-8.04297520661157
50,2252,119,103.731543624161
50,2253,328,195.217898832685
50,2254,301,195.217898832685
50,2255,-444,-316.933333333333
50,2256,-161,-150.87619047619
50,2257,93,20.4117647058824
50,2258,51,-11.0851063829787
50,2259,-18,-35.5301204819277
50,2260,-61,-71.9142857142857
50,2261,85,23.9
50,2262,130,144.651162790698
50,2263,397,333.465517241379
50,2264,-243,-32.2
50,2265,-97,-150.87619047619
50,2266,-254,20.4117647058824
50,2267,-44,-138.588235294118
50,2268,-11,-8.04297520661157
50,2269,-102,-8.04297520661157
50,2270,-74,-53.9906103286385
50,2271,-20,-53.9906103286385
50,2272,-9,-8.04297520661157
50,2273,3,126.810810810811
50,2274,5,-8.04297520661157
50,2275,33,45.140350877193
50,2276,136,103.731543624161
50,2277,81,278.551020408163
50,2278,-126,195.217898832685
50,2279,-48,-71.9142857142857
50,2280,-41,-71.9142857142857
50,2281,54,-8.04297520661157
50,2282,5,-11.0851063829787
50,2283,50,-35.5301204819277
50,2284,9,-36.1578947368421
50,2285,46,125.25
50,2286,165,124.2
50,2287,341,144.651162790698
50,2288,-28,-76.4411764705882
50,2289,-292,-196.881944444444
50,2290,-89,-144.766666666667
50,2291,-17,-53.9906103286385
50,2292,-49,-8.04297520661157
50,2293,-142,-8.04297520661157
50,2294,-46,-53.9906103286385
50,2295,-33,-8.04297520661157
50,2296,-10,126.810810810811
50,2297,-2,-8.04297520661157
50,2298,4,-8.04297520661157
50,2299,23,-8.04297520661157
50,2300,143,103.731543624161
50,2301,338,278.551020408163
50,2302,294,195.217898832685
50,2303,-447,-316.933333333333
50,2304,-187,-150.87619047619
50,2305,55,20.4117647058824
50,2306,128,-11.0851063829787
50,2307,-79,-11.0851063829787
50,2308,-28,-71.9142857142857
50,2309,68,23.9
50,2310,159,144.651162790698
50,2311,439,333.465517241379
50,2312,-107,-229.036144578313
50,2313,-217,-150.87619047619
50,2314,-96,-144.766666666667
50,2315,-288,-138.588235294118
50,2316,32,-53.9906103286385
50,2317,-21,-35.5301204819277
50,2318,-144,-8.04297520661157
50,2319,-51,-53.9906103286385
50,2320,-12,-53.9906103286385
50,2321,-2,-8.04297520661157
50,2322,-1,-12.8
50,2323,29,-8.04297520661157
50,2324,94,103.731543624161
50,2325,258,208.641025641026
50,2326,347,278.551020408163
50,2327,-379,-316.933333333333
50,2328,-182,-150.87619047619
50,2329,37,20.4117647058824
50,2330,74,36.0632911392405
50,2331,6,-11.0851063829787
50,2332,-27,-35.5301204819277
50,2333,58,23.9
50,2334,172,144.651162790698
50,2335,404,333.465517241379
50,2336,-14,-229.036144578313
50,2337,-353,-196.881944444444
50,2338,-93,-144.766666666667
50,2339,-120,-138.588235294118
50,2340,-89,-53.9906103286385
50,2341,-77,-53.9906103286385
50,2342,-53,-53.9906103286385
50,2343,-56,-53.9906103286385
50,2344,-35,-53.9906103286385
50,2345,5,-8.04297520661157
50,2346,-5,45.140350877193
50,2347,30,-8.04297520661157
50,2348,96,103.731543624161
50,2349,291,208.641025641026
50,2350,357,278.551020408163
50,2351,-401,-316.933333333333
50,2352,-124,-150.87619047619
50,2353,44,20.4117647058824
50,2354,164,36.0632911392405
50,2355,-44,-11.0851063829787
50,2356,-24,-8.04297520661157
50,2357,70,23.9
50,2358,164,144.651162790698
50,2359,266,333.465517241379
50,2360,-139,-229.036144578313
50,2361,-261,-150.87619047619
50,2362,-128,-144.766666666667
50,2363,-105,-53.9906103286385
50,2364,-3,-53.9906103286385
50,2365,-93,-8.04297520661157
50,2366,20,-53.9906103286385
50,2367,-50,103.731543624161
50,2368,-66,-53.9906103286385
50,2369,-19,-53.9906103286385
50,2370,-45,-8.04297520661157
50,2371,-1,-8.04297520661157
50,2372,20,-8.04297520661157
50,2373,54,36.0632911392405
50,2374,122,165.613445378151
50,2375,189,278.551020408163
50,2376,144,-192
50,2377,108,-229.036144578313
50,2378,96,85.6
50,2379,-33,25.4137931034483
50,2380,-134,17.6875
50,2381,44,-97.1818181818182
50,2382,39,-35.5301204819277
50,2383,-49,-35.5301204819277
50,2384,-115,-8.04297520661157
50,2385,-154,-53.9906103286385
50,2386,-94,-53.9906103286385
50,2387,-32,-53.9906103286385
50,2388,-30,-8.04297520661157
50,2389,-6,-8.04297520661157
50,2390,-52,-8.04297520661157
50,2391,-18,-53.9906103286385
50,2392,-35,-8.04297520661157
50,2393,-52,-8.04297520661157
50,2394,-11,-53.9906103286385
50,2395,-1,-8.04297520661157
50,2396,13,-8.04297520661157
50,2397,12,45.140350877193
50,2398,27,45.140350877193
50,2399,24,103.731543624161
50,2400,99,103.731543624161
50,2401,151,42.625
50,2402,56,-76.4411764705882
50,2403,-72,85.6
50,2404,-6,-71.9142857142857
50,2405,-8,-36.1578947368421
50,2406,27,-8.04297520661157
50,2407,-176,-35.5301204819277
50,2408,-51,-53.9906103286385
50,2409,8,-53.9906103286385
50,2410,2,125.25
50,2411,-3,-8.04297520661157
50,2412,-34,-8.04297520661157
50,2413,1,-8.04297520661157
50,2414,-29,-8.04297520661157
50,2415,-14,-8.04297520661157
50,2416,-22,-8.04297520661157
50,2417,-5,-8.04297520661157
50,2418,-3,-8.04297520661157
50,2419,12,-8.04297520661157
50,2420,40,36.0632911392405
50,2421,95,103.731543624161
50,2422,243,195.217898832685
50,2423,-65,42.625
50,2424,-34,-196.881944444444
50,2425,10,-144.766666666667
50,2426,33,36.0632911392405
50,2427,64,-35.5301204819277
50,2428,15,-11.0851063829787
50,2429,-50,-35.5301204819277
50,2430,7,23.9
50,2431,120,125.25
50,2432,-41,-11.0851063829787
50,2433,-85,-8.04297520661157
50,2434,-144,-71.9142857142857
50,2435,-76,-53.9906103286385
50,2436,-44,-53.9906103286385
50,2437,-38,-8.04297520661157
50,2438,-38,-8.04297520661157
50,2439,-18,-8.04297520661157
50,2440,-6,-8.04297520661157
50,2441,-4,-8.04297520661157
50,2442,4,-8.04297520661157
50,2443,12,-8.04297520661157
50,2444,124,45.140350877193
50,2445,219,195.217898832685
50,2446,351,195.217898832685
50,2447,-331,-316.933333333333
50,2448,-218,-150.87619047619
50,2449,29,20.4117647058824
50,2450,67,36.0632911392405
50,2451,-22,-11.0851063829787
50,2452,6,-8.04297520661157
50,2453,10,-36.1578947368421
50,2454,170,125.25
50,2455,382,333.465517241379
50,2456,-22,-76.4411764705882
50,2457,-270,-196.881944444444
50,2458,-154,-144.766666666667
50,2459,-135,-138.588235294118
50,2460,-63,-53.9906103286385
50,2461,-78,-53.9906103286385
50,2462,-51,-53.9906103286385
50,2463,-25,-53.9906103286385
50,2464,0,-12.8
50,2465,-2,-8.04297520661157
50,2466,0,-8.04297520661157
50,2467,34,-8.04297520661157
50,2468,135,103.731543624161
50,2469,332,278.551020408163
50,2470,332,195.217898832685
50,2471,-473,-316.933333333333
50,2472,-149,-150.87619047619
50,2473,74,20.4117647058824
50,2474,99,-11.0851063829787
50,2475,-93,-11.0851063829787
50,2476,-26,-71.9142857142857
50,2477,48,23.9
50,2478,247,103.731543624161
50,2479,382,333.465517241379
50,2480,-104,-316.933333333333
50,2481,-278,-150.87619047619
50,2482,-174,-144.766666666667
50,2483,-123,-138.588235294118
50,2484,-72,-53.9906103286385
50,2485,-61,-53.9906103286385
50,2486,-94,-53.9906103286385
50,2487,-31,-53.9906103286385
50,2488,0,-12.8
50,2489,-8,-8.04297520661157
50,2490,7,-8.04297520661157
50,2491,32,45.140350877193
50,2492,117,103.731543624161
50,2493,319,278.551020408163
50,2494,320,195.217898832685
50,2495,-443,-316.933333333333
50,2496,-151,-150.87619047619
50,2497,47,20.4117647058824
50,2498,75,36.0632911392405
50,2499,-35,-11.0851063829787
50,2500,57,-71.9142857142857
50,2501,112,-36.1578947368421
50,2502,21,144.651162790698
50,2503,346,124.2
50,2504,-135,-192
50,2505,51,-53.9906103286385
50,2506,-328,-144.766666666667
50,2507,-155,-138.588235294118
50,2508,-83,17.6875
50,2509,9,-53.9906103286385
50,2510,-118,-35.5301204819277
50,2511,-31,-53.9906103286385
50,2512,-21,-8.04297520661157
50,2513,-10,-12.8
50,2514,2,-8.04297520661157
50,2515,27,-8.04297520661157
50,2516,108,36.0632911392405
50,2517,249,278.551020408163
50,2518,353,195.217898832685
50,2519,-345,-316.933333333333
50,2520,-125,-150.87619047619
50,2521,38,20.4117647058824
50,2522,74,36.0632911392405
50,2523,-6,-11.0851063829787
50,2524,-10,-8.04297520661157
50,2525,84,-36.1578947368421
50,2526,65,144.651162790698
50,2527,317,333.465517241379
50,2528,-195,-32.2
50,2529,-149,-150.87619047619
50,2530,-185,20.4117647058824
50,2531,-118,-53.9906103286385
50,2532,-30,-53.9906103286385
50,2533,-60,-8.04297520661157
50,2534,149,-53.9906103286385
50,2535,-103,278.551020408163
50,2536,-79,-53.9906103286385
50,2537,-52,-71.9142857142857
50,2538,-4,-53.9906103286385
50,2539,0,-8.04297520661157
50,2540,17,-8.04297520661157
50,2541,42,36.0632911392405
50,2542,104,103.731543624161
50,2543,92,278.551020408163
50,2544,81,144.651162790698
50,2545,180,25.4137931034483
50,2546,46,-192
50,2547,97,85.6
50,2548,-73,-36.1578947368421
50,2549,18,-53.9906103286385
50,2550,22,-36.1578947368421
50,2551,-109,-35.5301204819277
50,2552,-55,-53.9906103286385
50,2553,-141,-53.9906103286385
50,2554,-77,-53.9906103286385
50,2555,-51,-53.9906103286385
50,2556,-15,-53.9906103286385
50,2557,-64,-8.04297520661157
50,2558,-14,-53.9906103286385
50,2559,1,-8.04297520661157
50,2560,-46,-8.04297520661157
50,2561,-38,-8.04297520661157
50,2562,-16,-8.04297520661157
50,2563,-1,-8.04297520661157
50,2564,13,-8.04297520661157
50,2565,27,45.140350877193
50,2566,81,36.0632911392405
50,2567,91,208.641025641026
50,2568,205,144.651162790698
50,2569,66,-192
50,2570,68,-196.881944444444
50,2571,57,25.4137931034483
50,2572,-2,-36.1578947368421
50,2573,-49,-36.1578947368421
50,2574,13,-97.1818181818182
50,2575,-42,-35.5301204819277
50,2576,-86,-8.04297520661157
50,2577,-117,-53.9906103286385
50,2578,-90,-53.9906103286385
50,2579,-50,-53.9906103286385
50,2580,-71,-53.9906103286385
50,2581,-20,-53.9906103286385
50,2582,-57,-8.04297520661157
50,2583,-19,-53.9906103286385
50,2584,-23,-8.04297520661157
50,2585,-2,-8.04297520661157
50,2586,6,-8.04297520661157
50,2587,30,45.140350877193
50,2588,107,103.731543624161
50,2589,329,278.551020408163
50,2590,261,195.217898832685
50,2591,-378,-316.933333333333
50,2592,-191,-150.87619047619
50,2593,95,20.4117647058824
50,2594,21,-11.0851063829787
50,2595,-138,-35.5301204819277
50,2596,39,-71.9142857142857
50,2597,75,-35.5301204819277
50,2598,187,144.651162790698
50,2599,319,333.465517241379
50,2600,-174,-229.036144578313
50,2601,-353,-150.87619047619
50,2602,17,-144.766666666667
50,2603,-50,36.0632911392405
50,2604,-80,-53.9906103286385
50,2605,-45,-53.9906103286385
50,2606,-33,-8.04297520661157
50,2607,-35,-8.04297520661157
50,2608,-10,-12.8
50,2609,-1,-8.04297520661157
50,2610,5,-8.04297520661157
50,2611,45,45.140350877193
50,2612,120,103.731543624161
50,2613,353,195.217898832685
50,2614,310,195.217898832685
50,2615,-480,-316.933333333333
50,2616,-133,-150.87619047619
50,2617,6,20.4117647058824
50,2618,97,36.0632911392405
50,2619,3,-11.0851063829787
50,2620,-20,-8.04297520661157
50,2621,38,23.9
50,2622,100,103.731543624161
50,2623,497,333.465517241379
50,2624,-105,-76.4411764705882
50,2625,-307,-150.87619047619
50,2626,-99,-144.766666666667
50,2627,-237,-138.588235294118
50,2628,-14,-53.9906103286385
50,2629,18,-8.04297520661157
50,2630,-150,-35.5301204819277
50,2631,-32,-53.9906103286385
50,2632,-1,-12.8
50,2633,-9,-8.04297520661157
50,2634,-3,126.810810810811
50,2635,37,-8.04297520661157
50,2636,137,36.0632911392405
50,2637,286,278.551020408163
50,2638,353,195.217898832685
50,2639,-435,-316.933333333333
50,2640,-154,-150.87619047619
50,2641,6,20.4117647058824
50,2642,98,36.0632911392405
50,2643,-22,-11.0851063829787
50,2644,-40,-8.04297520661157
50,2645,31,23.9
50,2646,165,103.731543624161
50,2647,422,333.465517241379
50,2648,-4,-76.4411764705882
50,2649,-368,-196.881944444444
50,2650,-102,-144.766666666667
50,2651,-85,-138.588235294118
50,2652,-114,-53.9906103286385
50,2653,-116,-53.9906103286385
50,2654,-42,-53.9906103286385
50,2655,-43,-8.04297520661157
50,2656,0,-12.8
50,2657,-9,-8.04297520661157
50,2658,0,-8.04297520661157
50,2659,37,-8.04297520661157
50,2660,111,103.731543624161
50,2661,355,195.217898832685
50,2662,326,195.217898832685
50,2663,-447,-316.933333333333
50,2664,-169,-150.87619047619
50,2665,50,20.4117647058824
50,2666,109,36.0632911392405
50,2667,-45,-11.0851063829787
50,2668,-47,-71.9142857142857
50,2669,68,23.9
50,2670,97,144.651162790698
50,2671,440,333.465517241379
50,2672,-102,-32.2
50,2673,-275,-150.87619047619
50,2674,-126,-144.766666666667
50,2675,-104,-138.588235294118
50,2676,-54,-53.9906103286385
50,2677,-112,-53.9906103286385
50,2678,-61,-53.9906103286385
50,2679,-40,-53.9906103286385
50,2680,-6,-12.8
50,2681,-5,-8.04297520661157
50,2682,1,-8.04297520661157
50,2683,30,-8.04297520661157
50,2684,95,103.731543624161
50,2685,23,208.641025641026
50,2686,313,103.731543624161
50,2687,-78,-192
50,2688,-165,-53.9906103286385
50,2689,28,-144.766666666667
50,2690,80,36.0632911392405
50,2691,43,-11.0851063829787
50,2692,-10,-35.5301204819277
50,2693,30,-36.1578947368421
50,2694,170,103.731543624161
50,2695,-140,144.651162790698
50,2696,-192,-53.9906103286385
50,2697,-1,-71.9142857142857
50,2698,-3,-8.04297520661157
50,2699,-23,-8.04297520661157
50,2700,-16,-8.04297520661157
50,2701,-59,-8.04297520661157
50,2702,-8,-53.9906103286385
50,2703,-28,126.810810810811
50,2704,-17,-8.04297520661157
50,2705,-49,-8.04297520661157
50,2706,-11,-8.04297520661157
50,2707,-5,-8.04297520661157
50,2708,18,-8.04297520661157
50,2709,34,103.731543624161
50,2710,128,103.731543624161
50,2711,170,195.217898832685
50,2712,60,144.651162790698
50,2713,189,85.6
50,2714,91,-192
50,2715,11,85.6
50,2716,-3,-36.1578947368421
50,2717,0,-36.1578947368421
50,2718,-20,-8.04297520661157
50,2719,40,-8.04297520661157
50,2720,-210,-35.5301204819277
50,2721,-176,-53.9906103286385
50,2722,-86,-53.9906103286385
50,2723,37,-53.9906103286385
50,2724,-94,36.0632911392405
50,2725,-39,-53.9906103286385
50,2726,-9,-8.04297520661157
50,2727,-37,-12.8
50,2728,15,-8.04297520661157
50,2729,-91,173.7
50,2730,-20,-53.9906103286385
50,2731,-11,-8.04297520661157
50,2732,16,-8.04297520661157
50,2733,30,45.140350877193
50,2734,87,103.731543624161
50,2735,126,86.2608695652174
50,2736,174,144.651162790698
50,2737,104,-192
50,2738,128,85.6
50,2739,-49,25.4137931034483
50,2740,14,17.6875
50,2741,-17,-36.1578947368421
50,2742,-32,-8.04297520661157
50,2743,-100,-8.04297520661157
50,2744,-78,-53.9906103286385
50,2745,-147,-53.9906103286385
50,2746,-71,-53.9906103286385
50,2747,-29,-53.9906103286385
50,2748,-53,-8.04297520661157
50,2749,-47,-53.9906103286385
50,2750,-35,-8.04297520661157
50,2751,-20,-8.04297520661157
50,2752,-6,-8.04297520661157
50,2753,1,-8.04297520661157
50,2754,1,-8.04297520661157
50,2755,39,-8.04297520661157
50,2756,98,103.731543624161
50,2757,308,195.217898832685
50,2758,276,195.217898832685
50,2759,-368,-316.933333333333
50,2760,-148,-150.87619047619
50,2761,-1,20.4117647058824
50,2762,72,-8.04297520661157
50,2763,32,-11.0851063829787
50,2764,-33,-35.5301204819277
50,2765,14,23.9
50,2766,228,125.25
50,2767,398,333.465517241379
50,2768,-136,-76.4411764705882
50,2769,-272,-150.87619047619
50,2770,-111,-144.766666666667
50,2771,-229,-138.588235294118
50,2772,9,-53.9906103286385
50,2773,-20,-35.5301204819277
50,2774,-126,-8.04297520661157
50,2775,-20,-53.9906103286385
50,2776,-10,-12.8
50,2777,-6,-8.04297520661157
50,2778,6,-12.8
50,2779,43,36.0632911392405
50,2780,108,103.731543624161
50,2781,373,278.551020408163
50,2782,230,195.217898832685
50,2783,-427,-316.933333333333
50,2784,-113,-150.87619047619
50,2785,32,17.6875
50,2786,125,36.0632911392405
50,2787,-75,-11.0851063829787
50,2788,-7,-53.9906103286385
50,2789,50,-36.1578947368421
50,2790,195,103.731543624161
50,2791,397,333.465517241379
50,2792,-112,-229.036144578313
50,2793,-344,-150.87619047619
50,2794,-103,-144.766666666667
50,2795,-84,-138.588235294118
50,2796,-101,-53.9906103286385
50,2797,-83,-53.9906103286385
50,2798,-65,-53.9906103286385
50,2799,-19,-53.9906103286385
50,2800,-21,-12.8
50,2801,-2,-8.04297520661157
50,2802,2,-8.04297520661157
50,2803,47,-8.04297520661157
50,2804,120,103.731543624161
50,2805,353,278.551020408163
50,2806,275,-192
50,2807,-428,-316.933333333333
50,2808,-202,-150.87619047619
50,2809,65,20.4117647058824
50,2810,80,-11.0851063829787
50,2811,-10,-11.0851063829787
50,2812,-5,-36.1578947368421
50,2813,7,-36.1578947368421
50,2814,224,125.25
50,2815,431,333.465517241379
50,2816,-105,-76.4411764705882
50,2817,-286,-150.87619047619
50,2818,-131,-144.766666666667
50,2819,-128,-138.588235294118
50,2820,-75,-53.9906103286385
50,2821,-115,-53.9906103286385
50,2822,-47,-53.9906103286385
50,2823,-48,-8.04297520661157
50,2824,-10,-12.8
50,2825,-10,-8.04297520661157
50,2826,-3,-8.04297520661157
50,2827,50,-8.04297520661157
50,2828,116,103.731543624161
50,2829,324,278.551020408163
50,2830,284,-32.2
50,2831,-436,-316.933333333333
50,2832,-118,-150.87619047619
50,2833,13,20.4117647058824
50,2834,81,36.0632911392405
50,2835,-6,-11.0851063829787
50,2836,-28,-8.04297520661157
50,2837,20,23.9
50,2838,194,103.731543624161
50,2839,387,333.465517241379
50,2840,-77,-76.4411764705882
50,2841,-267,-150.87619047619
50,2842,-195,-144.766666666667
50,2843,-76,-138.588235294118
50,2844,-64,-53.9906103286385
50,2845,-72,-53.9906103286385
50,2846,-64,-53.9906103286385
50,2847,-35,-53.9906103286385
50,2848,-17,-12.8
50,2849,-6,-12.8
50,2850,-8,-8.04297520661157
50,2851,45,-8.04297520661157
50,2852,94,103.731543624161
50,2853,277,208.641025641026
50,2854,313,195.217898832685
50,2855,-331,-316.933333333333
50,2856,-206,-150.87619047619
50,2857,93,20.4117647058824
50,2858,102,-11.0851063829787
50,2859,-55,-76.4411764705882
50,2860,14,-71.9142857142857
50,2861,97,-36.1578947368421
50,2862,134,144.651162790698
50,2863,235,333.465517241379
50,2864,-152,-192
50,2865,-194,-150.87619047619
50,2866,-160,-97.1818181818182
50,2867,-19,-53.9906103286385
50,2868,-75,-8.04297520661157
50,2869,-39,-53.9906103286385
50,2870,-36,-8.04297520661157
50,2871,4,-8.04297520661157
50,2872,-56,-12.8
50,2873,-64,-53.9906103286385
50,2874,-13,-53.9906103286385
50,2875,-4,-8.04297520661157
50,2876,22,-8.04297520661157
50,2877,55,103.731543624161
50,2878,127,86.2608695652174
50,2879,115,278.551020408163
50,2880,151,124.2
50,2881,106,25.4137931034483
50,2882,83,85.6
50,2883,92,25.4137931034483
50,2884,-10,-36.1578947368421
50,2885,-39,-36.1578947368421
50,2886,-99,-97.1818181818182
50,2887,6,-53.9906103286385
50,2888,-162,-35.5301204819277
50,2889,-156,-53.9906103286385
50,2890,-4,-53.9906103286385
50,2891,-87,-8.04297520661157
50,2892,-52,-53.9906103286385
50,2893,10,-53.9906103286385
50,2894,-50,36.0632911392405
50,2895,16,-53.9906103286385
50,2896,-17,173.7
50,2897,-37,-8.04297520661157
50,2898,-59,-8.04297520661157
50,2899,8,-53.9906103286385
50,2900,11,36.0632911392405
50,2901,26,45.140350877193
50,2902,108,36.0632911392405
50,2903,157,42.625
50,2904,104,144.651162790698
50,2905,28,-143
50,2906,29,25.4137931034483
50,2907,-100,-36.1578947368421
50,2908,11,-53.9906103286385
50,2909,-101,-35.5301204819277
50,2910,-8,-53.9906103286385
50,2911,-68,-8.04297520661157
50,2912,-71,-53.9906103286385
50,2913,-100,-53.9906103286385
50,2914,1,-53.9906103286385
50,2915,-9,-8.04297520661157
50,2916,-9,-8.04297520661157
50,2917,-23,-8.04297520661157
50,2918,8,-8.04297520661157
50,2919,94,45.140350877193
50,2920,10,208.641025641026
50,2921,-2,36.0632911392405
50,2922,-26,25.4137931034483
50,2923,26,-8.04297520661157
50,2924,19,103.731543624161
50,2925,-28,36.0632911392405
50,2926,-34,-8.04297520661157
50,2927,-17,-8.04297520661157
50,2928,2,-8.04297520661157
50,2929,-27,-8.04297520661157
50,2930,-23,-8.04297520661157
50,2931,-8,-8.04297520661157
50,2932,-1,-8.04297520661157
50,2933,-4,-8.04297520661157
50,2934,2,-8.04297520661157
50,2935,19,-8.04297520661157
50,2936,92,103.731543624161
50,2937,221,195.217898832685
50,2938,284,195.217898832685
50,2939,-324,-316.933333333333
50,2940,-129,-150.87619047619
50,2941,21,20.4117647058824
50,2942,52,36.0632911392405
50,2943,-28,-35.5301204819277
50,2944,11,-8.04297520661157
50,2945,6,-36.1578947368421
50,2946,194,125.25
50,2947,299,333.465517241379
50,2948,-139,-76.4411764705882
50,2949,-174,-150.87619047619
50,2950,-142,-144.766666666667
50,2951,-76,-53.9906103286385
50,2952,-27,-53.9906103286385
50,2953,-64,-8.04297520661157
50,2954,-41,-53.9906103286385
50,2955,-30,-8.04297520661157
50,2956,-10,-8.04297520661157
50,2957,-5,-8.04297520661157
50,2958,-5,-8.04297520661157
50,2959,30,-8.04297520661157
50,2960,108,103.731543624161
50,2961,272,195.217898832685
50,2962,260,195.217898832685
50,2963,-349,-316.933333333333
50,2964,-185,-150.87619047619
50,2965,24,20.4117647058824
50,2966,51,36.0632911392405
50,2967,27,-35.5301204819277
50,2968,-63,-35.5301204819277
50,2969,29,23.9
50,2970,130,103.731543624161
50,2971,345,333.465517241379
50,2972,-11,-76.4411764705882
50,2973,-226,-196.881944444444
50,2974,-156,-144.766666666667
50,2975,-29,-138.588235294118
50,2976,-65,-8.04297520661157
50,2977,-82,-53.9906103286385
50,2978,-70,-53.9906103286385
50,2979,-26,-53.9906103286385
50,2980,-14,-12.8
50,2981,-7,-8.04297520661157
50,2982,4,-8.04297520661157
50,2983,19,-8.04297520661157
50,2984,96,103.731543624161
50,2985,235,208.641025641026
50,2986,330,195.217898832685
50,2987,-305,-316.933333333333
50,2988,-178,-150.87619047619
50,2989,17,20.4117647058824
50,2990,71,36.0632911392405
50,2991,2,-11.0851063829787
50,2992,-32,-8.04297520661157
50,2993,44,23.9
50,2994,115,103.731543624161
50,2995,217,333.465517241379
50,2996,-116,-76.4411764705882
50,2997,-148,-150.87619047619
50,2998,-153,-71.9142857142857
50,2999,-65,-53.9906103286385
50,3000,-7,-53.9906103286385
50,3001,-30,-8.04297520661157
50,3002,-11,-8.04297520661157
50,3003,-19,-8.04297520661157
50,3004,-43,-8.04297520661157
50,3005,-18,-8.04297520661157
50,3006,-12,-8.04297520661157
50,3007,-7,-8.04297520661157
50,3008,12,-8.04297520661157
50,3009,38,45.140350877193
50,3010,83,103.731543624161
50,3011,77,195.217898832685
50,3012,109,42.625
50,3013,12,25.4137931034483
50,3014,54,25.4137931034483
50,3015,55,25.4137931034483
50,3016,6,-11.0851063829787
50,3017,-7,-36.1578947368421
50,3018,-48,-36.1578947368421
50,3019,10,-8.04297520661157
50,3020,-113,-35.5301204819277
50,3021,-58,-53.9906103286385
50,3022,-58,-53.9906103286385
50,3023,-15,-53.9906103286385
50,3024,-20,-8.04297520661157
50,3025,2,-8.04297520661157
50,3026,-46,-8.04297520661157
50,3027,63,-8.04297520661157
50,3028,-128,165.613445378151
50,3029,-26,-53.9906103286385
50,3030,-2,-71.9142857142857
50,3031,-4,-8.04297520661157
50,3032,11,-8.04297520661157
50,3033,34,45.140350877193
50,3034,99,36.0632911392405
50,3035,68,208.641025641026
50,3036,143,42.625
50,3037,85,25.4137931034483
50,3038,59,85.6
50,3039,-11,25.4137931034483
50,3040,16,-36.1578947368421
50,3041,-60,-36.1578947368421
50,3042,-14,-53.9906103286385
50,3043,-108,-8.04297520661157
50,3044,-90,-53.9906103286385
50,3045,-10,-53.9906103286385
50,3046,-86,-8.04297520661157
50,3047,-54,-53.9906103286385
50,3048,-8,-53.9906103286385
50,3049,-26,-8.04297520661157
50,3050,-30,-8.04297520661157
50,3051,-15,-8.04297520661157
50,3052,-2,-8.04297520661157
50,3053,-2,-8.04297520661157
50,3054,12,-8.04297520661157
50,3055,23,45.140350877193
50,3056,100,103.731543624161
50,3057,322,195.217898832685
50,3058,187,42.625
50,3059,-391,-316.933333333333
50,3060,-115,-116.809523809524
50,3061,8,17.6875
50,3062,94,-35.5301204819277
50,3063,-22,-11.0851063829787
50,3064,-26,-8.04297520661157
50,3065,35,23.9
50,3066,129,103.731543624161
50,3067,278,333.465517241379
50,3068,-96,-76.4411764705882
50,3069,-170,-150.87619047619
50,3070,-131,-144.766666666667
50,3071,-89,-53.9906103286385
50,3072,-37,-53.9906103286385
50,3073,-62,-8.04297520661157
50,3074,-34,-53.9906103286385
50,3075,-11,-8.04297520661157
50,3076,-6,-8.04297520661157
50,3077,2,-8.04297520661157
50,3078,3,-8.04297520661157
50,3079,34,-8.04297520661157
50,3080,108,103.731543624161
50,3081,238,195.217898832685
50,3082,201,195.217898832685
50,3083,-225,-316.933333333333
50,3084,-133,-150.87619047619
50,3085,-14,17.6875
50,3086,32,-8.04297520661157
50,3087,30,-35.5301204819277
50,3088,-38,-35.5301204819277
50,3089,32,-8.04297520661157
50,3090,130,103.731543624161
50,3091,225,257.741935483871
50,3092,-130,195.217898832685
50,3093,-126,-150.87619047619
50,3094,-143,-71.9142857142857
50,3095,-77,-53.9906103286385
50,3096,2,-53.9906103286385
50,3097,52,-8.04297520661157
50,3098,78,-35.5301204819277
50,3099,-191,165.613445378151
50,3100,-18,-71.9142857142857
50,3101,-63,-71.9142857142857
50,3102,-2,-53.9906103286385
50,3103,18,-8.04297520661157
50,3104,91,36.0632911392405
50,3105,201,86.2608695652174
50,3106,282,278.551020408163
50,3107,-233,-229.036144578313
50,3108,-190,-150.87619047619
50,3109,-31,20.4117647058824
50,3110,65,-8.04297520661157
50,3111,-31,-11.0851063829787
50,3112,-20,-8.04297520661157
50,3113,37,23.9
50,3114,75,103.731543624161
50,3115,244,257.741935483871
50,3116,-52,195.217898832685
50,3117,-146,-196.881944444444
50,3118,-63,-144.766666666667
50,3119,-130,-53.9906103286385
50,3120,-66,-53.9906103286385
50,3121,-20,-53.9906103286385
50,3122,-25,-8.04297520661157
50,3123,-3,-8.04297520661157
50,3124,-6,-8.04297520661157
50,3125,4,-8.04297520661157
50,3126,25,-8.04297520661157
50,3127,89,103.731543624161
50,3128,299,195.217898832685
50,3129,245,195.217898832685
50,3130,-393,-316.933333333333
50,3131,-114,-150.87619047619
50,3132,10,20.4117647058824
50,3133,64,36.0632911392405
50,3134,-7,-11.0851063829787
50,3135,-46,-8.04297520661157
50,3136,51,23.9
50,3137,106,103.731543624161
50,3138,253,333.465517241379
50,3139,-85,-32.2
50,3140,-134,-150.87619047619
50,3141,-128,-144.766666666667
50,3142,-12,-53.9906103286385
50,3143,-72,-8.04297520661157
50,3144,-74,-53.9906103286385
50,3145,-32,-53.9906103286385
50,3146,-35,-8.04297520661157
50,3147,-8,-8.04297520661157
50,3148,-3,-8.04297520661157
50,3149,5,-8.04297520661157
50,3150,13,45.140350877193
50,3151,104,45.140350877193
50,3152,210,195.217898832685
50,3153,352,195.217898832685
50,3154,-366,-316.933333333333
50,3155,-130,-150.87619047619
50,3156,54,20.4117647058824
50,3157,11,-11.0851063829787
50,3158,37,-35.5301204819277
50,3159,-25,-36.1578947368421
50,3160,82,-8.04297520661157
50,3161,78,144.651162790698
50,3162,220,333.465517241379
50,3163,-158,-32.2
50,3164,-135,-150.87619047619
50,3165,-106,-97.1818181818182
50,3166,-56,-53.9906103286385
50,3167,-36,-53.9906103286385
50,3168,-1,-8.04297520661157
50,3169,-40,-8.04297520661157
50,3170,-46,-8.04297520661157
50,3171,-32,-8.04297520661157
50,3172,-24,-8.04297520661157
50,3173,-14,-8.04297520661157
50,3174,4,-8.04297520661157
50,3175,6,-8.04297520661157
50,3176,55,45.140350877193
50,3177,75,165.613445378151
50,3178,113,165.613445378151
50,3179,91,124.2
50,3180,116,25.4137931034483
50,3181,140,25.4137931034483
50,3182,45,25.4137931034483
50,3183,-24,-36.1578947368421
50,3184,-60,17.6875
50,3185,38,-53.9906103286385
50,3186,-104,-35.5301204819277
50,3187,-142,-53.9906103286385
50,3188,-76,-53.9906103286385
50,3189,-91,-53.9906103286385
50,3190,28,-53.9906103286385
50,3191,-27,103.731543624161
50,3192,-47,-8.04297520661157
50,3193,-22,-8.04297520661157
50,3194,-16,-8.04297520661157
50,3195,-38,-8.04297520661157
50,3196,-22,-8.04297520661157
50,3197,-37,-8.04297520661157
50,3198,1,-8.04297520661157
50,3199,7,-8.04297520661157
50,3200,49,45.140350877193
50,3201,51,103.731543624161
50,3202,154,103.731543624161
50,3203,132,124.2
50,3204,99,-229.036144578313
50,3205,81,25.4137931034483
50,3206,101,25.4137931034483
50,3207,-32,-36.1578947368421
50,3208,70,17.6875
50,3209,-71,-36.1578947368421
50,3210,-160,-53.9906103286385
50,3211,-88,-97.1818181818182
50,3212,-128,-53.9906103286385
50,3213,-77,-53.9906103286385
50,3214,-29,-53.9906103286385
50,3215,-37,-8.04297520661157
50,3216,-25,-8.04297520661157
50,3217,-60,-8.04297520661157
50,3218,-19,-53.9906103286385
50,3219,-10,-8.04297520661157
50,3220,-16,-8.04297520661157
50,3221,0,-8.04297520661157
50,3222,20,-8.04297520661157
50,3223,47,103.731543624161
50,3224,193,103.731543624161
50,3225,276,195.217898832685
50,3226,-143,-229.036144578313
50,3227,-131,-150.87619047619
50,3228,101,-144.766666666667
50,3229,52,-11.0851063829787
50,3230,1,-35.5301204819277
50,3231,24,-36.1578947368421
50,3232,-62,-36.1578947368421
50,3233,52,-53.9906103286385
50,3234,162,173.7
50,3235,-45,-11.0851063829787
50,3236,-198,85.6
50,3237,-49,-71.9142857142857
50,3238,-149,-8.04297520661157
50,3239,-43,-53.9906103286385
50,3240,-49,-8.04297520661157
50,3241,-40,-8.04297520661157
50,3242,-18,-8.04297520661157
50,3243,6,-12.8
50,3244,-6,173.7
50,3245,4,-8.04297520661157
50,3246,9,-8.04297520661157
50,3247,32,45.140350877193
50,3248,57,103.731543624161
50,3249,104,165.613445378151
50,3250,-101,86.2608695652174
50,3251,-16,-71.9142857142857
50,3252,61,-71.9142857142857
50,3253,41,-11.0851063829787
50,3254,22,-35.5301204819277
50,3255,-15,-36.1578947368421
50,3256,14,-8.04297520661157
50,3257,93,45.140350877193
50,3258,298,42.625
50,3259,-49,-76.4411764705882
50,3260,-203,-196.881944444444
50,3261,-133,-144.766666666667
50,3262,-36,-53.9906103286385
50,3263,-52,-8.04297520661157
50,3264,-51,-53.9906103286385
50,3265,-60,-53.9906103286385
50,3266,-12,-53.9906103286385
50,3267,-11,-12.8
50,3268,4,-8.04297520661157
50,3269,1,-8.04297520661157
50,3270,33,-8.04297520661157
50,3271,107,103.731543624161
50,3272,269,278.551020408163
50,3273,276,195.217898832685
50,3274,-359,-316.933333333333
50,3275,-161,-150.87619047619
50,3276,-20,20.4117647058824
50,3277,89,-8.04297520661157
50,3278,-26,-11.0851063829787
50,3279,-33,-8.04297520661157
50,3280,79,23.9
50,3281,61,144.651162790698
50,3282,262,333.465517241379
50,3283,-16,-32.2
50,3284,-171,-196.881944444444
50,3285,-129,-144.766666666667
50,3286,-54,-53.9906103286385
50,3287,-40,-53.9906103286385
50,3288,-86,-8.04297520661157
50,3289,-53,-53.9906103286385
50,3290,-18,-53.9906103286385
50,3291,-9,-8.04297520661157
50,3292,-5,-8.04297520661157
50,3293,3,-8.04297520661157
50,3294,32,-8.04297520661157
50,3295,110,103.731543624161
50,3296,263,278.551020408163
50,3297,236,195.217898832685
50,3298,-323,-316.933333333333
50,3299,-170,-150.87619047619
50,3300,13,17.6875
50,3301,47,36.0632911392405
50,3302,4,-35.5301204819277
50,3303,-16,-8.04297520661157
50,3304,16,23.9
50,3305,125,125.25
50,3306,221,333.465517241379
50,3307,10,-76.4411764705882
50,3308,-187,-196.881944444444
50,3309,-101,-71.9142857142857
50,3310,-61,-53.9906103286385
50,3311,-71,-53.9906103286385
50,3312,-28,-53.9906103286385
50,3313,-60,-8.04297520661157
50,3314,-44,-53.9906103286385
50,3315,-12,-8.04297520661157
50,3316,-3,-8.04297520661157
50,3317,-1,-8.04297520661157
50,3318,31,-8.04297520661157
50,3319,94,103.731543624161
50,3320,237,208.641025641026
50,3321,344,195.217898832685
50,3322,-360,-316.933333333333
50,3323,-153,-150.87619047619
50,3324,20,20.4117647058824
50,3325,72,36.0632911392405
50,3326,-12,-11.0851063829787
50,3327,-27,-8.04297520661157
50,3328,16,23.9
50,3329,116,125.25
50,3330,197,333.465517241379
50,3331,-75,-76.4411764705882
50,3332,-173,-150.87619047619
50,3333,-105,-71.9142857142857
50,3334,-49,-53.9906103286385
50,3335,-16,-8.04297520661157
50,3336,-34,-8.04297520661157
50,3337,-22,-8.04297520661157
50,3338,-19,-8.04297520661157
50,3339,-38,-8.04297520661157
50,3340,-28,-8.04297520661157
50,3341,-14,-8.04297520661157
50,3342,4,-8.04297520661157
50,3343,10,-8.04297520661157
50,3344,57,45.140350877193
50,3345,90,165.613445378151
50,3346,80,195.217898832685
50,3347,72,124.2
50,3348,103,25.4137931034483
50,3349,53,25.4137931034483
50,3350,49,25.4137931034483
50,3351,30,-36.1578947368421
50,3352,-6,-36.1578947368421
50,3353,-80,-36.1578947368421
50,3354,-66,-53.9906103286385
50,3355,-132,-53.9906103286385
50,3356,-18,-53.9906103286385
50,3357,-81,-8.04297520661157
50,3358,-33,-53.9906103286385
50,3359,6,-8.04297520661157
50,3360,-12,45.140350877193
50,3361,-4,-8.04297520661157
50,3362,-34,-8.04297520661157
50,3363,-22,-8.04297520661157
50,3364,-27,-8.04297520661157
50,3365,-34,-8.04297520661157
50,3366,0,-8.04297520661157
50,3367,3,-8.04297520661157
50,3368,27,-8.04297520661157
50,3369,77,103.731543624161
50,3370,85,165.613445378151
50,3371,125,195.217898832685
50,3372,30,124.2
50,3373,83,25.4137931034483
50,3374,5,25.4137931034483
50,3375,-19,36.0632911392405
50,3376,-21,17.6875
50,3377,-35,-8.04297520661157
50,3378,-92,-8.04297520661157
50,3379,-4,-53.9906103286385
50,3380,-66,-8.04297520661157
50,3381,-81,-53.9906103286385
50,3382,-19,-53.9906103286385
50,3383,-36,-8.04297520661157
50,3384,-15,-8.04297520661157
50,3385,-32,-8.04297520661157
50,3386,-8,-8.04297520661157
50,3387,-14,-8.04297520661157
50,3388,-3,-8.04297520661157
50,3389,10,-8.04297520661157
50,3390,27,45.140350877193
50,3391,92,103.731543624161
50,3392,255,195.217898832685
50,3393,277,42.625
50,3394,-385,-316.933333333333
50,3395,-139,-150.87619047619
50,3396,58,20.4117647058824
50,3397,45,-11.0851063829787
50,3398,9,-35.5301204819277
50,3399,-34,-36.1578947368421
50,3400,40,-8.04297520661157
50,3401,123,103.731543624161
50,3402,239,333.465517241379
50,3403,-39,-76.4411764705882
50,3404,-174,-196.881944444444
50,3405,-147,-144.766666666667
50,3406,-56,-53.9906103286385
50,3407,-90,-53.9906103286385
50,3408,-39,-53.9906103286385
50,3409,-45,-8.04297520661157
50,3410,-16,-8.04297520661157
50,3411,-8,-8.04297520661157
50,3412,-3,-8.04297520661157
50,3413,4,-8.04297520661157
50,3414,28,-8.04297520661157
50,3415,114,103.731543624161
50,3416,270,278.551020408163
50,3417,247,195.217898832685
50,3418,-339,-316.933333333333
50,3419,-150,-150.87619047619
50,3420,29,20.4117647058824
50,3421,108,36.0632911392405
50,3422,-46,-11.0851063829787
50,3423,-43,-8.04297520661157
50,3424,63,23.9
50,3425,108,144.651162790698
50,3426,195,333.465517241379
50,3427,-40,-32.2
50,3428,-166,-143
50,3429,-149,-97.1818181818182
50,3430,-78,-53.9906103286385
50,3431,-35,-53.9906103286385
50,3432,-39,-8.04297520661157
50,3433,-57,-8.04297520661157
50,3434,-12,-53.9906103286385
50,3435,-6,-8.04297520661157
50,3436,-6,-8.04297520661157
50,3437,8,-8.04297520661157
50,3438,19,45.140350877193
50,3439,72,103.731543624161
50,3440,172,165.613445378151
50,3441,278,42.625
50,3442,-186,-229.036144578313
50,3443,-193,-150.87619047619
50,3444,69,-144.766666666667
50,3445,103,-11.0851063829787
50,3446,21,-11.0851063829787
50,3447,48,-36.1578947368421
50,3448,36,-36.1578947368421
50,3449,20,103.731543624161
50,3450,-95,124.2
50,3451,-63,-53.9906103286385
50,3452,-68,-53.9906103286385
50,3453,-107,-53.9906103286385
50,3454,-31,-53.9906103286385
50,3455,-17,-8.04297520661157
50,3456,-31,-8.04297520661157
50,3457,-11,-8.04297520661157
50,3458,-4,-8.04297520661157
50,3459,-24,-8.04297520661157
50,3460,-12,-8.04297520661157
50,3461,-3,-8.04297520661157
50,3462,5,-8.04297520661157
50,3463,9,45.140350877193
50,3464,39,45.140350877193
50,3465,41,36.0632911392405
50,3466,22,103.731543624161
50,3467,100,103.731543624161
50,3468,13,-11.0851063829787
50,3469,30,36.0632911392405
50,3470,7,-36.1578947368421
50,3471,-49,-35.5301204819277
50,3472,8,-8.04297520661157
50,3473,-46,-35.5301204819277
50,3474,-73,-8.04297520661157
50,3475,-39,-53.9906103286385
50,3476,-26,-8.04297520661157
50,3477,8,-8.04297520661157
50,3478,-6,45.140350877193
50,3479,-2,-8.04297520661157
50,3480,-8,-8.04297520661157
50,3481,-4,-8.04297520661157
50,3482,-19,-8.04297520661157
50,3483,-8,-8.04297520661157
50,3484,-4,-8.04297520661157
50,3485,3,-8.04297520661157
50,3486,6,-8.04297520661157
50,3487,10,45.140350877193
50,3488,57,36.0632911392405
50,3489,17,165.613445378151
50,3490,18,45.140350877193
50,3491,89,25.4137931034483
50,3492,50,-11.0851063829787
50,3493,128,36.0632911392405
50,3494,45,-36.1578947368421
50,3495,11,-36.1578947368421
50,3496,12,-36.1578947368421
50,3497,-90,-35.5301204819277
50,3498,-57,-53.9906103286385
50,3499,-92,-53.9906103286385
50,3500,-54,-53.9906103286385
50,3501,-12,-53.9906103286385
50,3502,-44,-8.04297520661157
50,3503,-19,-8.04297520661157
50,3504,-12,-8.04297520661157
50,3505,-25,-8.04297520661157
50,3506,-22,-8.04297520661157
50,3507,12,-8.04297520661157
50,3508,-21,45.140350877193
50,3509,-8,-8.04297520661157
50,3510,0,-8.04297520661157
50,3511,7,-8.04297520661157
50,3512,15,45.140350877193
50,3513,37,45.140350877193
50,3514,60,36.0632911392405
50,3515,20,165.613445378151
50,3516,44,103.731543624161
50,3517,13,25.4137931034483
50,3518,26,36.0632911392405
50,3519,-18,36.0632911392405
50,3520,-9,-8.04297520661157
50,3521,-28,-8.04297520661157
50,3522,-44,-8.04297520661157
50,3523,19,-8.04297520661157
50,3524,-62,-35.5301204819277
50,3525,-25,-53.9906103286385
50,3526,17,-8.04297520661157
50,3527,1,45.140350877193
50,3528,-19,-8.04297520661157
50,3529,-23,-8.04297520661157
50,3530,2,-8.04297520661157
50,3531,-8,-8.04297520661157
50,3532,-20,-8.04297520661157
50,3533,-6,-8.04297520661157
50,3534,1,-8.04297520661157
50,3535,8,-8.04297520661157
50,3536,10,45.140350877193
50,3537,13,36.0632911392405
50,3538,62,45.140350877193
50,3539,43,42.625
50,3540,65,36.0632911392405
50,3541,-2,25.4137931034483
50,3542,-7,-8.04297520661157
50,3543,8,-36.1578947368421
50,3544,42,-35.5301204819277
50,3545,-17,-35.5301204819277
50,3546,-47,-8.04297520661157
50,3547,-40,-8.04297520661157
50,3548,-14,-8.04297520661157
50,3549,-8,-8.04297520661157
50,3550,-55,-8.04297520661157
50,3551,-2,-53.9906103286385
50,3552,-21,-8.04297520661157
50,3553,-18,-8.04297520661157
50,3554,-13,-8.04297520661157
50,3555,-5,-8.04297520661157
50,3556,0,-8.04297520661157
50,3557,5,-8.04297520661157
50,3558,31,36.0632911392405
50,3559,83,103.731543624161
50,3560,241,195.217898832685
50,3561,273,195.217898832685
50,3562,-352,-316.933333333333
50,3563,-139,-150.87619047619
50,3564,-17,20.4117647058824
50,3565,80,-8.04297520661157
50,3566,7,-11.0851063829787
50,3567,11,-35.5301204819277
50,3568,2,-36.1578947368421
50,3569,116,126.810810810811
50,3570,207,333.465517241379
50,3571,-32,42.625
50,3572,-150,-196.881944444444
50,3573,-94,-71.9142857142857
50,3574,-96,-53.9906103286385
50,3575,-77,-53.9906103286385
50,3576,-39,-53.9906103286385
50,3577,-39,-8.04297520661157
50,3578,-20,-8.04297520661157
50,3579,-1,-8.04297520661157
50,3580,-1,-8.04297520661157
50,3581,1,-8.04297520661157
50,3582,26,-8.04297520661157
50,3583,69,103.731543624161
50,3584,193,165.613445378151
50,3585,207,195.217898832685
50,3586,-232,-229.036144578313
50,3587,-211,-150.87619047619
50,3588,8,17.6875
50,3589,11,36.0632911392405
50,3590,1,-35.5301204819277
50,3591,17,-8.04297520661157
50,3592,61,-35.5301204819277
50,3593,102,144.651162790698
50,3594,270,257.741935483871
50,3595,-45,-192
50,3596,-132,-196.881944444444
50,3597,-118,-144.766666666667
50,3598,-47,-53.9906103286385
50,3599,-88,-8.04297520661157
50,3600,-30,-53.9906103286385
50,3601,-44,-8.04297520661157
50,3602,-11,-8.04297520661157
50,3603,-11,-8.04297520661157
50,3604,2,-8.04297520661157
50,3605,1,-8.04297520661157
50,3606,35,-8.04297520661157
50,3607,97,103.731543624161
50,3608,273,195.217898832685
50,3609,283,195.217898832685
50,3610,-370,-316.933333333333
50,3611,-161,-150.87619047619
50,3612,-15,20.4117647058824
50,3613,62,-8.04297520661157
50,3614,6,-11.0851063829787
50,3615,-38,-35.5301204819277
50,3616,3,23.9
50,3617,146,126.810810810811
50,3618,238,333.465517241379
50,3619,-21,195.217898832685
50,3620,-155,-196.881944444444
50,3621,-124,-144.766666666667
50,3622,-40,-53.9906103286385
50,3623,-69,-8.04297520661157
50,3624,-76,-53.9906103286385
50,3625,-49,-53.9906103286385
50,3626,-13,-8.04297520661157
50,3627,-9,-8.04297520661157
50,3628,0,-8.04297520661157
50,3629,35,-8.04297520661157
50,3630,79,103.731543624161
50,3631,241,165.613445378151
50,3632,317,278.551020408163
50,3633,-380,-316.933333333333
50,3634,-121,-150.87619047619
50,3635,-15,20.4117647058824
50,3636,73,-8.04297520661157
50,3637,-12,-11.0851063829787
50,3638,-37,-8.04297520661157
50,3639,33,23.9
50,3640,150,103.731543624161
50,3641,191,333.465517241379
50,3642,-24,195.217898832685
50,3643,-193,-143
50,3644,-92,-71.9142857142857
50,3645,-44,-53.9906103286385
50,3646,-57,-8.04297520661157
50,3647,-21,-53.9906103286385
50,3648,-78,-8.04297520661157
50,3649,-33,-53.9906103286385
50,3650,-7,-12.8
50,3651,-8,-8.04297520661157
50,3652,-1,-8.04297520661157
50,3653,37,-8.04297520661157
50,3654,66,103.731543624161
50,3655,246,165.613445378151
50,3656,377,195.217898832685
50,3657,-399,-316.933333333333
50,3658,-161,-150.87619047619
50,3659,32,20.4117647058824
50,3660,67,36.0632911392405
50,3661,-6,-11.0851063829787
50,3662,-11,-8.04297520661157
50,3663,45,-36.1578947368421
50,3664,109,103.731543624161
50,3665,177,333.465517241379
50,3666,-73,-76.4411764705882
50,3667,-132,-143
50,3668,-132,-71.9142857142857
50,3669,-62,-53.9906103286385
50,3670,-20,-53.9906103286385
50,3671,-53,-8.04297520661157
50,3672,-2,-53.9906103286385
50,3673,-39,-8.04297520661157
50,3674,-19,-8.04297520661157
50,3675,-35,-8.04297520661157
50,3676,-10,-8.04297520661157
50,3677,8,-8.04297520661157
50,3678,14,45.140350877193
50,3679,36,36.0632911392405
50,3680,81,103.731543624161
50,3681,49,42.625
50,3682,63,103.731543624161
50,3683,136,25.4137931034483
50,3684,54,25.4137931034483
50,3685,63,-36.1578947368421
50,3686,-30,-36.1578947368421
50,3687,5,17.6875
50,3688,-41,-36.1578947368421
50,3689,-123,-8.04297520661157
50,3690,-23,-53.9906103286385
50,3691,-48,-8.04297520661157
50,3692,-51,-8.04297520661157
50,3693,-40,-53.9906103286385
50,3694,-11,-8.04297520661157
50,3695,-21,-8.04297520661157
50,3696,-9,-8.04297520661157
50,3697,-23,-8.04297520661157
50,3698,-20,-8.04297520661157
50,3699,-49,-8.04297520661157
50,3700,-18,-8.04297520661157
50,3701,1,-8.04297520661157
50,3702,8,-8.04297520661157
50,3703,15,45.140350877193
50,3704,62,45.140350877193
50,3705,79,165.613445378151
50,3706,121,144.651162790698
50,3707,62,124.2
50,3708,165,25.4137931034483
50,3709,-89,-192
50,3710,42,-116.809523809524
50,3711,-56,-36.1578947368421
50,3712,26,-53.9906103286385
50,3713,-140,-35.5301204819277
50,3714,-100,-53.9906103286385
50,3715,-29,-53.9906103286385
50,3716,-20,-8.04297520661157
50,3717,-55,-8.04297520661157
50,3718,-3,-53.9906103286385
50,3719,-45,-8.04297520661157
50,3720,-30,-8.04297520661157
50,3721,-8,-8.04297520661157
50,3722,-3,-8.04297520661157
50,3723,-2,-8.04297520661157
50,3724,-3,-8.04297520661157
50,3725,33,-8.04297520661157
50,3726,100,103.731543624161
50,3727,258,195.217898832685
50,3728,335,195.217898832685
50,3729,-423,-316.933333333333
50,3730,-172,-150.87619047619
50,3731,97,20.4117647058824
50,3732,35,-11.0851063829787
50,3733,53,-35.5301204819277
50,3734,-61,-36.1578947368421
50,3735,8,-53.9906103286385
50,3736,174,124.2
50,3737,266,333.465517241379
50,3738,-16,-76.4411764705882
50,3739,-221,-196.881944444444
50,3740,-171,-144.766666666667
50,3741,-79,-53.9906103286385
50,3742,-77,-53.9906103286385
50,3743,-42,-53.9906103286385
50,3744,-47,-8.04297520661157
50,3745,-30,-8.04297520661157
50,3746,-17,-12.8
50,3747,-4,-8.04297520661157
50,3748,3,-8.04297520661157
50,3749,39,-8.04297520661157
50,3750,107,103.731543624161
50,3751,349,278.551020408163
50,3752,219,195.217898832685
50,3753,-385,-316.933333333333
50,3754,-180,-150.87619047619
50,3755,51,17.6875
50,3756,105,36.0632911392405
50,3757,-40,-11.0851063829787
50,3758,-2,-71.9142857142857
50,3759,30,-36.1578947368421
50,3760,135,103.731543624161
50,3761,308,333.465517241379
50,3762,-12,-76.4411764705882
50,3763,-271,-196.881944444444
50,3764,-154,-144.766666666667
50,3765,-26,-53.9906103286385
50,3766,-99,-8.04297520661157
50,3767,-85,-53.9906103286385
50,3768,-59,-53.9906103286385
50,3769,-26,-53.9906103286385
50,3770,-2,-12.8
50,3771,-2,-8.04297520661157
50,3772,3,-8.04297520661157
50,3773,39,-8.04297520661157
50,3774,75,103.731543624161
50,3775,274,165.613445378151
50,3776,361,195.217898832685
50,3777,-371,-316.933333333333
50,3778,-247,-150.87619047619
50,3779,31,20.4117647058824
50,3780,60,36.0632911392405
50,3781,-18,-11.0851063829787
50,3782,4,-8.04297520661157
50,3783,67,-36.1578947368421
50,3784,92,144.651162790698
50,3785,228,333.465517241379
50,3786,4,-192
50,3787,-195,-196.881944444444
50,3788,-121,-97.1818181818182
50,3789,-95,-53.9906103286385
50,3790,-93,-53.9906103286385
50,3791,-31,-53.9906103286385
50,3792,-30,-8.04297520661157
50,3793,-28,-8.04297520661157
50,3794,-7,-12.8
50,3795,-7,-8.04297520661157
50,3796,7,-8.04297520661157
50,3797,23,45.140350877193
50,3798,92,103.731543624161
50,3799,265,195.217898832685
50,3800,270,195.217898832685
50,3801,-383,-316.933333333333
50,3802,-131,-150.87619047619
50,3803,33,20.4117647058824
50,3804,57,36.0632911392405
50,3805,10,-11.0851063829787
50,3806,-33,-35.5301204819277
50,3807,58,23.9
50,3808,61,144.651162790698
50,3809,286,333.465517241379
50,3810,-52,-32.2
50,3811,-192,-196.881944444444
50,3812,-146,-144.766666666667
50,3813,-36,-53.9906103286385
50,3814,-58,-8.04297520661157
50,3815,-40,-53.9906103286385
50,3816,-45,-8.04297520661157
50,3817,-20,-8.04297520661157
50,3818,-17,-12.8
50,3819,-6,-8.04297520661157
50,3820,5,-8.04297520661157
50,3821,16,45.140350877193
50,3822,58,45.140350877193
50,3823,131,165.613445378151
50,3824,226,195.217898832685
50,3825,-140,-192
50,3826,-135,-150.87619047619
50,3827,37,17.6875
50,3828,37,36.0632911392405
50,3829,-20,-35.5301204819277
50,3830,-5,-8.04297520661157
50,3831,88,-8.04297520661157
50,3832,72,144.651162790698
50,3833,193,165.613445378151
50,3834,-70,-32.2
50,3835,-146,-143
50,3836,-111,-97.1818181818182
50,3837,-70,-53.9906103286385
50,3838,-6,-53.9906103286385
50,3839,-43,-8.04297520661157
50,3840,-19,-8.04297520661157
50,3841,-3,-8.04297520661157
50,3842,-30,-8.04297520661157
50,3843,-41,-8.04297520661157
50,3844,-17,-8.04297520661157
50,3845,-6,-8.04297520661157
50,3846,14,-8.04297520661157
50,3847,19,45.140350877193
50,3848,72,36.0632911392405
50,3849,59,165.613445378151
50,3850,117,144.651162790698
50,3851,117,25.4137931034483
50,3852,82,25.4137931034483
50,3853,61,25.4137931034483
50,3854,-5,-36.1578947368421
50,3855,-1,-36.1578947368421
50,3856,-34,-36.1578947368421
50,3857,-162,-8.04297520661157
50,3858,-41,-53.9906103286385
50,3859,-58,-8.04297520661157
50,3860,-64,-53.9906103286385
50,3861,27,-53.9906103286385
50,3862,-49,36.0632911392405
50,3863,2,-8.04297520661157
50,3864,-44,-8.04297520661157
50,3865,-16,-8.04297520661157
50,3866,-24,-8.04297520661157
50,3867,-30,-8.04297520661157
50,3868,-36,-8.04297520661157
50,3869,-4,-8.04297520661157
50,3870,-2,-8.04297520661157
50,3871,17,-8.04297520661157
50,3872,46,45.140350877193
50,3873,34,103.731543624161
50,3874,116,103.731543624161
50,3875,31,144.651162790698
50,3876,65,36.0632911392405
50,3877,-30,25.4137931034483
50,3878,-53,-8.04297520661157
50,3879,-7,17.6875
50,3880,28,-8.04297520661157
50,3881,-24,-35.5301204819277
50,3882,-31,-8.04297520661157
50,3883,-76,-8.04297520661157
50,3884,-14,-53.9906103286385
50,3885,-12,-8.04297520661157
50,3886,-18,-8.04297520661157
50,3887,-27,-8.04297520661157
50,3888,-31,-8.04297520661157
50,3889,-16,-8.04297520661157
50,3890,1,-8.04297520661157
50,3891,-1,-8.04297520661157
50,3892,8,-8.04297520661157
50,3893,15,45.140350877193
50,3894,96,45.140350877193
50,3895,171,195.217898832685
50,3896,290,42.625
50,3897,-300,-229.036144578313
50,3898,-151,-150.87619047619
50,3899,1,20.4117647058824
50,3900,39,-8.04297520661157
50,3901,47,-35.5301204819277
50,3902,-10,-35.5301204819277
50,3903,26,-8.04297520661157
50,3904,109,124.2
50,3905,271,333.465517241379
50,3906,-52,-76.4411764705882
50,3907,-137,-196.881944444444
50,3908,-127,-144.766666666667
50,3909,-55,-53.9906103286385
50,3910,-119,-53.9906103286385
50,3911,-42,-53.9906103286385
50,3912,-53,-8.04297520661157
50,3913,-23,-53.9906103286385
50,3914,-7,-8.04297520661157
50,3915,2,-8.04297520661157
50,3916,5,-8.04297520661157
50,3917,33,45.140350877193
50,3918,77,103.731543624161
50,3919,262,165.613445378151
50,3920,344,195.217898832685
50,3921,-390,-316.933333333333
50,3922,-180,-150.87619047619
50,3923,19,20.4117647058824
50,3924,53,36.0632911392405
50,3925,28,-11.0851063829787
50,3926,-50,-35.5301204819277
50,3927,66,23.9
50,3928,88,144.651162790698
50,3929,243,333.465517241379
50,3930,-55,-32.2
50,3931,-113,-196.881944444444
50,3932,-176,-144.766666666667
50,3933,-50,-53.9906103286385
50,3934,-101,-53.9906103286385
50,3935,-42,-53.9906103286385
50,3936,-30,-8.04297520661157
50,3937,-13,-8.04297520661157
50,3938,-12,-8.04297520661157
50,3939,1,-8.04297520661157
50,3940,-6,-8.04297520661157
50,3941,33,-8.04297520661157
50,3942,91,103.731543624161
50,3943,241,195.217898832685
50,3944,319,195.217898832685
50,3945,-403,-316.933333333333
50,3946,-149,-150.87619047619
50,3947,36,20.4117647058824
50,3948,60,36.0632911392405
50,3949,6,-11.0851063829787
50,3950,-13,-35.5301204819277
50,3951,3,-36.1578947368421
50,3952,101,126.810810810811
50,3953,232,333.465517241379
50,3954,-21,-76.4411764705882
50,3955,-138,-196.881944444444
50,3956,-134,-71.9142857142857
50,3957,-66,-53.9906103286385
50,3958,-80,-53.9906103286385
50,3959,-43,-53.9906103286385
50,3960,-47,-8.04297520661157
50,3961,-9,-8.04297520661157
50,3962,-15,-8.04297520661157
50,3963,-6,-8.04297520661157
50,3964,6,-8.04297520661157
50,3965,25,45.140350877193
50,3966,81,103.731543624161
50,3967,271,208.641025641026
50,3968,294,195.217898832685
50,3969,-354,-316.933333333333
50,3970,-158,-150.87619047619
50,3971,22,20.4117647058824
50,3972,93,36.0632911392405
50,3973,-11,-11.0851063829787
50,3974,-29,-8.04297520661157
50,3975,38,23.9
50,3976,126,103.731543624161
50,3977,144,333.465517241379
50,3978,-84,-76.4411764705882
50,3979,-118,-143
50,3980,-107,-71.9142857142857
50,3981,-28,-53.9906103286385
50,3982,-65,-8.04297520661157
50,3983,-28,-53.9906103286385
50,3984,-73,-8.04297520661157
50,3985,-21,-53.9906103286385
50,3986,-17,-8.04297520661157
50,3987,3,-8.04297520661157
50,3988,-2,-8.04297520661157
50,3989,24,-8.04297520661157
50,3990,79,103.731543624161
50,3991,195,165.613445378151
50,3992,328,195.217898832685
50,3993,-293,-229.036144578313
50,3994,-153,-150.87619047619
50,3995,21,20.4117647058824
50,3996,62,36.0632911392405
50,3997,40,-11.0851063829787
50,3998,-14,-35.5301204819277
50,3999,10,-36.1578947368421
50,4000,108,125.25
50,4001,205,333.465517241379
50,4002,-167,-76.4411764705882
50,4003,-136,-150.87619047619
50,4004,-98,-71.9142857142857
50,4005,-49,-53.9906103286385
50,4006,-34,-8.04297520661157
50,4007,-4,-8.04297520661157
50,4008,-40,-8.04297520661157
50,4009,1,-8.04297520661157
50,4010,-26,-8.04297520661157
50,4011,-46,-8.04297520661157
50,4012,-17,-8.04297520661157
50,4013,-3,-8.04297520661157
50,4014,8,-8.04297520661157
50,4015,37,45.140350877193
50,4016,71,36.0632911392405
50,4017,101,165.613445378151
50,4018,53,144.651162790698
50,4019,120,25.4137931034483
50,4020,60,25.4137931034483
50,4021,3,25.4137931034483
50,4022,-30,-36.1578947368421
50,4023,21,17.6875
50,4024,-34,-35.5301204819277
50,4025,-104,-8.04297520661157
50,4026,-37,-53.9906103286385
50,4027,-15,-8.04297520661157
50,4028,-56,-8.04297520661157
50,4029,-17,-53.9906103286385
50,4030,-28,-8.04297520661157
50,4031,-37,-8.04297520661157
50,4032,-9,-8.04297520661157
50,4033,-14,-8.04297520661157
50,4034,-9,-8.04297520661157
50,4035,-49,-8.04297520661157
50,4036,-27,-8.04297520661157
50,4037,-2,-8.04297520661157
50,4038,-3,-8.04297520661157
50,4039,21,-8.04297520661157
50,4040,61,103.731543624161
50,4041,44,165.613445378151
50,4042,125,103.731543624161
50,4043,38,124.2
50,4044,122,36.0632911392405
50,4045,-61,25.4137931034483
50,4046,-46,-53.9906103286385
50,4047,28,17.6875
50,4048,62,-35.5301204819277
50,4049,-157,-11.0851063829787
50,4050,-136,-53.9906103286385
50,4051,2,-71.9142857142857
50,4052,13,-8.04297520661157
50,4053,-16,45.140350877193
50,4054,-17,-8.04297520661157
50,4055,-56,-8.04297520661157
50,4056,-5,-53.9906103286385
50,4057,-13,-8.04297520661157
50,4058,-10,-8.04297520661157
50,4059,-2,-8.04297520661157
50,4060,2,-8.04297520661157
50,4061,19,-8.04297520661157
50,4062,84,103.731543624161
50,4063,211,195.217898832685
50,4064,273,195.217898832685
50,4065,-310,-316.933333333333
50,4066,-147,-150.87619047619
50,4067,35,20.4117647058824
50,4068,62,36.0632911392405
50,4069,-22,-11.0851063829787
50,4070,-29,-8.04297520661157
50,4071,30,23.9
50,4072,91,103.731543624161
50,4073,193,333.465517241379
50,4074,12,-11.0851063829787
50,4075,-167,-143
50,4076,-140,-71.9142857142857
50,4077,-80,-53.9906103286385
50,4078,-66,-53.9906103286385
50,4079,-7,-53.9906103286385
50,4080,-29,-8.04297520661157
50,4081,-3,-8.04297520661157
50,4082,-8,-8.04297520661157
50,4083,-2,-8.04297520661157
50,4084,3,-8.04297520661157
50,4085,28,-8.04297520661157
50,4086,82,36.0632911392405
50,4087,237,195.217898832685
50,4088,307,86.2608695652174
50,4089,-336,-316.933333333333
50,4090,-142,-150.87619047619
50,4091,85,20.4117647058824
50,4092,44,-11.0851063829787
50,4093,-27,-35.5301204819277
50,4094,-39,-71.9142857142857
50,4095,-1,-8.04297520661157
50,4096,117,126.810810810811
50,4097,209,333.465517241379
50,4098,-47,-76.4411764705882
50,4099,-172,-196.881944444444
50,4100,-85,-71.9142857142857
50,4101,-100,-53.9906103286385
50,4102,-36,-53.9906103286385
50,4103,-51,-8.04297520661157
50,4104,-40,-53.9906103286385
50,4105,-26,-8.04297520661157
50,4106,-12,-8.04297520661157
50,4107,2,-8.04297520661157
50,4108,2,-8.04297520661157
50,4109,24,-8.04297520661157
50,4110,81,103.731543624161
50,4111,251,195.217898832685
50,4112,315,195.217898832685
50,4113,-361,-316.933333333333
50,4114,-153,-150.87619047619
50,4115,36,20.4117647058824
50,4116,36,36.0632911392405
50,4117,-23,-35.5301204819277
50,4118,5,-8.04297520661157
50,4119,19,-35.5301204819277
50,4120,97,103.731543624161
50,4121,228,333.465517241379
50,4122,7,-76.4411764705882
50,4123,-233,-196.881944444444
50,4124,-95,-71.9142857142857
50,4125,-73,-53.9906103286385
50,4126,-39,-53.9906103286385
50,4127,-41,-8.04297520661157
50,4128,-46,-8.04297520661157
50,4129,-22,-8.04297520661157
50,4130,-12,-12.8
50,4131,-4,-8.04297520661157
50,4132,2,-8.04297520661157
50,4133,29,-8.04297520661157
50,4134,83,103.731543624161
50,4135,232,208.641025641026
50,4136,249,195.217898832685
50,4137,-282,-316.933333333333
50,4138,-156,-150.87619047619
50,4139,29,20.4117647058824
50,4140,22,36.0632911392405
50,4141,5,-35.5301204819277
50,4142,-3,-35.5301204819277
50,4143,35,-8.04297520661157
50,4144,53,103.731543624161
50,4145,173,257.741935483871
50,4146,-94,-11.0851063829787
50,4147,-263,-143
50,4148,-68,-71.9142857142857
50,4149,-24,-53.9906103286385
50,4150,-5,-8.04297520661157
50,4151,-8,-8.04297520661157
50,4152,4,-8.04297520661157
50,4153,-8,-8.04297520661157
50,4154,-6,-12.8
50,4155,0,-8.04297520661157
50,4156,3,-8.04297520661157
50,4157,7,-8.04297520661157
50,4158,67,45.140350877193
50,4159,128,86.2608695652174
50,4160,264,195.217898832685
50,4161,-205,-192
50,4162,-113,-150.87619047619
50,4163,8,20.4117647058824
50,4164,62,36.0632911392405
50,4165,16,-11.0851063829787
50,4166,-21,-35.5301204819277
50,4167,44,-71.9142857142857
50,4168,18,103.731543624161
50,4169,40,173.7
50,4170,-78,36.0632911392405
50,4171,-90,-53.9906103286385
50,4172,-41,-53.9906103286385
50,4173,-42,-8.04297520661157
50,4174,-7,-8.04297520661157
50,4175,-23,-8.04297520661157
50,4176,-9,-8.04297520661157
50,4177,4,-8.04297520661157
50,4178,-12,-8.04297520661157
50,4179,-16,-8.04297520661157
50,4180,-2,-8.04297520661157
50,4181,0,-8.04297520661157
50,4182,8,-8.04297520661157
50,4183,7,45.140350877193
50,4184,9,36.0632911392405
50,4185,61,45.140350877193
50,4186,28,42.625
50,4187,41,36.0632911392405
50,4188,-13,25.4137931034483
50,4189,12,-8.04297520661157
50,4190,3,-35.5301204819277
50,4191,-8,-8.04297520661157
50,4192,-6,-8.04297520661157
50,4193,-33,-8.04297520661157
50,4194,-32,-8.04297520661157
50,4195,-22,-8.04297520661157
50,4196,1,-8.04297520661157
50,4197,-8,-8.04297520661157
50,4198,-14,-8.04297520661157
50,4199,1,-8.04297520661157
50,4200,-13,-8.04297520661157
50,4201,-7,-8.04297520661157
50,4202,-2,-8.04297520661157
50,4203,-9,-8.04297520661157
50,4204,-5,-8.04297520661157
50,4205,2,-8.04297520661157
50,4206,3,-8.04297520661157
50,4207,10,-8.04297520661157
50,4208,29,36.0632911392405
50,4209,8,36.0632911392405
50,4210,37,45.140350877193
50,4211,59,36.0632911392405
50,4212,44,86.2608695652174
50,4213,-10,36.0632911392405
50,4214,-11,25.4137931034483
50,4215,-38,-8.04297520661157
50,4216,53,-8.04297520661157
50,4217,-76,-11.0851063829787
50,4218,-21,-53.9906103286385
50,4219,-35,-71.9142857142857
50,4220,-6,-8.04297520661157
50,4221,-10,-8.04297520661157
50,4222,16,-8.04297520661157
50,4223,-33,36.0632911392405
50,4224,-13,-8.04297520661157
50,4225,-1,-8.04297520661157
50,4226,-6,-8.04297520661157
50,4227,-2,-8.04297520661157
50,4228,6,-8.04297520661157
50,4229,8,36.0632911392405
50,4230,13,45.140350877193
50,4231,36,45.140350877193
50,4232,19,36.0632911392405
50,4233,18,36.0632911392405
50,4234,21,36.0632911392405
50,4235,11,36.0632911392405
50,4236,-65,36.0632911392405
50,4237,-24,-53.9906103286385
50,4238,-13,-8.04297520661157
50,4239,0,-8.04297520661157
50,4240,-7,-8.04297520661157
50,4241,0,-8.04297520661157
50,4242,-8,-8.04297520661157
50,4243,5,-8.04297520661157
50,4244,-1,45.140350877193
50,4245,-10,-8.04297520661157
50,4246,-1,-8.04297520661157
50,4247,2,-8.04297520661157
50,4248,0,-8.04297520661157
50,4249,-6,-8.04297520661157
50,4250,-6,-8.04297520661157
50,4251,2,-8.04297520661157
50,4252,4,-8.04297520661157
50,4253,-1,-8.04297520661157
50,4254,5,-8.04297520661157
50,4255,17,36.0632911392405
50,4256,4,36.0632911392405
50,4257,54,-8.04297520661157
50,4258,28,86.2608695652174
50,4259,7,36.0632911392405
50,4260,5,25.4137931034483
50,4261,-19,36.0632911392405
50,4262,-21,-8.04297520661157
50,4263,-36,-8.04297520661157
50,4264,-7,-8.04297520661157
50,4265,-7,-8.04297520661157
50,4266,4,-8.04297520661157
50,4267,-6,-8.04297520661157
50,4268,-15,-8.04297520661157
50,4269,11,-8.04297520661157
50,4270,-21,45.140350877193
50,4271,-2,-8.04297520661157
50,4272,-6,-8.04297520661157
50,4273,1,-8.04297520661157
50,4274,0,-8.04297520661157
50,4275,9,-8.04297520661157
50,4276,25,36.0632911392405
50,4277,-10,103.731543624161
50,4278,5,-8.04297520661157
50,4279,-8,36.0632911392405
50,4280,-15,-8.04297520661157
50,4281,2,-8.04297520661157
50,4282,0,-8.04297520661157
50,4283,5,-8.04297520661157
50,4284,5,45.140350877193
50,4285,-7,36.0632911392405
50,4286,0,-8.04297520661157
50,4287,40,-8.04297520661157
50,4288,-10,36.0632911392405
50,4289,-8,-8.04297520661157
50,4290,-3,-8.04297520661157
50,4291,-12,-8.04297520661157
50,4292,-9,-8.04297520661157
50,4293,-1,-8.04297520661157
50,4294,-7,-8.04297520661157
50,4295,2,-8.04297520661157
50,4296,-3,-8.04297520661157
50,4297,-1,-8.04297520661157
50,4298,2,-8.04297520661157
50,4299,8,-8.04297520661157
50,4300,34,36.0632911392405
50,4301,45,36.0632911392405
50,4302,118,36.0632911392405
50,4303,-75,86.2608695652174
50,4304,-58,-53.9906103286385
50,4305,28,-71.9142857142857
50,4306,6,36.0632911392405
50,4307,9,-35.5301204819277
50,4308,1,-35.5301204819277
50,4309,1,-8.04297520661157
50,4310,54,-8.04297520661157
50,4311,83,144.651162790698
50,4312,-60,-11.0851063829787
50,4313,-80,-71.9142857142857
50,4314,-26,-71.9142857142857
50,4315,-28,-8.04297520661157
50,4316,-19,-8.04297520661157
50,4317,-18,-8.04297520661157
50,4318,-1,-8.04297520661157
50,4319,-16,-8.04297520661157
50,4320,-4,-8.04297520661157
50,4321,-3,-8.04297520661157
50,4322,2,-8.04297520661157
50,4323,11,-8.04297520661157
50,4324,36,45.140350877193
50,4325,61,36.0632911392405
50,4326,127,165.613445378151
50,4327,-48,42.625
50,4328,-29,-71.9142857142857
50,4329,16,-71.9142857142857
50,4330,44,36.0632911392405
50,4331,0,-35.5301204819277
50,4332,39,-8.04297520661157
50,4333,-36,-35.5301204819277
50,4334,25,-8.04297520661157
50,4335,21,103.731543624161
50,4336,-58,36.0632911392405
50,4337,-85,-53.9906103286385
50,4338,-31,-53.9906103286385
50,4339,-5,-8.04297520661157
50,4340,-30,-8.04297520661157
50,4341,-3,-8.04297520661157
50,4342,-33,-8.04297520661157
